0, 0, 0, 0, 0, 0, 0, 0, 0, 0, 0, 0, 0, 0.00678473  
1, 18.8979, 82.7013, 180.699, 0.999331, -0.0330425, 0.0156827, 0.032965, 0.999443, 0.00517168, -0.0158448, -0.00465124, 0.999864, 0.00275799  
2, 18.9372, 82.6932, 180.672, 0.999293, -0.0337432, 0.0165795, 0.0336859, 0.999426, 0.00372552, -0.0166957, -0.00316439, 0.999856, 0.00280265  
3, 18.8836, 82.6684, 180.721, 0.999333, -0.0332237, 0.0151292, 0.0331635, 0.999441, 0.00421062, -0.0152606, -0.00370607, 0.999877, 0.00292775  
4, 18.9113, 82.7459, 180.675, 0.999319, -0.0331173, 0.0162971, 0.0330396, 0.999441, 0.00501414, -0.016454, -0.00447228, 0.999855, 0.0028254  
5, 18.8548, 82.7131, 180.726, 0.999298, -0.0341243, 0.0154781, 0.0340586, 0.99941, 0.00449182, -0.0156222, -0.00396151, 0.99987, 0.0028462  
6, 18.8979, 82.7034, 180.683, 0.999322, -0.0328889, 0.0165606, 0.032799, 0.999446, 0.00567652, -0.0167381, -0.0051295, 0.999847, 0.00289502  
7, 18.926, 82.6877, 180.698, 0.99929, -0.0335024, 0.0172486, 0.0334294, 0.999431, 0.00449997, -0.0173895, -0.00392016, 0.999841, 0.00282401  
8, 18.8741, 82.7121, 180.69, 0.999328, -0.0330657, 0.0158001, 0.0329842, 0.999441, 0.00538682, -0.0159694, -0.00486204, 0.999861, 0.00280182  
9, 18.8571, 82.7044, 180.689, 0.999315, -0.0328375, 0.0170598, 0.0327418, 0.999447, 0.00585789, -0.0172427, -0.0052953, 0.999837, 0.00280404  
10, 18.8784, 82.712, 180.709, 0.999315, -0.0332209, 0.0162905, 0.0331217, 0.999431, 0.00632032, -0.0164912, -0.00577642, 0.999847, 0.00295272  
11, 18.8689, 82.696, 180.695, 0.999331, -0.0330387, 0.0156796, 0.0329818, 0.999448, 0.00387405, -0.015799, -0.00335431, 0.99987, 0.00293663  
12, 18.9084, 82.6963, 180.688, 0.999305, -0.033706, 0.0159114, 0.0336287, 0.999421, 0.00510231, -0.0160741, -0.00456368, 0.99986, 0.00298628  
13, 18.8635, 82.7105, 180.683, 0.999324, -0.0329889, 0.0162196, 0.0329051, 0.999444, 0.00540648, -0.016389, -0.00486912, 0.999854, 0.00276216  
14, 18.9118, 82.7056, 180.681, 0.999326, -0.033026, 0.0160425, 0.0329753, 0.99945, 0.0034159, -0.0161465, -0.00288459, 0.999865, 0.00281486  
15, 18.9194, 82.7157, 180.69, 0.999322, -0.0330386, 0.0162548, 0.0329702, 0.999446, 0.00445614, -0.0163931, -0.00391719, 0.999858, 0.00291804  
16, 18.8556, 82.7066, 180.712, 0.999316, -0.0331272, 0.0164619, 0.0330522, 0.999442, 0.00480701, -0.0166119, -0.00425961, 0.999853, 0.00290833  
17, 18.8918, 82.65, 180.682, 0.999318, -0.0328756, 0.0168438, 0.0328085, 0.999453, 0.00424574, -0.0169742, -0.00369023, 0.999849, 0.00287255  
18, 18.9015, 82.7008, 180.697, 0.999343, -0.0325537, 0.0159173, 0.0324812, 0.999461, 0.00479001, -0.0160647, -0.00426985, 0.999862, 0.00295771  
19, 18.8922, 82.7046, 180.719, 0.999278, -0.0342536, 0.0164537, 0.0341689, 0.999401, 0.00540225, -0.0166289, -0.00483614, 0.99985, 0.0029075  
20, 18.8691, 82.6739, 180.698, 0.999312, -0.033456, 0.0160088, 0.0333919, 0.999433, 0.0042582, -0.0161422, -0.0037207, 0.999863, 0.00293191  
21, 18.8737, 82.6759, 180.685, 0.999324, -0.0333756, 0.0154301, 0.0333249, 0.999438, 0.00352921, -0.0155392, -0.00301262, 0.999875, 0.00299349  
22, 18.8764, 82.6734, 180.692, 0.999332, -0.0332397, 0.0151685, 0.0331761, 0.99944, 0.00443109, -0.0153073, -0.0039249, 0.999875, 0.00312081  
23, 18.9037, 82.7005, 180.71, 0.999324, -0.0334536, 0.0152755, 0.0333925, 0.999433, 0.00423914, -0.0154087, -0.00372618, 0.999874, 0.00298794  
24, 18.8619, 82.7125, 180.725, 0.999346, -0.0328021, 0.015213, 0.0327354, 0.999453, 0.00461114, -0.0153559, -0.00411012, 0.999874, 0.00282179  
25, 18.9051, 82.6816, 180.665, 0.999372, -0.0317712, 0.0156606, 0.031706, 0.999488, 0.00439341, -0.0157922, -0.00389412, 0.999868, 0.00278629  
26, 18.9171, 82.6905, 180.684, 0.999339, -0.0328633, 0.0155686, 0.0328245, 0.999457, 0.0027366, -0.0156501, -0.00222376, 0.999875, 0.00290667  
27, 18.7856, 82.6592, 180.749, 0.999303, -0.0338173, 0.0158304, 0.0337648, 0.999423, 0.00357166, -0.015942, -0.00303466, 0.999868, 0.00299377  
28, 18.8981, 82.7231, 180.688, 0.99934, -0.0325513, 0.0161544, 0.0324655, 0.999457, 0.00555039, -0.0163263, -0.00502226, 0.999854, 0.00284204  
29, 18.9265, 82.6927, 180.679, 0.999331, -0.0329098, 0.0159272, 0.0328437, 0.999451, 0.00439602, -0.0160632, -0.00386997, 0.999863, 0.00291222  
30, 18.8895, 82.6626, 180.713, 0.999301, -0.0336216, 0.0163444, 0.0335554, 0.999428, 0.00430909, -0.0164799, -0.00375763, 0.999857, 0.00312941  
31, 18.8528, 82.6347, 180.735, 0.999318, -0.033264, 0.0160453, 0.0332135, 0.999442, 0.00340378, -0.0161496, -0.00286854, 0.999865, 0.00298794  
32, 18.9137, 82.6667, 180.718, 0.999328, -0.033038, 0.015847, 0.0329811, 0.999449, 0.00383357, -0.0159649, -0.00330834, 0.999867, 0.00282623  
33, 18.9108, 82.6681, 180.689, 0.999343, -0.0329304, 0.0151472, 0.0328844, 0.999454, 0.00327248, -0.0152467, -0.00277222, 0.99988, 0.00299238  
34, 18.9246, 82.6729, 180.691, 0.999334, -0.033043, 0.0154647, 0.0329878, 0.999448, 0.00381323, -0.0155821, -0.00330054, 0.999873, 0.00283067  
35, 18.9254, 82.6786, 180.684, 0.999327, -0.0329283, 0.0161432, 0.0328536, 0.999448, 0.00486724, -0.0162946, -0.0043336, 0.999858, 0.00304231  
36, 18.9122, 82.6513, 180.669, 0.999312, -0.0330458, 0.016849, 0.0329532, 0.99944, 0.00574515, -0.0170295, -0.00518596, 0.999842, 0.00293469  
37, 18.8974, 82.6798, 180.71, 0.999307, -0.0334091, 0.0163933, 0.0333264, 0.999431, 0.00529168, -0.0165607, -0.00474169, 0.999852, 0.00282346  
38, 18.9225, 82.6654, 180.686, 0.99935, -0.0322397, 0.0161402, 0.0321718, 0.999472, 0.00445082, -0.0162752, -0.00392867, 0.99986, 0.00301929  
39, 18.9052, 82.6959, 180.711, 0.999303, -0.0330962, 0.0172627, 0.0329943, 0.999437, 0.00615338, -0.0174566, -0.00557952, 0.999832, 0.00300764  
40, 18.9195, 82.6732, 180.698, 0.999334, -0.0327165, 0.0161305, 0.0326471, 0.999457, 0.00454375, -0.0162703, -0.00401411, 0.99986, 0.00300736  
41, 18.9361, 82.6823, 180.721, 0.999321, -0.0332727, 0.0158396, 0.0331959, 0.999436, 0.00508565, -0.0159999, -0.00455639, 0.999862, 0.00287311  
42, 18.9291, 82.672, 180.684, 0.999303, -0.0336196, 0.0162549, 0.0335403, 0.999424, 0.0051245, -0.0164178, -0.00457573, 0.999855, 0.00279849  
43, 18.9136, 82.6981, 180.718, 0.999301, -0.0338059, 0.0159677, 0.0337525, 0.999424, 0.00360183, -0.0160802, -0.00306036, 0.999866, 0.00305895  
44, 18.9239, 82.6584, 180.693, 0.999313, -0.0331567, 0.0165369, 0.0330843, 0.999442, 0.00463631, -0.0166814, -0.00408601, 0.999853, 0.00288753  
45, 18.9055, 82.6924, 180.714, 0.999344, -0.0324156, 0.0161311, 0.0323576, 0.999469, 0.00384416, -0.0162472, -0.00331967, 0.999862, 0.0029455  
46, 18.9333, 82.6882, 180.683, 0.999301, -0.0337607, 0.0160541, 0.0336852, 0.99942, 0.00494841, -0.0162118, -0.00440416, 0.999859, 0.00301263  
47, 18.9625, 82.6475, 180.68, 0.999345, -0.0322253, 0.0164866, 0.032149, 0.999471, 0.00487209, -0.0166349, -0.00433887, 0.999852, 0.00281597  
48, 18.9268, 82.6901, 180.706, 0.999282, -0.0337301, 0.017245, 0.0336457, 0.99942, 0.00516254, -0.0174092, -0.00457861, 0.999838, 0.00298545  
49, 18.9031, 82.706, 180.693, 0.99931, -0.0332127, 0.0166509, 0.0331407, 0.99944, 0.00457942, -0.0167937, -0.00402443, 0.999851, 0.00283289  
50, 18.9442, 82.6713, 180.7, 0.999341, -0.0329211, 0.0152766, 0.0328571, 0.99945, 0.00442466, -0.0154138, -0.0039198, 0.999874, 0.00298156  
51, 18.9526, 82.6634, 180.693, 0.999304, -0.0335545, 0.0162693, 0.0334935, 0.999431, 0.00401288, -0.0163947, -0.00346517, 0.99986, 0.00301291  
52, 18.973, 82.6755, 180.69, 0.999338, -0.0329129, 0.0154903, 0.0328594, 0.999453, 0.00370024, -0.0156036, -0.00318879, 0.999873, 0.00289336  
53, 18.9634, 82.6489, 180.704, 0.999321, -0.0334554, 0.0154289, 0.0334058, 0.999436, 0.00346385, -0.0155361, -0.00294609, 0.999875, 0.00289613  
54, 18.9181, 82.6605, 180.695, 0.999296, -0.0334565, 0.0169673, 0.0333671, 0.999428, 0.00552436, -0.0171424, -0.00495432, 0.999841, 0.00306922  
55, 18.9147, 82.6575, 180.696, 0.999328, -0.0327918, 0.0163549, 0.0327286, 0.999456, 0.00411904, -0.0164811, -0.003581, 0.999858, 0.00286978  
56, 18.9378, 82.6609, 180.68, 0.999337, -0.0328428, 0.0157105, 0.0327789, 0.999453, 0.0043099, -0.0158434, -0.00379207, 0.999867, 0.00286201  
57, 18.9124, 82.6896, 180.705, 0.999312, -0.0333543, 0.01619, 0.0332634, 0.999429, 0.00585139, -0.0163759, -0.00530883, 0.999852, 0.00280515  
58, 18.9423, 82.65, 180.694, 0.999318, -0.033107, 0.0163243, 0.0330427, 0.999445, 0.00419317, -0.016454, -0.00365091, 0.999858, 0.00294245  
59, 18.9124, 82.6913, 180.703, 0.999314, -0.033514, 0.0157451, 0.0334437, 0.99943, 0.00470702, -0.0158939, -0.00417722, 0.999865, 0.00279821  
60, 18.9576, 82.6938, 180.715, 0.999321, -0.0333294, 0.0156783, 0.0332598, 0.999436, 0.00468077, -0.0158255, -0.00415613, 0.999866, 0.00294301  
61, 18.9072, 82.6736, 180.703, 0.999309, -0.0333448, 0.01643, 0.0332735, 0.999436, 0.00459646, -0.016574, -0.0040466, 0.999854, 0.00456291  
62, 18.9177, 82.678, 180.709, 0.999316, -0.0334671, 0.0157493, 0.0334152, 0.999435, 0.00354511, -0.015859, -0.00301642, 0.99987, 0.00337322  
63, 18.9282, 82.6509, 180.686, 0.999303, -0.0332769, 0.0169211, 0.0331862, 0.999433, 0.00560871, -0.0170982, -0.00504325, 0.999841, 0.00279627  
64, 18.8869, 82.6545, 180.731, 0.999318, -0.0334425, 0.0156707, 0.0333753, 0.999433, 0.00453158, -0.0158133, -0.00400547, 0.999867, 0.00285203  
65, 18.9442, 82.6902, 180.702, 0.999323, -0.0331766, 0.0159129, 0.0330974, 0.999439, 0.00521561, -0.016077, -0.00468541, 0.99986, 0.00271556  
66, 18.9077, 82.6936, 180.724, 0.999326, -0.0334916, 0.0150099, 0.033444, 0.999435, 0.00340738, -0.0151155, -0.00290309, 0.999882, 0.00278656  
67, 18.9334, 82.6691, 180.679, 0.999342, -0.0325487, 0.016017, 0.0324791, 0.999462, 0.00458328, -0.0161576, -0.00406004, 0.999861, 0.00290445  
68, 18.9197, 82.6879, 180.693, 0.999293, -0.0336243, 0.0168291, 0.0335316, 0.999421, 0.00576272, -0.0170131, -0.00519434, 0.999842, 0.00290168  
69, 18.9684, 82.6957, 180.684, 0.999287, -0.0339368, 0.0165471, 0.0338491, 0.999412, 0.00555436, -0.0167258, -0.0049903, 0.999848, 0.00283095  
70, 18.8925, 82.6741, 180.701, 0.999311, -0.0334613, 0.0160871, 0.0333901, 0.999431, 0.00467284, -0.0162343, -0.00413247, 0.99986, 0.00311193  
71, 18.9386, 82.6576, 180.635, 0.999326, -0.0327623, 0.0165563, 0.0326885, 0.999454, 0.00470931, -0.0167015, -0.00416494, 0.999852, 0.00281097  
72, 18.9005, 82.6544, 180.697, 0.999318, -0.0331005, 0.0163822, 0.0330365, 0.999445, 0.00416181, -0.0165108, -0.00361776, 0.999857, 0.00277797  
73, 18.9095, 82.6938, 180.696, 0.999358, -0.0325488, 0.0149401, 0.0325124, 0.999468, 0.00267443, -0.0150191, -0.00218698, 0.999885, 0.00280071  
74, 18.865, 82.6638, 180.706, 0.999313, -0.0334794, 0.0158815, 0.0334191, 0.999433, 0.00404842, -0.0160081, -0.00351489, 0.999866, 0.00283843  
75, 18.9031, 82.6425, 180.712, 0.999301, -0.0335159, 0.01654, 0.0334445, 0.99943, 0.00457664, -0.016684, -0.00402027, 0.999853, 0.00285508  
76, 18.8868, 82.6792, 180.687, 0.999337, -0.033005, 0.0153696, 0.0329527, 0.99945, 0.00364652, -0.0154815, -0.00313763, 0.999875, 0.00279988  
77, 18.8672, 82.6746, 180.696, 0.999348, -0.0324959, 0.0157139, 0.0324298, 0.999464, 0.00444519, -0.01585, -0.0039327, 0.999867, 0.00280848  
78, 18.7496, 82.6161, 180.79, 0.999356, -0.0330585, 0.0139351, 0.0330157, 0.999449, 0.00329399, -0.0140363, -0.00283179, 0.999897, 0.00281735  
79, 18.8402, 82.6686, 180.724, 0.999342, -0.0328349, 0.0154286, 0.0327757, 0.999454, 0.00407717, -0.0155541, -0.00356881, 0.999873, 0.00284703  
80, 18.9137, 82.6513, 180.701, 0.99934, -0.0327275, 0.0157343, 0.0326614, 0.999457, 0.00443806, -0.015871, -0.00392123, 0.999866, 0.00290667  
81, 18.92, 82.6753, 180.683, 0.999352, -0.0323339, 0.0158311, 0.0322869, 0.999473, 0.00321213, -0.0159267, -0.00269891, 0.99987, 0.00278656  
82, 18.8811, 82.6829, 180.654, 0.999352, -0.032125, 0.0162325, 0.0320498, 0.999474, 0.00487171, -0.0163805, -0.00434831, 0.999856, 0.00286146  
83, 18.9306, 82.6762, 180.668, 0.999348, -0.0329085, 0.0148357, 0.0328518, 0.999452, 0.00404466, -0.0149607, -0.00355464, 0.999882, 0.00281819  
84, 18.9214, 82.6997, 180.681, 0.999349, -0.0327432, 0.01518, 0.0326968, 0.99946, 0.00329384, -0.0152796, -0.00279536, 0.999879, 0.00284787  
85, 18.8819, 82.69, 180.727, 0.999318, -0.0335289, 0.0154727, 0.0334696, 0.999431, 0.00407188, -0.0156004, -0.00355124, 0.999872, 0.0029222  
86, 18.8919, 82.6734, 180.697, 0.999317, -0.0334576, 0.0156675, 0.0333892, 0.999432, 0.00460866, -0.0158128, -0.00408239, 0.999867, 0.0028756  
87, 18.8923, 82.7137, 180.691, 0.999331, -0.0329303, 0.0159046, 0.0328593, 0.999449, 0.00470428, -0.0160508, -0.00417852, 0.999862, 0.002872  
88, 18.9428, 82.6928, 180.683, 0.999324, -0.0329779, 0.0162395, 0.0329115, 0.999449, 0.00433736, -0.0163736, -0.00379996, 0.999859, 0.0028193  
89, 18.8936, 82.6894, 180.693, 0.999351, -0.0325791, 0.0153691, 0.0325233, 0.999464, 0.00386222, -0.0154867, -0.00335985, 0.999874, 0.00290778  
90, 18.9011, 82.6518, 180.691, 0.999324, -0.033115, 0.0159645, 0.0330472, 0.999444, 0.0044911, -0.0161043, -0.00396049, 0.999862, 0.00280792  
91, 18.8962, 82.6569, 180.702, 0.999313, -0.0330423, 0.016801, 0.032948, 0.99944, 0.00586068, -0.0169852, -0.0053031, 0.999842, 0.00278129  
92, 18.9037, 82.6954, 180.697, 0.99929, -0.0340113, 0.0161802, 0.0339267, 0.999409, 0.00547363, -0.0163568, -0.00492081, 0.999854, 0.00285619  
93, 18.8926, 82.7001, 180.674, 0.999312, -0.0336383, 0.0156026, 0.0335714, 0.999426, 0.00452979, -0.015746, -0.00400287, 0.999868, 0.00284787  
94, 18.8745, 82.7007, 180.693, 0.999343, -0.0328468, 0.0153061, 0.0327922, 0.999455, 0.00380543, -0.0154228, -0.003301, 0.999876, 0.00292248  
95, 18.8602, 82.7023, 180.667, 0.999334, -0.0328337, 0.0159018, 0.0327506, 0.999449, 0.00545635, -0.0160722, -0.00493192, 0.999859, 0.00290889  
96, 18.916, 82.6637, 180.65, 0.999317, -0.0329422, 0.0167212, 0.0328658, 0.999448, 0.00482623, -0.016871, -0.00427338, 0.999849, 0.00296215  
97, 18.9212, 82.6867, 180.664, 0.999321, -0.0330413, 0.0162797, 0.0329608, 0.999443, 0.00518817, -0.0164421, -0.00464806, 0.999854, 0.00291971  
98, 18.893, 82.702, 180.679, 0.999329, -0.0329923, 0.015933, 0.0329093, 0.999444, 0.0054443, -0.0161037, -0.0049163, 0.999858, 0.0029455  
99, 18.9639, 82.6837, 180.698, 0.999307, -0.033661, 0.0158705, 0.0335942, 0.999426, 0.00446053, -0.0160116, -0.00392428, 0.999864, 0.00275106  
100, 18.9789, 82.7356, 180.672, 0.999314, -0.0336369, 0.0154666, 0.033577, 0.999428, 0.004115, -0.0155962, -0.00359286, 0.999872, 0.00321761  
101, 18.9298, 82.661, 180.682, 0.999332, -0.0327321, 0.016263, 0.0326647, 0.999457, 0.00438963, -0.0163978, -0.00385547, 0.999858, 0.0028928  
102, 18.8947, 82.7131, 180.696, 0.999328, -0.0328902, 0.0161891, 0.0328141, 0.999449, 0.00494573, -0.0163428, -0.00441117, 0.999857, 0.00268088  
103, 18.9003, 82.6345, 180.682, 0.999323, -0.0334031, 0.0154015, 0.0333607, 0.999439, 0.00299995, -0.0154931, -0.00248411, 0.999877, 0.00289696  
104, 18.9153, 82.7075, 180.683, 0.999333, -0.03281, 0.0160075, 0.0327344, 0.999452, 0.00495942, -0.0161615, -0.00443212, 0.99986, 0.0029394  
105, 18.9042, 82.6987, 180.676, 0.9993, -0.0336172, 0.0164087, 0.0335354, 0.999424, 0.00523457, -0.0165752, -0.00468064, 0.999852, 0.00298212  
106, 18.9097, 82.6638, 180.683, 0.999317, -0.0328057, 0.0170362, 0.0327093, 0.999447, 0.00590692, -0.0172206, -0.00534564, 0.999837, 0.00297102  
107, 18.9501, 82.6849, 180.654, 0.999324, -0.0331979, 0.0157638, 0.0331624, 0.999447, 0.00250421, -0.0158383, -0.00197975, 0.999873, 0.00291471  
108, 18.9405, 82.713, 180.706, 0.999337, -0.0330872, 0.0151828, 0.0330304, 0.999446, 0.00397806, -0.015306, -0.00347394, 0.999877, 0.00288226  
109, 18.9135, 82.695, 180.683, 0.999305, -0.0333735, 0.0166061, 0.0332847, 0.99943, 0.00559804, -0.0167835, -0.00504142, 0.999846, 0.00284953  
110, 18.9138, 82.6748, 180.673, 0.999323, -0.03312, 0.0160329, 0.0330383, 0.99944, 0.00533398, -0.0162005, -0.00480066, 0.999857, 0.00436014  
111, 18.9266, 82.6549, 180.679, 0.999315, -0.0332209, 0.0162829, 0.0331639, 0.999443, 0.00375599, -0.0163986, -0.00321342, 0.99986, 0.00271223  
112, 18.9406, 82.6549, 180.657, 0.999314, -0.032876, 0.0170688, 0.0327926, 0.999449, 0.00514305, -0.0172285, -0.00457979, 0.999841, 0.00283483  
113, 18.9211, 82.6719, 180.667, 0.999322, -0.0331504, 0.0160351, 0.0331054, 0.999447, 0.00306331, -0.0161278, -0.00253038, 0.999867, 0.00285314  
114, 18.9157, 82.6901, 180.7, 0.999315, -0.0333318, 0.0160518, 0.0332747, 0.999439, 0.00380839, -0.0161698, -0.00327166, 0.999864, 0.00278407  
115, 18.9359, 82.6861, 180.696, 0.999331, -0.0328859, 0.0160156, 0.0328063, 0.999448, 0.00520617, -0.0161779, -0.00467728, 0.999858, 0.00311498  
116, 18.9102, 82.6898, 180.717, 0.999316, -0.0334702, 0.0156982, 0.0334076, 0.999433, 0.00423262, -0.015831, -0.00370529, 0.999868, 0.00299515  
117, 18.9467, 82.6628, 180.671, 0.999344, -0.0328043, 0.0153329, 0.0327513, 0.999457, 0.00369349, -0.0154458, -0.0031889, 0.999876, 0.00280182  
118, 18.9561, 82.6751, 180.687, 0.999319, -0.033447, 0.0156021, 0.0334013, 0.999437, 0.00318513, -0.0156999, -0.00266183, 0.999873, 0.00292664  
119, 18.974, 82.6573, 180.678, 0.999299, -0.0334568, 0.016774, 0.0333959, 0.999435, 0.00389806, -0.0168949, -0.00333515, 0.999852, 0.0028842  
120, 18.9476, 82.6792, 180.688, 0.999318, -0.0337085, 0.0150461, 0.0336597, 0.999427, 0.00348518, -0.015155, -0.00297636, 0.999881, 0.00313412  
121, 18.9074, 82.6574, 180.725, 0.999316, -0.033472, 0.0157151, 0.0334079, 0.999432, 0.00432227, -0.0158508, -0.0037943, 0.999867, 0.00298767  
122, 18.9241, 82.6271, 180.688, 0.999316, -0.0333819, 0.0158918, 0.033326, 0.999437, 0.00377149, -0.0160087, -0.0032393, 0.999867, 0.00282845  
123, 18.9222, 82.6629, 180.691, 0.99932, -0.0331367, 0.016176, 0.0330478, 0.999437, 0.00573091, -0.0163568, -0.00519243, 0.999853, 0.00279711  
124, 18.9096, 82.7436, 180.718, 0.999313, -0.0332459, 0.0163959, 0.0331238, 0.999422, 0.00766357, -0.0166412, -0.00711521, 0.999836, 0.00279183  
125, 18.8877, 82.8163, 180.72, 0.999352, -0.0328597, 0.0147215, 0.0327533, 0.999436, 0.00740778, -0.0149566, -0.0069208, 0.999864, 0.00313412  
126, 18.8755, 82.8886, 180.724, 0.999352, -0.032805, 0.0147824, 0.0326219, 0.99939, 0.0124602, -0.0151822, -0.0119699, 0.999813, 0.00296353  
127, 18.8946, 82.9058, 180.692, 0.999362, -0.0326999, 0.0143731, 0.0325034, 0.999378, 0.0137015, -0.0148122, -0.0132255, 0.999803, 0.0028523  
128, 18.8904, 83.0171, 180.723, 0.999341, -0.0332974, 0.0144561, 0.0330584, 0.999318, 0.0164715, -0.0149947, -0.0159828, 0.99976, 0.00302567  
129, 18.8361, 83.1093, 180.753, 0.999375, -0.0322384, 0.0144868, 0.0319579, 0.999305, 0.0191949, -0.0150955, -0.01872, 0.999711, 0.00292331  
130, 18.8724, 83.2054, 180.758, 0.999382, -0.0324425, 0.0135187, 0.032143, 0.999245, 0.021817, -0.0142163, -0.021369, 0.999671, 0.00313301  
131, 18.8772, 83.3024, 180.769, 0.999397, -0.0326512, 0.0118328, 0.0323661, 0.999199, 0.023536, -0.0125918, -0.0231389, 0.999653, 0.00303399  
132, 18.8259, 83.3573, 180.819, 0.999356, -0.0335862, 0.0125979, 0.0332374, 0.999084, 0.0269442, -0.0134913, -0.0265081, 0.999558, 0.00281874  
133, 18.7873, 83.4339, 180.834, 0.999374, -0.033252, 0.0121136, 0.0328684, 0.998991, 0.0306007, -0.0131189, -0.0301834, 0.999458, 0.00307005  
134, 18.7842, 83.5812, 180.83, 0.999355, -0.033454, 0.0130739, 0.0329624, 0.998802, 0.036162, -0.014268, -0.0357077, 0.99926, 0.00295521  
135, 18.7769, 83.649, 180.819, 0.99937, -0.0329352, 0.0132072, 0.0323905, 0.998693, 0.0395334, -0.014492, -0.0390807, 0.999131, 0.00298461  
136, 18.8045, 83.6941, 180.85, 0.999392, -0.0326077, 0.0123706, 0.0320473, 0.998558, 0.0430731, -0.0137572, -0.0426504, 0.998995, 0.00301956  
137, 18.8113, 83.7841, 180.813, 0.999364, -0.0335292, 0.0121075, 0.0329526, 0.998442, 0.0450357, -0.0135986, -0.0446081, 0.998912, 0.00301318  
138, 18.8527, 83.7833, 180.794, 0.999405, -0.0325062, 0.0115316, 0.0318992, 0.998269, 0.0494097, -0.0131177, -0.0490125, 0.998712, 0.00308669  
139, 18.8059, 83.8096, 180.811, 0.999382, -0.0330541, 0.0119191, 0.0323918, 0.99812, 0.0520366, -0.0136167, -0.0516184, 0.998574, 0.00303371  
140, 18.7434, 83.8021, 180.862, 0.999382, -0.0330441, 0.0120122, 0.0323257, 0.997921, 0.0557519, -0.0138295, -0.0553291, 0.998372, 0.00277103  
141, 18.7982, 83.7531, 180.822, 0.999387, -0.0330354, 0.0116097, 0.0323038, 0.997772, 0.0583818, -0.0135125, -0.0579709, 0.998227, 0.00301956  
142, 18.7946, 83.8331, 180.809, 0.999353, -0.0341071, 0.0114309, 0.0332963, 0.997338, 0.0648758, -0.0136132, -0.0644532, 0.997828, 0.00282346  
143, 18.7243, 83.7382, 180.803, 0.999337, -0.0346785, 0.0111156, 0.0338564, 0.997168, 0.0671486, -0.0134128, -0.0667277, 0.997681, 0.00302012  
144, 18.8173, 83.7398, 180.799, 0.999366, -0.0338334, 0.0111271, 0.0329521, 0.996887, 0.0716228, -0.0135157, -0.0712106, 0.99737, 0.00299848  
145, 18.7756, 83.6524, 180.787, 0.999293, -0.0352815, 0.0130034, 0.0341976, 0.996535, 0.075818, -0.0156334, -0.0753197, 0.997037, 0.00282734  
146, 18.8271, 83.459, 180.786, 0.999358, -0.0340662, 0.0111332, 0.0331002, 0.996425, 0.0777334, -0.0137415, -0.077315, 0.996912, 0.00299238  
147, 18.7518, 83.3525, 180.855, 0.999265, -0.0362294, 0.0125269, 0.0350791, 0.99599, 0.0822951, -0.0154581, -0.0817952, 0.996529, 0.00281513  
148, 18.8905, 83.2966, 180.775, 0.999235, -0.0369867, 0.0127284, 0.0357591, 0.995656, 0.0859721, -0.015853, -0.0854512, 0.996216, 0.00300597  
149, 18.8789, 83.0537, 180.755, 0.99921, -0.0369781, 0.0145267, 0.0355141, 0.995252, 0.0906244, -0.0178088, -0.0900369, 0.995779, 0.00282235  
150, 18.9712, 82.8181, 180.749, 0.999261, -0.0354991, 0.014774, 0.0339257, 0.994826, 0.0957603, -0.0180969, -0.0951883, 0.995295, 0.00429968  
151, 19.0257, 82.5679, 180.716, 0.999205, -0.0365612, 0.0158874, 0.034779, 0.994299, 0.100797, -0.0194821, -0.100164, 0.99478, 0.00289502  
152, 19.1098, 82.2612, 180.737, 0.999198, -0.0369038, 0.0155375, 0.0351049, 0.994021, 0.103388, -0.0192601, -0.10276, 0.99452, 0.00290029  
153, 19.1874, 81.926, 180.759, 0.999142, -0.0384359, 0.0154364, 0.0365136, 0.99328, 0.109828, -0.019554, -0.10917, 0.993831, 0.00292969  
154, 19.2778, 81.4532, 180.7, 0.999125, -0.0380621, 0.0173506, 0.0358368, 0.992802, 0.114276, -0.0215753, -0.113554, 0.993298, 0.00301429  
155, 19.3864, 81.0084, 180.679, 0.999129, -0.0381249, 0.016946, 0.0359128, 0.992624, 0.11579, -0.0212355, -0.115081, 0.993129, 0.00284315  
156, 19.5119, 80.4668, 180.654, 0.99915, -0.037415, 0.0173045, 0.035047, 0.992, 0.121271, -0.0217035, -0.120562, 0.992469, 0.0028462  
157, 19.6552, 79.8338, 180.659, 0.999193, -0.0373943, 0.0146795, 0.0353778, 0.992208, 0.119464, -0.0190324, -0.118848, 0.99273, 0.00294384  
158, 19.726, 79.2324, 180.648, 0.999169, -0.037858, 0.0151107, 0.0356846, 0.99156, 0.124643, -0.0197019, -0.124001, 0.992087, 0.00304619  
159, 19.8502, 78.6658, 180.619, 0.999215, -0.0365652, 0.0152123, 0.0342925, 0.990986, 0.129503, -0.0198104, -0.12888, 0.991462, 0.0029713  
160, 19.9651, 77.8426, 180.647, 0.9992, -0.0371511, 0.0147862, 0.0349272, 0.990955, 0.129566, -0.019466, -0.128946, 0.991461, 0.00289474  
161, 20.0845, 77.2144, 180.668, 0.999217, -0.0365947, 0.0150614, 0.0342715, 0.990523, 0.133004, -0.0197859, -0.132384, 0.991001, 0.00289835  
162, 20.1036, 76.4338, 180.733, 0.999103, -0.0393702, 0.0155764, 0.0368937, 0.990032, 0.135924, -0.0207725, -0.135228, 0.990597, 0.0028143  
163, 20.2769, 75.6947, 180.658, 0.999088, -0.038598, 0.0182651, 0.0355943, 0.989065, 0.14312, -0.0235895, -0.14234, 0.989537, 0.00294994  
164, 20.4312, 74.7626, 180.639, 0.998942, -0.0406864, 0.0214293, 0.0371336, 0.988592, 0.145968, -0.0271237, -0.145018, 0.989057, 0.00282512  
165, 20.7355, 73.8033, 180.617, 0.999034, -0.0387518, 0.0207348, 0.0354284, 0.989254, 0.141848, -0.0260089, -0.140976, 0.989671, 0.00289363  
166, 20.938, 72.8531, 180.589, 0.998975, -0.0397565, 0.0216204, 0.0363269, 0.989371, 0.140803, -0.0269885, -0.139873, 0.989802, 0.00289086  
167, 21.2585, 71.898, 180.571, 0.998972, -0.0398757, 0.0215811, 0.0364059, 0.989134, 0.142436, -0.0270263, -0.141504, 0.989569, 0.00285508  
168, 21.5367, 70.8605, 180.591, 0.998881, -0.0395686, 0.0259047, 0.0353641, 0.988592, 0.146407, -0.0314023, -0.145327, 0.988885, 0.00291638  
169, 21.8957, 69.7916, 180.628, 0.998833, -0.0421618, 0.0235397, 0.0384006, 0.989099, 0.142159, -0.0292767, -0.141089, 0.989564, 0.00283067  
170, 22.1744, 68.6857, 180.689, 0.998694, -0.0433874, 0.0269881, 0.0389669, 0.988371, 0.146987, -0.0330516, -0.145743, 0.98877, 0.00309584  
171, 22.5248, 67.5744, 180.709, 0.998429, -0.0484515, 0.0281348, 0.0435677, 0.987132, 0.153859, -0.0352275, -0.152392, 0.987692, 0.00296242  
172, 22.8173, 66.2791, 180.733, 0.99837, -0.0506818, 0.0262455, 0.0462674, 0.987938, 0.147778, -0.0334186, -0.146323, 0.988672, 0.00290833  
173, 23.3041, 64.9189, 180.672, 0.998255, -0.0516343, 0.0286534, 0.0468295, 0.987796, 0.148545, -0.0359737, -0.146944, 0.98849, 0.00282651  
174, 23.7143, 63.6254, 180.588, 0.998151, -0.0526864, 0.0303269, 0.047698, 0.988042, 0.146622, -0.0376892, -0.144904, 0.988728, 0.0029161  
175, 24.0401, 62.089, 180.579, 0.998095, -0.0533779, 0.0309476, 0.0484317, 0.988533, 0.143028, -0.0382272, -0.141257, 0.989235, 0.00305673  
176, 24.4623, 60.589, 180.514, 0.998061, -0.0519273, 0.0343081, 0.0464362, 0.988338, 0.145025, -0.0414387, -0.143151, 0.988833, 0.00294079  
177, 24.8182, 58.8755, 180.529, 0.998022, -0.0510896, 0.0366446, 0.0452079, 0.988182, 0.14647, -0.0436946, -0.144523, 0.988536, 0.00292054  
178, 25.1417, 57.2084, 180.49, 0.998163, -0.0493244, 0.0351856, 0.0438355, 0.988809, 0.142598, -0.0418255, -0.140794, 0.989155, 0.00290112  
179, 25.4214, 55.6003, 180.485, 0.998073, -0.0501635, 0.0365214, 0.0445066, 0.988872, 0.141956, -0.0432361, -0.140057, 0.989199, 0.00286645  
180, 25.691, 53.8836, 180.479, 0.997952, -0.0514908, 0.0379475, 0.0455555, 0.988613, 0.143417, -0.0449001, -0.141394, 0.988935, 0.00295799  
181, 25.975, 51.9515, 180.483, 0.997896, -0.050889, 0.0401795, 0.0449461, 0.989547, 0.137024, -0.0467325, -0.13493, 0.989752, 0.00294245  
182, 26.1968, 50.0965, 180.424, 0.997635, -0.05284, 0.043968, 0.0461998, 0.989027, 0.140322, -0.0509002, -0.137959, 0.989129, 0.00290001  
183, 26.4098, 48.1343, 180.488, 0.997707, -0.0528453, 0.0422874, 0.0467882, 0.989978, 0.133248, -0.0489051, -0.130964, 0.99018, 0.00293358  
184, 26.5581, 46.2277, 180.554, 0.997561, -0.0532623, 0.0451232, 0.0468893, 0.990125, 0.132116, -0.0517144, -0.129678, 0.990207, 0.00290473  
185, 26.6765, 44.0994, 180.586, 0.997565, -0.0535801, 0.0446567, 0.0474836, 0.990651, 0.127891, -0.0510916, -0.125459, 0.990782, 0.00292276  
186, 26.7402, 41.9392, 180.546, 0.997558, -0.054121, 0.0441446, 0.0481275, 0.990726, 0.127062, -0.050612, -0.124628, 0.990912, 0.00289613  
187, 26.8562, 39.9134, 180.485, 0.997514, -0.0550578, 0.0439901, 0.0490859, 0.990701, 0.126891, -0.0505674, -0.124416, 0.990941, 0.00284592  
188, 26.9606, 37.5279, 180.486, 0.997746, -0.0521708, 0.0422113, 0.0467872, 0.991698, 0.119778, -0.0481098, -0.117533, 0.991903, 0.00295188  
189, 26.8559, 35.4374, 180.506, 0.997588, -0.0532754, 0.0444914, 0.0473439, 0.991011, 0.125121, -0.0507573, -0.122712, 0.991143, 0.00290195  
190, 26.842, 32.9718, 180.582, 0.997678, -0.0526396, 0.043228, 0.047326, 0.992134, 0.115886, -0.0489882, -0.113571, 0.992321, 0.00302761  
191, 26.8744, 30.8406, 180.476, 0.997438, -0.0555419, 0.0450738, 0.0502823, 0.99261, 0.11044, -0.0508748, -0.107891, 0.99286, 0.00294412  
192, 26.8661, 28.2826, 180.48, 0.997522, -0.0562437, 0.042258, 0.0518681, 0.993801, 0.0983335, -0.0475267, -0.095898, 0.994256, 0.00288753  
193, 26.7752, 25.9182, 180.495, 0.997648, -0.0548954, 0.0410506, 0.0507001, 0.993986, 0.0970616, -0.046132, -0.094752, 0.994431, 0.00291998  
194, 26.6293, 23.3275, 180.495, 0.997734, -0.0529159, 0.0415585, 0.0486122, 0.993949, 0.098503, -0.0465194, -0.0962595, 0.994269, 0.00283843  
195, 26.4613, 20.8632, 180.467, 0.997935, -0.0530124, 0.0362594, 0.0496046, 0.99478, 0.0891764, -0.0407976, -0.0871937, 0.995356, 0.00289918  
196, 26.2432, 18.3145, 180.415, 0.997749, -0.0565729, 0.0360023, 0.0534013, 0.995061, 0.0836734, -0.0405582, -0.0815624, 0.995843, 0.00294107  
197, 26.0383, 15.6473, 180.405, 0.997961, -0.0550483, 0.0323187, 0.052467, 0.995733, 0.0759149, -0.0363598, -0.0740644, 0.99659, 0.00282262  
198, 25.7789, 13.0393, 180.337, 0.997849, -0.055881, 0.0342867, 0.0530288, 0.995455, 0.0791069, -0.0385514, -0.0771186, 0.996276, 0.00290473  
199, 25.4945, 10.5241, 180.365, 0.997968, -0.0552487, 0.0317408, 0.0528997, 0.996101, 0.0706053, -0.0355179, -0.0687828, 0.996999, 0.00294439  
200, 25.1335, 8.00362, 180.391, 0.99795, -0.0551673, 0.0324354, 0.0528822, 0.996315, 0.0675258, -0.0360411, -0.0656721, 0.99719, 0.00306089  
201, 24.7634, 5.19875, 180.422, 0.998085, -0.0552132, 0.0279041, 0.0535646, 0.996952, 0.0567264, -0.0309511, -0.0551231, 0.998, 0.00296964  
202, 24.3423, 2.7904, 180.453, 0.998244, -0.0538926, 0.0245968, 0.0524336, 0.997023, 0.0565377, -0.0275705, -0.0551487, 0.998097, 0.00287699  
203, 23.9419, -0.113087, 180.488, 0.998252, -0.0547582, 0.0222187, 0.0536049, 0.997332, 0.049547, -0.0248725, -0.0482694, 0.998525, 0.00292498  
204, 23.4341, -2.87625, 180.609, 0.998427, -0.053385, 0.0171523, 0.0525628, 0.997591, 0.0452645, -0.0195274, -0.0442917, 0.998828, 0.00281985  
205, 22.9798, -5.83334, 180.556, 0.99847, -0.0525901, 0.0171076, 0.0518676, 0.997843, 0.0402427, -0.0191871, -0.0392938, 0.999043, 0.00298517  
206, 22.5042, -8.54309, 180.7, 0.998582, -0.0523827, 0.00947652, 0.0520514, 0.99812, 0.0323574, -0.0111537, -0.0318182, 0.999431, 0.00296936  
207, 22.0978, -11.4058, 180.753, 0.998435, -0.0554165, 0.00758204, 0.0551743, 0.998053, 0.0290953, -0.00917964, -0.0286314, 0.999548, 0.00282151  
208, 21.5472, -14.2114, 180.8, 0.998476, -0.0550579, 0.00387579, 0.054972, 0.998296, 0.0195769, -0.00494705, -0.019334, 0.999801, 0.00296548  
209, 21.0485, -16.8894, 180.792, 0.998343, -0.0574878, 0.00254489, 0.0574276, 0.998159, 0.0194914, -0.00366072, -0.0193129, 0.999807, 0.00293469  
210, 20.6335, -20.0395, 180.854, 0.998423, -0.0560933, -0.00201963, 0.0561134, 0.998354, 0.0118538, 0.00135138, -0.0119485, 0.999928, 0.00297907  
211, 20.1249, -22.8447, 180.905, 0.998474, -0.0548482, -0.00637604, 0.0548897, 0.998471, 0.00652876, 0.0060082, -0.00686878, 0.999958, 0.00289807  
212, 19.6729, -25.6329, 180.915, 0.998357, -0.0565104, -0.00946166, 0.0565224, 0.998401, 0.00100687, 0.00938963, -0.00154001, 0.999955, 0.00267783  
213, 19.0818, -28.3618, 180.91, 0.998421, -0.0544512, -0.0138044, 0.0544228, 0.998515, -0.00243089, 0.0139163, 0.00167578, 0.999902, 0.00283649  
214, 18.5752, -31.4303, 180.836, 0.998318, -0.0559384, -0.0152126, 0.0558343, 0.998414, -0.00718203, 0.0155902, 0.00632057, 0.999858, 0.00284065  
215, 18.049, -34.138, 180.919, 0.998141, -0.0567629, -0.0221905, 0.0564559, 0.998304, -0.0142265, 0.0229604, 0.0129472, 0.999653, 0.00306811  
216, 17.5326, -37.0919, 180.993, 0.998022, -0.0574279, -0.0255737, 0.0569645, 0.998205, -0.0184927, 0.0265898, 0.0169994, 0.999502, 0.00295216  
217, 16.9709, -39.7233, 180.965, 0.998021, -0.0573163, -0.0258742, 0.0568808, 0.998232, -0.0172655, 0.026818, 0.0157596, 0.999516, 0.00299682  
218, 16.318, -42.4287, 181.018, 0.997928, -0.0579913, -0.0278873, 0.057426, 0.998136, -0.0206633, 0.0290336, 0.019019, 0.999397, 0.00303066  
219, 15.7482, -45.2197, 180.963, 0.997829, -0.0558584, -0.0348841, 0.0548885, 0.998095, -0.0281696, 0.0363912, 0.0261937, 0.998994, 0.00284981  
220, 15.0542, -47.9017, 180.941, 0.997604, -0.0588614, -0.0363622, 0.0578526, 0.997927, -0.0282004, 0.0379467, 0.0260291, 0.998941, 0.00310888  
221, 14.5899, -50.6268, 180.969, 0.997503, -0.0559815, -0.0430651, 0.0545798, 0.997962, -0.0330629, 0.0448282, 0.0306298, 0.998525, 0.00279766  
222, 13.8024, -53.35, 181.071, 0.997344, -0.0585293, -0.0433411, 0.0566987, 0.997494, -0.042327, 0.0457099, 0.0397573, 0.998163, 0.00280986  
223, 13.3324, -56.0889, 180.974, 0.997201, -0.0589873, -0.0459516, 0.0571633, 0.997561, -0.0400461, 0.0482018, 0.0373073, 0.998141, 0.00304009  
224, 12.8238, -58.6928, 181.027, 0.997249, -0.0581094, -0.0460186, 0.0561884, 0.997537, -0.0419917, 0.0483453, 0.0392905, 0.998058, 0.00294828  
225, 12.4352, -61.4012, 181.094, 0.996971, -0.0575353, -0.0523368, 0.0549985, 0.997299, -0.0486844, 0.0549965, 0.0456585, 0.997442, 0.00317046  
226, 12.1639, -64.1661, 181.045, 0.996825, -0.0573791, -0.055208, 0.054516, 0.997156, -0.0520396, 0.058037, 0.0488647, 0.997118, 0.00283427  
227, 11.8343, -66.5259, 181.061, 0.996702, -0.0570281, -0.057737, 0.054296, 0.997379, -0.0478339, 0.0603135, 0.0445412, 0.997185, 0.00274912  
228, 11.5242, -69.2094, 181.032, 0.996743, -0.0553811, -0.0586179, 0.0518859, 0.996875, -0.0595588, 0.0617332, 0.0563233, 0.996502, 0.0029272  
229, 11.1305, -71.454, 181.08, 0.996667, -0.055537, -0.0597542, 0.0521695, 0.997038, -0.0565136, 0.0627158, 0.0532078, 0.996612, 0.00303427  
230, 10.9566, -74.0803, 181.186, 0.99621, -0.058299, -0.0645525, 0.0545266, 0.996783, -0.058736, 0.0677691, 0.0549936, 0.996184, 0.00338349  
231, 10.6488, -76.559, 181.291, 0.99664, -0.0532454, -0.0622322, 0.0498998, 0.997286, -0.0541308, 0.0649455, 0.0508436, 0.996593, 0.00290723  
232, 10.5863, -79.1403, 181.214, 0.996344, -0.0547835, -0.0655566, 0.0509327, 0.996956, -0.0590355, 0.0685912, 0.0554807, 0.996101, 0.00281097  
233, 10.5413, -81.5378, 181.126, 0.996134, -0.0555394, -0.0680561, 0.0510306, 0.996495, -0.0662883, 0.0714991, 0.0625591, 0.995477, 0.00299848  
234, 10.4225, -83.8178, 181.216, 0.996116, -0.0541515, -0.0694297, 0.0499222, 0.996872, -0.0612688, 0.0725303, 0.0575648, 0.995704, 0.00298101  
235, 10.4416, -86.2683, 181.221, 0.995827, -0.0530456, -0.0742564, 0.048376, 0.996819, -0.063331, 0.0773796, 0.0594745, 0.995226, 0.00292581  
236, 10.3679, -88.6901, 181.173, 0.99614, -0.0528511, -0.0700907, 0.0488333, 0.99713, -0.0578481, 0.0729469, 0.0542021, 0.995862, 0.00292747  
237, 10.3848, -90.8275, 181.297, 0.996182, -0.0527398, -0.069568, 0.0489668, 0.997292, -0.0548683, 0.0722733, 0.0512523, 0.996067, 0.00280598  
238, 10.4633, -93.3648, 181.346, 0.996085, -0.0512287, -0.0720506, 0.0467803, 0.996971, -0.0621276, 0.075015, 0.0585138, 0.995464, 0.00302456  
239, 10.5243, -95.2579, 181.366, 0.996659, -0.0455947, -0.0677644, 0.0422653, 0.997866, -0.0497796, 0.0698894, 0.0467492, 0.996459, 0.00280459  
240, 10.7439, -97.8038, 181.36, 0.996443, -0.0470315, -0.0699258, 0.0430742, 0.997441, -0.057063, 0.0724306, 0.053848, 0.995919, 0.00283733  
241, 10.846, -99.7681, 181.423, 0.996694, -0.0444016, -0.0680443, 0.0409421, 0.997838, -0.0514198, 0.0701803, 0.0484639, 0.996356, 0.00299294  
242, 11.2544, -102.357, 181.212, 0.996752, -0.0440383, -0.0674279, 0.0403892, 0.997693, -0.0545576, 0.069675, 0.0516571, 0.996231, 0.00279489  
243, 11.5163, -104.439, 181.153, 0.997058, -0.0415535, -0.0644038, 0.0385623, 0.99815, -0.047011, 0.0662381, 0.0443892, 0.996816, 0.00301402  
244, 11.8299, -106.646, 181.197, 0.996949, -0.0436772, -0.0646846, 0.0405785, 0.998, -0.0484673, 0.0666722, 0.0456947, 0.996728, 0.00279738  
245, 12.2124, -108.786, 181.131, 0.996737, -0.0420869, -0.0688782, 0.0384107, 0.99781, -0.0538538, 0.0709939, 0.0510324, 0.99617, 0.00301513  
246, 12.7074, -110.793, 181.068, 0.996991, -0.0409321, -0.0658237, 0.0375866, 0.997976, -0.0512852, 0.0677897, 0.0486568, 0.996512, 0.00291915  
247, 13.0862, -112.794, 181.057, 0.997309, -0.036878, -0.063368, 0.0338743, 0.998281, -0.0478383, 0.0650232, 0.045563, 0.996843, 0.00279405  
248, 13.5771, -114.568, 181.074, 0.99757, -0.0383377, -0.0581747, 0.0359859, 0.998513, -0.0409502, 0.0596581, 0.0387573, 0.997466, 0.00291638  
249, 14.102, -116.905, 181.041, 0.997632, -0.0372647, -0.0578097, 0.0344402, 0.998199, -0.049109, 0.0595357, 0.0470018, 0.997119, 0.00283095  
250, 14.4952, -118.395, 181.219, 0.99803, -0.0363297, -0.0511447, 0.0342906, 0.998603, -0.0401995, 0.0525337, 0.0383665, 0.997882, 0.00287006  
251, 15.1787, -120.772, 181.274, 0.997993, -0.034974, -0.0527843, 0.0325478, 0.998404, -0.0461448, 0.054314, 0.0443342, 0.997539, 0.0029014  
252, 15.7942, -122.564, 181.274, 0.998322, -0.035944, -0.0454006, 0.034296, 0.998742, -0.0365701, 0.046658, 0.0349517, 0.998299, 0.00280681  
253, 16.5623, -124.611, 181.256, 0.99839, -0.0358065, -0.0439893, 0.034144, 0.998695, -0.0379817, 0.0452919, 0.0364186, 0.99831, 0.00291777  
254, 17.3346, -126.53, 181.236, 0.99862, -0.0352625, -0.0389263, 0.0338322, 0.998749, -0.0368091, 0.0401756, 0.0354413, 0.998564, 0.00280154  
255, 18.0946, -128.536, 181.161, 0.998802, -0.0359678, -0.0331835, 0.0349277, 0.998896, -0.031409, 0.0342766, 0.0302123, 0.998956, 0.00298961  
256, 19.0514, -130.693, 181.111, 0.998987, -0.0333407, -0.0302224, 0.0324736, 0.999059, -0.0287405, 0.0311522, 0.0277299, 0.99913, 0.0029835  
257, 19.9244, -132.557, 181.101, 0.999081, -0.0334969, -0.0267308, 0.0327833, 0.999106, -0.0267035, 0.0276013, 0.0258027, 0.999286, 0.00280099  
258, 20.8976, -134.441, 181.034, 0.999105, -0.0351017, -0.0236135, 0.0344745, 0.999055, -0.0264611, 0.02452, 0.0256234, 0.999371, 0.0029247  
259, 21.7556, -136.294, 180.983, 0.999315, -0.0338967, -0.014867, 0.0334839, 0.999069, -0.0271874, 0.0157747, 0.026671, 0.99952, 0.00293663  
260, 22.7202, -138.234, 180.938, 0.999381, -0.0339473, -0.00923349, 0.0337143, 0.999136, -0.0243191, 0.0100511, 0.0239927, 0.999662, 0.0028695  
261, 23.7824, -140.098, 180.994, 0.999396, -0.0344977, -0.00407416, 0.0344059, 0.999192, -0.0207756, 0.00478758, 0.0206229, 0.999776, 0.00285535  
262, 24.7897, -141.851, 181.045, 0.999373, -0.0354024, -0.000385192, 0.0353922, 0.999253, -0.0154943, 0.000933439, 0.0154709, 0.99988, 0.00295161  
263, 25.7949, -143.65, 181.028, 0.999268, -0.0379535, 0.00488046, 0.0380179, 0.999181, -0.0138571, -0.00435053, 0.0140324, 0.999892, 0.00292553  
264, 26.8695, -145.448, 180.986, 0.999272, -0.0369011, 0.00971943, 0.0370116, 0.999249, -0.011443, -0.00928987, 0.0117944, 0.999887, 0.00283289  
265, 27.9513, -147.263, 180.925, 0.999143, -0.0384659, 0.0152598, 0.0386199, 0.999205, -0.00992768, -0.0148658, 0.0105085, 0.999834, 0.00334687  
266, 28.877, -149.048, 180.996, 0.999018, -0.0392008, 0.0206455, 0.0393566, 0.999199, -0.00719451, -0.020347, 0.00799999, 0.999761, 0.00294162  
267, 29.7809, -150.935, 180.929, 0.998833, -0.0406752, 0.0260593, 0.040772, 0.999163, -0.00319056, -0.0259077, 0.00424932, 0.999655, 0.00280238  
268, 30.6771, -152.67, 180.979, 0.998716, -0.0408313, 0.0299728, 0.0408823, 0.999163, -0.00108965, -0.0299033, 0.00231361, 0.99955, 0.00278407  
269, 31.5323, -154.58, 180.925, 0.998359, -0.0441061, 0.0365269, 0.0440247, 0.999026, 0.00302991, -0.036625, -0.00141685, 0.999328, 0.00305895  
270, 32.3437, -156.363, 180.957, 0.998205, -0.0446023, 0.0399622, 0.0443849, 0.998995, 0.00631339, -0.0402036, -0.00452835, 0.999181, 0.00296437  
271, 33.139, -158.028, 180.906, 0.998, -0.0436879, 0.0456787, 0.0430902, 0.998973, 0.0139881, -0.0462429, -0.0119918, 0.998858, 0.00296769  
272, 33.8425, -159.821, 180.983, 0.997917, -0.0447083, 0.0465044, 0.0440834, 0.998924, 0.0143785, -0.0470972, -0.0122984, 0.998815, 0.00287893  
273, 34.6553, -161.595, 180.985, 0.997627, -0.0468177, 0.0504763, 0.0459142, 0.998766, 0.0189141, -0.0512996, -0.0165517, 0.998546, 0.0029541  
274, 35.382, -163.454, 180.962, 0.997434, -0.04659, 0.0543554, 0.0454599, 0.998727, 0.0218458, -0.0553041, -0.0193187, 0.998283, 0.00287311  
275, 36.0604, -165.218, 180.967, 0.997149, -0.0488773, 0.0574796, 0.0473876, 0.998512, 0.0270013, -0.0587138, -0.0242005, 0.997981, 0.00300902  
276, 36.7776, -167.224, 180.961, 0.996984, -0.0498982, 0.0594327, 0.0483164, 0.998446, 0.027761, -0.0607256, -0.0248057, 0.997846, 0.00298406  
277, 37.4431, -169.063, 180.952, 0.99673, -0.0510721, 0.0626219, 0.0490307, 0.998228, 0.0337144, -0.0642328, -0.0305337, 0.997468, 0.00286284  
278, 37.9778, -170.805, 180.91, 0.996461, -0.0513995, 0.0665071, 0.0488487, 0.998028, 0.0394287, -0.0684025, -0.0360404, 0.997007, 0.00293496  
