0, 0, 0, 0, 0, 0, 0, 0, 0, 0, 0, 0, 0, 0.0061811  
1, 19.9336, 8.00271, 178.516, 0.998892, 0.0421145, -0.0209937, -0.0416106, 0.998848, 0.0238864, 0.0219755, -0.0229864, 0.999494, 0.00271359  
2, 19.9687, 8.0396, 178.496, 0.998853, 0.0421589, -0.0226905, -0.0416541, 0.998884, 0.0222798, 0.0236044, -0.0213091, 0.999494, 0.0028717  
3, 19.95, 8.00853, 178.53, 0.99889, 0.0416654, -0.0219539, -0.0411607, 0.998889, 0.0229601, 0.0228862, -0.022031, 0.999495, 0.00305643  
4, 20.0322, 7.98942, 178.428, 0.999004, 0.0407033, -0.0183059, -0.0403128, 0.998962, 0.0212177, 0.0191506, -0.0204586, 0.999607, 0.00299596  
5, 19.9381, 8.04691, 178.523, 0.998899, 0.0412948, -0.0222667, -0.0407901, 0.998911, 0.0226635, 0.0231783, -0.0217303, 0.999495, 0.00292717  
6, 19.943, 8.03822, 178.56, 0.998896, 0.0411748, -0.0226075, -0.0406488, 0.998903, 0.0232554, 0.0235402, -0.0223108, 0.999474, 0.00293022  
7, 19.9017, 8.03925, 178.525, 0.998871, 0.0420696, -0.0220597, -0.0415514, 0.998861, 0.0234441, 0.0230208, -0.0225011, 0.999482, 0.00281373  
8, 19.9194, 8.04584, 178.532, 0.998879, 0.0418357, -0.0221699, -0.0413216, 0.998877, 0.0231638, 0.0231141, -0.0222218, 0.999486, 0.00278488  
9, 19.9414, 8.06656, 178.515, 0.998874, 0.0415097, -0.0229504, -0.0410169, 0.998926, 0.0215424, 0.02382, -0.0205768, 0.999504, 0.00302647  
10, 19.9227, 8.03033, 178.497, 0.998869, 0.0423811, -0.0215465, -0.041889, 0.998862, 0.0227973, 0.0224882, -0.021869, 0.999508, 0.00289278  
11, 19.9425, 8.03539, 178.532, 0.99888, 0.04151, -0.0227109, -0.0410074, 0.998913, 0.0221673, 0.0236064, -0.0212111, 0.999496, 0.00303424  
12, 19.9253, 8.05628, 178.538, 0.998879, 0.04214, -0.0215465, -0.0416668, 0.99889, 0.0219606, 0.022448, -0.0210382, 0.999527, 0.00289084  
13, 20.0031, 8.00199, 178.406, 0.998958, 0.0418288, -0.0182562, -0.0414376, 0.998914, 0.021306, 0.0191276, -0.0205273, 0.999606, 0.00304007  
14, 20.0138, 8.01165, 178.434, 0.998967, 0.0413571, -0.0188336, -0.0409609, 0.998941, 0.0209573, 0.0196804, -0.0201642, 0.999603, 0.00313382  
15, 19.9622, 8.06629, 178.513, 0.99885, 0.0426062, -0.0219791, -0.0420905, 0.998839, 0.0234154, 0.0229512, -0.0224634, 0.999484, 0.00296601  
16, 19.9548, 8.07035, 178.511, 0.99886, 0.0423165, -0.0220716, -0.0417954, 0.998848, 0.0235609, 0.0230432, -0.0226115, 0.999479, 0.00295241  
17, 19.9515, 8.06732, 178.516, 0.99887, 0.0423585, -0.0215687, -0.0418428, 0.99884, 0.0238242, 0.0225528, -0.0228947, 0.999483, 0.00298098  
18, 19.9785, 8.09556, 178.542, 0.998841, 0.0423216, -0.0229236, -0.0418231, 0.998887, 0.0218082, 0.0238211, -0.0208241, 0.999499, 0.00310275  
19, 19.9867, 8.05652, 178.499, 0.998893, 0.0419472, -0.021269, -0.0414466, 0.998865, 0.0234556, 0.0222288, -0.0225482, 0.999499, 0.00298598  
20, 20.0836, 7.99906, 178.412, 0.998926, 0.0419869, -0.0195878, -0.041604, 0.998943, 0.0195638, 0.0203885, -0.0187279, 0.999617, 0.00294326  
21, 20.0851, 7.99385, 178.412, 0.998971, 0.0416152, -0.0180187, -0.0412429, 0.998938, 0.020562, 0.0188553, -0.0197977, 0.999626, 0.00296212  
22, 20.076, 7.98092, 178.422, 0.998972, 0.0418039, -0.0175183, -0.0414324, 0.998919, 0.0210615, 0.0183798, -0.0203141, 0.999625, 0.00288557  
23, 20.0946, 7.99704, 178.404, 0.998954, 0.0421319, -0.017796, -0.0417391, 0.998889, 0.0218969, 0.0186988, -0.0211312, 0.999602, 0.00303868  
24, 20.0777, 8.01149, 178.412, 0.998971, 0.0416504, -0.0179273, -0.0412687, 0.998924, 0.0211617, 0.0187894, -0.0204001, 0.999615, 0.00327057  
25, 20.0053, 8.02941, 178.509, 0.998875, 0.042121, -0.0217615, -0.0416223, 0.998871, 0.0228808, 0.0227007, -0.0219493, 0.999501, 0.00296906  
26, 20.0125, 8.02668, 178.503, 0.998874, 0.042089, -0.0219108, -0.0415734, 0.99886, 0.0234788, 0.022874, -0.0225415, 0.999484, 0.00298071  
27, 20.1041, 8.01489, 178.434, 0.998965, 0.0416861, -0.0182165, -0.0413062, 0.998931, 0.0207596, 0.0190624, -0.0199856, 0.999619, 0.00288779  
28, 20.1139, 8.01407, 178.453, 0.998917, 0.0424467, -0.0190477, -0.0420721, 0.998921, 0.0196544, 0.0198614, -0.0188317, 0.999625, 0.00306808  
29, 20.1127, 7.97685, 178.411, 0.99898, 0.041138, -0.0186257, -0.0407531, 0.998957, 0.0205957, 0.0194536, -0.0198156, 0.999614, 0.00314658  
30, 20.0988, 7.98462, 178.419, 0.998946, 0.0419186, -0.0187201, -0.0415076, 0.9989, 0.0218297, 0.0196145, -0.0210297, 0.999586, 0.00285977  
31, 20.1002, 7.97159, 178.426, 0.998952, 0.0413574, -0.0196205, -0.0409692, 0.998964, 0.0197926, 0.0204187, -0.018968, 0.999612, 0.00299735  
32, 20.0738, 7.94832, 178.428, 0.998956, 0.0416924, -0.0186742, -0.04132, 0.998948, 0.0199023, 0.0194844, -0.0191099, 0.999628, 0.00290692  
33, 20.0873, 7.9348, 178.428, 0.998988, 0.0409436, -0.0185957, -0.0405593, 0.998965, 0.0205931, 0.0194196, -0.019818, 0.999615, 0.00314935  
34, 19.9959, 7.97882, 178.507, 0.998882, 0.0419799, -0.0217393, -0.0414868, 0.998882, 0.0226597, 0.0226662, -0.0217325, 0.999507, 0.00331079  
35, 19.981, 7.93372, 178.541, 0.998888, 0.0417413, -0.0219263, -0.0412526, 0.9989, 0.0222861, 0.0228325, -0.0213568, 0.999511, 0.00297627  
36, 20.0184, 7.90853, 178.423, 0.998966, 0.041633, -0.0182387, -0.0412796, 0.99896, 0.0193433, 0.0190251, -0.0185704, 0.999647, 0.00287392  
37, 20.0557, 7.8955, 178.444, 0.998977, 0.0411411, -0.0187964, -0.0407583, 0.998962, 0.0203147, 0.0196127, -0.0195278, 0.999617, 0.002852  
38, 20.0318, 7.89414, 178.438, 0.998967, 0.0410514, -0.0194858, -0.0406341, 0.998946, 0.0213493, 0.0203417, -0.0205355, 0.999582, 0.00312578  
39, 20.043, 7.915, 178.442, 0.998953, 0.0417471, -0.0186964, -0.0413781, 0.998949, 0.0197063, 0.0194995, -0.018912, 0.999631, 0.00298098  
40, 20.014, 7.93731, 178.448, 0.998939, 0.0414319, -0.0201134, -0.041059, 0.998983, 0.0186102, 0.020864, -0.0177646, 0.999624, 0.00295796  
41, 20.0215, 7.89258, 178.446, 0.99897, 0.0409411, -0.0195791, -0.0405485, 0.998976, 0.0200494, 0.0203799, -0.0192348, 0.999607, 0.00290914  
42, 20.0041, 7.91493, 178.43, 0.998977, 0.0409542, -0.0191945, -0.0405672, 0.998974, 0.0201371, 0.0199995, -0.0193378, 0.999613, 0.00283175  
43, 19.9972, 7.89358, 178.428, 0.998946, 0.0418022, -0.0189826, -0.0414019, 0.998922, 0.0210111, 0.0198404, -0.020203, 0.999599, 0.00314519  
44, 19.9297, 7.9285, 178.512, 0.998875, 0.0417202, -0.0225208, -0.0412048, 0.998889, 0.0228858, 0.0234505, -0.0219321, 0.999484, 0.00306808  
45, 20.0199, 7.89769, 178.448, 0.998974, 0.0409959, -0.0192367, -0.0406074, 0.998972, 0.0201729, 0.020044, -0.019371, 0.999611, 0.00294603  
46, 20.0232, 7.92068, 178.426, 0.998902, 0.0419318, -0.0208963, -0.0415869, 0.998996, 0.0166731, 0.0215744, -0.0157858, 0.999643, 0.00305421  
47, 20.0278, 7.85915, 178.426, 0.998987, 0.0410943, -0.0183104, -0.0407069, 0.998949, 0.0210481, 0.0191561, -0.0202814, 0.999611, 0.00292884  
48, 20.0453, 7.90332, 178.434, 0.99896, 0.0416693, -0.0184999, -0.0412969, 0.998945, 0.0200716, 0.0193168, -0.0192868, 0.999627, 0.00308722  
49, 20.0396, 7.91302, 178.445, 0.998943, 0.0417692, -0.0191883, -0.0413791, 0.998937, 0.0202984, 0.0200158, -0.0194829, 0.99961, 0.00307335  
50, 20.0483, 7.93819, 178.443, 0.998959, 0.0409878, -0.0200452, -0.0406468, 0.999027, 0.0171332, 0.0207279, -0.0163006, 0.999652, 0.00302342  
51, 20.0342, 7.88894, 178.427, 0.998979, 0.0412302, -0.0184685, -0.0408578, 0.998963, 0.0201065, 0.0192784, -0.0193314, 0.999627, 0.00280346  
52, 20.0102, 7.94546, 178.528, 0.998915, 0.0407703, -0.0224865, -0.0402663, 0.998937, 0.0224286, 0.0233771, -0.0214989, 0.999496, 0.00295241  
53, 20.0636, 7.91593, 178.421, 0.998979, 0.0413608, -0.0181701, -0.0409931, 0.998956, 0.0201621, 0.018985, -0.0193967, 0.999632, 0.00310886  
54, 20.0735, 7.94267, 178.439, 0.998964, 0.0411969, -0.0193171, -0.0408089, 0.998965, 0.0200696, 0.020124, -0.0192605, 0.999612, 0.00295824  
55, 20.0011, 7.98568, 178.514, 0.998875, 0.0418593, -0.0222618, -0.0413854, 0.998915, 0.0213394, 0.0231309, -0.0203941, 0.999524, 0.00285311  
56, 20.0656, 7.92809, 178.45, 0.999006, 0.0408875, -0.017765, -0.0405252, 0.998972, 0.0203005, 0.0185768, -0.0195604, 0.999636, 0.00322841  
57, 20.0159, 8.00888, 178.538, 0.99892, 0.0410028, -0.0218473, -0.0405133, 0.998928, 0.0223941, 0.0227421, -0.0214848, 0.99951, 0.00342534  
58, 20.0914, 7.99502, 178.441, 0.998944, 0.0419816, -0.0186679, -0.0415977, 0.998924, 0.0204975, 0.0195083, -0.0196993, 0.999616, 0.00289222  
59, 20.1072, 7.97785, 178.431, 0.998978, 0.0414474, -0.018018, -0.041067, 0.998936, 0.0209967, 0.0188691, -0.0202353, 0.999617, 0.00327306  
60, 20.1002, 7.97442, 178.392, 0.998933, 0.0420644, -0.0190769, -0.0417025, 0.99895, 0.0189869, 0.0198555, -0.0181711, 0.999638, 0.00282149  
61, 20.0776, 7.96291, 178.411, 0.998959, 0.0415191, -0.018899, -0.0411544, 0.998966, 0.0192942, 0.0196806, -0.0184964, 0.999635, 0.00305699  
62, 20.0737, 7.98859, 178.427, 0.998955, 0.0419523, -0.0181514, -0.0415702, 0.998916, 0.0209391, 0.0190101, -0.0201627, 0.999616, 0.00291386  
63, 20.1385, 7.95933, 178.431, 0.998964, 0.0418313, -0.0179406, -0.0414579, 0.998926, 0.0207063, 0.0187875, -0.0199411, 0.999625, 0.00293383  
64, 20.0918, 7.99156, 178.428, 0.99897, 0.0415505, -0.0182307, -0.0411741, 0.998941, 0.0205562, 0.0190655, -0.0197844, 0.999622, 0.00328804  
65, 20.0809, 8.00255, 178.42, 0.998943, 0.0420291, -0.0186284, -0.0416313, 0.998907, 0.0212517, 0.0195012, -0.0204537, 0.999601, 0.00281733  
66, 19.9843, 8.05781, 178.52, 0.99887, 0.0421335, -0.022003, -0.0416222, 0.998864, 0.0232024, 0.0229556, -0.0222604, 0.999489, 0.00281373  
67, 19.9697, 8.04854, 178.543, 0.998864, 0.042096, -0.02232, -0.0416026, 0.998889, 0.0221266, 0.0232267, -0.0211729, 0.999506, 0.00285616  
68, 20.0831, 8.0055, 178.433, 0.998998, 0.0411623, -0.0175651, -0.0408024, 0.998959, 0.0203778, 0.0183856, -0.0196407, 0.999638, 0.00301621  
69, 20.0321, 8.01017, 178.443, 0.99897, 0.0414759, -0.0184279, -0.0410889, 0.998937, 0.0209051, 0.0192753, -0.0201263, 0.999612, 0.00357402  
70, 19.9664, 8.04467, 178.524, 0.998852, 0.0424003, -0.0223048, -0.0418906, 0.998861, 0.0228436, 0.023248, -0.021883, 0.99949, 0.00289444  
71, 19.9222, 8.08649, 178.502, 0.998842, 0.0428912, -0.0217923, -0.0424272, 0.998872, 0.0213256, 0.0226824, -0.0203763, 0.999535, 0.00285395  
72, 20.0289, 8.02574, 178.441, 0.998975, 0.041089, -0.0190035, -0.0406949, 0.998958, 0.0206779, 0.0198333, -0.0198833, 0.999606, 0.00284396  
73, 20.0173, 8.00263, 178.425, 0.998963, 0.0414545, -0.0188093, -0.0410552, 0.998933, 0.0211423, 0.0196657, -0.0203481, 0.9996, 0.00285089  
74, 19.9431, 8.07865, 178.512, 0.998867, 0.0418916, -0.0225639, -0.0414025, 0.998906, 0.0217249, 0.0234494, -0.0207661, 0.999509, 0.00478644  
75, 19.9284, 8.07567, 178.526, 0.998885, 0.042001, -0.0215513, -0.0415145, 0.998883, 0.0225481, 0.0224743, -0.0216283, 0.999513, 0.00287087  
76, 20.0186, 8.02523, 178.467, 0.998958, 0.0411719, -0.0197137, -0.0407794, 0.99897, 0.019915, 0.0205133, -0.0190903, 0.999607, 0.0028545  
77, 19.9243, 8.04665, 178.525, 0.998912, 0.041087, -0.0220714, -0.0405876, 0.99892, 0.0226173, 0.0229768, -0.0216968, 0.999501, 0.00296573  
78, 19.9287, 8.01981, 178.519, 0.998887, 0.0419301, -0.0216196, -0.0414328, 0.998877, 0.0229628, 0.0225582, -0.0220414, 0.999503, 0.00283065  
79, 20.0215, 7.95352, 178.462, 0.999, 0.0407793, -0.0183553, -0.0404063, 0.998978, 0.020253, 0.0191624, -0.019491, 0.999626, 0.00330358  
80, 19.9172, 8.01407, 178.521, 0.998889, 0.0418956, -0.0215769, -0.0413993, 0.998879, 0.0229568, 0.0225145, -0.022038, 0.999504, 0.00282621  
81, 20.0005, 7.98225, 178.446, 0.998949, 0.0418281, -0.0187555, -0.0414479, 0.998936, 0.0202194, 0.0195813, -0.0194208, 0.99962, 0.00282454  
82, 19.9808, 7.96964, 178.425, 0.998935, 0.0420805, -0.018924, -0.041687, 0.998916, 0.0207263, 0.0197757, -0.0199154, 0.999606, 0.00292939  
83, 20.0382, 8.02515, 178.449, 0.998926, 0.0419237, -0.0197163, -0.0415294, 0.998937, 0.0200012, 0.0205339, -0.0191609, 0.999606, 0.00288695  
84, 19.9553, 8.01523, 178.507, 0.998878, 0.0418182, -0.0222048, -0.0413058, 0.998881, 0.0230537, 0.023144, -0.0221107, 0.999488, 0.00353352  
85, 19.9637, 8.01602, 178.526, 0.998905, 0.041136, -0.0222739, -0.0406344, 0.99892, 0.0225223, 0.0231763, -0.0215926, 0.999498, 0.00286559  
86, 20.0578, 7.95103, 178.443, 0.998976, 0.0415142, -0.018014, -0.0411359, 0.998935, 0.0208857, 0.0188619, -0.0201233, 0.99962, 0.00291414  
87, 20.0433, 7.96923, 178.439, 0.998967, 0.041509, -0.0184986, -0.0411259, 0.998941, 0.0206316, 0.0193354, -0.0198495, 0.999616, 0.0027147  
88, 20.0728, 7.98123, 178.453, 0.998949, 0.0420471, -0.0182556, -0.0416796, 0.99893, 0.0200657, 0.0190797, -0.0192837, 0.999632, 0.00288834  
89, 20.0832, 7.87826, 178.428, 0.998948, 0.0418454, -0.0187348, -0.0415227, 0.998988, 0.0172943, 0.0194395, -0.0164982, 0.999675, 0.00282482  
90, 20.066, 7.83527, 178.437, 0.999, 0.0411669, -0.0174658, -0.0408631, 0.999013, 0.0174098, 0.0181652, -0.0166787, 0.999696, 0.00290498  
91, 20.0468, 7.77447, 178.419, 0.998952, 0.0416621, -0.0189453, -0.041379, 0.999029, 0.0150995, 0.019556, -0.0142997, 0.999706, 0.00292745  
92, 20.072, 7.72463, 178.407, 0.998917, 0.0421932, -0.0195865, -0.0419457, 0.999037, 0.0128791, 0.020111, -0.0120436, 0.999725, 0.0029735  
93, 20.1001, 7.67171, 178.436, 0.998978, 0.0407933, -0.0194755, -0.0405853, 0.999116, 0.0109602, 0.0199054, -0.0101585, 0.99975, 0.00282676  
94, 20.0541, 7.62014, 178.422, 0.998968, 0.0411194, -0.0192726, -0.0409208, 0.999106, 0.0105882, 0.0196908, -0.00978867, 0.999758, 0.00285006  
95, 20.0772, 7.59587, 178.406, 0.998947, 0.0418039, -0.0188938, -0.0416557, 0.999099, 0.00817296, 0.0192184, -0.00737733, 0.999788, 0.00276297  
96, 20.0606, 7.56422, 178.425, 0.998946, 0.0417657, -0.019021, -0.0416309, 0.999105, 0.00743148, 0.0193144, -0.00663179, 0.999791, 0.00291081  
97, 20.0274, 7.50704, 178.454, 0.998945, 0.0419017, -0.0187755, -0.0417987, 0.999109, 0.00584341, 0.0190036, -0.00505246, 0.999807, 0.00277517  
98, 20.0078, 7.51934, 178.44, 0.998939, 0.04241, -0.0179447, -0.0423257, 0.999091, 0.00505009, 0.0181426, -0.00428521, 0.999826, 0.00284063  
99, 20.0122, 7.49741, 178.452, 0.998899, 0.0431242, -0.01848, -0.0430704, 0.999067, 0.00330302, 0.0186052, -0.00250344, 0.999824, 0.00282815  
100, 19.9929, 7.49158, 178.45, 0.998872, 0.0432361, -0.0196119, -0.0432215, 0.999065, 0.0011685, 0.0196441, -0.000319522, 0.999807, 0.00282205  
101, 20.0016, 7.49096, 178.48, 0.998897, 0.0425828, -0.0197961, -0.0426164, 0.999091, -0.00127943, 0.0197236, 0.00212166, 0.999803, 0.00296185  
102, 19.9538, 7.46675, 178.497, 0.998896, 0.043018, -0.0188811, -0.0430624, 0.99907, -0.0019473, 0.0187798, 0.00275821, 0.99982, 0.00286005  
103, 19.9486, 7.40176, 178.489, 0.998863, 0.0433622, -0.0198138, -0.043463, 0.999044, -0.00468728, 0.0195916, 0.00554311, 0.999793, 0.00287197  
104, 19.9388, 7.32358, 178.508, 0.998848, 0.0436608, -0.0199204, -0.0438473, 0.998998, -0.0090211, 0.0195066, 0.00988416, 0.999761, 0.00284757  
105, 19.8908, 7.32863, 178.526, 0.998865, 0.0431844, -0.0201201, -0.0434377, 0.99898, -0.0123283, 0.0195672, 0.0131883, 0.999722, 0.00292995  
106, 19.8943, 7.34849, 178.526, 0.998867, 0.0431222, -0.0201422, -0.0433787, 0.998981, -0.0124783, 0.0195836, 0.0133379, 0.999719, 0.00294659  
107, 19.8684, 7.3644, 178.561, 0.998876, 0.043332, -0.0192285, -0.0436108, 0.998946, -0.0143226, 0.0185876, 0.015145, 0.999713, 0.00301982  
108, 19.8741, 7.37384, 178.523, 0.998833, 0.0443235, -0.0191648, -0.0446244, 0.998883, -0.0155662, 0.0184534, 0.0164032, 0.999695, 0.00288279  
109, 19.8922, 7.4319, 178.561, 0.99889, 0.0428128, -0.0196584, -0.04317, 0.998903, -0.0181183, 0.0188611, 0.0189469, 0.999643, 0.00290914  
110, 19.8696, 7.41162, 178.527, 0.998817, 0.0442427, -0.0201764, -0.0446623, 0.998785, -0.0208458, 0.0192296, 0.0217223, 0.999579, 0.00286254  
111, 19.8798, 7.4414, 178.537, 0.998819, 0.044111, -0.0203641, -0.0445853, 0.99873, -0.023456, 0.0193036, 0.0243362, 0.999517, 0.00303174  
112, 19.8493, 7.474, 178.556, 0.998796, 0.0449853, -0.0195861, -0.0454816, 0.998635, -0.0256823, 0.018404, 0.0265422, 0.999478, 0.00317404  
113, 19.8595, 7.53381, 178.566, 0.99879, 0.0449649, -0.0199332, -0.0455002, 0.998592, -0.0272659, 0.0186791, 0.0281399, 0.999429, 0.00296462  
114, 19.891, 7.56868, 178.594, 0.99881, 0.0440968, -0.020819, -0.044704, 0.99856, -0.0296588, 0.0194812, 0.0305542, 0.999343, 0.00294742  
115, 19.8685, 7.6244, 178.595, 0.998778, 0.0446582, -0.0211783, -0.0452928, 0.998508, -0.0305009, 0.0197846, 0.0314228, 0.99931, 0.00289611  
116, 19.8526, 7.6582, 178.586, 0.998775, 0.0450504, -0.0204491, -0.045722, 0.998387, -0.0336593, 0.0188998, 0.0345531, 0.999224, 0.00292967  
117, 19.8487, 7.74523, 178.593, 0.99876, 0.0455782, -0.0200258, -0.0462617, 0.998312, -0.0351068, 0.0183919, 0.0359897, 0.999183, 0.00315462  
118, 19.8675, 7.7833, 178.62, 0.998789, 0.0448139, -0.0203131, -0.0455742, 0.998213, -0.0386497, 0.0185447, 0.0395287, 0.999046, 0.00294104  
119, 19.8778, 7.76098, 178.622, 0.998829, 0.0447076, -0.0185059, -0.0454277, 0.998146, -0.0405164, 0.0166602, 0.0413097, 0.999007, 0.00285034  
120, 19.8805, 7.76843, 178.618, 0.998794, 0.0453727, -0.0187801, -0.0461562, 0.997981, -0.0436323, 0.0167625, 0.0444464, 0.998871, 0.00310913  
121, 19.9076, 7.78218, 178.636, 0.998766, 0.0457038, -0.0194453, -0.0465751, 0.997809, -0.0469981, 0.0172547, 0.0478458, 0.998706, 0.00302814  
122, 19.9258, 7.86075, 178.676, 0.998833, 0.0440282, -0.0198641, -0.0449581, 0.997782, -0.0490856, 0.0176589, 0.0499214, 0.998597, 0.00319096  
123, 19.8899, 7.8408, 178.656, 0.9988, 0.0452922, -0.0186426, -0.0462016, 0.997596, -0.0516436, 0.0162588, 0.0524429, 0.998492, 0.00286171  
124, 19.9073, 7.89373, 178.663, 0.998807, 0.0448356, -0.0193229, -0.0458158, 0.997506, -0.0536857, 0.0168677, 0.054507, 0.998371, 0.00294243  
125, 19.8914, 7.92514, 178.675, 0.998818, 0.0446232, -0.0192624, -0.0456414, 0.99738, -0.0561246, 0.0167075, 0.0569374, 0.998238, 0.0028337  
126, 19.8994, 7.99083, 178.647, 0.998741, 0.0460499, -0.0198789, -0.047155, 0.997128, -0.0592588, 0.0170929, 0.0601216, 0.998045, 0.00304395  
127, 19.9031, 8.03524, 178.66, 0.998748, 0.0462504, -0.0190484, -0.0473428, 0.996979, -0.0615746, 0.016143, 0.0623993, 0.997921, 0.00313659  
128, 19.8882, 8.07814, 178.667, 0.998772, 0.0456747, -0.0191919, -0.0468408, 0.996753, -0.0654921, 0.0161383, 0.0663107, 0.997669, 0.0029219  
129, 19.9106, 8.11945, 178.678, 0.998753, 0.0459708, -0.0194668, -0.0471965, 0.996565, -0.0680503, 0.0162716, 0.0688842, 0.997492, 0.00297044  
130, 19.87, 8.21626, 178.673, 0.998754, 0.0457598, -0.0199257, -0.0470536, 0.996422, -0.0702031, 0.0166419, 0.0710532, 0.997334, 0.00296074  
131, 19.8356, 8.33143, 178.649, 0.998692, 0.047301, -0.0193999, -0.0486447, 0.995927, -0.0759162, 0.01573, 0.0767606, 0.996925, 0.00299152  
132, 19.8856, 8.47624, 178.64, 0.998657, 0.0477007, -0.0202226, -0.0491407, 0.995743, -0.0779854, 0.0164166, 0.0788744, 0.996749, 0.00308056  
133, 19.8474, 8.48097, 178.627, 0.998747, 0.0460529, -0.0195937, -0.0474866, 0.995631, -0.0804016, 0.0158053, 0.0812313, 0.99657, 0.00293605  
134, 19.8149, 8.63204, 178.609, 0.998606, 0.0482731, -0.0213613, -0.0499388, 0.995052, -0.085897, 0.0171091, 0.086844, 0.996075, 0.00299901  
135, 19.769, 8.76819, 178.621, 0.998588, 0.049062, -0.0203788, -0.0506664, 0.994869, -0.0875693, 0.0159779, 0.0884781, 0.99595, 0.00287197  
136, 19.7386, 8.92196, 178.627, 0.998544, 0.0497897, -0.0207433, -0.0514773, 0.994531, -0.0908708, 0.0161054, 0.0918063, 0.995647, 0.00306669  
137, 19.6878, 9.0235, 178.646, 0.998516, 0.0501632, -0.0211938, -0.0519483, 0.994182, -0.0943581, 0.0163371, 0.0953191, 0.995313, 0.00296074  
138, 19.6522, 9.13893, 178.576, 0.998444, 0.0514817, -0.0214241, -0.0533243, 0.993868, -0.0968688, 0.0163058, 0.0978605, 0.995067, 0.00284784  
139, 19.623, 9.29393, 178.589, 0.998477, 0.0507894, -0.0215631, -0.0527156, 0.993497, -0.100922, 0.0162971, 0.101905, 0.994661, 0.0029502  
140, 19.6074, 9.47481, 178.568, 0.998439, 0.0516937, -0.0211594, -0.0536088, 0.993225, -0.103102, 0.0156863, 0.104075, 0.994446, 0.00291719  
141, 19.5442, 9.7326, 178.543, 0.998462, 0.0507129, -0.0224054, -0.0527981, 0.993051, -0.105172, 0.0169161, 0.106194, 0.994202, 0.00307973  
142, 19.5206, 10.0454, 178.556, 0.998387, 0.0518395, -0.0231614, -0.0540231, 0.992839, -0.106542, 0.0174724, 0.107622, 0.994038, 0.00314713  
143, 19.5223, 10.2772, 178.526, 0.998367, 0.0515778, -0.024547, -0.0539775, 0.992465, -0.110001, 0.0186884, 0.111146, 0.993628, 0.00293688  
144, 19.5657, 10.5579, 178.51, 0.998318, 0.0524144, -0.0247781, -0.0548881, 0.992098, -0.112826, 0.0186686, 0.113996, 0.993306, 0.00288335  
145, 19.4751, 11.0135, 178.511, 0.99825, 0.0537398, -0.0246968, -0.0562213, 0.991867, -0.114192, 0.0183593, 0.115381, 0.993152, 0.00278737  
146, 19.5347, 11.3439, 178.494, 0.998166, 0.0538156, -0.0277344, -0.0567374, 0.991345, -0.118388, 0.0211233, 0.119744, 0.99258, 0.00311385  
147, 19.4996, 11.7038, 178.493, 0.998174, 0.0538641, -0.0273426, -0.0567328, 0.991379, -0.118109, 0.0207451, 0.119445, 0.992624, 0.00314408  
148, 19.5394, 12.1743, 178.456, 0.998126, 0.0549003, -0.0270395, -0.0577651, 0.991087, -0.120042, 0.0202082, 0.121379, 0.992401, 0.00280291  
149, 19.4674, 12.6864, 178.472, 0.99809, 0.0543442, -0.0293729, -0.0575573, 0.99077, -0.122723, 0.0224325, 0.12418, 0.992006, 0.00304228  
150, 19.4799, 13.1394, 178.429, 0.998079, 0.054854, -0.0287867, -0.0579962, 0.990713, -0.122981, 0.0217733, 0.124415, 0.991991, 0.00291996  
151, 19.5475, 13.7337, 178.458, 0.998099, 0.0542568, -0.0292467, -0.0574239, 0.990948, -0.121348, 0.0223981, 0.122796, 0.992179, 0.00306753  
152, 19.5685, 14.2928, 178.464, 0.998207, 0.0519264, -0.0297803, -0.0551666, 0.991123, -0.12096, 0.0232349, 0.122386, 0.992211, 0.00311024  
153, 19.5453, 14.9165, 178.449, 0.998229, 0.0516871, -0.029438, -0.0548581, 0.991293, -0.119705, 0.0229945, 0.121107, 0.992373, 0.00301233  
154, 19.4862, 15.5125, 178.47, 0.998277, 0.0518911, -0.0273778, -0.0547933, 0.991397, -0.118866, 0.0209742, 0.120161, 0.992533, 0.00282676  
155, 19.4931, 16.2018, 178.454, 0.998262, 0.052091, -0.0275474, -0.055055, 0.99114, -0.120878, 0.0210067, 0.122184, 0.992285, 0.00291469  
156, 19.567, 16.9459, 178.525, 0.998305, 0.0514241, -0.0272531, -0.0543749, 0.991072, -0.121739, 0.0207495, 0.123015, 0.992188, 0.00314075  
157, 19.5747, 17.6277, 178.519, 0.998318, 0.0526866, -0.0241864, -0.0552267, 0.991192, -0.120371, 0.0176314, 0.121504, 0.992434, 0.00312633  
158, 19.5775, 18.5136, 178.661, 0.998378, 0.0518279, -0.0235567, -0.054386, 0.990597, -0.125536, 0.0168289, 0.126613, 0.991809, 0.00288168  
159, 19.5701, 19.2324, 178.616, 0.998382, 0.0521391, -0.0226824, -0.05458, 0.990618, -0.125288, 0.0159372, 0.126323, 0.991861, 0.00294825  
160, 19.5899, 20.0265, 178.631, 0.998437, 0.0519539, -0.0205833, -0.0541185, 0.990757, -0.124385, 0.0139308, 0.125304, 0.992021, 0.00296906  
161, 19.6975, 20.9425, 178.62, 0.998436, 0.0497344, -0.0255229, -0.0525534, 0.990726, -0.125304, 0.0190543, 0.126449, 0.99179, 0.00292301  
162, 19.7642, 21.9035, 178.606, 0.998452, 0.0501995, -0.023951, -0.0527501, 0.991181, -0.121565, 0.0176372, 0.12264, 0.992294, 0.00324089  
163, 19.8662, 23.0352, 178.549, 0.998473, 0.050526, -0.0223161, -0.0527731, 0.991919, -0.11538, 0.0163061, 0.116381, 0.993071, 0.00287142  
164, 20.0254, 24.1287, 178.548, 0.998478, 0.0495474, -0.0242312, -0.0520226, 0.991966, -0.115309, 0.0183233, 0.116394, 0.993034, 0.0028423  
165, 20.1821, 25.2419, 178.539, 0.998518, 0.0487054, -0.0242844, -0.0511633, 0.992191, -0.113755, 0.0185543, 0.114829, 0.993212, 0.00288085  
166, 20.3846, 26.5122, 178.486, 0.998471, 0.0493869, -0.0248411, -0.0519365, 0.991957, -0.115429, 0.0189407, 0.116542, 0.993005, 0.0030642  
167, 20.509, 27.8379, 178.509, 0.998492, 0.0495714, -0.0235807, -0.0519018, 0.992413, -0.111457, 0.0178767, 0.112513, 0.993489, 0.00335128  
168, 20.6407, 29.1639, 178.525, 0.998507, 0.0492682, -0.0235963, -0.0515478, 0.992764, -0.108454, 0.0180822, 0.109508, 0.993821, 0.00287891  
169, 20.7162, 30.5279, 178.523, 0.998512, 0.0503881, -0.0208645, -0.052292, 0.993211, -0.103915, 0.0154868, 0.104852, 0.994367, 0.00291691  
170, 20.753, 31.8505, 178.516, 0.998547, 0.0499189, -0.0202914, -0.0517132, 0.993594, -0.100483, 0.0151454, 0.101387, 0.994732, 0.00293494  
171, 20.8306, 33.1918, 178.518, 0.9987, 0.0481806, -0.0166714, -0.0495468, 0.99428, -0.0946139, 0.0120175, 0.0953169, 0.995374, 0.00315046  
172, 20.9365, 34.7182, 178.554, 0.998757, 0.0474571, -0.0152645, -0.0486665, 0.99455, -0.0922109, 0.0108053, 0.0928391, 0.995622, 0.00304034  
173, 21.0026, 36.2701, 178.53, 0.99877, 0.0475281, -0.0141459, -0.0485869, 0.99498, -0.0874926, 0.00991652, 0.0880723, 0.996065, 0.00294853  
174, 21.0939, 37.8254, 178.498, 0.998664, 0.049457, -0.0149909, -0.0505308, 0.995298, -0.0826359, 0.0108335, 0.083283, 0.996467, 0.00285006  
175, 21.3165, 39.4198, 178.556, 0.998748, 0.0482296, -0.0133004, -0.0491064, 0.99588, -0.0762402, 0.00956856, 0.0767979, 0.997001, 0.00294936  
176, 21.426, 40.9755, 178.577, 0.998729, 0.0487835, -0.0126724, -0.0495927, 0.996005, -0.0742636, 0.00899891, 0.0747977, 0.997158, 0.00305255  
177, 21.5844, 42.6754, 178.578, 0.998741, 0.0488393, -0.0114585, -0.0495432, 0.996142, -0.0724273, 0.00787703, 0.0729038, 0.997308, 0.00313576  
178, 21.7742, 44.2503, 178.592, 0.998889, 0.0459972, -0.0102756, -0.0466011, 0.996499, -0.0694078, 0.00704703, 0.0698095, 0.997535, 0.00295352  
179, 22.4548, 45.4377, 178.535, 0.982812, -0.148725, -0.10937, -0.140391, -0.98683, 0.0803532, -0.11988, -0.0636175, -0.990748, 0.00292606  
180, 22.4782, 47.2603, 178.481, 0.982, -0.152765, -0.111079, -0.144864, -0.986523, 0.0760674, -0.121202, -0.0586068, -0.990896, 0.00288335  
181, 22.6592, 49.0221, 178.407, 0.982035, -0.154732, -0.108006, -0.147202, -0.986292, 0.0745623, -0.118063, -0.057324, -0.99135, 0.00306337  
182, 22.4273, 51.3778, 178.371, 0.998689, 0.0503123, -0.00938609, -0.0507319, 0.997373, -0.0517073, 0.00675992, 0.0521157, 0.998618, 0.00303091  
183, 22.5593, 53.1949, 178.367, 0.998747, 0.0494008, -0.00804794, -0.0497175, 0.997722, -0.0455922, 0.00577732, 0.0459352, 0.998928, 0.00293827  
184, 22.5805, 55.0876, 178.385, 0.998717, 0.0503578, -0.00540305, -0.0505339, 0.997923, -0.0399532, 0.00337987, 0.040175, 0.999187, 0.00287253  
185, 22.5849, 56.8746, 178.457, 0.998814, 0.0485729, -0.0033404, -0.0486577, 0.998252, -0.0335529, 0.0017048, 0.0336756, 0.999431, 0.00287197  
186, 22.623, 58.7004, 178.427, 0.99888, 0.047005, -0.00537114, -0.0471452, 0.998439, -0.0299341, 0.00395571, 0.0301538, 0.999537, 0.00310913  
187, 22.6848, 60.3688, 178.434, 0.998949, 0.0456477, -0.00412968, -0.0457296, 0.998698, -0.0225989, 0.00309272, 0.022764, 0.999736, 0.00290554  
188, 22.7543, 62.2536, 178.443, 0.998943, 0.0455941, -0.00585004, -0.0456814, 0.998832, -0.0157715, 0.00512412, 0.0160221, 0.999859, 0.00289  
189, 22.8393, 64.0958, 178.503, 0.998953, 0.0448762, -0.00891013, -0.0449902, 0.998902, -0.013041, 0.00831512, 0.0134282, 0.999875, 0.00292024  
190, 22.8405, 66.0268, 178.502, 0.998908, 0.0454733, -0.0107684, -0.0455931, 0.998898, -0.0111537, 0.0102493, 0.0116325, 0.99988, 0.00281955  
191, 22.7897, 67.9204, 178.566, 0.998867, 0.0467435, -0.00887777, -0.0467934, 0.998889, -0.00549618, 0.008611, 0.00590537, 0.999945, 0.00304756  
192, 22.711, 69.7926, 178.593, 0.998786, 0.0487218, -0.00728437, -0.0487492, 0.998804, -0.00362695, 0.00709895, 0.00397765, 0.999967, 0.00308361  
193, 22.749, 71.644, 178.597, 0.998726, 0.0500336, -0.00651472, -0.0500656, 0.998734, -0.00484647, 0.00626399, 0.00516646, 0.999967, 0.00297017  
194, 22.7805, 73.5813, 178.578, 0.998638, 0.0519342, -0.00497505, -0.0519269, 0.99865, 0.00159752, 0.00505129, -0.00133701, 0.999986, 0.00294493  
195, 22.83, 75.5173, 178.529, 0.998599, 0.0527654, -0.00391104, -0.052731, 0.998573, 0.0084307, 0.0043503, -0.00821265, 0.999957, 0.00290554  
196, 22.869, 77.4659, 178.459, 0.998618, 0.0523598, -0.00452408, -0.0522794, 0.998499, 0.0163563, 0.0053737, -0.0160972, 0.999856, 0.00306198  
197, 22.9484, 79.2992, 178.451, 0.998606, 0.0522976, -0.00715456, -0.0521588, 0.99847, 0.0183773, 0.0081047, -0.0179785, 0.999806, 0.00306697  
198, 23.0195, 81.0726, 178.392, 0.998556, 0.0531462, -0.00780978, -0.0529495, 0.99832, 0.0235464, 0.00904805, -0.0230988, 0.999692, 0.00301954  
199, 23.1205, 82.8254, 178.482, 0.998588, 0.0528545, -0.00533446, -0.0526935, 0.998251, 0.0268065, 0.00674197, -0.0264876, 0.999626, 0.0029366  
200, 23.2775, 84.4148, 178.625, 0.998703, 0.0508732, -0.00195201, -0.0507969, 0.998301, 0.0285485, 0.00340105, -0.0284124, 0.999591, 0.00291025  
201, 23.425, 86.3552, 178.776, 0.99878, 0.0493663, -0.000928145, -0.0492969, 0.998081, 0.0374627, 0.00277576, -0.0373712, 0.999298, 0.00288224  
202, 23.5422, 88.2012, 178.829, 0.998693, 0.0509905, -0.00361078, -0.0508167, 0.997983, 0.0380511, 0.00554374, -0.0378179, 0.999269, 0.00311191  
203, 23.5315, 90.0057, 178.748, 0.998506, 0.0543525, -0.00553535, -0.0540718, 0.997646, 0.0421749, 0.00781463, -0.0418126, 0.999095, 0.00296878  
204, 23.4043, 91.7658, 178.66, 0.998443, 0.0543852, -0.0124301, -0.053796, 0.997598, 0.0436341, 0.0147733, -0.0428974, 0.99897, 0.00292384  
205, 23.3111, 93.4674, 178.565, 0.99853, 0.05287, -0.0119632, -0.0522449, 0.997499, 0.0476127, 0.0144505, -0.0469177, 0.998794, 0.00289222  
206, 23.2552, 95.1478, 178.578, 0.998604, 0.0523275, -0.00724549, -0.0518801, 0.99729, 0.052172, 0.00995588, -0.0517233, 0.998612, 0.00305227  
207, 23.1484, 96.7541, 178.606, 0.998762, 0.0496177, -0.00354782, -0.0493336, 0.997139, 0.0572739, 0.00637947, -0.057028, 0.998352, 0.00308334  
208, 23.0317, 98.5065, 178.566, 0.998843, 0.0479853, -0.00330431, -0.0476761, 0.996811, 0.0639854, 0.00636413, -0.0637538, 0.997945, 0.00296157  
209, 22.7515, 100.153, 178.425, 0.998804, 0.0485075, -0.00611281, -0.0480207, 0.996811, 0.0637278, 0.0091846, -0.063358, 0.997949, 0.00294909  
210, 22.5023, 101.817, 178.307, 0.99865, 0.0511328, -0.0091156, -0.0504517, 0.996696, 0.063656, 0.0123404, -0.0631102, 0.99793, 0.00290803  
211, 22.3837, 103.323, 178.204, 0.998556, 0.0528276, -0.00976294, -0.0520668, 0.996437, 0.0663432, 0.0132329, -0.0657391, 0.997749, 0.00297155  
212, 22.1935, 104.979, 178.216, 0.998424, 0.0546847, -0.0125784, -0.0537024, 0.996214, 0.0683604, 0.0162691, -0.0675772, 0.997581, 0.00299236  
213, 22.0934, 106.452, 178.277, 0.998395, 0.0546298, -0.0149451, -0.0534455, 0.996071, 0.0706195, 0.0187443, -0.0697074, 0.997391, 0.00302426  
214, 21.8697, 107.921, 178.287, 0.998288, 0.0560966, -0.0165451, -0.0547822, 0.995945, 0.0713639, 0.0204813, -0.0703354, 0.997313, 0.00288806  
215, 21.8202, 109.241, 178.442, 0.998398, 0.0541014, -0.0165483, -0.0528231, 0.996161, 0.0698051, 0.0202613, -0.0688191, 0.997423, 0.00283065  
216, 21.667, 110.544, 178.573, 0.998424, 0.0534394, -0.0171297, -0.0522014, 0.996453, 0.0660064, 0.0205963, -0.0650082, 0.997672, 0.00309748  
217, 21.5013, 111.797, 178.67, 0.998302, 0.0553726, -0.0180621, -0.0541051, 0.996457, 0.0643953, 0.0215638, -0.0633087, 0.997761, 0.00308445  
218, 21.322, 113.092, 178.737, 0.998264, 0.0552984, -0.0202874, -0.0540083, 0.996771, 0.0594126, 0.0235073, -0.0582137, 0.998027, 0.00297183  
219, 21.2427, 114.214, 178.786, 0.998321, 0.0542529, -0.020271, -0.0528992, 0.99666, 0.0622212, 0.023579, -0.0610445, 0.997857, 0.0030151  
220, 20.9441, 115.502, 178.727, 0.998263, 0.0546811, -0.0219305, -0.0531878, 0.996551, 0.0637025, 0.0253382, -0.0624254, 0.997728, 0.00288695  
221, 20.6939, 116.751, 178.563, 0.998247, 0.0542465, -0.023679, -0.0525452, 0.996344, 0.0673658, 0.0272468, -0.0660035, 0.997447, 0.00313854  
222, 20.5613, 117.653, 178.58, 0.998258, 0.0532979, -0.0253182, -0.0514848, 0.996387, 0.0675507, 0.0288271, -0.0661295, 0.997395, 0.00307058  
223, 20.3303, 118.893, 178.658, 0.99815, 0.052911, -0.0299636, -0.0506147, 0.996061, 0.0728057, 0.0336977, -0.0711544, 0.996896, 0.00294631  
224, 19.9699, 120.082, 178.604, 0.998176, 0.0525992, -0.0296176, -0.050525, 0.99648, 0.0668926, 0.0330318, -0.0652741, 0.997321, 0.00289306  
225, 19.7517, 121.233, 178.689, 0.998098, 0.0539053, -0.0299059, -0.05177, 0.996335, 0.0680876, 0.0334666, -0.0664099, 0.997231, 0.00290443  
226, 19.561, 122.248, 178.678, 0.997995, 0.0558885, -0.0297102, -0.0539169, 0.996527, 0.0634642, 0.0331539, -0.061735, 0.997542, 0.00309637  
227, 19.44, 123.533, 178.672, 0.997956, 0.0553965, -0.0318554, -0.0531658, 0.996332, 0.0670559, 0.0354532, -0.0652252, 0.997241, 0.00316045  
228, 19.3282, 124.465, 178.662, 0.997914, 0.0546637, -0.0343334, -0.0523531, 0.996516, 0.064929, 0.037763, -0.0629962, 0.997299, 0.00296878  
229, 19.2362, 125.309, 178.715, 0.998054, 0.0528875, -0.0330323, -0.0506606, 0.996601, 0.0649578, 0.0363554, -0.063158, 0.997341, 0.00301427  
230, 19.1404, 126.278, 178.732, 0.998156, 0.0518714, -0.0315238, -0.0497488, 0.996661, 0.0647471, 0.0347771, -0.0630595, 0.997404, 0.00296406  
231, 19.1774, 127.014, 178.863, 0.998181, 0.0495633, -0.0343268, -0.047624, 0.99734, 0.0551786, 0.0369703, -0.0534434, 0.997886, 0.00316378  
232, 19.1929, 128.093, 178.854, 0.998106, 0.0522595, -0.0324495, -0.0503967, 0.99717, 0.0557893, 0.0352732, -0.0540483, 0.997915, 0.00318458  
233, 19.3393, 128.888, 178.875, 0.998007, 0.0540352, -0.032588, -0.0522928, 0.99727, 0.0521409, 0.0353164, -0.0503329, 0.998108, 0.00287336  
234, 19.6646, 129.753, 178.874, 0.997845, 0.0554512, -0.035078, -0.0537328, 0.997393, 0.0481686, 0.0376575, -0.04618, 0.998223, 0.00284174  
235, 19.8009, 130.593, 178.889, 0.99787, 0.0556143, -0.0340982, -0.0540818, 0.997552, 0.0443296, 0.0364801, -0.042391, 0.998435, 0.00298098  
236, 19.9613, 131.508, 178.868, 0.997734, 0.0585667, -0.033126, -0.057141, 0.997463, 0.0424635, 0.0355289, -0.0404744, 0.998549, 0.00313382  
237, 20.1319, 132.211, 178.864, 0.99778, 0.0585495, -0.0317199, -0.0573377, 0.997637, 0.0378533, 0.0338612, -0.0359505, 0.99878, 0.00321953  
238, 20.2651, 133.082, 178.864, 0.997713, 0.0600138, -0.0310933, -0.0589124, 0.997642, 0.035205, 0.0331328, -0.0332927, 0.998896, 0.00301122  
239, 20.5063, 133.668, 178.929, 0.997862, 0.0591648, -0.0277493, -0.0582469, 0.997763, 0.0327974, 0.0296277, -0.031111, 0.999077, 0.00306975  
240, 20.6524, 134.389, 178.902, 0.997842, 0.0594851, -0.0277899, -0.0586352, 0.997815, 0.0304582, 0.0295409, -0.028763, 0.99915, 0.0029735  
241, 20.9497, 134.995, 178.895, 0.99789, 0.0593171, -0.0264015, -0.0586368, 0.997945, 0.0258367, 0.0278798, -0.0242341, 0.999317, 0.00313243  
242, 21.1875, 135.577, 178.829, 0.99787, 0.0600929, -0.0253677, -0.0595732, 0.998008, 0.0207662, 0.0265651, -0.0192107, 0.999462, 0.0030262  
243, 21.3615, 136.328, 178.821, 0.997851, 0.0607721, -0.0245156, -0.060217, 0.997925, 0.0227798, 0.0258492, -0.0212546, 0.99944, 0.00299985  
244, 21.6183, 136.939, 178.785, 0.997794, 0.0609484, -0.026314, -0.060518, 0.998025, 0.0168561, 0.0272894, -0.0152264, 0.999512, 0.00285367  
245, 21.821, 137.601, 178.718, 0.997793, 0.0613131, -0.0255052, -0.0609334, 0.998023, 0.0154098, 0.0263996, -0.0138217, 0.999556, 0.00303868  
246, 22.1261, 138.302, 178.628, 0.99778, 0.0628758, -0.0219308, -0.0626927, 0.997993, 0.00893801, 0.0224487, -0.00754327, 0.99972, 0.00322841  
247, 22.4054, 138.987, 178.628, 0.997827, 0.0630852, -0.019027, -0.0629883, 0.997998, 0.00565251, 0.0193455, -0.00444175, 0.999803, 0.00317348  
248, 22.7992, 139.727, 178.708, 0.997949, 0.0617068, -0.0170091, -0.0616701, 0.998093, 0.00267472, 0.0171417, -0.00162029, 0.999852, 0.00302869  
249, 23.0857, 140.397, 178.779, 0.997884, 0.0635889, -0.0135871, -0.0636557, 0.997962, -0.00454223, 0.0132706, 0.00539752, 0.999897, 0.00286615  
250, 23.4147, 141.024, 178.838, 0.997904, 0.063515, -0.012388, -0.0636131, 0.997945, -0.00769446, 0.0118738, 0.00846637, 0.999894, 0.00298625  
251, 23.7296, 141.868, 178.796, 0.997934, 0.0635886, -0.00922784, -0.0636982, 0.997896, -0.0121061, 0.00843861, 0.0126689, 0.999884, 0.0029649  
252, 23.8764, 142.509, 178.777, 0.997811, 0.0657087, -0.0074039, -0.0658048, 0.99774, -0.0135855, 0.00649449, 0.014043, 0.99988, 0.00317459  
253, 24.1619, 143.283, 178.71, 0.997785, 0.0661268, -0.00728679, -0.0662451, 0.997651, -0.0174207, 0.0061177, 0.0178648, 0.999822, 0.00288917  
254, 24.4829, 144.087, 178.722, 0.997674, 0.0676897, -0.00805899, -0.0678395, 0.997495, -0.0200501, 0.00668162, 0.0205502, 0.999766, 0.00287919  
255, 24.7392, 144.743, 178.73, 0.997706, 0.067259, -0.00766245, -0.0674215, 0.99745, -0.023405, 0.00606871, 0.023868, 0.999697, 0.00292135  
256, 24.9554, 145.449, 178.723, 0.997557, 0.0694444, -0.00760208, -0.0696482, 0.997089, -0.0310179, 0.00542593, 0.0314716, 0.99949, 0.00298071  
257, 25.1427, 146.127, 178.713, 0.997668, 0.0680509, -0.0052387, -0.0681845, 0.997156, -0.0320995, 0.0030394, 0.0323819, 0.999471, 0.00284895  
258, 25.3588, 146.883, 178.727, 0.997627, 0.068514, -0.00672489, -0.0687215, 0.996908, -0.0381043, 0.00409342, 0.0384761, 0.999251, 0.00285672  
259, 25.3392, 147.611, 178.734, 0.997622, 0.0687641, -0.00472723, -0.0689011, 0.996765, -0.0413735, 0.00186693, 0.0416008, 0.999133, 0.00290665  
260, 25.464, 148.221, 178.729, 0.997723, 0.0672972, -0.00455884, -0.0674339, 0.996725, -0.0446316, 0.00154033, 0.0448374, 0.998993, 0.0028545  
261, 25.4362, 149.008, 178.667, 0.997608, 0.0690106, -0.00386251, -0.0691172, 0.996389, -0.0493084, 0.000445757, 0.0494574, 0.998776, 0.00295713  
262, 25.5169, 149.815, 178.637, 0.99763, 0.0687254, -0.00327936, -0.0688034, 0.996374, -0.0500558, -0.000172645, 0.0501629, 0.998741, 0.00300179  
263, 25.4326, 150.592, 178.581, 0.997508, 0.070529, -0.00160434, -0.0705116, 0.996025, -0.0544224, -0.00224039, 0.0544, 0.998517, 0.00287586  
264, 25.5095, 151.399, 178.566, 0.997541, 0.0700134, -0.00323076, -0.0700832, 0.995886, -0.0574452, -0.000804469, 0.0575304, 0.998343, 0.00290138  
265, 25.4577, 152.281, 178.505, 0.997401, 0.0719772, -0.00335463, -0.0720491, 0.995619, -0.0595911, -0.00094927, 0.0596779, 0.998217, 0.00282038  
266, 25.4134, 153.142, 178.493, 0.997341, 0.0727128, -0.00479626, -0.0728707, 0.995294, -0.0638653, 0.000129859, 0.064045, 0.997947, 0.0030004  
267, 25.3788, 153.976, 178.487, 0.997453, 0.0709631, -0.00721283, -0.0712933, 0.995035, -0.0694392, 0.00224939, 0.0697766, 0.99756, 0.00297849  
268, 25.4583, 154.949, 178.531, 0.997521, 0.0699684, -0.00755351, -0.0703291, 0.994986, -0.0711123, 0.00254002, 0.0714672, 0.99744, 0.00285894  
269, 25.4191, 155.872, 178.563, 0.997499, 0.0702082, -0.00815604, -0.0706181, 0.994805, -0.0733158, 0.0029663, 0.0737084, 0.997275, 0.00290138  
270, 25.372, 156.815, 178.598, 0.997585, 0.0688561, -0.00906498, -0.069347, 0.994697, -0.075959, 0.00378666, 0.0764043, 0.99707, 0.00287253  
271, 25.317, 157.891, 178.593, 0.997437, 0.0709822, -0.00895334, -0.0714686, 0.994313, -0.0789505, 0.00329835, 0.0793881, 0.996838, 0.00306087  
272, 25.3107, 158.84, 178.624, 0.997571, 0.0690448, -0.00918383, -0.0695696, 0.994127, -0.0828916, 0.00340666, 0.0833292, 0.996516, 0.00307918  
273, 25.2738, 159.875, 178.679, 0.997544, 0.0693557, -0.00976003, -0.0699375, 0.99388, -0.0855056, 0.00377, 0.0859782, 0.99629, 0.00298071  
274, 25.3765, 160.893, 178.766, 0.997548, 0.0692341, -0.0102079, -0.0698713, 0.993532, -0.089514, 0.00394446, 0.0900077, 0.995933, 0.00293244  
275, 25.3762, 161.966, 178.742, 0.997504, 0.0700536, -0.00888268, -0.0705675, 0.993509, -0.0892151, 0.00257519, 0.0896192, 0.995973, 0.00315046  
276, 25.3994, 163.064, 178.736, 0.997315, 0.0727075, -0.00875386, -0.073204, 0.993118, -0.091416, 0.00204699, 0.0918114, 0.995774, 0.00308334  
277, 25.5292, 164.121, 178.731, 0.997299, 0.0728943, -0.00900042, -0.0734175, 0.992899, -0.0936032, 0.00211337, 0.0940111, 0.995569, 0.00307474  
278, 25.6971, 165.208, 178.737, 0.997323, 0.0726098, -0.00862487, -0.0731012, 0.992794, -0.0949579, 0.00166784, 0.0953342, 0.995444, 0.00298764  
279, 25.8589, 166.535, 178.714, 0.997336, 0.0725161, -0.00786968, -0.0729327, 0.993103, -0.0917984, 0.00115854, 0.0921278, 0.995747, 0.00300623  
280, 26.0334, 167.513, 178.656, 0.997276, 0.0733811, -0.00744055, -0.0737563, 0.992719, -0.0952284, 0.000398413, 0.0955178, 0.995428, 0.00286005  
