0, 0, 0, 0, 0, 0, 0, 0, 0, 0, 0, 0, 0, 0.00638358  
1, -0.511612, -25.6197, 179.106, 0.999797, 0.0174709, -0.00999753, -0.0172073, 0.999517, 0.0258723, 0.0104447, -0.025695, 0.999615, 0.00266866  
2, -0.493456, -25.6356, 179.103, 0.999804, 0.0169617, -0.0102493, -0.016698, 0.999541, 0.0252932, 0.0106736, -0.0251171, 0.999628, 0.00285284  
3, -0.503212, -25.634, 179.118, 0.999808, 0.0168413, -0.0100449, -0.0165762, 0.999527, 0.025914, 0.0104766, -0.0257425, 0.999614, 0.00287114  
4, -0.491436, -25.6511, 179.118, 0.999817, 0.0169042, -0.00899904, -0.0166619, 0.999514, 0.0263517, 0.00944012, -0.0261969, 0.999612, 0.00298404  
5, -0.505928, -25.6607, 179.119, 0.999817, 0.0171145, -0.00855608, -0.0168832, 0.999508, 0.0264161, 0.00900397, -0.0262668, 0.999614, 0.0029416  
6, -0.506444, -25.6473, 179.12, 0.999802, 0.0174164, -0.0096738, -0.0171547, 0.999501, 0.0265076, 0.0101306, -0.0263364, 0.999602, 0.00292995  
7, -0.500647, -25.6498, 179.122, 0.999795, 0.0172543, -0.0105758, -0.0169774, 0.999525, 0.0257383, 0.0110148, -0.0255535, 0.999613, 0.00295574  
8, -0.492286, -25.6233, 179.108, 0.999804, 0.0172636, -0.00967484, -0.017002, 0.999504, 0.0264997, 0.0101275, -0.02633, 0.999602, 0.00281262  
9, -0.486894, -25.639, 179.12, 0.999796, 0.0170283, -0.010833, -0.0167495, 0.999539, 0.0253235, 0.0112592, -0.0251369, 0.999621, 0.00281761  
10, -0.529884, -25.6479, 179.135, 0.999804, 0.0174833, -0.0092968, -0.0172401, 0.999523, 0.0256284, 0.00974043, -0.0254631, 0.999628, 0.00282538  
11, -0.5432, -25.6475, 179.118, 0.999805, 0.0173038, -0.00953836, -0.0170602, 0.999541, 0.0250526, 0.00996748, -0.024885, 0.999641, 0.00275603  
12, -0.524091, -25.6491, 179.139, 0.99981, 0.016976, -0.00962051, -0.0167177, 0.999514, 0.026318, 0.0100626, -0.0261522, 0.999607, 0.00280956  
13, -0.522963, -25.661, 179.136, 0.999805, 0.0173739, -0.00942226, -0.0171218, 0.99951, 0.0262123, 0.00987305, -0.0260459, 0.999612, 0.00281262  
14, -0.527194, -25.6531, 179.15, 0.999801, 0.0172972, -0.00989564, -0.01704, 0.999529, 0.0255167, 0.0103323, -0.025343, 0.999625, 0.00297655  
15, -0.52303, -25.6588, 179.152, 0.999801, 0.017694, -0.00919977, -0.0174559, 0.999526, 0.0253479, 0.00964392, -0.0251823, 0.999636, 0.00318181  
16, -0.521312, -25.6395, 179.133, 0.999804, 0.0173248, -0.00960347, -0.017075, 0.999529, 0.0255151, 0.010041, -0.0253462, 0.999628, 0.00297405  
17, -0.514175, -25.6471, 179.131, 0.999795, 0.0178677, -0.00951717, -0.0176184, 0.999515, 0.0256609, 0.00997106, -0.025488, 0.999625, 0.00302731  
18, -0.486405, -25.6229, 179.137, 0.999799, 0.0170913, -0.0104671, -0.0168179, 0.999529, 0.0256696, 0.0109009, -0.0254884, 0.999616, 0.002814  
19, -0.497901, -25.6466, 179.137, 0.999803, 0.017636, -0.00913095, -0.017389, 0.999499, 0.0264629, 0.00959307, -0.0262989, 0.999608, 0.00295297  
20, -0.490974, -25.6435, 179.151, 0.999801, 0.01716, -0.0102, -0.016891, 0.999522, 0.0259023, 0.0106396, -0.0257249, 0.999612, 0.00288695  
21, -0.504352, -25.6521, 179.14, 0.999794, 0.0177386, -0.00985017, -0.0174828, 0.999523, 0.0254756, 0.0102974, -0.0252982, 0.999627, 0.003047  
22, -0.531527, -25.6547, 179.154, 0.999797, 0.0176602, -0.0097005, -0.0174077, 0.999523, 0.0255262, 0.0101467, -0.0253521, 0.999627, 0.00303174  
23, -0.499051, -25.6519, 179.138, 0.999801, 0.0176035, -0.00942003, -0.0173583, 0.999524, 0.025508, 0.00986457, -0.0253394, 0.99963, 0.002814  
24, -0.513741, -25.6438, 179.151, 0.999798, 0.0170795, -0.0105599, -0.0168073, 0.999538, 0.0253414, 0.0109879, -0.0251588, 0.999623, 0.00285561  
25, -0.515126, -25.6417, 179.124, 0.999803, 0.0172691, -0.00979995, -0.0170084, 0.999515, 0.0260962, 0.0102459, -0.0259244, 0.999611, 0.00299846  
26, -0.528172, -25.664, 179.136, 0.999816, 0.0171524, -0.00855079, -0.0169266, 0.999523, 0.0258136, 0.00898948, -0.0256641, 0.99963, 0.00288418  
27, -0.51276, -25.6505, 179.146, 0.999809, 0.0172544, -0.00923131, -0.0170114, 0.999523, 0.0257825, 0.00967177, -0.0256205, 0.999625, 0.00309443  
28, -0.500848, -25.6273, 179.138, 0.999803, 0.0170975, -0.0101109, -0.0168362, 0.999536, 0.0253853, 0.0105403, -0.0252101, 0.999627, 0.00280346  
29, -0.498571, -25.6432, 179.134, 0.999802, 0.0174086, -0.0096298, -0.0171572, 0.999525, 0.0256073, 0.010071, -0.025437, 0.999626, 0.00301871  
30, -0.508083, -25.6224, 179.133, 0.99978, 0.0182097, -0.0104261, -0.0179437, 0.999525, 0.0250611, 0.0108775, -0.0248685, 0.999632, 0.00284091  
31, -0.494672, -25.6261, 179.131, 0.999792, 0.0177931, -0.0100027, -0.0175325, 0.999519, 0.0255709, 0.0104529, -0.0253902, 0.999623, 0.00283952  
32, -0.510291, -25.6204, 179.139, 0.999804, 0.0171721, -0.00981959, -0.0169127, 0.999521, 0.0259145, 0.0102599, -0.0257433, 0.999616, 0.0030911  
33, -0.517573, -25.6563, 179.135, 0.9998, 0.0176033, -0.00950814, -0.0173549, 0.999521, 0.0256068, 0.00995435, -0.0254366, 0.999627, 0.00280041  
34, -0.517204, -25.6506, 179.125, 0.999791, 0.0180214, -0.00961329, -0.0177662, 0.999504, 0.0260032, 0.0100771, -0.025827, 0.999616, 0.00301371  
35, -0.515077, -25.6609, 179.15, 0.999809, 0.017173, -0.00935557, -0.016923, 0.999514, 0.0261792, 0.0098006, -0.0260158, 0.999613, 0.00295436  
36, -0.523816, -25.6487, 179.12, 0.999794, 0.0179279, -0.00951267, -0.0176768, 0.999509, 0.0258584, 0.00997158, -0.0256849, 0.99962, 0.00298681  
37, -0.481936, -25.6444, 179.144, 0.9998, 0.0171101, -0.0103963, -0.0168379, 0.999527, 0.0257328, 0.0108317, -0.0255526, 0.999615, 0.00285173  
38, -0.500084, -25.6383, 179.136, 0.999788, 0.0182488, -0.00955249, -0.017989, 0.999484, 0.026602, 0.010033, -0.0264245, 0.9996, 0.00281289  
39, -0.492293, -25.6488, 179.134, 0.999807, 0.0174034, -0.00908516, -0.0171524, 0.999488, 0.027011, 0.00955059, -0.0268499, 0.999594, 0.00291219  
40, -0.50274, -25.6489, 179.138, 0.99979, 0.0180514, -0.009747, -0.0177985, 0.999518, 0.0254376, 0.0102015, -0.0252587, 0.999629, 0.0028337  
41, -0.487571, -25.6365, 179.14, 0.999801, 0.0173228, -0.00989407, -0.0170602, 0.999515, 0.0260348, 0.0103403, -0.0258608, 0.999612, 0.00305116  
42, -0.504035, -25.6264, 179.144, 0.999807, 0.0172154, -0.00951169, -0.0169685, 0.999532, 0.0254506, 0.00994538, -0.0252842, 0.999631, 0.00283841  
43, -0.519981, -25.6497, 179.151, 0.999805, 0.0178521, -0.00842579, -0.0176238, 0.999495, 0.0264372, 0.00889349, -0.0262836, 0.999615, 0.00281206  
44, -0.500574, -25.6248, 179.138, 0.999812, 0.0169622, -0.00943255, -0.0167068, 0.999508, 0.0265292, 0.0098779, -0.0263666, 0.999604, 0.00288834  
45, -0.509594, -25.6345, 179.129, 0.999803, 0.0172418, -0.00986674, -0.0169829, 0.999524, 0.025755, 0.0103061, -0.0255823, 0.99962, 0.0028054  
46, -0.48976, -25.618, 179.134, 0.999801, 0.0170647, -0.0103483, -0.016793, 0.999526, 0.0257967, 0.0107836, -0.0256178, 0.999614, 0.00300789  
47, -0.507875, -25.6154, 179.142, 0.999816, 0.0168374, -0.00919879, -0.0165886, 0.999512, 0.0264797, 0.00964014, -0.0263222, 0.999607, 0.00273107  
48, -0.530445, -25.6426, 179.156, 0.999793, 0.0179613, -0.00951336, -0.0177136, 0.999518, 0.0255106, 0.00996698, -0.0253368, 0.999629, 0.00279625  
49, -0.50182, -25.641, 179.14, 0.999814, 0.0166705, -0.00972016, -0.0164129, 0.999527, 0.0260043, 0.0101491, -0.0258399, 0.999615, 0.00289361  
50, -0.495074, -25.6409, 179.127, 0.999811, 0.0170009, -0.00941952, -0.0167504, 0.99952, 0.0260607, 0.00985805, -0.025898, 0.999616, 0.00291525  
51, -0.507509, -25.625, 179.141, 0.999806, 0.0172801, -0.00944736, -0.0170338, 0.999528, 0.0255649, 0.00988467, -0.025399, 0.999629, 0.00290332  
52, -0.489258, -25.6388, 179.14, 0.999806, 0.0170674, -0.00984734, -0.0168006, 0.999506, 0.0265672, 0.0102959, -0.0263966, 0.999599, 0.00291386  
53, -0.489253, -25.6413, 179.108, 0.9998, 0.0174265, -0.00978847, -0.0171652, 0.99951, 0.0261769, 0.0102398, -0.0260037, 0.999609, 0.00283148  
54, -0.505622, -25.6235, 179.127, 0.999798, 0.017468, -0.0099799, -0.0172016, 0.999509, 0.0261843, 0.0104324, -0.0260073, 0.999607, 0.00287891  
55, -0.514864, -25.6335, 179.135, 0.999805, 0.0172067, -0.00965336, -0.0169567, 0.999533, 0.02541, 0.0100861, -0.0252414, 0.999631, 0.0028398  
56, -0.507551, -25.6404, 179.118, 0.999813, 0.01695, -0.00935988, -0.0166957, 0.999506, 0.0266089, 0.00980628, -0.0264476, 0.999602, 0.00296462  
57, -0.509892, -25.638, 179.111, 0.999798, 0.0171804, -0.0104656, -0.0169093, 0.999533, 0.0254616, 0.0108982, -0.0252795, 0.999621, 0.00289416  
58, -0.506416, -25.6254, 179.118, 0.999812, 0.016787, -0.00966834, -0.0165263, 0.999514, 0.0264405, 0.0101075, -0.0262757, 0.999604, 0.00281428  
59, -0.498659, -25.6435, 179.129, 0.999807, 0.0167226, -0.0103395, -0.016454, 0.999538, 0.025543, 0.0107618, -0.0253679, 0.99962, 0.00293938  
60, -0.491906, -25.6434, 179.147, 0.999797, 0.017398, -0.0101469, -0.0171298, 0.999517, 0.0259453, 0.0105934, -0.0257663, 0.999612, 0.00302398  
61, -0.529268, -25.6309, 179.108, 0.999794, 0.017814, -0.00974041, -0.0175522, 0.999499, 0.0263308, 0.0102046, -0.0261544, 0.999606, 0.00302426  
62, -0.490176, -25.6406, 179.115, 0.999803, 0.0172953, -0.00977347, -0.0170322, 0.999507, 0.0263857, 0.010225, -0.0262141, 0.999604, 0.00279542  
63, -0.492003, -25.6225, 179.117, 0.9998, 0.0177191, -0.00925243, -0.0174694, 0.999499, 0.0264018, 0.0097156, -0.0262349, 0.999609, 0.00281983  
64, -0.505227, -25.6269, 179.138, 0.999806, 0.0173095, -0.00943682, -0.0170547, 0.999505, 0.0264452, 0.0098899, -0.0262791, 0.999606, 0.00281705  
65, -0.517501, -25.6155, 179.107, 0.9998, 0.0177533, -0.00921133, -0.0175063, 0.999502, 0.0262366, 0.00967253, -0.0260701, 0.999613, 0.0027871  
66, -0.517368, -25.6343, 179.119, 0.999799, 0.0175168, -0.00979685, -0.0172569, 0.999513, 0.0260081, 0.0102477, -0.0258338, 0.999614, 0.0029133  
67, -0.515389, -25.6332, 179.096, 0.9998, 0.0175447, -0.00956638, -0.0172812, 0.999487, 0.0269644, 0.0100346, -0.0267937, 0.999591, 0.00304007  
68, -0.50729, -25.6372, 179.117, 0.999811, 0.01745, -0.00857414, -0.0172077, 0.999472, 0.0275644, 0.00905061, -0.0274116, 0.999583, 0.00288473  
69, -0.532909, -25.6364, 179.099, 0.999796, 0.0174966, -0.0100535, -0.0172319, 0.999518, 0.0258388, 0.0105007, -0.0256603, 0.999616, 0.00282177  
70, -0.511835, -25.622, 179.109, 0.999798, 0.0171822, -0.0104584, -0.0169044, 0.999517, 0.0260938, 0.0109017, -0.0259117, 0.999605, 0.0028079  
71, -0.514849, -25.6508, 179.109, 0.999805, 0.0170896, -0.00985134, -0.0168312, 0.999527, 0.025744, 0.0102866, -0.0255732, 0.99962, 0.0028778  
72, -0.518827, -25.6437, 179.115, 0.999793, 0.0174174, -0.0105189, -0.0171444, 0.999527, 0.0255127, 0.0109583, -0.0253271, 0.999619, 0.00282149  
73, -0.523084, -25.6454, 179.124, 0.99979, 0.01777, -0.010236, -0.0174917, 0.999491, 0.0266658, 0.0107046, -0.0264811, 0.999592, 0.00277961  
74, -0.496667, -25.6377, 179.113, 0.999792, 0.0176336, -0.010248, -0.0173644, 0.999517, 0.02579, 0.0106978, -0.0256067, 0.999615, 0.00292967  
75, -0.527499, -25.6249, 179.128, 0.999809, 0.0170002, -0.00968505, -0.0167396, 0.999512, 0.0263821, 0.0101288, -0.026215, 0.999605, 0.0028423  
76, -0.522846, -25.6462, 179.116, 0.999805, 0.0174033, -0.00934073, -0.0171543, 0.999512, 0.0260983, 0.00979037, -0.0259329, 0.999616, 0.00291053  
77, -0.505011, -25.634, 179.12, 0.999792, 0.0176624, -0.0102317, -0.0173767, 0.999474, 0.0273709, 0.0107097, -0.0271874, 0.999573, 0.00288668  
78, -0.503489, -25.6367, 179.105, 0.999788, 0.0182468, -0.00954132, -0.0179855, 0.999479, 0.026791, 0.0100252, -0.0266138, 0.999596, 0.00284757  
79, -0.509324, -25.6494, 179.115, 0.99979, 0.0177624, -0.0102543, -0.0174993, 0.999529, 0.0252036, 0.0106972, -0.0250188, 0.99963, 0.0028165  
80, -0.545399, -25.6331, 179.095, 0.999792, 0.0182607, -0.00908478, -0.0180202, 0.999502, 0.0258873, 0.00955298, -0.0257182, 0.999624, 0.00282565  
81, -0.528197, -25.6491, 179.111, 0.999814, 0.0170546, -0.00904136, -0.0168072, 0.9995, 0.0267633, 0.00949329, -0.0266064, 0.999601, 0.00292995  
82, -0.544387, -25.6667, 179.122, 0.999798, 0.0174348, -0.0100169, -0.0171779, 0.999535, 0.0251832, 0.0104514, -0.0250061, 0.999633, 0.00287447  
83, -0.521263, -25.6585, 179.116, 0.999809, 0.0170971, -0.00949911, -0.0168327, 0.999487, 0.0272443, 0.00996003, -0.0270792, 0.999584, 0.00281816  
84, -0.523146, -25.6436, 179.104, 0.999796, 0.0175235, -0.0100298, -0.0172599, 0.999518, 0.0257873, 0.0104769, -0.0256089, 0.999617, 0.00284424  
85, -0.529432, -25.6338, 179.086, 0.999785, 0.0181298, -0.0100754, -0.0178651, 0.999508, 0.025771, 0.0105377, -0.0255855, 0.999617, 0.00278266  
86, -0.535273, -25.6455, 179.099, 0.999804, 0.0174639, -0.00933403, -0.0172259, 0.999539, 0.0249932, 0.00976621, -0.0248275, 0.999644, 0.00295269  
87, -0.537471, -25.6552, 179.11, 0.999806, 0.0170411, -0.00984602, -0.0167845, 0.999532, 0.0255796, 0.0102773, -0.0254094, 0.999624, 0.00297017  
88, -0.530055, -25.6542, 179.113, 0.999794, 0.0177502, -0.0098427, -0.0174961, 0.999526, 0.0253263, 0.0102876, -0.0251489, 0.999631, 0.00287641  
89, -0.522371, -25.6251, 179.1, 0.999796, 0.0174219, -0.01023, -0.0171564, 0.999528, 0.0254955, 0.0106694, -0.0253148, 0.999623, 0.00283841  
90, -0.526396, -25.6411, 179.1, 0.999796, 0.01794, -0.00931994, -0.0176893, 0.999497, 0.0263145, 0.00978734, -0.0261442, 0.99961, 0.0027699  
91, -0.510699, -25.641, 179.09, 0.999783, 0.0182489, -0.0100602, -0.0179841, 0.999505, 0.0258151, 0.0105263, -0.0256286, 0.999616, 0.00294076  
92, -0.527214, -25.6574, 179.122, 0.999801, 0.0175264, -0.00951355, -0.0172727, 0.999509, 0.026124, 0.00996675, -0.0259545, 0.999613, 0.00299707  
93, -0.528834, -25.6388, 179.116, 0.999798, 0.0173874, -0.0100324, -0.0171194, 0.99951, 0.0262046, 0.0104831, -0.0260275, 0.999606, 0.00291941  
94, -0.518209, -25.6458, 179.11, 0.999797, 0.0178074, -0.00947536, -0.0175512, 0.999495, 0.0264733, 0.009942, -0.0263016, 0.999605, 0.00299319  
95, -0.523565, -25.6359, 179.123, 0.999801, 0.0174532, -0.00964203, -0.0171947, 0.999507, 0.0262756, 0.0100959, -0.0261046, 0.999608, 0.00302342  
96, -0.514458, -25.6379, 179.117, 0.999798, 0.0176986, -0.00949714, -0.0174419, 0.999498, 0.0264616, 0.0099607, -0.0262906, 0.999605, 0.00295713  
97, -0.536094, -25.638, 179.121, 0.999794, 0.0171389, -0.010845, -0.0168548, 0.999526, 0.0257674, 0.0112815, -0.0255793, 0.999609, 0.00288695  
98, -0.541998, -25.6421, 179.13, 0.999805, 0.0174502, -0.00919632, -0.0172058, 0.999514, 0.0260133, 0.00964578, -0.02585, 0.999619, 0.00289555  
99, -0.51444, -25.648, 179.131, 0.999808, 0.0171327, -0.00956184, -0.0168795, 0.99952, 0.0259613, 0.010002, -0.0257949, 0.999617, 0.00294021  
100, -0.533819, -25.6348, 179.122, 0.999803, 0.0175979, -0.00920068, -0.0173534, 0.999511, 0.0260154, 0.00965399, -0.0258506, 0.999619, 0.00292939  
101, -0.523489, -25.6318, 179.109, 0.999794, 0.017526, -0.0102571, -0.0172602, 0.999527, 0.025453, 0.0106983, -0.0252707, 0.999623, 0.00303036  
102, -0.522941, -25.6507, 179.117, 0.999799, 0.0174442, -0.00986404, -0.0171799, 0.999507, 0.0262769, 0.0103176, -0.0261021, 0.999606, 0.00302814  
103, -0.497111, -25.6698, 179.124, 0.999796, 0.018049, -0.00911257, -0.0178017, 0.99949, 0.0265203, 0.00958659, -0.0263527, 0.999607, 0.00279098  
104, -0.528016, -25.6652, 179.151, 0.999814, 0.0170029, -0.00915319, -0.0167593, 0.99952, 0.0260616, 0.00959192, -0.0259033, 0.999618, 0.00295768  
105, -0.511932, -25.688, 179.156, 0.999831, 0.0163665, -0.00837181, -0.0161565, 0.999568, 0.0245662, 0.00877025, -0.0244268, 0.999663, 0.00298653  
106, -0.499924, -25.721, 179.161, 0.99981, 0.0170501, -0.00946772, -0.0168272, 0.999591, 0.0231366, 0.00985832, -0.0229729, 0.999687, 0.00300317  
107, -0.52077, -25.7604, 179.162, 0.999809, 0.0170581, -0.00953799, -0.0168425, 0.999611, 0.0222514, 0.00991384, -0.0220865, 0.999707, 0.00305199  
108, -0.530552, -25.8268, 179.168, 0.999808, 0.0176002, -0.00860921, -0.0174129, 0.99962, 0.0213666, 0.008982, -0.0212126, 0.999735, 0.00276685  
109, -0.541632, -25.8832, 179.168, 0.999811, 0.0176842, -0.0081315, -0.0175322, 0.999677, 0.018401, 0.00845428, -0.018255, 0.999798, 0.00300734  
110, -0.551971, -25.9502, 179.191, 0.999811, 0.017648, -0.0081995, -0.0175118, 0.999712, 0.0163952, 0.00848648, -0.0162485, 0.999832, 0.00313687  
111, -0.542925, -25.9662, 179.181, 0.999791, 0.0182915, -0.00916055, -0.0181556, 0.999727, 0.0147044, 0.00942702, -0.014535, 0.99985, 0.00302065  
112, -0.541408, -26.0101, 179.161, 0.999805, 0.0178156, -0.00856233, -0.0176962, 0.999748, 0.0138231, 0.00880644, -0.0136688, 0.999868, 0.00304478  
113, -0.543244, -26.0473, 179.168, 0.999804, 0.0180081, -0.00816597, -0.0178985, 0.999751, 0.0132947, 0.00840335, -0.013146, 0.999878, 0.00278571  
114, -0.501663, -26.0565, 179.16, 0.999793, 0.0183211, -0.00881106, -0.0182204, 0.999769, 0.0113856, 0.00901762, -0.0112227, 0.999896, 0.00299985  
115, -0.502984, -26.0658, 179.187, 0.999802, 0.0174436, -0.00953977, -0.017353, 0.999804, 0.00949922, 0.00970361, -0.0093318, 0.999909, 0.0029882  
116, -0.515845, -26.119, 179.169, 0.999788, 0.0180612, -0.00990439, -0.0179921, 0.999813, 0.00702079, 0.0100293, -0.0068411, 0.999926, 0.00301593  
117, -0.49269, -26.1317, 179.201, 0.999783, 0.0184424, -0.00972541, -0.018392, 0.999817, 0.00525048, 0.00982046, -0.00507047, 0.999939, 0.00309194  
118, -0.47366, -26.1588, 179.166, 0.999775, 0.0187351, -0.00995243, -0.0186978, 0.999818, 0.00382558, 0.0100223, -0.00363863, 0.999943, 0.0028054  
119, -0.449006, -26.1589, 179.176, 0.999761, 0.019039, -0.0107217, -0.0190193, 0.999817, 0.00193741, 0.0107566, -0.00173303, 0.999941, 0.0030029  
120, -0.46348, -26.1739, 179.169, 0.999774, 0.0188935, -0.00979473, -0.0188988, 0.999821, -0.000452624, 0.00978443, 0.00063763, 0.999952, 0.00279986  
121, -0.476076, -26.2105, 179.18, 0.999779, 0.0185677, -0.00982396, -0.0185963, 0.999823, -0.00282504, 0.00976977, 0.0030071, 0.999948, 0.00306975  
122, -0.446024, -26.2041, 179.181, 0.999772, 0.0190614, -0.00958059, -0.0191072, 0.999806, -0.00470515, 0.00948905, 0.00488713, 0.999943, 0.00300761  
123, -0.422744, -26.2274, 179.178, 0.999769, 0.0191957, -0.00967228, -0.0192595, 0.999793, -0.0065401, 0.00954474, 0.00672487, 0.999932, 0.00286559  
124, -0.436956, -26.2523, 179.205, 0.999745, 0.0195065, -0.0113585, -0.0196236, 0.999754, -0.0102904, 0.0111549, 0.0105106, 0.999883, 0.00287281  
125, -0.410225, -26.2732, 179.219, 0.999757, 0.0194096, -0.0104946, -0.0195208, 0.999753, -0.0106, 0.0102863, 0.0108022, 0.999889, 0.00279486  
126, -0.409808, -26.2631, 179.239, 0.999754, 0.0198826, -0.00978096, -0.020002, 0.999725, -0.012273, 0.00953424, 0.0124656, 0.999877, 0.00283286  
127, -0.391674, -26.2757, 179.243, 0.999755, 0.0199765, -0.00950647, -0.0201048, 0.999705, -0.0136038, 0.00923191, 0.0137916, 0.999862, 0.00312439  
128, -0.38156, -26.2937, 179.227, 0.999746, 0.0202107, -0.0099861, -0.0203822, 0.999641, -0.0173733, 0.00963139, 0.0175724, 0.999799, 0.00280429  
129, -0.372017, -26.3291, 179.265, 0.999762, 0.0193814, -0.0100517, -0.0196047, 0.999552, -0.0226063, 0.0096091, 0.022798, 0.999694, 0.00297849  
130, -0.3555, -26.3322, 179.267, 0.999751, 0.0198162, -0.0102588, -0.0200646, 0.999493, -0.024707, 0.00976402, 0.0249067, 0.999642, 0.00333852  
131, -0.35121, -26.3612, 179.315, 0.999753, 0.0195584, -0.0105984, -0.0198407, 0.999432, -0.0272254, 0.0100599, 0.0274289, 0.999573, 0.00298931  
132, -0.301606, -26.3398, 179.319, 0.999758, 0.019769, -0.00963134, -0.020036, 0.999394, -0.0284619, 0.00906285, 0.028648, 0.999548, 0.00313327  
133, -0.29637, -26.2976, 179.314, 0.999749, 0.0205646, -0.00892378, -0.0208422, 0.999263, -0.0322255, 0.0082545, 0.0324034, 0.999441, 0.00278183  
134, -0.276535, -26.2554, 179.313, 0.999751, 0.0203545, -0.009156, -0.0206599, 0.999188, -0.0346036, 0.00844422, 0.0347841, 0.999359, 0.00301704  
135, -0.236295, -26.2605, 179.295, 0.999748, 0.0206452, -0.00878309, -0.0209606, 0.999078, -0.0374677, 0.00800146, 0.0376423, 0.999259, 0.00303646  
136, -0.219703, -26.2087, 179.308, 0.999758, 0.0205307, -0.00785563, -0.0208202, 0.999032, -0.0387413, 0.00705264, 0.0388955, 0.999218, 0.00298764  
137, -0.220219, -26.1462, 179.294, 0.99976, 0.0206606, -0.00734519, -0.0209496, 0.998909, -0.0417285, 0.00647504, 0.0418724, 0.999102, 0.00281622  
138, -0.1753, -26.0976, 179.307, 0.999754, 0.0206952, -0.00794563, -0.0210245, 0.998816, -0.043872, 0.00702828, 0.0440282, 0.999006, 0.0028104  
139, -0.141022, -26.0423, 179.342, 0.999771, 0.0203578, -0.0066159, -0.0206381, 0.998751, -0.0454968, 0.00568142, 0.045623, 0.998943, 0.0028986  
140, -0.138616, -25.9611, 179.3, 0.999755, 0.0211218, -0.0066255, -0.021417, 0.998608, -0.0481977, 0.00559825, 0.0483278, 0.998816, 0.00282815  
141, -0.0778421, -25.8614, 179.321, 0.999762, 0.0210723, -0.00562741, -0.0213278, 0.998519, -0.0500473, 0.00456447, 0.0501554, 0.998731, 0.00302037  
142, -0.0277815, -25.7245, 179.3, 0.999754, 0.0214054, -0.00574315, -0.0216755, 0.998411, -0.0520218, 0.00462047, 0.0521335, 0.998629, 0.00289444  
143, 0.0225038, -25.5695, 179.309, 0.999762, 0.0208784, -0.00639317, -0.0211875, 0.998377, -0.0528669, 0.00527902, 0.0529897, 0.998581, 0.00273689  
144, 0.0792527, -25.3886, 179.336, 0.999762, 0.0209695, -0.00605083, -0.0212613, 0.998365, -0.0530614, 0.00492827, 0.0531774, 0.998573, 0.00295241  
145, 0.109631, -25.1807, 179.313, 0.999746, 0.0216719, -0.00622588, -0.0219863, 0.998194, -0.0558989, 0.0050032, 0.0560216, 0.998417, 0.00292384  
146, 0.134086, -25.0323, 179.312, 0.999779, 0.0204253, -0.00487472, -0.0206706, 0.998152, -0.0571409, 0.00369859, 0.0572291, 0.998354, 0.00295158  
147, 0.202546, -24.8012, 179.287, 0.999769, 0.0209454, -0.00481991, -0.0211949, 0.998009, -0.0593982, 0.0035662, 0.0594866, 0.998223, 0.00294798  
148, 0.233351, -24.5681, 179.276, 0.999776, 0.0206992, -0.00439901, -0.0209294, 0.997914, -0.0610645, 0.00312585, 0.0611429, 0.998124, 0.00283314  
149, 0.221374, -24.3146, 179.243, 0.999758, 0.0217957, -0.00291999, -0.0219357, 0.997801, -0.0625521, 0.00155021, 0.062601, 0.998037, 0.00293549  
150, 0.259991, -24.0434, 179.264, 0.99975, 0.0220836, -0.00362158, -0.0222703, 0.997698, -0.0640579, 0.00219861, 0.0641226, 0.99794, 0.00296573  
151, 0.309861, -23.7968, 179.225, 0.99975, 0.0220723, -0.00354126, -0.0222564, 0.99762, -0.0652603, 0.00209238, 0.0653228, 0.997862, 0.00298209  
152, 0.378861, -23.4977, 179.229, 0.999755, 0.0218186, -0.00380871, -0.022026, 0.997478, -0.0674739, 0.00232692, 0.0675412, 0.997714, 0.00299707  
153, 0.372781, -23.1725, 179.199, 0.999744, 0.0221904, -0.00448184, -0.0224464, 0.997376, -0.068833, 0.00294265, 0.068916, 0.997618, 0.00283647  
154, 0.418386, -22.7621, 179.182, 0.999741, 0.0220637, -0.0055068, -0.0224015, 0.997183, -0.0715857, 0.00391184, 0.0716906, 0.997419, 0.00296074  
155, 0.41318, -22.3465, 179.16, 0.999729, 0.0225976, -0.00553121, -0.0229368, 0.997153, -0.0718302, 0.00389228, 0.0719376, 0.997402, 0.00288252  
156, 0.415116, -21.9829, 179.174, 0.999735, 0.0224013, -0.00534484, -0.0227385, 0.996942, -0.0747651, 0.00365366, 0.0748668, 0.997187, 0.00300401  
157, 0.443126, -21.5777, 179.154, 0.999721, 0.0228676, -0.00598787, -0.0232613, 0.996756, -0.0770537, 0.00420641, 0.0771714, 0.997009, 0.00293965  
158, 0.422672, -21.0469, 179.092, 0.999725, 0.0232071, -0.0032933, -0.0233873, 0.996979, -0.0740688, 0.00156443, 0.0741255, 0.997248, 0.002819  
159, 0.447589, -20.5564, 179.084, 0.999715, 0.0235065, -0.0040804, -0.0237458, 0.996921, -0.0747271, 0.00231127, 0.0748028, 0.997196, 0.00294298  
160, 0.507257, -19.9279, 179.066, 0.999705, 0.023659, -0.00546618, -0.0240068, 0.996808, -0.0761416, 0.00364729, 0.0762504, 0.997082, 0.0030495  
161, 0.545349, -19.3838, 178.97, 0.999708, 0.0239497, -0.00314672, -0.0241209, 0.996741, -0.0769788, 0.00129285, 0.0770322, 0.997028, 0.00293716  
162, 0.549244, -18.8201, 178.984, 0.999714, 0.0237682, -0.00247688, -0.0238873, 0.996866, -0.0754191, 0.000676543, 0.0754568, 0.997149, 0.00302065  
163, 0.515195, -18.1693, 178.939, 0.999707, 0.0241543, -0.00150074, -0.024199, 0.996931, -0.0744565, -0.00030231, 0.074471, 0.997223, 0.00294187  
164, 0.480137, -17.605, 178.93, 0.999716, 0.0237341, -0.0019646, -0.0238148, 0.996856, -0.075573, 0.000164759, 0.0755984, 0.997138, 0.00288945  
165, 0.488965, -16.8862, 178.958, 0.999754, 0.0220589, -0.00229757, -0.0221688, 0.996971, -0.0745501, 0.000646118, 0.0745826, 0.997215, 0.00277739  
166, 0.448524, -16.1109, 178.985, 0.999751, 0.0220695, -0.00332452, -0.0222536, 0.997073, -0.0731444, 0.00170053, 0.0732002, 0.997316, 0.0031721  
167, 0.327017, -15.3918, 178.998, 0.999732, 0.0222996, -0.00627354, -0.0227119, 0.996854, -0.0759386, 0.0045604, 0.0760607, 0.997093, 0.00292495  
168, 0.245564, -14.5793, 178.962, 0.999674, 0.0238667, -0.00909528, -0.024501, 0.996687, -0.077555, 0.00721417, 0.0777525, 0.996947, 0.00283508  
169, 0.0917596, -13.8076, 178.912, 0.999645, 0.0248967, -0.00945525, -0.0255671, 0.996543, -0.0790419, 0.00745469, 0.0792556, 0.996826, 0.00294021  
170, -0.107588, -12.9362, 178.943, 0.999617, 0.0256574, -0.0103435, -0.026382, 0.996653, -0.0773787, 0.00832354, 0.077622, 0.996948, 0.00281317  
171, -0.39173, -12.2058, 178.894, 0.999643, 0.0257706, -0.00704175, -0.0262395, 0.996644, -0.0775361, 0.00501997, 0.0776932, 0.996965, 0.00294271  
172, -0.461108, -11.2028, 179.005, 0.999636, 0.0255018, -0.00884897, -0.0261152, 0.99661, -0.0780189, 0.00682935, 0.0782216, 0.996913, 0.00297044  
173, -0.88685, -10.3108, 179.021, 0.999683, 0.0238766, -0.00800677, -0.0244281, 0.996665, -0.0778568, 0.00612112, 0.0780277, 0.996932, 0.00281428  
174, -0.988439, -9.17247, 179.078, 0.999679, 0.0229099, -0.0108318, -0.0236855, 0.996678, -0.0779258, 0.00901049, 0.0781574, 0.9969, 0.00296185  
175, -1.22872, -8.10849, 179.107, 0.999697, 0.0223258, -0.0103234, -0.0230344, 0.99695, -0.0745607, 0.00862728, 0.0747759, 0.997163, 0.00285977  
176, -1.3929, -7.06241, 179.129, 0.999726, 0.0212527, -0.00983984, -0.0219199, 0.99705, -0.073565, 0.00824735, 0.0737605, 0.997242, 0.00299569  
177, -1.50737, -5.89016, 179.129, 0.999717, 0.0202452, -0.0125269, -0.0210909, 0.997215, -0.0715329, 0.0110439, 0.0717768, 0.99736, 0.00295214  
178, -1.71834, -4.65873, 179.119, 0.999718, 0.0203333, -0.0122935, -0.0211172, 0.997501, -0.0674168, 0.010892, 0.0676574, 0.997649, 0.00280984  
179, -1.95588, -3.41031, 179.055, 0.999695, 0.0211752, -0.0127036, -0.0219504, 0.997686, -0.0643532, 0.0113115, 0.0646124, 0.997846, 0.0029416  
180, -2.2303, -2.11054, 179.071, 0.999707, 0.0206908, -0.0125564, -0.0214078, 0.997972, -0.0599489, 0.0112905, 0.0602001, 0.998122, 0.00287031  
181, -2.4699, -0.794468, 179.111, 0.999716, 0.0197787, -0.0132997, -0.0204883, 0.998247, -0.0555244, 0.0121782, 0.0557811, 0.998369, 0.00294992  
182, -2.78955, 0.450414, 179.163, 0.999682, 0.020913, -0.0141113, -0.021651, 0.998287, -0.0543452, 0.0129506, 0.0546334, 0.998422, 0.0030065  
183, -2.9706, 1.72357, 179.213, 0.999685, 0.0199648, -0.0152176, -0.0207658, 0.998301, -0.0544368, 0.0141049, 0.0547356, 0.998401, 0.00288501  
184, -3.1767, 3.05851, 179.25, 0.999655, 0.0203005, -0.016643, -0.0211204, 0.998492, -0.0506628, 0.0155894, 0.0509968, 0.998577, 0.00289666  
185, -3.43357, 4.45075, 179.294, 0.999576, 0.0209286, -0.0202272, -0.0219186, 0.998507, -0.0500295, 0.0191499, 0.0504517, 0.998543, 0.0029882  
186, -3.66233, 5.80646, 179.266, 0.999577, 0.019976, -0.0211504, -0.0209197, 0.998751, -0.0453773, 0.0202175, 0.0458006, 0.998746, 0.00283813  
187, -3.85029, 7.28464, 179.229, 0.999559, 0.019838, -0.0220908, -0.0207363, 0.998935, -0.0412065, 0.0212498, 0.0416464, 0.998906, 0.0029796  
188, -3.97143, 8.83176, 179.169, 0.999548, 0.0211448, -0.0213487, -0.0219413, 0.999045, -0.0377889, 0.0205293, 0.0382403, 0.999058, 0.00278294  
189, -4.00332, 10.2003, 179.17, 0.999598, 0.0190084, -0.0210546, -0.0197208, 0.999222, -0.0341605, 0.0203889, 0.034562, 0.999195, 0.00293078  
190, -4.05308, 11.6947, 179.21, 0.999617, 0.0196866, -0.0194613, -0.0202818, 0.999317, -0.0308754, 0.0188402, 0.0312583, 0.999334, 0.00282621  
191, -3.99667, 13.1981, 179.242, 0.999663, 0.0173729, -0.0192874, -0.0178817, 0.999488, -0.0265291, 0.0188167, 0.026865, 0.999462, 0.00301788  
192, -3.99056, 14.7347, 179.281, 0.999639, 0.0193579, -0.0186165, -0.0197984, 0.999521, -0.0237763, 0.0181474, 0.0241363, 0.999544, 0.00286504  
193, -3.93471, 16.3282, 179.265, 0.999628, 0.0183866, -0.0201279, -0.0188057, 0.999606, -0.020832, 0.019737, 0.0212028, 0.99958, 0.00280485  
194, -3.86916, 17.8232, 179.24, 0.99967, 0.0160674, -0.020022, -0.0164126, 0.999717, -0.0172015, 0.01974, 0.0175245, 0.999652, 0.00288945  
195, -3.73349, 19.3445, 179.255, 0.999685, 0.0154669, -0.0197661, -0.0157117, 0.999801, -0.0122905, 0.0195721, 0.0125972, 0.999729, 0.00298098  
196, -3.68229, 20.8339, 179.25, 0.999666, 0.0142894, -0.0215441, -0.0145112, 0.999843, -0.0101748, 0.0213953, 0.0104841, 0.999716, 0.00307945  
197, -3.64525, 22.4038, 179.247, 0.999665, 0.0140442, -0.0217424, -0.0141617, 0.999886, -0.00525922, 0.0216661, 0.00556537, 0.99975, 0.00312106  
198, -3.49796, 24.0256, 179.233, 0.999513, 0.0129386, -0.0283842, -0.013089, 0.999901, -0.00512237, 0.0283151, 0.0054914, 0.999584, 0.00282732  
199, -3.57649, 25.6745, 179.266, 0.99964, 0.0145379, -0.0225359, -0.0144396, 0.999886, 0.00451796, 0.022599, -0.00419092, 0.999736, 0.00358872  
200, -3.54106, 27.165, 179.216, 0.999622, 0.0149457, -0.0230706, -0.0148338, 0.999877, 0.00501202, 0.0231427, -0.0046679, 0.999721, 0.00304561  
201, -3.49474, 28.6058, 179.292, 0.999625, 0.0144469, -0.0232687, -0.0142881, 0.999874, 0.00697852, 0.0233666, -0.00664343, 0.999705, 0.00308001  
202, -3.46262, 30.1646, 179.283, 0.999661, 0.0150178, -0.0212767, -0.0147703, 0.999822, 0.0117414, 0.0214493, -0.0114231, 0.999705, 0.0029219  
203, -3.54742, 31.6081, 179.261, 0.999701, 0.0151968, -0.0191792, -0.0149367, 0.999796, 0.0136319, 0.0193825, -0.0133414, 0.999723, 0.0027957  
204, -3.58793, 33.2318, 179.249, 0.999706, 0.0146594, -0.0193084, -0.0143186, 0.999741, 0.0176726, 0.0195625, -0.0173909, 0.999657, 0.00295658  
205, -3.55781, 34.6807, 179.246, 0.999765, 0.013685, -0.0168416, -0.0132771, 0.999621, 0.0240969, 0.017165, -0.0238676, 0.999568, 0.0030997  
206, -3.45497, 36.0973, 179.245, 0.999785, 0.0141257, -0.0152003, -0.013687, 0.999498, 0.0285872, 0.0155965, -0.028373, 0.999476, 0.00303896  
207, -3.36569, 37.5018, 179.186, 0.999779, 0.0138147, -0.0158356, -0.0133319, 0.999455, 0.0302011, 0.0162442, -0.0299833, 0.999418, 0.00289  
208, -3.22469, 39.0351, 179.103, 0.999743, 0.0138085, -0.0179556, -0.0132439, 0.999426, 0.0311911, 0.0183759, -0.0309453, 0.999352, 0.00284923  
209, -3.04921, 40.5138, 179.061, 0.999725, 0.0143624, -0.018553, -0.0137704, 0.999404, 0.0316543, 0.0189966, -0.0313901, 0.999327, 0.00270499  
210, -2.9319, 42.0099, 179.086, 0.999752, 0.0151243, -0.0163247, -0.0145411, 0.999272, 0.0352687, 0.0168462, -0.0350226, 0.999245, 0.00294326  
211, -2.77266, 43.2889, 179.128, 0.999817, 0.013424, -0.0136105, -0.0129014, 0.999203, 0.0377806, 0.0141068, -0.0375981, 0.999193, 0.00312356  
212, -2.68338, 44.5062, 179.255, 0.999858, 0.0131196, -0.0105478, -0.0127086, 0.999192, 0.0381365, 0.0110396, -0.037997, 0.999217, 0.00270999  
213, -2.48945, 47.236, 179.259, 0.999792, 0.0135964, -0.0152313, -0.0130151, 0.999207, 0.0376357, 0.0157309, -0.0374296, 0.999175, 0.00268058  
214, -2.48439, 50.1333, 179.166, 0.999753, 0.0140518, -0.0172426, -0.0132939, 0.998973, 0.0433101, 0.0178335, -0.0430702, 0.998913, 0.0029244  
215, -2.58762, 51.4175, 179.143, 0.999779, 0.0145626, -0.0151356, -0.0138801, 0.998924, 0.0442589, 0.0157638, -0.044039, 0.998905, 0.00273301  
216, -2.66399, 52.744, 179.148, 0.999794, 0.0141389, -0.0145468, -0.0134414, 0.998805, 0.0469781, 0.0151937, -0.0467729, 0.99879, 0.00267587  
217, -2.77422, 54.0717, 179.173, 0.999817, 0.0136872, -0.0133584, -0.0130228, 0.998733, 0.0486163, 0.0140069, -0.0484334, 0.998728, 0.0027344  
218, -2.91145, 55.3315, 179.137, 0.999828, 0.0132923, -0.0129344, -0.0125999, 0.998556, 0.0522136, 0.0136098, -0.0520416, 0.998552, 0.00289583  
219, -3.13205, 56.7059, 179.109, 0.999835, 0.0134824, -0.012206, -0.0127701, 0.998311, 0.0566684, 0.0129494, -0.0565032, 0.998318, 0.00278072  
220, -3.22242, 57.8123, 179.121, 0.999851, 0.0119658, -0.0124315, -0.0112643, 0.998421, 0.0550409, 0.0130704, -0.0548927, 0.998407, 0.00291136  
221, -3.52923, 59.1658, 179.121, 0.99983, 0.0127751, -0.0133189, -0.0120024, 0.998327, 0.0565675, 0.0140193, -0.056398, 0.99831, 0.00268308  
222, -3.76719, 60.3468, 179.161, 0.99978, 0.0122892, -0.0170055, -0.0114324, 0.998704, 0.0495957, 0.017593, -0.0493904, 0.998625, 0.00279126  
223, -4.00229, 61.6519, 179.152, 0.999755, 0.0094271, -0.0200085, -0.00838567, 0.998637, 0.0515099, 0.0204669, -0.0513295, 0.998472, 0.00303812  
224, -4.23016, 62.7322, 179.165, 0.999736, 0.0107242, -0.0203045, -0.00970239, 0.998714, 0.0497704, 0.0208121, -0.0495603, 0.998554, 0.00288224  
225, -4.46366, 63.778, 179.176, 0.999733, 0.0103262, -0.0206681, -0.00927464, 0.998689, 0.0503432, 0.0211608, -0.0501381, 0.998518, 0.00285505  
226, -4.69856, 64.8227, 179.211, 0.999745, 0.00864201, -0.0208626, -0.0074829, 0.998458, 0.0550118, 0.0213058, -0.0548417, 0.998268, 0.00280679  
227, -4.95142, 65.8183, 179.255, 0.999735, 0.0106192, -0.0204091, -0.00945523, 0.998369, 0.0563076, 0.0209737, -0.0560997, 0.998205, 0.00290942  
228, -5.2143, 66.808, 179.272, 0.99969, 0.00955326, -0.0229841, -0.0082486, 0.998385, 0.0562038, 0.0234839, -0.0559968, 0.998155, 0.0028018  
229, -5.46051, 67.6948, 179.305, 0.999642, 0.0118463, -0.0240041, -0.0105347, 0.998483, 0.0540493, 0.0246079, -0.053777, 0.99825, 0.00293799  
230, -5.69727, 68.5626, 179.297, 0.999625, 0.0110612, -0.0250344, -0.00976758, 0.99864, 0.0512192, 0.0255669, -0.0509555, 0.998374, 0.00292579  
231, -5.88226, 69.1731, 179.312, 0.999575, 0.0108758, -0.0270396, -0.00954006, 0.998751, 0.0490487, 0.0275393, -0.0487699, 0.99843, 0.00281178  
232, -6.11141, 70.0776, 179.337, 0.999521, 0.0107769, -0.0290273, -0.00946878, 0.99895, 0.0448318, 0.0294799, -0.0445355, 0.998573, 0.00288723  
233, -6.37575, 70.8007, 179.292, 0.999454, 0.00990506, -0.0315095, -0.0085322, 0.999021, 0.0434096, 0.0319086, -0.043117, 0.99856, 0.00287586  
234, -6.65233, 71.3985, 179.23, 0.999458, 0.0102688, -0.0312833, -0.00898169, 0.999118, 0.0410113, 0.0316768, -0.0407081, 0.998669, 0.00290332  
235, -6.91454, 72.1726, 179.239, 0.999429, 0.00970116, -0.0323645, -0.00836456, 0.999117, 0.0411811, 0.0327354, -0.0408869, 0.998627, 0.00286948  
236, -7.20114, 72.9494, 179.201, 0.999389, 0.00985609, -0.0335304, -0.00848774, 0.999135, 0.0407096, 0.0339026, -0.0404001, 0.998608, 0.00280707  
237, -7.48524, 73.6067, 179.139, 0.999374, 0.0102018, -0.0338807, -0.00888766, 0.999211, 0.0387131, 0.0342489, -0.0383878, 0.998676, 0.00290249  
238, -7.81445, 74.4343, 179.117, 0.99936, 0.010077, -0.0343209, -0.00866282, 0.999117, 0.041106, 0.0347049, -0.0407824, 0.998565, 0.00288252  
239, -8.05858, 75.1426, 179.127, 0.999226, 0.0105877, -0.0378778, -0.009219, 0.999305, 0.0361298, 0.038234, -0.0357526, 0.998629, 0.00308805  
240, -8.40269, 75.9634, 179.113, 0.999185, 0.00950327, -0.0392248, -0.00819535, 0.999409, 0.0333713, 0.0395188, -0.0330227, 0.998673, 0.00278765  
241, -8.63389, 76.6771, 179.164, 0.999184, 0.00987303, -0.0391699, -0.00862889, 0.999457, 0.0318055, 0.0394627, -0.0314415, 0.998726, 0.00279847  
242, -8.96774, 77.5242, 179.162, 0.999136, 0.00944393, -0.0404843, -0.0082512, 0.99953, 0.029528, 0.0407442, -0.0291685, 0.998744, 0.00291386  
243, -9.15364, 78.4066, 179.221, 0.998994, 0.00920532, -0.0438841, -0.00807894, 0.999635, 0.0257757, 0.0441054, -0.0253952, 0.998704, 0.00299874  
244, -9.51696, 79.078, 179.235, 0.998793, 0.00797102, -0.0484758, -0.00706828, 0.999799, 0.0187655, 0.0486156, -0.0184002, 0.998648, 0.00293022  
245, -9.60816, 79.9334, 179.297, 0.998751, 0.00544789, -0.049675, -0.00461241, 0.999846, 0.016918, 0.0497595, -0.0166678, 0.998622, 0.00297904  
246, -10.0005, 80.7476, 179.317, 0.998643, 0.00626446, -0.0516962, -0.00537959, 0.999837, 0.0172382, 0.0517958, -0.0169367, 0.998514, 0.00292079  
247, -10.3952, 81.5688, 179.32, 0.998572, 0.00623699, -0.0530536, -0.00549306, 0.999885, 0.0141565, 0.0531357, -0.0138449, 0.998491, 0.00299846  
248, -10.5869, 82.3217, 179.293, 0.998427, 0.00593868, -0.055752, -0.00538477, 0.999935, 0.0100802, 0.0558082, -0.00976418, 0.998394, 0.00301122  
249, -10.9293, 83.1342, 179.259, 0.998307, 0.00666637, -0.0577738, -0.0063059, 0.99996, 0.00641938, 0.0578143, -0.0060442, 0.998309, 0.0029477  
250, -10.9948, 83.9514, 179.348, 0.998223, 0.00532713, -0.0593566, -0.00512456, 0.999981, 0.00356453, 0.0593745, -0.00325401, 0.99823, 0.00295907  
251, -11.2522, 84.8129, 179.287, 0.998168, 0.00403772, -0.0603633, -0.00383082, 0.999986, 0.00354286, 0.0603768, -0.00330513, 0.99817, 0.00288057  
252, -11.3819, 85.6219, 179.23, 0.998328, 0.00456453, -0.0576224, -0.00437043, 0.999984, 0.00349407, 0.0576374, -0.0032364, 0.998332, 0.00293411  
253, -11.4691, 86.4017, 179.278, 0.998316, 0.00551801, -0.0577438, -0.00556121, 0.999984, -0.000587465, 0.0577396, 0.000907602, 0.998331, 0.00289  
254, -11.5622, 87.2798, 179.259, 0.998409, 0.00363433, -0.056261, -0.0035755, 0.999993, 0.00114626, 0.0562648, -0.000943271, 0.998415, 0.00295436  
255, -11.5566, 88.0883, 179.294, 0.998377, 0.00487764, -0.0567463, -0.00491144, 0.999988, -0.000456097, 0.0567434, 0.000734063, 0.998389, 0.00297294  
256, -11.6065, 88.7871, 179.269, 0.998319, 0.00488631, -0.0577445, -0.0052213, 0.99997, -0.00565178, 0.0577151, 0.00594378, 0.998315, 0.00280041  
257, -11.5504, 89.4773, 179.251, 0.998234, 0.00616245, -0.059079, -0.00684193, 0.999913, -0.0113058, 0.0590042, 0.0116901, 0.998189, 0.00297211  
258, -11.4244, 90.3227, 179.27, 0.998325, 0.00618452, -0.0575212, -0.00676526, 0.999928, -0.00990672, 0.0574558, 0.0102793, 0.998295, 0.00303147  
259, -11.3211, 91.0795, 179.229, 0.998286, 0.00569026, -0.0582418, -0.00646196, 0.999894, -0.0130703, 0.0581612, 0.0134242, 0.998217, 0.00291525  
260, -11.1362, 91.8798, 179.193, 0.998404, 0.00435377, -0.0562998, -0.00518758, 0.999879, -0.0146726, 0.0562291, 0.0149412, 0.998306, 0.002933  
261, -10.9488, 92.678, 179.14, 0.998486, 0.00465239, -0.05481, -0.00567651, 0.999812, -0.0185441, 0.0547134, 0.0188271, 0.998325, 0.00281678  
262, -10.6605, 93.4019, 179.102, 0.998635, 0.00404452, -0.0520665, -0.00531642, 0.99969, -0.0243131, 0.051952, 0.0245568, 0.998348, 0.00295658  
263, -10.5121, 94.3001, 179.006, 0.998829, 0.00408091, -0.0482145, -0.00518237, 0.999728, -0.0227421, 0.0481086, 0.0229654, 0.998578, 0.00291053  
264, -10.1723, 95.1831, 178.965, 0.998909, 0.00468512, -0.0464538, -0.0059403, 0.99962, -0.0269189, 0.04631, 0.0271655, 0.998558, 0.00299541  
265, -9.87563, 96.0431, 178.93, 0.999002, 0.00462694, -0.0444323, -0.00604796, 0.999473, -0.0319007, 0.0442613, 0.0321376, 0.998503, 0.00350523  
266, -9.58078, 96.8515, 178.97, 0.999092, 0.00364948, -0.0424541, -0.00509171, 0.999412, -0.033913, 0.0423053, 0.0340983, 0.998523, 0.0027932  
267, -9.24669, 97.7611, 179.013, 0.999171, 0.00426425, -0.0404835, -0.00575337, 0.999308, -0.0367384, 0.0402989, 0.0369409, 0.998505, 0.00297877  
268, -8.88486, 98.5587, 179.028, 0.999259, 0.00282446, -0.0383831, -0.00425278, 0.999299, -0.0371819, 0.0382512, 0.0373176, 0.998571, 0.00300678  
269, -8.61261, 99.5332, 179.097, 0.999335, 0.00280702, -0.036358, -0.00425883, 0.999194, -0.0399153, 0.0362166, 0.0400436, 0.998541, 0.00295824  
270, -8.37098, 100.231, 179.114, 0.999434, 0.0030329, -0.0335047, -0.00448397, 0.999051, -0.0433196, 0.0333415, 0.0434454, 0.998499, 0.00305615  
271, -8.20132, 101.198, 179.13, 0.999544, 0.00173323, -0.0301371, -0.00286329, 0.999293, -0.0374946, 0.0300508, 0.0375638, 0.998842, 0.00290581  
272, -7.90649, 102.278, 179.136, 0.999617, 0.0010646, -0.0276372, -0.00190814, 0.999533, -0.0305135, 0.0275918, 0.0305546, 0.999152, 0.00274882  
273, -7.59171, 103.084, 179.092, 0.999607, -0.0002801, -0.0280458, -0.000783845, 0.999281, -0.0379178, 0.0280362, 0.0379249, 0.998887, 0.00283425  
274, -7.32196, 104.141, 179.09, 0.999635, 1.39232e-005, -0.0270175, -0.00106766, 0.999239, -0.0389881, 0.0269964, 0.0390027, 0.998874, 0.00292884  
