0, 0, 0, 0, 0, 0, 0, 0, 0, 0, 0, 0, 0, 0.00625932  
1, 0, 0, 0, 0, 0, 0, 0, 0, 0, 0, 0, 0, 0.00394376  
2, 5.08781, -1.87721, 178.72, 0.999548, 0.0281125, -0.010671, -0.0280798, 0.999601, 0.00320043, 0.0107567, -0.00289934, 0.999938, 0.00264314  
3, 5.08998, -1.86312, 178.75, 0.999561, 0.0278935, -0.0100316, -0.0278607, 0.999606, 0.00339541, 0.0101224, -0.00311443, 0.999944, 0.00275409  
4, 5.11604, -1.86903, 178.73, 0.999543, 0.0284449, -0.0101833, -0.0284141, 0.999591, 0.0031547, 0.0102689, -0.00286391, 0.999943, 0.00285949  
5, 5.11275, -1.89957, 178.76, 0.999565, 0.027798, -0.00982999, -0.027764, 0.999608, 0.00358065, 0.00992567, -0.00330617, 0.999945, 0.00281844  
6, 5.10389, -1.85871, 178.729, 0.999551, 0.0281179, -0.0103649, -0.0280813, 0.999599, 0.00365463, 0.0104635, -0.00336192, 0.99994, 0.0029269  
7, 5.13454, -1.86245, 178.741, 0.999549, 0.0280827, -0.0106684, -0.0280448, 0.9996, 0.00368776, 0.0107677, -0.0033869, 0.999936, 0.00283092  
8, 5.09684, -1.85223, 178.738, 0.999559, 0.0278198, -0.0103962, -0.0277903, 0.999609, 0.00297732, 0.0104749, -0.0026871, 0.999942, 0.00286754  
9, 5.11398, -1.86686, 178.737, 0.999551, 0.0278992, -0.0109276, -0.0278562, 0.999604, 0.00407061, 0.0110369, -0.00376438, 0.999932, 0.00286338  
10, 5.08542, -1.88013, 178.764, 0.999554, 0.0282409, -0.00972559, -0.0282071, 0.999596, 0.0035923, 0.00982311, -0.00331636, 0.999946, 0.0028606  
11, 5.09007, -1.87677, 178.724, 0.999539, 0.0284962, -0.0104463, -0.0284542, 0.999586, 0.00415212, 0.0105603, -0.00385297, 0.999937, 0.00272413  
12, 5.10853, -1.88519, 178.744, 0.999569, 0.0276854, -0.00973061, -0.0276448, 0.999609, 0.00427546, 0.00984517, -0.00400462, 0.999944, 0.00299901  
13, 5.09827, -1.86139, 178.743, 0.999566, 0.0277257, -0.0100013, -0.0276851, 0.999608, 0.00416961, 0.010113, -0.00389091, 0.999941, 0.00293827  
14, 5.11936, -1.86135, 178.74, 0.999568, 0.0277413, -0.00971163, -0.0276976, 0.999606, 0.00460403, 0.00983552, -0.00433306, 0.999942, 0.0029599  
15, 5.09717, -1.89583, 178.766, 0.999571, 0.0274741, -0.0101864, -0.0274408, 0.999618, 0.0034001, 0.0102759, -0.00311912, 0.999942, 0.00295436  
16, 5.07615, -1.87882, 178.726, 0.999553, 0.028277, -0.00967474, -0.0282295, 0.999589, 0.00500842, 0.00981238, -0.00473307, 0.999941, 0.00302592  
17, 5.12541, -1.88492, 178.754, 0.999563, 0.02757, -0.0106935, -0.0275297, 0.999613, 0.00389458, 0.0107967, -0.00359848, 0.999935, 0.00296712  
18, 5.10911, -1.89031, 178.718, 0.999566, 0.0278808, -0.00948289, -0.0278452, 0.999605, 0.00385767, 0.00958669, -0.00359195, 0.999948, 0.00294021  
19, 5.12964, -1.85098, 178.752, 0.99954, 0.0284665, -0.0104707, -0.0284327, 0.99959, 0.00336969, 0.0105623, -0.00307043, 0.99994, 0.00286559  
20, 5.15098, -1.86067, 178.741, 0.999555, 0.027708, -0.0110133, -0.0276663, 0.99961, 0.00391806, 0.0111175, -0.00361163, 0.999932, 0.00297987  
21, 5.11154, -1.8605, 178.732, 0.999566, 0.027686, -0.010027, -0.0276494, 0.999611, 0.00377501, 0.0101276, -0.00349614, 0.999943, 0.0029538  
22, 5.11491, -1.85604, 178.741, 0.999547, 0.0281541, -0.010628, -0.0281247, 0.9996, 0.00290789, 0.0107056, -0.00260766, 0.999939, 0.00294409  
23, 5.09344, -1.88445, 178.719, 0.99954, 0.0286693, -0.00993448, -0.0286312, 0.999582, 0.00395302, 0.0100437, -0.00366676, 0.999943, 0.00299874  
24, 5.1271, -1.88442, 178.748, 0.999572, 0.0276147, -0.00967419, -0.0275719, 0.99961, 0.00452763, 0.00979544, -0.00425895, 0.999943, 0.00294603  
25, 5.10374, -1.87916, 178.759, 0.999575, 0.0277318, -0.00895614, -0.0276997, 0.999609, 0.00369412, 0.00905508, -0.00344446, 0.999953, 0.00303313  
26, 5.11731, -1.8734, 178.768, 0.99957, 0.0275316, -0.0101389, -0.0274955, 0.999615, 0.003688, 0.0102365, -0.00340763, 0.999942, 0.00292579  
27, 5.12688, -1.87528, 178.774, 0.999557, 0.0277799, -0.0106694, -0.0277481, 0.99961, 0.00312075, 0.010752, -0.00282331, 0.999938, 0.00294465  
28, 5.12408, -1.85994, 178.758, 0.999551, 0.0283619, -0.00966786, -0.0283234, 0.99959, 0.00409188, 0.00977995, -0.00381622, 0.999945, 0.00299458  
29, 5.13524, -1.86117, 178.725, 0.999552, 0.0281502, -0.0101391, -0.0281213, 0.9996, 0.0029832, 0.010219, -0.00269674, 0.999944, 0.00296212  
30, 5.13042, -1.86555, 178.778, 0.999554, 0.0279299, -0.0105878, -0.027896, 0.999605, 0.00333167, 0.0106767, -0.00303482, 0.999938, 0.00281983  
31, 5.13465, -1.87109, 178.782, 0.99957, 0.0274189, -0.0103653, -0.0273804, 0.999618, 0.00383458, 0.0104665, -0.00354913, 0.999939, 0.00300817  
32, 5.11825, -1.8731, 178.744, 0.999545, 0.028501, -0.00984421, -0.0284606, 0.999586, 0.00422207, 0.00996047, -0.00393998, 0.999943, 0.00291136  
33, 5.08939, -1.89319, 178.751, 0.999581, 0.0276141, -0.00863293, -0.0275832, 0.999613, 0.00367495, 0.00873107, -0.00343528, 0.999956, 0.00287225  
34, 5.11835, -1.87423, 178.738, 0.999566, 0.0280234, -0.00907328, -0.0279875, 0.9996, 0.00406575, 0.00918359, -0.00381005, 0.999951, 0.00294825  
35, 5.13037, -1.86401, 178.754, 0.999565, 0.0276331, -0.0103425, -0.0275852, 0.999608, 0.00474251, 0.0104695, -0.00445514, 0.999935, 0.00294936  
36, 5.10426, -1.87087, 178.746, 0.999563, 0.0278935, -0.00980878, -0.0278486, 0.999601, 0.00468975, 0.00993568, -0.00441454, 0.999941, 0.00287558  
37, 5.09539, -1.87855, 178.749, 0.999566, 0.0279756, -0.00927688, -0.0279475, 0.999604, 0.00314365, 0.00936116, -0.00288302, 0.999952, 0.00326086  
38, 5.10355, -1.8703, 178.76, 0.999554, 0.0282613, -0.00968626, -0.0282281, 0.999595, 0.00354658, 0.00978257, -0.00327157, 0.999947, 0.00296822  
39, 5.09722, -1.8581, 178.758, 0.999568, 0.0279726, -0.00901558, -0.0279378, 0.999602, 0.00396367, 0.00912286, -0.00371008, 0.999952, 0.00282621  
40, 5.11425, -1.86135, 178.771, 0.999566, 0.0277669, -0.00979773, -0.0277307, 0.999608, 0.00381612, 0.00989985, -0.00354277, 0.999945, 0.00283342  
41, 5.11238, -1.86746, 178.778, 0.999566, 0.0278819, -0.00950998, -0.0278468, 0.999605, 0.00379937, 0.00961216, -0.0035329, 0.999948, 0.00299569  
42, 5.13016, -1.85749, 178.753, 0.999559, 0.0278584, -0.0103106, -0.0278103, 0.999602, 0.00477246, 0.0104395, -0.00448361, 0.999935, 0.00298625  
43, 5.12001, -1.86876, 178.773, 0.999568, 0.0275838, -0.0101736, -0.0275558, 0.999616, 0.00289015, 0.0102494, -0.00260856, 0.999944, 0.00299957  
44, 5.11961, -1.8642, 178.769, 0.999546, 0.0283689, -0.0101039, -0.0283464, 0.999595, 0.00236174, 0.0101669, -0.00207426, 0.999946, 0.00293466  
45, 5.12938, -1.85685, 178.736, 0.999559, 0.02807, -0.00964364, -0.0280265, 0.999596, 0.00462355, 0.00976954, -0.00435124, 0.999943, 0.00296739  
46, 5.10785, -1.85234, 178.78, 0.999553, 0.0279999, -0.010434, -0.0279603, 0.999601, 0.00391626, 0.0105395, -0.00362277, 0.999938, 0.00308916  
47, 5.11767, -1.85736, 178.749, 0.999553, 0.0279299, -0.0106779, -0.0278959, 0.999605, 0.00332671, 0.0107666, -0.00302735, 0.999937, 0.00308777  
48, 5.11495, -1.85355, 178.759, 0.999552, 0.0279524, -0.0106602, -0.0279129, 0.999603, 0.00383268, 0.0107631, -0.00353341, 0.999936, 0.00296434  
49, 5.10112, -1.8883, 178.765, 0.999561, 0.0279841, -0.00973506, -0.0279471, 0.999602, 0.00392275, 0.00984096, -0.00364896, 0.999945, 0.0030176  
50, 5.13094, -1.84812, 178.747, 0.999549, 0.0283671, -0.00990109, -0.0283371, 0.999593, 0.00316365, 0.0099868, -0.00288165, 0.999946, 0.00301427  
51, 5.09939, -1.85822, 178.752, 0.999551, 0.0282413, -0.0099814, -0.0282035, 0.999595, 0.0039028, 0.0100876, -0.00361954, 0.999943, 0.0033327  
52, 5.09458, -1.86705, 178.741, 0.999553, 0.0282322, -0.00984017, -0.0281946, 0.999595, 0.00394372, 0.00994752, -0.00366452, 0.999944, 0.00304617  
53, 5.11786, -1.86703, 178.742, 0.999558, 0.0282425, -0.00925607, -0.028204, 0.999593, 0.00426815, 0.00937284, -0.00400521, 0.999948, 0.00306531  
54, 5.1111, -1.86641, 178.764, 0.999563, 0.0278524, -0.00985756, -0.0278111, 0.999604, 0.00430632, 0.0099736, -0.00403029, 0.999942, 0.0029366  
55, 5.12744, -1.87468, 178.749, 0.999539, 0.028632, -0.0100649, -0.0286049, 0.999587, 0.0028233, 0.0101415, -0.00253409, 0.999945, 0.00300872  
56, 5.11655, -1.87078, 178.758, 0.999561, 0.0277678, -0.0103563, -0.0277252, 0.999607, 0.00423121, 0.0104697, -0.00394222, 0.999937, 0.00290581  
57, 5.12597, -1.84654, 178.746, 0.999546, 0.0281035, -0.0108251, -0.0280653, 0.999599, 0.00366694, 0.0109238, -0.00336147, 0.999935, 0.00300345  
58, 5.14817, -1.84171, 178.75, 0.999553, 0.0279332, -0.0106223, -0.0278955, 0.999604, 0.00368362, 0.010721, -0.00338566, 0.999937, 0.00291053  
59, 5.09861, -1.86061, 178.754, 0.999554, 0.0282218, -0.00974097, -0.0281838, 0.999595, 0.0040174, 0.0098504, -0.00374108, 0.999944, 0.00295103  
60, 5.08274, -1.86656, 178.741, 0.999556, 0.0279601, -0.0102772, -0.0279242, 0.999603, 0.00361964, 0.0103743, -0.00333105, 0.999941, 0.00284035  
61, 5.08917, -1.87305, 178.736, 0.999561, 0.0279004, -0.00999253, -0.0278537, 0.999601, 0.00477487, 0.0101218, -0.00449444, 0.999939, 0.00280041  
62, 5.10691, -1.88923, 178.754, 0.999563, 0.0281472, -0.00906836, -0.0281175, 0.999599, 0.00338554, 0.00916002, -0.00312908, 0.999953, 0.00311967  
63, 5.11699, -1.87972, 178.758, 0.99957, 0.027754, -0.00941262, -0.0277194, 0.999609, 0.00378754, 0.00951405, -0.003525, 0.999949, 0.00280762  
64, 5.14046, -1.87034, 178.735, 0.999567, 0.028058, -0.0089048, -0.0280212, 0.999598, 0.00423313, 0.00901999, -0.00398177, 0.999951, 0.00283286  
65, 5.1219, -1.86043, 178.759, 0.999549, 0.0281029, -0.0105761, -0.0280556, 0.999596, 0.0045984, 0.0107011, -0.00429961, 0.999933, 0.00294825  
66, 5.08994, -1.882, 178.716, 0.999564, 0.028145, -0.00897858, -0.0281099, 0.999597, 0.00400774, 0.00908776, -0.0037536, 0.999952, 0.00283952  
67, 5.11728, -1.86543, 178.777, 0.999557, 0.0279086, -0.0103831, -0.0278798, 0.999607, 0.00290854, 0.0104602, -0.00261777, 0.999942, 0.00282981  
68, 5.10602, -1.85802, 178.745, 0.999558, 0.0278699, -0.0103491, -0.0278342, 0.999606, 0.00357998, 0.0104448, -0.00329034, 0.99994, 0.00283231  
69, 5.08684, -1.86503, 178.749, 0.99957, 0.0275022, -0.0101325, -0.0274685, 0.999617, 0.00344676, 0.0102234, -0.00316695, 0.999943, 0.00279958  
70, 5.11306, -1.8634, 178.743, 0.999552, 0.028184, -0.01006, -0.0281487, 0.999597, 0.00363274, 0.0101583, -0.00334793, 0.999943, 0.00290138  
71, 5.11366, -1.86268, 178.751, 0.999569, 0.0277232, -0.00969653, -0.0276843, 0.999608, 0.00411807, 0.00980689, -0.00384786, 0.999945, 0.00279736  
72, 5.11122, -1.86129, 178.75, 0.999554, 0.0280263, -0.010288, -0.0279862, 0.9996, 0.0040173, 0.0103965, -0.00372759, 0.999939, 0.00289971  
73, 5.10702, -1.88508, 178.737, 0.999553, 0.0284102, -0.0093019, -0.0283715, 0.999588, 0.00426644, 0.00941928, -0.00400063, 0.999948, 0.00282454  
74, 5.0997, -1.86617, 178.724, 0.999564, 0.0279986, -0.00942006, -0.0279548, 0.999598, 0.00475134, 0.0095493, -0.00448593, 0.999944, 0.00277905  
75, 5.12897, -1.86976, 178.748, 0.999556, 0.0279442, -0.0103196, -0.0279014, 0.999602, 0.00426826, 0.0104348, -0.00397844, 0.999938, 0.00285616  
76, 5.09551, -1.87824, 178.745, 0.999574, 0.0275632, -0.00956333, -0.027521, 0.999611, 0.00451254, 0.00968399, -0.00424743, 0.999944, 0.00280097  
77, 5.13721, -1.85597, 178.779, 0.999567, 0.0275666, -0.0102455, -0.0275261, 0.999613, 0.00407657, 0.0103539, -0.00379279, 0.999939, 0.00288141  
78, 5.10351, -1.86575, 178.722, 0.999552, 0.0281593, -0.0101544, -0.0281284, 0.999599, 0.00317132, 0.0102397, -0.00288427, 0.999943, 0.00282232  
79, 5.1227, -1.84261, 178.723, 0.999549, 0.0283353, -0.00993768, -0.0282928, 0.99959, 0.00439138, 0.010058, -0.00410824, 0.999941, 0.00283592  
80, 5.12344, -1.86595, 178.742, 0.999547, 0.0282935, -0.0102824, -0.0282493, 0.999591, 0.00441655, 0.0104031, -0.00412408, 0.999937, 0.00277572  
81, 5.09209, -1.89125, 178.759, 0.999565, 0.028061, -0.00903482, -0.0280325, 0.999602, 0.00326774, 0.00912291, -0.00301306, 0.999954, 0.00277628  
82, 5.09547, -1.85356, 178.728, 0.999541, 0.0285972, -0.0100029, -0.0285612, 0.999585, 0.00371763, 0.0101051, -0.00343023, 0.999943, 0.00287697  
83, 5.10649, -1.86464, 178.757, 0.999557, 0.0281002, -0.00983274, -0.0280652, 0.999599, 0.00368208, 0.00993227, -0.00340449, 0.999945, 0.00284257  
84, 5.10221, -1.87427, 178.733, 0.999558, 0.028246, -0.00930077, -0.0282124, 0.999595, 0.00371557, 0.00940195, -0.00345153, 0.99995, 0.00280818  
85, 5.10889, -1.87265, 178.759, 0.99956, 0.0281312, -0.00938899, -0.0280942, 0.999597, 0.00404809, 0.00949909, -0.00378253, 0.999948, 0.00278155  
86, 5.10029, -1.86765, 178.74, 0.999556, 0.0279924, -0.0101987, -0.0279528, 0.999601, 0.0040055, 0.0103067, -0.00371864, 0.99994, 0.00287142  
87, 5.09865, -1.87165, 178.745, 0.999553, 0.0282516, -0.00980749, -0.0282143, 0.999594, 0.00391576, 0.00991414, -0.0036373, 0.999944, 0.00286365  
88, 5.10096, -1.86621, 178.725, 0.999556, 0.0280145, -0.0101965, -0.027972, 0.9996, 0.00428282, 0.0103124, -0.0039957, 0.999939, 0.00276851  
89, 5.1176, -1.85233, 178.726, 0.999533, 0.0288933, -0.00991998, -0.0288549, 0.999576, 0.00398522, 0.0100309, -0.00369711, 0.999943, 0.00278266  
90, 5.14234, -1.85451, 178.757, 0.999557, 0.0282082, -0.00947741, -0.0281818, 0.999599, 0.00290769, 0.00955563, -0.00263931, 0.999951, 0.0028803  
91, 5.12321, -1.86703, 178.755, 0.999554, 0.0279993, -0.0103679, -0.0279647, 0.999603, 0.00346787, 0.0104609, -0.00317639, 0.99994, 0.00298653  
92, 5.08847, -1.86656, 178.722, 0.999556, 0.0283828, -0.00903293, -0.0283417, 0.999587, 0.00464538, 0.00916106, -0.00438731, 0.999948, 0.00293965  
93, 5.10444, -1.85465, 178.743, 0.999543, 0.0281851, -0.0109487, -0.0281491, 0.999598, 0.0034256, 0.0110409, -0.00311583, 0.999934, 0.00293827  
94, 5.07984, -1.88339, 178.75, 0.999551, 0.0281059, -0.0104169, -0.0280802, 0.999602, 0.00260788, 0.0104861, -0.0023142, 0.999942, 0.00292856  
95, 5.12411, -1.84231, 178.751, 0.999563, 0.0278501, -0.00989675, -0.0278137, 0.999606, 0.00379794, 0.00999862, -0.00352101, 0.999944, 0.00294825  
96, 5.13116, -1.84241, 178.736, 0.99955, 0.0283882, -0.00969341, -0.0283392, 0.999585, 0.00516295, 0.00983596, -0.00488592, 0.99994, 0.00299291  
97, 5.13246, -1.85348, 178.756, 0.999568, 0.0276951, -0.00985795, -0.0276505, 0.999607, 0.00463962, 0.00998257, -0.00436504, 0.999941, 0.00297571  
98, 5.1057, -1.87144, 178.752, 0.999576, 0.0276024, -0.00924623, -0.0275665, 0.999612, 0.00399018, 0.00935279, -0.0037336, 0.999949, 0.00284063  
99, 5.11145, -1.86686, 178.733, 0.999563, 0.0279183, -0.00970766, -0.0278911, 0.999607, 0.00292457, 0.00978549, -0.00265254, 0.999949, 0.00295963  
100, 5.11515, -1.84687, 178.758, 0.999557, 0.0277635, -0.0107668, -0.0277282, 0.99961, 0.00340885, 0.0108573, -0.00310879, 0.999936, 0.00295463  
101, 5.13086, -1.85659, 178.751, 0.999563, 0.0277832, -0.0100665, -0.0277448, 0.999607, 0.00393587, 0.0101719, -0.00365485, 0.999942, 0.00294603  
102, 5.09218, -1.89309, 178.732, 0.999562, 0.0280482, -0.00942427, -0.0280222, 0.999603, 0.00287932, 0.00950129, -0.00261397, 0.999951, 0.00303868  
103, 5.10387, -1.87116, 178.766, 0.999571, 0.0278941, -0.0089502, -0.0278659, 0.999606, 0.00326135, 0.00903764, -0.00301054, 0.999955, 0.00293411  
104, 5.09727, -1.86519, 178.732, 0.999541, 0.0284826, -0.0103398, -0.0284482, 0.999589, 0.00346316, 0.0104342, -0.00316742, 0.999941, 0.00293716  
105, 5.08669, -1.86394, 178.761, 0.999582, 0.0273694, -0.00935723, -0.0273359, 0.999619, 0.00369517, 0.0094548, -0.00343783, 0.999949, 0.00292218  
106, 5.13196, -1.85256, 178.752, 0.999566, 0.0279927, -0.0092249, -0.0279575, 0.999601, 0.00392331, 0.00933105, -0.0036637, 0.99995, 0.00289222  
107, 5.11811, -1.84947, 178.738, 0.99955, 0.0282467, -0.0100564, -0.0282071, 0.999594, 0.00405056, 0.0101667, -0.00376507, 0.999941, 0.00294881  
108, 5.11703, -1.84328, 178.747, 0.999538, 0.02838, -0.0108495, -0.0283465, 0.999593, 0.00323337, 0.0109368, -0.00292433, 0.999936, 0.002933  
109, 5.11716, -1.86797, 178.749, 0.999567, 0.0278118, -0.00959544, -0.0277673, 0.999603, 0.00474374, 0.00972356, -0.00447524, 0.999943, 0.00282981  
110, 5.11972, -1.86548, 178.744, 0.999558, 0.0281808, -0.00947592, -0.0281385, 0.999594, 0.00456646, 0.00960076, -0.00429781, 0.999945, 0.00293522  
111, 5.09706, -1.87622, 178.73, 0.999555, 0.0281427, -0.00984742, -0.0281024, 0.999596, 0.00421322, 0.00996202, -0.00393461, 0.999943, 0.0029513  
112, 5.114, -1.86523, 178.729, 0.999554, 0.0280602, -0.0101964, -0.0280246, 0.999601, 0.00361286, 0.0102938, -0.00332549, 0.999941, 0.00294659  
113, 5.09574, -1.86705, 178.749, 0.999571, 0.0278718, -0.00904501, -0.0278409, 0.999606, 0.00351785, 0.0091395, -0.00326451, 0.999953, 0.00293189  
114, 5.07873, -1.87383, 178.724, 0.999583, 0.027407, -0.00904703, -0.027365, 0.999614, 0.0047417, 0.0091735, -0.00449215, 0.999948, 0.00297599  
115, 5.10081, -1.86331, 178.763, 0.999571, 0.0276678, -0.00965544, -0.0276318, 0.999611, 0.00384042, 0.00975794, -0.00357198, 0.999946, 0.00297821  
116, 5.05057, -1.88089, 178.724, 0.99956, 0.0278953, -0.0100547, -0.0278536, 0.999603, 0.00426662, 0.0101698, -0.00398469, 0.99994, 0.00293133  
117, 5.08347, -1.87629, 178.74, 0.999564, 0.0280745, -0.00917067, -0.0280411, 0.9996, 0.0037508, 0.0092723, -0.00349201, 0.999951, 0.00282815  
118, 5.05976, -1.88636, 178.748, 0.999561, 0.0279795, -0.00975795, -0.0279543, 0.999606, 0.0027062, 0.00982982, -0.00243224, 0.999949, 0.00297627  
119, 5.09709, -1.8728, 178.718, 0.999547, 0.0282722, -0.0103096, -0.0282295, 0.999592, 0.00426141, 0.0104259, -0.00396844, 0.999938, 0.00298681  
120, 5.11393, -1.85749, 178.749, 0.999551, 0.028153, -0.0102243, -0.0281181, 0.999598, 0.00354711, 0.01032, -0.00325803, 0.999941, 0.00297044  
121, 5.08948, -1.84748, 178.746, 0.999561, 0.0278619, -0.0100737, -0.0278245, 0.999605, 0.00383393, 0.0101765, -0.00355195, 0.999942, 0.00287641  
122, 5.08632, -1.85769, 178.744, 0.99956, 0.0281052, -0.00953113, -0.0280692, 0.999598, 0.00389095, 0.00963666, -0.00362171, 0.999947, 0.00293355  
123, 5.09705, -1.85489, 178.747, 0.999551, 0.0283599, -0.00965698, -0.0283226, 0.999591, 0.0039835, 0.009766, -0.0037082, 0.999945, 0.00288557  
124, 5.08047, -1.8342, 178.748, 0.999555, 0.0283034, -0.0094423, -0.0282562, 0.999588, 0.0051045, 0.00958289, -0.00483543, 0.999942, 0.00298625  
125, 5.06835, -1.83927, 178.722, 0.999553, 0.0284085, -0.00929683, -0.02837, 0.999588, 0.0042467, 0.00941365, -0.00398105, 0.999948, 0.00299014  
126, 5.09133, -1.90863, 178.741, 0.999582, 0.0276971, -0.00826648, -0.0276692, 0.999611, 0.00346596, 0.00835926, -0.00323579, 0.99996, 0.00300207  
127, 5.11212, -1.94787, 178.739, 0.999574, 0.027934, -0.00842368, -0.0279276, 0.99961, 0.000883519, 0.00844507, -0.000647891, 0.999964, 0.00301677  
128, 5.09264, -1.96818, 178.732, 0.999573, 0.0279129, -0.00859705, -0.0279141, 0.99961, -2.04465e-005, 0.00859313, 0.000260416, 0.999963, 0.00303507  
129, 5.08386, -2.05205, 178.774, 0.999594, 0.0272122, -0.00848352, -0.0272211, 0.999629, -0.000935803, 0.0084549, 0.00116635, 0.999964, 0.00283148  
130, 5.11879, -2.08334, 178.78, 0.999549, 0.0282526, -0.0102005, -0.0282891, 0.999594, -0.00345779, 0.0100987, 0.00374479, 0.999942, 0.00295103  
131, 5.09333, -2.14045, 178.78, 0.999574, 0.0277534, -0.00903258, -0.0277944, 0.999604, -0.00444662, 0.00890559, 0.00469579, 0.999949, 0.00288695  
132, 5.10335, -2.15589, 178.809, 0.999577, 0.0276118, -0.00909135, -0.0276619, 0.999603, -0.00543249, 0.00893774, 0.00568167, 0.999944, 0.00292329  
133, 5.05267, -2.20564, 178.809, 0.999594, 0.0268446, -0.00950542, -0.026919, 0.999607, -0.00779616, 0.0092924, 0.00804887, 0.999924, 0.00292967  
134, 5.0658, -2.24741, 178.807, 0.999578, 0.0279005, -0.0081129, -0.0279756, 0.999565, -0.00930096, 0.00784988, 0.00952399, 0.999924, 0.0028165  
135, 5.06817, -2.26771, 178.82, 0.999573, 0.0277404, -0.00912857, -0.0278405, 0.999552, -0.0110237, 0.00881867, 0.0112731, 0.999898, 0.00296767  
136, 5.08605, -2.27874, 178.829, 0.999585, 0.0277031, -0.00793472, -0.0278016, 0.999534, -0.0125781, 0.00758257, 0.0127935, 0.999889, 0.00303618  
137, 5.05083, -2.31506, 178.838, 0.99957, 0.0278713, -0.00914387, -0.0279925, 0.999518, -0.0134042, 0.00876587, 0.0136544, 0.999868, 0.00295685  
138, 5.06808, -2.35828, 178.847, 0.999582, 0.0278322, -0.00777957, -0.0279553, 0.999478, -0.0161833, 0.0073251, 0.016394, 0.999839, 0.00300456  
139, 5.07442, -2.33738, 178.901, 0.999575, 0.0278015, -0.00880121, -0.0279594, 0.99944, -0.0183588, 0.00828589, 0.018597, 0.999793, 0.00282954  
140, 5.09188, -2.35102, 178.883, 0.999561, 0.0280773, -0.00947313, -0.0282664, 0.999391, -0.0204594, 0.00889292, 0.0207182, 0.999746, 0.00301011  
141, 5.10117, -2.40738, 178.901, 0.999579, 0.0274608, -0.00940534, -0.0276772, 0.999336, -0.0237029, 0.0087482, 0.0239532, 0.999675, 0.00298237  
142, 5.07208, -2.38737, 178.935, 0.999575, 0.0275029, -0.00967278, -0.0277619, 0.99923, -0.027743, 0.00890231, 0.0279997, 0.999568, 0.00289195  
143, 5.0675, -2.41227, 178.931, 0.999589, 0.0271294, -0.00927419, -0.0273853, 0.999214, -0.0286771, 0.00848891, 0.0289192, 0.999546, 0.00303757  
144, 5.08525, -2.36647, 178.956, 0.999585, 0.0271723, -0.00957809, -0.0274422, 0.999195, -0.0292693, 0.00877506, 0.02952, 0.999526, 0.00281816  
145, 5.11715, -2.3588, 178.942, 0.999546, 0.0280314, -0.0110855, -0.0283961, 0.99901, -0.0342366, 0.0101148, 0.0345358, 0.999352, 0.00286393  
146, 5.07809, -2.37911, 178.96, 0.999588, 0.0269046, -0.0100071, -0.0272615, 0.998927, -0.0374278, 0.00898937, 0.0376852, 0.999249, 0.00309637  
147, 5.12834, -2.3943, 178.984, 0.999608, 0.0266673, -0.00851879, -0.0269702, 0.998926, -0.0376787, 0.00750485, 0.0378937, 0.999254, 0.00302592  
148, 5.16478, -2.35489, 179.002, 0.999595, 0.0269415, -0.0091386, -0.0272954, 0.998782, -0.0411101, 0.0080199, 0.0413429, 0.999113, 0.00283148  
149, 5.19374, -2.31495, 178.964, 0.999587, 0.0273336, -0.00884995, -0.027686, 0.998713, -0.0424993, 0.0076769, 0.0427268, 0.999057, 0.00326058  
150, 5.17532, -2.26188, 178.959, 0.999589, 0.0275397, -0.00790458, -0.0278699, 0.998587, -0.0452435, 0.00664742, 0.0454452, 0.998945, 0.002857  
151, 5.19737, -2.22907, 178.981, 0.999574, 0.0275036, -0.00973019, -0.0279511, 0.998392, -0.049311, 0.00835831, 0.049562, 0.998736, 0.00301066  
152, 5.21467, -2.22061, 179.001, 0.999603, 0.0267829, -0.00879438, -0.0271981, 0.998323, -0.0510934, 0.00741121, 0.0513122, 0.998655, 0.0029158  
153, 5.23675, -2.05261, 178.973, 0.999568, 0.0276031, -0.0100445, -0.0281123, 0.998108, -0.0546854, 0.00851597, 0.0549442, 0.998453, 0.00303701  
154, 5.32971, -1.9868, 178.996, 0.999584, 0.027148, -0.00978669, -0.0276569, 0.998032, -0.0562791, 0.00823956, 0.0565263, 0.998367, 0.00283397  
155, 5.37277, -1.89107, 178.983, 0.999573, 0.0275472, -0.00976354, -0.0280722, 0.997893, -0.0584872, 0.00813182, 0.0587363, 0.99824, 0.00288307  
156, 5.41536, -1.81846, 178.989, 0.999578, 0.0275963, -0.00905022, -0.0281059, 0.997675, -0.0620878, 0.00731578, 0.062316, 0.99803, 0.00290526  
157, 5.45238, -1.6771, 178.959, 0.999554, 0.0283498, -0.00935167, -0.0288824, 0.997606, -0.0628341, 0.00754795, 0.0630762, 0.99798, 0.00289416  
158, 5.48796, -1.53388, 178.969, 0.999571, 0.0277837, -0.00930202, -0.0283291, 0.997496, -0.064801, 0.00747832, 0.0650367, 0.997855, 0.0029366  
159, 5.51993, -1.41837, 178.954, 0.99955, 0.0285169, -0.00930007, -0.0290764, 0.997334, -0.0669334, 0.00736654, 0.0671737, 0.997714, 0.00284673  
160, 5.55918, -1.32379, 178.939, 0.999537, 0.0288546, -0.00961394, -0.029459, 0.997101, -0.0701535, 0.00756182, 0.0704043, 0.99749, 0.00287974  
161, 5.56749, -1.15658, 178.88, 0.999491, 0.0304123, -0.00964136, -0.0310373, 0.996836, -0.0731725, 0.00738552, 0.0734344, 0.997273, 0.00281705  
162, 5.56877, -0.959914, 178.894, 0.999507, 0.0300232, -0.00917156, -0.0306211, 0.996782, -0.0740748, 0.00691809, 0.0743191, 0.997211, 0.00292828  
163, 5.60429, -0.6913, 178.887, 0.999456, 0.0314916, -0.00974608, -0.0321317, 0.9967, -0.0745427, 0.00736645, 0.0748154, 0.99717, 0.00291885  
164, 5.634, -0.526445, 178.927, 0.999439, 0.0321469, -0.00943494, -0.0327734, 0.996555, -0.0761903, 0.00695315, 0.0764567, 0.997049, 0.00279736  
165, 5.63354, -0.230157, 178.903, 0.999476, 0.0310807, -0.00908289, -0.0316859, 0.996561, -0.0765701, 0.0066718, 0.0768177, 0.997023, 0.00285949  
166, 5.63311, 0.0522194, 178.945, 0.999492, 0.0308296, -0.00814057, -0.031366, 0.996533, -0.0770646, 0.00573647, 0.0772807, 0.996993, 0.00300234  
167, 5.67926, 0.296969, 178.958, 0.999492, 0.0310881, -0.00703918, -0.0315513, 0.99631, -0.0798203, 0.00453174, 0.0800018, 0.996784, 0.00281678  
168, 5.63238, 0.561266, 178.991, 0.999499, 0.030909, -0.00686524, -0.0313612, 0.996272, -0.0803625, 0.00435572, 0.0805375, 0.996742, 0.00288723  
169, 5.63301, 0.930924, 178.976, 0.999481, 0.0316393, -0.00607149, -0.0320289, 0.996165, -0.0814189, 0.00347217, 0.0815711, 0.996661, 0.00283924  
170, 5.63255, 1.32195, 179.005, 0.999518, 0.0304362, -0.00611819, -0.0308385, 0.996093, -0.0827482, 0.00357575, 0.082897, 0.996552, 0.00309194  
171, 5.58642, 1.80663, 178.985, 0.999552, 0.0293794, -0.005725, -0.0297551, 0.996062, -0.0835217, 0.00324864, 0.0836546, 0.99649, 0.0029183  
172, 5.51138, 2.26547, 179.016, 0.999554, 0.0296317, -0.00357847, -0.0298253, 0.996188, -0.0819718, 0.00113587, 0.082042, 0.996628, 0.00295796  
173, 5.45572, 2.80477, 179.066, 0.999573, 0.0286732, -0.00571148, -0.0290541, 0.995984, -0.0846881, 0.00326027, 0.0848179, 0.996391, 0.00290637  
174, 5.33313, 3.3404, 179.116, 0.999559, 0.0291112, -0.00592728, -0.0295089, 0.995969, -0.0847022, 0.00343761, 0.0848398, 0.996389, 0.00287863  
175, 5.18203, 3.93778, 179.096, 0.999553, 0.0293883, -0.00554343, -0.0297565, 0.995846, -0.0860484, 0.00299159, 0.0861749, 0.996276, 0.00297239  
176, 5.02252, 4.51672, 179.116, 0.999557, 0.0287302, -0.0078199, -0.0293042, 0.995745, -0.0873667, 0.00527657, 0.0875571, 0.996146, 0.00299624  
177, 4.8644, 5.11812, 179.123, 0.99956, 0.0281356, -0.00940098, -0.0288688, 0.995519, -0.0900518, 0.00682519, 0.0902836, 0.995893, 0.00308112  
178, 4.68386, 5.82441, 179.098, 0.999556, 0.0287698, -0.00772367, -0.029337, 0.995713, -0.0877221, 0.00516682, 0.0879098, 0.996115, 0.00298653  
179, 4.51161, 6.63492, 179.078, 0.999493, 0.0304824, -0.00918208, -0.0311614, 0.99579, -0.0862084, 0.00651558, 0.0864508, 0.996235, 0.0028986  
180, 4.33309, 7.41094, 179.065, 0.999426, 0.0313257, -0.0129239, -0.0323517, 0.995525, -0.0887914, 0.0100846, 0.0891585, 0.995966, 0.00291414  
181, 4.17592, 8.33294, 179.061, 0.999369, 0.0323741, -0.014619, -0.0335538, 0.995434, -0.0893568, 0.0116594, 0.0897909, 0.995892, 0.00303369  
182, 4.09243, 9.32608, 179.062, 0.999352, 0.0327544, -0.0149348, -0.0339018, 0.99585, -0.0844614, 0.0121064, 0.084913, 0.996315, 0.00295408  
183, 4.06624, 10.2475, 179.035, 0.999386, 0.0315082, -0.0153, -0.0326651, 0.996063, -0.0824114, 0.0126431, 0.0828606, 0.996481, 0.00283092  
184, 4.05924, 11.1754, 179.076, 0.999425, 0.0312378, -0.013198, -0.0321748, 0.996431, -0.0780424, 0.010713, 0.0784222, 0.996863, 0.00287891  
185, 4.09232, 12.1563, 179.045, 0.99944, 0.0308789, -0.0128541, -0.0317656, 0.996624, -0.0757048, 0.0104731, 0.0760707, 0.997047, 0.00295297  
186, 4.15059, 13.2134, 179.037, 0.999497, 0.0300312, -0.0101574, -0.0306913, 0.996883, -0.072683, 0.00794301, 0.0729582, 0.997303, 0.00297405  
187, 4.24682, 14.2789, 179.075, 0.999543, 0.0287632, -0.00932588, -0.0293518, 0.997063, -0.0707329, 0.00726399, 0.0709743, 0.997452, 0.00291219  
188, 4.37819, 15.3741, 179.09, 0.999535, 0.0293727, -0.00819759, -0.0298621, 0.997248, -0.0678627, 0.00618172, 0.0680759, 0.997661, 0.00301455  
189, 4.4987, 16.4986, 179.093, 0.999565, 0.0287346, -0.0066733, -0.0291226, 0.997256, -0.0680631, 0.00469922, 0.0682278, 0.997659, 0.00287003  
190, 4.74304, 17.5165, 179.097, 0.99962, 0.0271066, -0.00503755, -0.0273765, 0.997519, -0.0648611, 0.00326688, 0.0649744, 0.997882, 0.00296323  
191, 4.9961, 18.7053, 179.135, 0.999622, 0.0267304, -0.00644871, -0.0270769, 0.99774, -0.0615007, 0.0047902, 0.0616521, 0.998086, 0.00301566  
192, 5.2961, 19.7611, 179.161, 0.999631, 0.0259458, -0.00807831, -0.0263855, 0.99784, -0.0601619, 0.00649991, 0.0603528, 0.998156, 0.00297655  
193, 5.55268, 20.9703, 179.16, 0.999638, 0.0260799, -0.00664946, -0.0264197, 0.997994, -0.0575408, 0.00513546, 0.0576956, 0.998321, 0.0029563  
194, 5.75904, 22.2332, 179.038, 0.999541, 0.0284812, -0.0103362, -0.029056, 0.997742, -0.0605483, 0.00858836, 0.0608208, 0.998112, 0.00287974  
195, 6.0243, 23.4751, 179.046, 0.999512, 0.0296203, -0.00993075, -0.0301557, 0.997803, -0.0589876, 0.0081617, 0.0592583, 0.998209, 0.00295408  
196, 6.18779, 24.7563, 179.085, 0.999499, 0.0306263, -0.00798241, -0.0310299, 0.997913, -0.0566231, 0.0062316, 0.0568425, 0.998364, 0.0030531  
197, 6.38462, 25.9917, 179.125, 0.999513, 0.0309736, -0.00385514, -0.031132, 0.998168, -0.0518801, 0.00224117, 0.0519749, 0.998646, 0.00307363  
198, 6.47279, 27.2378, 179.152, 0.99949, 0.0319349, -0.000793445, -0.0319353, 0.998279, -0.0491869, -0.0007787, 0.0491872, 0.998789, 0.00302647  
199, 6.57149, 28.5019, 179.131, 0.99949, 0.0319194, -0.000357418, -0.0318986, 0.998292, -0.0489369, -0.00120523, 0.0489233, 0.998802, 0.00293411  
200, 6.64436, 29.8828, 179.128, 0.999445, 0.0332923, -0.000771117, -0.0332913, 0.998319, -0.0474524, -0.000809977, 0.0474518, 0.998873, 0.00282898  
201, 6.74218, 31.3019, 179.124, 0.999452, 0.033091, 0.000904043, -0.0330233, 0.998562, -0.0422381, -0.00230044, 0.042185, 0.999107, 0.00303729  
202, 6.83636, 32.7465, 179.068, 0.999402, 0.0344719, 0.00276021, -0.0343417, 0.998682, -0.0381397, -0.00407132, 0.0380221, 0.999269, 0.00292995  
203, 6.88528, 34.1495, 179.056, 0.999398, 0.0346142, 0.00245165, -0.0345191, 0.9989, -0.0317214, -0.00354697, 0.0316177, 0.999494, 0.00299374  
204, 6.91421, 35.607, 178.975, 0.999407, 0.03434, 0.00268621, -0.0342608, 0.99909, -0.0254015, -0.00355605, 0.0252944, 0.999674, 0.00282399  
205, 6.93905, 36.8879, 178.967, 0.999458, 0.0328612, 0.00190767, -0.0328116, 0.999221, -0.0219127, -0.00262626, 0.0218382, 0.999758, 0.00295325  
206, 6.96914, 38.1945, 179.009, 0.999499, 0.0315668, 0.00238462, -0.0315128, 0.999303, -0.0200253, -0.00301509, 0.0199402, 0.999797, 0.00298376  
207, 6.88481, 39.509, 179.083, 0.999527, 0.0303616, 0.00497664, -0.0302859, 0.999434, -0.0146329, -0.00541811, 0.0144753, 0.999881, 0.00293133  
208, 6.90633, 40.9442, 179.084, 0.999507, 0.0309405, 0.00528026, -0.0308873, 0.999474, -0.00987612, -0.00558305, 0.00970816, 0.999937, 0.00300955  
209, 6.88412, 42.3335, 179.215, 0.999489, 0.0313393, 0.00624335, -0.0312652, 0.999443, -0.0116362, -0.00660454, 0.011435, 0.999913, 0.00294881  
210, 6.7585, 43.8371, 179.252, 0.999471, 0.0314311, 0.00837848, -0.0313899, 0.999495, -0.00500784, -0.00853165, 0.00474219, 0.999952, 0.0029649  
211, 6.67558, 45.3215, 179.282, 0.999453, 0.031836, 0.00894946, -0.0318259, 0.999493, -0.00127152, -0.0089854, 0.000986003, 0.999959, 0.00300761  
212, 6.45293, 46.7988, 179.205, 0.999405, 0.0342626, 0.00395955, -0.0342446, 0.999403, -0.00452888, -0.00411236, 0.00439059, 0.999982, 0.00292107  
213, 6.34555, 48.2336, 179.173, 0.999343, 0.0358615, -0.00515135, -0.0359021, 0.999323, -0.00801091, 0.00486058, 0.00819059, 0.999955, 0.00297183  
214, 6.18945, 49.6705, 179.165, 0.999323, 0.0361672, -0.00676201, -0.0361977, 0.999335, -0.00445031, 0.00659656, 0.00469207, 0.999967, 0.00296379  
215, 5.95372, 50.9969, 179.131, 0.999341, 0.035613, -0.00701992, -0.0356121, 0.999366, 0.000255439, 0.00702457, -5.27692e-006, 0.999975, 0.00294659  
216, 5.65408, 52.5337, 179.123, 0.999487, 0.03166, -0.00484941, -0.0316092, 0.999448, 0.0102047, 0.00516981, -0.0100462, 0.999936, 0.00295658  
217, 5.3826, 53.8943, 179.058, 0.999603, 0.0279148, -0.00389822, -0.0278442, 0.999466, 0.0171273, 0.00437424, -0.017012, 0.999846, 0.00295186  
218, 5.08049, 55.2821, 179.048, 0.999636, 0.0269858, -0.00056383, -0.0269684, 0.999423, 0.0206409, 0.00112051, -0.0206181, 0.999787, 0.00317598  
219, 4.83509, 56.6855, 178.956, 0.999642, 0.0267234, -0.000910389, -0.0266904, 0.999301, 0.0261716, 0.00160915, -0.0261379, 0.999657, 0.00296129  
220, 4.49661, 58.1636, 178.91, 0.999579, 0.0288672, -0.00289286, -0.0287831, 0.999253, 0.0258052, 0.00363562, -0.025711, 0.999663, 0.00300012  
221, 4.15452, 59.6316, 178.918, 0.999524, 0.0299315, -0.00741751, -0.0297303, 0.999223, 0.0258878, 0.00818661, -0.025655, 0.999637, 0.00294964  
222, 3.76797, 61.2811, 178.892, 0.999467, 0.0308954, -0.0105221, -0.0305352, 0.998994, 0.0328295, 0.0115258, -0.0324908, 0.999406, 0.00310525  
223, 3.56079, 62.5711, 178.932, 0.999424, 0.0314779, -0.0126676, -0.0310595, 0.999006, 0.0319753, 0.0136615, -0.0315635, 0.999408, 0.00298736  
224, 3.46282, 63.5897, 178.982, 0.999386, 0.0320221, -0.0142069, -0.0316266, 0.999128, 0.0272399, 0.0150668, -0.0267739, 0.999528, 0.00283481  
225, 3.21085, 65.0731, 178.969, 0.999402, 0.0317498, -0.0137023, -0.0312417, 0.99887, 0.0358237, 0.0148243, -0.0353742, 0.999264, 0.00313243  
226, 2.99979, 66.2534, 179.014, 0.999408, 0.0308765, -0.0151641, -0.0303732, 0.999014, 0.0323711, 0.0161486, -0.0318914, 0.999361, 0.00306226  
227, 2.80871, 67.7244, 179.144, 0.999355, 0.0313162, -0.0175476, -0.0307011, 0.99894, 0.0342889, 0.0186028, -0.033728, 0.999258, 0.00294659  
228, 2.50938, 68.9609, 179.122, 0.999331, 0.0310779, -0.0192799, -0.0304047, 0.99895, 0.0342796, 0.020325, -0.0336705, 0.999226, 0.00299319  
229, 2.22059, 70.2041, 179.174, 0.999297, 0.0312703, -0.0207025, -0.0306315, 0.999066, 0.0304853, 0.0216364, -0.0298297, 0.999321, 0.00298237  
230, 1.99612, 71.4092, 179.211, 0.999288, 0.0307252, -0.0218911, -0.0300056, 0.999022, 0.0324747, 0.0228675, -0.0317948, 0.999233, 0.00283092  
231, 1.76823, 72.673, 179.242, 0.999202, 0.0325168, -0.0232103, -0.0318026, 0.999029, 0.030503, 0.0241796, -0.0297405, 0.999265, 0.00288834  
232, 1.46313, 73.8547, 179.215, 0.999178, 0.0321506, -0.024688, -0.0313344, 0.998972, 0.0327652, 0.025716, -0.0319647, 0.999158, 0.00303674  
233, 1.15155, 75.1254, 179.218, 0.999103, 0.0328954, -0.0266569, -0.0319229, 0.998837, 0.0361232, 0.0278141, -0.0352398, 0.998992, 0.00294714  
234, 0.78105, 76.3063, 179.123, 0.999091, 0.0329459, -0.0270667, -0.0318609, 0.998708, 0.0395869, 0.028336, -0.0386885, 0.998849, 0.00279264  
235, 0.715492, 76.9419, 179.047, 0.986681, -0.135303, -0.0903002, -0.138331, -0.989986, -0.0281436, -0.0855881, 0.0402602, -0.995517, 0.00287087  
236, 0.362631, 78.2338, 179.051, 0.987209, -0.134142, -0.08617, -0.137215, -0.990064, -0.030759, -0.0811878, 0.0421894, -0.995806, 0.00305116  
237, 0.234881, 79.2677, 179.099, 0.987202, -0.134313, -0.0859829, -0.137934, -0.989726, -0.0376307, -0.0800452, 0.049009, -0.995586, 0.00316738  
238, 0.0507483, 80.3818, 179.146, 0.987333, -0.134777, -0.083718, -0.13823, -0.989713, -0.0368867, -0.0778853, 0.0479918, -0.995807, 0.0030029  
239, 0.0150457, 81.519, 179.102, 0.987601, -0.135977, -0.0784475, -0.139091, -0.989637, -0.0356747, -0.0727836, 0.0461437, -0.99628, 0.0030581  
240, -0.36966, 82.9242, 179.142, 0.998831, 0.0310388, -0.0370677, -0.0292057, 0.998371, 0.0490112, 0.0385285, -0.0478713, 0.99811, 0.00304423  
241, -0.500254, 83.9862, 179.118, 0.99882, 0.0297326, -0.0383984, -0.0277926, 0.998357, 0.0501045, 0.0398251, -0.0489782, 0.998006, 0.00282704  
242, -0.524211, 84.9463, 179.148, 0.998866, 0.029845, -0.0370829, -0.028028, 0.998426, 0.0485877, 0.0384746, -0.0474933, 0.99813, 0.00292384  
243, -0.502068, 85.9389, 179.143, 0.998969, 0.026296, -0.0369986, -0.024275, 0.998243, 0.0540518, 0.038355, -0.0530979, 0.997852, 0.00302675  
244, -0.462362, 86.7633, 179.245, 0.999064, 0.0249318, -0.0353458, -0.0231356, 0.998464, 0.0503469, 0.0365468, -0.0494821, 0.998106, 0.00305061  
245, -0.142678, 87.4373, 179.441, 0.999073, 0.0234679, -0.036096, -0.0217546, 0.998651, 0.0471461, 0.0371537, -0.0463171, 0.998236, 0.00287142  
246, -0.0532337, 88.6739, 179.357, 0.999099, 0.0236862, -0.0352224, -0.0220716, 0.998719, 0.0455431, 0.036256, -0.0447246, 0.998341, 0.00290942  
247, 0.188054, 89.6501, 179.296, 0.999026, 0.0259778, -0.0356756, -0.0243655, 0.998694, 0.0449065, 0.0367955, -0.0439935, 0.998354, 0.00310969  
248, 0.513733, 90.5113, 179.284, 0.999044, 0.0272274, -0.0342053, -0.025743, 0.998738, 0.0431136, 0.0353361, -0.0421919, 0.998484, 0.00285117  
249, 0.753324, 91.4186, 179.165, 0.999075, 0.028836, -0.0319131, -0.0274394, 0.998682, 0.0433686, 0.0331216, -0.0424528, 0.998549, 0.00283536  
250, 1.09179, 92.2798, 179.173, 0.999179, 0.0266976, -0.0304843, -0.0254066, 0.998795, 0.0419773, 0.0315682, -0.0411684, 0.998653, 0.00286393  
251, 1.29041, 93.1256, 179.089, 0.999265, 0.027212, -0.0270042, -0.0260913, 0.998818, 0.0410192, 0.0280885, -0.0402845, 0.998793, 0.00309526  
252, 1.5674, 93.9615, 179.077, 0.99933, 0.0270792, -0.024641, -0.0260649, 0.998836, 0.04059, 0.0257114, -0.0399205, 0.998872, 0.00285727  
253, 1.83702, 94.691, 179.014, 0.999382, 0.028019, -0.0212214, -0.0271752, 0.998867, 0.039061, 0.0222918, -0.0384602, 0.999011, 0.00285949  
254, 2.19898, 95.5265, 179.093, 0.999472, 0.0260535, -0.019412, -0.0253606, 0.999061, 0.0351207, 0.0203088, -0.0346098, 0.999195, 0.00281262  
255, 2.33469, 96.162, 178.985, 0.99954, 0.0249022, -0.0172903, -0.0242543, 0.999031, 0.0367189, 0.0181879, -0.0362826, 0.999176, 0.00304173  
256, 2.77904, 96.9181, 179.047, 0.999507, 0.0265094, -0.0168291, -0.0259812, 0.999186, 0.0308626, 0.0176335, -0.0304102, 0.999382, 0.00306558  
257, 3.17982, 97.749, 179.004, 0.999531, 0.0266022, -0.0151992, -0.0261113, 0.999158, 0.0316311, 0.0160278, -0.0312194, 0.999384, 0.00290471  
258, 3.58629, 98.3851, 178.958, 0.999569, 0.0269083, -0.0117317, -0.0265464, 0.999198, 0.0299841, 0.0125291, -0.0296597, 0.999482, 0.00293965  
259, 3.99244, 99.0491, 178.84, 0.999625, 0.0256999, -0.00944992, -0.0254107, 0.999241, 0.0295407, 0.0102019, -0.0292895, 0.999519, 0.00284424  
260, 4.4064, 99.8199, 178.853, 0.999596, 0.0271503, -0.00836727, -0.0269321, 0.99932, 0.0251662, 0.00904485, -0.0249307, 0.999648, 0.00287003  
261, 4.76057, 100.588, 178.774, 0.999627, 0.0265616, -0.00640369, -0.0263843, 0.999305, 0.0263361, 0.00709877, -0.0261573, 0.999633, 0.00281927  
262, 5.16159, 101.159, 178.827, 0.999642, 0.026089, -0.0059052, -0.0259656, 0.999461, 0.0200966, 0.00642632, -0.0199361, 0.999781, 0.00292357  
263, 5.42462, 101.937, 178.813, 0.999653, 0.0261559, -0.00306032, -0.0260967, 0.999497, 0.0180044, 0.0035297, -0.0179183, 0.999833, 0.00288418  
264, 5.69095, 102.756, 178.86, 0.999679, 0.0253139, -0.000551854, -0.0253005, 0.999529, 0.0173797, 0.000991542, -0.0173601, 0.999849, 0.00282815  
265, 5.98307, 103.413, 178.926, 0.999678, 0.0253857, 0.000402212, -0.0253888, 0.999592, 0.0131198, -6.89911e-005, -0.0131258, 0.999914, 0.00296101  
266, 6.11669, 104.285, 178.967, 0.999634, 0.0269763, 0.00192435, -0.0269918, 0.999599, 0.00852196, -0.00169369, -0.00857078, 0.999962, 0.00289195  
267, 6.23217, 105.047, 178.991, 0.999623, 0.027422, 0.00150679, -0.0274273, 0.999617, 0.00359136, -0.00140773, -0.00363133, 0.999992, 0.00295491  
268, 6.34213, 105.665, 178.98, 0.999626, 0.0272857, 0.00162519, -0.0272861, 0.999628, 0.000221492, -0.00161854, -0.000265755, 0.999999, 0.00281789  
269, 6.32752, 106.427, 178.993, 0.999595, 0.028422, 0.00135642, -0.0284203, 0.999595, -0.00124778, -0.00139133, 0.00120873, 0.999998, 0.00288751  
270, 6.30792, 107.21, 178.983, 0.999582, 0.0288369, 0.00197528, -0.0288298, 0.999578, -0.00349208, -0.00207515, 0.00343368, 0.999992, 0.0028434  
271, 6.17456, 107.956, 178.978, 0.999601, 0.0281556, 0.00226214, -0.0281473, 0.999597, -0.00360183, -0.00236264, 0.00353672, 0.999991, 0.00299291  
272, 5.96392, 108.723, 178.945, 0.999597, 0.0283912, 0.000792777, -0.0283845, 0.999569, -0.00744556, -0.00100382, 0.00742006, 0.999972, 0.00303064  
273, 5.76905, 109.423, 178.941, 0.99961, 0.0279225, 0.000137712, -0.02792, 0.999567, -0.00929021, -0.000397058, 0.00928274, 0.999957, 0.0029563  
274, 5.53547, 110.371, 178.891, 0.999634, 0.0270489, -0.00071032, -0.0270543, 0.99959, -0.00938868, 0.000456075, 0.00940446, 0.999956, 0.00281678  
275, 5.29572, 110.982, 178.845, 0.999607, 0.0278986, -0.00259558, -0.0279335, 0.999504, -0.0145651, 0.00218795, 0.0146318, 0.999891, 0.00293133  
