0, 0, 0, 0, 0, 0, 0, 0, 0, 0, 0, 0, 0, 0.00640827  
1, 12.2124, 3.82639, 178.724, 0.999516, 0.0272717, -0.01499, -0.0277434, 0.999096, -0.0322157, 0.0140979, 0.0326159, 0.999369, 0.00311135  
2, 12.223, 3.83441, 178.718, 0.99952, 0.0270441, -0.0151233, -0.0275112, 0.999123, -0.0315794, 0.014256, 0.0319803, 0.999387, 0.00291247  
3, 12.23, 3.86019, 178.707, 0.999503, 0.0275071, -0.0154174, -0.0279836, 0.999109, -0.0315876, 0.0145348, 0.0320033, 0.999382, 0.00295103  
4, 12.2107, 3.85988, 178.728, 0.999514, 0.0271943, -0.0152079, -0.0276667, 0.999113, -0.0317604, 0.0143307, 0.0321657, 0.99938, 0.00302675  
5, 12.2403, 3.8631, 178.718, 0.999515, 0.0269946, -0.0155298, -0.0274882, 0.999094, -0.0325005, 0.0146384, 0.0329116, 0.999351, 0.00287669  
6, 12.2131, 3.84838, 178.724, 0.999514, 0.0275761, -0.0145462, -0.0280343, 0.999085, -0.0322974, 0.0136422, 0.0326895, 0.999372, 0.00302869  
7, 12.2094, 3.86823, 178.693, 0.999501, 0.0274682, -0.0156186, -0.0279468, 0.999119, -0.0312964, 0.0147452, 0.0317173, 0.999388, 0.00313021  
8, 12.2001, 3.86958, 178.707, 0.999507, 0.0274856, -0.0151539, -0.0279462, 0.999126, -0.0310731, 0.0142866, 0.0314813, 0.999402, 0.00291941  
9, 12.2103, 3.86159, 178.716, 0.999503, 0.0273698, -0.0156699, -0.0278692, 0.99908, -0.032593, 0.0147634, 0.0330135, 0.999346, 0.00290998  
10, 12.1945, 3.88416, 178.714, 0.999513, 0.0271888, -0.0152995, -0.0276568, 0.999129, -0.0312576, 0.0144363, 0.0316656, 0.999394, 0.00291608  
11, 12.1964, 3.87981, 178.692, 0.999507, 0.0275875, -0.0150026, -0.0280561, 0.999095, -0.0319721, 0.014107, 0.0323773, 0.999376, 0.00302148  
12, 12.2031, 3.87817, 178.705, 0.999516, 0.0274129, -0.0146864, -0.0278624, 0.999121, -0.0313331, 0.0138146, 0.0317271, 0.999401, 0.00302148  
13, 12.2061, 3.88961, 178.712, 0.999511, 0.0274163, -0.0150294, -0.0278812, 0.99911, -0.031648, 0.0141484, 0.0320516, 0.999386, 0.00301371  
14, 12.1994, 3.90111, 178.71, 0.999527, 0.0269295, -0.0148418, -0.0273821, 0.999138, -0.0311852, 0.0139892, 0.0315769, 0.999403, 0.00291968  
15, 12.2115, 3.89799, 178.719, 0.999517, 0.0271085, -0.0152, -0.0275783, 0.99912, -0.0315995, 0.01433, 0.0320034, 0.999385, 0.00295879  
16, 12.2063, 3.8963, 178.718, 0.999539, 0.0270143, -0.0138462, -0.0274377, 0.999132, -0.0313559, 0.0129871, 0.0317213, 0.999412, 0.00292801  
17, 12.1957, 3.89409, 178.704, 0.999515, 0.0270874, -0.0153688, -0.0275738, 0.999095, -0.0323766, 0.0144779, 0.0327847, 0.999358, 0.00297072  
18, 12.2066, 3.92469, 178.707, 0.999506, 0.0272096, -0.0157424, -0.0276903, 0.99913, -0.0311743, 0.0148805, 0.0315948, 0.99939, 0.0029563  
19, 12.1923, 3.91694, 178.705, 0.999514, 0.0274429, -0.0147841, -0.0279077, 0.999092, -0.0322077, 0.0138868, 0.0326046, 0.999372, 0.00280041  
20, 12.2208, 3.92206, 178.726, 0.999518, 0.0271046, -0.0151169, -0.0275723, 0.999119, -0.0316414, 0.0142459, 0.032043, 0.999385, 0.00297655  
21, 12.2246, 3.90308, 178.702, 0.999512, 0.0272552, -0.0152465, -0.0277414, 0.999082, -0.0326466, 0.0143427, 0.0330537, 0.999351, 0.00279209  
22, 12.2175, 3.90447, 178.701, 0.999503, 0.027732, -0.0149571, -0.0282079, 0.99907, -0.032608, 0.0140389, 0.0330138, 0.999356, 0.00299513  
23, 12.2276, 3.92038, 178.716, 0.999515, 0.0270796, -0.0153523, -0.0275593, 0.999109, -0.0319512, 0.0144734, 0.0323589, 0.999372, 0.00308417  
24, 12.2548, 3.90186, 178.73, 0.999516, 0.0272854, -0.0149545, -0.0277512, 0.999106, -0.0318806, 0.0140713, 0.0322801, 0.99938, 0.00281067  
25, 12.2387, 3.90872, 178.72, 0.999494, 0.0276594, -0.015681, -0.0281646, 0.999059, -0.0329689, 0.0147544, 0.0333939, 0.999333, 0.00287253  
26, 12.2253, 3.90502, 178.726, 0.99952, 0.0271087, -0.0149706, -0.027567, 0.99913, -0.0312999, 0.0141091, 0.0316976, 0.999398, 0.00288695  
27, 12.259, 3.90957, 178.729, 0.999516, 0.0270558, -0.0153592, -0.0275298, 0.999123, -0.0315394, 0.0144924, 0.031947, 0.999384, 0.00304007  
28, 12.217, 3.89583, 178.725, 0.999509, 0.026982, -0.0159107, -0.0274763, 0.999119, -0.0317184, 0.0150408, 0.03214, 0.99937, 0.00304534  
29, 12.228, 3.8642, 178.712, 0.999528, 0.0270522, -0.0145835, -0.0275101, 0.999104, -0.0321714, 0.0137001, 0.0325574, 0.999376, 0.00281816  
30, 12.2013, 3.87083, 178.715, 0.999507, 0.027339, -0.0154485, -0.0278257, 0.999093, -0.0322199, 0.0145536, 0.0326339, 0.999361, 0.0029943  
31, 12.2254, 3.89412, 178.716, 0.999513, 0.0268952, -0.0158355, -0.0273935, 0.999108, -0.0321377, 0.0149571, 0.0325559, 0.999358, 0.00286476  
32, 12.2305, 3.85934, 178.715, 0.999523, 0.0264207, -0.0159908, -0.0269239, 0.999121, -0.0321182, 0.0151281, 0.0325334, 0.999356, 0.00302231  
33, 12.2438, 3.89594, 178.704, 0.999512, 0.0272908, -0.0152214, -0.0277705, 0.999094, -0.0322458, 0.0143276, 0.0326527, 0.999364, 0.00302398  
34, 12.2314, 3.85949, 178.711, 0.999513, 0.0268949, -0.0158438, -0.0273904, 0.999114, -0.0319378, 0.0149708, 0.0323562, 0.999364, 0.00276768  
35, 12.2283, 3.85292, 178.718, 0.999511, 0.0270011, -0.0157428, -0.0274991, 0.999099, -0.032327, 0.0148558, 0.0327441, 0.999353, 0.00288446  
36, 12.2439, 3.86855, 178.714, 0.999497, 0.0275649, -0.0156915, -0.028068, 0.999068, -0.0327975, 0.0147728, 0.0332214, 0.999339, 0.00289694  
37, 12.2426, 3.85394, 178.726, 0.99951, 0.0270727, -0.0157024, -0.0275742, 0.999086, -0.0326515, 0.0148041, 0.0330685, 0.999343, 0.0032101  
38, 12.224, 3.85634, 178.708, 0.999503, 0.0271391, -0.016054, -0.0276472, 0.999095, -0.0323222, 0.0151623, 0.0327499, 0.999349, 0.00285117  
39, 12.2044, 3.83404, 178.71, 0.999529, 0.0267242, -0.0151118, -0.0271853, 0.999144, -0.0311758, 0.0142657, 0.0315719, 0.9994, 0.00281067  
40, 12.2341, 3.83321, 178.708, 0.999505, 0.0270818, -0.0160043, -0.0275982, 0.999075, -0.032976, 0.0150964, 0.0334014, 0.999328, 0.0028606  
41, 12.2464, 3.85931, 178.701, 0.999511, 0.0271998, -0.0154059, -0.027682, 0.999104, -0.0320032, 0.0145217, 0.032414, 0.999369, 0.00287946  
42, 12.2332, 3.8312, 178.702, 0.99951, 0.027208, -0.0154759, -0.0277, 0.999087, -0.032519, 0.014577, 0.0329318, 0.999351, 0.00275409  
43, 12.2367, 3.83546, 178.724, 0.999533, 0.0267395, -0.0148124, -0.027198, 0.999128, -0.0316716, 0.0139526, 0.0320597, 0.999389, 0.00286754  
44, 12.2401, 3.83702, 178.733, 0.999501, 0.0271072, -0.0162448, -0.0276207, 0.999098, -0.0322673, 0.0153555, 0.0326999, 0.999347, 0.00280513  
45, 12.2255, 3.82761, 178.707, 0.999499, 0.0277728, -0.0152038, -0.0282682, 0.999042, -0.0334061, 0.0142615, 0.0338192, 0.999326, 0.00285811  
46, 12.2365, 3.83372, 178.721, 0.999524, 0.0271306, -0.0146839, -0.0275905, 0.999104, -0.0320778, 0.0138005, 0.0324677, 0.999378, 0.00289555  
47, 12.2259, 3.82182, 178.719, 0.999503, 0.0274196, -0.0155532, -0.0278991, 0.999114, -0.0314989, 0.0146758, 0.0319171, 0.999383, 0.00326641  
48, 12.2215, 3.84185, 178.72, 0.999531, 0.0268814, -0.0146704, -0.0273393, 0.999115, -0.0319568, 0.0137984, 0.0323429, 0.999382, 0.00284091  
49, 12.2154, 3.82358, 178.71, 0.999513, 0.0275721, -0.0146224, -0.0280257, 0.999102, -0.0317803, 0.0137331, 0.0321747, 0.999388, 0.00279875  
50, 12.2191, 3.83016, 178.707, 0.999528, 0.0268005, -0.0150216, -0.0272586, 0.999142, -0.0311671, 0.0141734, 0.0315619, 0.999401, 0.00287031  
51, 12.196, 3.83651, 178.711, 0.999502, 0.0275329, -0.0153878, -0.0280183, 0.999086, -0.0322701, 0.0144853, 0.0326852, 0.999361, 0.00283397  
52, 12.2171, 3.83309, 178.721, 0.999516, 0.0271722, -0.015145, -0.0276433, 0.999111, -0.0318189, 0.014267, 0.0322222, 0.999379, 0.00288779  
53, 12.2282, 3.84753, 178.721, 0.999504, 0.0272272, -0.0158364, -0.0277222, 0.999106, -0.0319236, 0.014953, 0.0323468, 0.999365, 0.00301677  
54, 12.2389, 3.83455, 178.709, 0.999513, 0.0272519, -0.015199, -0.0277318, 0.999093, -0.0323075, 0.0143048, 0.0327132, 0.999362, 0.00278377  
55, 12.2347, 3.86417, 178.708, 0.999517, 0.027135, -0.015118, -0.0276002, 0.999124, -0.0314633, 0.014251, 0.0318653, 0.999391, 0.00288751  
56, 12.2339, 3.87941, 178.722, 0.999516, 0.0271131, -0.0152635, -0.0275739, 0.999144, -0.0308364, 0.0144144, 0.0312423, 0.999408, 0.00283536  
57, 12.2572, 3.85406, 178.725, 0.99951, 0.0271778, -0.0155122, -0.0276582, 0.999116, -0.031647, 0.0146384, 0.0320605, 0.999379, 0.00290581  
58, 12.2287, 3.85561, 178.703, 0.999529, 0.0269644, -0.0146772, -0.027417, 0.999126, -0.0315651, 0.0138132, 0.0319527, 0.999394, 0.00288057  
59, 12.2465, 3.86804, 178.712, 0.999519, 0.0268896, -0.0154506, -0.0273666, 0.999128, -0.031538, 0.014589, 0.0319456, 0.999383, 0.00290554  
60, 12.2381, 3.85647, 178.71, 0.999525, 0.0270669, -0.0147279, -0.0275214, 0.999122, -0.0315892, 0.01386, 0.0319796, 0.999392, 0.0028667  
61, 12.2335, 3.85966, 178.707, 0.999521, 0.0273327, -0.0144952, -0.0277826, 0.999108, -0.0317977, 0.0136132, 0.0321852, 0.999389, 0.00335323  
62, 12.2339, 3.87745, 178.705, 0.999517, 0.027268, -0.0149358, -0.0277345, 0.999104, -0.0319728, 0.0140506, 0.0323716, 0.999377, 0.00287031  
63, 12.2273, 3.88764, 178.71, 0.999504, 0.0274161, -0.0154719, -0.0279012, 0.999096, -0.0320651, 0.0145788, 0.0324809, 0.999366, 0.0028226  
64, 12.2232, 3.88422, 178.708, 0.999513, 0.0272575, -0.0152076, -0.0277352, 0.999099, -0.0321378, 0.0143179, 0.032544, 0.999368, 0.00279847  
65, 12.2416, 3.89579, 178.743, 0.999541, 0.0263855, -0.0149141, -0.0268384, 0.999158, -0.0310266, 0.0140829, 0.0314127, 0.999407, 0.00282121  
66, 12.2039, 3.88484, 178.713, 0.999513, 0.0271087, -0.0154876, -0.0275944, 0.999105, -0.0320561, 0.0146047, 0.0324679, 0.999366, 0.00287281  
67, 12.224, 3.88377, 178.722, 0.999532, 0.0270154, -0.0143721, -0.0274504, 0.999143, -0.0309851, 0.0135227, 0.0313651, 0.999417, 0.00289722  
68, 12.2145, 3.8848, 178.7, 0.999525, 0.0270145, -0.0148522, -0.0274723, 0.999125, -0.0315337, 0.0139873, 0.0319267, 0.999392, 0.00277295  
69, 12.2211, 3.91268, 178.703, 0.999506, 0.027302, -0.0155601, -0.0277913, 0.999097, -0.0321495, 0.0146683, 0.0325661, 0.999362, 0.00282621  
70, 12.205, 3.88962, 178.694, 0.999533, 0.0270796, -0.014156, -0.027497, 0.999166, -0.030173, 0.0133271, 0.0305482, 0.999444, 0.00277517  
71, 12.2552, 3.90356, 178.693, 0.999521, 0.0272141, -0.014733, -0.0276755, 0.999102, -0.0320807, 0.0138467, 0.0324731, 0.999377, 0.00279875  
72, 12.2335, 3.90397, 178.706, 0.99953, 0.0267908, -0.0149169, -0.0272471, 0.999139, -0.031274, 0.0140662, 0.0316658, 0.9994, 0.00290581  
73, 12.2286, 3.8979, 178.721, 0.999521, 0.0268343, -0.0153972, -0.0273118, 0.999125, -0.0316869, 0.0145334, 0.0320922, 0.999379, 0.00287503  
74, 12.2205, 3.87855, 178.669, 0.999528, 0.0272239, -0.0142443, -0.0276644, 0.999114, -0.0317072, 0.0133684, 0.0320862, 0.999396, 0.00278932  
75, 12.2359, 3.87591, 178.718, 0.999519, 0.026955, -0.0153093, -0.0274231, 0.999136, -0.0312334, 0.0144542, 0.0316383, 0.999395, 0.00277267  
76, 12.233, 3.90366, 178.698, 0.999491, 0.0275868, -0.0160147, -0.0280905, 0.999089, -0.0321288, 0.0151138, 0.0325623, 0.999355, 0.00285006  
77, 12.2016, 3.88005, 178.721, 0.999501, 0.0276052, -0.0153231, -0.0280822, 0.999099, -0.0318364, 0.0144304, 0.0322509, 0.999376, 0.00296129  
78, 12.224, 3.88625, 178.697, 0.999507, 0.0274417, -0.015277, -0.0279236, 0.999089, -0.0322859, 0.0143771, 0.0326966, 0.999362, 0.00289306  
79, 12.2126, 3.87683, 178.715, 0.999503, 0.0273941, -0.0156005, -0.027878, 0.999109, -0.0316946, 0.0147183, 0.0321137, 0.999376, 0.00284951  
80, 12.2433, 3.90919, 178.718, 0.999502, 0.0273451, -0.0157637, -0.027845, 0.999086, -0.0324193, 0.0148628, 0.0328421, 0.99935, 0.00285672  
81, 12.2178, 3.87326, 178.704, 0.999496, 0.0278448, -0.0152129, -0.0283255, 0.999075, -0.0323515, 0.014298, 0.0327661, 0.999361, 0.0028753  
82, 12.2226, 3.90738, 178.705, 0.999517, 0.0268881, -0.0155646, -0.0273814, 0.9991, -0.0323967, 0.0146795, 0.0328073, 0.999354, 0.00291691  
83, 12.2304, 3.88572, 178.713, 0.999532, 0.0265315, -0.0152152, -0.0270043, 0.999131, -0.0317588, 0.0143593, 0.0321548, 0.99938, 0.00281151  
84, 12.235, 3.89224, 178.706, 0.999531, 0.0270182, -0.0143861, -0.0274565, 0.999136, -0.0311981, 0.0135308, 0.0315785, 0.99941, 0.00286643  
85, 12.2302, 3.90775, 178.695, 0.999501, 0.0272856, -0.015899, -0.0277914, 0.999085, -0.0325113, 0.0149974, 0.0329369, 0.999345, 0.00282787  
86, 12.1889, 3.8239, 178.705, 0.999538, 0.026934, -0.0140688, -0.0273766, 0.999104, -0.0322779, 0.0131868, 0.0326481, 0.99938, 0.00290138  
87, 12.2497, 3.77738, 178.706, 0.999512, 0.0271989, -0.0153744, -0.0277297, 0.998987, -0.0354357, 0.014395, 0.0358448, 0.999254, 0.0029391  
88, 12.2285, 3.6631, 178.692, 0.999512, 0.0274879, -0.0148575, -0.0280211, 0.998924, -0.0369571, 0.0138257, 0.0373554, 0.999206, 0.00287669  
89, 12.2245, 3.60282, 178.683, 0.999511, 0.0272755, -0.0153095, -0.0278812, 0.998776, -0.0408464, 0.0141767, 0.0412533, 0.999048, 0.00274799  
90, 12.2627, 3.53593, 178.708, 0.999506, 0.0269166, -0.0162381, -0.0275941, 0.998692, -0.0430537, 0.015058, 0.0434805, 0.998941, 0.00273107  
91, 12.2477, 3.44816, 178.691, 0.999495, 0.0276761, -0.0156084, -0.028348, 0.998602, -0.0446062, 0.014352, 0.0450261, 0.998883, 0.00284396  
92, 12.2332, 3.41182, 178.717, 0.99951, 0.0271807, -0.0155506, -0.0278934, 0.998476, -0.0476117, 0.0142328, 0.0480221, 0.998745, 0.00288002  
93, 12.2256, 3.33399, 178.701, 0.999475, 0.0275915, -0.0169713, -0.0284071, 0.998352, -0.0498602, 0.0155677, 0.0503161, 0.998612, 0.00294603  
94, 12.1832, 3.25927, 178.701, 0.999478, 0.0276948, -0.0166405, -0.0285513, 0.998151, -0.053653, 0.0151238, 0.0541001, 0.998421, 0.0027821  
95, 12.2058, 3.20516, 178.744, 0.999506, 0.0266868, -0.0166026, -0.027572, 0.998073, -0.0555957, 0.0150869, 0.056026, 0.998315, 0.00293022  
96, 12.1985, 3.14485, 178.727, 0.999475, 0.0275917, -0.0169611, -0.0285644, 0.997785, -0.0600685, 0.0152662, 0.0605214, 0.99805, 0.00283703  
97, 12.1612, 3.07255, 178.721, 0.999459, 0.0276695, -0.0177828, -0.0287317, 0.997628, -0.0625514, 0.0160099, 0.0630285, 0.997883, 0.00294076  
98, 12.1477, 3.022, 178.703, 0.999477, 0.0276873, -0.0167135, -0.0287274, 0.997434, -0.0655829, 0.0148548, 0.0660287, 0.997707, 0.00302731  
99, 12.1301, 3.00613, 178.709, 0.999456, 0.027542, -0.018116, -0.0287202, 0.997248, -0.0683549, 0.0161835, 0.068838, 0.997497, 0.00292801  
100, 12.1286, 2.94236, 178.724, 0.999464, 0.0274229, -0.0178767, -0.0286509, 0.996957, -0.0725039, 0.015834, 0.0729772, 0.997208, 0.00298182  
101, 12.1018, 2.9438, 178.712, 0.999442, 0.0281768, -0.0179306, -0.0294327, 0.996814, -0.0741311, 0.0157847, 0.0746175, 0.997087, 0.00284396  
102, 12.1223, 2.86787, 178.684, 0.99949, 0.0275818, -0.0160761, -0.0287022, 0.996828, -0.0742278, 0.0139778, 0.0746514, 0.997112, 0.00430574  
103, 12.1071, 2.88829, 178.665, 0.999453, 0.0292442, -0.0154677, -0.0303555, 0.996545, -0.0773078, 0.0131534, 0.077735, 0.996887, 0.0030703  
104, 12.11, 2.92477, 178.687, 0.99946, 0.0283692, -0.0165594, -0.0296401, 0.996162, -0.082357, 0.0141595, 0.0828034, 0.996465, 0.00282954  
105, 12.0769, 2.93816, 178.624, 0.999431, 0.029179, -0.0169056, -0.0305272, 0.995836, -0.0859053, 0.0143285, 0.0863725, 0.99616, 0.00294548  
106, 12.0725, 2.96859, 178.642, 0.999418, 0.0293385, -0.0174028, -0.0307788, 0.995532, -0.0892622, 0.0147062, 0.0897459, 0.995856, 0.00294076  
107, 12.0447, 3.03913, 178.57, 0.999438, 0.0286789, -0.0173645, -0.0301464, 0.995379, -0.0911687, 0.0146696, 0.0916409, 0.995684, 0.00306753  
108, 12.0265, 3.15298, 178.575, 0.99943, 0.0285916, -0.0179671, -0.0301743, 0.995014, -0.0950621, 0.0151596, 0.09555, 0.995309, 0.00298376  
109, 12.0325, 3.29711, 178.569, 0.999379, 0.0291323, -0.019822, -0.0309888, 0.994414, -0.100897, 0.0167719, 0.101449, 0.994699, 0.00275964  
110, 12.0185, 3.41089, 178.526, 0.999362, 0.0294641, -0.0201984, -0.0313899, 0.994206, -0.102803, 0.0170524, 0.103371, 0.994497, 0.00302953  
111, 11.9757, 3.65847, 178.539, 0.999329, 0.0300986, -0.0208629, -0.0321751, 0.993671, -0.107626, 0.0174914, 0.108225, 0.993973, 0.00283259  
112, 11.9308, 3.86186, 178.496, 0.999299, 0.0307034, -0.0214227, -0.0328432, 0.993612, -0.107967, 0.0179708, 0.108595, 0.993924, 0.00294548  
113, 11.9051, 4.06325, 178.503, 0.99929, 0.0313717, -0.0208698, -0.0335029, 0.99324, -0.111142, 0.017242, 0.111762, 0.993585, 0.00306753  
114, 11.8976, 4.32488, 178.495, 0.999248, 0.0314836, -0.0226358, -0.0338926, 0.992741, -0.115398, 0.0188384, 0.116078, 0.993061, 0.00275492  
115, 11.8429, 4.62589, 178.515, 0.999239, 0.0314652, -0.0230367, -0.0339941, 0.992289, -0.11919, 0.0191087, 0.119883, 0.992604, 0.00299957  
116, 11.8195, 4.86518, 178.522, 0.999187, 0.0331542, -0.0229165, -0.0357113, 0.99188, -0.122062, 0.0186835, 0.122781, 0.992258, 0.00301039  
117, 11.7564, 5.1852, 178.522, 0.999208, 0.0334819, -0.0215172, -0.0358758, 0.991795, -0.122704, 0.0172323, 0.123379, 0.99221, 0.00295075  
118, 11.7599, 5.59087, 178.549, 0.999134, 0.0335585, -0.0246075, -0.036405, 0.991335, -0.126213, 0.0201588, 0.126999, 0.991698, 0.00302925  
119, 11.7187, 5.98502, 178.548, 0.999137, 0.0342962, -0.0234204, -0.0369864, 0.991312, -0.126226, 0.0188879, 0.126983, 0.991725, 0.0027871  
120, 11.6413, 6.35263, 178.565, 0.999124, 0.0348478, -0.023172, -0.0375356, 0.991062, -0.128016, 0.0185038, 0.128774, 0.991501, 0.00303313  
121, 11.6316, 6.72546, 178.55, 0.99909, 0.0358793, -0.0230768, -0.0385883, 0.990725, -0.13029, 0.0181881, 0.131061, 0.991207, 0.00279958  
122, 11.6268, 7.21001, 178.574, 0.999111, 0.0355251, -0.0227029, -0.0382052, 0.990613, -0.131245, 0.0178273, 0.131996, 0.99109, 0.00281095  
123, 11.6374, 7.6922, 178.55, 0.999112, 0.0359502, -0.0219742, -0.0385245, 0.990648, -0.130894, 0.017063, 0.131625, 0.991153, 0.00296462  
124, 11.5934, 8.2267, 178.616, 0.999166, 0.035602, -0.020009, -0.0378989, 0.990857, -0.129482, 0.0152162, 0.130132, 0.99138, 0.00279819  
125, 11.5673, 8.86988, 178.605, 0.99915, 0.0361424, -0.0198231, -0.0383716, 0.991172, -0.126909, 0.0150613, 0.127561, 0.991716, 0.00284368  
126, 11.5701, 9.52535, 178.616, 0.999209, 0.0349812, -0.0189141, -0.0370986, 0.991266, -0.126554, 0.0143219, 0.127155, 0.991779, 0.00276824  
127, 11.5359, 10.2346, 178.627, 0.999258, 0.0337353, -0.0185811, -0.0357931, 0.991555, -0.124648, 0.0142191, 0.125221, 0.992027, 0.00279403  
128, 11.5153, 10.9376, 178.66, 0.999227, 0.0334549, -0.0206613, -0.0358242, 0.991176, -0.127623, 0.0162094, 0.128264, 0.991608, 0.00298875  
129, 11.5377, 11.7973, 178.765, 0.999254, 0.0333742, -0.0194203, -0.0355179, 0.991745, -0.123208, 0.015148, 0.123806, 0.992191, 0.00279875  
130, 11.5899, 12.5458, 178.794, 0.999253, 0.0324868, -0.0209521, -0.0349484, 0.99084, -0.130444, 0.0165225, 0.131079, 0.991234, 0.003009  
131, 11.4667, 13.3869, 178.914, 0.999333, 0.0318796, -0.0178307, -0.0339562, 0.990689, -0.131842, 0.0134617, 0.132359, 0.99111, 0.00299042  
132, 11.5753, 14.3405, 178.951, 0.999357, 0.0316211, -0.0169031, -0.0335762, 0.990713, -0.131761, 0.0125797, 0.132244, 0.991137, 0.00301427  
133, 11.5664, 15.2903, 178.919, 0.999314, 0.0330607, -0.0166877, -0.0349681, 0.990737, -0.131212, 0.0121952, 0.131706, 0.991214, 0.00280402  
134, 11.6508, 16.2978, 178.878, 0.999303, 0.0335376, -0.0163946, -0.0353871, 0.99089, -0.129941, 0.0118873, 0.13043, 0.991386, 0.00281095  
135, 11.7405, 17.3305, 178.856, 0.999278, 0.0343595, -0.0162317, -0.0361443, 0.991264, -0.126842, 0.0117317, 0.127337, 0.99179, 0.0028201  
136, 11.8229, 18.466, 178.848, 0.99932, 0.0335126, -0.015379, -0.0351248, 0.99209, -0.120517, 0.0112185, 0.120975, 0.992592, 0.00280291  
137, 11.9698, 19.6737, 178.839, 0.999301, 0.0340019, -0.0155519, -0.035632, 0.992067, -0.120556, 0.0113294, 0.121026, 0.992585, 0.00321121  
138, 12.2169, 20.9454, 178.797, 0.999255, 0.0338936, -0.0184667, -0.0358527, 0.992266, -0.118842, 0.0142959, 0.119415, 0.992741, 0.00296157  
139, 12.4319, 22.2569, 178.765, 0.999216, 0.0356103, -0.017327, -0.0374058, 0.99235, -0.117651, 0.0130049, 0.118207, 0.992904, 0.00278432  
140, 12.6334, 23.6293, 178.763, 0.999236, 0.0357048, -0.0159012, -0.0372888, 0.992776, -0.114044, 0.0117145, 0.114549, 0.993348, 0.00291414  
141, 12.7805, 25.0044, 178.816, 0.999271, 0.0351345, -0.014928, -0.0365694, 0.993229, -0.11027, 0.0109526, 0.110736, 0.99379, 0.00280097  
142, 12.8386, 26.4744, 178.859, 0.999359, 0.0328655, -0.0141898, -0.0341831, 0.993818, -0.105627, 0.0106306, 0.106044, 0.994305, 0.00281761  
143, 12.9762, 27.9868, 178.869, 0.999429, 0.0319086, -0.0111267, -0.0328542, 0.994554, -0.0989082, 0.00791007, 0.0992172, 0.995034, 0.00287919  
144, 13.0936, 29.5468, 178.857, 0.999442, 0.0313603, -0.0115353, -0.0323246, 0.994854, -0.0960211, 0.00846473, 0.0963403, 0.995312, 0.00280679  
145, 13.2882, 31.2161, 178.842, 0.999355, 0.0339687, -0.0116077, -0.0348932, 0.995159, -0.0918714, 0.00843078, 0.0922173, 0.995703, 0.0028864  
146, 13.4298, 32.7507, 178.876, 0.999293, 0.0353608, -0.0127649, -0.0363756, 0.995209, -0.090754, 0.00949465, 0.0911542, 0.995792, 0.00289666  
147, 13.46, 34.3391, 178.92, 0.999341, 0.0349462, -0.00981579, -0.0356611, 0.995669, -0.0858544, 0.00677299, 0.0861478, 0.996259, 0.00294243  
148, 13.4956, 36.0574, 178.906, 0.999437, 0.032832, -0.00695678, -0.0332788, 0.996333, -0.0788246, 0.0043433, 0.0790117, 0.996864, 0.00287392  
149, 13.6537, 37.8397, 178.979, 0.999456, 0.0324916, -0.00567801, -0.0328258, 0.996654, -0.07486, 0.00322668, 0.0750057, 0.997178, 0.00280818  
150, 13.7763, 39.6018, 178.98, 0.999467, 0.0324823, -0.00310283, -0.0326198, 0.997022, -0.0698756, 0.000823872, 0.0699396, 0.997551, 0.00292163  
151, 13.9163, 41.3986, 179.006, 0.999462, 0.0326197, -0.00344404, -0.0327752, 0.99732, -0.0654106, 0.00130114, 0.0654883, 0.997852, 0.0028398  
152, 13.9271, 43.2129, 178.958, 0.99941, 0.0341629, -0.00363405, -0.0343209, 0.997554, -0.0608961, 0.00154478, 0.0609849, 0.998137, 0.00292273  
153, 13.9842, 45.0974, 178.873, 0.999361, 0.0349663, -0.00739808, -0.0353602, 0.997429, -0.0623325, 0.00519952, 0.0625543, 0.998028, 0.00285894  
154, 13.9218, 46.9167, 178.796, 0.999378, 0.0349533, -0.0047047, -0.0351511, 0.998025, -0.0520573, 0.00287584, 0.0521903, 0.998633, 0.00288973  
155, 14.0023, 48.8352, 178.887, 0.999416, 0.0340115, -0.00339983, -0.0341306, 0.998392, -0.0452586, 0.00185505, 0.0453482, 0.99897, 0.00291941  
156, 13.9938, 50.8483, 178.838, 0.999411, 0.034257, -0.00224014, -0.0343185, 0.998642, -0.0391934, 0.000894453, 0.0392471, 0.999229, 0.00288362  
157, 13.8251, 52.7928, 178.884, 0.999468, 0.0326247, -0.000449463, -0.0326216, 0.998912, -0.0333233, -0.000638189, 0.0333202, 0.999445, 0.00291608  
158, 13.6767, 54.4946, 178.917, 0.999507, 0.0314077, 0.000121242, -0.0313922, 0.999121, -0.027765, -0.000993169, 0.0277475, 0.999614, 0.00291691  
159, 13.6236, 56.3431, 178.88, 0.999499, 0.0312319, -0.00521359, -0.0313457, 0.999234, -0.0234085, 0.00447851, 0.0235602, 0.999712, 0.00286032  
160, 13.5667, 58.2465, 178.884, 0.999499, 0.0312373, -0.00503862, -0.0313078, 0.999403, -0.0145808, 0.00458015, 0.0147312, 0.999881, 0.00294187  
161, 13.5262, 60.1568, 178.851, 0.999364, 0.0326581, -0.0143261, -0.0329294, 0.999275, -0.0191234, 0.0136912, 0.019583, 0.999714, 0.00287392  
162, 13.3465, 62.1964, 178.85, 0.999361, 0.0326646, -0.0145427, -0.0328533, 0.999377, -0.012928, 0.0141113, 0.0133975, 0.999811, 0.002895  
163, 13.1203, 64.1368, 178.905, 0.99935, 0.0330145, -0.0144586, -0.0331581, 0.999402, -0.00980825, 0.0141261, 0.0102813, 0.999847, 0.00301455  
164, 12.8667, 66.055, 178.911, 0.999369, 0.0337566, -0.0110311, -0.0337977, 0.999422, -0.00355759, 0.0109046, 0.00392817, 0.999933, 0.00284451  
165, 12.8053, 68.0301, 178.884, 0.999329, 0.0349066, -0.0110705, -0.0349261, 0.999389, -0.00157053, 0.0110089, 0.00195613, 0.999937, 0.00289833  
166, 12.7359, 70.0397, 178.854, 0.999282, 0.0366455, -0.00958574, -0.0366018, 0.999319, 0.00469099, 0.00975111, -0.00433677, 0.999943, 0.00292079  
167, 12.7245, 72.0385, 178.809, 0.999293, 0.0365264, -0.00895356, -0.0364079, 0.999252, 0.0130547, 0.0094237, -0.0127195, 0.999875, 0.00292301  
168, 12.7478, 73.9344, 178.76, 0.999257, 0.0366374, -0.0119342, -0.0364437, 0.999207, 0.0160609, 0.0125132, -0.0156141, 0.9998, 0.00293106  
169, 12.6838, 75.8982, 178.672, 0.999258, 0.036535, -0.0122322, -0.0362493, 0.999082, 0.0228157, 0.0130546, -0.0223553, 0.999665, 0.00290304  
170, 12.7358, 77.8359, 178.686, 0.999251, 0.0365029, -0.0128426, -0.0361195, 0.998929, 0.0289182, 0.0138844, -0.0284326, 0.999499, 0.00288584  
171, 12.7229, 79.5553, 178.889, 0.999362, 0.0340364, -0.010782, -0.0337386, 0.999074, 0.0266933, 0.0116806, -0.0263125, 0.999586, 0.00289084  
172, 12.8911, 81.4379, 178.97, 0.999405, 0.0333091, -0.00897847, -0.0329866, 0.998879, 0.033948, 0.0100992, -0.0336316, 0.999383, 0.00298653  
173, 13.0652, 83.2986, 179.036, 0.999428, 0.0332267, -0.00622028, -0.0329423, 0.998604, 0.0413018, 0.00758392, -0.0410733, 0.999127, 0.00282898  
174, 13.1321, 85.1927, 179.012, 0.999267, 0.0368152, -0.0105388, -0.0363402, 0.998449, 0.042179, 0.0120753, -0.0417651, 0.999054, 0.00294187  
175, 13.2589, 87.0946, 178.891, 0.999163, 0.0376812, -0.0159363, -0.0369932, 0.998455, 0.0414638, 0.0174741, -0.0408395, 0.999013, 0.00292163  
176, 13.2171, 88.8854, 178.804, 0.999184, 0.0369192, -0.0163535, -0.0360739, 0.998134, 0.0492764, 0.0181422, -0.0486463, 0.998651, 0.00294909  
177, 13.1202, 90.5387, 178.748, 0.999418, 0.0330818, -0.00826446, -0.0325297, 0.99768, 0.0598092, 0.0102239, -0.0595056, 0.998176, 0.00293494  
178, 13.2632, 92.1692, 178.862, 0.99954, 0.0298899, -0.00510973, -0.0295286, 0.997749, 0.0602067, 0.00689781, -0.0600282, 0.998173, 0.00299236  
179, 13.2496, 94.0066, 178.794, 0.999536, 0.0303712, -0.00219563, -0.0301733, 0.997566, 0.062858, 0.00409936, -0.0627626, 0.99802, 0.00280679  
180, 13.2509, 95.8647, 178.703, 0.999491, 0.0317276, -0.00334352, -0.0314416, 0.997368, 0.0653394, 0.00540778, -0.065201, 0.997857, 0.00291497  
181, 13.2094, 97.6616, 178.697, 0.99946, 0.0325006, -0.00483793, -0.0320843, 0.997045, 0.0697919, 0.00709192, -0.069599, 0.99755, 0.00287669  
182, 13.273, 99.1784, 178.696, 0.999354, 0.0352849, -0.00686258, -0.0347559, 0.997212, 0.0660281, 0.00917324, -0.0657469, 0.997794, 0.00291469  
183, 13.4232, 100.803, 178.725, 0.999338, 0.0362049, -0.0035204, -0.0358677, 0.996876, 0.0703721, 0.00605721, -0.0701993, 0.997515, 0.00298515  
184, 13.4969, 102.253, 178.777, 0.999381, 0.0349234, -0.00415232, -0.0345479, 0.996952, 0.0699495, 0.00658253, -0.0697627, 0.997542, 0.00284479  
185, 13.4608, 103.88, 178.802, 0.999441, 0.0332082, -0.00398658, -0.0328278, 0.996777, 0.0731935, 0.00640436, -0.0730217, 0.99731, 0.00292107  
186, 13.4754, 105.349, 178.918, 0.999382, 0.0346311, -0.00602388, -0.0341271, 0.996978, 0.0697908, 0.00842261, -0.0695421, 0.997543, 0.00299014  
187, 13.4224, 106.787, 179.029, 0.999361, 0.0349877, -0.00724338, -0.0344133, 0.997077, 0.0682209, 0.0096091, -0.0679281, 0.997644, 0.00291414  
188, 13.4381, 108.183, 179.074, 0.999364, 0.0351066, -0.00629257, -0.0346218, 0.997265, 0.0652963, 0.0085677, -0.0650369, 0.997846, 0.00334768  
189, 13.3219, 109.617, 179.075, 0.99942, 0.0336944, -0.0048483, -0.0332957, 0.997209, 0.06682, 0.00708623, -0.0666198, 0.997753, 0.00285922  
190, 13.1557, 110.967, 178.938, 0.999442, 0.033168, -0.00396184, -0.0327945, 0.996835, 0.0724186, 0.00635128, -0.0722483, 0.997366, 0.00285117  
191, 12.9683, 112.21, 178.843, 0.999472, 0.0322345, -0.00402626, -0.0318333, 0.996572, 0.0763616, 0.00647393, -0.0761931, 0.997072, 0.00280124  
192, 13.0607, 113.485, 178.783, 0.999492, 0.0315528, -0.00442274, -0.0310936, 0.996255, 0.0806851, 0.00695202, -0.0805067, 0.99673, 0.00289971  
193, 13.0114, 114.785, 178.853, 0.999522, 0.0301403, -0.00687027, -0.0295034, 0.996431, 0.0790884, 0.0092295, -0.0788479, 0.996844, 0.0029244  
194, 12.9965, 116.05, 178.816, 0.999447, 0.0323293, -0.00781536, -0.0316527, 0.996677, 0.0750598, 0.010216, -0.0747709, 0.997148, 0.00280679  
195, 12.9811, 117.248, 178.806, 0.99936, 0.0349519, -0.00767689, -0.0342843, 0.996633, 0.0744849, 0.0102544, -0.074174, 0.997193, 0.00290471  
196, 12.9896, 118.399, 178.807, 0.999387, 0.0345352, -0.00580767, -0.0340146, 0.996705, 0.0736345, 0.00833151, -0.0733918, 0.997268, 0.00294271  
197, 12.9356, 119.552, 178.808, 0.999376, 0.0348459, -0.00580275, -0.0343074, 0.996539, 0.07572, 0.0084212, -0.0754736, 0.997112, 0.00298376  
198, 12.8548, 120.533, 178.853, 0.999425, 0.033585, -0.00466876, -0.0331407, 0.996632, 0.0750142, 0.00717238, -0.0748163, 0.997172, 0.00304672  
199, 12.9122, 121.541, 178.956, 0.999492, 0.031299, -0.00594172, -0.030787, 0.996896, 0.0724627, 0.00819128, -0.072243, 0.997353, 0.00294215  
200, 12.8716, 122.438, 178.963, 0.999495, 0.0311219, -0.00640166, -0.0306057, 0.997138, 0.0691313, 0.00853484, -0.0689004, 0.997587, 0.0029771  
201, 12.736, 123.478, 178.975, 0.99945, 0.0319561, -0.00884088, -0.0313101, 0.997363, 0.0654784, 0.01091, -0.0651656, 0.997815, 0.00296961  
202, 12.5969, 124.468, 178.945, 0.99937, 0.0338589, -0.010616, -0.033142, 0.997546, 0.061668, 0.012678, -0.0612773, 0.99804, 0.00316378  
203, 12.4037, 125.447, 178.911, 0.999313, 0.0345208, -0.0134742, -0.0336524, 0.997626, 0.0600842, 0.0155164, -0.0595895, 0.998102, 0.00306503  
204, 12.2673, 126.365, 178.836, 0.999214, 0.0359859, -0.0166459, -0.0350231, 0.997877, 0.054907, 0.0185864, -0.0542808, 0.998353, 0.00279348  
205, 12.035, 127.29, 178.823, 0.999159, 0.0371611, -0.0173049, -0.0361885, 0.997913, 0.0534821, 0.0192563, -0.0528109, 0.998419, 0.00297044  
206, 11.7494, 128.082, 178.86, 0.999143, 0.0368215, -0.018887, -0.0358251, 0.998075, 0.0506258, 0.0207147, -0.0499058, 0.998539, 0.00297322  
207, 11.5374, 128.905, 178.776, 0.999142, 0.036636, -0.0193179, -0.0356684, 0.998198, 0.048252, 0.0210508, -0.0475216, 0.998648, 0.00306087  
208, 11.2786, 129.653, 178.739, 0.999108, 0.0374186, -0.0195919, -0.0365255, 0.998359, 0.0441144, 0.0212104, -0.0433594, 0.998834, 0.00308084  
209, 11.0851, 130.378, 178.696, 0.9991, 0.0373779, -0.0200621, -0.0365229, 0.998474, 0.041415, 0.0215795, -0.040645, 0.998941, 0.00278987  
210, 10.8805, 131.11, 178.664, 0.999093, 0.0363661, -0.0221437, -0.0355481, 0.998709, 0.0362732, 0.0234342, -0.0354531, 0.999097, 0.00297433  
211, 10.7871, 131.857, 178.656, 0.999095, 0.0367865, -0.021369, -0.0360148, 0.998723, 0.0354372, 0.0226453, -0.0346355, 0.999143, 0.00306142  
212, 10.5486, 132.607, 178.669, 0.998934, 0.0388532, -0.0249058, -0.0381525, 0.998879, 0.0280168, 0.0259664, -0.0270367, 0.999297, 0.00295768  
213, 10.4191, 133.259, 178.654, 0.998927, 0.0378357, -0.0267253, -0.0371577, 0.998986, 0.0254228, 0.0276601, -0.0244025, 0.999319, 0.00303757  
214, 10.3651, 133.951, 178.7, 0.998951, 0.0380493, -0.0254859, -0.0375036, 0.999064, 0.0215578, 0.0262823, -0.0205794, 0.999443, 0.0027699  
215, 10.3293, 134.59, 178.715, 0.998931, 0.0383489, -0.0258083, -0.0379098, 0.999132, 0.0172929, 0.0264491, -0.0162961, 0.999517, 0.00299596  
216, 10.2451, 135.307, 178.761, 0.998923, 0.0371018, -0.0278794, -0.0367174, 0.999225, 0.0141778, 0.0283838, -0.0131389, 0.999511, 0.00290887  
217, 10.2671, 135.807, 178.832, 0.998849, 0.0378414, -0.029468, -0.0376385, 0.999264, 0.00740898, 0.0297267, -0.00629132, 0.999538, 0.00285062  
218, 10.3412, 136.479, 178.926, 0.998824, 0.0379133, -0.0302086, -0.0378358, 0.999279, 0.0031312, 0.0303055, -0.00198455, 0.999539, 0.00283869  
219, 10.4153, 137.28, 179.023, 0.998831, 0.0377875, -0.0301519, -0.0377036, 0.999283, 0.00334581, 0.0302568, -0.00220506, 0.99954, 0.00279264  
220, 10.4717, 137.803, 179.068, 0.998911, 0.0370445, -0.0283627, -0.0370975, 0.999311, -0.00134657, 0.0282933, 0.00239729, 0.999597, 0.00301316  
221, 10.7609, 138.533, 179.087, 0.99902, 0.0361696, -0.0254914, -0.0364014, 0.999299, -0.00868946, 0.0251593, 0.00960888, 0.999637, 0.00288168  
222, 11.0022, 139.246, 179.138, 0.999114, 0.0342491, -0.0244436, -0.0345622, 0.999324, -0.012504, 0.0239989, 0.0133377, 0.999623, 0.00307307  
223, 11.2149, 139.895, 179.156, 0.999137, 0.0344942, -0.0231459, -0.0349248, 0.999219, -0.0184616, 0.022491, 0.019254, 0.999562, 0.00309665  
224, 11.4328, 140.637, 179.164, 0.999144, 0.0353054, -0.0215601, -0.0358299, 0.999059, -0.0244444, 0.0206768, 0.025196, 0.999469, 0.0029011  
225, 11.6722, 141.38, 179.149, 0.999155, 0.0361863, -0.0194943, -0.0366883, 0.998987, -0.0260449, 0.018532, 0.0267381, 0.999471, 0.00304589  
226, 11.9682, 142.021, 179.129, 0.999148, 0.0375483, -0.0171114, -0.0381011, 0.998722, -0.0332138, 0.0158424, 0.0338375, 0.999302, 0.00287225  
227, 12.1801, 142.766, 179.099, 0.999153, 0.0375984, -0.0167518, -0.0382322, 0.998497, -0.039271, 0.0152501, 0.0398782, 0.999088, 0.00279126  
228, 12.3913, 143.491, 179.061, 0.999161, 0.0381522, -0.0148639, -0.0387404, 0.998386, -0.0415275, 0.0132555, 0.0420685, 0.999027, 0.00281456  
229, 12.6548, 144.182, 179.045, 0.999247, 0.0373083, -0.0106544, -0.0377383, 0.99834, -0.0435133, 0.00901327, 0.0438826, 0.998996, 0.00286088  
230, 12.8312, 144.785, 178.996, 0.999243, 0.0378556, -0.0089325, -0.0382537, 0.998033, -0.0496649, 0.00703483, 0.049969, 0.998726, 0.00287669  
231, 13.1014, 145.527, 178.951, 0.999275, 0.0372043, -0.00807161, -0.0375912, 0.997793, -0.0547317, 0.00601755, 0.0549955, 0.998468, 0.00291636  
232, 13.3505, 146.403, 178.919, 0.999277, 0.0377351, -0.00455283, -0.0379205, 0.997938, -0.0517875, 0.00258923, 0.0519228, 0.998648, 0.00290332  
233, 13.7379, 147.073, 178.958, 0.999238, 0.0386901, -0.00506225, -0.0389294, 0.997326, -0.0618431, 0.002656, 0.0619931, 0.998073, 0.00301261  
234, 13.997, 147.728, 178.93, 0.99924, 0.0387732, -0.00404834, -0.038955, 0.997102, -0.0653401, 0.00150316, 0.0654481, 0.997855, 0.00281456  
235, 14.2966, 148.561, 178.976, 0.999272, 0.0381444, 0.000831638, -0.0380037, 0.997042, -0.066809, -0.00337757, 0.0667288, 0.997765, 0.00290249  
236, 14.7613, 149.411, 178.968, 0.999239, 0.0389844, 0.00102668, -0.0388133, 0.996724, -0.0709585, -0.00378959, 0.0708646, 0.997479, 0.00283813  
237, 15.1268, 150.167, 178.976, 0.999264, 0.0381367, 0.00423865, -0.0377153, 0.996505, -0.0745308, -0.00706619, 0.074316, 0.99721, 0.00296933  
238, 15.48, 151.029, 178.958, 0.999162, 0.0407863, 0.00352493, -0.0403471, 0.995655, -0.0839286, -0.00693275, 0.083716, 0.996466, 0.00289583  
239, 15.7947, 151.912, 178.935, 0.999233, 0.0390738, 0.00255331, -0.0387181, 0.995663, -0.0845973, -0.00584777, 0.0844336, 0.996412, 0.00287281  
240, 16.0222, 152.797, 178.917, 0.99918, 0.0403033, 0.00374204, -0.039815, 0.995287, -0.0884273, -0.00728831, 0.0882058, 0.996076, 0.00287586  
241, 16.2185, 153.675, 178.969, 0.999191, 0.0398971, 0.00513099, -0.0392507, 0.994922, -0.0926854, -0.00880281, 0.092409, 0.995682, 0.00284202  
242, 16.6343, 154.256, 178.829, 0.980945, -0.148785, -0.124938, -0.135375, -0.984696, 0.109757, -0.139357, -0.0907522, -0.986075, 0.00295352  
243, 16.7825, 155.376, 178.901, 0.980899, -0.148316, -0.125853, -0.13454, -0.98459, 0.111721, -0.140483, -0.0926548, -0.985738, 0.00288252  
244, 16.8889, 156.338, 178.881, 0.980794, -0.149525, -0.125243, -0.134784, -0.983712, 0.118929, -0.140986, -0.0997639, -0.984972, 0.00284895  
245, 16.9836, 157.542, 178.874, 0.980731, -0.150005, -0.125157, -0.135094, -0.983517, 0.12018, -0.141122, -0.100956, -0.984831, 0.00293688  
246, 16.7766, 158.91, 179.044, 0.99903, 0.0430806, 0.00907864, -0.0419329, 0.993904, -0.101965, -0.013416, 0.101485, 0.994747, 0.0028287  
247, 16.7632, 160.08, 179.007, 0.998981, 0.0438377, 0.0107383, -0.0425329, 0.99398, -0.100973, -0.0151001, 0.100414, 0.994831, 0.00303535  
248, 16.8193, 161.093, 178.968, 0.999019, 0.0426266, 0.011984, -0.0411665, 0.993809, -0.103189, -0.0163085, 0.102595, 0.99459, 0.00292384  
249, 16.7399, 162.351, 178.945, 0.999031, 0.0423076, 0.012124, -0.0408385, 0.993846, -0.102964, -0.0164056, 0.102369, 0.994611, 0.00286227  
250, 16.7459, 163.712, 179.025, 0.999105, 0.0409226, 0.0107341, -0.0396175, 0.993995, -0.101998, -0.0148436, 0.101481, 0.994727, 0.00281539  
251, 16.6322, 164.877, 179.02, 0.999212, 0.0384628, 0.00983726, -0.0372087, 0.993692, -0.105795, -0.0138444, 0.105346, 0.994339, 0.00307779  
252, 16.2505, 167.795, 178.979, 0.999193, 0.0395223, 0.00714128, -0.0385245, 0.993433, -0.107732, -0.0113522, 0.10737, 0.994154, 0.00266727  
253, 16.0001, 169.082, 178.966, 0.999108, 0.0419592, 0.00479852, -0.0411529, 0.992787, -0.112605, -0.00948871, 0.112307, 0.993628, 0.00270804  
254, 15.6837, 171.679, 178.898, 0.981189, -0.150189, -0.121294, -0.134439, -0.982487, 0.129014, -0.138546, -0.110281, -0.984197, 0.00298182  
255, 15.3828, 173.043, 178.84, 0.981982, -0.149305, -0.11584, -0.134156, -0.982514, 0.129107, -0.133091, -0.111241, -0.984841, 0.00276768  
256, 14.69, 175.126, 178.948, 0.998965, 0.0454211, -0.00229445, -0.0453884, 0.992522, -0.11331, -0.00286939, 0.113297, 0.993557, 0.0027993  
257, 14.2254, 176.869, 178.936, 0.998935, 0.0458096, -0.00548488, -0.0461357, 0.992663, -0.111766, 0.000324699, 0.1119, 0.993719, 0.00283897  
258, 13.6966, 178.662, 178.859, 0.998874, 0.0466293, -0.00873823, -0.0473041, 0.992933, -0.10884, 0.00360135, 0.109131, 0.994021, 0.00292246  
259, 13.2295, 180.348, 178.907, 0.998898, 0.0449755, -0.0134306, -0.0461977, 0.992656, -0.111803, 0.00830357, 0.1123, 0.99364, 0.00287281  
260, 12.7579, 182.089, 178.962, 0.998958, 0.0429343, -0.0154823, -0.0443689, 0.993059, -0.108926, 0.0106981, 0.1095, 0.993929, 0.0036478  
261, 12.3033, 183.778, 178.987, 0.998926, 0.0419305, -0.0197155, -0.043837, 0.993069, -0.109055, 0.0150062, 0.109802, 0.99384, 0.00267448  
262, 11.8996, 185.608, 179.091, 0.998897, 0.0409613, -0.0229611, -0.0432141, 0.993191, -0.108186, 0.0183733, 0.109059, 0.993865, 0.00327833  
263, 11.6398, 187.321, 179.138, 0.99892, 0.0396044, -0.0242852, -0.0420014, 0.993287, -0.107783, 0.0198535, 0.108686, 0.993878, 0.00289028  
264, 11.2076, 189.255, 179.24, 0.99891, 0.0396728, -0.0245843, -0.0420531, 0.993543, -0.105379, 0.0202449, 0.106298, 0.994128, 0.00293466  
265, 10.8755, 191.188, 179.247, 0.998785, 0.0407559, -0.0276864, -0.0434864, 0.993363, -0.106483, 0.0231628, 0.107557, 0.993929, 0.00291746  
266, 10.4549, 193.136, 179.156, 0.998726, 0.0409007, -0.0295621, -0.0437837, 0.993555, -0.104551, 0.0250954, 0.105712, 0.99408, 0.00302065  
267, 10.1078, 195.146, 179.117, 0.998627, 0.0416568, -0.0317661, -0.0447562, 0.993562, -0.104077, 0.027226, 0.105356, 0.994062, 0.0028606  
268, 9.90066, 197.098, 179.146, 0.998621, 0.0397689, -0.0342703, -0.043045, 0.993969, -0.100863, 0.0300524, 0.102199, 0.99431, 0.00294382  
269, 9.58836, 199.061, 179.138, 0.998629, 0.0391547, -0.0347457, -0.0424775, 0.994009, -0.100706, 0.0305944, 0.102044, 0.994309, 0.00290942  
270, 9.24116, 201.109, 179.11, 0.998637, 0.0396274, -0.0339735, -0.0427899, 0.994259, -0.0980671, 0.0298923, 0.0993871, 0.9946, 0.00299208  
271, 8.92853, 203.342, 179.123, 0.998587, 0.0397031, -0.0353096, -0.0428465, 0.994721, -0.093246, 0.031421, 0.0946272, 0.995017, 0.00283897  
272, 8.65367, 205.358, 179.162, 0.998526, 0.0381227, -0.0386245, -0.0415439, 0.994889, -0.0920359, 0.0349184, 0.0935049, 0.995006, 0.00278765  
273, 8.3042, 207.508, 179.131, 0.99851, 0.0391237, -0.0380426, -0.0423973, 0.995089, -0.0894404, 0.0343566, 0.0909201, 0.995265, 0.00297627  
274, 8.11094, 209.768, 179.088, 0.998541, 0.0366901, -0.0396078, -0.0399312, 0.995631, -0.084405, 0.036338, 0.0858634, 0.995644, 0.00288418  
275, 7.85796, 211.879, 178.956, 0.998379, 0.0374328, -0.0428621, -0.0408042, 0.995904, -0.0806918, 0.039666, 0.08231, 0.995817, 0.00291663  
276, 7.71176, 214.194, 178.883, 0.998342, 0.0385522, -0.0427473, -0.0417115, 0.996261, -0.0756605, 0.0396706, 0.0773181, 0.996217, 0.00304866  
277, 7.55207, 216.561, 178.956, 0.998227, 0.0388693, -0.045089, -0.0420858, 0.996463, -0.0727308, 0.0421026, 0.0744994, 0.996332, 0.00278848  
278, 7.52765, 218.861, 178.981, 0.998138, 0.0386485, -0.0471844, -0.0420601, 0.996401, -0.0735923, 0.0441704, 0.0754399, 0.996172, 0.0029158  
279, 7.44746, 221.073, 179.094, 0.998304, 0.0401127, -0.0421962, -0.0430329, 0.996566, -0.0707393, 0.0392138, 0.0724351, 0.996602, 0.00302093  
280, 7.63718, 223.436, 179.236, 0.99828, 0.038511, -0.0442026, -0.0413544, 0.997007, -0.0653239, 0.0415547, 0.0670395, 0.996885, 0.00302093  
