0, 0, 0, 0, 0, 0, 0, 0, 0, 0, 0, 0, 0, 0.0065869  
1, 0, 0, 0, 0, 0, 0, 0, 0, 0, 0, 0, 0, 0.00316073  
2, 7.87529, 9.62556, 178.941, 0.999933, -0.00620603, -0.00973589, 0.00650435, 0.999501, 0.0309151, 0.00953917, -0.0309763, 0.999475, 0.00264841  
3, 7.88032, 9.61633, 178.961, 0.999933, -0.00626544, -0.0097282, 0.00655789, 0.999518, 0.0303277, 0.00953349, -0.0303895, 0.999493, 0.00288917  
4, 7.87329, 9.6218, 178.949, 0.999937, -0.0058399, -0.00958311, 0.00612323, 0.999537, 0.0298072, 0.0094046, -0.029864, 0.99951, 0.00290193  
5, 7.887, 9.61746, 178.97, 0.999938, -0.00608418, -0.0093634, 0.00636936, 0.999507, 0.0307353, 0.00917179, -0.0307931, 0.999484, 0.00276324  
6, 7.87948, 9.60104, 178.94, 0.99994, -0.00558555, -0.00937282, 0.00587074, 0.999512, 0.0306808, 0.00919688, -0.030734, 0.999485, 0.0028839  
7, 7.90979, 9.57102, 178.958, 0.999938, -0.00567768, -0.00958659, 0.005968, 0.999516, 0.0305327, 0.0094086, -0.030588, 0.999488, 0.00275991  
8, 7.84795, 9.58662, 178.955, 0.999944, -0.00596849, -0.008719, 0.00623979, 0.999487, 0.0314278, 0.00852694, -0.0314805, 0.999468, 0.00288751  
9, 7.88881, 9.59058, 178.966, 0.999941, -0.00525519, -0.009509, 0.00553493, 0.999545, 0.0296354, 0.00934894, -0.0296863, 0.999516, 0.00291247  
10, 7.87274, 9.57801, 178.945, 0.999941, -0.00588493, -0.00916482, 0.00615964, 0.999524, 0.0302409, 0.00898249, -0.0302956, 0.999501, 0.00296878  
11, 7.85571, 9.5639, 178.979, 0.999935, -0.00630068, -0.0094712, 0.00658715, 0.999512, 0.0305261, 0.00927424, -0.0305865, 0.999489, 0.00295408  
12, 7.89297, 9.56393, 178.974, 0.999933, -0.00632864, -0.00966882, 0.00662541, 0.999498, 0.0309759, 0.00946794, -0.0310379, 0.999473, 0.00274993  
13, 7.90666, 9.56587, 178.923, 0.999938, -0.00594908, -0.0094369, 0.00623769, 0.999504, 0.0308538, 0.00924867, -0.0309108, 0.999479, 0.00292052  
14, 7.9115, 9.5734, 178.957, 0.99993, -0.00619733, -0.0100906, 0.00650232, 0.999514, 0.0304774, 0.00989682, -0.0305409, 0.999485, 0.00293993  
15, 7.87393, 9.55881, 178.959, 0.999939, -0.00592609, -0.0093334, 0.00621292, 0.9995, 0.0310075, 0.00914498, -0.0310636, 0.999476, 0.00288335  
16, 7.89861, 9.53759, 178.933, 0.999942, -0.00569862, -0.00909417, 0.00597715, 0.999505, 0.0309003, 0.00891357, -0.0309529, 0.999481, 0.00289527  
17, 7.89501, 9.54912, 178.97, 0.999929, -0.00653728, -0.0099269, 0.00683591, 0.999516, 0.0303533, 0.00972367, -0.0304191, 0.99949, 0.00282759  
18, 7.92308, 9.53683, 178.943, 0.999936, -0.00587284, -0.00971243, 0.00616931, 0.999507, 0.0307828, 0.00952686, -0.0308407, 0.999479, 0.00291885  
19, 7.9008, 9.55891, 178.958, 0.999931, -0.0061755, -0.00999849, 0.00647646, 0.999518, 0.030353, 0.00980623, -0.0304156, 0.999489, 0.00290998  
20, 7.89317, 9.56039, 178.945, 0.999933, -0.00589415, -0.00992264, 0.00619108, 0.999526, 0.0301645, 0.00974015, -0.0302239, 0.999496, 0.00290803  
21, 7.92078, 9.54647, 178.945, 0.999935, -0.00526645, -0.0101177, 0.00557164, 0.999523, 0.0303765, 0.00995294, -0.0304309, 0.999487, 0.00294742  
22, 7.88821, 9.55745, 178.947, 0.999926, -0.00572944, -0.010752, 0.00604826, 0.999536, 0.0298579, 0.010576, -0.0299207, 0.999496, 0.00292606  
23, 7.89472, 9.5428, 178.961, 0.999925, -0.00596339, -0.0106676, 0.00627442, 0.999549, 0.0293642, 0.0104877, -0.029429, 0.999512, 0.00295186  
24, 7.86762, 9.5417, 178.943, 0.999929, -0.00588274, -0.0103432, 0.00618738, 0.999541, 0.0296721, 0.0101639, -0.029734, 0.999506, 0.0030445  
25, 7.8973, 9.54694, 178.962, 0.99993, -0.00592134, -0.0102294, 0.00623025, 0.999517, 0.030435, 0.0100443, -0.0304967, 0.999484, 0.00299402  
26, 7.89422, 9.54321, 178.951, 0.999933, -0.00583929, -0.0100384, 0.0061414, 0.999521, 0.0303326, 0.00985642, -0.0303922, 0.999489, 0.00285894  
27, 7.89549, 9.52589, 178.954, 0.999926, -0.00592941, -0.0105914, 0.00624246, 0.999537, 0.0297724, 0.01041, -0.0298363, 0.999501, 0.0029918  
28, 7.90465, 9.52753, 178.938, 0.999937, -0.0064023, -0.00925147, 0.00668203, 0.999512, 0.0305292, 0.00905149, -0.0305891, 0.999491, 0.00295047  
29, 7.88494, 9.54816, 178.965, 0.999936, -0.00597036, -0.00956307, 0.00626308, 0.999504, 0.030878, 0.00937397, -0.0309359, 0.999477, 0.00292939  
30, 7.87837, 9.5264, 178.954, 0.99994, -0.00526592, -0.00960668, 0.00555221, 0.999534, 0.0300221, 0.00944411, -0.0300737, 0.999503, 0.00280762  
31, 7.90119, 9.56233, 178.951, 0.999927, -0.00577395, -0.0106533, 0.00609359, 0.999525, 0.0302194, 0.0104737, -0.0302821, 0.999487, 0.00270804  
32, 7.88316, 9.53765, 178.941, 0.999926, -0.00603999, -0.0105389, 0.00635614, 0.999523, 0.030228, 0.0103513, -0.0302928, 0.999487, 0.00287863  
33, 7.90488, 9.52852, 178.933, 0.99994, -0.00588594, -0.00924375, 0.00616077, 0.999531, 0.0299906, 0.0090629, -0.0300457, 0.999507, 0.00296074  
34, 7.87811, 9.53117, 178.937, 0.999929, -0.00600014, -0.0102485, 0.00630778, 0.999522, 0.0302547, 0.010062, -0.0303172, 0.99949, 0.00295214  
35, 7.88817, 9.54996, 178.941, 0.999925, -0.00642147, -0.0104584, 0.00673445, 0.999522, 0.0301714, 0.0102597, -0.0302396, 0.99949, 0.00278044  
36, 7.89616, 9.52099, 178.915, 0.999937, -0.00563032, -0.00974872, 0.00592359, 0.999523, 0.0303202, 0.00957335, -0.030376, 0.999493, 0.00292163  
37, 7.9154, 9.56114, 178.936, 0.999927, -0.0059644, -0.0104977, 0.0062741, 0.999539, 0.0297199, 0.0103156, -0.0297836, 0.999503, 0.00295103  
38, 7.90108, 9.55993, 178.932, 0.999934, -0.00615075, -0.00968449, 0.00644167, 0.99952, 0.0303008, 0.00949347, -0.0303612, 0.999494, 0.00293771  
39, 7.88431, 9.56908, 178.953, 0.99994, -0.00568015, -0.00938013, 0.00596176, 0.999524, 0.0302725, 0.00920372, -0.0303266, 0.999498, 0.00303341  
40, 7.89137, 9.56979, 178.931, 0.99994, -0.00534401, -0.0096096, 0.00562713, 0.999544, 0.0296806, 0.0094466, -0.0297328, 0.999513, 0.00284451  
41, 7.90631, 9.58816, 178.96, 0.999944, -0.00495699, -0.00938491, 0.00523084, 0.999555, 0.0293836, 0.00923508, -0.029431, 0.999524, 0.00288418  
42, 7.90704, 9.565, 178.943, 0.999943, -0.00535065, -0.0092933, 0.00563773, 0.999499, 0.0311444, 0.009122, -0.031195, 0.999472, 0.00292107  
43, 7.87541, 9.5531, 178.98, 0.999935, -0.00594338, -0.00972634, 0.00623918, 0.99951, 0.03067, 0.00953929, -0.0307287, 0.999482, 0.00291885  
44, 7.90197, 9.58677, 178.948, 0.999939, -0.00572456, -0.00940975, 0.00601231, 0.999506, 0.0308421, 0.00922854, -0.0308968, 0.99948, 0.00303119  
45, 7.88265, 9.59291, 178.962, 0.999933, -0.00600372, -0.00989682, 0.00629928, 0.999527, 0.0301076, 0.00971138, -0.0301679, 0.999498, 0.00302869  
46, 7.9042, 9.55863, 178.963, 0.999944, -0.00575471, -0.00883446, 0.00602757, 0.999496, 0.0311756, 0.0086506, -0.0312271, 0.999475, 0.00286976  
47, 7.90563, 9.58372, 178.981, 0.999942, -0.00579205, -0.00908324, 0.00606974, 0.999506, 0.0308474, 0.00890008, -0.0309007, 0.999483, 0.00292856  
48, 7.91796, 9.61847, 178.973, 0.99994, -0.00572752, -0.00929237, 0.00601243, 0.999504, 0.0309282, 0.00911061, -0.0309822, 0.999478, 0.00298764  
49, 7.90145, 9.5964, 178.975, 0.999938, -0.00593158, -0.00947288, 0.0062256, 0.99949, 0.0313156, 0.0092823, -0.0313726, 0.999465, 0.00300761  
50, 7.91621, 9.56154, 178.974, 0.999936, -0.00611284, -0.00950729, 0.00640842, 0.999487, 0.0313761, 0.00931062, -0.031435, 0.999462, 0.0029746  
51, 7.88933, 9.59517, 178.953, 0.999948, -0.00588884, -0.00828713, 0.00614402, 0.999497, 0.0311114, 0.00809975, -0.0311607, 0.999482, 0.00290221  
52, 7.87304, 9.61674, 178.96, 0.999932, -0.00579942, -0.0100764, 0.00609958, 0.999531, 0.0300185, 0.00989754, -0.0300779, 0.999499, 0.00291303  
53, 7.88847, 9.61722, 178.953, 0.999936, -0.00578348, -0.00975703, 0.00607444, 0.99953, 0.0300596, 0.0095786, -0.0301169, 0.9995, 0.0029477  
54, 7.91104, 9.59825, 178.955, 0.999935, -0.00619444, -0.00955317, 0.00648452, 0.999509, 0.0306386, 0.00935869, -0.0306985, 0.999485, 0.00292163  
55, 7.86647, 9.59865, 178.935, 0.999941, -0.00600917, -0.00908806, 0.00628632, 0.999506, 0.0307821, 0.0088986, -0.0308374, 0.999485, 0.00294271  
56, 7.88431, 9.61778, 178.935, 0.999944, -0.00538079, -0.00916475, 0.00565605, 0.999526, 0.0302783, 0.00899748, -0.0303285, 0.999499, 0.00285755  
57, 7.90324, 9.60688, 178.947, 0.999931, -0.00537437, -0.0104029, 0.00569183, 0.999511, 0.0307322, 0.0102326, -0.0307893, 0.999474, 0.00280984  
58, 7.88978, 9.58722, 178.955, 0.999938, -0.00635772, -0.00909271, 0.00664285, 0.999476, 0.0316787, 0.00888654, -0.0317372, 0.999457, 0.00296906  
59, 7.86759, 9.61552, 178.937, 0.999939, -0.00527961, -0.00972928, 0.00557462, 0.999518, 0.0305482, 0.0095633, -0.0306005, 0.999486, 0.00295519  
60, 7.87899, 9.60853, 178.957, 0.999943, -0.0062019, -0.00864127, 0.0064676, 0.999496, 0.0310673, 0.00844424, -0.0311215, 0.99948, 0.00440033  
61, 7.88394, 9.62732, 178.955, 0.999937, -0.00606954, -0.00946217, 0.00636244, 0.999492, 0.0312393, 0.00926775, -0.0312975, 0.999467, 0.00281317  
62, 7.8738, 9.62155, 178.954, 0.999943, -0.00604758, -0.00883026, 0.00632432, 0.999479, 0.0316566, 0.00863421, -0.0317106, 0.99946, 0.00277572  
63, 7.88361, 9.62039, 178.924, 0.999947, -0.00562485, -0.00861905, 0.00589591, 0.999478, 0.0317533, 0.00843595, -0.0318024, 0.999459, 0.00274188  
64, 7.8777, 9.63939, 178.927, 0.99994, -0.00552787, -0.00947818, 0.00582336, 0.999489, 0.0314373, 0.00929956, -0.0314906, 0.999461, 0.00296323  
65, 7.87358, 9.62361, 178.931, 0.999933, -0.00617678, -0.00983679, 0.00648056, 0.999494, 0.0311556, 0.00963936, -0.0312172, 0.999466, 0.00276186  
66, 7.87252, 9.61516, 178.926, 0.999938, -0.00546761, -0.00969773, 0.0057646, 0.999507, 0.0308662, 0.00952419, -0.0309202, 0.999476, 0.00275548  
67, 7.88548, 9.63256, 178.947, 0.999932, -0.00616646, -0.0098631, 0.0064683, 0.999503, 0.0308691, 0.00966784, -0.0309308, 0.999475, 0.00275104  
68, 7.87716, 9.61827, 178.913, 0.999942, -0.00552013, -0.00928058, 0.00580134, 0.999516, 0.0305521, 0.00910744, -0.0306041, 0.99949, 0.00279847  
69, 7.87752, 9.62301, 178.91, 0.999944, -0.00568373, -0.00896711, 0.00595348, 0.999522, 0.0303475, 0.00879034, -0.0303992, 0.999499, 0.00280208  
70, 7.88401, 9.612, 178.93, 0.999938, -0.00619489, -0.0092858, 0.00648212, 0.999491, 0.031229, 0.00908761, -0.0312873, 0.999469, 0.00274854  
71, 7.90874, 9.63361, 178.957, 0.99993, -0.00645563, -0.00988911, 0.00675447, 0.999512, 0.0304898, 0.00968746, -0.0305545, 0.999486, 0.00274549  
72, 7.9223, 9.61575, 178.937, 0.999945, -0.00593909, -0.00869195, 0.00621517, 0.999466, 0.0320876, 0.00849674, -0.0321399, 0.999447, 0.00275991  
73, 7.8952, 9.6423, 178.925, 0.999935, -0.00554467, -0.00994204, 0.00585576, 0.999485, 0.0315393, 0.00976205, -0.0315955, 0.999453, 0.00273856  
74, 7.89935, 9.6263, 178.929, 0.999944, -0.00574711, -0.00891835, 0.00602825, 0.999475, 0.0318238, 0.00873077, -0.0318757, 0.999454, 0.00276602  
75, 7.88826, 9.62416, 178.938, 0.999932, -0.00603438, -0.00995293, 0.00633562, 0.999514, 0.0305184, 0.00976393, -0.0305794, 0.999485, 0.00274715  
76, 7.89044, 9.60235, 178.937, 0.999948, -0.00552805, -0.00861147, 0.00579075, 0.999509, 0.0307861, 0.00843705, -0.0308343, 0.999489, 0.00278793  
77, 7.89925, 9.60167, 178.949, 0.999939, -0.00606035, -0.00924199, 0.00633484, 0.999531, 0.0299664, 0.00905605, -0.0300231, 0.999508, 0.00288834  
78, 7.90783, 9.59532, 178.962, 0.999945, -0.00626921, -0.00838806, 0.00652672, 0.999497, 0.0310321, 0.00818929, -0.0310851, 0.999483, 0.00282593  
79, 7.90142, 9.61335, 178.917, 0.999938, -0.00545341, -0.00966738, 0.00574665, 0.999516, 0.0305694, 0.00949599, -0.0306231, 0.999486, 0.00281567  
80, 7.90401, 9.6175, 178.956, 0.999932, -0.00617328, -0.0099193, 0.00646828, 0.999529, 0.0299883, 0.00972951, -0.0300504, 0.999501, 0.00274993  
81, 7.89076, 9.59877, 178.941, 0.999948, -0.00533705, -0.00868645, 0.00560027, 0.999517, 0.0305661, 0.00851912, -0.0306132, 0.999495, 0.00279486  
82, 7.91282, 9.57599, 178.935, 0.999939, -0.00599504, -0.00929875, 0.00627889, 0.999506, 0.0308027, 0.00910949, -0.0308592, 0.999482, 0.00279153  
83, 7.89443, 9.61112, 178.942, 0.999932, -0.00582166, -0.0101001, 0.00612972, 0.999509, 0.0307427, 0.00991614, -0.0308026, 0.999476, 0.00279126  
84, 7.90441, 9.59488, 178.949, 0.999936, -0.00587446, -0.00966615, 0.0061708, 0.999503, 0.0309185, 0.00947971, -0.0309762, 0.999475, 0.00284451  
85, 7.86969, 9.59287, 178.935, 0.999947, -0.00541094, -0.0088107, 0.00567626, 0.999523, 0.0303727, 0.00864215, -0.0304211, 0.9995, 0.00313077  
86, 7.9019, 9.61158, 178.944, 0.999934, -0.00580001, -0.00987863, 0.00609896, 0.999516, 0.0305067, 0.00969691, -0.030565, 0.999486, 0.00273329  
87, 7.89498, 9.61382, 178.929, 0.999937, -0.00568722, -0.00964798, 0.00598333, 0.999503, 0.0309452, 0.00946719, -0.0310009, 0.999475, 0.00285117  
88, 7.86814, 9.59482, 178.927, 0.999944, -0.00540415, -0.00909418, 0.0056835, 0.999504, 0.0309773, 0.00892227, -0.0310272, 0.999479, 0.00274466  
89, 7.89402, 9.58901, 178.93, 0.999936, -0.00582706, -0.00972014, 0.0061201, 0.999519, 0.0303958, 0.00953835, -0.0304534, 0.999491, 0.0029857  
90, 7.88957, 9.59454, 178.903, 0.999941, -0.00543542, -0.00940609, 0.00572234, 0.999511, 0.0307502, 0.00923435, -0.0308022, 0.999483, 0.00287752  
91, 7.88577, 9.59431, 178.949, 0.999933, -0.00596156, -0.00990948, 0.00627108, 0.999484, 0.0315036, 0.00971655, -0.0315637, 0.999455, 0.00293771  
92, 7.91038, 9.5754, 178.95, 0.999938, -0.00561666, -0.00963905, 0.00590129, 0.99954, 0.0297593, 0.00946746, -0.0298143, 0.999511, 0.00291525  
93, 7.89252, 9.57596, 178.925, 0.999942, -0.0057563, -0.0090787, 0.00602842, 0.999525, 0.030236, 0.00890034, -0.030289, 0.999502, 0.00296628  
94, 7.88848, 9.57889, 178.938, 0.999934, -0.00573562, -0.00999273, 0.00603402, 0.999529, 0.0300923, 0.00981543, -0.0301506, 0.999497, 0.00295685  
95, 7.88941, 9.57247, 178.946, 0.99994, -0.00604523, -0.00914389, 0.00632572, 0.9995, 0.0309639, 0.00895214, -0.0310199, 0.999479, 0.00292856  
96, 7.90652, 9.56682, 178.939, 0.999935, -0.00584444, -0.00981353, 0.00613707, 0.999529, 0.030058, 0.00963324, -0.0301163, 0.9995, 0.00299236  
97, 7.86591, 9.58145, 178.929, 0.999942, -0.00568775, -0.00909627, 0.005962, 0.99952, 0.0304122, 0.00891893, -0.0304647, 0.999496, 0.00292828  
98, 7.90403, 9.56815, 178.926, 0.999937, -0.00616422, -0.00940126, 0.00644675, 0.999519, 0.0303237, 0.00920982, -0.0303824, 0.999496, 0.00296046  
99, 7.91794, 9.54516, 178.954, 0.999921, -0.00621358, -0.0109603, 0.00653275, 0.999548, 0.029329, 0.0107731, -0.0293983, 0.99951, 0.00299069  
100, 7.8749, 9.51481, 178.936, 0.999932, -0.00558677, -0.0102405, 0.00587934, 0.999569, 0.0287661, 0.0100754, -0.0288243, 0.999534, 0.00275575  
101, 7.89578, 9.50716, 178.98, 0.999932, -0.00606112, -0.0100046, 0.0063304, 0.999612, 0.027107, 0.00983638, -0.0271685, 0.999582, 0.00297987  
102, 7.85688, 9.44185, 178.972, 0.999945, -0.0062813, -0.00837301, 0.00650435, 0.999617, 0.0268837, 0.00820094, -0.0269367, 0.999604, 0.00289999  
103, 7.91253, 9.40359, 179.008, 0.999944, -0.00606116, -0.00872115, 0.0062726, 0.999682, 0.0244256, 0.00857033, -0.0244789, 0.999664, 0.00291136  
104, 7.89304, 9.36524, 179.009, 0.999944, -0.00633958, -0.00842341, 0.00653652, 0.999701, 0.023562, 0.00827151, -0.0236158, 0.999687, 0.00299624  
105, 7.90476, 9.27834, 179.01, 0.999936, -0.0062786, -0.00940911, 0.00646583, 0.999779, 0.0200026, 0.00928144, -0.0200621, 0.999756, 0.00294659  
106, 7.88722, 9.22631, 179.022, 0.999942, -0.00598493, -0.0090029, 0.00615872, 0.999793, 0.0194021, 0.00888491, -0.0194564, 0.999771, 0.00281539  
107, 7.91686, 9.18943, 179.052, 0.999935, -0.00520161, -0.0101517, 0.00535024, 0.999878, 0.0146689, 0.0100742, -0.0147222, 0.999841, 0.00287197  
108, 7.85502, 9.07264, 179.03, 0.999947, -0.00539044, -0.0087912, 0.00552052, 0.999875, 0.0148402, 0.0087101, -0.014888, 0.999851, 0.00297405  
109, 7.84088, 9.04564, 179.036, 0.999936, -0.00510551, -0.0100756, 0.0052276, 0.999913, 0.0121281, 0.0100128, -0.01218, 0.999876, 0.00300012  
110, 7.82317, 8.95858, 179.059, 0.999941, -0.0037578, -0.0101661, 0.00382512, 0.999971, 0.00661072, 0.010141, -0.00664921, 0.999926, 0.00304339  
111, 7.83739, 8.96085, 179.083, 0.999935, -0.00484304, -0.0103418, 0.00489092, 0.999977, 0.00461001, 0.0103192, -0.00466029, 0.999936, 0.00294798  
112, 7.81846, 8.89949, 179.069, 0.999935, -0.00509517, -0.0101819, 0.00513721, 0.999978, 0.00410696, 0.0101607, -0.004159, 0.99994, 0.0029538  
113, 7.8164, 8.85018, 179.113, 0.999914, -0.00540619, -0.0119819, 0.00540548, 0.999985, -9.19125e-005, 0.0119822, 2.71369e-005, 0.999928, 0.00293605  
114, 7.78966, 8.87613, 179.096, 0.999932, -0.00411686, -0.0108944, 0.00409932, 0.99999, -0.00163167, 0.010901, 0.0015869, 0.999939, 0.0030445  
115, 7.78865, 8.87044, 179.116, 0.999938, -0.00509086, -0.00985914, 0.00505625, 0.999981, -0.00353214, 0.00987693, 0.00348207, 0.999945, 0.00287364  
116, 7.80327, 8.88563, 179.132, 0.999939, -0.00502538, -0.0098464, 0.00497122, 0.999972, -0.00551743, 0.00987385, 0.00546815, 0.999936, 0.0029158  
117, 7.79117, 8.90148, 179.163, 0.999927, -0.00387554, -0.0114007, 0.00376625, 0.999947, -0.00959172, 0.0114373, 0.00954808, 0.999889, 0.00282981  
118, 7.78057, 8.95032, 179.164, 0.999909, -0.00434134, -0.0128026, 0.0041673, 0.999899, -0.0135903, 0.0128603, 0.0135357, 0.999826, 0.00297377  
119, 7.79038, 9.02877, 179.161, 0.999923, -0.00341688, -0.0119666, 0.00325937, 0.999908, -0.0131574, 0.0120105, 0.0131174, 0.999842, 0.00301205  
120, 7.79787, 9.1234, 179.159, 0.99992, -0.00323644, -0.0122001, 0.00304882, 0.999877, -0.0153658, 0.0122484, 0.0153274, 0.999808, 0.00283647  
121, 7.78072, 9.20019, 179.134, 0.999919, -0.00312377, -0.0123482, 0.00288778, 0.999814, -0.0190839, 0.0124055, 0.0190467, 0.999742, 0.00297849  
122, 7.78663, 9.31966, 179.14, 0.99993, -0.00307141, -0.0113978, 0.00284573, 0.999801, -0.0197637, 0.0114563, 0.0197299, 0.99974, 0.00290776  
123, 7.78326, 9.45157, 179.168, 0.999933, -0.00291534, -0.0112109, 0.00268968, 0.999795, -0.0200916, 0.0112672, 0.0200601, 0.999735, 0.00298653  
124, 7.74513, 9.5567, 179.174, 0.999924, -0.00273537, -0.0120217, 0.002443, 0.999703, -0.0242678, 0.0120845, 0.0242366, 0.999633, 0.00296462  
125, 7.7514, 9.70509, 179.173, 0.999929, -0.00281768, -0.0115516, 0.00251637, 0.999658, -0.0260158, 0.011621, 0.0259849, 0.999595, 0.00297766  
126, 7.72819, 9.84403, 179.177, 0.999947, -0.00276435, -0.00988265, 0.00249381, 0.999625, -0.0272835, 0.00995436, 0.0272574, 0.999579, 0.00286476  
127, 7.75712, 10.0495, 179.165, 0.99994, -0.00227614, -0.0107193, 0.00195363, 0.999548, -0.0300022, 0.0107827, 0.0299795, 0.999492, 0.00281151  
128, 7.74791, 10.2249, 179.158, 0.999938, -0.00178358, -0.0110034, 0.00143193, 0.999491, -0.0318835, 0.0110547, 0.0318658, 0.999431, 0.00298764  
129, 7.77918, 10.4192, 179.162, 0.99993, -0.0012786, -0.011744, 0.000871029, 0.999399, -0.0346444, 0.0117813, 0.0346317, 0.999331, 0.00289971  
130, 7.73605, 10.5615, 179.141, 0.999943, -0.000532915, -0.010638, 0.00014269, 0.999328, -0.0366493, 0.0106504, 0.0366457, 0.999272, 0.00283148  
131, 7.71431, 10.6683, 179.175, 0.99995, -0.00130884, -0.00989758, 0.000933197, 0.999283, -0.0378627, 0.00994003, 0.0378516, 0.999234, 0.00292301  
132, 7.72538, 10.8214, 179.185, 0.999945, -0.00118102, -0.0104682, 0.000752518, 0.999165, -0.0408435, 0.0105077, 0.0408334, 0.999111, 0.00281151  
133, 7.69929, 10.9898, 179.191, 0.999942, -0.000757298, -0.0107547, 0.000282981, 0.99903, -0.0440364, 0.0107776, 0.0440308, 0.998972, 0.00300317  
134, 7.64336, 11.1014, 179.21, 0.999965, -0.000431276, -0.00833859, 5.41011e-005, 0.998979, -0.0451799, 0.00834956, 0.0451779, 0.998944, 0.00305671  
135, 7.6958, 11.2526, 179.223, 0.999953, -0.000514417, -0.00971655, 4.8847e-005, 0.998854, -0.0478548, 0.00973004, 0.047852, 0.998807, 0.00297433  
136, 7.68278, 11.3661, 179.233, 0.999967, -0.000384999, -0.00812799, -2.85968e-005, 0.998708, -0.0508241, 0.00813705, 0.0508227, 0.998675, 0.00298709  
137, 7.70629, 11.5512, 179.227, 0.99997, -0.000216085, -0.00768793, -0.000179583, 0.998677, -0.0514281, 0.00768887, 0.051428, 0.998647, 0.00280402  
138, 7.73417, 11.7044, 179.242, 0.999979, -0.000344597, -0.00651549, 1.06893e-006, 0.998613, -0.0526515, 0.0065246, 0.0526504, 0.998592, 0.00299291  
139, 7.76975, 11.83, 179.24, 0.999976, -1.23671e-005, -0.00688833, -0.000388779, 0.998303, -0.0582313, 0.00687736, 0.0582325, 0.998279, 0.00279153  
140, 7.82698, 11.9441, 179.271, 0.999984, -0.000771831, -0.0055692, 0.000423565, 0.998059, -0.0622666, 0.00560645, 0.0622633, 0.998044, 0.00306364  
141, 7.89633, 12.1915, 179.266, 0.999989, -0.00129202, -0.00455545, 0.00100859, 0.998096, -0.0616791, 0.00462647, 0.0616738, 0.998086, 0.0027993  
142, 7.94742, 12.371, 179.284, 0.99999, -0.00033036, -0.00443905, 4.0335e-005, 0.997874, -0.0651768, 0.00445114, 0.0651759, 0.997864, 0.002852  
143, 8.27432, 13.1736, 179.289, 0.999993, 0.00114859, -0.00347858, -0.00139712, 0.997381, -0.0723071, 0.00338642, 0.0723115, 0.997376, 0.0027932  
144, 8.33167, 13.5496, 179.292, 0.99999, 0.000298686, -0.00455891, -0.000638494, 0.997204, -0.0747189, 0.00452385, 0.074721, 0.997194, 0.00281178  
145, 8.4478, 13.8896, 179.246, 0.999992, 0.00133674, -0.00380696, -0.00162537, 0.997041, -0.0768525, 0.00369297, 0.0768581, 0.997035, 0.00263204  
146, 8.56947, 14.3249, 179.243, 0.999992, 0.00145573, -0.00374276, -0.00174281, 0.996961, -0.0778801, 0.00361801, 0.077886, 0.996956, 0.00275132  
147, 8.66117, 14.6856, 179.212, 0.999975, 0.0031728, -0.00624946, -0.00369013, 0.996409, -0.0845886, 0.00595864, 0.0846096, 0.996396, 0.00291081  
148, 8.78126, 15.152, 179.207, 0.999972, 0.00339189, -0.006648, -0.0039632, 0.996122, -0.0878983, 0.00632407, 0.0879222, 0.996107, 0.0029563  
149, 8.8299, 15.6755, 179.226, 0.999973, 0.00327072, -0.00657118, -0.00383794, 0.996091, -0.0882503, 0.00625686, 0.0882732, 0.996077, 0.00282843  
150, 8.80528, 16.2211, 179.188, 0.999967, 0.00407824, -0.00706273, -0.00469841, 0.995918, -0.0901443, 0.00666626, 0.0901745, 0.995904, 0.00284507  
151, 8.77982, 16.7961, 179.157, 0.999965, 0.00465274, -0.00691184, -0.00525923, 0.995883, -0.0904919, 0.00646236, 0.0905251, 0.995873, 0.00267282  
152, 8.72414, 17.3558, 179.154, 0.999963, 0.00499137, -0.00693878, -0.00562293, 0.995537, -0.0941992, 0.00643763, 0.0942347, 0.995529, 0.00435595  
153, 8.65057, 18.0087, 179.184, 0.999961, 0.00527704, -0.00701268, -0.0059124, 0.995563, -0.0939066, 0.00648602, 0.0939444, 0.995556, 0.00284146  
154, 8.55694, 18.6016, 179.177, 0.999959, 0.00449012, -0.00782057, -0.00520765, 0.995531, -0.0942883, 0.00736226, 0.0943252, 0.995514, 0.00288057  
155, 8.37899, 19.3874, 179.195, 0.999958, 0.00354973, -0.00848185, -0.00433557, 0.995515, -0.0945057, 0.00810834, 0.0945385, 0.995488, 0.00283065  
156, 8.22464, 20.2513, 179.175, 0.999951, 0.00365149, -0.0092213, -0.0045073, 0.995509, -0.0945619, 0.0088346, 0.0945988, 0.995476, 0.00285949  
157, 7.96294, 21.0938, 179.195, 0.999953, 0.00331498, -0.00910604, -0.00414913, 0.995642, -0.0931698, 0.0087575, 0.0932033, 0.995609, 0.00286754  
158, 7.68058, 21.8551, 179.163, 0.999949, 0.00310434, -0.00961718, -0.00400037, 0.995507, -0.0945987, 0.00928031, 0.0946323, 0.995469, 0.0028201  
159, 7.44492, 22.6129, 179.152, 0.99995, 0.00334968, -0.00945439, -0.00423128, 0.995485, -0.0948246, 0.00909407, 0.0948599, 0.995449, 0.00278405  
160, 7.19484, 23.5822, 179.187, 0.999941, 0.00366354, -0.0102167, -0.00457982, 0.995826, -0.0911551, 0.00984014, 0.0911965, 0.995784, 0.00279736  
161, 6.97692, 24.2731, 179.186, 0.999946, 0.00474787, -0.00929245, -0.00558514, 0.99572, -0.0922563, 0.00881465, 0.0923032, 0.995692, 0.00290054  
162, 6.77295, 25.2535, 179.157, 0.999926, 0.00663237, -0.0102212, -0.00752343, 0.995935, -0.0897606, 0.0095843, 0.0898309, 0.995911, 0.00288279  
163, 6.58965, 26.1504, 179.164, 0.999914, 0.00767073, -0.010655, -0.00860746, 0.995828, -0.0908486, 0.00991369, 0.0909325, 0.995808, 0.00280152  
164, 6.47605, 27.1372, 179.148, 0.999903, 0.00820298, -0.0112877, -0.00919381, 0.995833, -0.0907288, 0.0104964, 0.0908238, 0.995812, 0.00290581  
165, 6.3226, 28.1183, 179.147, 0.999915, 0.00674357, -0.0111734, -0.00770637, 0.996047, -0.0884965, 0.0105324, 0.0885751, 0.996014, 0.00281594  
166, 6.22378, 29.2012, 179.14, 0.999917, 0.005828, -0.0115307, -0.00680346, 0.996233, -0.086452, 0.0109834, 0.0865232, 0.996189, 0.0029269  
167, 6.16531, 30.3644, 179.101, 0.999932, 0.00429598, -0.0108478, -0.00518401, 0.996519, -0.0832088, 0.0104525, 0.0832594, 0.996473, 0.00293744  
168, 6.09345, 31.5839, 179.086, 0.999923, 0.00286692, -0.0120506, -0.00383727, 0.996683, -0.0812875, 0.0117776, 0.0813275, 0.996618, 0.00285616  
169, 6.00705, 32.9111, 179.042, 0.999925, 0.00268219, -0.0119474, -0.00359806, 0.997001, -0.0773102, 0.0117042, 0.0773473, 0.996936, 0.00292717  
170, 5.87065, 34.1649, 179.007, 0.999925, 0.0026378, -0.0119418, -0.00353355, 0.99713, -0.0756213, 0.0117081, 0.0756579, 0.997065, 0.00300207  
171, 5.80188, 35.4426, 179.02, 0.999937, 0.00211412, -0.0110349, -0.00292021, 0.997287, -0.0735525, 0.0108495, 0.0735801, 0.99723, 0.0029244  
172, 5.69839, 36.8002, 179.018, 0.999919, 0.0021435, -0.0125579, -0.00303849, 0.997422, -0.0716896, 0.0123719, 0.0717219, 0.997348, 0.00304756  
173, 5.59323, 38.1805, 178.999, 0.999898, 0.00344971, -0.0138935, -0.00442915, 0.99746, -0.0710947, 0.0136129, 0.0711489, 0.997373, 0.00288584  
174, 5.50843, 39.5137, 178.977, 0.999837, 0.00626194, -0.0169077, -0.00745112, 0.997433, -0.0712124, 0.0164184, 0.0713269, 0.997318, 0.00291608  
175, 5.44551, 40.8313, 178.992, 0.999835, 0.00693252, -0.0167912, -0.00806123, 0.997645, -0.0681135, 0.0162794, 0.0682376, 0.997536, 0.00289916  
176, 5.39025, 42.176, 178.994, 0.999829, 0.00718276, -0.0170492, -0.00829861, 0.997765, -0.066307, 0.0165348, 0.0664371, 0.997654, 0.00292551  
177, 5.293, 43.4345, 179.217, 0.999919, 0.003873, -0.0121617, -0.00466884, 0.997802, -0.0661073, 0.0118789, 0.0661587, 0.997738, 0.00298404  
178, 5.44308, 44.6992, 179.163, 0.999906, 0.00563868, -0.012496, -0.00638682, 0.998138, -0.0606626, 0.0121307, 0.0607367, 0.99808, 0.0028459  
179, 5.42284, 46.203, 179.189, 0.999921, 0.00455217, -0.0116981, -0.0051995, 0.998422, -0.0559155, 0.0114251, 0.0559719, 0.998367, 0.00291109  
180, 5.37347, 47.6497, 179.178, 0.999931, 0.00402799, -0.0110132, -0.00461078, 0.998562, -0.0534149, 0.0107822, 0.0534621, 0.998512, 0.00293244  
181, 5.43192, 49.1999, 179.099, 0.999925, 0.00312181, -0.0118429, -0.00372534, 0.998677, -0.0512862, 0.0116672, 0.0513265, 0.998614, 0.0029513  
182, 5.46168, 50.862, 179.072, 0.999938, 0.00261751, -0.0108694, -0.00312023, 0.998914, -0.046495, 0.0107359, 0.046526, 0.998859, 0.0029513  
183, 5.5217, 52.4529, 179.096, 0.999943, 0.00236678, -0.0104532, -0.00284211, 0.998951, -0.045694, 0.0103341, 0.0457211, 0.998901, 0.00288252  
184, 5.64967, 53.9268, 179.118, 0.999948, 0.00186841, -0.00997872, -0.00235128, 0.998816, -0.0485995, 0.00987609, 0.0486204, 0.998768, 0.00282621  
185, 5.71393, 55.5344, 179.145, 0.999968, 0.00243847, -0.00768238, -0.00277041, 0.99905, -0.0434986, 0.00756901, 0.0435185, 0.999024, 0.00292218  
186, 5.84012, 57.1753, 179.098, 0.999973, 0.00317455, -0.00665453, -0.003431, 0.999238, -0.0388872, 0.00652601, 0.0389089, 0.999221, 0.00281927  
187, 5.99355, 58.8549, 179.049, 0.999968, 0.00477415, -0.00644042, -0.00498887, 0.999418, -0.033745, 0.00627557, 0.033776, 0.99941, 0.00286005  
188, 6.1454, 60.4484, 179.033, 0.99997, 0.00581478, -0.00519891, -0.00597478, 0.999492, -0.0313091, 0.00501421, 0.0313392, 0.999496, 0.00297904  
189, 6.39355, 62.2247, 179.062, 0.999969, 0.00506914, -0.00602743, -0.00523603, 0.999594, -0.0280028, 0.00588303, 0.0280335, 0.99959, 0.00438535  
190, 6.52381, 64.0094, 179.119, 0.999978, 0.00474841, -0.00471773, -0.00485878, 0.999708, -0.0236653, 0.00460398, 0.0236877, 0.999709, 0.00279597  
191, 6.66077, 65.4774, 179.248, 0.99999, 0.00382577, -0.0023834, -0.00387828, 0.999741, -0.0224344, 0.00229695, 0.0224434, 0.999745, 0.00292412  
192, 6.72082, 67.0528, 179.259, 0.999997, 0.00245181, 0.000433653, -0.00244255, 0.999793, -0.0201915, -0.000483068, 0.0201903, 0.999796, 0.00299291  
193, 6.76827, 68.8038, 179.202, 0.999995, 0.00299097, -0.000471287, -0.00299714, 0.999902, -0.0136905, 0.000430293, 0.0136918, 0.999906, 0.00285949  
194, 6.80924, 70.5945, 179.133, 0.999991, 0.00406139, -0.00154169, -0.00407237, 0.999966, -0.00718298, 0.00151246, 0.00718919, 0.999973, 0.00284978  
195, 6.83931, 72.3267, 179.164, 0.999988, 0.00435153, -0.00219659, -0.00436395, 0.999974, -0.00568065, 0.00217181, 0.00569017, 0.999981, 0.0029011  
196, 6.8898, 74.0532, 179.137, 0.999988, 0.00431252, -0.00247825, -0.00432147, 0.999984, -0.00361837, 0.00246261, 0.00362903, 0.99999, 0.00292218  
197, 6.95567, 75.6367, 179.302, 0.999996, 0.00295584, 0.000247111, -0.00295478, 0.999987, -0.00418326, -0.000259473, 0.00418251, 0.999991, 0.00290387  
198, 6.99361, 77.181, 179.368, 0.999997, 0.00162262, 0.00161897, -0.00162028, 0.999998, -0.00144631, -0.00162131, 0.00144368, 0.999998, 0.00288196  
199, 6.97043, 78.7254, 179.388, 0.999993, 0.00253999, 0.00266989, -0.00254232, 0.999996, 0.000867592, -0.00266768, -0.000874373, 0.999996, 0.00293383  
200, 6.74456, 80.5416, 179.322, 0.999995, 0.00273354, 0.00152725, -0.00274294, 0.999977, 0.00618576, -0.0015103, -0.00618992, 0.99998, 0.00290054  
201, 6.55486, 82.1735, 179.264, 0.999996, 0.00255964, -0.000707894, -0.00255299, 0.999954, 0.00924341, 0.000731521, -0.00924157, 0.999957, 0.00294298  
202, 6.34447, 83.9724, 179.201, 0.999988, 0.00453177, -0.0017347, -0.00450943, 0.99991, 0.0126722, 0.00179197, -0.0126642, 0.999918, 0.00292301  
203, 6.14932, 85.6641, 179.149, 0.999979, 0.0040913, -0.00507918, -0.00402073, 0.999896, 0.013828, 0.00513523, -0.0138073, 0.999891, 0.0030323  
204, 5.85143, 87.3937, 179.159, 0.999974, 0.00419368, -0.00592043, -0.00409595, 0.999857, 0.0164235, 0.00598846, -0.0163988, 0.999848, 0.00283065  
205, 5.51436, 88.8814, 179.198, 0.999972, 0.00366455, -0.00647513, -0.00357137, 0.999891, 0.0143427, 0.00652698, -0.0143192, 0.999876, 0.00298348  
206, 5.12407, 90.3154, 179.162, 0.999984, 0.00185432, -0.00539962, -0.00176236, 0.999854, 0.0169857, 0.00543033, -0.0169759, 0.999841, 0.00293272  
207, 4.67697, 91.8452, 179.196, 0.999979, -0.00166975, -0.00626581, 0.00181936, 0.999712, 0.0239487, 0.00622402, -0.0239596, 0.999694, 0.00283314  
208, 4.16845, 93.4668, 179.214, 0.999965, -0.0012291, -0.00830969, 0.00142929, 0.999708, 0.0241276, 0.00827761, -0.0241386, 0.999674, 0.00286282  
209, 3.62702, 95.0487, 179.177, 0.999954, -0.00131966, -0.00950568, 0.00159741, 0.99957, 0.0292716, 0.00946297, -0.0292855, 0.999526, 0.00295907  
210, 3.0368, 96.4962, 179.169, 0.999901, -0.000872773, -0.0140199, 0.00126789, 0.999602, 0.0281986, 0.0139897, -0.0282136, 0.999504, 0.00291275  
211, 2.44367, 98.1094, 179.14, 0.99985, -0.00121509, -0.0172811, 0.00181377, 0.999397, 0.0346708, 0.0172285, -0.0346969, 0.999249, 0.00295935  
212, 1.9166, 99.5266, 179.075, 0.99979, -0.00126452, -0.0204302, 0.00196851, 0.999404, 0.034475, 0.0203745, -0.034508, 0.999197, 0.00304034  
213, 1.35081, 101.059, 179.095, 0.999729, -0.00162642, -0.0232332, 0.00247371, 0.999331, 0.0364869, 0.0231583, -0.0365345, 0.999064, 0.00277711  
214, 0.952369, 102.383, 179.101, 0.999654, -0.000555126, -0.0263023, 0.00152944, 0.999313, 0.0370371, 0.0262637, -0.0370645, 0.998968, 0.0029072  
215, 0.42173, 103.978, 179.111, 0.999627, -0.00118741, -0.0272824, 0.00232892, 0.999121, 0.0418471, 0.0272088, -0.041895, 0.998751, 0.00291719  
216, 0.0221074, 105.383, 179.092, 0.999564, -0.00145667, -0.0294803, 0.00278116, 0.998986, 0.0449372, 0.0293849, -0.0449996, 0.998555, 0.00280318  
217, -0.431549, 106.761, 179.139, 0.999563, -0.000789787, -0.0295502, 0.00212839, 0.998971, 0.0452953, 0.0294841, -0.0453384, 0.998536, 0.00305699  
218, -0.794701, 108.007, 179.073, 0.999497, -0.000428652, -0.0317205, 0.00182613, 0.999028, 0.0440401, 0.0316707, -0.0440759, 0.998526, 0.00291109  
219, -1.23563, 109.4, 179.083, 0.99947, -0.000521293, -0.0325486, 0.00198271, 0.99899, 0.0448834, 0.0324923, -0.0449241, 0.998462, 0.00289749  
220, -1.5376, 110.769, 179.007, 0.999406, -0.000376935, -0.0344477, 0.00192397, 0.99899, 0.0448876, 0.034396, -0.0449272, 0.998398, 0.00277461  
221, -1.50866, 111.624, 178.942, 0.991365, -0.105935, -0.077282, -0.108048, -0.993864, -0.0236777, -0.0742995, 0.0318234, -0.996728, 0.00287475  
222, -1.72088, 112.749, 178.931, 0.991588, -0.104868, -0.0758735, -0.106866, -0.994013, -0.0227591, -0.0730325, 0.030676, -0.996858, 0.00280263  
223, -1.85646, 114.118, 178.926, 0.991781, -0.105316, -0.0726523, -0.107164, -0.993998, -0.0220105, -0.0698982, 0.0296153, -0.997114, 0.00295935  
224, -2.01081, 115.513, 178.945, 0.991715, -0.105164, -0.0737699, -0.107406, -0.993846, -0.0271052, -0.0704654, 0.0348039, -0.996907, 0.00287114  
225, -2.42467, 117.096, 179.061, 0.999147, -0.00299754, -0.0411908, 0.00472232, 0.999113, 0.0418396, 0.0410289, -0.0419984, 0.998275, 0.00292024  
226, -2.49182, 118.262, 179.108, 0.999141, -0.00338352, -0.0412991, 0.00497631, 0.999245, 0.0385256, 0.0411375, -0.038698, 0.998404, 0.00274882  
227, -2.44346, 119.478, 179.148, 0.999101, -0.00463257, -0.042137, 0.00621205, 0.99928, 0.0374311, 0.0419333, -0.0376592, 0.99841, 0.00307862  
228, -2.39889, 120.709, 179.163, 0.999182, -0.00254268, -0.0403567, 0.00410492, 0.999243, 0.0386753, 0.0402278, -0.0388093, 0.998437, 0.00278765  
229, -2.22993, 121.896, 179.221, 0.999225, -0.00150045, -0.0393274, 0.00283225, 0.999424, 0.0338305, 0.039254, -0.0339157, 0.998654, 0.00288362  
230, -2.10222, 122.995, 179.169, 0.999258, -0.000823587, -0.0385137, 0.00212873, 0.999424, 0.033859, 0.0384637, -0.0339158, 0.998684, 0.00280318  
231, -1.92893, 124.171, 179.186, 0.999324, -0.000127445, -0.036769, 0.00129583, 0.999495, 0.0317544, 0.0367464, -0.0317806, 0.998819, 0.00284978  
232, -1.71267, 125.314, 179.163, 0.999364, 0.00090613, -0.0356558, 0.000150745, 0.999561, 0.0296272, 0.035667, -0.0296137, 0.998925, 0.00304478  
233, -1.37741, 126.449, 179.189, 0.999434, 0.000146394, -0.0336257, 0.000707058, 0.999678, 0.0253677, 0.0336186, -0.0253771, 0.999113, 0.00284119  
234, -1.06235, 127.436, 179.227, 0.999497, -0.000505377, -0.0317174, 0.0012448, 0.999728, 0.0232974, 0.031697, -0.0233252, 0.999225, 0.00287697  
235, -0.715869, 128.615, 179.245, 0.99956, -0.00291339, -0.0295141, 0.00355695, 0.999757, 0.021776, 0.0294435, -0.0218714, 0.999327, 0.00280429  
236, -0.368267, 129.75, 179.267, 0.999622, -0.00339643, -0.0272818, 0.00392012, 0.999809, 0.0191649, 0.0272115, -0.0192646, 0.999444, 0.00289028  
237, 0.048061, 130.474, 179.318, 0.999663, -0.00199521, -0.0258685, 0.00228548, 0.999935, 0.0111962, 0.0258445, -0.0112516, 0.999603, 0.00289139  
238, 0.3087, 131.593, 179.332, 0.999719, -0.00303997, -0.0235145, 0.00334389, 0.999911, 0.012896, 0.0234732, -0.012971, 0.99964, 0.00294326  
239, 0.686913, 132.433, 179.427, 0.999697, -0.00253224, -0.0244718, 0.00284506, 0.999915, 0.0127565, 0.0244374, -0.0128222, 0.999619, 0.00292967  
240, 1.07244, 133.377, 179.376, 0.999802, -0.00118211, -0.0198653, 0.00143419, 0.999919, 0.0126802, 0.0198487, -0.0127061, 0.999722, 0.00277628  
241, 1.44709, 134.354, 179.385, 0.999835, -0.00327518, -0.0178677, 0.00350876, 0.999909, 0.0130571, 0.0178233, -0.0131177, 0.999755, 0.00299319  
242, 1.80318, 135.248, 179.354, 0.99988, -0.00384965, -0.0150342, 0.00400863, 0.999936, 0.0105585, 0.0149926, -0.0106175, 0.999831, 0.00306919  
243, 2.20544, 136.429, 179.384, 0.999903, -0.00311345, -0.0135528, 0.00325315, 0.999942, 0.0102982, 0.0135199, -0.0103413, 0.999855, 0.00279514  
244, 2.59561, 137.348, 179.388, 0.999924, -0.00352235, -0.0117988, 0.00358221, 0.999981, 0.00505605, 0.0117808, -0.00509793, 0.999918, 0.00292107  
245, 3.05596, 138.331, 179.468, 0.99992, -0.00257139, -0.0124158, 0.00258737, 0.999996, 0.00127091, 0.0124125, -0.00130293, 0.999922, 0.00277489  
246, 3.45096, 139.386, 179.5, 0.999942, -0.0028804, -0.0103598, 0.00288805, 0.999996, 0.000723298, 0.0103577, -0.000753176, 0.999946, 0.0030384  
247, 3.81543, 140.476, 179.518, 0.999959, -0.00404804, -0.00812092, 0.00404883, 0.999992, 8.09293e-005, 0.00812052, -0.000113806, 0.999967, 0.0030531  
248, 4.32355, 141.044, 179.551, 0.999981, -0.00265788, -0.00556542, 0.00260618, 0.999954, -0.0092766, 0.00558982, 0.00926192, 0.999941, 0.0028312  
249, 4.68757, 142.157, 179.517, 0.999996, -0.00288737, -0.000436341, 0.00288403, 0.999968, -0.00746666, 0.000457886, 0.00746537, 0.999972, 0.00270777  
250, 5.07682, 143.055, 179.481, 0.999998, -0.000872301, 0.00177548, 0.000893884, 0.999925, -0.0121916, -0.00176471, 0.0121932, 0.999924, 0.00277905  
251, 5.53631, 144.005, 179.436, 0.999991, -0.00113557, 0.00410271, 0.00119207, 0.999904, -0.0137965, -0.00408665, 0.0138013, 0.999896, 0.00287974  
252, 5.9686, 144.802, 179.388, 0.999983, 0.000397117, 0.00581719, -0.000265116, 0.999743, -0.0226747, -0.0058247, 0.0226728, 0.999726, 0.00294853  
253, 6.40944, 145.829, 179.378, 0.999977, 0.000796251, 0.00672274, -0.000625162, 0.999677, -0.0254131, -0.0067408, 0.0254084, 0.999654, 0.00282704  
254, 6.68152, 146.902, 179.368, 0.999967, 0.000546657, 0.00813819, -0.000331068, 0.99965, -0.0264688, -0.00814981, 0.0264653, 0.999617, 0.00290748  
255, 6.95848, 147.584, 179.365, 0.999947, 0.00182074, 0.0101669, -0.00145962, 0.999372, -0.0354143, -0.010225, 0.0353976, 0.999321, 0.00284202  
256, 7.20797, 148.69, 179.42, 0.999939, -2.32599e-005, 0.0110238, 0.000412184, 0.999377, -0.0352794, -0.0110161, 0.0352818, 0.999317, 0.00294548  
257, 7.41991, 149.485, 179.488, 0.999934, 0.00137324, 0.0113774, -0.000938618, 0.999273, -0.0381183, -0.0114215, 0.0381051, 0.999208, 0.0029477  
258, 7.53681, 150.295, 179.523, 0.999909, 0.00135985, 0.0134218, -0.000794172, 0.999115, -0.0420619, -0.0134671, 0.0420474, 0.999025, 0.0028226  
259, 7.66789, 151.107, 179.596, 0.999901, -0.000681371, 0.0140194, 0.00125865, 0.99915, -0.0412097, -0.0139794, 0.0412233, 0.999052, 0.00292329  
260, 7.70132, 152.117, 179.555, 0.999858, -0.00194998, 0.0167368, 0.00265734, 0.999099, -0.042346, -0.0166392, 0.0423845, 0.998963, 0.00282427  
261, 7.75761, 152.902, 179.607, 0.999839, -0.00340973, 0.0175948, 0.00416612, 0.999061, -0.0431333, -0.0174312, 0.0431997, 0.998914, 0.00295047  
262, 7.74594, 153.922, 179.612, 0.99986, -0.00227702, 0.0165812, 0.00312104, 0.998691, -0.0510558, -0.0164432, 0.0511004, 0.998558, 0.00301649  
263, 7.66011, 154.849, 179.631, 0.999862, -0.00257969, 0.0164346, 0.0034189, 0.99868, -0.0512424, -0.0162807, 0.0512915, 0.998551, 0.00282205  
264, 7.58013, 155.868, 179.584, 0.999869, 0.00136423, 0.0161521, -0.00048106, 0.998511, -0.0545564, -0.0162025, 0.0545414, 0.99838, 0.0028434  
265, 7.36971, 156.827, 179.518, 0.999858, 0.00454958, 0.0162121, -0.00360252, 0.998312, -0.0579747, -0.0164485, 0.0579081, 0.998186, 0.00285922  
266, 7.08643, 157.901, 179.493, 0.99979, 0.00615113, 0.0195319, -0.00502865, 0.998361, -0.0570073, -0.0198506, 0.0568971, 0.998183, 0.0029305  
267, 6.87784, 159.083, 179.455, 0.999862, 0.00497695, 0.0158597, -0.00402646, 0.998226, -0.0594097, -0.0161272, 0.0593376, 0.998108, 0.00296323  
268, 6.50821, 160.304, 179.5, 0.999886, 0.00532784, 0.0141307, -0.00444334, 0.998072, -0.0619027, -0.0144333, 0.0618328, 0.997982, 0.00282621  
269, 6.1169, 161.447, 179.494, 0.999928, 0.00343728, 0.0115317, -0.00266124, 0.997773, -0.0666494, -0.0117352, 0.0666139, 0.99771, 0.00296101  
270, 5.80687, 162.702, 179.569, 0.999983, 0.00208341, 0.00545758, -0.00169254, 0.997498, -0.0706692, -0.00559116, 0.0706587, 0.997485, 0.00289028  
271, 5.30432, 163.815, 179.59, 0.999965, 0.0031059, 0.0077272, -0.00256339, 0.997596, -0.0692524, -0.00792371, 0.0692301, 0.997569, 0.00293466  
272, 4.87793, 165.006, 179.559, 0.999978, 0.00255504, 0.00618301, -0.00209692, 0.99733, -0.0729971, -0.00635301, 0.0729825, 0.997313, 0.00302426  
273, 4.39442, 166.236, 179.543, 0.999992, 0.00273619, 0.00308159, -0.00250327, 0.997314, -0.0732033, -0.00327361, 0.073195, 0.997312, 0.00289278  
274, 3.82792, 167.578, 179.536, 0.999996, 0.00272325, 0.000503156, -0.00268016, 0.997422, -0.0717076, -0.000697137, 0.071706, 0.997426, 0.00283453  
