0, 0, 0, 0, 0, 0, 0, 0, 0, 0, 0, 0, 0, 0.00664155  
1, 3.34724, -7.44082, 179.398, 0.99969, -0.00207251, -0.0247983, 0.00172825, 0.999902, -0.0138958, 0.0248247, 0.0138487, 0.999596, 0.00273883  
2, 3.36375, -7.42386, 179.37, 0.999688, -0.00183166, -0.0249087, 0.00149306, 0.999906, -0.0136054, 0.0249312, 0.013564, 0.999597, 0.00301316  
3, 3.35593, -7.40547, 179.4, 0.999683, -0.0016549, -0.025117, 0.00128362, 0.99989, -0.0147908, 0.0251387, 0.0147539, 0.999575, 0.00290443  
4, 3.3468, -7.43411, 179.405, 0.999706, -0.00236974, -0.0241291, 0.0020467, 0.999908, -0.0134038, 0.0241587, 0.0133505, 0.999619, 0.00304977  
5, 3.36052, -7.4144, 179.367, 0.999718, -0.00141384, -0.0236839, 0.00109112, 0.999906, -0.0136337, 0.023701, 0.013604, 0.999627, 0.00300623  
6, 3.36053, -7.42351, 179.373, 0.999746, -0.00165639, -0.022477, 0.00138747, 0.999927, -0.0119746, 0.0224952, 0.0119404, 0.999676, 0.00278959  
7, 3.35141, -7.41146, 179.377, 0.999697, -0.00155512, -0.0245596, 0.00120658, 0.999898, -0.0142002, 0.0245792, 0.0141662, 0.999598, 0.00295602  
8, 3.36475, -7.4145, 179.402, 0.999703, -0.00161897, -0.0243222, 0.00128402, 0.999904, -0.0137804, 0.0243422, 0.0137451, 0.999609, 0.00291247  
9, 3.37026, -7.4406, 179.388, 0.999724, -0.00107271, -0.0234494, 0.000759038, 0.99991, -0.0133813, 0.0234616, 0.0133598, 0.999635, 0.00292495  
10, 3.32484, -7.40897, 179.351, 0.99972, -0.000964685, -0.0236445, 0.000678157, 0.999926, -0.0121232, 0.0236544, 0.0121038, 0.999647, 0.00303202  
11, 3.32266, -7.40045, 179.349, 0.999708, -0.00122971, -0.0241136, 0.000923888, 0.999919, -0.0126896, 0.0241273, 0.0126636, 0.999629, 0.00278821  
12, 3.34127, -7.36858, 179.366, 0.999692, -0.00130309, -0.0248033, 0.000964031, 0.999906, -0.0136771, 0.0248188, 0.013649, 0.999599, 0.00277489  
13, 3.35127, -7.35385, 179.398, 0.999718, -0.00196378, -0.0236491, 0.00169385, 0.999933, -0.0114288, 0.02367, 0.0113855, 0.999655, 0.00277767  
14, 3.31348, -7.37125, 179.359, 0.999715, -0.00117762, -0.0238583, 0.000849906, 0.999905, -0.0137412, 0.0238722, 0.013717, 0.999621, 0.00304839  
15, 3.36046, -7.31871, 179.349, 0.999695, -0.00118785, -0.0246661, 0.000892406, 0.999928, -0.0119852, 0.0246785, 0.0119596, 0.999624, 0.00287641  
16, 3.34906, -7.33727, 179.34, 0.999692, -0.000740525, -0.0247929, 0.000414893, 0.999914, -0.0131367, 0.0248005, 0.0131223, 0.999606, 0.00280013  
17, 3.35373, -7.36059, 179.374, 0.999692, -0.00195951, -0.024734, 0.00162843, 0.999909, -0.0133984, 0.024758, 0.013354, 0.999604, 0.00276685  
18, 3.35555, -7.34421, 179.361, 0.999687, -0.00178123, -0.0249509, 0.0014542, 0.999913, -0.0131189, 0.0249721, 0.0130785, 0.999603, 0.00277129  
19, 3.35554, -7.3345, 179.368, 0.999724, -0.0015164, -0.0234418, 0.00125694, 0.999938, -0.0110791, 0.0234572, 0.0110466, 0.999664, 0.00287114  
20, 3.36862, -7.31036, 179.378, 0.999702, -0.00171093, -0.0243367, 0.00142462, 0.99993, -0.0117773, 0.0243551, 0.0117391, 0.999634, 0.00294437  
21, 3.36827, -7.31381, 179.374, 0.99968, -0.00183349, -0.0252115, 0.00147657, 0.999899, -0.0141685, 0.0252349, 0.0141268, 0.999582, 0.00276019  
22, 3.36634, -7.31628, 179.373, 0.999715, -0.00196177, -0.0237879, 0.0016933, 0.999935, -0.0113006, 0.0238085, 0.0112571, 0.999653, 0.00277711  
23, 3.36542, -7.32966, 179.402, 0.999712, -0.00211426, -0.0239189, 0.00182502, 0.999925, -0.0121078, 0.0239427, 0.0120607, 0.999641, 0.0027258  
24, 3.36266, -7.32184, 179.378, 0.999705, -0.00191454, -0.0242006, 0.00159561, 0.999912, -0.0131907, 0.0242237, 0.0131482, 0.99962, 0.00282066  
25, 3.35946, -7.33151, 179.389, 0.999715, -0.00189949, -0.0238026, 0.00160874, 0.999924, -0.012228, 0.023824, 0.0121862, 0.999642, 0.00289888  
26, 3.37449, -7.3001, 179.38, 0.999712, -0.00146899, -0.0239684, 0.00119118, 0.999932, -0.0116007, 0.0239838, 0.0115688, 0.999645, 0.00283286  
27, 3.35821, -7.30574, 179.364, 0.999697, -0.00146136, -0.0245651, 0.00118, 0.999934, -0.0114639, 0.0245802, 0.0114314, 0.999632, 0.00288252  
28, 3.38409, -7.31194, 179.341, 0.999689, -0.00125639, -0.0249016, 0.000971715, 0.999934, -0.0114409, 0.0249144, 0.0114131, 0.999624, 0.00292384  
29, 3.36995, -7.31222, 179.37, 0.99969, -0.00182885, -0.0248365, 0.00152033, 0.999922, -0.012435, 0.0248572, 0.0123933, 0.999614, 0.00305754  
30, 3.36899, -7.29773, 179.375, 0.999702, -0.00168014, -0.0243606, 0.00140202, 0.999934, -0.0114296, 0.0243782, 0.0113921, 0.999638, 0.00294992  
31, 3.35792, -7.31529, 179.355, 0.999679, -0.00158592, -0.0252711, 0.00124256, 0.999907, -0.0135969, 0.0252903, 0.0135611, 0.999588, 0.00278155  
32, 3.33905, -7.32588, 179.388, 0.999689, -0.00197144, -0.0248527, 0.0016648, 0.999922, -0.0123526, 0.0248751, 0.0123074, 0.999615, 0.00284257  
33, 3.37071, -7.3211, 179.385, 0.999702, -0.00129213, -0.0243613, 0.00102096, 0.999937, -0.0111405, 0.0243742, 0.0111123, 0.999641, 0.00276685  
34, 3.36537, -7.32887, 179.365, 0.999665, -0.0010685, -0.0258459, 0.000716535, 0.999907, -0.0136232, 0.025858, 0.0136001, 0.999573, 0.00299652  
35, 3.36426, -7.3439, 179.358, 0.999686, -0.001452, -0.0250328, 0.00112517, 0.999914, -0.0130655, 0.0250496, 0.0130332, 0.999601, 0.00279625  
36, 3.35749, -7.35219, 179.358, 0.999687, -0.000667139, -0.0250255, 0.00033029, 0.999909, -0.0134619, 0.0250322, 0.0134495, 0.999596, 0.00277156  
37, 3.34897, -7.34665, 179.342, 0.999684, -0.000840814, -0.0251113, 0.000520294, 0.999918, -0.0127678, 0.0251199, 0.0127507, 0.999603, 0.00288612  
38, 3.3514, -7.37791, 179.378, 0.999688, -0.00200876, -0.0249031, 0.00166651, 0.999904, -0.0137563, 0.0249284, 0.0137105, 0.999595, 0.00288279  
39, 3.3475, -7.34105, 179.359, 0.9997, -0.00171176, -0.0244382, 0.00144078, 0.999937, -0.0111018, 0.0244557, 0.0110633, 0.99964, 0.00299236  
40, 3.34101, -7.36367, 179.357, 0.999697, -0.00121651, -0.0246034, 0.000884684, 0.999909, -0.0134932, 0.0246175, 0.0134673, 0.999606, 0.0029072  
41, 3.34355, -7.3392, 179.346, 0.999685, -0.000476938, -0.0251082, 0.000153702, 0.999917, -0.0128741, 0.0251123, 0.0128662, 0.999602, 0.002852  
42, 3.33901, -7.33768, 179.359, 0.999717, -0.000957195, -0.0237629, 0.000666949, 0.999925, -0.0122192, 0.0237728, 0.0121999, 0.999643, 0.00303369  
43, 3.35544, -7.37797, 179.365, 0.999709, -0.0014485, -0.0240932, 0.00111053, 0.999901, -0.0140352, 0.0241112, 0.0140043, 0.999611, 0.00284757  
44, 3.35148, -7.38916, 179.364, 0.999681, -0.00126165, -0.0252265, 0.000930306, 0.999913, -0.0131423, 0.0252409, 0.0131147, 0.999595, 0.00304977  
45, 3.3441, -7.39107, 179.36, 0.999712, -0.0012208, -0.0239489, 0.000903489, 0.999912, -0.0132558, 0.023963, 0.0132303, 0.999625, 0.00289389  
46, 3.3658, -7.42275, 179.402, 0.99968, -0.00203544, -0.0252307, 0.00167194, 0.999895, -0.0144199, 0.0252573, 0.0143731, 0.999578, 0.00287808  
47, 3.36969, -7.4015, 179.358, 0.999716, -0.00126036, -0.0237839, 0.000934375, 0.999906, -0.0137122, 0.0237989, 0.0136861, 0.999623, 0.0028459  
48, 3.35563, -7.44087, 179.401, 0.999719, -0.00135231, -0.0236621, 0.00104601, 0.999916, -0.0129523, 0.0236776, 0.0129239, 0.999636, 0.00282482  
49, 3.36871, -7.40501, 179.376, 0.999678, -0.00162622, -0.025324, 0.00126117, 0.999895, -0.0144246, 0.0253448, 0.014388, 0.999575, 0.00290138  
50, 3.36174, -7.41756, 179.379, 0.9997, -0.00112616, -0.0244782, 0.000791707, 0.999906, -0.0136689, 0.0244913, 0.0136454, 0.999607, 0.00301843  
51, 3.39208, -7.4322, 179.416, 0.999712, -0.00148804, -0.0239622, 0.00118973, 0.999922, -0.0124584, 0.0239788, 0.0124263, 0.999635, 0.00287114  
52, 3.35027, -7.43668, 179.369, 0.999715, -0.00178878, -0.0237945, 0.00146259, 0.999905, -0.0137188, 0.0238168, 0.0136801, 0.999623, 0.00296406  
53, 3.36269, -7.41156, 179.381, 0.999706, -0.00148413, -0.0242089, 0.00114649, 0.999902, -0.0139549, 0.0242273, 0.0139231, 0.99961, 0.00287614  
54, 3.33789, -7.44087, 179.403, 0.999724, -0.00199084, -0.0234169, 0.00167564, 0.999908, -0.0134723, 0.0234416, 0.0134293, 0.999635, 0.00298515  
55, 3.34977, -7.37471, 179.347, 0.999705, -0.000667016, -0.0242993, 0.000360732, 0.99992, -0.0126068, 0.0243058, 0.0125944, 0.999625, 0.00346445  
56, 3.35677, -7.35141, 179.358, 0.999686, -0.00113261, -0.0250431, 0.000807126, 0.999915, -0.0130034, 0.0250557, 0.0129791, 0.999602, 0.00277933  
57, 3.34894, -7.37049, 179.361, 0.999701, -0.00125659, -0.0244348, 0.000941047, 0.999916, -0.0129208, 0.024449, 0.012894, 0.999618, 0.00292579  
58, 3.34883, -7.39013, 179.406, 0.999682, -0.00128691, -0.0251893, 0.00091431, 0.99989, -0.0147979, 0.0252056, 0.0147702, 0.999573, 0.00322175  
59, 3.34174, -7.38301, 179.391, 0.999685, -0.00161751, -0.0250386, 0.00129124, 0.999914, -0.0130413, 0.0250575, 0.0130049, 0.999601, 0.00302398  
60, 3.34032, -7.37118, 179.36, 0.999707, -0.00184173, -0.0241544, 0.00152792, 0.999914, -0.0130039, 0.0241763, 0.0129632, 0.999624, 0.00305976  
61, 3.35722, -7.31776, 179.364, 0.99968, -0.00144158, -0.025237, 0.00112505, 0.999921, -0.0125521, 0.0252531, 0.0125197, 0.999603, 0.00293965  
62, 3.36173, -7.35855, 179.373, 0.999682, -0.00182691, -0.0251364, 0.00149433, 0.999911, -0.0132434, 0.0251583, 0.0132016, 0.999596, 0.00291025  
63, 3.35603, -7.34103, 179.376, 0.99969, -0.00121668, -0.024858, 0.000906345, 0.999922, -0.0124916, 0.0248712, 0.0124652, 0.999613, 0.00283314  
64, 3.33876, -7.3409, 179.372, 0.999707, -0.00174431, -0.0241542, 0.00144312, 0.999921, -0.0124813, 0.024174, 0.0124428, 0.99963, 0.00266255  
65, 3.37534, -7.31225, 179.348, 0.999678, -0.00157834, -0.0253207, 0.001249, 0.999914, -0.0130171, 0.0253391, 0.0129813, 0.999595, 0.00287392  
66, 3.3604, -7.32822, 179.364, 0.999691, -0.00103325, -0.0248195, 0.000738378, 0.999929, -0.0118869, 0.02483, 0.0118649, 0.999621, 0.00277073  
67, 3.35706, -7.32981, 179.383, 0.999674, -0.00189337, -0.0254515, 0.00155924, 0.999912, -0.0131415, 0.0254742, 0.0130976, 0.99959, 0.00292079  
68, 3.34521, -7.34145, 179.393, 0.999714, -0.00177529, -0.0238458, 0.00149883, 0.999932, -0.0116067, 0.0238648, 0.0115676, 0.999648, 0.00280651  
69, 3.36561, -7.3148, 179.358, 0.999695, -0.00147153, -0.0246564, 0.0011705, 0.999925, -0.0122187, 0.0246725, 0.0121862, 0.999621, 0.00296628  
70, 3.37356, -7.31336, 179.39, 0.999677, -0.00184453, -0.0253336, 0.00153686, 0.999925, -0.0121587, 0.0253541, 0.0121158, 0.999605, 0.00282232  
71, 3.35079, -7.32164, 179.382, 0.999712, -0.0015277, -0.0239595, 0.00127282, 0.999942, -0.0106496, 0.0239744, 0.010616, 0.999656, 0.00283203  
72, 3.35796, -7.30862, 179.374, 0.999722, -0.00138657, -0.0235579, 0.00112158, 0.999936, -0.0112579, 0.023572, 0.0112283, 0.999659, 0.00289444  
73, 3.36089, -7.30518, 179.364, 0.999685, -0.00176049, -0.0250366, 0.00145571, 0.999925, -0.0121861, 0.0250561, 0.0121458, 0.999612, 0.00281761  
74, 3.34496, -7.31756, 179.365, 0.999712, -0.00149642, -0.0239513, 0.00119455, 0.99992, -0.0126125, 0.0239682, 0.0125802, 0.999634, 0.00296712  
75, 3.37942, -7.3274, 179.364, 0.999711, -0.00107573, -0.0240286, 0.000777139, 0.999922, -0.0124323, 0.0240401, 0.01241, 0.999634, 0.00298487  
76, 3.38435, -7.29807, 179.355, 0.999679, -0.000870452, -0.0253238, 0.000540873, 0.999915, -0.0130185, 0.025333, 0.0130006, 0.999595, 0.00292662  
77, 3.35652, -7.29674, 179.351, 0.999703, -0.0016242, -0.0243116, 0.00132004, 0.999921, -0.0125219, 0.02433, 0.0124861, 0.999626, 0.00291164  
78, 3.35699, -7.33692, 179.367, 0.999701, -0.00159795, -0.0243898, 0.0012805, 0.999914, -0.0130256, 0.0244085, 0.0129905, 0.999618, 0.00286809  
79, 3.36154, -7.33539, 179.391, 0.999692, -0.00241626, -0.0246823, 0.00210991, 0.999921, -0.0124302, 0.0247104, 0.0123743, 0.999618, 0.00289084  
80, 3.37349, -7.30905, 179.358, 0.999684, -0.00101115, -0.02511, 0.000698365, 0.999922, -0.0124624, 0.0251207, 0.0124409, 0.999607, 0.00295103  
81, 3.37017, -7.31253, 179.359, 0.999671, -0.000903569, -0.0256323, 0.000596602, 0.999928, -0.0119809, 0.0256413, 0.0119617, 0.9996, 0.00280124  
82, 3.35318, -7.34807, 179.391, 0.999686, -0.00143166, -0.0250291, 0.0011162, 0.99992, -0.012613, 0.0250452, 0.0125811, 0.999607, 0.00290498  
83, 3.35386, -7.34926, 179.369, 0.999704, -0.00154849, -0.0242897, 0.00126451, 0.999931, -0.0117021, 0.0243062, 0.011668, 0.999636, 0.00266311  
84, 3.33592, -7.35998, 179.377, 0.999687, -0.00153681, -0.0249667, 0.00121079, 0.999914, -0.0130683, 0.0249846, 0.013034, 0.999603, 0.00315213  
85, 3.35044, -7.37571, 179.366, 0.999698, -0.00177101, -0.0245231, 0.00146101, 0.999919, -0.0126535, 0.0245435, 0.0126138, 0.999619, 0.00288889  
86, 3.32243, -7.37465, 179.385, 0.999736, -0.00154919, -0.0229361, 0.0012693, 0.999925, -0.0122128, 0.0229533, 0.0121805, 0.999662, 0.00289389  
87, 3.32936, -7.40501, 179.392, 0.999701, -0.00152491, -0.0244227, 0.00119957, 0.99991, -0.0133301, 0.0244409, 0.0132968, 0.999613, 0.00296434  
88, 3.36907, -7.34276, 179.374, 0.999664, -0.00127622, -0.0258808, 0.000938236, 0.999914, -0.0130674, 0.0258952, 0.0130387, 0.99958, 0.00285672  
89, 3.35704, -7.35562, 179.362, 0.999657, -0.00141207, -0.0261529, 0.0010422, 0.999899, -0.0141509, 0.0261703, 0.0141188, 0.999558, 0.00294104  
90, 3.3583, -7.41043, 179.364, 0.999712, -0.00130372, -0.0239451, 0.000967902, 0.999901, -0.0140306, 0.023961, 0.0140034, 0.999615, 0.00301039  
91, 3.36024, -7.38433, 179.388, 0.999711, -0.00145595, -0.0240083, 0.0011439, 0.999915, -0.0130058, 0.0240252, 0.0129746, 0.999627, 0.00291275  
92, 3.35499, -7.38265, 179.362, 0.999711, -0.00142873, -0.0239949, 0.00110746, 0.99991, -0.0133971, 0.0240119, 0.0133667, 0.999622, 0.00288335  
93, 3.34787, -7.40195, 179.386, 0.999723, -0.00133942, -0.0234991, 0.00104702, 0.999922, -0.0124509, 0.0235139, 0.0124228, 0.999646, 0.00268724  
94, 3.36494, -7.3771, 179.368, 0.999678, -0.0012275, -0.0253442, 0.000872014, 0.999901, -0.0140325, 0.0253589, 0.0140059, 0.99958, 0.00303646  
95, 3.35511, -7.41399, 179.369, 0.999699, -0.0015768, -0.0244697, 0.00123193, 0.9999, -0.0141027, 0.0244895, 0.0140683, 0.999601, 0.00301094  
96, 3.34118, -7.41861, 179.389, 0.999717, -0.00201977, -0.0237207, 0.00170958, 0.999913, -0.0130895, 0.0237451, 0.0130453, 0.999633, 0.00279708  
97, 3.37139, -7.34856, 179.346, 0.999669, -0.00132894, -0.0257011, 0.000961676, 0.999897, -0.0142968, 0.0257175, 0.0142674, 0.999567, 0.00287891  
98, 3.37299, -7.39238, 179.35, 0.999725, -0.00098507, -0.0234469, 0.000684791, 0.999918, -0.0128113, 0.0234576, 0.0127917, 0.999643, 0.00287392  
99, 3.37028, -7.38591, 179.363, 0.999692, -0.000513342, -0.0248263, 0.000169986, 0.999904, -0.0138305, 0.024831, 0.013822, 0.999596, 0.00286892  
100, 3.36795, -7.3649, 179.358, 0.999698, -0.00154275, -0.0245135, 0.00121006, 0.999907, -0.0135809, 0.0245322, 0.0135471, 0.999607, 0.00291275  
101, 3.38804, -7.36249, 179.355, 0.999673, -0.00133065, -0.0255365, 0.000988031, 0.999909, -0.0134248, 0.025552, 0.0133952, 0.999584, 0.00293938  
102, 3.35158, -7.37614, 179.341, 0.999695, -0.00121739, -0.0246651, 0.000886409, 0.999909, -0.0134254, 0.0246792, 0.0133994, 0.999606, 0.00296656  
103, 3.34457, -7.35452, 179.347, 0.999709, -0.00149447, -0.0240956, 0.00118663, 0.999918, -0.0127849, 0.0241127, 0.0127526, 0.999628, 0.00273883  
104, 3.37187, -7.3593, 179.356, 0.9997, -0.00148115, -0.0244404, 0.00117105, 0.999919, -0.0126974, 0.0244572, 0.0126649, 0.999621, 0.00289805  
105, 3.36038, -7.36011, 179.363, 0.999673, -0.0014539, -0.0255135, 0.00107846, 0.999891, -0.014723, 0.0255321, 0.0146906, 0.999566, 0.00292357  
106, 3.34301, -7.33184, 179.359, 0.999699, -0.00121342, -0.0244879, 0.000905271, 0.99992, -0.0125907, 0.0245012, 0.0125647, 0.999621, 0.00279403  
107, 3.34083, -7.36056, 179.389, 0.999718, -0.00241832, -0.0236079, 0.00211167, 0.999913, -0.0130058, 0.0236373, 0.0129523, 0.999637, 0.00280457  
108, 3.3556, -7.34227, 179.349, 0.999737, -0.00133834, -0.0229124, 0.00109721, 0.999944, -0.0105331, 0.0229253, 0.0105052, 0.999682, 0.00275631  
109, 3.33863, -7.35734, 179.362, 0.999706, -0.00144576, -0.0241834, 0.00112612, 0.999912, -0.0132259, 0.0242004, 0.0131948, 0.99962, 0.00307113  
110, 3.35614, -7.34389, 179.382, 0.999692, -0.00179255, -0.0247495, 0.00147474, 0.999916, -0.0128533, 0.0247705, 0.0128128, 0.999611, 0.00277656  
111, 3.34199, -7.35015, 179.394, 0.999703, -0.00220958, -0.0242839, 0.0019034, 0.999918, -0.0126243, 0.0243099, 0.0125744, 0.999625, 0.00279819  
112, 3.36182, -7.33214, 179.398, 0.99972, -0.0021886, -0.0235684, 0.00191052, 0.999928, -0.0118148, 0.0235926, 0.0117665, 0.999652, 0.00285949  
113, 3.36602, -7.33425, 179.367, 0.999694, -0.00138489, -0.0246779, 0.00107068, 0.999918, -0.0127413, 0.0246935, 0.012711, 0.999614, 0.00275575  
114, 3.34454, -7.32496, 179.381, 0.999727, -0.0017737, -0.0233174, 0.00150425, 0.999932, -0.0115679, 0.0233364, 0.0115296, 0.999661, 0.00292301  
115, 3.35908, -7.31903, 179.394, 0.999697, -0.00142431, -0.0245563, 0.00111054, 0.999918, -0.0127866, 0.0245725, 0.0127554, 0.999617, 0.00292967  
116, 3.35507, -7.30727, 179.363, 0.999685, -0.0013917, -0.0250396, 0.00110216, 0.999932, -0.0115735, 0.025054, 0.0115423, 0.999619, 0.00282843  
117, 3.34286, -7.34296, 179.37, 0.999722, -0.00179614, -0.0234973, 0.00149735, 0.999918, -0.0127277, 0.0235182, 0.012689, 0.999643, 0.0028753  
118, 3.36359, -7.32131, 179.392, 0.999697, -0.00141441, -0.0245841, 0.0010846, 0.999909, -0.0134237, 0.0246008, 0.0133929, 0.999608, 0.00281289  
119, 3.35503, -7.32662, 179.376, 0.999705, -0.00152403, -0.0242341, 0.00123625, 0.999929, -0.0118857, 0.0242505, 0.0118522, 0.999636, 0.00298958  
120, 3.344, -7.33154, 179.397, 0.999711, -0.00242444, -0.0239237, 0.00213416, 0.999924, -0.0121515, 0.0239514, 0.012097, 0.99964, 0.00281345  
121, 3.35906, -7.32047, 179.349, 0.999695, -0.000842962, -0.0246634, 0.000539178, 0.999924, -0.0123212, 0.0246719, 0.0123042, 0.99962, 0.00288279  
122, 3.37178, -7.31483, 179.367, 0.999688, -0.0017635, -0.02493, 0.00145884, 0.999924, -0.0122334, 0.0249497, 0.0121932, 0.999614, 0.00278848  
123, 3.34248, -7.34082, 179.394, 0.99973, -0.00169064, -0.0231562, 0.00141515, 0.999928, -0.0119082, 0.0231747, 0.0118722, 0.999661, 0.00282066  
124, 3.33606, -7.33511, 179.365, 0.999717, -0.00161107, -0.0237366, 0.00130541, 0.999916, -0.0128872, 0.0237554, 0.0128526, 0.999635, 0.00305338  
125, 3.35977, -7.31894, 179.365, 0.999689, -0.00116313, -0.024927, 0.000858296, 0.999925, -0.0122365, 0.0249394, 0.0122112, 0.999614, 0.00293522  
126, 3.34981, -7.40653, 179.389, 0.999706, -0.00233461, -0.0241341, 0.0020003, 0.999902, -0.013867, 0.0241641, 0.0138146, 0.999613, 0.00289278  
127, 3.36213, -7.38876, 179.38, 0.999694, -0.00214354, -0.0246371, 0.00176745, 0.999882, -0.0152766, 0.0246669, 0.0152284, 0.99958, 0.00291441  
128, 3.35507, -7.41676, 179.388, 0.999698, -0.00240666, -0.0244525, 0.00202564, 0.999876, -0.0155948, 0.024487, 0.0155405, 0.999579, 0.00282593  
129, 3.32894, -7.5054, 179.404, 0.999723, -0.00197761, -0.0234625, 0.00161584, 0.99988, -0.015428, 0.0234902, 0.0153858, 0.999606, 0.00298653  
130, 3.33795, -7.53634, 179.395, 0.999691, -0.00154847, -0.0248026, 0.00108339, 0.999824, -0.0187539, 0.0248273, 0.0187212, 0.999516, 0.00296185  
131, 3.32037, -7.65624, 179.411, 0.999732, -0.00178173, -0.0230654, 0.00131667, 0.999796, -0.0201622, 0.0230966, 0.0201265, 0.999531, 0.0028545  
132, 3.30456, -7.74425, 179.408, 0.999751, -0.00177916, -0.0222263, 0.00129407, 0.999761, -0.0218207, 0.0222598, 0.0217865, 0.999515, 0.00289583  
133, 3.32022, -7.78644, 179.439, 0.999731, -0.00186018, -0.0231035, 0.00129465, 0.9997, -0.0244688, 0.0231421, 0.0244324, 0.999434, 0.00283453  
134, 3.31582, -7.84826, 179.42, 0.999749, -0.00215936, -0.0223205, 0.00156823, 0.999648, -0.0264675, 0.0223698, 0.0264258, 0.9994, 0.0029735  
135, 3.29879, -7.87413, 179.422, 0.999724, -0.00125392, -0.023466, 0.000592205, 0.999603, -0.0281848, 0.0234921, 0.0281631, 0.999327, 0.00296434  
136, 3.27363, -7.99654, 179.481, 0.99975, -0.00154552, -0.02232, 0.000871441, 0.999544, -0.0301787, 0.0223564, 0.0301517, 0.999295, 0.00292634  
137, 3.23588, -8.03144, 179.49, 0.999739, -0.00264448, -0.0226741, 0.00189812, 0.999458, -0.0328754, 0.0227487, 0.0328238, 0.999202, 0.00288695  
138, 3.25362, -8.00481, 179.447, 0.999704, -0.00151001, -0.0242691, 0.000663947, 0.999393, -0.034832, 0.024307, 0.0348056, 0.999098, 0.00280984  
139, 3.20673, -8.07754, 179.456, 0.999735, -0.00182289, -0.0229335, 0.0010116, 0.999375, -0.035338, 0.0229836, 0.0353054, 0.999112, 0.00290304  
140, 3.19303, -8.14136, 179.524, 0.999747, -0.00321878, -0.0222525, 0.00235595, 0.999248, -0.0386927, 0.0223604, 0.0386305, 0.999003, 0.00276907  
141, 3.1825, -8.16967, 179.486, 0.999741, -0.00214104, -0.0226615, 0.00123435, 0.999201, -0.0399487, 0.0227289, 0.0399104, 0.998945, 0.00255049  
142, 3.17293, -8.24607, 179.49, 0.999733, -0.00214271, -0.0230282, 0.00110603, 0.998989, -0.0449365, 0.0231012, 0.044899, 0.998724, 0.00298043  
143, 3.16153, -8.30168, 179.507, 0.999728, -0.00243115, -0.0231928, 0.00132701, 0.99887, -0.0475042, 0.0232821, 0.0474605, 0.998602, 0.00285838  
144, 3.13962, -8.30824, 179.485, 0.999756, -0.00210545, -0.0219808, 0.00104086, 0.998831, -0.0483323, 0.0220569, 0.0482976, 0.998589, 0.00291247  
145, 3.12196, -8.35532, 179.455, 0.999766, -0.00200576, -0.0215499, 0.000876671, 0.998632, -0.0522763, 0.0216253, 0.0522451, 0.9984, 0.00286587  
146, 3.0844, -8.38646, 179.474, 0.999753, -0.00308501, -0.0220091, 0.00185405, 0.998444, -0.0557324, 0.0221468, 0.0556778, 0.998203, 0.00285838  
147, 3.05971, -8.46153, 179.505, 0.999761, -0.00364806, -0.0215704, 0.00240981, 0.998362, -0.057155, 0.0217436, 0.0570893, 0.998132, 0.00293522  
148, 3.03719, -8.47622, 179.527, 0.999775, -0.00405818, -0.0208056, 0.00278382, 0.998139, -0.0609179, 0.0210141, 0.0608463, 0.997926, 0.00290193  
149, 3.00691, -8.52648, 179.493, 0.999797, -0.0039047, -0.0197675, 0.00266417, 0.998048, -0.0623977, 0.0199725, 0.0623324, 0.997856, 0.00309083  
150, 2.98803, -8.61037, 179.542, 0.999819, -0.00494324, -0.0183966, 0.00371627, 0.997803, -0.0661416, 0.0186831, 0.0660612, 0.997641, 0.00287946  
151, 2.99404, -8.62813, 179.537, 0.999841, -0.00584843, -0.0168637, 0.00470879, 0.997752, -0.0668444, 0.0172168, 0.0667543, 0.997621, 0.00281178  
152, 2.96883, -8.58699, 179.502, 0.999828, -0.00439983, -0.0180346, 0.00309422, 0.997415, -0.0717936, 0.0183038, 0.0717254, 0.997256, 0.00293161  
153, 2.94029, -8.6193, 179.529, 0.999847, -0.00550444, -0.0165981, 0.00427902, 0.997324, -0.0729806, 0.0169554, 0.0728984, 0.997195, 0.00284812  
154, 2.88447, -8.70437, 179.514, 0.999854, -0.00596776, -0.016041, 0.00471764, 0.99703, -0.0768708, 0.0164521, 0.0767838, 0.996912, 0.00299763  
155, 2.9385, -8.70825, 179.465, 0.999868, -0.00471577, -0.0155527, 0.0034413, 0.99671, -0.0809769, 0.0158834, 0.0809127, 0.996595, 0.00298875  
156, 2.96573, -8.72343, 179.448, 0.999841, -0.00411369, -0.0173591, 0.00262094, 0.996364, -0.0851551, 0.0176463, 0.0850961, 0.996216, 0.00288917  
157, 2.94044, -8.76016, 179.426, 0.999876, -0.00477303, -0.015004, 0.00347016, 0.996316, -0.0856917, 0.0153577, 0.085629, 0.996209, 0.00288862  
158, 2.96047, -8.75299, 179.38, 0.999882, -0.00449583, -0.0146982, 0.00316148, 0.995975, -0.0895777, 0.0150417, 0.0895207, 0.995871, 0.00287891  
159, 2.97935, -8.69755, 179.402, 0.999863, -0.00467252, -0.0158717, 0.0031666, 0.995604, -0.0936135, 0.0162393, 0.0935505, 0.995482, 0.0029649  
160, 3.01643, -8.64499, 179.352, 0.999882, -0.00348086, -0.0149832, 0.00204398, 0.995488, -0.0948675, 0.0152458, 0.0948256, 0.995377, 0.00292773  
161, 3.03383, -8.75344, 179.337, 0.999906, -0.00392287, -0.0131224, 0.00259008, 0.994976, -0.100082, 0.0134491, 0.100039, 0.994893, 0.00293106  
162, 3.09285, -8.80985, 179.315, 0.999882, -0.00256803, -0.0151192, 0.000926311, 0.994193, -0.107606, 0.0153077, 0.10758, 0.994079, 0.00290637  
163, 3.12637, -8.67065, 179.296, 0.9999, -0.00368653, -0.01363, 0.00219686, 0.994177, -0.107735, 0.0139478, 0.107694, 0.994086, 0.00283259  
164, 3.19125, -8.73509, 179.237, 0.99992, -0.00286292, -0.012304, 0.00145915, 0.993637, -0.11262, 0.0125481, 0.112593, 0.993562, 0.00309166  
165, 3.26515, -8.57866, 179.245, 0.999913, -0.00269792, -0.0129003, 0.00120102, 0.993404, -0.114664, 0.0131246, 0.114639, 0.993321, 0.00293189  
166, 3.35507, -8.46887, 179.254, 0.999907, -0.00183897, -0.013527, 0.000207795, 0.992821, -0.119611, 0.0136499, 0.119597, 0.992729, 0.00286254  
167, 3.40107, -8.35326, 179.256, 0.999927, -0.00199917, -0.0119459, 0.000517377, 0.992434, -0.122779, 0.0121009, 0.122764, 0.992362, 0.00294298  
168, 3.63813, -8.03472, 179.239, 0.999914, -0.00139677, -0.0130384, -0.00034022, 0.991213, -0.132278, 0.0131086, 0.132271, 0.991127, 0.00273107  
169, 3.88692, -7.51885, 179.238, 0.999932, -0.00132152, -0.0116038, -0.000287167, 0.990495, -0.13755, 0.0116753, 0.137544, 0.990427, 0.00268142  
170, 3.98467, -7.21848, 179.271, 0.999922, -0.000246857, -0.012466, -0.00150001, 0.990161, -0.139926, 0.0123779, 0.139934, 0.990083, 0.00282121  
171, 4.09694, -6.89692, 179.257, 0.999937, -0.00108162, -0.0112024, -0.00051874, 0.989884, -0.141878, 0.0112426, 0.141875, 0.989821, 0.00286476  
172, 4.25784, -6.52521, 179.251, 0.999948, -0.000161255, -0.0102448, -0.00133058, 0.989366, -0.145444, 0.0101593, 0.14545, 0.989313, 0.00321953  
173, 4.37619, -6.08539, 179.258, 0.999947, 0.000101421, -0.0102658, -0.0016164, 0.989034, -0.147676, 0.0101382, 0.147685, 0.988983, 0.00288917  
174, 4.51446, -5.61271, 179.28, 0.999951, -0.000461274, -0.00992958, -0.00104083, 0.988573, -0.150739, 0.00988565, 0.150742, 0.988524, 0.00286809  
175, 4.71878, -4.99659, 179.271, 0.999938, 0.000747285, -0.0111005, -0.00244668, 0.988086, -0.15388, 0.0108532, 0.153898, 0.988027, 0.00294548  
176, 4.87237, -4.3752, 179.263, 0.999956, 0.000697003, -0.00933462, -0.00213555, 0.987912, -0.155001, 0.00911374, 0.155014, 0.98787, 0.002895  
177, 5.03732, -3.81043, 179.265, 0.99996, -1.256e-005, -0.00892291, -0.00140199, 0.987357, -0.158506, 0.00881208, 0.158512, 0.987318, 0.00286865  
178, 5.26133, -2.99717, 179.242, 0.999969, -0.00102591, -0.00777082, -0.000221538, 0.987302, -0.158852, 0.00783512, 0.158849, 0.987272, 0.00267115  
179, 5.40022, -2.18655, 179.251, 0.999992, 0.00032991, -0.00404949, -0.000962512, 0.987562, -0.157229, 0.00394725, 0.157232, 0.987554, 0.0028986  
180, 5.58514, -1.30007, 179.263, 0.999989, 0.000128472, -0.00474538, -0.000885862, 0.987124, -0.159952, 0.00466374, 0.159954, 0.987113, 0.00275936  
181, 5.66834, -0.33717, 179.278, 0.999994, 0.00134533, -0.00318706, -0.00183489, 0.987281, -0.158975, 0.00293265, 0.15898, 0.987277, 0.0027147  
182, 5.75053, 0.763806, 179.283, 0.999987, 0.00143171, -0.00482342, -0.00219015, 0.986933, -0.161114, 0.00452973, 0.161122, 0.986924, 0.00287614  
183, 5.78995, 1.75695, 179.254, 0.999984, 0.00234322, -0.00515689, -0.00314758, 0.986791, -0.16197, 0.00470924, 0.161984, 0.986782, 0.00280762  
184, 5.78097, 2.74768, 179.257, 0.999984, 0.00312763, -0.00474025, -0.00385035, 0.986935, -0.161072, 0.00417454, 0.161087, 0.986931, 0.00274799  
185, 5.70167, 4.06758, 179.327, 0.999988, 0.00256688, -0.0041978, -0.00319808, 0.987427, -0.158045, 0.00373934, 0.158056, 0.987423, 0.00300012  
186, 5.62849, 5.30752, 179.353, 0.999979, 0.00366745, -0.00537767, -0.00447067, 0.987444, -0.157907, 0.00473103, 0.157927, 0.987439, 0.00272607  
187, 5.44364, 6.59611, 179.334, 0.999989, 0.00376903, -0.0027323, -0.00414288, 0.988205, -0.15308, 0.00212311, 0.15309, 0.98821, 0.00285256  
188, 5.20272, 7.932, 179.304, 0.999981, 0.00420618, -0.0044248, -0.00482921, 0.988397, -0.151815, 0.0037349, 0.151833, 0.988399, 0.00278737  
189, 4.9436, 9.37108, 179.307, 0.999964, 0.00302293, -0.0079049, -0.00419126, 0.988335, -0.15224, 0.00735248, 0.152268, 0.988312, 0.00274854  
190, 4.55768, 10.8591, 179.284, 0.999965, 0.00277665, -0.00784494, -0.00390428, 0.989039, -0.147601, 0.00734912, 0.147627, 0.989016, 0.00273856  
191, 4.15299, 12.4, 179.239, 0.999962, 0.00194753, -0.00851249, -0.00312406, 0.99008, -0.140468, 0.00815449, 0.140489, 0.990049, 0.00297377  
192, 3.76514, 13.9881, 179.176, 0.999933, 0.00192185, -0.0114409, -0.00348761, 0.990363, -0.138454, 0.0110646, 0.138484, 0.990303, 0.00282648  
193, 3.33701, 15.6357, 179.179, 0.999924, 0.00191218, -0.0121765, -0.00350791, 0.991189, -0.132411, 0.0118161, 0.132444, 0.99112, 0.00256603  
194, 2.89333, 17.3637, 179.184, 0.999914, 0.00172294, -0.0129693, -0.00337326, 0.991726, -0.128325, 0.0126409, 0.128358, 0.991647, 0.00294243  
195, 2.39823, 19.0253, 179.199, 0.999896, 0.00139729, -0.0143517, -0.00321042, 0.991884, -0.127103, 0.0140577, 0.127135, 0.991786, 0.00284396  
196, 1.89714, 20.6726, 179.257, 0.999881, 0.00127042, -0.015367, -0.00314443, 0.992457, -0.12255, 0.0150954, 0.122584, 0.992343, 0.00274688  
197, 1.5005, 22.486, 179.258, 0.999788, 0.00238161, -0.0204648, -0.00482687, 0.992728, -0.120282, 0.0200295, 0.120356, 0.992529, 0.00312661  
198, 1.1415, 24.3222, 179.279, 0.999761, 0.00209559, -0.0217592, -0.00460012, 0.993274, -0.115699, 0.0213704, 0.115772, 0.993046, 0.00291497  
199, 0.711298, 26.0181, 179.294, 0.999799, 0.000567515, -0.0200292, -0.00269989, 0.994299, -0.106598, 0.0198545, 0.10663, 0.9941, 0.00278099  
200, 0.24331, 28.0159, 179.337, 0.99978, -0.00157629, -0.020906, -0.000567699, 0.994769, -0.102153, 0.0209576, 0.102143, 0.994549, 0.00278904  
201, -0.178971, 30.0701, 179.379, 0.999727, -0.0026645, -0.0232149, 0.000409495, 0.995323, -0.0966038, 0.0233638, 0.0965679, 0.995052, 0.00276879  
202, -0.590345, 31.9688, 179.41, 0.999709, -0.00273157, -0.0239594, 0.000432884, 0.995436, -0.0954259, 0.0241107, 0.0953878, 0.995148, 0.00295241  
203, -1.00538, 34.0269, 179.316, 0.999714, -0.00162013, -0.0238732, -0.000579286, 0.995774, -0.0918354, 0.0239211, 0.0918229, 0.995488, 0.0029416  
204, -1.41274, 36.2062, 179.262, 0.999666, -0.00168719, -0.0257771, -0.00056121, 0.996211, -0.0869695, 0.0258262, 0.086955, 0.995877, 0.00271775  
205, -1.81496, 38.3308, 179.354, 0.999625, -0.00391046, -0.0271115, 0.00186871, 0.997187, -0.0749295, 0.0273283, 0.0748507, 0.99682, 0.00285062  
206, -2.22057, 40.3963, 179.342, 0.999391, -0.00514016, -0.0345255, 0.0025028, 0.997105, -0.0760021, 0.0348162, 0.0758693, 0.99651, 0.00276102  
207, -2.55397, 42.6142, 179.353, 0.999173, -0.00338461, -0.0405098, 0.00035068, 0.997208, -0.0746677, 0.0406495, 0.0745917, 0.996385, 0.0029538  
208, -2.95292, 44.7091, 179.416, 0.999221, -0.005757, -0.0390515, 0.00311639, 0.997725, -0.0673456, 0.0393503, 0.0671714, 0.996965, 0.00280402  
209, -3.30843, 47.0409, 179.452, 0.999312, -0.00485325, -0.0367768, 0.00256017, 0.998064, -0.0621439, 0.0370072, 0.0620069, 0.997389, 0.00289389  
210, -3.66116, 49.3202, 179.573, 0.999302, -0.00654803, -0.0367694, 0.00444373, 0.998363, -0.0570223, 0.0370826, 0.0568191, 0.997696, 0.00284174  
211, -3.93385, 51.5845, 179.558, 0.999231, -0.00892884, -0.0381809, 0.00680687, 0.998444, -0.0553498, 0.0386157, 0.0550473, 0.997737, 0.00285922  
212, -4.2882, 53.9495, 179.458, 0.999292, -0.00938458, -0.0364395, 0.00774119, 0.998958, -0.0449811, 0.0368237, 0.0446672, 0.998323, 0.0028423  
213, -4.47193, 56.245, 179.447, 0.999176, -0.00890234, -0.039596, 0.00732643, 0.999182, -0.0397682, 0.0399176, 0.0394454, 0.998424, 0.00301011  
214, -4.55088, 58.7696, 179.423, 0.999112, -0.0072625, -0.0415108, 0.00602724, 0.999538, -0.0298055, 0.0417081, 0.0295289, 0.998693, 0.002819  
215, -4.58153, 61.0384, 179.461, 0.999103, -0.0069564, -0.0417756, 0.00583138, 0.999619, -0.0269918, 0.0419475, 0.026724, 0.998762, 0.00284923  
216, -4.6037, 63.3268, 179.46, 0.999102, -0.00591724, -0.0419622, 0.00494884, 0.99972, -0.0231445, 0.0420874, 0.0229161, 0.998851, 0.00281539  
217, -4.72521, 65.8939, 179.441, 0.999092, -0.00773023, -0.0418863, 0.00708629, 0.999855, -0.0155001, 0.0420001, 0.0151892, 0.999002, 0.00294132  
218, -4.65418, 68.274, 179.474, 0.999133, -0.00741816, -0.0409639, 0.00696838, 0.999914, -0.0111118, 0.0410428, 0.0108168, 0.999099, 0.00281345  
219, -4.57773, 70.5123, 179.604, 0.998948, -0.00838572, -0.0450733, 0.00793524, 0.999917, -0.0101641, 0.0451548, 0.00979573, 0.998932, 0.00278516  
220, -4.49494, 72.8702, 179.588, 0.999083, -0.00824743, -0.0420231, 0.00834657, 0.999963, 0.00218435, 0.0420035, -0.0025331, 0.999114, 0.00287503  
221, -4.39222, 75.2828, 179.617, 0.999192, -0.00833948, -0.0393209, 0.00885746, 0.999876, 0.0130174, 0.0392074, -0.0133551, 0.999142, 0.00282565  
222, -4.22581, 77.7055, 179.54, 0.9991, -0.0108164, -0.0410234, 0.0113626, 0.99985, 0.0131059, 0.0408755, -0.0135602, 0.999072, 0.00345086  
223, -3.99734, 79.9906, 179.457, 0.999116, -0.00979562, -0.0408808, 0.0102927, 0.999875, 0.0119665, 0.0407585, -0.0123767, 0.999092, 0.00300706  
224, -3.81076, 82.3122, 179.522, 0.999265, -0.00950892, -0.0371376, 0.0101756, 0.99979, 0.0178027, 0.0369605, -0.0181675, 0.999152, 0.002895  
225, -3.78263, 84.8476, 179.457, 0.999349, -0.00978483, -0.0347218, 0.0106295, 0.99965, 0.0242258, 0.0344726, -0.0245791, 0.999103, 0.00289416  
226, -3.68389, 87.2699, 179.373, 0.999404, -0.00994572, -0.0330437, 0.0109248, 0.999503, 0.0295827, 0.032733, -0.0299261, 0.999016, 0.00293938  
227, -3.53243, 89.5394, 179.295, 0.999432, -0.00754036, -0.0328424, 0.00867648, 0.999364, 0.0345891, 0.0325607, -0.0348544, 0.998862, 0.00304423  
228, -3.41198, 91.813, 179.394, 0.999432, -0.00971161, -0.0322822, 0.01099, 0.999153, 0.0396617, 0.0318697, -0.0399939, 0.998692, 0.00282815  
229, -3.07092, 93.9319, 179.523, 0.999477, -0.0111051, -0.03037, 0.012389, 0.999023, 0.0424182, 0.0298693, -0.0427722, 0.998638, 0.00289306  
230, -2.81665, 96.13, 179.535, 0.999563, -0.0116509, -0.0271645, 0.0128871, 0.998868, 0.0457873, 0.0266003, -0.0461173, 0.998582, 0.00284812  
231, -2.54636, 98.4722, 179.48, 0.99961, -0.0106615, -0.0258252, 0.0119795, 0.998605, 0.0514279, 0.0252409, -0.0517172, 0.998343, 0.00285367  
232, -2.21669, 100.73, 179.552, 0.999615, -0.0113935, -0.025308, 0.0128074, 0.998325, 0.0564273, 0.0246227, -0.0567297, 0.998086, 0.00299818  
233, -1.8288, 102.748, 179.527, 0.999682, -0.0108453, -0.0227588, 0.0121778, 0.998169, 0.0592513, 0.0220745, -0.0595097, 0.997984, 0.00288473  
234, -1.50202, 104.806, 179.528, 0.999693, -0.0117915, -0.0217986, 0.0131348, 0.997956, 0.0625452, 0.0210166, -0.0628123, 0.997804, 0.00289999  
235, -1.02704, 106.918, 179.479, 0.999772, -0.009995, -0.018884, 0.0112713, 0.997571, 0.0687369, 0.0181512, -0.0689341, 0.997456, 0.0029366  
236, -0.742615, 109.055, 179.541, 0.999798, -0.00995957, -0.0174336, 0.011159, 0.997477, 0.0701117, 0.0166914, -0.0702921, 0.997387, 0.00284535  
237, -0.435818, 111.119, 179.57, 0.999799, -0.0121781, -0.0159443, 0.0133265, 0.997168, 0.0740199, 0.0149977, -0.0742175, 0.997129, 0.00301122  
238, -0.0869813, 112.912, 179.812, 0.999817, -0.0156568, -0.0110092, 0.016382, 0.997468, 0.069198, 0.00989791, -0.0693657, 0.997542, 0.00285783  
239, 0.198511, 115.094, 179.85, 0.99984, -0.0165245, -0.00686121, 0.0169808, 0.997199, 0.0728469, 0.00563823, -0.0729517, 0.99732, 0.00284368  
240, 0.648534, 116.715, 179.858, 0.999852, -0.0159636, -0.00638002, 0.0163538, 0.99764, 0.0666856, 0.00530042, -0.06678, 0.997754, 0.00290665  
241, 1.08415, 118.664, 179.794, 0.99987, -0.0159207, -0.00274031, 0.0160773, 0.997246, 0.0724041, 0.00158004, -0.0724387, 0.997372, 0.00282205  
242, 1.43529, 120.463, 179.776, 0.999882, -0.0153585, -0.000124367, 0.0153274, 0.997279, 0.0721018, -0.000983344, -0.0720952, 0.997397, 0.00291608  
243, 1.80205, 122.341, 179.74, 0.99987, -0.0160004, 0.00181608, 0.015822, 0.997128, 0.0740598, -0.00299585, -0.0740215, 0.997252, 0.00296712  
244, 2.28458, 123.712, 179.741, 0.999859, -0.0161279, 0.0045936, 0.0157379, 0.997056, 0.0750507, -0.00579048, -0.0749678, 0.997169, 0.00287614  
245, 2.67903, 125.509, 179.698, 0.999865, -0.0157515, 0.00478223, 0.015336, 0.996903, 0.0771263, -0.00598228, -0.0770425, 0.99701, 0.002895  
246, 2.90781, 127.228, 179.603, 0.99987, -0.0151298, 0.00561708, 0.014654, 0.996939, 0.0767981, -0.00676183, -0.0767058, 0.997031, 0.00283286  
247, 3.17832, 128.682, 179.575, 0.999862, -0.0146101, 0.00794422, 0.0139885, 0.997208, 0.0733461, -0.00899364, -0.0732248, 0.997275, 0.00306364  
248, 3.41494, 130.362, 179.598, 0.999855, -0.0146974, 0.00859508, 0.0140186, 0.997136, 0.0743165, -0.00966272, -0.0741853, 0.997198, 0.00286116  
249, 3.59796, 131.839, 179.595, 0.99987, -0.013554, 0.00868387, 0.0128454, 0.996946, 0.0770287, -0.00970139, -0.0769071, 0.996991, 0.00284757  
250, 3.58324, 133.37, 179.687, 0.999795, -0.0161528, 0.0121773, 0.0151919, 0.997049, 0.0752501, -0.0133568, -0.0750497, 0.99709, 0.00288141  
251, 3.71566, 134.587, 179.773, 0.999821, -0.0130039, 0.0137249, 0.0120253, 0.997536, 0.0691228, -0.0145899, -0.0689454, 0.997514, 0.00285866  
252, 3.75753, 136.184, 179.758, 0.999824, -0.0133331, 0.0131942, 0.0123445, 0.997302, 0.0723646, -0.0141234, -0.072189, 0.997291, 0.00309055  
253, 3.72157, 137.549, 179.721, 0.999855, -0.0124208, 0.0116169, 0.011604, 0.997624, 0.0679166, -0.0124329, -0.0677719, 0.997623, 0.0029219  
254, 3.58266, 138.962, 179.684, 0.999881, -0.0118715, 0.00987006, 0.0111703, 0.997603, 0.0682934, -0.0106571, -0.068175, 0.997616, 0.00278183  
255, 3.38102, 140.339, 179.662, 0.999852, -0.0116487, 0.01266, 0.0107242, 0.997434, 0.0707849, -0.0134521, -0.0706386, 0.997411, 0.00300623  
256, 3.13793, 141.415, 179.625, 0.99984, -0.0121691, 0.0130979, 0.0113113, 0.997906, 0.0636824, -0.0138454, -0.063524, 0.997884, 0.00289195  
257, 2.9046, 142.739, 179.641, 0.99984, -0.0110892, 0.0140183, 0.0101686, 0.997891, 0.0641125, -0.0146997, -0.0639597, 0.997844, 0.00316738  
258, 2.74662, 143.753, 179.703, 0.999859, -0.0109731, 0.0127322, 0.010194, 0.998163, 0.0597209, -0.0133641, -0.0595827, 0.998134, 0.00293855  
259, 2.41824, 144.863, 179.672, 0.999878, -0.00915205, 0.0126414, 0.00847092, 0.998563, 0.0529222, -0.0131076, -0.0528087, 0.998519, 0.00277018  
260, 2.14616, 145.926, 179.691, 0.99993, -0.0084718, 0.00827996, 0.00807534, 0.998872, 0.0467968, -0.00866707, -0.0467267, 0.99887, 0.00298847  
261, 1.63765, 147.165, 179.678, 0.999939, -0.00877492, 0.00675079, 0.00844194, 0.998818, 0.0478651, -0.00716282, -0.0478051, 0.998831, 0.00288695  
262, 1.29474, 148.103, 179.696, 0.999945, -0.00943795, 0.00464567, 0.0092439, 0.999151, 0.0401554, -0.00502071, -0.0401102, 0.999183, 0.00307613  
263, 0.808594, 149.181, 179.742, 0.999968, -0.00774645, 0.00193278, 0.00766155, 0.999145, 0.0406268, -0.00224584, -0.0406107, 0.999173, 0.00296351  
264, 0.440219, 150.224, 179.758, 0.999976, -0.00688276, -0.00117014, 0.00692094, 0.999307, 0.0365634, 0.000917673, -0.0365706, 0.999331, 0.00295935  
265, 0.0193162, 151.04, 179.754, 0.999977, -0.006512, -0.00207802, 0.00657198, 0.999519, 0.0302981, 0.00187972, -0.030311, 0.999539, 0.00281067  
266, -0.42232, 152.107, 179.794, 0.999982, -0.00576559, -0.0019276, 0.00581759, 0.999586, 0.0281603, 0.00176444, -0.028171, 0.999602, 0.0028986  
267, -0.698011, 153.071, 179.84, 0.999967, -0.007218, -0.00371528, 0.00730477, 0.999688, 0.0238987, 0.00354162, -0.023925, 0.999707, 0.00308916  
268, -0.973578, 153.825, 179.892, 0.999968, -0.00699256, -0.00399151, 0.00704834, 0.999875, 0.0141337, 0.00389218, -0.0141614, 0.999892, 0.00290276  
269, -1.36781, 154.92, 179.845, 0.999967, -0.00702678, -0.00406967, 0.00707795, 0.999894, 0.0126993, 0.00398001, -0.0127277, 0.999911, 0.0027699  
270, -1.60588, 155.842, 179.882, 0.999949, -0.00761619, -0.0066653, 0.00765851, 0.999951, 0.0063461, 0.00661664, -0.00639682, 0.999958, 0.00296933  
271, -1.87458, 156.645, 179.877, 0.999927, -0.00782545, -0.00920781, 0.00781216, 0.999968, -0.00147804, 0.00921908, 0.001406, 0.999957, 0.00283897  
272, -2.10713, 157.701, 179.874, 0.999924, -0.00673181, -0.0103125, 0.00666634, 0.999957, -0.00636946, 0.0103549, 0.00630023, 0.999927, 0.00297239  
273, -2.27415, 158.463, 179.838, 0.999923, -0.00629017, -0.0106506, 0.00616288, 0.99991, -0.0119425, 0.0107248, 0.0118759, 0.999872, 0.00285589  
274, -2.4487, 159.443, 179.874, 0.999917, -0.00717899, -0.010654, 0.0070088, 0.999849, -0.0159263, 0.0107667, 0.0158503, 0.999816, 0.00280818  
275, -2.62479, 160.448, 179.905, 0.999927, -0.00751769, -0.00950018, 0.00736126, 0.999838, -0.0163953, 0.0096219, 0.0163242, 0.99982, 0.002776  
