0, 0, 0, 0, 0, 0, 0, 0, 0, 0, 0, 0, 0, 0.00655944  
1, 7.67249, -29.0934, 178.745, 0.999534, 0.024429, -0.0182909, -0.0240163, 0.999459, 0.022457, 0.0188296, -0.0220072, 0.99958, 0.00263842  
2, 7.64384, -29.1073, 178.732, 0.999531, 0.0247269, -0.0180668, -0.0242882, 0.999414, 0.0241103, 0.0186524, -0.0236602, 0.999546, 0.00261346  
3, 7.64089, -29.083, 178.737, 0.999543, 0.0246359, -0.0175302, -0.0242211, 0.999431, 0.0234949, 0.0180991, -0.0230596, 0.99957, 0.00303674  
4, 7.67069, -29.0688, 178.755, 0.999533, 0.0244655, -0.0182986, -0.0240425, 0.999447, 0.0229878, 0.0188509, -0.0225372, 0.999568, 0.00289278  
5, 7.67607, -29.0825, 178.747, 0.999526, 0.0242902, -0.0188984, -0.0238528, 0.99945, 0.0230328, 0.0194475, -0.0225712, 0.999556, 0.00292773  
6, 7.66933, -29.1053, 178.739, 0.999541, 0.0245757, -0.017734, -0.0241707, 0.99945, 0.022703, 0.0182822, -0.0222639, 0.999585, 0.00294659  
7, 7.66188, -29.1069, 178.744, 0.999521, 0.024739, -0.0185808, -0.024304, 0.999434, 0.0232786, 0.0191462, -0.0228158, 0.999556, 0.00294742  
8, 7.67143, -29.0864, 178.736, 0.999536, 0.0244031, -0.0182343, -0.0239914, 0.99946, 0.0224656, 0.0187727, -0.0220177, 0.999581, 0.00297017  
9, 7.6577, -29.1161, 178.758, 0.99952, 0.0250511, -0.0182028, -0.0246176, 0.999417, 0.0236624, 0.018785, -0.0232029, 0.999554, 0.00290471  
10, 7.67261, -29.1005, 178.779, 0.999528, 0.0247244, -0.0182474, -0.0242984, 0.999435, 0.023205, 0.0188108, -0.0227507, 0.999564, 0.00322674  
11, 7.65617, -29.0998, 178.765, 0.999521, 0.0251439, -0.0180338, -0.0247115, 0.999411, 0.0238137, 0.0186219, -0.0233567, 0.999554, 0.00294603  
12, 7.65889, -29.0673, 178.746, 0.999507, 0.0252064, -0.0187337, -0.0247971, 0.999455, 0.0217697, 0.0192722, -0.0212944, 0.999587, 0.00295491  
13, 7.65665, -29.1056, 178.76, 0.999552, 0.0244832, -0.0171983, -0.0240856, 0.999446, 0.0229584, 0.0177509, -0.0225339, 0.999588, 0.00309942  
14, 7.68689, -29.103, 178.751, 0.999528, 0.0249902, -0.0178878, -0.0245571, 0.999409, 0.0240351, 0.0184779, -0.0235845, 0.999551, 0.00293965  
15, 7.66794, -29.0849, 178.74, 0.999525, 0.0250231, -0.0180087, -0.0246139, 0.999442, 0.0225954, 0.0185641, -0.0221414, 0.999582, 0.00292579  
16, 7.67761, -29.0786, 178.752, 0.999507, 0.0249307, -0.0191001, -0.0245032, 0.999451, 0.0222993, 0.0196456, -0.0218203, 0.999569, 0.00297544  
17, 7.67123, -29.0818, 178.784, 0.999531, 0.0241799, -0.0187954, -0.0237701, 0.999481, 0.0217286, 0.019311, -0.0212716, 0.999587, 0.00302009  
18, 7.66781, -29.0925, 178.746, 0.999532, 0.0242792, -0.0185859, -0.0238462, 0.999447, 0.0231736, 0.0191383, -0.0227196, 0.999559, 0.00287392  
19, 7.66464, -29.1109, 178.761, 0.999523, 0.0245364, -0.018742, -0.0241023, 0.999444, 0.0230473, 0.0192971, -0.0225846, 0.999559, 0.00289056  
20, 7.68135, -29.0929, 178.728, 0.999533, 0.024818, -0.0178495, -0.0243981, 0.999429, 0.0233695, 0.0184193, -0.0229231, 0.999568, 0.00294909  
21, 7.66238, -29.1129, 178.759, 0.999519, 0.0250213, -0.0183462, -0.0245948, 0.99943, 0.0231141, 0.0189141, -0.0226517, 0.999564, 0.00310775  
22, 7.67845, -29.0748, 178.741, 0.99953, 0.0250169, -0.0177239, -0.0245903, 0.999412, 0.0238913, 0.0183112, -0.0234443, 0.999557, 0.00307862  
23, 7.63635, -29.0895, 178.749, 0.999554, 0.0242354, -0.0174569, -0.0238286, 0.999448, 0.0231454, 0.0180082, -0.0227191, 0.99958, 0.00316544  
24, 7.67494, -29.0834, 178.747, 0.99951, 0.0248661, -0.0190188, -0.0244329, 0.999444, 0.0226777, 0.0195721, -0.0222019, 0.999562, 0.00326003  
25, 7.65769, -29.1045, 178.759, 0.999523, 0.0247588, -0.0184616, -0.0243263, 0.999433, 0.0232921, 0.0190278, -0.0228318, 0.999558, 0.00278405  
26, 7.66157, -29.1308, 178.764, 0.99954, 0.0244916, -0.017913, -0.024066, 0.999432, 0.0236017, 0.0184808, -0.0231597, 0.999561, 0.00276657  
27, 7.66623, -29.1286, 178.767, 0.99952, 0.0246032, -0.018831, -0.0241693, 0.999445, 0.0229338, 0.0193848, -0.0224677, 0.99956, 0.0027  
28, 7.68399, -29.0965, 178.752, 0.999511, 0.0247511, -0.0191019, -0.0243129, 0.999443, 0.0228425, 0.0196566, -0.0223669, 0.999557, 0.00298098  
29, 7.62418, -29.0909, 178.745, 0.999542, 0.0247622, -0.0174125, -0.0243309, 0.999402, 0.0245603, 0.0180102, -0.0241254, 0.999547, 0.00312605  
30, 7.62801, -29.1273, 178.765, 0.999548, 0.024529, -0.0173772, -0.0241021, 0.999413, 0.0243662, 0.0179646, -0.0239364, 0.999552, 0.00292884  
31, 7.68985, -29.0987, 178.769, 0.999539, 0.0243419, -0.0181424, -0.0239096, 0.999434, 0.0236726, 0.0187084, -0.0232279, 0.999555, 0.00284507  
32, 7.68944, -29.0823, 178.734, 0.999518, 0.0247452, -0.0187529, -0.0243122, 0.99944, 0.0229747, 0.0193109, -0.0225077, 0.99956, 0.00270139  
33, 7.67952, -29.1251, 178.753, 0.999523, 0.0248702, -0.018284, -0.0244534, 0.999444, 0.0226804, 0.0188379, -0.0222225, 0.999576, 0.00290581  
34, 7.66609, -29.0872, 178.736, 0.999537, 0.0241498, -0.0185057, -0.0237096, 0.999439, 0.0236468, 0.0190664, -0.0231971, 0.999549, 0.00299652  
35, 7.66111, -29.0973, 178.73, 0.999549, 0.0241277, -0.0179066, -0.0237108, 0.999451, 0.0231418, 0.0184551, -0.0227068, 0.999572, 0.00297239  
36, 7.68037, -29.1011, 178.753, 0.999527, 0.0249035, -0.0180602, -0.0244971, 0.999449, 0.0223888, 0.0186079, -0.0219358, 0.999586, 0.00283175  
37, 7.65609, -29.1209, 178.761, 0.999526, 0.0247685, -0.0182709, -0.0243442, 0.999437, 0.0230917, 0.0188325, -0.022636, 0.999566, 0.00292551  
38, 7.66648, -29.1149, 178.761, 0.999513, 0.024832, -0.0189064, -0.0243933, 0.999436, 0.0230891, 0.019469, -0.0226167, 0.999555, 0.00300456  
39, 7.65059, -29.0784, 178.746, 0.999519, 0.0248925, -0.0184998, -0.0244733, 0.999446, 0.0225523, 0.0190509, -0.0220887, 0.999574, 0.00307723  
40, 7.66124, -29.095, 178.74, 0.999538, 0.0244344, -0.0180564, -0.0240123, 0.999442, 0.0232312, 0.018614, -0.0227869, 0.999567, 0.00289416  
41, 7.66445, -29.1001, 178.764, 0.999507, 0.0253515, -0.0185286, -0.0249286, 0.999431, 0.022705, 0.0190937, -0.0222319, 0.99957, 0.00286865  
42, 7.64726, -29.0931, 178.753, 0.999533, 0.0243895, -0.018404, -0.0239542, 0.999436, 0.0235134, 0.0189671, -0.0230616, 0.999554, 0.00292412  
43, 7.65018, -29.1202, 178.756, 0.999532, 0.0247486, -0.017975, -0.0243174, 0.99942, 0.0238198, 0.0185541, -0.0233715, 0.999555, 0.00295741  
44, 7.6755, -29.1092, 178.763, 0.999528, 0.0246439, -0.0183595, -0.0242187, 0.999441, 0.0230358, 0.0189169, -0.0225803, 0.999566, 0.00301427  
45, 7.66997, -29.0889, 178.748, 0.999524, 0.0244172, -0.018851, -0.023975, 0.99944, 0.023334, 0.0194102, -0.0228709, 0.99955, 0.00305865  
46, 7.66234, -29.084, 178.732, 0.999532, 0.0247121, -0.018006, -0.0242986, 0.999444, 0.0228375, 0.0185603, -0.0223893, 0.999577, 0.00286365  
47, 7.67013, -29.1123, 178.75, 0.99951, 0.0249406, -0.0189313, -0.0244906, 0.99942, 0.0236428, 0.01951, -0.0231676, 0.999541, 0.00288446  
48, 7.71119, -29.0728, 178.742, 0.999503, 0.0247767, -0.0195044, -0.0243273, 0.999441, 0.0229517, 0.0200621, -0.0224658, 0.999546, 0.00297682  
49, 7.67547, -29.0823, 178.747, 0.999515, 0.0247802, -0.018849, -0.0243505, 0.999446, 0.0226971, 0.019401, -0.0222271, 0.999565, 0.00314408  
50, 7.67235, -29.0866, 178.745, 0.999531, 0.0246117, -0.0182309, -0.0241909, 0.999444, 0.0229534, 0.0187856, -0.0225016, 0.99957, 0.00304756  
51, 7.66722, -29.0972, 178.739, 0.999533, 0.0245973, -0.0181084, -0.0241726, 0.999436, 0.0233098, 0.0186715, -0.0228612, 0.999564, 0.00285478  
52, 7.64949, -29.1185, 178.762, 0.999529, 0.0245952, -0.0183383, -0.0241764, 0.99945, 0.0227189, 0.018887, -0.0222648, 0.999574, 0.00282205  
53, 7.66595, -29.0988, 178.77, 0.999541, 0.0244982, -0.0178133, -0.024076, 0.999433, 0.0235385, 0.0183799, -0.0230988, 0.999564, 0.00306448  
54, 7.67841, -29.1343, 178.747, 0.999542, 0.0243252, -0.0179917, -0.0238718, 0.999402, 0.0250017, 0.0185891, -0.0245608, 0.999525, 0.00311967  
55, 7.66672, -29.1085, 178.752, 0.999533, 0.024254, -0.0186015, -0.0238163, 0.999442, 0.0233996, 0.0191587, -0.0229457, 0.999553, 0.003123  
56, 7.65806, -29.0758, 178.734, 0.999516, 0.024806, -0.0187906, -0.024366, 0.999432, 0.0232946, 0.0193578, -0.0228254, 0.999552, 0.00310525  
57, 7.65167, -29.0882, 178.743, 0.999513, 0.0246628, -0.0191086, -0.0242415, 0.999465, 0.0219743, 0.0196403, -0.0215004, 0.999576, 0.00298154  
58, 7.65361, -29.0927, 178.732, 0.999517, 0.0251316, -0.0183067, -0.0247102, 0.999433, 0.022892, 0.0188716, -0.0224286, 0.99957, 0.00294909  
59, 7.66612, -29.1016, 178.741, 0.999546, 0.0240609, -0.0181568, -0.023629, 0.999441, 0.0236386, 0.0187155, -0.0231989, 0.999556, 0.00308777  
60, 7.67939, -29.101, 178.723, 0.999558, 0.0240187, -0.0174945, -0.0236117, 0.999454, 0.02311, 0.01804, -0.0226867, 0.99958, 0.00286171  
61, 7.66104, -29.0986, 178.728, 0.999513, 0.0252727, -0.0182885, -0.0248387, 0.999413, 0.0235791, 0.0188737, -0.0231134, 0.999555, 0.00282094  
62, 7.67413, -29.0752, 178.736, 0.999512, 0.0247321, -0.0190885, -0.0242994, 0.99945, 0.022577, 0.0196364, -0.0221021, 0.999563, 0.00281095  
63, 7.66196, -29.0853, 178.759, 0.999532, 0.0244047, -0.0184276, -0.0239899, 0.999461, 0.0224035, 0.0189645, -0.0219509, 0.999579, 0.00296517  
64, 7.67659, -29.0886, 178.761, 0.999523, 0.0244693, -0.0188299, -0.0240544, 0.99947, 0.0219537, 0.0193571, -0.0214903, 0.999582, 0.00291802  
65, 7.69244, -29.074, 178.748, 0.999523, 0.0248518, -0.0183308, -0.0244298, 0.999439, 0.0228977, 0.0188895, -0.0224389, 0.99957, 0.00285977  
66, 7.62322, -29.088, 178.727, 0.999526, 0.0250369, -0.0179073, -0.0246178, 0.999427, 0.0232495, 0.0184791, -0.0227976, 0.999569, 0.00282399  
67, 7.68805, -29.069, 178.73, 0.999508, 0.0250636, -0.0188519, -0.0246129, 0.999414, 0.0237746, 0.0194367, -0.0232989, 0.99954, 0.00281178  
68, 7.65504, -29.0874, 178.737, 0.999515, 0.0250417, -0.0185364, -0.0246109, 0.99943, 0.0231134, 0.0191046, -0.0226459, 0.999561, 0.00294465  
69, 7.69724, -29.0768, 178.728, 0.999496, 0.0251528, -0.0193728, -0.0247151, 0.999441, 0.0225103, 0.0199282, -0.0220202, 0.999559, 0.00302509  
70, 7.66614, -29.086, 178.751, 0.999532, 0.0244586, -0.0183867, -0.0240379, 0.999452, 0.0227642, 0.0189334, -0.0223115, 0.999572, 0.00287253  
71, 7.64332, -29.0946, 178.751, 0.999511, 0.0252065, -0.018494, -0.0247769, 0.999426, 0.0231017, 0.0190657, -0.0226322, 0.999562, 0.00291885  
72, 7.6465, -29.085, 178.748, 0.999534, 0.0243698, -0.0184076, -0.0239409, 0.999445, 0.0231702, 0.018962, -0.0227187, 0.999562, 0.00281789  
73, 7.68446, -29.0979, 178.741, 0.999523, 0.024549, -0.0187489, -0.0241018, 0.999428, 0.0237168, 0.0193204, -0.0232536, 0.999543, 0.00296185  
74, 7.66852, -29.0993, 178.749, 0.999531, 0.0244051, -0.0184918, -0.0239733, 0.999443, 0.0232239, 0.0190483, -0.0227697, 0.999559, 0.00288862  
75, 7.64987, -29.0987, 178.751, 0.999518, 0.0252141, -0.0181348, -0.0248004, 0.999435, 0.0226873, 0.0186966, -0.0222266, 0.999578, 0.00298764  
76, 7.64931, -29.0845, 178.75, 0.999516, 0.0251147, -0.0183607, -0.0246961, 0.999438, 0.0226803, 0.0189199, -0.0222159, 0.999574, 0.00293494  
77, 7.65603, -29.0871, 178.739, 0.999516, 0.0250218, -0.0184774, -0.0245897, 0.999427, 0.0232512, 0.0190486, -0.0227856, 0.999559, 0.0028373  
78, 7.62701, -29.1018, 178.754, 0.999532, 0.024901, -0.0177841, -0.0244882, 0.999434, 0.0230652, 0.0183483, -0.0226189, 0.999576, 0.00299458  
79, 7.6747, -29.0959, 178.728, 0.999527, 0.0246337, -0.0184043, -0.0241929, 0.999424, 0.0237998, 0.01898, -0.0233433, 0.999547, 0.00308556  
80, 7.64113, -29.0958, 178.748, 0.999543, 0.0243736, -0.0178693, -0.0239489, 0.999434, 0.0236069, 0.0184346, -0.0231681, 0.999562, 0.00287197  
81, 7.6566, -29.0877, 178.746, 0.999526, 0.0247124, -0.01834, -0.0242846, 0.999436, 0.0231931, 0.0189028, -0.0227368, 0.999563, 0.00292495  
82, 7.64358, -29.0875, 178.732, 0.99952, 0.02505, -0.0182549, -0.0246274, 0.999432, 0.0230149, 0.018821, -0.0225542, 0.999568, 0.0029036  
83, 7.65559, -29.0888, 178.762, 0.999543, 0.02413, -0.0182298, -0.0237135, 0.99946, 0.0227286, 0.0187684, -0.0222859, 0.999575, 0.00295658  
84, 7.66639, -29.0941, 178.752, 0.999534, 0.0246048, -0.0180406, -0.0241612, 0.99941, 0.0244084, 0.0186306, -0.0239612, 0.999539, 0.00305338  
85, 7.64989, -29.116, 178.748, 0.999542, 0.0244645, -0.0177919, -0.0240347, 0.999423, 0.023981, 0.0183683, -0.0235424, 0.999554, 0.0028986  
86, 7.65772, -29.0916, 178.754, 0.999526, 0.0249166, -0.0180992, -0.0244753, 0.999407, 0.0242049, 0.0186915, -0.0237504, 0.999543, 0.00283286  
87, 7.658, -29.1129, 178.756, 0.999544, 0.0242092, -0.0180719, -0.0237781, 0.999436, 0.0237029, 0.0186355, -0.0232624, 0.999556, 0.00296101  
88, 7.66968, -29.0848, 178.726, 0.999531, 0.0247622, -0.0180062, -0.0243411, 0.999434, 0.0232368, 0.0185714, -0.0227876, 0.999568, 0.00302925  
89, 7.65397, -29.0832, 178.744, 0.999518, 0.0248911, -0.0185523, -0.0244573, 0.99943, 0.0232527, 0.0191206, -0.0227877, 0.999557, 0.00307585  
90, 7.64884, -29.0913, 178.741, 0.999533, 0.0244808, -0.018306, -0.0240504, 0.999437, 0.023375, 0.0188679, -0.0229238, 0.999559, 0.00296462  
91, 7.6378, -29.0882, 178.753, 0.999546, 0.0241038, -0.0180758, -0.0236791, 0.999447, 0.0233568, 0.0186288, -0.0229182, 0.999564, 0.00296212  
92, 7.66444, -29.0762, 178.719, 0.999541, 0.0244983, -0.0178368, -0.0240767, 0.999434, 0.0234824, 0.0184019, -0.0230422, 0.999565, 0.00290471  
93, 7.64418, -29.1027, 178.764, 0.999542, 0.0241056, -0.0183203, -0.0236858, 0.99946, 0.0227945, 0.0188599, -0.0223501, 0.999572, 0.00301926  
94, 7.67191, -29.0862, 178.74, 0.999511, 0.025017, -0.0187483, -0.0245795, 0.999428, 0.0232158, 0.0193184, -0.0227437, 0.999555, 0.00307113  
95, 7.6831, -29.06, 178.773, 0.999535, 0.0243315, -0.0183531, -0.023916, 0.99946, 0.0225326, 0.0188914, -0.0220832, 0.999578, 0.00300012  
96, 7.64451, -29.0694, 178.736, 0.999541, 0.0241787, -0.0182415, -0.0237517, 0.999447, 0.0232723, 0.0187941, -0.0228284, 0.999563, 0.00290914  
97, 7.65068, -29.0939, 178.77, 0.999545, 0.0242732, -0.0178956, -0.0238472, 0.999436, 0.0236479, 0.0184595, -0.0232103, 0.99956, 0.00291136  
98, 7.65945, -29.1087, 178.756, 0.999535, 0.0244946, -0.0181428, -0.0240681, 0.999437, 0.0233689, 0.018705, -0.0229214, 0.999562, 0.00305976  
99, 7.64789, -29.0995, 178.767, 0.99955, 0.0240452, -0.0179472, -0.023641, 0.999469, 0.022408, 0.0184765, -0.0219736, 0.999588, 0.00305061  
100, 7.67736, -29.0835, 178.728, 0.99954, 0.0243155, -0.0181371, -0.0238773, 0.999427, 0.0239984, 0.0187102, -0.0235543, 0.999547, 0.00291303  
101, 7.66795, -29.0716, 178.74, 0.99951, 0.0249266, -0.0189124, -0.0244904, 0.999436, 0.0229561, 0.0194739, -0.0224816, 0.999558, 0.00296212  
102, 7.66895, -29.0833, 178.755, 0.999521, 0.0246445, -0.0187158, -0.0242184, 0.99945, 0.0226644, 0.019264, -0.0222003, 0.999568, 0.00289416  
103, 7.66474, -29.0962, 178.761, 0.999535, 0.0246738, -0.0179124, -0.0242553, 0.999436, 0.0232146, 0.0184751, -0.0227694, 0.99957, 0.00305116  
104, 7.64302, -29.0838, 178.733, 0.999517, 0.0250237, -0.0184459, -0.0245924, 0.999427, 0.023247, 0.0190171, -0.0227821, 0.99956, 0.00305754  
105, 7.69466, -29.0632, 178.743, 0.999518, 0.0245331, -0.019023, -0.0240971, 0.999449, 0.0228168, 0.0195722, -0.0223474, 0.999559, 0.00293355  
106, 7.68063, -29.0953, 178.767, 0.999494, 0.0251367, -0.0195019, -0.0246914, 0.999436, 0.0227498, 0.0200627, -0.0222568, 0.999551, 0.00298709  
107, 7.66875, -29.0529, 178.723, 0.999531, 0.0244846, -0.0183681, -0.0240694, 0.999457, 0.0224935, 0.0189088, -0.0220408, 0.999578, 0.00290471  
108, 7.64567, -29.0927, 178.742, 0.999529, 0.0245784, -0.0183821, -0.0241399, 0.999427, 0.0237068, 0.0189543, -0.0232519, 0.99955, 0.00300512  
109, 7.6504, -29.0936, 178.743, 0.999537, 0.0243394, -0.0182671, -0.0239087, 0.999439, 0.0234388, 0.0188273, -0.0229912, 0.999558, 0.00311745  
110, 7.65695, -29.0879, 178.744, 0.999516, 0.0248899, -0.0186599, -0.02445, 0.999426, 0.0234424, 0.0192326, -0.0229748, 0.999551, 0.00290498  
111, 7.66622, -29.0885, 178.752, 0.999531, 0.0243794, -0.0185238, -0.0239478, 0.999445, 0.0231729, 0.0190785, -0.0227184, 0.99956, 0.00282704  
112, 7.65278, -29.0699, 178.739, 0.999515, 0.024855, -0.0187565, -0.0244337, 0.999451, 0.0223664, 0.0193021, -0.0218973, 0.999574, 0.00294243  
113, 7.65894, -29.0785, 178.748, 0.999522, 0.0246602, -0.0186718, -0.0242316, 0.999445, 0.0228444, 0.0192247, -0.022381, 0.999565, 0.0030323  
114, 7.65147, -29.0782, 178.737, 0.999528, 0.0246603, -0.0183283, -0.0242221, 0.999424, 0.0237561, 0.0189036, -0.023301, 0.99955, 0.00297655  
115, 7.65713, -29.0746, 178.751, 0.999528, 0.0247283, -0.0182336, -0.0243142, 0.999449, 0.022592, 0.0187822, -0.022138, 0.999578, 0.0029943  
116, 7.659, -29.0963, 178.752, 0.999545, 0.0240769, -0.018148, -0.0236506, 0.999448, 0.0233489, 0.0187002, -0.0229091, 0.999563, 0.00279791  
117, 7.63912, -29.0965, 178.733, 0.999539, 0.0246341, -0.0177468, -0.024218, 0.999435, 0.0232922, 0.0183105, -0.0228516, 0.999571, 0.00284951  
118, 7.64735, -29.0981, 178.75, 0.99953, 0.0249267, -0.0178178, -0.0245198, 0.999442, 0.0227006, 0.0183737, -0.022253, 0.999584, 0.00295186  
119, 7.66016, -29.0881, 178.748, 0.999532, 0.0248065, -0.0179147, -0.0243713, 0.999412, 0.024117, 0.0185025, -0.0236691, 0.999549, 0.00310248  
120, 7.65908, -29.0905, 178.757, 0.999531, 0.0242838, -0.0186417, -0.0238597, 0.999459, 0.0226422, 0.0191815, -0.0221868, 0.99957, 0.00295879  
121, 7.6462, -29.0945, 178.752, 0.999535, 0.0242037, -0.018547, -0.0237783, 0.999457, 0.0228236, 0.0190893, -0.0223719, 0.999567, 0.00282621  
122, 7.65662, -29.0706, 178.753, 0.999539, 0.0239702, -0.0186195, -0.0235555, 0.999476, 0.0221804, 0.0191414, -0.0217315, 0.999581, 0.00287558  
123, 7.65291, -29.0914, 178.755, 0.999527, 0.024698, -0.0183226, -0.0242822, 0.99945, 0.0225765, 0.0188701, -0.0221209, 0.999577, 0.00291996  
124, 7.67472, -29.0986, 178.733, 0.99954, 0.0244733, -0.017928, -0.0240512, 0.999437, 0.0233973, 0.0184906, -0.0229553, 0.999565, 0.00306947  
125, 7.70894, -29.0923, 178.751, 0.999515, 0.0249142, -0.0186979, -0.0244702, 0.999422, 0.0236106, 0.0192753, -0.0231416, 0.999546, 0.00292939  
126, 7.65445, -29.0824, 178.739, 0.999526, 0.0246032, -0.0185133, -0.0241636, 0.999429, 0.0236067, 0.0190835, -0.0231481, 0.99955, 0.00284479  
127, 7.65021, -29.1009, 178.749, 0.999528, 0.0246422, -0.0183279, -0.0242133, 0.999436, 0.0232662, 0.0188909, -0.0228114, 0.999561, 0.00280929  
128, 7.67228, -29.0857, 178.755, 0.999531, 0.0242692, -0.0186609, -0.0238334, 0.999446, 0.023232, 0.0192144, -0.0227763, 0.999556, 0.00301399  
129, 7.65789, -29.1001, 178.747, 0.999535, 0.0244029, -0.0183068, -0.0239678, 0.999434, 0.0236206, 0.0188729, -0.0231708, 0.999553, 0.00307307  
130, 7.68737, -29.0896, 178.763, 0.999521, 0.0243952, -0.0190236, -0.0239631, 0.999457, 0.0226188, 0.0195651, -0.0221521, 0.999563, 0.00300373  
131, 7.65687, -29.0787, 178.739, 0.999508, 0.0250675, -0.0188361, -0.0246312, 0.999431, 0.0230462, 0.0194031, -0.0225709, 0.999557, 0.00290165  
132, 7.6508, -29.0988, 178.758, 0.999557, 0.0239114, -0.0176996, -0.0235074, 0.999466, 0.0226958, 0.0182329, -0.0222697, 0.999586, 0.00291913  
133, 7.67801, -29.0873, 178.754, 0.999527, 0.0244737, -0.0186236, -0.0240468, 0.999451, 0.0228106, 0.0191717, -0.022352, 0.999566, 0.00292579  
134, 7.68418, -29.0937, 178.749, 0.999541, 0.024176, -0.0182788, -0.0237671, 0.99947, 0.0222667, 0.0188074, -0.021822, 0.999585, 0.00311246  
135, 7.65766, -29.1011, 178.745, 0.99952, 0.0247537, -0.0186138, -0.0243093, 0.999423, 0.023733, 0.0191905, -0.0232691, 0.999545, 0.00298126  
136, 7.65902, -29.1006, 178.748, 0.99951, 0.0253843, -0.0183201, -0.0249524, 0.999414, 0.0234305, 0.0189041, -0.0229619, 0.999558, 0.00284008  
137, 7.68233, -29.1026, 178.762, 0.999546, 0.0242441, -0.0178802, -0.0238294, 0.99945, 0.0230535, 0.0184293, -0.022617, 0.999574, 0.00294271  
138, 7.65704, -29.077, 178.741, 0.999542, 0.0240609, -0.0183615, -0.0236182, 0.999434, 0.023954, 0.0189274, -0.0235093, 0.999544, 0.00305976  
139, 7.66095, -29.083, 178.765, 0.999536, 0.0245794, -0.0180169, -0.0241733, 0.999456, 0.02242, 0.0185581, -0.021974, 0.999586, 0.00300428  
140, 7.67295, -29.071, 178.745, 0.999537, 0.0244744, -0.0180839, -0.0240695, 0.999462, 0.0222771, 0.0186194, -0.0218316, 0.999588, 0.00307113  
141, 7.65209, -29.1153, 178.776, 0.999525, 0.0245548, -0.0186408, -0.0241412, 0.999464, 0.0220976, 0.0191734, -0.0216371, 0.999582, 0.00292911  
142, 7.65177, -29.1267, 178.759, 0.999541, 0.0241703, -0.018291, -0.0237927, 0.999505, 0.0205898, 0.0187796, -0.0201451, 0.999621, 0.00298542  
143, 7.65803, -29.1483, 178.782, 0.999543, 0.0240215, -0.0183313, -0.0236322, 0.999497, 0.0211647, 0.0188304, -0.0207219, 0.999608, 0.00294964  
144, 7.67658, -29.1754, 178.8, 0.999505, 0.025323, -0.0186695, -0.0249422, 0.999482, 0.0203553, 0.0191753, -0.0198796, 0.999618, 0.0029746  
145, 7.65377, -29.2266, 178.792, 0.999525, 0.0248706, -0.0181908, -0.0245173, 0.999511, 0.0193968, 0.0186644, -0.0189416, 0.999646, 0.00287003  
146, 7.65363, -29.2252, 178.793, 0.99951, 0.0253234, -0.0183986, -0.0249723, 0.999506, 0.0190674, 0.0188724, -0.0185986, 0.999649, 0.00286698  
147, 7.62001, -29.2385, 178.786, 0.99951, 0.0253754, -0.0183241, -0.0250572, 0.999535, 0.0173893, 0.0187568, -0.0169216, 0.999681, 0.00298459  
148, 7.64873, -29.2365, 178.821, 0.999503, 0.0252134, -0.0189177, -0.0249032, 0.999554, 0.0164567, 0.0193242, -0.0159774, 0.999686, 0.00294798  
149, 7.6598, -29.2466, 178.81, 0.999522, 0.0250096, -0.0181631, -0.024713, 0.99956, 0.0163752, 0.0185646, -0.0159185, 0.999701, 0.00328028  
150, 7.65437, -29.2444, 178.826, 0.999491, 0.025618, -0.0190116, -0.0253548, 0.999581, 0.0139595, 0.0193612, -0.0134704, 0.999722, 0.00287752  
151, 7.63595, -29.2554, 178.84, 0.999466, 0.0254743, -0.0204651, -0.0252088, 0.999596, 0.0131272, 0.0207912, -0.0126043, 0.999704, 0.00287142  
152, 7.61076, -29.2426, 178.846, 0.999495, 0.025063, -0.0195568, -0.0248448, 0.999627, 0.0113236, 0.0198333, -0.010832, 0.999745, 0.00281622  
153, 7.59705, -29.2709, 178.842, 0.999467, 0.0255827, -0.0202912, -0.0253843, 0.999628, 0.00997929, 0.020539, -0.00945889, 0.999744, 0.00288252  
154, 7.56202, -29.3168, 178.835, 0.999502, 0.0251981, -0.0190018, -0.0250378, 0.999649, 0.00862782, 0.0192125, -0.00814776, 0.999782, 0.00317043  
155, 7.51606, -29.3682, 178.835, 0.99947, 0.0257009, -0.0199942, -0.0256065, 0.99966, 0.00496487, 0.020115, -0.00445025, 0.999788, 0.00300872  
156, 7.49743, -29.3747, 178.845, 0.999475, 0.0250953, -0.0204992, -0.0250491, 0.999683, 0.00250631, 0.0205556, -0.00199151, 0.999787, 0.00294298  
157, 7.45711, -29.4409, 178.859, 0.999448, 0.0258157, -0.0209266, -0.0258038, 0.999667, 0.000840532, 0.0209413, -0.000300081, 0.999781, 0.00283647  
158, 7.42498, -29.4692, 178.868, 0.999472, 0.0253996, -0.02026, -0.025419, 0.999677, -0.000698727, 0.0202357, 0.00121335, 0.999795, 0.00299125  
159, 7.32746, -29.4608, 178.861, 0.999456, 0.0259008, -0.020426, -0.0259588, 0.99966, -0.0025793, 0.0203523, 0.00310813, 0.999788, 0.00293882  
160, 7.32259, -29.44, 178.884, 0.999456, 0.0261179, -0.0201588, -0.0262127, 0.999646, -0.00445703, 0.0200352, 0.00498302, 0.999787, 0.00286643  
161, 7.27007, -29.4743, 178.914, 0.999462, 0.0257566, -0.0203296, -0.0258997, 0.999641, -0.00680746, 0.020147, 0.00733033, 0.99977, 0.00288002  
162, 7.22207, -29.472, 178.919, 0.999451, 0.0267023, -0.0196358, -0.0269036, 0.999587, -0.0100625, 0.019359, 0.0105852, 0.999757, 0.00318014  
163, 7.16044, -29.4179, 178.901, 0.999447, 0.0265101, -0.0200963, -0.0267498, 0.999573, -0.0117522, 0.0197762, 0.0122832, 0.999729, 0.00301011  
164, 7.12242, -29.3655, 178.922, 0.999418, 0.0271456, -0.0206529, -0.0274189, 0.999539, -0.013069, 0.0202886, 0.0136277, 0.999701, 0.00326308  
165, 7.05948, -29.3812, 178.923, 0.999436, 0.0271311, -0.0198101, -0.0274238, 0.999516, -0.0146564, 0.0194029, 0.0151914, 0.999696, 0.00288113  
166, 6.97383, -29.3482, 178.933, 0.99941, 0.0276629, -0.0203337, -0.027994, 0.999477, -0.0161825, 0.0198754, 0.0167422, 0.999662, 0.00288584  
167, 6.91805, -29.2832, 178.967, 0.999406, 0.0276445, -0.0205727, -0.0280454, 0.999417, -0.0194634, 0.0200226, 0.0200288, 0.999599, 0.00294992  
168, 6.86412, -29.2399, 178.956, 0.999403, 0.0279657, -0.0202782, -0.028401, 0.999365, -0.021508, 0.0196638, 0.0220711, 0.999563, 0.00294132  
169, 6.76822, -29.2486, 178.963, 0.999404, 0.0286454, -0.0192597, -0.0290822, 0.999317, -0.0227954, 0.0185936, 0.023342, 0.999555, 0.00299291  
170, 6.72299, -29.1894, 178.963, 0.999364, 0.0291304, -0.0205661, -0.0296762, 0.999201, -0.0267541, 0.0197703, 0.0273474, 0.99943, 0.00308084  
171, 6.67288, -29.1525, 178.974, 0.99935, 0.0289401, -0.0214765, -0.0295701, 0.999124, -0.0296219, 0.0206004, 0.0302377, 0.99933, 0.00285561  
172, 6.64308, -29.1722, 178.972, 0.999333, 0.0296186, -0.0213771, -0.0302919, 0.999032, -0.03189, 0.0204119, 0.0325163, 0.999263, 0.00277073  
173, 6.65325, -29.2408, 179.006, 0.999341, 0.0299268, -0.0205417, -0.0306593, 0.99887, -0.036323, 0.0194315, 0.0369289, 0.999129, 0.00294853  
174, 6.57061, -29.1429, 178.996, 0.99933, 0.0295819, -0.0215676, -0.0303829, 0.998823, -0.0378047, 0.0204238, 0.0384346, 0.999052, 0.00299624  
175, 6.60126, -29.2058, 179.041, 0.999349, 0.0294151, -0.0209093, -0.0302719, 0.998662, -0.0419194, 0.0196483, 0.0425251, 0.998902, 0.0030409  
176, 6.55454, -29.102, 179.039, 0.999329, 0.0292565, -0.0220504, -0.0302231, 0.998536, -0.0448599, 0.0207057, 0.0454962, 0.99875, 0.00283342  
177, 6.54466, -29.1227, 179.056, 0.999341, 0.029233, -0.0215402, -0.0302507, 0.998363, -0.0485399, 0.0200859, 0.0491595, 0.998589, 0.00293771  
178, 6.55639, -29.1365, 179.015, 0.999349, 0.0295496, -0.0207108, -0.0306109, 0.998128, -0.052951, 0.0191073, 0.0535505, 0.998382, 0.00298431  
179, 6.58077, -29.2324, 179.017, 0.999268, 0.0309128, -0.0225183, -0.0321415, 0.99789, -0.0564156, 0.0207268, 0.0570981, 0.998153, 0.00307668  
180, 6.58088, -29.2967, 179.035, 0.999307, 0.0306518, -0.0211095, -0.0318906, 0.997623, -0.0610862, 0.0191869, 0.061717, 0.997909, 0.00307474  
181, 6.6529, -29.3294, 179.01, 0.999303, 0.0312367, -0.0204439, -0.0324833, 0.997435, -0.0637869, 0.018399, 0.0644065, 0.997754, 0.00304534  
182, 6.65787, -29.3466, 179.023, 0.999311, 0.0307626, -0.0207614, -0.0321065, 0.997179, -0.0678466, 0.0186157, 0.0684664, 0.99748, 0.0029244  
183, 6.69623, -29.4165, 179.014, 0.999257, 0.031947, -0.0215378, -0.0334056, 0.996905, -0.0711605, 0.0191978, 0.0718271, 0.997232, 0.00291192  
184, 6.79049, -29.3764, 179.022, 0.999266, 0.0314119, -0.0219292, -0.0330119, 0.996494, -0.0768778, 0.0194374, 0.0775453, 0.996799, 0.00302675  
185, 6.86776, -29.4335, 179.03, 0.999267, 0.0315806, -0.0216265, -0.0331694, 0.996437, -0.0775464, 0.0191005, 0.0782069, 0.996754, 0.003199  
186, 6.94888, -29.413, 179.032, 0.99929, 0.0316152, -0.0204782, -0.0331786, 0.99615, -0.0811388, 0.0178342, 0.0817607, 0.996492, 0.00290554  
187, 7.05547, -29.4593, 178.987, 0.999274, 0.0319659, -0.0207406, -0.0336642, 0.995597, -0.0874877, 0.0178526, 0.0881224, 0.99595, 0.00280374  
188, 7.15723, -29.5912, 178.968, 0.999267, 0.0324075, -0.0204002, -0.0341009, 0.995447, -0.0890125, 0.0174227, 0.0896429, 0.995822, 0.00293577  
189, 7.27458, -29.607, 178.968, 0.999232, 0.0326195, -0.0216941, -0.0345678, 0.994732, -0.0965082, 0.0184317, 0.097184, 0.995096, 0.00310664  
190, 7.37458, -29.6226, 178.93, 0.99924, 0.032522, -0.0214749, -0.0344755, 0.994596, -0.097929, 0.018174, 0.0985949, 0.994962, 0.00299541  
191, 7.50725, -29.5664, 178.895, 0.999254, 0.0318974, -0.0217806, -0.0339385, 0.994321, -0.100866, 0.0184396, 0.10153, 0.994662, 0.0029452  
192, 7.62645, -29.5388, 178.907, 0.999275, 0.0319254, -0.0207231, -0.0339116, 0.994011, -0.103887, 0.0172823, 0.104514, 0.994373, 0.00275631  
193, 7.76913, -29.4979, 178.878, 0.999248, 0.033186, -0.0200547, -0.0351499, 0.993619, -0.107168, 0.0163703, 0.107792, 0.994039, 0.00294298  
194, 7.83723, -29.5099, 178.829, 0.999288, 0.0328038, -0.018621, -0.034679, 0.993169, -0.111409, 0.0148391, 0.111976, 0.9936, 0.00303064  
195, 7.92301, -29.4603, 178.785, 0.999276, 0.0329772, -0.018983, -0.0349468, 0.992749, -0.115014, 0.0150525, 0.115594, 0.993182, 0.00293744  
196, 8.06465, -29.3454, 178.737, 0.999237, 0.0341469, -0.0189812, -0.0361506, 0.992377, -0.117821, 0.0148133, 0.118417, 0.992853, 0.00282981  
197, 8.15117, -29.2228, 178.697, 0.999274, 0.0334955, -0.0181323, -0.0354469, 0.992028, -0.120926, 0.0139373, 0.121481, 0.992496, 0.00281373  
198, 8.2403, -29.124, 178.674, 0.999262, 0.0338428, -0.0181874, -0.0358445, 0.991607, -0.124224, 0.0138306, 0.124785, 0.992087, 0.00298348  
199, 8.37994, -29.0519, 178.626, 0.999251, 0.03493, -0.0166282, -0.0367668, 0.991178, -0.127336, 0.0120337, 0.127852, 0.99172, 0.00313548  
200, 8.48024, -28.7965, 178.664, 0.99929, 0.0342212, -0.0157785, -0.0359709, 0.991027, -0.128732, 0.0112316, 0.129209, 0.991554, 0.00301593  
201, 8.59626, -28.6848, 178.688, 0.999309, 0.0345261, -0.0137843, -0.0360558, 0.990447, -0.133093, 0.00905745, 0.133498, 0.991008, 0.00283647  
202, 8.74551, -28.4889, 178.715, 0.999329, 0.0341224, -0.0133004, -0.0356005, 0.990319, -0.134171, 0.00859346, 0.134554, 0.990869, 0.00281733  
203, 8.91415, -28.2498, 178.684, 0.999301, 0.0348634, -0.0134998, -0.036386, 0.989907, -0.136969, 0.0085883, 0.137365, 0.990483, 0.00287031  
204, 9.05471, -28.0325, 178.74, 0.99935, 0.0343746, -0.0108382, -0.0355673, 0.989207, -0.142142, 0.0058352, 0.142435, 0.989787, 0.00300539  
205, 9.23722, -27.7159, 178.755, 0.999359, 0.0346288, -0.00904949, -0.0355764, 0.988762, -0.145203, 0.0039196, 0.145431, 0.989361, 0.00288196  
206, 9.42471, -27.3478, 178.799, 0.999393, 0.0340351, -0.00742992, -0.0347544, 0.988744, -0.145526, 0.00239329, 0.145696, 0.989327, 0.00284285  
207, 9.65104, -26.8466, 178.812, 0.999415, 0.0333888, -0.00745198, -0.0341199, 0.988658, -0.146257, 0.00248413, 0.146426, 0.989219, 0.00293605  
208, 9.89609, -26.3131, 178.816, 0.99941, 0.0336502, -0.00694065, -0.034307, 0.988398, -0.147962, 0.00188118, 0.148113, 0.988969, 0.00287669  
209, 10.1051, -25.9252, 178.773, 0.999409, 0.0341055, -0.00434403, -0.0343705, 0.987968, -0.150794, -0.00085115, 0.150854, 0.988556, 0.00297655  
210, 10.3625, -25.4224, 178.796, 0.999426, 0.0337462, -0.0028875, -0.033786, 0.987344, -0.154955, -0.00237821, 0.154964, 0.987917, 0.00305893  
211, 10.571, -24.6639, 178.79, 0.999406, 0.0344538, -0.000972275, -0.034205, 0.987924, -0.151114, -0.00424592, 0.151057, 0.988516, 0.00280762  
212, 10.8955, -24.0609, 178.744, 0.999358, 0.0357508, -0.00250252, -0.0357013, 0.987009, -0.156649, -0.00313034, 0.156638, 0.987651, 0.00289416  
213, 11.1742, -23.1944, 178.747, 0.999343, 0.035985, -0.00425886, -0.0362071, 0.986918, -0.157102, -0.00145017, 0.157153, 0.987573, 0.00294271  
214, 11.4328, -22.4153, 178.755, 0.999318, 0.0367123, -0.00391418, -0.036871, 0.986876, -0.157215, -0.00190891, 0.157252, 0.987557, 0.00300983  
215, 11.6676, -21.5403, 178.721, 0.999319, 0.0367388, -0.0034465, -0.0368243, 0.986917, -0.156966, -0.00236532, 0.156986, 0.987598, 0.00318014  
216, 11.953, -20.6904, 178.75, 0.999288, 0.0376953, -0.00172322, -0.0375001, 0.986959, -0.156545, -0.00420023, 0.156498, 0.987669, 0.0028287  
217, 12.1492, -19.7336, 178.762, 0.999248, 0.0386577, 0.00308487, -0.0377489, 0.987808, -0.151031, -0.00888579, 0.150801, 0.988524, 0.00280956  
218, 12.4982, -18.6669, 178.795, 0.999244, 0.03832, 0.00649265, -0.0369359, 0.988265, -0.148214, -0.012096, 0.147863, 0.988934, 0.00289111  
219, 12.7379, -17.5231, 178.788, 0.999161, 0.0396437, 0.0102576, -0.0377613, 0.9889, -0.143706, -0.0158408, 0.143198, 0.989567, 0.00304284  
220, 12.9845, -16.3253, 178.837, 0.999087, 0.0413575, 0.0107488, -0.0393925, 0.988883, -0.143384, -0.0165593, 0.142829, 0.989609, 0.00284451  
221, 13.2261, -15.032, 178.88, 0.999053, 0.0413921, 0.013373, -0.0390889, 0.98917, -0.141476, -0.0190842, 0.14082, 0.989851, 0.00285284  
222, 13.3611, -13.7092, 178.948, 0.999071, 0.0411069, 0.0129639, -0.0389074, 0.989504, -0.139167, -0.0185486, 0.138533, 0.990184, 0.00288307  
223, 13.4202, -12.4653, 179.004, 0.99905, 0.0406524, 0.0157291, -0.0381095, 0.989766, -0.13752, -0.0211587, 0.13679, 0.990374, 0.00306614  
224, 13.5235, -11.0082, 179.067, 0.999029, 0.0397113, 0.0190678, -0.0368128, 0.990331, -0.133748, -0.0241947, 0.132916, 0.990832, 0.00304977  
225, 13.5792, -9.47039, 179.107, 0.998978, 0.0404945, 0.0200988, -0.0375507, 0.990818, -0.12988, -0.0251737, 0.128993, 0.991326, 0.00308361  
226, 13.632, -7.85204, 179.094, 0.999053, 0.0396671, 0.017878, -0.0371173, 0.991398, -0.125505, -0.0227027, 0.124723, 0.991932, 0.00283092  
227, 13.6495, -6.25721, 179.071, 0.999061, 0.0396373, 0.0175024, -0.0372575, 0.992072, -0.120018, -0.0221209, 0.119253, 0.992617, 0.00299347  
228, 13.6205, -4.67299, 179.056, 0.99905, 0.040031, 0.0172299, -0.0377916, 0.992649, -0.114978, -0.0217059, 0.114218, 0.993219, 0.00281206  
229, 13.6158, -3.06058, 179.053, 0.998998, 0.0410975, 0.0177201, -0.0388694, 0.992985, -0.111666, -0.022185, 0.110866, 0.993588, 0.00304839  
230, 13.7278, -1.3916, 179.072, 0.999077, 0.040111, 0.0153941, -0.0382641, 0.993657, -0.10574, -0.0195378, 0.105054, 0.994275, 0.00306808  
231, 13.8194, 0.362551, 179.053, 0.999053, 0.0406983, 0.0153758, -0.038923, 0.99402, -0.102027, -0.0194362, 0.101332, 0.994663, 0.0028287  
232, 13.9524, 2.13205, 178.972, 0.99895, 0.0428318, 0.0162516, -0.0410526, 0.994401, -0.0973746, -0.0203313, 0.0966052, 0.995115, 0.00294714  
233, 14.1067, 4.08395, 179.013, 0.998909, 0.04325, 0.0176181, -0.0415174, 0.995163, -0.0890384, -0.0213838, 0.0882098, 0.995872, 0.00282149  
234, 14.1643, 5.91909, 179.053, 0.998762, 0.044613, 0.0219991, -0.0426137, 0.995535, -0.0842276, -0.0256585, 0.0831859, 0.996204, 0.00305893  
235, 14.22, 7.78644, 179.045, 0.998773, 0.0433539, 0.0239319, -0.0413673, 0.996091, -0.0780506, -0.0272222, 0.0769648, 0.996662, 0.00318236  
236, 14.2183, 9.76919, 179.014, 0.998827, 0.0420078, 0.0240628, -0.0402252, 0.996714, -0.0703056, -0.0269371, 0.0692552, 0.997235, 0.00289222  
237, 14.2026, 11.72, 179.038, 0.998883, 0.0418794, 0.0218708, -0.0403611, 0.997018, -0.0657749, -0.0245602, 0.0648188, 0.997595, 0.00299485  
238, 14.0059, 13.7259, 178.977, 0.998857, 0.0428404, 0.0212223, -0.0414959, 0.997324, -0.0601881, -0.023744, 0.0592386, 0.997961, 0.00288113  
239, 13.8336, 15.8022, 179.046, 0.998927, 0.0428361, 0.0175986, -0.0418371, 0.997682, -0.0536761, -0.0198571, 0.0528822, 0.998403, 0.00302564  
240, 13.6565, 17.9018, 179.075, 0.998965, 0.042712, 0.0156402, -0.0418825, 0.997871, -0.0499932, -0.0177423, 0.0492864, 0.998627, 0.00302953  
241, 13.2941, 20.0896, 179.009, 0.998894, 0.0449116, 0.0139021, -0.0442312, 0.997967, -0.0458885, -0.0159348, 0.0452228, 0.99885, 0.00283841  
242, 13.0541, 22.2702, 179.005, 0.998864, 0.0459886, 0.012504, -0.04545, 0.99815, -0.0403938, -0.0143386, 0.0397795, 0.999106, 0.00295491  
243, 12.6758, 24.1978, 178.973, 0.99883, 0.0468839, 0.0118632, -0.0464865, 0.998412, -0.0318119, -0.0133358, 0.0312232, 0.999423, 0.00294659  
244, 12.1808, 26.1914, 178.923, 0.998749, 0.047758, 0.0148511, -0.0473613, 0.998539, -0.0260051, -0.0160714, 0.0252692, 0.999551, 0.00300207  
245, 11.6804, 28.4859, 178.955, 0.998798, 0.0477227, 0.0111574, -0.0475128, 0.998702, -0.0183736, -0.0120198, 0.0178214, 0.999769, 0.00305366  
246, 11.1669, 30.6765, 178.955, 0.998871, 0.046899, 0.00751754, -0.0468143, 0.998842, -0.0110747, -0.00802823, 0.0107103, 0.99991, 0.00280707  
247, 10.6832, 32.8053, 178.933, 0.998923, 0.0463376, 0.00235659, -0.0463207, 0.998904, -0.0067833, -0.00266833, 0.00666683, 0.999974, 0.0028104  
248, 10.0972, 35.0013, 178.878, 0.998986, 0.0449726, -0.00194549, -0.044977, 0.998985, -0.00225212, 0.00184224, 0.00233734, 0.999996, 0.00297017  
249, 9.50864, 37.3065, 178.896, 0.998922, 0.0459844, -0.00634806, -0.0459589, 0.998935, 0.00410743, 0.00653018, -0.00381125, 0.999971, 0.00314408  
250, 8.95322, 39.4662, 178.871, 0.998836, 0.0469854, -0.0109105, -0.0468696, 0.998844, 0.0106372, 0.0113977, -0.0101135, 0.999884, 0.0028667  
251, 8.43595, 41.5292, 178.949, 0.998861, 0.0453124, -0.0149476, -0.0450473, 0.99883, 0.0176173, 0.0157284, -0.0169239, 0.999733, 0.00294881  
252, 7.82355, 43.5471, 178.935, 0.998755, 0.0469113, -0.0169842, -0.046538, 0.99868, 0.0217454, 0.0179818, -0.0209279, 0.999619, 0.00283259  
253, 7.20838, 45.659, 178.994, 0.998641, 0.0481717, -0.0198902, -0.0475646, 0.998419, 0.0299438, 0.0213012, -0.0289571, 0.999354, 0.0029391  
254, 6.69187, 47.8174, 179.006, 0.998498, 0.0489924, -0.0245217, -0.0481382, 0.998252, 0.0342884, 0.0261587, -0.0330565, 0.999111, 0.00298209  
255, 6.12184, 49.8317, 178.97, 0.998405, 0.0483944, -0.0290718, -0.0472436, 0.99812, 0.0390475, 0.0309068, -0.0376118, 0.998814, 0.00308611  
256, 5.60058, 51.9202, 178.895, 0.998275, 0.0473205, -0.0347612, -0.0457975, 0.998009, 0.0433746, 0.0367445, -0.0417078, 0.998454, 0.00287197  
257, 4.98532, 53.9423, 178.885, 0.998093, 0.0463216, -0.0408109, -0.0444363, 0.997955, 0.0459517, 0.042856, -0.0440506, 0.99811, 0.00290138  
258, 4.39192, 55.9955, 178.918, 0.998101, 0.0436181, -0.0434864, -0.0411072, 0.997525, 0.057053, 0.0458673, -0.0551571, 0.997424, 0.00310442  
259, 3.80331, 57.8573, 178.937, 0.998038, 0.0450618, -0.0434691, -0.0423373, 0.997197, 0.0616836, 0.0461268, -0.0597222, 0.997149, 0.00296906  
260, 3.36475, 59.9589, 178.912, 0.997956, 0.0438113, -0.0465325, -0.0406874, 0.996984, 0.0660825, 0.0492874, -0.0640541, 0.996729, 0.00295158  
261, 2.89077, 61.8596, 178.88, 0.997814, 0.0441702, -0.0491647, -0.0408154, 0.9969, 0.0672661, 0.0519835, -0.0651124, 0.996523, 0.00292163  
262, 2.46356, 63.7619, 178.882, 0.997726, 0.0436045, -0.051405, -0.0397075, 0.996427, 0.0745358, 0.0544714, -0.0723251, 0.995893, 0.002852  
263, 1.94215, 65.6241, 178.859, 0.997405, 0.0441931, -0.0568423, -0.0398635, 0.996374, 0.0751702, 0.0599582, -0.0727092, 0.995549, 0.00292329  
264, 1.6609, 67.4649, 178.848, 0.997249, 0.0413562, -0.0615228, -0.0364194, 0.996185, 0.0793063, 0.0645679, -0.0768475, 0.99495, 0.00310109  
265, 1.34098, 69.3035, 178.82, 0.997043, 0.042189, -0.0642235, -0.0367388, 0.995805, 0.0837987, 0.0674895, -0.0811915, 0.994411, 0.00294465  
266, 1.02489, 71.1031, 178.806, 0.996902, 0.041359, -0.0668977, -0.0354509, 0.995559, 0.0872119, 0.0702076, -0.0845702, 0.993941, 0.00294409  
267, 0.575022, 72.8499, 178.78, 0.996783, 0.041849, -0.0683612, -0.0356852, 0.99539, 0.0890222, 0.0717716, -0.0862963, 0.993681, 0.00288723  
268, 0.387768, 74.6253, 178.759, 0.99662, 0.0429131, -0.0700432, -0.0363292, 0.995031, 0.0927059, 0.0736735, -0.089848, 0.993227, 0.0030348  
269, 0.132324, 76.1571, 178.844, 0.996807, 0.0398431, -0.0692036, -0.0333693, 0.995171, 0.0923066, 0.0725472, -0.0897026, 0.993323, 0.00307391  
270, -0.0254751, 77.5991, 178.854, 0.996828, 0.03908, -0.0693309, -0.0325226, 0.995106, 0.0933101, 0.0726381, -0.0907593, 0.99322, 0.00296989  
271, -0.128946, 79.2711, 178.755, 0.996738, 0.0404435, -0.0698357, -0.0335109, 0.994648, 0.0977362, 0.0734147, -0.0950772, 0.992759, 0.00301815  
272, -0.168275, 80.7396, 178.754, 0.996685, 0.040212, -0.0707243, -0.0330058, 0.994414, 0.100261, 0.0743609, -0.0975947, 0.992444, 0.00285284  
273, -0.245827, 82.0649, 178.751, 0.996732, 0.0386989, -0.0709012, -0.031628, 0.994657, 0.0982701, 0.0743253, -0.0957065, 0.992631, 0.00303896  
274, -0.25908, 83.3556, 178.866, 0.996739, 0.0362936, -0.0720665, -0.0292429, 0.994895, 0.0965881, 0.0752041, -0.0941657, 0.992712, 0.00305754  
275, -0.221447, 84.7299, 178.851, 0.996914, 0.0344572, -0.0705392, -0.0273327, 0.994654, 0.0995857, 0.0735935, -0.0973503, 0.992526, 0.00297488  
276, -0.208507, 86.0906, 178.878, 0.996774, 0.0351273, -0.0721584, -0.0279262, 0.994746, 0.0984872, 0.0752389, -0.0961545, 0.992519, 0.00306448  
277, -0.11176, 87.3358, 178.83, 0.996781, 0.0356662, -0.0717999, -0.0282808, 0.994447, 0.10137, 0.0750166, -0.0990134, 0.992254, 0.00564992  
278, -0.0471809, 88.5796, 178.808, 0.996747, 0.0379419, -0.0711028, -0.031031, 0.994907, 0.095898, 0.0743793, -0.0933797, 0.992848, 0.00286005  
279, 0.0578582, 89.884, 178.777, 0.99685, 0.0393287, -0.0688647, -0.0323511, 0.994496, 0.0996592, 0.0724051, -0.0971175, 0.992636, 0.00305504  
