0, 0, 0, 0, 0, 0, 0, 0, 0, 0, 0, 0, 0, 0.00689895  
1, 0, 0, 0, 0, 0, 0, 0, 0, 0, 0, 0, 0, 0.0028803  
2, 15.075, 19.7325, 178.338, 0.998647, 0.0379016, -0.0356142, -0.0369046, 0.998919, 0.0282476, 0.0366463, -0.026895, 0.998966, 0.0028434  
3, 15.0643, 19.7698, 178.356, 0.998634, 0.038018, -0.0358513, -0.0370699, 0.998955, 0.0267491, 0.0368307, -0.0253835, 0.998999, 0.00302287  
4, 15.0581, 19.7367, 178.336, 0.998648, 0.0381188, -0.0353464, -0.0371573, 0.998932, 0.0274709, 0.0363558, -0.0261204, 0.998997, 0.00277656  
5, 15.0195, 19.7722, 178.332, 0.998633, 0.0384258, -0.0354222, -0.037504, 0.99895, 0.026331, 0.0363968, -0.0249666, 0.999025, 0.00289361  
6, 15.07, 19.7647, 178.368, 0.998691, 0.0375034, -0.0347734, -0.0365435, 0.998944, 0.027841, 0.0357808, -0.0265338, 0.999007, 0.00280318  
7, 15.0788, 19.729, 178.343, 0.998661, 0.0380713, -0.0350327, -0.0370858, 0.998909, 0.0283655, 0.0360745, -0.0270283, 0.998984, 0.00286476  
8, 15.0659, 19.7811, 178.334, 0.998647, 0.0380633, -0.0354297, -0.0371053, 0.998938, 0.027314, 0.0364317, -0.0259624, 0.998999, 0.00294548  
9, 15.0314, 19.7841, 178.325, 0.99862, 0.0389001, -0.0352828, -0.0379731, 0.998925, 0.0265739, 0.0362786, -0.0251974, 0.999024, 0.00300068  
10, 15.0879, 19.7414, 178.331, 0.998724, 0.0372155, -0.0341473, -0.0362209, 0.998914, 0.0292984, 0.0352006, -0.0280242, 0.998987, 0.00287087  
11, 15.0564, 19.7499, 178.348, 0.998659, 0.0375011, -0.0356884, -0.0365046, 0.998936, 0.0281764, 0.0367071, -0.0268358, 0.998966, 0.0029796  
12, 15.0633, 19.7412, 178.314, 0.998648, 0.0376682, -0.0358274, -0.0366761, 0.998936, 0.0279568, 0.0368424, -0.0266049, 0.998967, 0.00275076  
13, 15.0597, 19.7421, 178.327, 0.998691, 0.0376011, -0.0346893, -0.0366184, 0.998922, 0.0285408, 0.035725, -0.0272332, 0.998991, 0.0029036  
14, 15.0376, 19.775, 178.319, 0.99867, 0.0382718, -0.0345366, -0.0373403, 0.998932, 0.0272242, 0.0355416, -0.0258984, 0.999033, 0.00297433  
15, 15.0198, 19.7697, 178.338, 0.998618, 0.0385954, -0.0356739, -0.0376707, 0.998946, 0.0262396, 0.036649, -0.0248595, 0.999019, 0.00294326  
16, 15.0498, 19.777, 178.362, 0.998614, 0.0383367, -0.0360588, -0.0373936, 0.99895, 0.0264746, 0.0370359, -0.0250895, 0.998999, 0.00292523  
17, 15.0671, 19.7418, 178.329, 0.998661, 0.0377995, -0.0353083, -0.0368224, 0.998932, 0.0279253, 0.0363261, -0.0265878, 0.998986, 0.00299596  
18, 15.0635, 19.7362, 178.325, 0.99863, 0.0378622, -0.0361233, -0.0368936, 0.998951, 0.0271136, 0.0371119, -0.0257437, 0.998979, 0.0031255  
19, 15.0856, 19.7511, 178.355, 0.998633, 0.0377452, -0.0361612, -0.0367641, 0.998948, 0.0274215, 0.0371582, -0.0260546, 0.99897, 0.00283148  
20, 15.0418, 19.7656, 178.354, 0.998613, 0.0386592, -0.0357537, -0.0376805, 0.998907, 0.0276529, 0.0367836, -0.0262674, 0.998978, 0.00288889  
21, 15.0457, 19.7777, 178.336, 0.998671, 0.0379027, -0.0349194, -0.0370011, 0.998974, 0.0261123, 0.0358733, -0.0247856, 0.999049, 0.00305504  
22, 15.0822, 19.7682, 178.352, 0.99865, 0.038159, -0.0352447, -0.0372129, 0.998939, 0.027119, 0.0362421, -0.0257708, 0.999011, 0.00300096  
23, 15.0458, 19.7554, 178.349, 0.998617, 0.0380511, -0.0362787, -0.0371402, 0.998986, 0.0254598, 0.0372107, -0.0240772, 0.999017, 0.00308611  
24, 15.0514, 19.7795, 178.337, 0.998599, 0.038259, -0.0365672, -0.037326, 0.998968, 0.025867, 0.0375191, -0.0244659, 0.998996, 0.0031047  
25, 15.0454, 19.7763, 178.348, 0.998625, 0.038182, -0.0359132, -0.0372426, 0.998956, 0.0264725, 0.0368864, -0.0250986, 0.999004, 0.00294354  
26, 15.0383, 19.7848, 178.344, 0.998612, 0.0385292, -0.0359181, -0.037596, 0.998947, 0.0263046, 0.0368937, -0.0249177, 0.999008, 0.00289583  
27, 15.073, 19.7599, 178.346, 0.998621, 0.0377224, -0.0365228, -0.0367136, 0.998936, 0.0279101, 0.0375368, -0.0265307, 0.998943, 0.00275853  
28, 15.0773, 19.7887, 178.381, 0.998621, 0.0379385, -0.0362822, -0.0369867, 0.998963, 0.0265548, 0.037252, -0.0251763, 0.998989, 0.00325226  
29, 15.0323, 19.7674, 178.343, 0.998648, 0.038411, -0.0350343, -0.0374861, 0.998941, 0.0266862, 0.0360223, -0.0253369, 0.99903, 0.00284479  
30, 15.0525, 19.7662, 178.376, 0.998642, 0.0384414, -0.035156, -0.0374862, 0.99892, 0.0274364, 0.0361727, -0.0260812, 0.999005, 0.00294798  
31, 15.0581, 19.7569, 178.347, 0.998662, 0.0379591, -0.0351257, -0.0370353, 0.99896, 0.0265847, 0.0360983, -0.0252483, 0.999029, 0.00284285  
32, 15.0777, 19.7775, 178.351, 0.998641, 0.0383777, -0.0352604, -0.0374106, 0.998916, 0.0276906, 0.0362849, -0.0263339, 0.998994, 0.00295824  
33, 15.0582, 19.7361, 178.319, 0.998669, 0.0379314, -0.0349357, -0.03696, 0.998923, 0.0280443, 0.0359618, -0.0267158, 0.998996, 0.00301843  
34, 15.0623, 19.7444, 178.339, 0.998632, 0.0381289, -0.0357897, -0.0371323, 0.998915, 0.0281082, 0.0368226, -0.0267408, 0.998964, 0.00292773  
35, 15.0573, 19.7787, 178.352, 0.998663, 0.0379499, -0.0351116, -0.0369991, 0.998941, 0.0273419, 0.0361121, -0.0260062, 0.999009, 0.00300734  
36, 15.0536, 19.7764, 178.352, 0.998641, 0.0383648, -0.0352764, -0.0374047, 0.998922, 0.0274847, 0.0362928, -0.0261278, 0.999, 0.00295658  
37, 15.0938, 19.7979, 178.38, 0.998625, 0.0375628, -0.0365748, -0.0365923, 0.998969, 0.0268527, 0.0375458, -0.0254774, 0.99897, 0.0030764  
38, 15.0837, 19.7267, 178.347, 0.998695, 0.0373014, -0.0348802, -0.0362987, 0.998922, 0.0289498, 0.0359225, -0.0276459, 0.998972, 0.00292384  
39, 15.0828, 19.7781, 178.37, 0.998653, 0.0377336, -0.0356113, -0.03679, 0.998964, 0.0267924, 0.0365853, -0.0254462, 0.999007, 0.00292995  
40, 15.0522, 19.7685, 178.349, 0.998633, 0.0383439, -0.03551, -0.0374134, 0.998948, 0.0265077, 0.0364891, -0.0251429, 0.999018, 0.00281012  
41, 15.0517, 19.7706, 178.34, 0.998633, 0.0384092, -0.0354465, -0.0374931, 0.998955, 0.0261561, 0.0364141, -0.0247914, 0.999029, 0.00282926  
42, 15.0661, 19.7987, 178.368, 0.99862, 0.0384205, -0.0357966, -0.037441, 0.998916, 0.0276443, 0.0368199, -0.0262659, 0.998977, 0.0028434  
43, 15.0934, 19.7801, 178.349, 0.998636, 0.0381248, -0.035675, -0.0371651, 0.998939, 0.0271882, 0.0366737, -0.0258253, 0.998994, 0.00297405  
44, 15.0916, 19.7619, 178.376, 0.998634, 0.0375882, -0.0363013, -0.0366135, 0.998961, 0.0271515, 0.0372842, -0.0257852, 0.998972, 0.00286171  
45, 15.0819, 19.7565, 178.318, 0.998646, 0.0378046, -0.035731, -0.0368325, 0.998943, 0.0274845, 0.0367323, -0.0261313, 0.998983, 0.00297682  
46, 15.0746, 19.7683, 178.355, 0.998641, 0.0382972, -0.0353394, -0.0373506, 0.998936, 0.0270685, 0.0363385, -0.0257118, 0.999009, 0.00286421  
47, 15.0495, 19.7863, 178.367, 0.998621, 0.0387186, -0.0354581, -0.0377555, 0.99891, 0.0274416, 0.036482, -0.026065, 0.998994, 0.00290748  
48, 15.0895, 19.7869, 178.357, 0.998654, 0.0379699, -0.0353375, -0.0370474, 0.998965, 0.0264043, 0.0363034, -0.0250596, 0.999027, 0.00298625  
49, 15.0079, 19.77, 178.345, 0.998643, 0.0385186, -0.0350466, -0.0376006, 0.998942, 0.0264865, 0.0360297, -0.0251328, 0.999035, 0.00283397  
50, 15.1174, 19.7332, 178.346, 0.998646, 0.037528, -0.03602, -0.036539, 0.998947, 0.0277333, 0.0370228, -0.0263796, 0.998966, 0.00295852  
51, 15.0568, 19.7893, 178.344, 0.99863, 0.0384227, -0.035533, -0.0374806, 0.998938, 0.0268098, 0.0365254, -0.0254413, 0.999009, 0.00285589  
52, 15.0671, 19.7911, 178.338, 0.998632, 0.0386622, -0.0352166, -0.0377102, 0.998916, 0.0273071, 0.0362342, -0.0259417, 0.999007, 0.00301205  
53, 15.0385, 19.7603, 178.342, 0.998583, 0.0389944, -0.0362163, -0.0380522, 0.998928, 0.0263521, 0.037205, -0.0249367, 0.998996, 0.00300817  
54, 15.0579, 19.766, 178.346, 0.998615, 0.0384361, -0.0359153, -0.0375097, 0.998955, 0.0261208, 0.0368817, -0.0247375, 0.999013, 0.00298404  
55, 15.0751, 19.7318, 178.322, 0.99867, 0.0376697, -0.035189, -0.0367115, 0.998948, 0.0274912, 0.0361876, -0.0261628, 0.999002, 0.00294382  
56, 15.0664, 19.7653, 178.344, 0.99864, 0.0383923, -0.035264, -0.0374657, 0.998945, 0.0265712, 0.036247, -0.0252139, 0.999025, 0.00289  
57, 15.0372, 19.7853, 178.343, 0.998631, 0.0385974, -0.0353102, -0.0376565, 0.998928, 0.0269344, 0.0363119, -0.0255679, 0.999013, 0.00290221  
58, 15.1109, 19.7644, 178.364, 0.998666, 0.0374294, -0.0355698, -0.0364462, 0.998946, 0.0279003, 0.0365766, -0.0265667, 0.998978, 0.00300484  
59, 15.0627, 19.7892, 178.365, 0.998635, 0.0381592, -0.0356774, -0.0372355, 0.998963, 0.0262064, 0.0366405, -0.0248422, 0.99902, 0.00314186  
60, 15.0579, 19.7715, 178.339, 0.998663, 0.0380703, -0.0349655, -0.0371802, 0.998976, 0.0257639, 0.0359105, -0.0244294, 0.999056, 0.00318624  
61, 15.0617, 19.7759, 178.358, 0.998638, 0.0377057, -0.0360686, -0.0367831, 0.998987, 0.0259084, 0.037009, -0.0245464, 0.999013, 0.00302786  
62, 15.1015, 19.7361, 178.342, 0.998666, 0.037572, -0.0354205, -0.0365741, 0.998927, 0.0284126, 0.03645, -0.0270792, 0.998969, 0.00302925  
63, 15.0797, 19.7528, 178.341, 0.998697, 0.0369951, -0.0351541, -0.0360053, 0.998948, 0.028385, 0.0361672, -0.0270823, 0.998979, 0.00313687  
64, 15.021, 19.766, 178.351, 0.998612, 0.038845, -0.035575, -0.0379178, 0.998933, 0.0263768, 0.0365616, -0.0249912, 0.999019, 0.00292246  
65, 15.053, 19.7703, 178.365, 0.998612, 0.0382182, -0.0362384, -0.0372716, 0.998955, 0.0264463, 0.0372113, -0.025059, 0.998993, 0.00298098  
66, 15.0792, 19.7816, 178.34, 0.998624, 0.0385353, -0.0355608, -0.0376335, 0.998961, 0.0256882, 0.0365138, -0.0243146, 0.999037, 0.00294825  
67, 15.0932, 19.788, 178.375, 0.998635, 0.0377825, -0.0360504, -0.036834, 0.998967, 0.0266213, 0.037019, -0.0252571, 0.998995, 0.00296545  
68, 15.0931, 19.7749, 178.361, 0.998646, 0.0376469, -0.0358954, -0.0367178, 0.998982, 0.0262002, 0.0368452, -0.0248467, 0.999012, 0.00291663  
69, 15.0483, 19.7801, 178.375, 0.998643, 0.0381538, -0.0354506, -0.037195, 0.998934, 0.0273247, 0.0364554, -0.025969, 0.998998, 0.00281761  
70, 15.0878, 19.7852, 178.362, 0.998648, 0.0380672, -0.0354034, -0.0371341, 0.998955, 0.0266526, 0.036381, -0.0253019, 0.999018, 0.00302231  
71, 15.0519, 19.7728, 178.329, 0.998633, 0.0384375, -0.0354255, -0.0375062, 0.998943, 0.0265874, 0.03641, -0.0252223, 0.999019, 0.00293799  
72, 15.0671, 19.7469, 178.329, 0.998662, 0.0379016, -0.0351695, -0.0369323, 0.998931, 0.0278135, 0.0361861, -0.0264774, 0.998994, 0.00291219  
73, 15.062, 19.7677, 178.327, 0.998594, 0.0387057, -0.0362273, -0.0377605, 0.998937, 0.0264222, 0.0372115, -0.0250171, 0.998994, 0.00305643  
74, 15.0429, 19.7671, 178.344, 0.998602, 0.0384701, -0.0362462, -0.0375544, 0.998966, 0.0256137, 0.037194, -0.0242167, 0.999015, 0.00282149  
75, 15.0579, 19.7646, 178.354, 0.99864, 0.0382547, -0.035428, -0.0373121, 0.998942, 0.0268961, 0.0364194, -0.0255377, 0.99901, 0.00295713  
76, 15.1042, 19.781, 178.355, 0.998629, 0.0375337, -0.0364952, -0.0366079, 0.998999, 0.0257132, 0.0374237, -0.0243419, 0.999003, 0.00292801  
77, 15.0498, 19.776, 178.333, 0.998624, 0.0392003, -0.0348249, -0.0383001, 0.998924, 0.0261496, 0.0358125, -0.0247798, 0.999051, 0.00294825  
78, 15.0433, 19.7695, 178.357, 0.998621, 0.0381939, -0.0360266, -0.0372375, 0.998946, 0.0268538, 0.0370143, -0.0254752, 0.99899, 0.00295824  
79, 15.0387, 19.7709, 178.348, 0.998637, 0.0385064, -0.0352421, -0.0375847, 0.998943, 0.0264524, 0.0362234, -0.0250918, 0.999029, 0.00278821  
80, 15.0466, 19.7545, 178.333, 0.998623, 0.038599, -0.035526, -0.0376795, 0.998946, 0.0261967, 0.0364997, -0.0248221, 0.999025, 0.00273079  
81, 15.0362, 19.7807, 178.401, 0.998544, 0.0376432, -0.038643, -0.0365356, 0.998912, 0.0289787, 0.0396918, -0.0275246, 0.998833, 0.00273578  
82, 15.0617, 19.7693, 178.343, 0.998613, 0.0382091, -0.0362201, -0.0372688, 0.998959, 0.0262907, 0.037187, -0.0249044, 0.998998, 0.00277961  
83, 15.0488, 19.7728, 178.356, 0.998645, 0.0377963, -0.0357581, -0.0368804, 0.998983, 0.0259364, 0.036702, -0.0245825, 0.999024, 0.00309859  
84, 15.0544, 19.7814, 178.337, 0.998635, 0.0380673, -0.035757, -0.0371319, 0.99896, 0.0264688, 0.0367274, -0.0251049, 0.99901, 0.00269667  
85, 15.1015, 19.7465, 178.352, 0.998667, 0.0375613, -0.0353925, -0.0365294, 0.998901, 0.029366, 0.0364567, -0.028034, 0.998942, 0.00284507  
86, 15.0499, 19.784, 178.346, 0.99863, 0.0385198, -0.0354244, -0.0375945, 0.998944, 0.0264253, 0.0364049, -0.0250573, 0.999023, 0.00289999  
87, 15.0493, 19.7688, 178.347, 0.998644, 0.0381434, -0.0354156, -0.0372347, 0.998969, 0.0259738, 0.0363698, -0.0246199, 0.999035, 0.00283619  
88, 15.0631, 19.7753, 178.346, 0.998644, 0.0375671, -0.0360496, -0.0366497, 0.998996, 0.0257814, 0.0369819, -0.0244252, 0.999017, 0.00274577  
89, 15.0617, 19.7991, 178.332, 0.998599, 0.0385714, -0.0362307, -0.0376578, 0.998964, 0.0255693, 0.0371794, -0.0241691, 0.999016, 0.00273218  
90, 15.0502, 19.7759, 178.337, 0.998631, 0.0382706, -0.0356605, -0.0373381, 0.998952, 0.0264589, 0.0366357, -0.0250911, 0.999014, 0.00297987  
91, 15.037, 19.7782, 178.345, 0.998572, 0.0389744, -0.0365392, -0.0380025, 0.998915, 0.026927, 0.037549, -0.0255, 0.998969, 0.00301094  
92, 15.0305, 19.7582, 178.329, 0.998622, 0.0391953, -0.0348904, -0.0382979, 0.998927, 0.0260277, 0.0358732, -0.0246556, 0.999052, 0.00288002  
93, 15.0894, 19.7414, 178.359, 0.998677, 0.0364059, -0.0363179, -0.0353996, 0.998982, 0.0279777, 0.0372995, -0.0266551, 0.998949, 0.00292495  
94, 15.0348, 19.748, 178.347, 0.998669, 0.0376229, -0.0352863, -0.0367036, 0.998979, 0.0263503, 0.0362416, -0.0250201, 0.99903, 0.00294271  
95, 15.0387, 19.6869, 178.311, 0.998647, 0.0380903, -0.0353908, -0.0371418, 0.998943, 0.0270824, 0.036385, -0.0257313, 0.999007, 0.00292273  
96, 15.07, 19.7181, 178.344, 0.998627, 0.0376863, -0.0363944, -0.0367951, 0.999014, 0.0248533, 0.0372952, -0.02348, 0.999028, 0.0031169  
97, 15.0485, 19.6991, 178.345, 0.998646, 0.0379181, -0.0356271, -0.0370658, 0.999018, 0.0242849, 0.036513, -0.0229315, 0.99907, 0.0028692  
98, 15.0451, 19.6546, 178.344, 0.998634, 0.0383443, -0.0354821, -0.0375372, 0.999027, 0.0231401, 0.0363349, -0.0217766, 0.999102, 0.00296767  
99, 15.0279, 19.6175, 178.359, 0.99868, 0.0379641, -0.0345952, -0.0371543, 0.999027, 0.0237569, 0.0354635, -0.0224402, 0.999119, 0.00296018  
100, 15.0474, 19.6022, 178.387, 0.998675, 0.0376321, -0.0351086, -0.0368446, 0.999061, 0.0228154, 0.0359342, -0.0214916, 0.999123, 0.00289278  
101, 15.019, 19.5569, 178.369, 0.998666, 0.0382119, -0.0347175, -0.0374831, 0.999068, 0.0214055, 0.0355031, -0.0200757, 0.999168, 0.00320344  
102, 15.0256, 19.5165, 178.364, 0.998644, 0.0385941, -0.0349373, -0.037894, 0.999072, 0.0204843, 0.0356954, -0.0191326, 0.99918, 0.00285367  
103, 14.9862, 19.4722, 178.393, 0.998672, 0.0381328, -0.0346294, -0.0374735, 0.999107, 0.0194939, 0.0353418, -0.0181704, 0.99921, 0.00290581  
104, 15.0266, 19.4409, 178.415, 0.998707, 0.0373384, -0.0344875, -0.0367421, 0.999167, 0.0177647, 0.0351221, -0.0164746, 0.999247, 0.00296434  
105, 15.0617, 19.4297, 178.419, 0.998672, 0.0372412, -0.0356, -0.0366733, 0.999192, 0.0164724, 0.0361846, -0.0151449, 0.99923, 0.00276962  
106, 15.0049, 19.3847, 178.406, 0.998655, 0.0382329, -0.0350202, -0.037753, 0.999185, 0.014264, 0.035537, -0.0129227, 0.999285, 0.00310497  
107, 15.0356, 19.3572, 178.441, 0.998678, 0.0377024, -0.0349443, -0.0372484, 0.999214, 0.013555, 0.0354279, -0.0122355, 0.999297, 0.00283231  
108, 15.0288, 19.3133, 178.412, 0.998661, 0.0382748, -0.0348118, -0.0378654, 0.999207, 0.0123454, 0.0352567, -0.0110107, 0.999318, 0.00292551  
109, 15.0134, 19.2772, 178.447, 0.998697, 0.0378314, -0.0342373, -0.0374779, 0.999238, 0.0109088, 0.0346239, -0.00961148, 0.999354, 0.00295907  
110, 15.0372, 19.2425, 178.477, 0.998708, 0.0378523, -0.0338965, -0.0375032, 0.999237, 0.0108742, 0.0342822, -0.00958892, 0.999366, 0.00299152  
111, 15.049, 19.2147, 178.472, 0.998696, 0.0379217, -0.0341701, -0.0376528, 0.999255, 0.00847794, 0.0344662, -0.00718028, 0.99938, 0.00306669  
112, 15.0708, 19.1923, 178.492, 0.998725, 0.0373467, -0.0339623, -0.0370933, 0.999279, 0.00806118, 0.0342389, -0.00679113, 0.999391, 0.00281955  
113, 15.0664, 19.1338, 178.518, 0.998687, 0.0379492, -0.0344156, -0.0377648, 0.999269, 0.00599288, 0.0346179, -0.00468532, 0.99939, 0.00286282  
114, 15.0519, 19.0509, 178.536, 0.998699, 0.0376109, -0.0344436, -0.0375037, 0.999289, 0.00375476, 0.0345603, -0.00245812, 0.9994, 0.00307224  
115, 15.0333, 19.0123, 178.534, 0.998709, 0.0375384, -0.0342251, -0.0374839, 0.999295, 0.00223206, 0.0342848, -0.000946284, 0.999412, 0.00294465  
116, 14.9981, 18.9671, 178.5, 0.99871, 0.0385639, -0.0330215, -0.0385761, 0.999256, 0.000269457, 0.0330073, 0.00100473, 0.999455, 0.00323534  
117, 15.0364, 18.8834, 178.528, 0.99878, 0.0372736, -0.0323979, -0.0373623, 0.9993, -0.00213531, 0.0322956, 0.00334316, 0.999473, 0.00290415  
118, 15.0507, 18.8554, 178.549, 0.998807, 0.0365963, -0.0323272, -0.0367139, 0.999321, -0.00304917, 0.0321937, 0.00423239, 0.999473, 0.00282371  
119, 15.0411, 18.792, 178.576, 0.998804, 0.0366198, -0.0323979, -0.0367965, 0.999311, -0.00487434, 0.032197, 0.00606064, 0.999463, 0.00282593  
120, 15.0397, 18.7281, 178.554, 0.998804, 0.0370489, -0.0319053, -0.0373154, 0.999273, -0.00779852, 0.0315932, 0.00897976, 0.99946, 0.00295158  
121, 15.0631, 18.6811, 178.556, 0.998756, 0.037277, -0.0331133, -0.0376516, 0.999233, -0.010764, 0.0326867, 0.0119974, 0.999394, 0.00306558  
122, 15.0877, 18.6261, 178.607, 0.998775, 0.0370777, -0.0327574, -0.0375031, 0.999219, -0.0124691, 0.0322695, 0.0136823, 0.999386, 0.00285339  
123, 15.0954, 18.5766, 178.607, 0.998765, 0.036706, -0.0334763, -0.0372293, 0.999192, -0.0151443, 0.0328934, 0.0163719, 0.999325, 0.00298681  
124, 15.093, 18.5485, 178.61, 0.998766, 0.0379167, -0.0320719, -0.0384584, 0.999125, -0.0164469, 0.0314202, 0.0176601, 0.99935, 0.00290415  
125, 15.1428, 18.4907, 178.624, 0.998769, 0.0374434, -0.0325435, -0.0380623, 0.999102, -0.0186097, 0.0318174, 0.0198255, 0.999297, 0.0028423  
126, 15.1737, 18.4589, 178.632, 0.998764, 0.0378001, -0.0322784, -0.0384979, 0.999032, -0.0212782, 0.0314428, 0.0224945, 0.999252, 0.00293577  
127, 15.1928, 18.3897, 178.637, 0.998796, 0.0376115, -0.031505, -0.0383665, 0.998982, -0.0237144, 0.030581, 0.0248946, 0.999222, 0.00281428  
128, 15.2202, 18.3059, 178.651, 0.998807, 0.0371475, -0.0317117, -0.0379316, 0.99898, -0.0244935, 0.0307695, 0.0256672, 0.999197, 0.00302703  
129, 15.2464, 18.2771, 178.681, 0.998845, 0.0370567, -0.0305959, -0.0379249, 0.99888, -0.0283037, 0.0295128, 0.0294313, 0.999131, 0.00289084  
130, 15.2839, 18.1936, 178.666, 0.998827, 0.0375215, -0.0306006, -0.0384476, 0.998802, -0.0302606, 0.0294285, 0.0314017, 0.999074, 0.00299929  
131, 15.3266, 18.1307, 178.648, 0.998822, 0.0369238, -0.0314833, -0.0379958, 0.998694, -0.0341597, 0.0301809, 0.0353157, 0.99892, 0.00310359  
132, 15.3532, 18.0571, 178.675, 0.998763, 0.0376941, -0.0324179, -0.0389088, 0.998532, -0.0376922, 0.0309495, 0.038907, 0.998763, 0.00285616  
133, 15.3589, 17.9781, 178.691, 0.998806, 0.0364043, -0.0325818, -0.0377389, 0.998433, -0.0413306, 0.0310261, 0.0425108, 0.998614, 0.00284091  
134, 15.331, 17.9479, 178.647, 0.998844, 0.0368698, -0.0308393, -0.0381607, 0.998373, -0.0423734, 0.0292268, 0.0435013, 0.998626, 0.00282343  
135, 15.397, 17.8857, 178.691, 0.998817, 0.0362846, -0.0323865, -0.037758, 0.998223, -0.0461059, 0.030656, 0.0472741, 0.998411, 0.00288224  
136, 15.4055, 17.8444, 178.681, 0.998837, 0.0360285, -0.0320441, -0.0375757, 0.998088, -0.0490685, 0.030215, 0.0502155, 0.998281, 0.00287752  
137, 15.4285, 17.7431, 178.692, 0.998882, 0.035925, -0.0307373, -0.0374656, 0.99799, -0.0511095, 0.0288395, 0.0522039, 0.99822, 0.00287364  
138, 15.4672, 17.6846, 178.679, 0.998858, 0.0359558, -0.0314657, -0.037653, 0.99777, -0.0551184, 0.0294136, 0.0562402, 0.997984, 0.00301732  
139, 15.4947, 17.6275, 178.689, 0.998837, 0.0358955, -0.0321815, -0.0377403, 0.997563, -0.0586801, 0.0299967, 0.0598264, 0.997758, 0.00296822  
140, 15.4903, 17.5462, 178.671, 0.998854, 0.0361661, -0.0313639, -0.0380537, 0.997361, -0.0618367, 0.0290447, 0.0629593, 0.997593, 0.0029366  
141, 15.5399, 17.4743, 178.641, 0.998853, 0.0357985, -0.0317969, -0.0377792, 0.997232, -0.0640448, 0.0294162, 0.0651726, 0.99744, 0.00301538  
142, 15.5586, 17.4542, 178.655, 0.99883, 0.0348622, -0.0335155, -0.0370869, 0.99698, -0.0682244, 0.0310359, 0.0693875, 0.997107, 0.00289416  
143, 15.573, 17.3854, 178.656, 0.998818, 0.0356596, -0.0330214, -0.0379364, 0.996747, -0.0711055, 0.0303784, 0.0722742, 0.996922, 0.00318458  
144, 15.5665, 17.3047, 178.653, 0.998779, 0.0349092, -0.0349637, -0.0374998, 0.996371, -0.0764071, 0.0321695, 0.0776249, 0.996463, 0.00359177  
145, 15.6172, 17.1993, 178.633, 0.998738, 0.0358309, -0.035192, -0.038612, 0.995899, -0.0818181, 0.0321161, 0.0830737, 0.996026, 0.00299069  
146, 15.6284, 17.1493, 178.612, 0.998729, 0.035348, -0.0359265, -0.0382964, 0.995645, -0.0849977, 0.0327655, 0.0862655, 0.995733, 0.00312661  
147, 15.6509, 17.0982, 178.605, 0.99872, 0.0351433, -0.036377, -0.0382818, 0.995249, -0.0895192, 0.0330582, 0.0907972, 0.995321, 0.00300373  
148, 15.6113, 17.0699, 178.609, 0.99868, 0.03597, -0.0366643, -0.0392663, 0.994839, -0.0935564, 0.0331098, 0.0948726, 0.994939, 0.00292163  
149, 15.634, 17.0226, 178.604, 0.998708, 0.03538, -0.0364786, -0.0387172, 0.9947, -0.0952517, 0.0329152, 0.096541, 0.994785, 0.00300789  
150, 15.626, 16.9813, 178.609, 0.99869, 0.0357381, -0.0366096, -0.0391993, 0.994349, -0.0986568, 0.0328769, 0.0999627, 0.994448, 0.00292939  
151, 15.6422, 16.9424, 178.574, 0.998685, 0.0359881, -0.0365168, -0.0395507, 0.993992, -0.102059, 0.0326245, 0.103369, 0.994108, 0.00305532  
152, 15.5851, 16.8373, 178.579, 0.998666, 0.035942, -0.0370679, -0.0397833, 0.993276, -0.108716, 0.0329112, 0.110045, 0.993382, 0.0028312  
153, 15.6658, 16.7779, 178.535, 0.99866, 0.0364222, -0.0367516, -0.0402638, 0.99313, -0.109869, 0.0324975, 0.111201, 0.993266, 0.00287419  
154, 15.6604, 16.7453, 178.53, 0.998599, 0.0372543, -0.0375872, -0.0413625, 0.99248, -0.11521, 0.0330125, 0.116604, 0.99263, 0.00291802  
155, 15.6623, 16.6927, 178.503, 0.998617, 0.0377436, -0.0366007, -0.0417821, 0.992286, -0.116715, 0.0319131, 0.118083, 0.992491, 0.00288695  
156, 15.6418, 16.6992, 178.529, 0.998645, 0.0369634, -0.0366424, -0.041136, 0.991852, -0.120571, 0.0318871, 0.121915, 0.992028, 0.00300761  
157, 15.6244, 16.7283, 178.513, 0.998626, 0.0375698, -0.0365202, -0.0417636, 0.991671, -0.121834, 0.0316388, 0.123192, 0.991878, 0.00297155  
158, 15.6344, 16.7405, 178.503, 0.998625, 0.0379609, -0.0361465, -0.0421679, 0.99141, -0.123806, 0.0311363, 0.12516, 0.991648, 0.00290415  
159, 15.6576, 16.7676, 178.503, 0.998613, 0.0380116, -0.0364254, -0.0423408, 0.991053, -0.126577, 0.0312881, 0.127944, 0.991288, 0.00294104  
160, 15.6228, 16.6964, 178.475, 0.998608, 0.038743, -0.0357977, -0.043077, 0.99064, -0.129523, 0.0304445, 0.130885, 0.99093, 0.00291663  
161, 15.5936, 16.5346, 178.44, 0.998571, 0.0402029, -0.0352007, -0.0445979, 0.989898, -0.134584, 0.0294344, 0.135962, 0.990277, 0.00306281  
162, 15.6165, 16.5994, 178.411, 0.998561, 0.0404448, -0.0352171, -0.0449089, 0.989565, -0.13691, 0.0293123, 0.138295, 0.989957, 0.00283009  
163, 15.6097, 16.5519, 178.457, 0.998586, 0.0403485, -0.0346205, -0.0448391, 0.989044, -0.140643, 0.0285665, 0.141997, 0.989455, 0.00291136  
164, 15.5641, 16.5747, 178.447, 0.998506, 0.0418028, -0.0351874, -0.0464524, 0.988514, -0.14381, 0.0287716, 0.14523, 0.98898, 0.00303008  
165, 15.5548, 16.6085, 178.459, 0.998525, 0.0413319, -0.0352173, -0.0460683, 0.98814, -0.146481, 0.0287453, 0.147887, 0.988586, 0.00294132  
166, 15.5564, 16.6719, 178.449, 0.998543, 0.0414341, -0.0345613, -0.046169, 0.987624, -0.14989, 0.0279231, 0.151267, 0.988098, 0.00301399  
167, 15.5707, 16.6265, 178.417, 0.998561, 0.0414709, -0.0340017, -0.0461075, 0.987698, -0.149419, 0.0273869, 0.150771, 0.988189, 0.00300068  
168, 15.5452, 16.7648, 178.441, 0.998535, 0.041351, -0.0348923, -0.046248, 0.987021, -0.153785, 0.0280803, 0.155174, 0.987488, 0.00288362  
169, 15.4847, 16.8024, 178.412, 0.998506, 0.0419926, -0.0349505, -0.0469494, 0.986666, -0.15584, 0.0279403, 0.157248, 0.987164, 0.00291358  
170, 15.4471, 16.8852, 178.416, 0.998474, 0.0423528, -0.0354319, -0.0475036, 0.985955, -0.160116, 0.0281529, 0.161555, 0.986462, 0.00289084  
171, 15.4794, 16.9115, 178.388, 0.998503, 0.0418373, -0.0352434, -0.0470474, 0.985495, -0.16305, 0.0279106, 0.164464, 0.985988, 0.00309748  
172, 15.4657, 17.0746, 178.398, 0.998528, 0.0414082, -0.0350199, -0.0466026, 0.985425, -0.163602, 0.027735, 0.164993, 0.985905, 0.00298598  
173, 15.446, 17.1661, 178.352, 0.9985, 0.0412613, -0.0359953, -0.0467276, 0.98479, -0.167349, 0.0285427, 0.16878, 0.98524, 0.00292163  
174, 15.3977, 17.3496, 178.375, 0.998516, 0.041386, -0.0353943, -0.0468296, 0.984297, -0.170196, 0.0277947, 0.171601, 0.984774, 0.00289278  
175, 15.3619, 17.5277, 178.343, 0.998436, 0.0422119, -0.0366577, -0.0479108, 0.983948, -0.171902, 0.028813, 0.173389, 0.984432, 0.00289971  
176, 15.3007, 17.8, 178.383, 0.998338, 0.0424268, -0.0390008, -0.0485794, 0.983637, -0.173487, 0.0310022, 0.175093, 0.984064, 0.00299125  
177, 15.2826, 18.0357, 178.388, 0.998344, 0.0423178, -0.0389689, -0.0485406, 0.983221, -0.175844, 0.0308736, 0.177444, 0.983646, 0.00286809  
178, 15.2893, 18.2713, 178.364, 0.998353, 0.0414212, -0.0396937, -0.0478607, 0.982838, -0.178153, 0.0316331, 0.17976, 0.983202, 0.0029416  
179, 15.2269, 18.5393, 178.357, 0.998375, 0.0405653, -0.0400305, -0.0471647, 0.982391, -0.180788, 0.0319918, 0.182382, 0.982707, 0.00295408  
180, 15.1909, 18.9778, 178.378, 0.998345, 0.0399937, -0.0413184, -0.046847, 0.982354, -0.18107, 0.0333476, 0.182706, 0.982602, 0.00291497  
181, 15.1512, 19.3476, 178.374, 0.998229, 0.0407621, -0.0433184, -0.0480269, 0.981998, -0.182684, 0.035092, 0.184441, 0.982217, 0.00305005  
182, 15.1007, 19.8441, 178.395, 0.99819, 0.0417581, -0.0432827, -0.049088, 0.981481, -0.185163, 0.0347491, 0.186952, 0.981754, 0.00289472  
183, 15.0696, 20.3939, 178.362, 0.998195, 0.0410771, -0.0438209, -0.0485262, 0.981473, -0.185356, 0.0353952, 0.187148, 0.981694, 0.00280707  
184, 15.0078, 20.9552, 178.365, 0.998044, 0.0437119, -0.0447005, -0.0513723, 0.980854, -0.187845, 0.0356336, 0.189774, 0.981181, 0.0030004  
185, 14.9585, 21.5772, 178.37, 0.998062, 0.0425836, -0.0453653, -0.0503729, 0.980993, -0.187391, 0.0365232, 0.189313, 0.981237, 0.0029391  
186, 14.8851, 22.2643, 178.408, 0.998086, 0.0430482, -0.0443901, -0.0505185, 0.981644, -0.183911, 0.0356582, 0.185802, 0.98194, 0.0029416  
187, 14.8975, 22.9631, 178.402, 0.998073, 0.0422259, -0.0454649, -0.0499621, 0.98141, -0.185305, 0.036795, 0.18722, 0.981629, 0.00285395  
188, 14.7746, 23.7475, 178.405, 0.998087, 0.0437174, -0.0437141, -0.0511477, 0.981095, -0.186643, 0.0347282, 0.188522, 0.981455, 0.00292024  
189, 14.676, 24.556, 178.378, 0.997993, 0.0453319, -0.0442235, -0.0528689, 0.9808, -0.187711, 0.0348651, 0.189672, 0.981228, 0.00289222  
190, 14.6284, 25.5156, 178.385, 0.997983, 0.0472024, -0.042438, -0.0543347, 0.98091, -0.186715, 0.0328145, 0.188644, 0.981497, 0.00294215  
191, 14.5275, 26.6674, 178.477, 0.99796, 0.0475988, -0.0425437, -0.0546959, 0.981165, -0.185268, 0.0329239, 0.187217, 0.981767, 0.00313049  
192, 14.4669, 27.7908, 178.381, 0.997847, 0.0461578, -0.0465924, -0.0540247, 0.981271, -0.184903, 0.0371851, 0.187022, 0.981652, 0.00284257  
193, 14.5002, 29.1118, 178.403, 0.997782, 0.0444478, -0.0495594, -0.0527478, 0.982024, -0.181236, 0.040613, 0.183448, 0.98219, 0.00283508  
194, 14.373, 30.4175, 178.487, 0.997819, 0.0428116, -0.0502371, -0.051165, 0.982527, -0.17895, 0.0416982, 0.18113, 0.982575, 0.00291774  
195, 14.1623, 31.9043, 178.528, 0.997917, 0.0437519, -0.047403, -0.0513449, 0.983567, -0.173091, 0.0390509, 0.175164, 0.983764, 0.00298431  
196, 14.2201, 33.3788, 178.626, 0.997967, 0.0415998, -0.0482918, -0.0491693, 0.984565, -0.16797, 0.0405589, 0.170003, 0.984609, 0.00309388  
197, 14.0224, 34.9487, 178.68, 0.998097, 0.0395718, -0.0472976, -0.0467748, 0.985607, -0.162453, 0.0401883, 0.164356, 0.985582, 0.00308112  
198, 13.8954, 36.6459, 178.674, 0.998036, 0.037743, -0.0499939, -0.0453215, 0.986017, -0.160365, 0.0432422, 0.162316, 0.985791, 0.0028753  
199, 13.804, 38.3123, 178.631, 0.997967, 0.038297, -0.050951, -0.0457693, 0.986905, -0.154673, 0.0443602, 0.156691, 0.986651, 0.00287003  
200, 13.8618, 40.124, 178.659, 0.997865, 0.037658, -0.0533665, -0.0451571, 0.988087, -0.147121, 0.0471905, 0.149217, 0.987678, 0.00302592  
201, 13.5789, 41.9868, 178.582, 0.997781, 0.0403038, -0.0529886, -0.0473604, 0.989091, -0.139487, 0.0467887, 0.141687, 0.988805, 0.00320511  
202, 13.6079, 43.8436, 178.61, 0.997788, 0.0378834, -0.0546245, -0.0447959, 0.99031, -0.131452, 0.0491154, 0.133608, 0.989816, 0.00299985  
203, 13.3186, 45.6726, 178.608, 0.997897, 0.0353155, -0.0543631, -0.0419122, 0.991217, -0.125428, 0.0494561, 0.127443, 0.990612, 0.00294936  
204, 13.1479, 47.6188, 178.671, 0.997949, 0.0344953, -0.0539188, -0.0406209, 0.992302, -0.116988, 0.0494682, 0.118938, 0.991669, 0.00290443  
205, 13.1467, 49.5711, 178.747, 0.997981, 0.0344381, -0.0533667, -0.0401467, 0.993133, -0.109882, 0.0492161, 0.111803, 0.992511, 0.00278654  
206, 13.0967, 51.6721, 178.815, 0.997879, 0.0343533, -0.0552965, -0.0400634, 0.99359, -0.105708, 0.0513106, 0.107699, 0.992859, 0.00315324  
207, 13.0189, 53.8155, 178.858, 0.997693, 0.034742, -0.0583247, -0.0403977, 0.99429, -0.0987737, 0.05456, 0.100902, 0.993399, 0.00289611  
208, 12.8105, 56.0382, 178.799, 0.997636, 0.0365154, -0.0582203, -0.0416752, 0.995067, -0.0900261, 0.0546457, 0.0922396, 0.994236, 0.00281012  
209, 12.7103, 58.2411, 178.756, 0.99742, 0.0402485, -0.059443, -0.0450304, 0.995661, -0.0814282, 0.0559077, 0.0838948, 0.994905, 0.00300096  
210, 12.5276, 60.3006, 178.74, 0.997595, 0.0394745, -0.0569678, -0.04363, 0.99633, -0.0736458, 0.0538516, 0.0759543, 0.995656, 0.00284119  
211, 12.5831, 62.3189, 178.838, 0.99753, 0.0387612, -0.0585784, -0.0426906, 0.996813, -0.0673882, 0.0557797, 0.0697225, 0.996006, 0.00301011  
212, 12.5496, 64.5679, 178.869, 0.997732, 0.0360961, -0.0568066, -0.0391742, 0.99777, -0.0540391, 0.0547293, 0.056142, 0.996922, 0.00295352  
213, 12.6125, 66.7939, 178.774, 0.997715, 0.0355343, -0.0574688, -0.0380807, 0.998313, -0.0438391, 0.055814, 0.0459274, 0.997384, 0.00291857  
214, 12.786, 69.0628, 178.837, 0.997715, 0.0356657, -0.0573802, -0.037859, 0.998575, -0.0376013, 0.0559573, 0.0396877, 0.997644, 0.00308112  
215, 12.9172, 71.2744, 178.967, 0.998142, 0.0319989, -0.0518428, -0.0335704, 0.998994, -0.0297311, 0.0508393, 0.0314163, 0.998213, 0.00304811  
216, 13.2715, 73.5016, 179.037, 0.998142, 0.031498, -0.0521547, -0.0328785, 0.999126, -0.025825, 0.0512956, 0.0274918, 0.998305, 0.00290304  
217, 13.3242, 75.7643, 178.988, 0.998321, 0.031375, -0.0487005, -0.0321381, 0.999371, -0.0149658, 0.0482003, 0.0165058, 0.998701, 0.00270361  
218, 13.3021, 78.136, 178.872, 0.998056, 0.0313807, -0.0538416, -0.0315234, 0.999501, -0.00180215, 0.0537582, 0.00349592, 0.998548, 0.00282593  
219, 13.3064, 80.3775, 178.698, 0.997905, 0.0346783, -0.054625, -0.0346059, 0.999398, 0.00227187, 0.0546709, -0.000376763, 0.998504, 0.00278821  
220, 13.4986, 82.6343, 178.789, 0.997899, 0.036819, -0.0533058, -0.0362297, 0.999272, 0.0119806, 0.0537081, -0.0100242, 0.998506, 0.00281983  
221, 13.6729, 84.8597, 178.678, 0.998031, 0.0373971, -0.0503536, -0.0365211, 0.999167, 0.0182065, 0.0509925, -0.0163316, 0.998565, 0.00306281  
222, 13.8247, 87.2057, 178.698, 0.998303, 0.0333946, -0.0477079, -0.0322476, 0.999177, 0.0246141, 0.0484906, -0.0230338, 0.998558, 0.00440643  
223, 14.0196, 89.2212, 178.725, 0.998664, 0.0325848, -0.0401035, -0.0313029, 0.998991, 0.0321899, 0.0411119, -0.0308916, 0.998677, 0.00284063  
224, 14.2118, 91.5246, 178.729, 0.998811, 0.0303359, -0.0381734, -0.028749, 0.998727, 0.0414547, 0.0393824, -0.040308, 0.998411, 0.00289  
225, 14.464, 93.7818, 178.577, 0.998791, 0.0310876, -0.038077, -0.0292793, 0.998458, 0.0471609, 0.0394844, -0.045989, 0.998161, 0.00284951  
226, 14.7877, 96.0239, 178.524, 0.998764, 0.0334046, -0.0368059, -0.0314081, 0.998071, 0.0535471, 0.0385236, -0.0523249, 0.997887, 0.00291552  
227, 15.1088, 98.1896, 178.502, 0.998893, 0.0322642, -0.0342325, -0.0301933, 0.997779, 0.059378, 0.0360722, -0.0582787, 0.997648, 0.0028545  
228, 15.4584, 100.31, 178.495, 0.998958, 0.0328682, -0.031651, -0.0307255, 0.997349, 0.0659557, 0.0337349, -0.0649145, 0.99732, 0.00291913  
229, 15.871, 102.431, 178.539, 0.998999, 0.0325147, -0.030717, -0.0302611, 0.997004, 0.0711808, 0.0329394, -0.07018, 0.99699, 0.00283675  
230, 16.3445, 104.496, 178.443, 0.999109, 0.0315278, -0.0280634, -0.0291816, 0.996334, 0.0804115, 0.0304957, -0.0795209, 0.996367, 0.00283065  
231, 16.9636, 106.5, 178.437, 0.999262, 0.0303172, -0.0235758, -0.0281072, 0.995634, 0.0890066, 0.0261713, -0.0882783, 0.995752, 0.00302842  
232, 17.4668, 108.611, 178.353, 0.999285, 0.0302248, -0.0227197, -0.0278426, 0.994726, 0.0987138, 0.0255835, -0.0980106, 0.994856, 0.00283342  
233, 17.878, 110.704, 178.259, 0.99922, 0.033504, -0.0208929, -0.0312433, 0.994449, 0.10047, 0.024143, -0.0997387, 0.994721, 0.00288973  
234, 18.4242, 112.842, 178.217, 0.999112, 0.036572, -0.0209119, -0.0342289, 0.994077, 0.103143, 0.0245602, -0.102336, 0.994447, 0.00289444  
235, 18.8287, 114.716, 178.262, 0.999194, 0.0371949, -0.0150947, -0.0353778, 0.993666, 0.106661, 0.0189663, -0.106041, 0.994181, 0.00289916  
236, 19.1879, 116.453, 178.515, 0.999507, 0.0296419, -0.0103696, -0.0283409, 0.993669, 0.108718, 0.0135265, -0.108371, 0.994019, 0.00291746  
237, 19.5721, 118.099, 178.655, 0.999657, 0.025603, -0.00556202, -0.0248047, 0.9932, 0.113746, 0.00843644, -0.113569, 0.993494, 0.00283065  
238, 19.968, 119.856, 178.576, 0.999669, 0.0254193, -0.0039632, -0.0247498, 0.992282, 0.121504, 0.00702117, -0.121366, 0.992583, 0.00291691  
239, 20.3287, 121.537, 178.521, 0.999636, 0.0268796, -0.00243731, -0.0263539, 0.99158, 0.126785, 0.00582473, -0.126675, 0.991927, 0.00284729  
240, 20.6254, 123.262, 178.375, 0.999595, 0.0284625, 0.000534074, -0.0282868, 0.990966, 0.131094, 0.00320201, -0.131056, 0.99137, 0.00293549  
241, 20.9788, 124.829, 178.343, 0.999549, 0.0300185, 0.000430683, -0.0298194, 0.991056, 0.130074, 0.00347778, -0.130028, 0.991504, 0.00304672  
242, 21.2606, 126.287, 178.294, 0.999544, 0.0299997, 0.00355581, -0.0302063, 0.990723, 0.132499, 0.000452116, -0.132546, 0.991177, 0.00281705  
243, 21.6306, 127.771, 178.37, 0.999521, 0.0307144, 0.00372888, -0.0309379, 0.990767, 0.131996, 0.00035974, -0.132048, 0.991243, 0.00288529  
244, 21.9167, 129.153, 178.379, 0.999554, 0.0296608, 0.00332327, -0.0298405, 0.990938, 0.130963, 0.000591315, -0.131004, 0.991382, 0.00291053  
245, 22.1589, 130.472, 178.437, 0.999607, 0.0278206, 0.00332225, -0.028015, 0.99064, 0.133594, 0.000425497, -0.133634, 0.991031, 0.00290692  
246, 22.2795, 131.675, 178.415, 0.99962, 0.0269016, 0.00594362, -0.0274624, 0.990187, 0.137021, -0.00219921, -0.137133, 0.99055, 0.00297377  
247, 22.4092, 132.945, 178.35, 0.99956, 0.0288649, 0.00682102, -0.029526, 0.990202, 0.136489, -0.00281446, -0.13663, 0.990618, 0.00291857  
248, 22.3905, 134.039, 178.264, 0.99955, 0.0286022, 0.00904595, -0.0295835, 0.989825, 0.139178, -0.00497312, -0.139383, 0.990226, 0.00287697  
249, 22.432, 135.195, 178.272, 0.999478, 0.0313386, 0.00783237, -0.0321031, 0.990569, 0.133199, -0.00358425, -0.133381, 0.991058, 0.00289084  
250, 22.3996, 136.334, 178.22, 0.999463, 0.0315025, 0.00902682, -0.0324403, 0.990113, 0.136469, -0.00463846, -0.136689, 0.990603, 0.00294437  
251, 22.2551, 137.395, 178.183, 0.99947, 0.031518, 0.00813718, -0.0323314, 0.990213, 0.135766, -0.00377846, -0.135957, 0.990707, 0.00296323  
252, 22.1657, 138.283, 178.235, 0.999426, 0.0331133, 0.00711535, -0.0337702, 0.990315, 0.134671, -0.00258705, -0.134834, 0.990865, 0.00304506  
253, 21.8987, 139.006, 178.155, 0.999453, 0.0326803, 0.00506149, -0.0330647, 0.990246, 0.135351, -0.000588822, -0.135444, 0.990785, 0.00289084  
254, 21.7194, 139.594, 178.167, 0.999459, 0.0327598, 0.00297131, -0.0328625, 0.990437, 0.133995, 0.00144676, -0.13402, 0.990978, 0.00284618  
255, 21.5602, 140.454, 178.197, 0.999428, 0.0337191, 0.0027384, -0.0337854, 0.990672, 0.132012, 0.00173848, -0.132029, 0.991244, 0.00291497  
256, 21.3665, 141.005, 178.167, 0.999416, 0.0341628, -0.00110585, -0.0337395, 0.99118, 0.128152, 0.00547415, -0.12804, 0.991754, 0.00298098  
257, 21.2236, 141.607, 178.184, 0.999335, 0.036416, -0.00189198, -0.0358904, 0.991435, 0.125573, 0.00644866, -0.125422, 0.992083, 0.00293965  
258, 21.1286, 142.002, 178.32, 0.999295, 0.0374757, -0.00212805, -0.0369622, 0.992311, 0.11812, 0.00653833, -0.117958, 0.992997, 0.00287253  
259, 20.9827, 142.48, 178.415, 0.999333, 0.0364219, -0.00269408, -0.0358525, 0.99241, 0.117631, 0.00695797, -0.117456, 0.993054, 0.00293161  
260, 20.8199, 142.705, 178.575, 0.999365, 0.0356029, -0.00166065, -0.0351954, 0.99313, 0.111597, 0.00562241, -0.111467, 0.993752, 0.00296656  
261, 20.6761, 142.976, 178.658, 0.999385, 0.0350085, -0.00180365, -0.0346059, 0.993485, 0.108581, 0.00559316, -0.108452, 0.994086, 0.00303424  
262, 20.5947, 143.086, 178.721, 0.999387, 0.0349028, -0.00266964, -0.0344633, 0.994424, 0.099664, 0.00613331, -0.0995109, 0.995018, 0.00290748  
263, 20.3919, 143.385, 178.819, 0.999366, 0.0354002, -0.0037281, -0.0348771, 0.994741, 0.0963056, 0.00711773, -0.0961145, 0.995345, 0.00289056  
264, 20.2919, 143.652, 178.796, 0.99937, 0.0350725, -0.00548386, -0.034417, 0.995132, 0.0923509, 0.00869614, -0.0921039, 0.995711, 0.00287946  
265, 20.1609, 143.659, 178.842, 0.999336, 0.0360775, -0.00511939, -0.0355126, 0.995748, 0.0850016, 0.00816427, -0.0847633, 0.996368, 0.00290803  
266, 20.1649, 143.762, 178.873, 0.999362, 0.0349425, -0.00735766, -0.0342521, 0.996277, 0.0791134, 0.0100947, -0.0788109, 0.996838, 0.00301261  
267, 19.9739, 143.797, 178.893, 0.99934, 0.0353345, -0.00847466, -0.0346294, 0.996771, 0.0724395, 0.0110069, -0.0720982, 0.997337, 0.00280762  
268, 19.8485, 143.773, 178.915, 0.999327, 0.0356596, -0.00863534, -0.0350155, 0.997217, 0.0658227, 0.0109585, -0.065476, 0.997794, 0.00285616  
269, 19.7201, 143.763, 178.935, 0.9993, 0.0363767, -0.00873249, -0.0357959, 0.997595, 0.0593604, 0.0108708, -0.0590062, 0.998198, 0.00293965  
270, 19.6517, 143.771, 178.94, 0.999305, 0.0360288, -0.00957798, -0.0354556, 0.997886, 0.0544672, 0.0115201, -0.0540897, 0.99847, 0.00281456  
271, 19.5456, 143.655, 178.959, 0.999317, 0.0356078, -0.00983876, -0.0351198, 0.998325, 0.0459734, 0.0114593, -0.0455965, 0.998894, 0.00298431  
272, 19.3871, 143.578, 178.939, 0.999252, 0.0371588, -0.0107524, -0.036715, 0.998569, 0.0388816, 0.0121818, -0.0384577, 0.999186, 0.00288252  
273, 19.2905, 143.571, 178.963, 0.999257, 0.0369484, -0.0110013, -0.0365572, 0.998758, 0.0338631, 0.0122388, -0.0334357, 0.999366, 0.00291774  
274, 19.128, 143.409, 178.974, 0.99924, 0.0373388, -0.0111647, -0.0370448, 0.998989, 0.0254741, 0.0121045, -0.0250411, 0.999613, 0.00294049  
275, 19.0415, 143.28, 178.946, 0.999157, 0.0383034, -0.0147951, -0.0380887, 0.999169, 0.0145364, 0.0153396, -0.0139606, 0.999785, 0.00296462  
276, 18.9163, 143.157, 178.967, 0.999143, 0.0385423, -0.0150724, -0.0384122, 0.999223, 0.00882698, 0.0154009, -0.00824045, 0.999847, 0.00298071  
277, 18.7601, 143.126, 178.946, 0.999157, 0.0382383, -0.01493, -0.0381832, 0.999263, 0.00395957, 0.0150704, -0.00338616, 0.999881, 0.00289444  
278, 18.6491, 143.03, 178.972, 0.999133, 0.0379197, -0.017177, -0.0379811, 0.999273, -0.00325969, 0.0170409, 0.00390926, 0.999847, 0.00284812  
279, 18.5692, 142.695, 178.947, 0.999072, 0.0384819, -0.0193387, -0.0388032, 0.99911, -0.0165203, 0.0186858, 0.0172553, 0.999676, 0.00295352  
280, 18.4559, 142.739, 178.957, 0.999055, 0.0387964, -0.0195892, -0.0391999, 0.999018, -0.0206502, 0.0187688, 0.0213986, 0.999595, 0.00292911  
281, 18.2669, 142.545, 178.916, 0.99904, 0.0387176, -0.0204755, -0.0392591, 0.998871, -0.0267374, 0.0194172, 0.0275156, 0.999433, 0.00304145  
282, 18.0975, 142.556, 178.95, 0.999018, 0.0393594, -0.0203363, -0.0400261, 0.998637, -0.0334928, 0.0189904, 0.0342739, 0.999232, 0.00285727  
