0, 9.65276, -41.3025, 180.647, 0.998318, 0.0555776, 0.0164859, -0.0545307, 0.996808, -0.0583049, -0.0196738, 0.0573078, 0.998163, 0.0429094  
1, 9.67715, -41.3525, 180.648, 0.998379, 0.0550426, 0.0144802, -0.0540843, 0.996741, -0.0598472, -0.0177271, 0.0589671, 0.998103, 0.00278627  
2, 9.69655, -41.3983, 180.625, 0.998387, 0.0541692, 0.01701, -0.0531158, 0.996946, -0.0572445, -0.0200589, 0.0562486, 0.998215, 0.0030348  
3, 9.69266, -41.4022, 180.654, 0.9984, 0.0543914, 0.01547, -0.0534142, 0.996899, -0.0577886, -0.0185653, 0.0568698, 0.998209, 0.00276769  
4, 9.67803, -41.3605, 180.688, 0.998375, 0.0548476, 0.0154901, -0.0538475, 0.99681, -0.0589141, -0.018672, 0.0579842, 0.998143, 0.00267726  
5, 9.66585, -41.369, 180.712, 0.998403, 0.0543625, 0.0153812, -0.0533609, 0.996808, -0.0593777, -0.0185601, 0.0584621, 0.998117, 0.0029086  
6, 9.67151, -41.3399, 180.656, 0.998364, 0.0551723, 0.0149788, -0.0541796, 0.99672, -0.0601088, -0.018246, 0.0591989, 0.998079, 0.00279959  
7, 9.69202, -41.3967, 180.634, 0.99836, 0.0549936, 0.0159094, -0.0539998, 0.996895, -0.0573061, -0.0190115, 0.056353, 0.99823, 0.0027982  
8, 9.69878, -41.3804, 180.601, 0.99836, 0.0552436, 0.0150443, -0.0543195, 0.996945, -0.0561284, -0.0180991, 0.0552191, 0.99831, 0.0028448  
9, 9.70436, -41.401, 180.637, 0.99839, 0.0546582, 0.0151444, -0.053684, 0.996836, -0.0586197, -0.0183005, 0.0577123, 0.998166, 0.0029208  
10, 9.68037, -41.3751, 180.643, 0.998341, 0.055259, 0.0161752, -0.0542203, 0.996795, -0.0588252, -0.0193739, 0.0578506, 0.998137, 0.00298099  
11, 9.69059, -41.3766, 180.677, 0.998393, 0.0546645, 0.014926, -0.0536933, 0.996805, -0.0591418, -0.0181112, 0.0582454, 0.998138, 0.00341565  
12, 9.69711, -41.3774, 180.67, 0.998405, 0.054213, 0.0157493, -0.0532008, 0.99685, -0.058814, -0.0188881, 0.0578823, 0.998145, 0.00275465  
13, 9.66647, -41.3746, 180.647, 0.99839, 0.0544176, 0.0159799, -0.0534088, 0.996891, -0.0579234, -0.0190822, 0.0569767, 0.998193, 0.00283343  
14, 9.68172, -41.3565, 180.653, 0.998374, 0.0546935, 0.0160468, -0.0536781, 0.99687, -0.0580429, -0.0191711, 0.0570872, 0.998185, 0.00292025  
15, 9.6516, -41.3471, 180.664, 0.998365, 0.0549712, 0.0156524, -0.053973, 0.996838, -0.0583102, -0.0188083, 0.05737, 0.998176, 0.00293356  
16, 9.67333, -41.3405, 180.67, 0.998363, 0.0553238, 0.0145082, -0.0543495, 0.99668, -0.0606229, -0.0178139, 0.0597352, 0.998055, 0.00302204  
17, 9.69773, -41.3696, 180.595, 0.998323, 0.0557069, 0.0157525, -0.0547484, 0.996937, -0.0558424, -0.018815, 0.0548863, 0.998315, 0.00283981  
18, 9.6975, -41.3395, 180.658, 0.998365, 0.0553898, 0.0141448, -0.0544555, 0.996737, -0.0595746, -0.0173985, 0.0587069, 0.998124, 0.00282649  
19, 9.67882, -41.3617, 180.644, 0.998387, 0.0545524, 0.0157577, -0.0535551, 0.996881, -0.0579702, -0.018871, 0.0570328, 0.998194, 0.00294382  
20, 9.67355, -41.369, 180.63, 0.998343, 0.0554148, 0.0154945, -0.0543851, 0.99669, -0.0604297, -0.0187919, 0.059487, 0.998052, 0.00296601  
21, 9.66768, -41.3575, 180.562, 0.998341, 0.0553805, 0.0157316, -0.0543961, 0.996874, -0.0573028, -0.0188559, 0.056352, 0.998233, 0.00290638  
22, 9.689, -41.3537, 180.652, 0.998389, 0.0546382, 0.0152959, -0.0536642, 0.996865, -0.0581322, -0.0184242, 0.0572177, 0.998192, 0.00277878  
23, 9.68211, -41.3751, 180.656, 0.998359, 0.0550918, 0.0156052, -0.0540624, 0.996728, -0.0600927, -0.0188647, 0.0591505, 0.998071, 0.00284591  
24, 9.66698, -41.3591, 180.633, 0.998314, 0.0553138, 0.0175803, -0.0542101, 0.996841, -0.0580385, -0.0207351, 0.0569877, 0.99816, 0.00294715  
25, 9.6826, -41.3508, 180.662, 0.998374, 0.0549544, 0.0151632, -0.0539695, 0.996791, -0.0591116, -0.018363, 0.0581971, 0.998136, 0.00296823  
26, 9.66403, -41.3758, 180.634, 0.998373, 0.0549046, 0.015406, -0.0539069, 0.996799, -0.0590462, -0.0185986, 0.0581197, 0.998136, 0.00457065  
27, 9.67395, -41.4261, 180.639, 0.998315, 0.0553357, 0.01744, -0.0542686, 0.996918, -0.0566499, -0.020521, 0.0556081, 0.998242, 0.00279848  
28, 9.69323, -41.3372, 180.643, 0.998356, 0.055144, 0.0156334, -0.05415, 0.99684, -0.0581272, -0.0187894, 0.0571851, 0.998187, 0.00288557  
29, 9.68244, -41.3862, 180.621, 0.998402, 0.0544812, 0.0150316, -0.053509, 0.99683, -0.0588782, -0.0181917, 0.0579798, 0.998152, 0.00283759  
30, 9.65765, -41.3714, 180.614, 0.998342, 0.0554405, 0.0154477, -0.0544305, 0.996741, -0.0595293, -0.0186977, 0.0585899, 0.998107, 0.00288946  
31, 9.70473, -41.4001, 180.596, 0.998362, 0.0551012, 0.0154273, -0.0541293, 0.996873, -0.0575753, -0.0185515, 0.0566459, 0.998222, 0.00291165  
32, 9.67593, -41.355, 180.658, 0.998349, 0.0554877, 0.0148766, -0.0545127, 0.996743, -0.0594353, -0.018126, 0.0585262, 0.998121, 0.00268226  
33, 9.66728, -41.3858, 180.639, 0.998358, 0.054679, 0.0170479, -0.0536181, 0.996906, -0.0574695, -0.0201376, 0.0564611, 0.998202, 0.00279792  
34, 9.68256, -41.3837, 180.673, 0.998342, 0.0553362, 0.0158252, -0.0543286, 0.996823, -0.058252, -0.0189983, 0.0572957, 0.998176, 0.00283981  
35, 9.62846, -41.3476, 180.671, 0.998342, 0.05497, 0.0170473, -0.0538828, 0.996817, -0.0587504, -0.0202225, 0.0577344, 0.998127, 0.0029588  
36, 9.67105, -41.339, 180.658, 0.998367, 0.0549749, 0.0155081, -0.0539905, 0.996855, -0.0580116, -0.0186485, 0.0570796, 0.998195, 0.00290887  
37, 9.69557, -41.4138, 180.686, 0.998378, 0.054866, 0.0151755, -0.0538877, 0.996819, -0.0587229, -0.0183491, 0.0578099, 0.998159, 0.00283287  
38, 9.65908, -41.354, 180.635, 0.998323, 0.0554753, 0.0165197, -0.0543993, 0.996734, -0.0596897, -0.0197771, 0.058691, 0.99808, 0.00279487  
39, 9.66767, -41.3852, 180.659, 0.99835, 0.0548339, 0.0170412, -0.0537533, 0.996842, -0.0584538, -0.0201926, 0.0574414, 0.998145, 0.00285479  
40, 9.68575, -41.3989, 180.643, 0.998394, 0.054699, 0.0147121, -0.0537456, 0.996819, -0.0588443, -0.017884, 0.0579591, 0.998159, 0.00292885  
41, 9.67715, -41.3769, 180.631, 0.998373, 0.0550198, 0.0149809, -0.0540276, 0.99673, -0.0600885, -0.018238, 0.0591813, 0.998081, 0.00295409  
42, 9.66046, -41.3425, 180.61, 0.998382, 0.0548504, 0.0149975, -0.0538707, 0.996782, -0.0593631, -0.0182053, 0.0584592, 0.998124, 0.00350468  
43, 9.66093, -41.3617, 180.649, 0.998389, 0.054302, 0.016432, -0.0532581, 0.996871, -0.0584093, -0.0195523, 0.0574401, 0.998157, 0.00297794  
44, 9.66326, -41.3599, 180.647, 0.998322, 0.0555246, 0.0164605, -0.0544637, 0.996765, -0.0590959, -0.0196886, 0.0581002, 0.998117, 0.00283925  
45, 9.65388, -41.354, 180.644, 0.998348, 0.0551032, 0.016284, -0.05408, 0.996867, -0.0577205, -0.0194136, 0.0567445, 0.9982, 0.00371577  
46, 9.66977, -41.3371, 180.636, 0.998377, 0.0546859, 0.015877, -0.0536775, 0.996862, -0.0581866, -0.0190092, 0.0572399, 0.998179, 0.00280763  
47, 9.67795, -41.3657, 180.646, 0.998364, 0.0550037, 0.015591, -0.0540018, 0.996815, -0.0586853, -0.0187692, 0.0577474, 0.998155, 0.00278683  
48, 9.65951, -41.3422, 180.645, 0.99835, 0.055243, 0.0156891, -0.0542258, 0.996773, -0.0591798, -0.0189078, 0.0582314, 0.998124, 0.00277684  
49, 9.65597, -41.4005, 180.674, 0.998353, 0.0551032, 0.0159675, -0.0540718, 0.996787, -0.0590854, -0.0191719, 0.0581247, 0.998125, 0.00276852  
50, 9.66648, -41.3842, 180.651, 0.998396, 0.0544096, 0.0156811, -0.0534147, 0.996881, -0.0580929, -0.018793, 0.0571621, 0.998188, 0.00287281  
51, 9.69184, -41.3909, 180.639, 0.998405, 0.0545206, 0.0146922, -0.0535884, 0.996893, -0.0577367, -0.0177944, 0.0568572, 0.998224, 0.00275826  
52, 9.66722, -41.3837, 180.635, 0.998394, 0.0549347, 0.0138157, -0.054014, 0.996739, -0.0599475, -0.0170639, 0.059105, 0.998106, 0.00281124  
53, 9.66223, -41.3703, 180.638, 0.998324, 0.0558, 0.0153336, -0.0547838, 0.996683, -0.060189, -0.0186413, 0.0592481, 0.998069, 0.00282927  
54, 9.66395, -41.396, 180.602, 0.998334, 0.0555684, 0.0155052, -0.054564, 0.996763, -0.05904, -0.0187358, 0.0580957, 0.998135, 0.0047626  
55, 9.68647, -41.3912, 180.626, 0.998351, 0.0550151, 0.0163938, -0.0539727, 0.996834, -0.0583914, -0.0195543, 0.0574103, 0.998159, 0.00349109  
56, 9.66882, -41.3381, 180.657, 0.998337, 0.0555041, 0.0155804, -0.0545137, 0.996823, -0.0580642, -0.0187537, 0.0571182, 0.998191, 0.00279626  
57, 9.68489, -41.3666, 180.661, 0.998379, 0.0550769, 0.0143356, -0.0541353, 0.996766, -0.0593798, -0.0175597, 0.0585075, 0.998133, 0.00277435  
58, 9.6915, -41.4181, 180.645, 0.998338, 0.0550376, 0.0170666, -0.0539855, 0.996916, -0.0569578, -0.0201488, 0.0559418, 0.998231, 0.00276852  
59, 9.68315, -41.3714, 180.632, 0.998416, 0.0546115, 0.0135358, -0.0537277, 0.996825, -0.0587681, -0.0167023, 0.0579478, 0.99818, 0.00278045  
60, 9.66598, -41.3487, 180.641, 0.998348, 0.0552439, 0.0157675, -0.0542475, 0.996851, -0.0578448, -0.0189134, 0.0568939, 0.998201, 0.00288557  
61, 9.6727, -41.3434, 180.616, 0.998402, 0.0547322, 0.0140893, -0.0538119, 0.996806, -0.0590144, -0.0172743, 0.0581619, 0.998158, 0.00275632  
62, 9.65492, -41.38, 180.612, 0.998389, 0.0548515, 0.0145424, -0.0539128, 0.996827, -0.0585563, -0.0177081, 0.057678, 0.998178, 0.00274688  
63, 9.64895, -41.3596, 180.646, 0.998362, 0.0551135, 0.0153631, -0.0541021, 0.996737, -0.0598942, -0.018614, 0.0589649, 0.998086, 0.00277462  
64, 9.66103, -41.3925, 180.638, 0.998376, 0.0548684, 0.0153065, -0.0538764, 0.9968, -0.0590515, -0.0184976, 0.0581309, 0.998138, 0.00284369  
65, 9.6988, -41.3861, 180.653, 0.998364, 0.0550142, 0.0155511, -0.0540145, 0.996814, -0.0586915, -0.0187305, 0.0577555, 0.998155, 0.00287781  
66, 9.66371, -41.3636, 180.613, 0.998357, 0.0548561, 0.0165362, -0.0537926, 0.996804, -0.059054, -0.0197228, 0.0580674, 0.998118, 0.0027663  
67, 9.6611, -41.3777, 180.634, 0.998369, 0.0547254, 0.0162778, -0.0537043, 0.996891, -0.0576558, -0.0193824, 0.0566875, 0.998204, 0.00276075  
68, 9.66287, -41.3918, 180.664, 0.998372, 0.0547025, 0.0161397, -0.053661, 0.996808, -0.0591205, -0.0193223, 0.0581582, 0.99812, 0.0027921  
69, 9.67881, -41.3336, 180.639, 0.998352, 0.055088, 0.0160785, -0.0540781, 0.996872, -0.0576332, -0.0192031, 0.0566687, 0.998208, 0.00279404  
70, 9.63952, -41.3546, 180.651, 0.998371, 0.0547866, 0.0159059, -0.0537555, 0.996793, -0.0592839, -0.0191029, 0.0583323, 0.998114, 0.00287115  
71, 9.66604, -41.3701, 180.642, 0.998384, 0.0548083, 0.0149823, -0.0538246, 0.996768, -0.0596373, -0.0182025, 0.0587345, 0.998108, 0.00285173  
72, 9.65874, -41.3656, 180.66, 0.998363, 0.0549344, 0.0159524, -0.0539012, 0.996788, -0.0592348, -0.0191552, 0.058278, 0.998117, 0.00286505  
73, 9.67496, -41.382, 180.63, 0.998343, 0.0556211, 0.0147541, -0.0546612, 0.996761, -0.0589883, -0.0179873, 0.0580841, 0.99815, 0.00289639  
74, 9.66676, -41.3526, 180.648, 0.998368, 0.054876, 0.0158277, -0.0538109, 0.996668, -0.0612921, -0.0191384, 0.0603404, 0.997994, 0.00315103  
75, 9.66418, -41.4012, 180.684, 0.998396, 0.0546326, 0.0148574, -0.0536405, 0.996725, -0.0605191, -0.018115, 0.059625, 0.998056, 0.00307752  
76, 9.67527, -41.3799, 180.644, 0.998375, 0.0548498, 0.0154565, -0.0538599, 0.996835, -0.0584749, -0.0186149, 0.0575474, 0.998169, 0.00284064  
77, 9.65717, -41.377, 180.654, 0.998372, 0.0550914, 0.014793, -0.0541187, 0.996753, -0.0596216, -0.0180296, 0.058724, 0.998111, 0.00281651  
78, 9.67015, -41.3788, 180.616, 0.99831, 0.0556982, 0.0165608, -0.054653, 0.99682, -0.0579907, -0.0197381, 0.0569876, 0.99818, 0.00277435  
79, 9.68346, -41.3566, 180.606, 0.998322, 0.0554063, 0.0168602, -0.0543369, 0.996815, -0.0583703, -0.0200406, 0.0573562, 0.998153, 0.00287947  
80, 9.68462, -41.359, 180.665, 0.998358, 0.0550541, 0.0157943, -0.0540562, 0.996861, -0.0578525, -0.0189297, 0.0569038, 0.9982, 0.00288863  
81, 9.66692, -41.3644, 180.635, 0.998377, 0.0547138, 0.0158285, -0.0536916, 0.996809, -0.0590619, -0.0190095, 0.0581161, 0.998129, 0.0028656  
82, 9.66272, -41.3893, 180.628, 0.998331, 0.0552588, 0.016783, -0.0541805, 0.996784, -0.0590473, -0.0199919, 0.0580395, 0.998114, 0.0028215  
83, 9.67728, -41.3394, 180.645, 0.998358, 0.0554738, 0.0142982, -0.0545096, 0.996664, -0.06075, -0.0176205, 0.0598709, 0.998051, 0.00279321  
84, 9.66379, -41.3627, 180.667, 0.998367, 0.0552369, 0.014601, -0.0542475, 0.996652, -0.0611664, -0.0179307, 0.0602744, 0.998021, 0.00288973  
85, 9.65499, -41.3686, 180.63, 0.998321, 0.0555159, 0.0165317, -0.0544378, 0.996728, -0.059753, -0.0197948, 0.0587528, 0.998076, 0.00293412  
86, 9.69053, -41.3562, 180.633, 0.99836, 0.0551823, 0.0152502, -0.0541883, 0.996768, -0.0593115, -0.0184738, 0.0583879, 0.998123, 0.00286061  
87, 9.66425, -41.3878, 180.636, 0.998382, 0.0546201, 0.0158411, -0.0536078, 0.996847, -0.0585035, -0.0189866, 0.0575596, 0.998162, 0.00289501  
88, 9.68356, -41.3628, 180.669, 0.998393, 0.0549075, 0.0140284, -0.0539873, 0.996785, -0.0591962, -0.0172336, 0.0583437, 0.998148, 0.00284341  
89, 9.65923, -41.3404, 180.623, 0.998297, 0.0561745, 0.0157028, -0.0551334, 0.996656, -0.0603121, -0.0190383, 0.0593436, 0.998056, 0.00289084  
90, 9.65015, -41.3448, 180.65, 0.998351, 0.0551766, 0.0158598, -0.054159, 0.996806, -0.0586831, -0.0190471, 0.0577274, 0.998151, 0.00303702  
91, 9.64693, -41.3622, 180.637, 0.998323, 0.0558804, 0.0151381, -0.0548721, 0.996666, -0.0603791, -0.0184616, 0.0594472, 0.998061, 0.00280597  
92, 9.67142, -41.3935, 180.633, 0.998325, 0.0555317, 0.0162038, -0.0544886, 0.996773, -0.0589454, -0.0194249, 0.0579638, 0.99813, 0.00286644  
93, 9.63946, -41.4028, 180.643, 0.998355, 0.0551254, 0.0157419, -0.0540886, 0.996729, -0.060053, -0.0190008, 0.0591028, 0.998071, 0.00283592  
94, 9.65594, -41.3465, 180.685, 0.998408, 0.0547162, 0.0136785, -0.0538032, 0.996747, -0.0599989, -0.0169169, 0.0591675, 0.998105, 0.00287087  
95, 9.64986, -41.3911, 180.631, 0.998377, 0.0542927, 0.017205, -0.0532188, 0.996914, -0.0577053, -0.0202849, 0.056696, 0.998185, 0.00290887  
96, 9.66697, -41.3761, 180.62, 0.99832, 0.0554601, 0.0167874, -0.0543997, 0.996826, -0.0581215, -0.0199575, 0.0571106, 0.998168, 0.00297406  
97, 9.70465, -41.3908, 180.678, 0.998385, 0.0546824, 0.0153761, -0.0537004, 0.996853, -0.0583129, -0.0185164, 0.057393, 0.99818, 0.00279071  
98, 9.66654, -41.3798, 180.664, 0.998366, 0.0548047, 0.0161597, -0.053751, 0.996769, -0.0596837, -0.0193784, 0.0587176, 0.998087, 0.00276075  
99, 9.66902, -41.396, 180.626, 0.998353, 0.0551911, 0.0156456, -0.0541667, 0.996746, -0.0597006, -0.0188896, 0.0587548, 0.998094, 0.00294632  
100, 9.66732, -41.4091, 180.645, 0.998391, 0.0545309, 0.0155747, -0.0535361, 0.996857, -0.0583976, -0.0187102, 0.0574698, 0.998172, 0.00308695  
101, 9.65916, -41.3939, 180.647, 0.998366, 0.0549948, 0.0155245, -0.0539905, 0.996796, -0.05902, -0.0187205, 0.0580854, 0.998136, 0.00285312  
102, 9.67621, -41.384, 180.652, 0.998344, 0.0550101, 0.0168133, -0.0539384, 0.99682, -0.0586511, -0.0199862, 0.0576471, 0.998137, 0.002938  
103, 9.68024, -41.3477, 180.62, 0.998339, 0.0556659, 0.0148819, -0.0546991, 0.996761, -0.0589561, -0.0181156, 0.0580441, 0.99815, 0.00297794  
104, 9.6602, -41.3573, 180.644, 0.998352, 0.0553971, 0.0150023, -0.0543945, 0.996682, -0.0605541, -0.018307, 0.0596383, 0.998052, 0.00307835  
105, 9.6585, -41.3346, 180.607, 0.998315, 0.0557859, 0.0159663, -0.0547642, 0.996782, -0.0585288, -0.01918, 0.0575558, 0.998158, 0.00306615  
106, 9.65711, -41.3705, 180.663, 0.998355, 0.0549511, 0.0163586, -0.0538784, 0.996741, -0.0600426, -0.0196047, 0.0590624, 0.998062, 0.00291165  
107, 9.66049, -41.3771, 180.659, 0.998376, 0.0548202, 0.0155155, -0.0538077, 0.996777, -0.0595017, -0.0187274, 0.0585702, 0.998108, 0.00288557  
108, 9.66024, -41.3752, 180.612, 0.998332, 0.0555366, 0.0157574, -0.0545265, 0.996793, -0.0585714, -0.0189598, 0.0576145, 0.998159, 0.00297128  
109, 9.64112, -41.385, 180.63, 0.998337, 0.055347, 0.0161004, -0.0543191, 0.996809, -0.0584837, -0.0192859, 0.0575119, 0.998159, 0.00298626  
110, 9.67322, -41.3692, 180.605, 0.998355, 0.0547779, 0.0169329, -0.0537162, 0.99688, -0.0578283, -0.0200478, 0.0568236, 0.998183, 0.00306892  
111, 9.67472, -41.395, 180.671, 0.99835, 0.0552262, 0.0157078, -0.054208, 0.996775, -0.0591716, -0.0189249, 0.0582225, 0.998124, 0.00298266  
112, 9.66281, -41.3677, 180.61, 0.998353, 0.0548494, 0.0168435, -0.0538069, 0.996917, -0.0571166, -0.0199244, 0.0561162, 0.998225, 0.00297683  
113, 9.67608, -41.3493, 180.62, 0.998348, 0.0554592, 0.0150484, -0.0544662, 0.996719, -0.0598794, -0.0183198, 0.0589609, 0.998092, 0.00287781  
114, 9.67125, -41.36, 180.633, 0.998383, 0.0549393, 0.0145624, -0.0539824, 0.996767, -0.0595058, -0.0177845, 0.0586235, 0.998122, 0.00301539  
115, 9.65837, -41.3607, 180.636, 0.998387, 0.0546726, 0.0153046, -0.0536882, 0.996833, -0.058662, -0.0184634, 0.0577457, 0.998161, 0.00295159  
116, 9.67105, -41.4016, 180.602, 0.99839, 0.0546698, 0.0151174, -0.0536957, 0.996831, -0.0586958, -0.0182784, 0.0577896, 0.998161, 0.00292857  
117, 9.65807, -41.3816, 180.617, 0.99836, 0.0551529, 0.0153399, -0.0541418, 0.996732, -0.0599533, -0.0185964, 0.0590244, 0.998083, 0.00281318  
118, 9.64689, -41.3715, 180.653, 0.998369, 0.0546868, 0.0163943, -0.0536494, 0.996865, -0.0581578, -0.0195234, 0.0571834, 0.998173, 0.00276852  
119, 9.66117, -41.3559, 180.649, 0.998358, 0.0550631, 0.0158152, -0.0540498, 0.996817, -0.0586036, -0.0189918, 0.0576525, 0.998156, 0.00275548  
120, 9.64884, -41.3807, 180.634, 0.998367, 0.054701, 0.0164754, -0.0536584, 0.996863, -0.058186, -0.0196065, 0.0572069, 0.99817, 0.00292524  
121, 9.68336, -41.3815, 180.659, 0.998367, 0.0544752, 0.0172143, -0.0534015, 0.996908, -0.0576504, -0.0203016, 0.0566369, 0.998188, 0.00285229  
122, 9.66089, -41.3646, 180.676, 0.998376, 0.0551226, 0.0143709, -0.054163, 0.996711, -0.060276, -0.0176462, 0.0593998, 0.998078, 0.0027774  
123, 9.6683, -41.3479, 180.612, 0.998334, 0.0553048, 0.0164414, -0.0542433, 0.996771, -0.0591979, -0.0196623, 0.0582074, 0.998111, 0.00275964  
124, 9.65179, -41.3638, 180.625, 0.998399, 0.054606, 0.0147564, -0.0536226, 0.996735, -0.0603729, -0.018005, 0.059485, 0.998067, 0.00287808  
125, 9.66734, -41.3965, 180.644, 0.998393, 0.0546992, 0.0148346, -0.0537235, 0.99677, -0.0596873, -0.0180515, 0.0587944, 0.998107, 0.00296296  
126, 9.63206, -41.4549, 180.615, 0.998346, 0.0553295, 0.0156079, -0.0542519, 0.996563, -0.0626057, -0.0190182, 0.0616554, 0.997916, 0.00288973  
127, 9.65763, -41.5665, 180.645, 0.998372, 0.054999, 0.0150995, -0.0539219, 0.996473, -0.0642994, -0.0185827, 0.0633806, 0.997816, 0.00275826  
128, 9.64906, -41.6214, 180.651, 0.998369, 0.05547, 0.0135326, -0.0544317, 0.996215, -0.0677762, -0.017241, 0.066929, 0.997609, 0.0028767  
129, 9.64218, -41.6972, 180.662, 0.998319, 0.0563206, 0.0136723, -0.0552371, 0.996037, -0.0697112, -0.0175443, 0.0688388, 0.997474, 0.00288169  
130, 9.56377, -41.8188, 180.713, 0.998354, 0.0556058, 0.0140599, -0.0544523, 0.995902, -0.0722084, -0.0180175, 0.0713239, 0.99729, 0.00296213  
131, 9.60157, -41.813, 180.67, 0.998282, 0.0567551, 0.0145449, -0.0555612, 0.995829, -0.0723687, -0.0185915, 0.0714362, 0.997272, 0.00274605  
132, 9.58039, -41.9166, 180.741, 0.99832, 0.0561347, 0.0143312, -0.0549047, 0.995653, -0.0752363, -0.0184923, 0.0743231, 0.997063, 0.00280569  
133, 9.5804, -42.0485, 180.715, 0.998317, 0.0561028, 0.0146824, -0.0547977, 0.99546, -0.0778211, -0.0189817, 0.0768856, 0.996859, 0.00283953  
134, 9.57752, -42.135, 180.642, 0.998318, 0.0561308, 0.0145262, -0.0548598, 0.995548, -0.0766474, -0.0187638, 0.0757216, 0.996952, 0.0029183  
135, 9.53132, -42.2188, 180.742, 0.998338, 0.0556791, 0.0148669, -0.0542754, 0.995132, -0.0822551, -0.0193745, 0.0813115, 0.9965, 0.00296435  
136, 9.516, -42.3039, 180.674, 0.998346, 0.055355, 0.0155279, -0.0538304, 0.994871, -0.0856378, -0.0201887, 0.0846603, 0.996205, 0.00294993  
137, 9.50979, -42.4426, 180.734, 0.998357, 0.0554071, 0.0145851, -0.0539342, 0.99474, -0.0870805, -0.0193333, 0.0861509, 0.996095, 0.00279903  
138, 9.4871, -42.4073, 180.74, 0.998375, 0.0551521, 0.0143364, -0.0536795, 0.994652, -0.0882331, -0.019126, 0.0873202, 0.995997, 0.00290305  
139, 9.44946, -42.4399, 180.769, 0.998365, 0.0552186, 0.014768, -0.0536378, 0.994333, -0.0917908, -0.0197529, 0.0908486, 0.995669, 0.00277379  
140, 9.43854, -42.4782, 180.701, 0.998321, 0.0560688, 0.014566, -0.0544867, 0.99421, -0.0926148, -0.0196745, 0.0916656, 0.995595, 0.00296269  
141, 9.40595, -42.5442, 180.78, 0.998378, 0.0554446, 0.0129056, -0.0538884, 0.993559, -0.0996834, -0.0183494, 0.0988262, 0.994936, 0.00286727  
142, 9.41728, -42.5507, 180.777, 0.998382, 0.0555681, 0.012072, -0.0540287, 0.993177, -0.10335, -0.0177326, 0.102531, 0.994572, 0.00278627  
143, 9.42212, -42.6319, 180.752, 0.998334, 0.0558903, 0.0143481, -0.0540604, 0.992885, -0.106099, -0.020176, 0.105147, 0.994252, 0.00294882  
144, 9.35191, -42.7226, 180.73, 0.998301, 0.0560868, 0.01582, -0.0540293, 0.992531, -0.109378, -0.0218365, 0.108337, 0.993874, 0.00288114  
145, 9.3397, -42.755, 180.72, 0.998257, 0.0572419, 0.0143581, -0.0552038, 0.991745, -0.115735, -0.0208645, 0.114741, 0.993176, 0.0029674  
146, 9.329, -42.7329, 180.706, 0.998317, 0.056309, 0.0138651, -0.0542655, 0.991404, -0.119055, -0.0204498, 0.118102, 0.992791, 0.00301539  
147, 9.32557, -42.774, 180.686, 0.998276, 0.0569302, 0.0143086, -0.0547755, 0.991063, -0.121631, -0.0211052, 0.120637, 0.992472, 0.00278683  
148, 9.33245, -42.7999, 180.624, 0.99828, 0.0564144, 0.0159279, -0.0539888, 0.990676, -0.125085, -0.022836, 0.12401, 0.992018, 0.00278516  
149, 9.33426, -42.7276, 180.6, 0.99831, 0.0564705, 0.0137467, -0.0542692, 0.99038, -0.127288, -0.0208025, 0.126327, 0.991771, 0.00278183  
150, 9.39935, -42.7105, 180.562, 0.998309, 0.0564519, 0.0138554, -0.0541891, 0.990091, -0.129553, -0.0210316, 0.128583, 0.991476, 0.0028387  
151, 9.40088, -42.6683, 180.539, 0.998294, 0.0567714, 0.0136338, -0.0544796, 0.989731, -0.132154, -0.0209963, 0.131186, 0.991135, 0.00286727  
152, 9.42869, -42.5763, 180.529, 0.99836, 0.0560639, 0.0115494, -0.0539414, 0.988974, -0.137917, -0.0191542, 0.137068, 0.990376, 0.00284979  
153, 9.44839, -42.4602, 180.484, 0.998252, 0.0574087, 0.0140628, -0.0548589, 0.988476, -0.141087, -0.0220004, 0.140069, 0.989897, 0.00284064  
154, 9.52598, -42.3552, 180.442, 0.998259, 0.0574456, 0.0133458, -0.0549272, 0.988013, -0.144268, -0.0214734, 0.143284, 0.989449, 0.00289362  
155, 9.52396, -42.189, 180.461, 0.998306, 0.0568533, 0.0123873, -0.0543688, 0.987261, -0.149534, -0.0207311, 0.148607, 0.988679, 0.00287892  
156, 9.59704, -41.9661, 180.461, 0.998289, 0.0571437, 0.0124141, -0.0546047, 0.986905, -0.151779, -0.0209247, 0.150842, 0.988336, 0.0030484  
157, 9.67738, -41.7195, 180.472, 0.998372, 0.0556734, 0.0124146, -0.0530957, 0.986579, -0.154409, -0.0208445, 0.153498, 0.987929, 0.00277962  
158, 9.76579, -41.4709, 180.466, 0.998287, 0.0572938, 0.0118205, -0.0547433, 0.986149, -0.156566, -0.0206271, 0.15565, 0.987597, 0.00280236  
159, 9.82129, -41.2124, 180.414, 0.998278, 0.0571039, 0.0134242, -0.0541936, 0.985377, -0.16154, -0.0224524, 0.160534, 0.986775, 0.00289944  
160, 9.93096, -40.8441, 180.402, 0.998264, 0.0573981, 0.0132408, -0.0544936, 0.985216, -0.16242, -0.0223676, 0.161416, 0.986633, 0.00277518  
161, 10.0999, -40.4822, 180.421, 0.998261, 0.0573405, 0.0136891, -0.054302, 0.984779, -0.16511, -0.0229482, 0.164079, 0.98618, 0.00287781  
162, 10.2222, -40.0397, 180.398, 0.998186, 0.0580941, 0.0157924, -0.0547072, 0.984802, -0.164839, -0.0251286, 0.163676, 0.986194, 0.00277684  
163, 10.3621, -39.5889, 180.402, 0.998115, 0.0587422, 0.0177516, -0.0549756, 0.98448, -0.166662, -0.0272662, 0.165372, 0.985854, 0.00293633  
164, 10.4558, -39.2039, 180.302, 0.99808, 0.059132, 0.0184358, -0.0551532, 0.983909, -0.169947, -0.0281884, 0.168604, 0.985281, 0.00288252  
165, 10.5657, -38.6381, 180.308, 0.998036, 0.0593138, 0.0201295, -0.0550236, 0.983783, -0.170712, -0.0299286, 0.169269, 0.985115, 0.00291803  
166, 10.6953, -38.1183, 180.348, 0.998099, 0.0589343, 0.0180546, -0.0549241, 0.983314, -0.173429, -0.0279743, 0.172108, 0.984681, 0.00302981  
167, 10.755, -37.6186, 180.333, 0.997924, 0.0610282, 0.0205499, -0.0565142, 0.982978, -0.174818, -0.0308689, 0.173293, 0.984386, 0.00279903  
168, 10.8699, -36.8816, 180.355, 0.998007, 0.0594468, 0.0211832, -0.0548898, 0.983311, -0.173453, -0.0311409, 0.171944, 0.984614, 0.00277545  
169, 10.9446, -36.2524, 180.331, 0.998008, 0.0595063, 0.0209568, -0.0548939, 0.982782, -0.176424, -0.0310943, 0.174922, 0.984091, 0.00307114  
170, 10.9494, -35.5936, 180.282, 0.997916, 0.0610872, 0.0208007, -0.0564127, 0.982325, -0.178478, -0.0313358, 0.176932, 0.983724, 0.00290915  
171, 10.9781, -34.9049, 180.378, 0.997915, 0.060686, 0.0219764, -0.0557372, 0.981963, -0.180669, -0.0325441, 0.179068, 0.983298, 0.00300457  
172, 10.9935, -34.0101, 180.438, 0.997859, 0.0608518, 0.0239725, -0.0556061, 0.982302, -0.178862, -0.0344323, 0.177146, 0.983582, 0.00277435  
173, 11.0292, -33.1554, 180.452, 0.99787, 0.0608351, 0.0235374, -0.0556239, 0.982074, -0.180102, -0.0340719, 0.178409, 0.983366, 0.00283814  
174, 11.0437, -32.216, 180.471, 0.997869, 0.0605303, 0.0243531, -0.0551573, 0.981991, -0.180695, -0.0348521, 0.178967, 0.983238, 0.00279515  
175, 11.054, -31.2233, 180.495, 0.997792, 0.0616596, 0.024665, -0.0562747, 0.982244, -0.17897, -0.0352622, 0.177187, 0.983545, 0.00285978  
176, 11.1241, -30.0308, 180.526, 0.997826, 0.0615603, 0.0235264, -0.0563928, 0.98231, -0.17857, -0.0341031, 0.176855, 0.983646, 0.00296712  
177, 11.2036, -28.9316, 180.577, 0.997702, 0.0630577, 0.0248066, -0.0577547, 0.982801, -0.175406, -0.0354406, 0.17357, 0.984184, 0.00286144  
178, 11.322, -28.0356, 180.436, 0.997736, 0.0625651, 0.0246652, -0.0570741, 0.98173, -0.181516, -0.0355711, 0.179697, 0.983079, 0.00284147  
179, 11.4729, -26.7569, 180.481, 0.997635, 0.0644323, 0.0239419, -0.058954, 0.981166, -0.183952, -0.0353434, 0.182105, 0.982644, 0.00279237  
180, 11.629, -25.8437, 180.492, 0.997638, 0.0643862, 0.0239398, -0.0587277, 0.980225, -0.188973, -0.0356336, 0.18712, 0.98169, 0.00282094  
181, 11.902, -24.4256, 180.55, 0.997686, 0.0630749, 0.0253932, -0.0573334, 0.981155, -0.18452, -0.0365533, 0.182637, 0.982501, 0.0029527  
182, 12.2497, -23.3577, 180.514, 0.9976, 0.0639746, 0.0264866, -0.0582251, 0.982103, -0.17912, -0.0374717, 0.177148, 0.983471, 0.0028534  
183, 12.3631, -21.8907, 180.53, 0.997475, 0.0656047, 0.0272135, -0.0595805, 0.981456, -0.182193, -0.0386615, 0.180111, 0.982886, 0.00488686  
184, 12.617, -20.6165, 180.482, 0.997266, 0.0676294, 0.0297657, -0.0610537, 0.981105, -0.183592, -0.0416195, 0.181273, 0.982552, 0.00290166  
185, 12.9125, -19.2131, 180.554, 0.997379, 0.0660348, 0.0295665, -0.0594997, 0.981104, -0.184103, -0.041165, 0.181861, 0.982462, 0.00287947  
186, 13.1653, -17.5284, 180.536, 0.997211, 0.0674639, 0.0319284, -0.0607654, 0.982232, -0.177562, -0.0433401, 0.175127, 0.983592, 0.00296296  
187, 13.4412, -16.0531, 180.57, 0.997102, 0.0667524, 0.0364871, -0.0594437, 0.982972, -0.173876, -0.0474724, 0.171204, 0.984091, 0.00283953  
188, 13.6527, -14.3494, 180.627, 0.996894, 0.068316, 0.0391823, -0.0607744, 0.983748, -0.168957, -0.050088, 0.166051, 0.984844, 0.00289722  
189, 13.8466, -12.7179, 180.594, 0.997091, 0.0687204, 0.0329836, -0.0619429, 0.982653, -0.174802, -0.0444239, 0.172251, 0.984051, 0.00296796  
190, 14.0434, -10.9614, 180.606, 0.997168, 0.0680889, 0.0319368, -0.0615292, 0.982792, -0.174165, -0.043246, 0.171707, 0.984198, 0.00295769  
191, 14.1129, -9.2758, 180.632, 0.996895, 0.0696331, 0.0367586, -0.0623723, 0.983275, -0.171113, -0.0480589, 0.168289, 0.984565, 0.0029674  
192, 14.1687, -7.47788, 180.708, 0.996764, 0.0697641, 0.0399377, -0.0624111, 0.984733, -0.1625, -0.0506646, 0.159482, 0.9859, 0.00283287  
193, 14.1581, -5.73153, 180.704, 0.996759, 0.0686709, 0.0418921, -0.0611524, 0.985224, -0.159983, -0.0522592, 0.156903, 0.98623, 0.002862  
194, 14.1424, -3.7295, 180.679, 0.996672, 0.0701257, 0.0415586, -0.0628685, 0.985801, -0.155703, -0.0518873, 0.152572, 0.986929, 0.00303952  
195, 13.9946, -1.66147, 180.664, 0.996532, 0.0716743, 0.04228, -0.064621, 0.986649, -0.149493, -0.0524303, 0.146242, 0.987858, 0.00293689  
196, 13.8686, 0.163077, 180.624, 0.996584, 0.0728244, 0.0389421, -0.066067, 0.985995, -0.153131, -0.0495484, 0.150035, 0.987438, 0.00293772  
197, 13.76, 2.3192, 180.624, 0.996361, 0.075037, 0.0404209, -0.0683979, 0.986904, -0.146093, -0.0508539, 0.142797, 0.988445, 0.0027774  
198, 13.7226, 4.42087, 180.695, 0.996713, 0.0734016, 0.0342745, -0.0677677, 0.987302, -0.143677, -0.0443854, 0.140882, 0.989031, 0.00290804  
199, 13.5632, 6.45587, 180.71, 0.996818, 0.0716698, 0.0348896, -0.0661331, 0.987946, -0.13996, -0.0445, 0.137208, 0.989542, 0.00287587  
200, 13.3946, 8.54945, 180.699, 0.996877, 0.0712008, 0.0341605, -0.0659341, 0.988484, -0.136203, -0.0434648, 0.133525, 0.990092, 0.00313105  
201, 13.2336, 10.7505, 180.647, 0.996871, 0.0718612, 0.0329362, -0.0671294, 0.989587, -0.127324, -0.0417429, 0.124714, 0.991314, 0.0029993  
202, 13.0031, 12.8263, 180.69, 0.99664, 0.0745029, 0.0340379, -0.06975, 0.989803, -0.124201, -0.0429441, 0.12141, 0.991673, 0.00294521  
203, 12.7315, 15.0564, 180.721, 0.996674, 0.0738626, 0.0344159, -0.0692331, 0.990308, -0.120404, -0.0429757, 0.117621, 0.992128, 0.00303342  
204, 12.335, 17.3521, 180.613, 0.996673, 0.0741703, 0.0337866, -0.0700394, 0.991424, -0.110334, -0.0416804, 0.1076, 0.99332, 0.00304257  
205, 12.0414, 19.6767, 180.638, 0.99665, 0.0763947, 0.0291922, -0.0727632, 0.991274, -0.109913, -0.0373342, 0.10742, 0.993512, 0.00307086  
206, 11.6058, 22.0139, 180.572, 0.99686, 0.0739025, 0.0284217, -0.0707982, 0.992667, -0.0979769, -0.0354541, 0.0956571, 0.994783, 0.00295409  
207, 11.4292, 24.2048, 180.45, 0.9971, 0.0725108, 0.0231245, -0.0701052, 0.993304, -0.0918238, -0.0296279, 0.0899363, 0.995507, 0.00279182  
208, 10.8965, 26.5795, 180.658, 0.996921, 0.0751192, 0.0224777, -0.0726586, 0.992791, -0.0953276, -0.0294765, 0.0934009, 0.995192, 0.0028534  
209, 10.5017, 28.8318, 180.527, 0.997133, 0.0733703, 0.0185093, -0.0716011, 0.993987, -0.0828389, -0.024476, 0.0812761, 0.996391, 0.00302204  
210, 9.95887, 31.4093, 180.587, 0.99729, 0.0718097, 0.0159912, -0.0704223, 0.994701, -0.0749, -0.0212851, 0.0735709, 0.997063, 0.00292413  
211, 9.41392, 33.6838, 180.551, 0.997431, 0.0704751, 0.0128322, -0.0693629, 0.994936, -0.072742, -0.0178937, 0.0716651, 0.997268, 0.00294105  
212, 8.87107, 36.0332, 180.578, 0.997575, 0.0686403, 0.0115181, -0.0677705, 0.995654, -0.063883, -0.015853, 0.0629475, 0.997891, 0.00288419  
213, 8.32544, 38.4128, 180.555, 0.997737, 0.0669817, 0.00587024, -0.066511, 0.995981, -0.0599806, -0.00986426, 0.0594544, 0.998182, 0.00278461  
214, 7.97173, 40.9672, 180.583, 0.997625, 0.0687144, 0.00477425, -0.0683868, 0.996379, -0.0505233, -0.00822864, 0.0500768, 0.998711, 0.00292607  
215, 7.5475, 43.5209, 180.592, 0.997738, 0.0671769, 0.00254634, -0.0670022, 0.996797, -0.0436557, -0.00547084, 0.0433863, 0.999043, 0.00302399  
216, 6.97464, 45.8064, 180.634, 0.997808, 0.0661739, -7.15806e-005, -0.066112, 0.996827, -0.0443238, -0.00286173, 0.0442314, 0.999017, 0.00297434  
217, 6.63273, 48.3254, 180.867, 0.997648, 0.0684048, -0.00437798, -0.0685286, 0.996761, -0.0420792, 0.00148538, 0.0422803, 0.999105, 0.00281013  
218, 6.0268, 50.5911, 180.94, 0.997879, 0.0647871, -0.00625883, -0.0649576, 0.997355, -0.0326145, 0.00412927, 0.0329519, 0.999448, 0.00288696  
219, 5.52438, 52.837, 180.859, 0.997784, 0.0653435, -0.0125685, -0.0657194, 0.997316, -0.0322769, 0.0104257, 0.0330314, 0.9994, 0.00296463  
220, 5.0622, 55.2694, 181.042, 0.997895, 0.0630466, -0.0151904, -0.0634211, 0.997659, -0.0255856, 0.0135417, 0.0264952, 0.999557, 0.00286477  
221, 4.43144, 57.5363, 180.892, 0.997761, 0.0650834, -0.0153724, -0.0654566, 0.997538, -0.0251677, 0.0136966, 0.0261176, 0.999565, 0.00298127  
222, 3.90751, 59.843, 180.725, 0.997658, 0.0662944, -0.0168306, -0.0666395, 0.997559, -0.0208502, 0.0154072, 0.021923, 0.999641, 0.00279043  
223, 3.66215, 62.256, 180.757, 0.997759, 0.0631376, -0.0221397, -0.0634016, 0.997923, -0.0114343, 0.0213718, 0.0128124, 0.999689, 0.00289528  
224, 3.38995, 64.5009, 180.858, 0.997775, 0.0609328, -0.0270692, -0.0612043, 0.998082, -0.00931797, 0.0264495, 0.010954, 0.99959, 0.00288474  
225, 2.96161, 66.7937, 180.899, 0.997893, 0.0582765, -0.0285145, -0.0584946, 0.998264, -0.00687473, 0.0280644, 0.00852819, 0.99957, 0.00296962  
226, 2.57138, 69.1941, 180.815, 0.997819, 0.0586275, -0.03032, -0.058727, 0.998271, -0.00240032, 0.0301268, 0.00417569, 0.999537, 0.00293966  
227, 2.21324, 71.5096, 180.787, 0.997621, 0.0602444, -0.0335007, -0.0602366, 0.998183, 0.00124154, 0.0335146, 0.000779383, 0.999438, 0.00278239  
228, 1.76646, 73.8487, 180.755, 0.997405, 0.0612109, -0.0378932, -0.061177, 0.998125, 0.0020529, 0.0379478, 0.000270622, 0.99928, 0.00290471  
229, 1.54159, 76.2324, 180.73, 0.997346, 0.0618601, -0.0384031, -0.0616144, 0.998071, 0.00754817, 0.038796, -0.00516195, 0.999234, 0.00299015  
230, 1.46746, 78.3132, 180.736, 0.997564, 0.05886, -0.0374421, -0.0584438, 0.998217, 0.0121161, 0.0380885, -0.00989837, 0.999225, 0.00285312  
231, 1.16421, 80.4414, 180.704, 0.997533, 0.0569479, -0.0410476, -0.0564754, 0.998325, 0.0125813, 0.0416954, -0.0102321, 0.999078, 0.0030348  
232, 1.24284, 82.527, 180.727, 0.9976, 0.0561763, -0.0404794, -0.0556332, 0.998347, 0.014421, 0.0412226, -0.0121344, 0.999076, 0.0027724  
233, 1.12614, 84.7107, 180.733, 0.997696, 0.0538121, -0.0413226, -0.0531353, 0.998437, 0.0173065, 0.0421893, -0.0150709, 0.998996, 0.00289778  
234, 0.987391, 86.7975, 180.757, 0.997865, 0.05267, -0.0386164, -0.0520778, 0.998512, 0.0161847, 0.0394114, -0.0141391, 0.999123, 0.00288197  
235, 0.930254, 89.0163, 180.718, 0.997764, 0.0521359, -0.0418218, -0.0515368, 0.998554, 0.0152778, 0.0425578, -0.0130883, 0.999008, 0.00306226  
236, 0.899875, 91.3281, 180.568, 0.997687, 0.0539615, -0.0413387, -0.0530318, 0.998322, 0.0232663, 0.0425248, -0.0210202, 0.998874, 0.00304229  
237, 0.955804, 93.5463, 180.601, 0.997798, 0.0530935, -0.0397564, -0.0519784, 0.998239, 0.0285774, 0.0412037, -0.026448, 0.998801, 0.002781  
238, 1.02541, 95.6113, 180.656, 0.997909, 0.0529729, -0.037027, -0.0519668, 0.998267, 0.027626, 0.0384263, -0.025644, 0.998932, 0.00277129  
239, 1.05672, 97.6495, 180.63, 0.997924, 0.0535746, -0.03575, -0.0526509, 0.998267, 0.0263003, 0.0370971, -0.0243634, 0.999015, 0.00290028  
240, 1.1878, 99.5809, 180.553, 0.997772, 0.0547349, -0.0381339, -0.0539695, 0.998325, 0.020821, 0.0392096, -0.0187165, 0.999056, 0.00288003  
241, 1.28168, 101.659, 180.562, 0.997816, 0.0558044, -0.0353451, -0.0549601, 0.99819, 0.0244237, 0.0366441, -0.0224277, 0.999077, 0.00304729  
242, 1.60008, 103.515, 180.62, 0.997911, 0.0532467, -0.0365879, -0.0523363, 0.998306, 0.025406, 0.0378788, -0.023438, 0.999007, 0.00275049  
243, 1.84978, 105.288, 180.783, 0.998182, 0.0487227, -0.0354802, -0.0478431, 0.998536, 0.0252326, 0.0366577, -0.0234892, 0.999052, 0.00282511  
244, 1.98779, 107.246, 180.848, 0.998253, 0.0483272, -0.0339913, -0.0473834, 0.998483, 0.0280444, 0.0352951, -0.0263848, 0.999029, 0.00292358  
245, 2.25197, 108.935, 180.841, 0.998144, 0.0527993, -0.0303479, -0.0519671, 0.998268, 0.0275872, 0.0317519, -0.0259589, 0.999159, 0.00288946  
246, 2.72445, 110.765, 180.854, 0.998142, 0.0518482, -0.03202, -0.0510638, 0.998386, 0.024849, 0.0332567, -0.0231677, 0.999178, 0.00289833  
247, 2.90625, 112.587, 180.807, 0.998326, 0.0509814, -0.0273101, -0.0501625, 0.998294, 0.0298784, 0.0287868, -0.0284584, 0.99918, 0.00277185  
248, 3.38643, 114.319, 180.829, 0.998493, 0.0477386, -0.0270772, -0.0470602, 0.998575, 0.0251639, 0.0282399, -0.0238517, 0.999317, 0.00277712  
249, 3.55195, 116.209, 180.813, 0.998538, 0.0496574, -0.0213704, -0.0490618, 0.998416, 0.0275472, 0.0227045, -0.0264584, 0.999392, 0.00277185  
250, 3.8344, 117.787, 180.806, 0.99856, 0.0504018, -0.018356, -0.049952, 0.998459, 0.0241886, 0.0195468, -0.0232369, 0.999539, 0.00289972  
251, 4.17355, 119.479, 180.797, 0.998486, 0.0524549, -0.01654, -0.0520988, 0.998415, 0.021274, 0.0176297, -0.0203801, 0.999637, 0.00295631  
252, 4.44812, 121.349, 180.758, 0.998536, 0.051184, -0.0175029, -0.0507859, 0.998457, 0.0224804, 0.0186265, -0.0215586, 0.999594, 0.00277157  
253, 4.72316, 123.099, 180.656, 0.998335, 0.0540404, -0.0201835, -0.0536734, 0.998391, 0.0183014, 0.02114, -0.0171876, 0.999629, 0.00282816  
254, 5.06012, 124.742, 180.533, 0.99849, 0.0517132, -0.0185177, -0.0513075, 0.998446, 0.0217507, 0.0196137, -0.0207677, 0.999592, 0.00281207  
255, 5.62787, 126.029, 180.865, 0.998814, 0.0476035, -0.0102, -0.0474712, 0.99879, 0.0128402, 0.0107989, -0.0123408, 0.999866, 0.00297017  
256, 5.75752, 127.57, 180.833, 0.998747, 0.0497712, -0.00525789, -0.0497292, 0.998732, 0.00783681, 0.00564127, -0.00756552, 0.999955, 0.00306726  
257, 6.00762, 129.326, 180.633, 0.998649, 0.0517325, -0.00494345, -0.0516988, 0.99864, 0.00670782, 0.00528374, -0.00644319, 0.999965, 0.0027957  
258, 6.39542, 130.857, 180.612, 0.998562, 0.0534704, -0.00395884, -0.0534595, 0.998566, 0.00282182, 0.00410404, -0.00260613, 0.999988, 0.00281373  
259, 6.77332, 132.369, 180.649, 0.998703, 0.0508867, -0.00160915, -0.0508844, 0.998704, 0.00141323, 0.00167898, -0.00132952, 0.999998, 0.00298626  
260, 7.15592, 133.745, 180.693, 0.998753, 0.0499029, 0.00129102, -0.0498974, 0.998746, -0.00400492, -0.00148926, 0.00393551, 0.999991, 0.00295936  
261, 7.45478, 135.221, 180.63, 0.998797, 0.048961, 0.00271775, -0.0489402, 0.998775, -0.00725619, -0.00306969, 0.00711445, 0.99997, 0.00306948  
262, 7.78414, 136.764, 180.615, 0.998735, 0.05022, 0.0024362, -0.0501976, 0.998703, -0.00848995, -0.00285941, 0.00835692, 0.999961, 0.00277851  
263, 8.05428, 138.323, 180.563, 0.998691, 0.0511263, 0.00168847, -0.0511034, 0.998626, -0.0115996, -0.0022792, 0.0114982, 0.999931, 0.00268891  
264, 8.28056, 139.72, 180.577, 0.998682, 0.0511071, 0.00472472, -0.0510285, 0.998577, -0.0154682, -0.00550854, 0.0152067, 0.999869, 0.00278821  
265, 8.73578, 141.062, 180.728, 0.9987, 0.0499856, 0.00994646, -0.0497707, 0.998544, -0.0207938, -0.0109714, 0.0202718, 0.999734, 0.00289611  
266, 9.04509, 142.39, 180.786, 0.998674, 0.0501458, 0.0116247, -0.0498079, 0.998374, -0.0277287, -0.0129963, 0.0271129, 0.999548, 0.00287337  
267, 9.26119, 143.913, 180.68, 0.998613, 0.0512955, 0.0118522, -0.0509547, 0.998323, -0.0274612, -0.013241, 0.0268192, 0.999553, 0.00281373  
268, 9.59407, 145.538, 180.679, 0.998529, 0.0533861, 0.00947699, -0.0530204, 0.997967, -0.0353654, -0.0113457, 0.0348109, 0.99933, 0.00286616  
269, 9.86663, 147.04, 180.692, 0.998422, 0.0545556, 0.0133239, -0.054014, 0.997813, -0.0380931, -0.0153729, 0.0373133, 0.999185, 0.0029638  
270, 10.2153, 148.365, 180.956, 0.998544, 0.050897, 0.0178497, -0.0500118, 0.997644, -0.0469516, -0.0201974, 0.0459906, 0.998738, 0.0030961  
271, 10.5733, 149.415, 181.07, 0.998526, 0.0499369, 0.0212425, -0.0486811, 0.997243, -0.05601, -0.0239809, 0.0548933, 0.998204, 0.00301872  
272, 10.7752, 151.062, 181.078, 0.99854, 0.0502441, 0.0198391, -0.0490275, 0.997131, -0.057668, -0.0226796, 0.0566112, 0.998139, 0.00278877  
273, 10.9219, 152.541, 181.062, 0.998522, 0.0507868, 0.0193499, -0.0495708, 0.997035, -0.0588469, -0.0222812, 0.0578007, 0.998079, 0.00293717  
274, 11.1622, 153.956, 180.942, 0.998519, 0.05135, 0.017988, -0.0500983, 0.996677, -0.064225, -0.0212262, 0.0632287, 0.997773, 0.00297101  
275, 11.1985, 155.406, 180.865, 0.998275, 0.0550401, 0.0204331, -0.053484, 0.996101, -0.0701658, -0.0242154, 0.0689519, 0.997326, 0.0031072  
276, 11.3693, 156.748, 180.881, 0.99828, 0.0540133, 0.0227838, -0.0521278, 0.995705, -0.0765083, -0.0268185, 0.0751891, 0.996809, 0.00298266  
277, 11.453, 157.922, 180.885, 0.998284, 0.0520757, 0.0267684, -0.0497933, 0.995564, -0.0798252, -0.0308067, 0.0783554, 0.996449, 0.00295159  
278, 11.6013, 159.373, 180.941, 0.998413, 0.0495787, 0.0267272, -0.0472317, 0.995491, -0.0822563, -0.0306849, 0.0808634, 0.996253, 0.00290915  
279, 11.6841, 160.803, 180.977, 0.998362, 0.0512182, 0.0254928, -0.0489084, 0.995248, -0.0841993, -0.0296842, 0.0828145, 0.996123, 0.00296934  
