0, 3.59792, -4.93979, 180.206, 0.999995, 0.00277286, -0.00125399, -0.00277367, 0.999996, -0.000647216, 0.00125219, 0.000650691, 0.999999, 0.0418662  
1, 3.60704, -4.98199, 180.185, 0.999996, 0.00252292, -0.00114712, -0.00252353, 0.999997, -0.000527576, 0.00114579, 0.000530469, 0.999999, 0.00288779  
2, 3.59781, -4.98026, 180.204, 0.999997, 0.00219891, -0.000792772, -0.00219888, 0.999998, 3.64027e-005, 0.00079285, -3.46594e-005, 1, 0.00267005  
3, 3.59938, -4.92996, 180.177, 0.999997, 0.00252604, -0.000531856, -0.00252625, 0.999997, -0.000397068, 0.000530851, 0.00039841, 1, 0.00261707  
4, 3.59276, -4.98256, 180.157, 0.999998, 0.00214845, -0.00051644, -0.00214848, 0.999998, -6.78893e-005, 0.000516293, 6.89987e-005, 1, 0.00280153  
5, 3.62397, -4.94403, 180.189, 0.999995, 0.00293399, -0.00105478, -0.00293521, 0.999995, -0.00115936, 0.00105138, 0.00116245, 0.999999, 0.00269668  
6, 3.59618, -4.94538, 180.178, 0.999996, 0.00232044, -0.00176778, -0.00232256, 0.999997, -0.00119959, 0.00176499, 0.00120369, 0.999998, 0.00285479  
7, 3.59054, -4.93086, 180.186, 0.999995, 0.00274487, -0.00134996, -0.00274608, 0.999996, -0.000889373, 0.00134751, 0.000893076, 0.999999, 0.00304673  
8, 3.58443, -4.93119, 180.185, 0.999994, 0.00332779, -0.00100278, -0.00332857, 0.999994, -0.000784008, 0.00100017, 0.000787341, 0.999999, 0.0027197  
9, 3.60194, -4.93505, 180.201, 0.999994, 0.00260526, -0.00212502, -0.00261035, 0.999994, -0.00239171, 0.00211878, 0.00239725, 0.999995, 0.00280097  
10, 3.58217, -4.96132, 180.166, 0.999993, 0.00375156, -0.000134733, -0.00375167, 0.999993, -0.000829031, 0.000131622, 0.000829531, 1, 0.00267088  
11, 3.60248, -4.91394, 180.183, 0.999993, 0.00346151, -0.00108147, -0.00346233, 0.999994, -0.000760226, 0.00107883, 0.000763965, 0.999999, 0.00295409  
12, 3.62317, -4.9276, 180.182, 0.999995, 0.00294871, -0.000725791, -0.00294897, 0.999996, -0.000353278, 0.000724746, 0.000355416, 1, 0.00306809  
13, 3.56459, -4.95536, 180.182, 0.999996, 0.00287345, -0.000553389, -0.0028736, 0.999996, -0.000286252, 0.000552564, 0.000287841, 1, 0.00267643  
14, 3.61552, -4.9282, 180.187, 0.999995, 0.00289257, -0.00149252, -0.00289337, 0.999996, -0.000534385, 0.00149097, 0.0005387, 0.999999, 0.00277656  
15, 3.62541, -4.96784, 180.172, 0.999997, 0.00247642, -0.000666821, -0.00247691, 0.999997, -0.000727064, 0.000665018, 0.000728714, 1, 0.00265979  
16, 3.59262, -4.92549, 180.165, 0.999994, 0.00332375, -0.00102319, -0.00332402, 0.999994, -0.000255366, 0.00102233, 0.000258765, 0.999999, 0.003052  
17, 3.58904, -4.94663, 180.181, 0.999997, 0.00214335, -0.00109776, -0.00214353, 0.999998, -0.000164764, 0.0010974, 0.000167117, 0.999999, 0.00297323  
18, 3.57132, -4.94015, 180.173, 0.999994, 0.00297401, -0.00163442, -0.002976, 0.999995, -0.00121933, 0.00163079, 0.00122419, 0.999998, 0.00273191  
19, 3.60736, -4.94299, 180.174, 0.999993, 0.00348669, -0.00159192, -0.00348848, 0.999993, -0.00112628, 0.00158799, 0.00113183, 0.999998, 0.00275992  
20, 3.57174, -4.94763, 180.171, 0.999997, 0.00235252, -0.000601233, -0.00235255, 0.999997, -5.41516e-005, 0.000601104, 5.55659e-005, 1, 0.00269973  
21, 3.57647, -4.93149, 180.166, 0.999995, 0.00318937, -0.000444796, -0.00318918, 0.999995, 0.000423361, 0.000446144, -0.00042194, 1, 0.00295963  
22, 3.56809, -4.9809, 180.173, 0.999998, 0.00170341, -0.000745625, -0.00170293, 0.999998, 0.000640195, 0.000746715, -0.000638924, 1, 0.00309361  
23, 3.59625, -4.93892, 180.161, 0.999993, 0.00314761, -0.00188369, -0.00315026, 0.999994, -0.00140544, 0.00187926, 0.00141137, 0.999997, 0.00271998  
24, 3.57787, -4.94276, 180.161, 0.999995, 0.00285862, -0.00132682, -0.0028606, 0.999995, -0.00149534, 0.00132254, 0.00149913, 0.999998, 0.00285756  
25, 3.58667, -4.92062, 180.161, 0.999994, 0.00319202, -0.000908796, -0.003193, 0.999994, -0.00107845, 0.000905348, 0.00108135, 0.999999, 0.00270361  
26, 3.60454, -4.95499, 180.164, 0.999997, 0.00240558, -0.000497178, -0.00240571, 0.999997, -0.000261405, 0.000496548, 0.0002626, 1, 0.00302232  
27, 3.60346, -4.91914, 180.178, 0.999997, 0.0024017, -0.00101718, -0.002403, 0.999996, -0.00128037, 0.0010141, 0.00128281, 0.999999, 0.00297323  
28, 3.58564, -4.93682, 180.152, 0.999995, 0.00317141, -0.000941795, -0.00317169, 0.999995, -0.000296438, 0.00094085, 0.000299423, 1, 0.00271332  
29, 3.62978, -4.94992, 180.17, 0.999997, 0.00250479, -0.000547634, -0.00250513, 0.999997, -0.000631572, 0.00054605, 0.000632941, 1, 0.00285173  
30, 3.61028, -4.91182, 180.204, 0.999995, 0.00290592, -0.00141287, -0.0029073, 0.999995, -0.00097478, 0.00141003, 0.000978883, 0.999999, 0.00266589  
31, 3.59255, -4.94919, 180.178, 0.999995, 0.00307789, -0.000609116, -0.00307835, 0.999995, -0.000754374, 0.000606791, 0.000756246, 1, 0.00301317  
32, 3.59578, -4.9469, 180.182, 0.999994, 0.00263041, -0.00211128, -0.0026356, 0.999993, -0.00246207, 0.00210479, 0.00246762, 0.999995, 0.0030165  
33, 3.59153, -4.91837, 180.197, 0.999996, 0.00237315, -0.00122396, -0.00237385, 0.999997, -0.000572067, 0.0012226, 0.00057497, 0.999999, 0.00273551  
34, 3.56418, -4.96112, 180.152, 0.999996, 0.00277012, -0.000714041, -0.00277003, 0.999996, 0.000123563, 0.00071438, -0.000121585, 1, 0.00274605  
35, 3.58579, -4.94021, 180.165, 0.999995, 0.00284971, -0.00156711, -0.00285146, 0.999995, -0.0011163, 0.00156393, 0.00112076, 0.999998, 0.00268947  
36, 3.59464, -4.93575, 180.185, 0.999995, 0.00298999, -0.00110246, -0.00299162, 0.999994, -0.00148421, 0.00109802, 0.00148751, 0.999998, 0.00303259  
37, 3.60576, -4.95495, 180.184, 0.999997, 0.00252362, -0.000790809, -0.00252394, 0.999997, -0.000399792, 0.000789798, 0.000401787, 1, 0.00301206  
38, 3.6222, -4.95797, 180.195, 0.999995, 0.00289714, -0.00117731, -0.00289816, 0.999995, -0.000864227, 0.00117481, 0.000867635, 0.999999, 0.0027541  
39, 3.60067, -4.92894, 180.169, 0.999996, 0.00298747, -0.000163294, -0.00298754, 0.999995, -0.00044703, 0.000161958, 0.000447516, 1, 0.00274827  
40, 3.5976, -4.94442, 180.17, 0.999995, 0.00280748, -0.00155568, -0.00280867, 0.999996, -0.000764563, 0.00155353, 0.000768928, 0.999998, 0.00272886  
41, 3.60256, -4.94128, 180.163, 0.999995, 0.00267253, -0.00155187, -0.00267317, 0.999996, -0.000414713, 0.00155076, 0.00041886, 0.999999, 0.00279875  
42, 3.59776, -4.96274, 180.188, 0.999995, 0.00307829, -0.000977047, -0.00307872, 0.999995, -0.000444251, 0.000975675, 0.000447257, 0.999999, 0.00292191  
43, 3.57477, -4.94664, 180.196, 0.999996, 0.00276552, -0.000848563, -0.00276573, 0.999996, -0.000249099, 0.000847871, 0.000251445, 1, 0.00275992  
44, 3.56513, -4.95171, 180.16, 0.999997, 0.00253643, -0.000741378, -0.00253641, 0.999997, 2.2829e-005, 0.000741434, -2.09485e-005, 1, 0.00281151  
45, 3.60085, -4.92582, 180.184, 0.999995, 0.00265513, -0.00151772, -0.0026557, 0.999996, -0.000374023, 0.00151672, 0.000378052, 0.999999, 0.00286061  
46, 3.57886, -4.97369, 180.174, 0.999998, 0.0021664, -4.43731e-005, -0.00216638, 0.999998, 0.000448723, 4.53451e-005, -0.000448626, 1, 0.00299347  
47, 3.62117, -4.95908, 180.192, 0.999996, 0.00246991, -0.00124251, -0.00247079, 0.999997, -0.000709083, 0.00124075, 0.00071215, 0.999999, 0.00299902  
48, 3.59494, -4.93419, 180.177, 0.999997, 0.00236726, 0.000319149, -0.00236738, 0.999997, 0.00038877, -0.000318228, -0.000389525, 1, 0.00293051  
49, 3.61411, -4.94142, 180.198, 0.999995, 0.0028707, -0.00118245, -0.0028722, 0.999995, -0.00127099, 0.0011788, 0.00127438, 0.999998, 0.00286921  
50, 3.60579, -4.93861, 180.187, 0.999996, 0.00254954, -0.000848409, -0.00255002, 0.999997, -0.000569723, 0.000846953, 0.000571885, 0.999999, 0.0027541  
51, 3.61153, -4.88489, 180.175, 0.999995, 0.00253596, -0.00187494, -0.00253727, 0.999997, -0.000699192, 0.00187316, 0.000703946, 0.999998, 0.00280125  
52, 3.57974, -4.92452, 180.163, 0.999996, 0.00280113, -0.000792289, -0.00280141, 0.999996, -0.000348492, 0.00079131, 0.00035071, 1, 0.00293717  
53, 3.6161, -4.94108, 180.177, 0.999995, 0.00301639, -0.00121883, -0.00301758, 0.999995, -0.000977129, 0.00121587, 0.000980801, 0.999999, 0.00269391  
54, 3.58551, -4.95255, 180.184, 0.999995, 0.00285324, -0.00136945, -0.00285564, 0.999994, -0.00175858, 0.00136443, 0.00176248, 0.999998, 0.00292468  
55, 3.60223, -4.92052, 180.172, 0.999995, 0.00298965, -0.000981266, -0.00299, 0.999995, -0.000359283, 0.000980187, 0.000362215, 0.999999, 0.00269196  
56, 3.62374, -4.92111, 180.193, 0.999995, 0.0028744, -0.00121129, -0.00287558, 0.999995, -0.000971954, 0.00120849, 0.000975433, 0.999999, 0.00289861  
57, 3.58258, -4.95847, 180.193, 0.999998, 0.0018909, -0.000753189, -0.00189077, 0.999998, 0.000183145, 0.000753534, -0.00018172, 1, 0.00290444  
58, 3.59926, -4.97594, 180.164, 0.999998, 0.00203412, -0.000523478, -0.00203396, 0.999998, 0.000305998, 0.000524099, -0.000304933, 1, 0.00285423  
59, 3.62336, -4.92723, 180.173, 0.999996, 0.00291648, 5.40882e-006, -0.00291648, 0.999996, 4.62967e-005, -5.27378e-006, -4.63123e-005, 1, 0.00277823  
60, 3.58619, -4.95907, 180.163, 0.999997, 0.00234553, -0.000944662, -0.00234607, 0.999997, -0.000572664, 0.000943316, 0.000574879, 0.999999, 0.00269668  
61, 3.59297, -4.95932, 180.181, 0.999997, 0.00256277, -4.67312e-005, -0.00256274, 0.999996, 0.000712664, 4.85574e-005, -0.000712542, 1, 0.00265757  
62, 3.60097, -4.95657, 180.182, 0.999995, 0.00300295, -0.000993836, -0.00300399, 0.999995, -0.00104016, 0.000990708, 0.00104314, 0.999999, 0.00268364  
63, 3.58953, -4.95924, 180.194, 0.999995, 0.00296948, -0.00122532, -0.00297129, 0.999994, -0.00147952, 0.00122092, 0.00148315, 0.999998, 0.00271693  
64, 3.57927, -4.96324, 180.196, 0.999997, 0.0022126, -0.000765597, -0.00221232, 0.999997, 0.000358459, 0.000766388, -0.000356764, 1, 0.00285451  
65, 3.60204, -4.94012, 180.182, 0.999994, 0.00342611, -0.000736399, -0.00342672, 0.999994, -0.000829264, 0.000733553, 0.000831783, 0.999999, 0.00292136  
66, 3.62404, -4.91512, 180.189, 0.999997, 0.0019555, -0.00172204, -0.00195638, 0.999998, -0.000511815, 0.00172103, 0.000515182, 0.999998, 0.00284924  
67, 3.58378, -4.94702, 180.185, 0.999996, 0.00235962, -0.00125587, -0.00235946, 0.999997, 0.000131022, 0.00125618, -0.000128058, 0.999999, 0.0028276  
68, 3.57642, -4.97594, 180.164, 0.999996, 0.00255897, -0.00132238, -0.00255801, 0.999996, 0.000731141, 0.00132424, -0.000727755, 0.999999, 0.00278905  
69, 3.61632, -4.91621, 180.179, 0.999995, 0.0032845, -0.000312028, -0.00328441, 0.999995, 0.000296013, 0.000312999, -0.000294986, 1, 0.00268281  
70, 3.58022, -4.91533, 180.158, 0.999994, 0.00344872, -0.00100321, -0.00344884, 0.999994, -0.000120444, 0.00100279, 0.000123903, 0.999999, 0.00284452  
71, 3.59243, -4.9431, 180.166, 0.999994, 0.00340034, -0.000971038, -0.00340117, 0.999994, -0.000856982, 0.000968118, 0.000860279, 0.999999, 0.00283565  
72, 3.63087, -4.94277, 180.183, 0.999995, 0.00287091, -0.00152397, -0.00287281, 0.999995, -0.00124987, 0.00152037, 0.00125424, 0.999998, 0.00284841  
73, 3.60109, -4.92265, 180.183, 0.999994, 0.00294805, -0.00180071, -0.0029522, 0.999993, -0.00230772, 0.00179389, 0.00231302, 0.999996, 0.00284591  
74, 3.5789, -4.94934, 180.174, 0.999995, 0.00298084, -0.000558084, -0.00298164, 0.999995, -0.00144935, 0.000553761, 0.00145101, 0.999999, 0.00282122  
75, 3.59525, -4.95939, 180.16, 0.999995, 0.00286793, -0.00110559, -0.00287005, 0.999994, -0.00192764, 0.00110006, 0.00193081, 0.999998, 0.00299569  
76, 3.59705, -4.97074, 180.158, 0.999996, 0.00262272, -0.000877233, -0.00262343, 0.999996, -0.000803891, 0.000875121, 0.000806189, 0.999999, 0.00286727  
77, 3.58787, -4.92264, 180.169, 0.999994, 0.00338204, -0.000702933, -0.00338252, 0.999994, -0.000687667, 0.000700603, 0.00069004, 1, 0.00287725  
78, 3.61409, -4.92886, 180.187, 0.999993, 0.00335205, -0.00181615, -0.00335647, 0.999991, -0.00243916, 0.00180795, 0.00244524, 0.999995, 0.00281873  
79, 3.61154, -5.02257, 180.204, 0.999993, 0.00344833, -0.00157185, -0.00345512, 0.999985, -0.00434135, 0.00155685, 0.00434675, 0.999989, 0.00288973  
80, 3.61262, -5.04652, 180.186, 0.999994, 0.00326807, -0.000970165, -0.0032726, 0.999984, -0.0047062, 0.000954769, 0.00470935, 0.999988, 0.00299958  
81, 3.61911, -5.08785, 180.213, 0.999997, 0.00254092, -0.000186747, -0.00254207, 0.999976, -0.00641564, 0.000170441, 0.00641609, 0.999979, 0.00297877  
82, 3.62647, -5.11528, 180.182, 0.999991, 0.00416099, 6.62491e-005, -0.00416028, 0.999956, -0.00844122, -0.00010137, 0.00844087, 0.999964, 0.00288169  
83, 3.61885, -5.18513, 180.215, 0.999996, 0.00274902, -0.000372403, -0.00275248, 0.99995, -0.00963364, 0.000345901, 0.00963463, 0.999954, 0.00282455  
84, 3.63855, -5.23293, 180.229, 0.999997, 0.00254187, -0.000114371, -0.00254295, 0.99994, -0.0106194, 8.7371e-005, 0.0106197, 0.999944, 0.00285589  
85, 3.65054, -5.32097, 180.248, 0.999996, 0.00274366, 9.66601e-005, -0.0027423, 0.999924, -0.0119914, -0.000129553, 0.0119911, 0.999928, 0.00290028  
86, 3.63991, -5.39072, 180.244, 0.999995, 0.00305434, 0.000408009, -0.00304764, 0.999875, -0.0155099, -0.00045533, 0.0155086, 0.99988, 0.00285284  
87, 3.66268, -5.40516, 180.253, 0.999994, 0.00339787, 1.43922e-005, -0.00339706, 0.999833, -0.017939, -7.53441e-005, 0.0179388, 0.999839, 0.00283204  
88, 3.6839, -5.45474, 180.284, 0.999994, 0.0032977, 0.000480488, -0.00328773, 0.999805, -0.0194486, -0.00054453, 0.0194469, 0.999811, 0.00278572  
89, 3.64539, -5.51577, 180.271, 0.999997, 0.002426, 0.000691408, -0.00241168, 0.999797, -0.0200085, -0.000739808, 0.0200068, 0.9998, 0.00291553  
90, 3.70052, -5.56429, 180.304, 0.999997, 0.00253586, 0.000130418, -0.0025321, 0.999721, -0.0234714, -0.000189902, 0.023471, 0.999724, 0.00287587  
91, 3.67371, -5.63872, 180.303, 0.999997, 0.00258808, 0.000280841, -0.00258002, 0.999667, -0.0256789, -0.000347207, 0.0256781, 0.99967, 0.00284369  
92, 3.65641, -5.66809, 180.278, 0.999995, 0.00264319, 0.00154701, -0.00259887, 0.999605, -0.0279813, -0.00162036, 0.0279771, 0.999607, 0.00285617  
93, 3.70787, -5.69728, 180.33, 0.999997, 0.00259637, 1.05796e-005, -0.00259478, 0.999512, -0.0311208, -9.13756e-005, 0.0311207, 0.999516, 0.00277629  
94, 3.76139, -5.58438, 180.605, 0.999977, 0.00681151, -0.000363664, -0.00682111, 0.998832, -0.0478349, 3.74113e-005, 0.0478363, 0.998855, 0.00277074  
95, 3.80478, -5.62514, 180.614, 0.999982, 0.00591411, -0.000309022, -0.00592218, 0.998619, -0.0522031, -1.39626e-007, 0.052204, 0.998636, 0.00286588  
96, 3.76909, -5.73085, 180.671, 0.999982, 0.00597321, 0.00059657, -0.0059293, 0.998345, -0.0572091, -0.000937305, 0.0572045, 0.998362, 0.00286505  
97, 3.78433, -5.71594, 180.698, 0.999988, 0.00475822, 0.00136701, -0.00467172, 0.998334, -0.0575172, -0.00163842, 0.0575101, 0.998344, 0.00283981  
98, 3.79908, -5.70253, 180.705, 0.999984, 0.00559554, 0.000937419, -0.00552865, 0.998157, -0.06044, -0.00127389, 0.0604339, 0.998171, 0.00278183  
99, 3.86217, -5.72671, 180.755, 0.999986, 0.0051201, 0.00141583, -0.0050229, 0.998079, -0.0617557, -0.00172931, 0.0617477, 0.99809, 0.00296213  
100, 3.86735, -5.70161, 180.783, 0.999988, 0.00489188, 0.00100984, -0.00481672, 0.997914, -0.0643743, -0.00132265, 0.0643686, 0.997925, 0.0028975  
101, 3.86371, -5.65851, 180.769, 0.999988, 0.00489762, 0.000962841, -0.00482084, 0.997675, -0.0679767, -0.00129353, 0.0679712, 0.997686, 0.00286754  
102, 3.91738, -5.72017, 180.842, 0.999988, 0.00464885, 0.00126419, -0.00454557, 0.997385, -0.0721241, -0.00159618, 0.0721175, 0.997395, 0.00284979  
103, 3.97209, -5.73345, 180.811, 0.99999, 0.00346916, 0.00297347, -0.00324545, 0.997385, -0.0721963, -0.00321615, 0.0721859, 0.997386, 0.00281873  
104, 3.93945, -5.67509, 180.831, 0.999991, 0.00290715, 0.00320802, -0.00265478, 0.9971, -0.0760499, -0.00341981, 0.0760407, 0.997099, 0.00294355  
105, 4.03449, -5.60645, 180.85, 0.999992, 0.00289717, 0.00287833, -0.00266146, 0.996889, -0.0787678, -0.00309758, 0.0787595, 0.996889, 0.00297101  
106, 4.07193, -5.51021, 180.852, 0.999992, 0.00382676, 0.00134388, -0.00369866, 0.996373, -0.0850134, -0.00166433, 0.0850077, 0.996379, 0.00290915  
107, 4.15009, -5.40051, 180.865, 0.999993, 0.00264976, 0.0027836, -0.00240249, 0.996347, -0.0853623, -0.00299963, 0.085355, 0.996346, 0.00277351  
108, 4.24277, -5.33122, 180.933, 0.999987, 0.00325212, 0.00399375, -0.00289033, 0.996163, -0.0874737, -0.0042629, 0.087461, 0.996159, 0.00282455  
109, 4.23089, -5.18598, 180.878, 0.99999, 0.00217263, 0.00395499, -0.00180491, 0.995875, -0.0907155, -0.00413576, 0.0907074, 0.995869, 0.00281956  
110, 4.38237, -4.96117, 180.917, 0.999989, 0.00336876, 0.00310975, -0.00306556, 0.995677, -0.0928274, -0.00340902, 0.0928169, 0.995677, 0.00299264  
111, 4.47387, -4.79355, 180.937, 0.999986, 0.00291101, 0.0045048, -0.00246698, 0.995416, -0.0956128, -0.00476247, 0.0956003, 0.995408, 0.00286671  
112, 4.54952, -4.66388, 180.909, 0.999981, 0.00304989, 0.00539279, -0.00250341, 0.995125, -0.0985867, -0.00566718, 0.0985713, 0.995114, 0.00283787  
113, 4.66887, -4.47465, 180.914, 0.999981, 0.00338263, 0.00512045, -0.00285582, 0.995023, -0.0996065, -0.0054319, 0.09959, 0.995014, 0.00280957  
114, 4.76085, -4.30227, 180.921, 0.999962, 0.00337309, 0.00804803, -0.00254427, 0.994898, -0.100857, -0.00834717, 0.100833, 0.994868, 0.00295575  
115, 4.85683, -4.15958, 180.934, 0.999949, 0.00241207, 0.00984814, -0.0013697, 0.994523, -0.10451, -0.0100463, 0.104491, 0.994475, 0.00296352  
116, 5.02854, -4.02907, 180.985, 0.999945, 0.0027768, 0.010097, -0.00168786, 0.994333, -0.106298, -0.0103349, 0.106275, 0.994283, 0.00287587  
117, 5.12921, -3.86117, 180.969, 0.999932, 0.00298206, 0.011245, -0.00175606, 0.994204, -0.1075, -0.0115004, 0.107473, 0.994142, 0.0027921  
118, 5.22183, -3.70531, 180.98, 0.999912, 0.00231433, 0.0130436, -0.000892775, 0.994156, -0.107954, -0.0132172, 0.107933, 0.99407, 0.00285978  
119, 5.38308, -3.60949, 180.988, 0.999926, 0.00212878, 0.0119452, -0.000773968, 0.993674, -0.112297, -0.0121087, 0.112279, 0.993603, 0.00277074  
120, 5.50295, -3.56343, 180.958, 0.999923, 0.00275504, 0.0121256, -0.0013105, 0.993064, -0.117564, -0.0123654, 0.117539, 0.992991, 0.00304812  
121, 5.63671, -3.51522, 180.945, 0.999942, 0.00311105, 0.0102746, -0.00180734, 0.992213, -0.124539, -0.0105821, 0.124514, 0.992161, 0.00275243  
122, 5.76511, -3.50238, 180.964, 0.999959, 0.00359844, 0.0083347, -0.00247448, 0.991361, -0.131136, -0.00873458, 0.13111, 0.991329, 0.0027455  
123, 5.87149, -3.49252, 180.917, 0.999948, 0.00420393, 0.00927317, -0.00292892, 0.991051, -0.133454, -0.00975122, 0.13342, 0.991012, 0.0028706  
124, 5.97708, -3.4003, 180.902, 0.999959, 0.00441389, 0.007874, -0.00328326, 0.990396, -0.138223, -0.00840847, 0.138191, 0.99037, 0.00275715  
125, 6.14822, -3.39387, 180.95, 0.999961, 0.00429397, 0.00767436, -0.00316551, 0.989943, -0.141431, -0.00820448, 0.141401, 0.989918, 0.00280929  
126, 6.25569, -3.39794, 180.91, 0.999969, 0.00440819, 0.0065281, -0.00339942, 0.989103, -0.147185, -0.00710578, 0.147159, 0.989087, 0.00293023  
127, 6.34872, -3.44985, 180.865, 0.999948, 0.00449846, 0.00918223, -0.00307647, 0.988775, -0.149382, -0.00975114, 0.149345, 0.988737, 0.00292579  
128, 6.54655, -3.56389, 180.844, 0.999954, 0.00558199, 0.00784012, -0.00430078, 0.987929, -0.154849, -0.00860984, 0.154808, 0.987907, 0.002705  
129, 6.6807, -3.6164, 180.81, 0.999944, 0.0057868, 0.00888302, -0.0042991, 0.987239, -0.15919, -0.00969086, 0.159143, 0.987208, 0.00296324  
130, 6.82571, -3.63679, 180.805, 0.99992, 0.00571591, 0.0113015, -0.00382214, 0.986948, -0.160994, -0.0120742, 0.160938, 0.986891, 0.0028448  
131, 6.99411, -3.70636, 180.767, 0.999907, 0.00696273, 0.0117598, -0.00494238, 0.986476, -0.163834, -0.0127415, 0.16376, 0.986418, 0.00281401  
132, 7.14281, -3.74335, 180.711, 0.999881, 0.00760985, 0.0133925, -0.00526142, 0.985879, -0.167378, -0.0144771, 0.167287, 0.985802, 0.00270278  
133, 7.35994, -3.95264, 180.69, 0.999857, 0.00799147, 0.0149192, -0.00528936, 0.984894, -0.173075, -0.016077, 0.172971, 0.984796, 0.00281318  
134, 7.59478, -4.07719, 180.646, 0.999838, 0.00782134, 0.016227, -0.00481924, 0.984126, -0.177404, -0.017357, 0.177297, 0.984004, 0.00281762  
135, 7.7531, -4.10432, 180.597, 0.999796, 0.00881765, 0.0181491, -0.00542306, 0.983793, -0.179226, -0.0194353, 0.179091, 0.983641, 0.00290776  
136, 8.04126, -4.18568, 180.611, 0.999771, 0.00953009, 0.019173, -0.00585922, 0.983074, -0.183117, -0.0205936, 0.182963, 0.982904, 0.00279016  
137, 8.25692, -4.2304, 180.593, 0.999713, 0.0100596, 0.0217608, -0.0058008, 0.982234, -0.187573, -0.0232611, 0.187393, 0.98201, 0.00295492  
138, 8.50489, -4.3322, 180.598, 0.999642, 0.00989742, 0.024877, -0.00493597, 0.981364, -0.192095, -0.0263147, 0.191904, 0.981061, 0.00270278  
139, 8.85068, -4.58682, 180.541, 0.99961, 0.0108758, 0.0257338, -0.00551037, 0.979774, -0.200032, -0.0273888, 0.199812, 0.979451, 0.00301178  
140, 9.13901, -4.64836, 180.565, 0.999518, 0.0109443, 0.0290426, -0.00477852, 0.978872, -0.20442, -0.0306662, 0.204182, 0.978452, 0.00294244  
141, 9.46643, -4.79263, 180.542, 0.999413, 0.0111894, 0.0323799, -0.00404664, 0.977098, -0.212751, -0.0340189, 0.212495, 0.97657, 0.00291331  
142, 9.72752, -4.76633, 180.658, 0.999359, 0.0107611, 0.0341314, -0.00302736, 0.975722, -0.218991, -0.0356593, 0.218747, 0.97513, 0.0028129  
143, 10.0311, -4.62854, 180.662, 0.999288, 0.0106457, 0.0361935, -0.00236266, 0.975138, -0.221588, -0.0376526, 0.221344, 0.974469, 0.00270556  
144, 10.313, -4.55014, 180.633, 0.999124, 0.0113316, 0.0402738, -0.00192248, 0.97404, -0.226366, -0.0417933, 0.22609, 0.973209, 0.00278572  
145, 10.655, -4.46291, 180.624, 0.999138, 0.0122017, 0.0396661, -0.00265369, 0.972629, -0.232348, -0.0414154, 0.232042, 0.971824, 0.00297655  
146, 10.9887, -4.24948, 180.555, 0.999073, 0.0136847, 0.0408256, -0.00363362, 0.971565, -0.236746, -0.0429045, 0.236378, 0.970713, 0.00293301  
147, 11.3539, -4.02544, 180.539, 0.999004, 0.0148944, 0.0420614, -0.00435082, 0.970668, -0.240386, -0.0444081, 0.239964, 0.969766, 0.00282871  
148, 11.7196, -3.59452, 180.538, 0.999036, 0.0161219, 0.0408219, -0.00576583, 0.970241, -0.242074, -0.0435097, 0.241605, 0.969399, 0.00279237  
149, 12.0362, -3.26384, 180.481, 0.998889, 0.0153869, 0.0445497, -0.0041956, 0.970486, -0.24112, -0.0469449, 0.240665, 0.969472, 0.00299847  
150, 12.3824, -2.78495, 180.478, 0.998776, 0.0157986, 0.0468813, -0.00393019, 0.969982, -0.243145, -0.0493154, 0.242663, 0.968856, 0.00292857  
151, 12.6359, -2.28031, 180.446, 0.998714, 0.0181719, 0.0473385, -0.00593617, 0.969059, -0.246758, -0.0503578, 0.246159, 0.96792, 0.00279016  
152, 12.9889, -1.6886, 180.39, 0.998786, 0.0165952, 0.0463883, -0.00442918, 0.967995, -0.25093, -0.0490679, 0.25042, 0.966893, 0.00282871  
153, 13.1992, -0.999088, 180.488, 0.998639, 0.0177368, 0.049049, -0.00493716, 0.968326, -0.24964, -0.0519232, 0.249058, 0.967096, 0.00272553  
154, 13.4068, -0.457613, 180.47, 0.998685, 0.0192923, 0.047493, -0.00639095, 0.966108, -0.258058, -0.0508619, 0.257415, 0.964961, 0.00285562  
155, 13.5476, 0.202397, 180.456, 0.998613, 0.0201382, 0.0486391, -0.00659642, 0.964524, -0.263914, -0.0522283, 0.263227, 0.963319, 0.00296685  
156, 13.6733, 1.02769, 180.495, 0.998512, 0.0197808, 0.0508248, -0.00575807, 0.964935, -0.262425, -0.0542336, 0.261742, 0.963613, 0.00280624  
157, 13.699, 1.81072, 180.45, 0.998362, 0.019532, 0.0537806, -0.00487253, 0.965539, -0.260211, -0.0570097, 0.259523, 0.964053, 0.00283121  
158, 13.7514, 2.83972, 180.439, 0.99841, 0.0211515, 0.0522464, -0.00676173, 0.965172, -0.261528, -0.0559585, 0.260759, 0.963781, 0.00275382  
159, 13.7832, 3.77385, 180.407, 0.998469, 0.0203444, 0.0514273, -0.00628677, 0.965607, -0.259931, -0.0549467, 0.25921, 0.964257, 0.00286949  
160, 13.6969, 4.73694, 180.372, 0.998422, 0.0217089, 0.0517847, -0.00748684, 0.965474, -0.260393, -0.0556496, 0.259595, 0.964113, 0.00311608  
161, 13.642, 5.83284, 180.351, 0.998483, 0.0215373, 0.0506798, -0.00771059, 0.965957, -0.258589, -0.0545238, 0.257805, 0.964657, 0.00280458  
162, 13.5524, 7.1286, 180.383, 0.998507, 0.0215774, 0.0501769, -0.00814585, 0.967215, -0.253829, -0.0540088, 0.253041, 0.965947, 0.00282871  
163, 13.4325, 8.36975, 180.376, 0.998493, 0.020997, 0.0507091, -0.00752315, 0.967567, -0.252503, -0.0543662, 0.251741, 0.966266, 0.00272192  
164, 13.1684, 9.63969, 180.406, 0.998476, 0.0183647, 0.0520424, -0.00467301, 0.967756, -0.251847, -0.0549894, 0.25122, 0.966367, 0.00290222  
165, 13.0792, 10.9865, 180.436, 0.998428, 0.0185168, 0.052906, -0.00461496, 0.967811, -0.251636, -0.0558625, 0.250996, 0.966375, 0.00304313  
166, 12.746, 12.7733, 180.398, 0.998457, 0.0178661, 0.0525787, -0.00449879, 0.969743, -0.244086, -0.0553487, 0.243473, 0.968327, 0.00285173  
167, 12.3894, 14.6611, 180.394, 0.998602, 0.0183517, 0.0495661, -0.00578019, 0.97008, -0.242717, -0.0525373, 0.242091, 0.96883, 0.00283454  
168, 11.9924, 16.5483, 180.396, 0.998567, 0.0217109, 0.0489135, -0.00940654, 0.970986, -0.238951, -0.0526822, 0.238149, 0.969799, 0.00274688  
169, 11.603, 18.5094, 180.42, 0.998794, 0.0204522, 0.0446244, -0.00947371, 0.972292, -0.233577, -0.0481652, 0.232872, 0.971314, 0.0028068  
170, 11.1926, 20.2409, 180.557, 0.998813, 0.0183654, 0.0451252, -0.00738832, 0.972615, -0.232307, -0.0481559, 0.231697, 0.971595, 0.00317433  
171, 10.7755, 22.2631, 180.505, 0.999014, 0.0179091, 0.0406294, -0.00826554, 0.974064, -0.226122, -0.0436253, 0.225564, 0.973251, 0.00280541  
172, 10.1648, 24.3697, 180.626, 0.999004, 0.0180242, 0.0408274, -0.00851848, 0.975009, -0.222002, -0.0438085, 0.221433, 0.974191, 0.00279792  
173, 9.45652, 26.7258, 180.647, 0.999154, 0.0175419, 0.0371868, -0.00904924, 0.976064, -0.217294, -0.0401085, 0.216774, 0.975398, 0.00273634  
174, 8.705, 29.0698, 180.632, 0.999344, 0.0166913, 0.0321354, -0.00942056, 0.976712, -0.21435, -0.0349648, 0.213907, 0.976228, 0.00291997  
175, 7.99933, 31.3107, 180.52, 0.999447, 0.0159579, 0.0291726, -0.00948676, 0.977698, -0.209803, -0.03187, 0.20941, 0.977308, 0.00288835  
176, 7.28995, 33.788, 180.599, 0.999511, 0.0169637, 0.026279, -0.0113368, 0.979505, -0.201102, -0.0291518, 0.200706, 0.979218, 0.00265202  
177, 6.50789, 36.1828, 180.623, 0.999566, 0.0180062, 0.023315, -0.0130979, 0.980565, -0.195756, -0.0263867, 0.195366, 0.980375, 0.00268753  
178, 5.70706, 38.691, 180.585, 0.999703, 0.0154796, 0.0188348, -0.0116345, 0.981831, -0.189401, -0.0214244, 0.189126, 0.981719, 0.00273246  
179, 4.81693, 41.0423, 180.669, 0.999736, 0.0120461, 0.0195893, -0.00827329, 0.983194, -0.182375, -0.021457, 0.182164, 0.983034, 0.0029502  
180, 4.02293, 43.7685, 180.741, 0.999769, 0.012037, 0.0178028, -0.0087563, 0.984698, -0.174049, -0.0196254, 0.173853, 0.984576, 0.00288946  
181, 3.16621, 46.4401, 180.802, 0.999781, 0.0121287, 0.0170533, -0.00914638, 0.986219, -0.165195, -0.0188219, 0.165003, 0.986113, 0.0027197  
182, 2.42881, 49.1759, 180.804, 0.999851, 0.0133413, 0.0109171, -0.011461, 0.987512, -0.157129, -0.012877, 0.156981, 0.987518, 0.00284147  
183, 1.73883, 51.8128, 180.774, 0.999934, 0.0105348, 0.00468533, -0.00971033, 0.988574, -0.150421, -0.00621645, 0.150365, 0.988611, 0.00270805  
184, 1.06858, 54.5873, 180.801, 0.999973, 0.00728821, 0.000231746, -0.00718597, 0.990348, -0.13842, -0.00123834, 0.138415, 0.990374, 0.00297461  
185, 0.383905, 57.4588, 180.781, 0.999945, 0.0104522, -0.00113703, -0.0105122, 0.99201, -0.125723, -0.000186142, 0.125728, 0.992065, 0.00292247  
186, -0.518084, 60.3498, 180.808, 0.999933, 0.0103114, -0.00517452, -0.0108405, 0.993239, -0.11558, 0.00394775, 0.115628, 0.993285, 0.00273274  
187, -1.26352, 63.0638, 180.811, 0.999894, 0.00936962, -0.0111036, -0.0105895, 0.993256, -0.115458, 0.00994695, 0.115563, 0.99325, 0.00284646  
188, -1.9205, 65.83, 180.768, 0.999829, 0.00683539, -0.0171558, -0.00853262, 0.994861, -0.100893, 0.016378, 0.101023, 0.994749, 0.00269557  
189, -2.63333, 68.6566, 180.741, 0.999815, 0.00465901, -0.018649, -0.00635014, 0.995769, -0.0916765, 0.0181429, 0.091778, 0.995614, 0.00292219  
190, -3.321, 71.8176, 180.772, 0.999716, 0.00528783, -0.0232486, -0.00721548, 0.996471, -0.0836292, 0.0227243, 0.0837732, 0.996226, 0.00291914  
191, -3.94449, 74.6112, 180.781, 0.999664, 0.00724839, -0.0248859, -0.0090802, 0.997194, -0.0743031, 0.0242775, 0.0745041, 0.996925, 0.00277906  
192, -4.44472, 77.5064, 180.745, 0.999539, 0.00619451, -0.0297126, -0.0082332, 0.997583, -0.0689898, 0.0292135, 0.0692026, 0.997175, 0.00281373  
193, -4.99908, 80.564, 180.724, 0.999446, 0.00524442, -0.0328639, -0.00712304, 0.998331, -0.0573098, 0.0325085, 0.0575121, 0.997815, 0.00276741  
194, -5.51761, 83.3697, 180.694, 0.999315, 0.00324055, -0.0368731, -0.00500908, 0.998836, -0.0479717, 0.0366747, 0.0481235, 0.998168, 0.00315519  
195, -6.12499, 86.3151, 180.574, 0.999313, -0.000122576, -0.0370714, -0.00119627, 0.999367, -0.0355515, 0.0370523, 0.0355714, 0.99868, 0.00298876  
196, -6.60388, 89.3846, 180.464, 0.999286, -0.00135899, -0.0377571, 0.000324839, 0.999625, -0.0273823, 0.0377801, 0.0273505, 0.998912, 0.00276464  
197, -6.97275, 92.3987, 180.583, 0.999112, 0.00156426, -0.0421116, -0.00228203, 0.999853, -0.0170017, 0.0420788, 0.0170827, 0.998968, 0.00289528  
198, -7.37875, 95.388, 180.678, 0.99899, 0.00159885, -0.0449132, -0.00182566, 0.999986, -0.0050094, 0.0449046, 0.00508633, 0.998978, 0.00270389  
199, -7.77955, 98.3422, 180.609, 0.998854, 0.00109241, -0.0478407, -0.0011468, 0.999999, -0.00110952, 0.0478395, 0.00116312, 0.998854, 0.00289112  
200, -8.1329, 101.224, 180.606, 0.998925, -0.00136528, -0.0463333, 0.00172336, 0.999969, 0.0076892, 0.0463213, -0.00776079, 0.998896, 0.00293217  
201, -8.51555, 104.146, 180.569, 0.998869, 0.00100209, -0.0475322, -0.000422981, 0.999926, 0.0121921, 0.0475409, -0.0121582, 0.998795, 0.00275326  
202, -8.70169, 106.909, 180.726, 0.998811, 0.00258517, -0.0486891, -0.00157524, 0.999783, 0.0207693, 0.0487322, -0.0206679, 0.998598, 0.00283897  
203, -8.89587, 109.559, 180.854, 0.998753, 0.000992033, -0.0499126, 0.000267728, 0.999682, 0.0252263, 0.0499218, -0.0252082, 0.998435, 0.00271471  
204, -9.16238, 112.516, 180.901, 0.998663, -0.000331388, -0.0516863, 0.00222095, 0.999331, 0.0365052, 0.0516397, -0.0365712, 0.997996, 0.00303896  
205, -9.41353, 115.258, 180.858, 0.998592, 0.000874785, -0.0530335, 0.0015318, 0.998971, 0.045321, 0.0530185, -0.0453384, 0.997564, 0.00286006  
206, -9.54663, 117.878, 180.86, 0.998523, -0.00095931, -0.0543186, 0.00377432, 0.998653, 0.0517452, 0.0541958, -0.0518738, 0.997182, 0.00269557  
207, -9.69363, 120.654, 180.86, 0.998504, -0.0018701, -0.054642, 0.00500958, 0.99834, 0.0573751, 0.054444, -0.057563, 0.996856, 0.00294577  
208, -9.72754, 123.19, 180.777, 0.998607, -0.000591121, -0.0527667, 0.00393208, 0.997991, 0.0632343, 0.0526233, -0.0633537, 0.996603, 0.00274272  
209, -9.72665, 125.71, 180.789, 0.998714, 0.00329461, -0.0505991, 7.93968e-005, 0.997784, 0.0665348, 0.0507061, -0.0664533, 0.9965, 0.00312911  
210, -9.70817, 128.166, 180.884, 0.998655, 0.000851825, -0.0518319, 0.00284221, 0.997461, 0.0711541, 0.051761, -0.0712057, 0.996118, 0.00297655  
211, -9.66587, 130.739, 180.9, 0.998571, -0.00199736, -0.0534006, 0.00600967, 0.997159, 0.0750816, 0.0530989, -0.0752952, 0.995747, 0.00249863  
212, -9.67609, 133.136, 180.851, 0.998701, -0.00262799, -0.0508851, 0.0067592, 0.996676, 0.0811862, 0.0505026, -0.0814247, 0.995399, 0.00298987  
213, -9.58654, 135.638, 180.846, 0.998716, -0.00172189, -0.0506353, 0.00595707, 0.996481, 0.0836095, 0.0503132, -0.0838038, 0.995211, 0.00270056  
214, -9.43678, 138.135, 180.839, 0.998685, -0.00109, -0.0512611, 0.00549245, 0.996295, 0.0858208, 0.0509776, -0.0859895, 0.994991, 0.0029735  
215, -9.36085, 140.435, 180.673, 0.998746, -0.00462137, -0.0498452, 0.00941833, 0.995295, 0.0964365, 0.049165, -0.096785, 0.99409, 0.00295076  
216, -9.34339, 142.487, 180.65, 0.99906, -0.00887017, -0.0424433, 0.0133292, 0.994281, 0.10596, 0.0412607, -0.106426, 0.993464, 0.00277962  
217, -9.12416, 144.682, 180.743, 0.9991, -0.00833421, -0.0415928, 0.0125411, 0.994712, 0.101932, 0.0405233, -0.102362, 0.993922, 0.00274605  
218, -9.04018, 146.735, 180.598, 0.999175, -0.0108509, -0.0391407, 0.0150894, 0.993853, 0.109675, 0.03771, -0.110176, 0.993197, 0.00268336  
219, -8.53539, 148.839, 180.689, 0.999078, -0.00624608, -0.0424634, 0.0103698, 0.995172, 0.0975974, 0.0416488, -0.0979478, 0.99432, 0.00278877  
220, -8.23767, 150.817, 180.571, 0.999103, -0.00995096, -0.0411613, 0.0142431, 0.994335, 0.105335, 0.0398799, -0.105826, 0.993585, 0.00284092  
221, -8.00515, 152.756, 180.473, 0.999191, -0.0123985, -0.0382478, 0.0164504, 0.994067, 0.107515, 0.0366879, -0.108057, 0.993467, 0.00275798  
222, -7.6437, 154.414, 180.348, 0.999251, -0.0164572, -0.0350152, 0.020382, 0.993172, 0.114864, 0.0328858, -0.115491, 0.992764, 0.00275826  
223, -7.13563, 156.312, 180.499, 0.999484, -0.0167117, -0.0274426, 0.0197011, 0.993451, 0.11255, 0.0253819, -0.113033, 0.993267, 0.00272608  
224, -6.7449, 158.17, 180.327, 0.999357, -0.0228669, -0.0276002, 0.0261464, 0.991813, 0.124994, 0.024516, -0.125635, 0.991774, 0.00305478  
225, -6.22415, 159.741, 180.541, 0.999511, -0.0216824, -0.0225369, 0.0241621, 0.992918, 0.116316, 0.0198553, -0.116804, 0.992956, 0.00299403  
226, -5.79819, 161.281, 180.487, 0.999484, -0.0240816, -0.0212488, 0.0264474, 0.992521, 0.119173, 0.01822, -0.119673, 0.992646, 0.0027835  
227, -5.23002, 162.948, 180.508, 0.999493, -0.0249993, -0.0197184, 0.027106, 0.992992, 0.115028, 0.0167046, -0.115505, 0.993166, 0.00278267  
228, -4.50631, 164.507, 180.645, 0.999623, -0.0226055, -0.0156131, 0.0241313, 0.994108, 0.105672, 0.0131324, -0.106009, 0.994278, 0.00271415  
229, -3.85756, 165.95, 180.676, 0.99965, -0.0202745, -0.0170064, 0.0218177, 0.995133, 0.0960954, 0.0149753, -0.0964328, 0.995227, 0.0029638  
230, -3.19833, 167.283, 180.691, 0.999702, -0.0214519, -0.0116646, 0.0224643, 0.995223, 0.0950046, 0.00957087, -0.0952383, 0.995408, 0.00294244  
231, -2.52179, 168.434, 180.69, 0.999709, -0.0225178, -0.00869885, 0.0232246, 0.995469, 0.0922092, 0.00658308, -0.0923844, 0.995702, 0.00276963  
232, -1.86368, 169.737, 180.635, 0.999733, -0.0221831, -0.00651222, 0.0226793, 0.995688, 0.0899486, 0.0044888, -0.0900723, 0.995925, 0.00274439  
233, -1.14914, 171.04, 180.69, 0.999729, -0.0232996, -0.000157198, 0.0232202, 0.995717, 0.089485, -0.00192844, -0.0894644, 0.995988, 0.00272414  
234, -0.457021, 172.007, 180.806, 0.999587, -0.0262287, 0.0117836, 0.0250678, 0.995652, 0.0897134, -0.0140855, -0.089381, 0.995898, 0.00307502  
235, 0.226005, 173.058, 180.817, 0.999429, -0.0293579, 0.0167448, 0.0278095, 0.995889, 0.0862096, -0.0192069, -0.0856947, 0.996136, 0.00289084  
236, 0.977531, 174.137, 180.791, 0.999376, -0.0287794, 0.0204968, 0.0269796, 0.996164, 0.0832451, -0.0228139, -0.0826401, 0.996318, 0.00278489  
237, 1.68351, 174.946, 180.81, 0.999317, -0.0273402, 0.0248715, 0.0253817, 0.996791, 0.0759148, -0.0268672, -0.0752316, 0.996804, 0.00283454  
238, 2.3779, 176.105, 180.817, 0.999267, -0.0271976, 0.0269373, 0.0252171, 0.997135, 0.0713165, -0.0287997, -0.070585, 0.99709, 0.00277074  
239, 3.02971, 176.839, 180.971, 0.999162, -0.0276842, 0.0301484, 0.0256903, 0.997579, 0.0646263, -0.0318645, -0.0637976, 0.997454, 0.0030814  
240, 3.72474, 177.575, 181.08, 0.999102, -0.0266697, 0.0329265, 0.0247402, 0.998029, 0.0576779, -0.0343999, -0.0568115, 0.997792, 0.00300346  
241, 4.2206, 178.301, 181.121, 0.998954, -0.0282362, 0.0359711, 0.02629, 0.998223, 0.0534753, -0.0374172, -0.0524737, 0.997921, 0.00272913  
242, 4.68167, 179.097, 181.163, 0.99884, -0.0269161, 0.039935, 0.0249623, 0.998504, 0.0486432, -0.0411846, -0.0475899, 0.998018, 0.00283814  
243, 5.22789, 179.464, 181.154, 0.998791, -0.0236, 0.043112, 0.022121, 0.999161, 0.034467, -0.0438892, -0.0334717, 0.998476, 0.00279321  
244, 5.6191, 180.327, 181.12, 0.998693, -0.024626, 0.0447928, 0.0232736, 0.999265, 0.0304665, -0.0455102, -0.0293842, 0.998532, 0.00287919  
245, 6.05287, 180.788, 181.244, 0.998579, -0.0226605, 0.0482293, 0.0218801, 0.999622, 0.0166479, -0.0485884, -0.015569, 0.998698, 0.00292108  
246, 6.41919, 181.361, 181.281, 0.998495, -0.0222337, 0.0501283, 0.0217234, 0.999707, 0.0107024, -0.0503516, -0.00959732, 0.998685, 0.00281762  
247, 6.57945, 182.007, 181.334, 0.998363, -0.0236108, 0.0520931, 0.023327, 0.99971, 0.00604906, -0.0522208, -0.00482398, 0.998624, 0.00282289  
248, 6.85636, 182.278, 181.429, 0.998224, -0.0229994, 0.0549508, 0.0233535, 0.99971, -0.00581056, -0.0548013, 0.00708353, 0.998472, 0.0029502  
249, 6.96234, 183.209, 181.378, 0.99813, -0.0252687, 0.0556532, 0.0254728, 0.999671, -0.0029605, -0.0555601, 0.00437261, 0.998446, 0.00291553  
250, 7.03593, 183.407, 181.407, 0.998152, -0.0238731, 0.0558802, 0.0247824, 0.999571, -0.0156378, -0.0554829, 0.0169938, 0.998315, 0.00288141  
251, 7.30857, 183.69, 181.426, 0.998134, -0.0239669, 0.0561536, 0.0254286, 0.999352, -0.0254619, -0.055507, 0.0268423, 0.998097, 0.00277906  
252, 7.34582, 184.241, 181.353, 0.998043, -0.0211329, 0.0588438, 0.0229815, 0.999258, -0.0309173, -0.0581468, 0.0322091, 0.997788, 0.0028276  
253, 7.36901, 184.492, 181.336, 0.997967, -0.0197715, 0.0605955, 0.0223577, 0.998855, -0.0423032, -0.0596897, 0.0435719, 0.997266, 0.00282289  
254, 7.39432, 184.942, 181.238, 0.997972, -0.019301, 0.0606519, 0.0221878, 0.998635, -0.0472878, -0.0596564, 0.0485377, 0.997038, 0.00276519  
255, 7.24174, 185.315, 181.122, 0.997895, -0.0193991, 0.0618753, 0.0228968, 0.99815, -0.056329, -0.0606681, 0.0576272, 0.996493, 0.00290666  
256, 7.28111, 185.906, 181.2, 0.998204, -0.0123477, 0.0586188, 0.0168879, 0.996842, -0.0776001, -0.0574755, 0.0784506, 0.99526, 0.00281401  
257, 6.96099, 186.436, 181.083, 0.998228, -0.0165452, 0.0571587, 0.020772, 0.99703, -0.0741644, -0.0557619, 0.0752203, 0.995607, 0.00284452  
258, 6.95464, 187.075, 181.275, 0.998518, -0.00826044, 0.0537859, 0.0135647, 0.994994, -0.0990136, -0.0526987, 0.0995965, 0.993631, 0.00274134  
259, 6.71831, 187.512, 181.369, 0.998604, -0.00751172, 0.0522933, 0.0130755, 0.994186, -0.106881, -0.0511864, 0.107416, 0.992896, 0.00287115  
260, 6.37851, 188.12, 181.401, 0.998755, -0.00855883, 0.0491373, 0.013965, 0.993749, -0.110757, -0.0478822, 0.111305, 0.992632, 0.00308584  
261, 6.12599, 188.404, 181.407, 0.998698, -0.0108013, 0.0498519, 0.016841, 0.992341, -0.122373, -0.0481483, 0.123053, 0.991231, 0.00283676  
262, 5.69066, 188.974, 181.447, 0.998656, -0.0116373, 0.0505018, 0.0178149, 0.992165, -0.123655, -0.0486671, 0.124389, 0.991039, 0.00282289  
263, 5.22069, 189.461, 181.432, 0.998658, -0.0111464, 0.0505781, 0.0176557, 0.991339, -0.130139, -0.0486894, 0.130857, 0.990205, 0.0026989  
264, 4.68964, 190.018, 181.352, 0.998753, -0.0122659, 0.0483866, 0.0189157, 0.990046, -0.139466, -0.0461943, 0.140207, 0.989044, 0.00291248  
265, 4.20169, 190.703, 181.308, 0.998829, -0.0110831, 0.0470903, 0.0176437, 0.989813, -0.141279, -0.0450448, 0.141945, 0.988849, 0.00299375  
266, 3.59524, 191.206, 181.29, 0.998966, -0.0103309, 0.0442769, 0.0169641, 0.988209, -0.152167, -0.0421828, 0.152761, 0.987363, 0.00273995  
267, 2.92502, 191.97, 181.271, 0.998971, -0.0106703, 0.0440726, 0.0173548, 0.987888, -0.154198, -0.0418935, 0.154804, 0.987057, 0.00274189  
268, 2.30617, 192.828, 181.317, 0.999241, -0.0112399, 0.0372986, 0.0172127, 0.986326, -0.163904, -0.0349463, 0.164422, 0.985771, 0.00267088  
269, 1.5384, 193.365, 181.334, 0.99925, -0.0118278, 0.0368679, 0.0180215, 0.984846, -0.172493, -0.034269, 0.173028, 0.984321, 0.00291553  
270, 0.833978, 194.291, 181.351, 0.999354, -0.0153796, 0.0324664, 0.0208058, 0.984516, -0.174053, -0.0292868, 0.174617, 0.984201, 0.00289584  
271, 0.130436, 195.022, 181.286, 0.999411, -0.0149447, 0.030889, 0.0203182, 0.983138, -0.181733, -0.0276522, 0.182254, 0.982863, 0.00269918  
272, -0.615801, 196.046, 181.246, 0.999527, -0.0154248, 0.0266118, 0.0201356, 0.982152, -0.187007, -0.0232524, 0.187454, 0.981998, 0.0028448  
273, -1.37498, 197.169, 181.198, 0.999595, -0.0150575, 0.0241444, 0.0194044, 0.981329, -0.191357, -0.0208123, 0.191748, 0.981224, 0.00266728  
