0, 12.8988, -23.7702, 180.8, 0.998873, 0.0443947, 0.0168164, -0.0431994, 0.996898, -0.0657845, -0.0196847, 0.0649839, 0.997692, 0.0427158  
1, 12.9227, -23.7448, 180.801, 0.998886, 0.0443114, 0.0162091, -0.0431433, 0.996857, -0.0664387, -0.0191021, 0.0656654, 0.997659, 0.0026437  
2, 12.9173, -23.7689, 180.836, 0.998853, 0.0447146, 0.0171, -0.0434886, 0.996847, -0.0663675, -0.0200137, 0.0655477, 0.997649, 0.00260653  
3, 12.8933, -23.7432, 180.824, 0.998894, 0.0442559, 0.0158536, -0.0430977, 0.996811, -0.0671611, -0.0187753, 0.0664035, 0.997616, 0.00281179  
4, 12.9178, -23.7869, 180.806, 0.998882, 0.0443489, 0.0163701, -0.0431825, 0.996898, -0.0657945, -0.0192373, 0.065014, 0.997699, 0.0029294  
5, 12.8916, -23.7547, 180.836, 0.99887, 0.0446793, 0.0162206, -0.0434689, 0.9967, -0.0685546, -0.01923, 0.067772, 0.997515, 0.00281318  
6, 12.9048, -23.7409, 180.788, 0.998893, 0.0442799, 0.0158605, -0.0431319, 0.996848, -0.0665929, -0.0187592, 0.0658351, 0.997654, 0.00300402  
7, 12.9042, -23.7736, 180.853, 0.998864, 0.0444449, 0.0171832, -0.0432024, 0.996821, -0.0669427, -0.0201039, 0.0661243, 0.997609, 0.00293744  
8, 12.9056, -23.7659, 180.824, 0.998841, 0.0448948, 0.0173423, -0.0436504, 0.996833, -0.0664712, -0.0202716, 0.0656372, 0.997638, 0.00288446  
9, 12.9032, -23.7372, 180.821, 0.998852, 0.0450817, 0.0161905, -0.0438711, 0.996677, -0.068631, -0.0192307, 0.0678419, 0.997511, 0.00291498  
10, 12.91, -23.7456, 180.813, 0.998839, 0.0451706, 0.0167254, -0.0439779, 0.996858, -0.0658782, -0.0196486, 0.0650662, 0.997687, 0.00297794  
11, 12.913, -23.7743, 180.796, 0.998838, 0.0453224, 0.0163827, -0.0441414, 0.996816, -0.0664066, -0.0193403, 0.0656063, 0.997658, 0.00292718  
12, 12.9109, -23.7715, 180.828, 0.99886, 0.0446816, 0.0168192, -0.0434723, 0.996842, -0.0664607, -0.0197356, 0.0656537, 0.997647, 0.0029319  
13, 12.8934, -23.7529, 180.819, 0.998877, 0.0443176, 0.0167582, -0.0431182, 0.996875, -0.066192, -0.0196393, 0.0653951, 0.997666, 0.00293855  
14, 12.8773, -23.7485, 180.819, 0.998906, 0.0438921, 0.0161214, -0.0427298, 0.996872, -0.066483, -0.018989, 0.0657214, 0.997657, 0.0029  
15, 12.907, -23.7271, 180.832, 0.998855, 0.0450569, 0.0160824, -0.0438565, 0.996688, -0.0684856, -0.0191149, 0.0677018, 0.997522, 0.00291858  
16, 12.8977, -23.7592, 180.841, 0.998861, 0.0446608, 0.0167896, -0.0434233, 0.996741, -0.067984, -0.0197711, 0.0671776, 0.997545, 0.00288446  
17, 12.9245, -23.7479, 180.843, 0.998849, 0.0453318, 0.015706, -0.0441539, 0.996666, -0.0686102, -0.0187639, 0.0678377, 0.99752, 0.0045149  
18, 12.9425, -23.7638, 180.822, 0.998896, 0.0439823, 0.0164753, -0.042811, 0.996918, -0.0657387, -0.0193159, 0.0649609, 0.997701, 0.00296879  
19, 12.9213, -23.7504, 180.818, 0.998851, 0.0449999, 0.0164551, -0.0438152, 0.996831, -0.0663923, -0.0193906, 0.0655951, 0.997658, 0.00285118  
20, 12.8816, -23.7741, 180.822, 0.99887, 0.0447734, 0.0159671, -0.0436089, 0.996797, -0.0670352, -0.0189173, 0.0662631, 0.997623, 0.00378317  
21, 12.9357, -23.7698, 180.851, 0.99886, 0.0447922, 0.0165099, -0.0435688, 0.996719, -0.0682073, -0.0195109, 0.0674102, 0.997535, 0.00305977  
22, 12.8845, -23.7521, 180.835, 0.998871, 0.044601, 0.0163661, -0.0433822, 0.996708, -0.0684902, -0.019367, 0.0677029, 0.997518, 0.00297877  
23, 12.8924, -23.7439, 180.818, 0.99886, 0.0449718, 0.0160217, -0.0438003, 0.996778, -0.0671922, -0.0189918, 0.0664138, 0.997611, 0.00283038  
24, 12.901, -23.7414, 180.835, 0.998862, 0.044919, 0.0160569, -0.0437173, 0.996682, -0.0686602, -0.0190878, 0.0678801, 0.997511, 0.00287309  
25, 12.8812, -23.7449, 180.824, 0.998838, 0.045096, 0.0170193, -0.043866, 0.996802, -0.0667954, -0.0199771, 0.0659712, 0.997622, 0.00289057  
26, 12.9104, -23.754, 180.864, 0.998882, 0.0443281, 0.0164046, -0.0431064, 0.996717, -0.0685408, -0.019389, 0.067757, 0.997513, 0.00281734  
27, 12.9083, -23.7418, 180.823, 0.99889, 0.0442321, 0.0161772, -0.0430675, 0.996865, -0.0663737, -0.0190624, 0.0656034, 0.997664, 0.00283232  
28, 12.9025, -23.7758, 180.817, 0.998852, 0.0448456, 0.0168415, -0.0436103, 0.996754, -0.0676755, -0.0198218, 0.0668634, 0.997565, 0.00275021  
29, 12.9202, -23.7567, 180.808, 0.998844, 0.045129, 0.0165666, -0.0439301, 0.996804, -0.0667234, -0.0195248, 0.0659185, 0.997634, 0.0028656  
30, 12.9198, -23.7558, 180.856, 0.998868, 0.0445986, 0.0165144, -0.0433805, 0.996746, -0.067942, -0.0194907, 0.0671487, 0.997553, 0.00289944  
31, 12.8997, -23.7533, 180.796, 0.998858, 0.0451056, 0.0157733, -0.0439461, 0.996756, -0.067419, -0.0187632, 0.0666488, 0.9976, 0.00291525  
32, 12.9089, -23.7671, 180.807, 0.998861, 0.0449657, 0.0159895, -0.0437913, 0.996761, -0.0674575, -0.018971, 0.0666804, 0.997594, 0.00281817  
33, 12.9032, -23.7416, 180.794, 0.998887, 0.0443988, 0.0159079, -0.0432568, 0.996876, -0.0660913, -0.0187926, 0.0653296, 0.997687, 0.00278433  
34, 12.8925, -23.7385, 180.805, 0.998882, 0.0443285, 0.0164171, -0.0431686, 0.996931, -0.065309, -0.0192617, 0.0645273, 0.99773, 0.00281651  
35, 12.9111, -23.762, 180.825, 0.998857, 0.0449731, 0.0161943, -0.0437693, 0.996706, -0.0682752, -0.0192115, 0.0674884, 0.997535, 0.00290138  
36, 12.8962, -23.7472, 180.843, 0.998857, 0.0446807, 0.0170054, -0.0434412, 0.996783, -0.0673575, -0.0199603, 0.0665417, 0.997584, 0.00280929  
37, 12.8802, -23.7534, 180.856, 0.998814, 0.0453666, 0.017677, -0.0440695, 0.996718, -0.0679085, -0.0206998, 0.0670489, 0.997535, 0.00302482  
38, 12.9483, -23.7797, 180.835, 0.998864, 0.0446592, 0.0166294, -0.0434518, 0.996807, -0.066998, -0.0195684, 0.0661993, 0.997615, 0.00269529  
39, 12.8725, -23.7707, 180.835, 0.998845, 0.0450222, 0.0168097, -0.0437644, 0.996663, -0.0688958, -0.0198554, 0.0680805, 0.997482, 0.00284757  
40, 12.8843, -23.7655, 180.825, 0.998862, 0.0445922, 0.0169127, -0.0433756, 0.996841, -0.0665283, -0.019826, 0.065719, 0.997641, 0.00286449  
41, 12.9093, -23.7979, 180.811, 0.998869, 0.0446178, 0.0164138, -0.0434296, 0.996824, -0.0667486, -0.0193398, 0.0659603, 0.997635, 0.0028889  
42, 12.9033, -23.7575, 180.779, 0.998859, 0.0448772, 0.0163295, -0.0436981, 0.996826, -0.0665388, -0.0192638, 0.0657493, 0.99765, 0.00311303  
43, 12.9014, -23.7476, 180.81, 0.998894, 0.0440857, 0.0163773, -0.0429067, 0.996866, -0.0664555, -0.0192557, 0.0656793, 0.997655, 0.00339567  
44, 12.9155, -23.7955, 180.821, 0.998886, 0.0443776, 0.016016, -0.04321, 0.996812, -0.067073, -0.0189414, 0.0663063, 0.99762, 0.00291636  
45, 12.8823, -23.7765, 180.797, 0.998881, 0.0444932, 0.0160043, -0.043349, 0.996886, -0.0658677, -0.0188851, 0.0651002, 0.9977, 0.00281789  
46, 12.8668, -23.7619, 180.827, 0.998864, 0.0447546, 0.0163706, -0.0435352, 0.996701, -0.0684907, -0.0193819, 0.0677002, 0.997517, 0.00277407  
47, 12.8855, -23.7582, 180.817, 0.998878, 0.0442969, 0.016755, -0.0430841, 0.99683, -0.0668917, -0.019665, 0.0660947, 0.99762, 0.00281151  
48, 12.8948, -23.7621, 180.838, 0.998851, 0.0448141, 0.0169987, -0.0435754, 0.996779, -0.067325, -0.0199611, 0.0665069, 0.997586, 0.00281401  
49, 12.8804, -23.7559, 180.819, 0.998859, 0.0449631, 0.0161162, -0.0437703, 0.996726, -0.0679797, -0.01912, 0.0671967, 0.997557, 0.00292774  
50, 12.9217, -23.7595, 180.839, 0.998848, 0.0450551, 0.0165172, -0.0438379, 0.996733, -0.0678412, -0.0195198, 0.067039, 0.997559, 0.00281068  
51, 12.9083, -23.7731, 180.819, 0.998879, 0.0446425, 0.01574, -0.0434948, 0.996807, -0.0669603, -0.018679, 0.0662007, 0.997631, 0.00286116  
52, 12.9191, -23.7682, 180.788, 0.998858, 0.0449065, 0.0163242, -0.0437195, 0.996797, -0.0669607, -0.0192789, 0.0661706, 0.997622, 0.00282732  
53, 12.8883, -23.7667, 180.785, 0.998895, 0.0439733, 0.016567, -0.0427966, 0.996921, -0.0657093, -0.0194054, 0.0649277, 0.997701, 0.00291387  
54, 12.9103, -23.7657, 180.855, 0.998859, 0.0449123, 0.0162625, -0.0436959, 0.99668, -0.0686944, -0.0192938, 0.0679054, 0.997505, 0.00293023  
55, 12.9062, -23.7644, 180.824, 0.998891, 0.0445188, 0.0153469, -0.0434062, 0.996844, -0.0664745, -0.0182578, 0.0657346, 0.99767, 0.00282705  
56, 12.9093, -23.7569, 180.793, 0.998856, 0.0445208, 0.0174273, -0.0432987, 0.996936, -0.0651376, -0.0202739, 0.0643086, 0.997724, 0.00285201  
57, 12.8988, -23.7448, 180.791, 0.998868, 0.0447686, 0.0160974, -0.0436079, 0.996841, -0.0663859, -0.0190186, 0.0656088, 0.997664, 0.00281956  
58, 12.9204, -23.7682, 180.828, 0.998869, 0.0446714, 0.0162856, -0.0434963, 0.996838, -0.0665001, -0.0192048, 0.0657165, 0.997654, 0.00286006  
59, 12.9087, -23.7773, 180.817, 0.998842, 0.0449722, 0.0170758, -0.0437544, 0.996859, -0.066012, -0.0199909, 0.0651884, 0.997673, 0.00292247  
60, 12.9107, -23.7838, 180.803, 0.998864, 0.0446391, 0.0166541, -0.0434418, 0.996847, -0.0664029, -0.0195658, 0.065604, 0.997654, 0.00320206  
61, 12.8946, -23.7702, 180.83, 0.998892, 0.0444678, 0.0154093, -0.0433433, 0.996817, -0.0669084, -0.0183355, 0.0661663, 0.99764, 0.00298654  
62, 12.8883, -23.7625, 180.799, 0.998878, 0.0444416, 0.0163492, -0.0432679, 0.996865, -0.0662389, -0.0192418, 0.0654572, 0.99767, 0.00291303  
63, 12.8987, -23.7762, 180.796, 0.998869, 0.0446079, 0.0164751, -0.0434273, 0.996864, -0.0661511, -0.0193743, 0.0653608, 0.997674, 0.0029208  
64, 12.9051, -23.7728, 180.824, 0.99889, 0.0443786, 0.015816, -0.0432142, 0.996776, -0.0676066, -0.0187653, 0.066848, 0.997587, 0.00284286  
65, 12.8986, -23.7214, 180.793, 0.998884, 0.0446826, 0.015328, -0.0435691, 0.99683, -0.0665746, -0.0182541, 0.0658325, 0.997664, 0.00287503  
66, 12.9022, -23.751, 180.843, 0.998857, 0.0449048, 0.016393, -0.043685, 0.9967, -0.0684151, -0.0194111, 0.0676207, 0.997522, 0.00285784  
67, 12.9106, -23.747, 180.826, 0.99886, 0.044533, 0.0171711, -0.0433118, 0.996885, -0.0659139, -0.0200529, 0.0650951, 0.997678, 0.00284563  
68, 12.9122, -23.7437, 180.824, 0.998868, 0.0445976, 0.0165399, -0.0434138, 0.996868, -0.0660989, -0.019436, 0.065306, 0.997676, 0.0027921  
69, 12.9072, -23.7481, 180.817, 0.998872, 0.044698, 0.0160212, -0.0435432, 0.996846, -0.0663435, -0.0189361, 0.065571, 0.997668, 0.00275826  
70, 12.8897, -23.7381, 180.845, 0.998843, 0.0453693, 0.0159182, -0.044192, 0.996718, -0.0678197, -0.0189429, 0.0670378, 0.997571, 0.00281623  
71, 12.9075, -23.7502, 180.827, 0.998875, 0.044353, 0.0167665, -0.0431695, 0.996928, -0.065358, -0.0196138, 0.0645607, 0.997721, 0.00283787  
72, 12.9126, -23.7667, 180.828, 0.998856, 0.0447292, 0.0168956, -0.0435193, 0.996855, -0.06623, -0.0198049, 0.065419, 0.997661, 0.00281096  
73, 12.939, -23.775, 180.825, 0.998875, 0.0445949, 0.0161493, -0.0434263, 0.996832, -0.066638, -0.0190699, 0.0658617, 0.997647, 0.00293301  
74, 12.9011, -23.7725, 180.795, 0.998864, 0.0443598, 0.0174185, -0.0431331, 0.996926, -0.0654102, -0.0202666, 0.0645846, 0.997706, 0.00281262  
75, 12.898, -23.7637, 180.828, 0.998872, 0.0444088, 0.01682, -0.0431825, 0.996795, -0.0673378, -0.0197565, 0.0665355, 0.997588, 0.00284397  
76, 12.9179, -23.771, 180.793, 0.998864, 0.0446927, 0.0165561, -0.0435126, 0.996881, -0.0658439, -0.0194472, 0.0650487, 0.997693, 0.00288502  
77, 12.9187, -23.7646, 180.804, 0.998864, 0.0447349, 0.0164129, -0.0435401, 0.996797, -0.0670769, -0.019361, 0.066286, 0.997613, 0.0028595  
78, 12.9048, -23.7342, 180.856, 0.998857, 0.0448588, 0.0164736, -0.0436535, 0.996771, -0.0673997, -0.0194439, 0.0666035, 0.99759, 0.00281096  
79, 12.9139, -23.7547, 180.83, 0.998881, 0.0442571, 0.0166683, -0.0430684, 0.996892, -0.0659593, -0.0195356, 0.0651677, 0.997683, 0.00287226  
80, 12.9326, -23.7654, 180.861, 0.998841, 0.0453859, 0.0160542, -0.0441928, 0.996695, -0.0681651, -0.0190949, 0.0673766, 0.997545, 0.00279071  
81, 12.8909, -23.7417, 180.822, 0.998876, 0.044643, 0.0159463, -0.0434986, 0.996867, -0.0660598, -0.0188455, 0.0652919, 0.997688, 0.0028043  
82, 12.8939, -23.7545, 180.864, 0.998862, 0.044924, 0.0160406, -0.0437193, 0.996667, -0.0688683, -0.0190809, 0.0680886, 0.997497, 0.00284757  
83, 12.8853, -23.7687, 180.804, 0.998888, 0.0443392, 0.0160485, -0.0431846, 0.996866, -0.0662795, -0.018937, 0.0655127, 0.997672, 0.00290277  
84, 12.9029, -23.7708, 180.792, 0.998874, 0.0446184, 0.0161501, -0.0434587, 0.996861, -0.0661719, -0.0190519, 0.0653955, 0.997678, 0.00305699  
85, 12.9231, -23.7792, 180.819, 0.998884, 0.0442773, 0.0164249, -0.0431001, 0.996876, -0.0661793, -0.0193038, 0.0653975, 0.997673, 0.00295048  
86, 12.9255, -23.764, 180.811, 0.998855, 0.0450483, 0.016127, -0.0438752, 0.996795, -0.0668988, -0.019089, 0.0661146, 0.997629, 0.00294382  
87, 12.9166, -23.759, 180.829, 0.998884, 0.0444109, 0.0160754, -0.0432371, 0.996803, -0.0671872, -0.0190078, 0.0664171, 0.997611, 0.00287337  
88, 12.9136, -23.7388, 180.829, 0.998877, 0.0446045, 0.0159851, -0.0434589, 0.996873, -0.0659955, -0.0188789, 0.0652266, 0.997692, 0.00295825  
89, 12.9283, -23.7449, 180.875, 0.998889, 0.0444329, 0.0156996, -0.0432578, 0.996707, -0.0685914, -0.0186956, 0.0678361, 0.997521, 0.0029405  
90, 12.9056, -23.7495, 180.853, 0.998872, 0.0446824, 0.0160443, -0.0435078, 0.996783, -0.067307, -0.0190002, 0.0665331, 0.997603, 0.00285673  
91, 12.9188, -23.7511, 180.866, 0.998859, 0.0450231, 0.0159512, -0.0438339, 0.996697, -0.0683648, -0.0189765, 0.0675875, 0.997533, 0.0029846  
92, 12.9248, -23.7744, 180.824, 0.998872, 0.0443995, 0.0168593, -0.0431972, 0.996884, -0.0659971, -0.019737, 0.0651943, 0.997677, 0.00290222  
93, 12.9282, -23.7496, 180.826, 0.998884, 0.0446192, 0.0154683, -0.0435046, 0.996862, -0.0661389, -0.0183708, 0.0653921, 0.997691, 0.00297239  
94, 12.9031, -23.7547, 180.829, 0.998857, 0.0448086, 0.0166387, -0.0436014, 0.996804, -0.0669425, -0.0195851, 0.0661405, 0.997618, 0.00293606  
95, 12.9138, -23.7835, 180.822, 0.998861, 0.0446551, 0.0168393, -0.0434497, 0.99686, -0.0661954, -0.0197424, 0.0653883, 0.997665, 0.0028742  
96, 12.912, -23.7647, 180.837, 0.998858, 0.0449232, 0.0162541, -0.0437264, 0.996746, -0.0677113, -0.0192431, 0.0669233, 0.997573, 0.00300623  
97, 12.8963, -23.7751, 180.827, 0.998865, 0.0446438, 0.0166126, -0.0434466, 0.996838, -0.0665378, -0.0195305, 0.0657405, 0.997646, 0.00287143  
98, 12.913, -23.7525, 180.806, 0.998887, 0.0441735, 0.0165438, -0.0429754, 0.996836, -0.066861, -0.019445, 0.0660756, 0.997625, 0.00282372  
99, 12.8996, -23.7634, 180.833, 0.998859, 0.0448674, 0.0163884, -0.0436859, 0.996832, -0.0664632, -0.0193185, 0.0656714, 0.997654, 0.0030667  
100, 12.9052, -23.761, 180.843, 0.998871, 0.0447382, 0.0159816, -0.0435399, 0.996682, -0.0687676, -0.0190051, 0.0679941, 0.997505, 0.00296407  
101, 12.8906, -23.7443, 180.845, 0.998886, 0.0443816, 0.0160146, -0.0431915, 0.996732, -0.0682592, -0.0189917, 0.0674914, 0.997539, 0.00284951  
102, 12.9093, -23.7513, 180.804, 0.998866, 0.0447421, 0.0162822, -0.0435803, 0.99688, -0.0658149, -0.0191761, 0.0650307, 0.997699, 0.00290582  
103, 12.8934, -23.7682, 180.815, 0.998853, 0.0448524, 0.0167444, -0.0436385, 0.996803, -0.0669224, -0.0196926, 0.066115, 0.997618, 0.00287198  
104, 12.9054, -23.7837, 180.799, 0.998855, 0.0447568, 0.0168787, -0.0435435, 0.996839, -0.0664526, -0.0197995, 0.0656416, 0.997647, 0.00279016  
105, 12.906, -23.7461, 180.832, 0.998879, 0.0445206, 0.0161016, -0.0433183, 0.996705, -0.0685741, -0.0191015, 0.0677997, 0.997516, 0.00288336  
106, 12.9144, -23.7478, 180.835, 0.998865, 0.0448459, 0.0160308, -0.0436597, 0.996733, -0.0679465, -0.0190255, 0.0671695, 0.99756, 0.00289195  
107, 12.8924, -23.7626, 180.852, 0.998872, 0.0446614, 0.0161415, -0.0434737, 0.996761, -0.0676569, -0.0191108, 0.0668788, 0.997578, 0.00285368  
108, 12.9137, -23.7715, 180.797, 0.998866, 0.0442953, 0.0174569, -0.0430628, 0.996918, -0.0655798, -0.020308, 0.0647537, 0.997695, 0.00297128  
109, 12.9103, -23.7834, 180.836, 0.99887, 0.0446615, 0.0162595, -0.0434767, 0.996799, -0.0670946, -0.019204, 0.0663118, 0.997614, 0.00297822  
110, 12.9087, -23.7671, 180.828, 0.998852, 0.0446112, 0.0174582, -0.0433526, 0.996822, -0.0668244, -0.0203839, 0.0659908, 0.997612, 0.00302399  
111, 12.907, -23.7526, 180.823, 0.998886, 0.0444874, 0.0157075, -0.0433429, 0.996816, -0.0669219, -0.0186346, 0.0661666, 0.997635, 0.00281373  
112, 12.8883, -23.7514, 180.829, 0.998864, 0.0444047, 0.0172678, -0.0431645, 0.996848, -0.0665575, -0.0201688, 0.0657365, 0.997633, 0.00300623  
113, 12.8957, -23.7608, 180.815, 0.99886, 0.0447379, 0.0166307, -0.0435396, 0.996835, -0.0665191, -0.019554, 0.0657192, 0.997647, 0.00281068  
114, 12.9086, -23.7718, 180.843, 0.998872, 0.0443828, 0.016858, -0.0431443, 0.996764, -0.0678285, -0.0198139, 0.0670247, 0.997555, 0.00275132  
115, 12.9098, -23.7655, 180.82, 0.998885, 0.0444372, 0.015963, -0.0432829, 0.996844, -0.0665506, -0.0188699, 0.0657854, 0.997655, 0.00285811  
116, 12.8896, -23.7589, 180.85, 0.998852, 0.045198, 0.0158966, -0.0439957, 0.99663, -0.0692316, -0.0189722, 0.0684527, 0.997474, 0.00298349  
117, 12.9081, -23.7622, 180.833, 0.998873, 0.0445428, 0.0163629, -0.0433726, 0.996877, -0.0659984, -0.0192515, 0.0652144, 0.997686, 0.00281096  
118, 12.9044, -23.7493, 180.807, 0.998846, 0.0452751, 0.0160513, -0.0441096, 0.996795, -0.0667431, -0.0190216, 0.065958, 0.997641, 0.00277878  
119, 12.9008, -23.7377, 180.841, 0.99886, 0.0447366, 0.0166338, -0.043514, 0.996753, -0.0677485, -0.0196106, 0.0669475, 0.997564, 0.00298848  
120, 12.8969, -23.7611, 180.839, 0.998824, 0.0454185, 0.0169918, -0.0441688, 0.996719, -0.0678322, -0.0200168, 0.0670019, 0.997552, 0.00289667  
121, 12.9014, -23.7627, 180.836, 0.998841, 0.0450839, 0.0168746, -0.0438403, 0.996724, -0.0679592, -0.0198832, 0.0671406, 0.997545, 0.002786  
122, 12.8962, -23.7413, 180.83, 0.998868, 0.0445756, 0.0165888, -0.0433629, 0.996782, -0.0674136, -0.0195404, 0.0666179, 0.997587, 0.00280458  
123, 12.933, -23.7594, 180.818, 0.998841, 0.0450114, 0.0170462, -0.0438057, 0.996891, -0.0655005, -0.0199415, 0.0646779, 0.997707, 0.00288141  
124, 12.8972, -23.7764, 180.8, 0.998869, 0.044439, 0.016914, -0.0432269, 0.996862, -0.0663087, -0.0198076, 0.0655026, 0.997656, 0.00286976  
125, 12.901, -23.748, 180.815, 0.998862, 0.044853, 0.0162279, -0.0436634, 0.996767, -0.0674397, -0.0192003, 0.0666544, 0.997591, 0.00301983  
126, 12.909, -23.7613, 180.823, 0.998868, 0.0445974, 0.0165269, -0.0433736, 0.996729, -0.0681928, -0.019514, 0.0673988, 0.997535, 0.00277351  
127, 12.883, -23.7666, 180.814, 0.998898, 0.0440307, 0.0162558, -0.042864, 0.996883, -0.0662374, -0.0191216, 0.0654676, 0.997671, 0.00300568  
128, 12.8716, -23.7523, 180.827, 0.998873, 0.0443776, 0.016829, -0.0431777, 0.996886, -0.0659793, -0.0197046, 0.0651783, 0.997679, 0.00282649  
129, 12.8778, -23.7404, 180.857, 0.998867, 0.0449506, 0.0156203, -0.0437901, 0.996722, -0.0680337, -0.0186272, 0.0672727, 0.997561, 0.00300096  
130, 12.9078, -23.7194, 180.832, 0.998877, 0.0442705, 0.0168831, -0.0430481, 0.996827, -0.0669512, -0.0197935, 0.0661492, 0.997613, 0.00285922  
131, 12.8942, -23.7591, 180.837, 0.998851, 0.0448836, 0.0168191, -0.0436589, 0.996783, -0.0672145, -0.0197818, 0.0664029, 0.997597, 0.00283315  
132, 12.887, -23.7599, 180.823, 0.998849, 0.044773, 0.0171793, -0.0435293, 0.996804, -0.0669795, -0.0201233, 0.0661546, 0.997606, 0.00297461  
133, 12.884, -23.7544, 180.82, 0.998861, 0.0446706, 0.0167544, -0.0434324, 0.99673, -0.0681384, -0.0197434, 0.0673331, 0.997535, 0.00289639  
134, 12.8863, -23.7701, 180.808, 0.998877, 0.04446, 0.0163519, -0.0432824, 0.996852, -0.0664284, -0.0192538, 0.0656461, 0.997657, 0.00300152  
135, 12.899, -23.7751, 180.762, 0.998885, 0.0444817, 0.0158347, -0.0433459, 0.996877, -0.0660084, -0.0187214, 0.0652484, 0.997693, 0.00293273  
136, 12.8951, -23.7621, 180.791, 0.998876, 0.0443116, 0.0168568, -0.0430945, 0.996837, -0.0667684, -0.0197621, 0.0659668, 0.997626, 0.00282011  
137, 12.8896, -23.7534, 180.805, 0.998881, 0.044294, 0.0165592, -0.0431053, 0.996867, -0.0663147, -0.0194447, 0.0655267, 0.997661, 0.0027638  
138, 12.9005, -23.7887, 180.813, 0.998873, 0.0448397, 0.0155905, -0.0436937, 0.99677, -0.067377, -0.0185614, 0.0666198, 0.997606, 0.00287448  
139, 12.8951, -23.7639, 180.799, 0.998868, 0.0444699, 0.0169033, -0.043272, 0.996906, -0.0656233, -0.0197693, 0.0648175, 0.997701, 0.00289639  
140, 12.8873, -23.7394, 180.857, 0.998875, 0.0447636, 0.0156193, -0.0436056, 0.996737, -0.0679293, -0.0186091, 0.0671719, 0.997568, 0.0029588  
141, 12.8869, -23.7337, 180.8, 0.998834, 0.0450968, 0.0172094, -0.0438818, 0.996892, -0.0654274, -0.0201065, 0.064596, 0.997709, 0.00287725  
142, 12.8932, -23.7705, 180.834, 0.998819, 0.0453298, 0.0175143, -0.0440542, 0.996753, -0.0674036, -0.0205128, 0.0665524, 0.997572, 0.00284896  
143, 12.8868, -23.7607, 180.808, 0.998886, 0.0438531, 0.0174408, -0.042605, 0.99688, -0.0664417, -0.0203, 0.0656246, 0.997638, 0.00286921  
144, 12.9197, -23.754, 180.832, 0.998899, 0.0441983, 0.0157098, -0.0430524, 0.996822, -0.06702, -0.0186221, 0.0662699, 0.997628, 0.00299653  
145, 12.9036, -23.7742, 180.779, 0.998884, 0.0443079, 0.0163855, -0.0431337, 0.996877, -0.0661534, -0.0192654, 0.0653728, 0.997675, 0.00292829  
146, 12.894, -23.7731, 180.788, 0.998862, 0.0447824, 0.0164125, -0.0435786, 0.996764, -0.0675395, -0.0193839, 0.0667474, 0.997582, 0.00282705  
147, 12.9256, -23.7643, 180.776, 0.998883, 0.0443045, 0.0164145, -0.0431172, 0.996839, -0.0667323, -0.0193192, 0.06595, 0.997636, 0.00286061  
148, 12.8959, -23.7746, 180.794, 0.998877, 0.0445591, 0.0161096, -0.0434013, 0.996861, -0.0662169, -0.0190096, 0.0654433, 0.997675, 0.00292552  
149, 12.9207, -23.7739, 180.806, 0.998864, 0.0446695, 0.0165706, -0.0434671, 0.99681, -0.0669416, -0.019508, 0.0661453, 0.997619, 0.00297739  
150, 12.8754, -23.7475, 180.835, 0.998875, 0.0443045, 0.0169018, -0.0431018, 0.996896, -0.0658893, -0.0197685, 0.0650867, 0.997684, 0.00298709  
151, 12.9209, -23.7681, 180.812, 0.998844, 0.04503, 0.0168156, -0.0438324, 0.996867, -0.0658445, -0.0197279, 0.0650313, 0.997688, 0.00296851  
152, 12.8596, -23.7505, 180.847, 0.99885, 0.0449604, 0.016666, -0.0437425, 0.996768, -0.0673734, -0.0196413, 0.0665669, 0.997589, 0.00286061  
153, 12.8922, -23.7518, 180.853, 0.998882, 0.0441663, 0.0168254, -0.0429384, 0.9968, -0.06743, -0.0197497, 0.0666322, 0.997582, 0.00293689  
154, 12.8968, -23.7513, 180.824, 0.99887, 0.0443108, 0.0171604, -0.04306, 0.996794, -0.0674424, -0.0200938, 0.0666273, 0.997576, 0.00296962  
155, 12.9013, -23.763, 180.814, 0.998854, 0.0447813, 0.0168998, -0.0435666, 0.996838, -0.0664533, -0.0198223, 0.0656409, 0.997646, 0.00295852  
156, 12.8972, -23.7515, 180.789, 0.998917, 0.0438163, 0.0156327, -0.0426681, 0.996809, -0.0674587, -0.0185386, 0.0667187, 0.9976, 0.00281789  
157, 12.8986, -23.7397, 180.795, 0.998878, 0.0445606, 0.0160256, -0.0433716, 0.996732, -0.0681416, -0.0190097, 0.0673701, 0.997547, 0.00288724  
158, 12.9256, -23.798, 180.787, 0.998859, 0.0449657, 0.0160954, -0.0438138, 0.996863, -0.0659082, -0.0190085, 0.0651278, 0.997696, 0.00289806  
159, 12.886, -23.7708, 180.779, 0.998853, 0.0445864, 0.0174577, -0.043333, 0.99684, -0.0665705, -0.0203707, 0.0657376, 0.997629, 0.00289917  
160, 12.8972, -23.7316, 180.838, 0.998867, 0.0445535, 0.0167419, -0.0433339, 0.996795, -0.0672498, -0.0196844, 0.0664481, 0.997596, 0.00302204  
161, 12.8884, -23.7353, 180.815, 0.998874, 0.0444028, 0.0167149, -0.0432214, 0.996922, -0.0654115, -0.0195679, 0.0646154, 0.997718, 0.00288391  
162, 12.8998, -23.7478, 180.853, 0.998865, 0.0445281, 0.0168999, -0.043306, 0.996823, -0.0668526, -0.019823, 0.0660449, 0.99762, 0.00283204  
163, 12.8857, -23.7194, 180.813, 0.998861, 0.0446783, 0.0167436, -0.0435008, 0.996931, -0.0650936, -0.0196005, 0.0642911, 0.997739, 0.00286588  
164, 12.8983, -23.7423, 180.802, 0.998859, 0.044988, 0.0160065, -0.0438314, 0.996826, -0.0664618, -0.0189456, 0.0656844, 0.997661, 0.00290666  
165, 12.8932, -23.7831, 180.793, 0.998859, 0.0448862, 0.0162888, -0.0437098, 0.996826, -0.0665384, -0.0192238, 0.0657505, 0.997651, 0.00299597  
166, 12.8924, -23.8205, 180.798, 0.998841, 0.0454694, 0.0158025, -0.0442642, 0.996586, -0.0696938, -0.0189175, 0.0689135, 0.997443, 0.0028387  
167, 12.874, -23.8364, 180.782, 0.998848, 0.0448206, 0.017115, -0.0435551, 0.996716, -0.0682666, -0.0201185, 0.0674425, 0.99752, 0.00289639  
168, 12.8434, -23.8672, 180.818, 0.998836, 0.0449775, 0.0174169, -0.0436248, 0.996486, -0.0715049, -0.0205718, 0.0706618, 0.997288, 0.00292857  
169, 12.8779, -23.9982, 180.861, 0.998873, 0.0444304, 0.0167189, -0.0430856, 0.996353, -0.0736517, -0.0199303, 0.0728484, 0.997144, 0.00291026  
170, 12.8196, -24.032, 180.871, 0.99891, 0.0440297, 0.0154946, -0.0427118, 0.996114, -0.0770175, -0.0188255, 0.0762717, 0.996909, 0.00290277  
171, 12.833, -24.1286, 180.898, 0.998897, 0.0446819, 0.0144341, -0.0433617, 0.995726, -0.0815458, -0.018016, 0.0808299, 0.996565, 0.00291747  
172, 12.7974, -24.2563, 180.868, 0.998911, 0.0441312, 0.0151313, -0.0427403, 0.995682, -0.082402, -0.0187024, 0.0816655, 0.996484, 0.00285895  
173, 12.7743, -24.2988, 180.876, 0.998883, 0.0445173, 0.0158664, -0.0430171, 0.995464, -0.0848553, -0.0195719, 0.0840779, 0.996267, 0.00290804  
174, 12.7971, -24.6808, 180.874, 0.998826, 0.0466796, 0.0129258, -0.0447298, 0.991325, -0.123584, -0.0185825, 0.122861, 0.99225, 0.00273801  
175, 12.8518, -24.6546, 180.827, 0.998834, 0.0464264, 0.0132167, -0.0443875, 0.990975, -0.126482, -0.0189695, 0.125748, 0.991881, 0.00264842  
176, 12.9125, -24.682, 180.767, 0.998818, 0.0468476, 0.0129205, -0.0447617, 0.990405, -0.130743, -0.0189215, 0.13001, 0.991332, 0.00280458  
177, 12.9761, -24.5323, 180.775, 0.998895, 0.0451881, 0.0128878, -0.0430877, 0.990249, -0.132475, -0.0187485, 0.131774, 0.991103, 0.00298238  
178, 13.0229, -24.5502, 180.763, 0.998818, 0.0464471, 0.0142949, -0.0440635, 0.989633, -0.136695, -0.0204958, 0.135904, 0.99051, 0.00298654  
179, 13.1043, -24.4255, 180.728, 0.998774, 0.047135, 0.0151138, -0.0445579, 0.98912, -0.140199, -0.0215576, 0.139353, 0.990008, 0.00289556  
180, 13.1765, -24.2901, 180.728, 0.998765, 0.0469167, 0.0163221, -0.044139, 0.988926, -0.141691, -0.022789, 0.140795, 0.989776, 0.00298709  
181, 13.2932, -24.1649, 180.701, 0.99879, 0.046458, 0.0160994, -0.043684, 0.988743, -0.143102, -0.0225665, 0.142226, 0.989577, 0.00281457  
182, 13.3615, -24.0071, 180.717, 0.998765, 0.0465499, 0.0173891, -0.0434959, 0.988172, -0.147054, -0.0240288, 0.146116, 0.988976, 0.00277795  
183, 13.4986, -23.862, 180.684, 0.998727, 0.0469528, 0.0184444, -0.0436592, 0.987686, -0.150236, -0.0252712, 0.149239, 0.988478, 0.00297905  
184, 13.5723, -23.6225, 180.703, 0.99878, 0.0464066, 0.0168655, -0.0432854, 0.987258, -0.15313, -0.0237568, 0.152213, 0.988062, 0.00310609  
185, 13.6567, -23.376, 180.705, 0.998793, 0.0462526, 0.0165389, -0.0431252, 0.986884, -0.155562, -0.0235171, 0.154661, 0.987688, 0.00304091  
186, 13.775, -23.1192, 180.653, 0.998737, 0.0474114, 0.0166114, -0.0441453, 0.986086, -0.160266, -0.0239787, 0.15933, 0.986934, 0.002938  
187, 13.8543, -22.833, 180.648, 0.998712, 0.0474354, 0.0179837, -0.0439233, 0.985925, -0.161314, -0.0253826, 0.160317, 0.986739, 0.00298626  
188, 13.9082, -22.4258, 180.655, 0.998733, 0.0471084, 0.017676, -0.043641, 0.985881, -0.161662, -0.0250421, 0.160685, 0.986688, 0.00299736  
189, 14.0051, -22.1024, 180.653, 0.998657, 0.0478962, 0.019743, -0.0440364, 0.985564, -0.163476, -0.0272878, 0.162387, 0.98635, 0.0028473  
190, 14.0909, -21.7646, 180.629, 0.998569, 0.048664, 0.0221663, -0.0443615, 0.985334, -0.164768, -0.0298595, 0.163549, 0.986083, 0.00276908  
191, 14.1216, -21.2963, 180.589, 0.998586, 0.0481694, 0.0224922, -0.0437273, 0.98485, -0.167802, -0.0302344, 0.166581, 0.985564, 0.00277518  
192, 14.1757, -20.753, 180.565, 0.998552, 0.0486643, 0.0229435, -0.0441038, 0.984635, -0.168965, -0.0308135, 0.167708, 0.985355, 0.0027982  
193, 14.2386, -20.2807, 180.623, 0.998564, 0.047914, 0.0239428, -0.0431309, 0.984328, -0.170994, -0.0317605, 0.169716, 0.984981, 0.00296601  
194, 14.2898, -19.6823, 180.592, 0.998478, 0.0480941, 0.0269945, -0.0428855, 0.984804, -0.168293, -0.0346782, 0.16688, 0.985367, 0.0028706  
195, 14.3312, -19.0677, 180.614, 0.998496, 0.0470828, 0.0280912, -0.0416624, 0.984655, -0.169468, -0.0356391, 0.168043, 0.985135, 0.00298765  
196, 14.3563, -18.3802, 180.589, 0.998585, 0.047424, 0.0240632, -0.0425899, 0.984149, -0.172154, -0.031846, 0.170886, 0.984776, 0.00279376  
197, 14.3066, -17.5963, 180.561, 0.998587, 0.0476594, 0.0235103, -0.0428487, 0.983763, -0.174282, -0.0314347, 0.173028, 0.984415, 0.002976  
198, 14.2606, -16.8738, 180.527, 0.998623, 0.0476551, 0.0219319, -0.0429945, 0.983031, -0.178332, -0.0300581, 0.177143, 0.983726, 0.00304507  
199, 14.1148, -16.0655, 180.534, 0.998686, 0.0473256, 0.0196757, -0.0430546, 0.982928, -0.178882, -0.0278055, 0.1778, 0.983674, 0.00300374  
200, 13.9664, -15.2068, 180.516, 0.99862, 0.0481528, 0.020979, -0.0436899, 0.983223, -0.177099, -0.0291549, 0.175938, 0.983969, 0.00280652  
201, 13.8276, -14.2355, 180.482, 0.998613, 0.048678, 0.020041, -0.0443735, 0.983201, -0.177049, -0.0283227, 0.175915, 0.983998, 0.00279765  
202, 13.5785, -13.3559, 180.536, 0.998516, 0.0507532, 0.0197366, -0.0464694, 0.983099, -0.177082, -0.0283905, 0.175902, 0.983998, 0.00278183  
203, 13.3393, -12.4061, 180.5, 0.99855, 0.0508945, 0.0175365, -0.0469499, 0.982765, -0.178798, -0.0263341, 0.177716, 0.983729, 0.0028448  
204, 12.9838, -11.2364, 180.491, 0.998462, 0.0518211, 0.0197167, -0.0476254, 0.983666, -0.173586, -0.0283901, 0.17238, 0.984621, 0.00287864  
205, 12.6742, -9.96601, 180.502, 0.998574, 0.0513928, 0.0144767, -0.0481004, 0.983587, -0.173903, -0.0231765, 0.172959, 0.984656, 0.00278433  
206, 12.2971, -8.91758, 180.513, 0.998548, 0.0517246, 0.0150752, -0.048316, 0.983521, -0.17422, -0.0238382, 0.173239, 0.984591, 0.00275798  
207, 11.9391, -7.63501, 180.477, 0.998618, 0.0510553, 0.0124993, -0.0481621, 0.98401, -0.171478, -0.0210543, 0.170639, 0.985109, 0.00284203  
208, 11.5702, -6.5015, 180.625, 0.998687, 0.0501781, 0.0103484, -0.047574, 0.9832, -0.176221, -0.019017, 0.175498, 0.984296, 0.00305367  
209, 11.1939, -5.24534, 180.716, 0.998751, 0.049345, 0.00782768, -0.0471757, 0.982995, -0.177468, -0.0164517, 0.176877, 0.984095, 0.00285035  
210, 10.8031, -3.98869, 180.829, 0.998836, 0.0469594, 0.0109802, -0.0443119, 0.983515, -0.175314, -0.0190318, 0.174623, 0.984451, 0.00280735  
211, 10.4344, -2.58854, 180.836, 0.99879, 0.048141, 0.010036, -0.045671, 0.983746, -0.173658, -0.0182329, 0.17299, 0.984755, 0.00281124  
212, 10.1747, -1.18927, 180.811, 0.998769, 0.0488922, 0.00841168, -0.0467026, 0.983808, -0.173031, -0.0167354, 0.172425, 0.98488, 0.00286422  
213, 9.87762, 0.114512, 180.755, 0.998767, 0.0491249, 0.00715872, -0.0471897, 0.984249, -0.170371, -0.0154154, 0.169823, 0.985354, 0.00299126  
214, 9.62109, 1.56073, 180.686, 0.998797, 0.0489299, 0.00310848, -0.0476974, 0.984399, -0.169365, -0.011347, 0.169013, 0.985549, 0.00292052  
215, 9.45552, 3.13792, 180.676, 0.998746, 0.0500628, 0.000528243, -0.0492801, 0.984884, -0.166057, -0.00883355, 0.165823, 0.986116, 0.00280513  
216, 9.28167, 4.68428, 180.655, 0.998743, 0.0500856, -0.00205381, -0.0497306, 0.984852, -0.166111, -0.00629706, 0.166004, 0.986105, 0.0028362  
217, 9.12082, 6.10572, 180.645, 0.998827, 0.0483105, -0.00317395, -0.0481699, 0.985058, -0.165351, -0.00486166, 0.16531, 0.98623, 0.00270223  
218, 8.84664, 7.72897, 180.701, 0.998826, 0.0482372, -0.00442167, -0.0483061, 0.985154, -0.164736, -0.00359037, 0.164756, 0.986328, 0.00283426  
219, 8.74868, 9.54012, 180.706, 0.998907, 0.0464423, -0.0052755, -0.0466962, 0.986637, -0.156102, -0.00204474, 0.156178, 0.987727, 0.00293384  
220, 8.49472, 11.3026, 180.676, 0.998833, 0.0480036, -0.00540389, -0.0482641, 0.986978, -0.153446, -0.00203247, 0.153528, 0.988142, 0.00281595  
221, 8.36644, 13.136, 180.613, 0.998784, 0.048868, -0.00654859, -0.0492938, 0.986905, -0.153589, -0.00104275, 0.153725, 0.988113, 0.00277851  
222, 8.16943, 15.1211, 180.667, 0.998798, 0.0486258, -0.00624643, -0.0490169, 0.988112, -0.145711, -0.000913125, 0.145842, 0.989308, 0.00284452  
223, 8.03618, 16.9278, 180.635, 0.998825, 0.0480462, -0.00635552, -0.048461, 0.988498, -0.143258, -0.000600593, 0.143398, 0.989665, 0.00285534  
224, 7.95604, 18.8811, 180.618, 0.998874, 0.0466535, -0.00861727, -0.0474021, 0.988931, -0.140599, 0.00196247, 0.140849, 0.990029, 0.00292552  
225, 7.89457, 20.8094, 180.633, 0.998821, 0.0475604, -0.00974606, -0.0484565, 0.988995, -0.139788, 0.00299045, 0.140095, 0.990134, 0.00287448  
226, 7.87645, 22.9627, 180.686, 0.998759, 0.0486394, -0.0107044, -0.0496343, 0.9898, -0.133538, 0.00410003, 0.133904, 0.990986, 0.00278794  
227, 7.91713, 24.9773, 180.729, 0.998711, 0.0497441, -0.010115, -0.0506382, 0.990206, -0.130107, 0.00354386, 0.130452, 0.991448, 0.00287864  
228, 7.97681, 27.0637, 180.713, 0.998796, 0.04825, -0.0088403, -0.0489788, 0.990872, -0.12559, 0.00269989, 0.125872, 0.992043, 0.00293495  
229, 7.88073, 29.0819, 180.537, 0.998951, 0.0450927, -0.00795067, -0.0457083, 0.992316, -0.114976, 0.00270499, 0.115219, 0.993336, 0.00294771  
230, 7.95236, 31.2554, 180.572, 0.999051, 0.0432283, -0.00529494, -0.0435465, 0.993358, -0.106504, 0.000655797, 0.106633, 0.994298, 0.0029183  
231, 8.06439, 33.6731, 180.72, 0.998947, 0.0453914, -0.0067181, -0.0458552, 0.992875, -0.109988, 0.00167771, 0.11018, 0.99391, 0.00286366  
232, 8.06941, 35.7926, 180.568, 0.99909, 0.0424397, -0.00419327, -0.0426463, 0.994275, -0.0979691, 1.14889e-005, 0.0980588, 0.995181, 0.00285784  
233, 8.26081, 38.0542, 180.583, 0.998811, 0.0485648, -0.00416655, -0.0487364, 0.993592, -0.101978, -0.000812704, 0.10206, 0.994778, 0.00290249  
234, 8.40762, 40.3346, 180.379, 0.99894, 0.0457943, -0.00476651, -0.0460354, 0.995151, -0.0869179, 0.00076305, 0.0870451, 0.996204, 0.00292579  
235, 8.44573, 42.8792, 180.529, 0.998816, 0.0484485, -0.00448959, -0.0486559, 0.99483, -0.0891419, 0.000147588, 0.0892547, 0.996009, 0.00286033  
236, 8.41099, 45.1391, 180.586, 0.998788, 0.0491582, -0.00246015, -0.049187, 0.995054, -0.0862983, -0.00179429, 0.0863148, 0.996266, 0.00282899  
237, 8.55779, 47.2459, 180.615, 0.998911, 0.0463552, -0.00528718, -0.0466354, 0.995392, -0.0837891, 0.00137875, 0.0839444, 0.996469, 0.00290111  
238, 8.64929, 49.3551, 180.845, 0.998894, 0.046835, -0.00414703, -0.0470183, 0.994992, -0.0882109, -5.1012e-006, 0.0883083, 0.996093, 0.00291609  
239, 8.63189, 51.6, 180.828, 0.999008, 0.0445048, -0.0015862, -0.0444883, 0.995777, -0.0803107, -0.00199471, 0.0803016, 0.996769, 0.00295436  
240, 8.44508, 53.7817, 180.494, 0.999085, 0.0427372, 0.00133286, -0.042577, 0.997239, -0.0608479, -0.00392964, 0.0607355, 0.998146, 0.00288557  
241, 8.46824, 56.0411, 180.664, 0.998943, 0.0459665, 6.36257e-005, -0.0458515, 0.996541, -0.0693022, -0.00324898, 0.069226, 0.997596, 0.00284702  
242, 8.4883, 58.4554, 180.726, 0.998811, 0.0487179, 0.00197948, -0.0484972, 0.996841, -0.0628894, -0.00503707, 0.0627186, 0.998019, 0.00288863  
243, 8.58437, 60.7985, 180.708, 0.998822, 0.0485286, -0.000434531, -0.0484702, 0.997094, -0.058779, -0.00241919, 0.0587308, 0.998271, 0.00293356  
244, 8.66131, 63.2863, 180.888, 0.998984, 0.0450716, 0.000623986, -0.044973, 0.997542, -0.0537347, -0.00304436, 0.053652, 0.998555, 0.00292829  
245, 8.71359, 65.6283, 180.983, 0.999006, 0.044525, 0.00192595, -0.0443704, 0.99773, -0.050666, -0.00417748, 0.0505302, 0.998714, 0.0029061  
246, 8.85055, 67.9067, 180.843, 0.9991, 0.0423992, 0.000993658, -0.0423249, 0.998293, -0.0402545, -0.00269872, 0.0401762, 0.999189, 0.00288169  
247, 8.82868, 70.2833, 180.938, 0.999056, 0.043415, 0.00146679, -0.0433099, 0.99811, -0.0435904, -0.0033565, 0.0434857, 0.999048, 0.00296407  
248, 8.8135, 72.7896, 180.984, 0.998978, 0.0449903, 0.00424045, -0.0448193, 0.998409, -0.0342237, -0.00577344, 0.0339987, 0.999405, 0.00292968  
249, 8.94587, 74.9475, 180.718, 0.998926, 0.0458906, 0.00644879, -0.0457556, 0.998758, -0.0197185, -0.00734568, 0.0194023, 0.999785, 0.00297822  
250, 9.08026, 77.2787, 180.586, 0.998973, 0.0449756, 0.00544269, -0.0448937, 0.998889, -0.0143344, -0.00608134, 0.0140753, 0.999882, 0.00300679  
251, 9.16013, 79.6676, 180.521, 0.998943, 0.0458221, 0.00351402, -0.0457794, 0.998887, -0.0113931, -0.00403217, 0.0112202, 0.999929, 0.00287198  
252, 9.31952, 82.1239, 180.497, 0.999083, 0.0426431, 0.0039053, -0.0426277, 0.999083, -0.00394757, -0.00407005, 0.00377747, 0.999985, 0.00285395  
253, 9.40821, 84.3312, 180.562, 0.999123, 0.0414102, 0.00616614, -0.0413986, 0.999141, -0.00199967, -0.00624365, 0.00174265, 0.999979, 0.00292247  
254, 9.578, 86.5857, 180.559, 0.999235, 0.038623, 0.00620031, -0.0386529, 0.999241, 0.00476662, -0.00601151, -0.00500263, 0.999969, 0.00294909  
255, 9.66249, 88.8209, 180.516, 0.999256, 0.0380393, 0.00632695, -0.0380949, 0.999234, 0.00889978, -0.00598357, -0.00913418, 0.99994, 0.00282705  
256, 9.71091, 91.1278, 180.41, 0.999217, 0.0393187, 0.0044003, -0.0393698, 0.99915, 0.0122071, -0.00391659, -0.0123708, 0.999916, 0.00296102  
257, 9.68774, 93.3818, 180.506, 0.999102, 0.0415698, 0.00814857, -0.0416937, 0.999007, 0.0156767, -0.0074888, -0.0160023, 0.999844, 0.00280819  
258, 9.7967, 95.5305, 180.599, 0.999182, 0.0398358, 0.00690149, -0.039932, 0.999098, 0.0144124, -0.00632113, -0.0146762, 0.999872, 0.00292524  
259, 9.86833, 97.7255, 180.579, 0.999209, 0.0385048, 0.00989883, -0.0386996, 0.999045, 0.0202973, -0.00910783, -0.0206643, 0.999745, 0.00290666  
260, 10.0751, 99.8771, 180.496, 0.999288, 0.0371919, 0.00632852, -0.0373086, 0.999115, 0.0194386, -0.00559996, -0.0196609, 0.999791, 0.00286616  
261, 10.0812, 101.854, 180.518, 0.999283, 0.0369647, 0.0081931, -0.0371463, 0.999039, 0.023246, -0.00732595, -0.0235337, 0.999696, 0.00293134  
262, 10.1711, 103.938, 180.486, 0.999262, 0.0368345, 0.0109187, -0.0371022, 0.998988, 0.0254297, -0.00997092, -0.0258161, 0.999617, 0.00290666  
263, 10.1843, 105.865, 180.46, 0.999259, 0.0365057, 0.0122368, -0.036773, 0.999073, 0.0223805, -0.0114084, -0.0228139, 0.999675, 0.00298682  
264, 10.2508, 107.986, 180.427, 0.999128, 0.0394975, 0.0135296, -0.0398629, 0.998816, 0.0278995, -0.0124116, -0.0284145, 0.999519, 0.00286422  
265, 10.41, 109.971, 180.394, 0.999138, 0.0400941, 0.0107358, -0.0403836, 0.998784, 0.0282682, -0.00958939, -0.0286774, 0.999543, 0.00298182  
266, 10.5281, 112.019, 180.346, 0.999003, 0.0429415, 0.0122482, -0.0433337, 0.998489, 0.0337932, -0.0107786, -0.0342902, 0.999354, 0.00292302  
267, 10.673, 113.892, 180.349, 0.999016, 0.0425546, 0.0125079, -0.0429427, 0.998546, 0.0325966, -0.0111026, -0.0331017, 0.99939, 0.00309832  
268, 10.8131, 115.987, 180.362, 0.99903, 0.0417129, 0.0140999, -0.0422133, 0.998413, 0.0372803, -0.0125224, -0.0378393, 0.999205, 0.00293495  
269, 10.8793, 117.625, 180.401, 0.999074, 0.04043, 0.014688, -0.0408647, 0.998696, 0.0306075, -0.0134314, -0.0311794, 0.999424, 0.00297156  
270, 10.9757, 119.666, 180.392, 0.998915, 0.042458, 0.0191089, -0.0431084, 0.998456, 0.0350196, -0.0175926, -0.0358053, 0.999204, 0.00282816  
271, 11.2011, 121.315, 180.462, 0.998953, 0.0425188, 0.0169058, -0.0429996, 0.998649, 0.0291744, -0.0156425, -0.0298708, 0.999431, 0.00285756  
272, 11.374, 123.108, 180.509, 0.998918, 0.0427991, 0.0182129, -0.043317, 0.998639, 0.0290602, -0.0169444, -0.0298177, 0.999412, 0.00280292  
273, 11.6273, 124.676, 180.518, 0.998945, 0.0411443, 0.0203748, -0.0416781, 0.998779, 0.0265082, -0.0192592, -0.0273294, 0.999441, 0.00301483  
274, 11.828, 126.272, 180.545, 0.999008, 0.0384041, 0.0225278, -0.0390016, 0.998882, 0.0267145, -0.0214766, -0.0275666, 0.999389, 0.00305422  
275, 12.1871, 127.665, 180.569, 0.998966, 0.0384127, 0.0243297, -0.0389557, 0.998993, 0.0222532, -0.0234504, -0.0231779, 0.999456, 0.00294937  
276, 12.4207, 129.385, 180.542, 0.998923, 0.0388166, 0.0254344, -0.0394722, 0.998887, 0.0258017, -0.0244046, -0.0267778, 0.999343, 0.00282178  
277, 12.7166, 131.073, 180.539, 0.998981, 0.0390744, 0.0225767, -0.0395574, 0.998989, 0.0213575, -0.0217194, -0.0222288, 0.999517, 0.00279376  
278, 12.8768, 132.59, 180.574, 0.998861, 0.0410539, 0.0243029, -0.0415491, 0.998932, 0.020236, -0.0234462, -0.0212227, 0.9995, 0.00297128  
