0, 0, 0, 0, 0, 0, 0, 0, 0, 0, 0, 0, 0, 0.00623132  
1, 2.37298, -17.2321, 180.888, 0.999637, -0.0255195, 0.00867126, 0.0257469, 0.999298, -0.0272032, -0.00797096, 0.0274166, 0.999592, 0.00260487  
2, 2.36205, -17.2425, 180.874, 0.999672, -0.0246012, 0.00710444, 0.0248074, 0.999225, -0.0305555, -0.00634723, 0.0307217, 0.999508, 0.00270056  
3, 2.40696, -17.1987, 180.894, 0.999664, -0.0247078, 0.00777377, 0.0249393, 0.999201, -0.0312406, -0.00699568, 0.031424, 0.999482, 0.00287642  
4, 2.43682, -17.2078, 180.901, 0.999669, -0.0246976, 0.00726266, 0.0249044, 0.999242, -0.0299088, -0.00651848, 0.0300797, 0.999526, 0.00292108  
5, 2.36432, -17.2199, 180.891, 0.999641, -0.0253524, 0.008667, 0.0255909, 0.999263, -0.0286113, -0.00793525, 0.0288228, 0.999553, 0.00288308  
6, 2.36712, -17.2296, 180.879, 0.999653, -0.0255077, 0.0065839, 0.0257019, 0.999179, -0.0313309, -0.00577931, 0.0314892, 0.999487, 0.00284785  
7, 2.34904, -17.2158, 180.843, 0.999655, -0.025333, 0.00695535, 0.0255269, 0.999243, -0.0293722, -0.00620599, 0.0295397, 0.999544, 0.00283204  
8, 2.36715, -17.2466, 180.877, 0.999653, -0.0252607, 0.00745853, 0.0254793, 0.9992, -0.030827, -0.00667385, 0.0310063, 0.999497, 0.00281873  
9, 2.37114, -17.2341, 180.891, 0.999659, -0.0250508, 0.00734155, 0.0252707, 0.999182, -0.031568, -0.00654474, 0.0317428, 0.999475, 0.00290249  
10, 2.38715, -17.2175, 180.871, 0.999649, -0.0250936, 0.00853752, 0.0253321, 0.999256, -0.0290861, -0.00780129, 0.0292921, 0.99954, 0.00280652  
11, 2.35902, -17.217, 180.86, 0.999646, -0.0252413, 0.00845087, 0.0254755, 0.999259, -0.0288589, -0.00771617, 0.029064, 0.999548, 0.00286477  
12, 2.35774, -17.2009, 180.883, 0.999648, -0.0250779, 0.00867316, 0.0253186, 0.999263, -0.0288523, -0.00794321, 0.0290617, 0.999546, 0.0028215  
13, 2.38108, -17.2099, 180.866, 0.999668, -0.0247112, 0.00734957, 0.0249283, 0.999206, -0.0310737, -0.00657587, 0.0312465, 0.99949, 0.00431186  
14, 2.37525, -17.2107, 180.884, 0.999634, -0.0257459, 0.00831783, 0.0259707, 0.999266, -0.0281502, -0.00758697, 0.0283559, 0.999569, 0.00291082  
15, 2.3596, -17.2144, 180.889, 0.999638, -0.0254132, 0.00887603, 0.0256458, 0.999302, -0.0271625, -0.00817955, 0.0273803, 0.999592, 0.00286116  
16, 2.37784, -17.2164, 180.884, 0.999648, -0.0251456, 0.00846397, 0.0253807, 0.999259, -0.0289232, -0.00773041, 0.0291278, 0.999546, 0.00284341  
17, 2.3791, -17.1987, 180.882, 0.999653, -0.0250431, 0.00814776, 0.0252693, 0.999261, -0.0289575, -0.00741655, 0.0291534, 0.999547, 0.00282094  
18, 2.37178, -17.2094, 180.905, 0.999634, -0.0254618, 0.00914712, 0.0257126, 0.999265, -0.0284248, -0.00841665, 0.0286496, 0.999554, 0.00285201  
19, 2.37582, -17.201, 180.889, 0.999653, -0.0252335, 0.00761046, 0.0254416, 0.999267, -0.0286156, -0.00688281, 0.0287993, 0.999562, 0.00293356  
20, 2.35239, -17.2179, 180.854, 0.999659, -0.0251615, 0.00701615, 0.025371, 0.99918, -0.0315627, -0.00621623, 0.0317299, 0.999477, 0.00280929  
21, 2.34857, -17.2097, 180.875, 0.999639, -0.0253072, 0.0090225, 0.0255519, 0.999278, -0.0281208, -0.00830432, 0.0283412, 0.999564, 0.00290915  
22, 2.38678, -17.2142, 180.898, 0.999662, -0.0247165, 0.008023, 0.0249481, 0.999233, -0.0301744, -0.00727104, 0.0303644, 0.999512, 0.00280957  
23, 2.35897, -17.2103, 180.856, 0.999643, -0.0251732, 0.00893229, 0.025407, 0.99931, -0.0271018, -0.00824388, 0.0273191, 0.999593, 0.00288058  
24, 2.39, -17.192, 180.879, 0.999636, -0.0257576, 0.00805794, 0.025978, 0.999254, -0.0285592, -0.00731632, 0.0287581, 0.99956, 0.00293217  
25, 2.39791, -17.2034, 180.866, 0.999645, -0.0253577, 0.00821632, 0.0255785, 0.999281, -0.0279894, -0.00750067, 0.0281897, 0.999574, 0.00297655  
26, 2.41772, -17.2124, 180.882, 0.999648, -0.0254144, 0.00757874, 0.0256261, 0.999243, -0.0292855, -0.00682873, 0.0294694, 0.999542, 0.00283149  
27, 2.3819, -17.2168, 180.887, 0.999674, -0.0246398, 0.00673368, 0.0248447, 0.999171, -0.0322566, -0.0059333, 0.0324134, 0.999457, 0.00286006  
28, 2.39225, -17.2137, 180.889, 0.999656, -0.0249432, 0.00812626, 0.0251739, 0.999243, -0.0296433, -0.00738072, 0.0298377, 0.999528, 0.00283842  
29, 2.39171, -17.2071, 180.884, 0.999657, -0.025046, 0.0076047, 0.0252539, 0.999272, -0.0286038, -0.00688275, 0.028786, 0.999562, 0.00292219  
30, 2.35919, -17.2275, 180.87, 0.999642, -0.0253335, 0.00862882, 0.0255665, 0.999279, -0.0280685, -0.00791153, 0.0282791, 0.999569, 0.00287753  
31, 2.3985, -17.2141, 180.887, 0.999662, -0.0247766, 0.00792068, 0.0249961, 0.999269, -0.028924, -0.00719825, 0.0291122, 0.99955, 0.00284535  
32, 2.39079, -17.2006, 180.92, 0.999656, -0.0250764, 0.00773486, 0.0252934, 0.999249, -0.0293602, -0.0069928, 0.0295458, 0.999539, 0.00283204  
33, 2.35421, -17.2133, 180.878, 0.999651, -0.0249371, 0.00877265, 0.0251787, 0.999274, -0.0285937, -0.00805324, 0.0288046, 0.999553, 0.00285284  
34, 2.33125, -17.2467, 180.89, 0.99963, -0.0259023, 0.00825316, 0.0261281, 0.999251, -0.028544, -0.00750762, 0.0287491, 0.999558, 0.00294271  
35, 2.36492, -17.2195, 180.882, 0.999641, -0.0254387, 0.00846646, 0.0256765, 0.999242, -0.0292759, -0.0077153, 0.0294828, 0.999536, 0.00280513  
36, 2.35002, -17.2264, 180.871, 0.999632, -0.0257066, 0.00866562, 0.0259387, 0.999276, -0.0278257, -0.00794405, 0.0280402, 0.999575, 0.0028742  
37, 2.36044, -17.2259, 180.867, 0.999669, -0.0248829, 0.00655014, 0.0250743, 0.999205, -0.0309819, -0.00577402, 0.0311359, 0.999498, 0.00288613  
38, 2.37547, -17.2092, 180.874, 0.99967, -0.0247614, 0.00677269, 0.0249578, 0.999218, -0.0306522, -0.00600841, 0.0308111, 0.999507, 0.00286533  
39, 2.39522, -17.2099, 180.9, 0.999666, -0.0244427, 0.00839273, 0.024682, 0.999254, -0.0297024, -0.00766047, 0.0298996, 0.999524, 0.00294715  
40, 2.35649, -17.2187, 180.903, 0.999665, -0.0248321, 0.00724327, 0.0250432, 0.999216, -0.0306769, -0.00647582, 0.030848, 0.999503, 0.00306143  
41, 2.38644, -17.201, 180.899, 0.999635, -0.0257756, 0.00810327, 0.0260004, 0.999242, -0.0289739, -0.00735031, 0.029174, 0.999547, 0.00288946  
42, 2.39192, -17.1963, 180.901, 0.999655, -0.025103, 0.00778143, 0.0253206, 0.999251, -0.0292664, -0.00704093, 0.0294533, 0.999541, 0.00285922  
43, 2.36848, -17.2111, 180.871, 0.999625, -0.0259809, 0.00866287, 0.0262167, 0.999255, -0.0283171, -0.00792072, 0.0285336, 0.999561, 0.00282871  
44, 2.35919, -17.2108, 180.881, 0.999657, -0.0250146, 0.00781555, 0.0252344, 0.999249, -0.0294149, -0.00707387, 0.0296021, 0.999537, 0.00300512  
45, 2.36171, -17.2097, 180.889, 0.999639, -0.0255627, 0.00823695, 0.0257941, 0.999237, -0.0293324, -0.00748085, 0.0295343, 0.999536, 0.00288114  
46, 2.38565, -17.2262, 180.88, 0.999656, -0.025166, 0.00745198, 0.0253723, 0.999257, -0.029027, -0.00671594, 0.0292061, 0.999551, 0.00284924  
47, 2.37312, -17.2237, 180.888, 0.999657, -0.0250002, 0.00774601, 0.0252218, 0.999232, -0.0299713, -0.00699078, 0.0301564, 0.999521, 0.00287143  
48, 2.37147, -17.2192, 180.881, 0.999674, -0.0247881, 0.00618428, 0.024971, 0.999192, -0.0314877, -0.00539876, 0.0316318, 0.999485, 0.00292663  
49, 2.3555, -17.2146, 180.876, 0.999675, -0.0246388, 0.00654994, 0.0248348, 0.999187, -0.0317428, -0.00576251, 0.0318952, 0.999475, 0.0029294  
50, 2.37637, -17.1895, 180.896, 0.999645, -0.0254668, 0.00783682, 0.0256814, 0.99926, -0.028633, -0.00710183, 0.0288241, 0.999559, 0.00290998  
51, 2.41672, -17.2044, 180.916, 0.999663, -0.0248233, 0.0075721, 0.0250339, 0.999262, -0.0291284, -0.00684345, 0.0293082, 0.999547, 0.00286366  
52, 2.35348, -17.2328, 180.884, 0.999626, -0.0261039, 0.00818571, 0.0263134, 0.999299, -0.0266199, -0.00748509, 0.0268254, 0.999612, 0.0028742  
53, 2.35409, -17.2336, 180.88, 0.99967, -0.0246755, 0.00709275, 0.024881, 0.999224, -0.0305184, -0.00633419, 0.0306848, 0.999509, 0.00290333  
54, 2.35749, -17.2051, 180.872, 0.999667, -0.0250453, 0.00623865, 0.0252311, 0.999178, -0.0317236, -0.005439, 0.0318704, 0.999477, 0.00300041  
55, 2.38934, -17.2169, 180.875, 0.999678, -0.0244309, 0.00686947, 0.0246407, 0.999174, -0.0323227, -0.00607412, 0.0324816, 0.999454, 0.0029907  
56, 2.37877, -17.2005, 180.896, 0.999657, -0.0249944, 0.00777369, 0.0252153, 0.999239, -0.0297545, -0.00702408, 0.0299403, 0.999527, 0.00289417  
57, 2.38153, -17.2172, 180.89, 0.999663, -0.0245803, 0.00839695, 0.0248156, 0.999267, -0.0291646, -0.00767391, 0.0293631, 0.999539, 0.00291026  
58, 2.38226, -17.2161, 180.881, 0.999665, -0.0247241, 0.00767248, 0.0249417, 0.999248, -0.0297029, -0.00693233, 0.0298843, 0.999529, 0.00290832  
59, 2.36663, -17.2302, 180.881, 0.999668, -0.0249679, 0.00639461, 0.0251593, 0.999176, -0.0318426, -0.0055943, 0.0319929, 0.999472, 0.00301095  
60, 2.38674, -17.2253, 180.882, 0.999668, -0.024983, 0.00634862, 0.0251704, 0.99919, -0.0313869, -0.00555934, 0.0315363, 0.999487, 0.00293939  
61, 2.37955, -17.2409, 180.909, 0.999648, -0.0252976, 0.00805016, 0.0255237, 0.999243, -0.0293438, -0.00730174, 0.029539, 0.999537, 0.00304396  
62, 2.36417, -17.2409, 180.872, 0.999641, -0.0251956, 0.00915163, 0.025442, 0.999287, -0.0278849, -0.00844253, 0.0281078, 0.999569, 0.00291525  
63, 2.38879, -17.2241, 180.891, 0.999638, -0.0255453, 0.00838941, 0.0257693, 0.999282, -0.027784, -0.00767363, 0.0279902, 0.999579, 0.00413433  
64, 2.39273, -17.2167, 180.91, 0.99965, -0.0253112, 0.0076718, 0.0255322, 0.999217, -0.0302163, -0.00690098, 0.0304016, 0.999514, 0.00415403  
65, 2.39784, -17.2092, 180.893, 0.999658, -0.0249821, 0.00777154, 0.0252068, 0.999223, -0.0303002, -0.00700853, 0.0304857, 0.999511, 0.00286089  
66, 2.38344, -17.2255, 180.873, 0.999648, -0.0252112, 0.00824637, 0.0254384, 0.999264, -0.028724, -0.00751613, 0.0289237, 0.999553, 0.00286727  
67, 2.3419, -17.2416, 180.875, 0.999631, -0.026037, 0.0077209, 0.0262482, 0.999245, -0.0286445, -0.00696926, 0.0288366, 0.99956, 0.00281512  
68, 2.37013, -17.2138, 180.873, 0.999641, -0.0254495, 0.00835554, 0.025687, 0.99923, -0.0296645, -0.00759416, 0.0298685, 0.999525, 0.0027982  
69, 2.36421, -17.2231, 180.886, 0.999649, -0.0249938, 0.00874473, 0.0252346, 0.999272, -0.0285989, -0.00802357, 0.0288096, 0.999553, 0.00293273  
70, 2.37348, -17.2265, 180.885, 0.999651, -0.02507, 0.00829264, 0.0252943, 0.999284, -0.0281502, -0.00758097, 0.0283501, 0.999569, 0.00285257  
71, 2.37102, -17.2132, 180.887, 0.999627, -0.0260106, 0.00834664, 0.0262402, 0.999244, -0.0286961, -0.00759392, 0.0289044, 0.999553, 0.0028068  
72, 2.36928, -17.2363, 180.877, 0.99966, -0.0249738, 0.00748467, 0.025195, 0.999199, -0.031082, -0.00670244, 0.03126, 0.999489, 0.00282427  
73, 2.40051, -17.1988, 180.915, 0.999668, -0.0246845, 0.00741249, 0.0248995, 0.999226, -0.0304623, -0.0066548, 0.0306367, 0.999508, 0.00282178  
74, 2.38066, -17.2415, 180.861, 0.999661, -0.0248521, 0.00777936, 0.0250783, 0.999221, -0.0304686, -0.00701609, 0.0306534, 0.999505, 0.00286533  
75, 2.39568, -17.2261, 180.876, 0.999687, -0.0242297, 0.00618267, 0.0244218, 0.999152, -0.0331571, -0.00537404, 0.0332977, 0.999431, 0.00278849  
76, 2.36217, -17.2322, 180.872, 0.999656, -0.0252814, 0.00699682, 0.025482, 0.999217, -0.0302509, -0.00622656, 0.0304188, 0.999518, 0.00287448  
77, 2.35523, -17.2584, 180.845, 0.999651, -0.025274, 0.00768428, 0.0254943, 0.999223, -0.030071, -0.00691829, 0.0302564, 0.999518, 0.00281013  
78, 2.34716, -17.2539, 180.853, 0.999657, -0.0250561, 0.0076624, 0.0252646, 0.999276, -0.0284524, -0.00694394, 0.0286362, 0.999566, 0.00278045  
79, 2.34001, -17.2315, 180.852, 0.999651, -0.0254506, 0.00705903, 0.02565, 0.999227, -0.0297757, -0.00629577, 0.0299463, 0.999532, 0.00293911  
80, 2.37791, -17.2423, 180.857, 0.999667, -0.0247876, 0.00713628, 0.0249979, 0.999204, -0.031077, -0.00636028, 0.031245, 0.999492, 0.002819  
81, 2.34565, -17.2362, 180.858, 0.999626, -0.0259317, 0.00873122, 0.0261657, 0.999269, -0.0278572, -0.00800246, 0.0280752, 0.999574, 0.00281373  
82, 2.36777, -17.2372, 180.899, 0.999646, -0.0255637, 0.0074154, 0.025772, 0.999232, -0.0295077, -0.00665538, 0.0296884, 0.999537, 0.00292247  
83, 2.40946, -17.2218, 180.88, 0.999669, -0.0249122, 0.00639468, 0.0250997, 0.9992, -0.0311392, -0.00561382, 0.0312894, 0.999495, 0.0029  
84, 2.37585, -17.215, 180.862, 0.999656, -0.0252824, 0.00694125, 0.0254795, 0.999227, -0.0299513, -0.00617864, 0.0301178, 0.999527, 0.00390994  
85, 2.38866, -17.2069, 180.901, 0.999657, -0.0251855, 0.00725007, 0.0253942, 0.999218, -0.0303037, -0.00648119, 0.0304774, 0.999514, 0.00388469  
86, 2.37317, -17.2315, 180.89, 0.999655, -0.0251746, 0.00744225, 0.0253915, 0.999208, -0.0306455, -0.00666486, 0.0308239, 0.999503, 0.00307724  
87, 2.37271, -17.2397, 180.861, 0.999666, -0.0250073, 0.00645653, 0.0251989, 0.999185, -0.0315284, -0.00566283, 0.0316806, 0.999482, 0.00284008  
88, 2.40021, -17.2176, 180.89, 0.999644, -0.0252838, 0.00856933, 0.0255288, 0.99923, -0.0298026, -0.00780921, 0.0300107, 0.999519, 0.00282455  
89, 2.36943, -17.2135, 180.85, 0.999666, -0.0248605, 0.00700338, 0.0250663, 0.999205, -0.031015, -0.00622676, 0.0311802, 0.999494, 0.00300207  
90, 2.37906, -17.228, 180.856, 0.999655, -0.0252524, 0.00715739, 0.0254507, 0.999252, -0.0291275, -0.0064165, 0.0292997, 0.99955, 0.00280375  
91, 2.38748, -17.2324, 180.879, 0.999657, -0.0251455, 0.00729477, 0.0253548, 0.999223, -0.0301752, -0.00653034, 0.0303498, 0.999518, 0.00285368  
92, 2.34208, -17.2253, 180.877, 0.99964, -0.0253758, 0.00868944, 0.0256147, 0.999263, -0.0285833, -0.00795772, 0.0287955, 0.999554, 0.00283759  
93, 2.36786, -17.234, 180.881, 0.999668, -0.0249559, 0.0064876, 0.0251469, 0.999195, -0.0312565, -0.00570235, 0.0314093, 0.99949, 0.00289667  
94, 2.34106, -17.2432, 180.878, 0.99965, -0.0256291, 0.00653867, 0.0258165, 0.999205, -0.030394, -0.0057545, 0.0305522, 0.999517, 0.00299375  
95, 2.38847, -17.229, 180.891, 0.999625, -0.0260508, 0.00845711, 0.0262722, 0.999284, -0.0272088, -0.00774225, 0.0274208, 0.999594, 0.00281567  
96, 2.37645, -17.2367, 180.885, 0.999665, -0.0245115, 0.00831023, 0.0247343, 0.999306, -0.0278694, -0.00762134, 0.0280656, 0.999577, 0.00296518  
97, 2.38721, -17.1999, 180.882, 0.999646, -0.0253677, 0.0079848, 0.0255848, 0.99927, -0.0283643, -0.00725943, 0.0285585, 0.999566, 0.0028043  
98, 2.39224, -17.212, 180.898, 0.999652, -0.0251302, 0.00797414, 0.0253613, 0.999218, -0.0303343, -0.0072056, 0.030526, 0.999508, 0.00286338  
99, 2.38749, -17.2076, 180.864, 0.999651, -0.0249771, 0.00866125, 0.0252128, 0.999282, -0.0282632, -0.0079491, 0.0284717, 0.999563, 0.00292801  
100, 2.38859, -17.234, 180.86, 0.999679, -0.0246129, 0.00602454, 0.0247916, 0.999192, -0.0316382, -0.00524097, 0.0317774, 0.999481, 0.00304091  
101, 2.35636, -17.2268, 180.87, 0.999661, -0.0251651, 0.00670751, 0.0253656, 0.999175, -0.0317039, -0.00590415, 0.0318633, 0.999475, 0.00291664  
102, 2.33662, -17.2428, 180.86, 0.999653, -0.0253169, 0.00723402, 0.0255274, 0.999204, -0.0306704, -0.00645178, 0.0308444, 0.999503, 0.00282455  
103, 2.3636, -17.2192, 180.888, 0.999651, -0.0252086, 0.00788059, 0.0254302, 0.999244, -0.0294179, -0.00713305, 0.0296081, 0.999536, 0.00280763  
104, 2.37314, -17.2046, 180.901, 0.999646, -0.0253687, 0.00797015, 0.0255905, 0.999249, -0.0290926, -0.00722613, 0.0292863, 0.999545, 0.00304645  
105, 2.3887, -17.2125, 180.898, 0.999648, -0.0254062, 0.00761982, 0.025615, 0.99926, -0.0286879, -0.00688533, 0.028873, 0.999559, 0.00290166  
106, 2.37559, -17.2192, 180.881, 0.999661, -0.0252023, 0.00657932, 0.0253887, 0.999228, -0.0299869, -0.0058185, 0.0301437, 0.999529, 0.00280486  
107, 2.37505, -17.2205, 180.894, 0.999659, -0.0250618, 0.00734461, 0.0252743, 0.999217, -0.0304244, -0.00657637, 0.0305996, 0.99951, 0.00281013  
108, 2.40551, -17.2099, 180.895, 0.99968, -0.0244864, 0.00632116, 0.0246763, 0.999185, -0.0319516, -0.00553363, 0.0320973, 0.999469, 0.00280208  
109, 2.38339, -17.2053, 180.864, 0.999677, -0.0246634, 0.00610713, 0.0248413, 0.999211, -0.0309949, -0.00533787, 0.0311366, 0.999501, 0.00291248  
110, 2.39817, -17.2022, 180.874, 0.999658, -0.0249903, 0.00764838, 0.0252091, 0.999232, -0.0299852, -0.00689317, 0.0301678, 0.999521, 0.00293467  
111, 2.3679, -17.2026, 180.855, 0.999643, -0.0253103, 0.008537, 0.0255493, 0.999248, -0.0291491, -0.00779281, 0.0293568, 0.999539, 0.00292663  
112, 2.3404, -17.2401, 180.861, 0.999644, -0.0251866, 0.00877434, 0.0254155, 0.999311, -0.027036, -0.00808735, 0.0272493, 0.999596, 0.00287226  
113, 2.36405, -17.2155, 180.849, 0.999652, -0.0251773, 0.0079201, 0.0253931, 0.999273, -0.0284376, -0.00719836, 0.0286288, 0.999564, 0.00290222  
114, 2.36415, -17.2168, 180.853, 0.999646, -0.0250101, 0.00910843, 0.0252676, 0.99925, -0.029348, -0.0083676, 0.0295677, 0.999528, 0.00290444  
115, 2.36745, -17.1894, 180.868, 0.999621, -0.026134, 0.00868034, 0.0263612, 0.999283, -0.0271778, -0.00796385, 0.0273963, 0.999593, 0.00289556  
116, 2.38283, -17.2032, 180.902, 0.999655, -0.0251492, 0.00753268, 0.0253582, 0.999256, -0.0290711, -0.00679596, 0.0292521, 0.999549, 0.00282178  
117, 2.38879, -17.1982, 180.89, 0.999657, -0.02507, 0.00756488, 0.0252818, 0.99925, -0.0293414, -0.00682362, 0.0295225, 0.999541, 0.00279792  
118, 2.36295, -17.2167, 180.901, 0.999648, -0.0255755, 0.00705012, 0.0257789, 0.999204, -0.0304531, -0.00626565, 0.0306241, 0.999511, 0.00300596  
119, 2.35555, -17.2116, 180.862, 0.999662, -0.0253875, 0.00560112, 0.0255486, 0.999197, -0.0308573, -0.00481324, 0.03099, 0.999508, 0.00293911  
120, 2.38009, -17.2256, 180.884, 0.99964, -0.0255794, 0.00813359, 0.0258143, 0.99921, -0.0302166, -0.00735424, 0.0304156, 0.99951, 0.00293606  
121, 2.35026, -17.2218, 180.886, 0.999663, -0.0250142, 0.00691612, 0.025221, 0.999181, -0.0316278, -0.00611932, 0.0317916, 0.999476, 0.00282289  
122, 2.37992, -17.2197, 180.867, 0.999677, -0.0243127, 0.00737852, 0.024534, 0.999201, -0.0315504, -0.00660555, 0.0317212, 0.999475, 0.00285146  
123, 2.36726, -17.2081, 180.857, 0.999655, -0.024913, 0.00835383, 0.0251391, 0.999287, -0.0281623, -0.00764627, 0.0283626, 0.999568, 0.00291248  
124, 2.3588, -17.1974, 180.848, 0.999644, -0.0254158, 0.0081518, 0.0256325, 0.999288, -0.0276759, -0.00744259, 0.027875, 0.999584, 0.0028914  
125, 2.32388, -17.2402, 180.828, 0.999629, -0.0261116, 0.00780773, 0.0263251, 0.999244, -0.028613, -0.00705469, 0.0288079, 0.99956, 0.00277684  
126, 2.37915, -17.2067, 180.881, 0.999661, -0.0247229, 0.00816049, 0.0249453, 0.999286, -0.028387, -0.00745285, 0.0285809, 0.999564, 0.00280319  
127, 2.36637, -17.2178, 180.893, 0.999672, -0.0247156, 0.00665832, 0.0249122, 0.9992, -0.0312738, -0.00588005, 0.0314294, 0.999489, 0.00285146  
128, 2.39049, -17.2215, 180.891, 0.999671, -0.0246994, 0.00695526, 0.0249016, 0.99922, -0.0306616, -0.0061925, 0.0308247, 0.999506, 0.00290471  
129, 2.40806, -17.2017, 180.91, 0.999639, -0.0256216, 0.00812271, 0.0258521, 0.999225, -0.029672, -0.00735617, 0.0298713, 0.999527, 0.00293911  
130, 2.39496, -17.2185, 180.879, 0.999657, -0.025142, 0.00728913, 0.0253555, 0.999203, -0.0308423, -0.00650788, 0.0310165, 0.999498, 0.00290749  
131, 2.3857, -17.2326, 180.907, 0.999633, -0.0257175, 0.00855385, 0.0259564, 0.999239, -0.0290994, -0.00779898, 0.0293107, 0.99954, 0.00295575  
132, 2.38126, -17.1983, 180.874, 0.999657, -0.0248561, 0.00825979, 0.0250816, 0.999281, -0.0284322, -0.00754714, 0.0286296, 0.999562, 0.00285284  
133, 2.39065, -17.2009, 180.851, 0.999658, -0.0249456, 0.00786244, 0.0251598, 0.999279, -0.0284457, -0.00714718, 0.0286338, 0.999564, 0.00295658  
134, 2.36014, -17.2224, 180.85, 0.999639, -0.0253245, 0.00900937, 0.0255613, 0.999302, -0.0272275, -0.00831356, 0.027448, 0.999589, 0.00290638  
135, 2.3841, -17.2344, 180.856, 0.999659, -0.0251504, 0.00698753, 0.0253518, 0.999216, -0.0304003, -0.00621747, 0.0305671, 0.999513, 0.00279737  
136, 2.37103, -17.2124, 180.881, 0.999647, -0.0251644, 0.0084985, 0.0253978, 0.999269, -0.0285672, -0.00777341, 0.028773, 0.999556, 0.00289168  
137, 2.36616, -17.2208, 180.844, 0.999633, -0.0256219, 0.00875962, 0.0258504, 0.9993, -0.0270498, -0.00806042, 0.0272663, 0.999596, 0.00279626  
138, 2.38335, -17.2078, 180.892, 0.99968, -0.0245349, 0.00617332, 0.0247233, 0.999164, -0.0325477, -0.0053696, 0.0326899, 0.999451, 0.00295464  
139, 2.37787, -17.2141, 180.883, 0.999656, -0.0254294, 0.00637757, 0.0256161, 0.999187, -0.0311227, -0.00558095, 0.0312753, 0.999495, 0.0029588  
140, 2.38529, -17.2287, 180.918, 0.999637, -0.0257049, 0.00800947, 0.025932, 0.999223, -0.0296781, -0.00724037, 0.029875, 0.999527, 0.00292746  
141, 2.38151, -17.2011, 180.915, 0.999665, -0.0248396, 0.00731315, 0.025044, 0.999256, -0.0293402, -0.0065789, 0.0295136, 0.999543, 0.00281318  
142, 2.37881, -17.188, 180.888, 0.999649, -0.0256303, 0.00673317, 0.0258243, 0.999201, -0.0305123, -0.00594575, 0.0306755, 0.999512, 0.00286865  
143, 2.36209, -17.1897, 180.879, 0.999664, -0.02516, 0.00629248, 0.0253452, 0.999188, -0.0313166, -0.00549945, 0.0314655, 0.99949, 0.00294133  
144, 2.39518, -17.1817, 180.902, 0.999642, -0.025539, 0.00802268, 0.0257599, 0.999255, -0.0287445, -0.0072826, 0.0289408, 0.999555, 0.00293412  
145, 2.38096, -17.1817, 180.89, 0.999643, -0.0253091, 0.00859457, 0.0255472, 0.999258, -0.0288249, -0.00785866, 0.0290341, 0.999548, 0.00295742  
146, 2.34353, -17.2232, 180.874, 0.999623, -0.0256925, 0.00972705, 0.0259617, 0.999253, -0.0286332, -0.00898412, 0.0288749, 0.999543, 0.00280708  
147, 2.33638, -17.2809, 180.832, 0.999661, -0.0250826, 0.00694001, 0.0252986, 0.999135, -0.0330061, -0.00610612, 0.0331705, 0.999431, 0.00285312  
148, 2.35534, -17.3276, 180.888, 0.999674, -0.0246006, 0.00687389, 0.0248283, 0.999069, -0.0352855, -0.00599944, 0.0354447, 0.999354, 0.0030165  
149, 2.30868, -17.4029, 180.88, 0.999657, -0.0247879, 0.00839744, 0.0250745, 0.999039, -0.0359471, -0.00749832, 0.0361454, 0.999318, 0.00288446  
150, 2.3272, -17.4723, 180.907, 0.999653, -0.0250357, 0.00813135, 0.025321, 0.99899, -0.0371188, -0.00719384, 0.0373119, 0.999278, 0.00295631  
151, 2.33539, -17.5007, 180.897, 0.999671, -0.0244719, 0.00774015, 0.0247631, 0.99889, -0.0400792, -0.00675074, 0.0402577, 0.999167, 0.00280208  
152, 2.31678, -17.5772, 180.929, 0.999676, -0.0241153, 0.00813703, 0.0244417, 0.998787, -0.0427337, -0.00709662, 0.0429188, 0.999053, 0.00284424  
153, 2.29415, -17.6481, 180.897, 0.999681, -0.0237796, 0.00847894, 0.0241311, 0.998736, -0.0440853, -0.0074199, 0.0442759, 0.998992, 0.00285839  
154, 2.34889, -17.6759, 180.937, 0.999709, -0.0229566, 0.00740329, 0.0232928, 0.998523, -0.049081, -0.00626563, 0.0492392, 0.998767, 0.00298765  
155, 2.36032, -17.7235, 180.967, 0.999676, -0.0246186, 0.00644726, 0.0249161, 0.998385, -0.0510633, -0.00517974, 0.0512074, 0.998675, 0.00285562  
156, 2.33534, -17.7925, 180.927, 0.999691, -0.0236921, 0.00755627, 0.0240578, 0.998322, -0.052664, -0.00629588, 0.0528295, 0.998584, 0.00282039  
157, 2.54104, -17.7165, 181.155, 0.999841, -0.0175249, 0.00319256, 0.0177084, 0.997281, -0.071532, -0.00193029, 0.0715771, 0.997433, 0.00279293  
158, 2.48089, -17.798, 181.19, 0.999823, -0.0182855, 0.00438993, 0.0185602, 0.99709, -0.0739455, -0.00302502, 0.0740139, 0.997253, 0.00290582  
159, 2.5246, -17.8143, 181.16, 0.999856, -0.0164494, 0.00413538, 0.0167185, 0.996908, -0.0767816, -0.00285958, 0.0768397, 0.997039, 0.00290749  
160, 2.50749, -17.91, 181.18, 0.999848, -0.0168204, 0.00451567, 0.0171328, 0.99652, -0.0815772, -0.00312779, 0.0816421, 0.996657, 0.00278988  
161, 2.51825, -17.9006, 181.186, 0.999864, -0.0160749, 0.00379594, 0.0163392, 0.996257, -0.0848826, -0.00241725, 0.0849331, 0.996384, 0.00288613  
162, 2.51284, -17.9067, 181.218, 0.999844, -0.0174414, 0.00276981, 0.0176201, 0.995769, -0.0901853, -0.00118513, 0.09022, 0.995921, 0.00290971  
163, 2.4567, -17.9805, 181.216, 0.999814, -0.018356, 0.00599014, 0.0188105, 0.995976, -0.0876294, -0.00435752, 0.0877258, 0.996135, 0.00282677  
164, 2.46384, -17.8747, 181.245, 0.999844, -0.0170264, 0.00478694, 0.0173982, 0.995507, -0.0930712, -0.00318076, 0.0931399, 0.995648, 0.00305478  
165, 2.47497, -17.8352, 181.215, 0.999862, -0.0159498, 0.0046797, 0.0163282, 0.995164, -0.0968617, -0.00311215, 0.0969247, 0.995287, 0.00294798  
166, 2.46238, -17.801, 181.203, 0.99985, -0.0162929, 0.00589836, 0.0167933, 0.995033, -0.0981153, -0.00427048, 0.0981997, 0.995158, 0.00280513  
167, 2.43764, -17.7796, 181.164, 0.999825, -0.0178797, 0.00547387, 0.0183391, 0.994778, -0.100403, -0.0036501, 0.100486, 0.994932, 0.0029405  
168, 2.4417, -17.7259, 181.178, 0.999836, -0.0175395, 0.00449954, 0.0179161, 0.994271, -0.105373, -0.00262557, 0.105436, 0.994423, 0.00285922  
169, 2.39308, -17.6143, 181.184, 0.999843, -0.0169902, 0.00493479, 0.017422, 0.994065, -0.10738, -0.00308109, 0.10745, 0.994206, 0.0029441  
170, 2.36445, -17.5043, 181.116, 0.99984, -0.0175268, 0.00360837, 0.0178248, 0.993259, -0.114541, -0.00157651, 0.114587, 0.993412, 0.0029208  
171, 2.3467, -17.4334, 181.095, 0.999806, -0.0188991, 0.0056203, 0.0194189, 0.993222, -0.1146, -0.00341637, 0.114687, 0.993396, 0.00282649  
172, 2.369, -17.2459, 181.105, 0.999833, -0.0173563, 0.00570224, 0.0179087, 0.992834, -0.118154, -0.00361066, 0.118236, 0.992979, 0.00279265  
173, 2.32308, -17.1196, 181.069, 0.999806, -0.0186926, 0.00627194, 0.0193223, 0.992221, -0.122978, -0.00392437, 0.123076, 0.99239, 0.00299347  
174, 2.29998, -16.8874, 181.055, 0.999791, -0.0187897, 0.00803379, 0.0196393, 0.992131, -0.123652, -0.00564718, 0.123784, 0.992293, 0.00298016  
175, 2.30804, -16.6673, 181.081, 0.9998, -0.0183808, 0.00785478, 0.0192296, 0.991725, -0.126934, -0.00545663, 0.12706, 0.99188, 0.0029613  
176, 2.29424, -16.4342, 181.049, 0.999786, -0.0186502, 0.00899935, 0.0196583, 0.991402, -0.129366, -0.00650928, 0.129515, 0.991556, 0.00284841  
177, 2.26281, -16.2894, 181.007, 0.999751, -0.0201072, 0.009726, 0.0212208, 0.990928, -0.132709, -0.00696936, 0.132882, 0.991107, 0.00282094  
178, 2.23333, -15.9143, 181.016, 0.999782, -0.0190855, 0.00849602, 0.0200618, 0.99056, -0.135603, -0.00582778, 0.135743, 0.990727, 0.00290111  
179, 2.27062, -15.7309, 180.98, 0.99973, -0.021466, 0.00891279, 0.0225019, 0.989921, -0.139823, -0.00582151, 0.139986, 0.990136, 0.00288225  
180, 2.23578, -15.2816, 180.927, 0.999721, -0.0213828, 0.0100512, 0.0225914, 0.989667, -0.141593, -0.00691972, 0.14178, 0.989874, 0.00286949  
181, 2.24464, -14.9563, 180.934, 0.999699, -0.0220509, 0.0107695, 0.0233694, 0.989368, -0.143541, -0.00748977, 0.14375, 0.989586, 0.00289584  
182, 2.23994, -14.5492, 181.012, 0.999701, -0.0216972, 0.0112769, 0.023112, 0.989018, -0.145976, -0.00798573, 0.146193, 0.989224, 0.00284258  
183, 2.23115, -14.0241, 181.031, 0.999743, -0.0206541, 0.00932438, 0.0218364, 0.988028, -0.152723, -0.0060584, 0.152888, 0.988225, 0.00295825  
184, 2.26517, -13.5591, 181.003, 0.999738, -0.0203947, 0.010345, 0.0217355, 0.988044, -0.152631, -0.00710846, 0.152816, 0.988229, 0.00293523  
185, 2.28168, -12.9616, 181.025, 0.999779, -0.0182264, 0.0105146, 0.0196422, 0.987604, -0.155729, -0.00754586, 0.155901, 0.987744, 0.00290666  
186, 2.27057, -12.3489, 181.001, 0.999804, -0.0171156, 0.00995847, 0.0184814, 0.987118, -0.158923, -0.00711011, 0.159076, 0.987241, 0.00280319  
187, 2.27026, -11.7223, 180.96, 0.999848, -0.0154227, 0.00808616, 0.016542, 0.986271, -0.164306, -0.0054411, 0.164415, 0.986376, 0.00279792  
188, 2.28773, -10.9905, 180.969, 0.999881, -0.0147158, 0.00462041, 0.0152867, 0.985361, -0.169791, -0.00205416, 0.169842, 0.985469, 0.00302343  
189, 2.18774, -10.236, 180.92, 0.999858, -0.0160412, 0.00518033, 0.0166898, 0.985203, -0.170575, -0.00236745, 0.170637, 0.985331, 0.00290055  
190, 2.05878, -9.48438, 180.809, 0.999835, -0.0166676, 0.00726485, 0.0176537, 0.98554, -0.168519, -0.00435099, 0.16862, 0.985672, 0.00283648  
191, 1.98709, -8.63256, 180.806, 0.999809, -0.0178389, 0.00794427, 0.0189158, 0.985761, -0.167083, -0.00485058, 0.167201, 0.985911, 0.00283232  
192, 1.87923, -7.80357, 180.773, 0.999738, -0.0183477, 0.013689, 0.0203245, 0.986582, -0.161998, -0.010533, 0.162233, 0.986696, 0.00279848  
193, 1.73694, -6.93593, 180.712, 0.999719, -0.0198457, 0.0130009, 0.0216966, 0.986459, -0.162569, -0.00959856, 0.162805, 0.986612, 0.00279043  
194, 1.60506, -6.01753, 180.682, 0.999649, -0.022348, 0.0142305, 0.0243259, 0.987014, -0.158785, -0.0104971, 0.159075, 0.987211, 0.00290305  
195, 1.45805, -4.99753, 180.66, 0.999618, -0.0215207, 0.0173642, 0.0239397, 0.987795, -0.153909, -0.01384, 0.154266, 0.987932, 0.00290028  
196, 1.3515, -3.8958, 180.648, 0.999631, -0.0217125, 0.0163267, 0.0239716, 0.987766, -0.154092, -0.0127812, 0.154427, 0.987922, 0.00280791  
197, 1.29272, -2.6352, 180.717, 0.999683, -0.0205714, 0.0145009, 0.02257, 0.987689, -0.154793, -0.011138, 0.155072, 0.98784, 0.00279321  
198, 1.21581, -1.45106, 180.668, 0.999715, -0.0200181, 0.0130366, 0.0218244, 0.987254, -0.157649, -0.00971457, 0.157888, 0.987409, 0.00278461  
199, 1.13687, -0.175807, 180.706, 0.999682, -0.0210524, 0.0139168, 0.0229537, 0.987693, -0.154712, -0.0104884, 0.154982, 0.987862, 0.00291387  
200, 1.05457, 1.11431, 180.771, 0.999711, -0.0202193, 0.0129661, 0.0219794, 0.987777, -0.154319, -0.00968741, 0.15456, 0.987936, 0.00288336  
201, 0.975195, 2.14339, 180.809, 0.999719, -0.0191538, 0.0139498, 0.0211092, 0.987356, -0.157108, -0.0107642, 0.157358, 0.987483, 0.00280236  
202, 1.00486, 3.72039, 180.867, 0.999806, -0.0170057, 0.00992723, 0.0183647, 0.987192, -0.158475, -0.0071051, 0.158627, 0.987313, 0.00278572  
203, 0.938217, 4.92653, 180.881, 0.999791, -0.0167264, 0.0117676, 0.0183866, 0.987091, -0.159099, -0.0089545, 0.159282, 0.987193, 0.00290305  
204, 0.88484, 6.52348, 180.937, 0.999812, -0.0163533, 0.0104601, 0.0178285, 0.986715, -0.161481, -0.00768042, 0.161637, 0.98682, 0.0028939  
205, 0.703917, 8.02112, 180.958, 0.999826, -0.0160914, 0.0094855, 0.0174222, 0.98649, -0.16289, -0.00673622, 0.163027, 0.986599, 0.00296601  
206, 0.591642, 9.63134, 180.976, 0.999862, -0.0157861, 0.00516091, 0.0164152, 0.986563, -0.162552, -0.00252551, 0.162614, 0.986687, 0.0028362  
207, 0.41235, 11.1317, 180.963, 0.999836, -0.0160116, 0.00850301, 0.0171596, 0.98715, -0.158875, -0.0058499, 0.158995, 0.987262, 0.00281457  
208, 0.25573, 12.9368, 180.99, 0.999818, -0.0176045, 0.00732114, 0.0185292, 0.987659, -0.155518, -0.00449297, 0.155626, 0.987806, 0.00281512  
209, 0.0321315, 14.709, 180.958, 0.999823, -0.0178133, 0.00601433, 0.018534, 0.987561, -0.156139, -0.00315818, 0.156222, 0.987717, 0.00290416  
210, -0.221146, 16.4887, 180.922, 0.999825, -0.0174148, 0.00688494, 0.0182638, 0.988044, -0.153089, -0.00413661, 0.153188, 0.988188, 0.00291331  
211, -0.514987, 18.2706, 180.959, 0.99983, -0.0155816, 0.00981698, 0.016827, 0.989558, -0.143148, -0.00748401, 0.143289, 0.989653, 0.00295159  
212, -0.743997, 19.8755, 180.981, 0.999822, -0.0159807, 0.0100302, 0.0172054, 0.990412, -0.137071, -0.00774358, 0.137219, 0.99051, 0.00282788  
213, -1.05113, 21.5903, 181.005, 0.999843, -0.0151816, 0.00910066, 0.0162629, 0.990882, -0.133748, -0.00698718, 0.133875, 0.990974, 0.00280486  
214, -1.29396, 23.5396, 181.084, 0.999868, -0.0151684, 0.00577717, 0.0157974, 0.99116, -0.131728, -0.003728, 0.131802, 0.991269, 0.00292801  
215, -1.68588, 25.3817, 181.047, 0.999797, -0.0168511, 0.0110891, 0.0180968, 0.992119, -0.123984, -0.00891243, 0.124159, 0.992222, 0.00304257  
216, -1.88187, 27.3907, 181.059, 0.999855, -0.0153162, 0.00745697, 0.0161367, 0.991838, -0.126481, -0.0054589, 0.126583, 0.991941, 0.0029147  
217, -2.1783, 29.3225, 181.009, 0.99987, -0.0157864, 0.003167, 0.0160611, 0.991747, -0.127199, -0.00113285, 0.127233, 0.991872, 0.00291026  
218, -2.33444, 31.2008, 181.021, 0.999841, -0.0178501, -0.000180055, 0.0176771, 0.991454, -0.129255, 0.00248572, 0.129231, 0.991611, 0.00294077  
219, -2.83617, 35.3509, 181.091, 0.999839, -0.0178233, 0.0020981, 0.0179464, 0.99287, -0.117841, 1.71702e-005, 0.11786, 0.99303, 0.00267061  
220, -3.09319, 37.4371, 181.161, 0.999897, -0.0140483, 0.00285794, 0.014287, 0.992952, -0.117653, -0.00118497, 0.117682, 0.993051, 0.0044106  
221, -3.43126, 39.5242, 181.151, 0.999877, -0.0146838, 0.00551063, 0.0151954, 0.993976, -0.108536, -0.0038837, 0.108607, 0.994077, 0.00283925  
222, -3.6747, 41.6561, 181.126, 0.999871, -0.0154334, 0.00446494, 0.0158163, 0.994372, -0.10476, -0.00282301, 0.104817, 0.994488, 0.00297156  
223, -3.78903, 43.781, 181.107, 0.999877, -0.015439, 0.00262586, 0.0156283, 0.994466, -0.103891, -0.00100735, 0.10392, 0.994585, 0.00292441  
224, -3.92396, 46.0357, 181.041, 0.999892, -0.0145499, 0.00188064, 0.014666, 0.994635, -0.102398, -0.000380661, 0.102415, 0.994742, 0.00278516  
225, -4.17517, 48.1712, 181.041, 0.999848, -0.0174073, 0.000170993, 0.0173418, 0.995138, -0.0969529, 0.00151752, 0.0969412, 0.995289, 0.00287587  
226, -4.31189, 50.474, 181.005, 0.999824, -0.0187299, -0.000482263, 0.018608, 0.995665, -0.0911291, 0.00218701, 0.0911041, 0.995839, 0.00283287  
227, -4.40979, 52.7602, 181.004, 0.999835, -0.0181526, 0.00052017, 0.0181285, 0.995999, -0.0875056, 0.00107037, 0.0875006, 0.996164, 0.00296574  
228, -4.48764, 55.0061, 181.014, 0.99986, -0.0167269, 0.000375492, 0.0166983, 0.996242, -0.0849899, 0.00104754, 0.0849843, 0.996382, 0.00280375  
229, -4.67496, 57.2233, 180.996, 0.999865, -0.0163988, 0.000859074, 0.0164147, 0.996608, -0.0806383, 0.000466211, 0.0806415, 0.996743, 0.00281845  
230, -4.84463, 59.5888, 180.984, 0.999893, -0.0146506, -0.0005071, 0.0145691, 0.996976, -0.0763277, 0.00162381, 0.0763121, 0.997083, 0.00283343  
231, -5.08812, 61.7589, 181.01, 0.999866, -0.0163212, 0.00142722, 0.016381, 0.997426, -0.069808, -0.000284197, 0.069822, 0.997559, 0.00281346  
232, -5.18142, 63.7549, 181.051, 0.999809, -0.0193429, 0.00279869, 0.0194792, 0.997891, -0.061923, -0.00159502, 0.0619657, 0.998077, 0.00287614  
233, -5.26658, 65.9346, 181.129, 0.999791, -0.0202899, 0.00268469, 0.020416, 0.997925, -0.0610623, -0.00144017, 0.0611043, 0.99813, 0.00295908  
234, -5.44508, 68.14, 181.216, 0.999738, -0.0224278, 0.00449345, 0.0226543, 0.997995, -0.059095, -0.00315907, 0.0591814, 0.998242, 0.00295325  
235, -5.55672, 70.4319, 181.154, 0.999738, -0.0218216, 0.00684387, 0.0221772, 0.998122, -0.0570967, -0.00558508, 0.0572336, 0.998345, 0.00282788  
236, -5.70436, 72.4247, 181.231, 0.999742, -0.0218855, 0.00613159, 0.02218, 0.998349, -0.0529887, -0.00496178, 0.053111, 0.998576, 0.00280819  
237, -5.79092, 74.6883, 181.287, 0.999765, -0.0201188, 0.00810861, 0.0205303, 0.998311, -0.0543456, -0.00700155, 0.0544993, 0.998489, 0.00297212  
238, -5.82119, 76.7555, 181.328, 0.999765, -0.0209468, 0.00552478, 0.0211797, 0.99871, -0.0461498, -0.00455096, 0.046256, 0.998919, 0.00295769  
239, -6.10729, 78.8969, 181.061, 0.999588, -0.0279076, 0.0067687, 0.0280723, 0.999278, -0.0255984, -0.00604942, 0.0257779, 0.999649, 0.00295991  
240, -6.14144, 81.1912, 181.006, 0.999607, -0.0270837, 0.00717647, 0.0272319, 0.9994, -0.021425, -0.00659189, 0.021612, 0.999745, 0.00298987  
241, -6.13225, 83.5392, 180.945, 0.999674, -0.0251492, 0.00445767, 0.0252318, 0.99949, -0.0195579, -0.00396353, 0.019664, 0.999799, 0.00287614  
242, -6.25459, 85.9107, 180.886, 0.999625, -0.0258884, 0.00889534, 0.0260125, 0.999562, -0.014126, -0.00852574, 0.0143521, 0.999861, 0.00279432  
243, -6.27751, 87.7252, 180.99, 0.999381, -0.0318288, 0.0149581, 0.0319073, 0.999478, -0.00503908, -0.0147899, 0.00551323, 0.999875, 0.00295353  
244, -6.45249, 89.7355, 181.148, 0.999227, -0.0349037, 0.0180681, 0.0351143, 0.999317, -0.0114725, -0.0176553, 0.0120981, 0.999771, 0.00289334  
245, -6.49991, 92.1016, 181.105, 0.999271, -0.035496, 0.014076, 0.0356916, 0.999266, -0.0138974, -0.0135724, 0.0143897, 0.999804, 0.00292912  
246, -6.34316, 94.3309, 181.085, 0.999394, -0.0324778, 0.0125385, 0.0325974, 0.999424, -0.00945495, -0.0122242, 0.00985794, 0.999877, 0.00301816  
247, -6.42388, 96.6613, 181.077, 0.99941, -0.032, 0.0124893, 0.0320564, 0.999477, -0.00434301, -0.0123438, 0.00474081, 0.999913, 0.00303231  
248, -6.45383, 98.9242, 181.047, 0.999478, -0.0298944, 0.0122641, 0.0299395, 0.999546, -0.00350735, -0.0121537, 0.0038727, 0.999919, 0.00303037  
249, -6.62814, 101.352, 180.918, 0.999562, -0.0271538, 0.0117309, 0.027117, 0.999627, 0.00328639, -0.0118157, -0.00296685, 0.999926, 0.00291747  
250, -6.44163, 102.901, 181.073, 0.999446, -0.0307254, 0.0127534, 0.0307203, 0.999528, 0.000595682, -0.0127656, -0.000203566, 0.999918, 0.0028362  
251, -6.49091, 104.957, 181.027, 0.999419, -0.0310674, 0.0139834, 0.0310249, 0.999513, 0.00324522, -0.0140774, -0.00280951, 0.999897, 0.00278905  
252, -6.36226, 107.037, 181.001, 0.999427, -0.0316099, 0.0120678, 0.0315225, 0.999476, 0.00736267, -0.0122942, -0.00697804, 0.9999, 0.00279598  
253, -6.5605, 109.14, 180.962, 0.999349, -0.0332736, 0.0139284, 0.033116, 0.999386, 0.0114008, -0.0142992, -0.0109321, 0.999838, 0.00291914  
254, -6.59881, 110.951, 181.064, 0.999299, -0.034085, 0.0155075, 0.0339665, 0.999392, 0.00784212, -0.0157653, -0.00730989, 0.999849, 0.00291969  
255, -6.70676, 112.923, 181.163, 0.999367, -0.0319875, 0.0155554, 0.0319093, 0.999477, 0.00524847, -0.0157152, -0.00474878, 0.999865, 0.00282899  
256, -6.83798, 115.016, 181.209, 0.999383, -0.0316122, 0.0153235, 0.0314605, 0.999455, 0.0100469, -0.0156328, -0.00955864, 0.999832, 0.00282788  
257, -6.92993, 116.979, 181.129, 0.999447, -0.0292645, 0.0157866, 0.0290941, 0.999517, 0.0109199, -0.0160985, -0.0104545, 0.999816, 0.00298155  
258, -7.03612, 118.94, 181.095, 0.999424, -0.0286546, 0.0182086, 0.0283613, 0.999467, 0.0161648, -0.0186621, -0.015639, 0.999704, 0.00297461  
259, -7.10678, 120.683, 181.081, 0.999393, -0.0292628, 0.0188931, 0.028978, 0.999465, 0.0151797, -0.0193271, -0.014623, 0.999706, 0.00297212  
260, -7.18405, 122.492, 181.045, 0.999383, -0.028899, 0.0199831, 0.0286218, 0.999492, 0.0140207, -0.0203782, -0.0134401, 0.999702, 0.00297378  
261, -7.2098, 124.234, 180.991, 0.999447, -0.0288436, 0.0165404, 0.028677, 0.999536, 0.0102193, -0.0168275, -0.00973937, 0.999811, 0.00280791  
262, -7.3206, 126.09, 180.96, 0.999414, -0.0303171, 0.0158997, 0.03016, 0.999495, 0.0100305, -0.0161957, -0.00954504, 0.999823, 0.00290971  
263, -7.45449, 127.859, 180.955, 0.999481, -0.0290919, 0.0138469, 0.0290608, 0.999575, 0.00244133, -0.013912, -0.00203766, 0.999901, 0.00292136  
264, -7.62028, 129.735, 181.023, 0.999457, -0.0282679, 0.0169148, 0.028153, 0.999579, 0.00699343, -0.0171053, -0.00651344, 0.999832, 0.00289889  
265, -7.7402, 131.488, 181.061, 0.999463, -0.0274038, 0.0179836, 0.0272752, 0.999601, 0.00735778, -0.018178, -0.00686332, 0.999811, 0.00279848  
266, -7.90548, 133.419, 181.168, 0.999483, -0.0260907, 0.0188089, 0.0259008, 0.999612, 0.010274, -0.0190696, -0.00978149, 0.99977, 0.0028007  
267, -8.04649, 134.783, 181.06, 0.999514, -0.0268191, 0.0159108, 0.0267375, 0.999628, 0.00531941, -0.0160475, -0.0048914, 0.999859, 0.00279737  
268, -8.07962, 136.634, 181.097, 0.999615, -0.022854, 0.0157137, 0.02279, 0.999731, 0.004239, -0.0158063, -0.00387925, 0.999868, 0.00292163  
269, -8.22048, 138.094, 181.106, 0.999579, -0.0239915, 0.0162886, 0.0239278, 0.999705, 0.00409318, -0.016382, -0.00370171, 0.999859, 0.00291054  
270, -8.48173, 139.697, 181.138, 0.999505, -0.0251651, 0.0188735, 0.0250724, 0.999672, 0.005134, -0.0189965, -0.00465825, 0.999809, 0.00281318  
271, -8.63246, 141.177, 181.083, 0.999519, -0.0267375, 0.0157223, 0.0266254, 0.999619, 0.00730078, -0.0159115, -0.00687865, 0.99985, 0.00278211  
272, -8.87409, 142.772, 181.189, 0.999473, -0.0280761, 0.0163085, 0.0280353, 0.999603, 0.00272526, -0.0163785, -0.00226661, 0.999863, 0.00292524  
273, -9.06997, 144.254, 181.31, 0.999493, -0.0275685, 0.0159449, 0.0276525, 0.999605, -0.00506938, -0.0157989, 0.00550772, 0.99986, 0.00294577  
274, -9.19687, 145.573, 181.343, 0.999475, -0.0269177, 0.0180537, 0.0270446, 0.999611, -0.00682179, -0.017863, 0.00730646, 0.999814, 0.00303425  
275, -9.56262, 147.3, 181.264, 0.999516, -0.0256649, 0.0175575, 0.025777, 0.999649, -0.00618505, -0.0173926, 0.00663464, 0.999827, 0.00278516  
276, -9.87072, 148.696, 181.122, 0.999537, -0.0259976, 0.0157893, 0.0261602, 0.999606, -0.0101846, -0.0155183, 0.0105929, 0.999823, 0.00286754  
