0, 0, 0, 0, 0, 0, 0, 0, 0, 0, 0, 0, 0, 0.0062671  
1, 0, 0, 0, 0, 0, 0, 0, 0, 0, 0, 0, 0, 0.00265812  
2, 1.99784, -23.9326, 181.03, 0.999925, 0.0105656, 0.0062547, -0.0100805, 0.997276, -0.0730638, -0.00700962, 0.0729952, 0.997308, 0.00284008  
3, 2.04448, -23.8977, 181.029, 0.999921, 0.0112657, 0.00550178, -0.0108341, 0.997272, -0.0730173, -0.00630937, 0.072952, 0.997315, 0.00291498  
4, 2.05719, -23.8648, 181.035, 0.999923, 0.01097, 0.00584081, -0.0105081, 0.997205, -0.0739692, -0.00663593, 0.0739021, 0.997243, 0.00294327  
5, 2.06865, -23.8613, 181.086, 0.999924, 0.0108376, 0.00591746, -0.010375, 0.997257, -0.0732915, -0.00669553, 0.0732245, 0.997293, 0.00290721  
6, 2.12246, -23.7955, 181.013, 0.999914, 0.0116445, 0.00595676, -0.0111769, 0.997248, -0.0732866, -0.00679375, 0.0732137, 0.997293, 0.00284535  
7, 2.13885, -23.7681, 181.029, 0.999925, 0.0105371, 0.00619604, -0.0100681, 0.997398, -0.0713884, -0.00693214, 0.0713207, 0.997429, 0.00287448  
8, 2.13413, -23.7108, 181.038, 0.999912, 0.0115239, 0.00660977, -0.0110143, 0.997304, -0.0725482, -0.00742799, 0.072469, 0.997343, 0.00292385  
9, 2.15433, -23.7433, 181.043, 0.999908, 0.0110269, 0.00790172, -0.010429, 0.997345, -0.0720763, -0.00867552, 0.0719873, 0.997368, 0.00289112  
10, 2.18198, -23.6733, 181.077, 0.99991, 0.0114668, 0.00699096, -0.0109229, 0.997242, -0.0734096, -0.00781345, 0.0733266, 0.997277, 0.00279709  
11, 2.20024, -23.6076, 181.099, 0.999906, 0.011918, 0.00675771, -0.0113707, 0.997048, -0.0759383, -0.00764279, 0.0758544, 0.99709, 0.00291331  
12, 2.2066, -23.6044, 181.121, 0.999912, 0.0117663, 0.00606331, -0.0112764, 0.997096, -0.0753194, -0.00693193, 0.0752444, 0.997141, 0.0029319  
13, 2.20119, -23.5733, 181.116, 0.9999, 0.0123349, 0.00698224, -0.0117714, 0.997062, -0.0756896, -0.00789535, 0.0755998, 0.997107, 0.00291054  
14, 2.23687, -23.5314, 181.095, 0.999901, 0.012596, 0.00621826, -0.0120941, 0.997107, -0.0750449, -0.00714553, 0.0749623, 0.997161, 0.00283537  
15, 2.23787, -23.5282, 181.131, 0.999923, 0.0112904, 0.00524558, -0.0108689, 0.997167, -0.0744291, -0.00607106, 0.0743663, 0.997213, 0.0029319  
16, 2.28532, -23.5135, 181.119, 0.999904, 0.0124959, 0.00601679, -0.0120134, 0.997151, -0.0744745, -0.00693027, 0.0743951, 0.997205, 0.00452849  
17, 2.27934, -23.4729, 181.115, 0.999904, 0.0127063, 0.00547642, -0.0122651, 0.997167, -0.0742112, -0.00640386, 0.0741369, 0.997228, 0.0044855  
18, 2.29739, -23.4522, 181.106, 0.999907, 0.0125114, 0.00546583, -0.0120672, 0.997119, -0.074887, -0.00638703, 0.0748141, 0.997177, 0.00545078  
19, 2.02784, -23.62, 180.706, 0.999941, 0.00305554, 0.0104131, -0.00257567, 0.998948, -0.0457896, -0.010542, 0.0457601, 0.998897, 0.00306781  
20, 2.06199, -23.6192, 180.722, 0.999931, 0.00247082, 0.0114819, -0.00194913, 0.998975, -0.0452274, -0.0115819, 0.0452019, 0.998911, 0.00377014  
21, 2.04842, -23.5895, 180.733, 0.999937, 0.00333773, 0.0107444, -0.00283586, 0.998919, -0.0463909, -0.0108877, 0.0463575, 0.998866, 0.0035302  
22, 2.32675, -23.3686, 181.123, 0.999911, 0.0125062, 0.0047182, -0.0121235, 0.997192, -0.073906, -0.00562923, 0.0738422, 0.997254, 0.00297489  
23, 2.30391, -23.3699, 181.101, 0.999915, 0.012025, 0.00509509, -0.0116127, 0.99716, -0.0744161, -0.00597547, 0.0743506, 0.997214, 0.00294133  
24, 2.02524, -23.5709, 180.716, 0.999925, 0.0026315, 0.0119304, -0.00208422, 0.998955, -0.0456552, -0.012038, 0.0456269, 0.998886, 0.00284147  
25, 2.02377, -23.5736, 180.72, 0.999927, 0.00268536, 0.0117636, -0.00214047, 0.998935, -0.0460905, -0.0118748, 0.046062, 0.998868, 0.00282094  
26, 2.30965, -23.3677, 181.121, 0.999909, 0.0121865, 0.00583416, -0.0117333, 0.997317, -0.072259, -0.00669909, 0.072184, 0.997369, 0.00281623  
27, 2.31, -23.3547, 181.096, 0.999913, 0.0120292, 0.00544555, -0.0115963, 0.997224, -0.0735477, -0.00631515, 0.0734781, 0.997277, 0.00292358  
28, 2.28465, -23.3844, 181.085, 0.999912, 0.0121032, 0.00546558, -0.0116741, 0.997287, -0.0726795, -0.0063304, 0.0726092, 0.99734, 0.00276686  
29, 2.30008, -23.3885, 181.122, 0.999914, 0.0120543, 0.0052005, -0.011643, 0.997268, -0.0729403, -0.00606553, 0.0728734, 0.997323, 0.00281068  
30, 2.30591, -23.425, 181.116, 0.999909, 0.0119867, 0.00613084, -0.0115106, 0.997299, -0.0725399, -0.0069838, 0.0724627, 0.997347, 0.00279293  
31, 2.28911, -23.4018, 181.107, 0.999906, 0.0120013, 0.00664296, -0.0114881, 0.997299, -0.0725384, -0.00749558, 0.0724552, 0.997343, 0.00281096  
32, 2.27188, -23.406, 181.116, 0.999912, 0.0121298, 0.00530708, -0.0117109, 0.997271, -0.0728918, -0.00617676, 0.0728233, 0.997326, 0.00294493  
33, 2.25453, -23.4561, 181.115, 0.999912, 0.0116143, 0.00639008, -0.0111163, 0.997262, -0.073112, -0.00722172, 0.0730345, 0.997303, 0.00280125  
34, 2.25207, -23.4891, 181.086, 0.999913, 0.0119047, 0.00571155, -0.0114533, 0.997234, -0.0734433, -0.00657008, 0.0733715, 0.997283, 0.00281762  
35, 1.95405, -23.6522, 180.697, 0.999928, 0.00275095, 0.0116744, -0.00221565, 0.998956, -0.0456195, -0.0117877, 0.0455904, 0.998891, 0.00280264  
36, 1.93667, -23.7191, 180.717, 0.999936, 0.00224516, 0.0111277, -0.00173043, 0.998938, -0.0460519, -0.0112193, 0.0460297, 0.998877, 0.00290166  
37, 1.93659, -23.7544, 180.695, 0.999933, 0.00267761, 0.0112726, -0.00215033, 0.998915, -0.04653, -0.0113849, 0.0465026, 0.998853, 0.00293661  
38, 1.92285, -23.7616, 180.676, 0.999929, 0.00295329, 0.0115545, -0.002412, 0.998912, -0.0465826, -0.0116795, 0.0465514, 0.998848, 0.00300207  
39, 1.90469, -23.7944, 180.672, 0.999922, 0.00199273, 0.0123184, -0.0014317, 0.998969, -0.0453855, -0.0123962, 0.0453644, 0.998894, 0.00285867  
40, 1.92166, -23.8406, 180.7, 0.999923, 0.00255641, 0.012155, -0.00199888, 0.998955, -0.0456612, -0.012259, 0.0456334, 0.998883, 0.00283981  
41, 1.91469, -23.8732, 180.683, 0.999927, 0.00245177, 0.0118717, -0.00190244, 0.998937, -0.0460645, -0.011972, 0.0460385, 0.998868, 0.00283842  
42, 2.07649, -23.7534, 180.919, 0.999928, 0.00743732, 0.00940093, -0.00684459, 0.998079, -0.0615824, -0.00984088, 0.0615136, 0.998058, 0.00305478  
43, 2.13232, -23.7314, 181.069, 0.999912, 0.0115339, 0.00656565, -0.0110267, 0.997297, -0.072642, -0.00738575, 0.0725632, 0.997336, 0.00282011  
44, 2.14471, -23.7345, 181.044, 0.999908, 0.0116902, 0.00693016, -0.0111573, 0.997306, -0.0725032, -0.00775906, 0.0724192, 0.997344, 0.0028448  
45, 2.10367, -23.7823, 181.061, 0.999919, 0.0108026, 0.00668459, -0.0102845, 0.997264, -0.0732051, -0.0074571, 0.0731305, 0.997295, 0.00283842  
46, 2.07423, -23.8408, 181.045, 0.999931, 0.00987036, 0.00641357, -0.0093859, 0.997388, -0.0716181, -0.00710372, 0.071553, 0.997412, 0.00297489  
47, 2.10437, -23.8489, 181.043, 0.999913, 0.0110358, 0.00721824, -0.0104793, 0.997273, -0.0730551, -0.00800478, 0.0729731, 0.997302, 0.00284757  
48, 2.02498, -23.8804, 181.09, 0.999929, 0.00990174, 0.00655983, -0.00937085, 0.997023, -0.0765377, -0.00729815, 0.0764708, 0.997045, 0.00296934  
49, 2.05814, -23.8847, 181.027, 0.999924, 0.0108349, 0.00593951, -0.0103733, 0.997286, -0.072893, -0.00671317, 0.0728258, 0.997322, 0.00286976  
50, 2.06104, -23.9207, 181.044, 0.999928, 0.0105625, 0.00566576, -0.0101225, 0.997299, -0.0727546, -0.00641892, 0.072692, 0.997334, 0.00282538  
51, 2.03175, -23.924, 181.044, 0.999925, 0.0103994, 0.00654474, -0.00989751, 0.997317, -0.0725334, -0.00728148, 0.0724631, 0.997345, 0.00284452  
52, 1.99831, -23.9384, 181.038, 0.99993, 0.0104372, 0.00556077, -0.00999761, 0.997213, -0.0739398, -0.006317, 0.0738791, 0.997247, 0.00298488  
53, 1.99116, -23.9676, 181.063, 0.999926, 0.0107114, 0.00577388, -0.0102518, 0.997169, -0.0744891, -0.00655542, 0.0744244, 0.997205, 0.00297295  
54, 2.00283, -23.9756, 181.033, 0.999907, 0.0111769, 0.00787576, -0.0105775, 0.997318, -0.0724233, -0.0086641, 0.0723332, 0.997343, 0.00293523  
55, 1.9921, -24.004, 181.032, 0.999913, 0.0109665, 0.0073067, -0.010406, 0.997294, -0.0727824, -0.0080851, 0.0727, 0.997321, 0.00291609  
56, 1.99408, -23.9933, 181.026, 0.999925, 0.0102046, 0.00673572, -0.0096934, 0.997358, -0.0719954, -0.00745261, 0.0719247, 0.997382, 0.00301456  
57, 1.98675, -24.0399, 181.032, 0.999917, 0.0109121, 0.00678306, -0.0103923, 0.997319, -0.072439, -0.00755534, 0.0723626, 0.99735, 0.00297822  
58, 1.99748, -24.0273, 181.025, 0.999926, 0.0104736, 0.00611886, -0.0100007, 0.997297, -0.0727937, -0.00686474, 0.0727271, 0.997328, 0.00295298  
59, 1.97095, -24.0069, 181.008, 0.999913, 0.010849, 0.00749319, -0.0102835, 0.997368, -0.071771, -0.00825211, 0.0716877, 0.997393, 0.00285617  
60, 1.96634, -24.037, 181.046, 0.999921, 0.0111452, 0.00578586, -0.0106869, 0.997203, -0.0739758, -0.00659415, 0.0739082, 0.997243, 0.00290499  
61, 1.98209, -24.0502, 181.021, 0.999919, 0.0104726, 0.00722501, -0.00993317, 0.997424, -0.0710404, -0.00795038, 0.0709628, 0.997447, 0.00299015  
62, 1.96508, -24.0198, 181.042, 0.999914, 0.0109261, 0.00718824, -0.0103738, 0.99729, -0.0728328, -0.00796454, 0.072752, 0.997318, 0.00300374  
63, 1.9506, -24.0032, 181.041, 0.999919, 0.0111505, 0.00608881, -0.0106712, 0.997219, -0.0737594, -0.00689433, 0.0736885, 0.997257, 0.00301899  
64, 1.9581, -24.0315, 181.061, 0.999917, 0.0107931, 0.00710641, -0.0102449, 0.997271, -0.0731117, -0.00787612, 0.0730328, 0.997298, 0.00286893  
65, 1.96526, -24.0026, 181.037, 0.999925, 0.0100217, 0.00710737, -0.0094875, 0.99739, -0.0715755, -0.00780612, 0.0715026, 0.99741, 0.00295381  
66, 1.98205, -23.9423, 181.104, 0.999917, 0.0117402, 0.0053588, -0.0112957, 0.997002, -0.0765511, -0.00624145, 0.0764841, 0.997051, 0.00429022  
67, 1.99476, -23.9579, 181.064, 0.999922, 0.0109243, 0.00601799, -0.0104461, 0.99717, -0.0744556, -0.00681433, 0.0743869, 0.997206, 0.00381674  
68, 1.98666, -23.9382, 181.022, 0.99992, 0.0104944, 0.00708228, -0.00995616, 0.997342, -0.0721756, -0.0078209, 0.0720993, 0.997367, 0.00293301  
69, 1.96652, -23.9434, 181.018, 0.99992, 0.00980289, 0.00804289, -0.00920211, 0.99739, -0.0716082, -0.00872386, 0.0715285, 0.9974, 0.0028423  
70, 2.01626, -23.9131, 181.048, 0.999931, 0.0101212, 0.00602458, -0.00965503, 0.99729, -0.07293, -0.00674639, 0.0728667, 0.997319, 0.00296796  
71, 2.04595, -23.8676, 180.994, 0.999923, 0.0110195, 0.00571353, -0.0105797, 0.997349, -0.0719956, -0.00649174, 0.0719296, 0.997389, 0.0029466  
72, 2.03405, -23.856, 181.049, 0.999928, 0.0103923, 0.00591629, -0.00992806, 0.99723, -0.0737162, -0.00666598, 0.0736522, 0.997262, 0.00299708  
73, 2.07203, -23.8225, 181.067, 0.999919, 0.0113547, 0.00575891, -0.010894, 0.997159, -0.0745345, -0.00658887, 0.0744658, 0.997202, 0.00296879  
74, 2.07857, -23.8407, 181.07, 0.999921, 0.0111281, 0.00590622, -0.0106736, 0.997341, -0.0720856, -0.00669269, 0.0720169, 0.997381, 0.00289528  
75, 2.11416, -23.7827, 181.058, 0.999922, 0.0108545, 0.00612732, -0.0103806, 0.997301, -0.0726855, -0.00689974, 0.0726162, 0.997336, 0.00291525  
76, 2.1102, -23.7745, 181.06, 0.999916, 0.0104615, 0.00771295, -0.00987855, 0.997349, -0.0720909, -0.00844668, 0.0720086, 0.997368, 0.00290998  
77, 2.13334, -23.7253, 181.088, 0.999918, 0.0111086, 0.00644479, -0.0106076, 0.997263, -0.0731647, -0.00723991, 0.0730903, 0.997299, 0.00326475  
78, 2.13413, -23.7408, 181.022, 0.999903, 0.010461, 0.00916842, -0.00980252, 0.997559, -0.069137, -0.00986929, 0.0690405, 0.997565, 0.00286061  
79, 2.15426, -23.6839, 181.049, 0.99991, 0.0113414, 0.0071002, -0.0107949, 0.99729, -0.0727785, -0.00790636, 0.0726953, 0.997323, 0.00290804  
80, 2.16958, -23.6307, 181.053, 0.999913, 0.0108988, 0.00749269, -0.0103168, 0.997223, -0.0737528, -0.0082757, 0.0736691, 0.997248, 0.0029172  
81, 2.21992, -23.6133, 181.093, 0.999905, 0.0122767, 0.00628781, -0.0117741, 0.997148, -0.0745482, -0.00718508, 0.0744671, 0.997198, 0.00285312  
82, 2.2112, -23.6052, 181.054, 0.999906, 0.012202, 0.00631326, -0.0117087, 0.997262, -0.0730169, -0.00718692, 0.0729361, 0.997311, 0.00313189  
83, 1.92358, -23.7422, 180.675, 0.999934, 0.00252431, 0.0112463, -0.00199699, 0.998909, -0.046655, -0.0113518, 0.0466294, 0.998848, 0.00296269  
84, 1.93684, -23.735, 180.705, 0.999928, 0.0020823, 0.0118496, -0.00152573, 0.998904, -0.0467865, -0.011934, 0.046765, 0.998835, 0.00282622  
85, 1.98304, -23.7503, 180.682, 0.999933, 0.00302649, 0.0111318, -0.0025201, 0.998974, -0.0452267, -0.0112572, 0.0451956, 0.998915, 0.00288446  
86, 1.9561, -23.7213, 180.673, 0.999916, 0.00287006, 0.0126168, -0.00230911, 0.999018, -0.0442524, -0.0127314, 0.0442196, 0.998941, 0.00297794  
87, 1.96781, -23.6846, 180.72, 0.999935, 0.00242146, 0.0111004, -0.00190614, 0.99893, -0.0462017, -0.0112004, 0.0461776, 0.99887, 0.00302926  
88, 2.00666, -23.6902, 180.731, 0.999931, 0.00293362, 0.01138, -0.00240494, 0.99893, -0.0461959, -0.0115034, 0.0461653, 0.998868, 0.00292746  
89, 1.98853, -23.6635, 180.723, 0.999926, 0.00274309, 0.0118818, -0.00220078, 0.998966, -0.0454164, -0.0119941, 0.0453869, 0.998897, 0.00281845  
90, 2.30287, -23.4265, 181.119, 0.999918, 0.0116792, 0.00518964, -0.0112686, 0.997259, -0.0731238, -0.00602945, 0.0730593, 0.997309, 0.00281013  
91, 2.30263, -23.4559, 181.095, 0.999912, 0.0120225, 0.00560683, -0.0115781, 0.997228, -0.0734967, -0.00647491, 0.0734253, 0.99728, 0.00288169  
92, 2.33716, -23.4345, 181.079, 0.999909, 0.0124302, 0.00527438, -0.0120104, 0.997238, -0.0732931, -0.00617086, 0.0732231, 0.997296, 0.00302787  
93, 2.3144, -23.4546, 181.082, 0.999911, 0.011998, 0.0058172, -0.0115483, 0.997338, -0.0719911, -0.00666547, 0.0719175, 0.997388, 0.0029405  
94, 2.30138, -23.4051, 181.077, 0.99991, 0.0124378, 0.00505767, -0.0120299, 0.99719, -0.0739483, -0.00596321, 0.0738808, 0.997249, 0.00283925  
95, 2.29115, -23.4611, 181.067, 0.99991, 0.0119974, 0.00607254, -0.0115282, 0.997326, -0.0721614, -0.00692205, 0.0720849, 0.997374, 0.0029122  
96, 2.29685, -23.4513, 181.085, 0.999909, 0.0121821, 0.00579319, -0.0117244, 0.997236, -0.0733735, -0.00667102, 0.0732989, 0.997288, 0.00306448  
97, 2.29892, -23.4539, 181.106, 0.99991, 0.0121001, 0.00586949, -0.0116357, 0.997222, -0.0735664, -0.00674335, 0.0734915, 0.997273, 0.00306421  
98, 2.28661, -23.4673, 181.14, 0.999914, 0.0120018, 0.00532481, -0.0115749, 0.997189, -0.0740293, -0.00619833, 0.0739613, 0.997242, 0.00297323  
99, 2.25652, -23.4481, 181.076, 0.999909, 0.0118527, 0.0065109, -0.0113516, 0.997322, -0.0722497, -0.00734982, 0.0721692, 0.997365, 0.00286366  
100, 2.00968, -23.6808, 180.732, 0.999929, 0.00256784, 0.0115961, -0.00202342, 0.998906, -0.0467185, -0.0117034, 0.0466918, 0.998841, 0.00282732  
101, 1.99738, -23.667, 180.75, 0.99993, 0.0027084, 0.0115186, -0.00216005, 0.998876, -0.0473546, -0.0116339, 0.0473264, 0.998812, 0.00297406  
102, 2.30861, -23.4829, 181.134, 0.999911, 0.0123717, 0.00506527, -0.0119505, 0.997028, -0.0761116, -0.00599185, 0.0760442, 0.997086, 0.00304673  
103, 2.25678, -23.5035, 181.09, 0.999905, 0.0124398, 0.00598354, -0.0119676, 0.997234, -0.073361, -0.00687958, 0.0732824, 0.997287, 0.00297156  
104, 1.94958, -23.7434, 180.706, 0.999933, 0.00266727, 0.0112893, -0.00212624, 0.998861, -0.0476676, -0.0114036, 0.0476404, 0.998799, 0.00282927  
105, 2.12307, -23.6796, 180.898, 0.99992, 0.00806062, 0.00972778, -0.00744895, 0.998088, -0.0613562, -0.0102038, 0.0612789, 0.998069, 0.00293384  
106, 2.21448, -23.5822, 181.088, 0.999914, 0.0116458, 0.00597507, -0.0111785, 0.997266, -0.0730517, -0.00680947, 0.0729786, 0.99731, 0.00306365  
107, 2.18838, -23.5828, 181.092, 0.999901, 0.0119032, 0.00749746, -0.0113224, 0.99725, -0.0732396, -0.00834862, 0.0731475, 0.997286, 0.0029993  
108, 1.93208, -23.8105, 180.711, 0.999933, 0.00219993, 0.011369, -0.00167348, 0.998935, -0.0461102, -0.0114583, 0.0460881, 0.998872, 0.00294993  
109, 1.89712, -23.843, 180.709, 0.999933, 0.00171731, 0.0114297, -0.00117425, 0.998878, -0.0473519, -0.0114982, 0.0473353, 0.998813, 0.00287087  
110, 1.88627, -23.8739, 180.698, 0.999929, 0.00225216, 0.0117129, -0.00170603, 0.99892, -0.0464291, -0.0118049, 0.0464059, 0.998853, 0.00291248  
111, 1.88781, -23.8943, 180.709, 0.999933, 0.00148529, 0.0114623, -0.00095151, 0.998921, -0.0464339, -0.0115189, 0.0464199, 0.998856, 0.00301372  
112, 2.14072, -23.718, 181.072, 0.999918, 0.0113036, 0.00609685, -0.0108261, 0.997246, -0.0733728, -0.00690944, 0.0733007, 0.997286, 0.00304202  
113, 2.13947, -23.7588, 181.077, 0.999919, 0.011215, 0.00607711, -0.0107415, 0.997272, -0.0730245, -0.0068795, 0.0729533, 0.997312, 0.00303203  
114, 2.11732, -23.79, 181.047, 0.99992, 0.010645, 0.0068904, -0.0101077, 0.997221, -0.0738048, -0.0076569, 0.0737292, 0.997249, 0.00280985  
115, 2.07301, -23.8117, 181.031, 0.999925, 0.010595, 0.00610935, -0.0101189, 0.997258, -0.073305, -0.00686927, 0.0732377, 0.997291, 0.00300901  
116, 1.82008, -24.0183, 180.643, 0.999936, 0.00189008, 0.01119, -0.00136098, 0.998889, -0.0471032, -0.0112666, 0.047085, 0.998827, 0.00300041  
117, 1.79729, -24.0186, 180.652, 0.999934, 0.00207064, 0.0112816, -0.00153403, 0.998876, -0.047368, -0.011367, 0.0473476, 0.998814, 0.00313938  
118, 1.79892, -24.0344, 180.664, 0.999932, 0.00212093, 0.0115105, -0.00157508, 0.998883, -0.0472254, -0.0115978, 0.0472041, 0.998818, 0.00307502  
119, 1.80698, -24.0789, 180.693, 0.999941, 0.00186999, 0.010664, -0.0013571, 0.998851, -0.0479007, -0.0107414, 0.0478834, 0.998795, 0.00283481  
120, 1.76784, -24.0807, 180.644, 0.999935, 0.00208259, 0.0112101, -0.00155429, 0.998897, -0.0469315, -0.0112955, 0.0469111, 0.998835, 0.00292136  
121, 1.78599, -24.0869, 180.688, 0.999939, 0.00277142, 0.0107308, -0.00224527, 0.998809, -0.048737, -0.0108531, 0.04871, 0.998754, 0.00304202  
122, 2.02711, -23.923, 181.05, 0.999921, 0.0111387, 0.00589892, -0.0106726, 0.99721, -0.0738771, -0.00670535, 0.0738083, 0.99725, 0.00308168  
123, 2.0043, -23.928, 181.076, 0.999926, 0.0105985, 0.00603026, -0.0101207, 0.997178, -0.0743905, -0.00680167, 0.0743239, 0.997211, 0.0030925  
124, 1.98739, -23.9574, 181.059, 0.999932, 0.0100847, 0.00585161, -0.00962664, 0.997239, -0.0736259, -0.00657795, 0.0735646, 0.997269, 0.00287476  
125, 2.00501, -23.9615, 181.049, 0.999923, 0.010599, 0.00643899, -0.0101039, 0.997311, -0.0725858, -0.00719101, 0.0725152, 0.997341, 0.00282594  
126, 1.99989, -23.9986, 181.026, 0.999916, 0.0109897, 0.00683713, -0.0104622, 0.997284, -0.0729012, -0.00761973, 0.0728236, 0.997316, 0.0029932  
127, 1.97676, -23.9794, 181.027, 0.999923, 0.0103637, 0.00688644, -0.00983074, 0.997256, -0.0733688, -0.00762792, 0.0732954, 0.997281, 0.00300762  
128, 2.00889, -23.9442, 181.065, 0.999923, 0.0112463, 0.00532532, -0.0108164, 0.997137, -0.0748451, -0.0061518, 0.0747817, 0.997181, 0.0031513  
129, 1.99881, -24.0026, 181.069, 0.999919, 0.0106056, 0.0070109, -0.010057, 0.997198, -0.0741262, -0.00777741, 0.0740497, 0.997224, 0.00284813  
130, 1.97994, -23.9619, 181.011, 0.999913, 0.0110032, 0.00724118, -0.0104427, 0.997252, -0.0733492, -0.00802836, 0.0732672, 0.99728, 0.00282483  
131, 2.01812, -23.9703, 181.039, 0.999921, 0.0108525, 0.00641368, -0.0103486, 0.997207, -0.0739708, -0.00719853, 0.0738985, 0.99724, 0.0031416  
132, 2.01909, -23.948, 181.061, 0.999929, 0.0105053, 0.00565725, -0.0100609, 0.99724, -0.0735627, -0.00641444, 0.0735005, 0.997275, 0.00298432  
133, 2.02988, -23.9771, 181.035, 0.999921, 0.0101714, 0.00732313, -0.00961598, 0.99734, -0.0722475, -0.00803851, 0.0721715, 0.99736, 0.00294271  
134, 2.00468, -23.9477, 181.036, 0.999922, 0.0108272, 0.00617992, -0.0103371, 0.997169, -0.074478, -0.00696882, 0.0744083, 0.997204, 0.0028473  
135, 2.03368, -23.9243, 181.064, 0.99992, 0.0104216, 0.00715557, -0.00986108, 0.997184, -0.0743454, -0.00791021, 0.0742689, 0.997207, 0.00293883  
136, 2.03481, -23.9074, 181.036, 0.999923, 0.0109458, 0.00582215, -0.0104888, 0.997244, -0.0734505, -0.00661008, 0.0733838, 0.997282, 0.00313632  
137, 2.05821, -23.9253, 181.026, 0.999927, 0.0102201, 0.0065221, -0.00972196, 0.997335, -0.0723071, -0.0072437, 0.0722384, 0.997361, 0.00297766  
138, 2.05652, -23.8489, 181.058, 0.999929, 0.0105239, 0.00563041, -0.0100762, 0.99718, -0.0743696, -0.00639719, 0.0743076, 0.997215, 0.002938  
139, 2.08631, -23.8275, 181.033, 0.999923, 0.0109554, 0.0057423, -0.0105099, 0.997307, -0.0725873, -0.00652206, 0.0725213, 0.997346, 0.00291747  
140, 2.09701, -23.8376, 181.028, 0.999915, 0.0117745, 0.00558789, -0.0113325, 0.997234, -0.0734571, -0.00643736, 0.0733875, 0.997283, 0.00286644  
141, 2.08132, -23.838, 181.027, 0.999927, 0.00982224, 0.00698195, -0.00929723, 0.997389, -0.0716185, -0.00766717, 0.0715483, 0.997408, 0.00310942  
142, 2.1081, -23.819, 181.038, 0.999925, 0.010171, 0.00684049, -0.00966249, 0.997454, -0.070655, -0.00754171, 0.0705836, 0.997477, 0.00305172  
143, 2.15482, -23.8004, 181.044, 0.99991, 0.0106988, 0.00810732, -0.0100941, 0.997406, -0.071267, -0.00884876, 0.0711788, 0.997424, 0.00291331  
144, 2.13825, -23.7536, 181.049, 0.99991, 0.0115029, 0.00685161, -0.010975, 0.997297, -0.0726472, -0.00766874, 0.0725655, 0.997334, 0.00288308  
145, 2.15189, -23.7055, 181.059, 0.999921, 0.0110748, 0.00590806, -0.0106125, 0.997257, -0.0732457, -0.00670304, 0.0731772, 0.997296, 0.00281068  
146, 2.15612, -23.7188, 181.051, 0.999916, 0.0106696, 0.00730668, -0.0101117, 0.997313, -0.0725511, -0.00806114, 0.0724712, 0.997338, 0.0029086  
147, 2.14738, -23.7126, 181.035, 0.99991, 0.0108856, 0.0078143, -0.0102979, 0.997374, -0.0716803, -0.00857407, 0.0715934, 0.997397, 0.00302926  
148, 2.16147, -23.6654, 181.032, 0.999915, 0.0110844, 0.0069343, -0.0105558, 0.997341, -0.0721106, -0.00771516, 0.0720312, 0.997373, 0.00306504  
149, 2.1521, -23.6273, 181.117, 0.999914, 0.0112104, 0.00687092, -0.0106676, 0.997164, -0.074506, -0.00768668, 0.0744262, 0.997197, 0.00285562  
150, 2.17638, -23.625, 181.084, 0.999908, 0.0119356, 0.00649123, -0.01142, 0.997164, -0.0743828, -0.00736063, 0.0743018, 0.997209, 0.00287115  
151, 2.19478, -23.5962, 181.091, 0.999901, 0.012328, 0.00676303, -0.011796, 0.997208, -0.0737428, -0.00765324, 0.0736557, 0.997254, 0.00285312  
152, 2.18961, -23.5737, 181.095, 0.999899, 0.0123133, 0.00714481, -0.0117387, 0.997074, -0.0755414, -0.00805406, 0.0754499, 0.997117, 0.00315824  
153, 2.20567, -23.5828, 181.108, 0.999909, 0.0111579, 0.00762093, -0.0105644, 0.997208, -0.0739243, -0.0084245, 0.073837, 0.997235, 0.00288446  
154, 2.21333, -23.5489, 181.075, 0.999902, 0.0121251, 0.00700539, -0.0115726, 0.997179, -0.0741581, -0.00788481, 0.0740698, 0.997222, 0.00290305  
155, 2.20681, -23.54, 181.126, 0.999907, 0.0118658, 0.00673349, -0.0113334, 0.997175, -0.0742549, -0.00759557, 0.0741717, 0.997217, 0.00292274  
156, 2.24733, -23.5149, 181.112, 0.999901, 0.0128312, 0.00583177, -0.012349, 0.997008, -0.0763064, -0.00679342, 0.0762268, 0.997067, 0.00301206  
157, 2.23573, -23.5415, 181.121, 0.999908, 0.0119001, 0.00647173, -0.011361, 0.996906, -0.0777745, -0.00737724, 0.0776938, 0.99695, 0.00301816  
158, 2.21008, -23.584, 181.084, 0.999907, 0.0117735, 0.00687913, -0.0112134, 0.99701, -0.0764538, -0.00775869, 0.0763696, 0.997049, 0.00293744  
159, 2.24623, -23.567, 181.111, 0.999907, 0.0125131, 0.00543475, -0.0120457, 0.996812, -0.0788673, -0.0064043, 0.0787945, 0.99687, 0.00294993  
160, 2.22237, -23.6169, 181.11, 0.999911, 0.0116138, 0.00663487, -0.0110552, 0.99683, -0.078789, -0.00752888, 0.0787086, 0.996869, 0.00293855  
161, 2.2607, -23.6661, 181.105, 0.999901, 0.0123712, 0.00665624, -0.0117998, 0.996729, -0.0799459, -0.0076235, 0.0798594, 0.996777, 0.00292968  
162, 2.28021, -23.6484, 181.114, 0.999896, 0.0132793, 0.00564001, -0.0127706, 0.996529, -0.0822574, -0.00671276, 0.0821768, 0.996595, 0.00294798  
163, 2.22153, -23.7245, 181.095, 0.9999, 0.0125949, 0.0064783, -0.0120266, 0.996615, -0.0813201, -0.00748059, 0.0812341, 0.996667, 0.00304118  
164, 2.22772, -23.8037, 181.062, 0.999894, 0.0129651, 0.00667339, -0.0123729, 0.996538, -0.0822108, -0.00771616, 0.0821195, 0.996593, 0.00288086  
165, 2.25885, -23.8405, 181.074, 0.999897, 0.0127466, 0.00658229, -0.01215, 0.996403, -0.0838688, -0.00762765, 0.0837802, 0.996455, 0.00300096  
166, 2.2196, -23.8889, 181.118, 0.999907, 0.0114811, 0.0074015, -0.0108235, 0.996451, -0.0834788, -0.00833366, 0.0833909, 0.996482, 0.00295936  
167, 2.22823, -23.9338, 181.123, 0.999912, 0.0120935, 0.00551955, -0.011564, 0.996093, -0.0875555, -0.00655683, 0.087484, 0.996144, 0.00300707  
168, 2.23295, -23.9372, 181.15, 0.999909, 0.0124549, 0.00512481, -0.0119378, 0.99579, -0.0908875, -0.00623523, 0.0908181, 0.995848, 0.00309749  
169, 2.20867, -23.9783, 181.12, 0.999894, 0.0130445, 0.00642524, -0.0124116, 0.99584, -0.0902649, -0.00757598, 0.0901756, 0.995897, 0.00303924  
170, 2.18843, -24.0653, 181.183, 0.999896, 0.0128222, 0.00656673, -0.0121574, 0.995607, -0.0928429, -0.00772833, 0.0927534, 0.995659, 0.0029416  
171, 2.1762, -24.0774, 181.155, 0.999883, 0.0133323, 0.00747106, -0.0125779, 0.995562, -0.0932598, -0.00868127, 0.0931549, 0.995614, 0.00292274  
172, 2.17146, -24.1256, 181.139, 0.999881, 0.0135603, 0.00735414, -0.012801, 0.995398, -0.0949714, -0.00860813, 0.0948659, 0.995453, 0.00314714  
173, 2.14416, -24.1223, 181.157, 0.999885, 0.0135163, 0.00687162, -0.0127839, 0.995173, -0.0972973, -0.00815356, 0.0971983, 0.995232, 0.00286949  
174, 2.14778, -24.1291, 181.195, 0.999874, 0.0145402, 0.00642964, -0.0138137, 0.99475, -0.101396, -0.00787021, 0.101295, 0.994825, 0.0029968  
175, 2.17522, -24.1215, 181.186, 0.999878, 0.0145161, 0.00574765, -0.0138415, 0.994504, -0.103778, -0.00722251, 0.103686, 0.994584, 0.00309777  
176, 2.15362, -24.1308, 181.196, 0.99989, 0.0137572, 0.00555564, -0.013106, 0.994506, -0.103854, -0.00695385, 0.103769, 0.994577, 0.00299264  
177, 2.15825, -24.1589, 181.191, 0.999897, 0.0132725, 0.00537795, -0.0126337, 0.994376, -0.105151, -0.00674333, 0.105073, 0.994442, 0.00302593  
178, 2.145, -24.1353, 181.183, 0.999885, 0.0137541, 0.00641491, -0.012982, 0.994078, -0.107894, -0.00786092, 0.107799, 0.994142, 0.00300096  
179, 2.19116, -24.0637, 181.216, 0.999889, 0.0141928, 0.00446355, -0.0136114, 0.993757, -0.110735, -0.00600733, 0.110662, 0.99384, 0.00291969  
180, 1.94408, -24.1903, 180.915, 0.999931, 0.00608485, 0.0100782, -0.00513306, 0.995754, -0.0919121, -0.0105947, 0.091854, 0.995716, 0.00297323  
181, 2.19947, -23.9705, 181.216, 0.999883, 0.0143979, 0.00525917, -0.0136994, 0.993298, -0.114766, -0.00687631, 0.11468, 0.993379, 0.00302177  
182, 1.94398, -24.1077, 180.901, 0.999917, 0.00726, 0.0106753, -0.00618913, 0.995252, -0.0971324, -0.0113298, 0.0970582, 0.995214, 0.00299847  
183, 2.26638, -23.7769, 181.151, 0.999881, 0.0144885, 0.00534724, -0.0137588, 0.992956, -0.117686, -0.00701466, 0.117598, 0.993037, 0.00297739  
184, 2.28122, -23.6932, 181.133, 0.999883, 0.0138755, 0.00649873, -0.013012, 0.992927, -0.118007, -0.00809018, 0.117909, 0.992991, 0.00283842  
185, 2.33214, -23.5225, 181.096, 0.999874, 0.01455, 0.00628695, -0.0136832, 0.992565, -0.120942, -0.00799992, 0.120841, 0.99264, 0.00289417  
186, 2.34683, -23.5072, 181.063, 0.999874, 0.0146662, 0.00600934, -0.0138003, 0.992061, -0.124994, -0.00779482, 0.124896, 0.992139, 0.00302066  
187, 2.32186, -23.5341, 180.933, 0.999905, 0.0110129, 0.00824594, -0.00994576, 0.992744, -0.119835, -0.00950584, 0.119742, 0.99276, 0.00318792  
188, 2.39906, -23.311, 180.951, 0.999885, 0.0108936, 0.0105165, -0.0095591, 0.992785, -0.119526, -0.0117427, 0.119412, 0.992775, 0.00301788  
189, 2.42431, -23.0991, 180.922, 0.999893, 0.00972128, 0.0108982, -0.00834308, 0.992732, -0.120059, -0.0119861, 0.119956, 0.992707, 0.00309832  
190, 2.51016, -22.9675, 180.898, 0.999865, 0.0106605, 0.0124757, -0.00903181, 0.992239, -0.124013, -0.0137009, 0.123884, 0.992202, 0.00310914  
191, 2.59606, -22.8159, 180.847, 0.999883, 0.00959386, 0.0118994, -0.00801816, 0.991993, -0.126041, -0.0130133, 0.125931, 0.991954, 0.00295353  
192, 2.75895, -22.5189, 180.973, 0.999839, 0.0136273, 0.011677, -0.0118804, 0.990299, -0.138444, -0.0134504, 0.138283, 0.990301, 0.00322203  
193, 2.8216, -22.3104, 180.903, 0.999827, 0.0130937, 0.013232, -0.0111219, 0.990168, -0.139439, -0.0149277, 0.139267, 0.990142, 0.00291137  
194, 2.91631, -21.942, 180.928, 0.99983, 0.0136001, 0.0124121, -0.0117152, 0.989941, -0.140996, -0.0142048, 0.140826, 0.989932, 0.00305006  
195, 3.00113, -21.5753, 180.899, 0.999796, 0.0133052, 0.0152199, -0.0110449, 0.990091, -0.139991, -0.0169317, 0.139794, 0.990036, 0.00292912  
196, 3.13238, -21.1982, 180.928, 0.999796, 0.0142983, 0.0142694, -0.0121075, 0.989607, -0.143288, -0.0161699, 0.143086, 0.989578, 0.00306643  
197, 3.18139, -20.8255, 180.961, 0.999763, 0.015061, 0.0157285, -0.0126339, 0.98944, -0.144391, -0.017737, 0.144158, 0.989396, 0.00312523  
198, 3.20424, -20.4037, 180.935, 0.999756, 0.0152376, 0.0159788, -0.0127114, 0.988944, -0.147745, -0.0180535, 0.147506, 0.988896, 0.00306116  
199, 3.23039, -19.845, 180.947, 0.999723, 0.0153838, 0.0177889, -0.012592, 0.988967, -0.147597, -0.0198633, 0.147332, 0.988888, 0.00302815  
200, 3.19945, -19.3297, 180.934, 0.999739, 0.0156225, 0.0166559, -0.0129557, 0.988651, -0.149669, -0.0188051, 0.149414, 0.988596, 0.00292413  
201, 3.14312, -18.7919, 180.903, 0.999728, 0.015528, 0.0173881, -0.0127527, 0.988653, -0.149675, -0.019515, 0.149413, 0.988582, 0.00300069  
202, 3.02023, -18.1548, 180.908, 0.999748, 0.0163447, 0.0153672, -0.0138264, 0.988331, -0.151695, -0.0176673, 0.151444, 0.988308, 0.00310415  
203, 2.90551, -17.4388, 180.905, 0.999786, 0.0171194, 0.0116418, -0.0151313, 0.988038, -0.153463, -0.0141298, 0.153254, 0.988086, 0.00298543  
204, 2.71242, -16.686, 180.88, 0.999792, 0.0170755, 0.0111884, -0.0151635, 0.988107, -0.153021, -0.0136683, 0.15282, 0.98816, 0.00281651  
205, 2.57485, -15.9961, 180.845, 0.999821, 0.0168236, 0.00866125, -0.0152754, 0.987754, -0.155273, -0.0111674, 0.155113, 0.987834, 0.002786  
206, 2.31392, -15.3472, 180.83, 0.99981, 0.0176928, 0.00822969, -0.0161573, 0.987108, -0.159239, -0.010941, 0.159075, 0.987206, 0.00289972  
207, 2.13973, -14.452, 180.865, 0.999828, 0.0169821, 0.00744518, -0.0156113, 0.987601, -0.156207, -0.0100056, 0.156064, 0.987696, 0.00283315  
208, 1.95036, -13.7407, 180.904, 0.99981, 0.0167983, 0.0099019, -0.0150724, 0.987936, -0.15413, -0.0123716, 0.153951, 0.988001, 0.00292025  
209, 1.7941, -13.0717, 181.022, 0.999843, 0.0140182, 0.0108638, -0.0121272, 0.987373, -0.157948, -0.0129408, 0.157792, 0.987388, 0.00282594  
210, 1.64867, -12.1139, 180.949, 0.999828, 0.0152946, 0.0104513, -0.0135055, 0.988003, -0.153845, -0.0126789, 0.153677, 0.98804, 0.00282927  
211, 1.4675, -11.2122, 181.016, 0.999833, 0.0150765, 0.0103563, -0.0132692, 0.987568, -0.156631, -0.012589, 0.156467, 0.987603, 0.00293467  
212, 1.24233, -10.2003, 181.008, 0.99979, 0.0152283, 0.0137158, -0.0129154, 0.987788, -0.155267, -0.0159128, 0.155058, 0.987777, 0.00294549  
213, 1.11864, -9.1525, 180.986, 0.999835, 0.0149954, 0.0102946, -0.0132073, 0.987676, -0.155952, -0.0125063, 0.15579, 0.987711, 0.00290222  
214, 0.862673, -7.98485, 180.937, 0.99987, 0.014108, 0.00774943, -0.0127677, 0.988314, -0.151898, -0.00980185, 0.151779, 0.988366, 0.00289001  
215, 0.529029, -6.88918, 180.739, 0.99987, 0.0103128, 0.0124147, -0.00857429, 0.991113, -0.132746, -0.0136734, 0.132623, 0.991072, 0.00283731  
216, 0.467355, -5.42274, 180.894, 0.999875, 0.0150421, 0.00482247, -0.0141743, 0.989124, -0.146396, -0.00697213, 0.14631, 0.989214, 0.00294632  
217, 0.205131, -4.13479, 180.963, 0.999887, 0.0147383, 0.00298116, -0.014144, 0.989151, -0.146221, -0.00510386, 0.146162, 0.989247, 0.00291803  
218, -0.0744564, -2.92884, 180.951, 0.999885, 0.0151097, 0.00145631, -0.0147436, 0.98951, -0.143712, -0.00361248, 0.143674, 0.989619, 0.00284064  
219, -0.401946, -1.72535, 180.849, 0.999922, 0.0115594, 0.0047808, -0.010815, 0.990929, -0.133954, -0.00628587, 0.133892, 0.990976, 0.00286505  
220, -0.790297, -0.193026, 181.017, 0.999903, 0.0138961, 0.00127653, -0.013579, 0.98999, -0.140484, -0.00321594, 0.140453, 0.990082, 0.00282705  
221, -1.15392, 1.26424, 180.961, 0.999937, 0.0111512, 0.000939376, -0.0109322, 0.991331, -0.130931, -0.00239127, 0.130913, 0.991391, 0.00291026  
222, -1.53162, 2.66929, 180.971, 0.999903, 0.0139305, -0.000372583, -0.0138507, 0.990517, -0.136687, -0.00153507, 0.136679, 0.990614, 0.00295076  
223, -1.8469, 4.05858, 180.953, 0.999886, 0.0147651, -0.00309051, -0.0150471, 0.990744, -0.134906, 0.00107, 0.134937, 0.990854, 0.00292441  
224, -2.12346, 5.57731, 180.979, 0.999878, 0.0148902, -0.0047077, -0.0153843, 0.990988, -0.133066, 0.0026839, 0.133122, 0.991096, 0.00287226  
225, -2.47622, 7.02554, 181.081, 0.999903, 0.0138682, -0.00096727, -0.0138766, 0.991481, -0.129506, -0.000836983, 0.129507, 0.991578, 0.00288946  
226, -2.67522, 8.59795, 181.155, 0.999904, 0.0138485, -0.000746371, -0.0138296, 0.991614, -0.12849, -0.00103928, 0.128488, 0.991711, 0.00292635  
227, -2.91209, 10.2574, 181.209, 0.999891, 0.0145257, -0.00245563, -0.0147187, 0.992045, -0.125018, 0.000620119, 0.125041, 0.992151, 0.00294549  
228, -3.13494, 11.9406, 181.221, 0.999906, 0.0135342, -0.00234882, -0.0137192, 0.992525, -0.121269, 0.000689981, 0.12129, 0.992617, 0.00298654  
229, -3.34391, 13.5285, 181.174, 0.999891, 0.014538, -0.00270845, -0.0147575, 0.992727, -0.119477, 0.0009518, 0.119504, 0.992833, 0.00286089  
230, -3.57064, 15.2122, 181.289, 0.999902, 0.0137846, -0.0025422, -0.0139903, 0.992642, -0.120273, 0.00086557, 0.120297, 0.992738, 0.00284452  
231, -3.73897, 16.901, 181.251, 0.999939, 0.00944537, -0.00572486, -0.0100395, 0.993358, -0.114625, 0.00460416, 0.114675, 0.993392, 0.0029416  
232, -3.92971, 18.5948, 181.241, 0.999944, 0.00815221, -0.0067636, -0.00883404, 0.994132, -0.107808, 0.00584504, 0.107862, 0.994149, 0.00294077  
233, -4.18518, 20.3199, 181.328, 0.999956, 0.00724656, -0.00596881, -0.00784654, 0.99417, -0.10754, 0.00515472, 0.107582, 0.994183, 0.00299874  
234, -4.39618, 21.9297, 181.301, 0.9999, 0.00780053, -0.0118135, -0.00901527, 0.994268, -0.106535, 0.0109148, 0.106631, 0.994239, 0.00283842  
235, -4.74395, 23.6602, 181.323, 0.999894, 0.0105372, -0.0100492, -0.0115308, 0.994451, -0.104567, 0.00889156, 0.104672, 0.994467, 0.00291914  
236, -4.95586, 25.3201, 181.285, 0.999872, 0.0114463, -0.0112159, -0.0125221, 0.994799, -0.101085, 0.0100005, 0.101212, 0.994815, 0.00298488  
237, -5.23446, 27.0917, 181.201, 0.99988, 0.0103999, -0.0114505, -0.0114163, 0.995637, -0.0926136, 0.0104373, 0.0927332, 0.995636, 0.00303369  
238, -5.5301, 28.7924, 181.165, 0.99987, 0.0106699, -0.0120885, -0.0117153, 0.995873, -0.0900005, 0.0110783, 0.0901305, 0.995868, 0.00295076  
239, -5.9245, 30.6078, 181.124, 0.999846, 0.0110759, -0.0136479, -0.0121651, 0.996518, -0.0824911, 0.0126867, 0.0826444, 0.996498, 0.00289972  
240, -6.2855, 32.466, 181.145, 0.999861, 0.0107096, -0.0127764, -0.0116932, 0.99676, -0.0795754, 0.0118828, 0.0797137, 0.996747, 0.00283259  
241, -6.58453, 34.3287, 181.08, 0.99979, 0.01232, -0.0163796, -0.0135061, 0.997137, -0.0743941, 0.0154162, 0.0745997, 0.997094, 0.00294382  
242, -6.85798, 36.0401, 180.972, 0.999775, 0.00988782, -0.0187817, -0.0112089, 0.997371, -0.0715894, 0.0180245, 0.0717838, 0.997257, 0.00297683  
243, -7.10573, 37.9112, 181.097, 0.999783, 0.00770974, -0.0193341, -0.00903343, 0.997552, -0.0693386, 0.0187522, 0.0694982, 0.997406, 0.00306532  
244, -7.49311, 39.7431, 181.221, 0.999804, 0.00654275, -0.0186617, -0.00778583, 0.9977, -0.0673362, 0.0181782, 0.0674683, 0.997556, 0.00276325  
245, -8.04401, 43.3914, 181.177, 0.999778, 0.00687254, -0.0199046, -0.0080491, 0.998187, -0.0596463, 0.0194586, 0.0597933, 0.998021, 0.00288835  
246, -8.378, 47.0818, 181.133, 0.999696, 0.00810234, -0.0232899, -0.00941342, 0.998344, -0.0567469, 0.0227916, 0.0569488, 0.998117, 0.00270944  
247, -8.52738, 48.8408, 181.083, 0.999681, 0.00673328, -0.0243373, -0.00789229, 0.998824, -0.047845, 0.0239866, 0.0480219, 0.998558, 0.00270583  
248, -8.57348, 50.7369, 181.08, 0.9997, 0.00708838, -0.0234422, -0.008107, 0.999014, -0.0436469, 0.0231097, 0.0438239, 0.998772, 0.00296796  
249, -8.62568, 52.4401, 181.026, 0.999728, 0.00589916, -0.0225853, -0.00678219, 0.999207, -0.0392227, 0.022336, 0.0393651, 0.998975, 0.00306032  
250, -8.68506, 54.3071, 181.115, 0.999717, 0.00647009, -0.022871, -0.00735718, 0.999215, -0.0389177, 0.0226012, 0.039075, 0.998981, 0.00299902  
251, -8.68811, 56.1291, 181.116, 0.999687, 0.00537405, -0.0244192, -0.00631406, 0.999235, -0.0385823, 0.0241932, 0.0387244, 0.998957, 0.00305061  
252, -8.69574, 57.9646, 181.089, 0.999709, 0.00632919, -0.0232853, -0.00716223, 0.999331, -0.0358678, 0.0230427, 0.0360241, 0.999085, 0.00295797  
253, -8.57279, 59.702, 181.109, 0.99969, 0.00548139, -0.0242826, -0.00640179, 0.999258, -0.0379896, 0.0240563, 0.0381333, 0.998983, 0.00273135  
254, -8.46079, 61.4812, 181.095, 0.999772, 0.00430372, -0.0209015, -0.00494699, 0.999513, -0.0308228, 0.0207586, 0.0309192, 0.999306, 0.00284258  
255, -8.47466, 63.0576, 180.939, 0.999815, -0.000672361, -0.0192406, 0.000388932, 0.999891, -0.0147307, 0.0192485, 0.0147205, 0.999706, 0.0028914  
256, -8.38168, 64.8624, 180.996, 0.999818, 0.000339071, -0.0190892, -0.000568546, 0.999928, -0.0120171, 0.0190837, 0.0120258, 0.999746, 0.00304285  
257, -8.39108, 66.397, 180.975, 0.99981, 0.000265627, -0.0194964, -0.000522654, 0.999913, -0.0131794, 0.0194912, 0.0131871, 0.999723, 0.00298099  
258, -8.41828, 68.0055, 180.958, 0.999787, -0.00104115, -0.0206297, 0.000799574, 0.999931, -0.0117148, 0.0206404, 0.0116958, 0.999719, 0.00289001  
259, -8.39339, 69.6097, 181.018, 0.999777, -0.00207498, -0.0209997, 0.00185641, 0.999944, -0.0104224, 0.0210201, 0.0103811, 0.999725, 0.00310332  
260, -8.42786, 71.2674, 181.031, 0.999825, -0.00248671, -0.0185353, 0.00232713, 0.99996, -0.00862635, 0.018556, 0.0085817, 0.999791, 0.00310221  
261, -8.50568, 72.8802, 181, 0.999851, -0.000567885, -0.0172718, 0.000455092, 0.999979, -0.00653374, 0.0172751, 0.0065249, 0.999829, 0.00307086  
262, -8.54141, 74.4834, 180.94, 0.999833, -0.00103246, -0.0182441, 0.000893216, 0.99997, -0.00763872, 0.0182514, 0.00762115, 0.999804, 0.00298987  
263, -8.6489, 76.1582, 180.932, 0.999878, -0.000558779, -0.015639, 0.00051448, 0.999996, -0.00283644, 0.0156405, 0.00282805, 0.999874, 0.00286366  
264, -8.86442, 77.6738, 180.804, 0.999833, -0.00131826, -0.0182182, 0.00120985, 0.999982, -0.00596083, 0.0182257, 0.00593779, 0.999816, 0.003052  
265, -9.00761, 79.2336, 180.703, 0.999733, -0.00367641, -0.0228196, 0.00342796, 0.999935, -0.0109173, 0.0228582, 0.0108362, 0.99968, 0.00329776  
266, -9.14796, 80.8125, 180.578, 0.999712, -0.00602436, -0.0232351, 0.0058739, 0.999961, -0.00653835, 0.0232736, 0.00639999, 0.999709, 0.00294993  
267, -9.13205, 82.433, 180.566, 0.999777, -0.00545266, -0.0203928, 0.00541852, 0.999984, -0.00172919, 0.0204019, 0.00161831, 0.999791, 0.00285811  
268, -9.14923, 84.0165, 180.604, 0.999796, -0.00604284, -0.0192545, 0.00602583, 0.999981, -0.000941587, 0.0192598, 0.000825371, 0.999814, 0.00292995  
269, -9.167, 85.7386, 180.642, 0.999819, -0.00774989, -0.0173796, 0.00778383, 0.999968, 0.00188587, 0.0173644, -0.0020208, 0.999847, 0.00304507  
270, -9.12948, 87.2395, 180.739, 0.999862, -0.00907193, -0.013895, 0.0091241, 0.999952, 0.00369573, 0.0138608, -0.003822, 0.999897, 0.00302537  
271, -9.02603, 88.7824, 180.741, 0.999817, -0.00916286, -0.0167943, 0.00908947, 0.999949, -0.00444093, 0.0168341, 0.00428747, 0.999849, 0.00297933  
272, -8.92248, 90.504, 180.813, 0.999823, -0.00839652, -0.0168628, 0.00836698, 0.999963, -0.00182176, 0.0168774, 0.00168035, 0.999856, 0.00284258  
273, -8.81054, 91.9571, 180.838, 0.999818, -0.00980903, -0.0163722, 0.00974683, 0.999945, -0.00387494, 0.0164093, 0.00371466, 0.999858, 0.0029147  
274, -8.75417, 93.6418, 180.872, 0.999835, -0.0104013, -0.0148748, 0.0104225, 0.999945, 0.00134717, 0.0148599, -0.00150198, 0.999888, 0.00304673  
275, -8.6065, 94.9672, 180.88, 0.999815, -0.0119708, -0.0150451, 0.0119668, 0.999928, -0.000360495, 0.0150483, 0.000180387, 0.999887, 0.00309472  
276, -8.57371, 96.5175, 180.867, 0.999828, -0.0116257, -0.0144355, 0.0116529, 0.99993, 0.00180409, 0.0144135, -0.00197199, 0.999894, 0.00296879  
