0, 24.1633, -4.14714, 179.996, 0.99914, 0.0369105, -0.018904, -0.0384636, 0.995223, -0.0897317, 0.0155017, 0.0903816, 0.995787, 0.042064  
1, 24.3689, -3.98712, 180.186, 0.99884, 0.0430564, -0.0215524, -0.0449366, 0.994357, -0.0960936, 0.0172933, 0.0969507, 0.995139, 0.00270528  
2, 24.1274, -4.13945, 180.013, 0.999107, 0.0377764, -0.0189325, -0.0393036, 0.995334, -0.0881196, 0.0155153, 0.088785, 0.99593, 0.00261624  
3, 24.1313, -4.13216, 180.008, 0.999096, 0.0381429, -0.0187508, -0.0396449, 0.995364, -0.0876248, 0.0153217, 0.088289, 0.995977, 0.00271415  
4, 24.1648, -4.13731, 180.015, 0.999117, 0.0373235, -0.0193037, -0.0388788, 0.995387, -0.0877067, 0.0159411, 0.0883797, 0.995959, 0.00300291  
5, 24.398, -4.04359, 180.157, 0.998899, 0.0417553, -0.0213987, -0.0436227, 0.994437, -0.0958767, 0.0172763, 0.0967046, 0.995163, 0.00305755  
6, 24.1573, -4.12755, 179.984, 0.999107, 0.0375516, -0.01937, -0.0391319, 0.995266, -0.0889622, 0.0159377, 0.0896408, 0.995847, 0.00272053  
7, 24.1494, -4.16235, 179.99, 0.999117, 0.0378904, -0.0181502, -0.0393267, 0.995457, -0.0867084, 0.0147823, 0.0873456, 0.996068, 0.00286616  
8, 24.3932, -4.02822, 180.147, 0.998848, 0.0426662, -0.0219722, -0.0446145, 0.994232, -0.0975317, 0.0176842, 0.0983996, 0.99499, 0.00273107  
9, 24.176, -4.14216, 180.016, 0.999098, 0.0384007, -0.018134, -0.0398626, 0.995264, -0.0886633, 0.0146434, 0.0893062, 0.995897, 0.00297877  
10, 24.3768, -4.04594, 180.168, 0.998912, 0.0416591, -0.0209612, -0.0435059, 0.99432, -0.0971344, 0.0167956, 0.0979407, 0.995051, 0.00314354  
11, 24.3587, -4.00037, 180.191, 0.998829, 0.0432511, -0.0216641, -0.0451671, 0.994202, -0.0975784, 0.0173181, 0.0984427, 0.994992, 0.00274189  
12, 24.3678, -4.01527, 180.177, 0.998879, 0.0426325, -0.0205645, -0.0444256, 0.99434, -0.0965069, 0.0163338, 0.0973123, 0.99512, 0.00284813  
13, 24.3442, -4.04296, 180.178, 0.99888, 0.0424739, -0.0208602, -0.0442878, 0.994397, -0.095988, 0.0166663, 0.0968044, 0.995164, 0.00268226  
14, 24.1616, -4.15146, 180.009, 0.999082, 0.037906, -0.0199552, -0.0395351, 0.995263, -0.088821, 0.0164938, 0.0895284, 0.995848, 0.00293356  
15, 24.3426, -4.01907, 180.145, 0.998875, 0.0427573, -0.0204975, -0.0445207, 0.99447, -0.0951226, 0.0163169, 0.0959281, 0.995255, 0.00305672  
16, 24.1491, -4.14515, 179.993, 0.999086, 0.0384884, -0.0186076, -0.0399823, 0.995317, -0.088007, 0.0151332, 0.0886705, 0.995946, 0.00275354  
17, 24.1802, -4.15095, 179.994, 0.999089, 0.0378447, -0.0197023, -0.0394292, 0.995388, -0.0874587, 0.0163016, 0.0881559, 0.995973, 0.0028595  
18, 24.3865, -4.00375, 180.178, 0.99884, 0.0430887, -0.021502, -0.0449868, 0.994226, -0.0974169, 0.0171802, 0.0982712, 0.995011, 0.00280402  
19, 24.1217, -4.14875, 179.993, 0.999101, 0.0381887, -0.0184275, -0.0396603, 0.995374, -0.0875131, 0.0150002, 0.0881652, 0.995993, 0.00294965  
20, 24.3572, -4.00161, 180.165, 0.9989, 0.042336, -0.0201638, -0.0440758, 0.99445, -0.0955335, 0.0160074, 0.0963171, 0.995222, 0.00282067  
21, 24.1479, -4.16197, 180.022, 0.999134, 0.0371123, -0.0188307, -0.0386364, 0.995341, -0.088343, 0.0154643, 0.088994, 0.995912, 0.00289528  
22, 24.0989, -4.14677, 179.992, 0.99912, 0.0375418, -0.0187267, -0.0390435, 0.99539, -0.0875977, 0.0153518, 0.0882518, 0.99598, 0.00285589  
23, 24.1325, -4.13556, 180.005, 0.9991, 0.0377778, -0.0192776, -0.0393237, 0.995399, -0.0873719, 0.0158882, 0.0880514, 0.995989, 0.00273912  
24, 24.1499, -4.15237, 180.034, 0.999104, 0.0375735, -0.0194996, -0.039153, 0.995334, -0.0881911, 0.016095, 0.0888755, 0.995913, 0.00286366  
25, 24.3851, -4.01866, 180.171, 0.998877, 0.0421685, -0.0215846, -0.0440585, 0.994382, -0.0962484, 0.0174047, 0.0970913, 0.995123, 0.00272969  
26, 24.1419, -4.14489, 179.977, 0.999106, 0.0375826, -0.0193432, -0.0391405, 0.995376, -0.0877142, 0.0159572, 0.0883929, 0.995958, 0.00281457  
27, 24.391, -4.02432, 180.138, 0.998833, 0.0432376, -0.0215218, -0.0451312, 0.994252, -0.0970882, 0.0172003, 0.0979462, 0.995043, 0.00297933  
28, 24.1576, -4.14451, 179.986, 0.9991, 0.037949, -0.018932, -0.0394747, 0.995332, -0.0880722, 0.0155014, 0.0887403, 0.995934, 0.00275465  
29, 24.4091, -4.00525, 180.175, 0.998853, 0.0428365, -0.0213777, -0.0447271, 0.994218, -0.0976258, 0.0170721, 0.09847, 0.994994, 0.00272775  
30, 24.1631, -4.11885, 179.989, 0.999105, 0.037845, -0.0188841, -0.0393537, 0.995411, -0.0872274, 0.0154963, 0.0878925, 0.996009, 0.00276297  
31, 24.3744, -4.0246, 180.174, 0.998886, 0.0423313, -0.0208416, -0.0441565, 0.994331, -0.0967304, 0.0166287, 0.097543, 0.995092, 0.00283121  
32, 24.1367, -4.15203, 179.994, 0.999093, 0.0382355, -0.018743, -0.039747, 0.9953, -0.0883025, 0.0152786, 0.0889674, 0.995917, 0.0031158  
33, 24.098, -4.16665, 179.991, 0.999128, 0.037882, -0.0175478, -0.0392694, 0.995437, -0.0869618, 0.0141734, 0.0875751, 0.996057, 0.00278766  
34, 24.1335, -4.15125, 180.012, 0.999088, 0.0379092, -0.0196388, -0.0395022, 0.995307, -0.0883424, 0.0161977, 0.0890376, 0.995897, 0.00296879  
35, 24.1296, -4.17147, 180.027, 0.999113, 0.0376916, -0.0188, -0.0392076, 0.995336, -0.0881389, 0.0153902, 0.0887978, 0.995931, 0.00268614  
36, 24.3934, -3.99679, 180.185, 0.998863, 0.0422219, -0.0221406, -0.0441791, 0.994304, -0.0969911, 0.0179194, 0.097859, 0.995039, 0.00295963  
37, 24.1496, -4.14412, 180.004, 0.999108, 0.0378543, -0.0187174, -0.039352, 0.99539, -0.087461, 0.0153204, 0.0881196, 0.995992, 0.00298876  
38, 24.4015, -4.0294, 180.162, 0.998829, 0.0433204, -0.0215588, -0.0452326, 0.994161, -0.0979729, 0.0171887, 0.0988333, 0.994956, 0.0027663  
39, 24.1732, -4.15294, 179.976, 0.999093, 0.0381309, -0.0189563, -0.0396456, 0.995395, -0.0872714, 0.0155413, 0.0879438, 0.996004, 0.0029932  
40, 24.1385, -4.1599, 179.963, 0.999085, 0.0385481, -0.0185263, -0.0400304, 0.995339, -0.0877332, 0.015058, 0.0883946, 0.995972, 0.0027075  
41, 24.1598, -4.14255, 179.982, 0.999104, 0.0377993, -0.0190116, -0.039321, 0.995404, -0.0873245, 0.0156234, 0.0879938, 0.995998, 0.00301733  
42, 24.4043, -4.0009, 180.175, 0.998838, 0.0428652, -0.022048, -0.0448094, 0.994282, -0.0969348, 0.0177668, 0.09781, 0.995047, 0.00308778  
43, 24.128, -4.15643, 180.008, 0.999069, 0.0385372, -0.0193869, -0.0400989, 0.995319, -0.0879333, 0.0159074, 0.0886289, 0.995938, 0.00287281  
44, 24.1464, -4.13386, 180.016, 0.999094, 0.0376941, -0.0197532, -0.0392871, 0.995375, -0.0876638, 0.0163575, 0.0883604, 0.995954, 0.00281817  
45, 24.1685, -4.15328, 180.024, 0.999098, 0.037493, -0.0199563, -0.0391191, 0.995305, -0.0885352, 0.0165432, 0.0892359, 0.995873, 0.00272525  
46, 24.1305, -4.15891, 180.024, 0.999112, 0.0376749, -0.0188864, -0.03919, 0.995386, -0.0875825, 0.0154996, 0.0882448, 0.995978, 0.00282205  
47, 24.3871, -4.04638, 180.173, 0.998876, 0.0422489, -0.0214875, -0.0441222, 0.994418, -0.0958492, 0.017318, 0.0966895, 0.995164, 0.00340178  
48, 24.3689, -4.05501, 180.2, 0.998902, 0.0421034, -0.0205399, -0.0438801, 0.994461, -0.0955085, 0.0164049, 0.0963049, 0.995217, 0.00277129  
49, 24.1281, -4.14969, 179.988, 0.999115, 0.0376528, -0.0187402, -0.0391697, 0.995303, -0.0885307, 0.0153187, 0.0891864, 0.995897, 0.00283759  
50, 24.3872, -4.00984, 180.15, 0.998824, 0.0427522, -0.0228792, -0.044798, 0.994178, -0.0979942, 0.0185565, 0.0989039, 0.994924, 0.00274467  
51, 24.184, -4.1458, 179.984, 0.999088, 0.0378564, -0.0197451, -0.0394603, 0.995302, -0.088416, 0.0163052, 0.0891145, 0.995888, 0.00288086  
52, 24.1736, -4.13786, 179.973, 0.999098, 0.0377899, -0.019374, -0.0393434, 0.995403, -0.0873227, 0.0159851, 0.0880061, 0.995992, 0.00298432  
53, 24.1631, -4.11647, 179.997, 0.999127, 0.0370884, -0.0192456, -0.0386456, 0.995362, -0.0880967, 0.0158889, 0.0887635, 0.995926, 0.00275382  
54, 24.109, -4.1426, 179.999, 0.999116, 0.0378224, -0.0183536, -0.0392674, 0.995514, -0.0860858, 0.0150153, 0.0867304, 0.996119, 0.00283038  
55, 24.3846, -3.99084, 180.147, 0.998851, 0.0426997, -0.021768, -0.0446137, 0.99431, -0.0967331, 0.0175137, 0.0975931, 0.995072, 0.00275798  
56, 24.1419, -4.16013, 180.011, 0.999132, 0.0370604, -0.0190358, -0.0385954, 0.995384, -0.0878666, 0.0156915, 0.088525, 0.99595, 0.00289889  
57, 24.1475, -4.1571, 180.012, 0.999093, 0.0380516, -0.0191093, -0.0395935, 0.995322, -0.0881233, 0.0156667, 0.0887999, 0.995926, 0.00298238  
58, 24.3968, -4.03288, 180.189, 0.998847, 0.0429, -0.0215568, -0.0447964, 0.99428, -0.0969586, 0.017274, 0.0978125, 0.995055, 0.00297572  
59, 24.1374, -4.14628, 180.017, 0.999097, 0.0379382, -0.0191171, -0.0394863, 0.995298, -0.0884458, 0.0156718, 0.0891208, 0.995898, 0.00288585  
60, 24.1535, -4.15711, 180.004, 0.9991, 0.0381863, -0.018489, -0.0396705, 0.995332, -0.0879799, 0.015043, 0.0886341, 0.995951, 0.00271804  
61, 24.1238, -4.15648, 180.014, 0.999133, 0.037598, -0.0179041, -0.0390158, 0.995458, -0.0868394, 0.0145578, 0.0874626, 0.996061, 0.00292579  
62, 24.1919, -4.1448, 179.983, 0.999113, 0.0377099, -0.0187615, -0.0392132, 0.995389, -0.0875393, 0.0153738, 0.0881973, 0.995984, 0.00335656  
63, 24.16, -4.13073, 179.974, 0.999085, 0.0385114, -0.0185768, -0.0399963, 0.995353, -0.0875995, 0.0151169, 0.0882624, 0.995983, 0.0028007  
64, 24.1707, -4.1368, 179.981, 0.999089, 0.0381396, -0.01917, -0.0396807, 0.995352, -0.0877531, 0.015734, 0.0884338, 0.995958, 0.0028534  
65, 24.4109, -4.01914, 180.185, 0.998853, 0.0424903, -0.0220621, -0.0444391, 0.99429, -0.0970212, 0.0178137, 0.0978904, 0.995038, 0.00279071  
66, 24.1746, -4.14237, 180.003, 0.999088, 0.0377152, -0.0200382, -0.0393565, 0.995249, -0.0890589, 0.0165841, 0.0897663, 0.995825, 0.00292857  
67, 24.1296, -4.17601, 180.027, 0.999128, 0.0377765, -0.0177932, -0.0391846, 0.995448, -0.0868791, 0.0144303, 0.0875006, 0.99606, 0.00310415  
68, 24.3638, -4.01999, 180.181, 0.998846, 0.0428779, -0.0216454, -0.0447983, 0.994194, -0.0978332, 0.0173248, 0.0986899, 0.994967, 0.00283121  
69, 24.148, -4.19398, 180.014, 0.999119, 0.0371087, -0.0195904, -0.038703, 0.995324, -0.0885002, 0.0162146, 0.0891805, 0.995883, 0.00285784  
70, 24.1295, -4.19744, 180.016, 0.999132, 0.0373739, -0.0184036, -0.0388791, 0.995212, -0.0896791, 0.0149638, 0.0903168, 0.995801, 0.00278128  
71, 24.3633, -4.09471, 180.2, 0.998828, 0.0431914, -0.0218585, -0.0451667, 0.993977, -0.099844, 0.0174145, 0.100714, 0.994763, 0.00297683  
72, 24.3267, -4.13506, 180.195, 0.998871, 0.0425204, -0.0211831, -0.0444415, 0.993947, -0.100471, 0.0167829, 0.101299, 0.994714, 0.00311802  
73, 24.3726, -4.17632, 180.192, 0.99884, 0.0425211, -0.0226188, -0.0446099, 0.993816, -0.101686, 0.0181551, 0.102577, 0.994559, 0.00286283  
74, 24.1567, -4.33504, 180.006, 0.99908, 0.0377969, -0.0202811, -0.039548, 0.994756, -0.0943164, 0.0166099, 0.0950317, 0.995336, 0.00276741  
75, 24.2076, -4.36959, 179.98, 0.999066, 0.0385904, -0.0194513, -0.0402472, 0.9948, -0.0935628, 0.0157396, 0.0942582, 0.995423, 0.00268087  
76, 24.1235, -4.43952, 179.937, 0.999066, 0.03884, -0.0189205, -0.0405005, 0.994443, -0.0971695, 0.0150413, 0.0978451, 0.995088, 0.00304729  
77, 24.3699, -4.35651, 180.128, 0.998826, 0.0434188, -0.0214709, -0.0454577, 0.99333, -0.105963, 0.0167269, 0.106815, 0.994138, 0.00308335  
78, 24.3489, -4.43112, 180.132, 0.99885, 0.0426267, -0.0219551, -0.0447682, 0.993072, -0.108645, 0.0171718, 0.109503, 0.993838, 0.00272248  
79, 24.0545, -4.58911, 179.979, 0.999092, 0.0383561, -0.0185549, -0.0400474, 0.994025, -0.101544, 0.0145492, 0.102195, 0.994658, 0.00282788  
80, 24.2247, -4.50656, 180.122, 0.998879, 0.0423921, -0.0210723, -0.0444652, 0.992904, -0.11029, 0.0162474, 0.111103, 0.993676, 0.00271637  
81, 24.2641, -4.58152, 180.139, 0.998856, 0.0428815, -0.0211817, -0.0450051, 0.992597, -0.112811, 0.0161873, 0.113635, 0.993391, 0.00292358  
82, 24.2928, -4.63802, 180.149, 0.998879, 0.0421515, -0.021558, -0.0443426, 0.992489, -0.114018, 0.0165901, 0.114846, 0.993245, 0.00317793  
83, 24.327, -4.67978, 180.15, 0.998879, 0.0416087, -0.0225891, -0.0439768, 0.992144, -0.117119, 0.0175384, 0.117981, 0.992861, 0.00276852  
84, 24.3081, -4.67635, 180.166, 0.998845, 0.0423381, -0.0227387, -0.0447509, 0.991894, -0.118928, 0.0175192, 0.119808, 0.992643, 0.00284702  
85, 24.2602, -4.68679, 180.168, 0.998846, 0.0422948, -0.022745, -0.044749, 0.991617, -0.121217, 0.0174275, 0.122095, 0.992365, 0.00267837  
86, 24.2688, -4.69512, 180.22, 0.998795, 0.0427019, -0.024181, -0.0453555, 0.991414, -0.122642, 0.0187363, 0.123591, 0.992156, 0.00296851  
87, 24.2601, -4.77921, 180.232, 0.998826, 0.0425785, -0.0231168, -0.0451419, 0.99114, -0.124914, 0.0175933, 0.125811, 0.991898, 0.00304784  
88, 24.3039, -4.83998, 180.269, 0.998873, 0.0414639, -0.0231111, -0.0440771, 0.990888, -0.12727, 0.0176234, 0.128145, 0.991599, 0.00274633  
89, 24.2654, -4.84387, 180.28, 0.998863, 0.0416044, -0.0232551, -0.0442728, 0.990605, -0.129389, 0.0176534, 0.130272, 0.991321, 0.00285867  
90, 24.1548, -4.80754, 180.231, 0.998842, 0.0417911, -0.0238538, -0.0445654, 0.990381, -0.130993, 0.01815, 0.131904, 0.991096, 0.00270888  
91, 24.1506, -4.78561, 180.286, 0.998834, 0.0416256, -0.0244623, -0.0445084, 0.990195, -0.13241, 0.0187108, 0.133344, 0.990893, 0.00313522  
92, 24.0551, -4.75486, 180.282, 0.998828, 0.042004, -0.0240677, -0.0448667, 0.989917, -0.134356, 0.0181815, 0.135279, 0.990641, 0.00313272  
93, 23.9674, -4.76374, 180.263, 0.998822, 0.0422355, -0.0239101, -0.0451342, 0.989454, -0.137633, 0.017845, 0.13855, 0.990195, 0.00274994  
94, 23.9776, -4.82098, 180.248, 0.998874, 0.0402392, -0.025116, -0.0433556, 0.989304, -0.139274, 0.019243, 0.140206, 0.989935, 0.00285035  
95, 23.8887, -4.83239, 180.261, 0.998857, 0.0405016, -0.0253951, -0.0437601, 0.988513, -0.14466, 0.0192444, 0.145606, 0.989155, 0.00271304  
96, 23.8994, -4.78777, 180.241, 0.998861, 0.0402242, -0.0256821, -0.0435679, 0.988219, -0.146713, 0.0194781, 0.147664, 0.988846, 0.00289001  
97, 23.7908, -4.70667, 180.219, 0.998839, 0.0405275, -0.0260316, -0.0439527, 0.987954, -0.148374, 0.0197048, 0.149346, 0.988589, 0.00267699  
98, 23.7643, -4.60726, 180.234, 0.998863, 0.0394658, -0.0267493, -0.0430214, 0.987912, -0.148929, 0.0205483, 0.14991, 0.988486, 0.00255827  
99, 23.6669, -4.53113, 180.214, 0.998834, 0.0394957, -0.0277479, -0.0432858, 0.987301, -0.152849, 0.0213587, 0.153872, 0.98786, 0.00290166  
100, 23.5355, -4.4033, 180.201, 0.998783, 0.0399236, -0.0289464, -0.0439166, 0.987115, -0.153869, 0.0224304, 0.154953, 0.987667, 0.0027258  
101, 23.3965, -4.28779, 180.228, 0.998743, 0.0405159, -0.0295166, -0.0446537, 0.986651, -0.15661, 0.0227774, 0.157731, 0.987219, 0.00300346  
102, 23.2906, -4.21808, 180.237, 0.998817, 0.0386902, -0.0294549, -0.0428929, 0.986368, -0.158865, 0.0229069, 0.15994, 0.986861, 0.00287087  
103, 23.1301, -4.12669, 180.213, 0.998813, 0.0379893, -0.0304833, -0.0424632, 0.985729, -0.162898, 0.0238599, 0.163999, 0.986172, 0.00270805  
104, 22.9716, -3.99349, 180.214, 0.998859, 0.036916, -0.0303041, -0.0413972, 0.985619, -0.163834, 0.0238202, 0.164901, 0.986022, 0.00276686  
105, 22.8485, -3.77968, 180.193, 0.998838, 0.0355528, -0.032546, -0.0405111, 0.985093, -0.167185, 0.0261169, 0.168309, 0.985388, 0.00277601  
106, 22.6841, -3.59119, 180.241, 0.998871, 0.0342171, -0.0329569, -0.0392511, 0.985218, -0.166747, 0.0267642, 0.167853, 0.985449, 0.00303952  
107, 22.5504, -3.26745, 180.278, 0.998754, 0.0338488, -0.0366723, -0.039645, 0.984465, -0.171046, 0.0303129, 0.172286, 0.98458, 0.00299958  
108, 22.3173, -3.01527, 180.308, 0.998881, 0.031884, -0.0349265, -0.0374089, 0.984543, -0.1711, 0.0289313, 0.172216, 0.984634, 0.00273856  
109, 22.0291, -2.63235, 180.218, 0.998856, 0.0317437, -0.0357536, -0.0374763, 0.984176, -0.173186, 0.0296903, 0.174328, 0.98424, 0.00290388  
110, 21.7823, -2.33366, 180.255, 0.998906, 0.029198, -0.0365364, -0.035109, 0.984238, -0.173327, 0.0308997, 0.17442, 0.984186, 0.00267227  
111, 21.5266, -1.94075, 180.265, 0.998792, 0.0282109, -0.0402307, -0.0348742, 0.983781, -0.175952, 0.0346144, 0.177143, 0.983576, 0.00305616  
112, 21.2895, -1.45849, 180.244, 0.998764, 0.0289023, -0.0404357, -0.0356262, 0.983577, -0.176936, 0.0346578, 0.178158, 0.983391, 0.00300873  
113, 20.9302, -0.872486, 180.222, 0.998632, 0.0296875, -0.0430423, -0.0369306, 0.983213, -0.178683, 0.0370151, 0.180028, 0.982965, 0.00275049  
114, 20.5343, -0.436431, 180.194, 0.998662, 0.031396, -0.0410825, -0.038187, 0.983534, -0.176641, 0.0348602, 0.177974, 0.983418, 0.00296102  
115, 20.2442, 0.0041866, 180.12, 0.998569, 0.0320061, -0.0428529, -0.0392178, 0.982935, -0.179726, 0.0363693, 0.18115, 0.982783, 0.00268531  
116, 20.0315, 0.727003, 180.09, 0.998525, 0.0323141, -0.0436235, -0.0396333, 0.983051, -0.178997, 0.0371, 0.180462, 0.982882, 0.00303786  
117, 19.746, 1.35369, 180.028, 0.998548, 0.0331706, -0.0424442, -0.0403162, 0.982758, -0.180448, 0.0357268, 0.181897, 0.982668, 0.00291775  
118, 19.5237, 2.01393, 179.939, 0.998463, 0.0342439, -0.0435739, -0.0416487, 0.982354, -0.182334, 0.0365612, 0.183868, 0.982271, 0.00272719  
119, 19.3736, 2.86544, 179.896, 0.998501, 0.032098, -0.0443437, -0.0397464, 0.982106, -0.184089, 0.0376413, 0.185576, 0.981909, 0.00276991  
120, 19.2901, 3.6884, 179.958, 0.998569, 0.0295746, -0.0445506, -0.0372476, 0.982468, -0.182673, 0.038367, 0.184071, 0.982164, 0.00284064  
121, 19.2124, 4.53509, 179.969, 0.998499, 0.0284624, -0.0467962, -0.0365783, 0.982444, -0.182935, 0.0407679, 0.184372, 0.982011, 0.00282011  
122, 19.164, 5.45701, 179.945, 0.998474, 0.0279958, -0.0476076, -0.0362552, 0.982517, -0.182607, 0.0416631, 0.184054, 0.982033, 0.00292579  
123, 19.0755, 6.37095, 179.958, 0.998472, 0.0274684, -0.0479565, -0.0357172, 0.982896, -0.180666, 0.0421737, 0.182103, 0.982375, 0.0027455  
124, 18.9938, 7.38685, 179.914, 0.998468, 0.0274194, -0.0480553, -0.0357612, 0.982576, -0.182389, 0.042217, 0.183828, 0.982051, 0.00275964  
125, 18.9586, 8.44242, 179.943, 0.998532, 0.0279898, -0.0463712, -0.0359544, 0.982829, -0.180984, 0.0405093, 0.182385, 0.982392, 0.00270556  
126, 18.8757, 9.53435, 179.945, 0.998697, 0.0263279, -0.043714, -0.0338888, 0.982638, -0.18241, 0.0381526, 0.183653, 0.98225, 0.003095  
127, 18.9523, 10.7399, 180.005, 0.998614, 0.0259226, -0.0458119, -0.0338883, 0.982583, -0.182709, 0.0402777, 0.184008, 0.982099, 0.00297628  
128, 19.0447, 12.0685, 180.058, 0.998714, 0.0253283, -0.043927, -0.0328073, 0.983317, -0.178917, 0.0386625, 0.180128, 0.982883, 0.00275715  
129, 19.1947, 13.4749, 180.033, 0.998598, 0.024573, -0.0468779, -0.0325579, 0.983489, -0.178017, 0.0417295, 0.179293, 0.98291, 0.0027724  
130, 19.2913, 14.7718, 180.068, 0.9987, 0.0231238, -0.0454295, -0.0306648, 0.984438, -0.173036, 0.0407213, 0.174204, 0.983867, 0.00272664  
131, 19.4665, 16.0475, 180.017, 0.998858, 0.0218095, -0.0425082, -0.0289095, 0.984264, -0.174322, 0.0380374, 0.175352, 0.983771, 0.00276991  
132, 19.6322, 17.5353, 180.071, 0.998825, 0.023165, -0.0425609, -0.0300591, 0.985114, -0.169254, 0.0380066, 0.170334, 0.984653, 0.00302204  
133, 19.8369, 19.0091, 180.067, 0.998791, 0.024456, -0.0426358, -0.0312647, 0.985434, -0.167162, 0.0379266, 0.168293, 0.985007, 0.00271443  
134, 20.0933, 20.4955, 180.091, 0.998778, 0.0255685, -0.0422885, -0.0322171, 0.985787, -0.164881, 0.0374717, 0.166042, 0.985406, 0.00278572  
135, 20.3454, 22.0431, 180.076, 0.998886, 0.0257026, -0.0395791, -0.0317298, 0.986591, -0.160097, 0.0349335, 0.161174, 0.986308, 0.0027638  
136, 20.5814, 23.5513, 180.16, 0.998899, 0.0258988, -0.0391268, -0.0317925, 0.986857, -0.158437, 0.0345092, 0.159506, 0.986594, 0.00298182  
137, 20.8196, 25.1076, 180.183, 0.998871, 0.0255029, -0.0400678, -0.0314481, 0.987326, -0.155561, 0.0355927, 0.156646, 0.987013, 0.00296102  
138, 21.1232, 26.9747, 180.224, 0.998901, 0.0263625, -0.0387491, -0.0319561, 0.987914, -0.151671, 0.0342823, 0.152743, 0.987671, 0.00272053  
139, 21.4877, 28.6661, 180.227, 0.998953, 0.0250418, -0.0382909, -0.0305173, 0.988237, -0.149857, 0.0340878, 0.150869, 0.987966, 0.00286782  
140, 21.7098, 30.3293, 180.185, 0.999, 0.0249015, -0.0371262, -0.0301852, 0.988326, -0.149335, 0.0329742, 0.150307, 0.988089, 0.00269696  
141, 21.9253, 31.9781, 180.156, 0.999063, 0.0265802, -0.0341428, -0.0313353, 0.988597, -0.14729, 0.0298385, 0.148222, 0.988504, 0.0028473  
142, 22.2298, 33.8032, 180.207, 0.999269, 0.0240478, -0.0297289, -0.027972, 0.989821, -0.139545, 0.0260705, 0.140275, 0.989769, 0.00295076  
143, 22.6114, 35.8154, 180.277, 0.999348, 0.0240716, -0.0269134, -0.0274954, 0.990452, -0.135089, 0.0234046, 0.135741, 0.990468, 0.00279154  
144, 22.6422, 37.5242, 180.118, 0.999576, 0.0212282, -0.0199427, -0.0235372, 0.992033, -0.123762, 0.0171566, 0.124179, 0.992111, 0.00283981  
145, 23.1793, 39.426, 180.064, 0.99952, 0.0215351, -0.022264, -0.0240769, 0.992356, -0.121039, 0.0194872, 0.121517, 0.992398, 0.00277407  
146, 23.6658, 41.3194, 180.013, 0.999548, 0.0228166, -0.0195576, -0.0249638, 0.992737, -0.117683, 0.0167305, 0.118118, 0.992859, 0.00287004  
147, 24.1507, 43.2531, 180.107, 0.999657, 0.0209477, -0.0157025, -0.0226144, 0.993129, -0.114819, 0.0131894, 0.115134, 0.993262, 0.00299264  
148, 24.5757, 45.1644, 180.11, 0.999747, 0.0195672, -0.0111306, -0.0207017, 0.993366, -0.11312, 0.00884329, 0.113322, 0.993519, 0.00278072  
149, 24.994, 47.315, 179.994, 0.999734, 0.020615, -0.0103286, -0.021592, 0.994166, -0.105678, 0.00808984, 0.105873, 0.994347, 0.00285229  
150, 25.4922, 49.4547, 180.002, 0.999725, 0.0224686, -0.00668278, -0.0230209, 0.994803, -0.0991835, 0.00441954, 0.0993101, 0.995047, 0.00278572  
151, 26.2722, 51.4109, 180.169, 0.999751, 0.0222875, -0.00139727, -0.0223164, 0.994841, -0.0989645, -0.000815609, 0.0989711, 0.99509, 0.00286893  
152, 27.0151, 53.4044, 180.305, 0.999787, 0.0200312, 0.00506667, -0.0194595, 0.995286, -0.0950146, -0.00694604, 0.0948957, 0.995463, 0.00304257  
153, 27.6083, 55.4474, 180.251, 0.999762, 0.0206502, 0.00702312, -0.0198867, 0.995241, -0.0953936, -0.00895959, 0.0952312, 0.995415, 0.0028473  
154, 28.263, 57.6263, 180.256, 0.99973, 0.02129, 0.009291, -0.0203581, 0.99565, -0.0909264, -0.0111864, 0.0907127, 0.995814, 0.00288835  
155, 28.9077, 59.8616, 180.305, 0.999642, 0.0222685, 0.0148652, -0.0209229, 0.996141, -0.0852391, -0.016706, 0.0848975, 0.99625, 0.00285728  
156, 29.7424, 62.1041, 180.354, 0.999591, 0.0237298, 0.0159552, -0.0223456, 0.996385, -0.0819576, -0.0178424, 0.0815676, 0.996508, 0.0029  
157, 30.4814, 64.2197, 180.326, 0.999426, 0.02733, 0.0200104, -0.0255305, 0.996033, -0.0852401, -0.0222606, 0.0846804, 0.996159, 0.00312357  
158, 31.2027, 66.3365, 180.384, 0.999422, 0.0254774, 0.0224896, -0.0235132, 0.996217, -0.0836573, -0.0245359, 0.0830801, 0.996241, 0.00273718  
159, 31.874, 68.2486, 180.452, 0.999182, 0.0227908, 0.0334184, -0.0203596, 0.997242, -0.0713683, -0.0349527, 0.0706295, 0.99689, 0.00283981  
160, 32.6436, 70.4278, 180.533, 0.998991, 0.0240093, 0.0379485, -0.0214263, 0.997518, -0.0670668, -0.0394645, 0.0661861, 0.997027, 0.00284036  
161, 33.4327, 72.4854, 180.496, 0.998873, 0.0240165, 0.040936, -0.0215798, 0.998027, -0.0589623, -0.0422713, 0.0580125, 0.997421, 0.00297739  
162, 34.1395, 74.6793, 180.446, 0.99871, 0.0261424, 0.0435238, -0.0236177, 0.998064, -0.0575442, -0.0449438, 0.0564421, 0.997394, 0.00295603  
163, 34.9185, 76.8324, 180.421, 0.99853, 0.0277447, 0.0465706, -0.0253299, 0.998343, -0.0516656, -0.0479268, 0.05041, 0.997578, 0.0027516  
164, 35.5647, 78.8787, 180.223, 0.99859, 0.0232012, 0.0477538, -0.0214187, 0.999067, -0.0375067, -0.0485795, 0.036431, 0.998155, 0.00285368  
165, 36.2873, 80.904, 180.235, 0.99847, 0.0233791, 0.0501151, -0.0215749, 0.99911, -0.0362439, -0.0509179, 0.0351072, 0.998086, 0.0028104  
166, 36.8447, 83.0356, 180.265, 0.998129, 0.023421, 0.056475, -0.0218488, 0.999361, -0.0282974, -0.0571016, 0.0270106, 0.998003, 0.00294549  
167, 37.3454, 85.0941, 180.255, 0.998037, 0.0228432, 0.0583104, -0.0214998, 0.999491, -0.0235624, -0.058819, 0.0222625, 0.99802, 0.00301206  
168, 37.8887, 87.1311, 180.217, 0.997886, 0.0237716, 0.0604916, -0.0225925, 0.999543, -0.0201018, -0.0609418, 0.0186927, 0.997966, 0.00276769  
169, 38.4481, 89.0734, 180.258, 0.997758, 0.024587, 0.0622496, -0.023218, 0.999474, -0.0226208, -0.062773, 0.0211248, 0.997804, 0.0029319  
170, 38.926, 91.1373, 180.356, 0.997523, 0.0238924, 0.0661595, -0.0227912, 0.99959, -0.0173502, -0.0665468, 0.0157994, 0.997658, 0.00281096  
171, 39.3368, 93.1778, 180.399, 0.997326, 0.0250786, 0.0686451, -0.023815, 0.999533, -0.019165, -0.0690937, 0.017479, 0.997457, 0.00295547  
172, 39.5703, 95.1948, 180.44, 0.997096, 0.0232439, 0.0725195, -0.0222502, 0.999648, -0.0144809, -0.0728305, 0.0128253, 0.997262, 0.00294216  
173, 39.8066, 97.2698, 180.407, 0.99693, 0.0247906, 0.0742744, -0.0238486, 0.999624, -0.0135426, -0.0745822, 0.0117297, 0.997146, 0.00271998  
174, 40.0456, 99.3022, 180.327, 0.99687, 0.025065, 0.0749853, -0.0243413, 0.999648, -0.0105497, -0.0752233, 0.00869146, 0.997129, 0.00289362  
175, 40.1822, 101.301, 180.301, 0.996734, 0.0271229, 0.0760606, -0.0266442, 0.999618, -0.00730146, -0.0762296, 0.00525105, 0.997076, 0.00279293  
176, 40.2859, 103.231, 180.292, 0.996806, 0.028759, 0.0745076, -0.0282084, 0.999566, -0.00843218, -0.0747178, 0.0063035, 0.997185, 0.00295991  
177, 40.4424, 105.313, 180.22, 0.996664, 0.02879, 0.0763662, -0.0286096, 0.999585, -0.00345546, -0.076434, 0.00125913, 0.997074, 0.00293689  
178, 40.4221, 107.257, 180.068, 0.996455, 0.0283241, 0.0792104, -0.0280836, 0.999597, -0.00414899, -0.0792959, 0.00190978, 0.996849, 0.00275826  
179, 40.4458, 109.283, 180.049, 0.996558, 0.0264277, 0.0785702, -0.0264195, 0.99965, -0.00114413, -0.078573, -0.000935598, 0.996908, 0.00287198  
180, 40.5194, 111.094, 180.14, 0.996718, 0.0291222, 0.0755332, -0.0291436, 0.999575, -0.000818568, -0.0755249, -0.00138543, 0.997143, 0.00269723  
181, 40.4514, 112.931, 180.157, 0.996828, 0.0309648, 0.0733108, -0.0310968, 0.999516, 0.000660078, -0.0732548, -0.00293772, 0.997309, 0.00291359  
182, 40.3404, 114.799, 180.195, 0.996944, 0.031939, 0.0712957, -0.0321593, 0.999481, 0.00194417, -0.0711966, -0.00423105, 0.997453, 0.00298321  
183, 40.0618, 116.67, 180.198, 0.99688, 0.0313676, 0.0724327, -0.0318802, 0.999474, 0.00593056, -0.0722086, -0.00822122, 0.997356, 0.00276436  
184, 39.6808, 118.405, 180.269, 0.9968, 0.0305946, 0.073852, -0.0311182, 0.999498, 0.00594909, -0.0736329, -0.00822819, 0.997251, 0.00287808  
185, 39.2712, 120.198, 180.405, 0.996724, 0.0297107, 0.0752285, -0.0301144, 0.999537, 0.00423715, -0.0750678, -0.00648873, 0.997157, 0.00275576  
186, 38.8952, 122.078, 180.443, 0.996835, 0.029875, 0.073672, -0.0302979, 0.99953, 0.00462878, -0.0734991, -0.00684624, 0.997272, 0.00295159  
187, 38.5754, 123.595, 180.446, 0.997051, 0.0311554, 0.0701263, -0.0310719, 0.999515, -0.00228152, -0.0701634, 9.58365e-005, 0.997536, 0.00285479  
188, 38.1345, 125.602, 180.428, 0.997158, 0.0312389, 0.0685604, -0.0315564, 0.999496, 0.00355258, -0.0684149, -0.00570601, 0.997641, 0.0027394  
189, 37.7378, 127.172, 180.415, 0.997368, 0.0321855, 0.0649754, -0.0322131, 0.999481, -0.000622431, -0.0649617, -0.00147227, 0.997887, 0.0028534  
190, 37.271, 128.844, 180.448, 0.997591, 0.032669, 0.0611944, -0.0325852, 0.999466, -0.002367, -0.0612391, 0.000367264, 0.998123, 0.00271554  
191, 36.6907, 130.614, 180.473, 0.997629, 0.035613, 0.0588989, -0.0351956, 0.999348, -0.00810913, -0.0591492, 0.00601692, 0.998231, 0.00300929  
192, 36.1353, 132.384, 180.38, 0.997875, 0.0361822, 0.0541881, -0.0357513, 0.999321, -0.00890035, -0.0544734, 0.00694414, 0.998491, 0.00290471  
193, 35.501, 134.147, 180.292, 0.997948, 0.036297, 0.0527387, -0.0359357, 0.999324, -0.00778359, -0.0529855, 0.00587242, 0.998578, 0.00271554  
194, 34.9673, 135.436, 180.278, 0.998164, 0.0369059, 0.048037, -0.0364756, 0.999286, -0.00980435, -0.0483646, 0.00803417, 0.998797, 0.00292441  
195, 34.3902, 137.098, 180.218, 0.998277, 0.0380313, 0.0446923, -0.0377072, 0.999256, -0.00807425, -0.0449661, 0.00637511, 0.998968, 0.00273413  
196, 33.6159, 138.497, 180.293, 0.998536, 0.0366172, 0.0398178, -0.036209, 0.999285, -0.0109234, -0.0401893, 0.00946563, 0.999147, 0.00289417  
197, 32.896, 140.096, 180.199, 0.998905, 0.033761, 0.0323928, -0.0333991, 0.999374, -0.0116512, -0.0327659, 0.0105565, 0.999407, 0.00283981  
198, 31.9719, 141.626, 180.2, 0.999044, 0.0353665, 0.0256931, -0.0349554, 0.999256, -0.0162784, -0.0262497, 0.0153648, 0.999537, 0.00272969  
199, 31.114, 143.135, 180.091, 0.998957, 0.0397812, 0.0224271, -0.0393731, 0.999056, -0.0183521, -0.023136, 0.0174499, 0.99958, 0.00292191  
200, 30.387, 144.668, 180.158, 0.998939, 0.0419135, 0.0190888, -0.0415357, 0.998941, -0.0197764, -0.0198975, 0.0189626, 0.999622, 0.00272719  
201, 29.4023, 146.307, 180.103, 0.99882, 0.0442403, 0.0200375, -0.0439244, 0.998908, -0.0159423, -0.0207209, 0.0150434, 0.999672, 0.00276658  
202, 28.5208, 147.628, 180.168, 0.999026, 0.040825, 0.0167263, -0.0405271, 0.99902, -0.0177769, -0.0174356, 0.0170817, 0.999702, 0.00288141  
203, 27.7755, 149.164, 180.172, 0.999203, 0.0385048, 0.0104763, -0.0383266, 0.999126, -0.0167051, -0.0111104, 0.0162903, 0.999806, 0.00274605  
204, 27.0328, 150.75, 180.321, 0.999203, 0.0394451, 0.00611553, -0.0392983, 0.998974, -0.022503, -0.00699689, 0.0222448, 0.999728, 0.00294355  
205, 26.163, 152.01, 180.416, 0.99921, 0.0397295, -0.00115053, -0.039746, 0.998731, -0.0309316, -7.98282e-005, 0.0309528, 0.999521, 0.00270777  
206, 25.483, 153.577, 180.378, 0.999178, 0.0402417, -0.00492288, -0.0403701, 0.998746, -0.0296008, 0.00372552, 0.0297752, 0.99955, 0.00307475  
207, 24.8493, 154.923, 180.51, 0.999013, 0.0433445, -0.00972535, -0.0436853, 0.998319, -0.0380967, 0.00805771, 0.0384839, 0.999227, 0.00289667  
208, 24.0225, 156.404, 180.457, 0.998946, 0.0437693, -0.0138083, -0.0442571, 0.998325, -0.037259, 0.0121544, 0.0378308, 0.99921, 0.00273995  
209, 23.2457, 157.807, 180.528, 0.998786, 0.0448988, -0.020244, -0.0457542, 0.997984, -0.043983, 0.0182284, 0.0448558, 0.998827, 0.00300734  
210, 22.6017, 159.043, 180.641, 0.998717, 0.0444977, -0.0241614, -0.0456185, 0.997805, -0.0480089, 0.0219721, 0.0490495, 0.998555, 0.00272747  
211, 21.8753, 160.572, 180.69, 0.998756, 0.0431669, -0.0249631, -0.0442445, 0.998035, -0.0443612, 0.0229992, 0.0454105, 0.998704, 0.00271582  
212, 21.1926, 161.637, 180.689, 0.998791, 0.0393932, -0.0294008, -0.0407498, 0.99806, -0.0470634, 0.0274898, 0.0482046, 0.998459, 0.0030201  
213, 20.5545, 163.169, 180.817, 0.998571, 0.0434527, -0.0311254, -0.0451384, 0.997428, -0.0556751, 0.0286261, 0.0570005, 0.997964, 0.00274688  
214, 19.7817, 164.608, 180.697, 0.998427, 0.0428987, -0.0361054, -0.0448977, 0.997392, -0.0565075, 0.0335871, 0.0580396, 0.997749, 0.00285784  
215, 19.0852, 165.816, 180.732, 0.998267, 0.0435878, -0.0395268, -0.0460268, 0.996948, -0.0630535, 0.0366578, 0.0647635, 0.997227, 0.00271499  
216, 18.6659, 167.301, 180.766, 0.998066, 0.0456988, -0.0421499, -0.0485026, 0.9965, -0.0680887, 0.0388908, 0.0700014, 0.996788, 0.00279432  
217, 18.0712, 168.498, 180.612, 0.998048, 0.0419964, -0.0462132, -0.0450869, 0.996666, -0.0680009, 0.0432033, 0.0699518, 0.996614, 0.00301095  
218, 17.5298, 169.988, 180.652, 0.997751, 0.0443456, -0.0502548, -0.0481988, 0.995768, -0.07825, 0.0465721, 0.0804963, 0.995666, 0.00272053  
219, 17.0989, 171.342, 180.581, 0.9976, 0.0429802, -0.054286, -0.0470674, 0.995965, -0.0764029, 0.0507832, 0.0787747, 0.995598, 0.00293273  
220, 16.6359, 172.743, 180.594, 0.997378, 0.045246, -0.0564779, -0.0498754, 0.995263, -0.0834483, 0.0524347, 0.0860464, 0.99491, 0.00267809  
221, 16.1127, 174.17, 180.585, 0.997253, 0.0458207, -0.058204, -0.0507943, 0.994907, -0.0870627, 0.0539183, 0.08978, 0.994501, 0.00282122  
222, 15.9071, 175.628, 180.683, 0.996575, 0.0528967, -0.063556, -0.059032, 0.993346, -0.0988917, 0.057902, 0.102305, 0.993067, 0.00301012  
223, 15.5424, 177.069, 180.738, 0.996301, 0.0511036, -0.0690807, -0.0578787, 0.99331, -0.099925, 0.063512, 0.103554, 0.992594, 0.00275465  
224, 15.2354, 178.554, 180.682, 0.996067, 0.0535132, -0.0706244, -0.0605651, 0.992958, -0.101814, 0.0646787, 0.10569, 0.992293, 0.0027957  
225, 15.0784, 179.997, 180.679, 0.99546, 0.054404, -0.0780978, -0.062888, 0.991869, -0.110642, 0.0714434, 0.115051, 0.990787, 0.00270805  
226, 14.74, 181.719, 180.614, 0.995428, 0.0552641, -0.077903, -0.0635148, 0.992147, -0.107754, 0.0713362, 0.11221, 0.991121, 0.00293023  
227, 14.4222, 182.854, 180.588, 0.995617, 0.0530748, -0.0770118, -0.0615269, 0.991814, -0.11189, 0.0704429, 0.116138, 0.990732, 0.0031097  
228, 14.4435, 184.264, 180.732, 0.995746, 0.0526774, -0.0756042, -0.0607823, 0.992154, -0.109248, 0.0692561, 0.113378, 0.991135, 0.00277435  
229, 14.194, 185.895, 180.748, 0.9959, 0.0506092, -0.0749742, -0.0593021, 0.991161, -0.118669, 0.0683058, 0.122628, 0.990099, 0.00287087  
230, 14.0146, 187.48, 180.614, 0.995642, 0.0506634, -0.0782898, -0.0601266, 0.990499, -0.123675, 0.0712802, 0.127844, 0.98923, 0.0027749  
231, 13.8377, 189.183, 180.571, 0.995394, 0.0516425, -0.0807671, -0.0617611, 0.989814, -0.128272, 0.0733201, 0.13267, 0.988445, 0.00287781  
232, 13.5556, 190.893, 180.542, 0.995479, 0.0527981, -0.0789545, -0.0625923, 0.989898, -0.127221, 0.0714398, 0.131587, 0.988727, 0.00312967  
233, 13.5068, 192.235, 180.489, 0.995486, 0.0525631, -0.0790229, -0.0628764, 0.988948, -0.13427, 0.0710919, 0.138633, 0.987789, 0.00277989  
234, 13.3924, 193.852, 180.568, 0.995516, 0.052199, -0.0788823, -0.0625068, 0.988949, -0.134432, 0.0709934, 0.13876, 0.987778, 0.00283093  
235, 13.2919, 195.494, 180.553, 0.995527, 0.0517678, -0.0790293, -0.0622638, 0.988651, -0.136722, 0.0710546, 0.141031, 0.987452, 0.00272026  
236, 13.2113, 197.319, 180.58, 0.995429, 0.0526743, -0.0796618, -0.0633216, 0.988454, -0.137658, 0.0714909, 0.142073, 0.987271, 0.00288197  
237, 13.2947, 199.101, 180.619, 0.995257, 0.0519162, -0.0822713, -0.0632702, 0.987838, -0.142034, 0.0738968, 0.146566, 0.986437, 0.00319319  
238, 13.3974, 200.723, 180.682, 0.995359, 0.052066, -0.0809275, -0.063422, 0.98743, -0.144772, 0.0723725, 0.149233, 0.98615, 0.002824  
239, 13.476, 202.653, 180.705, 0.995395, 0.0527139, -0.0800608, -0.063918, 0.987432, -0.144544, 0.0714351, 0.148995, 0.986254, 0.00282816  
240, 13.4749, 204.358, 180.624, 0.995525, 0.0518046, -0.0790323, -0.0629654, 0.98728, -0.145991, 0.070464, 0.150314, 0.986124, 0.00280735  
241, 13.5041, 206.45, 180.623, 0.995423, 0.0528978, -0.07959, -0.0642778, 0.986897, -0.147995, 0.0707185, 0.152433, 0.98578, 0.00284813  
242, 13.5539, 208.378, 180.618, 0.995411, 0.0527333, -0.0798475, -0.0645324, 0.986077, -0.153257, 0.070654, 0.157707, 0.984955, 0.00304618  
243, 13.7376, 210.413, 180.689, 0.995541, 0.0519006, -0.0787623, -0.0635779, 0.986046, -0.153856, 0.069678, 0.158178, 0.984949, 0.00282982  
244, 14.0764, 212.167, 180.585, 0.995646, 0.049191, -0.0791748, -0.0614902, 0.98499, -0.161286, 0.0700526, 0.165452, 0.983727, 0.00287198  
245, 14.2397, 214.274, 180.56, 0.995951, 0.0484109, -0.0757556, -0.0599843, 0.98548, -0.158845, 0.0669657, 0.162746, 0.984393, 0.00267615  
246, 14.4426, 216.279, 180.485, 0.995972, 0.0489871, -0.0750954, -0.0605872, 0.985103, -0.160939, 0.0660928, 0.164841, 0.984103, 0.0028828  
247, 14.7761, 218.543, 180.429, 0.996025, 0.0484527, -0.074741, -0.059737, 0.985788, -0.157016, 0.0660709, 0.160856, 0.984764, 0.00301705  
248, 15.0434, 220.806, 180.494, 0.996078, 0.0509278, -0.0723563, -0.0619448, 0.985292, -0.159254, 0.0631816, 0.163111, 0.984583, 0.00279182  
249, 15.2293, 223.257, 180.544, 0.996141, 0.050185, -0.0720097, -0.0609435, 0.985878, -0.155979, 0.063165, 0.159766, 0.985132, 0.0028301  
250, 15.4302, 225.298, 180.663, 0.996344, 0.0504706, -0.0689302, -0.0608867, 0.985478, -0.158514, 0.0599289, 0.162132, 0.984948, 0.0027749  
251, 15.8358, 227.646, 180.604, 0.996403, 0.0510713, -0.0676238, -0.0613986, 0.98509, -0.160711, 0.0584078, 0.164285, 0.984682, 0.00288003  
252, 16.2421, 230.05, 180.639, 0.99639, 0.0522724, -0.0668948, -0.0626496, 0.984491, -0.163865, 0.0572917, 0.167465, 0.984212, 0.00307308  
253, 16.7377, 232.493, 180.62, 0.996354, 0.054309, -0.065801, -0.0644655, 0.984411, -0.163645, 0.0558878, 0.16729, 0.984322, 0.0027774  
254, 16.999, 235.029, 180.625, 0.996403, 0.0565792, -0.0630925, -0.0661492, 0.98462, -0.161702, 0.0529731, 0.165294, 0.984821, 0.00286366  
255, 17.4903, 237.567, 180.478, 0.996506, 0.0568378, -0.0611912, -0.0661914, 0.984292, -0.16367, 0.0509274, 0.167148, 0.984616, 0.00268115  
256, 18.1224, 239.806, 180.652, 0.996543, 0.057239, -0.0602103, -0.0661277, 0.985245, -0.157858, 0.0502863, 0.161294, 0.985624, 0.00295852  
257, 18.4764, 242.455, 180.834, 0.996546, 0.0592864, -0.0581485, -0.0674503, 0.986333, -0.150324, 0.0484416, 0.153727, 0.986925, 0.00299375  
258, 19.0021, 245.085, 180.764, 0.996789, 0.0592013, -0.0539139, -0.0668503, 0.985905, -0.153369, 0.0440744, 0.156481, 0.986697, 0.00271665  
259, 19.5145, 247.708, 180.682, 0.996865, 0.0596646, -0.0519597, -0.0670475, 0.985725, -0.154434, 0.0420038, 0.157434, 0.986636, 0.0028423  
260, 20.0686, 250.45, 180.74, 0.996995, 0.0600078, -0.0489813, -0.0669296, 0.985684, -0.154748, 0.038994, 0.157562, 0.986739, 0.00273912  
261, 20.6905, 253.105, 180.775, 0.997208, 0.0598624, -0.0446379, -0.0659888, 0.986241, -0.151571, 0.0349503, 0.154093, 0.987438, 0.00292774  
262, 21.4682, 255.897, 180.766, 0.997174, 0.0611522, -0.0436325, -0.0670452, 0.986456, -0.149701, 0.033887, 0.152203, 0.987768, 0.0029907  
263, 22.158, 258.763, 180.799, 0.997024, 0.063917, -0.0431089, -0.0696844, 0.986345, -0.14922, 0.0329826, 0.15178, 0.987864, 0.00270361  
264, 22.8813, 261.645, 180.777, 0.9971, 0.0653715, -0.0389649, -0.0704328, 0.986608, -0.147119, 0.0288257, 0.149436, 0.988351, 0.00300124  
265, 23.571, 264.491, 180.808, 0.997103, 0.0671378, -0.0357626, -0.0717321, 0.986336, -0.148307, 0.025317, 0.150442, 0.988295, 0.00282871  
266, 24.2057, 267.348, 180.808, 0.997131, 0.0692738, -0.0305225, -0.0729698, 0.986884, -0.143999, 0.0201468, 0.145813, 0.989107, 0.00297434  
267, 25.0008, 270.264, 180.822, 0.996922, 0.0729846, -0.028635, -0.0762801, 0.987322, -0.139203, 0.0181123, 0.140958, 0.98985, 0.00325227  
268, 25.8953, 273.323, 180.881, 0.996863, 0.0748061, -0.0258563, -0.0776178, 0.987886, -0.134377, 0.0154908, 0.135962, 0.990593, 0.0027688  
269, 26.8986, 276, 180.994, 0.997189, 0.071878, -0.0211629, -0.0740684, 0.988283, -0.133458, 0.0113222, 0.13465, 0.990829, 0.00275881  
270, 27.7984, 279.099, 180.985, 0.997018, 0.0753828, -0.0165322, -0.0768891, 0.988675, -0.128881, 0.00662956, 0.129768, 0.991522, 0.00267227  
271, 28.7242, 282.064, 181.066, 0.996829, 0.0789446, -0.00996594, -0.0795706, 0.988532, -0.128346, -0.000280553, 0.128732, 0.991679, 0.00288863  
272, 29.4994, 285.144, 180.874, 0.996765, 0.0803084, -0.00305039, -0.0800932, 0.989536, -0.120012, -0.00661946, 0.119868, 0.992768, 0.00316212  
273, 30.6881, 288.487, 181.053, 0.99622, 0.0868459, 0.00175602, -0.0860076, 0.989031, -0.120084, -0.0121656, 0.119479, 0.992762, 0.00275521  
274, 31.4869, 291.407, 180.706, 0.996491, 0.0834065, 0.00700695, -0.0820438, 0.989914, -0.115498, -0.0165696, 0.114518, 0.993283, 0.00288807  
275, 32.7569, 294.746, 180.759, 0.995877, 0.0898902, 0.0122044, -0.0879183, 0.989548, -0.114299, -0.0223512, 0.112754, 0.993371, 0.00267865  
276, 33.9172, 297.831, 180.65, 0.995941, 0.0885778, 0.0160071, -0.0866079, 0.991443, -0.097674, -0.0245219, 0.0958912, 0.99509, 0.00287975  
277, 35.2877, 300.567, 180.916, 0.995566, 0.0906661, 0.0250627, -0.0877676, 0.991182, -0.0992743, -0.0338425, 0.0966344, 0.994744, 0.00306476  
278, 36.5525, 303.694, 180.957, 0.995154, 0.0931408, 0.0315079, -0.0895453, 0.990862, -0.10087, -0.0406151, 0.0975602, 0.994401, 0.002781  
279, 37.7631, 307.024, 180.895, 0.994884, 0.0942341, 0.0364135, -0.090428, 0.991371, -0.0949006, -0.0450422, 0.0911223, 0.994821, 0.0028509  
280, 38.9531, 310.105, 180.867, 0.994641, 0.0957111, 0.039087, -0.0920248, 0.991934, -0.0871737, -0.0471152, 0.0831096, 0.995426, 0.00268253  
