0, 0, 0, 0, 0, 0, 0, 0, 0, 0, 0, 0, 0, 0.00286364  
1, 259.343, -226.548, 182.355, 0.999704, 0.0180803, -0.0162547, -0.0184127, 0.99962, -0.020536, 0.0158772, 0.0208292, 0.999657, 0.00286447  
2, 259.344, -226.582, 182.379, 0.999717, 0.0171237, -0.016498, -0.0174603, 0.999638, -0.0204832, 0.0161413, 0.0207655, 0.999654, 0.00288278  
3, 259.337, -226.569, 182.347, 0.999708, 0.0180624, -0.0160762, -0.0183675, 0.99965, -0.0190398, 0.0157266, 0.0193295, 0.999689, 0.00284478  
4, 259.323, -226.59, 182.382, 0.99974, 0.0188703, -0.0127634, -0.0190919, 0.999665, -0.0174763, 0.0124294, 0.0177154, 0.999766, 0.0028678  
5, 259.321, -226.61, 182.377, 0.999723, 0.018046, -0.0150756, -0.0183342, 0.999648, -0.0192007, 0.0147238, 0.0194718, 0.999702, 0.00301009  
6, 259.38, -226.593, 182.359, 0.999719, 0.0173492, -0.0161742, -0.0176763, 0.999638, -0.0203052, 0.015816, 0.0205854, 0.999663, 0.00268695  
7, 259.302, -226.611, 182.38, 0.999746, 0.0177915, -0.013866, -0.018043, 0.999671, -0.0182309, 0.0135371, 0.0184764, 0.999738, 0.00293576  
8, 259.33, -226.611, 182.374, 0.999742, 0.0175892, -0.0143665, -0.0178543, 0.999669, -0.0185393, 0.0140356, 0.0187911, 0.999725, 0.00282259  
9, 259.326, -226.636, 182.346, 0.999697, 0.017836, -0.0169389, -0.0182012, 0.9996, -0.0216525, 0.0165459, 0.0219542, 0.999622, 0.00275907  
10, 259.359, -226.599, 182.37, 0.999712, 0.0175529, -0.016345, -0.01788, 0.999638, -0.0200873, 0.0159865, 0.0203738, 0.999665, 0.00304698  
11, 259.344, -226.617, 182.378, 0.999736, 0.0172338, -0.0151739, -0.0175398, 0.999641, -0.0202719, 0.0148191, 0.0205327, 0.999679, 0.0028384  
12, 259.317, -226.609, 182.393, 0.999737, 0.0181047, -0.0140536, -0.0183509, 0.999677, -0.0175949, 0.0137305, 0.0178482, 0.999746, 0.00294158  
13, 259.297, -226.612, 182.376, 0.999722, 0.0188984, -0.0140825, -0.0191519, 0.999653, -0.0180863, 0.0137358, 0.0183509, 0.999737, 0.00299151  
14, 259.328, -226.614, 182.398, 0.999744, 0.016392, -0.0155859, -0.0166989, 0.999665, -0.0197671, 0.0152566, 0.0200223, 0.999683, 0.00275491  
15, 259.331, -226.628, 182.371, 0.999705, 0.0178867, -0.0164231, -0.0182185, 0.999628, -0.0202791, 0.0160543, 0.0205723, 0.999659, 0.00304726  
16, 259.318, -226.619, 182.374, 0.999732, 0.0170478, -0.015644, -0.0173509, 0.99966, -0.0194482, 0.0153072, 0.0197145, 0.999688, 0.00281621  
17, 259.339, -226.597, 182.387, 0.999719, 0.0182663, -0.0151129, -0.0185433, 0.999659, -0.0183958, 0.0147717, 0.0186708, 0.999717, 0.00299123  
18, 259.319, -226.633, 182.347, 0.999711, 0.0180978, -0.0157965, -0.0184121, 0.999631, -0.0199868, 0.0154289, 0.0202719, 0.999675, 0.00277765  
19, 259.304, -226.649, 182.384, 0.999763, 0.0170627, -0.013556, -0.0173031, 0.999691, -0.0178196, 0.0132478, 0.0180499, 0.999749, 0.00271801  
20, 259.364, -226.637, 182.319, 0.999703, 0.0176589, -0.0167822, -0.0179828, 0.999651, -0.0193517, 0.0164346, 0.0196477, 0.999672, 0.00276767  
21, 259.299, -226.666, 182.367, 0.999736, 0.0165639, -0.0158925, -0.016901, 0.99963, -0.0213154, 0.0155336, 0.0215784, 0.999646, 0.00270747  
22, 259.324, -226.628, 182.37, 0.999733, 0.0180662, -0.0144291, -0.018342, 0.999647, -0.0192168, 0.0140768, 0.0194763, 0.999711, 0.00294824  
23, 259.317, -226.669, 182.362, 0.999731, 0.0176322, -0.0150944, -0.0179273, 0.999646, -0.0196422, 0.0147427, 0.0199075, 0.999693, 0.00277349  
24, 259.303, -226.615, 182.35, 0.999732, 0.0178256, -0.0147411, -0.0181045, 0.999655, -0.0190117, 0.0143971, 0.0192735, 0.999711, 0.00270581  
25, 259.322, -226.635, 182.36, 0.999731, 0.0174154, -0.0153301, -0.0177156, 0.99965, -0.0196652, 0.0149822, 0.0199315, 0.999689, 0.00277515  
26, 259.27, -226.641, 182.378, 0.999744, 0.0175153, -0.0142944, -0.0177711, 0.999681, -0.0179726, 0.013975, 0.018222, 0.999736, 0.00273022  
27, 259.274, -226.625, 182.369, 0.999746, 0.0181058, -0.0134046, -0.0183392, 0.999679, -0.0174974, 0.0130835, 0.0177388, 0.999757, 0.00298402  
28, 259.303, -226.609, 182.365, 0.999715, 0.0188299, -0.0146864, -0.0190835, 0.999668, -0.0173242, 0.0143553, 0.0175995, 0.999742, 0.0027488  
29, 259.319, -226.627, 182.364, 0.999705, 0.0191996, -0.0148779, -0.0194735, 0.999639, -0.0184869, 0.0145176, 0.0187712, 0.999718, 0.00274575  
30, 259.318, -226.625, 182.382, 0.999721, 0.0177797, -0.015541, -0.0180779, 0.999651, -0.0192668, 0.015193, 0.0195424, 0.999694, 0.00285892  
31, 259.324, -226.641, 182.375, 0.999742, 0.0168817, -0.0151733, -0.017185, 0.99965, -0.0200891, 0.0148288, 0.0203447, 0.999683, 0.00278764  
32, 259.305, -226.637, 182.378, 0.999752, 0.0168118, -0.0145966, -0.0170708, 0.999696, -0.0178005, 0.0142929, 0.0180453, 0.999735, 0.00296266  
33, 259.288, -226.603, 182.378, 0.999749, 0.0191271, -0.0116638, -0.0193119, 0.999686, -0.0159444, 0.0113552, 0.0161656, 0.999805, 0.00276572  
34, 259.308, -226.65, 182.404, 0.999749, 0.0172243, -0.0143574, -0.0174972, 0.999664, -0.0191084, 0.0140235, 0.0193548, 0.999714, 0.00272745  
35, 259.312, -226.643, 182.353, 0.999723, 0.0177633, -0.015468, -0.0180794, 0.999626, -0.0205394, 0.0150973, 0.0208134, 0.999669, 0.00269804  
36, 259.318, -226.613, 182.369, 0.999726, 0.0182346, -0.0146881, -0.0185137, 0.999646, -0.0190921, 0.0143348, 0.0193588, 0.99971, 0.00272412  
37, 259.341, -226.593, 182.373, 0.999724, 0.0182595, -0.0147628, -0.0185269, 0.999663, -0.0181843, 0.0144258, 0.0184528, 0.999726, 0.00299817  
38, 259.354, -226.555, 182.369, 0.999699, 0.0180223, -0.0166364, -0.0183556, 0.999629, -0.0201014, 0.016268, 0.0204007, 0.99966, 0.00274742  
39, 259.346, -226.568, 182.411, 0.999738, 0.017978, -0.0141415, -0.0182385, 0.999662, -0.0185145, 0.0138039, 0.0187676, 0.999729, 0.0027366  
40, 259.328, -226.612, 182.402, 0.999752, 0.0171594, -0.0142119, -0.0174282, 0.999667, -0.0190107, 0.013881, 0.0192537, 0.999718, 0.00276434  
41, 259.375, -226.538, 182.378, 0.999707, 0.0185019, -0.0155829, -0.0188042, 0.999633, -0.0194863, 0.0152167, 0.0197736, 0.999689, 0.00271691  
42, 259.337, -226.611, 182.372, 0.999725, 0.0174604, -0.0156552, -0.0177698, 0.999645, -0.0198471, 0.0153031, 0.0201198, 0.99968, 0.0028237  
43, 259.302, -226.568, 182.36, 0.999726, 0.0196927, -0.0126363, -0.0198998, 0.999666, -0.0164774, 0.0123076, 0.0167243, 0.999784, 0.00274437  
44, 259.339, -226.573, 182.376, 0.999739, 0.0187509, -0.0130888, -0.0189799, 0.999665, -0.0175957, 0.0127545, 0.0178396, 0.99976, 0.00271441  
45, 259.349, -226.571, 182.368, 0.999721, 0.018042, -0.0152479, -0.0183342, 0.999647, -0.019244, 0.0148953, 0.0195182, 0.999699, 0.00272578  
46, 259.378, -226.562, 182.353, 0.999682, 0.0184747, -0.0171368, -0.0188166, 0.999623, -0.0200088, 0.0167607, 0.0203249, 0.999653, 0.0028065  
47, 259.345, -226.564, 182.37, 0.999722, 0.0174942, -0.0158289, -0.0177985, 0.999655, -0.0192915, 0.015486, 0.0195679, 0.999689, 0.0027979  
48, 259.342, -226.56, 182.337, 0.999712, 0.0182667, -0.015575, -0.0185704, 0.999636, -0.0195847, 0.0152116, 0.0198683, 0.999687, 0.00288083  
49, 259.33, -226.571, 182.372, 0.999728, 0.0183891, -0.0143696, -0.0186571, 0.99965, -0.0187414, 0.0140199, 0.0190044, 0.999721, 0.0027219  
50, 259.306, -226.589, 182.377, 0.999744, 0.0164056, -0.0155832, -0.0167101, 0.999668, -0.019615, 0.0152562, 0.0198703, 0.999686, 0.00287529  
51, 259.326, -226.607, 182.344, 0.999693, 0.018182, -0.0168564, -0.0185544, 0.999581, -0.0222025, 0.0164456, 0.0225085, 0.999611, 0.00273882  
52, 259.317, -226.624, 182.36, 0.999741, 0.0169384, -0.0152001, -0.0172323, 0.999663, -0.0194132, 0.0148662, 0.0196701, 0.999696, 0.00279235  
53, 259.357, -226.589, 182.365, 0.999727, 0.0167552, -0.01627, -0.0170767, 0.999658, -0.0198271, 0.0159322, 0.0200995, 0.999671, 0.00281149  
54, 259.314, -226.583, 182.361, 0.999739, 0.01703, -0.0151996, -0.0173153, 0.999672, -0.0188435, 0.0148737, 0.0191018, 0.999707, 0.00271219  
55, 259.321, -226.586, 182.348, 0.999713, 0.0177274, -0.0161445, -0.0180521, 0.999633, -0.0201926, 0.0157806, 0.0204783, 0.999666, 0.0028445  
56, 259.391, -226.57, 182.337, 0.999685, 0.0181009, -0.0173826, -0.0184262, 0.999655, -0.0187395, 0.0170374, 0.0190539, 0.999673, 0.00276794  
57, 259.31, -226.596, 182.372, 0.999732, 0.0178133, -0.0147773, -0.0180926, 0.999656, -0.0189916, 0.0144339, 0.0192538, 0.99971, 0.00284311  
58, 259.299, -226.615, 182.393, 0.999756, 0.0173181, -0.0137326, -0.0175678, 0.999679, -0.0182772, 0.0134117, 0.018514, 0.999739, 0.0027954  
59, 259.331, -226.569, 182.395, 0.999741, 0.0187925, -0.012805, -0.0190044, 0.999681, -0.0166319, 0.0124884, 0.016871, 0.99978, 0.00274936  
60, 259.312, -226.653, 182.356, 0.99973, 0.0174543, -0.015361, -0.0177558, 0.999648, -0.0197151, 0.0150115, 0.0199826, 0.999688, 0.00284394  
61, 259.316, -226.592, 182.371, 0.999726, 0.0181556, -0.0147651, -0.0184302, 0.999656, -0.0186805, 0.0144208, 0.0189475, 0.999716, 0.00270331  
62, 259.328, -226.61, 182.359, 0.999724, 0.0176291, -0.0155071, -0.0179264, 0.999654, -0.0192488, 0.0151624, 0.0195215, 0.999694, 0.00313796  
63, 259.342, -226.639, 182.368, 0.999723, 0.0168474, -0.0164339, -0.0171982, 0.999622, -0.021444, 0.0160664, 0.0217207, 0.999635, 0.00286974  
64, 259.355, -226.573, 182.385, 0.99972, 0.017452, -0.0159792, -0.0177662, 0.999647, -0.0197368, 0.0156292, 0.0200152, 0.999678, 0.00284866  
65, 259.401, -226.602, 182.345, 0.999697, 0.0180946, -0.0166863, -0.0184022, 0.99966, -0.0184703, 0.0163465, 0.0187718, 0.99969, 0.00299927  
66, 259.307, -226.603, 182.339, 0.999718, 0.0187223, -0.0146283, -0.0189967, 0.999642, -0.0188515, 0.0142702, 0.0191241, 0.999715, 0.00277432  
67, 259.315, -226.601, 182.374, 0.999736, 0.0183321, -0.0138168, -0.018575, 0.999671, -0.0176646, 0.0134884, 0.0179166, 0.999748, 0.00306418  
68, 259.298, -226.621, 182.338, 0.999703, 0.0193814, -0.0147496, -0.0196645, 0.99962, -0.019299, 0.0143699, 0.0195833, 0.999705, 0.00301564  
69, 259.334, -226.63, 182.366, 0.999733, 0.0169074, -0.0157324, -0.0172284, 0.999641, -0.0204973, 0.0153802, 0.0207629, 0.999666, 0.00286697  
70, 259.366, -226.645, 182.328, 0.999714, 0.0185198, -0.0151149, -0.0187742, 0.999682, -0.0168631, 0.0147978, 0.017142, 0.999744, 0.00281759  
71, 259.33, -226.644, 182.387, 0.999743, 0.0170519, -0.0149316, -0.0173459, 0.999654, -0.0197872, 0.014589, 0.0200411, 0.999693, 0.00279485  
72, 259.287, -226.672, 182.385, 0.999745, 0.018577, -0.012862, -0.0188008, 0.99967, -0.017509, 0.0125325, 0.0177464, 0.999764, 0.00285282  
73, 259.312, -226.675, 182.349, 0.999743, 0.0176108, -0.0142714, -0.0178753, 0.999667, -0.0186293, 0.0139385, 0.0188796, 0.999725, 0.00290136  
74, 259.25, -226.645, 182.341, 0.999739, 0.0172295, -0.0149967, -0.017524, 0.999652, -0.0197301, 0.0146516, 0.0199877, 0.999693, 0.00277737  
75, 259.309, -226.63, 182.402, 0.999745, 0.0170478, -0.014829, -0.0173293, 0.999668, -0.0190693, 0.014499, 0.0193214, 0.999708, 0.0028506  
76, 259.312, -226.635, 182.376, 0.99972, 0.0180998, -0.0152095, -0.0184025, 0.99963, -0.0200063, 0.0148417, 0.0202806, 0.999684, 0.00281232  
77, 259.303, -226.661, 182.362, 0.999731, 0.0172244, -0.0155005, -0.0175312, 0.999649, -0.0198793, 0.0151526, 0.0201457, 0.999682, 0.00282397  
78, 259.287, -226.645, 182.392, 0.99974, 0.0178418, -0.014181, -0.0180993, 0.99967, -0.0182454, 0.0138507, 0.0184974, 0.999733, 0.00274492  
79, 259.305, -226.66, 182.364, 0.999743, 0.0173168, -0.0146507, -0.0176026, 0.999653, -0.01961, 0.014306, 0.0198628, 0.9997, 0.00281482  
80, 259.304, -226.672, 182.363, 0.999743, 0.0177026, -0.0141455, -0.017971, 0.999656, -0.0190772, 0.0138029, 0.0193265, 0.999718, 0.00280622  
81, 259.318, -226.636, 182.375, 0.999743, 0.018022, -0.0137437, -0.0182784, 0.999657, -0.0187619, 0.0134008, 0.0190083, 0.99973, 0.00276267  
82, 259.312, -226.637, 182.348, 0.999722, 0.0178666, -0.0153856, -0.018174, 0.999633, -0.020083, 0.0150212, 0.020357, 0.99968, 0.00282619  
83, 259.318, -226.642, 182.369, 0.999728, 0.0180858, -0.0147426, -0.0183673, 0.999647, -0.0191846, 0.0143905, 0.0194502, 0.999707, 0.00279457  
84, 259.342, -226.603, 182.378, 0.999722, 0.0183547, -0.0147816, -0.0186266, 0.999656, -0.0184726, 0.0144374, 0.0187428, 0.99972, 0.0028678  
85, 259.323, -226.63, 182.381, 0.999735, 0.0168402, -0.0157033, -0.017165, 0.999637, -0.0207857, 0.0153475, 0.0210497, 0.999661, 0.00284394  
86, 259.333, -226.61, 182.385, 0.999715, 0.0164865, -0.017271, -0.0168343, 0.999654, -0.0201903, 0.0169322, 0.0204753, 0.999647, 0.00276018  
87, 259.329, -226.616, 182.377, 0.999701, 0.0194523, -0.0147975, -0.0197258, 0.999633, -0.0185637, 0.014431, 0.0188501, 0.999718, 0.00285643  
88, 259.356, -226.627, 182.349, 0.999703, 0.0186433, -0.0156912, -0.0189177, 0.999667, -0.0175239, 0.0153593, 0.0178155, 0.999723, 0.00285809  
89, 259.335, -226.604, 182.368, 0.999739, 0.0175299, -0.0146446, -0.0178052, 0.999663, -0.0188881, 0.0143086, 0.0191439, 0.999714, 0.0027305  
90, 259.317, -226.639, 182.38, 0.99973, 0.0174138, -0.0153969, -0.0177206, 0.999643, -0.0200155, 0.0150428, 0.0202829, 0.999681, 0.00280428  
91, 259.332, -226.594, 182.342, 0.999708, 0.0180638, -0.0160352, -0.0183863, 0.999627, -0.0201996, 0.0156644, 0.0204886, 0.999667, 0.00270442  
92, 259.298, -226.619, 182.372, 0.999731, 0.0180235, -0.0145747, -0.0182951, 0.999657, -0.0187168, 0.0142324, 0.0189784, 0.999719, 0.00291467  
93, 259.328, -226.591, 182.377, 0.999743, 0.0171732, -0.0147694, -0.0174428, 0.99968, -0.0183202, 0.01445, 0.0185731, 0.999723, 0.00290802  
94, 259.331, -226.628, 182.364, 0.999745, 0.0178156, -0.0138968, -0.0180807, 0.999652, -0.0191855, 0.0135501, 0.0194318, 0.999719, 0.00269028  
95, 259.318, -226.609, 182.368, 0.999716, 0.0182173, -0.0153908, -0.0185223, 0.99963, -0.0199152, 0.0150223, 0.0201946, 0.999683, 0.00285088  
96, 259.314, -226.61, 182.379, 0.999725, 0.0171633, -0.015977, -0.0174802, 0.999649, -0.0199099, 0.0156297, 0.0201837, 0.999674, 0.00270193  
97, 259.345, -226.593, 182.384, 0.999743, 0.0176138, -0.0142515, -0.0178762, 0.999669, -0.0184952, 0.013921, 0.0187452, 0.999727, 0.00286863  
98, 259.287, -226.617, 182.368, 0.999758, 0.0169521, -0.0140297, -0.0172196, 0.999668, -0.0191672, 0.0137001, 0.0194042, 0.999718, 0.00275546  
99, 259.341, -226.589, 182.351, 0.999731, 0.0184558, -0.0140378, -0.0187163, 0.999651, -0.0186516, 0.0136887, 0.0189093, 0.999727, 0.00277515  
100, 259.322, -226.607, 182.362, 0.999726, 0.0176588, -0.015378, -0.0179567, 0.99965, -0.0194513, 0.0150291, 0.0197221, 0.999693, 0.00285726  
101, 259.342, -226.596, 182.362, 0.999716, 0.017427, -0.0162783, -0.0177622, 0.999628, -0.0206832, 0.0159118, 0.0209665, 0.999654, 0.00269388  
102, 259.352, -226.57, 182.368, 0.999739, 0.0183402, -0.0136281, -0.0185878, 0.99966, -0.0182747, 0.0132883, 0.0185232, 0.99974, 0.00289637  
103, 259.391, -226.572, 182.333, 0.999702, 0.0180575, -0.0164336, -0.0183519, 0.99967, -0.0179473, 0.0161041, 0.0182435, 0.999704, 0.002728  
104, 259.344, -226.578, 182.351, 0.999717, 0.0181142, -0.015439, -0.0184234, 0.999628, -0.0201311, 0.0150686, 0.0204098, 0.999678, 0.00270248  
105, 259.328, -226.606, 182.335, 0.999705, 0.0180103, -0.016279, -0.0183514, 0.99961, -0.0210525, 0.0158935, 0.0213451, 0.999646, 0.00290802  
106, 259.333, -226.588, 182.353, 0.999739, 0.0179048, -0.0141656, -0.0181685, 0.99966, -0.0187073, 0.0138258, 0.0189597, 0.999725, 0.00270886  
107, 259.332, -226.59, 182.378, 0.999716, 0.017545, -0.0161227, -0.0178719, 0.999633, -0.0203659, 0.0157595, 0.0206483, 0.999663, 0.00293465  
108, 259.338, -226.599, 182.382, 0.999726, 0.0175529, -0.0154691, -0.0178656, 0.999634, -0.0203103, 0.0151069, 0.0205811, 0.999674, 0.00275879  
109, 259.321, -226.615, 182.379, 0.999745, 0.0179645, -0.0137055, -0.018219, 0.99966, -0.0186719, 0.0133654, 0.0189169, 0.999732, 0.00274631  
110, 259.294, -226.635, 182.386, 0.999736, 0.0180105, -0.0142754, -0.0182768, 0.999657, -0.0187444, 0.0139329, 0.0190003, 0.999722, 0.00290108  
111, 259.364, -226.58, 182.368, 0.999683, 0.0182268, -0.0173549, -0.0186116, 0.999579, -0.0222757, 0.0169416, 0.0225916, 0.999601, 0.00272412  
112, 259.319, -226.625, 182.376, 0.999718, 0.0172927, -0.0162569, -0.0176139, 0.999648, -0.0198226, 0.0159084, 0.0201034, 0.999671, 0.00295878  
113, 259.342, -226.592, 182.365, 0.999708, 0.0189875, -0.0149613, -0.0192677, 0.999637, -0.018816, 0.0145986, 0.0190988, 0.999711, 0.00271774  
114, 259.335, -226.62, 182.377, 0.999749, 0.0162201, -0.0154372, -0.0165114, 0.999684, -0.0189316, 0.0151252, 0.0191818, 0.999702, 0.00274298  
115, 259.368, -226.601, 182.368, 0.999719, 0.0188383, -0.0143982, -0.0191118, 0.999635, -0.0190999, 0.0140331, 0.0193697, 0.999714, 0.00279873  
116, 259.39, -226.664, 182.397, 0.999705, 0.0173907, -0.0169697, -0.0177787, 0.999578, -0.0229893, 0.0165628, 0.0232842, 0.999592, 0.00303949  
117, 259.382, -226.732, 182.365, 0.999703, 0.0174619, -0.0170003, -0.0178502, 0.999577, -0.0229624, 0.0165922, 0.0232591, 0.999592, 0.00277072  
118, 259.436, -226.795, 182.373, 0.999683, 0.0176291, -0.0179746, -0.018103, 0.999484, -0.0265492, 0.0174973, 0.0268662, 0.999486, 0.00282924  
119, 259.396, -226.897, 182.405, 0.99973, 0.0170542, -0.0158079, -0.0174543, 0.999522, -0.0255268, 0.015365, 0.0257958, 0.999549, 0.00276018  
120, 259.401, -226.944, 182.43, 0.99971, 0.017989, -0.0160101, -0.0184184, 0.999463, -0.0270854, 0.0155143, 0.0273724, 0.999505, 0.00279152  
121, 259.419, -226.996, 182.44, 0.999734, 0.0185751, -0.0136424, -0.0189316, 0.99947, -0.0264849, 0.0131433, 0.0267362, 0.999556, 0.00275463  
122, 259.48, -227.126, 182.41, 0.999711, 0.0179918, -0.0159676, -0.0184618, 0.999386, -0.0297919, 0.0154218, 0.0300781, 0.999429, 0.00280289  
123, 259.517, -227.24, 182.395, 0.999667, 0.0187901, -0.0177137, -0.0194134, 0.999174, -0.0356972, 0.0170284, 0.0360292, 0.999206, 0.00266476  
124, 259.516, -227.344, 182.43, 0.999654, 0.0198396, -0.0172882, -0.0204914, 0.999053, -0.038381, 0.0165104, 0.038722, 0.999114, 0.00272051  
125, 259.565, -227.47, 182.449, 0.99966, 0.0190043, -0.0178258, -0.0197372, 0.998928, -0.0418813, 0.0170108, 0.0422189, 0.998964, 0.00279374  
126, 259.559, -227.581, 182.476, 0.999699, 0.0196734, -0.0146466, -0.0202772, 0.9989, -0.0422841, 0.0137986, 0.0425684, 0.998998, 0.00276018  
127, 259.605, -227.652, 182.487, 0.999701, 0.0190876, -0.0152736, -0.0197719, 0.998746, -0.0459855, 0.0143767, 0.0462737, 0.998825, 0.00296294  
128, 259.541, -227.727, 182.469, 0.999665, 0.0207174, -0.0155361, -0.0214911, 0.998446, -0.05141, 0.0144468, 0.0517266, 0.998557, 0.00274714  
129, 259.558, -227.8, 182.505, 0.999672, 0.0191292, -0.0170299, -0.0200407, 0.998282, -0.0550662, 0.0159473, 0.0553894, 0.998337, 0.00271718  
130, 259.521, -227.929, 182.566, 0.999688, 0.018417, -0.0168958, -0.0193952, 0.998029, -0.059683, 0.0157633, 0.059992, 0.998074, 0.00277488  
131, 259.5, -227.973, 182.581, 0.999726, 0.0186334, -0.0141952, -0.0194479, 0.998034, -0.0595852, 0.013057, 0.0598449, 0.998122, 0.0027133  
132, 259.456, -227.971, 182.609, 0.999708, 0.0201184, -0.0133549, -0.0209254, 0.997774, -0.0633237, 0.0120512, 0.0635847, 0.997904, 0.00294713  
133, 259.494, -228.042, 182.609, 0.999719, 0.0184476, -0.0148972, -0.019429, 0.99745, -0.0686686, 0.0135925, 0.0689388, 0.997528, 0.00277404  
134, 259.528, -228.056, 182.642, 0.999703, 0.018265, -0.0161242, -0.0193865, 0.997189, -0.072382, 0.0147568, 0.0726731, 0.997247, 0.00263591  
135, 259.51, -228.071, 182.666, 0.999733, 0.018418, -0.0139373, -0.0194121, 0.997, -0.0749219, 0.0125156, 0.0751725, 0.997092, 0.0028065  
136, 259.495, -228.152, 182.689, 0.999756, 0.0182753, -0.0124173, -0.0192343, 0.996439, -0.0820899, 0.0108729, 0.0823087, 0.996548, 0.00272245  
137, 259.51, -228.216, 182.662, 0.999749, 0.0157574, -0.0158998, -0.0171083, 0.995907, -0.0887528, 0.0144362, 0.0890025, 0.995927, 0.00282591  
138, 259.559, -228.094, 182.655, 0.99974, 0.0163552, -0.0158765, -0.0177557, 0.995554, -0.0925061, 0.014293, 0.092764, 0.995586, 0.00277099  
139, 259.65, -228.158, 182.638, 0.999683, 0.0166408, -0.0188705, -0.018505, 0.994472, -0.103355, 0.0170463, 0.103672, 0.994465, 0.00269527  
140, 259.629, -228.202, 182.617, 0.999712, 0.0168893, -0.0170416, -0.0186343, 0.99397, -0.108057, 0.0151139, 0.108343, 0.993999, 0.0027599  
141, 259.716, -228.133, 182.662, 0.999703, 0.0164232, -0.0179811, -0.0183565, 0.993397, -0.113251, 0.0160025, 0.113547, 0.993404, 0.00273549  
142, 259.694, -228.128, 182.616, 0.999738, 0.0159735, -0.0164147, -0.0178033, 0.992835, -0.118158, 0.0144097, 0.118419, 0.992859, 0.00283867  
143, 259.757, -227.982, 182.555, 0.999586, 0.0156444, -0.0241334, -0.0186346, 0.991453, -0.129124, 0.0219071, 0.12952, 0.991335, 0.0027746  
144, 259.787, -227.886, 182.528, 0.999588, 0.0150618, -0.0244283, -0.0181887, 0.990908, -0.133304, 0.0221984, 0.133693, 0.990774, 0.00285587  
145, 259.813, -227.735, 182.528, 0.999619, 0.0168686, -0.0218394, -0.0196881, 0.9905, -0.136095, 0.0193362, 0.136473, 0.990455, 0.0028212  
146, 259.882, -227.597, 182.615, 0.999695, 0.0176282, -0.0173186, -0.0198624, 0.990136, -0.138694, 0.0147028, 0.138995, 0.990184, 0.0027391  
147, 260, -227.417, 182.53, 0.999614, 0.0159158, -0.0227704, -0.0191431, 0.988595, -0.14938, 0.0201332, 0.149758, 0.988518, 0.0028481  
148, 260.083, -227.257, 182.567, 0.99966, 0.0187383, -0.018158, -0.0212957, 0.988029, -0.152793, 0.0150775, 0.153128, 0.988091, 0.00286308  
149, 260.202, -226.924, 182.486, 0.999599, 0.0177539, -0.0220554, -0.0210252, 0.987173, -0.158266, 0.0189627, 0.158667, 0.98715, 0.00274187  
150, 260.404, -226.625, 182.457, 0.999606, 0.0165336, -0.0226835, -0.0200166, 0.986405, -0.163109, 0.0196783, 0.163499, 0.986347, 0.00291884  
151, 260.405, -226.441, 182.476, 0.999679, 0.0174925, -0.0183031, -0.0203066, 0.985745, -0.167019, 0.0151206, 0.167337, 0.985784, 0.00285393  
152, 260.55, -226.027, 182.494, 0.999665, 0.0183292, -0.0182923, -0.0212014, 0.984912, -0.171751, 0.0148683, 0.172081, 0.984971, 0.0028359  
153, 260.772, -225.593, 182.53, 0.999734, 0.0184317, -0.0138871, -0.0205401, 0.984997, -0.171346, 0.0105206, 0.171585, 0.985113, 0.00283424  
154, 260.904, -225.065, 182.535, 0.999697, 0.0206142, -0.0134183, -0.0226338, 0.984527, -0.173766, 0.00962866, 0.174017, 0.984696, 0.00287251  
155, 261.01, -224.452, 182.49, 0.999715, 0.0199995, -0.013055, -0.0220014, 0.983859, -0.177588, 0.00929262, 0.177825, 0.984018, 0.00286641  
156, 261.105, -223.903, 182.435, 0.999692, 0.0214749, -0.0124749, -0.0234033, 0.982682, -0.183819, 0.00831141, 0.184054, 0.982881, 0.00274908  
157, 261.199, -223.162, 182.483, 0.999753, 0.0207008, -0.00806631, -0.0218231, 0.983074, -0.181904, 0.00416423, 0.182035, 0.983283, 0.00282259  
158, 261.391, -222.456, 182.337, 0.999645, 0.0194757, -0.0181857, -0.0226937, 0.979942, -0.197987, 0.013965, 0.19833, 0.980036, 0.0028739  
159, 261.382, -221.662, 182.313, 0.999708, 0.0178292, -0.0163229, -0.0207886, 0.978712, -0.204184, 0.0123349, 0.204464, 0.978796, 0.00283784  
160, 261.557, -220.753, 182.269, 0.999671, 0.0167257, -0.0194543, -0.0204166, 0.977821, -0.208445, 0.0155364, 0.208774, 0.977841, 0.00287529  
161, 261.437, -219.837, 182.169, 0.99976, 0.0163299, -0.0145812, -0.0189884, 0.978301, -0.206319, 0.0108956, 0.206546, 0.978376, 0.00272079  
162, 261.356, -218.791, 182.055, 0.9997, 0.0153273, -0.0191027, -0.0191023, 0.976097, -0.216496, 0.0153278, 0.216796, 0.976097, 0.00284117  
163, 261.256, -217.852, 181.758, 0.999779, 0.0092073, -0.0188926, -0.0128463, 0.979175, -0.202612, 0.0166337, 0.20281, 0.979077, 0.00286835  
164, 261.039, -216.627, 181.736, 0.999801, 0.00902313, -0.017767, -0.0125095, 0.978231, -0.207141, 0.0155112, 0.207322, 0.97815, 0.00279707  
165, 260.869, -215.358, 181.769, 0.999755, 0.0100057, -0.0197339, -0.0138523, 0.97853, -0.205639, 0.0172527, 0.205862, 0.978429, 0.00289581  
166, 260.573, -214.029, 181.719, 0.999681, 0.00956029, -0.0233749, -0.014234, 0.977853, -0.208808, 0.0208609, 0.209074, 0.977677, 0.00283313  
167, 260.247, -212.394, 181.759, 0.999713, 0.00969228, -0.0219246, -0.0139638, 0.978875, -0.203982, 0.0194844, 0.20423, 0.978729, 0.00294907  
168, 259.764, -210.784, 181.642, 0.999654, 0.0124063, -0.023203, -0.0170362, 0.977239, -0.211455, 0.0200515, 0.211777, 0.977112, 0.00296155  
169, 259.25, -209.064, 181.575, 0.999709, 0.0115726, -0.0211693, -0.0157283, 0.977973, -0.208136, 0.0182944, 0.208408, 0.977871, 0.00283229  
170, 258.881, -207.279, 181.647, 0.999571, 0.0110069, -0.0271502, -0.016396, 0.978187, -0.207078, 0.0242787, 0.207434, 0.977948, 0.00300177  
171, 258.546, -205.631, 181.776, 0.999513, 0.00933612, -0.0297893, -0.0152286, 0.978811, -0.204198, 0.0272516, 0.204552, 0.978476, 0.00271274  
172, 258.348, -204.049, 182.068, 0.999519, 0.00806737, -0.0299329, -0.014372, 0.976102, -0.216836, 0.0274683, 0.217162, 0.975749, 0.00291662  
173, 257.988, -202.045, 181.961, 0.999482, 0.00688287, -0.0314409, -0.0133518, 0.977513, -0.210451, 0.0292854, 0.210762, 0.977099, 0.00287168  
174, 257.226, -198.141, 181.907, 0.99942, 0.00298425, -0.0339196, -0.00979293, 0.979257, -0.202387, 0.0326121, 0.202602, 0.978718, 0.00272578  
175, 256.852, -196.067, 181.752, 0.999158, 0.000965918, -0.0410249, -0.00941712, 0.97844, -0.206316, 0.0399411, 0.206528, 0.977625, 0.00265255  
176, 256.443, -193.781, 181.715, 0.998962, 0.00170613, -0.0455242, -0.0110106, 0.978714, -0.204932, 0.0442055, 0.20522, 0.977717, 0.00279485  
177, 255.878, -191.368, 181.65, 0.998827, 0.00298559, -0.048335, -0.0128164, 0.978806, -0.204387, 0.0467004, 0.204767, 0.977696, 0.00264035  
178, 255.302, -189.002, 181.676, 0.998748, 0.00249441, -0.0499634, -0.0126078, 0.979067, -0.203146, 0.0484108, 0.203522, 0.977873, 0.00289803  
179, 254.785, -186.518, 181.699, 0.99873, -0.000600712, -0.0503793, -0.009383, 0.980218, -0.197699, 0.0495014, 0.19792, 0.978967, 0.00283618  
180, 254.178, -184.075, 181.813, 0.998731, -0.000878647, -0.0503474, -0.0091901, 0.979875, -0.199402, 0.0495094, 0.199612, 0.978623, 0.00272079  
181, 253.889, -181.872, 182.136, 0.998777, -0.00496174, -0.0491828, -0.00532725, 0.978351, -0.206883, 0.0491445, 0.206892, 0.977129, 0.00289138  
182, 253.674, -179.173, 182.128, 0.998588, -0.00726013, -0.0526154, -0.00323996, 0.980443, -0.196777, 0.053015, 0.19667, 0.979035, 0.00274908  
183, 253.198, -176.46, 181.919, 0.998627, -0.00479505, -0.0521653, -0.00482413, 0.983153, -0.182722, 0.0521626, 0.182723, 0.98178, 0.00275851  
184, 252.703, -173.769, 181.847, 0.998754, -0.00225276, -0.0498451, -0.00621724, 0.985576, -0.169119, 0.0495071, 0.169218, 0.984334, 0.00295323  
185, 252.46, -170.916, 181.884, 0.9983, -0.00363692, -0.0581627, -0.00639384, 0.98519, -0.171347, 0.0579245, 0.171428, 0.983492, 0.00274131  
186, 252.03, -168.065, 181.899, 0.998071, -0.00500392, -0.0618837, -0.00560628, 0.985411, -0.1701, 0.061832, 0.170118, 0.983482, 0.00290746  
187, 251.545, -165.07, 181.854, 0.997806, -0.00926627, -0.0655536, -0.00188205, 0.985787, -0.167992, 0.0661785, 0.167747, 0.983606, 0.00287002  
188, 251.075, -161.992, 181.818, 0.997624, -0.010199, -0.0681285, -0.00148056, 0.985577, -0.169223, 0.0688718, 0.168922, 0.98322, 0.00271801  
189, 250.597, -158.787, 181.723, 0.99755, -0.00900258, -0.0693702, -0.00250876, 0.986442, -0.164093, 0.0699069, 0.163865, 0.984003, 0.00290996  
190, 250.221, -155.646, 181.588, 0.996961, -0.00882625, -0.0774023, -0.00441953, 0.985553, -0.169308, 0.0777785, 0.169136, 0.982519, 0.00271136  
191, 249.938, -152.442, 181.536, 0.99703, -0.00940254, -0.0764332, -0.00281649, 0.987402, -0.158206, 0.0769579, 0.157952, 0.984443, 0.00294019  
192, 249.752, -149.35, 181.517, 0.996782, -0.0116723, -0.0793046, -0.00044082, 0.988528, -0.151035, 0.0801578, 0.150584, 0.985342, 0.00296127  
193, 249.697, -146.005, 181.854, 0.996617, -0.0070788, -0.0818827, -0.00594846, 0.987458, -0.157767, 0.0819725, 0.15772, 0.984076, 0.00269361  
194, 249.401, -142.567, 181.961, 0.996808, -0.00758096, -0.0794713, -0.00463272, 0.98831, -0.152386, 0.0796975, 0.152267, 0.985121, 0.00278098  
195, 249.095, -139.197, 182.047, 0.996747, -0.0108832, -0.0798507, -0.00124044, 0.98865, -0.150232, 0.0805794, 0.149842, 0.985421, 0.0027219  
196, 249.03, -135.598, 182.095, 0.996807, -0.00965523, -0.0792639, -0.00140809, 0.990383, -0.138348, 0.0798374, 0.138017, 0.987207, 0.0029352  
197, 248.657, -132.176, 181.833, 0.996793, -0.0180469, -0.0779662, 0.00906264, 0.99343, -0.114084, 0.0795128, 0.113012, 0.990407, 0.00277848  
198, 248.806, -128.652, 182.235, 0.997004, -0.0126962, -0.0762994, 0.00244919, 0.991124, -0.132919, 0.0773097, 0.132334, 0.988186, 0.00268861  
199, 248.498, -125.287, 181.869, 0.996651, -0.0193759, -0.0794403, 0.0104408, 0.993723, -0.111384, 0.0810998, 0.110182, 0.990597, 0.00290275  
200, 262.935, -122.137, 182.687, -0.999929, 0.0113875, 0.00350975, -0.0117736, -0.989556, -0.143665, 0.00183711, -0.143697, 0.98962, 0.00271552  
201, 248.972, -117.618, 182.387, 0.996998, -0.0121823, -0.0764693, 0.00443225, 0.994906, -0.100711, 0.0773067, 0.10007, 0.991973, 0.00296349  
202, 248.407, -114.232, 181.889, 0.996815, -0.0208836, -0.0769711, 0.0146971, 0.99668, -0.0800826, 0.078388, 0.0786963, 0.993812, 0.00273299  
203, 248.34, -110.486, 181.987, 0.997275, -0.0227237, -0.0701928, 0.0179549, 0.997535, -0.0678377, 0.0715613, 0.0663925, 0.995224, 0.00272412  
204, 248.452, -106.774, 181.959, 0.997255, -0.0247663, -0.0697808, 0.0203624, 0.997798, -0.0631307, 0.0711906, 0.0615365, 0.995563, 0.00302923  
205, 248.839, -102.726, 182.394, 0.997604, -0.0150827, -0.0675259, 0.0102524, 0.997401, -0.0713168, 0.0684261, 0.0704536, 0.995165, 0.0026814  
206, 249.071, -98.8897, 182.537, 0.998136, -0.016666, -0.0587113, 0.0139315, 0.998813, -0.0466801, 0.0594196, 0.0457751, 0.997183, 0.00301009  
207, 249.08, -95.2716, 182.542, 0.998235, -0.0184811, -0.0564349, 0.015984, 0.998887, -0.0443834, 0.0571923, 0.043403, 0.997419, 0.00274964  
208, 249.096, -91.1289, 182.271, 0.998481, -0.018652, -0.0518455, 0.0173464, 0.999524, -0.0255197, 0.0522968, 0.0245816, 0.998329, 0.00263314  
209, 249.143, -87.4394, 182.261, 0.998276, -0.018053, -0.0558505, 0.0163453, 0.999389, -0.030883, 0.056374, 0.0299169, 0.997961, 0.00278902  
210, 249.106, -83.4669, 181.99, 0.998559, -0.0177734, -0.0506335, 0.0171871, 0.99978, -0.0119919, 0.0508356, 0.0111044, 0.998645, 0.00269472  
211, 249.715, -79.7847, 182.192, 0.99847, -0.0192964, -0.0518234, 0.0180742, 0.99955, -0.0239512, 0.0522622, 0.0229779, 0.998369, 0.00305003  
212, 249.919, -75.883, 182.234, 0.998698, -0.0221778, -0.0459354, 0.0218672, 0.999735, -0.00725411, 0.0460841, 0.00624019, 0.998918, 0.00273133  
213, 250.392, -71.9301, 182.32, 0.998578, -0.0243048, -0.0474488, 0.0249153, 0.999614, 0.0123168, 0.0471311, -0.0134814, 0.998798, 0.00273383  
214, 250.58, -68.0798, 182.432, 0.999025, -0.0218105, -0.0383871, 0.0226184, 0.999529, 0.0207377, 0.0379167, -0.0215857, 0.999048, 0.00283063  
215, 250.933, -64.1872, 182.427, 0.999256, -0.0229616, -0.0309989, 0.0240418, 0.9991, 0.0349353, 0.0301688, -0.0356546, 0.998909, 0.00267863  
216, 251.309, -60.4593, 182.437, 0.999155, -0.0261547, -0.0317204, 0.0274814, 0.998734, 0.042137, 0.0305781, -0.0429731, 0.998608, 0.00281371  
217, 251.648, -56.3975, 182.598, 0.99928, -0.0260601, -0.0275609, 0.0276595, 0.997855, 0.0593367, 0.0259554, -0.0600563, 0.997857, 0.00274464  
218, 251.961, -52.8763, 182.55, 0.999397, -0.0260121, -0.0229967, 0.0275091, 0.997349, 0.0673722, 0.0211832, -0.0679642, 0.997463, 0.00274825  
219, 252.341, -48.7336, 182.586, 0.999143, -0.0296189, -0.0289236, 0.0318032, 0.996427, 0.0782375, 0.026503, -0.0790903, 0.996515, 0.00278153  
220, 252.789, -45.2507, 182.655, 0.999198, -0.0266235, -0.0299037, 0.0288217, 0.996717, 0.0756606, 0.0277912, -0.0764618, 0.996685, 0.00274409  
221, 252.86, -41.5652, 182.637, 0.99923, -0.027386, -0.0281106, 0.0293777, 0.996894, 0.0730755, 0.026022, -0.073845, 0.99693, 0.0028506  
222, 253.084, -37.8999, 182.6, 0.999204, -0.0280487, -0.0283494, 0.0303493, 0.99598, 0.0842747, 0.0258717, -0.085068, 0.996039, 0.00282175  
223, 253.349, -34.2631, 182.587, 0.999211, -0.0302368, -0.0257576, 0.0324991, 0.995183, 0.0924905, 0.0228369, -0.0932546, 0.99538, 0.00306585  
224, 253.797, -27.1878, 182.584, 0.999367, -0.0288757, -0.0207606, 0.0309735, 0.993551, 0.109076, 0.0174771, -0.10965, 0.993817, 0.00277155  
225, 254.056, -23.6681, 182.655, 0.999325, -0.0310984, -0.0195564, 0.0331497, 0.992787, 0.115216, 0.0158323, -0.115786, 0.993148, 0.00278486  
226, 254.536, -20.2303, 182.729, 0.999204, -0.0331824, -0.0221643, 0.0356072, 0.99215, 0.119878, 0.0180125, -0.120572, 0.992541, 0.0028237  
227, 254.787, -16.946, 182.961, 0.999187, -0.03713, -0.01573, 0.038868, 0.990693, 0.130449, 0.0107401, -0.130954, 0.99133, 0.00273272  
228, 255.039, -13.7332, 182.791, 0.999301, -0.0329514, -0.0176735, 0.034987, 0.990763, 0.131012, 0.0131932, -0.131539, 0.991223, 0.00276988  
229, 255.175, -10.5165, 182.665, 0.999335, -0.034352, -0.0122563, 0.0357158, 0.989799, 0.137919, 0.00739353, -0.138265, 0.990368, 0.00272828  
230, 255.551, -7.30049, 182.555, 0.999362, -0.0336055, -0.012135, 0.0349775, 0.989486, 0.140338, 0.00729132, -0.140672, 0.990029, 0.00284422  
231, 255.911, -3.93072, 182.543, 0.999484, -0.0307123, -0.0094182, 0.0317357, 0.989458, 0.141299, 0.0049793, -0.141525, 0.989922, 0.0028212  
232, 256.344, -0.712685, 182.427, 0.999476, -0.0310984, -0.0089507, 0.0320843, 0.98836, 0.14871, 0.00422188, -0.148919, 0.98884, 0.00283257  
233, 256.748, 2.32813, 182.458, 0.999374, -0.0345274, -0.00773441, 0.0353076, 0.987399, 0.15426, 0.00231076, -0.154436, 0.988, 0.00275602  
234, 257.073, 5.24532, 182.574, 0.999489, -0.03188, -0.00244478, 0.0318875, 0.988271, 0.149343, -0.00234495, -0.149345, 0.988782, 0.00281704  
235, 257.377, 8.05629, 182.54, 0.99953, -0.0303097, -0.00465887, 0.0306656, 0.988288, 0.14949, 7.33062e-005, -0.149563, 0.988752, 0.00284589  
236, 257.384, 10.7509, 182.678, 0.999447, -0.0329168, -0.00475271, 0.0332573, 0.98817, 0.149711, -0.000231494, -0.149786, 0.988718, 0.00271801  
237, 257.616, 13.6231, 182.568, 0.999573, -0.0288965, -0.00433111, 0.0292192, 0.988203, 0.150338, -6.42222e-005, -0.1504, 0.988625, 0.00279707  
238, 257.642, 16.3592, 182.706, 0.999617, -0.0275396, -0.00260002, 0.027616, 0.98811, 0.151247, -0.00159618, -0.151261, 0.988493, 0.00276794  
239, 257.722, 19.1628, 182.714, 0.999569, -0.0286091, -0.00663394, 0.0292843, 0.988012, 0.151572, 0.00221807, -0.151701, 0.988424, 0.00278986  
240, 257.754, 21.8936, 182.721, 0.999543, -0.0296088, -0.00608026, 0.030188, 0.98803, 0.151279, 0.00152827, -0.151394, 0.988472, 0.00287584  
241, 257.619, 24.2853, 182.778, 0.999544, -0.0301778, -0.00129621, 0.0300285, 0.988125, 0.150691, -0.00326673, -0.150662, 0.98858, 0.00291662  
242, 257.382, 26.8702, 182.763, 0.999554, -0.0298399, 0.000718122, 0.0293495, 0.986939, 0.158397, -0.00543529, -0.158305, 0.987375, 0.00277432  
243, 257.148, 28.9158, 182.977, 0.999627, -0.0272312, 0.00205597, 0.0265962, 0.987868, 0.152999, -0.00619737, -0.152887, 0.988224, 0.00282619  
244, 256.952, 31.2206, 182.927, 0.999692, -0.0248045, -0.00026236, 0.0245501, 0.987815, 0.153687, -0.00355296, -0.153646, 0.98812, 0.00277987  
245, 256.863, 33.2098, 183.138, 0.999734, -0.0230527, 0.00101245, 0.0226386, 0.98838, 0.15031, -0.00446573, -0.150247, 0.988638, 0.00284228  
246, 256.597, 35.4103, 183.205, 0.99969, -0.0248172, -0.00188862, 0.0248189, 0.988312, 0.15041, -0.00186622, -0.150411, 0.988622, 0.00287113  
247, 256.312, 36.9889, 183.16, 0.99956, -0.0284129, -0.00855628, 0.0293627, 0.988697, 0.147025, 0.00428215, -0.147212, 0.989096, 0.00277765  
248, 255.723, 38.7829, 183.093, 0.999499, -0.0299173, -0.0103412, 0.0311134, 0.988648, 0.146995, 0.00582615, -0.147243, 0.989083, 0.00287945  
249, 255.385, 40.6444, 183.09, 0.99945, -0.030222, -0.0136807, 0.0318739, 0.989145, 0.143444, 0.00919704, -0.143802, 0.989564, 0.00293465  
250, 254.606, 42.3563, 182.93, 0.999548, -0.0278483, -0.0112992, 0.0291868, 0.989138, 0.144063, 0.00716458, -0.144327, 0.989504, 0.00284089  
251, 253.941, 44.2213, 182.734, 0.999535, -0.0278168, -0.012473, 0.0292772, 0.98994, 0.138427, 0.00849688, -0.138728, 0.990294, 0.00284034  
252, 253.154, 45.5985, 182.452, 0.999442, -0.0292568, -0.0160923, 0.0310599, 0.991487, 0.126446, 0.0122559, -0.126875, 0.991843, 0.0027746  
253, 252.455, 47.2962, 182.387, 0.999345, -0.0327307, -0.015442, 0.0345267, 0.990144, 0.135732, 0.0108472, -0.136176, 0.990625, 0.00285005  
254, 251.635, 48.7742, 182.455, 0.999513, -0.0290485, -0.0114399, 0.0303041, 0.990814, 0.131794, 0.0075064, -0.132077, 0.991211, 0.00270137  
255, 250.777, 50.752, 182.327, 0.999549, -0.0272803, -0.0125704, 0.0287139, 0.990663, 0.133276, 0.00881723, -0.133576, 0.990999, 0.00290247  
256, 250.2, 52.1427, 182.352, 0.999473, -0.0244746, -0.021302, 0.0269258, 0.991962, 0.123639, 0.0181048, -0.124147, 0.992099, 0.0029144  
257, 249.388, 53.9373, 182.384, 0.999412, -0.0244939, -0.0239747, 0.0272877, 0.991889, 0.124147, 0.0207394, -0.124728, 0.991974, 0.00269721  
258, 248.794, 55.2457, 182.26, 0.999153, -0.0241818, -0.0332807, 0.0279008, 0.992828, 0.116248, 0.0302309, -0.117079, 0.992662, 0.0028972  
259, 248.03, 56.9357, 182.281, 0.999167, -0.022235, -0.0342303, 0.0260181, 0.993097, 0.114371, 0.0314509, -0.115166, 0.992848, 0.00273965  
260, 247.306, 58.1994, 182.257, 0.999174, -0.0196612, -0.0355621, 0.0231222, 0.99475, 0.0996882, 0.0334154, -0.100428, 0.994383, 0.00290719  
261, 246.597, 59.6164, 182.237, 0.998999, -0.0183224, -0.040797, 0.0219245, 0.99573, 0.0896751, 0.0389797, -0.0904798, 0.995135, 0.0029033  
262, 246.137, 61.1215, 182.217, 0.999, -0.0167311, -0.0414557, 0.0203436, 0.995885, 0.0883108, 0.0398075, -0.0890658, 0.99523, 0.00269416  
263, 245.62, 62.3371, 182.299, 0.998817, -0.0189124, -0.0448051, 0.0223315, 0.996775, 0.0770808, 0.0432028, -0.0779901, 0.996018, 0.00288805  
264, 245.17, 63.7717, 182.256, 0.998702, -0.0210264, -0.0463862, 0.024778, 0.996337, 0.0818432, 0.0444954, -0.0828864, 0.995565, 0.00271607  
265, 244.846, 64.8424, 182.361, 0.998412, -0.0246605, -0.0506437, 0.0285844, 0.996522, 0.0782775, 0.0485372, -0.0796009, 0.995644, 0.0029083  
266, 244.37, 66.1509, 182.379, 0.998478, -0.0253972, -0.0489651, 0.0290964, 0.996654, 0.076379, 0.0468615, -0.0776874, 0.995876, 0.00296183  
267, 244.132, 67.2788, 182.384, 0.998279, -0.0241315, -0.0534514, 0.0276161, 0.997474, 0.0654425, 0.0517372, -0.066806, 0.996424, 0.00270248  
268, 243.709, 68.5453, 182.388, 0.998308, -0.0225921, -0.0535832, 0.0258385, 0.997822, 0.0606886, 0.0520955, -0.0619704, 0.996717, 0.00294463  
269, 243.426, 69.486, 182.439, 0.998261, -0.0223305, -0.0545639, 0.024883, 0.998606, 0.0465563, 0.0534482, -0.0478331, 0.997424, 0.00264645  
270, 243.157, 70.8552, 182.431, 0.998275, -0.02143, -0.0546655, 0.0237543, 0.998826, 0.042229, 0.0536963, -0.0434547, 0.997611, 0.00276129  
271, 243.134, 71.8603, 182.45, 0.997941, -0.0241475, -0.0594173, 0.0259674, 0.999211, 0.0300484, 0.0586449, -0.0315294, 0.997781, 0.00274409  
272, 242.906, 73.0145, 182.438, 0.997829, -0.0234159, -0.0615555, 0.0247867, 0.999459, 0.0216003, 0.0610165, -0.0230791, 0.99787, 0.00272467  
273, 242.745, 74.1839, 182.406, 0.997814, -0.0252325, -0.0610777, 0.0262399, 0.999532, 0.0157475, 0.0606518, -0.0173157, 0.998009, 0.00285005  
274, 242.653, 75.1778, 182.429, 0.99764, -0.0255484, -0.0637356, 0.0258911, 0.999654, 0.00455696, 0.0635972, -0.00619639, 0.997956, 0.00273882  
275, 242.645, 76.3845, 182.429, 0.997784, -0.0273268, -0.0606739, 0.0278072, 0.999588, 0.00708778, 0.0604552, -0.00875924, 0.998132, 0.0028886  
276, 242.737, 77.3891, 182.412, 0.997601, -0.0287743, -0.0629672, 0.0287914, 0.999585, -0.000636298, 0.0629594, -0.00117814, 0.998015, 0.00293686  
277, 242.63, 78.4811, 182.484, 0.997928, -0.0280781, -0.0578838, 0.0280971, 0.999605, -0.000486805, 0.0578746, -0.00114057, 0.998323, 0.00270914  
278, 242.845, 79.4815, 182.544, 0.997714, -0.0297411, -0.0606869, 0.0290275, 0.999499, -0.0126064, 0.0610314, 0.010816, 0.998077, 0.00286281  
279, 242.774, 80.4569, 182.62, 0.997976, -0.0267234, -0.0577066, 0.0254472, 0.999418, -0.0227369, 0.0582806, 0.0212224, 0.998075, 0.00271441  
