0, 266.776, -238.106, 182.117, 0.999577, 0.0133133, -0.0258415, -0.0131385, 0.99989, 0.00691962, 0.0259308, -0.00657717, 0.999642, 0.00279734  
1, 266.807, -238.065, 182.082, 0.999581, 0.0144387, -0.02507, -0.0142496, 0.999869, 0.00770877, 0.025178, -0.00734831, 0.999656, 0.00277931  
2, 266.812, -238.078, 182.075, 0.999579, 0.014384, -0.0252023, -0.0141708, 0.999862, 0.00861671, 0.0253228, -0.00825594, 0.999645, 0.00281482  
3, 266.846, -238.056, 182.105, 0.999547, 0.0127531, -0.0272789, -0.0125489, 0.999892, 0.00764361, 0.0273734, -0.00729783, 0.999599, 0.00280067  
4, 266.799, -238.114, 182.131, 0.99959, 0.0135227, -0.0252242, -0.0133112, 0.999875, 0.00853432, 0.0253364, -0.00819506, 0.999645, 0.00279623  
5, 266.781, -238.077, 182.109, 0.999583, 0.0139983, -0.0252747, -0.0138101, 0.999876, 0.00760608, 0.0253781, -0.00725386, 0.999652, 0.00280705  
6, 266.795, -238.097, 182.079, 0.999576, 0.0133197, -0.0259083, -0.0131366, 0.999888, 0.00722448, 0.0260016, -0.00688107, 0.999638, 0.0027635  
7, 266.792, -238.085, 182.109, 0.999585, 0.013856, -0.0252734, -0.0136484, 0.999872, 0.00836473, 0.0253861, -0.00801631, 0.999646, 0.00279041  
8, 266.804, -238.064, 182.119, 0.999594, 0.0137473, -0.0249531, -0.0135313, 0.99987, 0.00880599, 0.0250709, -0.00846477, 0.99965, 0.00274908  
9, 266.793, -238.083, 182.127, 0.999583, 0.0139827, -0.0252472, -0.0137867, 0.999874, 0.00792087, 0.0253548, -0.0075695, 0.99965, 0.00301925  
10, 266.798, -238.072, 182.122, 0.999565, 0.01314, -0.0264211, -0.0129576, 0.999891, 0.00706105, 0.026511, -0.00671562, 0.999626, 0.00282702  
11, 266.809, -238.065, 182.072, 0.999557, 0.013505, -0.0265369, -0.0133215, 0.999886, 0.00707624, 0.0266294, -0.00671959, 0.999623, 0.00278348  
12, 266.759, -238.1, 182.123, 0.99959, 0.0137366, -0.0251155, -0.0135381, 0.999876, 0.00805318, 0.025223, -0.00770986, 0.999652, 0.0027918  
13, 266.822, -238.057, 182.124, 0.99959, 0.0135909, -0.0251981, -0.0133708, 0.999871, 0.00888298, 0.0253156, -0.00854242, 0.999643, 0.0027979  
14, 266.823, -238.079, 182.098, 0.999569, 0.0144428, -0.0255611, -0.014236, 0.999865, 0.00825437, 0.0256768, -0.00788693, 0.999639, 0.00302784  
15, 266.819, -238.065, 182.075, 0.999557, 0.0137387, -0.0263854, -0.0135231, 0.999874, 0.00833533, 0.0264966, -0.00797483, 0.999617, 0.00284727  
16, 266.819, -238.075, 182.109, 0.999586, 0.0135392, -0.0253715, -0.0133301, 0.999876, 0.00839552, 0.0254821, -0.00805385, 0.999643, 0.00279679  
17, 266.832, -238.081, 182.16, 0.99961, 0.0145145, -0.023864, -0.0143001, 0.999856, 0.00913214, 0.0239931, -0.00878732, 0.999674, 0.0027954  
18, 266.79, -238.099, 182.127, 0.999544, 0.0134431, -0.0270457, -0.0132641, 0.999889, 0.00678452, 0.0271339, -0.00642269, 0.999611, 0.00283673  
19, 266.804, -238.086, 182.131, 0.999598, 0.0136284, -0.0248767, -0.013436, 0.999879, 0.0078858, 0.0249812, -0.00754839, 0.999659, 0.00309858  
20, 266.797, -238.08, 182.11, 0.999578, 0.0141912, -0.0253585, -0.0139854, 0.999868, 0.00827659, 0.0254726, -0.00791844, 0.999644, 0.00283174  
21, 266.821, -238.086, 182.124, 0.999577, 0.0132374, -0.0259047, -0.0130461, 0.999886, 0.00754033, 0.0260016, -0.00719918, 0.999636, 0.00277072  
22, 266.825, -238.075, 182.114, 0.999531, 0.0133854, -0.0275261, -0.0132183, 0.999893, 0.00624327, 0.0276067, -0.00587649, 0.999602, 0.00281898  
23, 266.826, -238.089, 182.127, 0.999594, 0.0131965, -0.0252632, -0.0129779, 0.999877, 0.0087988, 0.0253762, -0.00846736, 0.999642, 0.00295129  
24, 266.797, -238.065, 182.074, 0.999598, 0.0141486, -0.0245636, -0.0139244, 0.99986, 0.00927132, 0.0246914, -0.00892556, 0.999655, 0.0027893  
25, 266.822, -238.064, 182.105, 0.999606, 0.0141526, -0.0242504, -0.0139439, 0.999864, 0.00875529, 0.024371, -0.00841369, 0.999668, 0.00284533  
26, 266.814, -238.068, 182.111, 0.999585, 0.013755, -0.0252922, -0.0135354, 0.999869, 0.00883356, 0.0254104, -0.00848756, 0.999641, 0.00282064  
27, 266.836, -238.078, 182.136, 0.999612, 0.0147889, -0.0236172, -0.014542, 0.999838, 0.0105916, 0.02377, -0.0102441, 0.999665, 0.00290164  
28, 266.793, -238.084, 182.106, 0.99959, 0.0148618, -0.0244862, -0.0146692, 0.99986, 0.00802513, 0.0246021, -0.00766264, 0.999668, 0.00281066  
29, 266.833, -238.072, 182.153, 0.999592, 0.013392, -0.0252162, -0.013188, 0.999879, 0.0082391, 0.0253235, -0.00790319, 0.999648, 0.00283784  
30, 266.79, -238.075, 182.13, 0.999617, 0.0138239, -0.0239888, -0.0136052, 0.999865, 0.00925469, 0.0241135, -0.00892477, 0.999669, 0.00289248  
31, 266.841, -238.079, 182.114, 0.999597, 0.0149276, -0.0241387, -0.0147074, 0.999849, 0.00927536, 0.0242735, -0.0089166, 0.999666, 0.00300344  
32, 266.81, -238.076, 182.121, 0.999592, 0.013206, -0.0253216, -0.0130085, 0.999884, 0.0079491, 0.0254236, -0.00761646, 0.999648, 0.00281343  
33, 266.793, -238.074, 182.102, 0.999566, 0.0146196, -0.0255772, -0.0144391, 0.99987, 0.00722758, 0.0256795, -0.00685513, 0.999647, 0.0028212  
34, 266.806, -238.087, 182.11, 0.999606, 0.0137177, -0.0245069, -0.0135122, 0.999872, 0.00853208, 0.0246208, -0.00819757, 0.999663, 0.00287917  
35, 266.788, -238.09, 182.098, 0.999582, 0.0142321, -0.0251571, -0.0140354, 0.99987, 0.0079759, 0.0252673, -0.00761947, 0.999652, 0.00275962  
36, 266.831, -238.07, 182.1, 0.99955, 0.0137258, -0.0266755, -0.0135431, 0.999884, 0.00701799, 0.0267687, -0.00665356, 0.99962, 0.0028101  
37, 266.798, -238.064, 182.1, 0.999593, 0.0141526, -0.0247536, -0.0139262, 0.99986, 0.00929546, 0.0248816, -0.00894696, 0.99965, 0.00279069  
38, 266.805, -238.082, 182.114, 0.999569, 0.0132187, -0.0262094, -0.0130321, 0.999889, 0.00727923, 0.0263027, -0.00693453, 0.99963, 0.00283451  
39, 266.802, -238.075, 182.091, 0.999573, 0.0147257, -0.0252347, -0.0145143, 0.999858, 0.00854158, 0.0253569, -0.00817167, 0.999645, 0.00286391  
40, 266.813, -238.09, 182.13, 0.999613, 0.0138845, -0.0240921, -0.0136639, 0.999863, 0.00929619, 0.0242179, -0.0089634, 0.999667, 0.0029144  
41, 266.838, -238.061, 182.106, 0.999569, 0.0142878, -0.0256294, -0.0140901, 0.99987, 0.00787981, 0.0257386, -0.0075153, 0.99964, 0.00287446  
42, 266.806, -238.082, 182.111, 0.999602, 0.0141062, -0.0244309, -0.0138935, 0.999864, 0.00885679, 0.0245525, -0.00851383, 0.999662, 0.00288666  
43, 266.843, -238.077, 182.081, 0.999558, 0.0147416, -0.0258215, -0.0145225, 0.999857, 0.00865405, 0.0259454, -0.00827523, 0.999629, 0.00281759  
44, 266.761, -238.12, 182.137, 0.999607, 0.0130675, -0.0247813, -0.01288, 0.999887, 0.00771099, 0.0248792, -0.00738878, 0.999663, 0.00288028  
45, 266.798, -238.058, 182.114, 0.999584, 0.0142888, -0.0250411, -0.0140887, 0.999868, 0.00814799, 0.0251542, -0.00779181, 0.999653, 0.0027721  
46, 266.833, -238.033, 182.123, 0.999588, 0.0139761, -0.0250502, -0.0137465, 0.999862, 0.00931372, 0.0251769, -0.00896554, 0.999643, 0.00285726  
47, 266.833, -238.076, 182.097, 0.999538, 0.0140032, -0.0269897, -0.013833, 0.999883, 0.00648238, 0.0270773, -0.00610603, 0.999615, 0.0028997  
48, 266.833, -238.063, 182.127, 0.999574, 0.014168, -0.0254987, -0.0139484, 0.999864, 0.00876949, 0.0256195, -0.00841009, 0.999636, 0.00285864  
49, 266.821, -238.047, 182.11, 0.999568, 0.0141689, -0.0257408, -0.013943, 0.999863, 0.00893616, 0.0258639, -0.0085734, 0.999629, 0.00279069  
50, 266.8, -238.061, 182.085, 0.999582, 0.014651, -0.0249223, -0.0144423, 0.999859, 0.00853198, 0.0250438, -0.00816847, 0.999653, 0.0028248  
51, 266.862, -238.097, 182.09, 0.999523, 0.0144075, -0.0273221, -0.0142331, 0.999877, 0.00656648, 0.0274134, -0.00617447, 0.999605, 0.00284283  
52, 266.799, -238.063, 182.097, 0.999596, 0.01407, -0.0246863, -0.0138557, 0.999865, 0.00883061, 0.0248073, -0.008485, 0.999656, 0.00286336  
53, 266.8, -238.081, 182.129, 0.999572, 0.0136971, -0.0258638, -0.0134843, 0.999874, 0.00838403, 0.0259754, -0.00803168, 0.99963, 0.00287446  
54, 266.787, -238.073, 182.119, 0.999549, 0.0139098, -0.0266094, -0.01373, 0.999882, 0.00692623, 0.0267026, -0.00655776, 0.999622, 0.00294546  
55, 266.786, -238.089, 182.115, 0.999562, 0.0136489, -0.0262626, -0.0134652, 0.999884, 0.00715936, 0.0263573, -0.00680259, 0.999629, 0.00291412  
56, 266.81, -238.061, 182.115, 0.999574, 0.0134523, -0.0258835, -0.0132409, 0.999878, 0.00832111, 0.0259923, -0.00797485, 0.99963, 0.00284478  
57, 266.801, -238.086, 182.136, 0.999619, 0.0134188, -0.024109, -0.0132018, 0.999871, 0.00913491, 0.0242285, -0.00881315, 0.999668, 0.00285726  
58, 266.826, -238.085, 182.12, 0.999587, 0.0140045, -0.0251131, -0.0137944, 0.999869, 0.00852062, 0.0252291, -0.00817068, 0.999648, 0.00286281  
59, 266.79, -238.07, 182.101, 0.999602, 0.01405, -0.0244527, -0.0138132, 0.999856, 0.00982525, 0.0245872, -0.00948357, 0.999653, 0.00287029  
60, 266.792, -238.06, 182.114, 0.999617, 0.0137329, -0.0240334, -0.0134889, 0.999856, 0.0102848, 0.0241712, -0.00995666, 0.999658, 0.00283229  
61, 266.832, -238.087, 182.141, 0.999573, 0.0140778, -0.0255922, -0.0138821, 0.999873, 0.00781108, 0.0256989, -0.00745248, 0.999642, 0.00287556  
62, 266.819, -238.08, 182.104, 0.999574, 0.0138276, -0.02572, -0.0136179, 0.999873, 0.00831031, 0.0258316, -0.00795651, 0.999635, 0.00290469  
63, 266.786, -238.083, 182.111, 0.999574, 0.0139573, -0.0256423, -0.013783, 0.999881, 0.00696146, 0.0257364, -0.00660507, 0.999647, 0.00288333  
64, 266.832, -238.081, 182.127, 0.999556, 0.0136595, -0.0264751, -0.0134726, 0.999883, 0.00722267, 0.0265707, -0.00686277, 0.999623, 0.00287917  
65, 266.801, -238.078, 182.124, 0.999612, 0.0140349, -0.024042, -0.0138209, 0.999864, 0.00904714, 0.0241657, -0.00871135, 0.99967, 0.0029266  
66, 266.818, -238.099, 182.119, 0.999568, 0.0133226, -0.0261897, -0.0131184, 0.999882, 0.007956, 0.0262926, -0.00760899, 0.999625, 0.00292272  
67, 266.795, -238.113, 182.143, 0.999622, 0.0132777, -0.0240826, -0.013044, 0.999867, 0.00983672, 0.02421, -0.00951887, 0.999662, 0.00460307  
68, 266.811, -238.095, 182.125, 0.999586, 0.0148169, -0.0246467, -0.0146231, 0.999861, 0.00802491, 0.0247622, -0.00766118, 0.999664, 0.00374098  
69, 266.84, -238.057, 182.118, 0.999566, 0.0134731, -0.0262058, -0.0132682, 0.99988, 0.00797595, 0.0263102, -0.00762478, 0.999625, 0.00290413  
70, 266.802, -238.09, 182.13, 0.999597, 0.0133197, -0.0250719, -0.0131221, 0.999882, 0.00802574, 0.0251758, -0.00769351, 0.999653, 0.00337512  
71, 266.815, -238.065, 182.126, 0.999575, 0.0136248, -0.0257791, -0.0134129, 0.999875, 0.00837492, 0.02589, -0.00802559, 0.999633, 0.00278569  
72, 266.819, -238.068, 182.127, 0.999579, 0.0141426, -0.025341, -0.0139228, 0.999864, 0.00882956, 0.0254625, -0.00847302, 0.99964, 0.00278708  
73, 266.839, -238.075, 182.114, 0.99957, 0.0129156, -0.0263342, -0.0127287, 0.999893, 0.00725406, 0.0264251, -0.00691574, 0.999627, 0.00277488  
74, 266.784, -238.098, 182.114, 0.999601, 0.0139602, -0.0245348, -0.0137544, 0.999869, 0.0085384, 0.0246508, -0.00819754, 0.999663, 0.00287418  
75, 266.774, -238.085, 182.094, 0.999585, 0.0140471, -0.0251686, -0.0138276, 0.999865, 0.00887508, 0.0252899, -0.00852337, 0.999644, 0.00455009  
76, 266.842, -238.059, 182.104, 0.999542, 0.0152638, -0.0261427, -0.0150461, 0.999851, 0.00850591, 0.0262687, -0.00810866, 0.999622, 0.00277626  
77, 266.832, -238.097, 182.092, 0.999552, 0.0156074, -0.0255436, -0.0153961, 0.999846, 0.00844802, 0.0256715, -0.00805096, 0.999638, 0.00278292  
78, 266.81, -238.07, 182.106, 0.999584, 0.013478, -0.0254797, -0.01326, 0.999874, 0.00870555, 0.0255938, -0.00836407, 0.999637, 0.00289637  
79, 266.806, -238.092, 182.148, 0.999612, 0.0135024, -0.0243802, -0.0132751, 0.999867, 0.00946215, 0.0245048, -0.00913482, 0.999658, 0.00301314  
80, 266.826, -238.081, 182.129, 0.999604, 0.0133803, -0.0247383, -0.013163, 0.999874, 0.00892633, 0.0248546, -0.00859716, 0.999654, 0.00291162  
81, 266.784, -238.09, 182.112, 0.999569, 0.0144579, -0.0255376, -0.0142805, 0.999873, 0.00711437, 0.0256372, -0.00674661, 0.999649, 0.00277904  
82, 266.789, -238.073, 182.083, 0.999577, 0.0140323, -0.025473, -0.0138166, 0.999867, 0.00862539, 0.0255906, -0.0082698, 0.999638, 0.00278819  
83, 266.789, -238.063, 182.096, 0.999549, 0.0144935, -0.026289, -0.0143257, 0.999876, 0.00656014, 0.0263808, -0.00618057, 0.999633, 0.0028886  
84, 266.797, -238.065, 182.101, 0.999569, 0.0131793, -0.0262386, -0.0130101, 0.999894, 0.00660898, 0.026323, -0.00626476, 0.999634, 0.00296571  
85, 266.783, -238.093, 182.126, 0.999623, 0.0134984, -0.023899, -0.0132669, 0.999864, 0.00981563, 0.0240282, -0.00949486, 0.999666, 0.0029879  
86, 266.761, -238.094, 182.117, 0.999601, 0.0133295, -0.0249108, -0.0131347, 0.999882, 0.00796587, 0.0250141, -0.00763549, 0.999658, 0.00280456  
87, 266.847, -238.065, 182.084, 0.99958, 0.0142731, -0.0252368, -0.0140648, 0.999866, 0.00841326, 0.0253535, -0.00805477, 0.999646, 0.00292743  
88, 266.808, -238.08, 182.105, 0.999597, 0.0139151, -0.0247587, -0.0137034, 0.999868, 0.00870032, 0.0248765, -0.00835754, 0.999656, 0.00295129  
89, 266.813, -238.078, 182.092, 0.999564, 0.0144639, -0.0257385, -0.014272, 0.999869, 0.00762035, 0.0258453, -0.00724969, 0.99964, 0.00300011  
90, 266.815, -238.057, 182.112, 0.999585, 0.0131465, -0.0256151, -0.012942, 0.999883, 0.00813515, 0.0257191, -0.00780027, 0.999639, 0.00285698  
91, 266.83, -238.077, 182.118, 0.999581, 0.0135523, -0.0255799, -0.0133543, 0.99988, 0.00789619, 0.0256839, -0.00755128, 0.999642, 0.0027721  
92, 266.798, -238.062, 182.091, 0.999543, 0.0138775, -0.0268584, -0.0136929, 0.999881, 0.00704524, 0.026953, -0.00667425, 0.999614, 0.00278875  
93, 266.793, -238.059, 182.113, 0.999583, 0.0137785, -0.0253772, -0.0135936, 0.99988, 0.00744653, 0.0254768, -0.00709846, 0.99965, 0.00298568  
94, 266.814, -238.072, 182.149, 0.999628, 0.014494, -0.0230906, -0.0142785, 0.999853, 0.00946824, 0.0232244, -0.00913502, 0.999689, 0.00305364  
95, 266.798, -238.082, 182.12, 0.999581, 0.0145556, -0.0250233, -0.0143351, 0.999857, 0.00896761, 0.0251502, -0.00860514, 0.999647, 0.00290081  
96, 266.819, -238.056, 182.094, 0.999584, 0.0136128, -0.0254291, -0.0133917, 0.999871, 0.00884304, 0.0255462, -0.00849882, 0.999638, 0.00276572  
97, 266.819, -238.079, 182.076, 0.999548, 0.0139467, -0.0266356, -0.0137344, 0.999873, 0.00813772, 0.0267457, -0.00776821, 0.999612, 0.00277377  
98, 266.81, -238.067, 182.098, 0.999606, 0.0145299, -0.0240041, -0.0143243, 0.999859, 0.00871321, 0.0241274, -0.00836594, 0.999674, 0.00297487  
99, 266.837, -238.028, 182.139, 0.999619, 0.0142872, -0.0236217, -0.0140575, 0.999853, 0.00986016, 0.0237591, -0.00952434, 0.999672, 0.00279429  
100, 266.852, -238.078, 182.081, 0.99955, 0.0140061, -0.0265363, -0.013791, 0.999871, 0.00827329, 0.0266487, -0.0079036, 0.999614, 0.00287778  
101, 266.811, -238.097, 182.147, 0.99961, 0.0139995, -0.0241503, -0.013782, 0.999863, 0.00915117, 0.0242751, -0.00881477, 0.999666, 0.00280816  
102, 266.842, -238.07, 182.137, 0.999602, 0.0126879, -0.0252162, -0.0124587, 0.99988, 0.00922551, 0.0253303, -0.00890767, 0.999639, 0.00280899  
103, 266.788, -238.064, 182.141, 0.999604, 0.0136344, -0.0246129, -0.0134378, 0.999877, 0.00813383, 0.0247207, -0.00779987, 0.999664, 0.00296238  
104, 266.817, -238.058, 182.127, 0.999548, 0.0138644, -0.026678, -0.0136643, 0.999877, 0.0076679, 0.026781, -0.0072999, 0.999615, 0.00298818  
105, 266.844, -238.064, 182.121, 0.999595, 0.0132232, -0.0251866, -0.0130157, 0.99988, 0.00838641, 0.0252945, -0.00805519, 0.999648, 0.0028972  
106, 266.782, -238.073, 182.118, 0.999555, 0.0139514, -0.0263718, -0.0137798, 0.999883, 0.00668064, 0.0264619, -0.00631427, 0.99963, 0.00300427  
107, 266.771, -238.065, 182.111, 0.999581, 0.0142006, -0.0252027, -0.0140106, 0.999872, 0.00770063, 0.0253088, -0.0073443, 0.999653, 0.00283923  
108, 266.814, -238.074, 182.129, 0.999601, 0.013577, -0.0247673, -0.0133569, 0.99987, 0.00903175, 0.0248867, -0.00869733, 0.999652, 0.00279513  
109, 266.813, -238.087, 182.122, 0.999587, 0.0130696, -0.0256009, -0.0128731, 0.999887, 0.00782528, 0.0257003, -0.00749248, 0.999642, 0.0028445  
110, 266.8, -238.058, 182.082, 0.999584, 0.0138408, -0.0253105, -0.0136349, 0.999873, 0.00829105, 0.0254221, -0.00794249, 0.999645, 0.00284783  
111, 266.807, -238.046, 182.125, 0.999611, 0.0129324, -0.0247104, -0.0126994, 0.999874, 0.00956557, 0.024831, -0.00924804, 0.999649, 0.00280289  
112, 266.816, -238.064, 182.114, 0.999553, 0.0136, -0.0266356, -0.0134213, 0.999886, 0.00687719, 0.0267261, -0.00651663, 0.999622, 0.00280123  
113, 266.809, -238.099, 182.131, 0.999582, 0.0142238, -0.0251827, -0.0140269, 0.99987, 0.00798045, 0.0252929, -0.00762388, 0.999651, 0.00282786  
114, 266.812, -238.06, 182.112, 0.999579, 0.013451, -0.0257091, -0.0132566, 0.999882, 0.00772048, 0.0258099, -0.00737642, 0.99964, 0.00307833  
115, 266.794, -238.108, 182.105, 0.9996, 0.0139931, -0.0245738, -0.0137762, 0.999865, 0.00897631, 0.024696, -0.00863419, 0.999658, 0.00285116  
116, 266.8, -238.081, 182.104, 0.999554, 0.0141541, -0.0262931, -0.0139688, 0.999876, 0.00721472, 0.026392, -0.00684422, 0.999628, 0.00278791  
117, 266.803, -238.064, 182.098, 0.999552, 0.0145117, -0.0261788, -0.0143064, 0.999866, 0.00801254, 0.0262915, -0.00763442, 0.999625, 0.00286863  
118, 266.798, -238.074, 182.125, 0.999602, 0.0141395, -0.0244244, -0.0139272, 0.999864, 0.00883971, 0.024546, -0.00849603, 0.999663, 0.00283479  
119, 266.817, -238.088, 182.104, 0.999559, 0.0140709, -0.0261504, -0.013883, 0.999877, 0.00735104, 0.0262506, -0.00698475, 0.999631, 0.00289359  
120, 266.797, -238.082, 182.1, 0.999583, 0.0134299, -0.0255467, -0.0132151, 0.999876, 0.00856035, 0.0256585, -0.00821918, 0.999637, 0.002766  
121, 266.837, -238.116, 182.167, 0.999605, 0.0140559, -0.0243378, -0.0138372, 0.999863, 0.00913376, 0.0244628, -0.00879339, 0.999662, 0.0028592  
122, 266.83, -238.066, 182.125, 0.999599, 0.0141756, -0.0245074, -0.0139597, 0.999862, 0.00896019, 0.024631, -0.00861448, 0.999659, 0.00282952  
123, 266.812, -238.066, 182.104, 0.999572, 0.0140118, -0.0256863, -0.0137814, 0.999863, 0.00912481, 0.0258107, -0.00876691, 0.999628, 0.00284616  
124, 266.856, -238.069, 182.121, 0.99955, 0.0141612, -0.0264367, -0.0139673, 0.999874, 0.00750526, 0.0265397, -0.00713263, 0.999622, 0.0029083  
125, 266.826, -238.049, 182.105, 0.999574, 0.0148492, -0.0251096, -0.0146362, 0.999856, 0.00864409, 0.0252344, -0.0082729, 0.999647, 0.00286669  
126, 266.847, -238.067, 182.143, 0.999605, 0.0141672, -0.0242638, -0.0139061, 0.999844, 0.0108936, 0.0244143, -0.0105519, 0.999646, 0.00286059  
127, 266.784, -238.078, 182.131, 0.999626, 0.0128888, -0.024131, -0.0126587, 0.999873, 0.00966483, 0.0242525, -0.00935575, 0.999662, 0.00289332  
128, 266.827, -238.042, 182.107, 0.999578, 0.0138343, -0.0255333, -0.013608, 0.999867, 0.00901246, 0.0256546, -0.0086612, 0.999633, 0.00288222  
129, 266.792, -238.058, 182.135, 0.999589, 0.0133015, -0.0254061, -0.0131106, 0.999885, 0.00766261, 0.0255051, -0.00732637, 0.999648, 0.00290691  
130, 266.808, -238.093, 182.123, 0.999608, 0.0135272, -0.0245325, -0.0132995, 0.999867, 0.00942214, 0.0246567, -0.00909217, 0.999655, 0.00284256  
131, 266.801, -238.049, 182.106, 0.999597, 0.0133934, -0.0250314, -0.0131879, 0.999878, 0.00835649, 0.0251402, -0.00802301, 0.999652, 0.00281898  
132, 266.799, -238.093, 182.113, 0.999581, 0.013818, -0.0254224, -0.0136074, 0.999872, 0.00843791, 0.0255357, -0.00808844, 0.999641, 0.0029904  
133, 266.784, -238.059, 182.111, 0.99959, 0.0139542, -0.0249882, -0.0137385, 0.999867, 0.00878036, 0.0251074, -0.00843346, 0.999649, 0.00284339  
134, 266.808, -238.095, 182.105, 0.999596, 0.0122728, -0.0256394, -0.0120692, 0.999894, 0.0080838, 0.0257359, -0.00777108, 0.999639, 0.00297875  
135, 266.831, -238.08, 182.084, 0.99956, 0.0142421, -0.0260275, -0.0140398, 0.99987, 0.00793928, 0.0261372, -0.00757036, 0.99963, 0.00290441  
136, 266.819, -238.078, 182.096, 0.999563, 0.0140882, -0.0260014, -0.0138823, 0.999871, 0.0080816, 0.0261119, -0.00771711, 0.999629, 0.00283118  
137, 266.799, -238.106, 182.113, 0.999597, 0.0132267, -0.0251001, -0.0130169, 0.999879, 0.00850334, 0.0252095, -0.00817319, 0.999649, 0.00281537  
138, 266.814, -238.092, 182.115, 0.999606, 0.0131555, -0.0248058, -0.0129363, 0.999876, 0.00897519, 0.0249208, -0.00865076, 0.999652, 0.0028126  
139, 266.809, -238.068, 182.101, 0.99955, 0.0146304, -0.0261771, -0.0144595, 0.999873, 0.00670569, 0.0262719, -0.00632416, 0.999635, 0.00292688  
140, 266.825, -238.08, 182.128, 0.999579, 0.0135577, -0.0256528, -0.0133531, 0.999878, 0.00813069, 0.0257599, -0.00778472, 0.999638, 0.00296599  
141, 266.774, -238.065, 182.082, 0.999582, 0.0137386, -0.0254484, -0.0135408, 0.999877, 0.00792605, 0.0255541, -0.00757815, 0.999645, 0.00283451  
142, 266.814, -238.052, 182.106, 0.99954, 0.0135817, -0.0271081, -0.0134198, 0.999891, 0.00614605, 0.0271886, -0.00577944, 0.999614, 0.00282786  
143, 266.787, -238.094, 182.106, 0.999566, 0.0137398, -0.0260467, -0.0135586, 0.999883, 0.00712165, 0.0261415, -0.00676541, 0.999635, 0.00283618  
144, 266.818, -238.083, 182.114, 0.999591, 0.0134872, -0.0252167, -0.0132747, 0.999875, 0.00857607, 0.0253292, -0.00823782, 0.999645, 0.00288083  
145, 266.81, -238.078, 182.109, 0.999573, 0.0137241, -0.0257919, -0.0135134, 0.999874, 0.00832429, 0.0259028, -0.0079722, 0.999633, 0.00291079  
146, 266.818, -238.077, 182.12, 0.99958, 0.0131251, -0.0258544, -0.0129325, 0.999887, 0.0075999, 0.0259512, -0.00726234, 0.999637, 0.00282231  
147, 266.799, -238.091, 182.136, 0.999586, 0.0139232, -0.0251888, -0.0137237, 0.999873, 0.00807602, 0.0252981, -0.00772699, 0.99965, 0.00287695  
148, 266.805, -238.063, 182.092, 0.999575, 0.013188, -0.025986, -0.0129676, 0.999879, 0.00863194, 0.0260967, -0.00829129, 0.999625, 0.00283063  
149, 266.782, -238.103, 182.099, 0.999614, 0.0142477, -0.0238669, -0.0140234, 0.999856, 0.00953755, 0.0239994, -0.00919916, 0.99967, 0.00290108  
150, 266.803, -238.101, 182.104, 0.999574, 0.0135777, -0.0258241, -0.013377, 0.999879, 0.00792692, 0.0259286, -0.00757809, 0.999635, 0.0029646  
151, 266.804, -238.081, 182.118, 0.999563, 0.0150355, -0.0254619, -0.0148546, 0.999863, 0.00727694, 0.0255678, -0.00689554, 0.999649, 0.00289665  
152, 266.795, -238.07, 182.09, 0.999565, 0.0141278, -0.0258907, -0.0139365, 0.999874, 0.00755324, 0.0259942, -0.00718913, 0.999636, 0.00288721  
153, 266.822, -238.054, 182.13, 0.999598, 0.0138982, -0.0247058, -0.0137078, 0.999875, 0.00786122, 0.024812, -0.0075194, 0.999664, 0.00293548  
154, 266.823, -238.052, 182.125, 0.999578, 0.0136064, -0.0256739, -0.013393, 0.999874, 0.00846518, 0.0257859, -0.00811776, 0.999635, 0.0029327  
155, 266.815, -238.056, 182.1, 0.999566, 0.0142229, -0.0257962, -0.014017, 0.999869, 0.00814432, 0.0259086, -0.0077792, 0.999634, 0.00287723  
156, 266.819, -238.064, 182.109, 0.99959, 0.0127057, -0.0256599, -0.0125132, 0.999892, 0.00764774, 0.0257543, -0.00732351, 0.999641, 0.00293215  
157, 266.79, -238.094, 182.098, 0.999611, 0.0128694, -0.0247442, -0.0126501, 0.999879, 0.00899818, 0.024857, -0.00868166, 0.999653, 0.00298707  
158, 266.816, -238.078, 182.106, 0.999573, 0.0139313, -0.025702, -0.0137181, 0.99987, 0.00845499, 0.0258165, -0.00809879, 0.999634, 0.00290524  
159, 266.795, -238.053, 182.105, 0.999592, 0.0141465, -0.0248098, -0.0139134, 0.999858, 0.00954128, 0.0249412, -0.0091922, 0.999647, 0.002961  
160, 266.811, -238.071, 182.105, 0.99958, 0.0138873, -0.0254544, -0.0136907, 0.999875, 0.00788047, 0.0255607, -0.00752867, 0.999645, 0.00295711  
161, 266.799, -238.063, 182.108, 0.999602, 0.0139688, -0.0245262, -0.0137401, 0.999861, 0.00946766, 0.0246551, -0.0091269, 0.999654, 0.00293659  
162, 266.797, -238.081, 182.1, 0.999575, 0.0127068, -0.0262329, -0.0125473, 0.999902, 0.00623514, 0.0263096, -0.00590334, 0.999636, 0.00293243  
163, 266.8, -238.064, 182.114, 0.999575, 0.0145834, -0.0252266, -0.014374, 0.999861, 0.00846505, 0.0253466, -0.00809885, 0.999646, 0.00289914  
164, 266.806, -238.091, 182.121, 0.999575, 0.0137965, -0.025673, -0.0136027, 0.999878, 0.00770753, 0.0257762, -0.00735503, 0.999641, 0.0029818  
165, 266.8, -238.059, 182.101, 0.999609, 0.013765, -0.0243575, -0.0135507, 0.999868, 0.00893935, 0.0244774, -0.00860579, 0.999663, 0.00298291  
166, 266.848, -238.076, 182.086, 0.999533, 0.0143687, -0.0269639, -0.0141569, 0.999868, 0.00802963, 0.0270757, -0.00764416, 0.999604, 0.00290968  
167, 266.836, -238.094, 182.131, 0.999551, 0.0134535, -0.0267912, -0.0132765, 0.999889, 0.00677414, 0.0268793, -0.0064154, 0.999618, 0.00280428  
168, 266.801, -238.106, 182.119, 0.999583, 0.0133737, -0.0255992, -0.0132124, 0.999892, 0.00645776, 0.0256828, -0.00611683, 0.999651, 0.00293437  
169, 266.815, -238.096, 182.107, 0.999545, 0.0129778, -0.0272358, -0.0127962, 0.999895, 0.0068305, 0.0273215, -0.00647887, 0.999606, 0.00293686  
170, 266.844, -238.066, 182.103, 0.999553, 0.0146411, -0.0260572, -0.0144189, 0.999858, 0.00869379, 0.0261807, -0.00831419, 0.999623, 0.00288721  
171, 266.827, -238.071, 182.098, 0.999545, 0.0140115, -0.0266966, -0.0138154, 0.999876, 0.0075152, 0.0267986, -0.00714296, 0.999615, 0.00280483  
172, 266.8, -238.033, 182.111, 0.99959, 0.0133831, -0.0253158, -0.0131741, 0.999878, 0.0084074, 0.0254252, -0.00807044, 0.999644, 0.00295795  
173, 266.828, -238.101, 182.113, 0.999609, 0.0139294, -0.0242267, -0.0136998, 0.99986, 0.00961986, 0.0243573, -0.0092842, 0.99966, 0.00275768  
174, 266.819, -238.077, 182.107, 0.999559, 0.0140879, -0.0261369, -0.0138993, 0.999876, 0.00738425, 0.0262377, -0.00701771, 0.999631, 0.00299317  
175, 266.798, -238.092, 182.137, 0.99963, 0.014688, -0.022896, -0.0144545, 0.999842, 0.0103315, 0.0230441, -0.00999675, 0.999684, 0.00303783  
176, 266.824, -238.053, 182.157, 0.99963, 0.0142161, -0.0232042, -0.013997, 0.999856, 0.00957991, 0.023337, -0.00925158, 0.999685, 0.00280622  
177, 266.847, -238.096, 182.117, 0.999595, 0.0133927, -0.0251215, -0.0131573, 0.999868, 0.00951102, 0.0252456, -0.00917664, 0.999639, 0.00281232  
178, 266.832, -238.066, 182.087, 0.999534, 0.0144056, -0.0269007, -0.0142276, 0.999876, 0.00679745, 0.0269952, -0.00641155, 0.999615, 0.00290802  
179, 266.809, -238.086, 182.1, 0.999594, 0.0151252, -0.0241282, -0.0149127, 0.999849, 0.00896277, 0.0242601, -0.00859932, 0.999669, 0.00306529  
180, 266.826, -238.08, 182.095, 0.99954, 0.0139482, -0.0269409, -0.0137602, 0.99988, 0.00715142, 0.0270374, -0.00677742, 0.999611, 0.00302812  
181, 266.794, -238.07, 182.118, 0.99959, 0.0132511, -0.0253874, -0.0130392, 0.999879, 0.00849582, 0.0254969, -0.00816131, 0.999642, 0.00280539  
182, 266.803, -238.071, 182.086, 0.999587, 0.0136394, -0.0252747, -0.013446, 0.999879, 0.00780764, 0.0253781, -0.00746457, 0.99965, 0.00281537  
183, 266.829, -238.063, 182.114, 0.999588, 0.0129917, -0.0255768, -0.0127734, 0.999881, 0.00868314, 0.0256866, -0.00835287, 0.999635, 0.00296183  
184, 266.788, -238.083, 182.145, 0.999591, 0.0130262, -0.0254482, -0.0128183, 0.999883, 0.00831491, 0.0255536, -0.00798531, 0.999642, 0.00292466  
185, 266.798, -238.069, 182.114, 0.999592, 0.0136312, -0.02511, -0.013413, 0.999871, 0.00884149, 0.0252272, -0.00850108, 0.999646, 0.00310579  
186, 266.796, -238.099, 182.102, 0.999599, 0.0142808, -0.0244372, -0.014084, 0.999867, 0.00820486, 0.0245512, -0.0078574, 0.999668, 0.00280788  
187, 266.811, -238.092, 182.121, 0.999605, 0.0134547, -0.0246717, -0.0132449, 0.999875, 0.00864606, 0.024785, -0.00831587, 0.999658, 0.00281565  
188, 266.827, -238.072, 182.111, 0.999561, 0.0144476, -0.025878, -0.014256, 0.99987, 0.00757683, 0.0259841, -0.00720458, 0.999636, 0.002956  
189, 266.804, -238.066, 182.089, 0.999572, 0.0147485, -0.0252717, -0.0145343, 0.999857, 0.008641, 0.0253955, -0.00826999, 0.999643, 0.00305059  
190, 266.788, -238.057, 182.135, 0.999591, 0.0134904, -0.0252299, -0.0132823, 0.999877, 0.00839918, 0.0253401, -0.00806063, 0.999646, 0.00286391  
191, 266.835, -238.053, 182.098, 0.999574, 0.0134474, -0.0258975, -0.0132474, 0.999881, 0.00787939, 0.0260004, -0.00753296, 0.999634, 0.00279096  
192, 266.813, -238.097, 182.101, 0.999576, 0.0142762, -0.0253903, -0.0140515, 0.999861, 0.00900985, 0.0255154, -0.00864926, 0.999637, 0.00288139  
193, 266.795, -238.061, 182.113, 0.999585, 0.0140012, -0.0251815, -0.0137658, 0.99986, 0.00949617, 0.0253109, -0.00914558, 0.999638, 0.0028384  
194, 266.815, -238.082, 182.128, 0.999615, 0.0135692, -0.024182, -0.0133419, 0.999866, 0.00953813, 0.0243082, -0.00921183, 0.999662, 0.00280899  
195, 266.803, -238.047, 182.103, 0.999582, 0.0136197, -0.0254959, -0.0134172, 0.999877, 0.00809691, 0.025603, -0.00775145, 0.999642, 0.00279152  
196, 266.848, -238.059, 182.108, 0.999554, 0.0132913, -0.0267274, -0.0130558, 0.999875, 0.0089661, 0.0268433, -0.00861316, 0.999603, 0.00274215  
197, 266.791, -238.079, 182.11, 0.999563, 0.0140586, -0.0259953, -0.0138798, 0.999879, 0.00704535, 0.0260912, -0.00668147, 0.999637, 0.00277904  
198, 266.814, -238.081, 182.116, 0.99959, 0.0144437, -0.0247337, -0.0142206, 0.999857, 0.00916867, 0.0248626, -0.00881318, 0.999652, 0.00280594  
199, 266.803, -238.1, 182.133, 0.999578, 0.0133959, -0.0257883, -0.0132125, 0.999886, 0.00726695, 0.0258827, -0.00692316, 0.999641, 0.00278569  
200, 266.816, -238.09, 182.115, 0.99959, 0.0138407, -0.0250786, -0.0136341, 0.999872, 0.00839216, 0.0251915, -0.0080468, 0.99965, 0.00274492  
201, 266.825, -238.075, 182.098, 0.999573, 0.0136422, -0.0258424, -0.0134455, 0.999879, 0.00776815, 0.0259452, -0.00741736, 0.999636, 0.00276545  
202, 266.801, -238.072, 182.132, 0.999625, 0.0137094, -0.0237123, -0.0134769, 0.99986, 0.00993806, 0.0238452, -0.00961476, 0.999669, 0.00278542  
203, 266.816, -238.065, 182.115, 0.999578, 0.0140203, -0.0254224, -0.0137968, 0.999865, 0.00894679, 0.0255444, -0.00859227, 0.999637, 0.00283535  
204, 266.805, -238.072, 182.099, 0.99957, 0.0140541, -0.025752, -0.0138348, 0.999867, 0.00867643, 0.0258705, -0.00831642, 0.999631, 0.00294962  
205, 266.791, -238.09, 182.098, 0.999581, 0.0132142, -0.02575, -0.013008, 0.999882, 0.00816071, 0.0258548, -0.00782234, 0.999635, 0.00296266  
206, 266.794, -238.092, 182.111, 0.999613, 0.0136603, -0.02422, -0.0134177, 0.999858, 0.0101513, 0.0243553, -0.00982241, 0.999655, 0.00280345  
207, 266.813, -238.062, 182.098, 0.999556, 0.0139681, -0.026313, -0.0137491, 0.999869, 0.00848225, 0.026428, -0.00811671, 0.999618, 0.00289914  
208, 266.815, -238.08, 182.112, 0.999604, 0.0144599, -0.0241338, -0.0142498, 0.999859, 0.00885737, 0.0242585, -0.00850997, 0.999669, 0.00286918  
209, 266.849, -238.08, 182.112, 0.999575, 0.014128, -0.0254953, -0.0138843, 0.999856, 0.00971001, 0.0256289, -0.0093519, 0.999628, 0.00288638  
210, 266.812, -238.049, 182.115, 0.999582, 0.0139796, -0.0253164, -0.0137723, 0.99987, 0.00834357, 0.0254298, -0.00799142, 0.999645, 0.00275574  
211, 266.815, -238.031, 182.089, 0.999553, 0.0141688, -0.0263362, -0.0139479, 0.999866, 0.00855601, 0.0264539, -0.00818485, 0.999617, 0.00283479  
212, 266.865, -238.012, 182.1, 0.999535, 0.0148443, -0.0266393, -0.0146202, 0.999856, 0.00858483, 0.0267629, -0.00819137, 0.999608, 0.00283923  
213, 266.881, -237.986, 182.098, 0.99951, 0.0156621, -0.0271029, -0.0154395, 0.999846, 0.00840093, 0.0272303, -0.00797836, 0.999597, 0.00283368  
214, 266.875, -237.969, 182.1, 0.999517, 0.0166756, -0.0262075, -0.0164604, 0.999829, 0.00840485, 0.0263432, -0.00796941, 0.999621, 0.00287778  
215, 266.891, -237.969, 182.073, 0.999487, 0.015872, -0.0278043, -0.0156696, 0.999849, 0.00748507, 0.0279189, -0.00704555, 0.999585, 0.00276822  
216, 266.858, -237.963, 182.076, 0.999508, 0.0160025, -0.0269636, -0.0157951, 0.999844, 0.00788646, 0.0270856, -0.00745669, 0.999605, 0.00287723  
217, 266.851, -237.995, 182.066, 0.999506, 0.0164107, -0.0267874, -0.0161724, 0.999828, 0.00908787, 0.0269319, -0.00865017, 0.9996, 0.00288361  
218, 266.887, -237.987, 182.105, 0.999511, 0.0157672, -0.0269877, -0.0155404, 0.999842, 0.00859304, 0.0271189, -0.00816944, 0.999599, 0.00284034  
219, 266.874, -237.976, 182.058, 0.999495, 0.0160856, -0.0273914, -0.0158872, 0.999846, 0.00744765, 0.0275069, -0.00700872, 0.999597, 0.00286336  
220, 266.849, -237.987, 182.057, 0.999497, 0.0160543, -0.0273503, -0.0158291, 0.999839, 0.00842863, 0.0274812, -0.00799146, 0.99959, 0.00285476  
221, 266.888, -237.982, 182.075, 0.999476, 0.0165769, -0.0278103, -0.0163686, 0.999836, 0.00770007, 0.0279334, -0.00724082, 0.999584, 0.0028861  
222, 266.874, -237.961, 182.097, 0.999531, 0.0154657, -0.0264486, -0.0152156, 0.999838, 0.0096321, 0.0265933, -0.00922515, 0.999604, 0.00288666  
223, 266.888, -238.001, 182.062, 0.999498, 0.0161015, -0.027291, -0.0159021, 0.999845, 0.00750808, 0.0274077, -0.00707033, 0.999599, 0.00282813  
224, 266.906, -237.986, 182.105, 0.999551, 0.0156936, -0.0255227, -0.0154376, 0.999829, 0.0101967, 0.0256784, -0.0097981, 0.999622, 0.00297292  
225, 266.858, -237.982, 182.073, 0.999456, 0.0165885, -0.0285117, -0.01643, 0.999848, 0.00578511, 0.0286033, -0.00531351, 0.999577, 0.00288527  
226, 266.904, -237.995, 182.089, 0.999519, 0.0153644, -0.0269387, -0.0151289, 0.999846, 0.00892637, 0.0270716, -0.00851453, 0.999597, 0.0028764  
227, 266.875, -237.976, 182.054, 0.999459, 0.0164838, -0.0284561, -0.0163023, 0.999845, 0.00659952, 0.0285605, -0.00613205, 0.999573, 0.00289387  
228, 266.846, -237.964, 182.084, 0.999502, 0.0166001, -0.0268449, -0.0163974, 0.999835, 0.00775268, 0.0269691, -0.00730863, 0.99961, 0.00286918  
229, 266.846, -237.995, 182.063, 0.999518, 0.0164195, -0.026344, -0.0162047, 0.999834, 0.0083472, 0.0264767, -0.00791628, 0.999618, 0.00281704  
230, 266.872, -237.971, 182.068, 0.999494, 0.016895, -0.0269589, -0.0166955, 0.999832, 0.0076063, 0.0270829, -0.00715235, 0.999608, 0.0028567  
231, 266.87, -237.97, 182.079, 0.999519, 0.0163137, -0.0263613, -0.0160927, 0.999834, 0.00857157, 0.0264967, -0.00814323, 0.999616, 0.00286697  
232, 266.893, -237.982, 182.055, 0.999496, 0.0159371, -0.0274679, -0.0157127, 0.999842, 0.0083676, 0.0275969, -0.00793179, 0.999588, 0.00292605  
233, 266.893, -237.952, 182.087, 0.999541, 0.0152194, -0.0262037, -0.0149747, 0.999843, 0.00950957, 0.0263443, -0.00911281, 0.999611, 0.002842  
234, 266.875, -237.971, 182.067, 0.999492, 0.0163136, -0.0273872, -0.0160955, 0.999837, 0.00816599, 0.0275159, -0.00772104, 0.999592, 0.00293964  
235, 266.889, -237.976, 182.062, 0.999512, 0.0170361, -0.026173, -0.0168414, 0.999829, 0.00764201, 0.0262987, -0.00719749, 0.999628, 0.00288749  
236, 266.896, -237.969, 182.072, 0.999498, 0.0155529, -0.0276096, -0.0153358, 0.99985, 0.00805962, 0.0277308, -0.00763216, 0.999586, 0.00290358  
237, 266.876, -238.003, 182.049, 0.999501, 0.0163372, -0.027024, -0.0161165, 0.999835, 0.00836597, 0.0271562, -0.00792627, 0.9996, 0.00288361  
238, 266.886, -237.992, 182.07, 0.999487, 0.0167846, -0.027267, -0.0165735, 0.999831, 0.00794979, 0.0273958, -0.00749381, 0.999597, 0.00288971  
239, 266.888, -237.991, 182.088, 0.99953, 0.0151555, -0.0266556, -0.0149243, 0.999849, 0.00885145, 0.0267857, -0.00844947, 0.999605, 0.00286863  
240, 266.87, -237.99, 182.065, 0.999476, 0.0159565, -0.0281446, -0.0157554, 0.999849, 0.00735203, 0.0282577, -0.00690475, 0.999577, 0.00293576  
241, 266.879, -237.966, 182.104, 0.999546, 0.0158995, -0.0255847, -0.0156504, 0.999828, 0.00990649, 0.0257378, -0.00950158, 0.999624, 0.00280345  
242, 266.884, -237.975, 182.066, 0.999484, 0.0163376, -0.0276633, -0.0161433, 0.999844, 0.00723126, 0.0277771, -0.00678095, 0.999591, 0.00295462  
243, 266.862, -237.985, 182.075, 0.999512, 0.0152644, -0.0272386, -0.0150437, 0.999852, 0.00828751, 0.0273611, -0.0078737, 0.999595, 0.00291384  
244, 266.827, -238.122, 182.112, 0.999585, 0.0141536, -0.0250916, -0.013963, 0.999872, 0.00775674, 0.0251982, -0.00740317, 0.999655, 0.00290469  
245, 266.798, -238.095, 182.118, 0.999593, 0.0127907, -0.0254855, -0.0125991, 0.999891, 0.00766591, 0.0255808, -0.0073417, 0.999646, 0.00285975  
246, 266.802, -238.038, 182.093, 0.999569, 0.0142974, -0.0256575, -0.0140831, 0.999865, 0.00851174, 0.0257758, -0.00814673, 0.999635, 0.00285032  
247, 266.778, -238.107, 182.109, 0.999604, 0.014078, -0.0243788, -0.0138579, 0.999862, 0.00917373, 0.0245046, -0.00883226, 0.999661, 0.00282869  
248, 266.749, -238.111, 182.143, 0.999616, 0.0135028, -0.0241829, -0.0132745, 0.999866, 0.00957869, 0.024309, -0.009254, 0.999662, 0.0028825  
249, 266.806, -238.094, 182.095, 0.999631, 0.0140585, -0.0232354, -0.0138314, 0.999855, 0.00990785, 0.0233713, -0.00958282, 0.999681, 0.00293021  
250, 266.829, -238.058, 182.129, 0.999553, 0.0141805, -0.0263147, -0.0139723, 0.99987, 0.00807897, 0.0264259, -0.00770768, 0.999621, 0.00308859  
251, 266.803, -238.06, 182.112, 0.999596, 0.0138982, -0.0248121, -0.0136525, 0.999856, 0.0100452, 0.0249482, -0.00970235, 0.999642, 0.00276545  
252, 266.771, -238.117, 182.103, 0.999602, 0.0142651, -0.0243365, -0.0140672, 0.999867, 0.00828264, 0.0244514, -0.007937, 0.99967, 0.00281953  
253, 266.748, -238.1, 182.104, 0.999579, 0.0140396, -0.0253786, -0.0138566, 0.999877, 0.00737499, 0.0254791, -0.00702023, 0.999651, 0.00287529  
254, 266.817, -238.068, 182.102, 0.999537, 0.013665, -0.0271824, -0.0134857, 0.999886, 0.0067685, 0.0272718, -0.00639879, 0.999608, 0.00300621  
255, 266.795, -238.047, 182.081, 0.999576, 0.0135801, -0.025752, -0.0133918, 0.999882, 0.00747165, 0.0258505, -0.00712361, 0.99964, 0.00306002  
256, 266.783, -238.066, 182.086, 0.999572, 0.0161599, -0.0243675, -0.015951, 0.999835, 0.00874446, 0.0245048, -0.00835203, 0.999665, 0.00292189  
257, 266.824, -238.088, 182.108, 0.999575, 0.0134829, -0.0258406, -0.0132845, 0.999881, 0.00783536, 0.0259431, -0.00748876, 0.999635, 0.00281648  
258, 266.814, -238.06, 182.114, 0.999581, 0.0134014, -0.0256577, -0.013195, 0.999879, 0.00819751, 0.0257645, -0.00785552, 0.999637, 0.00288361  
259, 266.82, -238.067, 182.1, 0.99957, 0.0139877, -0.0257717, -0.0137852, 0.999873, 0.00801872, 0.0258806, -0.00766, 0.999636, 0.00302452  
260, 266.767, -238.081, 182.109, 0.999601, 0.013772, -0.0246791, -0.0135807, 0.999877, 0.00790336, 0.0247849, -0.00756504, 0.999664, 0.00296072  
261, 266.766, -238.087, 182.119, 0.999583, 0.013449, -0.0255607, -0.0132478, 0.99988, 0.00802606, 0.0256655, -0.00768409, 0.999641, 0.00281787  
262, 266.797, -238.058, 182.121, 0.999614, 0.0143126, -0.0238071, -0.0140807, 0.999852, 0.0098785, 0.0239449, -0.00953947, 0.999668, 0.00296322  
263, 266.844, -238.069, 182.131, 0.999588, 0.0134136, -0.025371, -0.0131986, 0.999876, 0.00862419, 0.0254835, -0.00828577, 0.999641, 0.00294741  
264, 266.796, -238.072, 182.111, 0.999578, 0.0144525, -0.0251972, -0.0142231, 0.999856, 0.00925872, 0.0253274, -0.00889643, 0.99964, 0.00303838  
265, 266.814, -238.059, 182.119, 0.999567, 0.0142006, -0.0257764, -0.0140005, 0.999871, 0.00792675, 0.0258856, -0.00756243, 0.999636, 0.00272745  
266, 266.82, -238.084, 182.113, 0.999553, 0.013607, -0.0266103, -0.0134331, 0.999887, 0.00670097, 0.0266984, -0.00634052, 0.999623, 0.00300482  
267, 266.819, -238.08, 182.125, 0.999587, 0.0135751, -0.0253342, -0.0133748, 0.999878, 0.00805809, 0.0254405, -0.00771592, 0.999647, 0.00282314  
268, 266.789, -238.073, 182.087, 0.999597, 0.0137698, -0.0248201, -0.0135551, 0.999869, 0.0087964, 0.024938, -0.00845641, 0.999653, 0.00285587  
269, 266.784, -238.081, 182.118, 0.999587, 0.0138458, -0.0251678, -0.0136507, 0.999876, 0.00790869, 0.0252741, -0.00756187, 0.999652, 0.00286003  
270, 266.805, -238.08, 182.115, 0.999587, 0.0129233, -0.0256517, -0.0127183, 0.999886, 0.00813861, 0.025754, -0.007809, 0.999638, 0.00272162  
271, 266.797, -238.092, 182.123, 0.999598, 0.0133882, -0.0250093, -0.0131703, 0.999874, 0.00885714, 0.0251247, -0.0085242, 0.999648, 0.00319288  
272, 266.805, -238.062, 182.093, 0.999589, 0.0141158, -0.0249329, -0.0138861, 0.99986, 0.00936262, 0.0250616, -0.00901256, 0.999645, 0.00285864  
273, 266.799, -238.108, 182.076, 0.99958, 0.0140578, -0.0253259, -0.0138606, 0.999872, 0.00794615, 0.0254344, -0.00759178, 0.999648, 0.00279568  
274, 266.8, -238.053, 182.096, 0.999575, 0.01328, -0.0259681, -0.0130612, 0.999878, 0.00857645, 0.0260788, -0.00823362, 0.999626, 0.00281315  
