0, 0, 0, 0, 0, 0, 0, 0, 0, 0, 0, 0, 0, 0.00285337  
1, 263.305, -239.331, 182.368, 0.999735, -0.00417233, -0.0226594, 0.00324449, 0.999161, -0.0408309, 0.0228107, 0.0407466, 0.998909, 0.00299872  
2, 263.304, -239.297, 182.355, 0.999743, -0.00412934, -0.0222993, 0.00319667, 0.999125, -0.0416999, 0.022452, 0.0416179, 0.998881, 0.00281399  
3, 263.302, -239.265, 182.401, 0.99974, -0.00317892, -0.0225812, 0.00225481, 0.999163, -0.0408322, 0.0226921, 0.0407707, 0.998911, 0.0027685  
4, 263.328, -239.262, 182.399, 0.999746, -0.0047324, -0.0220314, 0.00386025, 0.999214, -0.0394622, 0.0222008, 0.0393671, 0.998978, 0.00282092  
5, 263.301, -239.294, 182.396, 0.999745, -0.00362639, -0.0223027, 0.00271392, 0.999163, -0.0408079, 0.0224321, 0.040737, 0.998918, 0.00290968  
6, 263.314, -239.255, 182.412, 0.999731, -0.00407934, -0.0228259, 0.00313495, 0.999144, -0.0412576, 0.0229747, 0.041175, 0.998888, 0.00277848  
7, 263.29, -239.263, 182.361, 0.999739, -0.00411168, -0.022478, 0.00317706, 0.999135, -0.0414578, 0.022629, 0.0413756, 0.998887, 0.00283951  
8, 263.282, -239.239, 182.372, 0.999732, -0.00442259, -0.0227054, 0.00348613, 0.999148, -0.0411192, 0.0228679, 0.041029, 0.998896, 0.0027893  
9, 263.307, -239.251, 182.374, 0.999757, -0.00359385, -0.0217709, 0.00273468, 0.999221, -0.039366, 0.0218955, 0.0392969, 0.998988, 0.0028237  
10, 263.267, -239.225, 182.348, 0.999722, -0.00362159, -0.0233076, 0.00262867, 0.999093, -0.0424913, 0.0234404, 0.0424182, 0.998825, 0.00277016  
11, 263.233, -239.306, 182.378, 0.999758, -0.00386496, -0.0216606, 0.00298833, 0.999181, -0.0403583, 0.0217988, 0.0402838, 0.99895, 0.00279069  
12, 263.243, -239.268, 182.361, 0.999719, -0.00414677, -0.023332, 0.00315153, 0.99909, -0.0425318, 0.0234872, 0.0424463, 0.998823, 0.00279984  
13, 263.27, -239.288, 182.412, 0.99976, -0.00412408, -0.0215315, 0.00328473, 0.999239, -0.0388734, 0.0216754, 0.0387933, 0.999012, 0.00295878  
14, 263.292, -239.295, 182.379, 0.999745, -0.00371433, -0.0222883, 0.00279284, 0.999146, -0.0412336, 0.0224224, 0.0411608, 0.998901, 0.00297681  
15, 263.262, -239.295, 182.381, 0.999763, -0.00281963, -0.0215943, 0.00193107, 0.999155, -0.0410587, 0.0216919, 0.0410073, 0.998923, 0.00276212  
16, 263.264, -239.32, 182.357, 0.999729, -0.00449775, -0.0228459, 0.00354699, 0.999133, -0.0414877, 0.0230127, 0.0413954, 0.998878, 0.00286863  
17, 263.28, -239.365, 182.367, 0.999738, -0.00397592, -0.0225487, 0.00302755, 0.999116, -0.0419382, 0.0226955, 0.0418589, 0.998866, 0.00280705  
18, 263.254, -239.36, 182.375, 0.999736, -0.00416876, -0.0225946, 0.00323931, 0.999153, -0.0410176, 0.0227465, 0.0409336, 0.998903, 0.00282508  
19, 263.271, -239.364, 182.398, 0.999784, -0.00445791, -0.0203049, 0.00368064, 0.999265, -0.0381578, 0.0204601, 0.0380748, 0.999065, 0.00289914  
20, 263.3, -239.36, 182.398, 0.999748, -0.00335158, -0.0221885, 0.00247338, 0.999217, -0.0394888, 0.0223035, 0.039424, 0.998974, 0.0027513  
21, 263.259, -239.415, 182.394, 0.999773, -0.0028538, -0.0211272, 0.00202427, 0.99923, -0.0391813, 0.0212228, 0.0391296, 0.999009, 0.0028764  
22, 263.299, -239.395, 182.37, 0.999741, -0.00318849, -0.022538, 0.00225838, 0.999149, -0.0411739, 0.0226502, 0.0411123, 0.998898, 0.00284145  
23, 263.294, -239.44, 182.378, 0.999766, -0.00393624, -0.0212579, 0.00305945, 0.999149, -0.0411217, 0.0214017, 0.041047, 0.998928, 0.00281898  
24, 263.307, -239.45, 182.393, 0.999767, -0.00391431, -0.0212092, 0.00304902, 0.999168, -0.0406779, 0.0213507, 0.0406038, 0.998947, 0.00288527  
25, 263.272, -239.431, 182.393, 0.999764, -0.004302, -0.0212838, 0.00344152, 0.999182, -0.0403019, 0.0214397, 0.0402192, 0.998961, 0.00301398  
26, 263.291, -239.461, 182.372, 0.999722, -0.00342957, -0.0233178, 0.00241931, 0.999063, -0.0432166, 0.0234442, 0.0431481, 0.998794, 0.00286724  
27, 263.286, -239.469, 182.352, 0.999746, -0.00420961, -0.022141, 0.00327455, 0.999108, -0.0421002, 0.0222985, 0.042017, 0.998868, 0.00287973  
28, 263.283, -239.509, 182.379, 0.99973, -0.00355461, -0.0229747, 0.00257749, 0.999096, -0.042421, 0.0231047, 0.0423503, 0.998836, 0.0028187  
29, 263.256, -239.479, 182.368, 0.999748, -0.00319586, -0.0222311, 0.00225589, 0.999108, -0.042179, 0.0223461, 0.0421182, 0.998863, 0.00290663  
30, 263.218, -239.491, 182.372, 0.999753, -0.00490423, -0.021679, 0.00401353, 0.999154, -0.04094, 0.0218615, 0.0408428, 0.998926, 0.00294297  
31, 263.245, -239.491, 182.364, 0.999731, -0.00364512, -0.0229224, 0.00264845, 0.999056, -0.0433611, 0.0230589, 0.0432888, 0.998796, 0.00289248  
32, 263.242, -239.472, 182.361, 0.999714, -0.00422262, -0.0235475, 0.00320678, 0.999069, -0.0430121, 0.0237072, 0.0429243, 0.998797, 0.00282647  
33, 263.242, -239.468, 182.356, 0.99972, -0.00389156, -0.0233548, 0.00287366, 0.999051, -0.0434604, 0.0235018, 0.0433811, 0.998782, 0.00283562  
34, 263.249, -239.481, 182.379, 0.999713, -0.00448709, -0.0235191, 0.00346807, 0.999061, -0.0431902, 0.0236908, 0.0430963, 0.99879, 0.00295739  
35, 263.253, -239.424, 182.375, 0.999732, -0.00499483, -0.0225958, 0.00405614, 0.999134, -0.0413994, 0.022783, 0.0412966, 0.998887, 0.00286336  
36, 263.246, -239.473, 182.371, 0.999744, -0.00327355, -0.0223868, 0.00234787, 0.999146, -0.0412515, 0.0225027, 0.0411884, 0.998898, 0.00289415  
37, 263.24, -239.388, 182.357, 0.999742, -0.00315031, -0.0224849, 0.00221828, 0.999142, -0.0413567, 0.0225959, 0.0412962, 0.998891, 0.002923  
38, 263.252, -239.392, 182.353, 0.999703, -0.00382534, -0.0240824, 0.00277985, 0.999058, -0.0432974, 0.0242254, 0.0432176, 0.998772, 0.00285171  
39, 263.246, -239.402, 182.381, 0.999697, -0.00375557, -0.0243251, 0.00269951, 0.999058, -0.0433027, 0.0244648, 0.0432239, 0.998766, 0.00309358  
40, 263.259, -239.371, 182.361, 0.999738, -0.00436524, -0.0224685, 0.00344089, 0.999153, -0.0410151, 0.0226285, 0.0409271, 0.998906, 0.00286086  
41, 263.262, -239.375, 182.396, 0.999766, -0.00372331, -0.0212932, 0.00289491, 0.999243, -0.0388039, 0.0214215, 0.0387332, 0.99902, 0.00290746  
42, 263.295, -239.364, 182.398, 0.99976, -0.00352976, -0.021614, 0.00268491, 0.999236, -0.0389928, 0.0217351, 0.0389254, 0.999006, 0.00292466  
43, 263.281, -239.334, 182.369, 0.999715, -0.00472359, -0.0234084, 0.00373415, 0.999105, -0.0421335, 0.0235865, 0.0420341, 0.998838, 0.00286752  
44, 263.314, -239.354, 182.353, 0.999744, -0.00269048, -0.0224694, 0.00175943, 0.999143, -0.041354, 0.0225614, 0.0413039, 0.998892, 0.003075  
45, 263.327, -239.313, 182.373, 0.999733, -0.00427861, -0.0227206, 0.00335887, 0.999179, -0.0403654, 0.0228747, 0.0402783, 0.998927, 0.00290635  
46, 263.32, -239.27, 182.36, 0.999731, -0.00357563, -0.022903, 0.00263442, 0.999156, -0.040995, 0.0230302, 0.0409236, 0.998897, 0.00290081  
47, 263.263, -239.289, 182.373, 0.999785, -0.0032472, -0.020474, 0.00243742, 0.999218, -0.0394537, 0.0205861, 0.0393953, 0.999012, 0.00292743  
48, 263.287, -239.258, 182.376, 0.999764, -0.00471339, -0.0211918, 0.00387582, 0.999216, -0.0393926, 0.0213608, 0.0393012, 0.998999, 0.00283812  
49, 263.298, -239.221, 182.334, 0.999733, -0.00356942, -0.0228139, 0.00260386, 0.999105, -0.0422141, 0.0229441, 0.0421435, 0.998848, 0.00287251  
50, 263.291, -239.285, 182.37, 0.999718, -0.00383103, -0.0234521, 0.00285988, 0.999143, -0.0413042, 0.0235903, 0.0412254, 0.998871, 0.0028004  
51, 263.288, -239.258, 182.361, 0.999732, -0.00372418, -0.0228552, 0.00276326, 0.999117, -0.0419326, 0.0229912, 0.0418582, 0.998859, 0.00285809  
52, 263.312, -239.267, 182.386, 0.999745, -0.00446631, -0.0221145, 0.0035683, 0.999174, -0.0404815, 0.0222771, 0.0403923, 0.998936, 0.00280289  
53, 263.309, -239.255, 182.383, 0.999718, -0.00429728, -0.0233713, 0.0033165, 0.999119, -0.0418433, 0.0235305, 0.041754, 0.998851, 0.00283257  
54, 263.298, -239.28, 182.383, 0.99976, -0.00341943, -0.0216604, 0.00257395, 0.999238, -0.0389418, 0.021777, 0.0388767, 0.999007, 0.00296433  
55, 263.299, -239.292, 182.381, 0.999732, -0.00416421, -0.0227517, 0.00323033, 0.999157, -0.0409302, 0.022903, 0.0408458, 0.998903, 0.002885  
56, 263.301, -239.325, 182.379, 0.999753, -0.00457145, -0.0217653, 0.00370311, 0.999202, -0.0397701, 0.0219298, 0.0396796, 0.998972, 0.00278958  
57, 263.266, -239.294, 182.355, 0.999733, -0.00336952, -0.0228481, 0.00241156, 0.999122, -0.0418259, 0.022969, 0.0417596, 0.998864, 0.0029818  
58, 263.266, -239.323, 182.376, 0.999731, -0.00292078, -0.0230124, 0.00194448, 0.999102, -0.0423336, 0.0231154, 0.0422774, 0.998838, 0.00292466  
59, 263.261, -239.338, 182.354, 0.999782, -0.00340714, -0.0206224, 0.00258306, 0.999202, -0.0398557, 0.0207418, 0.0397937, 0.998993, 0.00294685  
60, 263.271, -239.335, 182.379, 0.99974, -0.00369783, -0.0225028, 0.00277789, 0.999164, -0.0407758, 0.0226348, 0.0407027, 0.998915, 0.00285005  
61, 263.242, -239.375, 182.384, 0.999784, -0.00465762, -0.0202717, 0.00386972, 0.999242, -0.0387341, 0.0204367, 0.0386473, 0.999044, 0.00292466  
62, 263.267, -239.359, 182.394, 0.999733, -0.00437331, -0.0227047, 0.00343496, 0.999145, -0.041204, 0.0228655, 0.041115, 0.998893, 0.00298624  
63, 263.264, -239.379, 182.387, 0.999701, -0.00352583, -0.0241896, 0.00247576, 0.999059, -0.0433033, 0.0243195, 0.0432304, 0.998769, 0.00288777  
64, 263.247, -239.397, 182.365, 0.99975, -0.00293501, -0.02215, 0.00201139, 0.999132, -0.0416061, 0.0222529, 0.0415512, 0.998889, 0.00300704  
65, 263.279, -239.377, 182.371, 0.999727, -0.0041638, -0.0229967, 0.00318482, 0.999094, -0.0424441, 0.0231525, 0.0423593, 0.998834, 0.00280983  
66, 263.262, -239.419, 182.359, 0.999748, -0.00392343, -0.0221214, 0.00300726, 0.999142, -0.0412977, 0.0222645, 0.0412207, 0.998902, 0.00293465  
67, 263.308, -239.417, 182.41, 0.999773, -0.00321587, -0.0210568, 0.00239119, 0.999233, -0.0390732, 0.0211663, 0.039014, 0.999014, 0.00295018  
68, 263.289, -239.437, 182.387, 0.999764, -0.00395833, -0.0213748, 0.00307387, 0.999144, -0.0412541, 0.0215198, 0.0411787, 0.99892, 0.00300649  
69, 263.27, -239.442, 182.367, 0.999749, -0.00348448, -0.0221131, 0.00255309, 0.999114, -0.0420088, 0.0222399, 0.0419419, 0.998872, 0.00294851  
70, 263.301, -239.481, 182.37, 0.999759, -0.00382541, -0.0216029, 0.00294138, 0.999163, -0.040806, 0.0217409, 0.0407326, 0.998934, 0.00279901  
71, 263.266, -239.462, 182.336, 0.999742, -0.00475557, -0.0221977, 0.00382606, 0.999122, -0.0417306, 0.0223767, 0.0416349, 0.998882, 0.00281371  
72, 263.263, -239.464, 182.376, 0.999792, -0.00388549, -0.0200253, 0.0031045, 0.999239, -0.0388846, 0.0201612, 0.0388143, 0.999043, 0.00302895  
73, 263.271, -239.474, 182.373, 0.999746, -0.0043026, -0.0221414, 0.00337839, 0.999128, -0.041611, 0.0223011, 0.0415256, 0.998889, 0.0029413  
74, 263.234, -239.468, 182.353, 0.999757, -0.0026738, -0.0218971, 0.0017687, 0.999147, -0.0412498, 0.0219888, 0.041201, 0.998909, 0.00293104  
75, 263.246, -239.45, 182.375, 0.999759, -0.00442787, -0.0215177, 0.00354152, 0.999151, -0.0410568, 0.0216812, 0.0409706, 0.998925, 0.00286086  
76, 263.262, -239.45, 182.379, 0.999736, -0.00393926, -0.0226173, 0.00299276, 0.999124, -0.0417308, 0.0227619, 0.0416521, 0.998873, 0.00278653  
77, 263.278, -239.437, 182.389, 0.999763, -0.00258896, -0.0216165, 0.00173089, 0.999213, -0.0396201, 0.0217021, 0.0395733, 0.998981, 0.00278237  
78, 263.233, -239.459, 182.385, 0.999761, -0.00359956, -0.0215799, 0.00272015, 0.99917, -0.0406432, 0.0217082, 0.0405748, 0.998941, 0.00295822  
79, 263.257, -239.414, 182.364, 0.999729, -0.00369759, -0.0229637, 0.00275583, 0.999159, -0.040908, 0.0230956, 0.0408337, 0.998899, 0.00281815  
80, 263.267, -239.428, 182.397, 0.999735, -0.00408378, -0.0226451, 0.00313282, 0.999118, -0.0418717, 0.0227962, 0.0417897, 0.998866, 0.00291911  
81, 263.237, -239.39, 182.369, 0.999716, -0.00312034, -0.0236299, 0.00211116, 0.999089, -0.042613, 0.0237414, 0.042551, 0.998812, 0.00280511  
82, 263.275, -239.371, 182.407, 0.999743, -0.00379974, -0.0223371, 0.00291031, 0.999207, -0.039717, 0.0224703, 0.0396418, 0.998961, 0.00279069  
83, 263.258, -239.371, 182.395, 0.999766, -0.00361486, -0.0213364, 0.00279804, 0.999267, -0.0381895, 0.0214588, 0.0381208, 0.999043, 0.00293825  
84, 263.266, -239.351, 182.365, 0.999732, -0.0040153, -0.0228132, 0.00307924, 0.999158, -0.0409195, 0.0229583, 0.0408383, 0.998902, 0.00280705  
85, 263.279, -239.391, 182.37, 0.999739, -0.00432423, -0.0224349, 0.00340254, 0.999155, -0.0409598, 0.022593, 0.0408728, 0.998909, 0.00275851  
86, 263.263, -239.388, 182.378, 0.9998, -0.00307155, -0.0197779, 0.00231456, 0.999268, -0.0381843, 0.0198807, 0.0381309, 0.999075, 0.00278514  
87, 263.27, -239.367, 182.358, 0.999723, -0.00337582, -0.0232838, 0.0023772, 0.999082, -0.0427841, 0.0234069, 0.0427169, 0.998813, 0.00279013  
88, 263.29, -239.331, 182.38, 0.999756, -0.00292214, -0.0219, 0.00203224, 0.999176, -0.0405475, 0.0220004, 0.0404931, 0.998938, 0.00275934  
89, 263.263, -239.328, 182.395, 0.999773, -0.00310452, -0.0210786, 0.00227342, 0.999223, -0.0393386, 0.0211843, 0.0392818, 0.999004, 0.00279235  
90, 263.332, -239.285, 182.37, 0.999722, -0.0038172, -0.0232766, 0.00287715, 0.999184, -0.0402868, 0.0234114, 0.0402086, 0.998917, 0.00275629  
91, 263.307, -239.303, 182.37, 0.999756, -0.00321122, -0.0218526, 0.00233361, 0.999194, -0.0400681, 0.0219636, 0.0400073, 0.998958, 0.00279013  
92, 263.317, -239.288, 182.416, 0.999744, -0.00374113, -0.022304, 0.00286229, 0.999223, -0.0393053, 0.0224337, 0.0392314, 0.998978, 0.00305031  
93, 263.303, -239.252, 182.355, 0.999748, -0.00366582, -0.0221438, 0.00276443, 0.999172, -0.0406009, 0.0222743, 0.0405295, 0.99893, 0.00275518  
94, 263.322, -239.302, 182.355, 0.999732, -0.00310778, -0.0229501, 0.00215363, 0.999137, -0.0414833, 0.0230592, 0.0414227, 0.998876, 0.00281094  
95, 263.28, -239.298, 182.384, 0.999775, -0.00455094, -0.0207054, 0.00375254, 0.999254, -0.0384367, 0.0208649, 0.0383504, 0.999046, 0.00278958  
96, 263.282, -239.292, 182.354, 0.99975, -0.00492075, -0.0218047, 0.00403647, 0.999175, -0.0404147, 0.0219856, 0.0403166, 0.998945, 0.0027746  
97, 263.293, -239.313, 182.378, 0.999739, -0.00294437, -0.0226637, 0.00200067, 0.999134, -0.0415502, 0.0227664, 0.041494, 0.998879, 0.00268528  
98, 263.287, -239.322, 182.402, 0.999765, -0.00269773, -0.0214934, 0.00183949, 0.999204, -0.0398504, 0.0215838, 0.0398016, 0.998974, 0.00263452  
99, 263.264, -239.274, 182.367, 0.999718, -0.00487542, -0.0232294, 0.00390355, 0.999123, -0.0417012, 0.0234123, 0.0415988, 0.99886, 0.00320675  
100, 263.299, -239.308, 182.377, 0.999714, -0.00288229, -0.023733, 0.00187379, 0.999099, -0.0424067, 0.0238338, 0.0423501, 0.998819, 0.00283035  
101, 263.289, -239.333, 182.373, 0.999759, -0.00316974, -0.0217458, 0.00230309, 0.999206, -0.0397633, 0.0218546, 0.0397036, 0.998972, 0.00293132  
102, 263.265, -239.326, 182.386, 0.999753, -0.00399952, -0.0218797, 0.00312194, 0.999195, -0.0399975, 0.022022, 0.0399193, 0.99896, 0.00276295  
103, 263.243, -239.333, 182.391, 0.999769, -0.00404916, -0.0211187, 0.00322283, 0.999233, -0.0390162, 0.0212605, 0.0389391, 0.999015, 0.00288694  
104, 263.238, -239.351, 182.354, 0.999704, -0.00289653, -0.0241752, 0.00182823, 0.999026, -0.0440954, 0.0242794, 0.0440381, 0.998735, 0.00274658  
105, 263.243, -239.334, 182.365, 0.999711, -0.0041594, -0.0236911, 0.0031502, 0.999092, -0.0424774, 0.0238463, 0.0423904, 0.998817, 0.00281149  
106, 263.245, -239.383, 182.328, 0.99969, -0.00281925, -0.024733, 0.00170927, 0.998995, -0.0447853, 0.0248344, 0.0447292, 0.99869, 0.00390824  
107, 263.244, -239.385, 182.378, 0.999746, -0.00406597, -0.0221548, 0.0031802, 0.9992, -0.0398703, 0.0222992, 0.0397897, 0.998959, 0.00269832  
108, 263.256, -239.394, 182.365, 0.999723, -0.00321003, -0.0233007, 0.00220817, 0.999077, -0.042896, 0.0234168, 0.0428327, 0.998808, 0.00275047  
109, 263.259, -239.411, 182.372, 0.999715, -0.00431483, -0.0234869, 0.00333997, 0.999138, -0.0413887, 0.0236452, 0.0412984, 0.998867, 0.0028187  
110, 263.289, -239.399, 182.367, 0.999743, -0.00258091, -0.0225379, 0.00164157, 0.999133, -0.0415978, 0.0226257, 0.0415501, 0.99888, 0.00282869  
111, 263.299, -239.413, 182.389, 0.999727, -0.0045995, -0.0229144, 0.0036448, 0.99913, -0.0415327, 0.0230855, 0.0414378, 0.998874, 0.00290913  
112, 263.254, -239.463, 182.383, 0.999744, -0.00392196, -0.022301, 0.00299906, 0.999144, -0.0412676, 0.0224437, 0.0411902, 0.998899, 0.00284894  
113, 263.285, -239.438, 182.394, 0.999765, -0.00426288, -0.021276, 0.00339873, 0.999174, -0.0404885, 0.021431, 0.0404066, 0.998953, 0.0028617  
114, 263.27, -239.45, 182.401, 0.999777, -0.00466701, -0.0205827, 0.00387362, 0.999254, -0.0384191, 0.0207466, 0.0383308, 0.99905, 0.00277876  
115, 263.264, -239.498, 182.376, 0.999773, -0.00360272, -0.020999, 0.00273811, 0.999153, -0.0410581, 0.0211291, 0.0409913, 0.998936, 0.00290469  
116, 263.265, -239.47, 182.398, 0.999791, -0.0036169, -0.0201266, 0.00281874, 0.999214, -0.0395446, 0.0202538, 0.0394796, 0.999015, 0.00286059  
117, 263.286, -239.44, 182.397, 0.999754, -0.00370417, -0.0218876, 0.00280473, 0.999156, -0.0409823, 0.022021, 0.0409109, 0.99892, 0.00283867  
118, 263.27, -239.431, 182.376, 0.999764, -0.00453997, -0.0212437, 0.00368088, 0.999181, -0.0403057, 0.0214092, 0.040218, 0.998962, 0.00293686  
119, 263.284, -239.455, 182.388, 0.999737, -0.00351907, -0.0226425, 0.00254694, 0.99908, -0.0428205, 0.0227723, 0.0427516, 0.998826, 0.00278126  
120, 263.267, -239.43, 182.377, 0.999752, -0.00342383, -0.0219933, 0.00251798, 0.999153, -0.0410842, 0.0221153, 0.0410186, 0.998914, 0.00286197  
121, 263.256, -239.433, 182.382, 0.999746, -0.00290139, -0.0223542, 0.00196714, 0.999128, -0.041702, 0.0224557, 0.0416475, 0.99888, 0.00291329  
122, 263.266, -239.416, 182.384, 0.999763, -0.00287978, -0.02157, 0.00201382, 0.999195, -0.0400613, 0.021668, 0.0400084, 0.998964, 0.00283007  
123, 263.261, -239.391, 182.386, 0.999731, -0.00418247, -0.0227957, 0.00325427, 0.99917, -0.0406045, 0.0229466, 0.0405194, 0.998915, 0.00299345  
124, 263.265, -239.384, 182.354, 0.999714, -0.00396098, -0.0235867, 0.00296758, 0.999113, -0.0420038, 0.0237322, 0.0419218, 0.998839, 0.00275768  
125, 263.293, -239.365, 182.384, 0.999732, -0.00353339, -0.0228738, 0.00260852, 0.999183, -0.0403379, 0.0229977, 0.0402674, 0.998924, 0.0028764  
126, 263.248, -239.373, 182.379, 0.999748, -0.0028112, -0.0222929, 0.00189646, 0.999159, -0.0409487, 0.0223892, 0.0408961, 0.998913, 0.00296571  
127, 263.244, -239.372, 182.363, 0.999734, -0.00282937, -0.0229069, 0.0018488, 0.999086, -0.0427153, 0.0230069, 0.0426616, 0.998825, 0.00280844  
128, 263.253, -239.35, 182.372, 0.999714, -0.00302852, -0.0237425, 0.00202717, 0.999112, -0.0420863, 0.0238488, 0.0420261, 0.998832, 0.00287889  
129, 263.222, -239.324, 182.357, 0.999772, -0.00355775, -0.0210476, 0.00270592, 0.999181, -0.0403627, 0.021174, 0.0402965, 0.998963, 0.00277072  
130, 263.289, -239.352, 182.37, 0.99973, -0.00310798, -0.0230275, 0.00214861, 0.999133, -0.0415701, 0.0231368, 0.0415094, 0.99887, 0.00285365  
131, 263.261, -239.31, 182.359, 0.999752, -0.00380042, -0.0219516, 0.00290819, 0.999174, -0.040535, 0.0220875, 0.0404611, 0.998937, 0.00289554  
132, 263.271, -239.297, 182.37, 0.999766, -0.00365292, -0.0213374, 0.00279189, 0.999186, -0.0402445, 0.021467, 0.0401755, 0.998962, 0.0028886  
133, 263.283, -239.288, 182.373, 0.999737, -0.00415811, -0.022568, 0.00321742, 0.999131, -0.0415597, 0.0227212, 0.0414762, 0.998881, 0.00287889  
134, 263.276, -239.344, 182.367, 0.999721, -0.00354946, -0.0233651, 0.00254408, 0.999075, -0.0429192, 0.0234958, 0.0428477, 0.998805, 0.00446632  
135, 263.277, -239.348, 182.389, 0.99976, -0.00359102, -0.0216342, 0.00271493, 0.99918, -0.0403898, 0.0217615, 0.0403213, 0.99895, 0.00275629  
136, 263.288, -239.313, 182.377, 0.999724, -0.00424584, -0.0231035, 0.0033037, 0.999167, -0.0406652, 0.0232569, 0.0405777, 0.998906, 0.00295406  
137, 263.277, -239.278, 182.357, 0.99973, -0.00365166, -0.0229658, 0.00266246, 0.999073, -0.0429564, 0.0231014, 0.0428836, 0.998813, 0.00279845  
138, 263.341, -239.311, 182.381, 0.999745, -0.00338659, -0.0223129, 0.00248285, 0.99918, -0.0404071, 0.0224314, 0.0403414, 0.998934, 0.00286697  
139, 263.295, -239.27, 182.389, 0.999769, -0.00396534, -0.0211004, 0.00314124, 0.999236, -0.0389467, 0.0212388, 0.0388714, 0.999018, 0.00279069  
140, 263.288, -239.289, 182.347, 0.999738, -0.00294534, -0.0226901, 0.00199067, 0.999116, -0.0419824, 0.0227937, 0.0419262, 0.998861, 0.002766  
141, 263.268, -239.297, 182.367, 0.999792, -0.00359692, -0.0200807, 0.00280933, 0.999231, -0.0391124, 0.020206, 0.0390479, 0.999033, 0.00302091  
142, 263.318, -239.351, 182.35, 0.99974, -0.00395036, -0.0224684, 0.00301154, 0.999127, -0.0416653, 0.0226134, 0.0415868, 0.998879, 0.00260401  
143, 263.244, -239.353, 182.354, 0.999731, -0.00295342, -0.0230134, 0.00198179, 0.99911, -0.0421287, 0.0231174, 0.0420718, 0.998847, 0.00294463  
144, 263.291, -239.366, 182.362, 0.999723, -0.00269647, -0.023378, 0.00170507, 0.999102, -0.042324, 0.0234712, 0.0422725, 0.99883, 0.00291384  
145, 263.278, -239.386, 182.371, 0.999724, -0.00276882, -0.0233277, 0.00178884, 0.999119, -0.0419259, 0.0234232, 0.0418726, 0.998848, 0.0028359  
146, 263.278, -239.308, 182.376, 0.999718, -0.00457506, -0.0232878, 0.00359702, 0.999117, -0.0418679, 0.0234588, 0.0417723, 0.998852, 0.00303117  
147, 263.244, -239.323, 182.365, 0.99974, -0.00272872, -0.0226307, 0.00178337, 0.999129, -0.0416888, 0.0227248, 0.0416376, 0.998874, 0.00271829  
148, 263.231, -239.398, 182.384, 0.999767, -0.00326926, -0.0213448, 0.00239274, 0.999158, -0.0409619, 0.0214607, 0.0409013, 0.998933, 0.00296904  
149, 263.25, -239.375, 182.389, 0.999759, -0.0036024, -0.0216708, 0.00274313, 0.999214, -0.039551, 0.0217963, 0.039482, 0.998983, 0.00298735  
150, 263.233, -239.377, 182.397, 0.99977, -0.00382307, -0.02108, 0.00298259, 0.999205, -0.0397596, 0.0212152, 0.0396876, 0.998987, 0.00281648  
151, 263.231, -239.384, 182.387, 0.999762, -0.00362049, -0.0214926, 0.00274112, 0.999163, -0.0408042, 0.0216224, 0.0407356, 0.998936, 0.00298873  
152, 263.267, -239.385, 182.397, 0.999745, -0.00432391, -0.0221686, 0.00344403, 0.999211, -0.0395758, 0.0223222, 0.0394894, 0.998971, 0.00269305  
153, 263.265, -239.434, 182.379, 0.99972, -0.00356043, -0.0233778, 0.00256388, 0.999092, -0.0425206, 0.023508, 0.0424488, 0.998822, 0.00287224  
154, 263.242, -239.417, 182.348, 0.999747, -0.00387633, -0.0221427, 0.00293304, 0.999093, -0.0424755, 0.0222873, 0.0423998, 0.998852, 0.00296876  
155, 263.265, -239.413, 182.366, 0.999723, -0.00371417, -0.0232497, 0.00272971, 0.999104, -0.0422324, 0.0233857, 0.0421572, 0.998837, 0.00281205  
156, 263.259, -239.437, 182.392, 0.99975, -0.00455608, -0.0219022, 0.00365734, 0.999157, -0.0409003, 0.0220701, 0.0408099, 0.998923, 0.0030198  
157, 263.273, -239.43, 182.419, 0.999771, -0.00433306, -0.0209502, 0.00350806, 0.999223, -0.0392567, 0.021104, 0.0391742, 0.99901, 0.00270193  
158, 263.27, -239.425, 182.352, 0.999707, -0.00295487, -0.0240209, 0.00190334, 0.999044, -0.0436812, 0.024127, 0.0436226, 0.998757, 0.00286336  
159, 263.26, -239.45, 182.379, 0.999716, -0.00394582, -0.0235005, 0.00293796, 0.999081, -0.042768, 0.0236477, 0.0426868, 0.998809, 0.00289027  
160, 263.282, -239.429, 182.401, 0.999764, -0.00338119, -0.0214584, 0.00251574, 0.999187, -0.0402312, 0.021577, 0.0401677, 0.99896, 0.0027832  
161, 263.285, -239.439, 182.365, 0.999733, -0.00315731, -0.0228835, 0.00217203, 0.999075, -0.0429539, 0.0229979, 0.0428928, 0.998815, 0.00306252  
162, 263.267, -239.412, 182.399, 0.999772, -0.00456935, -0.0208563, 0.00376994, 0.999263, -0.038209, 0.0210155, 0.0381216, 0.999052, 0.00270137  
163, 263.302, -239.433, 182.383, 0.99973, -0.0040472, -0.0228695, 0.00307398, 0.999095, -0.0424315, 0.0230206, 0.0423498, 0.998838, 0.00296155  
164, 263.262, -239.429, 182.394, 0.999791, -0.00370149, -0.0201062, 0.00290859, 0.999222, -0.0393226, 0.0202361, 0.0392559, 0.999024, 0.00276129  
165, 263.265, -239.41, 182.373, 0.999703, -0.00371013, -0.0240982, 0.00263442, 0.999005, -0.0445181, 0.0242394, 0.0444414, 0.998718, 0.00272023  
166, 263.251, -239.381, 182.383, 0.999765, -0.00384056, -0.0213543, 0.00300353, 0.999231, -0.039092, 0.021488, 0.0390187, 0.999007, 0.00307833  
167, 263.294, -239.376, 182.363, 0.999719, -0.00298596, -0.0235145, 0.00199357, 0.999111, -0.0421142, 0.0236193, 0.0420554, 0.998836, 0.00267585  
168, 263.276, -239.36, 182.385, 0.999739, -0.00491472, -0.022292, 0.00400198, 0.999159, -0.0408059, 0.0224738, 0.0407061, 0.998918, 0.00279568  
169, 263.235, -239.386, 182.362, 0.999734, -0.00349939, -0.0227772, 0.00254051, 0.999115, -0.041992, 0.022904, 0.041923, 0.998858, 0.00300482  
170, 263.226, -239.383, 182.364, 0.999746, -0.0037045, -0.0222471, 0.00276402, 0.999107, -0.0421572, 0.0223834, 0.042085, 0.998863, 0.00284783  
171, 263.241, -239.37, 182.377, 0.999785, -0.00375536, -0.0203753, 0.00295278, 0.999224, -0.0392779, 0.020507, 0.0392093, 0.999021, 0.00279679  
172, 263.274, -239.33, 182.368, 0.999723, -0.00411802, -0.0231707, 0.00316134, 0.999147, -0.0411747, 0.0233205, 0.0410901, 0.998883, 0.00275047  
173, 263.237, -239.329, 182.335, 0.999717, -0.00305074, -0.0236037, 0.00202825, 0.999063, -0.0432222, 0.0237135, 0.0431621, 0.998787, 0.00296405  
174, 263.291, -239.361, 182.353, 0.999754, -0.00431321, -0.0217406, 0.00344271, 0.999197, -0.0399199, 0.0218953, 0.0398353, 0.998966, 0.00276156  
175, 263.26, -239.328, 182.361, 0.999757, -0.00423835, -0.0216337, 0.00336556, 0.999185, -0.0402223, 0.0217865, 0.0401397, 0.998957, 0.00275851  
176, 263.294, -239.369, 182.347, 0.999749, -0.00370943, -0.0220854, 0.00279543, 0.999144, -0.0412728, 0.0222196, 0.0412007, 0.998904, 0.00308443  
177, 263.284, -239.326, 182.404, 0.999772, -0.00342839, -0.0210988, 0.00261411, 0.999255, -0.0385012, 0.0212151, 0.0384373, 0.999036, 0.00268057  
178, 263.268, -239.28, 182.367, 0.999764, -0.00235695, -0.021594, 0.00146854, 0.999155, -0.0410653, 0.0216725, 0.0410239, 0.998923, 0.00282536  
179, 263.289, -239.274, 182.369, 0.999725, -0.00414671, -0.023097, 0.00318427, 0.999131, -0.0415516, 0.0232493, 0.0414667, 0.998869, 0.00277821  
180, 263.278, -239.336, 182.364, 0.999739, -0.00396749, -0.0224849, 0.00301768, 0.999108, -0.0421199, 0.0226319, 0.042041, 0.99886, 0.00280067  
181, 263.299, -239.327, 182.373, 0.999744, -0.00376675, -0.0223161, 0.00286704, 0.999187, -0.0402124, 0.0224495, 0.0401381, 0.998942, 0.00282175  
182, 263.301, -239.313, 182.401, 0.999778, -0.0043917, -0.020588, 0.00359198, 0.999244, -0.0387215, 0.0207424, 0.038639, 0.999038, 0.00267974  
183, 263.327, -239.363, 182.386, 0.999731, -0.00287344, -0.0230334, 0.00190707, 0.999121, -0.0418678, 0.0231335, 0.0418126, 0.998858, 0.0029205  
184, 263.29, -239.333, 182.372, 0.999746, -0.00482645, -0.0220276, 0.00391707, 0.999146, -0.0411414, 0.0222074, 0.0410446, 0.99891, 0.00281288  
185, 263.28, -239.358, 182.391, 0.999782, -0.00303273, -0.0206788, 0.0022013, 0.999193, -0.0401119, 0.0207837, 0.0400576, 0.998981, 0.00286502  
186, 263.321, -239.363, 182.411, 0.999762, -0.00347939, -0.0215545, 0.00261976, 0.999205, -0.0397826, 0.0216757, 0.0397167, 0.998976, 0.00287002  
187, 263.27, -239.388, 182.385, 0.999768, -0.00385012, -0.0212115, 0.00298697, 0.999172, -0.0405753, 0.0213502, 0.0405025, 0.998951, 0.00272051  
188, 263.281, -239.348, 182.362, 0.999772, -0.00248668, -0.0212126, 0.00163056, 0.999187, -0.0402816, 0.0212955, 0.0402379, 0.998963, 0.00282203  
189, 263.271, -239.369, 182.379, 0.999766, -0.00351912, -0.0213446, 0.00263812, 0.999149, -0.0411637, 0.0214713, 0.0410977, 0.998924, 0.00276822  
190, 263.239, -239.368, 182.364, 0.999718, -0.00306405, -0.0235595, 0.00206151, 0.999096, -0.0424607, 0.0236683, 0.0424001, 0.99882, 0.0028678  
191, 263.23, -239.378, 182.372, 0.999765, -0.00434537, -0.0212268, 0.00347022, 0.999149, -0.0410929, 0.0213873, 0.0410096, 0.99893, 0.00288999  
192, 263.244, -239.385, 182.373, 0.999744, -0.00245862, -0.022488, 0.00153305, 0.999155, -0.0410833, 0.02257, 0.0410383, 0.998903, 0.00275907  
193, 263.229, -239.38, 182.367, 0.999757, -0.00312018, -0.0218151, 0.00221526, 0.999141, -0.0413832, 0.0219255, 0.0413249, 0.998905, 0.00286114  
194, 263.258, -239.416, 182.385, 0.999738, -0.00392642, -0.0225409, 0.00298715, 0.999132, -0.0415532, 0.0226845, 0.041475, 0.998882, 0.00279374  
195, 263.253, -239.425, 182.407, 0.999767, -0.00341272, -0.0212967, 0.00257015, 0.999218, -0.0394663, 0.0214148, 0.0394023, 0.998994, 0.0028617  
196, 263.282, -239.397, 182.374, 0.999704, -0.00173356, -0.0242806, 0.000666705, 0.999037, -0.043878, 0.0243333, 0.0438489, 0.998742, 0.00288222  
197, 263.229, -239.425, 182.393, 0.999773, -0.00441088, -0.0208494, 0.00359463, 0.999232, -0.0390265, 0.0210056, 0.0389426, 0.999021, 0.00276794  
198, 263.275, -239.407, 182.38, 0.999735, -0.00364379, -0.0227267, 0.00267129, 0.999085, -0.0426756, 0.0228614, 0.0426035, 0.99883, 0.00286835  
199, 263.242, -239.456, 182.365, 0.999757, -0.00306134, -0.0218202, 0.00215337, 0.999136, -0.0415138, 0.0219285, 0.0414567, 0.9989, 0.00288416  
200, 263.269, -239.41, 182.363, 0.999692, -0.00410625, -0.0244911, 0.00302158, 0.99902, -0.0441619, 0.0246485, 0.0440743, 0.998724, 0.0028359  
201, 263.264, -239.47, 182.386, 0.999762, -0.00482609, -0.021279, 0.00396724, 0.999183, -0.0402204, 0.0214557, 0.0401264, 0.998964, 0.00289443  
202, 263.246, -239.424, 182.359, 0.999732, -0.00400235, -0.0227807, 0.00302684, 0.999084, -0.0426964, 0.0229307, 0.042616, 0.998828, 0.00273632  
203, 263.31, -239.412, 182.383, 0.999731, -0.0042589, -0.022803, 0.00331404, 0.999141, -0.0413142, 0.0229594, 0.0412275, 0.998886, 0.00293631  
204, 263.258, -239.415, 182.41, 0.999782, -0.00441774, -0.0203989, 0.00364269, 0.999276, -0.037877, 0.0205515, 0.0377944, 0.999074, 0.00287862  
205, 263.27, -239.377, 182.381, 0.999761, -0.00360283, -0.0215473, 0.00271703, 0.999155, -0.0409989, 0.0216768, 0.0409306, 0.998927, 0.00281926  
206, 263.281, -239.397, 182.393, 0.999766, -0.00398561, -0.0212412, 0.00313195, 0.999192, -0.0400714, 0.0213838, 0.0399955, 0.998971, 0.00293881  
207, 263.3, -239.38, 182.371, 0.999738, -0.00341186, -0.0226462, 0.00247544, 0.999146, -0.0412499, 0.0227676, 0.0411831, 0.998892, 0.00277294  
208, 263.265, -239.402, 182.402, 0.99977, -0.00414392, -0.0210354, 0.0033078, 0.999209, -0.0396286, 0.0211829, 0.0395499, 0.998993, 0.00292577  
209, 263.257, -239.394, 182.349, 0.999759, -0.00364156, -0.02165, 0.00275023, 0.999153, -0.0410582, 0.0217812, 0.0409888, 0.998922, 0.00289387  
210, 263.287, -239.376, 182.368, 0.99973, -0.00404835, -0.0228877, 0.00308998, 0.999123, -0.0417542, 0.0230367, 0.0416722, 0.998866, 0.00274631  
211, 263.248, -239.37, 182.376, 0.99976, -0.00300161, -0.0217104, 0.00212451, 0.999185, -0.0403107, 0.0218137, 0.0402549, 0.998951, 0.00293437  
212, 263.273, -239.352, 182.396, 0.999785, -0.00333653, -0.020488, 0.00255781, 0.999278, -0.0379179, 0.0205997, 0.0378574, 0.999071, 0.00278819  
213, 263.288, -239.386, 182.368, 0.999739, -0.00283695, -0.022689, 0.0018687, 0.999091, -0.0425828, 0.0227892, 0.0425293, 0.998835, 0.00288832  
214, 263.292, -239.347, 182.386, 0.999761, -0.00320654, -0.0216164, 0.00234516, 0.999207, -0.0397567, 0.0217268, 0.0396965, 0.998976, 0.00277821  
215, 263.228, -239.349, 182.343, 0.999747, -0.00426321, -0.0221058, 0.00333527, 0.999119, -0.0418454, 0.0222647, 0.041761, 0.99888, 0.00270747  
216, 263.274, -239.349, 182.387, 0.999733, -0.0042004, -0.0227095, 0.00325493, 0.999133, -0.0415108, 0.0228642, 0.0414258, 0.99888, 0.0029094  
217, 263.264, -239.379, 182.388, 0.999782, -0.00340857, -0.0205973, 0.00260637, 0.999242, -0.038849, 0.0207141, 0.0387869, 0.999033, 0.00288305  
218, 263.305, -239.332, 182.394, 0.999727, -0.00303193, -0.0231597, 0.00206002, 0.999121, -0.0418749, 0.0232663, 0.0418157, 0.998854, 0.00286502  
219, 263.274, -239.297, 182.395, 0.999769, -0.00311115, -0.021269, 0.00225592, 0.999192, -0.0401166, 0.0213767, 0.0400593, 0.998969, 0.00278126  
220, 263.289, -239.323, 182.356, 0.999731, -0.00387203, -0.0228659, 0.00292825, 0.999148, -0.0411647, 0.0230058, 0.0410867, 0.998891, 0.00274797  
221, 263.246, -239.33, 182.374, 0.999757, -0.00367905, -0.0217323, 0.00278564, 0.999155, -0.0409981, 0.0218648, 0.0409276, 0.998923, 0.00293742  
222, 263.272, -239.286, 182.338, 0.999727, -0.00311504, -0.0231357, 0.00214644, 0.999125, -0.0417732, 0.0232456, 0.0417122, 0.998859, 0.00281426  
223, 263.296, -239.322, 182.372, 0.999743, -0.00404696, -0.0223196, 0.0031581, 0.999206, -0.0397163, 0.0224626, 0.0396356, 0.998962, 0.00292466  
224, 263.297, -239.324, 182.379, 0.999732, -0.00218162, -0.0230618, 0.00120268, 0.999101, -0.0423774, 0.0231336, 0.0423383, 0.998835, 0.00294851  
225, 263.291, -239.302, 182.368, 0.999718, -0.00361066, -0.0234783, 0.00261657, 0.999104, -0.0422347, 0.0236098, 0.0421613, 0.998832, 0.00274048  
226, 263.274, -239.328, 182.357, 0.999741, -0.00247853, -0.0226422, 0.0015241, 0.999113, -0.0420734, 0.0227264, 0.042028, 0.998858, 0.00298568  
227, 263.266, -239.322, 182.37, 0.999753, -0.00464779, -0.0217382, 0.00376974, 0.999182, -0.04026, 0.0219075, 0.0401681, 0.998953, 0.00295351  
228, 263.279, -239.334, 182.383, 0.999737, -0.00398071, -0.0225682, 0.00304378, 0.999138, -0.0413989, 0.0227135, 0.0413194, 0.998888, 0.00262898  
229, 263.304, -239.342, 182.379, 0.999719, -0.00362269, -0.0234101, 0.00263275, 0.999107, -0.0421799, 0.023542, 0.0421064, 0.998836, 0.00293354  
230, 263.323, -239.376, 182.384, 0.999727, -0.00387965, -0.0230228, 0.00292292, 0.999137, -0.0414449, 0.0231637, 0.0413663, 0.998876, 0.00273715  
231, 263.26, -239.346, 182.388, 0.999769, -0.00320743, -0.0212726, 0.00234044, 0.99917, -0.0406567, 0.0213853, 0.0405975, 0.998947, 0.00306695  
232, 263.256, -239.347, 182.375, 0.999757, -0.00329874, -0.0218107, 0.00238322, 0.99912, -0.0418693, 0.0219297, 0.0418071, 0.998885, 0.00279041  
233, 263.268, -239.352, 182.374, 0.999773, -0.00332449, -0.0210622, 0.00249746, 0.999229, -0.0391714, 0.0211762, 0.0391098, 0.999011, 0.00297514  
234, 263.212, -239.412, 182.353, 0.999761, -0.00437609, -0.0214395, 0.00348318, 0.999132, -0.0415096, 0.0216025, 0.041425, 0.998908, 0.00286003  
235, 263.22, -239.374, 182.356, 0.999746, -0.00349498, -0.0222635, 0.00257218, 0.999142, -0.0413436, 0.0223888, 0.0412758, 0.998897, 0.00270942  
236, 263.24, -239.393, 182.355, 0.999697, -0.00401254, -0.0242735, 0.00294046, 0.999025, -0.0440424, 0.0244266, 0.0439577, 0.998735, 0.00306501  
237, 263.256, -239.407, 182.387, 0.999761, -0.00306055, -0.0216455, 0.00218132, 0.999176, -0.040527, 0.0217517, 0.0404701, 0.998944, 0.00271774  
238, 263.235, -239.424, 182.401, 0.999766, -0.00381769, -0.0213069, 0.00297247, 0.999213, -0.0395605, 0.0214412, 0.0394879, 0.99899, 0.0029033  
239, 263.221, -239.403, 182.372, 0.999741, -0.0031648, -0.0225486, 0.00221021, 0.999105, -0.0422347, 0.022662, 0.0421739, 0.998853, 0.0028481  
240, 263.232, -239.413, 182.383, 0.999772, -0.00373945, -0.0209992, 0.00288731, 0.999177, -0.0404643, 0.0211333, 0.0403944, 0.99896, 0.00278431  
241, 263.248, -239.407, 182.363, 0.999746, -0.00300082, -0.0223451, 0.00206672, 0.999128, -0.0417099, 0.0224508, 0.0416531, 0.99888, 0.00306252  
242, 263.247, -239.415, 182.357, 0.999724, -0.00418399, -0.023121, 0.00318366, 0.999064, -0.0431337, 0.0232799, 0.0430482, 0.998802, 0.0027893  
243, 263.26, -239.427, 182.35, 0.999708, -0.00319365, -0.0239344, 0.00214533, 0.999042, -0.0436978, 0.024051, 0.0436337, 0.998758, 0.00276656  
244, 263.274, -239.404, 182.374, 0.999743, -0.00460036, -0.022207, 0.00371056, 0.999195, -0.0399445, 0.0223729, 0.0398519, 0.998955, 0.00289027  
245, 263.278, -239.41, 182.399, 0.999769, -0.00429866, -0.0210413, 0.00347102, 0.999225, -0.0392135, 0.0211936, 0.0391315, 0.999009, 0.00274908  
246, 263.233, -239.399, 182.362, 0.999761, -0.00386475, -0.0215221, 0.00297632, 0.999148, -0.0411597, 0.0216628, 0.0410858, 0.998921, 0.00302784  
247, 263.254, -239.421, 182.377, 0.999752, -0.00403446, -0.0218898, 0.00312048, 0.999128, -0.0416282, 0.0220387, 0.0415496, 0.998893, 0.00273882  
248, 263.224, -239.425, 182.388, 0.999774, -0.00456939, -0.0207547, 0.00373909, 0.999198, -0.0398697, 0.0209202, 0.0397831, 0.998989, 0.00302036  
249, 263.279, -239.404, 182.393, 0.999774, -0.00316008, -0.0210375, 0.002321, 0.999205, -0.0397902, 0.0211466, 0.0397324, 0.998987, 0.0028445  
250, 263.304, -239.408, 182.377, 0.999748, -0.00332031, -0.0221818, 0.00240958, 0.999158, -0.040959, 0.0222991, 0.0408953, 0.998915, 0.00279318  
251, 263.277, -239.351, 182.363, 0.99973, -0.00298081, -0.0230624, 0.00200081, 0.999099, -0.0424004, 0.023168, 0.0423428, 0.998834, 0.00301398  
252, 263.266, -239.41, 182.388, 0.999744, -0.00409558, -0.0222387, 0.0031623, 0.999119, -0.0418407, 0.0223905, 0.0417597, 0.998877, 0.00268168  
253, 263.273, -239.386, 182.371, 0.999743, -0.00360497, -0.0223929, 0.00267362, 0.999136, -0.041483, 0.0225231, 0.0414125, 0.998888, 0.00280289  
254, 263.288, -239.373, 182.379, 0.999776, -0.00320292, -0.0209155, 0.00238182, 0.99923, -0.0391655, 0.0210248, 0.0391069, 0.999014, 0.00313602  
255, 263.248, -239.366, 182.374, 0.999771, -0.00424392, -0.0209654, 0.00342239, 0.999231, -0.0390668, 0.021115, 0.0389861, 0.999017, 0.00283285  
256, 263.294, -239.419, 182.388, 0.999717, -0.00389798, -0.0234837, 0.00289583, 0.99909, -0.0425583, 0.0236282, 0.0424782, 0.998818, 0.0030578  
257, 263.239, -239.341, 182.373, 0.999773, -0.00469338, -0.0207908, 0.00384599, 0.999168, -0.040612, 0.0209641, 0.0405228, 0.998959, 0.00273077  
258, 263.24, -239.323, 182.363, 0.999768, -0.00354105, -0.0212367, 0.00268945, 0.999196, -0.0399958, 0.0213612, 0.0399295, 0.998974, 0.00290497  
259, 263.301, -239.376, 182.38, 0.999756, -0.00287149, -0.021902, 0.00198426, 0.999181, -0.0404235, 0.0220002, 0.0403701, 0.998943, 0.00295129  
260, 263.288, -239.332, 182.363, 0.999741, -0.00410373, -0.0223892, 0.0031873, 0.999162, -0.040815, 0.0225379, 0.0407331, 0.998916, 0.00271663  
261, 263.285, -239.351, 182.357, 0.999733, -0.00287863, -0.0229127, 0.00188472, 0.999061, -0.0432823, 0.0230158, 0.0432275, 0.9988, 0.00308027  
262, 263.265, -239.334, 182.37, 0.999752, -0.00303464, -0.0220411, 0.00212381, 0.999147, -0.0412306, 0.0221475, 0.0411736, 0.998907, 0.00270026  
263, 263.319, -239.315, 182.406, 0.999752, -0.0030562, -0.0220579, 0.00218317, 0.999217, -0.0394951, 0.0221613, 0.0394372, 0.998976, 0.00298014  
264, 263.229, -239.323, 182.337, 0.999748, -0.00382126, -0.0221139, 0.00290232, 0.999137, -0.0414389, 0.0222532, 0.0413642, 0.998896, 0.00291523  
265, 263.285, -239.339, 182.373, 0.999725, -0.00342793, -0.0232183, 0.0024468, 0.999108, -0.0421541, 0.0233421, 0.0420857, 0.998841, 0.0027427  
266, 263.251, -239.35, 182.37, 0.999748, -0.00324062, -0.0221938, 0.00231881, 0.999138, -0.0414354, 0.0223089, 0.0413735, 0.998895, 0.00280067  
267, 263.297, -239.308, 182.362, 0.999723, -0.00345724, -0.0232813, 0.00246632, 0.999095, -0.0424579, 0.023407, 0.0423887, 0.998827, 0.00268639  
268, 263.278, -239.373, 182.378, 0.999765, -0.00341465, -0.0214024, 0.00256364, 0.99921, -0.0396646, 0.0215209, 0.0396004, 0.998984, 0.00281565  
269, 263.3, -239.333, 182.348, 0.999727, -0.00313543, -0.0231671, 0.0021625, 0.999119, -0.0419025, 0.0232781, 0.0418409, 0.998853, 0.00290136  
270, 263.267, -239.37, 182.368, 0.999767, -0.00351686, -0.0213157, 0.00262352, 0.999123, -0.041794, 0.021444, 0.0417283, 0.998899, 0.00307611  
271, 263.238, -239.335, 182.386, 0.99979, -0.00304123, -0.0202715, 0.00224065, 0.999221, -0.0393993, 0.0203756, 0.0393456, 0.999018, 0.00311023  
272, 263.314, -239.356, 182.376, 0.999757, -0.00441735, -0.0215786, 0.0035335, 0.99916, -0.0408273, 0.0217408, 0.0407412, 0.998933, 0.00270969  
273, 263.288, -239.311, 182.379, 0.999706, -0.00406162, -0.0238942, 0.00302955, 0.999067, -0.043072, 0.0240468, 0.042987, 0.998786, 0.00312604  
274, 263.26, -239.343, 182.387, 0.999779, -0.00272463, -0.0208526, 0.00189971, 0.999219, -0.0394774, 0.0209439, 0.0394291, 0.999003, 0.00284699  
275, 263.287, -239.373, 182.355, 0.999754, -0.00330227, -0.0219329, 0.00238999, 0.999136, -0.0414908, 0.0220509, 0.0414282, 0.998898, 0.0027488  
