0, 0, 0, 0, 0, 0, 0, 0, 0, 0, 0, 0, 0, 0.00280289  
1, 0, 0, 0, 0, 0, 0, 0, 0, 0, 0, 0, 0, 0.00282813  
2, 292.911, -247.412, 182.832, 0.999751, -0.0180893, -0.0130779, 0.0179718, 0.999798, -0.00904426, 0.0132389, 0.00880698, 0.999874, 0.00281537  
3, 292.888, -247.446, 182.822, 0.99974, -0.0187321, -0.0130057, 0.0186193, 0.999788, -0.00874046, 0.0131667, 0.00849603, 0.999877, 0.00281704  
4, 292.905, -247.402, 182.828, 0.999738, -0.0181141, -0.0139698, 0.0179812, 0.999792, -0.00957907, 0.0141404, 0.00932537, 0.999857, 0.00281066  
5, 292.929, -247.424, 182.822, 0.99974, -0.0183165, -0.0135627, 0.0181936, 0.999793, -0.00913147, 0.0137271, 0.00888234, 0.999866, 0.0028212  
6, 292.902, -247.421, 182.832, 0.999736, -0.0191506, -0.0127119, 0.0190496, 0.999786, -0.00801836, 0.0128627, 0.00777408, 0.999887, 0.00285615  
7, 292.907, -247.476, 182.841, 0.999732, -0.0190751, -0.0131451, 0.0189638, 0.999784, -0.00853606, 0.0133051, 0.00828448, 0.999877, 0.00281953  
8, 292.885, -247.431, 182.827, 0.999724, -0.0198077, -0.012597, 0.0197107, 0.999775, -0.00777795, 0.0127483, 0.00752751, 0.99989, 0.00289748  
9, 292.938, -247.413, 182.842, 0.999724, -0.0184673, -0.0145122, 0.0183279, 0.999785, -0.00967803, 0.0146878, 0.00940938, 0.999848, 0.00297653  
10, 292.915, -247.452, 182.848, 0.999718, -0.0193002, -0.0138017, 0.0191722, 0.999772, -0.00935046, 0.013979, 0.00908322, 0.999861, 0.00280289  
11, 292.906, -247.46, 182.815, 0.999722, -0.0190077, -0.0139254, 0.018876, 0.999776, -0.00952345, 0.0141033, 0.00925795, 0.999858, 0.00294297  
12, 292.905, -247.422, 182.841, 0.999716, -0.0191287, -0.0141965, 0.0189892, 0.999771, -0.00989572, 0.0143825, 0.00962333, 0.99985, 0.00289248  
13, 292.947, -247.429, 182.842, 0.999724, -0.0187914, -0.0141278, 0.0186674, 0.999786, -0.00886088, 0.0142913, 0.0085947, 0.999861, 0.00286835  
14, 292.922, -247.407, 182.834, 0.999733, -0.0184408, -0.0139343, 0.0183154, 0.999791, -0.00907414, 0.0140987, 0.0088165, 0.999862, 0.00291218  
15, 292.902, -247.457, 182.833, 0.99974, -0.0187795, -0.0129252, 0.0186655, 0.999786, -0.00887843, 0.0130892, 0.00863487, 0.999877, 0.002842  
16, 292.902, -247.465, 182.829, 0.999728, -0.0195305, -0.0127548, 0.0194188, 0.999773, -0.00881909, 0.0129242, 0.00856901, 0.99988, 0.00287224  
17, 292.902, -247.429, 182.819, 0.999733, -0.0193218, -0.0127071, 0.0192158, 0.99978, -0.00841216, 0.0128669, 0.00816573, 0.999884, 0.00289637  
18, 292.884, -247.433, 182.832, 0.999729, -0.0193452, -0.0129207, 0.0192357, 0.999778, -0.00854742, 0.0130832, 0.00829656, 0.99988, 0.00287751  
19, 292.922, -247.405, 182.818, 0.999731, -0.0184614, -0.0140202, 0.0183344, 0.99979, -0.00913441, 0.0141859, 0.00887491, 0.99986, 0.00288194  
20, 292.92, -247.464, 182.847, 0.999729, -0.0190525, -0.0134111, 0.0189339, 0.999781, -0.00891309, 0.0135779, 0.00865675, 0.99987, 0.00283535  
21, 292.891, -247.429, 182.83, 0.999725, -0.0196344, -0.0128545, 0.0195318, 0.999777, -0.00806206, 0.01301, 0.00780877, 0.999885, 0.00285532  
22, 292.92, -247.444, 182.837, 0.999733, -0.0188406, -0.0133903, 0.0187249, 0.999787, -0.00871397, 0.0135517, 0.00846091, 0.999872, 0.00294907  
23, 292.886, -247.46, 182.819, 0.999723, -0.0197726, -0.0127363, 0.0196717, 0.999774, -0.00800031, 0.0128916, 0.00774755, 0.999887, 0.00288389  
24, 292.882, -247.453, 182.838, 0.999718, -0.0197535, -0.0131726, 0.0196468, 0.999774, -0.00818179, 0.0133312, 0.00792069, 0.99988, 0.00288056  
25, 292.876, -247.417, 182.824, 0.99972, -0.01966, -0.0131543, 0.0195509, 0.999774, -0.00837057, 0.0133159, 0.00811105, 0.999878, 0.0028861  
26, 292.886, -247.449, 182.832, 0.999738, -0.019286, -0.0123622, 0.0191823, 0.99978, -0.0084503, 0.0125225, 0.00821095, 0.999888, 0.00286697  
27, 292.905, -247.463, 182.842, 0.999739, -0.0191088, -0.0125155, 0.0190126, 0.999789, -0.00776233, 0.0126612, 0.00752235, 0.999892, 0.00288139  
28, 292.917, -247.44, 182.859, 0.999717, -0.0194778, -0.0136241, 0.0193571, 0.999773, -0.00893993, 0.0137951, 0.00867368, 0.999867, 0.00287723  
29, 292.931, -247.474, 182.84, 0.99973, -0.019234, -0.0130015, 0.0191251, 0.999781, -0.00845431, 0.0131613, 0.00820338, 0.99988, 0.00289248  
30, 292.921, -247.479, 182.823, 0.999757, -0.0179515, -0.0128209, 0.0178398, 0.999802, -0.0087779, 0.0129759, 0.00854704, 0.999879, 0.00284589  
31, 292.887, -247.426, 182.827, 0.999719, -0.0199465, -0.0127888, 0.0198398, 0.999768, -0.00841392, 0.0129536, 0.00815783, 0.999883, 0.00288888  
32, 292.896, -247.436, 182.817, 0.999731, -0.0196349, -0.0123073, 0.0195389, 0.999778, -0.00786703, 0.0124591, 0.00762445, 0.999893, 0.0028861  
33, 292.927, -247.471, 182.828, 0.999732, -0.0192553, -0.0128289, 0.0191486, 0.999781, -0.00838466, 0.0129876, 0.00813676, 0.999883, 0.0028126  
34, 292.908, -247.455, 182.834, 0.999726, -0.0189558, -0.0137225, 0.0188286, 0.999779, -0.00933533, 0.0138964, 0.0090744, 0.999862, 0.00278181  
35, 292.898, -247.458, 182.824, 0.999735, -0.0189929, -0.0129828, 0.0188811, 0.999784, -0.00868413, 0.0131449, 0.0084367, 0.999878, 0.0028947  
36, 292.88, -247.458, 182.86, 0.999721, -0.0196566, -0.0131264, 0.0195372, 0.999767, -0.00915689, 0.0133034, 0.00889788, 0.999872, 0.00291662  
37, 292.877, -247.418, 182.813, 0.999726, -0.0195175, -0.0129295, 0.0194008, 0.99977, -0.00908943, 0.0131039, 0.0088361, 0.999875, 0.00295739  
38, 292.889, -247.424, 182.833, 0.999723, -0.0195699, -0.0130707, 0.0194631, 0.999777, -0.00824259, 0.0132291, 0.00798591, 0.999881, 0.00293076  
39, 292.896, -247.452, 182.847, 0.999735, -0.0190955, -0.0128663, 0.0189852, 0.999782, -0.0086428, 0.0130286, 0.00839624, 0.99988, 0.00282397  
40, 292.908, -247.452, 182.835, 0.999744, -0.0189944, -0.0123282, 0.0188991, 0.999791, -0.0077964, 0.0124737, 0.00756141, 0.999894, 0.00437368  
41, 292.907, -247.444, 182.832, 0.999723, -0.0195285, -0.0131645, 0.0194122, 0.999772, -0.00890523, 0.0133354, 0.00864721, 0.999874, 0.00292771  
42, 292.945, -247.415, 182.833, 0.999738, -0.0183042, -0.0137468, 0.0181708, 0.999787, -0.00976538, 0.0139226, 0.00951303, 0.999858, 0.00287501  
43, 292.885, -247.429, 182.828, 0.999727, -0.0195346, -0.0128487, 0.0194254, 0.999775, -0.00857181, 0.0130133, 0.00831988, 0.999881, 0.00284505  
44, 292.916, -247.449, 182.844, 0.999735, -0.0188027, -0.0133008, 0.0186873, 0.999787, -0.0087508, 0.0134625, 0.00849992, 0.999873, 0.00282786  
45, 292.925, -247.399, 182.821, 0.999726, -0.0192107, -0.0133413, 0.0190967, 0.999781, -0.00861487, 0.0135038, 0.00835774, 0.999874, 0.00296238  
46, 292.916, -247.459, 182.826, 0.999738, -0.0189107, -0.012885, 0.0188033, 0.999788, -0.00840343, 0.0130412, 0.00815895, 0.999882, 0.00295018  
47, 292.902, -247.441, 182.839, 0.999719, -0.0195772, -0.0133481, 0.0194716, 0.999778, -0.00799352, 0.0135016, 0.00773137, 0.999879, 0.00307167  
48, 292.928, -247.423, 182.815, 0.999739, -0.0184292, -0.0135056, 0.0183178, 0.999798, -0.00832571, 0.0136563, 0.00807614, 0.999874, 0.00282064  
49, 292.896, -247.435, 182.815, 0.999743, -0.0187968, -0.0126897, 0.0186832, 0.999785, -0.0090082, 0.0128562, 0.0087688, 0.999879, 0.00294713  
50, 292.889, -247.45, 182.83, 0.999726, -0.0194937, -0.0129205, 0.0193856, 0.999776, -0.00843897, 0.0130821, 0.00818619, 0.999881, 0.00293853  
51, 292.904, -247.44, 182.842, 0.999726, -0.019281, -0.0132709, 0.019156, 0.999772, -0.00948005, 0.0134506, 0.00922323, 0.999867, 0.00292938  
52, 292.903, -247.444, 182.845, 0.999711, -0.0201485, -0.0131002, 0.0200393, 0.999764, -0.0084128, 0.0132666, 0.00814785, 0.999879, 0.00296405  
53, 292.901, -247.446, 182.836, 0.999705, -0.0197396, -0.0141507, 0.0195983, 0.999757, -0.0100543, 0.0143457, 0.00977405, 0.999849, 0.00294879  
54, 292.909, -247.439, 182.835, 0.999717, -0.019767, -0.0132442, 0.0196563, 0.999771, -0.00843717, 0.013408, 0.00817445, 0.999877, 0.00279152  
55, 292.894, -247.425, 182.834, 0.999727, -0.019627, -0.012689, 0.0195202, 0.999773, -0.00848688, 0.0128527, 0.00823687, 0.999883, 0.00290302  
56, 292.908, -247.484, 182.836, 0.999745, -0.0188678, -0.0124098, 0.0187631, 0.999788, -0.00850243, 0.0125676, 0.00826742, 0.999887, 0.0029377  
57, 292.94, -247.446, 182.818, 0.999747, -0.018319, -0.0130676, 0.0182085, 0.999798, -0.00851938, 0.013221, 0.00827929, 0.999878, 0.00304671  
58, 292.956, -247.408, 182.836, 0.999738, -0.0179219, -0.0142731, 0.0177868, 0.999796, -0.0095311, 0.014441, 0.00927472, 0.999853, 0.00420059  
59, 292.884, -247.448, 182.824, 0.999724, -0.0197175, -0.0128026, 0.0196077, 0.99977, -0.00863895, 0.01297, 0.00838554, 0.999881, 0.00270914  
60, 292.894, -247.425, 182.833, 0.999723, -0.0194063, -0.0132889, 0.0192921, 0.999776, -0.00866976, 0.0134542, 0.00841099, 0.999874, 0.0042716  
61, 292.908, -247.429, 182.826, 0.99972, -0.0197275, -0.0130774, 0.0196192, 0.999773, -0.00835789, 0.0132393, 0.00809898, 0.99988, 0.00297209  
62, 292.914, -247.465, 182.854, 0.999735, -0.0192, -0.0126851, 0.0191015, 0.999787, -0.00784572, 0.012833, 0.00760134, 0.999889, 0.0027488  
63, 292.903, -247.451, 182.856, 0.999715, -0.0196382, -0.0136095, 0.0195132, 0.999767, -0.00925448, 0.0137881, 0.00898627, 0.999865, 0.00279429  
64, 292.892, -247.461, 182.856, 0.999738, -0.0188074, -0.0130563, 0.0186896, 0.999784, -0.00908394, 0.0132243, 0.00883754, 0.999874, 0.0028065  
65, 292.888, -247.426, 182.831, 0.99973, -0.0193916, -0.0128258, 0.0192807, 0.999776, -0.00871586, 0.0129919, 0.00846622, 0.99988, 0.00278875  
66, 292.929, -247.449, 182.848, 0.999727, -0.0193209, -0.0131677, 0.0192075, 0.999778, -0.00868699, 0.0133327, 0.0084317, 0.999876, 0.0028151  
67, 292.934, -247.416, 182.846, 0.999715, -0.0194491, -0.0138734, 0.0193297, 0.999775, -0.00868653, 0.0140392, 0.00841588, 0.999866, 0.00305225  
68, 292.922, -247.441, 182.84, 0.999717, -0.0195601, -0.0135342, 0.0194308, 0.999765, -0.00962203, 0.0137192, 0.00935633, 0.999862, 0.00277876  
69, 292.932, -247.447, 182.839, 0.999742, -0.0190017, -0.0124549, 0.018904, 0.99979, -0.00791173, 0.0126026, 0.00767424, 0.999891, 0.00278181  
70, 292.91, -247.451, 182.843, 0.999729, -0.018983, -0.0134901, 0.018866, 0.999784, -0.00874508, 0.0136532, 0.0084882, 0.999871, 0.00300344  
71, 292.916, -247.401, 182.841, 0.999728, -0.0186833, -0.0139236, 0.0185539, 0.999784, -0.00936604, 0.0140956, 0.00910516, 0.999859, 0.00280012  
72, 292.899, -247.42, 182.829, 0.999734, -0.0187298, -0.0134464, 0.0186058, 0.999784, -0.00928291, 0.0136174, 0.00903026, 0.999867, 0.00279845  
73, 292.903, -247.487, 182.832, 0.999738, -0.0192877, -0.0123502, 0.0191848, 0.999781, -0.00839682, 0.0125095, 0.00815768, 0.999888, 0.00283756  
74, 292.899, -247.475, 182.863, 0.999719, -0.0196138, -0.0133099, 0.0195017, 0.999774, -0.00850456, 0.0134737, 0.0082426, 0.999875, 0.0028237  
75, 292.924, -247.417, 182.825, 0.999718, -0.0189438, -0.0143276, 0.0188161, 0.999782, -0.00899822, 0.0144949, 0.00872609, 0.999857, 0.00304754  
76, 292.903, -247.444, 182.829, 0.999733, -0.0192818, -0.0127696, 0.0191745, 0.99978, -0.00847248, 0.0129301, 0.00822537, 0.999883, 0.00296627  
77, 292.901, -247.465, 182.828, 0.999739, -0.0191915, -0.0123689, 0.0190884, 0.999783, -0.00840051, 0.0125274, 0.00816222, 0.999888, 0.00274769  
78, 292.915, -247.449, 182.821, 0.99974, -0.0188761, -0.0127589, 0.0187677, 0.999787, -0.00856168, 0.0129178, 0.00832, 0.999882, 0.00278126  
79, 292.906, -247.417, 182.83, 0.999713, -0.0195269, -0.0138549, 0.0193971, 0.999767, -0.00944512, 0.0140362, 0.00917367, 0.999859, 0.00279096  
80, 292.883, -247.459, 182.825, 0.999727, -0.0194981, -0.0128595, 0.0193712, 0.999763, -0.00991622, 0.0130498, 0.00966441, 0.999868, 0.00278653  
81, 292.897, -247.431, 182.807, 0.999741, -0.0190058, -0.0124877, 0.0189008, 0.999785, -0.00847125, 0.012646, 0.00823303, 0.999886, 0.00301841  
82, 292.885, -247.411, 182.818, 0.999716, -0.0196345, -0.0135057, 0.0195202, 0.999773, -0.00854267, 0.0136703, 0.00827662, 0.999872, 0.00276794  
83, 292.883, -247.459, 182.835, 0.999725, -0.0197685, -0.0126203, 0.0196605, 0.99977, -0.00862051, 0.0127879, 0.00837001, 0.999883, 0.00281399  
84, 292.883, -247.423, 182.821, 0.999709, -0.0202818, -0.0130512, 0.0201808, 0.999766, -0.00781966, 0.0132067, 0.007554, 0.999884, 0.00279485  
85, 292.909, -247.407, 182.818, 0.999724, -0.0193417, -0.0133466, 0.019227, 0.999778, -0.00867231, 0.0135114, 0.0084133, 0.999873, 0.00283923  
86, 292.913, -247.46, 182.822, 0.999735, -0.0190276, -0.0129495, 0.0189174, 0.999784, -0.00858442, 0.01311, 0.00833718, 0.999879, 0.00280067  
87, 292.919, -247.466, 182.816, 0.99974, -0.0187221, -0.0129908, 0.0186087, 0.999788, -0.00879366, 0.0131527, 0.00854963, 0.999877, 0.00287224  
88, 292.905, -247.431, 182.81, 0.999735, -0.0189747, -0.013054, 0.0188634, 0.999785, -0.00859293, 0.0132142, 0.00834441, 0.999878, 0.00281926  
89, 292.918, -247.43, 182.823, 0.99973, -0.0193302, -0.0128899, 0.0192176, 0.999777, -0.00880626, 0.0130572, 0.00855617, 0.999878, 0.00285448  
90, 292.882, -247.431, 182.822, 0.999724, -0.0199726, -0.0123885, 0.0198707, 0.999768, -0.00829895, 0.0125513, 0.00805049, 0.999889, 0.00288028  
91, 292.908, -247.45, 182.831, 0.999718, -0.0195573, -0.0134831, 0.0194422, 0.999774, -0.00861756, 0.0136486, 0.00835299, 0.999872, 0.00284172  
92, 292.901, -247.45, 182.815, 0.999739, -0.0190271, -0.0126786, 0.0189127, 0.99978, -0.00908269, 0.0128486, 0.00884053, 0.999878, 0.00287667  
93, 292.926, -247.434, 182.824, 0.999737, -0.0188639, -0.0130795, 0.0187394, 0.999779, -0.00957327, 0.0132571, 0.00932564, 0.999869, 0.00279346  
94, 292.886, -247.444, 182.831, 0.999724, -0.0198682, -0.0125527, 0.0197637, 0.999769, -0.00839564, 0.0127166, 0.00814524, 0.999886, 0.00290247  
95, 292.922, -247.426, 182.813, 0.999723, -0.0188012, -0.0141873, 0.0186606, 0.999776, -0.00997361, 0.0143717, 0.00970609, 0.99985, 0.00285421  
96, 292.971, -247.44, 182.84, 0.99973, -0.0185769, -0.01394, 0.0184543, 0.99979, -0.00887212, 0.0141019, 0.00861247, 0.999863, 0.00283396  
97, 292.911, -247.451, 182.841, 0.999725, -0.0199112, -0.0124271, 0.0198154, 0.999773, -0.00778066, 0.0125792, 0.00753227, 0.999893, 0.00278209  
98, 292.95, -247.417, 182.826, 0.999725, -0.0190675, -0.0136733, 0.0189534, 0.999785, -0.00842644, 0.0138311, 0.00816497, 0.999871, 0.00287224  
99, 292.926, -247.467, 182.837, 0.999744, -0.018908, -0.012429, 0.0187966, 0.999783, -0.00901906, 0.0125968, 0.00878312, 0.999882, 0.00287695  
100, 292.902, -247.424, 182.849, 0.999723, -0.0193772, -0.0133479, 0.0192557, 0.999773, -0.00917417, 0.0135226, 0.00891461, 0.999869, 0.0028298  
101, 292.899, -247.446, 182.814, 0.999734, -0.0192868, -0.0126323, 0.0191793, 0.999779, -0.00857641, 0.0127949, 0.00833185, 0.999883, 0.00284533  
102, 292.904, -247.448, 182.847, 0.999717, -0.0196922, -0.0133434, 0.0195745, 0.999769, -0.00889248, 0.0135154, 0.00862878, 0.999871, 0.00287973  
103, 292.897, -247.447, 182.836, 0.999732, -0.0191534, -0.0129877, 0.0190453, 0.999783, -0.00839847, 0.0131458, 0.00814886, 0.99988, 0.00285726  
104, 292.882, -247.428, 182.83, 0.999718, -0.0200853, -0.0126451, 0.0199762, 0.999763, -0.00869609, 0.0128168, 0.00844104, 0.999882, 0.00284561  
105, 292.918, -247.446, 182.836, 0.999723, -0.0196163, -0.013028, 0.0195132, 0.999778, -0.00799757, 0.013182, 0.00774113, 0.999883, 0.00282786  
106, 292.91, -247.443, 182.821, 0.999748, -0.018223, -0.013146, 0.0181058, 0.999796, -0.00897791, 0.0133069, 0.00873763, 0.999873, 0.00293354  
107, 292.898, -247.418, 182.825, 0.999718, -0.0200431, -0.0127602, 0.0199366, 0.999766, -0.00842063, 0.012926, 0.00816386, 0.999883, 0.00286724  
108, 292.895, -247.445, 182.84, 0.999724, -0.0192666, -0.0134606, 0.0191504, 0.999779, -0.00870586, 0.0136253, 0.00844567, 0.999872, 0.00283729  
109, 292.908, -247.439, 182.856, 0.999709, -0.019812, -0.0137512, 0.0196878, 0.999765, -0.00911069, 0.0139284, 0.00883731, 0.999864, 0.00296044  
110, 292.909, -247.451, 182.833, 0.999737, -0.0187638, -0.0131917, 0.0186433, 0.999784, -0.00919491, 0.0133613, 0.00894656, 0.999871, 0.00287002  
111, 292.898, -247.469, 182.841, 0.999735, -0.019309, -0.0125282, 0.0191975, 0.999776, -0.00896435, 0.0126985, 0.00872147, 0.999881, 0.00290108  
112, 292.899, -247.413, 182.831, 0.999704, -0.0199544, -0.0139458, 0.0198393, 0.999768, -0.00834358, 0.0141091, 0.00806443, 0.999868, 0.00296016  
113, 292.886, -247.428, 182.825, 0.999725, -0.0194572, -0.0130887, 0.0193418, 0.999773, -0.00889176, 0.0132587, 0.00863616, 0.999875, 0.00290302  
114, 292.926, -247.43, 182.837, 0.999721, -0.0190164, -0.0140399, 0.018888, 0.999779, -0.00921931, 0.0142121, 0.00895155, 0.999859, 0.00281953  
115, 292.913, -247.423, 182.832, 0.999735, -0.0189702, -0.0130354, 0.0188657, 0.999789, -0.00809693, 0.0131863, 0.00784887, 0.999882, 0.0028334  
116, 292.892, -247.414, 182.843, 0.999718, -0.0199715, -0.012859, 0.0198679, 0.99977, -0.00813331, 0.0130184, 0.00787553, 0.999884, 0.00292189  
117, 292.912, -247.455, 182.833, 0.999738, -0.0190426, -0.0127284, 0.0189304, 0.999781, -0.00887507, 0.0128946, 0.00863179, 0.99988, 0.00282924  
118, 292.9, -247.446, 182.813, 0.999744, -0.0184665, -0.0130435, 0.0183568, 0.999796, -0.00847531, 0.0131974, 0.0082337, 0.999879, 0.00285254  
119, 292.925, -247.451, 182.854, 0.999712, -0.0194302, -0.0140894, 0.0193024, 0.999772, -0.00915031, 0.014264, 0.00887572, 0.999859, 0.00289138  
120, 292.912, -247.423, 182.838, 0.999734, -0.0187979, -0.0133408, 0.0186824, 0.999787, -0.00873235, 0.0135021, 0.00848079, 0.999873, 0.00290524  
121, 292.922, -247.472, 182.845, 0.999732, -0.019195, -0.0129175, 0.0190865, 0.999782, -0.00847088, 0.0130773, 0.00822206, 0.999881, 0.00285421  
122, 292.912, -247.438, 182.836, 0.999736, -0.0189838, -0.0129243, 0.0188685, 0.999782, -0.0089838, 0.013092, 0.00873757, 0.999876, 0.00288444  
123, 292.884, -247.449, 182.832, 0.999722, -0.0196727, -0.0130268, 0.0195563, 0.999768, -0.0090037, 0.013201, 0.00874643, 0.999875, 0.00284866  
124, 292.911, -247.448, 182.844, 0.99972, -0.0200309, -0.0125584, 0.0199391, 0.999774, -0.00739685, 0.0127037, 0.00714438, 0.999894, 0.00278597  
125, 292.957, -247.455, 182.833, 0.999744, -0.0180392, -0.013655, 0.0179178, 0.999799, -0.00896472, 0.013814, 0.00871776, 0.999867, 0.00288916  
126, 292.927, -247.442, 182.832, 0.999751, -0.0181113, -0.0130708, 0.0180028, 0.999803, -0.00837029, 0.0132199, 0.00813289, 0.99988, 0.00295489  
127, 292.898, -247.429, 182.842, 0.999707, -0.0199312, -0.0137002, 0.0198065, 0.999762, -0.0091768, 0.0138799, 0.00890276, 0.999864, 0.00290635  
128, 292.909, -247.472, 182.834, 0.999735, -0.0190136, -0.0130091, 0.0188946, 0.999779, -0.0092086, 0.0131813, 0.00896036, 0.999873, 0.00287251  
129, 292.953, -247.412, 182.833, 0.999709, -0.0192307, -0.0145325, 0.0190891, 0.99977, -0.00981859, 0.014718, 0.00953832, 0.999846, 0.00281454  
130, 292.92, -247.452, 182.83, 0.999738, -0.0187611, -0.0130923, 0.0186468, 0.999787, -0.00879796, 0.0132545, 0.00855153, 0.999876, 0.0029352  
131, 292.895, -247.42, 182.838, 0.999704, -0.020217, -0.0135462, 0.0200906, 0.999754, -0.00939954, 0.0137329, 0.00912461, 0.999864, 0.00294602  
132, 292.873, -247.438, 182.833, 0.999721, -0.0200834, -0.0124383, 0.0199837, 0.999768, -0.00809339, 0.0125979, 0.00784257, 0.99989, 0.00274575  
133, 292.933, -247.467, 182.842, 0.999745, -0.0186207, -0.0127781, 0.0185115, 0.999792, -0.00861404, 0.0129359, 0.0083753, 0.999881, 0.00259209  
134, 292.909, -247.457, 182.847, 0.999725, -0.0192812, -0.0133541, 0.0191676, 0.999779, -0.00858603, 0.0135167, 0.0083277, 0.999874, 0.00312049  
135, 292.912, -247.423, 182.831, 0.999721, -0.0194859, -0.013313, 0.0193595, 0.999767, -0.00955835, 0.0134961, 0.00929796, 0.999866, 0.00278958  
136, 292.914, -247.445, 182.847, 0.999723, -0.0189028, -0.014049, 0.0187701, 0.999779, -0.00951412, 0.0142257, 0.00924778, 0.999856, 0.0028273  
137, 292.923, -247.456, 182.85, 0.99972, -0.0198482, -0.0128868, 0.0197469, 0.999774, -0.00793673, 0.0130415, 0.00768004, 0.999885, 0.00286031  
138, 292.907, -247.455, 182.839, 0.999729, -0.0192634, -0.0130562, 0.0191508, 0.999779, -0.00869439, 0.0132208, 0.008442, 0.999877, 0.00283701  
139, 292.906, -247.424, 182.838, 0.999733, -0.018905, -0.0133214, 0.0187926, 0.999787, -0.00851119, 0.0134794, 0.00825856, 0.999875, 0.00283424  
140, 292.913, -247.456, 182.847, 0.999732, -0.0193434, -0.0127269, 0.0192404, 0.999782, -0.00816552, 0.012882, 0.00791846, 0.999886, 0.00289221  
141, 292.912, -247.434, 182.828, 0.99972, -0.0196404, -0.0132007, 0.0195298, 0.999773, -0.00845812, 0.0133638, 0.00819795, 0.999877, 0.00299289  
142, 292.957, -247.407, 182.826, 0.999734, -0.0183073, -0.0140078, 0.0181798, 0.999793, -0.00918112, 0.014173, 0.00892402, 0.99986, 0.00293409  
143, 292.903, -247.441, 182.818, 0.999743, -0.0190539, -0.0122429, 0.0189565, 0.999788, -0.00802168, 0.0123931, 0.00778754, 0.999893, 0.0028359  
144, 292.915, -247.447, 182.826, 0.999759, -0.0182003, -0.012241, 0.0181005, 0.999802, -0.00821225, 0.012388, 0.0079887, 0.999891, 0.00282203  
145, 292.929, -247.433, 182.82, 0.999732, -0.0187903, -0.0135125, 0.0186708, 0.999786, -0.00891869, 0.0136772, 0.00866401, 0.999869, 0.0029646  
146, 292.923, -247.452, 182.824, 0.999739, -0.0188028, -0.0129453, 0.0187033, 0.999795, -0.00776358, 0.0130887, 0.00751944, 0.999886, 0.00293049  
147, 292.888, -247.465, 182.839, 0.999721, -0.0198289, -0.0128703, 0.0197221, 0.99977, -0.0083754, 0.0130335, 0.00811923, 0.999882, 0.00275296  
148, 292.914, -247.457, 182.831, 0.999717, -0.0194758, -0.0136638, 0.019347, 0.999768, -0.00949957, 0.0138456, 0.00923253, 0.999862, 0.00277626  
149, 292.907, -247.454, 182.823, 0.999747, -0.0185268, -0.0127295, 0.0184085, 0.999787, -0.00934881, 0.0129, 0.00911212, 0.999875, 0.00277904  
150, 292.92, -247.429, 182.833, 0.999729, -0.0191048, -0.0133319, 0.0189845, 0.999778, -0.00908808, 0.0135026, 0.00883252, 0.99987, 0.0027746  
151, 292.883, -247.439, 182.838, 0.999715, -0.0199878, -0.0130642, 0.0198658, 0.999758, -0.00939908, 0.0132489, 0.00913687, 0.99987, 0.00282175  
152, 292.937, -247.421, 182.83, 0.999746, -0.0183862, -0.0130479, 0.0182829, 0.999801, -0.00799276, 0.0131923, 0.00775217, 0.999883, 0.00278875  
153, 292.917, -247.459, 182.844, 0.999738, -0.0191366, -0.0125767, 0.0190285, 0.999781, -0.00865677, 0.0127396, 0.00841518, 0.999883, 0.00280261  
154, 292.904, -247.47, 182.836, 0.999738, -0.0188427, -0.0130233, 0.0187328, 0.999788, -0.00851078, 0.0131809, 0.00826459, 0.999879, 0.00279457  
155, 292.911, -247.451, 182.843, 0.999727, -0.0189427, -0.0136434, 0.0188287, 0.999787, -0.0084349, 0.0138002, 0.00817572, 0.999871, 0.002999  
156, 292.926, -247.442, 182.847, 0.999736, -0.0185832, -0.0135014, 0.0184537, 0.999783, -0.00965452, 0.0136779, 0.00940282, 0.999862, 0.00294158  
157, 292.886, -247.432, 182.859, 0.999695, -0.0207156, -0.0134669, 0.0205935, 0.999746, -0.00913691, 0.0136527, 0.00885679, 0.999868, 0.002956  
158, 292.928, -247.451, 182.869, 0.999725, -0.0191164, -0.0135752, 0.0190053, 0.999785, -0.0082633, 0.0137303, 0.00800303, 0.999874, 0.00282536  
159, 292.909, -247.441, 182.838, 0.999718, -0.0199489, -0.0128751, 0.0198426, 0.999768, -0.00833357, 0.0130384, 0.00807575, 0.999882, 0.0027954  
160, 292.916, -247.423, 182.841, 0.99971, -0.0196038, -0.0139727, 0.019478, 0.999769, -0.00908733, 0.0141476, 0.00881253, 0.999861, 0.00285448  
161, 292.905, -247.447, 182.828, 0.999748, -0.0184868, -0.0127023, 0.018371, 0.999789, -0.00917575, 0.0128692, 0.00894009, 0.999877, 0.00300704  
162, 292.915, -247.422, 182.822, 0.999714, -0.0198525, -0.0133625, 0.0197323, 0.999764, -0.00906475, 0.0135393, 0.00879848, 0.99987, 0.00276988  
163, 292.914, -247.477, 182.839, 0.999747, -0.0192635, -0.0116394, 0.0191773, 0.999788, -0.00747147, 0.0117808, 0.00724637, 0.999904, 0.00278958  
164, 292.878, -247.436, 182.822, 0.99974, -0.0189503, -0.012661, 0.0188419, 0.999785, -0.00862206, 0.0128217, 0.00838127, 0.999883, 0.00278875  
165, 292.889, -247.447, 182.838, 0.999746, -0.0190063, -0.012135, 0.0189022, 0.999784, -0.0086385, 0.0122966, 0.00840692, 0.999889, 0.00297126  
166, 292.894, -247.449, 182.833, 0.999732, -0.0191988, -0.012905, 0.0190964, 0.999786, -0.00801293, 0.013056, 0.00776434, 0.999885, 0.00303395  
167, 292.892, -247.462, 182.857, 0.999723, -0.0197269, -0.0128206, 0.0196262, 0.999776, -0.00793548, 0.0129743, 0.00768166, 0.999886, 0.00303866  
168, 292.889, -247.43, 182.831, 0.999725, -0.0195453, -0.0129765, 0.0194379, 0.999776, -0.00835109, 0.0131369, 0.00809655, 0.999881, 0.00280622  
169, 292.916, -247.472, 182.832, 0.999739, -0.0188346, -0.0129662, 0.0187209, 0.999786, -0.00883529, 0.0131299, 0.00859024, 0.999877, 0.0031155  
170, 292.931, -247.429, 182.833, 0.999743, -0.0189791, -0.012395, 0.018881, 0.99979, -0.00798167, 0.0125439, 0.00774559, 0.999891, 0.00278986  
171, 292.903, -247.454, 182.835, 0.999723, -0.0198388, -0.0126898, 0.0197428, 0.999776, -0.00764841, 0.0128387, 0.00739576, 0.99989, 0.00283257  
172, 292.909, -247.448, 182.824, 0.999744, -0.018634, -0.0128522, 0.0185143, 0.999785, -0.00937267, 0.0130241, 0.00913232, 0.999873, 0.00289443  
173, 292.909, -247.441, 182.833, 0.999725, -0.0190927, -0.0135902, 0.018964, 0.999775, -0.00953409, 0.0137692, 0.00927375, 0.999862, 0.00284062  
174, 292.882, -247.465, 182.829, 0.999742, -0.019154, -0.0122408, 0.019047, 0.99978, -0.00880112, 0.0124067, 0.00856569, 0.999886, 0.00296044  
175, 292.906, -247.461, 182.83, 0.999736, -0.0190545, -0.0128315, 0.0189435, 0.999783, -0.00871324, 0.0129947, 0.00846787, 0.99988, 0.0028126  
176, 292.905, -247.472, 182.832, 0.999741, -0.0189312, -0.0126271, 0.0188235, 0.999786, -0.00859466, 0.0127871, 0.00835475, 0.999883, 0.00299206  
177, 292.901, -247.422, 182.815, 0.999717, -0.0195416, -0.013589, 0.0194298, 0.999777, -0.00831319, 0.0137484, 0.0080468, 0.999873, 0.00285504  
178, 292.93, -247.441, 182.841, 0.99973, -0.0191469, -0.013147, 0.0190355, 0.999782, -0.00854545, 0.0133078, 0.00829288, 0.999877, 0.00281066  
179, 292.896, -247.424, 182.826, 0.999728, -0.0192955, -0.0131063, 0.0191817, 0.999778, -0.00875743, 0.0132724, 0.00850365, 0.999876, 0.00283562  
180, 292.897, -247.455, 182.83, 0.999734, -0.019002, -0.0130505, 0.0188908, 0.999785, -0.00859027, 0.013211, 0.00834145, 0.999878, 0.00283867  
181, 292.885, -247.431, 182.815, 0.999738, -0.0190608, -0.0126893, 0.0189511, 0.999782, -0.00870998, 0.0128526, 0.00846722, 0.999882, 0.00286308  
182, 292.884, -247.438, 182.84, 0.999718, -0.0196594, -0.0132904, 0.0195352, 0.999765, -0.00941252, 0.0134723, 0.00915024, 0.999867, 0.00281953  
183, 292.883, -247.466, 182.841, 0.999727, -0.0197498, -0.0125054, 0.0196474, 0.999773, -0.00826149, 0.0126657, 0.00801353, 0.999888, 0.00287862  
184, 292.886, -247.467, 182.83, 0.999739, -0.0189918, -0.012724, 0.0188878, 0.999788, -0.00824201, 0.0128778, 0.00799953, 0.999885, 0.00285698  
185, 292.908, -247.48, 182.839, 0.999752, -0.0184835, -0.0124528, 0.0183797, 0.999796, -0.00839858, 0.0126055, 0.00816761, 0.999887, 0.00292716  
186, 292.888, -247.424, 182.829, 0.99972, -0.0198279, -0.0129045, 0.0197192, 0.999769, -0.00849277, 0.0130699, 0.00823593, 0.999881, 0.00290774  
187, 292.896, -247.438, 182.823, 0.999733, -0.0193563, -0.0126234, 0.0192465, 0.999776, -0.00876253, 0.0127902, 0.00851723, 0.999882, 0.0028617  
188, 292.889, -247.436, 182.804, 0.999731, -0.0190189, -0.0132728, 0.0188913, 0.999775, -0.00966862, 0.0134537, 0.00941528, 0.999865, 0.00284949  
189, 292.923, -247.453, 182.851, 0.99972, -0.0193422, -0.0136125, 0.0192187, 0.999773, -0.00914398, 0.0137863, 0.00887981, 0.999866, 0.00283507  
190, 292.903, -247.454, 182.836, 0.999732, -0.0190599, -0.0131243, 0.0189506, 0.999785, -0.00840699, 0.0132817, 0.00815602, 0.999879, 0.00292522  
191, 292.877, -247.461, 182.849, 0.99973, -0.0193049, -0.0129222, 0.0191988, 0.999781, -0.00828514, 0.0130793, 0.00803482, 0.999882, 0.00289248  
192, 292.89, -247.435, 182.817, 0.999735, -0.0193471, -0.0124833, 0.0192458, 0.999781, -0.00818746, 0.012639, 0.00794503, 0.999889, 0.00286308  
193, 292.885, -247.449, 182.826, 0.999745, -0.018794, -0.0125382, 0.0186844, 0.999787, -0.0088, 0.0127009, 0.00856348, 0.999883, 0.00289581  
194, 292.905, -247.447, 182.823, 0.999719, -0.019576, -0.0133758, 0.019464, 0.999775, -0.00845625, 0.0135383, 0.00819353, 0.999875, 0.00284228  
195, 292.893, -247.43, 182.837, 0.999717, -0.0199604, -0.012933, 0.0198554, 0.999769, -0.00820265, 0.0130937, 0.00794354, 0.999883, 0.00288749  
196, 292.907, -247.405, 182.826, 0.99973, -0.0186671, -0.0138397, 0.018543, 0.999787, -0.00904502, 0.0140056, 0.00878595, 0.999863, 0.00293243  
197, 292.92, -247.447, 182.854, 0.999716, -0.0196909, -0.0134135, 0.0195776, 0.999772, -0.00852281, 0.0135783, 0.00825779, 0.999874, 0.00283063  
198, 292.861, -247.447, 182.833, 0.999725, -0.019927, -0.0123363, 0.0198255, 0.999769, -0.0082966, 0.0124987, 0.00804975, 0.999889, 0.00288028  
199, 292.918, -247.443, 182.852, 0.999716, -0.019234, -0.0140966, 0.0190982, 0.999771, -0.00970355, 0.0142801, 0.00943157, 0.999854, 0.00288666  
200, 292.901, -247.448, 182.832, 0.999722, -0.0195275, -0.0132228, 0.0194093, 0.999771, -0.00901317, 0.0133958, 0.00875402, 0.999872, 0.00286697  
201, 292.921, -247.473, 182.842, 0.999725, -0.0193271, -0.0132935, 0.0192162, 0.99978, -0.0084201, 0.0134533, 0.00816234, 0.999876, 0.00288278  
202, 292.889, -247.432, 182.82, 0.999727, -0.0193103, -0.0131865, 0.0191937, 0.999776, -0.00891685, 0.0133558, 0.00866131, 0.999873, 0.00286391  
203, 292.904, -247.424, 182.834, 0.999709, -0.0200795, -0.0133603, 0.0199557, 0.999757, -0.00933703, 0.0135446, 0.0090677, 0.999867, 0.0028764  
204, 292.92, -247.446, 182.841, 0.999725, -0.0190626, -0.0136607, 0.0189411, 0.99978, -0.00897262, 0.0138287, 0.0087114, 0.999866, 0.00288694  
205, 292.897, -247.444, 182.858, 0.999718, -0.0194306, -0.0136808, 0.019301, 0.999768, -0.00954001, 0.013863, 0.00927326, 0.999861, 0.00293742  
206, 292.918, -247.454, 182.819, 0.999742, -0.0187891, -0.0127558, 0.0186787, 0.999788, -0.00871479, 0.0129168, 0.00847428, 0.999881, 0.00286253  
207, 292.892, -247.453, 182.848, 0.999713, -0.0202041, -0.0128934, 0.0200977, 0.999763, -0.00832937, 0.0130586, 0.00806785, 0.999882, 0.00380811  
208, 292.902, -247.438, 182.834, 0.999727, -0.0194183, -0.0129601, 0.0193019, 0.999773, -0.00905226, 0.0131329, 0.00879964, 0.999875, 0.00293631  
209, 292.908, -247.439, 182.832, 0.999737, -0.0188192, -0.0131224, 0.0186949, 0.99978, -0.00952941, 0.0132988, 0.00928158, 0.999868, 0.00290469  
210, 292.88, -247.454, 182.82, 0.999748, -0.0188128, -0.0122149, 0.0187179, 0.999794, -0.00783374, 0.0123597, 0.00760313, 0.999895, 0.00280983  
211, 292.903, -247.446, 182.841, 0.999719, -0.0194232, -0.0136026, 0.0193025, 0.999774, -0.00894882, 0.0137733, 0.00868374, 0.999867, 0.00291162  
212, 292.902, -247.458, 182.839, 0.999727, -0.0196067, -0.0127146, 0.0194945, 0.99977, -0.00888745, 0.012886, 0.00863715, 0.99988, 0.00286031  
213, 292.925, -247.45, 182.831, 0.99974, -0.0187592, -0.0129417, 0.0186554, 0.999793, -0.00809931, 0.013091, 0.00785578, 0.999883, 0.00293326  
214, 292.887, -247.446, 182.833, 0.999728, -0.0192839, -0.0131543, 0.019175, 0.999781, -0.00835318, 0.0133125, 0.00809867, 0.999879, 0.00289138  
215, 292.922, -247.448, 182.842, 0.999719, -0.0191758, -0.0139415, 0.0190462, 0.999775, -0.00937039, 0.014118, 0.00910222, 0.999859, 0.00296876  
216, 292.9, -247.453, 182.832, 0.999718, -0.0200968, -0.0126339, 0.0200022, 0.999771, -0.00757042, 0.0127832, 0.00731558, 0.999892, 0.00302979  
217, 292.925, -247.422, 182.822, 0.999726, -0.0189544, -0.0137407, 0.0188304, 0.999781, -0.00909715, 0.0139101, 0.00883591, 0.999864, 0.00291412  
218, 292.898, -247.424, 182.843, 0.999721, -0.0192679, -0.0136827, 0.0191522, 0.99978, -0.00853961, 0.0138442, 0.00827517, 0.99987, 0.00279956  
219, 292.891, -247.416, 182.827, 0.999728, -0.0190944, -0.0133618, 0.0189733, 0.999778, -0.00913193, 0.0135332, 0.00887594, 0.999869, 0.00293132  
220, 292.896, -247.468, 182.825, 0.999743, -0.0189898, -0.0123862, 0.018887, 0.999787, -0.0083649, 0.0125424, 0.00812881, 0.999888, 0.00295822  
221, 292.917, -247.451, 182.836, 0.999726, -0.0195257, -0.0129334, 0.0194195, 0.999777, -0.00828893, 0.0130924, 0.0080355, 0.999882, 0.00302424  
222, 292.909, -247.436, 182.831, 0.999729, -0.0195482, -0.0126176, 0.0194479, 0.999779, -0.00801771, 0.0127715, 0.00777015, 0.999888, 0.0029119  
223, 292.902, -247.456, 182.843, 0.999722, -0.0198753, -0.012723, 0.0197763, 0.999774, -0.00786192, 0.0128764, 0.00760812, 0.999888, 0.00303644  
224, 292.876, -247.443, 182.84, 0.999717, -0.0199455, -0.0129364, 0.0198427, 0.999771, -0.0080255, 0.0130935, 0.00776654, 0.999884, 0.00290302  
225, 292.927, -247.457, 182.822, 0.999753, -0.0182385, -0.0127045, 0.0181249, 0.999795, -0.0089983, 0.012866, 0.00876581, 0.999879, 0.00304005  
226, 292.912, -247.46, 182.837, 0.999724, -0.0196318, -0.0128673, 0.0195287, 0.999777, -0.00809372, 0.0130233, 0.0078402, 0.999884, 0.00298707  
227, 292.898, -247.455, 182.848, 0.999714, -0.0201408, -0.0128995, 0.0200322, 0.999763, -0.00849177, 0.0130675, 0.00823094, 0.999881, 0.002918  
228, 292.887, -247.446, 182.825, 0.999722, -0.0196451, -0.0130041, 0.0195326, 0.999771, -0.00871928, 0.0131724, 0.00846286, 0.999877, 0.00289637  
229, 292.908, -247.453, 182.848, 0.999725, -0.0192326, -0.0134492, 0.0191165, 0.999779, -0.00870329, 0.0136136, 0.00844379, 0.999872, 0.00295212  
230, 292.928, -247.439, 182.853, 0.999717, -0.0196633, -0.0134113, 0.0195516, 0.999773, -0.00841327, 0.0135737, 0.00814867, 0.999875, 0.00296266  
231, 292.886, -247.457, 182.841, 0.999726, -0.0192028, -0.013367, 0.0190843, 0.999778, -0.00893205, 0.0135355, 0.00867451, 0.999871, 0.00296571  
232, 292.883, -247.481, 182.846, 0.999736, -0.0192625, -0.0125018, 0.0191473, 0.999774, -0.00926809, 0.0126775, 0.00902627, 0.999879, 0.00292327  
233, 292.915, -247.444, 182.829, 0.999745, -0.0183952, -0.0130607, 0.0182931, 0.999801, -0.00789916, 0.0132034, 0.00765823, 0.999884, 0.00281676  
234, 292.871, -247.426, 182.849, 0.999702, -0.0201011, -0.0138847, 0.0199662, 0.999753, -0.00978603, 0.014078, 0.00950588, 0.999856, 0.00280567  
235, 292.919, -247.429, 182.838, 0.999742, -0.0185957, -0.0130103, 0.0184915, 0.999796, -0.00808465, 0.013158, 0.00784199, 0.999883, 0.00303755  
236, 292.908, -247.463, 182.819, 0.999733, -0.0191601, -0.0129102, 0.0190456, 0.999779, -0.00893582, 0.0130786, 0.00868756, 0.999877, 0.00307777  
237, 292.893, -247.471, 182.83, 0.999743, -0.0189801, -0.012437, 0.0188819, 0.99979, -0.00796261, 0.0125856, 0.00772572, 0.999891, 0.00282425  
238, 292.895, -247.461, 182.844, 0.999731, -0.0194715, -0.0126193, 0.0193625, 0.999775, -0.00870101, 0.0127858, 0.00845433, 0.999883, 0.00302257  
239, 292.919, -247.421, 182.849, 0.999722, -0.0190824, -0.0138773, 0.0189614, 0.999781, -0.00880037, 0.0140422, 0.00853478, 0.999865, 0.00280345  
240, 292.936, -247.433, 182.822, 0.999737, -0.0183956, -0.0137237, 0.0182661, 0.999788, -0.00950174, 0.0138956, 0.00924856, 0.999861, 0.00282924  
241, 292.939, -247.469, 182.839, 0.999738, -0.0186931, -0.0132413, 0.0185805, 0.999791, -0.00857767, 0.0133989, 0.00832939, 0.999876, 0.00278986  
242, 292.887, -247.443, 182.828, 0.999732, -0.0190987, -0.0130782, 0.018991, 0.999785, -0.00830545, 0.013234, 0.00805485, 0.99988, 0.00279207  
243, 292.913, -247.433, 182.842, 0.99974, -0.0186195, -0.0131957, 0.0185126, 0.999795, -0.00817755, 0.0133453, 0.00793113, 0.999879, 0.00282924  
244, 292.922, -247.453, 182.834, 0.999737, -0.0187679, -0.0132124, 0.0186546, 0.999789, -0.00864663, 0.0133719, 0.00839788, 0.999875, 0.00300344  
245, 292.922, -247.451, 182.839, 0.999715, -0.0200197, -0.0130412, 0.0199152, 0.999769, -0.00809366, 0.0132002, 0.00783163, 0.999882, 0.00303145  
246, 292.885, -247.425, 182.819, 0.999717, -0.0199836, -0.0128855, 0.0198767, 0.999767, -0.00837507, 0.0130498, 0.00811658, 0.999882, 0.0028101  
247, 292.915, -247.423, 182.826, 0.999727, -0.019301, -0.0131542, 0.0191868, 0.999778, -0.00875415, 0.0133203, 0.00849938, 0.999875, 0.00278486  
248, 292.895, -247.452, 182.846, 0.999723, -0.0197867, -0.0127542, 0.0196775, 0.999769, -0.00862723, 0.0129219, 0.00837387, 0.999881, 0.00282813  
249, 292.886, -247.425, 182.821, 0.999736, -0.0191517, -0.012671, 0.0190446, 0.999782, -0.00852067, 0.0128314, 0.00827711, 0.999883, 0.00301259  
250, 292.891, -247.453, 182.834, 0.999723, -0.0196024, -0.013021, 0.0194914, 0.999773, -0.00860163, 0.0131867, 0.00834545, 0.999878, 0.00301481  
251, 292.904, -247.427, 182.818, 0.999729, -0.019406, -0.0128221, 0.0192895, 0.999772, -0.00914876, 0.0129967, 0.00889896, 0.999876, 0.00297487  
252, 292.906, -247.444, 182.82, 0.999746, -0.0189153, -0.0122461, 0.0188129, 0.999788, -0.00842708, 0.0124029, 0.00819455, 0.99989, 0.00279402  
253, 292.938, -247.404, 182.817, 0.999748, -0.0178759, -0.0135901, 0.0177605, 0.999806, -0.00856461, 0.0137405, 0.00832109, 0.999871, 0.00315211  
254, 292.896, -247.459, 182.838, 0.999742, -0.0185666, -0.0131162, 0.0184549, 0.999793, -0.0085822, 0.0132729, 0.00833792, 0.999877, 0.00281121  
255, 292.931, -247.453, 182.826, 0.999737, -0.0186952, -0.0132507, 0.0185808, 0.99979, -0.00869881, 0.0134105, 0.00845032, 0.999874, 0.00302673  
256, 292.893, -247.422, 182.83, 0.999708, -0.0200908, -0.0133905, 0.0199766, 0.999763, -0.00861262, 0.0135604, 0.00834261, 0.999873, 0.00289581  
257, 292.915, -247.436, 182.846, 0.999721, -0.0194507, -0.0134307, 0.0193421, 0.99978, -0.00817207, 0.0135867, 0.00791001, 0.999876, 0.00278486  
258, 292.907, -247.432, 182.838, 0.999722, -0.0193055, -0.0135236, 0.019188, 0.999777, -0.00876462, 0.0136898, 0.00850269, 0.99987, 0.00281565  
259, 292.904, -247.427, 182.807, 0.999733, -0.0188992, -0.0132734, 0.0187666, 0.999773, -0.0100442, 0.0134602, 0.00979243, 0.999861, 0.00283118  
260, 292.92, -247.462, 182.836, 0.999708, -0.019827, -0.0138045, 0.0196945, 0.999759, -0.0096728, 0.0139929, 0.0093981, 0.999858, 0.0028911  
261, 292.921, -247.473, 182.833, 0.999748, -0.0184207, -0.0128498, 0.0183134, 0.999797, -0.00841856, 0.0130023, 0.00818111, 0.999882, 0.00288555  
262, 292.891, -247.455, 182.846, 0.999728, -0.0192921, -0.0130944, 0.0191788, 0.999778, -0.00872104, 0.0132598, 0.00846753, 0.999876, 0.00283812  
263, 292.915, -247.433, 182.82, 0.999737, -0.0184697, -0.0136033, 0.0183411, 0.999786, -0.0095186, 0.0137762, 0.00926659, 0.999862, 0.00278902  
264, 292.902, -247.456, 182.842, 0.999727, -0.0194161, -0.0129805, 0.0193076, 0.999778, -0.00842879, 0.0131412, 0.00817587, 0.99988, 0.00281843  
265, 292.897, -247.431, 182.819, 0.99974, -0.0187882, -0.0129003, 0.018673, 0.999785, -0.00899275, 0.0130665, 0.00874952, 0.999876, 0.00291773  
266, 292.944, -247.429, 182.846, 0.999723, -0.0191664, -0.0136649, 0.0190422, 0.999777, -0.00916041, 0.0138375, 0.00889766, 0.999865, 0.00286586  
267, 292.913, -247.432, 182.838, 0.999732, -0.0187494, -0.0136077, 0.0186297, 0.999787, -0.00886695, 0.0137711, 0.00861107, 0.999868, 0.0028298  
268, 292.905, -247.435, 182.838, 0.999716, -0.0197345, -0.0133245, 0.0196221, 0.999771, -0.0085132, 0.0134894, 0.00824933, 0.999875, 0.00285532  
269, 292.929, -247.438, 182.839, 0.999732, -0.0185001, -0.0139005, 0.0183755, 0.99979, -0.00904018, 0.0140649, 0.00878233, 0.999863, 0.00283867  
270, 292.946, -247.41, 182.852, 0.999723, -0.0184241, -0.0146412, 0.0182817, 0.999785, -0.00980666, 0.0148187, 0.00953628, 0.999845, 0.00290164  
271, 292.879, -247.456, 182.826, 0.999736, -0.0192613, -0.0125495, 0.0191561, 0.999781, -0.00845092, 0.0127095, 0.00820829, 0.999886, 0.00294408  
272, 292.946, -247.42, 182.823, 0.999742, -0.0183759, -0.0133765, 0.0182553, 0.999792, -0.00907919, 0.0135405, 0.00883266, 0.999869, 0.00283118  
273, 292.887, -247.463, 182.817, 0.999738, -0.0192937, -0.0122835, 0.0191963, 0.999784, -0.00799693, 0.0124351, 0.00775904, 0.999893, 0.0028065  
274, 292.891, -247.421, 182.824, 0.999722, -0.0195289, -0.0132455, 0.0194115, 0.999772, -0.00893095, 0.0134168, 0.00867135, 0.999872, 0.00284505  
275, 292.902, -247.45, 182.831, 0.999726, -0.0192411, -0.0133444, 0.0191199, 0.999775, -0.00915274, 0.0135175, 0.00889509, 0.999869, 0.00290192  
