0, 0, 0, 0, 0, 0, 0, 0, 0, 0, 0, 0, 0, 0.00293686  
1, 0, 0, 0, 0, 0, 0, 0, 0, 0, 0, 0, 0, 0.00262953  
2, 258.557, -218.017, 182.017, 0.999461, -0.0119116, -0.0305854, 0.0125965, 0.999672, 0.0223004, 0.0303097, -0.0226737, 0.999283, 0.00283645  
3, 258.562, -217.998, 182.004, 0.999461, -0.0112478, -0.0308352, 0.01192, 0.999693, 0.0217039, 0.0305816, -0.0220598, 0.999289, 0.0028187  
4, 258.542, -217.957, 182.014, 0.999455, -0.0123111, -0.030627, 0.0130051, 0.999661, 0.0225637, 0.0303389, -0.0229497, 0.999276, 0.00312298  
5, 258.576, -217.96, 182.03, 0.999423, -0.0111465, -0.0320936, 0.011843, 0.999697, 0.0215952, 0.0318432, -0.0219628, 0.999252, 0.00273105  
6, 258.568, -217.982, 182.002, 0.999435, -0.0118047, -0.0314792, 0.0124941, 0.999684, 0.0217934, 0.031212, -0.0221744, 0.999267, 0.00261372  
7, 258.553, -217.958, 182.012, 0.999444, -0.0121843, -0.0310254, 0.0128881, 0.999662, 0.0225868, 0.0307397, -0.0229741, 0.999263, 0.00290719  
8, 258.597, -217.951, 182.044, 0.999398, -0.0126334, -0.0322984, 0.0133712, 0.999652, 0.0227295, 0.032, -0.0231477, 0.99922, 0.00279707  
9, 258.583, -217.961, 182.052, 0.999411, -0.0125014, -0.0319543, 0.0132461, 0.999643, 0.0232014, 0.0316529, -0.023611, 0.99922, 0.00283756  
10, 258.572, -217.968, 182.038, 0.999431, -0.011641, -0.0316639, 0.012354, 0.999672, 0.0224159, 0.0313926, -0.0227943, 0.999247, 0.00279984  
11, 258.576, -217.971, 182.036, 0.999449, -0.0120132, -0.0309387, 0.0127397, 0.999645, 0.0233904, 0.0306467, -0.0237717, 0.999248, 0.00284727  
12, 258.569, -217.97, 182.034, 0.999425, -0.0128888, -0.0313462, 0.013588, 0.999661, 0.022198, 0.0310494, -0.0226112, 0.999262, 0.00288999  
13, 258.56, -217.977, 182.023, 0.999428, -0.0123407, -0.0314886, 0.0130342, 0.999675, 0.0219144, 0.0312079, -0.0223122, 0.999264, 0.00283951  
14, 258.574, -217.955, 182.038, 0.999433, -0.0126731, -0.031204, 0.0133792, 0.999657, 0.0225232, 0.0309079, -0.0229279, 0.999259, 0.00293076  
15, 258.57, -217.957, 182.026, 0.999433, -0.0124298, -0.0312807, 0.013149, 0.999651, 0.0228948, 0.0309852, -0.0232931, 0.999248, 0.00287778  
16, 258.587, -217.955, 182.016, 0.999404, -0.0120856, -0.0323335, 0.012815, 0.999666, 0.0224475, 0.0320514, -0.0228484, 0.999225, 0.00285005  
17, 258.559, -218.001, 182.029, 0.999462, -0.0117528, -0.0306087, 0.0124676, 0.999652, 0.0232648, 0.0303246, -0.0236339, 0.999261, 0.00286891  
18, 258.548, -217.971, 182.008, 0.99944, -0.0118647, -0.0312894, 0.0125803, 0.999661, 0.0227736, 0.0310086, -0.0231544, 0.999251, 0.00293853  
19, 258.577, -217.955, 182.019, 0.999448, -0.0119936, -0.0309777, 0.012689, 0.99967, 0.0223512, 0.0306994, -0.0227319, 0.99927, 0.00287251  
20, 258.59, -217.972, 182.018, 0.999435, -0.0117916, -0.0314691, 0.012514, 0.99966, 0.0228571, 0.0311889, -0.023238, 0.999243, 0.00279429  
21, 258.56, -217.974, 182.016, 0.999434, -0.0119138, -0.0314665, 0.0125982, 0.999686, 0.0216421, 0.0311988, -0.0220262, 0.99927, 0.00296571  
22, 258.546, -217.983, 182.035, 0.999444, -0.0116661, -0.0312415, 0.0123763, 0.999667, 0.0226362, 0.030967, -0.0230103, 0.999256, 0.00289193  
23, 258.562, -217.984, 182.052, 0.999469, -0.0119027, -0.0303303, 0.0125982, 0.99966, 0.0228445, 0.030048, -0.0232144, 0.999279, 0.00282647  
24, 258.598, -217.942, 182.062, 0.999434, -0.0121443, -0.0313863, 0.0128681, 0.999654, 0.0229626, 0.0310965, -0.0233534, 0.999244, 0.00293492  
25, 258.588, -217.974, 182.053, 0.999472, -0.0116511, -0.0303339, 0.0123632, 0.99965, 0.0233941, 0.0300507, -0.0237568, 0.999266, 0.00287501  
26, 258.626, -217.946, 182.058, 0.999431, -0.0121767, -0.0314606, 0.0128819, 0.999668, 0.0223082, 0.0311785, -0.0227008, 0.999256, 0.00293631  
27, 258.57, -217.948, 182.026, 0.99943, -0.0122654, -0.0314589, 0.0130012, 0.999644, 0.0232896, 0.0311621, -0.0236853, 0.999234, 0.00287973  
28, 258.54, -217.945, 182.005, 0.999436, -0.0125536, -0.0311594, 0.0132397, 0.999672, 0.0219107, 0.0308742, -0.0223109, 0.999274, 0.00280012  
29, 258.571, -217.97, 182.033, 0.999453, -0.0117483, -0.0309204, 0.0124636, 0.999657, 0.0230445, 0.0306391, -0.0234173, 0.999256, 0.00301037  
30, 258.565, -217.933, 182.02, 0.999443, -0.0117752, -0.0312318, 0.0124717, 0.999676, 0.0222013, 0.0309603, -0.0225785, 0.999266, 0.00285587  
31, 258.556, -217.977, 182.014, 0.999451, -0.012287, -0.0307534, 0.0129995, 0.999649, 0.0230753, 0.0304591, -0.0234624, 0.999261, 0.00287945  
32, 258.548, -217.945, 182.029, 0.999425, -0.0124324, -0.0315463, 0.0131362, 0.999667, 0.0221999, 0.0312598, -0.0226015, 0.999256, 0.00308027  
33, 258.567, -217.962, 182.041, 0.999444, -0.01229, -0.0309812, 0.013003, 0.999653, 0.0229168, 0.0306888, -0.023307, 0.999257, 0.00291162  
34, 258.581, -217.967, 182.049, 0.999415, -0.0126606, -0.0317576, 0.0133777, 0.999658, 0.0224707, 0.0314623, -0.0228824, 0.999243, 0.00295046  
35, 258.549, -217.932, 182.047, 0.999436, -0.0119462, -0.0313748, 0.0126864, 0.999643, 0.0234979, 0.0310829, -0.0238827, 0.999231, 0.0028886  
36, 258.56, -217.929, 182.041, 0.999418, -0.0122327, -0.0318444, 0.012955, 0.999661, 0.0225728, 0.0315575, -0.0229722, 0.999238, 0.00288527  
37, 258.561, -217.961, 182.054, 0.999408, -0.0129842, -0.031875, 0.0136855, 0.999667, 0.0218839, 0.0315803, -0.0223072, 0.999252, 0.00291467  
38, 258.574, -217.939, 182.046, 0.999451, -0.012387, -0.0307252, 0.0131084, 0.99964, 0.0233911, 0.0304244, -0.0237811, 0.999254, 0.00294713  
39, 258.58, -217.942, 182.03, 0.999416, -0.0121099, -0.0319674, 0.0128634, 0.999642, 0.0234717, 0.0316717, -0.0238692, 0.999213, 0.00301952  
40, 258.563, -217.898, 182.021, 0.999437, -0.0121672, -0.0312713, 0.0129151, 0.999633, 0.0238283, 0.0309698, -0.0242187, 0.999227, 0.00280095  
41, 258.573, -217.959, 182.009, 0.999487, -0.0111462, -0.0300393, 0.0118575, 0.999651, 0.0236055, 0.0297657, -0.0239496, 0.99927, 0.00288805  
42, 258.589, -217.974, 182.036, 0.999442, -0.0122772, -0.0310556, 0.0129846, 0.999658, 0.0226788, 0.0307665, -0.0230694, 0.99926, 0.00291495  
43, 258.544, -217.978, 182.027, 0.999469, -0.0117648, -0.0304002, 0.0124722, 0.999653, 0.0231867, 0.0301168, -0.0235536, 0.999269, 0.00301897  
44, 258.574, -217.95, 182.038, 0.999414, -0.011913, -0.0320999, 0.0126111, 0.999686, 0.0216341, 0.0318321, -0.0220263, 0.999251, 0.00292411  
45, 258.566, -217.927, 182.022, 0.999447, -0.0116512, -0.0311297, 0.0123807, 0.999651, 0.0233469, 0.0308468, -0.0237194, 0.999243, 0.00282869  
46, 258.577, -217.961, 182.023, 0.999443, -0.011866, -0.0311945, 0.0125517, 0.999682, 0.0218789, 0.0309249, -0.0222583, 0.999274, 0.00291578  
47, 258.557, -217.983, 182.022, 0.999455, -0.0124113, -0.0305819, 0.0130995, 0.999663, 0.0224084, 0.0302934, -0.0227968, 0.999281, 0.00279901  
48, 258.503, -217.968, 182.014, 0.999474, -0.0118157, -0.0302145, 0.0125233, 0.999649, 0.0233373, 0.0299282, -0.0237034, 0.999271, 0.00281482  
49, 258.556, -217.936, 182.032, 0.999411, -0.0126505, -0.0319084, 0.0133622, 0.999664, 0.0221889, 0.031617, -0.0226022, 0.999244, 0.00292438  
50, 258.554, -217.932, 182.032, 0.999445, -0.0121476, -0.0310167, 0.0128366, 0.999673, 0.0221098, 0.0307379, -0.0224957, 0.999274, 0.00281704  
51, 258.568, -217.924, 182.005, 0.999448, -0.011888, -0.0310239, 0.0125998, 0.999659, 0.0228516, 0.0307416, -0.0232299, 0.999257, 0.00287085  
52, 258.574, -217.929, 182.03, 0.999423, -0.0127535, -0.031496, 0.0134515, 0.999666, 0.0220487, 0.0312043, -0.0224596, 0.999261, 0.00280428  
53, 258.581, -217.952, 182.033, 0.99943, -0.0120132, -0.0315415, 0.0127231, 0.999668, 0.0224042, 0.0312619, -0.0227928, 0.999251, 0.00292965  
54, 258.586, -217.937, 182.005, 0.99942, -0.0121008, -0.0318208, 0.0127705, 0.999699, 0.0209271, 0.031558, -0.0213213, 0.999274, 0.0028739  
55, 258.561, -217.952, 181.998, 0.999449, -0.0122487, -0.030844, 0.0129394, 0.999668, 0.0222944, 0.0305607, -0.0226812, 0.999276, 0.00281537  
56, 258.563, -217.969, 182.007, 0.999442, -0.0125508, -0.0309555, 0.0132688, 0.999645, 0.023099, 0.0306546, -0.0234969, 0.999254, 0.00293381  
57, 258.552, -217.948, 182.01, 0.999465, -0.0115371, -0.0305885, 0.0122628, 0.999645, 0.0236449, 0.0303049, -0.0240074, 0.999252, 0.0030137  
58, 258.581, -217.943, 182.015, 0.999461, -0.0118378, -0.0306193, 0.0125562, 0.999648, 0.0233776, 0.0303318, -0.0237494, 0.999258, 0.00295101  
59, 258.579, -217.938, 182.014, 0.999462, -0.0122018, -0.0304564, 0.0129008, 0.999655, 0.0228613, 0.0301669, -0.0232419, 0.999275, 0.00301176  
60, 258.57, -217.971, 182.007, 0.999456, -0.0121596, -0.0306536, 0.0128859, 0.999638, 0.0236059, 0.0303555, -0.0239881, 0.999251, 0.00282897  
61, 258.612, -217.929, 182.009, 0.999436, -0.0118734, -0.0314164, 0.012575, 0.999674, 0.0222285, 0.0311422, -0.022611, 0.999259, 0.00283618  
62, 258.603, -217.929, 182.024, 0.999442, -0.0124688, -0.0309729, 0.0131963, 0.999639, 0.0233951, 0.0306701, -0.0237908, 0.999246, 0.00285892  
63, 258.557, -217.935, 182.038, 0.999486, -0.0122632, -0.029617, 0.012985, 0.99962, 0.0243033, 0.0293078, -0.0246753, 0.999266, 0.00297598  
64, 258.576, -217.94, 182.021, 0.99948, -0.0120677, -0.0298995, 0.0127832, 0.999634, 0.0238563, 0.0296006, -0.0242261, 0.999268, 0.00305225  
65, 258.608, -217.915, 182.028, 0.999423, -0.012791, -0.0314497, 0.0134876, 0.999666, 0.0220377, 0.0311573, -0.0224492, 0.999262, 0.00282342  
66, 258.584, -217.904, 182.036, 0.999432, -0.0126663, -0.0312374, 0.0133945, 0.999641, 0.0232144, 0.0309321, -0.0236196, 0.999242, 0.00297403  
67, 258.597, -217.941, 182.04, 0.999397, -0.013213, -0.0321117, 0.0139077, 0.999672, 0.0215075, 0.031817, -0.0219412, 0.999253, 0.0045107  
68, 258.578, -217.917, 182.017, 0.999411, -0.0127104, -0.0318818, 0.0134067, 0.999674, 0.0217204, 0.0315953, -0.0221351, 0.999256, 0.00298984  
69, 258.584, -217.903, 182.021, 0.999418, -0.0120704, -0.0318943, 0.0128008, 0.999658, 0.0227986, 0.0316082, -0.0231936, 0.999231, 0.00290996  
70, 258.56, -217.946, 182.034, 0.99942, -0.01308, -0.0314398, 0.0137989, 0.999646, 0.0227586, 0.031131, -0.0231792, 0.999247, 0.00286918  
71, 258.59, -217.91, 182.027, 0.999381, -0.0124042, -0.0329146, 0.0131187, 0.999681, 0.0215829, 0.0326364, -0.0220013, 0.999225, 0.00285005  
72, 258.546, -217.915, 181.996, 0.99943, -0.0126349, -0.0313124, 0.0133583, 0.999646, 0.0230021, 0.0310107, -0.0234073, 0.999245, 0.00282591  
73, 258.552, -217.925, 182.021, 0.999439, -0.0126959, -0.03099, 0.0134215, 0.999638, 0.02332, 0.0306828, -0.0237228, 0.999248, 0.00278736  
74, 258.574, -217.93, 182.012, 0.99945, -0.012504, -0.0307023, 0.0132376, 0.999629, 0.023806, 0.0303932, -0.0241993, 0.999245, 0.00309469  
75, 258.592, -217.918, 182.017, 0.999413, -0.0123163, -0.031983, 0.0130375, 0.999663, 0.0224392, 0.0316959, -0.022843, 0.999236, 0.00279485  
76, 258.54, -217.932, 182.011, 0.99947, -0.0119938, -0.0302471, 0.0127192, 0.999633, 0.0239046, 0.0299493, -0.0242766, 0.999257, 0.00279651  
77, 258.541, -217.924, 181.996, 0.999397, -0.0131946, -0.0321081, 0.0139152, 0.999654, 0.0223265, 0.0318024, -0.0227598, 0.999235, 0.00285726  
78, 258.49, -217.898, 182.004, 0.999441, -0.0124547, -0.0310195, 0.0131716, 0.999648, 0.0230143, 0.030722, -0.0234101, 0.999254, 0.00278292  
79, 258.543, -217.912, 182.012, 0.999422, -0.012241, -0.0317134, 0.012962, 0.99966, 0.0226294, 0.0314256, -0.0230274, 0.999241, 0.00279873  
80, 258.538, -217.917, 182.048, 0.999416, -0.0127993, -0.031699, 0.0135016, 0.999666, 0.0220413, 0.0314063, -0.0224564, 0.999254, 0.00280317  
81, 258.511, -217.891, 182.027, 0.999433, -0.0127356, -0.0311697, 0.0134489, 0.99965, 0.0227829, 0.0308686, -0.0231892, 0.999254, 0.00279513  
82, 258.509, -217.883, 182.037, 0.999401, -0.0120919, -0.0324178, 0.0128105, 0.999675, 0.0220543, 0.0321406, -0.0224564, 0.999231, 0.00279623  
83, 258.515, -217.904, 182.044, 0.999456, -0.0120123, -0.0307051, 0.0127326, 0.999646, 0.0233721, 0.0304135, -0.0237504, 0.999255, 0.00276683  
84, 258.552, -217.91, 182.038, 0.999427, -0.0121924, -0.0315912, 0.0129065, 0.999664, 0.0225001, 0.0313062, -0.0228949, 0.999248, 0.00283729  
85, 258.519, -217.91, 182.028, 0.99945, -0.012113, -0.0308684, 0.0128347, 0.999646, 0.0232877, 0.0305754, -0.0236711, 0.999252, 0.00282536  
86, 258.554, -217.926, 182.054, 0.999401, -0.0125945, -0.0322232, 0.0132901, 0.999681, 0.0214646, 0.0319426, -0.02188, 0.99925, 0.00301786  
87, 258.549, -218.032, 182.045, 0.999446, -0.0123649, -0.0308878, 0.0129608, 0.999732, 0.0191665, 0.0306425, -0.0195563, 0.999339, 0.00281648  
88, 258.529, -218.174, 182.015, 0.999447, -0.0124835, -0.0308233, 0.0129671, 0.999795, 0.0155422, 0.030623, -0.0159333, 0.999404, 0.0027868  
89, 258.551, -218.307, 182.04, 0.999455, -0.0124026, -0.0305968, 0.012752, 0.999855, 0.0112511, 0.0304528, -0.0116352, 0.999468, 0.00280872  
90, 258.595, -218.453, 182.086, 0.999413, -0.0113172, -0.0323408, 0.0115819, 0.999901, 0.00800712, 0.032247, -0.00837698, 0.999445, 0.00280955  
91, 258.503, -218.583, 182.097, 0.999453, -0.0108935, -0.0312123, 0.0110619, 0.999925, 0.00522529, 0.031153, -0.0055677, 0.999499, 0.00281094  
92, 258.513, -218.741, 182.188, 0.999451, -0.0109732, -0.0312668, 0.0109725, 0.99994, -0.00019229, 0.0312671, -0.000150892, 0.999511, 0.0028739  
93, 258.557, -218.899, 182.173, 0.999488, -0.0103415, -0.0302801, 0.0101839, 0.999934, -0.00535341, 0.0303335, 0.0050423, 0.999527, 0.00279679  
94, 258.598, -219.021, 182.195, 0.999416, -0.0118834, -0.0320263, 0.01151, 0.999864, -0.0118177, 0.0321624, 0.0114422, 0.999417, 0.002961  
95, 258.639, -219.133, 182.229, 0.999412, -0.0105141, -0.0326265, 0.0100548, 0.999848, -0.0142097, 0.0327709, 0.0138732, 0.999367, 0.002885  
96, 258.593, -219.372, 182.243, 0.999454, -0.0116611, -0.0309292, 0.0109751, 0.999692, -0.0222591, 0.0311792, 0.0219075, 0.999274, 0.0028592  
97, 258.656, -219.555, 182.265, 0.999482, -0.0110395, -0.0302356, 0.0102478, 0.999604, -0.0262164, 0.0305131, 0.025893, 0.999199, 0.00288666  
98, 258.626, -219.625, 182.282, 0.999493, -0.010681, -0.0300082, 0.00971985, 0.999441, -0.0319948, 0.0303331, 0.0316868, 0.999037, 0.00283451  
99, 258.61, -219.758, 182.301, 0.99948, -0.0111695, -0.0302392, 0.0100401, 0.999256, -0.0372454, 0.0306327, 0.0369224, 0.998849, 0.00284283  
100, 258.583, -219.758, 182.322, 0.999463, -0.0107139, -0.0309647, 0.00937248, 0.999025, -0.0431449, 0.0313967, 0.0428315, 0.998589, 0.00369438  
101, 258.625, -219.891, 182.312, 0.999477, -0.0113139, -0.0303014, 0.0098385, 0.998779, -0.0484057, 0.0308121, 0.0480823, 0.998368, 0.00292189  
102, 258.607, -219.887, 182.295, 0.999447, -0.0119037, -0.0310558, 0.0102111, 0.998483, -0.054103, 0.0316527, 0.053756, 0.998052, 0.00291218  
103, 258.615, -219.989, 182.318, 0.999516, -0.0110235, -0.0290837, 0.00930687, 0.998243, -0.0585134, 0.0296776, 0.0582144, 0.997863, 0.00288028  
104, 258.595, -220.008, 182.298, 0.999539, -0.0113053, -0.0281721, 0.00949182, 0.997924, -0.0636949, 0.0288337, 0.0633981, 0.997572, 0.00290302  
105, 258.631, -219.869, 182.322, 0.999487, -0.0117188, -0.0297929, 0.00959161, 0.997461, -0.0705649, 0.0305442, 0.0702429, 0.997062, 0.00286253  
106, 258.637, -219.809, 182.358, 0.99952, -0.0127889, -0.0282008, 0.0106345, 0.997107, -0.0752633, 0.0290818, 0.0749274, 0.996765, 0.00283673  
107, 258.73, -219.855, 182.307, 0.999461, -0.0125939, -0.0303256, 0.00996919, 0.996314, -0.0851989, 0.0312868, 0.0848506, 0.995902, 0.00288028  
108, 258.689, -219.759, 182.305, 0.999493, -0.012223, -0.029392, 0.00944769, 0.995642, -0.0927757, 0.0303979, 0.092451, 0.995253, 0.00283562  
109, 258.722, -219.567, 182.275, 0.999519, -0.012352, -0.0284538, 0.00951931, 0.995178, -0.0976235, 0.0295224, 0.0973056, 0.994817, 0.00293631  
110, 258.85, -219.424, 182.284, 0.999553, -0.0120167, -0.0273647, 0.00912121, 0.994579, -0.10358, 0.028461, 0.103284, 0.994245, 0.00286724  
111, 258.914, -219.206, 182.215, 0.999513, -0.012986, -0.0283651, 0.00983513, 0.994045, -0.108524, 0.0296055, 0.108193, 0.993689, 0.00286641  
112, 259.08, -219.073, 182.22, 0.999477, -0.0125412, -0.0297946, 0.00899643, 0.993178, -0.116259, 0.0310494, 0.11593, 0.992772, 0.00286447  
113, 259.281, -218.885, 182.178, 0.999523, -0.0144079, -0.0273057, 0.0110225, 0.992676, -0.120306, 0.0288391, 0.119947, 0.992361, 0.00289886  
114, 259.386, -218.656, 182.138, 0.999524, -0.0140859, -0.0274626, 0.0104847, 0.991831, -0.127124, 0.0290289, 0.126776, 0.991507, 0.00291301  
115, 259.511, -218.375, 182.126, 0.999534, -0.0147354, -0.0267247, 0.0110854, 0.991199, -0.131916, 0.0284333, 0.131559, 0.990901, 0.0028997  
116, 259.693, -217.982, 182.105, 0.999571, -0.0134424, -0.0260378, 0.00974186, 0.990473, -0.137362, 0.0276362, 0.137049, 0.990179, 0.00287501  
117, 259.889, -217.621, 182.158, 0.999548, -0.0167571, -0.0249589, 0.0130714, 0.989905, -0.141129, 0.0270718, 0.140739, 0.989677, 0.00291467  
118, 260.119, -217.023, 182.137, 0.999534, -0.0161641, -0.0259008, 0.0122103, 0.989191, -0.146125, 0.0279829, 0.145741, 0.988927, 0.00286059  
119, 260.303, -216.482, 182.109, 0.999649, -0.0142897, -0.0223253, 0.0108326, 0.988937, -0.14794, 0.0241923, 0.147646, 0.988744, 0.00295795  
120, 260.565, -216.037, 182.148, 0.999697, -0.0148696, -0.019633, 0.0117459, 0.988526, -0.150594, 0.021647, 0.150317, 0.988401, 0.00294519  
121, 260.866, -215.414, 182.173, 0.9997, -0.0133426, -0.0205508, 0.0100522, 0.988234, -0.15262, 0.0223453, 0.152367, 0.988071, 0.0029094  
122, 261.123, -214.806, 182.076, 0.999681, -0.0167861, -0.0188858, 0.013776, 0.98866, -0.149537, 0.0211818, 0.149229, 0.988576, 0.00285171  
123, 261.465, -214.164, 182.068, 0.999724, -0.016266, -0.0169575, 0.01342, 0.987635, -0.156192, 0.0192885, 0.155922, 0.987581, 0.0027893  
124, 261.805, -213.415, 182.031, 0.999754, -0.0159366, -0.0154038, 0.0132641, 0.986988, -0.160245, 0.0177571, 0.160002, 0.986957, 0.00289914  
125, 262.165, -212.695, 182.085, 0.999726, -0.0163269, -0.0167486, 0.0132623, 0.985515, -0.169071, 0.0192664, 0.168803, 0.985462, 0.00279152  
126, 262.627, -212.059, 182.115, 0.999757, -0.0157163, -0.0154868, 0.012697, 0.983815, -0.178738, 0.0180452, 0.178498, 0.983775, 0.00289914  
127, 262.952, -211.239, 182.108, 0.999779, -0.0180856, -0.0106872, 0.015831, 0.983057, -0.182617, 0.0138088, 0.182407, 0.983126, 0.00302701  
128, 263.36, -210.255, 182.134, 0.999831, -0.0165661, -0.00802012, 0.0148034, 0.982733, -0.184436, 0.010937, 0.184286, 0.982812, 0.00289692  
129, 263.711, -209.355, 182.117, 0.999815, -0.0173261, -0.00838683, 0.0154007, 0.981382, -0.191449, 0.0115477, 0.191284, 0.981467, 0.00291079  
130, 264.035, -208.376, 182.092, 0.999805, -0.0185199, -0.00686753, 0.0168046, 0.980258, -0.197007, 0.0103805, 0.196854, 0.980378, 0.00286641  
131, 264.297, -207.13, 182.031, 0.999819, -0.0181637, -0.00561159, 0.0166655, 0.979449, -0.201001, 0.00914719, 0.200872, 0.979575, 0.00293243  
132, 264.547, -206.031, 182.085, 0.999809, -0.0193741, -0.00250963, 0.0184621, 0.979026, -0.202895, 0.00638791, 0.20281, 0.979197, 0.00296654  
133, 264.698, -204.885, 182.048, 0.999825, -0.0186691, -0.0013139, 0.0179874, 0.97796, -0.208016, 0.0051684, 0.207956, 0.978125, 0.00291717  
134, 264.807, -203.4, 182.029, 0.999859, -0.0167509, 0.00128166, 0.0166589, 0.978723, -0.204508, 0.00217131, 0.204501, 0.978864, 0.00290857  
135, 264.917, -202.208, 181.973, 0.999845, -0.0175371, 0.00154563, 0.0174708, 0.977566, -0.209902, 0.00217011, 0.209896, 0.977721, 0.00291273  
136, 264.979, -200.766, 181.988, 0.999878, -0.0154806, 0.00187254, 0.0155245, 0.976975, -0.212786, 0.00146463, 0.212789, 0.977097, 0.00293326  
137, 265.145, -199.174, 182.018, 0.999902, -0.0139516, 0.000688409, 0.0137683, 0.97605, -0.21711, 0.00235712, 0.217099, 0.976147, 0.00281676  
138, 265.084, -197.749, 181.998, 0.999893, -0.014504, 0.00211723, 0.0146123, 0.974986, -0.221786, 0.00115251, 0.221793, 0.975093, 0.00291884  
139, 265.048, -195.936, 181.99, 0.999855, -0.0163482, 0.00473503, 0.016986, 0.976048, -0.21689, -0.00107587, 0.216939, 0.976185, 0.002956  
140, 265.084, -194.079, 182.031, 0.999944, -0.0104368, 0.00186833, 0.0105884, 0.973814, -0.227098, 0.00055077, 0.227105, 0.97387, 0.00282675  
141, 264.967, -192.455, 181.962, 0.999952, -0.00975824, 0.000903494, 0.00970243, 0.972808, -0.23141, 0.00137922, 0.231407, 0.972856, 0.00292244  
142, 264.747, -190.485, 182.025, 0.999949, -0.00882961, 0.00485318, 0.00970556, 0.973451, -0.228691, -0.00270508, 0.228726, 0.973487, 0.00295989  
143, 264.54, -188.56, 181.96, 0.999958, -0.00919444, -0.000570195, 0.00880295, 0.971955, -0.235003, 0.00271492, 0.234988, 0.971995, 0.00298513  
144, 264.32, -186.312, 182.021, 0.999982, -0.00519243, -0.00305988, 0.00432337, 0.971727, -0.236066, 0.00419912, 0.236048, 0.971732, 0.00298873  
145, 264.029, -184.277, 181.975, 0.999984, -0.00545602, -0.00142214, 0.00496456, 0.971587, -0.236629, 0.00267279, 0.236619, 0.971599, 0.00282841  
146, 263.678, -182.024, 182.02, 0.999975, -0.00495831, -0.00494476, 0.00365257, 0.971795, -0.235801, 0.00597447, 0.235777, 0.971789, 0.00297958  
147, 263.522, -179.618, 181.977, 0.999901, -0.00567763, -0.0128434, 0.0024973, 0.971935, -0.235236, 0.0138185, 0.235181, 0.971853, 0.00294519  
148, 262.742, -177.557, 181.741, 0.99989, -0.0117933, -0.00901034, 0.00944658, 0.973967, -0.226494, 0.0114469, 0.226384, 0.973971, 0.002961  
149, 262.405, -174.959, 181.757, 0.999914, -0.00812255, -0.0102803, 0.00564688, 0.975197, -0.221266, 0.0118226, 0.221189, 0.975159, 0.00282647  
150, 261.997, -172.402, 181.733, 0.999853, -0.0100641, -0.0138949, 0.00675112, 0.975333, -0.220635, 0.0157726, 0.220509, 0.975258, 0.00425746  
151, 261.458, -169.641, 181.683, 0.999828, -0.0104355, -0.0153176, 0.00692631, 0.976929, -0.213454, 0.0171917, 0.213311, 0.976833, 0.00299622  
152, 261.18, -167.009, 181.705, 0.9998, -0.0111074, -0.0166509, 0.0072398, 0.976251, -0.216522, 0.0186605, 0.216358, 0.976136, 0.00284838  
153, 260.508, -164.178, 181.702, 0.999834, -0.00966093, -0.0154526, 0.00609533, 0.976367, -0.216034, 0.0171745, 0.215904, 0.976264, 0.0029793  
154, 260.135, -161.054, 181.683, 0.999735, -0.010382, -0.0205324, 0.00588253, 0.978082, -0.208135, 0.0222432, 0.207959, 0.977885, 0.00281621  
155, 259.311, -158.35, 181.619, 0.999728, -0.0119737, -0.0200148, 0.00755312, 0.978124, -0.207884, 0.0220661, 0.207676, 0.977949, 0.00280816  
156, 258.957, -155.098, 181.816, 0.999513, -0.0148678, -0.0274453, 0.00883104, 0.978042, -0.208219, 0.0299384, 0.207875, 0.977697, 0.00280567  
157, 258.259, -152.134, 181.759, 0.99948, -0.0128978, -0.0295631, 0.00667073, 0.97941, -0.201772, 0.0315568, 0.20147, 0.978986, 0.00297209  
158, 257.581, -148.818, 181.835, 0.999497, -0.0131302, -0.0288683, 0.00737647, 0.981553, -0.191048, 0.0308443, 0.190739, 0.981156, 0.00302368  
159, 256.99, -145.536, 182.007, 0.999348, -0.0169889, -0.0318588, 0.0106072, 0.981589, -0.190709, 0.0345122, 0.190247, 0.981129, 0.00281232  
160, 256.272, -142.042, 181.943, 0.999283, -0.0160975, -0.0342666, 0.00947345, 0.982628, -0.185346, 0.0366549, 0.184889, 0.982076, 0.00286086  
161, 255.583, -138.717, 182.001, 0.999363, -0.0107034, -0.0340357, 0.00433163, 0.983283, -0.182032, 0.0354151, 0.181769, 0.982703, 0.00300233  
162, 254.984, -135.086, 181.969, 0.999176, -0.0150235, -0.0377032, 0.00831079, 0.985018, -0.172252, 0.0397261, 0.171797, 0.984331, 0.00282897  
163, 254.534, -131.544, 181.981, 0.998906, -0.0168222, -0.0436368, 0.00919391, 0.985496, -0.169452, 0.0458544, 0.168866, 0.984572, 0.00275269  
164, 254.042, -127.988, 181.936, 0.998788, -0.0180544, -0.0457861, 0.0103864, 0.986656, -0.162487, 0.0481087, 0.161815, 0.985648, 0.00281704  
165, 253.733, -124.201, 181.967, 0.998579, -0.0176679, -0.0502864, 0.00971944, 0.988004, -0.154123, 0.0524062, 0.153415, 0.986771, 0.00281177  
166, 253.248, -120.519, 181.911, 0.998709, -0.0127249, -0.0491675, 0.00566684, 0.989978, -0.141105, 0.0504703, 0.140645, 0.988773, 0.00284783  
167, 252.924, -116.805, 181.799, 0.998515, -0.0113878, -0.0532666, 0.00373367, 0.989911, -0.141642, 0.0543422, 0.141233, 0.988484, 0.00285254  
168, 252.544, -112.847, 182.02, 0.998636, -0.01269, -0.050642, 0.00608331, 0.991686, -0.128539, 0.0518521, 0.128056, 0.990411, 0.00281898  
169, 252.247, -108.834, 182.051, 0.998427, -0.0156568, -0.0538306, 0.00909751, 0.992732, -0.120002, 0.0553182, 0.119324, 0.991313, 0.00281926  
170, 251.923, -104.906, 182.133, 0.998554, -0.0138782, -0.051937, 0.00812362, 0.993963, -0.109413, 0.0531419, 0.108833, 0.992639, 0.00279956  
171, 251.561, -100.698, 182.097, 0.99859, -0.011646, -0.0517912, 0.00653384, 0.995184, -0.0978027, 0.0526808, 0.0973264, 0.993857, 0.00303811  
172, 251.42, -96.6643, 182.311, 0.998516, -0.0115045, -0.0532231, 0.00677446, 0.996078, -0.0882141, 0.0540292, 0.0877227, 0.994679, 0.00285337  
173, 251.192, -92.7232, 182.386, 0.998535, -0.0135798, -0.0523853, 0.00934852, 0.996736, -0.0801878, 0.0533032, 0.0795806, 0.995402, 0.00282675  
174, 251.004, -88.6693, 182.35, 0.998664, -0.0119103, -0.0502912, 0.00857268, 0.997778, -0.0660669, 0.0509664, 0.0655474, 0.996547, 0.00285643  
175, 250.987, -84.4553, 182.321, 0.998407, -0.0102455, -0.0554852, 0.00715686, 0.998429, -0.0555806, 0.0559675, 0.055095, 0.996911, 0.00282813  
176, 250.804, -80.3614, 182.309, 0.998421, -0.00946766, -0.0553673, 0.00676874, 0.998789, -0.0487318, 0.0557616, 0.0482801, 0.997276, 0.0029904  
177, 250.632, -76.2567, 182.358, 0.998635, -0.00771485, -0.0516655, 0.00564605, 0.999181, -0.040069, 0.0519323, 0.0397226, 0.99786, 0.00283063  
178, 250.623, -72.0396, 182.368, 0.998491, -0.0105016, -0.0539083, 0.00924321, 0.99968, -0.0235387, 0.0541383, 0.0230049, 0.998268, 0.00279374  
179, 250.662, -67.968, 182.503, 0.998502, -0.0106054, -0.0536732, 0.00986582, 0.999853, -0.0140251, 0.053814, 0.0134746, 0.99846, 0.00282786  
180, 250.502, -63.83, 182.329, 0.998391, -0.010865, -0.0556483, 0.0105785, 0.999929, -0.00544055, 0.0557035, 0.00484312, 0.998436, 0.00284755  
181, 250.611, -59.7231, 182.514, 0.998378, -0.00812489, -0.0563418, 0.00811812, 0.999967, -0.000348987, 0.0563427, -0.000108968, 0.998411, 0.00282508  
182, 250.655, -55.3964, 182.678, 0.998408, -0.0128304, -0.0549194, 0.0139984, 0.999683, 0.0209355, 0.0546334, -0.021671, 0.998271, 0.00288943  
183, 250.746, -51.336, 182.643, 0.998439, -0.0125318, -0.0544366, 0.01413, 0.999477, 0.0290753, 0.0540438, -0.0297991, 0.998094, 0.00297792  
184, 250.587, -47.1661, 182.52, 0.998482, -0.0101525, -0.0541363, 0.0121294, 0.999267, 0.0363137, 0.0537279, -0.0369152, 0.997873, 0.00296072  
185, 250.625, -42.89, 182.489, 0.998412, -0.0074797, -0.0558291, 0.00982559, 0.999075, 0.0418638, 0.0554643, -0.0423458, 0.997562, 0.00292216  
186, 250.613, -39.0436, 182.399, 0.9983, -0.00847793, -0.0576584, 0.01128, 0.998762, 0.0484467, 0.0571762, -0.0490147, 0.99716, 0.00289609  
187, 250.778, -34.7287, 182.418, 0.998607, -0.00895805, -0.0520062, 0.0127319, 0.997273, 0.0726944, 0.0512131, -0.0732552, 0.995997, 0.00291357  
188, 251.006, -30.8071, 182.427, 0.998612, -0.0055679, -0.0523807, 0.00950725, 0.997119, 0.0752605, 0.0518108, -0.075654, 0.995787, 0.00313685  
189, 251.017, -26.5782, 182.382, 0.998842, -0.00440044, -0.0479085, 0.00844395, 0.996385, 0.0845285, 0.0473634, -0.0848351, 0.995269, 0.00299595  
190, 251.3, -22.7653, 182.323, 0.998892, -0.00659134, -0.0465869, 0.010736, 0.995948, 0.0892852, 0.0458096, -0.0896865, 0.994916, 0.00414567  
191, 251.603, -18.6792, 182.29, 0.998875, -0.00651704, -0.046978, 0.011349, 0.994582, 0.103337, 0.04605, -0.103753, 0.993536, 0.00279346  
192, 252.094, -14.9483, 182.362, 0.998828, -0.00842247, -0.0476639, 0.013903, 0.99317, 0.115847, 0.0463626, -0.116374, 0.992123, 0.00276822  
193, 252.24, -10.9001, 182.277, 0.998928, -0.00424779, -0.0461026, 0.00986495, 0.992443, 0.122307, 0.0452347, -0.122631, 0.991421, 0.00290469  
194, 252.618, -6.9821, 182.228, 0.999045, -0.00253976, -0.0436116, 0.00816401, 0.991575, 0.129274, 0.0429158, -0.129507, 0.990649, 0.00287723  
195, 252.843, -3.14321, 182.112, 0.999234, -0.00149036, -0.0390958, 0.00666516, 0.991151, 0.132569, 0.0385523, -0.132728, 0.990402, 0.002923  
196, 253.346, 0.777129, 181.854, 0.999269, 0.00178321, -0.0381929, 0.00343356, 0.990691, 0.13609, 0.03808, -0.136121, 0.98996, 0.00289138  
197, 253.884, 4.2483, 181.844, 0.999251, -0.000197134, -0.0386867, 0.00559567, 0.990208, 0.139486, 0.0382804, -0.139599, 0.989468, 0.00293825  
198, 254.528, 7.90336, 181.927, 0.999367, -0.000536015, -0.0355685, 0.00595752, 0.988286, 0.152495, 0.0350702, -0.15261, 0.987664, 0.00286808  
199, 254.94, 11.2432, 181.863, 0.999535, 0.00406546, -0.0302296, 0.000630716, 0.988111, 0.153741, 0.0304952, -0.153689, 0.987649, 0.00294768  
200, 255.238, 14.7235, 181.895, 0.999587, 0.00456438, -0.0283728, 0.000113355, 0.986672, 0.162721, 0.0287374, -0.162657, 0.986264, 0.00297181  
201, 255.794, 17.9679, 181.991, 0.999774, 0.00167099, -0.0211945, 0.00197461, 0.985299, 0.170827, 0.0211683, -0.17083, 0.985073, 0.00276877  
202, 256.083, 21.4431, 182.004, 0.999745, 0.00441045, -0.0221631, -0.000587946, 0.985514, 0.169596, 0.02259, -0.169539, 0.985264, 0.00299622  
203, 256.556, 24.5611, 182.055, 0.999875, 0.00448455, -0.015169, -0.00178136, 0.984793, 0.173724, 0.0157174, -0.173675, 0.984678, 0.00290497  
204, 256.747, 28.0845, 182, 0.999892, 0.00383778, -0.014214, -0.00122178, 0.983728, 0.17966, 0.0146722, -0.179623, 0.983626, 0.00304754  
205, 257.085, 31.1358, 181.92, 0.999789, 0.0125378, -0.0162608, -0.00953143, 0.984822, 0.173307, 0.0181869, -0.173116, 0.984734, 0.00293603  
206, 257.415, 34.2788, 181.858, 0.999907, 0.00946908, -0.00979945, -0.00753071, 0.983315, 0.181753, 0.011357, -0.181662, 0.983295, 0.00293714  
207, 257.707, 37.0012, 181.997, 0.999916, 0.0102415, -0.007923, -0.00865304, 0.983715, 0.179528, 0.00963261, -0.179445, 0.983721, 0.00294019  
208, 257.954, 40.1244, 181.835, 0.999885, 0.0127789, -0.00815167, -0.0110516, 0.982691, 0.184922, 0.0103737, -0.184811, 0.982719, 0.00286863  
209, 258.33, 42.9345, 181.823, 0.99991, 0.00786606, -0.0108365, -0.00568316, 0.982063, 0.188467, 0.0121246, -0.188388, 0.98202, 0.00293881  
210, 258.444, 45.5447, 181.896, 0.999941, 0.00745417, -0.00788408, -0.00576028, 0.980496, 0.196452, 0.0091947, -0.196395, 0.980482, 0.00293936  
211, 258.566, 48.1124, 181.829, 0.999941, 0.0105747, -0.00245272, -0.00983443, 0.978129, 0.207768, 0.00459617, -0.207731, 0.978175, 0.00292244  
212, 258.521, 50.7314, 181.801, 0.999911, 0.0111272, -0.00741316, -0.00938478, 0.979002, 0.203636, 0.00952338, -0.203548, 0.979019, 0.00297154  
213, 258.42, 53.3318, 181.812, 0.999842, 0.0123735, -0.0127943, -0.00960998, 0.980336, 0.197101, 0.0149816, -0.196947, 0.9803, 0.00293908  
214, 258.504, 55.9678, 181.836, 0.999804, 0.0122746, -0.0155597, -0.00897752, 0.980445, 0.196586, 0.0176685, -0.196408, 0.980363, 0.00289387  
215, 258.325, 58.4353, 181.899, 0.999824, 0.01447, -0.0119266, -0.0118515, 0.980515, 0.196085, 0.0145316, -0.19591, 0.980514, 0.00296016  
216, 258.207, 60.7972, 181.884, 0.999798, 0.0156655, -0.0126181, -0.0128443, 0.979939, 0.198884, 0.0154806, -0.198681, 0.979942, 0.00288777  
217, 258.089, 62.8495, 181.942, 0.99982, 0.0143545, -0.012382, -0.0115934, 0.979784, 0.199723, 0.0149987, -0.199544, 0.979774, 0.00293021  
218, 257.717, 65.024, 181.843, 0.999693, 0.0192246, -0.015625, -0.0158656, 0.981228, 0.192196, 0.0190266, -0.191889, 0.981232, 0.00283562  
219, 257.508, 67.1525, 181.75, 0.999615, 0.0208985, -0.018256, -0.0169902, 0.981091, 0.192799, 0.02194, -0.192415, 0.981068, 0.00291079  
220, 257.239, 68.9918, 181.749, 0.999488, 0.0207354, -0.0243696, -0.0156306, 0.980957, 0.193596, 0.0279198, -0.193116, 0.980779, 0.00282647  
221, 256.905, 70.8292, 181.757, 0.999506, 0.0207105, -0.0236201, -0.0157956, 0.98127, 0.19199, 0.0271539, -0.191522, 0.981113, 0.00282092  
222, 256.517, 72.5349, 181.85, 0.99945, 0.0212457, -0.0254537, -0.0160994, 0.982114, 0.187599, 0.0289841, -0.187087, 0.981916, 0.00295656  
223, 255.877, 74.201, 181.844, 0.999344, 0.0217112, -0.0289977, -0.0161356, 0.983483, 0.180278, 0.0324328, -0.179691, 0.983188, 0.00293742  
224, 255.286, 76.0057, 181.857, 0.999219, 0.0248776, -0.0307095, -0.0191315, 0.984391, 0.174955, 0.0345826, -0.174231, 0.984097, 0.00269028  
225, 254.686, 77.4777, 181.976, 0.999228, 0.0236447, -0.0313641, -0.0179641, 0.98521, 0.170409, 0.0349295, -0.169714, 0.984874, 0.00284699  
226, 254.257, 78.9035, 181.925, 0.999263, 0.0213287, -0.0319102, -0.0158111, 0.986312, 0.164127, 0.034974, -0.163502, 0.985923, 0.00290691  
227, 253.81, 80.1426, 181.933, 0.999151, 0.0206456, -0.0356523, -0.0148463, 0.987665, 0.155875, 0.0384307, -0.155213, 0.987133, 0.00283091  
228, 253.277, 81.666, 181.778, 0.999151, 0.0210831, -0.035391, -0.0153277, 0.987692, 0.155657, 0.0382372, -0.154983, 0.987177, 0.00291606  
229, 252.924, 82.6671, 181.88, 0.999098, 0.0186629, -0.0381438, -0.0128635, 0.989054, 0.146989, 0.0404695, -0.146366, 0.988402, 0.00316958  
230, 252.656, 84.2031, 181.91, 0.999046, 0.019917, -0.038875, -0.0141055, 0.989416, 0.144417, 0.0413399, -0.143731, 0.988753, 0.00291967  
231, 252.332, 85.2618, 182.043, 0.999035, 0.0183988, -0.0398694, -0.0126815, 0.990186, 0.139181, 0.0420389, -0.138541, 0.989464, 0.00300649  
232, 251.992, 86.2105, 182.089, 0.999056, 0.0132196, -0.0413849, -0.00738302, 0.990387, 0.13813, 0.0428131, -0.137694, 0.989549, 0.00291689  
233, 251.811, 87.3662, 182.193, 0.999049, 0.015508, -0.0407577, -0.0102733, 0.992023, 0.12564, 0.042381, -0.125102, 0.991238, 0.0029327  
234, 251.624, 88.4055, 182.182, 0.998995, 0.0164249, -0.0416995, -0.0113108, 0.992705, 0.12004, 0.0433669, -0.119448, 0.991893, 0.0029843  
235, 251.584, 89.3125, 182.231, 0.998836, 0.0179829, -0.0447667, -0.0130228, 0.993987, 0.108722, 0.0464526, -0.108012, 0.993064, 0.00285448  
236, 251.402, 90.1075, 182.244, 0.998714, 0.0184955, -0.0472078, -0.0139205, 0.995336, 0.0954631, 0.0487532, -0.0946832, 0.994313, 0.00295073  
237, 251.436, 91.2326, 182.221, 0.998714, 0.0194567, -0.0468227, -0.0151992, 0.99586, 0.0896249, 0.0483727, -0.0887979, 0.994874, 0.00282897  
238, 251.402, 91.9751, 182.13, 0.998598, 0.020906, -0.0486403, -0.0172233, 0.997039, 0.0749381, 0.050063, -0.0739953, 0.996001, 0.00294602  
239, 251.386, 93.0012, 182.108, 0.998719, 0.0211778, -0.0459578, -0.0178655, 0.997293, 0.0713241, 0.0473439, -0.0704117, 0.996394, 0.00304865  
240, 251.44, 93.4634, 182.152, 0.998799, 0.0184358, -0.0453895, -0.0157058, 0.998088, 0.0597854, 0.0464049, -0.0590007, 0.997179, 0.00282314  
241, 251.521, 94.4683, 182.229, 0.998826, 0.0191727, -0.0444938, -0.0166486, 0.998268, 0.0564231, 0.0454986, -0.0556161, 0.997415, 0.00288167  
242, 251.693, 94.8027, 182.346, 0.998912, 0.0170922, -0.0433969, -0.0151952, 0.99893, 0.0436725, 0.0440969, -0.0429655, 0.998103, 0.00283701  
243, 251.724, 95.473, 182.467, 0.999076, 0.0136658, -0.0407537, -0.0120699, 0.99916, 0.0391529, 0.0412545, -0.0386249, 0.998402, 0.00302174  
244, 252.062, 96.0854, 182.507, 0.999004, 0.0159316, -0.0416688, -0.014854, 0.99955, 0.026044, 0.042065, -0.0253992, 0.998792, 0.0030456  
245, 252.296, 96.769, 182.561, 0.999054, 0.0138332, -0.0412257, -0.0132343, 0.999803, 0.0147649, 0.0414219, -0.0142053, 0.999041, 0.00285587  
246, 252.601, 97.3806, 182.611, 0.999152, 0.0122517, -0.0393025, -0.0119539, 0.999898, 0.00780202, 0.0393941, -0.00732559, 0.999197, 0.00301453  
247, 252.991, 98.1757, 182.647, 0.999183, 0.011721, -0.0386782, -0.0117664, 0.99993, -0.000944409, 0.0386645, 0.00139874, 0.999251, 0.00284589  
248, 253.307, 98.8991, 182.571, 0.999276, 0.0127273, -0.0358433, -0.0131, 0.999862, -0.0101827, 0.0357087, 0.0106449, 0.999306, 0.00306973  
249, 253.743, 99.5835, 182.539, 0.999376, 0.0104278, -0.0337397, -0.0111222, 0.999729, -0.0204615, 0.0335172, 0.020824, 0.999221, 0.00308998  
250, 254.161, 100.259, 182.514, 0.999552, 0.0102545, -0.0281131, -0.0111645, 0.999412, -0.0324039, 0.0277643, 0.0327033, 0.999079, 0.00284561  
251, 254.701, 100.842, 182.414, 0.999663, 0.0083562, -0.0245936, -0.00938934, 0.999065, -0.0421976, 0.024218, 0.0424143, 0.998807, 0.00281732  
252, 255.348, 101.597, 182.459, 0.999751, 0.00672573, -0.0212599, -0.00772464, 0.998853, -0.047258, 0.0209177, 0.0474104, 0.998656, 0.002842  
253, 255.858, 102.042, 182.431, 0.999762, 0.00803956, -0.0202831, -0.0092211, 0.998224, -0.0588481, 0.019774, 0.0590212, 0.998061, 0.00298263  
254, 256.57, 103.018, 182.464, 0.999712, 0.0101723, -0.0217148, -0.0114208, 0.998242, -0.0581663, 0.0210849, 0.0583976, 0.998071, 0.00300371  
255, 257.047, 103.661, 182.447, 0.999831, 0.00941701, -0.015758, -0.0103646, 0.998073, -0.0611754, 0.0151515, 0.0613284, 0.998003, 0.00282148  
256, 257.49, 104.529, 182.435, 0.999863, 0.00991433, -0.0132281, -0.0107684, 0.997752, -0.0661376, 0.0125426, 0.066271, 0.997723, 0.00282397  
257, 258.019, 105.319, 182.38, 0.999863, 0.00990564, -0.0132687, -0.0108901, 0.997025, -0.0763028, 0.0124734, 0.0764369, 0.996996, 0.003075  
258, 258.454, 106.376, 182.361, 0.999909, 0.00982884, -0.00918842, -0.0105329, 0.996738, -0.080009, 0.00837205, 0.0800985, 0.996752, 0.00277793  
259, 258.933, 107.267, 182.353, 0.99994, 0.00868121, -0.0066884, -0.00925222, 0.995836, -0.090695, 0.0058732, 0.0907514, 0.995856, 0.0031485  
260, 259.325, 108.4, 182.345, 0.999961, 0.00839424, -0.00258255, -0.00859756, 0.995655, -0.0927222, 0.001793, 0.0927408, 0.995689, 0.00286475  
261, 259.757, 109.288, 182.369, 0.999976, 0.00690685, -0.000729303, -0.00694521, 0.994785, -0.101756, 2.26833e-005, 0.101759, 0.994809, 0.00284644  
262, 260.137, 110.189, 182.431, 0.999985, 0.00542463, 0.00062706, -0.00532228, 0.993875, -0.110378, -0.00122198, 0.110373, 0.99389, 0.00289054  
263, 260.359, 111.173, 182.398, 0.999985, 0.00441398, 0.00326735, -0.00400413, 0.993208, -0.116283, -0.00375843, 0.116268, 0.993211, 0.00302368  
264, 260.62, 112.302, 182.353, 0.999973, 0.00662452, 0.0031079, -0.00619828, 0.992585, -0.121396, -0.00388905, 0.121374, 0.992599, 0.00285559  
265, 260.792, 113.621, 182.261, 0.999976, 0.00629477, 0.0029233, -0.00588096, 0.992171, -0.124748, -0.00368568, 0.124728, 0.992184, 0.00284616  
266, 261.004, 114.706, 182.297, 0.999982, 0.00343006, 0.00500578, -0.00275329, 0.991583, -0.12944, -0.00540763, 0.129424, 0.991575, 0.0030664  
267, 261.163, 116.229, 182.355, 0.99997, 0.00237064, 0.00732653, -0.00141325, 0.991771, -0.128018, -0.00756972, 0.128004, 0.991745, 0.00373765  
268, 261.307, 117.417, 182.339, 0.999978, 0.00158573, 0.00637799, -0.000704737, 0.990732, -0.135828, -0.00653427, 0.135821, 0.990712, 0.00278459  
269, 261.191, 118.724, 182.37, 0.999964, 0.00137029, 0.00837544, -0.000163264, 0.989802, -0.142447, -0.00848523, 0.14244, 0.989767, 0.00290136  
270, 261.291, 120.198, 182.399, 0.999976, 0.000945276, 0.00684721, 7.77443e-005, 0.989004, -0.147889, -0.00691171, 0.147886, 0.98898, 0.00284367  
271, 261.094, 121.515, 182.325, 0.999962, 0.00250112, 0.00838427, -0.00118694, 0.98819, -0.153227, -0.0086685, 0.153211, 0.988155, 0.00282813  
272, 261.106, 123.07, 182.342, 0.99997, 0.00302006, 0.00714237, -0.00189848, 0.98836, -0.152119, -0.00751864, 0.152101, 0.988336, 0.00288056  
273, 260.851, 124.355, 182.328, 0.999967, 0.000992122, 0.00806701, 0.000279176, 0.987744, -0.156084, -0.008123, 0.156081, 0.987711, 0.00285226  
274, 260.643, 126.188, 182.374, 0.99996, 0.0002498, 0.00889331, 0.0011266, 0.988004, -0.154426, -0.0088252, 0.15443, 0.987964, 0.00283562  
275, 260.427, 127.672, 182.304, 0.999971, -0.00012117, 0.00767999, 0.00136944, 0.986668, -0.162741, -0.00755788, 0.162747, 0.986639, 0.00284117  
276, 260.106, 129.597, 182.273, 0.99999, 0.000370314, 0.00434913, 0.000342405, 0.986669, -0.162741, -0.00435141, 0.162741, 0.986659, 0.00286724  
277, 259.932, 131.405, 182.209, 0.999999, -0.00107449, -0.000688879, 0.000946683, 0.986406, -0.164324, 0.000856078, 0.164323, 0.986406, 0.00290469  
278, 259.567, 133.322, 182.18, 0.999976, -0.00370429, -0.00578615, 0.00264594, 0.984876, -0.17324, 0.00634038, 0.173221, 0.984863, 0.00285393  
279, 259.22, 135.334, 182.143, 0.999946, -0.00366984, -0.00969425, 0.00189381, 0.984169, -0.177222, 0.0101912, 0.177194, 0.984123, 0.00284561  
