0, 0, 0, 0, 0, 0, 0, 0, 0, 0, 0, 0, 0, 0.00269638  
1, 0, 0, 0, 0, 0, 0, 0, 0, 0, 0, 0, 0, 0.00273826  
2, 265.734, -215.16, 182.628, 0.999737, -0.0217008, -0.00740055, 0.0216859, 0.999763, -0.00208475, 0.00744404, 0.00192372, 0.99997, 0.00276517  
3, 265.661, -215.2, 182.611, 0.999726, -0.0216356, -0.00889036, 0.0216028, 0.99976, -0.00376892, 0.00896977, 0.00357583, 0.999953, 0.00282508  
4, 265.629, -215.232, 182.6, 0.999691, -0.0223409, -0.0108571, 0.0222703, 0.99973, -0.00658536, 0.0110013, 0.00634153, 0.999919, 0.00278597  
5, 265.585, -215.256, 182.619, 0.999731, -0.0214075, -0.00896883, 0.0213792, 0.999766, -0.00323991, 0.00903609, 0.00304729, 0.999955, 0.00279873  
6, 265.573, -215.286, 182.608, 0.999716, -0.0221146, -0.00886541, 0.0220658, 0.999741, -0.00556341, 0.00898615, 0.00536621, 0.999945, 0.00273105  
7, 265.523, -215.336, 182.621, 0.999725, -0.0219015, -0.00844086, 0.0218779, 0.999757, -0.00286879, 0.00850164, 0.00268334, 0.99996, 0.00279901  
8, 265.558, -215.393, 182.597, 0.999711, -0.0223212, -0.00888603, 0.0222812, 0.999741, -0.00457634, 0.00898588, 0.00437703, 0.99995, 0.00284838  
9, 265.553, -215.514, 182.636, 0.99971, -0.0229874, -0.00714212, 0.0229677, 0.999732, -0.00283387, 0.00720535, 0.00266901, 0.99997, 0.00281565  
10, 265.559, -215.573, 182.632, 0.999677, -0.0236763, -0.00920596, 0.0236325, 0.999709, -0.00483066, 0.00931765, 0.00461154, 0.999946, 0.00282453  
11, 265.549, -215.683, 182.655, 0.999707, -0.0234238, -0.00604547, 0.0234031, 0.99972, -0.00347432, 0.00612516, 0.00333182, 0.999976, 0.00288555  
12, 265.565, -215.784, 182.666, 0.999693, -0.0234003, -0.00819978, 0.023349, 0.999708, -0.00629384, 0.00834466, 0.00610045, 0.999947, 0.00287224  
13, 265.537, -215.895, 182.619, 0.999709, -0.0219824, -0.0099714, 0.0218791, 0.999707, -0.0103478, 0.0101959, 0.0101266, 0.999897, 0.00289942  
14, 265.515, -215.994, 182.606, 0.999695, -0.0228426, -0.00938208, 0.0227459, 0.999688, -0.010288, 0.00961416, 0.0100715, 0.999903, 0.00282841  
15, 265.526, -216.118, 182.61, 0.999692, -0.0230176, -0.00929364, 0.0229045, 0.999664, -0.0120964, 0.00956895, 0.0118798, 0.999884, 0.00285559  
16, 265.492, -216.212, 182.571, 0.999688, -0.0228673, -0.0100771, 0.0227357, 0.999657, -0.0129832, 0.0103705, 0.01275, 0.999865, 0.00291939  
17, 265.478, -216.319, 182.615, 0.99971, -0.0225675, -0.00844882, 0.022477, 0.99969, -0.0106628, 0.00868684, 0.0104698, 0.999907, 0.00285226  
18, 265.459, -216.421, 182.602, 0.99971, -0.0226152, -0.00829632, 0.0225127, 0.999672, -0.0122486, 0.0085706, 0.0120583, 0.999891, 0.002923  
19, 265.417, -216.581, 182.566, 0.999754, -0.0209885, -0.00717765, 0.0209093, 0.999721, -0.0109462, 0.0074054, 0.0107935, 0.999914, 0.00288971  
20, 265.392, -216.73, 182.62, 0.999711, -0.0226295, -0.00809422, 0.0225364, 0.999681, -0.0114144, 0.00834994, 0.0112287, 0.999902, 0.00287973  
21, 265.356, -216.799, 182.57, 0.999698, -0.0219465, -0.0110597, 0.021779, 0.99965, -0.0150439, 0.011386, 0.0147985, 0.999826, 0.00292993  
22, 265.26, -216.923, 182.593, 0.999696, -0.022713, -0.00963474, 0.0225839, 0.999656, -0.0133054, 0.00993364, 0.0130838, 0.999865, 0.00282536  
23, 265.21, -217.027, 182.565, 0.999659, -0.0233027, -0.011808, 0.0231113, 0.999603, -0.0160998, 0.0121784, 0.0158214, 0.999801, 0.00282952  
24, 265.116, -217.156, 182.588, 0.999668, -0.0239012, -0.00965647, 0.0237598, 0.999613, -0.0144987, 0.00999927, 0.0142645, 0.999848, 0.0028334  
25, 265.071, -217.199, 182.593, 0.999658, -0.0240179, -0.0103774, 0.0238626, 0.999605, -0.0148319, 0.0107296, 0.0145791, 0.999836, 0.00288555  
26, 265.016, -217.346, 182.594, 0.999625, -0.0250291, -0.0111099, 0.0248466, 0.999559, -0.0162741, 0.0115124, 0.0159919, 0.999806, 0.00282869  
27, 264.96, -217.409, 182.6, 0.999671, -0.0238742, -0.00942315, 0.0237275, 0.9996, -0.015376, 0.00978647, 0.0151473, 0.999837, 0.00285754  
28, 265.002, -217.551, 182.565, 0.999669, -0.0225659, -0.0123299, 0.0223286, 0.999569, -0.0190525, 0.0127546, 0.0187709, 0.999742, 0.00291717  
29, 265, -217.613, 182.586, 0.999647, -0.0235451, -0.0123426, 0.0233165, 0.99956, -0.018344, 0.012769, 0.0180497, 0.999756, 0.00282841  
30, 265.024, -217.713, 182.583, 0.99968, -0.0229117, -0.010676, 0.022718, 0.999581, -0.0179232, 0.0110822, 0.0176749, 0.999782, 0.00287002  
31, 264.992, -217.69, 182.611, 0.999662, -0.0235153, -0.011048, 0.0233194, 0.999574, -0.0175345, 0.0114556, 0.017271, 0.999785, 0.00284422  
32, 265.028, -217.79, 182.625, 0.999686, -0.0234635, -0.00874711, 0.0233364, 0.999624, -0.0143624, 0.00908082, 0.0141537, 0.999859, 0.00283867  
33, 265.079, -217.812, 182.601, 0.999645, -0.0243731, -0.0107896, 0.0241779, 0.999548, -0.0178596, 0.01122, 0.0175924, 0.999782, 0.0028126  
34, 265.144, -217.818, 182.596, 0.99967, -0.0230289, -0.0113726, 0.0228059, 0.999552, -0.0193652, 0.0118135, 0.0190995, 0.999748, 0.00285504  
35, 265.202, -217.832, 182.608, 0.999665, -0.0233756, -0.0111469, 0.0231557, 0.999542, -0.0194667, 0.0115968, 0.0192021, 0.999748, 0.00283174  
36, 265.225, -217.844, 182.602, 0.999688, -0.0225279, -0.0107723, 0.0223129, 0.999557, -0.0196861, 0.011211, 0.0194396, 0.999748, 0.00285476  
37, 265.299, -217.838, 182.657, 0.999701, -0.0229791, -0.00833989, 0.0228376, 0.9996, -0.0166855, 0.00871997, 0.01649, 0.999826, 0.00272301  
38, 265.346, -217.826, 182.639, 0.999705, -0.0224292, -0.00931054, 0.0222673, 0.999605, -0.0171393, 0.00969128, 0.016927, 0.99981, 0.00279318  
39, 265.384, -217.814, 182.613, 0.999668, -0.023658, -0.0101882, 0.0234711, 0.999561, -0.0180826, 0.0106115, 0.0178375, 0.999785, 0.00284283  
40, 265.352, -217.783, 182.612, 0.999678, -0.023058, -0.0105845, 0.0228581, 0.999565, -0.0186345, 0.0110096, 0.0183866, 0.99977, 0.00293215  
41, 265.341, -217.721, 182.571, 0.999686, -0.022575, -0.0108761, 0.0223611, 0.999562, -0.0194041, 0.0113094, 0.0191548, 0.999753, 0.00281787  
42, 265.349, -217.664, 182.593, 0.99967, -0.0236838, -0.00999647, 0.0235158, 0.999586, -0.0166003, 0.0103855, 0.0163597, 0.999812, 0.00290719  
43, 265.302, -217.555, 182.587, 0.999677, -0.0224849, -0.0118142, 0.0222679, 0.999587, -0.0181865, 0.0122182, 0.0179175, 0.999765, 0.00297736  
44, 265.29, -217.503, 182.613, 0.999679, -0.0235258, -0.00942072, 0.0233768, 0.999605, -0.0156272, 0.00978464, 0.015402, 0.999834, 0.00292716  
45, 265.239, -217.406, 182.617, 0.999681, -0.023222, -0.00997182, 0.023066, 0.999614, -0.0154911, 0.0103277, 0.0152562, 0.99983, 0.00287307  
46, 265.158, -217.281, 182.615, 0.999627, -0.025178, -0.0106053, 0.0250033, 0.999555, -0.0162952, 0.0110109, 0.0160239, 0.999811, 0.00288721  
47, 265.103, -217.195, 182.58, 0.99966, -0.0236686, -0.0109359, 0.0234983, 0.999604, -0.0154535, 0.0112974, 0.0151913, 0.999821, 0.00290746  
48, 265.078, -217.108, 182.585, 0.999663, -0.0233602, -0.0113007, 0.0231774, 0.999603, -0.0160447, 0.0116711, 0.0157774, 0.999807, 0.00273466  
49, 265.081, -216.986, 182.609, 0.999635, -0.0245259, -0.0113492, 0.0243668, 0.999606, -0.0139551, 0.011687, 0.0136735, 0.999838, 0.00284505  
50, 265.055, -216.93, 182.599, 0.999663, -0.0237946, -0.0104258, 0.0236508, 0.999626, -0.0137071, 0.010748, 0.0134559, 0.999852, 0.00296016  
51, 265.087, -216.82, 182.653, 0.999681, -0.0233406, -0.00961664, 0.0232272, 0.999661, -0.0117375, 0.00988735, 0.0115104, 0.999885, 0.00285448  
52, 265.083, -216.711, 182.595, 0.999654, -0.0238648, -0.0110757, 0.0237235, 0.999638, -0.0127121, 0.0113751, 0.0124449, 0.999858, 0.00279734  
53, 265.154, -216.617, 182.634, 0.999708, -0.0226932, -0.00831405, 0.0226265, 0.999712, -0.00802682, 0.00849381, 0.00783635, 0.999933, 0.0029524  
54, 265.167, -216.466, 182.609, 0.999703, -0.0221185, -0.0102148, 0.0220119, 0.999703, -0.0104324, 0.0104425, 0.0102044, 0.999893, 0.0029205  
55, 265.201, -216.369, 182.613, 0.999668, -0.0244294, -0.00822209, 0.024364, 0.999671, -0.00796867, 0.00841406, 0.0077657, 0.999934, 0.00290441  
56, 265.257, -216.282, 182.581, 0.99968, -0.02291, -0.0106962, 0.0227823, 0.999669, -0.0119155, 0.0109656, 0.011668, 0.999872, 0.0028714  
57, 265.325, -216.223, 182.596, 0.99967, -0.0233407, -0.0106855, 0.0232188, 0.999665, -0.0113956, 0.0109479, 0.0111438, 0.999878, 0.00293825  
58, 265.371, -216.131, 182.571, 0.999669, -0.023517, -0.0104792, 0.0233859, 0.999649, -0.0124594, 0.0107685, 0.0122102, 0.999867, 0.00307611  
59, 265.457, -216.073, 182.617, 0.999699, -0.0230055, -0.00852997, 0.0229211, 0.999689, -0.00986042, 0.00875416, 0.00966194, 0.999915, 0.00294324  
60, 265.465, -216.014, 182.622, 0.999697, -0.0231682, -0.00828256, 0.0230882, 0.999687, -0.00962167, 0.00850289, 0.00942753, 0.999919, 0.0029033  
61, 265.53, -215.947, 182.626, 0.999678, -0.0232524, -0.0101304, 0.0231405, 0.999671, -0.0110341, 0.0103836, 0.0107961, 0.999888, 0.00277488  
62, 265.615, -215.896, 182.65, 0.999691, -0.0235233, -0.00806134, 0.0234701, 0.999703, -0.00663048, 0.00821492, 0.00643923, 0.999946, 0.00277737  
63, 265.686, -215.866, 182.674, 0.999697, -0.0237584, -0.00641178, 0.0237235, 0.999704, -0.00547489, 0.00653995, 0.00532112, 0.999964, 0.00277127  
64, 265.705, -215.783, 182.646, 0.99969, -0.023125, -0.00918945, 0.0230443, 0.999696, -0.00878975, 0.00938991, 0.00857526, 0.999919, 0.00295989  
65, 265.712, -215.778, 182.672, 0.999682, -0.0243809, -0.00645758, 0.0243439, 0.999687, -0.00575104, 0.00659577, 0.00559201, 0.999963, 0.0027807  
66, 265.699, -215.694, 182.649, 0.999699, -0.0231393, -0.00816734, 0.0230756, 0.999703, -0.00780813, 0.00834559, 0.00761731, 0.999936, 0.00278431  
67, 265.734, -215.679, 182.667, 0.999697, -0.0239281, -0.00574678, 0.0239008, 0.999703, -0.00477755, 0.00585939, 0.00463875, 0.999972, 0.00296765  
68, 265.706, -215.656, 182.694, 0.999668, -0.0252498, -0.00518099, 0.0252324, 0.999676, -0.00338791, 0.00526485, 0.00325606, 0.999981, 0.00293049  
69, 265.739, -215.647, 182.653, 0.999714, -0.0227817, -0.00732178, 0.0227301, 0.999717, -0.00705107, 0.00748034, 0.00688262, 0.999948, 0.00285448  
70, 265.711, -215.63, 182.713, 0.999706, -0.0239738, -0.0036974, 0.0239707, 0.999712, -0.000870369, 0.0037172, 0.000781483, 0.999993, 0.00288444  
71, 265.73, -215.589, 182.661, 0.999724, -0.0227039, -0.00609455, 0.0226816, 0.999736, -0.00369912, 0.00617693, 0.00355986, 0.999975, 0.00278819  
72, 265.644, -215.626, 182.675, 0.999703, -0.0237134, -0.00558232, 0.0237011, 0.999717, -0.00225511, 0.00563421, 0.00212213, 0.999982, 0.00268417  
73, 265.614, -215.703, 182.677, 0.999654, -0.0249486, -0.00827355, 0.0248937, 0.999668, -0.00666478, 0.00843708, 0.00645651, 0.999944, 0.00274215  
74, 265.589, -215.7, 182.633, 0.9997, -0.0230148, -0.00836019, 0.0229528, 0.999709, -0.00743866, 0.00852895, 0.00724454, 0.999937, 0.00303256  
75, 265.573, -215.72, 182.651, 0.999703, -0.0234107, -0.00678953, 0.023383, 0.999718, -0.00411981, 0.00688407, 0.00395983, 0.999968, 0.00278126  
76, 265.543, -215.779, 182.641, 0.999676, -0.023595, -0.00958485, 0.0235214, 0.999694, -0.0077196, 0.00976406, 0.00749164, 0.999924, 0.00277183  
77, 265.487, -215.792, 182.602, 0.999693, -0.022624, -0.0100995, 0.0225195, 0.999693, -0.0103476, 0.0103305, 0.010117, 0.999895, 0.0029793  
78, 265.443, -215.871, 182.648, 0.999685, -0.0235626, -0.00867846, 0.0235025, 0.9997, -0.00696442, 0.00883995, 0.00675826, 0.999938, 0.00292743  
79, 265.413, -215.976, 182.624, 0.999661, -0.0242491, -0.00951589, 0.0241585, 0.999663, -0.00952739, 0.00974371, 0.00929427, 0.999909, 0.00291606  
80, 265.346, -215.996, 182.619, 0.999679, -0.0240377, -0.00794831, 0.0239723, 0.999679, -0.00822475, 0.00814346, 0.00803157, 0.999935, 0.00295268  
81, 265.353, -216.081, 182.595, 0.999673, -0.0234301, -0.0102198, 0.023312, 0.999662, -0.0115257, 0.0104864, 0.0112837, 0.999881, 0.00277931  
82, 265.31, -216.177, 182.624, 0.999675, -0.0240514, -0.00842929, 0.0239701, 0.999666, -0.00961613, 0.00865776, 0.00941096, 0.999918, 0.00282286  
83, 265.31, -216.293, 182.601, 0.999666, -0.023804, -0.0101063, 0.0236834, 0.999649, -0.011888, 0.0103857, 0.0116447, 0.999878, 0.00284117  
84, 265.322, -216.345, 182.599, 0.999687, -0.0231447, -0.00954016, 0.0230404, 0.999675, -0.0109012, 0.00978936, 0.010678, 0.999895, 0.00296322  
85, 265.319, -216.413, 182.613, 0.999696, -0.0223277, -0.0104302, 0.0222037, 0.999683, -0.0118554, 0.0106916, 0.0116202, 0.999875, 0.00280705  
86, 265.3, -216.568, 182.612, 0.999693, -0.0228562, -0.00959335, 0.022746, 0.999676, -0.011443, 0.00985178, 0.0112212, 0.999889, 0.00283812  
87, 265.326, -216.622, 182.619, 0.999689, -0.0224784, -0.0107579, 0.0223494, 0.999679, -0.0119667, 0.0110234, 0.0117226, 0.999871, 0.00280012  
88, 265.27, -216.79, 182.603, 0.99968, -0.0224704, -0.0116277, 0.0223047, 0.999651, -0.0141834, 0.0119424, 0.0139195, 0.999832, 0.00280761  
89, 265.259, -216.821, 182.577, 0.999685, -0.0223349, -0.0114044, 0.0221771, 0.999659, -0.013786, 0.0117084, 0.0135287, 0.99984, 0.00282869  
90, 265.238, -216.927, 182.603, 0.999686, -0.0231634, -0.00955843, 0.023029, 0.999638, -0.0139379, 0.00987781, 0.0137134, 0.999857, 0.00284838  
91, 265.195, -217.055, 182.582, 0.999678, -0.0229922, -0.0107421, 0.0228246, 0.99962, -0.0154712, 0.0110937, 0.0152211, 0.999823, 0.00292438  
92, 265.189, -217.114, 182.571, 0.999675, -0.0231802, -0.0106503, 0.0230099, 0.99961, -0.0158399, 0.0110134, 0.0155896, 0.999818, 0.00282619  
93, 265.192, -217.175, 182.573, 0.999666, -0.0233978, -0.0109421, 0.0232276, 0.999611, -0.0154276, 0.0112989, 0.0151683, 0.999821, 0.00281787  
94, 265.185, -217.246, 182.601, 0.999635, -0.0244442, -0.0115374, 0.0242528, 0.999571, -0.0164411, 0.0119344, 0.0161553, 0.999798, 0.00286974  
95, 265.177, -217.333, 182.593, 0.999641, -0.0238613, -0.0121617, 0.0236473, 0.999568, -0.0174402, 0.0125726, 0.0171463, 0.999774, 0.00282508  
96, 265.127, -217.371, 182.578, 0.999648, -0.0236807, -0.0119793, 0.0234601, 0.999559, -0.018231, 0.0124058, 0.0179435, 0.999762, 0.00281676  
97, 265.112, -217.47, 182.602, 0.999641, -0.0246916, -0.0104059, 0.0245138, 0.999557, -0.0168836, 0.0108182, 0.0166225, 0.999803, 0.00287584  
98, 265.225, -217.547, 182.637, 0.999674, -0.0232655, -0.010549, 0.0231002, 0.999613, -0.0155232, 0.0109061, 0.0152745, 0.999824, 0.00288805  
99, 265.194, -217.592, 182.613, 0.999672, -0.0229387, -0.0114059, 0.0227443, 0.999599, -0.0168911, 0.0117888, 0.0166262, 0.999792, 0.0028947  
100, 265.203, -217.624, 182.602, 0.999675, -0.0226912, -0.0115957, 0.0224867, 0.999594, -0.0174712, 0.0119874, 0.0172048, 0.99978, 0.00282897  
101, 265.184, -217.633, 182.61, 0.999669, -0.0231927, -0.0111361, 0.0229999, 0.999589, -0.0171317, 0.0115289, 0.0168699, 0.999791, 0.00286003  
102, 265.213, -217.659, 182.639, 0.999693, -0.0232287, -0.00862065, 0.0231114, 0.999642, -0.0134717, 0.00893049, 0.0132683, 0.999872, 0.00282591  
103, 265.208, -217.67, 182.614, 0.999673, -0.0234717, -0.0101665, 0.0233035, 0.999594, -0.0163657, 0.0105465, 0.0161235, 0.999814, 0.00310246  
104, 265.186, -217.641, 182.598, 0.999653, -0.0234566, -0.011977, 0.0232401, 0.999569, -0.0179111, 0.012392, 0.0176265, 0.999768, 0.00275796  
105, 265.202, -217.646, 182.626, 0.999697, -0.0227106, -0.00954222, 0.0225694, 0.999638, -0.0146567, 0.00987163, 0.0144369, 0.999847, 0.00283535  
106, 265.231, -217.594, 182.599, 0.999669, -0.023362, -0.0107729, 0.023189, 0.999605, -0.0159065, 0.0111403, 0.0156514, 0.999815, 0.00282203  
107, 265.247, -217.601, 182.604, 0.999678, -0.0228812, -0.010938, 0.0227038, 0.999613, -0.0160744, 0.0113016, 0.0158209, 0.999811, 0.00281898  
108, 265.24, -217.524, 182.609, 0.999667, -0.0226753, -0.012284, 0.0224492, 0.999581, -0.0182452, 0.0126926, 0.0179634, 0.999758, 0.00279513  
109, 265.194, -217.446, 182.619, 0.999664, -0.0236849, -0.0105376, 0.0235077, 0.999585, -0.0166342, 0.0109272, 0.0163809, 0.999806, 0.00284172  
110, 265.254, -217.412, 182.637, 0.999655, -0.0244699, -0.00957111, 0.0243363, 0.999608, -0.0138317, 0.00990582, 0.013594, 0.999859, 0.00282702  
111, 265.189, -217.309, 182.608, 0.99967, -0.0231164, -0.0112134, 0.0229201, 0.999587, -0.0173288, 0.0116093, 0.0170661, 0.999787, 0.00289581  
112, 265.206, -217.283, 182.594, 0.999648, -0.0241168, -0.0110708, 0.0239296, 0.999573, -0.0167443, 0.0114699, 0.0164735, 0.999799, 0.00279762  
113, 265.172, -217.212, 182.606, 0.999687, -0.0235755, -0.00834483, 0.0234688, 0.999644, -0.0126694, 0.00864055, 0.0124696, 0.999885, 0.00287529  
114, 265.185, -217.135, 182.581, 0.999648, -0.0243101, -0.0106661, 0.0241423, 0.999587, -0.0155815, 0.0110405, 0.0153185, 0.999822, 0.00286946  
115, 265.209, -217.046, 182.569, 0.999655, -0.0231679, -0.0123988, 0.0229597, 0.999597, -0.0166768, 0.0127802, 0.0163864, 0.999784, 0.00284699  
116, 265.231, -216.941, 182.568, 0.999686, -0.0221336, -0.0117588, 0.0219464, 0.999634, -0.0158161, 0.0121046, 0.0155531, 0.999806, 0.00292549  
117, 265.209, -216.86, 182.594, 0.999721, -0.0219419, -0.00870743, 0.0218388, 0.999692, -0.0117597, 0.00896278, 0.0115662, 0.999893, 0.00284145  
118, 265.228, -216.766, 182.595, 0.999709, -0.0218537, -0.0101883, 0.0217185, 0.999677, -0.0132046, 0.0104736, 0.0129795, 0.999861, 0.00285615  
119, 265.263, -216.666, 182.6, 0.999729, -0.0217915, -0.00821888, 0.0217114, 0.999717, -0.00971427, 0.00842825, 0.00953319, 0.999919, 0.00299428  
120, 265.267, -216.568, 182.618, 0.999701, -0.022014, -0.010665, 0.0218823, 0.999685, -0.0123104, 0.0109327, 0.0120733, 0.999867, 0.0028359  
121, 265.286, -216.523, 182.602, 0.999675, -0.0233861, -0.010178, 0.023269, 0.999663, -0.0114707, 0.0104429, 0.0112301, 0.999882, 0.0028972  
122, 265.286, -216.397, 182.61, 0.999707, -0.0222945, -0.00947446, 0.0221989, 0.999703, -0.0100782, 0.00969633, 0.00986496, 0.999904, 0.00288361  
123, 265.308, -216.314, 182.605, 0.999695, -0.0223992, -0.0104305, 0.0222776, 0.999684, -0.011635, 0.0106878, 0.0113991, 0.999878, 0.00284006  
124, 265.314, -216.23, 182.589, 0.999694, -0.0224431, -0.010375, 0.0223296, 0.999691, -0.0109233, 0.0106169, 0.0106883, 0.999887, 0.00291329  
125, 265.344, -216.219, 182.581, 0.999684, -0.0227076, -0.0107779, 0.0225713, 0.999666, -0.0126014, 0.0110605, 0.0123542, 0.999863, 0.00281288  
126, 265.347, -216.166, 182.611, 0.999653, -0.0241208, -0.0105653, 0.0240005, 0.999647, -0.0113635, 0.0108357, 0.0111059, 0.99988, 0.00288194  
127, 265.396, -216.096, 182.596, 0.99968, -0.0234183, -0.00954725, 0.023313, 0.999668, -0.0109968, 0.00980161, 0.0107707, 0.999894, 0.00289886  
128, 265.401, -216.048, 182.612, 0.999685, -0.0235956, -0.00851589, 0.0235052, 0.999668, -0.0105613, 0.00876226, 0.0103578, 0.999908, 0.00295046  
129, 265.438, -215.999, 182.62, 0.999696, -0.0229776, -0.00896089, 0.0228863, 0.999686, -0.0101669, 0.00919169, 0.00995873, 0.999908, 0.0028592  
130, 265.448, -215.947, 182.645, 0.999722, -0.022497, -0.00707666, 0.0224502, 0.999726, -0.00662076, 0.00722367, 0.00646004, 0.999953, 0.00295184  
131, 265.478, -215.918, 182.623, 0.999683, -0.0230731, -0.0100683, 0.0229637, 0.999677, -0.0108491, 0.0103154, 0.0106145, 0.99989, 0.00307694  
132, 265.519, -215.929, 182.619, 0.999679, -0.0234542, -0.00958517, 0.0233608, 0.99968, -0.00973566, 0.00981044, 0.00950862, 0.999907, 0.00279929  
133, 265.548, -215.916, 182.626, 0.999719, -0.0221365, -0.0085059, 0.0220642, 0.99972, -0.00850692, 0.00869183, 0.00831685, 0.999928, 0.00296682  
134, 265.583, -215.927, 182.604, 0.999688, -0.0226455, -0.0105496, 0.0225266, 0.999683, -0.0112577, 0.0108012, 0.0110165, 0.999881, 0.00286697  
135, 265.57, -215.905, 182.631, 0.999673, -0.0235935, -0.00990358, 0.0234938, 0.999673, -0.010071, 0.010138, 0.00983502, 0.9999, 0.00285948  
136, 265.57, -215.854, 182.632, 0.999674, -0.0230004, -0.011096, 0.0228777, 0.999677, -0.0110598, 0.0113468, 0.0108024, 0.999877, 0.00299539  
137, 265.599, -215.897, 182.662, 0.999713, -0.022774, -0.00747044, 0.0227212, 0.999717, -0.0070743, 0.00762943, 0.00690253, 0.999947, 0.00288583  
138, 265.583, -215.925, 182.63, 0.999709, -0.0223617, -0.00907818, 0.0222736, 0.999705, -0.00968943, 0.00929217, 0.0094844, 0.999912, 0.00292549  
139, 265.593, -215.917, 182.63, 0.99968, -0.0236824, -0.00889583, 0.023604, 0.999682, -0.00882045, 0.00910189, 0.00860765, 0.999922, 0.00285421  
140, 265.565, -215.955, 182.622, 0.999684, -0.0231435, -0.00984969, 0.0230311, 0.99967, -0.0113681, 0.0101095, 0.0111377, 0.999887, 0.00291051  
141, 265.549, -215.942, 182.624, 0.999682, -0.0230142, -0.0103491, 0.0229036, 0.999681, -0.0106813, 0.0105916, 0.0104409, 0.999889, 0.00296682  
142, 265.52, -215.99, 182.629, 0.999686, -0.0234053, -0.00890029, 0.0233218, 0.999684, -0.00937633, 0.00911693, 0.00916581, 0.999916, 0.00287862  
143, 265.512, -216.036, 182.612, 0.999689, -0.0233303, -0.00882679, 0.0232308, 0.999667, -0.0112099, 0.00908539, 0.0110014, 0.999898, 0.00292078  
144, 265.458, -216.061, 182.612, 0.999677, -0.0235317, -0.00962798, 0.0234182, 0.999657, -0.0117295, 0.0099007, 0.0115003, 0.999885, 0.00288167  
145, 265.442, -216.126, 182.586, 0.999696, -0.0226171, -0.00981565, 0.0224953, 0.999671, -0.0123511, 0.0100918, 0.0121266, 0.999876, 0.00266171  
146, 265.409, -216.147, 182.561, 0.999695, -0.0226205, -0.00993393, 0.0224921, 0.999664, -0.0128466, 0.0102212, 0.0126193, 0.999868, 0.00375235  
147, 265.376, -216.223, 182.603, 0.999673, -0.0226975, -0.0117543, 0.0225343, 0.99965, -0.0138353, 0.0120642, 0.0135659, 0.999835, 0.00294962  
148, 265.316, -216.281, 182.615, 0.99967, -0.0239164, -0.00937656, 0.0238118, 0.999655, -0.0111135, 0.00963911, 0.0108866, 0.999894, 0.00294546  
149, 265.301, -216.355, 182.621, 0.999674, -0.0235181, -0.00998417, 0.0234068, 0.999664, -0.0111281, 0.0102425, 0.0108908, 0.999888, 0.00293908  
150, 265.29, -216.389, 182.575, 0.999673, -0.02223, -0.0126071, 0.0220555, 0.999661, -0.0138211, 0.0129101, 0.0135385, 0.999825, 0.00293076  
151, 265.306, -216.466, 182.627, 0.999677, -0.0228136, -0.0112015, 0.0226796, 0.999671, -0.0119475, 0.0114704, 0.0116896, 0.999866, 0.00299428  
152, 265.214, -216.551, 182.616, 0.99967, -0.0230663, -0.0113132, 0.0229312, 0.999666, -0.0119287, 0.0115845, 0.0116654, 0.999865, 0.00274242  
153, 265.215, -216.675, 182.612, 0.999703, -0.0226937, -0.00893402, 0.0226039, 0.999694, -0.0100347, 0.00915901, 0.00982979, 0.99991, 0.00280234  
154, 265.189, -216.725, 182.623, 0.999682, -0.0236536, -0.00870105, 0.0235689, 0.999675, -0.00970451, 0.00892777, 0.00949635, 0.999915, 0.00299761  
155, 265.174, -216.81, 182.625, 0.999677, -0.0226435, -0.011505, 0.0224923, 0.999661, -0.0131036, 0.0117978, 0.0128406, 0.999848, 0.0029646  
156, 265.154, -216.865, 182.592, 0.999697, -0.0223042, -0.0104432, 0.0221614, 0.999662, -0.0135895, 0.0107428, 0.013354, 0.999853, 0.00309081  
157, 265.193, -216.935, 182.637, 0.999707, -0.022412, -0.00915148, 0.0223005, 0.999678, -0.0121037, 0.0094198, 0.0118961, 0.999885, 0.00292827  
158, 265.168, -217.006, 182.572, 0.999683, -0.0222618, -0.0117827, 0.0220734, 0.99963, -0.0158834, 0.0121319, 0.0156183, 0.999804, 0.00294824  
159, 265.185, -217.058, 182.612, 0.999688, -0.0232747, -0.00904979, 0.0231599, 0.999652, -0.0125926, 0.00933973, 0.0123791, 0.99988, 0.0031216  
160, 265.201, -217.109, 182.6, 0.999681, -0.0238545, -0.00824219, 0.023754, 0.999645, -0.0120821, 0.00852747, 0.0118825, 0.999893, 0.00301509  
161, 265.226, -217.175, 182.579, 0.999691, -0.022618, -0.0102942, 0.0224643, 0.999638, -0.0148087, 0.0106254, 0.0145728, 0.999837, 0.00283729  
162, 265.23, -217.219, 182.556, 0.999664, -0.0230621, -0.0118421, 0.0228592, 0.999594, -0.0169978, 0.0122293, 0.0167214, 0.999785, 0.00276683  
163, 265.273, -217.285, 182.617, 0.999668, -0.0235947, -0.0103932, 0.0234369, 0.999612, -0.015057, 0.0107445, 0.0148084, 0.999833, 0.00302257  
164, 265.25, -217.319, 182.614, 0.999649, -0.0246695, -0.00969714, 0.0245153, 0.999576, -0.0157181, 0.0100808, 0.0154749, 0.999829, 0.00293187  
165, 265.257, -217.351, 182.624, 0.999671, -0.0237331, -0.00973606, 0.0235825, 0.999605, -0.0152996, 0.0100953, 0.015065, 0.999836, 0.00298485  
166, 265.3, -217.419, 182.638, 0.999683, -0.023168, -0.00981078, 0.0230131, 0.999613, -0.0156188, 0.0101688, 0.0153881, 0.99983, 0.00279734  
167, 265.295, -217.429, 182.658, 0.999678, -0.0237897, -0.00879074, 0.0236626, 0.999618, -0.0142854, 0.00912723, 0.0140728, 0.999859, 0.00300094  
168, 265.281, -217.415, 182.657, 0.999678, -0.0238719, -0.00859682, 0.0237531, 0.999624, -0.0136696, 0.00891991, 0.013461, 0.99987, 0.00280483  
169, 265.264, -217.435, 182.612, 0.999702, -0.0223233, -0.00988088, 0.0221695, 0.999635, -0.0154098, 0.0102213, 0.0151862, 0.999832, 0.0028678  
170, 265.252, -217.419, 182.623, 0.99967, -0.0232221, -0.0109732, 0.0230308, 0.999586, -0.0172554, 0.0113693, 0.016997, 0.999791, 0.00309885  
171, 265.224, -217.416, 182.609, 0.999664, -0.0232064, -0.0115813, 0.0230059, 0.999588, -0.0171625, 0.0119748, 0.0168903, 0.999786, 0.00281038  
172, 265.152, -217.342, 182.587, 0.999658, -0.023526, -0.0114593, 0.023324, 0.999576, -0.017458, 0.0118652, 0.0171847, 0.999782, 0.00283451  
173, 265.123, -217.331, 182.597, 0.99964, -0.0241871, -0.0115963, 0.0239843, 0.999562, -0.0173173, 0.0120101, 0.017033, 0.999783, 0.00287168  
174, 265.127, -217.303, 182.597, 0.999641, -0.0241044, -0.0116661, 0.0239, 0.999564, -0.0173572, 0.0120793, 0.0170722, 0.999781, 0.00281454  
175, 265.11, -217.239, 182.608, 0.99966, -0.024098, -0.0099281, 0.0239537, 0.999609, -0.014403, 0.0102713, 0.0141603, 0.999847, 0.00299733  
176, 265.16, -217.204, 182.588, 0.999665, -0.0232058, -0.0114308, 0.0230139, 0.999597, -0.0166379, 0.0118123, 0.0163692, 0.999796, 0.00282952  
177, 265.146, -217.18, 182.575, 0.999686, -0.0228139, -0.0103554, 0.0226524, 0.999624, -0.0154554, 0.0107041, 0.015216, 0.999827, 0.00283229  
178, 265.161, -217.116, 182.594, 0.999664, -0.0230537, -0.0118149, 0.0228648, 0.999612, -0.0158771, 0.0121764, 0.0156016, 0.999804, 0.00285088  
179, 265.154, -217.141, 182.604, 0.999626, -0.0250016, -0.0110764, 0.0248081, 0.999543, -0.0172829, 0.0115034, 0.0170016, 0.999789, 0.0029083  
180, 265.236, -217.145, 182.584, 0.999673, -0.0232258, -0.0107207, 0.0230265, 0.999566, -0.0183591, 0.0111424, 0.0181063, 0.999774, 0.00282397  
181, 265.284, -217.181, 182.617, 0.999682, -0.0225064, -0.0113579, 0.022248, 0.999502, -0.0223839, 0.011856, 0.0221241, 0.999685, 0.00281898  
182, 265.341, -217.305, 182.609, 0.999667, -0.0226693, -0.0123246, 0.0223223, 0.99937, -0.0275968, 0.0129425, 0.0273125, 0.999543, 0.00284783  
183, 265.419, -217.351, 182.654, 0.999649, -0.0235194, -0.0121763, 0.0231402, 0.99927, -0.0303963, 0.0128824, 0.0301039, 0.999464, 0.00286253  
184, 265.434, -217.489, 182.685, 0.999661, -0.0232874, -0.0116154, 0.0228882, 0.99918, -0.033396, 0.0123836, 0.0331188, 0.999375, 0.00291301  
185, 265.523, -217.672, 182.705, 0.999646, -0.0239163, -0.0116522, 0.0234536, 0.998989, -0.0383514, 0.0125576, 0.0380645, 0.999196, 0.00279485  
186, 265.499, -217.776, 182.672, 0.999638, -0.0229404, -0.0140469, 0.022229, 0.998558, -0.0488636, 0.0151476, 0.0485336, 0.998707, 0.00282647  
187, 265.589, -217.899, 182.705, 0.999648, -0.0217415, -0.0152354, 0.0208685, 0.998252, -0.0552914, 0.0164108, 0.054954, 0.998354, 0.00282314  
188, 265.572, -218.155, 182.734, 0.99964, -0.0218065, -0.0156077, 0.0207301, 0.997598, -0.0660887, 0.0170114, 0.0657414, 0.997692, 0.00287168  
189, 265.574, -218.34, 182.695, 0.999576, -0.0225023, -0.0184557, 0.0210242, 0.996832, -0.0767058, 0.0201232, 0.0762853, 0.996883, 0.00286697  
190, 265.557, -218.501, 182.681, 0.9996, -0.0219937, -0.0177568, 0.0204106, 0.996182, -0.0848853, 0.019556, 0.084489, 0.996232, 0.00284672  
191, 265.625, -218.569, 182.644, 0.9996, -0.0205666, -0.0194331, 0.0186735, 0.995489, -0.093026, 0.0212587, 0.0926259, 0.995474, 0.00285975  
192, 265.622, -218.809, 182.615, 0.99966, -0.018283, -0.0185739, 0.0163018, 0.994679, -0.101727, 0.0203349, 0.10139, 0.994639, 0.00283285  
193, 265.594, -218.894, 182.604, 0.99967, -0.0177677, -0.0185296, 0.0155661, 0.99349, -0.112848, 0.020414, 0.112522, 0.99344, 0.00288139  
194, 265.548, -219.092, 182.559, 0.999725, -0.0164147, -0.0167395, 0.0142352, 0.992317, -0.122902, 0.0186283, 0.12263, 0.992278, 0.00293215  
195, 265.571, -219.217, 182.461, 0.999748, -0.0138, -0.0177081, 0.0112827, 0.990765, -0.135117, 0.0194092, 0.134884, 0.990671, 0.00284172  
196, 265.558, -219.365, 182.367, 0.999742, -0.0118166, -0.0193888, 0.00881763, 0.98894, -0.148053, 0.0209239, 0.147844, 0.988789, 0.00285892  
197, 265.618, -219.562, 182.238, 0.999745, -0.0116476, -0.0193514, 0.00837433, 0.986862, -0.16135, 0.0209765, 0.161147, 0.986707, 0.0028567  
198, 265.57, -219.603, 182.251, 0.999778, -0.0119604, -0.0173615, 0.0087138, 0.984299, -0.176293, 0.0191974, 0.176103, 0.984185, 0.00287751  
199, 265.701, -219.651, 182.162, 0.999823, -0.0104853, -0.0156244, 0.00745629, 0.983151, -0.182643, 0.0172762, 0.182495, 0.983055, 0.00279901  
200, 265.781, -219.561, 182.149, 0.999864, -0.00994327, -0.0131632, 0.00725089, 0.981616, -0.190727, 0.0148176, 0.190606, 0.981555, 0.00285781  
201, 265.912, -219.33, 182.19, 0.999897, -0.00797572, -0.0119453, 0.00546625, 0.980382, -0.19703, 0.0132824, 0.196944, 0.980325, 0.00289748  
202, 265.984, -219.184, 182.181, 0.999934, -0.00711197, -0.00898001, 0.00509738, 0.978289, -0.207184, 0.0102585, 0.207125, 0.978261, 0.00284367  
203, 266.224, -219.054, 182.152, 0.999912, -0.0055789, -0.0120312, 0.00276376, 0.974953, -0.222392, 0.0129706, 0.222339, 0.974883, 0.002885  
204, 266.398, -218.68, 182.149, 0.999943, -0.00518953, -0.00936005, 0.00290306, 0.973305, -0.229497, 0.0103012, 0.229457, 0.973264, 0.0028212  
205, 266.582, -218.397, 182.153, 0.999947, -0.00481963, -0.00905874, 0.00247313, 0.970002, -0.243085, 0.00995858, 0.24305, 0.969963, 0.00285559  
206, 266.723, -217.852, 182.077, 0.99999, -0.00244721, -0.00363634, 0.00147547, 0.969149, -0.246472, 0.00412733, 0.246464, 0.969143, 0.00295573  
207, 267.108, -217.31, 182.045, 0.999979, -0.00413162, -0.00493989, 0.00272799, 0.966612, -0.256228, 0.0058336, 0.256209, 0.966604, 0.00289359  
208, 267.278, -216.788, 181.934, 0.999999, -0.00140906, 0.000934439, 0.00160362, 0.965579, -0.260105, -0.000535771, 0.260106, 0.96558, 0.00289942  
209, 267.371, -216.165, 181.812, 0.999995, -0.00233156, -0.00223516, 0.0016352, 0.962248, -0.272171, 0.00278536, 0.272166, 0.962246, 0.00285504  
210, 267.496, -215.159, 181.837, 0.999997, 0.000828418, -0.00213984, -0.00138672, 0.961175, -0.275937, 0.00182817, 0.27594, 0.961173, 0.00284755  
211, 267.541, -214.333, 181.74, 0.999998, 0.00183599, -0.000514449, -0.00190639, 0.957862, -0.287223, -3.45695e-005, 0.287224, 0.957863, 0.00290386  
212, 267.544, -213.126, 181.804, 0.999989, 0.00271988, 0.00379076, -0.00151885, 0.958016, -0.286711, -0.00441143, 0.286703, 0.958009, 0.0029083  
213, 267.758, -212.005, 181.897, 0.99999, 0.00226241, 0.0039518, -0.00100983, 0.956414, -0.292012, -0.00444021, 0.292005, 0.956406, 0.0029352  
214, 267.607, -210.527, 181.785, 0.99997, 0.00447919, 0.00625068, -0.00244949, 0.95604, -0.293227, -0.00728932, 0.293203, 0.956023, 0.00275075  
215, 267.427, -209.258, 181.558, 0.999985, 0.00537517, 0.00109325, -0.00479384, 0.953274, -0.302069, -0.00266584, 0.302059, 0.953285, 0.00288555  
216, 267.272, -207.826, 181.563, 0.999992, 0.00402956, 0.000245896, -0.00375885, 0.95157, -0.307411, -0.00147272, 0.307407, 0.951577, 0.00277876  
217, 267.162, -205.984, 181.59, 0.999983, 0.00576828, 0.000958189, -0.00519137, 0.951214, -0.30849, -0.0026909, 0.308479, 0.951227, 0.00284422  
218, 267.042, -204.429, 181.48, 0.999965, 0.00791131, -0.00276681, -0.00838082, 0.946896, -0.32143, 7.69573e-005, 0.321442, 0.946929, 0.00293021  
219, 266.9, -202.219, 181.633, 0.99996, 0.00867699, -0.00224476, -0.00894136, 0.948539, -0.316534, -0.000617317, 0.316541, 0.948579, 0.00294408  
220, 266.652, -200.628, 181.308, 0.999911, 0.0131416, 0.00219005, -0.0117134, 0.945482, -0.325464, -0.00634776, 0.325409, 0.945552, 0.00291523  
221, 266.34, -198.354, 181.424, 0.999979, 0.00625431, 0.0017061, -0.00541314, 0.950356, -0.311117, -0.00356722, 0.311101, 0.95037, 0.00281482  
222, 266.233, -196.281, 181.093, 0.999988, 0.0041503, -0.00265671, -0.00477224, 0.950016, -0.312164, 0.00122834, 0.312173, 0.950025, 0.00294907  
223, 265.806, -193.916, 181.057, 0.999965, 0.00841913, -0.000111584, -0.00802748, 0.949282, -0.314325, -0.00254042, 0.314315, 0.949315, 0.00299068  
224, 265.763, -191.267, 181.125, 0.999924, 0.011181, -0.00527943, -0.012272, 0.94961, -0.313194, 0.00151158, 0.313235, 0.949674, 0.00287889  
225, 265.511, -188.864, 181.17, 0.999908, 0.0113169, -0.00745133, -0.0130976, 0.948145, -0.317568, 0.00347104, 0.317636, 0.948206, 0.00289248  
226, 265.29, -185.982, 181.269, 0.999884, 0.0125517, -0.00862723, -0.0146194, 0.949802, -0.31251, 0.00427163, 0.3126, 0.949875, 0.00302257  
227, 265.177, -183.292, 181.232, 0.99984, 0.00939288, -0.0152417, -0.0137292, 0.948661, -0.315996, 0.0114911, 0.316155, 0.948638, 0.00291329  
228, 264.927, -180.104, 181.355, 0.999902, 0.00984673, -0.00995073, -0.0123813, 0.953745, -0.30036, 0.0065329, 0.300454, 0.953774, 0.00292632  
229, 264.91, -177.141, 181.34, 0.999868, 0.00792897, -0.014211, -0.0118156, 0.954199, -0.298941, 0.0111898, 0.299069, 0.954166, 0.00296072  
230, 264.398, -173.947, 181.185, 0.999869, 0.00311361, -0.0158722, -0.00752007, 0.958277, -0.285744, 0.0143203, 0.285826, 0.958175, 0.00278181  
231, 264.366, -170.631, 181.23, 0.999872, 0.00240878, -0.0158306, -0.00676951, 0.959518, -0.281567, 0.0145115, 0.281638, 0.959411, 0.00294574  
232, 264.056, -167.424, 181.278, 0.99986, 0.00180782, -0.0166349, -0.006407, 0.959745, -0.280798, 0.0154577, 0.280865, 0.959623, 0.00295351  
233, 263.905, -163.854, 181.396, 0.99988, 0.00263053, -0.0152593, -0.00666984, 0.962523, -0.271119, 0.0139742, 0.271188, 0.962425, 0.00291551  
234, 263.78, -160.321, 181.416, 0.999814, 0.00213537, -0.0191501, -0.00710716, 0.964634, -0.263497, 0.0179101, 0.263584, 0.96447, 0.0029585  
235, 263.593, -156.659, 181.578, 0.999822, 0.00193221, -0.0187675, -0.00663795, 0.967167, -0.254056, 0.0176604, 0.254135, 0.967007, 0.00277793  
236, 263.605, -153.061, 181.54, 0.999735, -0.00389019, -0.0226889, -0.00188264, 0.968499, -0.249011, 0.0229429, 0.248988, 0.968235, 0.00298235  
237, 263.331, -148.992, 181.825, 0.999794, -0.00183718, -0.0202342, -0.0031178, 0.970235, -0.242147, 0.0200768, 0.24216, 0.970029, 0.00296488  
238, 263.072, -145.04, 181.903, 0.99984, -0.00119092, -0.0178441, -0.00303286, 0.972036, -0.234811, 0.0176248, 0.234827, 0.971877, 0.00298513  
239, 262.821, -140.673, 181.94, 0.999769, 0.00224013, -0.0213745, -0.00704529, 0.973757, -0.227482, 0.020304, 0.22758, 0.973548, 0.00275019  
240, 262.712, -136.651, 182.034, 0.999798, -0.000571949, -0.0200957, -0.00381216, 0.976066, -0.217442, 0.0197391, 0.217475, 0.975866, 0.00276212  
241, 262.401, -132.431, 182.057, 0.999778, -0.000859233, -0.0210473, -0.00350139, 0.97849, -0.206267, 0.0207718, 0.206295, 0.978269, 0.00299955  
242, 262.291, -128.2, 182.127, 0.999707, -0.00148241, -0.0241522, -0.00333376, 0.980166, -0.198152, 0.0239669, 0.198174, 0.979874, 0.00274825  
243, 261.992, -123.826, 182.134, 0.999711, -0.00159413, -0.0239825, -0.00289009, 0.982586, -0.185787, 0.023861, 0.185802, 0.982297, 0.00299179  
244, 261.804, -119.434, 182.096, 0.999657, -0.000832919, -0.026181, -0.003653, 0.985294, -0.170827, 0.0259382, 0.170864, 0.984953, 0.00284394  
245, 261.56, -114.808, 182.204, 0.999577, -0.00169255, -0.0290182, -0.00313234, 0.986218, -0.165422, 0.0288982, 0.165443, 0.985796, 0.0027868  
246, 261.256, -110.191, 182.286, 0.999568, -0.00252347, -0.0292881, -0.00202624, 0.988025, -0.154282, 0.0293267, 0.154274, 0.987593, 0.00279457  
247, 261.143, -105.471, 182.326, 0.999589, -0.00310883, -0.0284832, -0.00092617, 0.990071, -0.140565, 0.0286374, 0.140534, 0.989662, 0.00296183  
248, 260.888, -100.815, 182.417, 0.999619, -0.00335522, -0.0273953, -0.000156486, 0.991878, -0.12719, 0.0275996, 0.127146, 0.9915, 0.00281038  
249, 260.52, -95.8958, 182.289, 0.99976, 0.00338271, -0.0216677, -0.00572939, 0.994006, -0.109176, 0.0211685, 0.109274, 0.993786, 0.00278708  
250, 260.311, -91.1331, 182.308, 0.999705, 0.000127087, -0.024277, -0.00244665, 0.995423, -0.0955399, 0.0241537, 0.0955712, 0.99513, 0.00301342  
251, 260.142, -86.3092, 182.359, 0.999685, -0.00211236, -0.0250089, 0.000175795, 0.997017, -0.0771855, 0.0250973, 0.0771567, 0.996703, 0.00300094  
252, 259.986, -81.3165, 182.599, 0.999783, -0.000329127, -0.0208378, -0.00089788, 0.998267, -0.0588471, 0.020821, 0.058853, 0.99805, 0.00276489  
253, 259.638, -76.2368, 182.58, 0.999749, -0.00117965, -0.0223597, 0.000242043, 0.999122, -0.0418893, 0.0223894, 0.0418734, 0.998872, 0.00299095  
254, 259.467, -71.6876, 182.44, 0.999523, -0.00476804, -0.0305076, 0.00356493, 0.999218, -0.0393701, 0.0306715, 0.0392426, 0.998759, 0.00277904  
255, 259.174, -66.6169, 182.576, 0.999735, -0.00260607, -0.0228805, 0.00237952, 0.999948, -0.00992296, 0.0229051, 0.00986589, 0.999689, 0.00277599  
256, 259.157, -62.0697, 182.713, 0.999728, -0.00658271, -0.022386, 0.00671398, 0.999961, 0.00579401, 0.022347, -0.00594273, 0.999733, 0.00276905  
257, 258.991, -56.8721, 182.652, 0.999471, -0.00957515, -0.0310725, 0.0101456, 0.999782, 0.0182518, 0.030891, -0.0185574, 0.99935, 0.00277349  
258, 258.945, -52.2452, 182.718, 0.999327, -0.0121166, -0.0346136, 0.0129028, 0.999662, 0.0225806, 0.0343283, -0.023012, 0.999146, 0.00280234  
259, 258.377, -46.9173, 182.671, 0.999457, -0.0102121, -0.0313237, 0.0115521, 0.999012, 0.0429031, 0.0308547, -0.0432416, 0.998588, 0.00286974  
260, 258.323, -42.3936, 182.683, 0.999333, -0.0106749, -0.0349188, 0.0125571, 0.998455, 0.0541346, 0.0342869, -0.054537, 0.997923, 0.00288916  
261, 257.748, -37.3484, 182.437, 0.999473, -0.00623072, -0.0318706, 0.00820565, 0.998029, 0.0622167, 0.0314201, -0.0624454, 0.997554, 0.00285948  
262, 257.617, -32.4311, 182.307, 0.999392, -0.00280871, -0.0347443, 0.0052947, 0.997415, 0.0716673, 0.0344532, -0.0718077, 0.996823, 0.0028334  
263, 257.488, -27.6958, 182.371, 0.999271, -0.011264, -0.0364805, 0.0147185, 0.995286, 0.0958554, 0.0352289, -0.0963225, 0.994727, 0.00286502  
264, 257.464, -22.9378, 182.354, 0.999335, -0.00817861, -0.0355382, 0.0119672, 0.994107, 0.107738, 0.0344477, -0.108092, 0.993544, 0.00284977  
265, 257.385, -18.3104, 182.393, 0.999457, -0.00824012, -0.0318929, 0.0120976, 0.992368, 0.122719, 0.0306383, -0.123038, 0.991929, 0.00300371  
266, 257.47, -13.5492, 182.353, 0.99939, -0.0098028, -0.0335164, 0.0142607, 0.990678, 0.135472, 0.031876, -0.135868, 0.990214, 0.00287556  
267, 257.548, -9.16729, 182.39, 0.999397, -0.0106071, -0.0330666, 0.0152891, 0.989353, 0.14473, 0.0311794, -0.145148, 0.988918, 0.00288527  
268, 257.606, -4.448, 182.12, 0.99937, -0.00846121, -0.0344755, 0.0137512, 0.987625, 0.156227, 0.032727, -0.156603, 0.987119, 0.00283812  
269, 257.965, -0.272676, 182.134, 0.999249, -0.00816704, -0.037887, 0.0141138, 0.987104, 0.15946, 0.036096, -0.159875, 0.986477, 0.0028911  
270, 257.943, 4.19241, 182.166, 0.999436, -0.00846204, -0.0324979, 0.013943, 0.98494, 0.172336, 0.0305502, -0.172692, 0.984502, 0.00294796  
271, 258.251, 8.36515, 182.082, 0.999375, -0.00680188, -0.0346773, 0.0127889, 0.9844, 0.175481, 0.0329427, -0.175815, 0.983872, 0.00287556  
272, 258.415, 12.9511, 181.986, 0.999398, -0.00619771, -0.0341293, 0.0124371, 0.982514, 0.185771, 0.0323811, -0.186084, 0.982, 0.0028617  
273, 258.611, 16.9792, 181.751, 0.999444, -0.00412564, -0.0330896, 0.0103306, 0.981804, 0.189616, 0.0317052, -0.189853, 0.981301, 0.00288028  
274, 258.754, 21.1693, 181.653, 0.999503, -0.00339337, -0.0313338, 0.00968511, 0.979151, 0.202902, 0.029992, -0.203105, 0.978698, 0.00285837  
275, 259.241, 25.0032, 181.62, 0.99941, -0.0060998, -0.0337893, 0.0129512, 0.978372, 0.206445, 0.0317993, -0.206761, 0.977875, 0.00285226  
276, 259.3, 29.022, 181.528, 0.999572, -0.00140389, -0.0292328, 0.00766772, 0.97652, 0.215289, 0.0282442, -0.215421, 0.976113, 0.00287556  
277, 259.854, 32.6169, 181.765, 0.999581, -0.00528263, -0.0284588, 0.0115734, 0.974133, 0.225679, 0.0265305, -0.225914, 0.973786, 0.00285282  
