0, 0, 0, 0, 0, 0, 0, 0, 0, 0, 0, 0, 0, 0.00290441  
1, 0, 0, 0, 0, 0, 0, 0, 0, 0, 0, 0, 0, 0.0027072  
2, 271.043, -231.806, 182.48, 0.999313, 0.0362557, -0.00762442, -0.0361392, 0.999236, 0.0148989, 0.00815876, -0.0146132, 0.99986, 0.00277155  
3, 270.998, -231.912, 182.463, 0.999323, 0.0360969, -0.00716209, -0.0359912, 0.999249, 0.0143835, 0.00767591, -0.014116, 0.999871, 0.0028212  
4, 271.007, -231.935, 182.495, 0.999292, 0.0370792, -0.00632157, -0.0369737, 0.999187, 0.0160593, 0.0069119, -0.0158142, 0.999851, 0.00277931  
5, 270.994, -231.959, 182.491, 0.999253, 0.0377767, -0.00815552, -0.0376623, 0.999196, 0.0137474, 0.00866829, -0.01343, 0.999872, 0.00287751  
6, 270.95, -232.05, 182.468, 0.999247, 0.0379289, -0.00817679, -0.037824, 0.999205, 0.012614, 0.00864872, -0.0122952, 0.999887, 0.00288999  
7, 270.94, -232.075, 182.5, 0.99927, 0.0372104, -0.00861366, -0.0370931, 0.999222, 0.0133972, 0.00910548, -0.0130679, 0.999873, 0.00280705  
8, 270.913, -232.143, 182.491, 0.999246, 0.0377367, -0.0091395, -0.0376238, 0.999217, 0.0122248, 0.00959367, -0.0118717, 0.999884, 0.00292938  
9, 270.901, -232.204, 182.513, 0.999272, 0.0372316, -0.00835442, -0.0371151, 0.999217, 0.0136904, 0.00885759, -0.0133703, 0.999871, 0.00282564  
10, 270.915, -232.286, 182.482, 0.999296, 0.0362189, -0.00978634, -0.0361045, 0.99928, 0.0116284, 0.0102005, -0.0112669, 0.999884, 0.00285643  
11, 270.89, -232.315, 182.469, 0.999269, 0.0371037, -0.00918022, -0.037, 0.999252, 0.0112202, 0.00958966, -0.0108723, 0.999895, 0.00286974  
12, 270.843, -232.376, 182.525, 0.999277, 0.0373976, -0.00689799, -0.0373013, 0.999212, 0.0135909, 0.00740082, -0.0133237, 0.999884, 0.00282092  
13, 270.86, -232.445, 182.539, 0.999336, 0.0357298, -0.00719067, -0.035627, 0.999268, 0.013958, 0.00768412, -0.0136925, 0.999877, 0.00279152  
14, 270.852, -232.5, 182.53, 0.999278, 0.0367989, -0.00945139, -0.0366846, 0.999255, 0.011994, 0.00988571, -0.0116386, 0.999883, 0.00278625  
15, 270.769, -232.527, 182.488, 0.999312, 0.0360335, -0.00875944, -0.0359192, 0.999272, 0.0128739, 0.00921696, -0.0125504, 0.999879, 0.00289942  
16, 270.772, -232.58, 182.466, 0.999292, 0.0366252, -0.00864004, -0.0365182, 0.999258, 0.012239, 0.00908189, -0.0119148, 0.999888, 0.00289082  
17, 270.805, -232.62, 182.48, 0.999323, 0.035675, -0.00896912, -0.0355686, 0.999298, 0.0117606, 0.00938238, -0.0114336, 0.999891, 0.00279929  
18, 270.797, -232.663, 182.515, 0.999334, 0.0357797, -0.00711145, -0.035687, 0.999281, 0.0127643, 0.00756304, -0.012502, 0.999893, 0.00292827  
19, 270.866, -232.66, 182.495, 0.999335, 0.0356012, -0.00791218, -0.0354901, 0.999275, 0.0137708, 0.0083967, -0.0134808, 0.999874, 0.0029119  
20, 270.881, -232.71, 182.484, 0.999319, 0.0357869, -0.0089426, -0.0356876, 0.999302, 0.0110241, 0.00933088, -0.0106975, 0.999899, 0.00320231  
21, 270.89, -232.735, 182.474, 0.999316, 0.0358409, -0.00913141, -0.0357397, 0.9993, 0.0110207, 0.00952001, -0.0106868, 0.999898, 0.00269055  
22, 270.917, -232.719, 182.48, 0.999316, 0.0357699, -0.00937933, -0.0356748, 0.999312, 0.010125, 0.00973504, -0.00978343, 0.999905, 0.00281066  
23, 270.901, -232.759, 182.485, 0.999334, 0.0358901, -0.00653184, -0.0358126, 0.999291, 0.0116292, 0.00694458, -0.0113875, 0.999911, 0.00288  
24, 270.951, -232.762, 182.492, 0.999339, 0.0358728, -0.00596746, -0.0357915, 0.999272, 0.013219, 0.00643732, -0.0129966, 0.999895, 0.00277238  
25, 270.99, -232.737, 182.5, 0.999356, 0.0348528, -0.00852366, -0.0347556, 0.999332, 0.0112941, 0.00891159, -0.0109905, 0.9999, 0.00289914  
26, 271.021, -232.717, 182.48, 0.999345, 0.0351965, -0.00841943, -0.035103, 0.999323, 0.0110061, 0.0088011, -0.0107034, 0.999904, 0.00280927  
27, 271.055, -232.679, 182.495, 0.999324, 0.0357269, -0.0086375, -0.0356294, 0.999302, 0.0111874, 0.00903117, -0.0108721, 0.9999, 0.00290691  
28, 271.05, -232.667, 182.494, 0.999334, 0.0360251, -0.00581906, -0.0359382, 0.99925, 0.0143989, 0.00633342, -0.0141801, 0.999879, 0.00286475  
29, 271.022, -232.686, 182.493, 0.999358, 0.0349938, -0.00773886, -0.0349061, 0.999328, 0.0111909, 0.00812528, -0.0109136, 0.999907, 0.00285643  
30, 271.018, -232.649, 182.511, 0.999334, 0.0360052, -0.00595705, -0.0359238, 0.999267, 0.0132591, 0.00643008, -0.0130363, 0.999894, 0.00286669  
31, 271.05, -232.591, 182.479, 0.999294, 0.0370077, -0.00645511, -0.0369259, 0.999241, 0.0123694, 0.00690798, -0.0121223, 0.999903, 0.0028151  
32, 271.052, -232.553, 182.479, 0.999298, 0.0366217, -0.0078369, -0.0365292, 0.999265, 0.0116448, 0.00825759, -0.0113503, 0.999901, 0.00272578  
33, 271.022, -232.519, 182.463, 0.99929, 0.0368006, -0.0080993, -0.0367142, 0.99927, 0.0105731, 0.00848248, -0.0102682, 0.999911, 0.00267142  
34, 271.002, -232.471, 182.472, 0.999284, 0.0371618, -0.00706087, -0.0370694, 0.999231, 0.0127913, 0.00753078, -0.0125204, 0.999893, 0.00293159  
35, 270.985, -232.442, 182.479, 0.999269, 0.037761, -0.00601377, -0.0376792, 0.999203, 0.013185, 0.00650686, -0.0129488, 0.999895, 0.00304476  
36, 270.979, -232.4, 182.455, 0.999248, 0.0382059, -0.0066864, -0.0381229, 0.9992, 0.0121208, 0.00714413, -0.0118568, 0.999904, 0.00291689  
37, 271.016, -232.376, 182.513, 0.999297, 0.036794, -0.00722292, -0.0367114, 0.999263, 0.0112561, 0.00763175, -0.010983, 0.999911, 0.00284505  
38, 270.974, -232.318, 182.518, 0.999281, 0.0373345, -0.00660375, -0.0372561, 0.999238, 0.011614, 0.00703232, -0.0113596, 0.999911, 0.00293243  
39, 270.943, -232.284, 182.511, 0.999314, 0.0366019, -0.00572817, -0.0365188, 0.999235, 0.013987, 0.00623574, -0.0137682, 0.999886, 0.00291689  
40, 270.927, -232.236, 182.492, 0.999297, 0.0367726, -0.0072624, -0.0366725, 0.999236, 0.0134775, 0.00775246, -0.0132017, 0.999883, 0.00289027  
41, 270.942, -232.151, 182.515, 0.999285, 0.0370076, -0.00770731, -0.036895, 0.999217, 0.0142795, 0.00822972, -0.0139849, 0.999868, 0.0030026  
42, 270.883, -232.109, 182.518, 0.999257, 0.037434, -0.00921942, -0.0373103, 0.999216, 0.0132428, 0.00970792, -0.012889, 0.99987, 0.0028911  
43, 270.857, -232.036, 182.513, 0.99929, 0.0367224, -0.00840745, -0.0366032, 0.999233, 0.0139236, 0.00891231, -0.013606, 0.999868, 0.0029413  
44, 270.852, -232.022, 182.505, 0.999307, 0.0361892, -0.0087404, -0.0360647, 0.999251, 0.0140066, 0.00924075, -0.0136816, 0.999864, 0.00291662  
45, 270.834, -231.961, 182.504, 0.999292, 0.0366584, -0.00849294, -0.0365212, 0.999208, 0.0157896, 0.00906504, -0.0154683, 0.999839, 0.00296044  
46, 270.821, -231.916, 182.496, 0.999243, 0.0377072, -0.00960934, -0.0375555, 0.999174, 0.0155056, 0.0101861, -0.015133, 0.999834, 0.00288472  
47, 270.809, -231.88, 182.508, 0.999261, 0.0378568, -0.00670875, -0.0377351, 0.999136, 0.0174263, 0.00736266, -0.0171603, 0.999826, 0.00304255  
48, 270.779, -231.837, 182.469, 0.999274, 0.0372078, -0.00820631, -0.037075, 0.999188, 0.0157813, 0.00878683, -0.0154656, 0.999842, 0.00285171  
49, 270.775, -231.828, 182.469, 0.999273, 0.0373123, -0.00783308, -0.037176, 0.999166, 0.0168746, 0.00845618, -0.0165711, 0.999827, 0.00290053  
50, 270.789, -231.775, 182.511, 0.999276, 0.0371471, -0.00823783, -0.0370024, 0.999169, 0.0170776, 0.00886537, -0.0167605, 0.99982, 0.00290275  
51, 270.793, -231.776, 182.502, 0.999299, 0.0367877, -0.00700467, -0.0366638, 0.999182, 0.0170591, 0.0076265, -0.0167903, 0.99983, 0.00281704  
52, 270.797, -231.727, 182.504, 0.999235, 0.0382191, -0.00828796, -0.0380861, 0.999152, 0.0156479, 0.00887898, -0.0153202, 0.999843, 0.00281205  
53, 270.825, -231.725, 182.509, 0.999276, 0.0371136, -0.00833649, -0.0369762, 0.999187, 0.0160703, 0.00892614, -0.0157504, 0.999836, 0.00291329  
54, 270.816, -231.722, 182.494, 0.999297, 0.0365806, -0.00826216, -0.0364514, 0.999219, 0.015283, 0.00881476, -0.0149711, 0.999849, 0.00297459  
55, 270.91, -231.711, 182.486, 0.999258, 0.0375179, -0.00868041, -0.0373899, 0.999196, 0.0144645, 0.00921611, -0.0141292, 0.999858, 0.00269444  
56, 270.913, -231.699, 182.496, 0.999258, 0.0375929, -0.00838087, -0.0374682, 0.999192, 0.0145604, 0.00892146, -0.0142356, 0.999859, 0.00306418  
57, 270.926, -231.738, 182.501, 0.999297, 0.0369775, -0.00622875, -0.0368719, 0.999187, 0.0162886, 0.006826, -0.0160475, 0.999848, 0.00288389  
58, 270.973, -231.726, 182.509, 0.999281, 0.0369414, -0.00857128, -0.0368174, 0.999221, 0.0141933, 0.00908892, -0.0138675, 0.999863, 0.00284727  
59, 270.999, -231.761, 182.497, 0.999292, 0.0366209, -0.00861411, -0.0364924, 0.999227, 0.0146319, 0.00914328, -0.0143072, 0.999856, 0.00301703  
60, 270.981, -231.825, 182.487, 0.999344, 0.0354826, -0.00731104, -0.0353714, 0.999264, 0.0148161, 0.00783137, -0.0145478, 0.999864, 0.00286419  
61, 270.982, -231.816, 182.487, 0.999299, 0.0368543, -0.00651712, -0.0367462, 0.999197, 0.0160013, 0.0071016, -0.0157506, 0.999851, 0.00293326  
62, 270.995, -231.877, 182.499, 0.999327, 0.0362944, -0.00536206, -0.0361964, 0.999194, 0.0173663, 0.00598803, -0.0171606, 0.999835, 0.00284062  
63, 271.015, -231.897, 182.496, 0.999268, 0.0375935, -0.00711398, -0.0374869, 0.999191, 0.0145663, 0.00765582, -0.0142889, 0.999869, 0.00287251  
64, 271.012, -231.942, 182.446, 0.999246, 0.0380663, -0.0076049, -0.0379631, 0.999191, 0.0132907, 0.00810468, -0.012992, 0.999883, 0.00304587  
65, 271.031, -231.989, 182.473, 0.999261, 0.0373121, -0.00923666, -0.037196, 0.999231, 0.0124385, 0.00969366, -0.0120857, 0.99988, 0.00283867  
66, 271.049, -232.02, 182.502, 0.999297, 0.0364698, -0.00871153, -0.0363556, 0.999255, 0.0129286, 0.00917655, -0.0126028, 0.999878, 0.00298679  
67, 271.012, -232.075, 182.502, 0.999266, 0.0377747, -0.00639713, -0.0376784, 0.999184, 0.0145598, 0.0069419, -0.0143081, 0.999874, 0.00469876  
68, 271.001, -232.111, 182.486, 0.999232, 0.0381553, -0.00893006, -0.038054, 0.999212, 0.0112586, 0.00935261, -0.0109101, 0.999897, 0.00285504  
69, 270.97, -232.14, 182.496, 0.999246, 0.0381123, -0.00747512, -0.0380039, 0.999178, 0.0141427, 0.00800799, -0.013848, 0.999872, 0.00291301  
70, 270.971, -232.209, 182.507, 0.999292, 0.0366615, -0.00842385, -0.0365586, 0.999259, 0.0120526, 0.00885948, -0.0117361, 0.999892, 0.00294103  
71, 270.958, -232.278, 182.493, 0.999286, 0.0371933, -0.00657077, -0.0371073, 0.99923, 0.0127591, 0.00704026, -0.0125062, 0.999897, 0.00286891  
72, 270.963, -232.284, 182.502, 0.999279, 0.0371362, -0.007912, -0.0370401, 0.999242, 0.0119686, 0.00835047, -0.0116669, 0.999897, 0.00281898  
73, 270.923, -232.352, 182.512, 0.999283, 0.0373446, -0.0062777, -0.0372623, 0.999224, 0.0127567, 0.00674922, -0.0125136, 0.999899, 0.00287307  
74, 270.835, -232.329, 182.449, 0.999279, 0.0373049, -0.00702229, -0.0372052, 0.999212, 0.0138321, 0.00753276, -0.0135609, 0.99988, 0.0028481  
75, 270.926, -232.43, 182.526, 0.999299, 0.0367545, -0.00706609, -0.0366607, 0.999243, 0.0129815, 0.00753787, -0.0127133, 0.999891, 0.00351464  
76, 270.835, -232.433, 182.455, 0.999287, 0.0369354, -0.00783564, -0.0368264, 0.999229, 0.013623, 0.00833277, -0.0133247, 0.999877, 0.00286891  
77, 270.839, -232.502, 182.465, 0.999293, 0.0363648, -0.00951561, -0.036262, 0.999284, 0.0107646, 0.00990026, -0.010412, 0.999897, 0.00355958  
78, 270.833, -232.526, 182.474, 0.999317, 0.0360694, -0.00806499, -0.0359616, 0.999267, 0.0131327, 0.00853277, -0.0128337, 0.999881, 0.00286391  
79, 270.863, -232.544, 182.452, 0.9993, 0.036404, -0.00859585, -0.0362937, 0.999261, 0.0126614, 0.00905043, -0.0123406, 0.999883, 0.00284062  
80, 270.862, -232.574, 182.472, 0.99929, 0.03653, -0.00918872, -0.0364314, 0.999279, 0.010682, 0.00957231, -0.0103396, 0.999901, 0.00283368  
81, 270.873, -232.594, 182.471, 0.99932, 0.0357212, -0.00912639, -0.0356105, 0.999294, 0.0120161, 0.00954917, -0.011683, 0.999886, 0.00400865  
82, 270.886, -232.607, 182.459, 0.999303, 0.0359063, -0.0101898, -0.0358015, 0.999306, 0.0102872, 0.0105521, -0.00991524, 0.999895, 0.00280705  
83, 270.895, -232.631, 182.467, 0.9993, 0.036169, -0.00953584, -0.0360724, 0.999298, 0.0101218, 0.00989524, -0.00977074, 0.999903, 0.00284699  
84, 270.872, -232.633, 182.478, 0.9993, 0.0368627, -0.00636691, -0.0367783, 0.99924, 0.0128988, 0.00683755, -0.0126556, 0.999897, 0.00282064  
85, 270.889, -232.617, 182.485, 0.999315, 0.036387, -0.0067025, -0.0363002, 0.999261, 0.012659, 0.00715817, -0.0124071, 0.999897, 0.00282813  
86, 270.897, -232.615, 182.467, 0.999306, 0.0364556, -0.00762764, -0.0363593, 0.999262, 0.0124038, 0.0080742, -0.0121179, 0.999894, 0.00280483  
87, 270.913, -232.629, 182.465, 0.999295, 0.0364229, -0.0090823, -0.0363313, 0.999289, 0.010055, 0.00944208, -0.00971791, 0.999908, 0.00282397  
88, 270.95, -232.577, 182.456, 0.999283, 0.0367371, -0.00910864, -0.0366446, 0.999277, 0.010125, 0.00947402, -0.00978395, 0.999907, 0.00283007  
89, 270.926, -232.567, 182.47, 0.999288, 0.0369809, -0.00744835, -0.0368921, 0.99925, 0.0117262, 0.00787641, -0.0114431, 0.999904, 0.0028298  
90, 270.939, -232.576, 182.48, 0.999337, 0.0354029, -0.0084503, -0.03531, 0.999317, 0.0109069, 0.00883067, -0.0106013, 0.999905, 0.00290247  
91, 270.973, -232.522, 182.461, 0.999295, 0.0365731, -0.0085315, -0.0364846, 0.999281, 0.0103057, 0.00890228, -0.0099872, 0.99991, 0.00288472  
92, 270.976, -232.496, 182.443, 0.999281, 0.0371135, -0.00774001, -0.0370281, 0.999255, 0.0109034, 0.00813891, -0.010609, 0.999911, 0.00286475  
93, 270.958, -232.463, 182.455, 0.999284, 0.0371644, -0.00709718, -0.0370785, 0.999242, 0.011874, 0.00753309, -0.0116023, 0.999904, 0.00284089  
94, 271.027, -232.448, 182.507, 0.999269, 0.037019, -0.00949102, -0.0369305, 0.999274, 0.00933511, 0.00982971, -0.00897779, 0.999911, 0.00304227  
95, 270.958, -232.404, 182.452, 0.999266, 0.0376511, -0.00700438, -0.0375648, 0.999221, 0.0120702, 0.00745338, -0.0117982, 0.999903, 0.00289581  
96, 270.954, -232.373, 182.469, 0.999285, 0.0372203, -0.00663937, -0.0371277, 0.999218, 0.0135642, 0.00713905, -0.013308, 0.999886, 0.0028334  
97, 271.021, -232.352, 182.492, 0.999242, 0.0382339, -0.00736084, -0.0381542, 0.999215, 0.0106798, 0.00776339, -0.0103909, 0.999916, 0.00284561  
98, 271.017, -232.317, 182.512, 0.999229, 0.0388754, -0.00554202, -0.0388035, 0.999168, 0.0125363, 0.00602477, -0.0123116, 0.999906, 0.00288527  
99, 270.995, -232.265, 182.526, 0.999319, 0.0362655, -0.00677224, -0.0361776, 0.999265, 0.0126903, 0.00722748, -0.0124366, 0.999897, 0.00287778  
100, 270.989, -232.167, 182.51, 0.999257, 0.0378296, -0.00739614, -0.0377336, 0.999207, 0.0127265, 0.00787171, -0.012438, 0.999892, 0.00280761  
101, 270.968, -232.182, 182.502, 0.999284, 0.0370576, -0.00763719, -0.0369592, 0.999237, 0.0126424, 0.00809986, -0.012351, 0.999891, 0.00287085  
102, 270.947, -232.127, 182.496, 0.999248, 0.0378869, -0.00829447, -0.0377768, 0.999201, 0.0130506, 0.00878229, -0.0127275, 0.99988, 0.00284505  
103, 270.91, -232.13, 182.485, 0.999296, 0.0365459, -0.00851438, -0.0364364, 0.999256, 0.0126791, 0.00897141, -0.0123599, 0.999883, 0.00284367  
104, 270.936, -232.066, 182.488, 0.999298, 0.0364452, -0.00865695, -0.0363236, 0.999245, 0.0138162, 0.00915394, -0.013492, 0.999867, 0.00283035  
105, 270.911, -232.031, 182.466, 0.999278, 0.0370141, -0.00862305, -0.0368898, 0.999219, 0.0141524, 0.00914015, -0.0138241, 0.999863, 0.00286669  
106, 270.911, -231.996, 182.466, 0.999253, 0.0373346, -0.0099909, -0.0372059, 0.999226, 0.0127764, 0.0104602, -0.0123951, 0.999868, 0.00287029  
107, 270.876, -231.954, 182.473, 0.999247, 0.0377621, -0.00893941, -0.037642, 0.999204, 0.0132367, 0.00943213, -0.0128902, 0.999872, 0.00286197  
108, 270.874, -231.909, 182.493, 0.999269, 0.037332, -0.00827187, -0.0372039, 0.999193, 0.0151373, 0.0088303, -0.0148185, 0.999851, 0.0029033  
109, 270.85, -231.908, 182.487, 0.999282, 0.0371447, -0.00747997, -0.037024, 0.999191, 0.0156782, 0.00805628, -0.01539, 0.999849, 0.00287612  
110, 270.855, -231.867, 182.497, 0.999294, 0.0364806, -0.00892628, -0.0363526, 0.99924, 0.0141024, 0.00943396, -0.013768, 0.999861, 0.0029291  
111, 270.835, -231.859, 182.485, 0.999274, 0.0371912, -0.00831953, -0.0370559, 0.999187, 0.0158643, 0.00890278, -0.0155445, 0.99984, 0.002842  
112, 270.82, -231.836, 182.481, 0.999267, 0.0369222, -0.0101253, -0.0367751, 0.999221, 0.0143484, 0.0106471, -0.0139655, 0.999846, 0.00276572  
113, 270.822, -231.816, 182.468, 0.999266, 0.0374746, -0.0079951, -0.0373475, 0.999182, 0.0154945, 0.00856921, -0.0151845, 0.999848, 0.00281843  
114, 270.844, -231.813, 182.493, 0.999321, 0.0360034, -0.00782902, -0.0358659, 0.999211, 0.0170521, 0.00843678, -0.0167597, 0.999824, 0.00282786  
115, 270.792, -231.83, 182.492, 0.999273, 0.0376324, -0.00606647, -0.037526, 0.999155, 0.0167872, 0.00669309, -0.0165473, 0.999841, 0.00285448  
116, 270.829, -231.804, 182.499, 0.999273, 0.0372795, -0.0080251, -0.0371458, 0.999178, 0.0162041, 0.00862259, -0.0158943, 0.999836, 0.00286031  
117, 270.858, -231.814, 182.484, 0.999283, 0.03721, -0.00705333, -0.0370941, 0.999185, 0.0159091, 0.00763956, -0.015636, 0.999849, 0.00296072  
118, 270.84, -231.819, 182.505, 0.999264, 0.0380555, -0.00472662, -0.0379689, 0.99913, 0.0172246, 0.005378, -0.0170325, 0.99984, 0.00292522  
119, 270.858, -231.827, 182.498, 0.999269, 0.0374465, -0.00769679, -0.0373231, 0.999182, 0.0155877, 0.0082742, -0.015289, 0.999849, 0.00288694  
120, 270.894, -231.844, 182.493, 0.999271, 0.0372469, -0.00836234, -0.03712, 0.9992, 0.0148482, 0.00890871, -0.014527, 0.999855, 0.00276018  
121, 270.915, -231.849, 182.499, 0.999271, 0.0373159, -0.00800187, -0.0371972, 0.999203, 0.0145092, 0.00853692, -0.014201, 0.999863, 0.00296682  
122, 270.912, -231.851, 182.48, 0.999289, 0.0367824, -0.00830454, -0.0366531, 0.999212, 0.0152174, 0.00885773, -0.0149022, 0.99985, 0.00284783  
123, 270.93, -231.894, 182.484, 0.999303, 0.0366046, -0.00735124, -0.0364932, 0.999225, 0.0147568, 0.00788571, -0.0144783, 0.999864, 0.00295795  
124, 270.961, -231.932, 182.478, 0.99924, 0.0378524, -0.00928057, -0.037732, 0.999206, 0.012822, 0.00975854, -0.0124621, 0.999875, 0.00290552  
125, 270.951, -231.979, 182.481, 0.999264, 0.0376166, -0.00755471, -0.0375082, 0.999198, 0.0140123, 0.00807575, -0.0137187, 0.999873, 0.00281177  
126, 270.956, -232.013, 182.47, 0.999276, 0.0371766, -0.00808216, -0.0370654, 0.999222, 0.0134936, 0.00857751, -0.0131843, 0.999876, 0.00276129  
127, 271.008, -232.041, 182.486, 0.999257, 0.0373859, -0.00938822, -0.0372671, 0.999227, 0.0125246, 0.0098492, -0.0121654, 0.999877, 0.00289914  
128, 271.003, -232.071, 182.489, 0.999283, 0.0367775, -0.00900959, -0.0366651, 0.999251, 0.012341, 0.00945672, -0.0120019, 0.999883, 0.00292133  
129, 271.009, -232.09, 182.521, 0.999263, 0.0375372, -0.00798148, -0.0374254, 0.999205, 0.0137232, 0.00849027, -0.0134144, 0.999874, 0.00277432  
130, 271.004, -232.119, 182.495, 0.999215, 0.0386953, -0.00847736, -0.0385889, 0.999179, 0.0123731, 0.00894917, -0.0120363, 0.999888, 0.00290053  
131, 270.994, -232.173, 182.48, 0.999261, 0.0375725, -0.00816607, -0.037471, 0.999223, 0.0122428, 0.00861972, -0.0119278, 0.999892, 0.00313325  
132, 270.983, -232.214, 182.519, 0.999266, 0.0374753, -0.00798938, -0.0373729, 0.999222, 0.0126015, 0.00845541, -0.0122936, 0.999889, 0.00291551  
133, 270.977, -232.277, 182.53, 0.999301, 0.0367782, -0.00667277, -0.036694, 0.99925, 0.0123342, 0.0071214, -0.0120808, 0.999902, 0.00296266  
134, 271.016, -232.29, 182.496, 0.999274, 0.0368345, -0.00973851, -0.0367273, 0.999265, 0.0109647, 0.0101352, -0.010599, 0.999892, 0.00279818  
135, 270.882, -232.309, 182.456, 0.99928, 0.0374124, -0.00631695, -0.037321, 0.999205, 0.0140113, 0.00683613, -0.0137655, 0.999882, 0.00292383  
136, 270.962, -232.393, 182.509, 0.999287, 0.037285, -0.0059281, -0.0372065, 0.999225, 0.0128438, 0.00640238, -0.0126141, 0.9999, 0.00289387  
137, 270.94, -232.41, 182.511, 0.999276, 0.0373363, -0.00733051, -0.0372535, 0.999244, 0.0111265, 0.00774039, -0.0108454, 0.999911, 0.00281787  
138, 270.88, -232.403, 182.449, 0.999273, 0.0368404, -0.00985645, -0.0367385, 0.999272, 0.0103222, 0.0102295, -0.00995254, 0.999898, 0.00280067  
139, 270.887, -232.428, 182.468, 0.999254, 0.0373485, -0.00983012, -0.0372464, 0.999252, 0.0103712, 0.0102101, -0.00999733, 0.999898, 0.00279346  
140, 270.851, -232.465, 182.478, 0.999259, 0.0377615, -0.007505, -0.0376684, 0.999216, 0.0121809, 0.00795909, -0.0118892, 0.999898, 0.0028273  
141, 270.902, -232.483, 182.486, 0.999293, 0.0365755, -0.00875166, -0.0364625, 0.999254, 0.0127438, 0.00921124, -0.0124157, 0.99988, 0.00298846  
142, 270.84, -232.498, 182.507, 0.999276, 0.0371525, -0.00813505, -0.0370561, 0.999245, 0.01169, 0.00856322, -0.0113801, 0.999899, 0.00304782  
143, 270.867, -232.528, 182.476, 0.999286, 0.0365634, -0.00951139, -0.0364596, 0.999276, 0.0108664, 0.00990181, -0.0105119, 0.999896, 0.00290802  
144, 270.856, -232.529, 182.511, 0.999284, 0.0372217, -0.00679809, -0.0371313, 0.999226, 0.0129805, 0.00727599, -0.0127188, 0.999893, 0.00279485  
145, 270.86, -232.556, 182.468, 0.999292, 0.0364089, -0.00948077, -0.0363008, 0.999277, 0.0113296, 0.00988642, -0.0109774, 0.999891, 0.00293243  
146, 270.841, -232.555, 182.467, 0.999311, 0.036223, -0.00811843, -0.036117, 0.999265, 0.012835, 0.00857739, -0.0125329, 0.999885, 0.00291412  
147, 270.874, -232.54, 182.457, 0.999303, 0.0360968, -0.00956086, -0.0359991, 0.9993, 0.0102072, 0.00992261, -0.00985586, 0.999902, 0.00299123  
148, 270.893, -232.551, 182.469, 0.999297, 0.036188, -0.00981676, -0.0360778, 0.999286, 0.0111785, 0.0102143, -0.0108165, 0.999889, 0.00287085  
149, 270.882, -232.528, 182.466, 0.999294, 0.0364449, -0.00915039, -0.0363328, 0.999266, 0.0121379, 0.00958604, -0.0117969, 0.999884, 0.00282897  
150, 270.851, -232.506, 182.497, 0.999314, 0.0360526, -0.00843234, -0.0359467, 0.999277, 0.0123922, 0.00887301, -0.0120806, 0.999888, 0.00282037  
151, 270.867, -232.521, 182.443, 0.99928, 0.0370662, -0.00810378, -0.0369729, 0.999251, 0.0113787, 0.00851947, -0.0110709, 0.999902, 0.0029732  
152, 270.864, -232.471, 182.506, 0.99929, 0.0369988, -0.00713503, -0.0369051, 0.999236, 0.012845, 0.00760483, -0.0125725, 0.999892, 0.00293326  
153, 270.891, -232.442, 182.485, 0.999279, 0.0370795, -0.00821682, -0.0369852, 0.999251, 0.0113454, 0.00863135, -0.0110334, 0.999902, 0.00294546  
154, 270.883, -232.429, 182.473, 0.999252, 0.0380754, -0.00677977, -0.0379877, 0.999198, 0.0126278, 0.00725515, -0.0123608, 0.999897, 0.00278708  
155, 270.894, -232.436, 182.46, 0.999271, 0.0378133, -0.00529576, -0.0377394, 0.999197, 0.013423, 0.00579907, -0.0132134, 0.999896, 0.00297847  
156, 270.933, -232.369, 182.451, 0.999274, 0.0369266, -0.00932871, -0.0368162, 0.999253, 0.0117426, 0.00975535, -0.0113906, 0.999888, 0.00301176  
157, 270.994, -232.39, 182.515, 0.999271, 0.0373283, -0.00799269, -0.0372374, 0.999243, 0.0112294, 0.00840581, -0.0109236, 0.999905, 0.00305669  
158, 270.988, -232.353, 182.51, 0.99926, 0.0375474, -0.00834534, -0.0374523, 0.999235, 0.0112758, 0.00876233, -0.0109549, 0.999902, 0.00280345  
159, 270.933, -232.277, 182.471, 0.999301, 0.0364519, -0.00823496, -0.0363437, 0.999256, 0.0129175, 0.0086997, -0.0126092, 0.999883, 0.00280816  
160, 271.02, -232.284, 182.52, 0.999277, 0.0369362, -0.00895885, -0.0368328, 0.999256, 0.0114419, 0.0093748, -0.0111036, 0.999894, 0.00298707  
161, 271.011, -232.239, 182.52, 0.999291, 0.0366198, -0.00872241, -0.0365238, 0.999273, 0.0109215, 0.00911601, -0.0105952, 0.999902, 0.00280511  
162, 270.993, -232.199, 182.549, 0.999284, 0.0371204, -0.00727016, -0.0370188, 0.999221, 0.0136469, 0.00777108, -0.013368, 0.99988, 0.00292993  
163, 271.026, -232.18, 182.543, 0.999275, 0.0367178, -0.0100841, -0.036598, 0.99926, 0.0118191, 0.0105107, -0.0114415, 0.999879, 0.00295822  
164, 270.984, -232.155, 182.505, 0.999282, 0.0366722, -0.00952421, -0.0365607, 0.999264, 0.0116277, 0.00994361, -0.0112711, 0.999887, 0.00280788  
165, 270.967, -232.115, 182.495, 0.999249, 0.0379676, -0.00773838, -0.0378629, 0.999195, 0.013263, 0.00823572, -0.01296, 0.999882, 0.00279901  
166, 270.941, -232.092, 182.499, 0.999263, 0.0376467, -0.00748127, -0.0375438, 0.999204, 0.0134532, 0.00798179, -0.0131624, 0.999882, 0.00282203  
167, 270.961, -232.056, 182.475, 0.999249, 0.037986, -0.0076428, -0.037884, 0.999197, 0.0130651, 0.00813295, -0.0127657, 0.999885, 0.00300427  
168, 270.933, -232.03, 182.494, 0.999273, 0.0371653, -0.00855107, -0.0370499, 0.999225, 0.0132773, 0.0090379, -0.0129508, 0.999875, 0.00281343  
169, 270.929, -232, 182.504, 0.99929, 0.0367917, -0.00816748, -0.0366743, 0.999228, 0.0140891, 0.00867954, -0.0137796, 0.999867, 0.00277765  
170, 270.924, -231.98, 182.483, 0.999286, 0.0366841, -0.00902785, -0.0365612, 0.999241, 0.0134157, 0.00951314, -0.013076, 0.999869, 0.00313741  
171, 270.941, -231.929, 182.497, 0.999262, 0.0370788, -0.00998569, -0.0369433, 0.999227, 0.0134281, 0.0104759, -0.0130493, 0.99986, 0.0028334  
172, 270.872, -231.934, 182.474, 0.999262, 0.0374049, -0.00878054, -0.0372896, 0.999221, 0.0129517, 0.00925815, -0.0126147, 0.999878, 0.0028101  
173, 270.856, -231.909, 182.504, 0.999266, 0.0379786, -0.00509542, -0.0378886, 0.999142, 0.016725, 0.00572624, -0.0165197, 0.999847, 0.00283146  
174, 270.873, -231.927, 182.507, 0.999275, 0.037162, -0.00831141, -0.0370389, 0.999208, 0.0145091, 0.00884402, -0.0141907, 0.99986, 0.00291856  
175, 270.888, -231.898, 182.514, 0.999278, 0.0372001, -0.00767459, -0.0370779, 0.999192, 0.0154908, 0.00824465, -0.0151951, 0.999851, 0.00280178  
176, 270.854, -231.877, 182.473, 0.999279, 0.0370214, -0.0083641, -0.0368961, 0.999211, 0.0146736, 0.00890074, -0.0143544, 0.999857, 0.00280206  
177, 270.843, -231.894, 182.467, 0.999245, 0.0378142, -0.00893151, -0.0376958, 0.999204, 0.0130657, 0.00941847, -0.0127192, 0.999875, 0.00279041  
178, 270.867, -231.862, 182.477, 0.999258, 0.037562, -0.00853194, -0.0374381, 0.999197, 0.0142477, 0.00906027, -0.0139177, 0.999862, 0.00283673  
179, 270.866, -231.885, 182.489, 0.999275, 0.037184, -0.0081543, -0.0370542, 0.999193, 0.0155339, 0.00872533, -0.0152205, 0.999846, 0.00281066  
180, 270.863, -231.895, 182.475, 0.999262, 0.0377345, -0.00715735, -0.0376163, 0.999164, 0.0159945, 0.00775491, -0.0157135, 0.999846, 0.00285171  
181, 270.882, -231.872, 182.482, 0.999278, 0.0371546, -0.00794972, -0.0370296, 0.999197, 0.0153314, 0.00851296, -0.015026, 0.999851, 0.002804  
182, 270.889, -231.931, 182.489, 0.999294, 0.0367483, -0.00786286, -0.036622, 0.999207, 0.015643, 0.00843148, -0.015344, 0.999847, 0.00278459  
183, 270.895, -231.914, 182.444, 0.999248, 0.0377737, -0.00874343, -0.0376595, 0.999208, 0.0128708, 0.00922268, -0.0125318, 0.999879, 0.00286863  
184, 270.886, -231.927, 182.47, 0.999262, 0.0376262, -0.00769023, -0.0375185, 0.999202, 0.0136951, 0.00819939, -0.0133964, 0.999877, 0.00293021  
185, 270.936, -231.964, 182.462, 0.999255, 0.0377932, -0.00777503, -0.0376867, 0.9992, 0.0134104, 0.00827563, -0.0131074, 0.99988, 0.0028298  
186, 270.978, -231.975, 182.484, 0.999263, 0.037083, -0.00994211, -0.0369428, 0.99922, 0.0139314, 0.010451, -0.0135538, 0.999854, 0.00290608  
187, 270.956, -231.98, 182.5, 0.999271, 0.036991, -0.00947931, -0.0368716, 0.999242, 0.0124743, 0.00993356, -0.0121157, 0.999877, 0.00284256  
188, 270.964, -232.035, 182.487, 0.999293, 0.0365079, -0.00895803, -0.0363946, 0.999259, 0.0124969, 0.00940763, -0.012162, 0.999882, 0.00288139  
189, 270.974, -232.049, 182.479, 0.999235, 0.0378982, -0.00961402, -0.0377811, 0.999213, 0.0120858, 0.0100645, -0.0117133, 0.999881, 0.00285199  
190, 270.967, -232.111, 182.489, 0.999281, 0.0369201, -0.00859408, -0.0368073, 0.999239, 0.012933, 0.00906502, -0.0126073, 0.999879, 0.00283451  
191, 270.998, -232.125, 182.485, 0.999267, 0.0369768, -0.00993708, -0.0368612, 0.999253, 0.0115717, 0.0103575, -0.0111969, 0.999884, 0.00289193  
192, 270.945, -232.141, 182.46, 0.999249, 0.0382178, -0.00636602, -0.0381283, 0.99918, 0.0136334, 0.00688183, -0.0133804, 0.999887, 0.00292549  
193, 270.998, -232.174, 182.484, 0.999277, 0.0371247, -0.00825435, -0.0370212, 0.999238, 0.0123507, 0.00870658, -0.0120361, 0.99989, 0.00288777  
194, 271, -232.189, 182.475, 0.99924, 0.0377727, -0.00964199, -0.0376692, 0.999233, 0.0107001, 0.0100388, -0.0103287, 0.999896, 0.00288916  
195, 270.978, -232.235, 182.502, 0.999259, 0.0376695, -0.0079392, -0.0375726, 0.999222, 0.012024, 0.00838595, -0.0117168, 0.999896, 0.00286253  
196, 270.971, -232.276, 182.489, 0.999254, 0.0382111, -0.00552707, -0.0381366, 0.999188, 0.0130063, 0.00601956, -0.0127858, 0.9999, 0.00286225  
197, 271.001, -232.319, 182.5, 0.99926, 0.0376475, -0.00783769, -0.0375574, 0.99923, 0.0113322, 0.00825828, -0.0110294, 0.999905, 0.0027979  
198, 271.004, -232.333, 182.495, 0.999301, 0.0363711, -0.00869777, -0.0362759, 0.999283, 0.0108647, 0.00908669, -0.0105416, 0.999903, 0.0028997  
199, 270.978, -232.383, 182.495, 0.999256, 0.0374996, -0.00903594, -0.0374081, 0.999249, 0.0100824, 0.00940724, -0.00973684, 0.999908, 0.00289054  
200, 270.887, -232.351, 182.442, 0.999285, 0.0370908, -0.00735392, -0.0369961, 0.999236, 0.0126198, 0.00781638, -0.0123387, 0.999893, 0.00281843  
201, 270.978, -232.404, 182.492, 0.999278, 0.0370789, -0.00828744, -0.0369899, 0.999259, 0.0106473, 0.00867609, -0.0103331, 0.999909, 0.00285643  
202, 270.878, -232.413, 182.469, 0.999295, 0.0369009, -0.00694172, -0.0368103, 0.999241, 0.0127542, 0.00740709, -0.0124897, 0.999895, 0.0028101  
203, 270.878, -232.391, 182.461, 0.999293, 0.0367101, -0.00817115, -0.0366083, 0.999254, 0.0122769, 0.00861575, -0.0119691, 0.999891, 0.00290996  
204, 270.883, -232.435, 182.467, 0.999281, 0.0373032, -0.00681804, -0.0372163, 0.99923, 0.0124593, 0.00727756, -0.0121966, 0.999899, 0.00284228  
205, 270.885, -232.434, 182.475, 0.999276, 0.0371866, -0.0080932, -0.0370846, 0.999235, 0.0124037, 0.00854826, -0.0120946, 0.99989, 0.00281704  
206, 270.843, -232.461, 182.467, 0.999274, 0.0377699, -0.0050393, -0.037696, 0.999191, 0.0140273, 0.00556503, -0.0138271, 0.999889, 0.00290053  
207, 270.799, -232.487, 182.451, 0.999299, 0.0367979, -0.00685625, -0.0367114, 0.99925, 0.0123383, 0.00730512, -0.0120779, 0.9999, 0.00280927  
208, 270.827, -232.447, 182.459, 0.99928, 0.0376015, -0.00500741, -0.037524, 0.999187, 0.0147638, 0.00555847, -0.0145652, 0.999878, 0.0028911  
209, 270.849, -232.454, 182.493, 0.999274, 0.0375451, -0.00643497, -0.0374595, 0.999214, 0.0129351, 0.00691556, -0.0126846, 0.999896, 0.00280567  
210, 270.865, -232.463, 182.46, 0.999274, 0.0367812, -0.00991894, -0.036676, 0.999271, 0.0105898, 0.0103012, -0.0102183, 0.999895, 0.00282924  
211, 270.911, -232.487, 182.537, 0.999307, 0.036376, -0.00791547, -0.036284, 0.999276, 0.011475, 0.00832715, -0.0111799, 0.999903, 0.00288971  
212, 270.855, -232.444, 182.488, 0.999297, 0.0369971, -0.00599095, -0.0369112, 0.999222, 0.0138562, 0.00649894, -0.0136254, 0.999886, 0.00288777  
213, 270.833, -232.413, 182.465, 0.999321, 0.0363905, -0.00570141, -0.0363033, 0.999232, 0.0147254, 0.00623289, -0.0145084, 0.999875, 0.00287362  
214, 270.832, -232.399, 182.458, 0.999286, 0.0369629, -0.00776221, -0.0368609, 0.999237, 0.0128959, 0.00823296, -0.0126006, 0.999887, 0.00280095  
215, 270.838, -232.39, 182.442, 0.99928, 0.0373328, -0.00678524, -0.0372379, 0.999214, 0.013621, 0.00728842, -0.0133585, 0.999884, 0.0027979  
216, 270.826, -232.355, 182.464, 0.999268, 0.0376605, -0.00669569, -0.0375694, 0.999206, 0.0132472, 0.00718927, -0.0129859, 0.99989, 0.00292882  
217, 270.843, -232.312, 182.469, 0.999305, 0.0367699, -0.00615395, -0.0366796, 0.999226, 0.0141969, 0.00667121, -0.0139613, 0.99988, 0.00454149  
218, 270.859, -232.283, 182.463, 0.999289, 0.0370969, -0.00668253, -0.0370019, 0.999219, 0.01383, 0.00719036, -0.0135729, 0.999882, 0.0030259  
219, 270.953, -232.31, 182.493, 0.999262, 0.0376898, -0.00736338, -0.0376072, 0.999231, 0.0110527, 0.00777429, -0.0107676, 0.999912, 0.00280539  
220, 270.946, -232.307, 182.52, 0.99929, 0.0372649, -0.0056129, -0.0371885, 0.999222, 0.0131573, 0.00609883, -0.0129392, 0.999898, 0.00299123  
221, 270.975, -232.279, 182.521, 0.999296, 0.0365451, -0.0084502, -0.0364424, 0.999264, 0.01201, 0.00888288, -0.0116936, 0.999892, 0.00294879  
222, 270.956, -232.241, 182.506, 0.999253, 0.0378756, -0.00764883, -0.0377848, 0.999218, 0.0116887, 0.00808556, -0.011391, 0.999902, 0.00294075  
223, 270.983, -232.199, 182.516, 0.99931, 0.0362338, -0.00813117, -0.0361227, 0.999257, 0.0134209, 0.00861142, -0.0131179, 0.999877, 0.00290802  
224, 270.976, -232.187, 182.482, 0.999271, 0.0367998, -0.0101835, -0.0366825, 0.999261, 0.0114753, 0.0105983, -0.0110934, 0.999882, 0.00280123  
225, 270.969, -232.139, 182.515, 0.999271, 0.0370938, -0.0090036, -0.0369785, 0.999236, 0.0126452, 0.00946578, -0.012303, 0.99988, 0.00281232  
226, 270.999, -232.122, 182.499, 0.99928, 0.036212, -0.0113189, -0.0360861, 0.999287, 0.0111388, 0.0117142, -0.0107224, 0.999874, 0.00298374  
227, 270.994, -232.084, 182.484, 0.999245, 0.0377675, -0.00907458, -0.0376468, 0.999205, 0.0131195, 0.00956285, -0.0127679, 0.999873, 0.00290552  
228, 270.99, -232.074, 182.487, 0.999232, 0.038062, -0.00933959, -0.0379515, 0.999211, 0.0117361, 0.00977892, -0.0113727, 0.999888, 0.00293298  
229, 271.007, -232.05, 182.494, 0.999255, 0.0373129, -0.00989142, -0.0371952, 0.999238, 0.0118248, 0.0103251, -0.0114481, 0.999881, 0.00280234  
230, 270.971, -232.051, 182.5, 0.999271, 0.0374989, -0.00713219, -0.0373934, 0.999197, 0.0143861, 0.00766592, -0.0141089, 0.999871, 0.0029119  
231, 270.963, -232.011, 182.484, 0.999244, 0.0380399, -0.00805718, -0.0379196, 0.999174, 0.0145847, 0.00860533, -0.0142681, 0.999861, 0.00297958  
232, 270.962, -231.983, 182.486, 0.999279, 0.0368243, -0.00929366, -0.0367043, 0.999245, 0.012765, 0.0097567, -0.0124146, 0.999875, 0.00293936  
233, 270.951, -231.991, 182.499, 0.999271, 0.0371627, -0.0087464, -0.0370391, 0.999217, 0.0138991, 0.00925609, -0.013565, 0.999865, 0.00287279  
234, 270.948, -231.961, 182.487, 0.999262, 0.0374956, -0.00829026, -0.0373794, 0.999206, 0.0137568, 0.0087995, -0.0134368, 0.999871, 0.00280317  
235, 270.921, -231.967, 182.474, 0.999239, 0.0378601, -0.0093875, -0.0377387, 0.999206, 0.0127955, 0.00986449, -0.0124315, 0.999874, 0.00280289  
236, 270.93, -231.955, 182.496, 0.999283, 0.0365489, -0.00989639, -0.0364297, 0.999265, 0.0119628, 0.0103263, -0.0115937, 0.999879, 0.00304893  
237, 270.899, -231.979, 182.489, 0.999271, 0.0373794, -0.00781047, -0.0372681, 0.999208, 0.0139472, 0.00832562, -0.0136459, 0.999872, 0.00296849  
238, 270.904, -231.946, 182.48, 0.999271, 0.037309, -0.00810855, -0.0371883, 0.999202, 0.014561, 0.00864534, -0.0142488, 0.999861, 0.00297043  
239, 270.899, -231.983, 182.471, 0.999289, 0.0368073, -0.0081665, -0.0366851, 0.99922, 0.0146402, 0.008699, -0.0143302, 0.999859, 0.00279263  
240, 270.901, -231.974, 182.455, 0.99926, 0.0374289, -0.00890145, -0.0373135, 0.999222, 0.0127933, 0.00937336, -0.0124517, 0.999879, 0.002804  
241, 270.903, -231.967, 182.479, 0.999248, 0.0373358, -0.0104347, -0.0372, 0.999224, 0.0129106, 0.0109087, -0.0125128, 0.999862, 0.00300288  
242, 270.91, -231.98, 182.468, 0.999269, 0.0372348, -0.00864112, -0.0371062, 0.999205, 0.0145906, 0.00917753, -0.0142593, 0.999856, 0.00273577  
243, 270.891, -231.993, 182.486, 0.999283, 0.0368343, -0.00874454, -0.0367106, 0.999229, 0.0139127, 0.00925026, -0.0135817, 0.999865, 0.00290164  
244, 270.923, -231.986, 182.47, 0.999264, 0.0375007, -0.00810779, -0.037383, 0.9992, 0.0142145, 0.00863435, -0.0139009, 0.999866, 0.0028065  
245, 270.888, -232.001, 182.485, 0.999275, 0.0373489, -0.00737355, -0.0372374, 0.999198, 0.0147199, 0.00791741, -0.0144347, 0.999864, 0.00280095  
246, 270.905, -232.028, 182.496, 0.99927, 0.0372332, -0.00855713, -0.0371212, 0.999228, 0.0129001, 0.00903083, -0.012573, 0.99988, 0.00304144  
247, 270.921, -232.025, 182.49, 0.999249, 0.037441, -0.00995643, -0.037318, 0.999228, 0.0122601, 0.0104078, -0.0118793, 0.999875, 0.00290053  
248, 270.898, -232.073, 182.482, 0.99926, 0.0376645, -0.00782936, -0.0375476, 0.999189, 0.0145762, 0.00837202, -0.0142715, 0.999863, 0.00318983  
249, 270.952, -232.059, 182.492, 0.999286, 0.0366781, -0.00907155, -0.036549, 0.999234, 0.0140046, 0.00957826, -0.013663, 0.999861, 0.00282175  
250, 270.96, -232.083, 182.465, 0.999265, 0.0370581, -0.00984377, -0.036941, 0.999247, 0.0118269, 0.0102746, -0.0114545, 0.999882, 0.00307306  
251, 270.93, -232.09, 182.484, 0.999265, 0.03739, -0.00847963, -0.0372748, 0.999216, 0.0133597, 0.0089725, -0.0130338, 0.999875, 0.00308914  
252, 270.943, -232.07, 182.46, 0.999263, 0.0371863, -0.00949037, -0.0370644, 0.999232, 0.012712, 0.00995579, -0.0123508, 0.999874, 0.00296932  
253, 270.962, -232.207, 182.506, 0.999248, 0.037865, -0.0083051, -0.0377738, 0.999227, 0.0108752, 0.00871047, -0.0105533, 0.999906, 0.00281898  
254, 270.945, -232.371, 182.472, 0.999319, 0.0360114, -0.00805012, -0.0359545, 0.999328, 0.00710687, 0.00830064, -0.0068126, 0.999942, 0.00299789  
255, 270.978, -232.57, 182.464, 0.999284, 0.0371773, -0.00701525, -0.0371586, 0.999306, 0.00277684, 0.00711362, -0.00251418, 0.999972, 0.00302341  
256, 270.99, -232.774, 182.478, 0.999263, 0.0373892, -0.0086377, -0.0374306, 0.999288, -0.00468111, 0.00845653, 0.00500098, 0.999952, 0.00286114  
257, 271.052, -233.099, 182.503, 0.999301, 0.035727, -0.010961, -0.0358673, 0.999273, -0.0128861, 0.0104926, 0.0132702, 0.999857, 0.00287224  
258, 270.985, -233.356, 182.564, 0.999289, 0.036805, -0.00812985, -0.0369629, 0.999112, -0.0202069, 0.00737891, 0.0204931, 0.999763, 0.00298208  
259, 271.018, -233.643, 182.549, 0.999207, 0.0382185, -0.0112107, -0.0385481, 0.998781, -0.0308255, 0.0100189, 0.0312332, 0.999462, 0.00283174  
260, 271.074, -233.819, 182.632, 0.999257, 0.0367509, -0.011606, -0.0371626, 0.998605, -0.0375067, 0.0102114, 0.0379101, 0.999229, 0.00285864  
261, 271.08, -234.187, 182.623, 0.999204, 0.0380675, -0.0118866, -0.0386213, 0.997978, -0.0504782, 0.00994097, 0.0508971, 0.998654, 0.00279623  
262, 271.109, -234.534, 182.632, 0.999213, 0.0376049, -0.0126583, -0.0383207, 0.997336, -0.0620745, 0.0102902, 0.0625107, 0.997991, 0.00279318  
263, 271.048, -234.723, 182.586, 0.999203, 0.0375909, -0.0134075, -0.0384551, 0.996706, -0.0714023, 0.0106793, 0.071861, 0.997357, 0.00301647  
264, 271.058, -234.873, 182.568, 0.999126, 0.0384581, -0.0163624, -0.0396663, 0.995894, -0.0813724, 0.0131658, 0.0819503, 0.996549, 0.00280705  
265, 271.036, -235.365, 182.559, 0.999164, 0.0379855, -0.0150881, -0.039259, 0.994631, -0.0957515, 0.0113699, 0.0962638, 0.995291, 0.00278847  
266, 271.057, -235.322, 182.544, 0.999064, 0.0391015, -0.0184936, -0.0408453, 0.99354, -0.105881, 0.014234, 0.106537, 0.994207, 0.00294796  
267, 271.077, -235.651, 182.542, 0.999026, 0.0398193, -0.0190085, -0.0418408, 0.991698, -0.121591, 0.014009, 0.122268, 0.992398, 0.00276101  
268, 270.992, -235.878, 182.573, 0.999033, 0.0404662, -0.0171736, -0.0423927, 0.990237, -0.132791, 0.0116324, 0.133391, 0.990995, 0.00307694  
269, 271.079, -235.833, 182.586, 0.999032, 0.040575, -0.016994, -0.0425621, 0.989192, -0.140312, 0.0111172, 0.140899, 0.989962, 0.00282924  
270, 270.999, -236.053, 182.542, 0.999047, 0.0383841, -0.0207909, -0.0411665, 0.98687, -0.156184, 0.0145229, 0.156891, 0.987509, 0.00283479  
271, 270.974, -235.929, 182.539, 0.998998, 0.0401695, -0.0197229, -0.0428643, 0.985546, -0.163898, 0.0128541, 0.164579, 0.98628, 0.00281066  
272, 270.979, -235.955, 182.502, 0.99895, 0.0401173, -0.0221147, -0.0433987, 0.983333, -0.176555, 0.0146632, 0.17733, 0.984042, 0.00282841  
273, 270.867, -235.943, 182.471, 0.998983, 0.038513, -0.0234346, -0.0422792, 0.980785, -0.190455, 0.0156493, 0.191252, 0.981416, 0.00276545  
274, 270.844, -235.709, 182.434, 0.998856, 0.0409308, -0.0247134, -0.0450536, 0.978785, -0.199877, 0.016008, 0.200762, 0.979509, 0.00278237  
275, 270.812, -235.538, 182.338, 0.998841, 0.0401241, -0.0265987, -0.0448463, 0.976427, -0.211138, 0.0175, 0.212086, 0.977094, 0.00280927  
276, 270.747, -235.208, 182.326, 0.998841, 0.0407209, -0.025666, -0.045374, 0.974517, -0.219675, 0.0160666, 0.220585, 0.975235, 0.00283812  
