0, 0, 0, 0, 0, 0, 0, 0, 0, 0, 0, 0, 0, 0.0030639  
1, 0, 0, 0, 0, 0, 0, 0, 0, 0, 0, 0, 0, 0.00275158  
2, 261.39, -204.775, 182.266, 0.999987, 0.00503144, -0.000771128, -0.00503157, 0.999987, -0.000176587, 0.00077023, 0.000180465, 1, 0.00295906  
3, 261.354, -204.749, 182.272, 0.999986, 0.00501292, -0.00151295, -0.00501461, 0.999987, -0.00111592, 0.00150733, 0.00112349, 0.999998, 0.0029083  
4, 261.495, -204.831, 182.305, 0.999988, 0.00429377, -0.00249722, -0.00429965, 0.999988, -0.00235194, 0.00248709, 0.00236265, 0.999994, 0.00287973  
5, 261.398, -204.808, 182.242, 0.999985, 0.00534686, -0.00141727, -0.00534994, 0.999983, -0.00218419, 0.00140556, 0.00219174, 0.999997, 0.00285393  
6, 261.313, -204.77, 182.256, 0.999989, 0.00474537, -0.000276254, -0.00474596, 0.999986, -0.00220235, 0.000265799, 0.00220363, 0.999998, 0.00294463  
7, 261.372, -204.769, 182.237, 0.999981, 0.00583938, -0.00214739, -0.00584207, 0.999982, -0.00124679, 0.00214007, 0.00125931, 0.999997, 0.00291523  
8, 261.395, -204.778, 182.263, 0.999983, 0.0055708, -0.00192064, -0.00557389, 0.999983, -0.00160602, 0.00191166, 0.0016167, 0.999997, 0.00283479  
9, 261.389, -204.734, 182.27, 0.999985, 0.0046558, -0.00285639, -0.00466009, 0.999988, -0.00149615, 0.00284939, 0.00150944, 0.999995, 0.00286281  
10, 261.403, -204.761, 182.304, 0.999985, 0.00455387, -0.00296003, -0.0045563, 0.999989, -0.000812608, 0.00295629, 0.000826083, 0.999995, 0.00285698  
11, 261.375, -204.789, 182.288, 0.999988, 0.00471822, -0.00143044, -0.00471853, 0.999989, -0.000206873, 0.00142944, 0.00021362, 0.999999, 0.00293381  
12, 261.399, -204.735, 182.294, 0.999986, 0.00456927, -0.00259483, -0.00457242, 0.999989, -0.00121239, 0.00258926, 0.00122424, 0.999996, 0.00303811  
13, 261.33, -204.756, 182.276, 0.999985, 0.00531803, -0.00114393, -0.00531914, 0.999985, -0.00097094, 0.00113875, 0.000977011, 0.999999, 0.00292716  
14, 261.403, -204.737, 182.279, 0.999984, 0.005442, -0.00120952, -0.00544231, 0.999985, -0.000252841, 0.00120812, 0.00025942, 0.999999, 0.00299567  
15, 261.472, -204.667, 182.232, 0.999976, 0.00560391, -0.00411747, -0.00560946, 0.999983, -0.0013395, 0.0041099, 0.00136256, 0.999991, 0.00287612  
16, 261.384, -204.742, 182.296, 0.999987, 0.00466911, -0.00225158, -0.00467446, 0.999986, -0.00237896, 0.00224044, 0.00238945, 0.999995, 0.0028187  
17, 261.457, -204.693, 182.211, 0.999976, 0.0062438, -0.00309518, -0.00624371, 0.999981, 3.70141e-005, 0.00309535, -1.76878e-005, 0.999995, 0.00305309  
18, 261.405, -204.793, 182.288, 0.999988, 0.00432668, -0.00237129, -0.00433006, 0.99999, -0.00142057, 0.00236512, 0.00143082, 0.999996, 0.00284339  
19, 261.414, -204.773, 182.289, 0.999982, 0.00548586, -0.0025955, -0.00548895, 0.999984, -0.00118578, 0.00258895, 0.00120001, 0.999996, 0.00295101  
20, 261.495, -204.794, 182.298, 0.999984, 0.00518249, -0.0023935, -0.00518631, 0.999985, -0.00159542, 0.00238519, 0.0016078, 0.999996, 0.00283951  
21, 261.427, -204.755, 182.296, 0.999984, 0.00546448, -0.00108825, -0.00546606, 0.999984, -0.00145297, 0.00108029, 0.0014589, 0.999998, 0.00296654  
22, 261.394, -204.713, 182.275, 0.99998, 0.00586963, -0.00246676, -0.00587129, 0.999983, -0.00066884, 0.00246279, 0.000683309, 0.999997, 0.00302618  
23, 261.422, -204.78, 182.285, 0.999984, 0.00525189, -0.00186342, -0.00525263, 0.999986, -0.000392084, 0.00186133, 0.000401866, 0.999998, 0.00288749  
24, 261.48, -204.713, 182.259, 0.999975, 0.00654475, -0.0027968, -0.00654641, 0.999978, -0.000587307, 0.0027929, 0.000605601, 0.999996, 0.00301009  
25, 261.372, -204.782, 182.306, 0.999992, 0.00403364, 0.00050503, -0.00403343, 0.999992, -0.000421095, -0.000506725, 0.000419054, 1, 0.00300482  
26, 261.383, -204.758, 182.261, 0.999985, 0.00539312, -0.000966618, -0.0053935, 0.999985, -0.000392744, 0.000964486, 0.000397951, 0.999999, 0.00292494  
27, 261.398, -204.769, 182.296, 0.999987, 0.00475836, -0.00190636, -0.00475918, 0.999989, -0.000428682, 0.0019043, 0.000437749, 0.999998, 0.00286281  
28, 261.385, -204.771, 182.288, 0.999985, 0.00520668, -0.00158547, -0.00520711, 0.999986, -0.000268927, 0.00158405, 0.000277179, 0.999999, 0.00290136  
29, 261.478, -204.797, 182.294, 0.99998, 0.00538878, -0.00325431, -0.00539261, 0.999985, -0.00117034, 0.00324796, 0.00118787, 0.999994, 0.00295822  
30, 261.405, -204.715, 182.257, 0.999983, 0.00487505, -0.00309132, -0.00487757, 0.999988, -0.000809485, 0.00308734, 0.000824549, 0.999995, 0.00297126  
31, 261.463, -204.736, 182.26, 0.999985, 0.00489719, -0.00248139, -0.00489862, 0.999988, -0.000568942, 0.00247857, 0.000581089, 0.999997, 0.00288694  
32, 261.406, -204.748, 182.326, 0.999987, 0.00404558, -0.0032187, -0.00404997, 0.999991, -0.00136098, 0.00321317, 0.001374, 0.999994, 0.00292327  
33, 261.388, -204.749, 182.314, 0.999985, 0.00537964, -0.000474428, -0.00537937, 0.999985, 0.000572376, 0.000477501, -0.000569816, 1, 0.00308942  
34, 261.38, -204.755, 182.301, 0.999984, 0.00555899, -0.000618208, -0.00555863, 0.999984, 0.000579345, 0.000621418, -0.0005759, 1, 0.00302563  
35, 261.417, -204.769, 182.289, 0.999984, 0.00496585, -0.00265074, -0.00496707, 0.999988, -0.000454209, 0.00264845, 0.000467368, 0.999996, 0.00296349  
36, 261.403, -204.776, 182.255, 0.999985, 0.0052573, -0.00158305, -0.00525617, 0.999986, 0.000714667, 0.00158679, -0.000706336, 0.999998, 0.00310385  
37, 261.489, -204.797, 182.311, 0.999984, 0.0053659, -0.00184186, -0.00536678, 0.999985, -0.000472224, 0.0018393, 0.000482101, 0.999998, 0.00307916  
38, 261.411, -204.778, 182.285, 0.999985, 0.0052404, -0.0017874, -0.00524123, 0.999986, -0.000459845, 0.00178496, 0.000469206, 0.999998, 0.0029291  
39, 261.38, -204.745, 182.285, 0.999986, 0.0048237, -0.00213886, -0.00482538, 0.999988, -0.000779678, 0.00213508, 0.000789988, 0.999997, 0.00303173  
40, 261.414, -204.764, 182.29, 0.999985, 0.00500362, -0.00226474, -0.00500597, 0.999987, -0.0010305, 0.00225956, 0.00104182, 0.999997, 0.00294546  
41, 261.481, -204.801, 182.305, 0.999983, 0.00579324, -0.000966444, -0.00579441, 0.999982, -0.00121174, 0.000959407, 0.00121732, 0.999999, 0.00295046  
42, 261.443, -204.755, 182.313, 0.999985, 0.00466703, -0.00269207, -0.0046704, 0.999988, -0.00124681, 0.00268622, 0.00125937, 0.999996, 0.00297487  
43, 261.375, -204.789, 182.298, 0.999986, 0.00497986, -0.00168767, -0.00498255, 0.999986, -0.00159396, 0.0016797, 0.00160235, 0.999997, 0.00289415  
44, 261.397, -204.802, 182.266, 0.999983, 0.00540286, -0.00228291, -0.00540434, 0.999985, -0.000644462, 0.0022794, 0.000656788, 0.999997, 0.00270276  
45, 261.518, -204.752, 182.281, 0.99997, 0.00671846, -0.00378081, -0.00672476, 0.999976, -0.00165553, 0.0037696, 0.00168091, 0.999991, 0.00255353  
46, 261.408, -204.758, 182.298, 0.999984, 0.00527632, -0.00193923, -0.00527882, 0.999985, -0.00128938, 0.0019324, 0.0012996, 0.999997, 0.00297237  
47, 261.425, -204.776, 182.327, 0.999983, 0.0056547, -0.001236, -0.00565501, 0.999984, -0.000246029, 0.00123458, 0.000253014, 0.999999, 0.00308998  
48, 261.432, -204.772, 182.321, 0.999986, 0.0045074, -0.00291271, -0.00451015, 0.999989, -0.000937918, 0.00290845, 0.000951041, 0.999995, 0.00295073  
49, 261.423, -204.72, 182.265, 0.999973, 0.00690788, -0.00255954, -0.00690836, 0.999976, -0.000180678, 0.00255823, 0.000198355, 0.999997, 0.00303533  
50, 261.443, -204.753, 182.315, 0.999984, 0.00553209, -0.000687781, -0.00553199, 0.999985, 0.000155234, 0.00068863, -0.000151427, 1, 0.00287473  
51, 261.419, -204.745, 182.306, 0.999983, 0.00517214, -0.00260293, -0.00517641, 0.999985, -0.00163503, 0.00259444, 0.00164847, 0.999995, 0.00283923  
52, 261.455, -204.788, 182.305, 0.999988, 0.00479314, -0.00126363, -0.0047914, 0.999988, 0.00137885, 0.00127023, -0.00137278, 0.999998, 0.00308082  
53, 261.491, -204.76, 182.277, 0.999978, 0.00631829, -0.00217456, -0.00631798, 0.99998, 0.000149521, 0.00217546, -0.000135779, 0.999998, 0.00282841  
54, 261.435, -204.81, 182.285, 0.999983, 0.00579404, -0.000606601, -0.00579453, 0.999983, -0.000808244, 0.000601908, 0.000811745, 0.999999, 0.00280206  
55, 261.393, -204.802, 182.258, 0.999982, 0.00574382, -0.00165645, -0.00574393, 0.999984, -6.2426e-005, 0.00165607, 7.19394e-005, 0.999999, 0.00282342  
56, 261.333, -204.766, 182.205, 0.999981, 0.00580163, -0.00196961, -0.00580123, 0.999983, 0.000208087, 0.00197078, -0.000196657, 0.999998, 0.00283701  
57, 261.462, -204.772, 182.21, 0.999967, 0.00645075, -0.00490529, -0.00645594, 0.999979, -0.00104334, 0.00489845, 0.00107498, 0.999987, 0.00308249  
58, 261.47, -204.765, 182.234, 0.999974, 0.00622148, -0.0035969, -0.00621747, 0.99998, 0.00112403, 0.00360382, -0.00110163, 0.999993, 0.0031682  
59, 261.467, -204.856, 182.314, 0.999987, 0.00478532, -0.00177015, -0.00478659, 0.999988, -0.000714763, 0.00176671, 0.000723227, 0.999998, 0.00308221  
60, 261.411, -204.774, 182.302, 0.999983, 0.00551343, -0.00194446, -0.00551381, 0.999985, -0.000192309, 0.00194337, 0.000203028, 0.999998, 0.00297764  
61, 261.409, -204.763, 182.298, 0.999986, 0.00466629, -0.00246823, -0.00466777, 0.999989, -0.000596479, 0.00246542, 0.000607992, 0.999997, 0.00298707  
62, 261.516, -204.839, 182.302, 0.999985, 0.00508621, -0.00205984, -0.00508912, 0.999986, -0.00141015, 0.00205264, 0.00142061, 0.999997, 0.00289027  
63, 261.509, -204.79, 182.326, 0.999987, 0.00457591, -0.00230995, -0.00457867, 0.999989, -0.00118974, 0.00230448, 0.0012003, 0.999997, 0.00279374  
64, 261.518, -204.818, 182.321, 0.999986, 0.00450791, -0.00273575, -0.00451178, 0.999989, -0.00140898, 0.00272937, 0.00142131, 0.999995, 0.00318373  
65, 261.483, -204.774, 182.301, 0.999986, 0.00460143, -0.00258513, -0.00460542, 0.999988, -0.0015393, 0.00257802, 0.00155118, 0.999995, 0.00299456  
66, 261.44, -204.744, 182.305, 0.999983, 0.00509438, -0.00278717, -0.00509989, 0.999985, -0.00197512, 0.00277707, 0.0019893, 0.999994, 0.0029965  
67, 261.474, -204.782, 182.297, 0.999983, 0.00531907, -0.0023422, -0.00532166, 0.999985, -0.00110008, 0.00233632, 0.00111253, 0.999997, 0.00313574  
68, 261.42, -204.798, 182.293, 0.999985, 0.00532058, -0.00140952, -0.00532085, 0.999986, -0.000188604, 0.0014085, 0.000196101, 0.999999, 0.00288694  
69, 261.44, -204.758, 182.269, 0.999983, 0.0054283, -0.00220271, -0.00542971, 0.999985, -0.000638775, 0.00219921, 0.000650724, 0.999997, 0.00287307  
70, 261.375, -204.719, 182.301, 0.999983, 0.00568102, -0.00164947, -0.00568264, 0.999983, -0.00097597, 0.0016439, 0.000985326, 0.999998, 0.00278264  
71, 261.486, -204.815, 182.314, 0.999982, 0.00562413, -0.00200603, -0.00562709, 0.999983, -0.00147367, 0.00199771, 0.00148493, 0.999997, 0.00299983  
72, 261.458, -204.663, 182.264, 0.999975, 0.00630501, -0.00314769, -0.00630774, 0.99998, -0.000858783, 0.00314222, 0.000878616, 0.999995, 0.00280705  
73, 261.458, -204.727, 182.254, 0.999973, 0.0060401, -0.00415274, -0.00604446, 0.999981, -0.00103825, 0.00414639, 0.00106332, 0.999991, 0.0028065  
74, 261.452, -204.704, 182.253, 0.999972, 0.00684719, -0.00302611, -0.00684795, 0.999977, -0.000240748, 0.00302439, 0.000261464, 0.999995, 0.00309414  
75, 261.444, -204.77, 182.321, 0.999981, 0.00603781, -0.00103768, -0.00603862, 0.999981, -0.000781931, 0.00103294, 0.000788183, 0.999999, 0.00279568  
76, 261.484, -204.822, 182.305, 0.999988, 0.00484628, -0.000986039, -0.00484707, 0.999988, -0.000803696, 0.000982133, 0.000808466, 0.999999, 0.00290913  
77, 261.444, -204.806, 182.279, 0.999988, 0.00481423, -0.0011352, -0.00481499, 0.999988, -0.000667185, 0.00113197, 0.000672643, 0.999999, 0.00284394  
78, 261.455, -204.773, 182.276, 0.999987, 0.00504517, -0.00115792, -0.00504522, 0.999987, -3.89867e-005, 0.00115771, 4.48281e-005, 0.999999, 0.00280012  
79, 261.398, -204.716, 182.299, 0.999988, 0.00447271, -0.00174523, -0.00447363, 0.99999, -0.000522283, 0.00174287, 0.000530085, 0.999998, 0.00282841  
80, 261.485, -204.698, 182.284, 0.999977, 0.00644574, -0.00225104, -0.0064457, 0.999979, 2.59755e-005, 0.00225116, -1.14654e-005, 0.999997, 0.00281704  
81, 261.462, -204.74, 182.263, 0.999982, 0.00571371, -0.00203919, -0.0057132, 0.999984, 0.000258384, 0.00204063, -0.000246729, 0.999998, 0.00283673  
82, 261.512, -204.732, 182.253, 0.999976, 0.00598925, -0.00352815, -0.00599047, 0.999982, -0.000333768, 0.00352609, 0.000354896, 0.999994, 0.00289443  
83, 261.432, -204.747, 182.315, 0.999984, 0.00506749, -0.00257365, -0.00507096, 0.999986, -0.00134122, 0.00256681, 0.00135425, 0.999996, 0.00281565  
84, 261.475, -204.758, 182.311, 0.999986, 0.00514468, -0.00102836, -0.00514426, 0.999987, 0.000418108, 0.0010305, -0.000412812, 0.999999, 0.00289942  
85, 261.441, -204.768, 182.32, 0.999986, 0.00494705, -0.00162116, -0.00494847, 0.999987, -0.000871978, 0.00161682, 0.000879988, 0.999998, 0.00288222  
86, 261.472, -204.756, 182.276, 0.999986, 0.00510335, -0.00107123, -0.00510264, 0.999987, 0.000663878, 0.0010746, -0.000658403, 0.999999, 0.00288832  
87, 261.523, -204.703, 182.282, 0.999977, 0.00614671, -0.00290867, -0.00614628, 0.999981, 0.000156305, 0.00290958, -0.000138424, 0.999996, 0.00290746  
88, 261.543, -204.732, 182.318, 0.99998, 0.00501461, -0.003739, -0.00502124, 0.999986, -0.00176551, 0.00373009, 0.00178425, 0.999991, 0.00288167  
89, 261.393, -204.727, 182.304, 0.999988, 0.00453117, -0.00175839, -0.0045328, 0.999989, -0.000923504, 0.00175418, 0.000931464, 0.999998, 0.00291051  
90, 261.419, -204.737, 182.276, 0.999986, 0.00498773, -0.00188343, -0.00499014, 0.999987, -0.00127627, 0.00187704, 0.00128565, 0.999997, 0.00290247  
91, 261.477, -204.799, 182.323, 0.99999, 0.0042159, -0.00161051, -0.0042179, 0.99999, -0.00124096, 0.00160526, 0.00124774, 0.999998, 0.0028825  
92, 261.426, -204.736, 182.321, 0.999985, 0.0052096, -0.00165958, -0.00521245, 0.999985, -0.00171865, 0.0016506, 0.00172727, 0.999997, 0.00284755  
93, 261.469, -204.684, 182.28, 0.999976, 0.00641459, -0.00279154, -0.00641238, 0.999979, 0.00079904, 0.00279661, -0.00078112, 0.999996, 0.00288139  
94, 261.476, -204.718, 182.229, 0.999977, 0.00597283, -0.00313489, -0.00597341, 0.999982, -0.000176204, 0.00313378, 0.000194926, 0.999995, 0.00289193  
95, 261.396, -204.714, 182.269, 0.999984, 0.00500113, -0.00271192, -0.0050039, 0.999987, -0.00101532, 0.00270681, 0.00102887, 0.999996, 0.00286364  
96, 261.425, -204.76, 182.292, 0.999986, 0.00506348, -0.00171383, -0.00506482, 0.999987, -0.000776743, 0.00170988, 0.000785412, 0.999998, 0.00292965  
97, 261.535, -204.751, 182.256, 0.999976, 0.0062709, -0.00297942, -0.00627228, 0.99998, -0.000455473, 0.0029765, 0.00047415, 0.999995, 0.00283951  
98, 261.357, -204.761, 182.275, 0.999989, 0.00460115, -0.000798406, -0.00460093, 0.999989, 0.000276041, 0.000799667, -0.000272365, 1, 0.0029327  
99, 261.442, -204.773, 182.278, 0.999985, 0.0051667, -0.00200869, -0.00516874, 0.999986, -0.00101203, 0.00200344, 0.0010224, 0.999997, 0.00282508  
100, 261.411, -204.745, 182.313, 0.999985, 0.00526006, -0.00158329, -0.00526226, 0.999985, -0.0013876, 0.00157597, 0.00139591, 0.999998, 0.00286225  
101, 261.482, -204.685, 182.258, 0.999973, 0.00642771, -0.0034863, -0.00643122, 0.999979, -0.000994782, 0.00347983, 0.00101718, 0.999993, 0.00293104  
102, 261.411, -204.744, 182.273, 0.999984, 0.00481373, -0.00284429, -0.00481685, 0.999988, -0.00109214, 0.002839, 0.00110583, 0.999995, 0.00300787  
103, 261.469, -204.718, 182.228, 0.999974, 0.00641104, -0.00334864, -0.0064103, 0.999979, 0.000231194, 0.00335005, -0.000209722, 0.999994, 0.00288333  
104, 261.496, -204.688, 182.234, 0.999971, 0.00622144, -0.00444701, -0.00622727, 0.99998, -0.00130016, 0.00443883, 0.00132781, 0.999989, 0.00295351  
105, 261.404, -204.741, 182.305, 0.999981, 0.00516829, -0.00329369, -0.00517378, 0.999985, -0.00165944, 0.00328506, 0.00167645, 0.999993, 0.00282841  
106, 261.425, -204.752, 182.271, 0.99998, 0.00554903, -0.00302741, -0.00555373, 0.999983, -0.00154749, 0.00301877, 0.00156427, 0.999994, 0.00289027  
107, 261.392, -204.727, 182.273, 0.999982, 0.00527076, -0.00268784, -0.00527475, 0.999985, -0.00147689, 0.00268001, 0.00149104, 0.999995, 0.00294352  
108, 261.411, -204.736, 182.267, 0.999981, 0.00552715, -0.00277486, -0.00553216, 0.999983, -0.0018022, 0.00276485, 0.00181752, 0.999995, 0.00287584  
109, 261.492, -204.796, 182.323, 0.999986, 0.00485508, -0.00222629, -0.00485877, 0.999987, -0.00165204, 0.00221824, 0.00166284, 0.999996, 0.00292411  
110, 261.433, -204.771, 182.275, 0.999985, 0.00473482, -0.0029218, -0.00473883, 0.999988, -0.00136612, 0.0029153, 0.00137994, 0.999995, 0.00288222  
111, 261.456, -204.694, 182.239, 0.999978, 0.0062299, -0.00240466, -0.00623054, 0.999981, -0.000258128, 0.002403, 0.000273105, 0.999997, 0.00293465  
112, 261.46, -204.698, 182.255, 0.999975, 0.0066768, -0.00229168, -0.00667762, 0.999978, -0.000350454, 0.00228929, 0.000365748, 0.999997, 0.00290885  
113, 261.503, -204.669, 182.262, 0.999968, 0.00699748, -0.00398811, -0.00700353, 0.999974, -0.00150573, 0.00397747, 0.00153361, 0.999991, 0.00312853  
114, 261.442, -204.815, 182.302, 0.999985, 0.0053737, -0.000458105, -0.00537391, 0.999985, -0.00047751, 0.000455533, 0.000479965, 1, 0.0028739  
115, 261.506, -204.731, 182.234, 0.999973, 0.00625691, -0.00388832, -0.00625778, 0.99998, -0.000212953, 0.00388691, 0.000237279, 0.999992, 0.00289248  
116, 261.444, -204.785, 182.294, 0.999987, 0.00477254, -0.00188026, -0.00477446, 0.999988, -0.00101865, 0.00187537, 0.00102761, 0.999998, 0.00294935  
117, 261.458, -204.759, 182.305, 0.999984, 0.00501276, -0.00268615, -0.00501922, 0.999985, -0.00240491, 0.00267405, 0.00241835, 0.999994, 0.00291079  
118, 261.431, -204.753, 182.293, 0.999986, 0.00484028, -0.00221763, -0.00484232, 0.999988, -0.000912819, 0.00221319, 0.000923545, 0.999997, 0.00292383  
119, 261.51, -204.721, 182.232, 0.999972, 0.00662924, -0.00358498, -0.00663313, 0.999977, -0.00107191, 0.00357779, 0.00109566, 0.999993, 0.00298014  
120, 261.446, -204.74, 182.264, 0.999983, 0.00496578, -0.00297346, -0.00497194, 0.999986, -0.00206719, 0.00296315, 0.00208194, 0.999993, 0.00288527  
121, 261.515, -204.815, 182.333, 0.999985, 0.00463979, -0.00276331, -0.00464675, 0.999986, -0.00251602, 0.0027516, 0.00252882, 0.999993, 0.00300177  
122, 261.437, -204.774, 182.324, 0.999982, 0.00520633, -0.00289545, -0.00521515, 0.999982, -0.00304819, 0.00287952, 0.00306324, 0.999991, 0.0029671  
123, 261.529, -204.716, 182.255, 0.999974, 0.00602662, -0.00398775, -0.00603435, 0.99998, -0.00192834, 0.00397605, 0.00195236, 0.99999, 0.00296349  
124, 261.46, -204.819, 182.282, 0.999981, 0.00586686, -0.00211209, -0.00587378, 0.999977, -0.00328058, 0.0020928, 0.00329292, 0.999992, 0.00298263  
125, 261.451, -204.871, 182.323, 0.999986, 0.00523003, -0.000617773, -0.00523347, 0.99997, -0.00570473, 0.000587919, 0.00570788, 0.999984, 0.00292327  
126, 261.518, -204.983, 182.366, 0.999985, 0.00549807, -0.000728876, -0.0055036, 0.999954, -0.00781536, 0.000685873, 0.00781925, 0.999969, 0.00300177  
127, 261.529, -205.058, 182.356, 0.999978, 0.00544873, -0.00375252, -0.00549029, 0.999923, -0.0111555, 0.00369145, 0.0111759, 0.999931, 0.00283368  
128, 261.542, -205.17, 182.374, 0.99998, 0.00547682, -0.0032048, -0.00552177, 0.999884, -0.0141905, 0.00312671, 0.0142079, 0.999894, 0.00293825  
129, 261.575, -205.289, 182.367, 0.999978, 0.00551892, -0.00381016, -0.00560023, 0.999749, -0.0216712, 0.00368961, 0.0216921, 0.999758, 0.00305669  
130, 261.649, -205.548, 182.425, 0.999976, 0.00529293, -0.00444676, -0.00542235, 0.999547, -0.0296163, 0.00428799, 0.0296397, 0.999551, 0.0029266  
131, 261.644, -205.719, 182.475, 0.999973, 0.00592265, -0.00443293, -0.00606969, 0.999406, -0.0339272, 0.00422936, 0.0339532, 0.999414, 0.00299622  
132, 261.629, -205.927, 182.59, 0.999987, 0.00461422, -0.00216568, -0.00470126, 0.999104, -0.0420709, 0.00196961, 0.0420805, 0.999112, 0.00296765  
133, 261.613, -206.14, 182.613, 0.999994, 0.00323398, -0.000866925, -0.00327033, 0.998943, -0.0458532, 0.00071772, 0.0458558, 0.998948, 0.0028248  
134, 261.598, -206.312, 182.631, 0.999992, 0.00382279, -0.00129055, -0.00388803, 0.998476, -0.0550423, 0.00107816, 0.0550468, 0.998483, 0.00284394  
135, 261.635, -206.339, 182.559, 0.999982, 0.0055733, -0.00237323, -0.00570198, 0.998289, -0.0581949, 0.00204483, 0.0582074, 0.998302, 0.00304671  
136, 261.688, -206.413, 182.573, 0.999982, 0.00418503, -0.00435335, -0.00444771, 0.998054, -0.0621928, 0.0040846, 0.062211, 0.998055, 0.00287917  
137, 261.663, -206.62, 182.569, 0.999991, 0.00378809, -0.00184151, -0.00390685, 0.997577, -0.0694543, 0.00157395, 0.0694609, 0.997583, 0.00300898  
138, 261.727, -206.665, 182.595, 0.999983, 0.00551388, -0.00211937, -0.00565877, 0.997102, -0.0758592, 0.00169495, 0.0758699, 0.997116, 0.00298652  
139, 261.725, -206.75, 182.548, 0.999987, 0.00488021, -0.00141052, -0.00497571, 0.996915, -0.0783346, 0.00102388, 0.0783406, 0.996926, 0.00301092  
140, 261.7, -206.785, 182.479, 0.999976, 0.00685141, -0.000812781, -0.00689595, 0.996264, -0.0860892, 0.000219911, 0.0860927, 0.996287, 0.00299123  
141, 261.741, -206.809, 182.448, 0.99998, 0.00460926, -0.00423217, -0.00498218, 0.995672, -0.0928053, 0.00378609, 0.0928246, 0.995675, 0.00284838  
142, 261.785, -206.924, 182.413, 0.999979, 0.00492796, -0.00427456, -0.00533304, 0.994912, -0.100606, 0.00375703, 0.100627, 0.994917, 0.00287002  
143, 261.845, -206.791, 182.355, 0.999962, 0.00666383, -0.00561115, -0.00721668, 0.994437, -0.105085, 0.00487967, 0.105121, 0.994447, 0.0028334  
144, 261.891, -206.816, 182.32, 0.999973, 0.00608193, -0.0041031, -0.00649214, 0.994047, -0.108759, 0.00341721, 0.108783, 0.99406, 0.00279651  
145, 261.95, -206.673, 182.22, 0.99997, 0.0062162, -0.00457902, -0.00669356, 0.993582, -0.11292, 0.00384769, 0.112947, 0.993594, 0.00280151  
146, 262.024, -206.61, 182.198, 0.999976, 0.00638098, -0.00251653, -0.00663492, 0.992886, -0.118885, 0.00174002, 0.118898, 0.992905, 0.00305253  
147, 262.095, -206.476, 182.167, 0.99997, 0.00754057, -0.00182975, -0.00771075, 0.992041, -0.125679, 0.000867492, 0.125689, 0.992069, 0.00281759  
148, 262.181, -206.305, 182.167, 0.999976, 0.00682398, 0.00130074, -0.00660323, 0.991862, -0.127146, -0.0021578, 0.127135, 0.991883, 0.00299373  
149, 262.383, -205.986, 182.214, 0.999971, 0.00670552, 0.00349427, -0.00619871, 0.991623, -0.129015, -0.00433011, 0.128989, 0.991637, 0.00281121  
150, 262.547, -205.606, 182.251, 0.999968, 0.00693872, 0.00399034, -0.00634732, 0.99112, -0.132818, -0.0048765, 0.132789, 0.991132, 0.00297265  
151, 262.676, -205.388, 182.248, 0.999964, 0.00669575, 0.00529377, -0.00589744, 0.990329, -0.138611, -0.00617068, 0.138575, 0.990333, 0.00308665  
152, 262.824, -205.058, 182.277, 0.999961, 0.00676295, 0.00562637, -0.00588256, 0.989564, -0.143973, -0.00654133, 0.143934, 0.989566, 0.002923  
153, 262.957, -204.602, 182.306, 0.999977, 0.00565232, 0.00366585, -0.00504499, 0.988889, -0.148572, -0.0044649, 0.14855, 0.988895, 0.00282952  
154, 263.084, -204.11, 182.295, 0.999946, 0.00751368, 0.00721258, -0.00635899, 0.988883, -0.148561, -0.00824863, 0.148507, 0.988877, 0.00283202  
155, 263.001, -203.6, 182.187, 0.999908, 0.0111648, 0.00775837, -0.00980019, 0.987409, -0.157886, -0.00942344, 0.157795, 0.987427, 0.0027954  
156, 263.19, -203.15, 182.045, 0.999953, 0.0096788, -0.000767352, -0.00966831, 0.985387, -0.170057, -0.000889807, 0.170056, 0.985434, 0.00286336  
157, 263.293, -202.329, 182.009, 0.999941, 0.0106579, -0.00202306, -0.0108469, 0.985192, -0.171111, 0.000169419, 0.171123, 0.98525, 0.00280761  
158, 263.374, -201.707, 182.029, 0.999945, 0.00990671, -0.00332155, -0.0103413, 0.983795, -0.178997, 0.00149446, 0.179021, 0.983844, 0.00301675  
159, 263.321, -201.019, 182.036, 0.999931, 0.0116689, 0.0016294, -0.0111763, 0.983177, -0.182312, -0.00372936, 0.182281, 0.983239, 0.00280123  
160, 263.419, -200.341, 182.073, 0.999912, 0.0131326, -0.00206683, -0.0132861, 0.98169, -0.19002, -0.00046648, 0.190031, 0.981778, 0.00285504  
161, 263.313, -199.288, 182.057, 0.999921, 0.0123618, 0.00219641, -0.0117312, 0.982212, -0.187407, -0.00447402, 0.187367, 0.98228, 0.00299511  
162, 263.321, -198.333, 182.003, 0.999912, 0.0131972, -0.00155541, -0.0132473, 0.980736, -0.194887, -0.00104652, 0.194891, 0.980824, 0.00283562  
163, 263.095, -197.496, 181.931, 0.999905, 0.0138051, -0.000550194, -0.0136368, 0.979757, -0.199727, -0.00221819, 0.199715, 0.979851, 0.00301897  
164, 262.903, -196.305, 181.971, 0.999879, 0.0153606, -0.00225026, -0.0154989, 0.979374, -0.201459, -0.000890685, 0.20147, 0.979494, 0.00289526  
165, 262.806, -195.145, 181.967, 0.99988, 0.0150725, -0.0035625, -0.0154816, 0.979143, -0.202581, 0.000434796, 0.202612, 0.979259, 0.00280983  
166, 262.692, -193.946, 181.956, 0.999874, 0.0145282, -0.0063838, -0.0155221, 0.979036, -0.203094, 0.00329938, 0.203168, 0.979138, 0.00288083  
167, 262.43, -192.659, 181.929, 0.999849, 0.0147997, -0.00909098, -0.0163603, 0.978246, -0.206802, 0.0058326, 0.206919, 0.978341, 0.00287362  
168, 262.148, -191.27, 181.956, 0.999804, 0.0176376, -0.00895225, -0.0191159, 0.977879, -0.208294, 0.0050804, 0.208425, 0.978025, 0.00286752  
169, 261.664, -190.037, 181.832, 0.999777, 0.0178408, -0.0112613, -0.0198462, 0.976395, -0.215081, 0.0071583, 0.215256, 0.976531, 0.002885  
170, 261.391, -188.457, 181.898, 0.999701, 0.0203139, -0.0136103, -0.0228109, 0.975256, -0.219898, 0.00880651, 0.220143, 0.975428, 0.00284256  
171, 260.784, -186.986, 181.726, 0.999757, 0.0149472, -0.0161953, -0.0181288, 0.97563, -0.218672, 0.0125321, 0.218912, 0.975664, 0.00294741  
172, 260.461, -185.412, 181.699, 0.999735, 0.0154264, -0.0170591, -0.0187649, 0.975958, -0.217151, 0.0132991, 0.217413, 0.975989, 0.00287196  
173, 260.056, -183.622, 181.629, 0.999641, 0.0174668, -0.0203345, -0.0215341, 0.975013, -0.2211, 0.0159645, 0.221458, 0.975039, 0.00288056  
174, 259.791, -181.833, 181.659, 0.999559, 0.0167106, -0.0245344, -0.0217736, 0.974497, -0.223343, 0.0201765, 0.223778, 0.974431, 0.00409796  
175, 259.11, -178.155, 181.705, 0.999522, 0.0149556, -0.0270705, -0.0206741, 0.974095, -0.225192, 0.0230014, 0.225644, 0.973938, 0.00281676  
176, 258.616, -174.01, 181.734, 0.999605, 0.0118062, -0.025496, -0.0170985, 0.97567, -0.218578, 0.0222951, 0.218927, 0.975486, 0.00286641  
177, 258.333, -171.89, 181.663, 0.999475, 0.0125766, -0.0298429, -0.0188954, 0.974865, -0.221993, 0.0263009, 0.22244, 0.974592, 0.00276739  
178, 258.138, -169.418, 181.747, 0.99943, 0.0118442, -0.0316197, -0.0184839, 0.975596, -0.218796, 0.0282566, 0.219256, 0.975258, 0.0028126  
179, 257.906, -167.073, 181.756, 0.999408, 0.0125777, -0.0320192, -0.0193981, 0.974722, -0.222579, 0.0284103, 0.223068, 0.974389, 0.00284727  
180, 257.74, -164.719, 181.706, 0.999498, 0.00979765, -0.0301318, -0.0161411, 0.975786, -0.218129, 0.027265, 0.218506, 0.975455, 0.00287806  
181, 257.67, -162.113, 181.757, 0.999393, 0.0108056, -0.0331091, -0.0178038, 0.975558, -0.21902, 0.0299332, 0.219476, 0.975159, 0.0029033  
182, 257.537, -159.392, 181.72, 0.999277, 0.0119502, -0.0361054, -0.0194564, 0.976346, -0.215336, 0.032678, 0.215883, 0.975872, 0.0029646  
183, 257.453, -156.604, 181.74, 0.999266, 0.0127824, -0.0361157, -0.0201643, 0.977037, -0.212115, 0.032575, 0.212688, 0.976577, 0.00284062  
184, 257.386, -153.911, 181.747, 0.999226, 0.0102356, -0.0379757, -0.0179113, 0.978034, -0.207676, 0.0350159, 0.208196, 0.97746, 0.00261871  
185, 257.156, -151.112, 181.673, 0.999267, 0.0102613, -0.0368812, -0.0175907, 0.978752, -0.20429, 0.0340013, 0.204789, 0.978215, 0.00288139  
186, 257.215, -148.2, 181.88, 0.99921, 0.011754, -0.0379687, -0.0194388, 0.977747, -0.208883, 0.0346686, 0.209456, 0.977203, 0.0028506  
187, 257.207, -145.147, 182.013, 0.999151, 0.0141134, -0.038711, -0.0218566, 0.977975, -0.207575, 0.0349288, 0.208245, 0.977453, 0.00289359  
188, 257.161, -142.113, 181.98, 0.999238, 0.0144067, -0.0362811, -0.0213418, 0.979825, -0.198713, 0.0326863, 0.199336, 0.979386, 0.00284256  
189, 257.138, -138.948, 181.879, 0.99907, 0.0161957, -0.0399599, -0.0238425, 0.979703, -0.199033, 0.0359254, 0.199801, 0.979178, 0.00293797  
190, 257.212, -135.69, 182.001, 0.998974, 0.0167748, -0.0420685, -0.0247639, 0.980038, -0.197263, 0.0379196, 0.198102, 0.979448, 0.00276018  
191, 257.184, -132.312, 182.039, 0.999074, 0.0159732, -0.0399381, -0.0232155, 0.981886, -0.188044, 0.036211, 0.188797, 0.981348, 0.00288888  
192, 257.139, -129.033, 182.161, 0.999118, 0.0152059, -0.0391507, -0.0221644, 0.982683, -0.183963, 0.0356754, 0.184669, 0.982153, 0.00288278  
193, 257.164, -125.649, 182.26, 0.999171, 0.0148701, -0.0378856, -0.0213497, 0.984008, -0.176841, 0.0346501, 0.177503, 0.98351, 0.0028359  
194, 257.205, -122.014, 182.341, 0.999296, 0.0162754, -0.0338116, -0.0216765, 0.985872, -0.166091, 0.0306307, 0.166707, 0.985531, 0.00287862  
195, 257.14, -118.517, 182.344, 0.999202, 0.0210409, -0.0339615, -0.0263074, 0.986283, -0.162951, 0.0300671, 0.163714, 0.98605, 0.0028273  
196, 257.23, -115.038, 182.333, 0.9992, 0.0200223, -0.0346052, -0.0252313, 0.987223, -0.157337, 0.0310128, 0.158084, 0.986938, 0.00286281  
197, 257.225, -111.612, 182.258, 0.999157, 0.0188713, -0.0364708, -0.0243112, 0.987615, -0.155004, 0.033094, 0.15576, 0.98724, 0.00289138  
198, 257.376, -107.785, 182.185, 0.999187, 0.0176715, -0.0362309, -0.0227602, 0.989135, -0.145239, 0.0332707, 0.145946, 0.988733, 0.00288888  
199, 257.494, -103.86, 182.329, 0.999285, 0.0162919, -0.034129, -0.0207325, 0.990752, -0.134092, 0.0316288, 0.134704, 0.990381, 0.00285587  
200, 257.506, -99.8667, 182.233, 0.999253, 0.0199013, -0.0331393, -0.023977, 0.991546, -0.127524, 0.0303212, 0.128223, 0.991282, 0.00286419  
201, 257.712, -95.7911, 182.309, 0.999303, 0.0205346, -0.0311773, -0.0238966, 0.993465, -0.111605, 0.0286818, 0.112273, 0.993263, 0.00285504  
202, 257.777, -92.1352, 182.316, 0.999306, 0.0154641, -0.0339018, -0.0190428, 0.993977, -0.10792, 0.0320287, 0.108491, 0.993581, 0.00278958  
203, 257.822, -88.0195, 182.456, 0.999417, 0.0178732, -0.0290755, -0.020563, 0.995264, -0.0950092, 0.0272397, 0.0955518, 0.995052, 0.00291939  
204, 257.901, -84.04, 182.631, 0.999538, 0.0171977, -0.0250758, -0.0191952, 0.99647, -0.0817227, 0.0235818, 0.0821662, 0.99634, 0.00267474  
205, 257.844, -79.9431, 182.507, 0.999508, 0.0185516, -0.0252711, -0.0203434, 0.997154, -0.072599, 0.0238524, 0.0730775, 0.997041, 0.00308443  
206, 258.177, -76.0027, 182.675, 0.999568, 0.0155518, -0.0249325, -0.0170143, 0.99808, -0.0595622, 0.0239583, 0.0599607, 0.997913, 0.00291634  
207, 258.183, -71.8523, 182.615, 0.99952, 0.0169583, -0.0259359, -0.0182868, 0.998486, -0.0518713, 0.025017, 0.0523207, 0.998317, 0.00289554  
208, 258.057, -67.9251, 182.501, 0.999529, 0.0193871, -0.0237945, -0.0203121, 0.999022, -0.0392726, 0.0230099, 0.0397375, 0.998945, 0.00288305  
209, 258.237, -63.8362, 182.689, 0.999644, 0.0123197, -0.0236514, -0.0129099, 0.999605, -0.0249674, 0.0233345, 0.0252639, 0.999408, 0.00288666  
210, 258.385, -59.6438, 182.654, 0.99961, 0.0105343, -0.0258523, -0.0109268, 0.999826, -0.0150889, 0.0256889, 0.0153655, 0.999552, 0.00284394  
211, 258.527, -55.6649, 182.926, 0.99972, 0.00878984, -0.0219578, -0.0089369, 0.999938, -0.00660809, 0.0218984, 0.00680248, 0.999737, 0.00287335  
212, 258.633, -51.3104, 182.891, 0.999679, 0.0104178, -0.023116, -0.0103251, 0.999938, 0.00412473, 0.0231575, -0.00388473, 0.999724, 0.00277931  
213, 258.702, -47.4109, 182.922, 0.999628, 0.0098228, -0.025437, -0.00954025, 0.999892, 0.0112057, 0.0255444, -0.0109589, 0.999614, 0.0029094  
214, 258.653, -43.1197, 182.846, 0.99957, 0.0113838, -0.0270098, -0.0108839, 0.999768, 0.0185831, 0.027215, -0.0182812, 0.999462, 0.00292411  
215, 258.761, -39.0602, 182.843, 0.999637, 0.0136654, -0.02321, -0.0130033, 0.999511, 0.0284407, 0.0235873, -0.0281286, 0.999326, 0.00291856  
216, 258.717, -34.77, 182.609, 0.999526, 0.0162198, -0.0261724, -0.0153331, 0.999313, 0.0337317, 0.0267016, -0.0333144, 0.999088, 0.00277016  
217, 258.62, -30.768, 182.444, 0.999487, 0.0167662, -0.0273001, -0.0154846, 0.998798, 0.0464957, 0.0280469, -0.0460491, 0.998545, 0.00295878  
218, 258.743, -26.8246, 182.369, 0.999532, 0.0181015, -0.0246785, -0.0167268, 0.998356, 0.0548158, 0.0256302, -0.0543773, 0.998191, 0.00287473  
219, 258.888, -22.7954, 182.588, 0.999697, 0.0152371, -0.0193298, -0.0138842, 0.997569, 0.0682917, 0.0203234, -0.0680026, 0.997478, 0.00293603  
220, 259.05, -18.7336, 182.569, 0.999666, 0.013541, -0.0220072, -0.0118477, 0.997088, 0.0753326, 0.0229632, -0.0750467, 0.996916, 0.00294103  
221, 259.36, -14.6528, 182.615, 0.999644, 0.0136872, -0.0228857, -0.0115821, 0.9959, 0.089711, 0.0240198, -0.089414, 0.995705, 0.00291967  
222, 259.402, -10.8711, 182.329, 0.999458, 0.0192058, -0.0267484, -0.0167086, 0.995744, 0.09064, 0.0283754, -0.0901439, 0.995524, 0.00281038  
223, 259.563, -7.05795, 182.536, 0.999736, 0.013154, -0.0188365, -0.0112532, 0.995154, 0.0976812, 0.0200301, -0.0974435, 0.995039, 0.00303728  
224, 259.84, -3.29802, 182.651, 0.999767, 0.0126496, -0.0174769, -0.0107351, 0.994351, 0.105598, 0.0187139, -0.105386, 0.994255, 0.00302091  
225, 260.058, 0.671519, 182.635, 0.999716, 0.0126051, -0.0202406, -0.0101649, 0.993146, 0.116435, 0.0215696, -0.116196, 0.992992, 0.00294463  
226, 260.304, 4.28277, 182.546, 0.999774, 0.0101035, -0.018718, -0.0077012, 0.992223, 0.124235, 0.0198276, -0.124062, 0.992076, 0.00294741  
227, 260.344, 8.1369, 182.355, 0.999779, 0.0134099, -0.0161633, -0.0111868, 0.99138, 0.130538, 0.0177745, -0.130329, 0.991312, 0.00296016  
228, 260.59, 11.7859, 182.212, 0.999707, 0.0164959, -0.017692, -0.014008, 0.991079, 0.132535, 0.0197205, -0.132248, 0.99102, 0.00297154  
229, 260.901, 15.3304, 182.295, 0.999782, 0.014463, -0.0150668, -0.0122694, 0.990538, 0.136687, 0.0169012, -0.136473, 0.9905, 0.00297403  
230, 261.171, 18.662, 182.308, 0.999815, 0.0139978, -0.01318, -0.0119935, 0.989868, 0.141484, 0.015027, -0.1413, 0.989853, 0.00295628  
231, 261.459, 22.3716, 182.117, 0.999679, 0.0199412, -0.0155965, -0.017445, 0.989067, 0.146429, 0.0183459, -0.14611, 0.989098, 0.00278597  
232, 262.037, 25.4131, 182.357, 0.999782, 0.014377, -0.0151118, -0.0118954, 0.988139, 0.153102, 0.0171337, -0.152889, 0.988095, 0.00298735  
233, 262.261, 28.5389, 182.563, 0.999871, 0.0128187, -0.0097093, -0.0111733, 0.988037, 0.153814, 0.0115648, -0.153686, 0.988052, 0.00304643  
234, 262.58, 31.9935, 182.582, 0.999866, 0.0150596, -0.00643652, -0.0138224, 0.986768, 0.16155, 0.00878423, -0.161439, 0.986844, 0.00281454  
235, 262.872, 34.9257, 182.466, 0.999884, 0.0145759, -0.00433991, -0.0136668, 0.986362, 0.164024, 0.00667152, -0.163946, 0.986447, 0.00282037  
236, 263.222, 37.8912, 182.46, 0.999932, 0.0108733, -0.00425585, -0.0100161, 0.986073, 0.166014, 0.0060017, -0.16596, 0.986114, 0.00279485  
237, 263.647, 41.0839, 182.339, 0.999917, 0.0126257, -0.00274963, -0.0119714, 0.985264, 0.170622, 0.00486333, -0.170575, 0.985333, 0.00281149  
238, 264.071, 43.9007, 182.37, 0.999936, 0.0113098, 0.000831877, -0.0112746, 0.983578, 0.180128, 0.001219, -0.180126, 0.983643, 0.00300399  
239, 264.35, 46.8301, 182.28, 0.999857, 0.0158799, 0.00581297, -0.0166648, 0.983663, 0.179245, -0.00287161, -0.179316, 0.983787, 0.00299095  
240, 264.69, 49.3857, 182.261, 0.999881, 0.0141017, 0.00629309, -0.0150074, 0.983397, 0.180846, -0.00363836, -0.180919, 0.983491, 0.00286641  
241, 265.081, 52.354, 182.313, 0.999885, 0.0136062, 0.0067256, -0.0145975, 0.983442, 0.180633, -0.0041565, -0.180711, 0.983527, 0.00281759  
242, 265.288, 54.9773, 182.217, 0.999836, 0.0157431, 0.008904, -0.0171042, 0.983056, 0.182507, -0.0058799, -0.182629, 0.983164, 0.00303728  
243, 265.507, 57.5662, 182.067, 0.999902, 0.0124407, 0.00644565, -0.0134436, 0.981468, 0.191152, -0.00394814, -0.19122, 0.981539, 0.00296322  
244, 265.733, 60.1568, 182.034, 0.999891, 0.0128636, 0.00725308, -0.0140071, 0.981703, 0.189904, -0.00467753, -0.189985, 0.981776, 0.00302285  
245, 265.805, 62.6425, 182.149, 0.999868, 0.0139656, 0.0083175, -0.0152574, 0.982824, 0.183914, -0.00560618, -0.184017, 0.982907, 0.00302368  
246, 265.874, 64.981, 182.217, 0.999782, 0.0153242, 0.0141697, -0.0176775, 0.982662, 0.184563, -0.0110957, -0.184773, 0.982719, 0.00282286  
247, 265.815, 67.1804, 182.129, 0.999724, 0.0182392, 0.0147943, -0.0206116, 0.983361, 0.18049, -0.0112562, -0.180745, 0.983466, 0.0028151  
248, 265.896, 69.441, 182.129, 0.999775, 0.0176348, 0.011756, -0.0194488, 0.983793, 0.178248, -0.00842212, -0.178437, 0.983915, 0.00279152  
249, 265.863, 71.549, 182.118, 0.999722, 0.0202639, 0.0120303, -0.0221057, 0.983279, 0.180756, -0.00816628, -0.180972, 0.983454, 0.002842  
250, 265.852, 73.5199, 182.187, 0.999776, 0.0169085, 0.0126962, -0.0188836, 0.984149, 0.176338, -0.00951334, -0.176538, 0.984248, 0.00289359  
251, 265.695, 75.7571, 182.104, 0.999712, 0.0195282, 0.013927, -0.0216633, 0.984371, 0.174772, -0.0102964, -0.175023, 0.98451, 0.00279263  
252, 265.727, 77.3531, 182.116, 0.99988, 0.0151093, 0.00344626, -0.0154779, 0.984743, 0.173324, -0.000774891, -0.173356, 0.984859, 0.00282813  
253, 265.503, 79.3912, 182.251, 0.999923, 0.0119716, 0.00333766, -0.0123746, 0.983941, 0.178062, -0.00115238, -0.17809, 0.984014, 0.00285781  
254, 265.289, 81.1167, 182.396, 0.999856, 0.0165426, 0.00389219, -0.0169627, 0.985426, 0.169259, -0.00103548, -0.1693, 0.985564, 0.00308942  
255, 265.011, 82.974, 182.335, 0.99983, 0.0184363, 0.000849003, -0.0183252, 0.986236, 0.164327, 0.00219227, -0.164315, 0.986405, 0.0028714  
256, 264.803, 84.4511, 182.341, 0.999813, 0.0193208, -0.000993665, -0.0189225, 0.987311, 0.157665, 0.00402727, -0.157617, 0.987492, 0.00280123  
257, 264.374, 86.238, 182.266, 0.999807, 0.0194166, -0.00314507, -0.0186995, 0.987861, 0.154211, 0.00610116, -0.154123, 0.988033, 0.00280983  
258, 264.02, 87.7491, 182.322, 0.999773, 0.0209843, -0.00358237, -0.0202436, 0.989232, 0.144948, 0.00658541, -0.144842, 0.989433, 0.0028567  
259, 263.534, 89.3199, 182.324, 0.999759, 0.0206867, -0.00733936, -0.0194545, 0.989937, 0.140163, 0.010165, -0.139986, 0.990101, 0.0029438  
260, 263.09, 90.8399, 182.328, 0.999754, 0.0200598, -0.00951528, -0.0185719, 0.990439, 0.136695, 0.0121664, -0.136484, 0.990568, 0.00287473  
261, 262.479, 92.0451, 182.362, 0.999706, 0.0198707, -0.0138752, -0.0179462, 0.991713, 0.127216, 0.0162881, -0.12693, 0.991778, 0.00283146  
262, 261.963, 93.5399, 182.353, 0.999668, 0.0205675, -0.015547, -0.0184537, 0.991904, 0.125645, 0.0180053, -0.125316, 0.991953, 0.00285254  
263, 261.406, 94.5241, 182.391, 0.999585, 0.0210022, -0.0197196, -0.0185843, 0.993114, 0.11567, 0.0220132, -0.115256, 0.993092, 0.00285116  
264, 260.73, 95.8777, 182.399, 0.999526, 0.0208148, -0.0227012, -0.0180159, 0.992945, 0.117199, 0.0249805, -0.116734, 0.992849, 0.00288971  
265, 260.095, 96.601, 182.424, 0.999489, 0.020053, -0.0248999, -0.0172478, 0.993983, 0.108166, 0.0269192, -0.107681, 0.993821, 0.0030026  
266, 259.436, 97.9757, 182.435, 0.999414, 0.0222668, -0.0259844, -0.0194644, 0.994437, 0.10352, 0.0281449, -0.102954, 0.994288, 0.00287723  
267, 258.877, 98.7962, 182.404, 0.999358, 0.0215443, -0.0286299, -0.0187892, 0.995466, 0.0932406, 0.0305089, -0.0926428, 0.995232, 0.0028764  
268, 258.18, 99.9855, 182.373, 0.999332, 0.021403, -0.029606, -0.0187175, 0.995928, 0.0881866, 0.0313729, -0.0875736, 0.995664, 0.00292383  
269, 257.736, 100.841, 182.299, 0.999202, 0.0204299, -0.0343141, -0.0177851, 0.996973, 0.0756885, 0.0357565, -0.0750178, 0.996541, 0.00271746  
270, 257.073, 101.936, 182.299, 0.999061, 0.0229708, -0.0367285, -0.0203955, 0.997407, 0.0690166, 0.0382186, -0.0682028, 0.996939, 0.00261982  
271, 256.527, 102.767, 182.23, 0.998882, 0.0254253, -0.039853, -0.0229978, 0.99792, 0.0602282, 0.0413014, -0.0592443, 0.997389, 0.00289914  
272, 256.315, 103.63, 182.272, 0.998684, 0.0232774, -0.0457099, -0.020547, 0.998027, 0.0593209, 0.0470006, -0.0583036, 0.997192, 0.00289692  
273, 255.899, 104.359, 182.33, 0.99863, 0.0241739, -0.0464029, -0.0218278, 0.99849, 0.050418, 0.0475517, -0.0493361, 0.99765, 0.00289304  
