0, 259.579, -216.107, 182.404, 0.997769, 0.0498078, -0.0444606, -0.0497432, 0.998759, 0.00255794, 0.0445329, -0.00034062, 0.999008, 0.00281343  
1, 259.591, -216.113, 182.423, 0.997851, 0.0495843, -0.0428288, -0.0494736, 0.998769, 0.00364145, 0.0429566, -0.00151472, 0.999076, 0.00296377  
2, 259.573, -216.104, 182.387, 0.997741, 0.0500215, -0.0448397, -0.0500054, 0.998748, 0.00148101, 0.0448576, 0.000764562, 0.998993, 0.00282259  
3, 259.549, -216.095, 182.401, 0.997753, 0.0497911, -0.0448416, -0.0497527, 0.99876, 0.00197174, 0.0448841, 0.000263683, 0.998992, 0.00280234  
4, 259.577, -216.114, 182.406, 0.997715, 0.0506697, -0.044699, -0.050617, 0.998715, 0.0023117, 0.0447588, -4.38876e-005, 0.998998, 0.00293215  
5, 259.562, -216.092, 182.421, 0.997742, 0.0497062, -0.0451627, -0.0496867, 0.998764, 0.00155584, 0.0451842, 0.000691656, 0.998978, 0.00282064  
6, 259.553, -216.106, 182.421, 0.997709, 0.0497412, -0.0458452, -0.0497485, 0.998761, 0.000983989, 0.0458373, 0.00129899, 0.998948, 0.00295795  
7, 259.554, -216.151, 182.4, 0.997667, 0.0498135, -0.0466903, -0.0498667, 0.998756, 2.48482e-005, 0.0466334, 0.0023035, 0.998909, 0.00281898  
8, 259.551, -216.132, 182.418, 0.997713, 0.0501593, -0.0453105, -0.0501629, 0.99874, 0.00105786, 0.0453065, 0.00121747, 0.998972, 0.00311217  
9, 259.562, -216.148, 182.391, 0.997715, 0.0497947, -0.0456652, -0.0498138, 0.998758, 0.000721358, 0.0456444, 0.00155504, 0.998957, 0.00287085  
10, 259.58, -216.151, 182.408, 0.99774, 0.0499089, -0.0449966, -0.049901, 0.998753, 0.00129976, 0.0450054, 0.000948556, 0.998986, 0.00277349  
11, 259.582, -216.138, 182.391, 0.997707, 0.0496412, -0.0460149, -0.0496767, 0.998765, 0.000372854, 0.0459766, 0.00191387, 0.998941, 0.00271524  
12, 259.554, -216.163, 182.429, 0.997861, 0.0481181, -0.0442498, -0.0480935, 0.998842, 0.001623, 0.0442766, 0.000508593, 0.999019, 0.00300066  
13, 259.551, -216.169, 182.392, 0.997748, 0.0498241, -0.044911, -0.0498564, 0.998756, 0.000401728, 0.0448752, 0.00183828, 0.998991, 0.00290691  
14, 259.584, -216.159, 182.41, 0.997778, 0.050065, -0.0439706, -0.0500193, 0.998746, 0.00214026, 0.0440226, 6.38773e-005, 0.999031, 0.00277626  
15, 259.583, -216.152, 182.415, 0.997721, 0.0504345, -0.0448261, -0.0504221, 0.998727, 0.00140935, 0.0448401, 0.000854083, 0.998994, 0.00288056  
16, 259.59, -216.156, 182.434, 0.997734, 0.0504047, -0.0445754, -0.0503563, 0.998729, 0.00220864, 0.04463, 4.10175e-005, 0.999004, 0.00266504  
17, 259.613, -216.167, 182.431, 0.997809, 0.0491799, -0.0442475, -0.0491391, 0.99879, 0.00200902, 0.0442928, 0.000169664, 0.999019, 0.00274575  
18, 259.588, -216.154, 182.402, 0.997788, 0.0493595, -0.0445242, -0.0493461, 0.998781, 0.00140007, 0.044539, 0.000800123, 0.999007, 0.00290802  
19, 259.614, -216.211, 182.398, 0.997811, 0.0491185, -0.0442819, -0.0491375, 0.998792, 0.000659757, 0.0442608, 0.00151759, 0.999019, 0.0027255  
20, 259.65, -216.194, 182.426, 0.997718, 0.0496694, -0.0457394, -0.0496613, 0.998765, 0.00131392, 0.0457482, 0.000960559, 0.998953, 0.0028359  
21, 259.623, -216.193, 182.413, 0.997722, 0.0491682, -0.0461785, -0.0492374, 0.998787, -0.000360975, 0.0461048, 0.00263386, 0.998933, 0.00265699  
22, 259.661, -216.18, 182.402, 0.997666, 0.0503064, -0.046161, -0.0503427, 0.998732, 0.000377658, 0.0461214, 0.00194709, 0.998934, 0.00279845  
23, 259.609, -216.198, 182.392, 0.99781, 0.049527, -0.0438422, -0.0495058, 0.998773, 0.00156956, 0.0438661, 0.000604326, 0.999037, 0.00286641  
24, 259.664, -216.198, 182.411, 0.997729, 0.0494999, -0.0456821, -0.0494944, 0.998774, 0.0012515, 0.045688, 0.00101235, 0.998955, 0.00270747  
25, 259.623, -216.205, 182.402, 0.997842, 0.0490965, -0.0435911, -0.0490597, 0.998794, 0.00191294, 0.0436325, 0.000229755, 0.999048, 0.00287224  
26, 259.654, -216.187, 182.394, 0.997685, 0.0503534, -0.0457125, -0.0504204, 0.998728, -0.000313381, 0.0456386, 0.0026175, 0.998955, 0.00275019  
27, 259.665, -216.176, 182.401, 0.997737, 0.0500195, -0.0449217, -0.0500142, 0.998748, 0.00124352, 0.0449276, 0.00100601, 0.99899, 0.00285948  
28, 259.672, -216.203, 182.404, 0.997751, 0.0498467, -0.0448225, -0.0497792, 0.998757, 0.00262089, 0.0448974, -0.000383763, 0.998992, 0.00299151  
29, 259.673, -216.203, 182.416, 0.997791, 0.0496363, -0.0441448, -0.0496064, 0.998767, 0.0017726, 0.0441784, 0.000421177, 0.999024, 0.00286142  
30, 259.636, -216.218, 182.431, 0.997769, 0.0505404, -0.0436115, -0.0505033, 0.998722, 0.00195415, 0.0436546, 0.000252733, 0.999047, 0.00285226  
31, 259.646, -216.225, 182.431, 0.997797, 0.0497152, -0.0439263, -0.0496476, 0.998763, 0.00262902, 0.0440027, -0.000442395, 0.999031, 0.0027635  
32, 259.675, -216.232, 182.384, 0.997796, 0.0494156, -0.0442779, -0.0493892, 0.998778, 0.0016923, 0.0443074, 0.000498279, 0.999018, 0.00295989  
33, 259.647, -216.231, 182.387, 0.997769, 0.0496865, -0.0445837, -0.0497303, 0.998763, 0.000126763, 0.0445349, 0.00209068, 0.999006, 0.00283313  
34, 259.694, -216.207, 182.399, 0.997776, 0.0498501, -0.0442399, -0.0498262, 0.998757, 0.00164514, 0.0442669, 0.000562827, 0.99902, 0.00278958  
35, 259.675, -216.204, 182.409, 0.997813, 0.0492142, -0.044122, -0.0491886, 0.998788, 0.00166598, 0.0441505, 0.000507961, 0.999025, 0.00284699  
36, 259.656, -216.23, 182.419, 0.997779, 0.0491658, -0.0449391, -0.0491386, 0.998791, 0.00170998, 0.0449688, 0.000502068, 0.998988, 0.00281926  
37, 259.644, -216.228, 182.402, 0.997703, 0.0501223, -0.0455687, -0.0501734, 0.998741, 2.31141e-005, 0.0455125, 0.00226328, 0.998961, 0.00286586  
38, 259.625, -216.239, 182.398, 0.997773, 0.0494005, -0.0448269, -0.049411, 0.998778, 0.000875655, 0.0448154, 0.00134124, 0.998994, 0.00295351  
39, 259.637, -216.245, 182.426, 0.997854, 0.0500221, -0.0422569, -0.0499032, 0.998747, 0.00386556, 0.0423973, -0.00174851, 0.999099, 0.00268556  
40, 259.658, -216.241, 182.436, 0.997831, 0.0480365, -0.0450106, -0.0480869, 0.998843, -3.77254e-005, 0.0449567, 0.00220206, 0.998987, 0.00284422  
41, 259.635, -216.237, 182.379, 0.997832, 0.0486967, -0.0442782, -0.0486831, 0.998813, 0.00138481, 0.0442931, 0.000773792, 0.999018, 0.00279013  
42, 259.622, -216.267, 182.411, 0.997883, 0.0486465, -0.0431564, -0.0486164, 0.998816, 0.00174698, 0.0431903, 0.000354825, 0.999067, 0.00285421  
43, 259.614, -216.257, 182.403, 0.997821, 0.0492223, -0.0439271, -0.0492066, 0.998788, 0.00143891, 0.0439447, 0.000725726, 0.999034, 0.00278847  
44, 259.642, -216.259, 182.383, 0.997783, 0.0488619, -0.0451744, -0.04892, 0.998803, -0.000182044, 0.0451114, 0.00239157, 0.998979, 0.00281843  
45, 259.613, -216.257, 182.414, 0.997831, 0.0490831, -0.0438607, -0.0490484, 0.998795, 0.00186734, 0.0438995, 0.000288004, 0.999036, 0.00300288  
46, 259.608, -216.219, 182.387, 0.997818, 0.0487562, -0.0445261, -0.048733, 0.998811, 0.00160715, 0.0445515, 0.000566244, 0.999007, 0.0028101  
47, 259.608, -216.258, 182.403, 0.997823, 0.0490679, -0.0440625, -0.0490266, 0.998795, 0.00201812, 0.0441084, 0.000146505, 0.999027, 0.00290996  
48, 259.603, -216.242, 182.411, 0.997792, 0.0487, -0.0451661, -0.0486853, 0.998813, 0.00142439, 0.0451819, 0.000777681, 0.998978, 0.00291994  
49, 259.562, -216.309, 182.396, 0.997827, 0.0488562, -0.0442051, -0.0488395, 0.998806, 0.00145877, 0.0442236, 0.000703355, 0.999021, 0.00271663  
50, 259.564, -216.258, 182.415, 0.997869, 0.0490342, -0.0430449, -0.0489471, 0.998797, 0.00307617, 0.043144, -0.000962694, 0.999068, 0.00278098  
51, 259.552, -216.242, 182.41, 0.997883, 0.0486327, -0.0431841, -0.0486138, 0.998817, 0.00148866, 0.0432054, 0.000613833, 0.999066, 0.00273216  
52, 259.553, -216.273, 182.42, 0.997876, 0.049395, -0.042469, -0.0492862, 0.998778, 0.00360592, 0.0425952, -0.00150512, 0.999091, 0.0028334  
53, 259.549, -216.286, 182.41, 0.997876, 0.0482773, -0.043728, -0.0482457, 0.998834, 0.00177765, 0.0437628, 0.000335811, 0.999042, 0.00280012  
54, 259.55, -216.284, 182.375, 0.997843, 0.0492902, -0.0433647, -0.0492543, 0.998784, 0.00189713, 0.0434055, 0.000242865, 0.999058, 0.0026814  
55, 259.572, -216.254, 182.401, 0.997804, 0.0484003, -0.0452071, -0.0484062, 0.998827, 0.00096567, 0.0452008, 0.00122475, 0.998977, 0.00293853  
56, 259.568, -216.23, 182.375, 0.997797, 0.0489206, -0.0448197, -0.0488715, 0.998803, 0.00219059, 0.0448732, 4.64867e-006, 0.998993, 0.00264229  
57, 259.576, -216.23, 182.396, 0.997761, 0.0500147, -0.0444014, -0.0500035, 0.998748, 0.00136323, 0.044414, 0.000860053, 0.999013, 0.00273355  
58, 259.551, -216.225, 182.38, 0.997851, 0.0492203, -0.0432622, -0.0491316, 0.998787, 0.00311263, 0.0433629, -0.000980402, 0.999059, 0.00286225  
59, 259.583, -216.26, 182.424, 0.997918, 0.0472549, -0.0439013, -0.0471533, 0.998882, 0.00334863, 0.0440104, -0.00127156, 0.99903, 0.00283729  
60, 259.573, -216.21, 182.388, 0.997794, 0.0498804, -0.0438093, -0.0498086, 0.998755, 0.00273017, 0.043891, -0.000542064, 0.999036, 0.00274603  
61, 259.575, -216.248, 182.386, 0.997791, 0.0487487, -0.0451395, -0.0487774, 0.99881, 0.000467083, 0.0451085, 0.00173573, 0.998981, 0.00285726  
62, 259.573, -216.219, 182.381, 0.997749, 0.0499484, -0.0447384, -0.0499726, 0.99875, 0.000576724, 0.0447113, 0.00166027, 0.998999, 0.00288527  
63, 259.588, -216.252, 182.365, 0.997717, 0.0494634, -0.0459801, -0.0495634, 0.99877, -0.00103703, 0.0458722, 0.00331359, 0.998942, 0.00297154  
64, 259.573, -216.252, 182.397, 0.99788, 0.0479742, -0.0439795, -0.0479185, 0.998849, 0.00232062, 0.0440402, -0.000208268, 0.99903, 0.00278625  
65, 259.61, -216.247, 182.405, 0.997797, 0.0489978, -0.0447242, -0.0490179, 0.998798, 0.000648395, 0.0447022, 0.00154532, 0.998999, 0.00277294  
66, 259.629, -216.235, 182.416, 0.997793, 0.0484371, -0.0454256, -0.0484661, 0.998825, 0.000464308, 0.0453947, 0.00173832, 0.998968, 0.00308055  
67, 259.631, -216.235, 182.414, 0.997847, 0.0484479, -0.0442047, -0.0484415, 0.998825, 0.0012161, 0.0442117, 0.000927858, 0.999022, 0.00288305  
68, 259.623, -216.227, 182.401, 0.997738, 0.0502039, -0.0446939, -0.0501881, 0.998739, 0.00147766, 0.0447117, 0.000768783, 0.999, 0.00289082  
69, 259.645, -216.214, 182.428, 0.997828, 0.0488388, -0.0442032, -0.0487964, 0.998807, 0.00203881, 0.0442501, 0.000122573, 0.99902, 0.00268001  
70, 259.671, -216.21, 182.418, 0.997783, 0.0493323, -0.0446766, -0.0492974, 0.998782, 0.00188333, 0.0447151, 0.000323285, 0.999, 0.00283784  
71, 259.636, -216.202, 182.432, 0.997798, 0.0496591, -0.0439725, -0.0496017, 0.998766, 0.00239613, 0.0440373, -0.000209743, 0.99903, 0.00267086  
72, 259.642, -216.23, 182.412, 0.997775, 0.049981, -0.0441217, -0.0499451, 0.99875, 0.00191739, 0.0441624, 0.00029054, 0.999024, 0.00279984  
73, 259.649, -216.185, 182.41, 0.997708, 0.0499433, -0.0456638, -0.0499845, 0.99875, 0.000238487, 0.0456187, 0.00204455, 0.998957, 0.00285365  
74, 259.648, -216.187, 182.411, 0.997778, 0.0497198, -0.0443617, -0.0496999, 0.998763, 0.00155075, 0.0443839, 0.000657465, 0.999014, 0.00273937  
75, 259.626, -216.196, 182.432, 0.997828, 0.0497381, -0.0431847, -0.0496498, 0.998762, 0.00311522, 0.0432861, -0.000964343, 0.999062, 0.00276572  
76, 259.643, -216.185, 182.405, 0.997758, 0.0501155, -0.0443511, -0.0501051, 0.998743, 0.00134524, 0.0443627, 0.000879991, 0.999015, 0.00272661  
77, 259.643, -216.173, 182.408, 0.997754, 0.0495235, -0.0450938, -0.0495031, 0.998773, 0.00157023, 0.0451162, 0.000665581, 0.998982, 0.0027391  
78, 259.615, -216.187, 182.404, 0.997812, 0.0495909, -0.0437231, -0.049586, 0.998769, 0.00119612, 0.0437286, 0.000974554, 0.999043, 0.00283535  
79, 259.661, -216.163, 182.425, 0.997773, 0.0496496, -0.0445332, -0.0496273, 0.998767, 0.00160761, 0.0445581, 0.000606031, 0.999007, 0.00277682  
80, 259.638, -216.183, 182.415, 0.997757, 0.0489192, -0.0457034, -0.048989, 0.998799, -0.000407778, 0.0456286, 0.00264583, 0.998955, 0.00283257  
81, 259.651, -216.172, 182.409, 0.997784, 0.0500475, -0.0438398, -0.049993, 0.998747, 0.00234006, 0.043902, -0.000143195, 0.999036, 0.00278847  
82, 259.652, -216.156, 182.401, 0.997774, 0.049802, -0.0443513, -0.0497419, 0.998759, 0.00245867, 0.0444187, -0.000247079, 0.999013, 0.00278542  
83, 259.653, -216.157, 182.415, 0.997757, 0.0496794, -0.0448556, -0.0497209, 0.998763, 0.00019114, 0.0448097, 0.00203955, 0.998993, 0.00290968  
84, 259.631, -216.183, 182.375, 0.997801, 0.0493128, -0.0442856, -0.0492856, 0.998783, 0.00170528, 0.0443158, 0.000481117, 0.999017, 0.00278736  
85, 259.661, -216.131, 182.42, 0.997671, 0.0499446, -0.0464527, -0.0499916, 0.99875, 0.000148923, 0.0464021, 0.00217367, 0.99892, 0.00275851  
86, 259.636, -216.138, 182.413, 0.997746, 0.0494341, -0.0453724, -0.0494217, 0.998777, 0.00139522, 0.0453859, 0.000850307, 0.998969, 0.00272051  
87, 259.627, -216.145, 182.387, 0.997719, 0.0503768, -0.0449393, -0.0503938, 0.998729, 0.000753996, 0.0449201, 0.00151239, 0.998989, 0.00276711  
88, 259.598, -216.168, 182.415, 0.997798, 0.0491678, -0.0445235, -0.0491842, 0.998789, 0.000727271, 0.0445054, 0.00146418, 0.999008, 0.00296876  
89, 259.618, -216.14, 182.433, 0.997705, 0.0498649, -0.0458026, -0.0499015, 0.998754, 0.00034495, 0.0457628, 0.00194146, 0.99895, 0.00270498  
90, 259.639, -216.148, 182.425, 0.997697, 0.0490066, -0.0469004, -0.0490828, 0.998795, -0.000474131, 0.0468207, 0.00277505, 0.998899, 0.00278015  
91, 259.608, -216.15, 182.383, 0.997642, 0.0502343, -0.0467562, -0.0502927, 0.998735, -7.2618e-005, 0.0466934, 0.00242394, 0.998906, 0.00271025  
92, 259.59, -216.156, 182.395, 0.997786, 0.0484681, -0.0455389, -0.0485271, 0.998822, -0.000190708, 0.045476, 0.00240016, 0.998963, 0.00282897  
93, 259.595, -216.153, 182.404, 0.997736, 0.0497663, -0.0452244, -0.0498043, 0.998759, 0.000288043, 0.0451826, 0.00196498, 0.998977, 0.00281815  
94, 259.609, -216.136, 182.393, 0.997799, 0.0496806, -0.0439139, -0.0496058, 0.998765, 0.0027941, 0.0439985, -0.000609569, 0.999031, 0.00273216  
95, 259.57, -216.173, 182.415, 0.997758, 0.050048, -0.0444406, -0.0500457, 0.998746, 0.00116379, 0.0444431, 0.00106288, 0.999011, 0.00282952  
96, 259.599, -216.139, 182.415, 0.997771, 0.049894, -0.0443227, -0.0498485, 0.998755, 0.00213154, 0.0443738, 8.26363e-005, 0.999015, 0.00270581  
97, 259.591, -216.134, 182.394, 0.997729, 0.0496491, -0.0455072, -0.0496332, 0.998766, 0.00147978, 0.0455246, 0.000782248, 0.998963, 0.00274603  
98, 259.554, -216.163, 182.397, 0.997815, 0.049397, -0.0438814, -0.0493784, 0.998779, 0.00150772, 0.0439023, 0.00066237, 0.999036, 0.00278264  
99, 259.565, -216.102, 182.4, 0.997693, 0.0502993, -0.0455905, -0.0503075, 0.998733, 0.000968353, 0.0455815, 0.00132743, 0.99896, 0.00271274  
100, 259.566, -216.122, 182.401, 0.997781, 0.0499434, -0.0440226, -0.0498916, 0.998752, 0.00227465, 0.0440813, -7.32444e-005, 0.999028, 0.00276045  
101, 259.58, -216.121, 182.444, 0.997745, 0.0497634, -0.0450458, -0.0497155, 0.998761, 0.00218418, 0.0450987, 6.02176e-005, 0.998983, 0.00274936  
102, 259.567, -216.094, 182.403, 0.997794, 0.0497258, -0.0439723, -0.0496184, 0.998762, 0.0035303, 0.0440935, -0.00134067, 0.999027, 0.00276461  
103, 259.586, -216.112, 182.391, 0.997686, 0.0505555, -0.0454617, -0.0505506, 0.998721, 0.00125744, 0.0454671, 0.00104358, 0.998965, 0.00275962  
104, 259.577, -216.132, 182.401, 0.997717, 0.0503523, -0.0450012, -0.0503812, 0.99873, 0.000492156, 0.0449688, 0.00177618, 0.998987, 0.00270026  
105, 259.587, -216.096, 182.424, 0.997699, 0.0509017, -0.0447847, -0.0508312, 0.998704, 0.00271137, 0.0448646, -0.000428676, 0.998993, 0.00283229  
106, 259.597, -216.079, 182.385, 0.99772, 0.0504857, -0.0447956, -0.0504119, 0.998725, 0.00277491, 0.0448786, -0.00051035, 0.998992, 0.0027047  
107, 259.587, -216.136, 182.427, 0.997745, 0.048817, -0.0460587, -0.0488389, 0.998806, 0.000650498, 0.0460355, 0.00160042, 0.998939, 0.00274797  
108, 259.628, -216.077, 182.391, 0.997742, 0.0505625, -0.0441995, -0.0504881, 0.998721, 0.0027989, 0.0442845, -0.000561037, 0.999019, 0.00285282  
109, 259.598, -216.093, 182.408, 0.99772, 0.0506355, -0.0446205, -0.0505959, 0.998717, 0.00201812, 0.0446655, 0.000244097, 0.999002, 0.00277349  
110, 259.632, -216.116, 182.417, 0.997713, 0.0497375, -0.0457764, -0.0496817, 0.998762, 0.00235668, 0.045837, -7.7039e-005, 0.998949, 0.0028506  
111, 259.632, -216.114, 182.406, 0.997666, 0.0502825, -0.0462043, -0.0502971, 0.998734, 0.000847918, 0.0461884, 0.001478, 0.998932, 0.00271912  
112, 259.622, -216.066, 182.422, 0.997705, 0.0501188, -0.0455385, -0.0500948, 0.998743, 0.00167084, 0.045565, 0.000614236, 0.998961, 0.00282591  
113, 259.616, -216.069, 182.413, 0.997784, 0.0493549, -0.0446128, -0.0492803, 0.998781, 0.00277098, 0.0446952, -0.000566307, 0.999001, 0.00291551  
114, 259.66, -216.088, 182.403, 0.997693, 0.0502072, -0.0456983, -0.0501919, 0.998738, 0.00148298, 0.0457151, 0.000814126, 0.998954, 0.0027513  
115, 259.637, -216.093, 182.402, 0.997732, 0.0496658, -0.0454387, -0.0496428, 0.998766, 0.00163387, 0.0454637, 0.000625542, 0.998966, 0.00287418  
116, 259.641, -216.107, 182.393, 0.997715, 0.0496383, -0.0458256, -0.0496149, 0.998767, 0.00164971, 0.045851, 0.000627692, 0.998948, 0.00280123  
117, 259.642, -216.061, 182.398, 0.997766, 0.0499687, -0.0443468, -0.0499229, 0.998751, 0.00214188, 0.0443984, 7.682e-005, 0.999014, 0.00283701  
118, 259.679, -216.061, 182.393, 0.997683, 0.0505517, -0.0455317, -0.0504868, 0.998721, 0.00257488, 0.0456036, -0.000270162, 0.99896, 0.00272412  
119, 259.632, -216.091, 182.399, 0.997749, 0.0504176, -0.0442219, -0.0503909, 0.998728, 0.00171854, 0.0442523, 0.000513712, 0.99902, 0.00262176  
120, 259.664, -216.057, 182.399, 0.997731, 0.0495346, -0.0455878, -0.0495422, 0.998772, 0.000963054, 0.0455795, 0.00129765, 0.99896, 0.00277099  
121, 259.659, -216.053, 182.401, 0.997723, 0.0498551, -0.0454199, -0.0498323, 0.998756, 0.00163517, 0.0454449, 0.000631932, 0.998967, 0.00282619  
122, 259.589, -216.048, 182.366, 0.99784, 0.0493741, -0.0433229, -0.0491838, 0.998775, 0.00544843, 0.0435389, -0.00330588, 0.999046, 0.00286863  
123, 259.599, -216.051, 182.367, 0.997832, 0.0497118, -0.0431339, -0.0494822, 0.998755, 0.00637466, 0.043397, -0.00422648, 0.999049, 0.00275407  
124, 259.65, -216.056, 182.373, 0.997765, 0.0499837, -0.0443546, -0.0499327, 0.99875, 0.00225891, 0.044412, -3.91146e-005, 0.999013, 0.00288444  
125, 259.668, -216.074, 182.378, 0.997719, 0.0497473, -0.0456358, -0.0497437, 0.998761, 0.00121394, 0.0456397, 0.00105892, 0.998957, 0.00282148  
126, 259.678, -216.038, 182.383, 0.997689, 0.0502162, -0.0457793, -0.0501952, 0.998738, 0.00160925, 0.0458023, 0.000692367, 0.99895, 0.00283424  
127, 259.638, -216.047, 182.404, 0.997806, 0.0509414, -0.0422941, -0.0507886, 0.998698, 0.0046819, 0.0424776, -0.00252357, 0.999094, 0.00311771  
128, 259.646, -216.074, 182.41, 0.997731, 0.0502859, -0.0447578, -0.0502239, 0.998735, 0.00250867, 0.0448274, -0.000255061, 0.998995, 0.00272828  
129, 259.681, -216.045, 182.386, 0.997706, 0.0504107, -0.0451881, -0.050358, 0.998729, 0.00230597, 0.0452468, -2.51039e-005, 0.998976, 0.00293797  
130, 259.65, -216.042, 182.396, 0.997721, 0.0501901, -0.0450929, -0.0501441, 0.99874, 0.00215124, 0.045144, 0.000114803, 0.99898, 0.00271053  
131, 259.675, -216.069, 182.398, 0.997687, 0.0501072, -0.0459268, -0.0501148, 0.998743, 0.000987244, 0.0459186, 0.00131665, 0.998944, 0.00288444  
132, 259.609, -216.06, 182.404, 0.997752, 0.0498538, -0.0447875, -0.0497949, 0.998757, 0.0024313, 0.044853, -0.000195647, 0.998994, 0.00304144  
133, 259.624, -216.066, 182.403, 0.997709, 0.0500735, -0.0454878, -0.0500706, 0.998745, 0.00120484, 0.045491, 0.00107552, 0.998964, 0.0027072  
134, 259.599, -216.093, 182.419, 0.997747, 0.0504892, -0.0441855, -0.0504309, 0.998725, 0.00243389, 0.044252, -0.000200088, 0.99902, 0.00285532  
135, 259.596, -216.054, 182.422, 0.997737, 0.0496235, -0.0453675, -0.0496129, 0.998768, 0.00136018, 0.0453791, 0.000893708, 0.998969, 0.00277404  
136, 259.576, -216.089, 182.438, 0.997727, 0.0501561, -0.0450076, -0.0501144, 0.998741, 0.00205462, 0.045054, 0.000205582, 0.998985, 0.00277515  
137, 259.587, -216.087, 182.407, 0.997762, 0.0499093, -0.0444935, -0.0498706, 0.998754, 0.00198204, 0.044537, 0.000241308, 0.999008, 0.00289248  
138, 259.596, -216.067, 182.388, 0.997782, 0.0496525, -0.0443467, -0.0495879, 0.998766, 0.00255704, 0.044419, -0.000352307, 0.999013, 0.00279318  
139, 259.606, -216.06, 182.419, 0.997722, 0.0505646, -0.0446439, -0.0505099, 0.998721, 0.00235456, 0.0447059, -9.4243e-005, 0.999, 0.00288777  
140, 259.61, -216.069, 182.373, 0.997655, 0.0499373, -0.0468014, -0.0499596, 0.998751, 0.000693975, 0.0467776, 0.00164583, 0.998904, 0.00270109  
141, 259.524, -216.094, 182.357, 0.997846, 0.0489287, -0.043691, -0.0487642, 0.998799, 0.00482234, 0.0438744, -0.0026814, 0.999033, 0.00287973  
142, 259.598, -216.086, 182.391, 0.997655, 0.050483, -0.04621, -0.0505257, 0.998723, 0.000243959, 0.0461633, 0.00209141, 0.998932, 0.00291662  
143, 259.555, -216.076, 182.397, 0.997741, 0.0499713, -0.044908, -0.0499377, 0.998751, 0.00186978, 0.0449453, 0.000377042, 0.998989, 0.00280289  
144, 259.601, -216.078, 182.396, 0.997721, 0.0503593, -0.0449029, -0.0502844, 0.998731, 0.0027979, 0.0449868, -0.000533613, 0.998987, 0.0027685  
145, 259.599, -216.092, 182.431, 0.997745, 0.0500331, -0.0447363, -0.0499446, 0.998747, 0.00309249, 0.044835, -0.000851183, 0.998994, 0.00269777  
146, 259.583, -216.087, 182.41, 0.997729, 0.0500725, -0.0450523, -0.0500103, 0.998746, 0.0025081, 0.0451214, -0.000249326, 0.998981, 0.00289859  
147, 259.557, -216.089, 182.422, 0.997827, 0.0491535, -0.0438832, -0.0490667, 0.998791, 0.0030534, 0.0439803, -0.00089356, 0.999032, 0.00303977  
148, 259.587, -216.075, 182.427, 0.997776, 0.0500838, -0.0439958, -0.0500098, 0.998745, 0.00278069, 0.0440798, -0.000574284, 0.999028, 0.00272467  
149, 259.588, -216.093, 182.401, 0.997749, 0.0507832, -0.0438044, -0.0507352, 0.99871, 0.00220871, 0.0438601, 1.86861e-005, 0.999038, 0.00281482  
150, 259.61, -216.137, 182.409, 0.997795, 0.0491185, -0.044637, -0.0491544, 0.998791, 0.000293781, 0.0445975, 0.00190097, 0.999003, 0.00282092  
151, 259.652, -216.193, 182.383, 0.997775, 0.0500733, -0.0440234, -0.0501749, 0.99874, -0.0012044, 0.0439076, 0.00341059, 0.99903, 0.00283424  
152, 259.643, -216.233, 182.391, 0.997802, 0.0501616, -0.0433091, -0.0503447, 0.998727, -0.00314754, 0.0430961, 0.00532101, 0.999057, 0.00286225  
153, 259.626, -216.296, 182.404, 0.997899, 0.0486504, -0.0427815, -0.0488717, 0.998796, -0.00414262, 0.0425284, 0.00622473, 0.999076, 0.00273272  
154, 259.633, -216.362, 182.387, 0.997545, 0.0491937, -0.0498355, -0.0499142, 0.998665, -0.0133169, 0.0491139, 0.0157717, 0.998669, 0.00282286  
155, 259.645, -216.421, 182.417, 0.997495, 0.0504371, -0.0495945, -0.0513125, 0.998546, -0.0165394, 0.0486882, 0.0190428, 0.998632, 0.002728  
156, 259.608, -216.507, 182.408, 0.997701, 0.0503674, -0.0453476, -0.0511724, 0.998549, -0.01677, 0.0444372, 0.019052, 0.99883, 0.00274908  
157, 259.668, -216.574, 182.455, 0.997585, 0.0504969, -0.0476963, -0.0514878, 0.998478, -0.0197786, 0.0466249, 0.0221866, 0.998666, 0.00275685  
158, 259.69, -216.611, 182.463, 0.997492, 0.0515443, -0.0485126, -0.0527061, 0.998346, -0.0229813, 0.0472477, 0.0254806, 0.998558, 0.00269333  
159, 259.693, -216.672, 182.448, 0.997616, 0.0501572, -0.0473918, -0.0513775, 0.998369, -0.0248915, 0.046066, 0.027267, 0.998566, 0.00291606  
160, 259.742, -216.828, 182.431, 0.997582, 0.0509002, -0.0473155, -0.0523727, 0.998164, -0.0304199, 0.0456803, 0.0328244, 0.998417, 0.00266531  
161, 259.756, -216.982, 182.461, 0.997503, 0.0516134, -0.0481992, -0.0534355, 0.997874, -0.0373132, 0.0461708, 0.0397956, 0.998141, 0.00274159  
162, 259.732, -217.109, 182.487, 0.997556, 0.0504186, -0.0483759, -0.0524865, 0.997718, -0.0424721, 0.0461241, 0.0449074, 0.997926, 0.00287945  
163, 259.723, -217.095, 182.478, 0.997423, 0.0511494, -0.0503057, -0.0535612, 0.997419, -0.0478246, 0.0477297, 0.0503958, 0.997588, 0.00278098  
164, 274.081, -218.421, 182.836, -0.999116, -0.0394789, 0.0144734, 0.0379453, -0.994832, -0.0941794, 0.0181167, -0.0935469, 0.99545, 0.00291357  
165, 274.047, -218.382, 182.825, -0.999052, -0.0411491, 0.0141956, 0.039582, -0.994491, -0.0970645, 0.0181115, -0.0964106, 0.995177, 0.00270581  
166, 274.092, -218.408, 182.838, -0.999062, -0.0409362, 0.0140963, 0.039296, -0.994042, -0.101666, 0.0181742, -0.101017, 0.994719, 0.00273438  
167, 274.007, -218.492, 182.822, -0.999139, -0.0399842, 0.0110302, 0.0384854, -0.992852, -0.112974, 0.0154686, -0.112452, 0.993537, 0.00280067  
168, 274.057, -218.57, 182.82, -0.999164, -0.0396271, 0.0100952, 0.0381152, -0.991904, -0.121137, 0.0148137, -0.120651, 0.992584, 0.00268612  
169, 274.043, -218.503, 182.774, -0.999117, -0.0389871, 0.0156729, 0.0368291, -0.992082, -0.120071, 0.02023, -0.119388, 0.992642, 0.00274853  
170, 259.712, -217.262, 182.573, 0.997401, 0.0502399, -0.0516503, -0.0546058, 0.994718, -0.0869181, 0.0470107, 0.0895126, 0.994876, 0.00269166  
171, 259.715, -217.152, 182.592, 0.997374, 0.0521343, -0.0502757, -0.0565393, 0.994282, -0.0905924, 0.0452653, 0.0931971, 0.994618, 0.00274326  
172, 259.735, -217.062, 182.578, 0.997106, 0.050224, -0.0570684, -0.0558876, 0.99317, -0.102418, 0.0515348, 0.105311, 0.993103, 0.00279207  
173, 259.703, -217.03, 182.521, 0.996946, 0.0502249, -0.0597931, -0.0566384, 0.992215, -0.110908, 0.0537573, 0.113956, 0.99203, 0.00267142  
174, 273.95, -218.138, 182.858, -0.999228, -0.0382431, 0.00904177, 0.0363781, -0.987205, -0.155253, 0.0148634, -0.154804, 0.987833, 0.00281676  
175, 259.533, -216.745, 182.513, 0.997304, 0.0488025, -0.0547965, -0.0547638, 0.992066, -0.113162, 0.0488392, 0.115858, 0.992064, 0.00269915  
176, 259.612, -216.436, 182.506, 0.997333, 0.0487125, -0.0543514, -0.0548302, 0.991567, -0.117426, 0.0481729, 0.120093, 0.991593, 0.00276711  
177, 259.412, -216.222, 182.403, 0.997318, 0.0474309, -0.0557473, -0.0540202, 0.990892, -0.123349, 0.049389, 0.12603, 0.990796, 0.00293104  
178, 259.375, -215.936, 182.478, 0.997517, 0.0465226, -0.0528714, -0.0529449, 0.990438, -0.127397, 0.046439, 0.12988, 0.990442, 0.00269277  
179, 259.262, -215.559, 182.376, 0.997393, 0.0466447, -0.0550616, -0.0536571, 0.989575, -0.133646, 0.0482537, 0.136252, 0.989498, 0.00296821  
180, 259.277, -215.172, 182.344, 0.997382, 0.045588, -0.0561247, -0.0529103, 0.989187, -0.13678, 0.0492823, 0.139392, 0.98901, 0.00269832  
181, 259.163, -214.639, 182.396, 0.997506, 0.0442781, -0.0549619, -0.051502, 0.98911, -0.137871, 0.0482588, 0.140358, 0.988924, 0.00275712  
182, 258.814, -214.42, 182.094, 0.997709, 0.0363407, -0.0570565, -0.0437505, 0.989945, -0.134515, 0.0515944, 0.136704, 0.989267, 0.00289138  
183, 258.875, -213.828, 182.112, 0.997492, 0.0359811, -0.060956, -0.0442927, 0.989016, -0.141014, 0.0552126, 0.143361, 0.988129, 0.00272273  
184, 258.794, -213.209, 182.145, 0.997548, 0.0357414, -0.0601678, -0.0438481, 0.989276, -0.139318, 0.0545431, 0.141615, 0.988418, 0.00280539  
185, 258.713, -212.666, 182.117, 0.997291, 0.0343818, -0.0650214, -0.0437702, 0.987871, -0.148981, 0.0591105, 0.151423, 0.9867, 0.0026434  
186, 258.699, -212.018, 182.239, 0.997202, 0.0316984, -0.0677042, -0.0418228, 0.987217, -0.153795, 0.0619637, 0.156196, 0.985781, 0.00277294  
187, 258.522, -211.483, 182.151, 0.997179, 0.0333253, -0.0672628, -0.0438473, 0.985884, -0.161585, 0.0609284, 0.164079, 0.984564, 0.00295545  
188, 258.459, -210.698, 182.214, 0.997264, 0.0313789, -0.0669393, -0.0419969, 0.985625, -0.163643, 0.0608421, 0.166007, 0.984246, 0.00279596  
189, 258.382, -209.98, 182.164, 0.997023, 0.0331814, -0.0695957, -0.0448672, 0.983771, -0.173728, 0.0627017, 0.176333, 0.982331, 0.00279901  
190, 258.221, -209.044, 182.193, 0.997133, 0.0315353, -0.0687907, -0.0431241, 0.983783, -0.174101, 0.0621848, 0.176568, 0.982322, 0.00272911  
191, 257.886, -208.259, 181.908, 0.997103, 0.0388341, -0.0653958, -0.0500997, 0.982286, -0.180568, 0.0572251, 0.183322, 0.981386, 0.00278625  
192, 257.717, -207.13, 181.825, 0.997138, 0.0388898, -0.0648311, -0.0500597, 0.982259, -0.180726, 0.0566525, 0.183454, 0.981394, 0.00294241  
193, 257.648, -206.086, 181.743, 0.997118, 0.0362634, -0.0666392, -0.0480682, 0.981541, -0.185112, 0.0586964, 0.187782, 0.980455, 0.0027868  
194, 257.731, -204.73, 181.919, 0.997164, 0.0309491, -0.0686024, -0.0429053, 0.982671, -0.180326, 0.0618326, 0.182758, 0.981212, 0.00284062  
195, 257.774, -203.661, 181.89, 0.997337, 0.0339228, -0.0645626, -0.0451797, 0.982298, -0.181793, 0.0572528, 0.184226, 0.981215, 0.00271968  
196, 257.742, -202.37, 181.893, 0.997245, 0.0330257, -0.0664236, -0.0448885, 0.981541, -0.185908, 0.0590577, 0.188377, 0.980319, 0.0028212  
197, 257.856, -201.077, 181.824, 0.996956, 0.0318857, -0.0711499, -0.0448276, 0.981056, -0.188468, 0.0637926, 0.191084, 0.979499, 0.00282786  
198, 257.849, -199.662, 181.813, 0.996969, 0.0312507, -0.0712438, -0.0441452, 0.981308, -0.187312, 0.0640585, 0.18989, 0.979713, 0.00273715  
199, 257.856, -198.181, 181.87, 0.997036, 0.0306699, -0.070553, -0.0435258, 0.981087, -0.18861, 0.063434, 0.191122, 0.979515, 0.00279235  
200, 257.878, -196.771, 181.993, 0.997088, 0.0281586, -0.0708702, -0.0414046, 0.98032, -0.193023, 0.0640403, 0.195395, 0.978631, 0.00280234  
201, 257.855, -195.201, 181.919, 0.997003, 0.0297749, -0.0714017, -0.0431636, 0.980047, -0.194021, 0.0642001, 0.196521, 0.978396, 0.0028567  
202, 257.817, -193.742, 181.856, 0.996888, 0.0273684, -0.0739236, -0.04153, 0.979436, -0.197437, 0.0669999, 0.199892, 0.977524, 0.00319538  
203, 257.503, -191.824, 181.812, 0.997115, 0.0291544, -0.0700798, -0.0424987, 0.979437, -0.197222, 0.0628889, 0.199631, 0.977851, 0.00277876  
204, 257.481, -190.123, 181.652, 0.997121, 0.0293309, -0.0699198, -0.0427438, 0.9791, -0.198839, 0.0626263, 0.201256, 0.977535, 0.00283396  
205, 257.364, -188.202, 181.695, 0.997056, 0.0234879, -0.0729904, -0.0374777, 0.979753, -0.19667, 0.0668932, 0.198827, 0.977749, 0.00277931  
206, 257.365, -186.23, 181.765, 0.997099, 0.0268326, -0.0712331, -0.040012, 0.980852, -0.190602, 0.0647547, 0.192899, 0.979079, 0.00289665  
207, 257.089, -184.337, 181.757, 0.99696, 0.0230998, -0.0744179, -0.0368934, 0.981149, -0.189697, 0.0686331, 0.191866, 0.979018, 0.00305919  
208, 257.093, -182.028, 181.748, 0.996733, 0.0230563, -0.0774107, -0.0370794, 0.982051, -0.184933, 0.0717574, 0.187199, 0.979698, 0.00272966  
209, 257.038, -179.95, 181.66, 0.996933, 0.021812, -0.0751648, -0.0352261, 0.982657, -0.182058, 0.0698902, 0.184147, 0.980411, 0.00294879  
210, 256.985, -178.112, 181.86, 0.99697, 0.0210878, -0.0748786, -0.0357085, 0.979213, -0.199667, 0.0691116, 0.201736, 0.976999, 0.00276572  
211, 256.858, -175.54, 181.805, 0.99693, 0.0216205, -0.0752591, -0.0355267, 0.981397, -0.188672, 0.0697799, 0.190767, 0.979152, 0.00286918  
212, 256.806, -173.359, 181.736, 0.996325, 0.0172774, -0.0838902, -0.0331134, 0.980985, -0.191237, 0.078991, 0.193312, 0.977952, 0.0030431  
213, 256.72, -170.744, 181.754, 0.996139, 0.0145478, -0.0865746, -0.0308179, 0.98136, -0.18969, 0.0822013, 0.191625, 0.97802, 0.00281787  
214, 256.67, -168.341, 181.796, 0.996398, 0.014551, -0.083538, -0.0297505, 0.982531, -0.183707, 0.0794056, 0.18553, 0.979425, 0.00284062  
215, 256.452, -165.795, 181.775, 0.996285, 0.0123698, -0.0852219, -0.0275707, 0.983356, -0.179583, 0.0815821, 0.181265, 0.980044, 0.0028334  
216, 256.473, -163.005, 181.752, 0.996024, 0.0123386, -0.0882261, -0.0278198, 0.983913, -0.176469, 0.0846294, 0.178221, 0.980344, 0.00282314  
217, 256.264, -160.581, 181.739, 0.996048, 0.0128233, -0.0878848, -0.0286704, 0.982971, -0.181513, 0.0840606, 0.183315, 0.979454, 0.0031216  
218, 256.267, -157.653, 181.781, 0.995933, 0.0126895, -0.0892001, -0.028066, 0.984467, -0.173313, 0.0856153, 0.175111, 0.980819, 0.00271691  
219, 256.243, -154.901, 181.841, 0.996032, 0.0116052, -0.0882383, -0.026851, 0.984447, -0.173617, 0.084851, 0.175298, 0.980852, 0.0028248  
220, 256.151, -152.124, 181.74, 0.996014, 0.00923433, -0.0887233, -0.0246435, 0.984403, -0.174192, 0.0857309, 0.175684, 0.980706, 0.00270747  
221, 256.367, -149.156, 181.646, 0.995543, 0.0106559, -0.0936997, -0.0268715, 0.984459, -0.173549, 0.0903942, 0.175293, 0.980358, 0.00274547  
222, 256.676, -146.069, 182.047, 0.995744, 0.0177872, -0.090434, -0.0339623, 0.982968, -0.180612, 0.0856811, 0.182915, 0.979388, 0.00285005  
223, 256.66, -142.927, 181.972, 0.995911, 0.0193562, -0.0882416, -0.0346276, 0.983964, -0.174976, 0.0834397, 0.177316, 0.98061, 0.00274686  
224, 256.935, -139.887, 182.032, 0.996005, 0.0157824, -0.0878904, -0.0303353, 0.985524, -0.166801, 0.0839856, 0.168801, 0.982066, 0.00287501  
225, 257.068, -136.563, 182.064, 0.995654, 0.0171972, -0.0915295, -0.0320914, 0.985965, -0.163839, 0.0874273, 0.166064, 0.982232, 0.00271635  
226, 257.421, -133.371, 182.22, 0.995876, 0.0179934, -0.0889176, -0.0325075, 0.985826, -0.164591, 0.0846958, 0.166803, 0.982346, 0.00284672  
227, 271.551, -131.245, 182.779, -0.999727, -0.0136875, -0.01893, 0.0172901, -0.978479, -0.20562, -0.0157082, -0.205891, 0.978449, 0.00295073  
228, 272.14, -127.74, 183.056, -0.999594, -0.0104608, -0.0265069, 0.0155512, -0.979712, -0.199808, -0.023879, -0.200139, 0.979477, 0.00268279  
229, 272.365, -124.578, 182.942, -0.999668, -0.00864829, -0.0242645, 0.0132281, -0.98062, -0.195472, -0.0221037, -0.195728, 0.980409, 0.00277488  
230, 272.683, -121.036, 182.996, -0.99979, -0.00931369, -0.018271, 0.0125254, -0.982767, -0.184422, -0.0162385, -0.184612, 0.982677, 0.00269943  
231, 273.003, -117.631, 182.761, -0.999896, -0.00946681, -0.0109131, 0.0112403, -0.984326, -0.176001, -0.00907589, -0.176105, 0.98433, 0.00271552  
232, 273.317, -113.96, 182.639, -0.999898, -0.0114679, -0.00849167, 0.0127041, -0.986417, -0.163769, -0.00649825, -0.16386, 0.986462, 0.00281926  
233, 273.988, -110.265, 183.11, -0.999742, -0.0102781, -0.020236, 0.0136119, -0.984966, -0.17221, -0.0181618, -0.172442, 0.984852, 0.00266698  
234, 274.493, -106.576, 183.123, -0.999815, -0.0101659, -0.0163264, 0.0126996, -0.986467, -0.16347, -0.0144436, -0.163647, 0.986413, 0.00283368  
235, 275.069, -103.144, 183.143, -0.999923, -0.00552118, -0.011119, 0.00714364, -0.988413, -0.151621, -0.0101531, -0.151688, 0.988376, 0.00274437  
236, 275.706, -99.4643, 183.395, -0.999999, -0.00109536, -0.000484379, 0.0011518, -0.990401, -0.138217, -0.000328332, -0.138217, 0.990402, 0.00273438  
237, 276.287, -95.8003, 183.183, -0.999945, -0.0033621, 0.00992099, 0.00215731, -0.992887, -0.11904, 0.0102506, -0.119012, 0.99284, 0.00286281  
238, 276.899, -92.3465, 183.195, -0.999867, -0.00781127, 0.0143228, 0.00615265, -0.993645, -0.112394, 0.0151097, -0.112291, 0.993561, 0.0026753  
239, 277.424, -88.381, 183.159, -0.9998, -0.00605466, 0.0190538, 0.00415998, -0.995183, -0.0979512, 0.0195551, -0.0978523, 0.995009, 0.00292022  
240, 278.162, -84.7384, 183.252, -0.999722, -0.00734496, 0.0223862, 0.00506025, -0.994928, -0.100458, 0.0230106, -0.100317, 0.994689, 0.00271053  
241, 278.415, -80.908, 182.885, -0.999482, -0.0105397, 0.030421, 0.00802723, -0.996636, -0.0815623, 0.0311783, -0.0812758, 0.996204, 0.00276961  
242, 264.787, -76.3472, 183.057, 0.999599, 0.014442, -0.0243545, -0.0150934, 0.999527, -0.0267775, 0.0239563, 0.0271344, 0.999345, 0.00274326  
243, 265.755, -72.4821, 183.19, 0.999682, 0.0157443, -0.0196809, -0.0161152, 0.999693, -0.0188345, 0.0193783, 0.0191457, 0.999629, 0.00268806  
244, 266.53, -68.4721, 183.073, 0.99983, 0.0129473, -0.0131269, -0.0129132, 0.999913, 0.00267982, 0.0131605, -0.00250986, 0.99991, 0.00288943  
245, 267.327, -64.8143, 183.23, 0.999889, 0.0131148, -0.00711019, -0.0130532, 0.999877, 0.00864201, 0.00722266, -0.00854824, 0.999937, 0.00270193  
246, 267.825, -61.2288, 183.133, 0.999885, 0.0144134, -0.00479394, -0.0143466, 0.999803, 0.013689, 0.0049903, -0.0136186, 0.999895, 0.00276628  
247, 268.619, -57.6002, 183.283, 0.999914, 0.0131169, -7.13218e-005, -0.0131131, 0.999729, 0.0192169, 0.00032337, -0.0192144, 0.999815, 0.00289581  
248, 269.454, -53.8353, 183.19, 0.999855, 0.0156992, 0.00664771, -0.0158412, 0.999635, 0.0218831, -0.00630174, -0.0219852, 0.999738, 0.00281759  
249, 270.352, -50.0263, 183.259, 0.99985, 0.0149595, 0.00874559, -0.0152284, 0.999387, 0.0315291, -0.00826857, -0.0316576, 0.999465, 0.00286003  
250, 271.196, -46.1496, 183.181, 0.999869, 0.011333, 0.0115344, -0.0118222, 0.998994, 0.0432656, -0.0110325, -0.0433963, 0.998997, 0.00271358  
251, 271.907, -42.7536, 183.104, 0.999875, 0.0121448, 0.0101194, -0.0125506, 0.999078, 0.0410549, -0.00961143, -0.0411767, 0.999106, 0.00275685  
252, 272.624, -38.9017, 183.114, 0.999901, 0.00943364, 0.0104522, -0.00995695, 0.998639, 0.0512011, -0.00995498, -0.0513001, 0.998634, 0.00284062  
253, 273.184, -35.5576, 183.246, 0.999702, 0.010907, 0.0218417, -0.0121854, 0.998167, 0.0592775, -0.0211551, -0.059526, 0.998003, 0.00269139  
254, 273.598, -31.7765, 183.163, 0.999559, 0.0146816, 0.0257941, -0.0163339, 0.997748, 0.0650594, -0.0247808, -0.065452, 0.997548, 0.00295711  
255, 288.318, -29.205, 182.032, -0.995564, -0.0172487, 0.0924887, 0.0195243, -0.999527, 0.0237551, 0.0920353, 0.0254555, 0.99543, 0.00269416  
256, 288.697, -25.4365, 181.946, -0.995057, -0.0211383, 0.0970292, 0.023748, -0.999384, 0.0258198, 0.0964237, 0.0279965, 0.994947, 0.00274908  
257, 289.199, -22.0286, 181.965, -0.994194, -0.0214304, 0.10545, 0.0255217, -0.998967, 0.0376038, 0.104535, 0.0400768, 0.993713, 0.00297819  
258, 289.606, -18.6476, 182.154, -0.994647, -0.0157358, 0.102125, 0.020468, -0.998757, 0.0454557, 0.101282, 0.0473027, 0.993733, 0.00268112  
259, 289.967, -14.874, 182.04, -0.994156, -0.0195708, 0.106161, 0.0253034, -0.998278, 0.0529231, 0.104942, 0.0553, 0.99294, 0.00276489  
260, 290.308, -11.449, 182.151, -0.994289, -0.0213851, 0.104557, 0.0267826, -0.998365, 0.0504939, 0.103306, 0.0530058, 0.993236, 0.00271191  
261, 290.623, -7.75374, 182.132, -0.993996, -0.0229246, 0.106989, 0.0296888, -0.99763, 0.0620649, 0.105313, 0.0648686, 0.992321, 0.00274242  
262, 290.785, -4.72616, 182.054, -0.993603, -0.0257921, 0.109946, 0.0335228, -0.997049, 0.0690558, 0.10784, 0.0722997, 0.991536, 0.00300094  
263, 290.967, -1.21004, 182.054, -0.99344, -0.0267961, 0.111169, 0.0359621, -0.996042, 0.0812831, 0.108551, 0.0847478, 0.990472, 0.00275574  
264, 291.136, 1.88675, 182.223, -0.99403, -0.0238532, 0.106465, 0.0329256, -0.995897, 0.0842886, 0.104017, 0.0872909, 0.990737, 0.00274326  
265, 291.158, 5.11917, 182.29, -0.993561, -0.0224067, 0.111063, 0.0328059, -0.995153, 0.0927087, 0.108448, 0.0957553, 0.98948, 0.00269666  
266, 291.254, 8.17411, 182.188, -0.993634, -0.0243383, 0.109994, 0.0345589, -0.99516, 0.0919907, 0.107222, 0.0952064, 0.989666, 0.00275407  
267, 291.045, 11.2967, 182.007, -0.993737, -0.027098, 0.108405, 0.0370522, -0.995171, 0.0908899, 0.105419, 0.0943374, 0.989943, 0.0028739  
268, 291.171, 14.4029, 181.891, -0.993905, -0.029631, 0.106182, 0.0397201, -0.994761, 0.0941994, 0.102834, 0.0978428, 0.989875, 0.0027746  
269, 277.151, 18.5241, 182.956, 0.998971, 0.0257618, 0.0373268, -0.0311295, 0.98801, 0.151218, -0.0329836, -0.152225, 0.987795, 0.00278819  
270, 277.03, 21.4693, 182.998, 0.998913, 0.02515, 0.0392411, -0.0309378, 0.987483, 0.154659, -0.0348603, -0.155705, 0.987188, 0.00266587  
271, 276.664, 24.3153, 183.071, 0.998996, 0.0271746, 0.0356113, -0.0323497, 0.987556, 0.153904, -0.0309859, -0.154901, 0.987444, 0.0027488  
272, 276.305, 27.5536, 182.958, 0.998918, 0.0318109, 0.0339307, -0.0367986, 0.986707, 0.158286, -0.0284445, -0.159363, 0.98681, 0.00289665  
273, 275.943, 30.1435, 182.956, 0.998904, 0.0328218, 0.0333614, -0.0374911, 0.987875, 0.150658, -0.028012, -0.151744, 0.988023, 0.00269721  
274, 275.557, 32.9113, 183.015, 0.998997, 0.0284163, 0.0346029, -0.033456, 0.987336, 0.155074, -0.0297581, -0.156076, 0.987297, 0.00284838  
275, 275.147, 35.5409, 182.845, 0.999008, 0.0321849, 0.030782, -0.0365584, 0.987379, 0.154096, -0.0254339, -0.155068, 0.987576, 0.00270775  
276, 274.928, 38.2253, 182.757, 0.99915, 0.0324562, 0.0253954, -0.0360292, 0.987105, 0.155969, -0.0200057, -0.156751, 0.987436, 0.00278015  
