0, 0, 0, 0, 0, 0, 0, 0, 0, 0, 0, 0, 0, 0.00275879  
1, 0, 0, 0, 0, 0, 0, 0, 0, 0, 0, 0, 0, 0.00275491  
2, 251.63, -201.933, 182.442, 0.997507, -0.0704368, -0.00427413, 0.0705516, 0.996707, 0.0399764, 0.00144425, -0.0401783, 0.999191, 0.00283202  
3, 251.64, -201.926, 182.437, 0.997473, -0.0709064, -0.00437421, 0.0710264, 0.996631, 0.0410141, 0.00145131, -0.0412211, 0.999149, 0.00290136  
4, 251.64, -201.938, 182.418, 0.997501, -0.0705269, -0.0041304, 0.0706366, 0.996677, 0.0405613, 0.00125601, -0.0407517, 0.999169, 0.00278542  
5, 251.625, -201.938, 182.442, 0.997458, -0.0710835, -0.0049629, 0.0712278, 0.996613, 0.0410944, 0.00202496, -0.0413434, 0.999143, 0.00301897  
6, 251.642, -201.923, 182.44, 0.997482, -0.0707682, -0.00462073, 0.0708964, 0.996687, 0.0398468, 0.00178554, -0.0400741, 0.999195, 0.00291329  
7, 251.643, -201.913, 182.439, 0.997493, -0.070611, -0.00469643, 0.0707418, 0.996711, 0.0395356, 0.00188934, -0.0397687, 0.999207, 0.00299761  
8, 251.646, -201.908, 182.438, 0.997479, -0.0708261, -0.0044127, 0.0709468, 0.996662, 0.0403976, 0.00153677, -0.0406088, 0.999174, 0.0027954  
9, 251.614, -201.956, 182.453, 0.997346, -0.0725869, -0.00568995, 0.0727556, 0.996567, 0.0395081, 0.00280265, -0.0398172, 0.999203, 0.00278875  
10, 251.632, -201.927, 182.433, 0.99744, -0.0713633, -0.00456308, 0.0714909, 0.996593, 0.0411196, 0.0016131, -0.0413406, 0.999144, 0.00282286  
11, 251.626, -201.908, 182.427, 0.997423, -0.0715803, -0.00491212, 0.0717189, 0.996642, 0.0395051, 0.00206784, -0.0397556, 0.999207, 0.00281094  
12, 251.635, -201.895, 182.43, 0.997463, -0.0709834, -0.00541909, 0.0711411, 0.996706, 0.0389277, 0.00263801, -0.0392145, 0.999227, 0.0030223  
13, 251.625, -201.892, 182.42, 0.997475, -0.0708558, -0.00473077, 0.0709876, 0.996697, 0.0394408, 0.00192054, -0.0396771, 0.999211, 0.00277737  
14, 251.623, -201.958, 182.457, 0.99742, -0.0716307, -0.00473955, 0.071764, 0.996605, 0.0403606, 0.0018324, -0.0405966, 0.999174, 0.00283756  
15, 251.622, -201.917, 182.447, 0.997464, -0.071022, -0.00460778, 0.0711491, 0.996679, 0.039611, 0.00177922, -0.0398384, 0.999205, 0.00304948  
16, 251.602, -201.927, 182.42, 0.997429, -0.0715916, -0.00328195, 0.0716658, 0.996607, 0.0404835, 0.000372536, -0.0406146, 0.999175, 0.00271691  
17, 251.617, -201.93, 182.418, 0.997461, -0.071112, -0.00370396, 0.0712041, 0.996621, 0.0409559, 0.000778987, -0.0411156, 0.999154, 0.00271053  
18, 251.648, -201.922, 182.416, 0.997477, -0.0708902, -0.00368303, 0.0709814, 0.996649, 0.0406385, 0.000789818, -0.0407974, 0.999167, 0.00286031  
19, 251.642, -201.888, 182.426, 0.997428, -0.0715299, -0.00448406, 0.0716531, 0.996605, 0.0405602, 0.00156757, -0.0407772, 0.999167, 0.00281732  
20, 251.638, -201.915, 182.431, 0.997445, -0.0712575, -0.00516972, 0.0714078, 0.996642, 0.0400761, 0.00229664, -0.0403429, 0.999183, 0.00309358  
21, 251.613, -201.91, 182.437, 0.99746, -0.0710424, -0.00522065, 0.0711937, 0.996679, 0.0395244, 0.00239541, -0.0397957, 0.999205, 0.0027746  
22, 251.596, -201.938, 182.455, 0.997374, -0.0722349, -0.00516427, 0.0723844, 0.996568, 0.040164, 0.0022453, -0.0404324, 0.99918, 0.00294962  
23, 251.614, -201.918, 182.442, 0.997485, -0.0707701, -0.00398794, 0.0708732, 0.99668, 0.0400756, 0.00113855, -0.0402574, 0.999189, 0.00293159  
24, 251.618, -201.935, 182.435, 0.997417, -0.07168, -0.00465321, 0.071809, 0.996617, 0.0399767, 0.00177194, -0.0402076, 0.99919, 0.00277349  
25, 251.658, -201.874, 182.451, 0.997459, -0.0709721, -0.00622694, 0.0711616, 0.996703, 0.0389664, 0.00344089, -0.0393105, 0.999221, 0.00308526  
26, 251.655, -201.903, 182.453, 0.99743, -0.0713715, -0.00630135, 0.0715648, 0.996661, 0.0393076, 0.00347486, -0.0396576, 0.999207, 0.0027979  
27, 251.624, -201.936, 182.432, 0.997455, -0.0711704, -0.00429316, 0.0712856, 0.996647, 0.0401652, 0.0014202, -0.040369, 0.999184, 0.00275685  
28, 251.663, -201.888, 182.43, 0.997432, -0.0714792, -0.00449737, 0.071604, 0.996584, 0.0411604, 0.00153989, -0.0413768, 0.999142, 0.00283978  
29, 251.658, -201.89, 182.409, 0.997449, -0.0712168, -0.00487765, 0.0713553, 0.996648, 0.0400218, 0.00201108, -0.0402677, 0.999187, 0.00425052  
30, 251.621, -201.948, 182.453, 0.997434, -0.0714781, -0.00399355, 0.0715813, 0.996614, 0.0404645, 0.0010877, -0.0406465, 0.999173, 0.00282536  
31, 251.621, -201.976, 182.426, 0.99745, -0.0712305, -0.00445422, 0.0713521, 0.996645, 0.0400926, 0.00158346, -0.0403082, 0.999186, 0.002994  
32, 251.637, -201.936, 182.434, 0.997453, -0.0712149, -0.00401602, 0.0713207, 0.996576, 0.0418344, 0.00102304, -0.0420142, 0.999116, 0.00283285  
33, 251.627, -201.937, 182.431, 0.99745, -0.0712353, -0.00440233, 0.071356, 0.996611, 0.0409143, 0.00147287, -0.041124, 0.999153, 0.0028445  
34, 251.612, -201.924, 182.445, 0.997433, -0.0714544, -0.00464415, 0.0715836, 0.996626, 0.0401662, 0.00175842, -0.0403956, 0.999182, 0.00281815  
35, 251.646, -201.927, 182.444, 0.997478, -0.0708213, -0.00476975, 0.0709559, 0.996672, 0.0401159, 0.00191282, -0.0403531, 0.999184, 0.00310523  
36, 251.619, -201.914, 182.433, 0.997464, -0.071031, -0.00449298, 0.0711542, 0.996661, 0.0400401, 0.00163389, -0.0402582, 0.999188, 0.00287917  
37, 251.667, -201.903, 182.427, 0.997453, -0.0710698, -0.00597295, 0.0712463, 0.996734, 0.0380295, 0.00325069, -0.0383582, 0.999259, 0.00292189  
38, 251.641, -201.924, 182.438, 0.997476, -0.0708184, -0.00514461, 0.0709673, 0.996686, 0.0397546, 0.0023122, -0.0400194, 0.999196, 0.00289526  
39, 251.625, -201.934, 182.43, 0.997461, -0.0711128, -0.00379638, 0.0712081, 0.996652, 0.0401855, 0.000925968, -0.0403538, 0.999185, 0.00284505  
40, 251.644, -201.941, 182.43, 0.997458, -0.071137, -0.00404379, 0.0712426, 0.996636, 0.0405129, 0.00114822, -0.040698, 0.999171, 0.00288749  
41, 251.634, -201.971, 182.427, 0.997494, -0.0706904, -0.00300377, 0.0707541, 0.996645, 0.0411307, 8.61487e-005, -0.0412402, 0.999149, 0.00281315  
42, 251.641, -201.947, 182.436, 0.997478, -0.0708455, -0.00430773, 0.0709635, 0.996615, 0.0415056, 0.00135266, -0.0417067, 0.999129, 0.00293076  
43, 251.598, -201.982, 182.422, 0.997406, -0.0718984, -0.00351209, 0.0719825, 0.996527, 0.0418596, 0.000490257, -0.0420038, 0.999117, 0.00287335  
44, 251.593, -201.981, 182.411, 0.997433, -0.0715619, -0.00269724, 0.0716121, 0.996555, 0.0418352, -0.000305855, -0.0419209, 0.999121, 0.00286808  
45, 251.608, -201.96, 182.429, 0.997468, -0.0710189, -0.00375047, 0.0711124, 0.996657, 0.0402236, 0.000881301, -0.0403884, 0.999184, 0.00291911  
46, 251.648, -201.938, 182.449, 0.997457, -0.0711372, -0.00443994, 0.0712571, 0.996679, 0.0394191, 0.00162103, -0.0396352, 0.999213, 0.00287862  
47, 251.664, -201.912, 182.437, 0.997496, -0.0705927, -0.00419627, 0.0707045, 0.996687, 0.0402047, 0.00134421, -0.0404007, 0.999183, 0.00287113  
48, 251.636, -201.952, 182.459, 0.997403, -0.0718738, -0.00464302, 0.0720026, 0.996596, 0.0401568, 0.001741, -0.0403868, 0.999183, 0.00288222  
49, 251.608, -201.969, 182.427, 0.997438, -0.0714714, -0.00301529, 0.0715349, 0.996605, 0.040761, 9.18032e-005, -0.0408723, 0.999164, 0.00286336  
50, 251.606, -201.95, 182.428, 0.997479, -0.0708462, -0.00400787, 0.0709512, 0.996633, 0.041082, 0.00108388, -0.0412628, 0.999148, 0.00284172  
51, 251.65, -201.926, 182.441, 0.997457, -0.0710863, -0.00514125, 0.0712349, 0.996667, 0.0397577, 0.00229788, -0.0400228, 0.999196, 0.00284783  
52, 251.637, -201.934, 182.44, 0.99744, -0.0713552, -0.00463508, 0.0714847, 0.996619, 0.0405096, 0.00172883, -0.0407373, 0.999168, 0.00288361  
53, 251.662, -201.904, 182.421, 0.997488, -0.0706917, -0.00459767, 0.0708195, 0.996681, 0.0401391, 0.00174492, -0.0403638, 0.999184, 0.00288194  
54, 251.63, -201.922, 182.423, 0.997465, -0.071046, -0.00405057, 0.0711519, 0.996645, 0.0404453, 0.0011635, -0.040631, 0.999174, 0.0028567  
55, 251.66, -201.927, 182.459, 0.997522, -0.07018, -0.00502944, 0.0703257, 0.996716, 0.0401362, 0.00219617, -0.0403904, 0.999182, 0.00287196  
56, 251.622, -201.921, 182.43, 0.997436, -0.0713884, -0.00494154, 0.0715303, 0.996616, 0.0405032, 0.00203336, -0.0407528, 0.999167, 0.00287307  
57, 251.639, -201.908, 182.435, 0.997423, -0.0715401, -0.00535032, 0.071696, 0.996646, 0.039444, 0.00251055, -0.039726, 0.999207, 0.00290192  
58, 251.635, -201.889, 182.457, 0.997402, -0.0717788, -0.00603629, 0.0719615, 0.996629, 0.0393948, 0.00318823, -0.0397268, 0.999205, 0.00288111  
59, 251.604, -201.93, 182.45, 0.997467, -0.0709722, -0.00480443, 0.071108, 0.996664, 0.0400518, 0.00194584, -0.040292, 0.999186, 0.00287501  
60, 251.645, -201.889, 182.437, 0.997472, -0.0708619, -0.00538567, 0.071019, 0.996706, 0.0391704, 0.00259224, -0.0394538, 0.999218, 0.00285226  
61, 251.646, -201.946, 182.439, 0.997523, -0.0702249, -0.00396798, 0.0703281, 0.996701, 0.040503, 0.00111057, -0.0406818, 0.999172, 0.00279651  
62, 251.648, -201.927, 182.422, 0.997504, -0.0704883, -0.00422366, 0.0706017, 0.996683, 0.0404882, 0.00135571, -0.0406853, 0.999171, 0.00290413  
63, 251.648, -201.93, 182.422, 0.99754, -0.0700208, -0.00317534, 0.0700919, 0.996724, 0.0403446, 0.000339986, -0.0404679, 0.999181, 0.00288  
64, 251.65, -201.903, 182.399, 0.997519, -0.0702491, -0.0044748, 0.0703727, 0.996706, 0.0403094, 0.00162836, -0.0405243, 0.999177, 0.00282425  
65, 251.644, -201.923, 182.408, 0.997488, -0.0707174, -0.00405024, 0.0708227, 0.996695, 0.0397871, 0.00122322, -0.039974, 0.9992, 0.00291135  
66, 251.655, -201.925, 182.427, 0.997464, -0.0710031, -0.00494609, 0.0711443, 0.996668, 0.0398951, 0.00209694, -0.0401458, 0.999192, 0.00287335  
67, 251.659, -201.893, 182.44, 0.997462, -0.0709416, -0.0060594, 0.0711259, 0.99669, 0.0393792, 0.00324573, -0.0397102, 0.999206, 0.0045487  
68, 251.633, -201.916, 182.433, 0.997426, -0.0715636, -0.00456271, 0.0716897, 0.996611, 0.0403324, 0.00166091, -0.0405557, 0.999176, 0.00294269  
69, 251.626, -201.907, 182.433, 0.997403, -0.0717887, -0.00578192, 0.0719618, 0.996624, 0.039512, 0.00292589, -0.0398254, 0.999202, 0.00287307  
70, 251.642, -201.926, 182.454, 0.99744, -0.0713422, -0.00478899, 0.0714773, 0.996634, 0.0401562, 0.00190804, -0.0403957, 0.999182, 0.00278569  
71, 251.656, -201.919, 182.445, 0.997487, -0.0706716, -0.00492095, 0.0708114, 0.996703, 0.0396047, 0.0021058, -0.0398536, 0.999203, 0.00286308  
72, 251.599, -201.938, 182.468, 0.997419, -0.0716162, -0.00517784, 0.0717664, 0.99662, 0.0399888, 0.00229649, -0.0402572, 0.999187, 0.00290746  
73, 251.629, -201.96, 182.444, 0.99745, -0.0712626, -0.00376275, 0.0713566, 0.996629, 0.0404804, 0.000865328, -0.0406457, 0.999173, 0.00290663  
74, 251.669, -201.93, 182.452, 0.997455, -0.0710766, -0.00568296, 0.0712465, 0.996672, 0.039597, 0.00284963, -0.0399011, 0.9992, 0.00292827  
75, 251.648, -201.923, 182.431, 0.997516, -0.0703044, -0.0043019, 0.0704209, 0.996701, 0.0403376, 0.00145181, -0.0405403, 0.999177, 0.00278902  
76, 251.655, -201.907, 182.462, 0.997474, -0.0707821, -0.00604083, 0.0709625, 0.99674, 0.0383843, 0.00330421, -0.038716, 0.999245, 0.00289914  
77, 251.662, -201.902, 182.415, 0.997488, -0.0706079, -0.00560737, 0.070776, 0.996693, 0.0399206, 0.00277013, -0.0402172, 0.999187, 0.00296987  
78, 251.647, -201.905, 182.458, 0.997482, -0.0707747, -0.00448847, 0.0708985, 0.996663, 0.0404386, 0.00161147, -0.040655, 0.999172, 0.0029438  
79, 251.634, -201.914, 182.425, 0.997428, -0.0714939, -0.00512669, 0.071642, 0.996632, 0.039911, 0.00225603, -0.0401756, 0.99919, 0.00284089  
80, 251.647, -201.924, 182.442, 0.997473, -0.0709116, -0.00432588, 0.0710298, 0.996623, 0.041211, 0.00138893, -0.0414141, 0.999141, 0.00284644  
81, 251.641, -201.922, 182.453, 0.997409, -0.0717779, -0.00481929, 0.0719147, 0.996584, 0.0406114, 0.00188783, -0.0408528, 0.999163, 0.00294324  
82, 251.673, -201.899, 182.442, 0.997479, -0.0707241, -0.00588849, 0.0709008, 0.996718, 0.0390734, 0.00310573, -0.0393924, 0.999219, 0.00284727  
83, 251.65, -201.94, 182.445, 0.997478, -0.070856, -0.00416177, 0.0709671, 0.99664, 0.0408833, 0.00125096, -0.0410756, 0.999155, 0.00293714  
84, 251.615, -201.928, 182.457, 0.997417, -0.0717126, -0.00416652, 0.0718223, 0.996609, 0.0401384, 0.00127396, -0.0403339, 0.999185, 0.00287612  
85, 251.61, -201.953, 182.451, 0.997355, -0.0725246, -0.00485539, 0.072662, 0.996536, 0.040452, 0.0019048, -0.0406978, 0.99917, 0.00279901  
86, 251.622, -201.923, 182.434, 0.997487, -0.0707283, -0.00421289, 0.0708403, 0.996692, 0.0398439, 0.00138086, -0.0400422, 0.999197, 0.00295101  
87, 251.665, -201.897, 182.457, 0.997487, -0.0705809, -0.00621879, 0.0707704, 0.996732, 0.0389598, 0.00344865, -0.039302, 0.999221, 0.00293992  
88, 251.638, -201.937, 182.423, 0.997485, -0.0707621, -0.00411234, 0.0708707, 0.996667, 0.0403982, 0.00123997, -0.040588, 0.999175, 0.0029144  
89, 251.642, -201.915, 182.431, 0.997437, -0.0714153, -0.00444454, 0.0715376, 0.996598, 0.0409268, 0.00150662, -0.0411399, 0.999152, 0.00291773  
90, 251.641, -201.943, 182.448, 0.997451, -0.07123, -0.00416894, 0.0713415, 0.9966, 0.0412206, 0.00121862, -0.0414129, 0.999141, 0.00297708  
91, 251.644, -201.936, 182.442, 0.997476, -0.0708378, -0.00485896, 0.0709731, 0.996728, 0.0386754, 0.00210338, -0.0389227, 0.99924, 0.00281676  
92, 251.612, -201.925, 182.436, 0.997426, -0.0715982, -0.00393054, 0.0716986, 0.996611, 0.0403176, 0.00103055, -0.0404957, 0.999179, 0.00295489  
93, 251.61, -201.937, 182.437, 0.997443, -0.0713744, -0.00362145, 0.0714632, 0.996585, 0.0413786, 0.000655711, -0.0415316, 0.999137, 0.00298846  
94, 251.628, -201.931, 182.449, 0.997414, -0.0716657, -0.00538738, 0.0718231, 0.996635, 0.039509, 0.00253781, -0.0397938, 0.999205, 0.00293021  
95, 251.621, -201.932, 182.431, 0.997468, -0.0710442, -0.00306454, 0.07111, 0.996663, 0.0400684, 0.000207688, -0.0401849, 0.999192, 0.00283091  
96, 251.632, -201.931, 182.426, 0.997528, -0.0701481, -0.00420333, 0.0702613, 0.996695, 0.0407718, 0.00132938, -0.0409663, 0.99916, 0.0027832  
97, 251.651, -201.907, 182.427, 0.997497, -0.070551, -0.00470691, 0.0706825, 0.996711, 0.0396482, 0.00189421, -0.0398817, 0.999203, 0.00287667  
98, 251.665, -201.894, 182.42, 0.997491, -0.0705176, -0.00625208, 0.0707082, 0.996738, 0.0389055, 0.00348817, -0.03925, 0.999223, 0.00296183  
99, 251.646, -201.942, 182.455, 0.997407, -0.0717936, -0.00495257, 0.0719326, 0.996646, 0.0390279, 0.00213401, -0.0392829, 0.999226, 0.00280372  
100, 251.647, -201.932, 182.434, 0.99749, -0.0707063, -0.0037625, 0.0708006, 0.996677, 0.0402832, 0.000901719, -0.0404485, 0.999181, 0.00299761  
101, 251.638, -201.903, 182.436, 0.997422, -0.0715951, -0.00476879, 0.0717303, 0.996591, 0.0407684, 0.00183371, -0.0410054, 0.999157, 0.0030051  
102, 251.632, -201.903, 182.434, 0.997417, -0.0717291, -0.00372817, 0.0718218, 0.996576, 0.040973, 0.000776444, -0.041135, 0.999153, 0.00299789  
103, 251.613, -201.942, 182.427, 0.997417, -0.0717461, -0.00329847, 0.0718212, 0.996558, 0.0413977, 0.000316991, -0.0415277, 0.999137, 0.00296211  
104, 251.609, -201.978, 182.437, 0.997469, -0.0710101, -0.00374617, 0.0711035, 0.996652, 0.0403721, 0.000866803, -0.0405363, 0.999178, 0.00279568  
105, 251.652, -201.931, 182.422, 0.997521, -0.0702715, -0.00359886, 0.0703598, 0.996693, 0.0406401, 0.000731117, -0.0407926, 0.999167, 0.00279041  
106, 251.642, -201.895, 182.462, 0.997449, -0.071193, -0.00519185, 0.0713444, 0.996645, 0.0401134, 0.00231865, -0.0403814, 0.999182, 0.00298125  
107, 251.638, -201.906, 182.438, 0.997441, -0.0713574, -0.00431418, 0.0714739, 0.996617, 0.0405821, 0.00140375, -0.0407866, 0.999167, 0.00297403  
108, 251.631, -201.934, 182.436, 0.997455, -0.0711556, -0.00452227, 0.071279, 0.996675, 0.0394837, 0.00169775, -0.0397055, 0.99921, 0.0029646  
109, 251.616, -201.928, 182.455, 0.997408, -0.0717523, -0.00536121, 0.0719071, 0.99665, 0.0389585, 0.00254789, -0.039243, 0.999226, 0.00281038  
110, 251.646, -201.888, 182.436, 0.997414, -0.0716511, -0.00553144, 0.071816, 0.996609, 0.0401691, 0.00263452, -0.0404625, 0.999178, 0.00279707  
111, 251.611, -201.935, 182.443, 0.997434, -0.0714826, -0.00404569, 0.0715884, 0.996595, 0.0409132, 0.00110733, -0.0410978, 0.999155, 0.00283313  
112, 251.627, -201.931, 182.445, 0.997441, -0.0714006, -0.00356388, 0.0714871, 0.996574, 0.0415906, 0.000582073, -0.041739, 0.999128, 0.00305114  
113, 251.624, -201.934, 182.454, 0.997402, -0.071828, -0.00545719, 0.0719893, 0.996603, 0.0400083, 0.00256493, -0.0402972, 0.999184, 0.00295406  
114, 251.658, -201.908, 182.444, 0.997471, -0.0709057, -0.00497044, 0.0710466, 0.996699, 0.0392985, 0.00216754, -0.0395523, 0.999215, 0.0027868  
115, 251.644, -201.906, 182.439, 0.997465, -0.0709721, -0.00520716, 0.0711229, 0.996684, 0.0395253, 0.0023847, -0.0397954, 0.999205, 0.00279623  
116, 251.63, -201.906, 182.438, 0.997402, -0.0718485, -0.0051922, 0.0719971, 0.996637, 0.0391416, 0.00236247, -0.0394137, 0.99922, 0.00297403  
117, 251.637, -201.9, 182.445, 0.997438, -0.0714241, -0.00410075, 0.0715317, 0.996618, 0.0404547, 0.00119744, -0.0406443, 0.999173, 0.00283951  
118, 251.633, -201.95, 182.429, 0.99751, -0.0704344, -0.00349009, 0.0705179, 0.996691, 0.0404264, 0.000631136, -0.0405719, 0.999176, 0.00284699  
119, 251.607, -201.937, 182.45, 0.997407, -0.071804, -0.00486549, 0.0719407, 0.996623, 0.0395803, 0.00200704, -0.0398276, 0.999205, 0.0027954  
120, 251.618, -201.934, 182.429, 0.997458, -0.0711442, -0.00393321, 0.0712456, 0.996623, 0.0408205, 0.00101578, -0.040997, 0.999159, 0.00286558  
121, 251.654, -201.908, 182.436, 0.997444, -0.0712729, -0.00509873, 0.0714205, 0.996638, 0.0401391, 0.00222076, -0.0404007, 0.999181, 0.00285864  
122, 251.614, -201.932, 182.433, 0.997436, -0.0714226, -0.00454454, 0.0715467, 0.996654, 0.0395126, 0.00170725, -0.0397364, 0.999209, 0.00285892  
123, 251.621, -201.923, 182.449, 0.997405, -0.0718929, -0.0039397, 0.0719936, 0.996584, 0.0404672, 0.00101694, -0.0406458, 0.999173, 0.00282148  
124, 251.613, -201.946, 182.462, 0.997414, -0.0717169, -0.00470191, 0.0718465, 0.996643, 0.0392647, 0.00187018, -0.039501, 0.999218, 0.00277737  
125, 251.645, -201.945, 182.439, 0.99751, -0.0704256, -0.00381952, 0.0705228, 0.996682, 0.0406346, 0.000945126, -0.0408028, 0.999167, 0.00288638  
126, 251.657, -201.904, 182.44, 0.99747, -0.0708574, -0.00576415, 0.0710288, 0.996712, 0.0389921, 0.00298232, -0.0393028, 0.999223, 0.00285088  
127, 251.646, -201.921, 182.446, 0.997521, -0.0701998, -0.00493362, 0.0703418, 0.996712, 0.0402156, 0.00209427, -0.040463, 0.999179, 0.00290302  
128, 251.619, -201.942, 182.445, 0.99747, -0.0709413, -0.004618, 0.0710681, 0.996702, 0.0391618, 0.00182459, -0.0393909, 0.999222, 0.00288222  
129, 251.642, -201.934, 182.437, 0.997457, -0.071109, -0.00477975, 0.0712454, 0.996617, 0.0409595, 0.00185099, -0.0411959, 0.999149, 0.00278237  
130, 251.636, -201.919, 182.424, 0.997467, -0.0709903, -0.00457429, 0.0711172, 0.996654, 0.0402862, 0.00169905, -0.0405095, 0.999178, 0.00287973  
131, 251.646, -201.92, 182.44, 0.997455, -0.0711354, -0.00487824, 0.0712739, 0.996655, 0.0399787, 0.00201802, -0.0402246, 0.999189, 0.00286752  
132, 251.609, -201.938, 182.437, 0.997443, -0.0713539, -0.00404841, 0.0714591, 0.996633, 0.040202, 0.00116621, -0.0403885, 0.999183, 0.00284699  
133, 251.635, -201.946, 182.42, 0.997502, -0.0705328, -0.00382352, 0.0706294, 0.9967, 0.0399986, 0.000989687, -0.0401688, 0.999192, 0.00280844  
134, 251.659, -201.916, 182.435, 0.997467, -0.0708953, -0.00577132, 0.0710672, 0.996707, 0.0390406, 0.00298453, -0.0393519, 0.999221, 0.00284478  
135, 251.624, -201.959, 182.442, 0.997428, -0.0715518, -0.00420973, 0.0716639, 0.996601, 0.0406249, 0.00128864, -0.0408221, 0.999166, 0.00288527  
136, 251.637, -201.926, 182.432, 0.997465, -0.0710639, -0.00363131, 0.071153, 0.996632, 0.0407596, 0.000722544, -0.0409147, 0.999162, 0.0028359  
137, 251.641, -201.932, 182.432, 0.99748, -0.0708581, -0.00360923, 0.0709463, 0.996652, 0.0406459, 0.000717056, -0.0407996, 0.999167, 0.00293714  
138, 251.636, -201.94, 182.438, 0.997464, -0.0710544, -0.00400781, 0.0711586, 0.996643, 0.0404809, 0.00111801, -0.0406635, 0.999172, 0.00280539  
139, 251.627, -201.933, 182.448, 0.997428, -0.0714708, -0.0054952, 0.0716336, 0.996634, 0.0398725, 0.00262698, -0.0401636, 0.99919, 0.00281981  
140, 251.61, -201.97, 182.436, 0.997443, -0.0713821, -0.00348158, 0.0714648, 0.996603, 0.0409237, 0.000548535, -0.0410679, 0.999156, 0.00286059  
141, 251.624, -201.945, 182.431, 0.997401, -0.0718946, -0.00463083, 0.0720222, 0.99661, 0.0397718, 0.00175576, -0.040002, 0.999198, 0.00290081  
142, 251.621, -201.928, 182.393, 0.997461, -0.0711056, -0.00386482, 0.0712036, 0.996649, 0.0402634, 0.000988918, -0.0404363, 0.999182, 0.00290913  
143, 251.625, -201.939, 182.437, 0.997451, -0.0712265, -0.00423061, 0.0713383, 0.996667, 0.0395638, 0.00139852, -0.0397648, 0.999208, 0.00282037  
144, 251.62, -201.945, 182.467, 0.997416, -0.0716529, -0.00521272, 0.071804, 0.996626, 0.039758, 0.00234636, -0.0400295, 0.999196, 0.00286114  
145, 251.587, -201.947, 182.452, 0.997378, -0.0722086, -0.00485802, 0.0723448, 0.996591, 0.0396526, 0.0019782, -0.0399001, 0.999202, 0.00292466  
146, 251.638, -201.894, 182.451, 0.99745, -0.0710858, -0.00634298, 0.0712784, 0.99671, 0.0385854, 0.00357924, -0.0389391, 0.999235, 0.00283645  
147, 251.625, -201.925, 182.428, 0.997492, -0.0706488, -0.00431013, 0.0707643, 0.996707, 0.0395895, 0.00149899, -0.0397952, 0.999207, 0.00289138  
148, 251.619, -201.883, 182.433, 0.99746, -0.0710304, -0.0052542, 0.0711815, 0.996705, 0.0388927, 0.00247432, -0.0391679, 0.99923, 0.00287307  
149, 251.651, -201.892, 182.431, 0.997477, -0.0708388, -0.00463046, 0.0709674, 0.996681, 0.0398786, 0.00179014, -0.0401066, 0.999194, 0.00284422  
150, 251.627, -201.972, 182.47, 0.997426, -0.0715782, -0.00414283, 0.0716867, 0.99663, 0.0398756, 0.00127465, -0.0400699, 0.999196, 0.00303755  
151, 251.645, -201.928, 182.411, 0.997493, -0.070639, -0.0043013, 0.0707534, 0.996726, 0.0391195, 0.00152386, -0.0393257, 0.999225, 0.00285476  
152, 251.651, -201.907, 182.447, 0.997443, -0.0712181, -0.00603153, 0.0713992, 0.996692, 0.0388148, 0.00324726, -0.0391462, 0.999228, 0.00291939  
153, 251.615, -201.946, 182.427, 0.997452, -0.0712409, -0.00364812, 0.0713298, 0.996656, 0.039859, 0.000796334, -0.0400177, 0.999199, 0.00289304  
154, 251.577, -201.948, 182.443, 0.997376, -0.0722922, -0.00393104, 0.072392, 0.996562, 0.0402976, 0.00100433, -0.0404764, 0.99918, 0.00286003  
155, 251.64, -201.88, 182.448, 0.997427, -0.0715184, -0.00490882, 0.0716581, 0.996623, 0.0401067, 0.00202388, -0.0403552, 0.999183, 0.00280788  
156, 251.617, -201.919, 182.422, 0.997521, -0.0702907, -0.00333797, 0.0703688, 0.996644, 0.041818, 0.000387352, -0.0419492, 0.99912, 0.00284062  
157, 251.639, -201.909, 182.452, 0.997432, -0.0714207, -0.00535872, 0.0715809, 0.996589, 0.0410735, 0.00240695, -0.0413516, 0.999142, 0.00288167  
158, 251.606, -201.894, 182.419, 0.997412, -0.0717415, -0.00476881, 0.0718773, 0.996565, 0.041127, 0.00180192, -0.0413633, 0.999143, 0.00281593  
159, 251.627, -201.904, 182.412, 0.997486, -0.0707329, -0.00432024, 0.0708495, 0.99668, 0.0401185, 0.00146819, -0.0403238, 0.999186, 0.00288916  
160, 251.626, -201.937, 182.459, 0.997368, -0.0723411, -0.00481819, 0.0724774, 0.996542, 0.0406316, 0.0018622, -0.0408738, 0.999163, 0.00299345  
161, 251.639, -201.934, 182.411, 0.997493, -0.0707014, -0.00297822, 0.070764, 0.996658, 0.0408152, 8.25754e-005, -0.0409236, 0.999162, 0.00292216  
162, 251.667, -201.92, 182.429, 0.997485, -0.0707343, -0.00458182, 0.0708614, 0.99668, 0.0401059, 0.00172974, -0.0403297, 0.999185, 0.0029499  
163, 251.663, -201.932, 182.421, 0.997478, -0.0707819, -0.00517803, 0.0709307, 0.996716, 0.0390763, 0.00239512, -0.0393451, 0.999223, 0.00288111  
164, 251.644, -201.928, 182.427, 0.997434, -0.0714091, -0.00501931, 0.071553, 0.996637, 0.0399479, 0.00214978, -0.0402045, 0.999189, 0.00292244  
165, 251.617, -201.943, 182.45, 0.997449, -0.0712094, -0.00493456, 0.0713514, 0.996625, 0.0405885, 0.00202762, -0.040837, 0.999164, 0.00294103  
166, 251.619, -201.916, 182.427, 0.997443, -0.0712368, -0.00570462, 0.0714079, 0.996654, 0.0397789, 0.00285181, -0.0400845, 0.999192, 0.00290497  
167, 251.639, -201.903, 182.469, 0.997447, -0.0712514, -0.00477866, 0.0713858, 0.996647, 0.0399834, 0.00191376, -0.0402225, 0.999189, 0.00294519  
168, 251.62, -201.925, 182.451, 0.997426, -0.071546, -0.00470021, 0.0716786, 0.996591, 0.0408518, 0.0017614, -0.0410836, 0.999154, 0.0029291  
169, 251.554, -201.953, 182.472, 0.997354, -0.0725464, -0.0046637, 0.0726752, 0.996553, 0.0400006, 0.00174572, -0.0402337, 0.999189, 0.00280844  
170, 251.653, -201.912, 182.426, 0.997493, -0.0706188, -0.00459083, 0.0707468, 0.996676, 0.0403895, 0.00172331, -0.040613, 0.999173, 0.00278153  
171, 251.611, -201.908, 182.417, 0.997453, -0.0712182, -0.00388915, 0.0713165, 0.996668, 0.0395952, 0.00105629, -0.0397718, 0.999208, 0.0028126  
172, 251.656, -201.897, 182.426, 0.99751, -0.0703923, -0.00434661, 0.0705084, 0.99675, 0.0389596, 0.00159003, -0.039169, 0.999231, 0.00288555  
173, 251.639, -201.913, 182.443, 0.997437, -0.0714402, -0.00398184, 0.071543, 0.996615, 0.0405093, 0.00107437, -0.0406904, 0.999171, 0.00298263  
174, 251.637, -201.929, 182.432, 0.997455, -0.0711358, -0.00491411, 0.0712771, 0.996628, 0.0406363, 0.00200684, -0.0408832, 0.999162, 0.00279263  
175, 251.678, -201.934, 182.408, 0.997542, -0.0699282, -0.00446314, 0.0700505, 0.996754, 0.0396857, 0.0016735, -0.0399008, 0.999202, 0.00301259  
176, 251.639, -201.906, 182.416, 0.997429, -0.0714568, -0.00539755, 0.0716162, 0.996626, 0.0400885, 0.00251475, -0.040372, 0.999182, 0.00295656  
177, 251.637, -201.926, 182.449, 0.997484, -0.0707514, -0.00438245, 0.0708708, 0.996669, 0.0403475, 0.00151322, -0.0405566, 0.999176, 0.00296793  
178, 251.649, -201.931, 182.434, 0.997505, -0.0704596, -0.00436178, 0.0705774, 0.996716, 0.0396901, 0.0015509, -0.0398989, 0.999203, 0.00295157  
179, 251.641, -201.932, 182.432, 0.997487, -0.070758, -0.00355679, 0.0708446, 0.996627, 0.0414231, 0.000613778, -0.041571, 0.999135, 0.002923  
180, 251.651, -201.934, 182.448, 0.997496, -0.0706017, -0.00411154, 0.0707108, 0.996663, 0.0407718, 0.00121926, -0.0409604, 0.99916, 0.00300149  
181, 251.603, -201.929, 182.457, 0.997446, -0.0712839, -0.00440247, 0.0714043, 0.996615, 0.040735, 0.00148382, -0.0409453, 0.99916, 0.00277931  
182, 251.626, -201.918, 182.447, 0.997409, -0.0718111, -0.00431647, 0.0719271, 0.99659, 0.0404279, 0.00139858, -0.0406336, 0.999173, 0.00294103  
183, 251.64, -201.935, 182.446, 0.997453, -0.0712048, -0.00408822, 0.0713116, 0.996649, 0.0400723, 0.00122118, -0.0402618, 0.999188, 0.00298818  
184, 251.645, -201.923, 182.422, 0.997423, -0.0715901, -0.00464854, 0.0717182, 0.996642, 0.0395052, 0.00180475, -0.0397368, 0.999209, 0.0027918  
185, 251.64, -201.964, 182.415, 0.997461, -0.0711345, -0.00344219, 0.0712157, 0.996632, 0.0406654, 0.000537883, -0.0408073, 0.999167, 0.0028298  
186, 251.647, -201.905, 182.415, 0.997436, -0.0713625, -0.00528477, 0.0715149, 0.996674, 0.0390695, 0.0024791, -0.0393473, 0.999223, 0.00295184  
187, 251.616, -201.926, 182.415, 0.997445, -0.0713402, -0.00366986, 0.0714303, 0.996624, 0.04048, 0.000769627, -0.0406387, 0.999174, 0.00280622  
188, 251.659, -201.905, 182.444, 0.997486, -0.0707063, -0.00468228, 0.0708375, 0.996682, 0.0400894, 0.00183217, -0.0403203, 0.999185, 0.00300371  
189, 251.65, -201.92, 182.414, 0.997484, -0.0706445, -0.00584181, 0.0708183, 0.996738, 0.0387157, 0.0030877, -0.0390321, 0.999233, 0.00280483  
190, 251.618, -201.913, 182.454, 0.997438, -0.0713886, -0.00448738, 0.071512, 0.996618, 0.0404681, 0.00158324, -0.0406853, 0.999171, 0.00306668  
191, 251.631, -201.926, 182.448, 0.997452, -0.0712104, -0.00428577, 0.0713271, 0.996591, 0.0414643, 0.00131847, -0.0416644, 0.999131, 0.00277682  
192, 251.607, -201.929, 182.451, 0.997394, -0.0720216, -0.00417084, 0.0721315, 0.996575, 0.040445, 0.00124364, -0.0406404, 0.999173, 0.0030284  
193, 251.612, -201.954, 182.44, 0.997377, -0.0722589, -0.00423592, 0.0723717, 0.996545, 0.0407546, 0.0012764, -0.0409543, 0.99916, 0.00294297  
194, 251.603, -201.944, 182.443, 0.997389, -0.072067, -0.00459625, 0.0721956, 0.996535, 0.0413103, 0.00160321, -0.0415343, 0.999136, 0.0027868  
195, 251.66, -201.9, 182.462, 0.9975, -0.070497, -0.0049404, 0.0706362, 0.996743, 0.0388978, 0.00218213, -0.0391495, 0.999231, 0.0028101  
196, 251.663, -201.919, 182.413, 0.997496, -0.0705836, -0.00445202, 0.0707061, 0.996679, 0.0403881, 0.0015865, -0.0406018, 0.999174, 0.00296987  
197, 251.671, -201.906, 182.41, 0.997526, -0.0701916, -0.00394449, 0.0702929, 0.99674, 0.0396098, 0.00115136, -0.039789, 0.999207, 0.00279096  
198, 251.64, -201.916, 182.403, 0.997444, -0.0713501, -0.00394263, 0.0714505, 0.996653, 0.0397096, 0.00109615, -0.0398898, 0.999203, 0.00281759  
199, 251.658, -201.898, 182.42, 0.997508, -0.0703716, -0.00496885, 0.0705146, 0.996705, 0.0400861, 0.00213155, -0.0403366, 0.999184, 0.00278875  
200, 251.659, -201.887, 182.429, 0.997471, -0.0708596, -0.00556269, 0.0710238, 0.996704, 0.0392088, 0.00276604, -0.0395047, 0.999216, 0.00280095  
201, 251.615, -201.907, 182.442, 0.997389, -0.0720496, -0.00499755, 0.0721921, 0.99659, 0.0399613, 0.00210131, -0.0402177, 0.999189, 0.00283645  
202, 251.627, -201.907, 182.448, 0.997494, -0.0706106, -0.00449672, 0.0707353, 0.996667, 0.0406341, 0.00161254, -0.0408503, 0.999164, 0.00287945  
203, 251.621, -201.896, 182.457, 0.997448, -0.0712093, -0.00508544, 0.0713573, 0.996627, 0.0405334, 0.00218194, -0.0407929, 0.999165, 0.0029732  
204, 251.606, -201.917, 182.452, 0.997398, -0.0718499, -0.00588117, 0.0720252, 0.996642, 0.0389595, 0.00306218, -0.0392818, 0.999223, 0.00277876  
205, 251.623, -201.92, 182.431, 0.997433, -0.0714203, -0.00514989, 0.0715692, 0.996638, 0.0398703, 0.00228503, -0.0401366, 0.999192, 0.00290802  
206, 251.609, -201.93, 182.45, 0.997331, -0.0727981, -0.00552272, 0.0729601, 0.99655, 0.039564, 0.00262348, -0.0398613, 0.999202, 0.00286697  
207, 251.644, -201.926, 182.424, 0.997456, -0.0711745, -0.0040392, 0.0712804, 0.996613, 0.0410049, 0.00110702, -0.0411885, 0.999151, 0.00284478  
208, 251.622, -201.951, 182.431, 0.997453, -0.0712653, -0.00307752, 0.0713316, 0.996611, 0.0409774, 0.000146817, -0.0410926, 0.999155, 0.00282591  
209, 251.638, -201.948, 182.446, 0.997406, -0.0718255, -0.00472399, 0.0719578, 0.996594, 0.0402862, 0.00181432, -0.0405216, 0.999177, 0.00278764  
210, 251.687, -201.919, 182.412, 0.997549, -0.0699089, -0.00279327, 0.0699646, 0.996692, 0.0413455, -0.000106393, -0.0414397, 0.999141, 0.00279124  
211, 251.61, -201.917, 182.447, 0.997401, -0.071884, -0.00481987, 0.0720203, 0.996587, 0.0403512, 0.00190281, -0.0405935, 0.999174, 0.00285116  
212, 251.628, -201.944, 182.454, 0.997404, -0.0719016, -0.00384133, 0.0719989, 0.996556, 0.0411322, 0.00087063, -0.041302, 0.999146, 0.00287446  
213, 251.646, -201.898, 182.481, 0.997471, -0.070898, -0.00498391, 0.0710415, 0.996661, 0.0402389, 0.00211441, -0.0404912, 0.999178, 0.00286447  
214, 251.64, -201.899, 182.435, 0.997464, -0.0709911, -0.00503118, 0.0711365, 0.996653, 0.0402699, 0.00215554, -0.0405257, 0.999176, 0.00283756  
215, 251.607, -201.913, 182.46, 0.997403, -0.0718455, -0.00497925, 0.0719884, 0.996587, 0.0404018, 0.00205957, -0.0406553, 0.999171, 0.0028334  
216, 251.665, -201.908, 182.465, 0.997476, -0.0707714, -0.00572814, 0.0709399, 0.99674, 0.0384433, 0.00298877, -0.0387527, 0.999244, 0.00288583  
217, 251.658, -201.92, 182.441, 0.99745, -0.0711645, -0.00541165, 0.0713241, 0.996658, 0.039828, 0.00255922, -0.0401124, 0.999192, 0.00285587  
218, 251.646, -201.944, 182.46, 0.997453, -0.0711865, -0.00445887, 0.0713093, 0.996623, 0.0407043, 0.00154622, -0.0409186, 0.999161, 0.0028764  
219, 251.649, -201.923, 182.45, 0.997456, -0.0711065, -0.00506504, 0.0712529, 0.996649, 0.0401771, 0.00219122, -0.0404358, 0.99918, 0.00284838  
220, 251.657, -201.935, 182.436, 0.997455, -0.0710617, -0.00579803, 0.0712338, 0.996705, 0.0388034, 0.00302149, -0.0391176, 0.99923, 0.00283424  
221, 251.672, -201.909, 182.406, 0.997516, -0.0702975, -0.0044754, 0.0704196, 0.996738, 0.0394383, 0.00168838, -0.0396555, 0.999212, 0.00284311  
222, 251.629, -201.966, 182.412, 0.997506, -0.0705331, -0.00276498, 0.070587, 0.996626, 0.041884, -0.000198557, -0.0419747, 0.999119, 0.00284699  
223, 251.647, -201.932, 182.443, 0.997473, -0.0709097, -0.00432489, 0.0710274, 0.996635, 0.0409155, 0.00140903, -0.0411193, 0.999153, 0.00286808  
224, 251.661, -201.908, 182.456, 0.997471, -0.070865, -0.00548228, 0.0710268, 0.996691, 0.0395202, 0.00266355, -0.0398096, 0.999204, 0.00286308  
225, 251.635, -201.9, 182.44, 0.997458, -0.0710752, -0.00501394, 0.0712167, 0.996703, 0.0388666, 0.00223496, -0.0391249, 0.999232, 0.00280483  
226, 251.628, -201.918, 182.431, 0.997462, -0.0710561, -0.00447487, 0.0711789, 0.99665, 0.0402738, 0.00159818, -0.0404901, 0.999179, 0.00281704  
227, 251.588, -201.953, 182.44, 0.997387, -0.0720291, -0.00558205, 0.0721932, 0.996619, 0.0392322, 0.00273732, -0.0395327, 0.999215, 0.00290857  
228, 251.626, -201.919, 182.434, 0.997453, -0.0711404, -0.00515537, 0.0712898, 0.996658, 0.0398911, 0.00230027, -0.0401571, 0.999191, 0.00282425  
229, 251.633, -201.94, 182.434, 0.9975, -0.0705621, -0.00370833, 0.0706555, 0.996627, 0.0417327, 0.000751076, -0.0418904, 0.999122, 0.0028617  
230, 251.607, -201.916, 182.431, 0.997439, -0.0712768, -0.00584313, 0.0714523, 0.996665, 0.039422, 0.00301377, -0.0397385, 0.999206, 0.00296765  
231, 251.66, -201.944, 182.415, 0.997511, -0.0704337, -0.00329717, 0.0705099, 0.996641, 0.0416521, 0.000352387, -0.0417809, 0.999127, 0.00282037  
232, 251.65, -201.935, 182.422, 0.997505, -0.0704815, -0.00405214, 0.0705888, 0.996651, 0.0412797, 0.00112911, -0.0414628, 0.999139, 0.00289914  
233, 251.633, -201.944, 182.404, 0.997508, -0.0704616, -0.00364058, 0.0705513, 0.996688, 0.0404303, 0.000779739, -0.0405864, 0.999176, 0.00287889  
234, 251.643, -201.932, 182.415, 0.997496, -0.0706226, -0.00378472, 0.0707194, 0.996611, 0.0420161, 0.000804607, -0.0421785, 0.99911, 0.00281648  
235, 251.65, -201.913, 182.409, 0.997505, -0.0704974, -0.00377754, 0.070592, 0.996711, 0.0397902, 0.000960013, -0.0399576, 0.999201, 0.00286197  
236, 251.583, -201.96, 182.453, 0.997415, -0.0717179, -0.00441092, 0.0718378, 0.996597, 0.0404187, 0.00149717, -0.0406311, 0.999173, 0.00284894  
237, 251.631, -201.941, 182.438, 0.997514, -0.0703048, -0.00480766, 0.0704419, 0.9967, 0.0403334, 0.00195617, -0.0405718, 0.999175, 0.00287307  
238, 251.627, -201.919, 182.431, 0.99743, -0.0714792, -0.00482063, 0.0716142, 0.996649, 0.0395238, 0.00197934, -0.0397675, 0.999207, 0.00288083  
239, 251.62, -201.929, 182.455, 0.997455, -0.0711317, -0.0049447, 0.0712724, 0.996666, 0.039725, 0.0021025, -0.0399764, 0.999198, 0.0028004  
240, 251.617, -201.915, 182.455, 0.997452, -0.0711327, -0.0054765, 0.0712936, 0.99668, 0.0393249, 0.00266103, -0.0396151, 0.999211, 0.00291911  
241, 251.607, -201.942, 182.438, 0.997483, -0.070734, -0.00487409, 0.0708732, 0.996673, 0.0402457, 0.00201114, -0.0404898, 0.999178, 0.00291357  
242, 251.625, -201.92, 182.437, 0.997439, -0.0713787, -0.00444033, 0.0715004, 0.996613, 0.0406195, 0.00152592, -0.040833, 0.999165, 0.00295378  
243, 251.626, -201.915, 182.441, 0.997353, -0.0725005, -0.00545385, 0.0726608, 0.996559, 0.0398878, 0.0025432, -0.0401785, 0.999189, 0.00283424  
244, 251.656, -201.923, 182.434, 0.997428, -0.0715784, -0.00378038, 0.0716743, 0.996532, 0.0422639, 0.000742096, -0.0424261, 0.999099, 0.00290663  
245, 251.625, -201.922, 182.426, 0.997443, -0.07132, -0.00462341, 0.0714489, 0.996624, 0.0404336, 0.00172408, -0.0406605, 0.999172, 0.00280622  
246, 251.646, -201.899, 182.427, 0.997454, -0.0711093, -0.00538575, 0.0712675, 0.996667, 0.0397021, 0.00254462, -0.0399848, 0.999197, 0.00294657  
247, 251.62, -201.937, 182.428, 0.997476, -0.0708773, -0.00415353, 0.0709868, 0.996678, 0.0399116, 0.0013109, -0.0401058, 0.999195, 0.00289665  
248, 251.59, -201.93, 182.454, 0.997362, -0.0723639, -0.00565368, 0.0725309, 0.996589, 0.0393634, 0.00278591, -0.0396696, 0.999209, 0.00292272  
249, 251.613, -201.922, 182.438, 0.99743, -0.0715286, -0.00404543, 0.0716336, 0.996621, 0.0402013, 0.00115622, -0.0403878, 0.999183, 0.00285448  
250, 251.625, -201.911, 182.445, 0.997404, -0.0718035, -0.00546798, 0.0719604, 0.996677, 0.0381604, 0.00270976, -0.0384548, 0.999257, 0.00280816  
251, 251.624, -201.895, 182.465, 0.997426, -0.071465, -0.00577269, 0.0716372, 0.996656, 0.039305, 0.00294446, -0.0396174, 0.999211, 0.00290219  
252, 251.631, -201.918, 182.432, 0.997559, -0.0697185, -0.00389796, 0.0698186, 0.996764, 0.0398326, 0.00110827, -0.0400075, 0.999199, 0.00295489  
253, 251.61, -201.915, 182.445, 0.997448, -0.0712449, -0.00474406, 0.0713788, 0.99663, 0.0404298, 0.00184765, -0.0406652, 0.999171, 0.00292882  
254, 251.65, -201.91, 182.44, 0.997484, -0.0707499, -0.00443298, 0.0708724, 0.996642, 0.0409995, 0.00151738, -0.0412106, 0.999149, 0.00283812  
255, 251.618, -201.948, 182.436, 0.997424, -0.071604, -0.00420111, 0.0717155, 0.996606, 0.0404244, 0.0012923, -0.0406216, 0.999174, 0.00282924  
256, 251.654, -201.904, 182.424, 0.997472, -0.0708865, -0.00487555, 0.0710272, 0.996629, 0.0410508, 0.00194917, -0.0412934, 0.999145, 0.00295822  
257, 251.631, -201.947, 182.403, 0.997526, -0.0702474, -0.00282183, 0.070304, 0.996676, 0.0411549, -7.85735e-005, -0.0412514, 0.999149, 0.00298513  
258, 251.636, -201.925, 182.417, 0.997481, -0.0708125, -0.0040988, 0.0709198, 0.996686, 0.0398322, 0.0012646, -0.0400225, 0.999198, 0.00290053  
259, 251.628, -201.926, 182.434, 0.997447, -0.0712612, -0.00457686, 0.0713866, 0.996669, 0.0394379, 0.00175122, -0.0396639, 0.999212, 0.00293381  
260, 251.641, -201.933, 182.436, 0.997511, -0.0703413, -0.0049333, 0.0704821, 0.996724, 0.0396798, 0.002126, -0.0399287, 0.9992, 0.00299511  
261, 251.622, -201.908, 182.432, 0.997492, -0.070646, -0.00439849, 0.0707652, 0.996701, 0.0397463, 0.00157607, -0.0399579, 0.9992, 0.0028911  
262, 251.6, -201.96, 182.448, 0.997418, -0.071675, -0.00447834, 0.0717985, 0.996579, 0.0409211, 0.00153, -0.041137, 0.999152, 0.00293243  
263, 251.642, -201.94, 182.455, 0.9975, -0.0705252, -0.00457616, 0.0706526, 0.996685, 0.0403311, 0.00171663, -0.0405536, 0.999176, 0.00291246  
264, 251.678, -201.898, 182.455, 0.99745, -0.0710518, -0.0066449, 0.0712579, 0.996694, 0.0390256, 0.00385009, -0.0393996, 0.999216, 0.00286724  
265, 251.65, -201.915, 182.454, 0.997465, -0.0709661, -0.00528725, 0.0711222, 0.99665, 0.0403896, 0.00240324, -0.0406633, 0.99917, 0.00280927  
266, 251.625, -201.916, 182.435, 0.997428, -0.0715404, -0.00444402, 0.0716607, 0.996637, 0.0397437, 0.00158579, -0.0399599, 0.9992, 0.00291967  
267, 251.634, -201.92, 182.448, 0.997474, -0.0709228, -0.00399021, 0.0710263, 0.996655, 0.0404172, 0.00111036, -0.0405985, 0.999175, 0.00292799  
268, 251.635, -201.919, 182.433, 0.997481, -0.0707422, -0.00519959, 0.0708943, 0.996676, 0.0401487, 0.0023421, -0.0404162, 0.99918, 0.00275712  
269, 251.609, -201.924, 182.456, 0.997411, -0.0717412, -0.00504679, 0.0718856, 0.996618, 0.0398102, 0.00217369, -0.0400699, 0.999195, 0.00284838  
270, 251.626, -201.909, 182.428, 0.997441, -0.0712681, -0.00570742, 0.0714359, 0.996699, 0.038585, 0.0029387, -0.0388939, 0.999239, 0.0029352  
271, 251.615, -201.944, 182.414, 0.997472, -0.0709488, -0.00386376, 0.0710471, 0.996655, 0.0403805, 0.000985888, -0.0405529, 0.999177, 0.00287473  
272, 251.639, -201.917, 182.435, 0.997445, -0.071273, -0.00488557, 0.0714117, 0.996646, 0.0399734, 0.00202016, -0.0402202, 0.999189, 0.00282453  
273, 251.634, -201.955, 182.452, 0.997394, -0.0720375, -0.00408507, 0.0721445, 0.996554, 0.040935, 0.00112213, -0.041123, 0.999153, 0.00296904  
274, 251.661, -201.907, 182.436, 0.997484, -0.0707226, -0.00498376, 0.070865, 0.996697, 0.0396609, 0.00216238, -0.0399142, 0.999201, 0.00278875  
275, 251.641, -201.901, 182.442, 0.997442, -0.0713422, -0.00440931, 0.0714635, 0.996594, 0.0411502, 0.00145854, -0.04136, 0.999143, 0.00283756  
