0, 0, 0, 0, 0, 0, 0, 0, 0, 0, 0, 0, 0, 0.00285643  
1, 0, 0, 0, 0, 0, 0, 0, 0, 0, 0, 0, 0, 0.00288111  
2, 270.977, -234.486, 182.902, 0.998819, 0.0469351, -0.0125372, -0.0469578, 0.998896, -0.00152291, 0.0124519, 0.00210983, 0.99992, 0.00290913  
3, 270.975, -234.465, 182.901, 0.998786, 0.0475068, -0.0129966, -0.0475201, 0.99887, -0.000716418, 0.0129479, 0.00133315, 0.999915, 0.00289526  
4, 270.958, -234.454, 182.915, 0.998823, 0.0468832, -0.0124393, -0.0468895, 0.9989, -0.000216258, 0.0124155, 0.000799276, 0.999923, 0.00293132  
5, 270.954, -234.49, 182.902, 0.998838, 0.0467469, -0.0117622, -0.0467525, 0.998906, -0.000202991, 0.0117399, 0.000752668, 0.999931, 0.00285032  
6, 270.969, -234.476, 182.908, 0.998778, 0.0477135, -0.0128575, -0.0477357, 0.998859, -0.00142943, 0.0127746, 0.00204145, 0.999916, 0.0028445  
7, 270.992, -234.453, 182.893, 0.998755, 0.0482075, -0.0128074, -0.0482329, 0.998835, -0.00167724, 0.0127117, 0.0022929, 0.999917, 0.00289332  
8, 270.994, -234.493, 182.916, 0.998846, 0.0465631, -0.0117812, -0.046565, 0.998915, 0.000109782, 0.0117735, 0.000438936, 0.999931, 0.00290108  
9, 271.012, -234.473, 182.89, 0.998803, 0.0465729, -0.0149557, -0.0466118, 0.998911, -0.00226707, 0.0148338, 0.00296147, 0.999886, 0.00304643  
10, 270.982, -234.475, 182.889, 0.998755, 0.0478821, -0.0139697, -0.0479324, 0.998845, -0.00328956, 0.0137961, 0.00395507, 0.999897, 0.00281898  
11, 270.991, -234.492, 182.889, 0.998821, 0.0470323, -0.0120092, -0.047034, 0.998893, 0.000143075, 0.0120027, 0.000421936, 0.999928, 0.00282897  
12, 270.985, -234.497, 182.879, 0.998814, 0.0469245, -0.012972, -0.0469437, 0.998897, -0.00118364, 0.0129021, 0.00179119, 0.999915, 0.00275574  
13, 270.98, -234.453, 182.915, 0.998797, 0.0473406, -0.012819, -0.0473541, 0.998878, -0.000748666, 0.0127692, 0.0013548, 0.999918, 0.00289276  
14, 271.003, -234.502, 182.905, 0.998873, 0.0454014, -0.0138434, -0.0454186, 0.998968, -0.000928001, 0.013787, 0.0015557, 0.999904, 0.00310662  
15, 270.986, -234.49, 182.889, 0.998837, 0.0465546, -0.0125515, -0.0465589, 0.998916, -4.631e-005, 0.0125357, 0.000630639, 0.999921, 0.00274437  
16, 271.005, -234.463, 182.89, 0.998786, 0.0474145, -0.0133375, -0.0474393, 0.998873, -0.00155125, 0.0132489, 0.00218209, 0.99991, 0.0028273  
17, 271.003, -234.469, 182.893, 0.998788, 0.0470965, -0.0143094, -0.0471309, 0.998887, -0.00207789, 0.0141956, 0.00274978, 0.999895, 0.00284533  
18, 270.982, -234.477, 182.898, 0.99878, 0.0471203, -0.0147436, -0.0471732, 0.998881, -0.00326253, 0.0145734, 0.00395406, 0.999886, 0.00274159  
19, 271.024, -234.474, 182.892, 0.998817, 0.0467017, -0.01358, -0.0467257, 0.998907, -0.00145571, 0.0134971, 0.00208852, 0.999907, 0.00310163  
20, 270.97, -234.458, 182.924, 0.998786, 0.0478938, -0.0115539, -0.0478886, 0.998852, 0.000726218, 0.0115754, -0.000172037, 0.999933, 0.00275463  
21, 271.008, -234.464, 182.901, 0.998798, 0.0473363, -0.0126831, -0.0473604, 0.998877, -0.00160501, 0.0125928, 0.00220376, 0.999918, 0.00280289  
22, 270.999, -234.457, 182.913, 0.998789, 0.0475213, -0.0127634, -0.0475195, 0.99887, 0.000440464, 0.0127699, 0.000166579, 0.999918, 0.00273327  
23, 271.012, -234.481, 182.883, 0.998802, 0.0470055, -0.0135983, -0.0470333, 0.998892, -0.00172965, 0.0135019, 0.00236715, 0.999906, 0.00275491  
24, 270.971, -234.477, 182.867, 0.99877, 0.0480528, -0.0122522, -0.048069, 0.998843, -0.00102734, 0.0121886, 0.00161503, 0.999924, 0.00285864  
25, 270.998, -234.481, 182.907, 0.998808, 0.0469256, -0.0134653, -0.0469413, 0.998897, -0.000853943, 0.0134104, 0.001485, 0.999909, 0.00274714  
26, 270.971, -234.484, 182.894, 0.998808, 0.0471171, -0.0127158, -0.0471345, 0.998888, -0.00107412, 0.0126511, 0.00167219, 0.999919, 0.00280456  
27, 270.976, -234.47, 182.916, 0.998771, 0.0479101, -0.0126959, -0.0479338, 0.998849, -0.00157006, 0.012606, 0.00217669, 0.999918, 0.00288721  
28, 271.004, -234.473, 182.886, 0.998778, 0.0476843, -0.0129554, -0.0477129, 0.998859, -0.00191212, 0.0128495, 0.00252792, 0.999914, 0.00292355  
29, 270.998, -234.479, 182.904, 0.998838, 0.0466355, -0.0121905, -0.0466484, 0.998911, -0.000778345, 0.012141, 0.00134611, 0.999925, 0.00302868  
30, 271.026, -234.488, 182.882, 0.998813, 0.0470245, -0.012736, -0.047035, 0.998893, -0.000519607, 0.0126975, 0.00111803, 0.999919, 0.00276711  
31, 270.944, -234.475, 182.909, 0.99883, 0.0469467, -0.0116422, -0.0469465, 0.998897, 0.000292247, 0.0116431, 0.000254655, 0.999932, 0.00280539  
32, 270.995, -234.478, 182.892, 0.99883, 0.0466588, -0.012703, -0.0466728, 0.99891, -0.000808629, 0.0126514, 0.00140057, 0.999919, 0.00271857  
33, 271.021, -234.461, 182.878, 0.998785, 0.0476117, -0.0126902, -0.0476173, 0.998866, -0.000138843, 0.0126692, 0.000742948, 0.999919, 0.00275879  
34, 270.992, -234.477, 182.88, 0.998809, 0.0470171, -0.013048, -0.0470394, 0.998892, -0.00140423, 0.0129675, 0.00201633, 0.999914, 0.00287889  
35, 271.008, -234.462, 182.888, 0.998803, 0.0469833, -0.0135955, -0.0470041, 0.998894, -0.00121587, 0.0135233, 0.00185346, 0.999907, 0.00284977  
36, 270.997, -234.466, 182.898, 0.998774, 0.0478989, -0.0124911, -0.0479038, 0.998852, -9.49809e-005, 0.0124722, 0.000693233, 0.999922, 0.00295739  
37, 270.992, -234.478, 182.903, 0.998763, 0.0479956, -0.0129952, -0.0480021, 0.998847, -0.000192228, 0.012971, 0.000815788, 0.999916, 0.00271053  
38, 270.985, -234.494, 182.894, 0.998796, 0.0473872, -0.0126651, -0.0474085, 0.998875, -0.00138674, 0.0125852, 0.00198551, 0.999919, 0.0028065  
39, 271.04, -234.486, 182.9, 0.998787, 0.0476554, -0.0123999, -0.0476757, 0.998862, -0.00134833, 0.0123215, 0.00193787, 0.999922, 0.00317874  
40, 271.022, -234.478, 182.902, 0.998796, 0.0469926, -0.0140985, -0.0470269, 0.998891, -0.0021134, 0.0139836, 0.00277386, 0.999898, 0.00275823  
41, 270.985, -234.5, 182.87, 0.998773, 0.0473947, -0.0143758, -0.0474251, 0.998873, -0.00178114, 0.0142752, 0.00246074, 0.999895, 0.00284339  
42, 270.976, -234.48, 182.912, 0.998811, 0.0471115, -0.0125112, -0.0471332, 0.998888, -0.00143866, 0.0124295, 0.00202664, 0.999921, 0.00277183  
43, 270.974, -234.5, 182.896, 0.998864, 0.0460487, -0.0122357, -0.0460628, 0.998938, -0.000872737, 0.0121825, 0.00143536, 0.999925, 0.00296765  
44, 270.977, -234.47, 182.879, 0.998755, 0.0484798, -0.0117361, -0.0485068, 0.998821, -0.00202545, 0.011624, 0.00259221, 0.999929, 0.00299262  
45, 271.012, -234.501, 182.887, 0.998817, 0.0464863, -0.0142406, -0.0465048, 0.998918, -0.000972791, 0.01418, 0.0016339, 0.999898, 0.00271524  
46, 271.019, -234.469, 182.877, 0.99881, 0.0474032, -0.011434, -0.0474126, 0.998875, -0.000552561, 0.0113949, 0.00109402, 0.999934, 0.00285448  
47, 270.952, -234.487, 182.897, 0.998812, 0.0471109, -0.0124754, -0.0471267, 0.998888, -0.000973508, 0.0124157, 0.00156028, 0.999922, 0.00273299  
48, 270.983, -234.459, 182.887, 0.998768, 0.0479745, -0.0126883, -0.0479875, 0.998848, -0.000723576, 0.012639, 0.00133156, 0.999919, 0.00276988  
49, 270.991, -234.474, 182.916, 0.998822, 0.0470391, -0.0119533, -0.0470563, 0.998892, -0.0011661, 0.0118852, 0.00172721, 0.999928, 0.00290968  
50, 271.01, -234.472, 182.87, 0.998753, 0.0478507, -0.0142424, -0.047893, 0.998849, -0.00264362, 0.0140995, 0.00332243, 0.999895, 0.00275213  
51, 270.99, -234.496, 182.916, 0.998826, 0.046789, -0.0125484, -0.0467998, 0.998904, -0.000570237, 0.0125079, 0.00115683, 0.999921, 0.00283146  
52, 270.97, -234.504, 182.884, 0.998839, 0.0465458, -0.0123767, -0.0465641, 0.998915, -0.00119172, 0.0123078, 0.00176665, 0.999923, 0.00277904  
53, 270.981, -234.52, 182.899, 0.998849, 0.0466609, -0.0111499, -0.046659, 0.998911, 0.000430614, 0.0111579, 9.01258e-005, 0.999938, 0.00278015  
54, 271.023, -234.468, 182.888, 0.998803, 0.0471516, -0.0130199, -0.0471735, 0.998886, -0.00138382, 0.0129402, 0.00199635, 0.999914, 0.00285559  
55, 270.993, -234.469, 182.892, 0.998779, 0.0478798, -0.012141, -0.0479002, 0.998851, -0.00139194, 0.0120604, 0.0019718, 0.999925, 0.00276239  
56, 271, -234.473, 182.894, 0.998832, 0.0466253, -0.0126589, -0.0466358, 0.998912, -0.000536684, 0.0126201, 0.00112642, 0.99992, 0.00279263  
57, 271.005, -234.482, 182.883, 0.998777, 0.0479829, -0.0119114, -0.0479965, 0.998847, -0.000852199, 0.0118568, 0.00142286, 0.999929, 0.00272661  
58, 270.942, -234.476, 182.904, 0.998813, 0.0477217, -0.00979168, -0.0477148, 0.998861, 0.000931148, 0.00982496, -0.000462834, 0.999952, 0.00277931  
59, 271.01, -234.494, 182.897, 0.998822, 0.0469884, -0.0121158, -0.0470016, 0.998894, -0.0008091, 0.0120644, 0.00137761, 0.999926, 0.00284505  
60, 271.02, -234.483, 182.881, 0.998814, 0.0469102, -0.0130501, -0.0469284, 0.998898, -0.00109147, 0.0129845, 0.0017026, 0.999914, 0.00291246  
61, 270.944, -234.465, 182.92, 0.99879, 0.047434, -0.0129457, -0.0474346, 0.998874, 0.000260056, 0.0129435, 0.000354333, 0.999916, 0.00283424  
62, 271.002, -234.472, 182.889, 0.998804, 0.0471967, -0.0127935, -0.0472177, 0.998884, -0.00133881, 0.012716, 0.00194128, 0.999917, 0.0027574  
63, 271.008, -234.474, 182.894, 0.998774, 0.0474397, -0.014123, -0.0474653, 0.998872, -0.00147988, 0.0140369, 0.00214842, 0.999899, 0.00282508  
64, 270.978, -234.507, 182.9, 0.998876, 0.0457807, -0.0122938, -0.0457897, 0.998951, -0.000454307, 0.0122601, 0.00101673, 0.999924, 0.00309941  
65, 271.02, -234.469, 182.891, 0.998798, 0.0472313, -0.0131121, -0.0472544, 0.998882, -0.00145829, 0.0130285, 0.00207614, 0.999913, 0.00310939  
66, 271.005, -234.49, 182.904, 0.998826, 0.0466984, -0.012904, -0.0467118, 0.998908, -0.000740124, 0.0128553, 0.00134202, 0.999916, 0.00294186  
67, 271.034, -234.468, 182.873, 0.998764, 0.047623, -0.0142197, -0.0476661, 0.99886, -0.00271264, 0.0140743, 0.00338709, 0.999895, 0.00289359  
68, 271.014, -234.468, 182.879, 0.998812, 0.0468659, -0.0133321, -0.046891, 0.998899, -0.0015815, 0.0132433, 0.00220478, 0.99991, 0.00275768  
69, 271.01, -234.48, 182.869, 0.998771, 0.0474943, -0.0141489, -0.0475181, 0.998869, -0.0013466, 0.0140689, 0.00201728, 0.999899, 0.0028947  
70, 270.997, -234.462, 182.904, 0.998755, 0.0479435, -0.0137755, -0.0479805, 0.998845, -0.00236919, 0.013646, 0.00302719, 0.999902, 0.00282397  
71, 270.999, -234.481, 182.929, 0.998828, 0.0467543, -0.0125469, -0.0467616, 0.998906, -0.000292456, 0.0125195, 0.000878827, 0.999921, 0.00287584  
72, 271.005, -234.475, 182.894, 0.998808, 0.0469814, -0.0132223, -0.0469924, 0.998895, -0.000520571, 0.0131832, 0.0011413, 0.999912, 0.00285171  
73, 271.008, -234.484, 182.892, 0.998781, 0.0472938, -0.0141026, -0.0473205, 0.998879, -0.00156694, 0.0140127, 0.00223237, 0.999899, 0.00293437  
74, 271.011, -234.474, 182.881, 0.998794, 0.0469357, -0.0144374, -0.0469726, 0.998894, -0.00222832, 0.0143169, 0.00290379, 0.999893, 0.00329745  
75, 271.003, -234.475, 182.912, 0.998774, 0.0478639, -0.012609, -0.047876, 0.998853, -0.000661531, 0.0125629, 0.00126439, 0.99992, 0.00293049  
76, 270.995, -234.476, 182.881, 0.99879, 0.0474442, -0.0129573, -0.0474539, 0.998873, -0.000439915, 0.0129219, 0.00105426, 0.999916, 0.00285421  
77, 271.012, -234.458, 182.912, 0.998797, 0.0475536, -0.011929, -0.0475564, 0.998869, 5.16483e-005, 0.0119179, 0.000515713, 0.999929, 0.00281121  
78, 270.986, -234.475, 182.893, 0.998802, 0.0470726, -0.0133327, -0.0471042, 0.998888, -0.00206651, 0.0132206, 0.00269206, 0.999909, 0.0027721  
79, 271.004, -234.481, 182.88, 0.99878, 0.0478214, -0.0123033, -0.047838, 0.998855, -0.00105814, 0.0122386, 0.00164542, 0.999924, 0.00294463  
80, 271.034, -234.461, 182.887, 0.998775, 0.0475511, -0.0136753, -0.0475597, 0.998868, -0.000301387, 0.0136454, 0.000951409, 0.999906, 0.00294685  
81, 271.034, -234.491, 182.878, 0.998766, 0.047603, -0.0141738, -0.0476464, 0.998861, -0.00273432, 0.0140275, 0.00340628, 0.999896, 0.00288555  
82, 271.023, -234.466, 182.896, 0.998793, 0.0473755, -0.0129928, -0.0473951, 0.998875, -0.00120116, 0.0129213, 0.0018155, 0.999915, 0.0027832  
83, 271.033, -234.484, 182.916, 0.998821, 0.0468455, -0.0126966, -0.0468551, 0.998902, -0.000463374, 0.012661, 0.00105773, 0.999919, 0.00279929  
84, 271.013, -234.498, 182.888, 0.998835, 0.0464866, -0.0129801, -0.0465015, 0.998918, -0.000848404, 0.0129266, 0.00145101, 0.999915, 0.00298624  
85, 270.976, -234.471, 182.909, 0.998809, 0.0471789, -0.0124516, -0.047191, 0.998886, -0.000683164, 0.0124055, 0.00126995, 0.999922, 0.00274964  
86, 271.013, -234.453, 182.894, 0.998788, 0.0476112, -0.0124874, -0.0476178, 0.998866, -0.000237092, 0.012462, 0.000831429, 0.999922, 0.00288056  
87, 270.989, -234.466, 182.899, 0.998777, 0.0474481, -0.0138639, -0.0474726, 0.998871, -0.00144522, 0.0137797, 0.00210161, 0.999903, 0.00279818  
88, 270.995, -234.489, 182.884, 0.998785, 0.0472601, -0.0139897, -0.047286, 0.99888, -0.00153063, 0.0139017, 0.00219029, 0.999901, 0.00282869  
89, 270.978, -234.472, 182.874, 0.998803, 0.0475657, -0.0113669, -0.0475614, 0.998868, 0.000653651, 0.0113851, -0.000112244, 0.999935, 0.00284561  
90, 270.979, -234.482, 182.864, 0.998781, 0.0476905, -0.012694, -0.0477191, 0.998859, -0.00195636, 0.0125862, 0.00255972, 0.999918, 0.00279734  
91, 271.007, -234.483, 182.912, 0.998806, 0.0472831, -0.0123213, -0.0472923, 0.998881, -0.000452324, 0.0122861, 0.00103449, 0.999924, 0.00292965  
92, 271.019, -234.456, 182.91, 0.998771, 0.0477056, -0.0134614, -0.0477318, 0.998859, -0.001627, 0.0133684, 0.00226754, 0.999908, 0.0028506  
93, 271.026, -234.468, 182.916, 0.99883, 0.0466627, -0.0127005, -0.0466843, 0.998909, -0.00140922, 0.0126209, 0.00200049, 0.999918, 0.00281621  
94, 271.009, -234.47, 182.882, 0.998796, 0.0474596, -0.0124039, -0.047483, 0.998871, -0.00159642, 0.0123142, 0.00218347, 0.999922, 0.00305309  
95, 270.999, -234.471, 182.895, 0.998788, 0.0477742, -0.011875, -0.0477908, 0.998857, -0.00112561, 0.0118076, 0.00169176, 0.999929, 0.00287501  
96, 270.996, -234.464, 182.904, 0.998777, 0.0475427, -0.0135909, -0.0475755, 0.998865, -0.00210455, 0.0134754, 0.00274857, 0.999905, 0.00285476  
97, 271, -234.455, 182.893, 0.998773, 0.0477381, -0.0131577, -0.0477627, 0.998857, -0.00155907, 0.0130682, 0.0021856, 0.999912, 0.00291329  
98, 271.003, -234.469, 182.912, 0.998803, 0.0475715, -0.0113487, -0.0475716, 0.998868, 0.000260225, 0.0113482, 0.000279963, 0.999936, 0.00287335  
99, 270.993, -234.486, 182.891, 0.998809, 0.0470742, -0.0128198, -0.0470824, 0.998891, -0.000338998, 0.0127897, 0.000942184, 0.999918, 0.00308831  
100, 270.988, -234.468, 182.89, 0.998778, 0.0474951, -0.0136565, -0.0475352, 0.998866, -0.00262918, 0.0135161, 0.00327513, 0.999903, 0.00270803  
101, 270.979, -234.482, 182.892, 0.998815, 0.0470121, -0.0126052, -0.0470338, 0.998892, -0.00143304, 0.0125239, 0.00202421, 0.99992, 0.00282342  
102, 270.999, -234.465, 182.888, 0.998769, 0.0477619, -0.0134111, -0.0477919, 0.998855, -0.00192706, 0.0133037, 0.00256562, 0.999908, 0.00263591  
103, 270.974, -234.469, 182.889, 0.998794, 0.047302, -0.0131663, -0.0473164, 0.99888, -0.000786171, 0.0131143, 0.0014082, 0.999913, 0.00283784  
104, 270.995, -234.461, 182.914, 0.998806, 0.0472714, -0.0123378, -0.0472631, 0.998882, 0.000962899, 0.0123696, -0.000378624, 0.999923, 0.00287501  
105, 271.03, -234.477, 182.87, 0.998811, 0.047073, -0.0126737, -0.0470938, 0.99889, -0.00134585, 0.0125963, 0.0019411, 0.999919, 0.00283756  
106, 271.036, -234.506, 182.855, 0.998794, 0.0468088, -0.0148222, -0.0468628, 0.998896, -0.0033167, 0.0146506, 0.00400731, 0.999885, 0.00279707  
107, 270.983, -234.483, 182.888, 0.998785, 0.047502, -0.0131516, -0.047532, 0.998868, -0.00197539, 0.0130429, 0.00259812, 0.999912, 0.00273993  
108, 270.96, -234.472, 182.885, 0.998757, 0.048362, -0.0120417, -0.048366, 0.99883, -3.55478e-005, 0.0120259, 0.000617911, 0.999927, 0.00283313  
109, 270.98, -234.448, 182.904, 0.998763, 0.0482181, -0.0121726, -0.0482309, 0.998836, -0.000754922, 0.012122, 0.00134108, 0.999926, 0.00317513  
110, 270.968, -234.477, 182.875, 0.998781, 0.0477805, -0.0123708, -0.0478024, 0.998856, -0.00147759, 0.012286, 0.00206714, 0.999922, 0.00277571  
111, 270.958, -234.494, 182.879, 0.998799, 0.0475186, -0.011911, -0.0475216, 0.99887, 2.67814e-005, 0.0118988, 0.00053928, 0.999929, 0.00283895  
112, 270.95, -234.472, 182.899, 0.998795, 0.0476023, -0.0118996, -0.0476171, 0.998865, -0.000963641, 0.0118403, 0.00152911, 0.999929, 0.00288555  
113, 271.014, -234.467, 182.881, 0.998763, 0.0478292, -0.0135695, -0.0478661, 0.998851, -0.00240817, 0.0134387, 0.00305471, 0.999905, 0.00286364  
114, 270.995, -234.464, 182.89, 0.99877, 0.0474241, -0.0144658, -0.0474658, 0.99887, -0.00255483, 0.0143283, 0.00323831, 0.999892, 0.0029524  
115, 271.009, -234.463, 182.89, 0.998788, 0.0474776, -0.0129988, -0.0474995, 0.99887, -0.00137662, 0.0129188, 0.00199239, 0.999915, 0.00283368  
116, 271.022, -234.471, 182.875, 0.998784, 0.0477022, -0.0124893, -0.0477248, 0.998859, -0.00152124, 0.0124025, 0.00211544, 0.999921, 0.00283867  
117, 270.98, -234.5, 182.862, 0.998796, 0.0475475, -0.0121037, -0.0475679, 0.998867, -0.00141, 0.0120229, 0.00198405, 0.999926, 0.00283701  
118, 271.002, -234.494, 182.903, 0.998812, 0.0472258, -0.0119743, -0.0472347, 0.998884, -0.000462346, 0.0119391, 0.0010274, 0.999928, 0.00295129  
119, 271.039, -234.496, 182.905, 0.998795, 0.0471862, -0.0135091, -0.0472141, 0.998883, -0.00175535, 0.0134112, 0.00239105, 0.999907, 0.00282564  
120, 270.98, -234.474, 182.885, 0.998787, 0.0476847, -0.0123073, -0.0476988, 0.998861, -0.000854658, 0.0122525, 0.00144066, 0.999924, 0.00269971  
121, 270.999, -234.463, 182.884, 0.99877, 0.0478548, -0.0129684, -0.0478679, 0.998853, -0.000705538, 0.0129198, 0.00132544, 0.999916, 0.0028384  
122, 270.975, -234.458, 182.895, 0.998784, 0.0476522, -0.0126345, -0.0476657, 0.998863, -0.000772758, 0.0125834, 0.00137405, 0.99992, 0.00276434  
123, 270.97, -234.498, 182.89, 0.99877, 0.0477692, -0.0133171, -0.0477858, 0.998857, -0.000929058, 0.0132575, 0.00156428, 0.999911, 0.00274797  
124, 271, -234.444, 182.91, 0.998798, 0.0471475, -0.013375, -0.0471583, 0.998887, -0.000496834, 0.0133367, 0.00112698, 0.99991, 0.00288278  
125, 270.98, -234.482, 182.871, 0.998784, 0.0470699, -0.0146506, -0.0471119, 0.998886, -0.00253462, 0.014515, 0.00322176, 0.999889, 0.00281953  
126, 271.017, -234.496, 182.878, 0.998784, 0.0475288, -0.0131298, -0.0475453, 0.998869, -0.000947162, 0.0130699, 0.00157027, 0.999913, 0.00282786  
127, 271, -234.447, 182.877, 0.998801, 0.0473703, -0.0123865, -0.0473796, 0.998877, -0.000457367, 0.0123509, 0.00104368, 0.999923, 0.00277904  
128, 271.011, -234.483, 182.854, 0.998817, 0.0468107, -0.0131484, -0.0468294, 0.998902, -0.00111554, 0.0130817, 0.00172996, 0.999913, 0.00300011  
129, 271.043, -234.495, 182.876, 0.998792, 0.0475577, -0.0123928, -0.0475659, 0.998868, -0.000370671, 0.0123612, 0.000959699, 0.999923, 0.00287556  
130, 270.994, -234.464, 182.888, 0.998787, 0.0477006, -0.0121795, -0.0477008, 0.998862, 0.000273164, 0.0121787, 0.00030814, 0.999926, 0.00270664  
131, 270.967, -234.502, 182.905, 0.998806, 0.0474001, -0.0118568, -0.0474043, 0.998876, -7.01076e-005, 0.0118402, 0.000632087, 0.99993, 0.00280095  
132, 270.981, -234.546, 182.873, 0.99886, 0.0460434, -0.0125845, -0.0460667, 0.998937, -0.00157066, 0.0124988, 0.00214859, 0.99992, 0.00272883  
133, 270.987, -234.456, 182.904, 0.998818, 0.0469925, -0.012438, -0.0470075, 0.998894, -0.000921421, 0.012381, 0.00150501, 0.999922, 0.00283174  
134, 270.934, -234.506, 182.891, 0.99886, 0.0460451, -0.0126029, -0.0460561, 0.998939, -0.000584959, 0.0125626, 0.00116473, 0.99992, 0.00308554  
135, 270.965, -234.483, 182.879, 0.998758, 0.0478431, -0.0139341, -0.0478823, 0.99885, -0.0024872, 0.013799, 0.0031513, 0.9999, 0.00271496  
136, 270.976, -234.487, 182.928, 0.998818, 0.0469291, -0.0126463, -0.0469367, 0.998898, -0.000303671, 0.0126181, 0.000896888, 0.99992, 0.00284894  
137, 270.969, -234.472, 182.886, 0.998774, 0.0477316, -0.0131318, -0.0477485, 0.998859, -0.000975103, 0.0130703, 0.00160093, 0.999913, 0.00275962  
138, 271.007, -234.462, 182.863, 0.998804, 0.0470175, -0.0133816, -0.0470358, 0.998893, -0.0010535, 0.0133172, 0.00168165, 0.99991, 0.00302396  
139, 270.993, -234.491, 182.89, 0.998794, 0.0476142, -0.0119825, -0.0476216, 0.998865, -0.000335805, 0.0119529, 0.000906025, 0.999928, 0.00292022  
140, 270.996, -234.476, 182.906, 0.998816, 0.0471946, -0.0118374, -0.0471897, 0.998886, 0.000690904, 0.0118568, -0.000131482, 0.99993, 0.00269638  
141, 271.003, -234.476, 182.917, 0.998797, 0.0474842, -0.0122431, -0.0474917, 0.998872, -0.000318821, 0.0122142, 0.000899883, 0.999925, 0.00279956  
142, 271.026, -234.485, 182.91, 0.998822, 0.0463757, -0.0142995, -0.0464087, 0.998921, -0.00198339, 0.0141921, 0.00264467, 0.999896, 0.00278847  
143, 270.975, -234.497, 182.901, 0.998844, 0.046382, -0.0126025, -0.0463974, 0.998923, -0.000929506, 0.0125458, 0.00151315, 0.99992, 0.0029671  
144, 271.033, -234.475, 182.87, 0.998772, 0.0471355, -0.0152434, -0.0472017, 0.998877, -0.00401129, 0.0150372, 0.00472587, 0.999876, 0.00298846  
145, 271.022, -234.473, 182.894, 0.998789, 0.0475265, -0.0127005, -0.0475506, 0.998868, -0.00159472, 0.0126103, 0.00219671, 0.999918, 0.00276129  
146, 270.997, -234.476, 182.888, 0.998782, 0.047588, -0.0130187, -0.0476099, 0.998865, -0.00137491, 0.0129384, 0.00199305, 0.999914, 0.00279762  
147, 270.985, -234.462, 182.879, 0.998795, 0.0473608, -0.0128583, -0.047375, 0.998877, -0.000798422, 0.0128061, 0.00140662, 0.999917, 0.00279207  
148, 270.996, -234.466, 182.924, 0.998806, 0.0469537, -0.0134917, -0.0469833, 0.998894, -0.00188569, 0.0133882, 0.00251732, 0.999907, 0.00275574  
149, 270.984, -234.503, 182.901, 0.998857, 0.0458691, -0.0134064, -0.0458778, 0.998947, -0.000342011, 0.0133766, 0.000956678, 0.99991, 0.00281426  
150, 270.984, -234.472, 182.907, 0.998815, 0.0470002, -0.0126086, -0.0470065, 0.998895, -0.000203701, 0.0125851, 0.000796145, 0.99992, 0.00273882  
151, 270.976, -234.457, 182.902, 0.998798, 0.047415, -0.0124417, -0.0474311, 0.998874, -0.000999474, 0.0123803, 0.0015884, 0.999922, 0.00279568  
152, 270.995, -234.476, 182.885, 0.998806, 0.047277, -0.0123332, -0.0472985, 0.99888, -0.0014586, 0.0122505, 0.0020402, 0.999923, 0.00277321  
153, 270.984, -234.491, 182.882, 0.998819, 0.0468681, -0.0128013, -0.046884, 0.9989, -0.000943827, 0.012743, 0.00154289, 0.999918, 0.00278153  
154, 271.016, -234.468, 182.889, 0.99879, 0.0476295, -0.0122526, -0.0476512, 0.998863, -0.00148477, 0.012168, 0.00206683, 0.999924, 0.00285337  
155, 270.981, -234.456, 182.881, 0.998807, 0.0472052, -0.0124645, -0.0472202, 0.998884, -0.000910825, 0.0124076, 0.00149832, 0.999922, 0.00282037  
156, 271.005, -234.473, 182.909, 0.998781, 0.0478779, -0.0119969, -0.047879, 0.998853, 0.000190802, 0.0119922, 0.000383828, 0.999928, 0.00280151  
157, 270.994, -234.478, 182.887, 0.998798, 0.0475089, -0.0120235, -0.0475078, 0.998871, 0.000377347, 0.0120278, 0.000194315, 0.999928, 0.00272772  
158, 270.965, -234.459, 182.89, 0.998805, 0.0471612, -0.012809, -0.0471754, 0.998886, -0.00080771, 0.0127567, 0.00141102, 0.999918, 0.00289221  
159, 271.006, -234.5, 182.873, 0.998839, 0.0466359, -0.0120334, -0.0466469, 0.998911, -0.000638046, 0.0119906, 0.00119863, 0.999927, 0.00289859  
160, 271.01, -234.442, 182.899, 0.998798, 0.0468351, -0.014433, -0.0468655, 0.9989, -0.00178006, 0.0143338, 0.00245433, 0.999894, 0.00287695  
161, 271.002, -234.471, 182.882, 0.998768, 0.0478775, -0.0130758, -0.0478932, 0.998852, -0.000889946, 0.0130182, 0.00151509, 0.999914, 0.00274797  
162, 271.001, -234.468, 182.883, 0.998774, 0.0474149, -0.0142066, -0.0474439, 0.998872, -0.00171258, 0.0141094, 0.0023845, 0.999898, 0.00272162  
163, 271.018, -234.48, 182.875, 0.998788, 0.0471326, -0.0141527, -0.0471715, 0.998884, -0.0024276, 0.0140225, 0.00309226, 0.999897, 0.00280761  
164, 270.949, -234.474, 182.896, 0.998796, 0.0476649, -0.0115916, -0.0476711, 0.998863, -0.000256084, 0.0115662, 0.000808358, 0.999933, 0.00301897  
165, 270.992, -234.496, 182.878, 0.998817, 0.0467045, -0.0135369, -0.046726, 0.998907, -0.00127414, 0.0134626, 0.00190515, 0.999908, 0.00274908  
166, 270.975, -234.465, 182.885, 0.998855, 0.0463261, -0.0119134, -0.0463334, 0.998926, -0.000338811, 0.0118849, 0.000890412, 0.999929, 0.00289027  
167, 270.982, -234.466, 182.888, 0.998792, 0.0475535, -0.0123471, -0.0475737, 0.998867, -0.00135121, 0.0122689, 0.00193698, 0.999923, 0.00278708  
168, 270.985, -234.497, 182.895, 0.998812, 0.0471501, -0.0122728, -0.0471734, 0.998885, -0.00161078, 0.0121832, 0.00218782, 0.999923, 0.00288083  
169, 270.976, -234.492, 182.892, 0.998813, 0.0470397, -0.0126092, -0.0470441, 0.998893, -4.8954e-005, 0.0125929, 0.000642083, 0.99992, 0.00297265  
170, 270.958, -234.481, 182.922, 0.99883, 0.0466453, -0.0127834, -0.0466529, 0.998911, -0.000303017, 0.0127554, 0.000899047, 0.999918, 0.00275213  
171, 271.02, -234.471, 182.908, 0.998773, 0.0477889, -0.0130069, -0.0477967, 0.998857, -0.000294701, 0.0129779, 0.000916025, 0.999915, 0.00288222  
172, 271.037, -234.487, 182.901, 0.99882, 0.0470904, -0.0118498, -0.0470986, 0.99889, -0.00041884, 0.011817, 0.000976457, 0.99993, 0.00284755  
173, 271.002, -234.481, 182.877, 0.998773, 0.0478267, -0.0128701, -0.0478449, 0.998854, -0.00110242, 0.0128026, 0.00171683, 0.999917, 0.00283007  
174, 270.989, -234.468, 182.891, 0.99877, 0.047674, -0.013614, -0.0477019, 0.99886, -0.00173638, 0.0135157, 0.00238366, 0.999906, 0.00297958  
175, 271.001, -234.455, 182.894, 0.99876, 0.0477906, -0.0139439, -0.0478331, 0.998852, -0.00273155, 0.0137974, 0.00339514, 0.999899, 0.00306557  
176, 270.984, -234.468, 182.878, 0.998776, 0.0481826, -0.0111353, -0.0481821, 0.998839, 0.0003117, 0.0111374, 0.000225204, 0.999938, 0.00289886  
177, 270.998, -234.46, 182.894, 0.998769, 0.0478165, -0.0131718, -0.0478348, 0.998855, -0.00108165, 0.013105, 0.00171039, 0.999913, 0.00284727  
178, 270.98, -234.476, 182.889, 0.998828, 0.0466489, -0.0128729, -0.0466798, 0.998908, -0.00211122, 0.0127603, 0.00270965, 0.999915, 0.00282425  
179, 271.009, -234.481, 182.876, 0.998828, 0.0464094, -0.0137595, -0.0464366, 0.99892, -0.00166865, 0.0136672, 0.00230564, 0.999904, 0.00295018  
180, 270.989, -234.526, 182.893, 0.998815, 0.0473987, -0.0110681, -0.0473969, 0.998876, 0.000432273, 0.0110761, 9.28321e-005, 0.999939, 0.00281537  
181, 271.003, -234.532, 182.87, 0.998786, 0.0477803, -0.0119878, -0.0478008, 0.998856, -0.0014341, 0.0119056, 0.00200539, 0.999927, 0.00284367  
182, 271.015, -234.622, 182.881, 0.998792, 0.0474286, -0.0128723, -0.0474869, 0.998863, -0.00426806, 0.0126552, 0.00487417, 0.999908, 0.00283895  
183, 271.007, -234.641, 182.874, 0.998804, 0.047218, -0.0126639, -0.0472624, 0.998877, -0.0032243, 0.0124975, 0.00381898, 0.999915, 0.00275518  
184, 271.024, -234.709, 182.907, 0.998791, 0.0476489, -0.0121274, -0.0477033, 0.998853, -0.00423873, 0.0119115, 0.00481212, 0.999917, 0.0028359  
185, 270.995, -234.77, 182.917, 0.998816, 0.0468253, -0.0132083, -0.0469342, 0.998865, -0.00805663, 0.012816, 0.00866701, 0.99988, 0.00282675  
186, 270.983, -234.781, 182.904, 0.998767, 0.0479644, -0.0127839, -0.0480795, 0.998804, -0.0088496, 0.0123441, 0.00945333, 0.999879, 0.00284505  
187, 271.003, -234.819, 182.909, 0.99875, 0.0487926, -0.0108145, -0.0488876, 0.998766, -0.00869737, 0.0103768, 0.00921519, 0.999904, 0.00276101  
188, 271.012, -234.87, 182.912, 0.998763, 0.0482041, -0.0121954, -0.048348, 0.998761, -0.0117984, 0.0116115, 0.0123734, 0.999856, 0.00293936  
189, 271.013, -234.906, 182.947, 0.99879, 0.0475626, -0.0124717, -0.0477104, 0.998791, -0.0118349, 0.0118937, 0.0124156, 0.999852, 0.0032012  
190, 271.021, -234.939, 182.949, 0.998757, 0.0484255, -0.0117906, -0.0486017, 0.998704, -0.015139, 0.0110422, 0.0156933, 0.999816, 0.00280788  
191, 270.994, -234.972, 183.001, 0.998768, 0.0487335, -0.00935, -0.0488795, 0.998675, -0.0160761, 0.00855417, 0.0165134, 0.999827, 0.00279346  
192, 270.977, -235.035, 182.966, 0.998707, 0.0494183, -0.0119035, -0.0496593, 0.998548, -0.0208786, 0.0108545, 0.0214427, 0.999711, 0.00280372  
193, 270.948, -235.09, 182.979, 0.998713, 0.0497506, -0.00984223, -0.0499724, 0.998468, -0.023744, 0.00864588, 0.0242053, 0.99967, 0.00274853  
194, 271.046, -235.087, 183.045, 0.998631, 0.0504678, -0.0137316, -0.050858, 0.998263, -0.0297363, 0.012207, 0.030394, 0.999463, 0.00286419  
195, 271.011, -235.192, 183.001, 0.998734, 0.0485846, -0.0130539, -0.0489411, 0.998394, -0.0285455, 0.011646, 0.0291482, 0.999507, 0.0028334  
196, 270.985, -235.205, 182.961, 0.99863, 0.0495483, -0.0167984, -0.050119, 0.998114, -0.0354533, 0.01501, 0.0362466, 0.99923, 0.00282591  
197, 271.026, -235.159, 182.981, 0.998551, 0.0514413, -0.0157762, -0.0519811, 0.998, -0.0359608, 0.0138947, 0.0367287, 0.999229, 0.00279513  
198, 271.057, -235.198, 183.044, 0.998589, 0.0507221, -0.0157369, -0.0513072, 0.997909, -0.0393209, 0.0137096, 0.0400728, 0.999103, 0.00275463  
199, 271.018, -235.19, 183.071, 0.998556, 0.0514577, -0.0154486, -0.0520721, 0.997742, -0.0424212, 0.0132308, 0.0431644, 0.99898, 0.00289443  
200, 271.046, -235.145, 183.021, 0.998548, 0.0506996, -0.0182093, -0.0514901, 0.997616, -0.0459377, 0.0158369, 0.0468086, 0.998778, 0.00274936  
201, 271.046, -235.087, 183.051, 0.998503, 0.0524012, -0.0157033, -0.0530616, 0.997572, -0.0450989, 0.0133019, 0.0458646, 0.998859, 0.00282508  
202, 271.03, -235.099, 183.051, 0.998534, 0.0515582, -0.0164739, -0.0522696, 0.997566, -0.0461521, 0.0140542, 0.0469455, 0.998799, 0.00277044  
203, 271.082, -234.991, 183.059, 0.998498, 0.0511843, -0.0195367, -0.0520975, 0.997414, -0.0495153, 0.0169517, 0.0504587, 0.998582, 0.0029266  
204, 271.071, -234.998, 183.07, 0.998567, 0.0507942, -0.0168458, -0.0515809, 0.99741, -0.0501232, 0.0142562, 0.0509203, 0.998601, 0.0030542  
205, 271.088, -234.95, 183.042, 0.998526, 0.0516549, -0.016671, -0.0524446, 0.997319, -0.0510374, 0.01399, 0.0518365, 0.998558, 0.00268168  
206, 271.078, -234.942, 183.046, 0.998516, 0.0512677, -0.0183645, -0.0522115, 0.997106, -0.055255, 0.0154785, 0.0561319, 0.998303, 0.00281426  
207, 271.126, -234.884, 183.033, 0.998527, 0.0507805, -0.0191139, -0.0517933, 0.997037, -0.0568659, 0.0161696, 0.0577721, 0.998199, 0.00277044  
208, 271.18, -234.838, 183.068, 0.998549, 0.0501731, -0.0195429, -0.0512894, 0.996784, -0.0615711, 0.0163909, 0.0624841, 0.997911, 0.00277931  
209, 271.129, -234.844, 183.073, 0.99857, 0.0502033, -0.0183672, -0.0512817, 0.996637, -0.0639155, 0.0150967, 0.064766, 0.997786, 0.00293853  
210, 271.165, -234.826, 183.027, 0.998538, 0.049627, -0.0214256, -0.051005, 0.996281, -0.0694474, 0.0178994, 0.0704387, 0.997356, 0.00276461  
211, 271.182, -234.734, 183.039, 0.998548, 0.0497498, -0.020645, -0.0510963, 0.996178, -0.070839, 0.0170418, 0.0717911, 0.997274, 0.00278015  
212, 271.197, -234.647, 183.064, 0.998542, 0.0497602, -0.0209387, -0.051166, 0.996016, -0.0730412, 0.0172208, 0.074006, 0.997109, 0.00273299  
213, 271.257, -234.492, 183.09, 0.998513, 0.050315, -0.0209614, -0.0517654, 0.995792, -0.0756222, 0.0170683, 0.0765949, 0.996916, 0.00294075  
214, 270.822, -234.359, 183.469, 0.990965, -0.12943, -0.0351733, -0.126685, -0.989366, 0.071462, -0.0440486, -0.0663604, -0.996823, 0.00322506  
215, 270.89, -234.202, 183.492, 0.99096, -0.129096, -0.0365139, -0.126157, -0.989263, 0.0737725, -0.0456456, -0.0684991, -0.996606, 0.00274658  
216, 270.945, -234.084, 183.453, 0.990862, -0.129307, -0.0383817, -0.126206, -0.989206, 0.0744613, -0.0475957, -0.0689368, -0.996485, 0.00277321  
217, 270.893, -234.027, 183.475, 0.991172, -0.12672, -0.0389924, -0.123579, -0.989532, 0.0745348, -0.0480292, -0.0690581, -0.996456, 0.00273216  
218, 270.904, -233.898, 183.43, 0.991116, -0.127798, -0.0368278, -0.12451, -0.988918, 0.0808651, -0.0467541, -0.0755613, -0.996044, 0.00303339  
219, 270.884, -233.776, 183.436, 0.990933, -0.12821, -0.0401673, -0.124658, -0.988881, 0.0810831, -0.0501164, -0.0753408, -0.995898, 0.00293159  
220, 270.929, -233.601, 183.431, 0.99102, -0.127412, -0.0405556, -0.123758, -0.988872, 0.0825555, -0.0506229, -0.0767951, -0.995761, 0.00275879  
221, 270.989, -233.363, 183.455, 0.990983, -0.127564, -0.040997, -0.123951, -0.988971, 0.081072, -0.0508867, -0.0752593, -0.995865, 0.00278098  
222, 271.015, -233.174, 183.427, 0.991014, -0.128027, -0.0387263, -0.124305, -0.988444, 0.0867612, -0.0493865, -0.0811678, -0.995476, 0.00274409  
223, 271.056, -232.864, 183.399, 0.991017, -0.128643, -0.036543, -0.124816, -0.987846, 0.092633, -0.0480155, -0.0872397, -0.99503, 0.00296627  
224, 271.181, -232.573, 183.418, 0.990656, -0.130984, -0.0379996, -0.126846, -0.987252, 0.0961469, -0.0501089, -0.0904284, -0.994642, 0.00288666  
225, 271.205, -232.212, 183.42, 0.990632, -0.130407, -0.0405328, -0.126051, -0.987371, 0.0959666, -0.0525356, -0.0899584, -0.994559, 0.00274187  
226, 271.258, -231.874, 183.375, 0.990542, -0.131672, -0.0385791, -0.127314, -0.986873, 0.0993656, -0.0511564, -0.0935142, -0.994303, 0.0027954  
227, 271.325, -231.481, 183.419, 0.990922, -0.12875, -0.0386885, -0.124577, -0.987579, 0.09575, -0.0505357, -0.0900612, -0.994653, 0.00272495  
228, 271.357, -231.084, 183.362, 0.990567, -0.130619, -0.0414311, -0.126111, -0.987236, 0.0972632, -0.0536067, -0.0911207, -0.994396, 0.00276711  
229, 271.422, -230.557, 183.358, 0.990487, -0.131109, -0.0417863, -0.126452, -0.986981, 0.0993893, -0.0542731, -0.0931598, -0.994171, 0.00284894  
230, 271.546, -229.971, 183.374, 0.990064, -0.133656, -0.0436876, -0.1288, -0.986655, 0.0996166, -0.0564188, -0.0929999, -0.994066, 0.00277821  
231, 271.569, -229.479, 183.373, 0.990122, -0.132877, -0.0447558, -0.128043, -0.986959, 0.0975515, -0.0571345, -0.0908572, -0.994224, 0.00280511  
232, 271.614, -228.863, 183.267, 0.990064, -0.133884, -0.0429978, -0.128938, -0.986356, 0.102355, -0.0561148, -0.0957935, -0.993818, 0.00274159  
233, 271.614, -228.262, 183.311, 0.990178, -0.132378, -0.0449909, -0.127615, -0.987169, 0.0959815, -0.0571195, -0.0892972, -0.994366, 0.00296211  
234, 272.203, -227.515, 183.07, 0.998413, 0.0540881, -0.0156879, -0.0554623, 0.992691, -0.107188, 0.00977563, 0.107888, 0.994115, 0.00284034  
235, 272.272, -226.842, 183.005, 0.998378, 0.054971, -0.0147896, -0.056221, 0.992915, -0.104686, 0.00893009, 0.105348, 0.994395, 0.00259181  
236, 272.388, -226.11, 183.015, 0.998339, 0.0550794, -0.0168981, -0.0566004, 0.992408, -0.109196, 0.0107553, 0.109971, 0.993877, 0.00280761  
237, 272.377, -225.418, 182.99, 0.998369, 0.054891, -0.0157183, -0.056271, 0.992566, -0.107917, 0.00967775, 0.108625, 0.994036, 0.00277321  
238, 272.147, -224.499, 183.358, 0.990028, -0.135341, -0.0390767, -0.130735, -0.986058, 0.102948, -0.0524649, -0.0968126, -0.993919, 0.00284228  
239, 272.574, -223.667, 182.92, 0.99822, 0.0560684, -0.0203348, -0.0579773, 0.992207, -0.110289, 0.0139926, 0.111271, 0.993692, 0.00286697  
240, 272.514, -222.93, 182.863, 0.998313, 0.0540106, -0.0212932, -0.0560418, 0.992295, -0.110501, 0.0151609, 0.111508, 0.993648, 0.00282841  
241, 272.492, -222.083, 182.793, 0.998278, 0.0545789, -0.0214954, -0.0566452, 0.992145, -0.111533, 0.0152392, 0.112559, 0.993528, 0.00281926  
242, 272.544, -221.039, 182.732, 0.998078, 0.0574616, -0.0232001, -0.0597333, 0.991753, -0.113396, 0.0164928, 0.114564, 0.993279, 0.00275324  
243, 272.286, -220.016, 183.025, 0.989493, -0.139224, -0.0389809, -0.134728, -0.985747, 0.100748, -0.0524519, -0.0944376, -0.994148, 0.00277599  
244, 272.758, -218.945, 182.706, 0.997968, 0.0605338, -0.0199019, -0.0623256, 0.992292, -0.107107, 0.0132649, 0.10813, 0.994048, 0.0029904  
245, 272.785, -217.986, 182.629, 0.99785, 0.0615242, -0.0225873, -0.0636458, 0.991898, -0.109939, 0.0156403, 0.111141, 0.993682, 0.00278264  
246, 272.807, -216.927, 182.671, 0.997942, 0.0608125, -0.0203194, -0.0626687, 0.992105, -0.108632, 0.0135528, 0.109681, 0.993874, 0.00287889  
247, 272.76, -215.995, 182.699, 0.998179, 0.0576762, -0.017668, -0.0592504, 0.992408, -0.107776, 0.0113178, 0.108626, 0.994018, 0.00275241  
248, 272.829, -214.852, 182.735, 0.998161, 0.0579539, -0.0177523, -0.059541, 0.99234, -0.108243, 0.0113432, 0.109101, 0.993966, 0.00278597  
249, 272.952, -213.785, 182.809, 0.998344, 0.0559382, -0.0133943, -0.057048, 0.992694, -0.106323, 0.00734892, 0.106911, 0.994241, 0.00293076  
250, 273.056, -212.687, 182.899, 0.998431, 0.0541495, -0.014241, -0.0553951, 0.992327, -0.110541, 0.00814593, 0.111157, 0.993769, 0.00296294  
251, 273.244, -211.448, 182.926, 0.998481, 0.0539513, -0.0111519, -0.0548381, 0.992712, -0.107312, 0.00528098, 0.10776, 0.994163, 0.00285698  
252, 273.504, -210.201, 182.917, 0.998512, 0.0530165, -0.0127322, -0.054091, 0.992565, -0.109036, 0.00685687, 0.109562, 0.993956, 0.0028065  
253, 273.693, -208.966, 182.852, 0.998409, 0.0546413, -0.0139161, -0.0558699, 0.991977, -0.113402, 0.00760805, 0.113999, 0.993452, 0.00287612  
254, 273.892, -207.586, 182.806, 0.998392, 0.0550945, -0.0133374, -0.0562455, 0.992097, -0.112161, 0.00705257, 0.112731, 0.993601, 0.00302036  
255, 274.083, -206.282, 182.834, 0.998308, 0.0571251, -0.010833, -0.0579687, 0.992306, -0.109397, 0.00450041, 0.10984, 0.993939, 0.00285088  
256, 274.317, -204.888, 182.915, 0.998345, 0.0563093, -0.0116516, -0.0572406, 0.992492, -0.108092, 0.00547747, 0.10858, 0.994073, 0.00287002  
257, 274.511, -203.483, 182.965, 0.998404, 0.0548594, -0.0133905, -0.0559966, 0.992437, -0.109238, 0.00729652, 0.109814, 0.993925, 0.00276877  
258, 274.664, -202.113, 182.996, 0.998277, 0.0569568, -0.0140945, -0.0581778, 0.992038, -0.111696, 0.00762044, 0.112323, 0.993643, 0.00284644  
259, 274.761, -200.581, 183.033, 0.998394, 0.0563053, -0.0063023, -0.056655, 0.993076, -0.102912, 0.000464186, 0.103103, 0.994671, 0.00318068  
260, 274.84, -199.117, 183.048, 0.998411, 0.0557755, -0.00809481, -0.0563166, 0.992927, -0.104519, 0.00220798, 0.104808, 0.99449, 0.00290219  
261, 274.874, -197.516, 183.049, 0.998395, 0.0561767, -0.00711944, -0.0566176, 0.992488, -0.108451, 0.000973529, 0.10868, 0.994076, 0.00280012  
262, 274.705, -195.964, 182.936, 0.998362, 0.056483, -0.00906745, -0.0571332, 0.992487, -0.108187, 0.00288862, 0.108528, 0.994089, 0.00281399  
263, 274.76, -194.207, 183.01, 0.99831, 0.0573192, -0.00955584, -0.0580149, 0.99252, -0.107418, 0.00332725, 0.107791, 0.994168, 0.00292938  
264, 274.649, -192.718, 182.842, 0.998329, 0.0537185, -0.0212988, -0.0558448, 0.991605, -0.116623, 0.0148551, 0.117618, 0.992948, 0.00301314  
265, 274.395, -190.873, 182.801, 0.998452, 0.0531895, -0.0162645, -0.0546395, 0.992649, -0.107993, 0.0104008, 0.108715, 0.994019, 0.00294519  
266, 274.245, -189.222, 182.841, 0.998241, 0.0546017, -0.0231072, -0.0569053, 0.991751, -0.114854, 0.0166454, 0.115967, 0.993114, 0.00285754  
267, 273.919, -187.256, 182.918, 0.998272, 0.0554663, -0.0194113, -0.0572411, 0.992539, -0.107656, 0.0132952, 0.108581, 0.993999, 0.00276794  
268, 273.705, -185.54, 182.887, 0.998208, 0.0572494, -0.0174042, -0.0587374, 0.992999, -0.102483, 0.0114152, 0.103322, 0.994583, 0.00280622  
269, 273.389, -183.774, 182.887, 0.99813, 0.0557489, -0.0250876, -0.0581434, 0.992465, -0.107855, 0.0188858, 0.109112, 0.99385, 0.0032711  
270, 273.119, -181.874, 182.945, 0.998119, 0.0549069, -0.0272653, -0.057546, 0.99249, -0.107946, 0.0211335, 0.109312, 0.993783, 0.00273383  
271, 272.822, -180.346, 182.762, 0.998185, 0.0512616, -0.0316, -0.0545076, 0.992181, -0.112276, 0.0255974, 0.113794, 0.993175, 0.00279429  
272, 272.611, -178.349, 182.779, 0.998109, 0.0523887, -0.032164, -0.0556505, 0.992296, -0.110688, 0.0261174, 0.112268, 0.993335, 0.00281787  
273, 272.357, -176.41, 182.725, 0.998079, 0.052222, -0.033339, -0.0555335, 0.992635, -0.107665, 0.027471, 0.109309, 0.993628, 0.00275269  
274, 272.039, -174.566, 182.702, 0.998049, 0.0524053, -0.0339417, -0.0557419, 0.992775, -0.106255, 0.0281281, 0.10794, 0.993759, 0.00276434  
275, 271.781, -172.404, 182.745, 0.997877, 0.051983, -0.0392267, -0.0558402, 0.992939, -0.104666, 0.0335088, 0.106634, 0.993734, 0.00279207  
276, 271.496, -170.323, 182.734, 0.99797, 0.04995, -0.0395036, -0.0536924, 0.993521, -0.100168, 0.0342443, 0.102086, 0.994186, 0.00283451  
