0, 0, 0, 0, 0, 0, 0, 0, 0, 0, 0, 0, 0, 0.00281953  
1, 252.597, -220.169, 182.171, 0.999551, 0.0149084, -0.0260028, -0.0157653, 0.999329, -0.0330657, 0.0254924, 0.0334608, 0.999115, 0.0026373  
2, 252.639, -220.183, 182.172, 0.999534, 0.0135035, -0.0273716, -0.0144317, 0.999318, -0.0340026, 0.0268938, 0.0343818, 0.999047, 0.00284089  
3, 252.626, -220.2, 182.16, 0.999548, 0.0138037, -0.0267076, -0.0147093, 0.999313, -0.0340139, 0.0262197, 0.0343914, 0.999064, 0.00289748  
4, 252.641, -220.153, 182.177, 0.999494, 0.0137681, -0.0286601, -0.014758, 0.999292, -0.0346186, 0.0281631, 0.035024, 0.99899, 0.002885  
5, 252.619, -220.156, 182.186, 0.999504, 0.01444, -0.0279799, -0.0154054, 0.999282, -0.0346007, 0.0274602, 0.0350146, 0.999009, 0.00299983  
6, 252.653, -220.157, 182.168, 0.999486, 0.0144111, -0.0286289, -0.0153894, 0.999295, -0.0342503, 0.0281151, 0.0346733, 0.999003, 0.00286419  
7, 252.619, -220.165, 182.154, 0.999504, 0.0141071, -0.0281382, -0.0150754, 0.999291, -0.0345029, 0.0276315, 0.03491, 0.999008, 0.00295878  
8, 252.651, -220.17, 182.176, 0.999484, 0.0136957, -0.0290626, -0.01471, 0.99928, -0.0349798, 0.0285626, 0.0353893, 0.998965, 0.00279901  
9, 252.608, -220.171, 182.175, 0.999531, 0.0136684, -0.027399, -0.0146141, 0.999294, -0.0346174, 0.0269065, 0.0350016, 0.999025, 0.00290441  
10, 252.607, -220.176, 182.176, 0.999542, 0.0144496, -0.0265982, -0.0153477, 0.999308, -0.0338774, 0.0260903, 0.0342701, 0.999072, 0.00294962  
11, 252.621, -220.172, 182.149, 0.999524, 0.0145839, -0.0272037, -0.0155288, 0.999272, -0.0348554, 0.0266756, 0.0352612, 0.999022, 0.00285532  
12, 252.607, -220.175, 182.162, 0.999522, 0.0142296, -0.0274465, -0.0151721, 0.999292, -0.0344427, 0.026937, 0.0348426, 0.99903, 0.00294962  
13, 252.648, -220.169, 182.158, 0.999488, 0.0149379, -0.0282884, -0.015905, 0.999286, -0.0342765, 0.0277562, 0.0347089, 0.999012, 0.00302452  
14, 252.603, -220.167, 182.183, 0.999542, 0.0142281, -0.0267004, -0.0151097, 0.999337, -0.0331128, 0.0262116, 0.0335011, 0.999095, 0.0029438  
15, 252.642, -220.171, 182.174, 0.999501, 0.0137489, -0.0284545, -0.0147323, 0.999291, -0.0346439, 0.027958, 0.0350458, 0.998995, 0.00288305  
16, 252.628, -220.161, 182.15, 0.999548, 0.0142663, -0.0264772, -0.0151277, 0.999353, -0.0326214, 0.0259947, 0.0330072, 0.999117, 0.00301342  
17, 252.612, -220.162, 182.157, 0.999511, 0.0140719, -0.0279412, -0.0150263, 0.9993, -0.0342479, 0.0274397, 0.034651, 0.999023, 0.00294324  
18, 252.615, -220.139, 182.164, 0.999505, 0.0145385, -0.0279064, -0.0155063, 0.999275, -0.0347817, 0.0273805, 0.0351972, 0.999005, 0.00431016  
19, 252.625, -220.16, 182.161, 0.999526, 0.0138804, -0.0274871, -0.0148151, 0.999309, -0.0341005, 0.0269948, 0.0344915, 0.99904, 0.00285559  
20, 252.616, -220.162, 182.164, 0.999509, 0.01424, -0.0279094, -0.0152027, 0.999286, -0.0345905, 0.0273969, 0.0349978, 0.999012, 0.00287612  
21, 252.616, -220.161, 182.144, 0.999503, 0.0139399, -0.028262, -0.0149099, 0.999297, -0.0344037, 0.0277626, 0.034808, 0.999008, 0.0028506  
22, 252.626, -220.152, 182.147, 0.999493, 0.0149199, -0.0281415, -0.0158972, 0.999267, -0.0348289, 0.0276012, 0.0352586, 0.998997, 0.002923  
23, 252.606, -220.173, 182.169, 0.999566, 0.0138502, -0.02601, -0.0147039, 0.99935, -0.032924, 0.0255371, 0.0332922, 0.999119, 0.00289581  
24, 252.619, -220.172, 182.167, 0.999572, 0.0137601, -0.025801, -0.0146029, 0.999356, -0.0327676, 0.0253335, 0.0331304, 0.99913, 0.00294297  
25, 252.624, -220.169, 182.163, 0.999552, 0.0145975, -0.0261446, -0.0154502, 0.999345, -0.0327145, 0.02565, 0.0331038, 0.999123, 0.00290524  
26, 252.61, -220.157, 182.162, 0.999519, 0.014306, -0.0275265, -0.0152556, 0.999285, -0.0346033, 0.0270118, 0.0350065, 0.999022, 0.00287418  
27, 252.603, -220.179, 182.165, 0.999563, 0.0141243, -0.0259507, -0.0149564, 0.999371, -0.0321571, 0.0254802, 0.0325312, 0.999146, 0.00305392  
28, 252.624, -220.152, 182.17, 0.999522, 0.0130073, -0.02806, -0.0139468, 0.99934, -0.0335501, 0.0276051, 0.0339254, 0.999043, 0.00292965  
29, 252.598, -220.166, 182.165, 0.999557, 0.0139285, -0.0262858, -0.0148101, 0.999324, -0.0336494, 0.0257994, 0.0340238, 0.999088, 0.00295129  
30, 252.636, -220.184, 182.178, 0.999503, 0.0134946, -0.0284943, -0.0145014, 0.999267, -0.0354272, 0.0279953, 0.0358228, 0.998966, 0.00310606  
31, 252.585, -220.189, 182.169, 0.999555, 0.0133472, -0.0266815, -0.0142368, 0.999339, -0.0334357, 0.0262176, 0.0338007, 0.999085, 0.00294241  
32, 252.627, -220.154, 182.173, 0.999499, 0.0138279, -0.0284758, -0.0148064, 0.999297, -0.0344421, 0.0279796, 0.0348464, 0.999001, 0.00288222  
33, 252.639, -220.169, 182.176, 0.999498, 0.0137007, -0.0285817, -0.0147023, 0.999274, -0.0351333, 0.0280797, 0.0355359, 0.998974, 0.00297875  
34, 252.612, -220.177, 182.164, 0.999538, 0.0142189, -0.0268453, -0.0151219, 0.999316, -0.0337416, 0.0263472, 0.0341319, 0.99907, 0.00299234  
35, 252.604, -220.173, 182.137, 0.999542, 0.0147483, -0.0264077, -0.0156323, 0.999314, -0.0335873, 0.0258942, 0.0339848, 0.999087, 0.00305059  
36, 252.629, -220.163, 182.172, 0.9995, 0.0137531, -0.0284714, -0.0147272, 0.999303, -0.0342934, 0.0279799, 0.0346955, 0.999006, 0.00293908  
37, 252.596, -220.197, 182.161, 0.999541, 0.0137424, -0.0269891, -0.0146397, 0.999337, -0.0333363, 0.0265131, 0.0337161, 0.99908, 0.00290774  
38, 252.588, -220.147, 182.155, 0.999501, 0.0142152, -0.0282099, -0.0152097, 0.999259, -0.0353585, 0.0276863, 0.0357699, 0.998976, 0.00286918  
39, 252.602, -220.154, 182.169, 0.999538, 0.0144396, -0.0267531, -0.0153269, 0.999329, -0.0332622, 0.0262549, 0.0336569, 0.999089, 0.00298513  
40, 252.595, -220.171, 182.135, 0.999539, 0.0140868, -0.0269103, -0.0149908, 0.99932, -0.0336924, 0.0264174, 0.0340803, 0.99907, 0.00308748  
41, 252.598, -220.177, 182.143, 0.999543, 0.0138208, -0.0268793, -0.014727, 0.99932, -0.0338125, 0.0263937, 0.0341929, 0.999067, 0.00302008  
42, 252.622, -220.176, 182.147, 0.999519, 0.0146798, -0.0273119, -0.0156113, 0.999293, -0.0342098, 0.0267904, 0.0346197, 0.999041, 0.00298263  
43, 252.609, -220.173, 182.197, 0.999538, 0.0139636, -0.0269986, -0.0148557, 0.999341, -0.0331286, 0.0265182, 0.0335144, 0.999086, 0.00303561  
44, 252.626, -220.168, 182.178, 0.99949, 0.0130349, -0.0291559, -0.014063, 0.999276, -0.0353427, 0.0286741, 0.0357347, 0.99895, 0.00287473  
45, 252.604, -220.162, 182.2, 0.999542, 0.0138409, -0.0269257, -0.0147671, 0.999295, -0.0345101, 0.026429, 0.0348919, 0.999042, 0.00303589  
46, 252.598, -220.178, 182.163, 0.999553, 0.0138715, -0.0264827, -0.0147484, 0.99934, -0.03321, 0.0260046, 0.0335858, 0.999097, 0.00280428  
47, 252.606, -220.202, 182.162, 0.999545, 0.0136812, -0.0268734, -0.0145903, 0.999318, -0.0339301, 0.0263909, 0.0343067, 0.999063, 0.00299373  
48, 252.6, -220.184, 182.135, 0.999533, 0.0145148, -0.0268817, -0.0154388, 0.999286, -0.0344906, 0.0263618, 0.0348896, 0.999043, 0.00289387  
49, 252.605, -220.185, 182.156, 0.999504, 0.0134585, -0.028487, -0.014452, 0.999284, -0.0349611, 0.0279961, 0.0353554, 0.998983, 0.00286724  
50, 252.637, -220.183, 182.148, 0.999516, 0.0147746, -0.0273698, -0.0157107, 0.999288, -0.0343074, 0.0268435, 0.0347208, 0.999036, 0.00300344  
51, 252.644, -220.169, 182.14, 0.999506, 0.0139233, -0.0281615, -0.0148924, 0.999294, -0.0345025, 0.0276612, 0.0349049, 0.999008, 0.00303672  
52, 252.617, -220.165, 182.155, 0.999519, 0.0132525, -0.0280323, -0.0142075, 0.999316, -0.0341492, 0.0275606, 0.0345311, 0.999024, 0.00324614  
53, 252.628, -220.191, 182.178, 0.999542, 0.0143914, -0.0266206, -0.0152853, 0.999316, -0.0336873, 0.0261176, 0.0340788, 0.999078, 0.00310717  
54, 252.611, -220.187, 182.194, 0.999529, 0.0137186, -0.0274457, -0.0146587, 0.999302, -0.0343498, 0.0269553, 0.034736, 0.999033, 0.00282064  
55, 252.613, -220.165, 182.188, 0.999528, 0.0136297, -0.0275444, -0.0145784, 0.999297, -0.0345386, 0.0270542, 0.0349238, 0.999024, 0.00283174  
56, 252.617, -220.169, 182.165, 0.999523, 0.0140945, -0.0274756, -0.015016, 0.999322, -0.0336248, 0.0269831, 0.0340214, 0.999057, 0.00284256  
57, 252.626, -220.159, 182.154, 0.999518, 0.0142993, -0.0275515, -0.0152348, 0.999304, -0.034047, 0.0270455, 0.0344503, 0.99904, 0.00305947  
58, 252.612, -220.178, 182.163, 0.99949, 0.0143156, -0.0285287, -0.0153205, 0.999259, -0.0353195, 0.0280019, 0.0357386, 0.998969, 0.00296349  
59, 252.593, -220.201, 182.152, 0.999539, 0.0143906, -0.026729, -0.0153028, 0.999296, -0.0342441, 0.0262174, 0.0346373, 0.999056, 0.00286142  
60, 252.592, -220.157, 182.163, 0.999545, 0.0138008, -0.0268024, -0.0146808, 0.99935, -0.0329156, 0.0263307, 0.0332941, 0.999099, 0.00287556  
61, 252.624, -220.193, 182.152, 0.999534, 0.0140966, -0.0270576, -0.0150261, 0.999293, -0.0344632, 0.0265527, 0.0348538, 0.99904, 0.00301398  
62, 252.618, -220.145, 182.134, 0.999483, 0.0142412, -0.0288296, -0.0152368, 0.999284, -0.0346169, 0.028316, 0.0350382, 0.998985, 0.0031388  
63, 252.635, -220.171, 182.154, 0.999523, 0.0143453, -0.0273337, -0.0152948, 0.999276, -0.0348499, 0.026814, 0.0352514, 0.999019, 0.00300649  
64, 252.626, -220.204, 182.13, 0.999524, 0.0144718, -0.0272303, -0.0153679, 0.999337, -0.0329923, 0.0267348, 0.0333951, 0.999085, 0.00287723  
65, 252.621, -220.15, 182.152, 0.999497, 0.0140652, -0.0284306, -0.0150355, 0.999302, -0.0342084, 0.0279296, 0.0346186, 0.99901, 0.00288278  
66, 252.589, -220.188, 182.167, 0.999559, 0.0133031, -0.0265357, -0.0141644, 0.99937, -0.0325384, 0.0260862, 0.0328999, 0.999118, 0.00294158  
67, 252.592, -220.17, 182.176, 0.999523, 0.0143965, -0.027313, -0.0153244, 0.999302, -0.0340721, 0.0268035, 0.0344745, 0.999046, 0.00287362  
68, 252.616, -220.201, 182.168, 0.999519, 0.0132896, -0.0280359, -0.0142706, 0.999282, -0.035085, 0.0275495, 0.0354682, 0.998991, 0.0030578  
69, 252.597, -220.18, 182.134, 0.999515, 0.0140783, -0.0277858, -0.0150365, 0.999289, -0.0345833, 0.0272792, 0.0349844, 0.999015, 0.00312992  
70, 252.6, -220.199, 182.157, 0.99954, 0.0137639, -0.0270258, -0.0146763, 0.999319, -0.0338591, 0.0265414, 0.0342402, 0.999061, 0.00293326  
71, 252.598, -220.175, 182.172, 0.999551, 0.0132253, -0.0268901, -0.0141341, 0.999326, -0.0338925, 0.0264237, 0.0342574, 0.999064, 0.00292882  
72, 252.59, -220.178, 182.159, 0.999531, 0.0133647, -0.027541, -0.0142676, 0.999358, -0.0328548, 0.0270842, 0.0332324, 0.999081, 0.00286336  
73, 252.568, -220.205, 182.174, 0.99955, 0.0127692, -0.0271338, -0.0137002, 0.999314, -0.0344083, 0.0266758, 0.0347646, 0.999039, 0.00291745  
74, 252.609, -220.17, 182.16, 0.999549, 0.0143771, -0.0263661, -0.0152328, 0.999354, -0.0325457, 0.0258811, 0.0329326, 0.999122, 0.00282037  
75, 252.595, -220.18, 182.146, 0.999544, 0.0132871, -0.0271082, -0.0141897, 0.999342, -0.0333775, 0.0266469, 0.0337469, 0.999075, 0.00286613  
76, 252.61, -220.158, 182.147, 0.999504, 0.0132095, -0.0285839, -0.0141712, 0.999331, -0.0337083, 0.0281195, 0.0340967, 0.999023, 0.00287529  
77, 252.598, -220.172, 182.167, 0.999566, 0.0138859, -0.0259866, -0.0147575, 0.999325, -0.0336557, 0.0255017, 0.0340245, 0.999096, 0.00287113  
78, 252.642, -220.157, 182.141, 0.999477, 0.014625, -0.0288497, -0.0156111, 0.999291, -0.0342589, 0.0283282, 0.0346913, 0.998997, 0.00279929  
79, 252.632, -220.174, 182.146, 0.999526, 0.01347, -0.0276879, -0.0144003, 0.999329, -0.033679, 0.0272157, 0.0340617, 0.999049, 0.00282286  
80, 252.608, -220.181, 182.171, 0.999535, 0.0136431, -0.0272668, -0.01459, 0.999287, -0.0348348, 0.0267721, 0.0352164, 0.999021, 0.00293603  
81, 252.581, -220.184, 182.137, 0.999567, 0.0133783, -0.0262039, -0.0142228, 0.999377, -0.0323089, 0.0257554, 0.0326676, 0.999134, 0.00286031  
82, 252.591, -220.178, 182.133, 0.999537, 0.0135139, -0.0272468, -0.0144095, 0.999353, -0.0329431, 0.026784, 0.0333204, 0.999086, 0.00294324  
83, 252.593, -220.178, 182.161, 0.999508, 0.0137165, -0.0282125, -0.014692, 0.999291, -0.0346661, 0.027717, 0.0350636, 0.999001, 0.00283202  
84, 252.611, -220.201, 182.144, 0.999521, 0.0147579, -0.0272207, -0.0156651, 0.999319, -0.0334203, 0.0267089, 0.0338307, 0.999071, 0.00288278  
85, 252.587, -220.168, 182.161, 0.999567, 0.014145, -0.0258105, -0.014988, 0.999351, -0.0327652, 0.0253303, 0.0331379, 0.99913, 0.00290913  
86, 252.595, -220.187, 182.155, 0.999557, 0.013777, -0.0263629, -0.0146598, 0.999328, -0.0335925, 0.0258824, 0.0339641, 0.999088, 0.00288805  
87, 252.641, -220.203, 182.182, 0.99951, 0.0142255, -0.0278844, -0.0151865, 0.999287, -0.0345622, 0.0273729, 0.0349687, 0.999013, 0.00297736  
88, 252.649, -220.163, 182.141, 0.999514, 0.0140871, -0.0278209, -0.0150321, 0.999307, -0.0340548, 0.0273219, 0.0344565, 0.999033, 0.0028531  
89, 252.591, -220.206, 182.166, 0.999511, 0.0135401, -0.0281977, -0.0145404, 0.999261, -0.0355778, 0.0276952, 0.0359704, 0.998969, 0.00291939  
90, 252.616, -220.175, 182.139, 0.999507, 0.0142767, -0.0279684, -0.0152423, 0.999284, -0.0346225, 0.0274541, 0.0350317, 0.999009, 0.00292827  
91, 252.626, -220.148, 182.152, 0.999513, 0.0134174, -0.0281653, -0.014382, 0.999307, -0.0343263, 0.0276853, 0.0347147, 0.999014, 0.00287917  
92, 252.61, -220.183, 182.172, 0.999502, 0.0147859, -0.0278592, -0.0157451, 0.99928, -0.0345316, 0.0273286, 0.034953, 0.999015, 0.00300815  
93, 252.617, -220.163, 182.169, 0.999501, 0.01363, -0.0284954, -0.0146204, 0.999286, -0.0348443, 0.0280002, 0.0352435, 0.998986, 0.00292189  
94, 252.62, -220.194, 182.155, 0.999506, 0.0138857, -0.0281846, -0.014817, 0.999342, -0.0331086, 0.0277064, 0.0335099, 0.999054, 0.0028947  
95, 252.612, -220.179, 182.167, 0.999547, 0.0134989, -0.0268881, -0.0144128, 0.999315, -0.0340909, 0.0264094, 0.034463, 0.999057, 0.00292743  
96, 252.605, -220.163, 182.147, 0.99954, 0.0137306, -0.0270417, -0.014627, 0.999341, -0.0332336, 0.0265675, 0.0336139, 0.999082, 0.00296682  
97, 252.632, -220.205, 182.161, 0.999538, 0.0136596, -0.0271541, -0.0145584, 0.999343, -0.0331834, 0.026683, 0.0335634, 0.99908, 0.00298707  
98, 252.612, -220.173, 182.158, 0.999529, 0.0133068, -0.0276468, -0.0142514, 0.999311, -0.0342561, 0.0271719, 0.034634, 0.999031, 0.00282231  
99, 252.588, -220.178, 182.177, 0.999549, 0.0131799, -0.0269683, -0.0141008, 0.999314, -0.0342462, 0.0264984, 0.034611, 0.99905, 0.00292244  
100, 252.621, -220.155, 182.149, 0.999506, 0.0131141, -0.0285541, -0.0141402, 0.999251, -0.0360324, 0.0280601, 0.0364183, 0.998943, 0.00287556  
101, 252.612, -220.18, 182.144, 0.999526, 0.014041, -0.0274091, -0.0149803, 0.999297, -0.0343719, 0.0269073, 0.0347662, 0.999033, 0.00313602  
102, 252.628, -220.18, 182.144, 0.999506, 0.0150338, -0.0275942, -0.0159855, 0.999273, -0.0346023, 0.0270539, 0.0350263, 0.99902, 0.00260235  
103, 252.618, -220.178, 182.158, 0.999515, 0.0139788, -0.0278437, -0.0149424, 0.999286, -0.0347043, 0.0273387, 0.0351035, 0.99901, 0.00280678  
104, 252.624, -220.205, 182.153, 0.999532, 0.0141861, -0.0270924, -0.0150701, 0.999351, -0.0327071, 0.0266109, 0.0331001, 0.999098, 0.00287196  
105, 252.587, -220.184, 182.175, 0.999525, 0.0142756, -0.0273131, -0.0152206, 0.999281, -0.0347113, 0.026798, 0.0351105, 0.999024, 0.00297681  
106, 252.624, -220.172, 182.146, 0.999484, 0.01347, -0.0291709, -0.0144729, 0.999302, -0.034446, 0.0286866, 0.0348504, 0.998981, 0.00295462  
107, 252.596, -220.188, 182.166, 0.999534, 0.0143795, -0.0269105, -0.0152819, 0.999317, -0.0336339, 0.0264085, 0.0340295, 0.999072, 0.00300399  
108, 252.619, -220.18, 182.157, 0.99953, 0.0142174, -0.027175, -0.0151187, 0.999333, -0.0332538, 0.0266841, 0.033649, 0.999077, 0.00287556  
109, 252.617, -220.2, 182.145, 0.999536, 0.0140526, -0.0270388, -0.0149605, 0.999321, -0.0336713, 0.0265473, 0.0340602, 0.999067, 0.0028653  
110, 252.579, -220.183, 182.162, 0.999548, 0.0145325, -0.0263173, -0.0154115, 0.99932, -0.0335107, 0.0258124, 0.0339011, 0.999092, 0.00284062  
111, 252.618, -220.166, 182.169, 0.999526, 0.0143586, -0.0272501, -0.0152964, 0.999287, -0.0345245, 0.0267349, 0.034925, 0.999032, 0.00293437  
112, 252.62, -220.193, 182.137, 0.999533, 0.0140912, -0.0271003, -0.0150073, 0.999312, -0.0339034, 0.0266039, 0.0342943, 0.999058, 0.00299123  
113, 252.609, -220.159, 182.178, 0.999542, 0.0141306, -0.0267511, -0.0150325, 0.999315, -0.0338173, 0.0262549, 0.0342039, 0.99907, 0.00295184  
114, 252.643, -220.174, 182.146, 0.999527, 0.0135659, -0.0276164, -0.0145216, 0.999292, -0.0347035, 0.0271261, 0.0350881, 0.999016, 0.00291495  
115, 252.627, -220.199, 182.147, 0.999551, 0.0138686, -0.0265609, -0.0147777, 0.999301, -0.0343427, 0.026066, 0.0347198, 0.999057, 0.00297098  
116, 252.609, -220.196, 182.136, 0.999544, 0.0136488, -0.0269391, -0.014557, 0.999322, -0.0338095, 0.0264594, 0.0341862, 0.999065, 0.00295628  
117, 252.616, -220.185, 182.144, 0.999515, 0.0141227, -0.0277616, -0.0150633, 0.999309, -0.0339664, 0.0272627, 0.0343681, 0.999037, 0.0030112  
118, 252.608, -220.167, 182.14, 0.99957, 0.014035, -0.0257414, -0.0148566, 0.999377, -0.0320066, 0.0252762, 0.0323753, 0.999156, 0.00298624  
119, 252.633, -220.176, 182.172, 0.999542, 0.0135802, -0.0270321, -0.0144647, 0.999357, -0.0327991, 0.0265693, 0.0331751, 0.999096, 0.00286586  
120, 252.599, -220.168, 182.148, 0.999548, 0.0136177, -0.0268104, -0.0145287, 0.999313, -0.0340812, 0.0263279, 0.0344553, 0.999059, 0.00285116  
121, 252.601, -220.162, 182.158, 0.999542, 0.0139634, -0.0268469, -0.0148393, 0.999355, -0.0327088, 0.0263728, 0.0330922, 0.999104, 0.00294241  
122, 252.612, -220.167, 182.164, 0.999543, 0.0136584, -0.0269575, -0.0145595, 0.999332, -0.0335204, 0.0264816, 0.0338976, 0.999074, 0.00299955  
123, 252.651, -220.193, 182.146, 0.999529, 0.0144707, -0.0270566, -0.0154008, 0.999286, -0.0344919, 0.0265382, 0.0348924, 0.999039, 0.00290386  
124, 252.65, -220.256, 182.147, 0.999528, 0.0140612, -0.0273189, -0.0150678, 0.999202, -0.0369954, 0.0267769, 0.0373895, 0.998942, 0.00294741  
125, 252.687, -220.346, 182.166, 0.999549, 0.0136057, -0.0267671, -0.0146509, 0.999122, -0.0392489, 0.0262095, 0.0396234, 0.998871, 0.002842  
126, 252.638, -220.579, 182.188, 0.999516, 0.0138789, -0.0278349, -0.0151792, 0.998777, -0.0470601, 0.0271477, 0.0474599, 0.998504, 0.00300233  
127, 252.698, -220.697, 182.157, 0.999456, 0.0139168, -0.0298964, -0.0154632, 0.99852, -0.0521341, 0.0291266, 0.052568, 0.998192, 0.00303145  
128, 252.715, -220.919, 182.208, 0.999467, 0.0148744, -0.0290428, -0.0165209, 0.99822, -0.0573032, 0.0281388, 0.0577525, 0.997934, 0.00292244  
129, 252.673, -221.078, 182.18, 0.999454, 0.0147321, -0.0295655, -0.0165933, 0.997829, -0.0637275, 0.0285625, 0.0641833, 0.997529, 0.00285587  
130, 252.675, -221.225, 182.221, 0.999404, 0.0152213, -0.0309868, -0.0173742, 0.997365, -0.0704371, 0.029833, 0.0709334, 0.997035, 0.00287418  
131, 252.686, -221.312, 182.278, 0.999403, 0.0151088, -0.0310578, -0.0174076, 0.997022, -0.0751308, 0.0298302, 0.0756266, 0.99669, 0.00283091  
132, 252.726, -221.443, 182.285, 0.999416, 0.0145305, -0.0309308, -0.0169604, 0.996666, -0.0798061, 0.0296681, 0.0802841, 0.99633, 0.00284699  
133, 252.775, -221.577, 182.221, 0.999366, 0.0170802, -0.0312295, -0.019626, 0.996346, -0.0831203, 0.0296957, 0.0836805, 0.99605, 0.00291273  
134, 252.735, -221.759, 182.259, 0.999382, 0.0162662, -0.0311731, -0.0190963, 0.995506, -0.092752, 0.0295243, 0.0932899, 0.995201, 0.00301065  
135, 252.731, -221.81, 182.254, 0.99937, 0.0162562, -0.0315446, -0.0192641, 0.995047, -0.0975214, 0.029803, 0.0980676, 0.994733, 0.00305974  
136, 252.735, -221.861, 182.231, 0.999335, 0.0175999, -0.0319398, -0.0207891, 0.994523, -0.102434, 0.029962, 0.10303, 0.994227, 0.00303617  
137, 252.637, -221.905, 182.202, 0.999428, 0.0163116, -0.0296314, -0.0194249, 0.993959, -0.108019, 0.0276905, 0.108533, 0.993707, 0.00286808  
138, 252.706, -221.998, 182.265, 0.999422, 0.0153716, -0.0303059, -0.0187501, 0.993241, -0.11455, 0.0283402, 0.115052, 0.992955, 0.00281537  
139, 252.694, -221.953, 182.234, 0.999444, 0.0157178, -0.0294003, -0.0191196, 0.992679, -0.119259, 0.0273106, 0.119755, 0.992428, 0.00290635  
140, 252.652, -221.914, 182.239, 0.999474, 0.0139242, -0.0292869, -0.017435, 0.992221, -0.123261, 0.0273427, 0.123707, 0.991942, 0.00285615  
141, 252.715, -221.918, 182.241, 0.99947, 0.0127488, -0.0299609, -0.016539, 0.991392, -0.129875, 0.0280473, 0.130302, 0.991078, 0.00283951  
142, 252.584, -221.9, 182.263, 0.999449, 0.012247, -0.030854, -0.0164494, 0.990034, -0.139864, 0.0288336, 0.140294, 0.98969, 0.00309663  
143, 252.594, -221.738, 182.197, 0.999477, 0.0114042, -0.030269, -0.0155497, 0.989963, -0.140468, 0.0283632, 0.140865, 0.989622, 0.00298041  
144, 252.544, -221.658, 182.188, 0.99942, 0.0115823, -0.0320171, -0.0162528, 0.988597, -0.149707, 0.029918, 0.150141, 0.988212, 0.00287778  
145, 252.534, -221.477, 182.185, 0.999405, 0.0120946, -0.0323012, -0.0169373, 0.987904, -0.154138, 0.0300463, 0.154594, 0.987521, 0.00288694  
146, 252.464, -221.389, 182.213, 0.99938, 0.011101, -0.0334213, -0.0164044, 0.986513, -0.162858, 0.0311626, 0.163306, 0.986083, 0.00283257  
147, 252.346, -221.143, 182.214, 0.999373, 0.0120799, -0.0332694, -0.0175044, 0.985643, -0.16793, 0.0307632, 0.168407, 0.985237, 0.00285615  
148, 252.356, -220.81, 182.168, 0.999323, 0.0116051, -0.034906, -0.017418, 0.985091, -0.171148, 0.0323994, 0.17164, 0.984627, 0.00302146  
149, 252.242, -220.578, 182.201, 0.999332, 0.0113665, -0.034721, -0.0174021, 0.983727, -0.178823, 0.0321234, 0.179307, 0.983268, 0.00291162  
150, 252.199, -220.151, 182.175, 0.999205, 0.0117342, -0.0380932, -0.0185878, 0.982583, -0.184894, 0.0352601, 0.185456, 0.98202, 0.00283479  
151, 251.99, -219.72, 182.143, 0.999244, 0.0126346, -0.0367681, -0.0193889, 0.98167, -0.1896, 0.0336986, 0.190169, 0.981173, 0.0028384  
152, 251.889, -219.151, 182.068, 0.999168, 0.0135179, -0.0384883, -0.0206428, 0.981328, -0.191231, 0.0351846, 0.191866, 0.98079, 0.0030811  
153, 251.825, -218.574, 182.047, 0.999141, 0.0132139, -0.0392796, -0.0206952, 0.980255, -0.196653, 0.0359054, 0.197297, 0.979686, 0.00290275  
154, 251.712, -218.163, 181.976, 0.999073, 0.0122922, -0.0412507, -0.0204841, 0.978655, -0.204487, 0.0378566, 0.205142, 0.978, 0.00284921  
155, 251.462, -217.409, 181.955, 0.998937, 0.0130813, -0.0442063, -0.0220533, 0.977659, -0.209038, 0.0404842, 0.20979, 0.976908, 0.00283535  
156, 251.37, -216.691, 181.824, 0.998929, 0.0121279, -0.0446598, -0.0213449, 0.977012, -0.212114, 0.0410607, 0.21284, 0.976224, 0.00284422  
157, 251.178, -215.794, 181.87, 0.998965, 0.0110091, -0.0441271, -0.0201473, 0.976984, -0.212358, 0.0407736, 0.213028, 0.976195, 0.00286142  
158, 250.818, -214.947, 181.71, 0.999133, 0.00742262, -0.0409758, -0.0157477, 0.978262, -0.206776, 0.0385503, 0.207241, 0.97753, 0.00279734  
159, 250.623, -214.052, 181.924, 0.999161, 0.00757886, -0.0402575, -0.0161558, 0.975986, -0.217235, 0.0376444, 0.217703, 0.975289, 0.00280345  
160, 250.509, -212.924, 181.895, 0.999071, 0.00697545, -0.0425293, -0.0161974, 0.975242, -0.220544, 0.039938, 0.221028, 0.974449, 0.00281732  
161, 250.399, -211.753, 181.863, 0.999057, 0.00519218, -0.0431032, -0.0147933, 0.974121, -0.225541, 0.0408167, 0.225966, 0.97328, 0.00286003  
162, 250.195, -210.402, 181.75, 0.998906, 0.00804519, -0.0460669, -0.0182045, 0.974283, -0.224593, 0.0430753, 0.225186, 0.973363, 0.00290663  
163, 250.115, -209.115, 181.72, 0.998999, 0.00493345, -0.0444647, -0.0146771, 0.975034, -0.221571, 0.0422614, 0.222002, 0.97413, 0.00279901  
164, 250.008, -207.72, 181.698, 0.999012, 0.00703181, -0.0438877, -0.0165666, 0.975165, -0.22086, 0.0412447, 0.221369, 0.974317, 0.00280622  
165, 250.081, -206.362, 181.742, 0.998914, 0.00774899, -0.0459337, -0.0178956, 0.974236, -0.224819, 0.0430082, 0.225397, 0.973317, 0.00292189  
166, 250.133, -204.838, 181.721, 0.998876, 0.00874019, -0.0465905, -0.0191806, 0.973324, -0.228631, 0.0433494, 0.229267, 0.972398, 0.00290608  
167, 250.284, -203.255, 181.673, 0.99876, 0.00845093, -0.0490549, -0.0196015, 0.972631, -0.231528, 0.0457556, 0.232203, 0.971591, 0.00299123  
168, 250.408, -201.55, 181.63, 0.998746, 0.00842351, -0.0493504, -0.0196884, 0.972403, -0.232474, 0.0460303, 0.233154, 0.97135, 0.00279845  
169, 250.451, -199.767, 181.655, 0.999038, 0.00612272, -0.0434133, -0.0158939, 0.973421, -0.228471, 0.0408606, 0.228941, 0.972582, 0.00291634  
170, 250.812, -196.01, 181.581, 0.999007, 0.002825, -0.0444677, -0.0130017, 0.973038, -0.230278, 0.0426182, 0.230628, 0.972108, 0.00295961  
171, 251.016, -194.175, 181.673, 0.999193, 0.000140422, -0.0401673, -0.00955704, 0.972108, -0.234341, 0.039014, 0.234535, 0.971324, 0.00293187  
172, 251.283, -191.969, 181.706, 0.999338, 0.00295496, -0.0362726, -0.0112653, 0.972862, -0.231112, 0.0346053, 0.231368, 0.972251, 0.00293104  
173, 251.663, -189.73, 181.67, 0.999332, 0.00255801, -0.0364688, -0.0109484, 0.972706, -0.231784, 0.0348805, 0.232028, 0.972083, 0.00464551  
174, 251.859, -187.531, 181.512, 0.999443, 0.00658493, -0.0327091, -0.0140393, 0.972319, -0.233234, 0.0302679, 0.233563, 0.97187, 0.0028004  
175, 252.811, -182.815, 181.478, 0.999155, 0.00519704, -0.0407631, -0.0147911, 0.970967, -0.238756, 0.0383388, 0.239157, 0.970224, 0.00271413  
176, 253.183, -180.291, 181.485, 0.999261, 0.00704592, -0.0377813, -0.0158826, 0.970887, -0.23901, 0.0349973, 0.239434, 0.970282, 0.00286669  
177, 253.646, -177.651, 181.569, 0.999354, 0.00577157, -0.0354845, -0.0140095, 0.971523, -0.236531, 0.0331089, 0.236875, 0.970976, 0.00289554  
178, 254.007, -175.001, 181.55, 0.999503, 0.00782895, -0.0305296, -0.0146777, 0.972829, -0.231059, 0.0278912, 0.231393, 0.972461, 0.00295767  
179, 254.322, -172.293, 181.48, 0.999533, 0.00965566, -0.0289856, -0.0161334, 0.972489, -0.232388, 0.0259443, 0.232747, 0.972191, 0.00290857  
180, 254.834, -169.373, 181.467, 0.999657, 0.0105414, -0.0239931, -0.0156945, 0.974008, -0.225969, 0.0209875, 0.226268, 0.973839, 0.0029352  
181, 255.356, -166.284, 181.496, 0.999687, 0.0151353, -0.0199297, -0.0191141, 0.975829, -0.217698, 0.0161531, 0.218011, 0.975813, 0.00283007  
182, 255.879, -163.227, 181.542, 0.999778, 0.0132325, -0.0164214, -0.016372, 0.977813, -0.208841, 0.0132936, 0.209063, 0.977812, 0.00287251  
183, 256.466, -160.187, 181.688, 0.999777, 0.0142257, -0.0156304, -0.0171652, 0.978014, -0.20783, 0.0123303, 0.208052, 0.97804, 0.00291634  
184, 256.886, -157.027, 181.713, 0.999847, 0.0126874, -0.0120214, -0.0148544, 0.979286, -0.201934, 0.00921035, 0.202082, 0.979325, 0.00273549  
185, 257.471, -153.697, 181.644, 0.999792, 0.0136596, -0.0151244, -0.0163994, 0.979833, -0.199143, 0.0120992, 0.19935, 0.979854, 0.00287196  
186, 257.924, -150.413, 181.588, 0.999832, 0.0140946, -0.011725, -0.0160736, 0.981497, -0.190802, 0.00881875, 0.190958, 0.981559, 0.0028126  
187, 258.31, -146.851, 181.769, 0.999783, 0.0184394, -0.0097327, -0.0199607, 0.981349, -0.191196, 0.00602562, 0.191349, 0.981504, 0.0028764  
188, 258.563, -143.354, 181.837, 0.999762, 0.0204155, -0.00773446, -0.0214891, 0.982756, -0.183652, 0.00385173, 0.183775, 0.982961, 0.00288083  
189, 259.024, -139.635, 182.037, 0.999748, 0.0218654, -0.00500894, -0.0224015, 0.984793, -0.172284, 0.0011657, 0.172353, 0.985035, 0.00285698  
190, 259.221, -136.199, 182.073, 0.999762, 0.0217388, -0.00193875, -0.021747, 0.984738, -0.172679, -0.00184466, 0.17268, 0.984976, 0.00296627  
191, 259.679, -132.647, 182.382, 0.999765, 0.0216687, 0.000501243, -0.0212498, 0.984471, -0.174256, -0.00426935, 0.174204, 0.9847, 0.0028298  
192, 260.115, -128.806, 182.38, 0.999724, 0.0231937, 0.00384436, -0.0222945, 0.98717, -0.158109, -0.00746218, 0.15798, 0.987414, 0.00290802  
193, 260.14, -125.058, 182.302, 0.999732, 0.0225463, 0.00517188, -0.021526, 0.988631, -0.148815, -0.00846832, 0.148664, 0.988851, 0.00281648  
194, 260.424, -121.175, 182.463, 0.999633, 0.0260637, 0.0073411, -0.0248194, 0.990338, -0.136433, -0.0108261, 0.136201, 0.990622, 0.00292771  
195, 261.014, -116.953, 182.623, 0.999551, 0.0299548, -2.48111e-005, -0.0296968, 0.990832, -0.131799, -0.00392342, 0.13174, 0.991277, 0.00292771  
196, 261.274, -113.313, 182.706, 0.999584, 0.0287784, -0.00201393, -0.0287967, 0.991156, -0.129539, -0.00173182, 0.129544, 0.991572, 0.00307056  
197, 260.929, -109.335, 182.554, 0.999655, 0.025807, 0.00486171, -0.0251322, 0.993843, -0.107906, -0.0076165, 0.107746, 0.994149, 0.00292577  
198, 260.728, -105.415, 182.612, 0.999665, 0.0243844, 0.00872332, -0.0234262, 0.995025, -0.0968327, -0.0110411, 0.0965959, 0.995262, 0.00299817  
199, 260.606, -101.255, 182.522, 0.999513, 0.0301254, 0.0081368, -0.0292834, 0.995605, -0.0889524, -0.0107808, 0.0886708, 0.996003, 0.00294935  
200, 260.526, -97.1699, 182.589, 0.999369, 0.0340595, 0.0100596, -0.0331474, 0.996242, -0.0800207, -0.0127473, 0.0796368, 0.996742, 0.0029291  
201, 260.496, -92.9137, 182.647, 0.999397, 0.0341705, 0.00620447, -0.0336401, 0.996872, -0.0715219, -0.00862899, 0.07127, 0.99742, 0.00287584  
202, 260.677, -88.7763, 182.833, 0.999259, 0.0382757, 0.00411925, -0.0379333, 0.99722, -0.0641316, -0.00656248, 0.0639278, 0.997933, 0.00282259  
203, 260.114, -84.745, 182.686, 0.999484, 0.0312563, 0.00737658, -0.030916, 0.99862, -0.0424481, -0.00869317, 0.0421982, 0.999071, 0.00293576  
204, 259.763, -80.1989, 182.598, 0.999455, 0.0325783, 0.00538816, -0.0323907, 0.998968, -0.0318483, -0.00642016, 0.0316564, 0.999478, 0.00294574  
205, 259.665, -76.1709, 182.525, 0.999525, 0.0306402, 0.00340493, -0.0305474, 0.999231, -0.0246005, -0.00415607, 0.0244848, 0.999692, 0.0029499  
206, 259.447, -71.7114, 182.594, 0.999536, 0.0303543, 0.00237496, -0.0303409, 0.999524, -0.0054975, -0.00254071, 0.00542289, 0.999982, 0.00289692  
207, 259.147, -67.8285, 182.83, 0.99959, 0.0285888, 0.00126823, -0.0285951, 0.999577, 0.00522212, -0.0011184, -0.00525624, 0.999986, 0.00283479  
208, 258.673, -63.5534, 182.903, 0.999584, 0.0288208, 0.000915826, -0.028832, 0.999447, 0.0165737, -0.000437652, -0.0165932, 0.999862, 0.00274437  
209, 258.263, -59.3919, 182.81, 0.999502, 0.0312201, -0.00447927, -0.031123, 0.999309, 0.0203052, 0.00511011, -0.0201557, 0.999784, 0.00262204  
210, 257.665, -55.2728, 182.864, 0.999543, 0.0297681, -0.00525412, -0.0295964, 0.999106, 0.0301775, 0.00614775, -0.0300082, 0.999531, 0.00295212  
211, 257.207, -51.158, 182.797, 0.99948, 0.0292693, -0.0135274, -0.0287238, 0.99883, 0.0388975, 0.0146501, -0.0384887, 0.999152, 0.00285171  
212, 256.631, -47.0757, 182.876, 0.999477, 0.0288515, -0.0146055, -0.0281865, 0.99864, 0.0438529, 0.0158508, -0.0434183, 0.998931, 0.002923  
213, 255.926, -43.0583, 182.79, 0.999389, 0.030585, -0.0169344, -0.0295768, 0.997942, 0.0568871, 0.0186395, -0.0563515, 0.998237, 0.00297681  
214, 255.214, -38.794, 182.554, 0.999041, 0.0348672, -0.026489, -0.0332409, 0.997673, 0.0595366, 0.0285033, -0.058599, 0.997875, 0.00294019  
215, 254.424, -34.6268, 182.33, 0.998902, 0.0380716, -0.0272931, -0.0360496, 0.996818, 0.0710969, 0.029913, -0.0700349, 0.997096, 0.00299289  
216, 253.979, -30.778, 182.454, 0.998991, 0.0352494, -0.0278437, -0.0328238, 0.99599, 0.0832283, 0.0306657, -0.0822304, 0.996141, 0.00289886  
217, 253.346, -26.7038, 182.451, 0.998998, 0.035022, -0.0278751, -0.032303, 0.995175, 0.0926427, 0.0309852, -0.0916494, 0.995309, 0.00295157  
218, 252.726, -23.0703, 182.355, 0.99893, 0.0343755, -0.030943, -0.0312367, 0.994817, 0.09676, 0.0341088, -0.0956899, 0.994827, 0.00301897  
219, 252.127, -19.082, 182.087, 0.998907, 0.0323616, -0.0337191, -0.0284885, 0.993566, 0.109611, 0.0370494, -0.108531, 0.993402, 0.00294768  
220, 251.713, -15.4259, 182.069, 0.998874, 0.0311363, -0.0357982, -0.0267795, 0.99285, 0.116327, 0.0391642, -0.115237, 0.992566, 0.00299068  
221, 251.255, -11.3447, 181.995, 0.998823, 0.0306396, -0.0376017, -0.0256008, 0.991463, 0.127851, 0.041198, -0.126738, 0.99108, 0.0028248  
222, 250.956, -7.59812, 182.065, 0.998533, 0.0300036, -0.0450722, -0.0237782, 0.990856, 0.132808, 0.0486448, -0.131542, 0.990116, 0.00286918  
223, 250.548, -3.83031, 181.926, 0.998328, 0.0325365, -0.0477773, -0.025598, 0.989925, 0.13926, 0.051827, -0.137804, 0.989103, 0.00297376  
224, 250.144, -0.382205, 181.911, 0.998053, 0.033324, -0.0527321, -0.0257703, 0.990105, 0.137944, 0.0568071, -0.136316, 0.989035, 0.00298541  
225, 249.897, 3.43801, 181.823, 0.998004, 0.0335915, -0.0534695, -0.0253173, 0.988585, 0.148519, 0.0578481, -0.146869, 0.987463, 0.00307028  
226, 249.801, 6.87723, 181.817, 0.997937, 0.0295879, -0.0569844, -0.0204142, 0.987654, 0.155315, 0.0608763, -0.153832, 0.98622, 0.00298235  
227, 249.534, 10.2099, 181.709, 0.997759, 0.0327057, -0.0583724, -0.0231181, 0.987176, 0.15795, 0.0627898, -0.156247, 0.98572, 0.00284949  
228, 249.262, 13.5889, 181.661, 0.997993, 0.0305576, -0.0554633, -0.0209765, 0.985943, 0.165761, 0.0597489, -0.164265, 0.984605, 0.00285365  
229, 249.209, 16.8618, 181.609, 0.997766, 0.030882, -0.0592316, -0.0204357, 0.985322, 0.169481, 0.0635961, -0.167892, 0.983752, 0.00301259  
230, 249.113, 20.1508, 181.545, 0.997764, 0.0308392, -0.0593023, -0.0202489, 0.984971, 0.17153, 0.0637008, -0.169945, 0.983392, 0.00283118  
231, 248.973, 23.3107, 181.522, 0.997868, 0.0305182, -0.0576851, -0.0199554, 0.984272, 0.175528, 0.0621346, -0.174003, 0.982783, 0.00282841  
232, 249.176, 26.3322, 181.56, 0.99771, 0.0271429, -0.0619468, -0.0149092, 0.98167, 0.190007, 0.0659686, -0.188648, 0.979827, 0.00286669  
233, 249.12, 29.439, 181.544, 0.997665, 0.0281475, -0.0622295, -0.0159333, 0.981907, 0.188691, 0.0664147, -0.187259, 0.980063, 0.00288416  
234, 249.239, 32.0971, 181.598, 0.997659, 0.0251285, -0.0636075, -0.0126172, 0.981715, 0.189937, 0.0672173, -0.18869, 0.979734, 0.00303228  
235, 249.455, 35.1005, 181.576, 0.997581, 0.0255495, -0.0646546, -0.0124955, 0.980769, 0.194772, 0.0683876, -0.193493, 0.978715, 0.00315627  
236, 249.627, 37.6711, 181.617, 0.997441, 0.0243112, -0.0672299, -0.0109473, 0.981252, 0.192417, 0.0706474, -0.191189, 0.979008, 0.00303866  
237, 249.748, 40.5212, 181.633, 0.997561, 0.0264623, -0.0645836, -0.01354, 0.981132, 0.192866, 0.0684687, -0.191521, 0.979097, 0.00284006  
238, 249.967, 43.215, 181.694, 0.997786, 0.0235, -0.0622096, -0.0110004, 0.980918, 0.19411, 0.0655841, -0.192996, 0.979005, 0.00294103  
239, 250.127, 45.6709, 181.717, 0.997843, 0.023636, -0.0612466, -0.0115958, 0.981727, 0.189941, 0.0646169, -0.188821, 0.979883, 0.00302507  
240, 250.463, 48.1133, 181.812, 0.997997, 0.0232065, -0.0588472, -0.0112752, 0.980639, 0.1955, 0.0622447, -0.194445, 0.978937, 0.00289831  
241, 250.795, 50.441, 181.813, 0.998146, 0.0216553, -0.0568838, -0.0100998, 0.980539, 0.196063, 0.0600226, -0.195125, 0.97894, 0.00296183  
242, 251.135, 52.6284, 181.855, 0.998138, 0.0212238, -0.0571876, -0.00975592, 0.980993, 0.193795, 0.0602137, -0.192876, 0.979374, 0.00286225  
243, 251.455, 54.8011, 181.84, 0.998281, 0.0209092, -0.0547478, -0.0100108, 0.981297, 0.192238, 0.0577434, -0.19136, 0.97982, 0.00289692  
244, 252.064, 56.9239, 182.006, 0.99827, 0.015735, -0.0566518, -0.00453935, 0.981275, 0.19256, 0.0586209, -0.19197, 0.979648, 0.00283451  
245, 252.336, 59.1111, 181.925, 0.99852, 0.0171917, -0.051606, -0.00720891, 0.982197, 0.187717, 0.0539144, -0.187067, 0.980866, 0.002885  
246, 252.901, 60.8181, 181.915, 0.99859, 0.0160184, -0.0506163, -0.00647795, 0.983036, 0.183298, 0.0526938, -0.182712, 0.981753, 0.00283424  
247, 253.415, 63.0141, 181.739, 0.998683, 0.0197259, -0.0473558, -0.0109332, 0.98375, 0.179208, 0.0501214, -0.178454, 0.982671, 0.00285421  
248, 254.081, 64.5614, 181.761, 0.998876, 0.0170187, -0.0442328, -0.00920124, 0.985182, 0.171267, 0.046492, -0.170668, 0.984231, 0.00283146  
249, 254.841, 66.4773, 181.798, 0.998992, 0.01274, -0.0430319, -0.00502963, 0.984602, 0.174737, 0.0445954, -0.174344, 0.983674, 0.00287695  
250, 255.504, 68.1158, 181.978, 0.99916, 0.012368, -0.0390712, -0.00567207, 0.985933, 0.167046, 0.0405876, -0.166684, 0.985175, 0.00326944  
251, 256.257, 69.7983, 182.137, 0.999299, 0.0112253, -0.0357058, -0.0052057, 0.986379, 0.164409, 0.037065, -0.164108, 0.985746, 0.00289248  
252, 257.062, 71.0696, 182.264, 0.999439, 0.00945327, -0.0321151, -0.00425666, 0.987402, 0.158178, 0.0332058, -0.157952, 0.986888, 0.00285532  
253, 257.665, 72.5006, 182.302, 0.999586, 0.00876785, -0.0273932, -0.0045109, 0.988407, 0.151759, 0.0284063, -0.151573, 0.988038, 0.00294241  
254, 258.475, 73.8278, 182.234, 0.999628, 0.0102192, -0.0253015, -0.0064721, 0.98956, 0.143978, 0.0265087, -0.143761, 0.989257, 0.00291162  
255, 259.099, 75.121, 182.245, 0.999791, 0.00790195, -0.0188656, -0.0052189, 0.990384, 0.13825, 0.0197766, -0.138122, 0.990218, 0.00288832  
256, 259.918, 76.0838, 182.552, 0.999928, 0.00380919, -0.0113546, -0.0022796, 0.991274, 0.131799, 0.0117575, -0.131763, 0.991211, 0.0028273  
257, 260.521, 77.4052, 182.579, 0.999971, 0.0039593, -0.00653293, -0.00310058, 0.991951, 0.126582, 0.00698152, -0.126558, 0.991935, 0.00287279  
258, 261.097, 78.4516, 182.582, 0.999989, 0.00468366, -0.00102402, -0.00452356, 0.992505, 0.122118, 0.0015883, -0.122112, 0.992515, 0.00290164  
259, 261.59, 79.4549, 182.591, 0.999995, 0.00311513, 0.000853087, -0.00319169, 0.993564, 0.113224, -0.000494891, -0.113226, 0.993569, 0.0028911  
260, 262.135, 80.5052, 182.538, 0.99997, 0.0036791, 0.0068587, -0.0043834, 0.994391, 0.105677, -0.00643143, -0.105704, 0.994377, 0.00300538  
261, 262.598, 81.2212, 182.583, 0.99993, 0.00320324, 0.0113767, -0.00425106, 0.995628, 0.0933066, -0.0110281, -0.0933484, 0.995572, 0.00284533  
262, 262.919, 82.2461, 182.55, 0.999835, 0.00407082, 0.0177247, -0.0056322, 0.99602, 0.0889522, -0.017292, -0.0890374, 0.995878, 0.0028481  
263, 263.338, 83.1299, 182.511, 0.999727, 0.00813429, 0.0219235, -0.00982792, 0.996883, 0.0782859, -0.0212184, -0.07848, 0.99669, 0.00295489  
264, 263.757, 84.3059, 182.577, 0.999705, 0.00814111, 0.0228938, -0.00982875, 0.997165, 0.0745975, -0.0222216, -0.0748005, 0.996951, 0.00291301  
265, 264.112, 85.0889, 182.612, 0.999692, 0.00722366, 0.0237429, -0.0087025, 0.997989, 0.0627844, -0.0232416, -0.0629717, 0.997745, 0.00302285  
266, 264.34, 86.1782, 182.649, 0.999645, 0.00769099, 0.025525, -0.00913047, 0.998346, 0.0567663, -0.0250462, -0.0569792, 0.998061, 0.00285171  
267, 264.656, 86.7882, 182.729, 0.999622, 0.00746673, 0.026475, -0.00861881, 0.999009, 0.0436722, -0.0261227, -0.0438839, 0.998695, 0.00289165  
268, 264.856, 87.8588, 182.765, 0.999597, 0.0072755, 0.0274501, -0.00832315, 0.999234, 0.0382463, -0.0271508, -0.0384594, 0.998891, 0.00295268  
269, 265.122, 88.5873, 182.743, 0.999597, 0.00846109, 0.0270957, -0.00922644, 0.999558, 0.0282468, -0.0268448, -0.0284854, 0.999234, 0.00288416  
270, 265.229, 89.4222, 182.731, 0.999639, 0.00877482, 0.0253875, -0.00927273, 0.999766, 0.0195617, -0.0252099, -0.0197901, 0.999486, 0.00297015  
271, 265.314, 90.3518, 182.633, 0.999609, 0.0104691, 0.0259193, -0.0108936, 0.999808, 0.0162915, -0.0257437, -0.0165675, 0.999531, 0.00282841  
272, 265.36, 91.0476, 182.577, 0.999653, 0.0113551, 0.0237834, -0.0114787, 0.999921, 0.00506413, -0.0237241, -0.00533538, 0.999704, 0.002956  
273, 265.312, 91.8011, 182.615, 0.999602, 0.0112238, 0.0258962, -0.0112404, 0.999937, 0.000495429, -0.025889, -0.000786315, 0.999665, 0.00293714  
274, 265.273, 92.3155, 182.665, 0.999554, 0.00853762, 0.028623, -0.00819545, 0.999894, -0.0120505, -0.0287228, 0.0118106, 0.999518, 0.00288389  
275, 265.231, 93.1326, 182.795, 0.999589, 0.00678629, 0.0278537, -0.00630843, 0.999832, -0.0172081, -0.0279658, 0.0170253, 0.999464, 0.00297681  
276, 265.18, 93.9664, 182.811, 0.999622, 0.00769384, 0.026381, -0.00702113, 0.99965, -0.0254983, -0.0265679, 0.0253035, 0.999327, 0.00283673  
277, 264.916, 94.6896, 182.863, 0.99965, 0.00653565, 0.0256444, -0.00574751, 0.999512, -0.0306877, -0.0258324, 0.0305295, 0.9992, 0.00295129  
278, 264.729, 95.493, 182.857, 0.999688, 0.00794779, 0.0236945, -0.00699959, 0.999182, -0.0398356, -0.0239917, 0.0396573, 0.998925, 0.00295157  
279, 264.412, 96.3643, 182.795, 0.999715, 0.0112997, 0.0210317, -0.0102425, 0.998711, -0.0497154, -0.0215663, 0.0494858, 0.998542, 0.0028739  
