0, 0, 0, 0, 0, 0, 0, 0, 0, 0, 0, 0, 0, 0.00286641  
1, 0, 0, 0, 0, 0, 0, 0, 0, 0, 0, 0, 0, 0.00266088  
2, 270.622, -205.609, 182.576, 0.998716, -0.0428477, -0.0270144, 0.0434972, 0.998767, 0.0239342, 0.0259556, -0.0250785, 0.999348, 0.00282758  
3, 270.622, -205.62, 182.593, 0.998706, -0.0437486, -0.0259303, 0.044415, 0.998682, 0.025708, 0.0247714, -0.0268264, 0.999333, 0.00280095  
4, 270.62, -205.587, 182.577, 0.998708, -0.0431298, -0.0268605, 0.0437861, 0.998744, 0.0243431, 0.0257769, -0.0254878, 0.999343, 0.00284921  
5, 270.629, -205.613, 182.571, 0.998709, -0.0433606, -0.0264596, 0.0440374, 0.998703, 0.0255548, 0.0253173, -0.026687, 0.999323, 0.00279235  
6, 270.635, -205.612, 182.576, 0.998704, -0.043529, -0.0263743, 0.0442028, 0.998696, 0.0255258, 0.0252288, -0.0266586, 0.999326, 0.00298846  
7, 270.62, -205.609, 182.57, 0.998685, -0.0435201, -0.027087, 0.0441895, 0.99872, 0.0246246, 0.0259806, -0.0257891, 0.99933, 0.0028911  
8, 270.63, -205.626, 182.543, 0.998711, -0.0428513, -0.0271958, 0.0435315, 0.998741, 0.0249332, 0.0260931, -0.0260849, 0.999319, 0.00283035  
9, 270.648, -205.614, 182.532, 0.99869, -0.0429759, -0.0277729, 0.0436417, 0.998763, 0.0238295, 0.0267144, -0.0250104, 0.99933, 0.00300454  
10, 270.62, -205.656, 182.527, 0.998719, -0.0427116, -0.0271437, 0.0433345, 0.998801, 0.0227908, 0.0261378, -0.0239379, 0.999372, 0.00294546  
11, 270.642, -205.661, 182.553, 0.998712, -0.0431092, -0.0267554, 0.0437569, 0.998751, 0.0241146, 0.0256825, -0.0252543, 0.999351, 0.0029524  
12, 270.602, -205.644, 182.558, 0.998709, -0.0434626, -0.0262827, 0.0440912, 0.998743, 0.0238305, 0.0252139, -0.0249586, 0.99937, 0.00285837  
13, 270.614, -205.626, 182.594, 0.998658, -0.0441501, -0.0270884, 0.0448094, 0.998702, 0.024232, 0.0259833, -0.0254133, 0.999339, 0.00293243  
14, 270.618, -205.642, 182.581, 0.998717, -0.0433927, -0.0261023, 0.0440513, 0.998711, 0.0252085, 0.0249748, -0.026326, 0.999341, 0.003075  
15, 270.653, -205.624, 182.609, 0.998691, -0.0436126, -0.0267179, 0.0442855, 0.998703, 0.0251313, 0.0255872, -0.0262816, 0.999327, 0.00295767  
16, 270.643, -205.629, 182.583, 0.998721, -0.0427536, -0.0269792, 0.0434245, 0.998749, 0.0247934, 0.0258855, -0.0259332, 0.999328, 0.00281537  
17, 270.63, -205.627, 182.564, 0.998671, -0.0435452, -0.0275694, 0.0442059, 0.998738, 0.0238255, 0.0264971, -0.0250126, 0.999336, 0.00287057  
18, 270.635, -205.65, 182.579, 0.998691, -0.042837, -0.0279534, 0.0434975, 0.998778, 0.0234638, 0.0269142, -0.024649, 0.999334, 0.00295378  
19, 270.633, -205.645, 182.55, 0.998677, -0.0434366, -0.027539, 0.044092, 0.998747, 0.023655, 0.0264771, -0.0248379, 0.999341, 0.00277183  
20, 270.648, -205.633, 182.512, 0.998621, -0.0437251, -0.0290632, 0.0443628, 0.99878, 0.0216718, 0.0280802, -0.0229313, 0.999343, 0.0030051  
21, 270.601, -205.64, 182.526, 0.998704, -0.0428101, -0.0275081, 0.0434533, 0.998785, 0.0232237, 0.0264805, -0.0243889, 0.999352, 0.00282231  
22, 270.635, -205.646, 182.545, 0.998697, -0.0427783, -0.0278336, 0.0434366, 0.99878, 0.0234918, 0.0267947, -0.0246702, 0.999336, 0.00276545  
23, 270.651, -205.612, 182.56, 0.998722, -0.042494, -0.0273434, 0.043161, 0.998773, 0.0242865, 0.0262778, -0.0254357, 0.999331, 0.00279124  
24, 270.639, -205.624, 182.588, 0.998701, -0.0425124, -0.0281023, 0.0431822, 0.998787, 0.0236741, 0.0270617, -0.0248568, 0.999325, 0.0028065  
25, 270.626, -205.607, 182.595, 0.998708, -0.042991, -0.0270964, 0.0436757, 0.998728, 0.0252035, 0.0259784, -0.0263544, 0.999315, 0.00298485  
26, 270.634, -205.623, 182.581, 0.998713, -0.0437107, -0.0257215, 0.0443724, 0.998683, 0.0257395, 0.0245625, -0.0268477, 0.999338, 0.00280539  
27, 270.628, -205.62, 182.567, 0.99872, -0.0432098, -0.0262997, 0.0438834, 0.998709, 0.0255971, 0.0251596, -0.0267184, 0.999326, 0.00274686  
28, 270.622, -205.635, 182.544, 0.998711, -0.0432913, -0.0264955, 0.0439373, 0.998739, 0.0243042, 0.0254099, -0.025437, 0.999353, 0.00280483  
29, 270.652, -205.646, 182.559, 0.998701, -0.0433671, -0.0267526, 0.0440172, 0.998737, 0.0242109, 0.0256689, -0.025357, 0.999349, 0.0031105  
30, 270.665, -205.633, 182.542, 0.99866, -0.0438921, -0.0274302, 0.0445664, 0.998707, 0.0244752, 0.0263204, -0.0256649, 0.999324, 0.00277127  
31, 270.667, -205.618, 182.542, 0.998687, -0.042503, -0.0285976, 0.043158, 0.998811, 0.0226899, 0.0275992, -0.0238943, 0.999333, 0.00304088  
32, 270.607, -205.631, 182.537, 0.998602, -0.0443759, -0.0287368, 0.0450144, 0.998745, 0.0219672, 0.0277259, -0.02323, 0.999346, 0.00289027  
33, 270.615, -205.618, 182.533, 0.998691, -0.042987, -0.0277173, 0.0436314, 0.998781, 0.0230784, 0.0266914, -0.0242575, 0.999349, 0.00280844  
34, 270.614, -205.646, 182.545, 0.998716, -0.0431948, -0.0264619, 0.0438383, 0.998744, 0.0242414, 0.0253815, -0.0253703, 0.999356, 0.00309247  
35, 270.668, -205.604, 182.57, 0.998675, -0.0434221, -0.0276084, 0.0440789, 0.998748, 0.0236406, 0.0265474, -0.0248262, 0.999339, 0.00278015  
36, 270.627, -205.61, 182.608, 0.998718, -0.0433222, -0.0261942, 0.0439954, 0.998701, 0.0256954, 0.025047, -0.0268148, 0.999327, 0.00280899  
37, 270.639, -205.628, 182.585, 0.998733, -0.0429124, -0.0262716, 0.043575, 0.998733, 0.0251899, 0.0251574, -0.0263028, 0.999337, 0.00274853  
38, 270.63, -205.623, 182.572, 0.998716, -0.0432709, -0.0263457, 0.0439261, 0.998726, 0.02482, 0.0252382, -0.0259454, 0.999345, 0.00281232  
39, 270.664, -205.64, 182.565, 0.9987, -0.043352, -0.0268028, 0.0440187, 0.998723, 0.0248069, 0.0256931, -0.0259545, 0.999333, 0.00288194  
40, 270.634, -205.625, 182.552, 0.998664, -0.0435688, -0.0277753, 0.0442486, 0.998724, 0.0243505, 0.0266789, -0.025547, 0.999318, 0.00278902  
41, 270.657, -205.616, 182.538, 0.998709, -0.042252, -0.0282004, 0.0429179, 0.998804, 0.0234412, 0.0271763, -0.0246212, 0.999327, 0.00288472  
42, 270.635, -205.602, 182.54, 0.998631, -0.0435474, -0.0289614, 0.0442118, 0.998764, 0.0227105, 0.0279367, -0.0239599, 0.999323, 0.00275241  
43, 270.638, -205.65, 182.533, 0.998715, -0.0428211, -0.0271078, 0.0434855, 0.998756, 0.024414, 0.0260287, -0.0255614, 0.999334, 0.00281704  
44, 270.603, -205.655, 182.55, 0.99868, -0.0436652, -0.0270591, 0.0443044, 0.998742, 0.0234921, 0.0259993, -0.0246599, 0.999358, 0.00286114  
45, 270.645, -205.601, 182.582, 0.998677, -0.0429759, -0.0282537, 0.0436335, 0.998781, 0.0230841, 0.0272272, -0.0242864, 0.999334, 0.00283507  
46, 270.607, -205.632, 182.6, 0.998682, -0.0435487, -0.0271452, 0.0441849, 0.998752, 0.0232947, 0.0260968, -0.0244634, 0.99936, 0.00287057  
47, 270.628, -205.62, 182.573, 0.998752, -0.0423425, -0.0264847, 0.0430054, 0.998762, 0.0249814, 0.0253941, -0.0260892, 0.999337, 0.00282203  
48, 270.639, -205.626, 182.598, 0.998698, -0.0435145, -0.0266419, 0.0441817, 0.998711, 0.0249874, 0.0255202, -0.026132, 0.999333, 0.0028911  
49, 270.645, -205.649, 182.565, 0.998727, -0.0424687, -0.0272038, 0.0431343, 0.998772, 0.0243697, 0.0261354, -0.0255121, 0.999333, 0.00290968  
50, 270.617, -205.61, 182.571, 0.998677, -0.0435325, -0.0273779, 0.0442111, 0.998717, 0.0246887, 0.026268, -0.0258664, 0.99932, 0.00285615  
51, 270.633, -205.646, 182.532, 0.998709, -0.0428722, -0.0272511, 0.0435248, 0.998768, 0.0238223, 0.0261962, -0.0249776, 0.999345, 0.0029144  
52, 270.607, -205.657, 182.554, 0.998709, -0.0434072, -0.0263779, 0.0440633, 0.99872, 0.0248235, 0.0252666, -0.0259537, 0.999344, 0.00282453  
53, 270.64, -205.632, 182.547, 0.99869, -0.0434003, -0.0270876, 0.0440716, 0.998723, 0.024699, 0.0259811, -0.0258604, 0.999328, 0.00285975  
54, 270.656, -205.612, 182.525, 0.998672, -0.0435434, -0.0275177, 0.0441948, 0.998746, 0.0235257, 0.0264588, -0.0247107, 0.999344, 0.00289221  
55, 270.653, -205.595, 182.544, 0.998703, -0.0430526, -0.0271978, 0.0436995, 0.998765, 0.0236554, 0.0261458, -0.0248132, 0.99935, 0.00286308  
56, 270.633, -205.615, 182.554, 0.998678, -0.0439605, -0.026633, 0.0446252, 0.998693, 0.0249015, 0.0255035, -0.0260571, 0.999335, 0.00286669  
57, 270.635, -205.625, 182.561, 0.998765, -0.0421396, -0.0263257, 0.0427838, 0.998786, 0.0244058, 0.0252653, -0.025502, 0.999355, 0.00286114  
58, 270.632, -205.604, 182.58, 0.9987, -0.0435364, -0.0265049, 0.0441998, 0.99871, 0.0249807, 0.0253832, -0.0261198, 0.999337, 0.00287279  
59, 270.631, -205.599, 182.581, 0.998696, -0.0436175, -0.0265269, 0.0442804, 0.998708, 0.02494, 0.0254048, -0.0260821, 0.999337, 0.00291884  
60, 270.626, -205.636, 182.584, 0.998724, -0.0431308, -0.0262558, 0.0438029, 0.998713, 0.0255849, 0.0251185, -0.0267023, 0.999328, 0.00285532  
61, 270.622, -205.65, 182.567, 0.99869, -0.0432437, -0.0273575, 0.0439201, 0.998731, 0.0246287, 0.0262578, -0.0257979, 0.999322, 0.00288028  
62, 270.633, -205.653, 182.571, 0.998698, -0.0433855, -0.0268191, 0.0440517, 0.998722, 0.0247713, 0.0257101, -0.0259205, 0.999333, 0.00285975  
63, 270.636, -205.607, 182.562, 0.99864, -0.0441698, -0.0277102, 0.0448371, 0.998707, 0.0239417, 0.0266169, -0.0251516, 0.999329, 0.00289138  
64, 270.612, -205.591, 182.52, 0.998674, -0.0436203, -0.0273425, 0.0442834, 0.998727, 0.0241376, 0.0262548, -0.0253164, 0.999335, 0.00291467  
65, 270.643, -205.615, 182.546, 0.998695, -0.0429538, -0.0276162, 0.0436265, 0.998754, 0.0242342, 0.0265409, -0.0254073, 0.999325, 0.00284561  
66, 270.643, -205.638, 182.568, 0.998688, -0.0429661, -0.0278493, 0.0436375, 0.99876, 0.0239678, 0.026785, -0.0251516, 0.999325, 0.00301037  
67, 270.595, -205.651, 182.564, 0.99875, -0.0427655, -0.0258678, 0.0433992, 0.998758, 0.0244536, 0.0247899, -0.0255456, 0.999366, 0.00293104  
68, 270.639, -205.626, 182.56, 0.998719, -0.0426657, -0.0272094, 0.0433087, 0.998785, 0.0234958, 0.0261738, -0.0246441, 0.999354, 0.00287667  
69, 270.617, -205.625, 182.577, 0.99872, -0.0431959, -0.0263328, 0.0438701, 0.998709, 0.0255892, 0.0251935, -0.0267117, 0.999326, 0.00277238  
70, 270.629, -205.625, 182.588, 0.998677, -0.0435748, -0.0272956, 0.0442359, 0.99873, 0.0241056, 0.0262106, -0.0252811, 0.999337, 0.00285365  
71, 270.603, -205.648, 182.576, 0.998699, -0.0437293, -0.0262334, 0.0443851, 0.998703, 0.0249628, 0.0251077, -0.0260947, 0.999344, 0.00290996  
72, 270.644, -205.639, 182.555, 0.998734, -0.0426524, -0.0266702, 0.0432904, 0.998779, 0.0238211, 0.0256216, -0.0249455, 0.99936, 0.0028237  
73, 270.64, -205.62, 182.544, 0.99863, -0.0441424, -0.0281077, 0.0448031, 0.998723, 0.0233255, 0.0270422, -0.0245528, 0.999333, 0.00287002  
74, 270.65, -205.624, 182.595, 0.99866, -0.043997, -0.0272385, 0.0446951, 0.998673, 0.0255735, 0.0260772, -0.0267566, 0.999302, 0.00286364  
75, 270.62, -205.649, 182.575, 0.99862, -0.0444198, -0.0280021, 0.0450926, 0.998698, 0.0238713, 0.0269053, -0.0251011, 0.999323, 0.00290913  
76, 270.646, -205.627, 182.55, 0.998682, -0.0430366, -0.0279542, 0.043683, 0.998782, 0.0229378, 0.026933, -0.0241287, 0.999346, 0.00309747  
77, 270.637, -205.626, 182.558, 0.998653, -0.043783, -0.0278608, 0.044444, 0.998734, 0.0235668, 0.0267937, -0.0247733, 0.999334, 0.00287251  
78, 270.612, -205.633, 182.567, 0.998747, -0.0425887, -0.02627, 0.0432228, 0.998776, 0.0240628, 0.025213, -0.0251681, 0.999365, 0.00271108  
79, 270.641, -205.636, 182.568, 0.998706, -0.0434581, -0.0264015, 0.0441098, 0.998723, 0.024626, 0.0252976, -0.0257587, 0.999348, 0.00273272  
80, 270.629, -205.631, 182.581, 0.998743, -0.042836, -0.0260383, 0.043501, 0.998727, 0.0255315, 0.0249114, -0.0266321, 0.999335, 0.0028947  
81, 270.639, -205.605, 182.569, 0.998709, -0.0429615, -0.0270888, 0.0435998, 0.998774, 0.023429, 0.0260491, -0.0245798, 0.999358, 0.00286558  
82, 270.599, -205.643, 182.578, 0.998687, -0.043848, -0.0264705, 0.0445218, 0.998685, 0.0254258, 0.0253208, -0.0265709, 0.999326, 0.0028384  
83, 270.655, -205.633, 182.573, 0.998664, -0.0429697, -0.0287167, 0.0436158, 0.9988, 0.0222649, 0.0277255, -0.0234876, 0.99934, 0.00290691  
84, 270.633, -205.644, 182.551, 0.998691, -0.0432813, -0.0272501, 0.0439217, 0.998762, 0.023357, 0.0262054, -0.0245233, 0.999356, 0.00295961  
85, 270.647, -205.625, 182.539, 0.998694, -0.0430903, -0.0274378, 0.0437542, 0.998752, 0.0240737, 0.0263663, -0.0252428, 0.999334, 0.00289831  
86, 270.621, -205.633, 182.558, 0.998656, -0.0443461, -0.0268098, 0.0450095, 0.998682, 0.0246676, 0.0256805, -0.0258411, 0.999336, 0.00298762  
87, 270.603, -205.652, 182.536, 0.9987, -0.0433552, -0.0268222, 0.044008, 0.998737, 0.0242483, 0.0257371, -0.0253971, 0.999346, 0.00284699  
88, 270.628, -205.626, 182.56, 0.99876, -0.0419512, -0.0267879, 0.0426054, 0.998796, 0.0243363, 0.0257347, -0.0254475, 0.999345, 0.00291994  
89, 270.628, -205.616, 182.544, 0.998702, -0.0428502, -0.0275358, 0.0435033, 0.998775, 0.0235707, 0.0264921, -0.024738, 0.999343, 0.00301509  
90, 270.638, -205.609, 182.553, 0.998762, -0.0422121, -0.0263112, 0.0428578, 0.998781, 0.0244802, 0.0252458, -0.0255775, 0.999354, 0.00294241  
91, 270.625, -205.614, 182.568, 0.998687, -0.0433109, -0.0273547, 0.0439687, 0.998746, 0.0239224, 0.0262843, -0.0250937, 0.99934, 0.00282453  
92, 270.646, -205.596, 182.584, 0.998683, -0.0436675, -0.0269251, 0.0443335, 0.998712, 0.0246567, 0.0258138, -0.0258179, 0.999333, 0.00284894  
93, 270.624, -205.631, 182.547, 0.998734, -0.0430454, -0.0260203, 0.0436997, 0.998729, 0.0251196, 0.024906, -0.0262249, 0.999346, 0.00293797  
94, 270.609, -205.621, 182.562, 0.998678, -0.0437084, -0.0270386, 0.044368, 0.99872, 0.0242965, 0.0259421, -0.025464, 0.999339, 0.00306279  
95, 270.639, -205.631, 182.535, 0.998671, -0.0435456, -0.027583, 0.0442016, 0.998743, 0.0236369, 0.0265191, -0.0248247, 0.99934, 0.00290608  
96, 270.658, -205.609, 182.548, 0.998672, -0.0431206, -0.0281939, 0.0437801, 0.998772, 0.0232104, 0.0271584, -0.024414, 0.999333, 0.00300371  
97, 270.618, -205.66, 182.553, 0.99868, -0.0437507, -0.0269105, 0.0444076, 0.998718, 0.0243158, 0.0258122, -0.0254787, 0.999342, 0.0029291  
98, 270.612, -205.6, 182.555, 0.998606, -0.0444075, -0.028544, 0.0450922, 0.998699, 0.023807, 0.0274497, -0.0250609, 0.999309, 0.00292882  
99, 270.633, -205.62, 182.577, 0.998668, -0.0430379, -0.0284495, 0.0437037, 0.998775, 0.0232089, 0.0274158, -0.0244213, 0.999326, 0.00301675  
100, 270.598, -205.614, 182.559, 0.998731, -0.0429265, -0.0263407, 0.0435752, 0.998748, 0.0245653, 0.0252533, -0.025682, 0.999351, 0.00290247  
101, 270.624, -205.634, 182.576, 0.99873, -0.0429206, -0.0263975, 0.0435631, 0.998756, 0.0242655, 0.0253232, -0.0253847, 0.999357, 0.00298291  
102, 270.662, -205.606, 182.559, 0.998755, -0.0415922, -0.0275339, 0.0422472, 0.998827, 0.0236509, 0.026518, -0.0247847, 0.999341, 0.00290968  
103, 270.658, -205.617, 182.584, 0.998673, -0.0434072, -0.0277251, 0.0441187, 0.998699, 0.025588, 0.0265783, -0.0267772, 0.999288, 0.00278736  
104, 270.628, -205.63, 182.559, 0.998711, -0.0431442, -0.0267201, 0.0437829, 0.998758, 0.0238011, 0.02566, -0.0249403, 0.99936, 0.00301841  
105, 270.633, -205.609, 182.554, 0.998668, -0.0434707, -0.0277915, 0.0441371, 0.998741, 0.0238323, 0.0267205, -0.0250272, 0.99933, 0.00278902  
106, 270.642, -205.598, 182.551, 0.998636, -0.0437618, -0.0284615, 0.0444244, 0.998746, 0.0230807, 0.0274157, -0.0243136, 0.999328, 0.00284838  
107, 270.64, -205.625, 182.553, 0.998694, -0.0427681, -0.0279644, 0.0434445, 0.998766, 0.0240449, 0.0269015, -0.0252284, 0.99932, 0.00296876  
108, 270.607, -205.617, 182.533, 0.998724, -0.042874, -0.0266715, 0.04353, 0.998751, 0.0245215, 0.0255869, -0.0256513, 0.999343, 0.00280844  
109, 270.631, -205.631, 182.589, 0.99859, -0.0444444, -0.0290396, 0.0450889, 0.998742, 0.0219277, 0.0280285, -0.0232062, 0.999338, 0.00311716  
110, 270.634, -205.637, 182.565, 0.998697, -0.0434512, -0.026756, 0.0441096, 0.998726, 0.0245285, 0.0256561, -0.0256767, 0.999341, 0.00279873  
111, 270.604, -205.601, 182.575, 0.998682, -0.043641, -0.0270272, 0.0443086, 0.998715, 0.0246184, 0.0259181, -0.0257834, 0.999332, 0.00306057  
112, 270.631, -205.624, 182.569, 0.998704, -0.0435397, -0.0263523, 0.0441914, 0.998718, 0.0246765, 0.0252441, -0.0258091, 0.999348, 0.00274076  
113, 270.614, -205.609, 182.571, 0.998674, -0.0435557, -0.027453, 0.0442277, 0.998724, 0.0243661, 0.0263567, -0.025548, 0.999326, 0.00280899  
114, 270.615, -205.621, 182.561, 0.998755, -0.0426533, -0.0258529, 0.0432834, 0.998767, 0.0243238, 0.0247835, -0.0254126, 0.99937, 0.00280594  
115, 270.64, -205.65, 182.549, 0.998704, -0.0432192, -0.0268849, 0.0438781, 0.998738, 0.0244203, 0.0257956, -0.0255683, 0.99934, 0.00277099  
116, 270.631, -205.623, 182.546, 0.998718, -0.0429486, -0.02679, 0.0435991, 0.998756, 0.0241889, 0.0257178, -0.025326, 0.999348, 0.0030406  
117, 270.625, -205.635, 182.559, 0.998714, -0.0427519, -0.027257, 0.0434126, 0.998766, 0.0241266, 0.026192, -0.0252789, 0.999337, 0.00276018  
118, 270.646, -205.642, 182.562, 0.998637, -0.0436618, -0.0285961, 0.0443348, 0.998744, 0.0233382, 0.0275412, -0.0245742, 0.999319, 0.00280123  
119, 270.629, -205.619, 182.569, 0.998691, -0.0433629, -0.0271461, 0.0440447, 0.998716, 0.0250456, 0.0260252, -0.0262085, 0.999318, 0.00280733  
120, 270.623, -205.607, 182.559, 0.998708, -0.0429632, -0.0271526, 0.0436119, 0.998766, 0.0237679, 0.026098, -0.0249214, 0.999349, 0.00277155  
121, 270.613, -205.645, 182.552, 0.998748, -0.0425716, -0.026282, 0.0432089, 0.998774, 0.0241734, 0.0252207, -0.0252787, 0.999362, 0.00281565  
122, 270.628, -205.642, 182.559, 0.998732, -0.042715, -0.0266289, 0.0433637, 0.998764, 0.02428, 0.0255588, -0.025404, 0.99935, 0.00277654  
123, 270.608, -205.622, 182.562, 0.998688, -0.0435138, -0.0270074, 0.0441751, 0.998726, 0.024391, 0.0259116, -0.0255521, 0.999338, 0.0027771  
124, 270.614, -205.616, 182.586, 0.998722, -0.0430593, -0.0264665, 0.0437212, 0.998732, 0.0249599, 0.0253582, -0.0260851, 0.999338, 0.00285254  
125, 270.626, -205.641, 182.569, 0.998699, -0.0433708, -0.0268242, 0.0440373, 0.998723, 0.0247746, 0.0257154, -0.0259236, 0.999333, 0.0027918  
126, 270.626, -205.621, 182.564, 0.998701, -0.0432931, -0.0268743, 0.043932, 0.998754, 0.0236549, 0.0258167, -0.0248048, 0.999359, 0.0028886  
127, 270.629, -205.616, 182.547, 0.998672, -0.0439305, -0.0268977, 0.0445867, 0.99871, 0.024304, 0.0257953, -0.025471, 0.999343, 0.00275574  
128, 270.65, -205.627, 182.551, 0.998719, -0.0428657, -0.0268717, 0.0435102, 0.998768, 0.0238747, 0.0258151, -0.0250133, 0.999354, 0.00282786  
129, 270.638, -205.642, 182.558, 0.998674, -0.0438962, -0.0268833, 0.0445643, 0.998699, 0.0247771, 0.0257607, -0.0259423, 0.999331, 0.0028004  
130, 270.607, -205.637, 182.539, 0.998692, -0.0434645, -0.0269369, 0.0441126, 0.998739, 0.023952, 0.0258619, -0.0251089, 0.99935, 0.00283673  
131, 270.632, -205.643, 182.55, 0.998726, -0.0426984, -0.0268897, 0.0433617, 0.998757, 0.0245878, 0.0258064, -0.0257225, 0.999336, 0.00285005  
132, 270.612, -205.63, 182.563, 0.998726, -0.0431773, -0.0261249, 0.0438239, 0.998734, 0.0247048, 0.0250252, -0.0258182, 0.999353, 0.00277155  
133, 270.615, -205.65, 182.58, 0.998749, -0.0426751, -0.0260546, 0.0433281, 0.998747, 0.0250318, 0.0249537, -0.0261294, 0.999347, 0.00271163  
134, 270.625, -205.615, 182.568, 0.998735, -0.0428464, -0.0263277, 0.0434996, 0.998747, 0.024762, 0.0252337, -0.0258759, 0.999347, 0.0028237  
135, 270.637, -205.653, 182.572, 0.998724, -0.0431207, -0.0263052, 0.0437728, 0.998735, 0.0247405, 0.0252051, -0.0258604, 0.999348, 0.00262842  
136, 270.642, -205.627, 182.574, 0.998713, -0.0429008, -0.0270356, 0.0435633, 0.998752, 0.0244109, 0.0259546, -0.0255572, 0.999336, 0.00300898  
137, 270.626, -205.613, 182.552, 0.998676, -0.0433221, -0.0277417, 0.0439805, 0.998754, 0.0235806, 0.0266856, -0.0247694, 0.999337, 0.00288  
138, 270.629, -205.618, 182.552, 0.99868, -0.0430586, -0.0279896, 0.0437365, 0.998753, 0.0240763, 0.026918, -0.0252687, 0.999318, 0.00288389  
139, 270.647, -205.636, 182.572, 0.998647, -0.0438834, -0.027885, 0.0445453, 0.998729, 0.0235758, 0.026815, -0.0247861, 0.999333, 0.00286863  
140, 270.624, -205.631, 182.559, 0.998642, -0.0438263, -0.0281689, 0.0444981, 0.998729, 0.0236811, 0.0270952, -0.0249024, 0.999323, 0.00289609  
141, 270.628, -205.626, 182.574, 0.998666, -0.0441652, -0.0267651, 0.0448346, 0.998683, 0.0249477, 0.025628, -0.0261144, 0.99933, 0.0029058  
142, 270.621, -205.642, 182.551, 0.998681, -0.0433216, -0.0275475, 0.043984, 0.998746, 0.0239107, 0.0264771, -0.0250908, 0.999334, 0.00282591  
143, 270.618, -205.632, 182.569, 0.998713, -0.0430048, -0.0269059, 0.0436564, 0.998755, 0.0241181, 0.0258352, -0.0252617, 0.999347, 0.00288111  
144, 270.614, -205.619, 182.567, 0.99866, -0.0435864, -0.027897, 0.0442411, 0.998749, 0.0232986, 0.0268466, -0.0245016, 0.999339, 0.00281953  
145, 270.62, -205.619, 182.58, 0.998729, -0.042894, -0.0264743, 0.0435375, 0.998758, 0.0242284, 0.0254021, -0.0253502, 0.999356, 0.00276628  
146, 270.624, -205.635, 182.56, 0.998706, -0.0428174, -0.0274276, 0.0434707, 0.998774, 0.0236825, 0.0263799, -0.0248441, 0.999343, 0.00280317  
147, 270.612, -205.625, 182.548, 0.998749, -0.0426738, -0.0260625, 0.0433136, 0.998761, 0.0244971, 0.0249848, -0.0255953, 0.99936, 0.00294851  
148, 270.595, -205.653, 182.552, 0.998756, -0.0427567, -0.0256695, 0.043399, 0.998745, 0.0250092, 0.024568, -0.0260921, 0.999358, 0.00290441  
149, 270.642, -205.638, 182.573, 0.998715, -0.0428581, -0.0270459, 0.0435388, 0.998736, 0.0250995, 0.025936, -0.0262448, 0.999319, 0.00293021  
150, 270.634, -205.645, 182.542, 0.998661, -0.0433964, -0.028155, 0.0440816, 0.998735, 0.024192, 0.0270695, -0.0254007, 0.999311, 0.00289165  
151, 270.616, -205.637, 182.557, 0.998634, -0.044491, -0.0274145, 0.045154, 0.99869, 0.0240596, 0.0263082, -0.0252646, 0.999335, 0.00295434  
152, 270.608, -205.637, 182.559, 0.998691, -0.0431413, -0.0274686, 0.0437945, 0.998761, 0.0236405, 0.0264147, -0.0248125, 0.999343, 0.00286835  
153, 270.627, -205.627, 182.555, 0.998688, -0.0435193, -0.0270027, 0.0441781, 0.998728, 0.024301, 0.0259108, -0.025462, 0.99934, 0.00288416  
154, 270.62, -205.661, 182.594, 0.998687, -0.0437807, -0.0265946, 0.0444671, 0.998678, 0.0257883, 0.0254305, -0.026937, 0.999314, 0.00288721  
155, 270.629, -205.619, 182.571, 0.998736, -0.0426891, -0.0265423, 0.0433154, 0.998785, 0.0234862, 0.0255075, -0.0246062, 0.999372, 0.0028334  
156, 270.606, -205.62, 182.556, 0.998704, -0.0434399, -0.0265381, 0.0441139, 0.998704, 0.0253645, 0.0254019, -0.0265023, 0.999326, 0.00288888  
157, 270.624, -205.613, 182.554, 0.998749, -0.0428476, -0.02576, 0.04349, 0.998743, 0.0249144, 0.0246601, -0.0260035, 0.999358, 0.00283202  
158, 270.617, -205.639, 182.55, 0.998732, -0.0428722, -0.0264024, 0.0435007, 0.998772, 0.0237109, 0.0253534, -0.0248294, 0.99937, 0.00286197  
159, 270.664, -205.621, 182.526, 0.998687, -0.043311, -0.0273626, 0.0439644, 0.998751, 0.0237476, 0.0262999, -0.0249194, 0.999343, 0.00288028  
160, 270.636, -205.578, 182.537, 0.998626, -0.0444513, -0.0277687, 0.0451304, 0.998685, 0.0243252, 0.0266509, -0.025545, 0.999318, 0.00284589  
161, 270.611, -205.645, 182.531, 0.998733, -0.0426813, -0.0266773, 0.0433231, 0.998774, 0.0239607, 0.0256219, -0.0250861, 0.999357, 0.00290996  
162, 270.613, -205.637, 182.527, 0.998682, -0.0437029, -0.0269241, 0.0443454, 0.998734, 0.0237447, 0.0258523, -0.0249073, 0.999355, 0.0028187  
163, 270.62, -205.624, 182.555, 0.998688, -0.0437174, -0.0266487, 0.0443612, 0.998726, 0.0240671, 0.0255626, -0.0252177, 0.999355, 0.00286225  
164, 270.628, -205.586, 182.586, 0.998635, -0.0445991, -0.0271825, 0.0452535, 0.998688, 0.0239553, 0.0260785, -0.0251528, 0.999343, 0.00294962  
165, 270.609, -205.594, 182.578, 0.998662, -0.0440315, -0.0271282, 0.0446809, 0.998717, 0.0238157, 0.0260448, -0.0249959, 0.999348, 0.0028678  
166, 270.6, -205.599, 182.555, 0.998729, -0.0431107, -0.0261045, 0.0437587, 0.998735, 0.0247808, 0.0250032, -0.0258916, 0.999352, 0.00297015  
167, 270.611, -205.621, 182.569, 0.998689, -0.0439415, -0.0262629, 0.0445893, 0.998702, 0.0246112, 0.0251474, -0.02575, 0.999352, 0.00282425  
168, 270.622, -205.608, 182.551, 0.998721, -0.0429159, -0.0267446, 0.0435657, 0.998757, 0.02421, 0.0256724, -0.0253442, 0.999349, 0.00290719  
169, 270.619, -205.623, 182.57, 0.998691, -0.0430274, -0.0276665, 0.0436631, 0.998786, 0.0227989, 0.0266519, -0.0239771, 0.999357, 0.00271413  
170, 270.619, -205.623, 182.541, 0.99869, -0.0431725, -0.0274761, 0.0438262, 0.998759, 0.0236527, 0.0264209, -0.0248259, 0.999343, 0.00281537  
171, 270.617, -205.629, 182.535, 0.998734, -0.0427834, -0.0264564, 0.0434401, 0.998749, 0.0247639, 0.0253638, -0.0258818, 0.999343, 0.002961  
172, 270.642, -205.613, 182.563, 0.998682, -0.0444055, -0.0257513, 0.0450619, 0.998659, 0.0254942, 0.0245847, -0.026621, 0.999343, 0.0028151  
173, 270.624, -205.621, 182.562, 0.998705, -0.0432796, -0.0267367, 0.0439263, 0.998744, 0.0240912, 0.0256604, -0.0252344, 0.999352, 0.00300621  
174, 270.625, -205.618, 182.557, 0.998695, -0.0430663, -0.0274469, 0.0437285, 0.998755, 0.0240033, 0.026379, -0.0251722, 0.999335, 0.00294962  
175, 270.625, -205.622, 182.58, 0.998667, -0.0437573, -0.0273602, 0.0444182, 0.998724, 0.0240315, 0.0262738, -0.0252147, 0.999337, 0.00297958  
176, 270.639, -205.634, 182.535, 0.998746, -0.0426196, -0.0262643, 0.0432661, 0.998762, 0.024559, 0.0251851, -0.0256646, 0.999353, 0.00283229  
177, 270.629, -205.645, 182.571, 0.998692, -0.0438733, -0.026266, 0.0445335, 0.998693, 0.0251005, 0.0251305, -0.0262374, 0.99934, 0.00293465  
178, 270.619, -205.622, 182.554, 0.99872, -0.0424146, -0.027573, 0.0430797, 0.998783, 0.023993, 0.0265218, -0.0251502, 0.999332, 0.00303201  
179, 270.616, -205.624, 182.552, 0.998692, -0.0432677, -0.0272487, 0.0439112, 0.99876, 0.0234789, 0.0261991, -0.0246447, 0.999353, 0.00289665  
180, 270.638, -205.613, 182.547, 0.998713, -0.0429595, -0.0269421, 0.0436117, 0.998758, 0.024107, 0.025873, -0.0252509, 0.999346, 0.002956  
181, 270.635, -205.621, 182.547, 0.998691, -0.0433872, -0.0270991, 0.0440398, 0.998742, 0.0239652, 0.0260252, -0.0251273, 0.999345, 0.00283923  
182, 270.607, -205.641, 182.547, 0.998707, -0.0431797, -0.0268167, 0.043824, 0.998753, 0.0239238, 0.0257502, -0.0250681, 0.999354, 0.00279873  
183, 270.628, -205.627, 182.542, 0.99868, -0.0434496, -0.027411, 0.0441091, 0.99874, 0.0239307, 0.0263367, -0.0251082, 0.999338, 0.002961  
184, 270.613, -205.609, 182.561, 0.998655, -0.044032, -0.0273869, 0.0447167, 0.998689, 0.0249096, 0.0262541, -0.0261008, 0.999314, 0.00288583  
185, 270.633, -205.61, 182.56, 0.998702, -0.0429089, -0.0274273, 0.0435435, 0.998787, 0.0229729, 0.0264083, -0.0241374, 0.99936, 0.00295157  
186, 270.625, -205.622, 182.574, 0.99867, -0.0439675, -0.0269337, 0.0446297, 0.998703, 0.0244988, 0.0258217, -0.0256683, 0.999337, 0.00291135  
187, 270.613, -205.618, 182.564, 0.998673, -0.0434729, -0.0276259, 0.0441001, 0.998773, 0.0225154, 0.0266133, -0.0237039, 0.999365, 0.0029585  
188, 270.629, -205.624, 182.567, 0.998662, -0.0437218, -0.0276202, 0.0444031, 0.998712, 0.0245552, 0.026511, -0.0257488, 0.999317, 0.00299706  
189, 270.624, -205.647, 182.586, 0.998693, -0.0431992, -0.0273268, 0.0438712, 0.998737, 0.0244918, 0.0262343, -0.0256586, 0.999326, 0.0029793  
190, 270.623, -205.643, 182.553, 0.998725, -0.0430247, -0.0264159, 0.0436776, 0.998741, 0.0246599, 0.0253217, -0.0257823, 0.999347, 0.00298097  
191, 270.609, -205.64, 182.529, 0.998707, -0.0432778, -0.0266865, 0.0439337, 0.998734, 0.0245022, 0.0255923, -0.025643, 0.999344, 0.00290635  
192, 270.617, -205.64, 182.557, 0.998712, -0.0432824, -0.0264825, 0.043946, 0.998721, 0.025011, 0.0253661, -0.0261426, 0.999336, 0.00298402  
193, 270.625, -205.627, 182.553, 0.998695, -0.0431578, -0.0273169, 0.0438001, 0.998767, 0.0233699, 0.0262746, -0.0245359, 0.999354, 0.00301287  
194, 270.625, -205.617, 182.567, 0.998669, -0.0435142, -0.0276773, 0.0441951, 0.998723, 0.0244854, 0.0265765, -0.025676, 0.999317, 0.00297015  
195, 270.614, -205.618, 182.547, 0.998678, -0.0434586, -0.0274351, 0.0441003, 0.998757, 0.0232341, 0.0263913, -0.0244133, 0.999354, 0.00282702  
196, 270.642, -205.623, 182.563, 0.998682, -0.0433243, -0.0275258, 0.0440005, 0.998732, 0.0244561, 0.0264314, -0.025635, 0.999322, 0.00293714  
197, 270.622, -205.619, 182.556, 0.998709, -0.043158, -0.026803, 0.0437974, 0.998758, 0.0237424, 0.025745, -0.0248856, 0.999359, 0.00300233  
198, 270.631, -205.601, 182.561, 0.998723, -0.043074, -0.0264043, 0.043724, 0.998742, 0.024555, 0.0253134, -0.0256782, 0.99935, 0.00306612  
199, 270.628, -205.623, 182.557, 0.998706, -0.0429632, -0.0272201, 0.043607, 0.998772, 0.0235135, 0.0261765, -0.0246701, 0.999353, 0.00275823  
200, 270.631, -205.612, 182.565, 0.998729, -0.0424562, -0.0271729, 0.0431111, 0.998782, 0.0239852, 0.0261215, -0.0251261, 0.999343, 0.00303838  
201, 270.648, -205.607, 182.571, 0.998672, -0.0435774, -0.027489, 0.0442528, 0.998721, 0.0244617, 0.0263879, -0.0256456, 0.999323, 0.00275546  
202, 270.633, -205.618, 182.572, 0.998701, -0.04306, -0.0272427, 0.0437016, 0.99877, 0.0234107, 0.0262012, -0.0245708, 0.999355, 0.00299456  
203, 270.621, -205.612, 182.58, 0.998661, -0.0432168, -0.0284435, 0.0438523, 0.998793, 0.0221109, 0.0274536, -0.0233286, 0.999351, 0.0028248  
204, 270.622, -205.656, 182.56, 0.99872, -0.0430573, -0.026559, 0.0436909, 0.998763, 0.0237566, 0.0255032, -0.0248866, 0.999365, 0.00275712  
205, 270.62, -205.613, 182.586, 0.998664, -0.043364, -0.0280996, 0.0440363, 0.998747, 0.0237631, 0.0270339, -0.0249688, 0.999323, 0.00280872  
206, 270.63, -205.608, 182.558, 0.998726, -0.0427684, -0.0267934, 0.0434383, 0.998745, 0.0249436, 0.0256929, -0.0260757, 0.99933, 0.00275934  
207, 270.63, -205.611, 182.562, 0.998717, -0.0426586, -0.0273026, 0.0433187, 0.998772, 0.0240594, 0.0262427, -0.0252112, 0.999338, 0.00283035  
208, 270.636, -205.592, 182.565, 0.998748, -0.0424663, -0.0264581, 0.0431352, 0.99875, 0.0252438, 0.025353, -0.0263535, 0.999331, 0.00287057  
209, 270.616, -205.599, 182.57, 0.998707, -0.0432366, -0.0267318, 0.0438897, 0.99874, 0.0243495, 0.0256453, -0.0254913, 0.999346, 0.00279485  
210, 270.625, -205.608, 182.563, 0.998689, -0.0435067, -0.0269607, 0.0441885, 0.998704, 0.0252329, 0.0258279, -0.0263911, 0.999318, 0.00306557  
211, 270.615, -205.611, 182.571, 0.998688, -0.0431686, -0.0275436, 0.0438214, 0.998762, 0.0235538, 0.0264927, -0.0247299, 0.999343, 0.00277543  
212, 270.635, -205.611, 182.558, 0.99872, -0.0435549, -0.0257061, 0.0442105, 0.998696, 0.0255096, 0.0245615, -0.0266134, 0.999344, 0.00279207  
213, 270.634, -205.635, 182.557, 0.998678, -0.0434467, -0.027473, 0.0440845, 0.998762, 0.0230528, 0.0264374, -0.0242334, 0.999357, 0.00286391  
214, 270.634, -205.611, 182.562, 0.998659, -0.0433696, -0.0282763, 0.0440222, 0.998769, 0.0228789, 0.0272492, -0.024093, 0.999338, 0.0027832  
215, 270.618, -205.639, 182.567, 0.9987, -0.0430941, -0.0272219, 0.0437473, 0.998757, 0.0238723, 0.0261593, -0.0250321, 0.999344, 0.00283091  
216, 270.622, -205.631, 182.577, 0.998692, -0.0432194, -0.0273327, 0.043884, 0.998743, 0.0242044, 0.0262523, -0.0253722, 0.999333, 0.00278403  
217, 270.608, -205.629, 182.568, 0.998636, -0.0438279, -0.0283878, 0.0444796, 0.998751, 0.0227482, 0.0273554, -0.0239799, 0.999338, 0.00284367  
218, 270.63, -205.621, 182.583, 0.998679, -0.0430741, -0.0280293, 0.0437473, 0.998758, 0.0238659, 0.0269665, -0.0250605, 0.999322, 0.00282425  
219, 270.642, -205.642, 182.562, 0.998699, -0.0432178, -0.0270496, 0.0438549, 0.998763, 0.0234178, 0.0260041, -0.0245736, 0.99936, 0.00283091  
220, 270.627, -205.61, 182.553, 0.998663, -0.0435523, -0.0278372, 0.0442024, 0.998754, 0.0231798, 0.026793, -0.0243793, 0.999344, 0.00287473  
221, 270.636, -205.603, 182.553, 0.998694, -0.043224, -0.0272444, 0.0438794, 0.99875, 0.0239331, 0.0261759, -0.0250973, 0.999342, 0.00282869  
222, 270.634, -205.609, 182.571, 0.998652, -0.0439655, -0.0276006, 0.044652, 0.998695, 0.024769, 0.0264756, -0.025968, 0.999312, 0.00279956  
223, 270.643, -205.636, 182.542, 0.998722, -0.0431905, -0.0262363, 0.0438389, 0.998734, 0.0246617, 0.025138, -0.0257803, 0.999352, 0.00288333  
224, 270.617, -205.618, 182.524, 0.998686, -0.0433895, -0.0272815, 0.0440359, 0.998752, 0.0235561, 0.0262253, -0.0247265, 0.99935, 0.00285837  
225, 270.598, -205.623, 182.557, 0.998719, -0.0434463, -0.0259378, 0.04409, 0.99872, 0.0247836, 0.0248278, -0.0258955, 0.999356, 0.00286641  
226, 270.614, -205.649, 182.563, 0.9987, -0.0434554, -0.0266559, 0.0441074, 0.998729, 0.0243782, 0.0255627, -0.0255222, 0.999347, 0.00284422  
227, 270.621, -205.61, 182.54, 0.998694, -0.043579, -0.0266755, 0.0442188, 0.998736, 0.0238843, 0.0256009, -0.0250326, 0.999359, 0.00286586  
228, 270.643, -205.626, 182.545, 0.998705, -0.0432063, -0.0268533, 0.0438725, 0.998731, 0.0247336, 0.0257506, -0.0258797, 0.999333, 0.00289248  
229, 270.609, -205.648, 182.565, 0.998713, -0.0436425, -0.0258353, 0.0442932, 0.998701, 0.0251742, 0.0247031, -0.0262861, 0.999349, 0.00284034  
230, 270.622, -205.642, 182.552, 0.998688, -0.0434037, -0.0271875, 0.0440588, 0.998741, 0.0239791, 0.0261125, -0.0251455, 0.999343, 0.00292216  
231, 270.626, -205.637, 182.561, 0.99866, -0.0438564, -0.0274611, 0.0445254, 0.998714, 0.0242412, 0.0263627, -0.0254315, 0.999329, 0.00284089  
232, 270.629, -205.634, 182.578, 0.998631, -0.0441446, -0.0280685, 0.0447993, 0.998728, 0.0231392, 0.0270113, -0.024365, 0.999338, 0.00286946  
233, 270.644, -205.602, 182.569, 0.99868, -0.043243, -0.0277244, 0.0438987, 0.99876, 0.0234932, 0.0266741, -0.0246793, 0.999339, 0.00293437  
234, 270.626, -205.616, 182.567, 0.998691, -0.0437716, -0.026474, 0.0444233, 0.998711, 0.0245474, 0.0253653, -0.0256913, 0.999348, 0.00290913  
235, 270.622, -205.641, 182.556, 0.99873, -0.0432034, -0.0259353, 0.0438626, 0.998714, 0.0254098, 0.0248041, -0.0265151, 0.999341, 0.00289831  
236, 270.633, -205.649, 182.56, 0.998704, -0.0434551, -0.0264971, 0.0440964, 0.998736, 0.0241209, 0.0254154, -0.0252581, 0.999358, 0.00281565  
237, 270.627, -205.629, 182.553, 0.998715, -0.0427606, -0.0271851, 0.0434242, 0.998761, 0.0243044, 0.0261122, -0.0254537, 0.999335, 0.00289221  
238, 270.627, -205.625, 182.565, 0.998708, -0.0428215, -0.0273738, 0.0434738, 0.998774, 0.023695, 0.0263256, -0.0248544, 0.999344, 0.0028911  
239, 270.624, -205.622, 182.567, 0.998728, -0.0431197, -0.0261198, 0.0437756, 0.998727, 0.0250792, 0.0250052, -0.0261907, 0.999344, 0.00286447  
240, 270.61, -205.643, 182.553, 0.998707, -0.0429406, -0.0272217, 0.0435927, 0.998765, 0.0238328, 0.0261647, -0.0249887, 0.999345, 0.00291051  
241, 270.619, -205.62, 182.585, 0.998621, -0.0442088, -0.0283263, 0.0448761, 0.998719, 0.0233697, 0.0272569, -0.0246086, 0.999326, 0.00281371  
242, 270.613, -205.637, 182.578, 0.998698, -0.0435047, -0.0266557, 0.0441573, 0.998726, 0.0244055, 0.02556, -0.0255507, 0.999347, 0.00291384  
243, 270.623, -205.63, 182.556, 0.99873, -0.0430556, -0.0261814, 0.0436856, 0.998757, 0.0239853, 0.0251162, -0.0250986, 0.999369, 0.00276572  
244, 270.632, -205.626, 182.567, 0.998722, -0.043341, -0.0259876, 0.043992, 0.998718, 0.0250247, 0.0248697, -0.0261359, 0.999349, 0.00284311  
245, 270.637, -205.608, 182.574, 0.998705, -0.0433208, -0.0266794, 0.0439987, 0.998709, 0.0253722, 0.0255458, -0.0265132, 0.999322, 0.00293881  
246, 270.642, -205.642, 182.582, 0.998703, -0.0432251, -0.0269052, 0.0439023, 0.99872, 0.0251122, 0.0257853, -0.0262608, 0.999323, 0.00283118  
247, 270.631, -205.634, 182.54, 0.99874, -0.0427436, -0.0262844, 0.0433753, 0.998772, 0.023951, 0.0252283, -0.0250609, 0.999368, 0.0028678  
248, 270.62, -205.662, 182.553, 0.998715, -0.0431325, -0.0266144, 0.0437852, 0.998742, 0.0244508, 0.0255263, -0.0255846, 0.999347, 0.00293132  
249, 270.639, -205.626, 182.551, 0.998707, -0.0426153, -0.0277314, 0.04327, 0.998788, 0.0234512, 0.0266984, -0.0246208, 0.99934, 0.002918  
250, 270.63, -205.617, 182.561, 0.998699, -0.0428765, -0.0276002, 0.0435264, 0.998778, 0.0233958, 0.0265633, -0.0245667, 0.999345, 0.00290358  
251, 270.634, -205.625, 182.555, 0.998731, -0.0423126, -0.0272955, 0.0429666, 0.998792, 0.0238354, 0.026254, -0.024978, 0.999343, 0.00280372  
252, 270.628, -205.595, 182.563, 0.998685, -0.0431746, -0.0276393, 0.0438308, 0.99876, 0.0235902, 0.0265865, -0.0247706, 0.99934, 0.00286059  
253, 270.65, -205.635, 182.583, 0.998727, -0.0429769, -0.0264098, 0.0436289, 0.998744, 0.0246302, 0.0253181, -0.0257511, 0.999348, 0.00293132  
254, 270.642, -205.61, 182.577, 0.998664, -0.0434884, -0.0279056, 0.0441292, 0.998766, 0.0227719, 0.0268808, -0.0239729, 0.999351, 0.00287667  
255, 270.647, -205.612, 182.553, 0.99871, -0.0427837, -0.0273395, 0.0434562, 0.998755, 0.0244991, 0.0262573, -0.0256556, 0.999326, 0.00290996  
256, 270.643, -205.61, 182.553, 0.998687, -0.0429563, -0.0279057, 0.0436018, 0.998785, 0.0229495, 0.026886, -0.0241361, 0.999347, 0.00284228  
257, 270.659, -205.611, 182.571, 0.998694, -0.0434269, -0.0269156, 0.0440937, 0.998722, 0.0246955, 0.0258088, -0.0258501, 0.999333, 0.00291911  
258, 270.621, -205.598, 182.555, 0.998676, -0.0433482, -0.0277005, 0.0440096, 0.998749, 0.0237278, 0.0266373, -0.0249154, 0.999335, 0.00301619  
259, 270.632, -205.609, 182.548, 0.998717, -0.0430773, -0.0266302, 0.0437453, 0.998729, 0.0250326, 0.025518, -0.0261654, 0.999332, 0.00289304  
260, 270.639, -205.638, 182.57, 0.998712, -0.0432102, -0.0265786, 0.0438689, 0.998731, 0.0247205, 0.0254767, -0.0258547, 0.999341, 0.00293021  
261, 270.621, -205.64, 182.546, 0.998701, -0.0433833, -0.0267287, 0.0440277, 0.998742, 0.0240115, 0.0256533, -0.0251571, 0.999354, 0.00286891  
262, 270.617, -205.632, 182.549, 0.998714, -0.0429205, -0.0269885, 0.0435787, 0.998755, 0.0242942, 0.0259121, -0.0254391, 0.99934, 0.00279374  
263, 270.625, -205.632, 182.568, 0.998697, -0.0429213, -0.027605, 0.0435927, 0.998756, 0.0241974, 0.0265321, -0.0253692, 0.999326, 0.00291911  
264, 270.628, -205.625, 182.574, 0.998664, -0.0439392, -0.0272008, 0.0445849, 0.998727, 0.0236062, 0.0261289, -0.0247874, 0.999351, 0.0029413  
265, 270.647, -205.631, 182.574, 0.998696, -0.042758, -0.0278877, 0.0434217, 0.998777, 0.0236452, 0.0268425, -0.0248253, 0.999331, 0.00283007  
266, 270.618, -205.623, 182.552, 0.998724, -0.0430774, -0.0263482, 0.0437011, 0.998767, 0.0235724, 0.0253002, -0.0246938, 0.999375, 0.0028359  
267, 270.642, -205.638, 182.56, 0.998709, -0.043544, -0.026163, 0.0441913, 0.998718, 0.0246942, 0.0250542, -0.0258185, 0.999353, 0.00280372  
268, 270.625, -205.639, 182.564, 0.998737, -0.0428924, -0.0261518, 0.043546, 0.99874, 0.0249591, 0.0250483, -0.0260664, 0.999346, 0.00297625  
269, 270.642, -205.617, 182.549, 0.998687, -0.0433669, -0.0272842, 0.0440212, 0.998746, 0.0238543, 0.0262155, -0.025024, 0.999343, 0.00290219  
270, 270.624, -205.634, 182.548, 0.998707, -0.0430066, -0.0271137, 0.0436429, 0.998775, 0.0233296, 0.0260771, -0.0244828, 0.99936, 0.00294519  
271, 270.598, -205.643, 182.561, 0.998678, -0.0436803, -0.0271068, 0.0443469, 0.998716, 0.0244981, 0.0260019, -0.0256678, 0.999332, 0.00331132  
272, 270.634, -205.628, 182.563, 0.998648, -0.0438577, -0.0279196, 0.0445154, 0.998735, 0.0233879, 0.0268586, -0.0245991, 0.999337, 0.00291856  
273, 270.623, -205.639, 182.566, 0.998652, -0.0435439, -0.0282349, 0.0442232, 0.998736, 0.0238983, 0.0271586, -0.0251147, 0.999316, 0.00296738  
274, 270.623, -205.628, 182.556, 0.998693, -0.0433366, -0.027104, 0.0439881, 0.998746, 0.023922, 0.0260333, -0.025083, 0.999346, 0.00290358  
275, 270.656, -205.609, 182.56, 0.998682, -0.043055, -0.0279394, 0.0437241, 0.99876, 0.0237947, 0.0268803, -0.024985, 0.999326, 0.00298485  
276, 270.664, -205.615, 182.565, 0.998681, -0.0429308, -0.0281511, 0.043594, 0.998776, 0.0233856, 0.0271126, -0.024582, 0.99933, 0.00290913  
277, 270.665, -205.614, 182.585, 0.998681, -0.0433408, -0.027541, 0.0440296, 0.99872, 0.0249149, 0.0264259, -0.0260946, 0.99931, 0.00293049  
278, 270.61, -205.629, 182.57, 0.998659, -0.0440892, -0.0271274, 0.0447359, 0.998717, 0.0237111, 0.0260472, -0.0248929, 0.999351, 0.00298041  
279, 270.622, -205.632, 182.558, 0.998699, -0.0432771, -0.0269787, 0.0439142, 0.998759, 0.0234896, 0.0259287, -0.0246437, 0.99936, 0.00294657  
