0, 0, 0, 0, 0, 0, 0, 0, 0, 0, 0, 0, 0, 0.0029671  
1, 0, 0, 0, 0, 0, 0, 0, 0, 0, 0, 0, 0, 0.00272051  
2, 254.681, -213.07, 182.342, 0.999844, 0.00625429, -0.016536, -0.00581834, 0.999638, 0.0262815, 0.0166944, -0.0261812, 0.999518, 0.00294269  
3, 254.594, -213.066, 182.375, 0.99984, 0.00547252, -0.0170546, -0.00510498, 0.999755, 0.0215202, 0.0171682, -0.0214297, 0.999623, 0.00289359  
4, 254.599, -213.061, 182.387, 0.999854, 0.00572418, -0.016079, -0.00535762, 0.999727, 0.0227484, 0.0162048, -0.0226589, 0.999612, 0.00289775  
5, 254.615, -213.053, 182.386, 0.99983, 0.00511257, -0.0177075, -0.00473936, 0.999767, 0.0210548, 0.017811, -0.0209673, 0.999621, 0.00291994  
6, 254.664, -213.063, 182.295, 0.999814, 0.00709977, -0.0179458, -0.00665772, 0.999676, 0.0245731, 0.0181145, -0.024449, 0.999537, 0.00282453  
7, 254.634, -213.046, 182.416, 0.999874, 0.00662883, -0.0144463, -0.00627871, 0.999689, 0.0241476, 0.0146019, -0.0240539, 0.999604, 0.00285948  
8, 254.598, -213.034, 182.403, 0.999863, 0.00558152, -0.0155987, -0.00521379, 0.99971, 0.0235162, 0.0157255, -0.0234317, 0.999602, 0.00277959  
9, 254.648, -213.036, 182.365, 0.999852, 0.00629733, -0.0160223, -0.00587825, 0.999643, 0.0260704, 0.0161808, -0.0259724, 0.999532, 0.00297875  
10, 254.65, -213.034, 182.335, 0.999815, 0.00604346, -0.0182391, -0.00558549, 0.99967, 0.025056, 0.0183845, -0.0249495, 0.99952, 0.00276767  
11, 254.606, -213.062, 182.42, 0.999879, 0.00539165, -0.0146037, -0.00503684, 0.999694, 0.024225, 0.0147298, -0.0241485, 0.9996, 0.00285559  
12, 254.653, -213.041, 182.316, 0.999821, 0.00663005, -0.017725, -0.00619293, 0.999678, 0.0246038, 0.0178824, -0.0244896, 0.99954, 0.00282897  
13, 254.606, -213.042, 182.393, 0.999828, 0.00433341, -0.0180518, -0.00395793, 0.999776, 0.0207839, 0.0181379, -0.0207089, 0.999621, 0.00276988  
14, 254.603, -213.06, 182.398, 0.999854, 0.00557981, -0.016144, -0.00520935, 0.999724, 0.0228986, 0.0162673, -0.0228112, 0.999607, 0.00296987  
15, 254.614, -213.034, 182.398, 0.999855, 0.00603947, -0.0159485, -0.00568088, 0.999732, 0.0224345, 0.0160797, -0.0223406, 0.999621, 0.00277793  
16, 254.663, -213.029, 182.374, 0.999812, 0.0055284, -0.0186074, -0.00514574, 0.999776, 0.02055, 0.0187169, -0.0204503, 0.999616, 0.00299539  
17, 254.617, -213.05, 182.359, 0.999835, 0.00505622, -0.0174752, -0.00469098, 0.999771, 0.0208789, 0.0175768, -0.0207934, 0.999629, 0.00281288  
18, 254.616, -213.043, 182.404, 0.99987, 0.0057983, -0.0150416, -0.00542665, 0.999682, 0.0246326, 0.0151796, -0.0245477, 0.999583, 0.00273688  
19, 254.611, -213.026, 182.401, 0.999858, 0.00548837, -0.0159614, -0.00511042, 0.999708, 0.0236244, 0.0160864, -0.0235395, 0.999593, 0.00288971  
20, 254.661, -213.053, 182.375, 0.999811, 0.00517749, -0.0187405, -0.00479707, 0.999783, 0.0202881, 0.0188414, -0.0201944, 0.999619, 0.00283923  
21, 254.692, -213.006, 182.34, 0.999801, 0.00547942, -0.0191988, -0.00503027, 0.999714, 0.0233653, 0.0193214, -0.0232641, 0.999543, 0.00298929  
22, 254.633, -213.021, 182.389, 0.999837, 0.00521333, -0.0173007, -0.00485695, 0.999776, 0.0205779, 0.0174041, -0.0204905, 0.999639, 0.00284533  
23, 254.59, -213.018, 182.397, 0.999837, 0.00531502, -0.0172674, -0.00493298, 0.999744, 0.0220929, 0.0173804, -0.0220041, 0.999607, 0.0028101  
24, 254.608, -213.075, 182.386, 0.999847, 0.00603192, -0.0163906, -0.00566223, 0.999731, 0.0225085, 0.0165219, -0.0224122, 0.999612, 0.00298097  
25, 254.604, -213.041, 182.406, 0.999866, 0.00623893, -0.0151061, -0.0058691, 0.999685, 0.0244039, 0.0152536, -0.024312, 0.999588, 0.00276434  
26, 254.645, -213.063, 182.39, 0.999835, 0.00455768, -0.0176006, -0.0041848, 0.999767, 0.0211646, 0.0176929, -0.0210875, 0.999621, 0.00300593  
27, 254.572, -213.041, 182.395, 0.99987, 0.00614963, -0.0148876, -0.00577969, 0.999677, 0.0247656, 0.0150351, -0.0246763, 0.999582, 0.00281704  
28, 254.64, -213.014, 182.392, 0.999856, 0.00558291, -0.0160188, -0.00521457, 0.999723, 0.022945, 0.0161425, -0.0228581, 0.999608, 0.00272661  
29, 254.632, -213.048, 182.4, 0.999866, 0.00555724, -0.0153733, -0.00519172, 0.999705, 0.023715, 0.0155005, -0.023632, 0.999601, 0.00297403  
30, 254.727, -213.029, 182.343, 0.999813, 0.0055072, -0.0185621, -0.00506508, 0.999704, 0.0237819, 0.0186876, -0.0236834, 0.999545, 0.00277321  
31, 254.622, -213.053, 182.378, 0.999854, 0.00563184, -0.0161464, -0.0052736, 0.999741, 0.0221445, 0.016267, -0.0220561, 0.999624, 0.00286974  
32, 254.616, -213.031, 182.377, 0.999855, 0.00625368, -0.0158305, -0.00589283, 0.999724, 0.0227397, 0.0159684, -0.0226431, 0.999616, 0.00281177  
33, 254.635, -213.034, 182.408, 0.999851, 0.00589365, -0.016203, -0.00553048, 0.999735, 0.0223677, 0.0163305, -0.0222747, 0.999619, 0.00274825  
34, 254.614, -213.012, 182.39, 0.999832, 0.00632765, -0.0172144, -0.0059595, 0.999754, 0.0213541, 0.0173453, -0.0212479, 0.999624, 0.00283285  
35, 254.636, -213.032, 182.419, 0.999869, 0.00548107, -0.0152573, -0.00511257, 0.999697, 0.0240869, 0.0153847, -0.0240057, 0.999593, 0.0028334  
36, 254.703, -213.01, 182.329, 0.999821, 0.00518539, -0.0181959, -0.00473567, 0.999684, 0.0246718, 0.0183181, -0.0245812, 0.99953, 0.0028334  
37, 254.578, -213.048, 182.398, 0.999895, 0.00623581, -0.013077, -0.00589013, 0.999637, 0.0263085, 0.0132363, -0.0262287, 0.999568, 0.00279707  
38, 254.622, -213.011, 182.389, 0.999857, 0.00531358, -0.0160654, -0.0049473, 0.999729, 0.0227536, 0.016182, -0.0226708, 0.999612, 0.00273216  
39, 254.583, -213.017, 182.379, 0.999851, 0.00595097, -0.016207, -0.00557157, 0.999712, 0.0233549, 0.0163413, -0.0232612, 0.999596, 0.00283007  
40, 254.672, -213.012, 182.342, 0.999853, 0.00671445, -0.0157558, -0.0062995, 0.999636, 0.0262399, 0.0159262, -0.0261368, 0.999532, 0.00276129  
41, 254.595, -213.008, 182.394, 0.999871, 0.00621218, -0.0148269, -0.00582809, 0.99965, 0.0258092, 0.0149821, -0.0257195, 0.999557, 0.00313741  
42, 254.667, -213.031, 182.348, 0.999823, 0.00638815, -0.0176904, -0.00594697, 0.999673, 0.0248807, 0.0178435, -0.0247711, 0.999534, 0.00282314  
43, 254.687, -212.986, 182.355, 0.999811, 0.00591813, -0.0185383, -0.0054671, 0.99969, 0.0242864, 0.0186762, -0.0241805, 0.999533, 0.00272717  
44, 254.597, -212.986, 182.418, 0.999864, 0.00559779, -0.0154877, -0.00521584, 0.999684, 0.0245929, 0.0156204, -0.0245087, 0.999578, 0.00281094  
45, 254.618, -213.015, 182.384, 0.999827, 0.00520678, -0.0178758, -0.00482777, 0.999764, 0.0211802, 0.0179819, -0.0210903, 0.999616, 0.00295822  
46, 254.599, -213.014, 182.395, 0.999831, 0.00475882, -0.0177625, -0.00440035, 0.999787, 0.0201662, 0.0178547, -0.0200846, 0.999639, 0.00281648  
47, 254.595, -213.019, 182.389, 0.999842, 0.00540813, -0.0169078, -0.0050266, 0.999734, 0.0225275, 0.0170251, -0.0224389, 0.999603, 0.0028384  
48, 254.58, -212.978, 182.401, 0.999874, 0.00608219, -0.0146646, -0.00571775, 0.999677, 0.0247667, 0.0148105, -0.0246798, 0.999586, 0.00279485  
49, 254.675, -213.013, 182.355, 0.99985, 0.00578439, -0.016349, -0.00535862, 0.999648, 0.0259673, 0.0164934, -0.0258758, 0.999529, 0.00284561  
50, 254.618, -213.015, 182.418, 0.99986, 0.00535667, -0.0158272, -0.00498626, 0.999715, 0.0233512, 0.0159477, -0.023269, 0.999602, 0.00286281  
51, 254.635, -213.014, 182.377, 0.999833, 0.00482754, -0.017625, -0.00444554, 0.999756, 0.0216491, 0.0177252, -0.0215671, 0.99961, 0.00281343  
52, 254.633, -212.987, 182.399, 0.999835, 0.0057673, -0.0172526, -0.00539118, 0.999749, 0.0217684, 0.0173738, -0.0216718, 0.999614, 0.00282619  
53, 254.688, -213.008, 182.326, 0.999811, 0.00602332, -0.0184997, -0.00558158, 0.9997, 0.0238379, 0.0186377, -0.0237301, 0.999545, 0.0027979  
54, 254.644, -212.999, 182.342, 0.999829, 0.0061248, -0.0174312, -0.00566505, 0.999638, 0.0263038, 0.017586, -0.0262005, 0.999502, 0.0028911  
55, 254.623, -213.023, 182.372, 0.999823, 0.00526072, -0.0180858, -0.00487342, 0.999759, 0.021392, 0.018194, -0.0213, 0.999608, 0.00287834  
56, 254.683, -213.004, 182.306, 0.999826, 0.00684116, -0.0173511, -0.00639999, 0.999658, 0.0253556, 0.0175186, -0.0252401, 0.999528, 0.00294103  
57, 254.724, -212.982, 182.351, 0.99983, 0.00640499, -0.0172952, -0.00596738, 0.999664, 0.0252364, 0.017451, -0.0251289, 0.999532, 0.00290136  
58, 254.629, -212.999, 182.382, 0.999844, 0.00561173, -0.0167363, -0.00522566, 0.999721, 0.0230229, 0.0168608, -0.0229319, 0.999595, 0.00276156  
59, 254.613, -212.976, 182.397, 0.999849, 0.00519186, -0.0165876, -0.00481781, 0.999735, 0.0225109, 0.0167001, -0.0224276, 0.999609, 0.00290691  
60, 254.606, -212.995, 182.378, 0.999834, 0.00612287, -0.0171794, -0.00573879, 0.999734, 0.0223176, 0.0173115, -0.0222153, 0.999603, 0.00282647  
61, 254.669, -212.986, 182.334, 0.99984, 0.00627826, -0.0167687, -0.00584404, 0.99965, 0.0258196, 0.0169249, -0.0257174, 0.999526, 0.00283895  
62, 254.635, -213.014, 182.381, 0.99983, 0.00525863, -0.0176541, -0.004892, 0.999773, 0.0207466, 0.0177592, -0.0206567, 0.999629, 0.0028384  
63, 254.661, -212.981, 182.355, 0.999824, 0.00652074, -0.0175643, -0.00605749, 0.999636, 0.0262995, 0.0177294, -0.0261885, 0.9995, 0.00284256  
64, 254.615, -213.014, 182.38, 0.999849, 0.00516672, -0.0165783, -0.00478115, 0.999719, 0.0232133, 0.0166936, -0.0231305, 0.999593, 0.00340563  
65, 254.582, -212.992, 182.391, 0.999861, 0.00582514, -0.0156223, -0.00544666, 0.999693, 0.0241608, 0.0157583, -0.0240724, 0.999586, 0.00307888  
66, 254.716, -213.016, 182.337, 0.999808, 0.00550885, -0.0188181, -0.00506647, 0.999712, 0.0234752, 0.018942, -0.0233753, 0.999547, 0.00300149  
67, 254.611, -213.018, 182.359, 0.999837, 0.0055896, -0.0171595, -0.00520623, 0.999738, 0.0223057, 0.0172797, -0.0222128, 0.999604, 0.0028947  
68, 254.619, -213.015, 182.381, 0.999855, 0.00481452, -0.016359, -0.0044487, 0.999741, 0.0223251, 0.0164622, -0.0222491, 0.999617, 0.00281149  
69, 254.669, -212.994, 182.347, 0.999821, 0.00616959, -0.0179118, -0.00572125, 0.999672, 0.0249748, 0.01806, -0.0248679, 0.999528, 0.00290552  
70, 254.674, -212.982, 182.358, 0.999826, 0.00608814, -0.0176349, -0.00566416, 0.999696, 0.0239928, 0.0177756, -0.0238887, 0.999557, 0.00291246  
71, 254.689, -212.997, 182.346, 0.999803, 0.00605778, -0.018913, -0.00560766, 0.999702, 0.0237626, 0.0190513, -0.0236518, 0.999539, 0.00289304  
72, 254.731, -213.025, 182.329, 0.999825, 0.00602719, -0.0176995, -0.00558886, 0.999679, 0.0247105, 0.0178428, -0.0246072, 0.999538, 0.00290968  
73, 254.674, -213.025, 182.356, 0.999849, 0.00587365, -0.0163496, -0.0054551, 0.999659, 0.0255278, 0.016494, -0.0254347, 0.99954, 0.00287362  
74, 254.623, -213.03, 182.395, 0.999874, 0.00608638, -0.0146708, -0.00572039, 0.999675, 0.0248612, 0.0148173, -0.0247741, 0.999583, 0.00289637  
75, 254.619, -213.025, 182.394, 0.99987, 0.00679768, -0.0145929, -0.0064371, 0.999676, 0.0246152, 0.0147555, -0.0245181, 0.99959, 0.00284505  
76, 254.629, -213.017, 182.383, 0.999843, 0.00469141, -0.0170767, -0.00431281, 0.999746, 0.0221401, 0.0171762, -0.022063, 0.999609, 0.00290663  
77, 254.637, -213.01, 182.39, 0.999849, 0.00629334, -0.0161954, -0.00591517, 0.999711, 0.0232938, 0.0163374, -0.0231945, 0.999597, 0.00291135  
78, 254.696, -213.018, 182.32, 0.999801, 0.00557431, -0.0191348, -0.00511861, 0.999704, 0.023782, 0.0192617, -0.0236793, 0.999534, 0.00273577  
79, 254.642, -213.063, 182.412, 0.999858, 0.00525591, -0.0159867, -0.00488452, 0.999719, 0.0231818, 0.016104, -0.0231005, 0.999603, 0.00287473  
80, 254.607, -213.043, 182.39, 0.999859, 0.00547589, -0.0158569, -0.00510743, 0.999718, 0.0231844, 0.0159794, -0.0231001, 0.999605, 0.00284256  
81, 254.591, -212.999, 182.397, 0.999857, 0.00592155, -0.0158327, -0.00555455, 0.999717, 0.0231244, 0.0159651, -0.0230332, 0.999607, 0.00292133  
82, 254.614, -213.077, 182.392, 0.999845, 0.00500186, -0.0168891, -0.00463507, 0.999754, 0.0216875, 0.0169935, -0.0216059, 0.999622, 0.00287834  
83, 254.715, -213.045, 182.349, 0.99982, 0.0059185, -0.0180229, -0.00549091, 0.999704, 0.0236829, 0.0181577, -0.0235796, 0.999557, 0.00273022  
84, 254.633, -213.048, 182.422, 0.999872, 0.00549156, -0.0150557, -0.00512587, 0.999693, 0.0242213, 0.0151841, -0.024141, 0.999593, 0.00287917  
85, 254.63, -213.051, 182.406, 0.999846, 0.00560111, -0.0166468, -0.00522624, 0.999734, 0.0224777, 0.0167682, -0.0223872, 0.999609, 0.00278375  
86, 254.681, -213.026, 182.331, 0.999826, 0.0070424, -0.0172751, -0.00661143, 0.999669, 0.0248793, 0.0174446, -0.0247608, 0.999541, 0.0029757  
87, 254.606, -213.049, 182.398, 0.999849, 0.00581817, -0.0163818, -0.00544267, 0.999724, 0.0228742, 0.0165103, -0.0227816, 0.999604, 0.00293492  
88, 254.564, -213.023, 182.397, 0.999885, 0.0059588, -0.0139244, -0.00560949, 0.999672, 0.0249923, 0.0140687, -0.0249113, 0.999591, 0.00276129  
89, 254.57, -213.025, 182.367, 0.999848, 0.00585214, -0.0164299, -0.00548443, 0.999735, 0.0223371, 0.0165563, -0.0222435, 0.999615, 0.0029033  
90, 254.658, -213.007, 182.323, 0.99982, 0.00661265, -0.0177625, -0.00616514, 0.999665, 0.0251322, 0.0179227, -0.0250181, 0.999526, 0.00280067  
91, 254.688, -213.042, 182.341, 0.999836, 0.00704809, -0.0166703, -0.00663044, 0.999666, 0.0249778, 0.0168408, -0.0248632, 0.999549, 0.00294435  
92, 254.617, -213.029, 182.386, 0.999831, 0.00560774, -0.0175025, -0.00523186, 0.999756, 0.021448, 0.0176185, -0.0213528, 0.999617, 0.00292438  
93, 254.622, -213.042, 182.404, 0.999844, 0.00514035, -0.0169029, -0.00476177, 0.999739, 0.0223619, 0.0170134, -0.0222779, 0.999607, 0.00271358  
94, 254.596, -213.059, 182.406, 0.999848, 0.00550658, -0.0165641, -0.00512801, 0.999727, 0.0228113, 0.0166852, -0.0227229, 0.999603, 0.002956  
95, 254.638, -213.052, 182.419, 0.999854, 0.0054708, -0.0161603, -0.00509263, 0.999714, 0.0233501, 0.0162834, -0.0232644, 0.999597, 0.00300649  
96, 254.62, -213.073, 182.374, 0.999833, 0.00494441, -0.0175668, -0.00457457, 0.999768, 0.0210318, 0.0176668, -0.0209479, 0.999624, 0.0029843  
97, 254.587, -213.029, 182.383, 0.999844, 0.00558613, -0.0167388, -0.00522375, 0.999753, 0.0216156, 0.0168554, -0.0215247, 0.999626, 0.0028187  
98, 254.572, -213.052, 182.42, 0.999864, 0.00615456, -0.0152685, -0.00578561, 0.999693, 0.0240915, 0.0154121, -0.0239999, 0.999593, 0.00276378  
99, 254.62, -213.037, 182.381, 0.99982, 0.00478869, -0.0183487, -0.00441803, 0.999786, 0.0201882, 0.0184415, -0.0201035, 0.999628, 0.00299622  
100, 254.632, -213.051, 182.391, 0.999826, 0.00544691, -0.0178417, -0.00505088, 0.999742, 0.0221671, 0.0179578, -0.0220732, 0.999595, 0.00276101  
101, 254.638, -213.026, 182.409, 0.999849, 0.00561122, -0.0164685, -0.00525449, 0.999752, 0.0216249, 0.0165858, -0.0215351, 0.999631, 0.00299539  
102, 254.655, -213.034, 182.394, 0.999826, 0.0047655, -0.0180088, -0.00438288, 0.999765, 0.0212264, 0.0181058, -0.0211437, 0.999612, 0.00285615  
103, 254.571, -213.082, 182.39, 0.999854, 0.00615482, -0.0159347, -0.00579141, 0.999724, 0.0227524, 0.0160704, -0.0226568, 0.999614, 0.00278847  
104, 254.613, -213.06, 182.374, 0.999824, 0.00457616, -0.0181981, -0.00420208, 0.99978, 0.0205414, 0.0182881, -0.0204613, 0.999623, 0.00298762  
105, 254.67, -213.017, 182.364, 0.999843, 0.00756315, -0.0160367, -0.00713614, 0.999623, 0.0265195, 0.0162313, -0.0264009, 0.99952, 0.00276961  
106, 254.605, -213.038, 182.414, 0.999849, 0.00556043, -0.0164545, -0.00518185, 0.999723, 0.0229613, 0.0165776, -0.0228726, 0.999601, 0.00295212  
107, 254.658, -213.052, 182.429, 0.999862, 0.00503617, -0.015853, -0.00465416, 0.9997, 0.0240428, 0.0159693, -0.0239657, 0.999585, 0.00284616  
108, 254.583, -213.042, 182.403, 0.999853, 0.00583011, -0.0161225, -0.00545229, 0.999712, 0.0233799, 0.0162542, -0.0232886, 0.999597, 0.00278986  
109, 254.611, -213.044, 182.421, 0.999878, 0.00604624, -0.0144206, -0.00567905, 0.999662, 0.0253693, 0.0145691, -0.0252843, 0.999574, 0.00281593  
110, 254.637, -213.04, 182.403, 0.99983, 0.00481822, -0.0177755, -0.00444514, 0.99977, 0.0209686, 0.0178724, -0.020886, 0.999622, 0.00278653  
111, 254.682, -213.045, 182.342, 0.999808, 0.00586594, -0.0186937, -0.00544102, 0.999727, 0.022701, 0.0188218, -0.0225949, 0.999568, 0.00281565  
112, 254.578, -213.087, 182.382, 0.99985, 0.00617672, -0.0162103, -0.00580663, 0.999724, 0.0227789, 0.0163465, -0.0226813, 0.999609, 0.00282813  
113, 254.66, -213.032, 182.327, 0.999818, 0.00588689, -0.018149, -0.00545489, 0.999703, 0.0237616, 0.0182835, -0.0236583, 0.999553, 0.00273105  
114, 254.658, -213.056, 182.397, 0.999833, 0.00612216, -0.0172399, -0.00574533, 0.999745, 0.0218235, 0.0173691, -0.0217208, 0.999613, 0.00285948  
115, 254.546, -213.05, 182.357, 0.999862, 0.00638846, -0.0153518, -0.00601475, 0.999687, 0.0242669, 0.015502, -0.0241712, 0.999588, 0.00281149  
116, 254.58, -213.029, 182.418, 0.999877, 0.00590293, -0.0145236, -0.0055481, 0.999688, 0.0243509, 0.0146628, -0.0242674, 0.999598, 0.00283257  
117, 254.637, -213.007, 182.395, 0.999836, 0.0058827, -0.0171311, -0.00551124, 0.99975, 0.0216505, 0.0172542, -0.0215525, 0.999619, 0.0028151  
118, 254.605, -213.017, 182.398, 0.999868, 0.00637794, -0.014937, -0.00601367, 0.999686, 0.0243063, 0.0150873, -0.0242133, 0.999593, 0.00282037  
119, 254.605, -213.024, 182.419, 0.999872, 0.00547421, -0.0150427, -0.00510672, 0.99969, 0.0243607, 0.0151714, -0.0242808, 0.99959, 0.00268556  
120, 254.605, -213.044, 182.41, 0.999874, 0.00574961, -0.0147858, -0.0053923, 0.999695, 0.0240926, 0.0149198, -0.0240098, 0.9996, 0.00276461  
121, 254.631, -213.039, 182.458, 0.999897, 0.00677873, -0.0126782, -0.00645325, 0.999653, 0.025539, 0.0128469, -0.0254545, 0.999593, 0.00314767  
122, 254.627, -213.006, 182.359, 0.999818, 0.00633727, -0.0179927, -0.00595427, 0.999756, 0.0212605, 0.0181231, -0.0211495, 0.999612, 0.0028298  
123, 254.643, -213.025, 182.377, 0.999815, 0.00544594, -0.0184689, -0.00505522, 0.999764, 0.0211369, 0.0185796, -0.0210396, 0.999606, 0.0028101  
124, 254.645, -213.03, 182.394, 0.999867, 0.005309, -0.0154341, -0.00495631, 0.999728, 0.0228007, 0.0155509, -0.0227212, 0.999621, 0.00282897  
125, 254.638, -213.017, 182.378, 0.999837, 0.00597508, -0.0170305, -0.00560661, 0.999751, 0.0216021, 0.0171553, -0.0215031, 0.999622, 0.00276378  
126, 254.685, -213.028, 182.361, 0.99987, 0.00645063, -0.0147591, -0.00604894, 0.999614, 0.0271006, 0.0149282, -0.0270078, 0.999524, 0.00281177  
127, 254.629, -213.017, 182.414, 0.999862, 0.00538855, -0.0156978, -0.00501892, 0.999711, 0.0234921, 0.0158198, -0.02341, 0.999601, 0.00279956  
128, 254.689, -213.022, 182.332, 0.999783, 0.00568227, -0.0200278, -0.00524396, 0.999747, 0.0218699, 0.020147, -0.0217602, 0.99956, 0.00273632  
129, 254.609, -213.034, 182.41, 0.999847, 0.00505938, -0.0167526, -0.0047043, 0.999765, 0.0211677, 0.0168557, -0.0210857, 0.999636, 0.00305309  
130, 254.597, -213.036, 182.371, 0.999836, 0.00495991, -0.0174382, -0.00458016, 0.999753, 0.0217499, 0.0175417, -0.0216664, 0.999611, 0.00279623  
131, 254.576, -213.012, 182.398, 0.999875, 0.00584776, -0.0147219, -0.00549004, 0.999692, 0.0242226, 0.014859, -0.0241387, 0.999598, 0.00311993  
132, 254.626, -213.011, 182.401, 0.999835, 0.00591936, -0.0171728, -0.00553156, 0.999731, 0.0225428, 0.0173016, -0.0224441, 0.999598, 0.00283063  
133, 254.661, -213.026, 182.386, 0.999814, 0.0051393, -0.0185711, -0.00476648, 0.999787, 0.020064, 0.0186703, -0.0199718, 0.999626, 0.00274936  
134, 254.589, -213.051, 182.355, 0.999856, 0.00546916, -0.0160671, -0.00510505, 0.999731, 0.022616, 0.0161865, -0.0225307, 0.999615, 0.00283951  
135, 254.638, -213.018, 182.371, 0.999843, 0.00619182, -0.0165947, -0.00579255, 0.999695, 0.0240012, 0.0167383, -0.0239013, 0.999574, 0.00281454  
136, 254.62, -212.986, 182.401, 0.999844, 0.00536679, -0.016847, -0.00498727, 0.999735, 0.022489, 0.0169632, -0.0224015, 0.999605, 0.00287446  
137, 254.608, -213.012, 182.401, 0.999847, 0.00528821, -0.0166666, -0.00491182, 0.999734, 0.0225441, 0.0167814, -0.0224588, 0.999607, 0.00282758  
138, 254.68, -212.992, 182.332, 0.999836, 0.00645927, -0.0169189, -0.00601458, 0.999639, 0.0262042, 0.017082, -0.0260982, 0.999513, 0.00272883  
139, 254.721, -213.018, 182.319, 0.999816, 0.00600997, -0.0181992, -0.00557201, 0.999696, 0.0240206, 0.018338, -0.0239147, 0.999546, 0.00281288  
140, 254.595, -213.019, 182.39, 0.999842, 0.00546984, -0.0168877, -0.00508504, 0.999728, 0.0227451, 0.0170076, -0.0226556, 0.999599, 0.00277821  
141, 254.622, -213.025, 182.385, 0.999836, 0.0050037, -0.0173794, -0.00463104, 0.99976, 0.0214168, 0.0174824, -0.0213328, 0.99962, 0.00293936  
142, 254.65, -212.978, 182.381, 0.999842, 0.00429789, -0.0172247, -0.00391079, 0.99974, 0.0224446, 0.0173167, -0.0223737, 0.9996, 0.00279762  
143, 254.585, -213.023, 182.369, 0.999848, 0.00503992, -0.0166692, -0.00466763, 0.99974, 0.0222976, 0.0167773, -0.0222164, 0.999612, 0.00283396  
144, 254.595, -213.025, 182.371, 0.999824, 0.00466862, -0.0181717, -0.00429668, 0.999782, 0.0204535, 0.0182633, -0.0203718, 0.999626, 0.00288999  
145, 254.676, -212.964, 182.317, 0.99982, 0.00685661, -0.0176628, -0.00640493, 0.999654, 0.0255033, 0.0178316, -0.0253856, 0.999519, 0.00286086  
146, 254.679, -213.016, 182.334, 0.999844, 0.00654115, -0.0164352, -0.00611585, 0.999649, 0.0257958, 0.0165982, -0.0256912, 0.999532, 0.00284755  
147, 254.634, -212.998, 182.403, 0.999846, 0.00544445, -0.0166913, -0.00506772, 0.999733, 0.02253, 0.0168095, -0.022442, 0.999607, 0.00282175  
148, 254.583, -213.005, 182.384, 0.999862, 0.00619091, -0.0154445, -0.00581207, 0.999684, 0.0244547, 0.015591, -0.0243615, 0.999582, 0.0027954  
149, 254.617, -213.026, 182.378, 0.999844, 0.00536946, -0.0168451, -0.00498265, 0.999725, 0.0229212, 0.0169635, -0.0228337, 0.999595, 0.00289775  
150, 254.596, -212.996, 182.363, 0.999844, 0.00632746, -0.0165107, -0.00593428, 0.9997, 0.023755, 0.0166561, -0.0236533, 0.999581, 0.00287778  
151, 254.608, -212.99, 182.393, 0.999868, 0.00575543, -0.0152227, -0.00539634, 0.999709, 0.0235261, 0.0153537, -0.0234409, 0.999607, 0.00290857  
152, 254.576, -213.013, 182.381, 0.999862, 0.00605657, -0.0154915, -0.00569275, 0.999709, 0.0234221, 0.0156288, -0.0233307, 0.999606, 0.00290552  
153, 254.648, -212.999, 182.304, 0.999797, 0.0056397, -0.0193502, -0.00519485, 0.999723, 0.0229631, 0.0194744, -0.0228579, 0.999549, 0.00280567  
154, 254.618, -212.989, 182.36, 0.999831, 0.00570703, -0.0174938, -0.00532567, 0.999749, 0.0217692, 0.0176136, -0.0216723, 0.99961, 0.00291745  
155, 254.716, -213.012, 182.363, 0.999825, 0.0058031, -0.0177897, -0.00537394, 0.999696, 0.0240778, 0.0179241, -0.023978, 0.999552, 0.00288721  
156, 254.634, -213.05, 182.396, 0.999857, 0.00589568, -0.0158228, -0.00551638, 0.999699, 0.0239094, 0.015959, -0.0238188, 0.999589, 0.00280733  
157, 254.675, -212.975, 182.337, 0.9998, 0.00653568, -0.0189113, -0.00610075, 0.999718, 0.0229652, 0.0190561, -0.0228452, 0.999557, 0.00288333  
158, 254.651, -213.026, 182.383, 0.999851, 0.00539559, -0.0164119, -0.00502047, 0.999727, 0.0228129, 0.0165305, -0.0227271, 0.999605, 0.00284699  
159, 254.58, -212.962, 182.397, 0.999866, 0.00691398, -0.0148476, -0.00655408, 0.999687, 0.024153, 0.0150099, -0.0240525, 0.999598, 0.00339565  
160, 254.668, -212.993, 182.321, 0.999819, 0.00654913, -0.0178693, -0.00610904, 0.999679, 0.0245727, 0.0180245, -0.0244591, 0.999538, 0.00293603  
161, 254.646, -213.036, 182.383, 0.999841, 0.00475494, -0.0171629, -0.00437891, 0.999751, 0.0218812, 0.0172627, -0.0218026, 0.999613, 0.0038597  
162, 254.634, -213.012, 182.353, 0.999819, 0.00617728, -0.0179717, -0.00579609, 0.999759, 0.0211861, 0.0180982, -0.0210781, 0.999614, 0.00281205  
163, 254.609, -212.99, 182.38, 0.999837, 0.00579438, -0.0171012, -0.00541148, 0.999736, 0.0223524, 0.0172262, -0.0222563, 0.999604, 0.00274215  
164, 254.616, -213.045, 182.401, 0.999865, 0.0053296, -0.0155288, -0.00495886, 0.999704, 0.0238155, 0.0156511, -0.0237353, 0.999596, 0.00261955  
165, 254.617, -213.004, 182.406, 0.99988, 0.00543877, -0.0145384, -0.0050855, 0.999694, 0.0242265, 0.0146657, -0.0241497, 0.999601, 0.00292133  
166, 254.614, -212.997, 182.374, 0.999858, 0.00533922, -0.0159881, -0.00495871, 0.999706, 0.0237453, 0.0161101, -0.0236627, 0.99959, 0.00296044  
167, 254.627, -213.013, 182.359, 0.999816, 0.00565198, -0.0183203, -0.00526513, 0.999764, 0.0210961, 0.0184352, -0.0209958, 0.99961, 0.00290802  
168, 254.684, -213.024, 182.314, 0.999827, 0.00586998, -0.0176308, -0.0054324, 0.999679, 0.024765, 0.0177705, -0.024665, 0.999538, 0.00273799  
169, 254.637, -213.055, 182.376, 0.999835, 0.00478039, -0.0175376, -0.00440914, 0.999767, 0.0211471, 0.0176346, -0.0210663, 0.999623, 0.00289886  
170, 254.663, -213.003, 182.374, 0.999857, 0.00530996, -0.0160394, -0.00493865, 0.999721, 0.0231016, 0.0161576, -0.0230191, 0.999604, 0.00299289  
171, 254.633, -213.015, 182.359, 0.999827, 0.00474363, -0.0179937, -0.00436507, 0.99977, 0.0210199, 0.0180893, -0.0209377, 0.999617, 0.00291578  
172, 254.629, -213.047, 182.384, 0.999828, 0.00485881, -0.0178845, -0.00447527, 0.99976, 0.0214234, 0.0179843, -0.0213397, 0.999611, 0.00286863  
173, 254.608, -213.036, 182.356, 0.999854, 0.00548641, -0.0161771, -0.00511449, 0.999724, 0.022943, 0.0162985, -0.0228569, 0.999606, 0.00268778  
174, 254.598, -213.013, 182.36, 0.999842, 0.00495597, -0.0170807, -0.00456513, 0.999729, 0.0228449, 0.0171893, -0.0227633, 0.999593, 0.00288389  
175, 254.664, -213.001, 182.369, 0.999824, 0.00552502, -0.0179245, -0.00513973, 0.999756, 0.0214703, 0.0180387, -0.0213744, 0.999609, 0.00290025  
176, 254.638, -213.031, 182.356, 0.999835, 0.00514712, -0.0174038, -0.00476805, 0.999752, 0.0217523, 0.0175115, -0.0216657, 0.999612, 0.00294713  
177, 254.623, -213.017, 182.387, 0.999873, 0.00603428, -0.0147424, -0.00566564, 0.999673, 0.0249207, 0.014888, -0.0248341, 0.999581, 0.00287335  
178, 254.651, -213.028, 182.308, 0.999838, 0.00646047, -0.0168102, -0.00604089, 0.999672, 0.0248915, 0.0169655, -0.0247859, 0.999549, 0.00272911  
179, 254.654, -213.019, 182.356, 0.999812, 0.00479698, -0.0187676, -0.00441007, 0.999778, 0.0206033, 0.0188623, -0.0205167, 0.999612, 0.0029671  
180, 254.564, -213.016, 182.37, 0.999861, 0.00662028, -0.0153001, -0.00625459, 0.999697, 0.0238264, 0.0154532, -0.0237274, 0.999599, 0.0027771  
181, 254.695, -213.042, 182.334, 0.9998, 0.00572947, -0.0191637, -0.00529901, 0.999734, 0.0224385, 0.0192872, -0.0223324, 0.999565, 0.00300149  
182, 254.604, -213.004, 182.368, 0.999844, 0.006435, -0.0164489, -0.00605044, 0.99971, 0.0233231, 0.0165942, -0.0232199, 0.999593, 0.00281621  
183, 254.646, -213.02, 182.38, 0.999831, 0.00631591, -0.017287, -0.00592662, 0.99973, 0.0224784, 0.0174243, -0.0223722, 0.999598, 0.00273466  
184, 254.615, -213.02, 182.389, 0.999867, 0.00525981, -0.0154218, -0.00489856, 0.999715, 0.0233701, 0.0155403, -0.0232914, 0.999608, 0.00300233  
185, 254.648, -212.979, 182.395, 0.999838, 0.00612283, -0.0169332, -0.00572652, 0.999711, 0.0233546, 0.0170713, -0.0232538, 0.999584, 0.00279318  
186, 254.695, -213.04, 182.329, 0.999836, 0.00532126, -0.0173286, -0.00489398, 0.999685, 0.0246072, 0.0174541, -0.0245183, 0.999547, 0.00299789  
187, 254.687, -213.003, 182.346, 0.999854, 0.00656001, -0.0157995, -0.00615325, 0.999652, 0.0256575, 0.0159623, -0.0255566, 0.999546, 0.00284644  
188, 254.596, -213.023, 182.392, 0.99985, 0.00565356, -0.016343, -0.00529223, 0.999742, 0.022068, 0.0164636, -0.0219782, 0.999623, 0.00276572  
189, 254.603, -213.055, 182.361, 0.999824, 0.00609999, -0.0177179, -0.00572461, 0.99976, 0.0211607, 0.0178427, -0.0210555, 0.999619, 0.00286586  
190, 254.62, -213.027, 182.396, 0.999826, 0.00511727, -0.0179206, -0.00474215, 0.99977, 0.0209129, 0.0180235, -0.0208243, 0.999621, 0.00284034  
191, 254.643, -213.018, 182.316, 0.999804, 0.00574548, -0.0189375, -0.00530918, 0.999721, 0.0230094, 0.0190644, -0.0229044, 0.999556, 0.00299511  
192, 254.604, -213.053, 182.393, 0.99988, 0.00586568, -0.0143411, -0.0055072, 0.999675, 0.0249098, 0.0144826, -0.0248278, 0.999587, 0.00281537  
193, 254.657, -213.046, 182.368, 0.999798, 0.00541547, -0.0193527, -0.00504104, 0.9998, 0.0193443, 0.0194536, -0.0192428, 0.999626, 0.00272717  
194, 254.672, -213.024, 182.318, 0.999814, 0.00634875, -0.018202, -0.00590676, 0.999689, 0.0242339, 0.0183502, -0.0241219, 0.999541, 0.00299789  
195, 254.584, -213.022, 182.386, 0.999853, 0.00525527, -0.0162957, -0.00488066, 0.999725, 0.0229434, 0.0164118, -0.0228606, 0.999604, 0.00292632  
196, 254.621, -213.043, 182.39, 0.999838, 0.00506574, -0.0172576, -0.00469113, 0.999754, 0.0216788, 0.0173632, -0.0215943, 0.999616, 0.0027771  
197, 254.649, -213.01, 182.4, 0.999842, 0.00609919, -0.0166827, -0.00571878, 0.999725, 0.0227562, 0.0168169, -0.0226572, 0.999602, 0.00283673  
198, 254.645, -213.03, 182.392, 0.999855, 0.00540428, -0.0161589, -0.00502058, 0.999707, 0.0236923, 0.0162822, -0.0236078, 0.999589, 0.00284117  
199, 254.69, -213.01, 182.334, 0.999828, 0.0060781, -0.0175187, -0.00564271, 0.999677, 0.0247966, 0.0176637, -0.0246935, 0.999539, 0.00277737  
200, 254.647, -213.033, 182.398, 0.999838, 0.00507774, -0.0172704, -0.0047017, 0.999752, 0.0217449, 0.0173765, -0.0216602, 0.999614, 0.00282259  
201, 254.675, -212.986, 182.33, 0.99983, 0.00749842, -0.0168537, -0.00705934, 0.999638, 0.0259624, 0.0170423, -0.025839, 0.999521, 0.00284949  
202, 254.688, -213.023, 182.347, 0.999829, 0.0057671, -0.017593, -0.00531028, 0.99965, 0.0259032, 0.0177362, -0.0258053, 0.99951, 0.00281787  
203, 254.7, -213.036, 182.316, 0.999811, 0.00611379, -0.0184737, -0.00569126, 0.999723, 0.0228386, 0.0186082, -0.0227291, 0.999568, 0.00285282  
204, 254.627, -213.017, 182.405, 0.999851, 0.00497705, -0.0165302, -0.00460077, 0.999731, 0.0227236, 0.0166388, -0.0226442, 0.999605, 0.00282841  
205, 254.706, -213.033, 182.34, 0.999788, 0.00565599, -0.0197757, -0.0052192, 0.999743, 0.0220696, 0.0198954, -0.0219617, 0.999561, 0.00288167  
206, 254.635, -213.036, 182.393, 0.999835, 0.00523046, -0.017375, -0.00483659, 0.999732, 0.0226342, 0.0174888, -0.0225464, 0.999593, 0.00279568  
207, 254.685, -212.998, 182.336, 0.999859, 0.00600587, -0.0157023, -0.00558064, 0.99962, 0.026986, 0.0158585, -0.0268946, 0.999512, 0.00281482  
208, 254.646, -213.038, 182.322, 0.99985, 0.0064505, -0.0160825, -0.00603528, 0.999651, 0.0257341, 0.0162429, -0.0256332, 0.999539, 0.00279984  
209, 254.67, -212.994, 182.364, 0.999817, 0.00554894, -0.0183015, -0.00516174, 0.999763, 0.0211369, 0.0184145, -0.0210386, 0.999609, 0.00280816  
210, 254.643, -213.036, 182.417, 0.999873, 0.00553051, -0.0149642, -0.00516469, 0.99969, 0.0243753, 0.0150943, -0.0242949, 0.999591, 0.00290192  
211, 254.656, -213.006, 182.36, 0.999865, 0.00650301, -0.0150993, -0.00609809, 0.999625, 0.0267103, 0.0152674, -0.0266146, 0.999529, 0.00284866  
212, 254.602, -213.03, 182.381, 0.999855, 0.00597226, -0.0159774, -0.00560935, 0.999727, 0.022663, 0.0161084, -0.02257, 0.999615, 0.0028237  
213, 254.628, -212.996, 182.403, 0.999846, 0.00511445, -0.0167969, -0.00473443, 0.999734, 0.0225871, 0.016908, -0.0225041, 0.999604, 0.00285088  
214, 254.691, -213.003, 182.345, 0.999835, 0.00717545, -0.0166622, -0.00674038, 0.999639, 0.0260218, 0.0168429, -0.0259052, 0.999523, 0.00280372  
215, 254.61, -213.007, 182.404, 0.999837, 0.00548436, -0.0171825, -0.00511093, 0.999751, 0.0217025, 0.0172972, -0.0216111, 0.999617, 0.0029144  
216, 254.555, -212.999, 182.387, 0.999844, 0.00627077, -0.0165199, -0.0058899, 0.999718, 0.0230034, 0.0166595, -0.0229025, 0.999599, 0.00287362  
217, 254.71, -212.985, 182.324, 0.999823, 0.00698025, -0.0174609, -0.00655584, 0.999685, 0.0242469, 0.0176247, -0.0241281, 0.999554, 0.0028997  
218, 254.611, -212.968, 182.4, 0.999856, 0.00544554, -0.0160664, -0.00507327, 0.99972, 0.0231211, 0.0161878, -0.0230363, 0.999604, 0.00288666  
219, 254.667, -213.014, 182.352, 0.999822, 0.00685114, -0.0175545, -0.0064103, 0.999666, 0.0250472, 0.0177202, -0.0249303, 0.999532, 0.00279679  
220, 254.611, -212.995, 182.395, 0.999818, 0.00468825, -0.0184906, -0.00430719, 0.999779, 0.0205949, 0.0185831, -0.0205115, 0.999617, 0.00290081  
221, 254.642, -212.991, 182.336, 0.999816, 0.00611407, -0.0181614, -0.00567551, 0.999693, 0.0241021, 0.0183032, -0.0239946, 0.999545, 0.00297015  
222, 254.599, -212.982, 182.381, 0.999844, 0.00589686, -0.0166738, -0.00550428, 0.999709, 0.0234934, 0.0168075, -0.023398, 0.999585, 0.00289387  
223, 254.638, -213.018, 182.386, 0.999851, 0.00554848, -0.0163418, -0.0051827, 0.999737, 0.022341, 0.0164615, -0.022253, 0.999617, 0.002918  
224, 254.631, -213.041, 182.4, 0.999833, 0.00472571, -0.0176814, -0.00436314, 0.999781, 0.0204889, 0.0177743, -0.0204083, 0.999634, 0.00285698  
225, 254.714, -213.05, 182.314, 0.999779, 0.00528651, -0.0203433, -0.00485373, 0.999762, 0.0212643, 0.0204509, -0.0211609, 0.999567, 0.0029205  
226, 254.613, -213.056, 182.397, 0.999858, 0.00523321, -0.0159944, -0.00486706, 0.999727, 0.0228464, 0.0161096, -0.0227653, 0.999611, 0.00290413  
227, 254.676, -212.99, 182.297, 0.999787, 0.00651195, -0.019593, -0.00605962, 0.999716, 0.0230582, 0.0197375, -0.0229345, 0.999542, 0.00287945  
228, 254.649, -213.051, 182.404, 0.999852, 0.00551587, -0.0162977, -0.0051263, 0.999702, 0.0238493, 0.0164244, -0.0237622, 0.999583, 0.0029377  
229, 254.575, -213.001, 182.39, 0.999857, 0.00543755, -0.0160189, -0.00505738, 0.999707, 0.0236787, 0.016143, -0.0235943, 0.999591, 0.00287168  
230, 254.62, -212.992, 182.388, 0.999857, 0.00708029, -0.0153732, -0.00671243, 0.999693, 0.0238497, 0.0155373, -0.0237431, 0.999597, 0.00291856  
231, 254.637, -213.006, 182.39, 0.999842, 0.00568522, -0.0168388, -0.0053024, 0.999728, 0.0226926, 0.0169633, -0.0225997, 0.999601, 0.00291162  
232, 254.687, -213.035, 182.342, 0.999822, 0.0060373, -0.0178729, -0.00559325, 0.999677, 0.0247912, 0.0180168, -0.0246868, 0.999533, 0.00293659  
233, 254.624, -213.033, 182.369, 0.999813, 0.00537305, -0.0185678, -0.00499245, 0.999778, 0.0204836, 0.0186737, -0.0203871, 0.999618, 0.00291717  
234, 254.569, -213.014, 182.382, 0.999866, 0.00583672, -0.0153007, -0.00547431, 0.999706, 0.0236215, 0.0154341, -0.0235346, 0.999604, 0.00273743  
235, 254.572, -213.016, 182.372, 0.999865, 0.00584482, -0.0153429, -0.00548834, 0.999716, 0.023175, 0.015474, -0.0230877, 0.999614, 0.00289443  
236, 254.601, -213.048, 182.37, 0.999821, 0.00547629, -0.018131, -0.00509956, 0.999771, 0.0207597, 0.0182405, -0.0206635, 0.99962, 0.00285864  
237, 254.692, -213.007, 182.334, 0.999853, 0.00613927, -0.0160144, -0.00570632, 0.999621, 0.0269418, 0.0161738, -0.0268465, 0.999509, 0.00299234  
238, 254.595, -213.001, 182.378, 0.999846, 0.00566205, -0.0166228, -0.00528599, 0.999731, 0.0225808, 0.0167462, -0.0224894, 0.999607, 0.00270609  
239, 254.682, -213.018, 182.348, 0.999853, 0.00623802, -0.0159823, -0.00582013, 0.999643, 0.0260618, 0.0161392, -0.0259649, 0.999533, 0.00256768  
240, 254.645, -212.993, 182.343, 0.999858, 0.00731651, -0.0151925, -0.00690061, 0.999605, 0.0272498, 0.0153859, -0.0271411, 0.999513, 0.00295628  
241, 254.616, -212.997, 182.379, 0.999835, 0.00512764, -0.0174226, -0.00473836, 0.99974, 0.0223121, 0.0175325, -0.0222259, 0.999599, 0.00294214  
242, 254.606, -212.973, 182.396, 0.999844, 0.00650398, -0.0163978, -0.00612379, 0.999714, 0.0231296, 0.0165435, -0.0230256, 0.999598, 0.00297126  
243, 254.609, -213.042, 182.423, 0.999865, 0.00493147, -0.0156717, -0.00455307, 0.999699, 0.0240905, 0.0157858, -0.0240159, 0.999587, 0.00298762  
244, 254.654, -213.035, 182.39, 0.999831, 0.0057823, -0.0174396, -0.00541827, 0.999768, 0.0208495, 0.0175561, -0.0207514, 0.999631, 0.00273549  
245, 254.61, -213.022, 182.375, 0.999857, 0.00646598, -0.0156378, -0.00610077, 0.99971, 0.0232906, 0.0157839, -0.0231919, 0.999606, 0.00297625  
246, 254.64, -213.05, 182.304, 0.999819, 0.00761171, -0.0174125, -0.00718109, 0.99967, 0.0246605, 0.0175944, -0.024531, 0.999544, 0.00277876  
247, 254.633, -213.059, 182.403, 0.999857, 0.00512632, -0.0160922, -0.00476195, 0.999733, 0.0226002, 0.0162037, -0.0225203, 0.999615, 0.00292383  
248, 254.703, -213.027, 182.292, 0.999784, 0.00709, -0.0195547, -0.00664922, 0.999724, 0.0225148, 0.019709, -0.0223799, 0.999555, 0.00297431  
249, 254.613, -213.029, 182.344, 0.999839, 0.0056094, -0.0170549, -0.00523604, 0.999747, 0.0218582, 0.0171732, -0.0217653, 0.999616, 0.00274797  
250, 254.691, -213.006, 182.301, 0.999817, 0.00671228, -0.017897, -0.00627275, 0.99968, 0.0245032, 0.0180558, -0.0243865, 0.99954, 0.00296294  
251, 254.623, -213.02, 182.389, 0.999845, 0.00615807, -0.0165192, -0.00576868, 0.999707, 0.023517, 0.0166592, -0.023418, 0.999587, 0.00277488  
252, 254.65, -213, 182.34, 0.999852, 0.00728514, -0.0155712, -0.0068748, 0.999632, 0.0262454, 0.0157567, -0.0261345, 0.999534, 0.00294103  
253, 254.608, -213.023, 182.372, 0.999837, 0.00541771, -0.0172212, -0.00503492, 0.999741, 0.0221939, 0.0173369, -0.0221036, 0.999605, 0.002804  
254, 254.613, -212.994, 182.372, 0.99982, 0.00547852, -0.0181876, -0.0050882, 0.999757, 0.0214386, 0.0183006, -0.0213422, 0.999605, 0.00276101  
255, 254.601, -213.017, 182.386, 0.999865, 0.00673271, -0.0149626, -0.00636048, 0.999673, 0.024787, 0.0151246, -0.0246885, 0.999581, 0.00296599  
256, 254.629, -213.028, 182.369, 0.99984, 0.00596824, -0.0168846, -0.00559321, 0.999739, 0.0221722, 0.0170125, -0.0220742, 0.999612, 0.00277099  
257, 254.697, -213.047, 182.328, 0.999813, 0.00641348, -0.0182641, -0.00597954, 0.999701, 0.0237156, 0.0184107, -0.0236019, 0.999552, 0.00301259  
258, 254.655, -213.02, 182.352, 0.999862, 0.00614496, -0.0154562, -0.00573991, 0.999642, 0.0261161, 0.0156112, -0.0260237, 0.999539, 0.00285005  
259, 254.627, -212.995, 182.387, 0.999838, 0.00563201, -0.0170688, -0.00524116, 0.999725, 0.0228572, 0.0171929, -0.022764, 0.999593, 0.00276434  
260, 254.624, -213.017, 182.377, 0.999823, 0.00466916, -0.0182413, -0.00429354, 0.999779, 0.0205765, 0.0183334, -0.0204945, 0.999622, 0.00282536  
261, 254.651, -213.018, 182.344, 0.999827, 0.00617885, -0.017558, -0.00579396, 0.999744, 0.0218883, 0.0176887, -0.0217827, 0.999606, 0.00280428  
262, 254.604, -213.033, 182.411, 0.999865, 0.00542079, -0.0155265, -0.00505154, 0.999706, 0.0237232, 0.0156505, -0.0236415, 0.999598, 0.00303284  
263, 254.631, -213.051, 182.402, 0.999856, 0.0052173, -0.0161781, -0.00483648, 0.999712, 0.0234898, 0.016296, -0.0234081, 0.999593, 0.00283867  
264, 254.61, -213.061, 182.39, 0.999846, 0.00518665, -0.0167562, -0.0048099, 0.999736, 0.0224466, 0.0168683, -0.0223626, 0.999608, 0.00275518  
265, 254.622, -213.037, 182.378, 0.999827, 0.00523204, -0.0178408, -0.00485771, 0.999769, 0.0209605, 0.0179464, -0.0208702, 0.999621, 0.00297376  
266, 254.622, -213.043, 182.374, 0.999831, 0.00565286, -0.0175006, -0.00528488, 0.999765, 0.0210017, 0.0176152, -0.0209056, 0.999626, 0.00279568  
267, 254.604, -213.024, 182.381, 0.999846, 0.00551887, -0.0166722, -0.00514685, 0.999739, 0.022275, 0.0167907, -0.0221857, 0.999613, 0.00309996  
268, 254.666, -213.029, 182.326, 0.999833, 0.00631071, -0.017161, -0.00588045, 0.99967, 0.0250075, 0.0173132, -0.0249024, 0.99954, 0.00285254  
269, 254.658, -213.031, 182.388, 0.999864, 0.00492374, -0.0157608, -0.00456731, 0.999735, 0.0225715, 0.0158677, -0.0224964, 0.999621, 0.00275907  
270, 254.608, -213.072, 182.384, 0.999855, 0.00508195, -0.0162825, -0.00469209, 0.999704, 0.0238931, 0.0163991, -0.0238133, 0.999582, 0.00301009  
271, 254.584, -213.013, 182.38, 0.999869, 0.00607953, -0.0150155, -0.00572213, 0.999702, 0.0237317, 0.0151553, -0.0236426, 0.999606, 0.00279041  
272, 254.627, -213.018, 182.375, 0.999837, 0.00610081, -0.0169872, -0.00572394, 0.999738, 0.0221463, 0.0171179, -0.0220455, 0.99961, 0.00308637  
273, 254.622, -213.036, 182.379, 0.999822, 0.00587328, -0.0179241, -0.00549803, 0.999766, 0.0209135, 0.0180428, -0.0208112, 0.999621, 0.00279984  
274, 254.701, -213.046, 182.314, 0.999807, 0.00642249, -0.0185651, -0.00598776, 0.999709, 0.0233779, 0.0187099, -0.0232622, 0.999554, 0.00272939  
275, 254.644, -213.036, 182.382, 0.999818, 0.00459431, -0.0184915, -0.00420368, 0.999768, 0.0211084, 0.0185842, -0.0210269, 0.999606, 0.00297819  
