0, 285.971, -240.611, 182.757, 0.99996, 0.0038518, -0.00806734, -0.00377519, 0.999948, 0.00948949, 0.00810347, -0.00945866, 0.999922, 0.0421693  
1, 286.008, -240.625, 182.757, 0.99995, 0.00412614, -0.00906891, -0.00404392, 0.999951, 0.00906566, 0.00910587, -0.00902853, 0.999918, 0.00274464  
2, 285.999, -240.605, 182.765, 0.999952, 0.00347937, -0.00919855, -0.0033966, 0.999954, 0.00899868, 0.00922943, -0.008967, 0.999917, 0.00264063  
3, 286.001, -240.599, 182.737, 0.99996, 0.00426448, -0.00786466, -0.00418504, 0.99994, 0.0100904, 0.00790723, -0.0100571, 0.999918, 0.0028481  
4, 285.968, -240.578, 182.743, 0.999954, 0.00372977, -0.00887365, -0.00364613, 0.999949, 0.0094242, 0.00890835, -0.00939141, 0.999916, 0.00286142  
5, 285.99, -240.622, 182.753, 0.999956, 0.00406869, -0.00849898, -0.00398745, 0.999946, 0.00955293, 0.00853739, -0.00951861, 0.999918, 0.00288583  
6, 285.985, -240.602, 182.753, 0.999953, 0.00446018, -0.00861812, -0.00437958, 0.999947, 0.00934859, 0.00865936, -0.0093104, 0.999919, 0.00283146  
7, 285.981, -240.608, 182.736, 0.999958, 0.00380404, -0.00837159, -0.00372164, 0.999945, 0.0098366, 0.00840855, -0.00980503, 0.999917, 0.00284672  
8, 286.004, -240.579, 182.739, 0.999949, 0.00421234, -0.00913774, -0.00412229, 0.999943, 0.00985173, 0.00917872, -0.00981356, 0.99991, 0.00284145  
9, 285.998, -240.615, 182.744, 0.999957, 0.0043486, -0.00813108, -0.00427362, 0.999948, 0.00921617, 0.00817073, -0.00918103, 0.999924, 0.00282259  
10, 285.994, -240.607, 182.747, 0.99995, 0.00423986, -0.00904248, -0.00415882, 0.999951, 0.00896243, 0.00908004, -0.00892438, 0.999919, 0.00286669  
11, 285.984, -240.61, 182.739, 0.99995, 0.00403646, -0.00915173, -0.00395215, 0.99995, 0.00921206, 0.00918845, -0.00917543, 0.999916, 0.00283285  
12, 286.003, -240.623, 182.737, 0.999953, 0.00501101, -0.00833511, -0.00493951, 0.999951, 0.0085766, 0.00837768, -0.00853503, 0.999928, 0.00287529  
13, 286.014, -240.594, 182.742, 0.999948, 0.00442269, -0.00913681, -0.00434379, 0.999953, 0.00863724, 0.00917459, -0.00859711, 0.999921, 0.00284561  
14, 286.006, -240.611, 182.743, 0.999944, 0.00488926, -0.00933898, -0.00480594, 0.999949, 0.00892329, 0.00938213, -0.00887791, 0.999917, 0.00286613  
15, 286.006, -240.61, 182.757, 0.999941, 0.00412093, -0.010075, -0.00403999, 0.99996, 0.00804081, 0.0101077, -0.00799963, 0.999917, 0.00293825  
16, 286.006, -240.59, 182.739, 0.999947, 0.00577958, -0.00846375, -0.00570118, 0.999941, 0.0092577, 0.00851676, -0.00920896, 0.999921, 0.00282786  
17, 285.996, -240.613, 182.739, 0.99995, 0.00462932, -0.00890591, -0.00454222, 0.999942, 0.00977549, 0.00895065, -0.00973455, 0.999913, 0.00290386  
18, 285.955, -240.598, 182.733, 0.999964, 0.00367609, -0.00759533, -0.00360278, 0.999947, 0.00964359, 0.00763038, -0.00961588, 0.999925, 0.00292605  
19, 285.969, -240.627, 182.722, 0.99996, 0.0036106, -0.00814229, -0.00353408, 0.99995, 0.00939282, 0.00817579, -0.00936368, 0.999923, 0.00288638  
20, 285.962, -240.624, 182.733, 0.999964, 0.00388147, -0.00760783, -0.00380491, 0.999942, 0.0100528, 0.00764641, -0.0100234, 0.999921, 0.00282786  
21, 285.973, -240.586, 182.736, 0.999959, 0.00388608, -0.00816729, -0.00380732, 0.999946, 0.00963644, 0.0082043, -0.00960495, 0.99992, 0.00289221  
22, 286.004, -240.626, 182.746, 0.999954, 0.00449345, -0.00847778, -0.00441369, 0.999946, 0.00940264, 0.00851958, -0.00936479, 0.99992, 0.00282397  
23, 286, -240.623, 182.754, 0.999956, 0.00469482, -0.00811889, -0.00462078, 0.999948, 0.00911358, 0.00816125, -0.00907566, 0.999926, 0.00291578  
24, 286, -240.6, 182.74, 0.999945, 0.00543811, -0.00897816, -0.00536225, 0.99995, 0.00845137, 0.00902367, -0.00840276, 0.999924, 0.00288832  
25, 285.993, -240.599, 182.762, 0.99995, 0.00353198, -0.00938642, -0.00344579, 0.999952, 0.0091822, 0.0094184, -0.00914939, 0.999914, 0.00297265  
26, 285.996, -240.613, 182.759, 0.999956, 0.00484008, -0.00808204, -0.00476521, 0.999946, 0.00925689, 0.0081264, -0.00921797, 0.999924, 0.00292272  
27, 285.98, -240.6, 182.73, 0.999958, 0.00468913, -0.00791029, -0.00461587, 0.999947, 0.00925452, 0.00795326, -0.00921762, 0.999926, 0.00292355  
28, 285.995, -240.602, 182.734, 0.999958, 0.00456829, -0.00790568, -0.00448855, 0.999939, 0.0100744, 0.00795122, -0.0100385, 0.999918, 0.00294519  
29, 285.986, -240.618, 182.751, 0.999953, 0.00437955, -0.00862832, -0.00429746, 0.999946, 0.00950973, 0.0086695, -0.0094722, 0.999918, 0.00293159  
30, 285.978, -240.642, 182.739, 0.999955, 0.00503005, -0.00801709, -0.0049494, 0.999937, 0.0100475, 0.00806712, -0.0100074, 0.999917, 0.00293686  
31, 285.996, -240.619, 182.737, 0.999947, 0.00449299, -0.00927147, -0.00441548, 0.999955, 0.00836408, 0.00930863, -0.00832269, 0.999922, 0.0029671  
32, 285.997, -240.591, 182.733, 0.999944, 0.00467479, -0.00945015, -0.0045946, 0.999953, 0.0084893, 0.00948939, -0.00844541, 0.999919, 0.00281177  
33, 285.987, -240.595, 182.737, 0.999956, 0.00453781, -0.00822792, -0.0044671, 0.999953, 0.00859133, 0.00826652, -0.00855419, 0.999929, 0.00281704  
34, 286.015, -240.598, 182.739, 0.99995, 0.00432864, -0.00898975, -0.00424865, 0.999951, 0.00889848, 0.00902783, -0.00885984, 0.99992, 0.0027685  
35, 285.988, -240.605, 182.753, 0.999955, 0.00419565, -0.00845012, -0.00411718, 0.999948, 0.00928278, 0.00848863, -0.00924758, 0.999921, 0.00281648  
36, 285.981, -240.603, 182.745, 0.999964, 0.0046823, -0.00702305, -0.0046103, 0.999937, 0.0102326, 0.00707052, -0.0101999, 0.999923, 0.00274575  
37, 285.998, -240.611, 182.749, 0.999957, 0.00413906, -0.00833792, -0.00406473, 0.999952, 0.00891125, 0.0083744, -0.00887697, 0.999926, 0.00291051  
38, 285.995, -240.584, 182.741, 0.999956, 0.00449841, -0.00827438, -0.00442166, 0.999947, 0.0092701, 0.00831564, -0.00923311, 0.999923, 0.00278847  
39, 285.993, -240.638, 182.734, 0.99995, 0.00508222, -0.00858787, -0.00500584, 0.999948, 0.00889214, 0.00863261, -0.00884871, 0.999924, 0.00285337  
40, 285.967, -240.656, 182.746, 0.999961, 0.00387598, -0.0078957, -0.00379901, 0.999945, 0.00974001, 0.00793302, -0.00970963, 0.999921, 0.00279568  
41, 285.965, -240.616, 182.723, 0.999961, 0.00443255, -0.00763373, -0.00436087, 0.999946, 0.00938069, 0.0076749, -0.00934703, 0.999927, 0.00306806  
42, 285.99, -240.609, 182.76, 0.999956, 0.00393886, -0.00851374, -0.00385618, 0.999945, 0.00970584, 0.00855151, -0.00967258, 0.999917, 0.0031915  
43, 285.995, -240.602, 182.742, 0.999948, 0.00422829, -0.00924005, -0.00413959, 0.999945, 0.00959796, 0.00928013, -0.00955922, 0.999911, 0.00287529  
44, 285.99, -240.566, 182.74, 0.999946, 0.00420756, -0.00949243, -0.00413151, 0.999959, 0.00801715, 0.00952577, -0.0079775, 0.999923, 0.00298846  
45, 286.011, -240.585, 182.739, 0.999948, 0.00458182, -0.0091177, -0.00449304, 0.999943, 0.00973361, 0.00916177, -0.00969214, 0.999911, 0.00278958  
46, 285.994, -240.612, 182.745, 0.99996, 0.00429021, -0.00787632, -0.00421375, 0.999944, 0.00969882, 0.00791749, -0.00966524, 0.999922, 0.00281232  
47, 285.999, -240.582, 182.719, 0.999954, 0.00405469, -0.00870811, -0.00397053, 0.999945, 0.00966022, 0.0087468, -0.00962519, 0.999915, 0.00280622  
48, 286.001, -240.592, 182.755, 0.999958, 0.00404077, -0.00817092, -0.00395546, 0.999938, 0.0104298, 0.00821255, -0.0103971, 0.999912, 0.00278486  
49, 285.966, -240.608, 182.722, 0.99995, 0.0039168, -0.0092351, -0.00384113, 0.999959, 0.008198, 0.00926683, -0.00816212, 0.999924, 0.00284699  
50, 285.96, -240.646, 182.74, 0.999964, 0.00478491, -0.00703719, -0.00471692, 0.999942, 0.00964626, 0.00708294, -0.00961272, 0.999929, 0.00291828  
51, 285.978, -240.642, 182.75, 0.999958, 0.00474113, -0.00789493, -0.00465953, 0.999936, 0.0103218, 0.00794336, -0.0102846, 0.999916, 0.00280733  
52, 286.006, -240.628, 182.749, 0.999952, 0.00445937, -0.00869991, -0.00437721, 0.999946, 0.00943996, 0.00874153, -0.00940142, 0.999918, 0.00281953  
53, 285.997, -240.618, 182.743, 0.999951, 0.00425655, -0.00888739, -0.0041701, 0.999944, 0.00972261, 0.00892828, -0.00968508, 0.999913, 0.00273244  
54, 285.987, -240.572, 182.743, 0.999951, 0.00424516, -0.00897849, -0.00416439, 0.999951, 0.00899527, 0.00901624, -0.00895743, 0.999919, 0.00302008  
55, 285.999, -240.599, 182.744, 0.999956, 0.00426497, -0.00837467, -0.00418197, 0.999942, 0.00990396, 0.00841643, -0.0098685, 0.999916, 0.00295517  
56, 286.021, -240.586, 182.755, 0.99995, 0.00440312, -0.00896108, -0.00431639, 0.999944, 0.00967433, 0.00900318, -0.00963517, 0.999913, 0.00279013  
57, 286.007, -240.603, 182.742, 0.999946, 0.00495939, -0.00915515, -0.00487911, 0.99995, 0.00877029, 0.00919819, -0.00872515, 0.99992, 0.00280456  
58, 286.002, -240.601, 182.732, 0.999952, 0.00537215, -0.00825335, -0.00529187, 0.999939, 0.00971853, 0.00830505, -0.00967438, 0.999919, 0.00272634  
59, 285.999, -240.628, 182.738, 0.999948, 0.0047666, -0.00907008, -0.00468614, 0.99995, 0.00887169, 0.00911191, -0.00882872, 0.99992, 0.00288028  
60, 286.004, -240.602, 182.749, 0.999947, 0.00421199, -0.00940517, -0.00413306, 0.999956, 0.00839664, 0.00944012, -0.00835732, 0.999921, 0.00297598  
61, 285.964, -240.656, 182.74, 0.999962, 0.00462654, -0.0074076, -0.00456131, 0.999951, 0.00879746, 0.00744794, -0.00876334, 0.999934, 0.00276406  
62, 286.021, -240.672, 182.766, 0.999956, 0.00432377, -0.00832644, -0.00426438, 0.999965, 0.00713762, 0.00835701, -0.0071018, 0.99994, 0.0028886  
63, 286.032, -240.703, 182.731, 0.999957, 0.00426783, -0.00821179, -0.00422713, 0.999979, 0.00496817, 0.00823282, -0.00493325, 0.999954, 0.00272356  
64, 286.05, -240.812, 182.767, 0.999961, 0.00411382, -0.00782406, -0.00409479, 0.999989, 0.00244662, 0.00783404, -0.00241449, 0.999966, 0.00293021  
65, 286.035, -240.894, 182.765, 0.999962, 0.00407193, -0.00770686, -0.00407964, 0.999991, -0.00098416, 0.00770279, 0.00101556, 0.99997, 0.00290053  
66, 286.087, -241.001, 182.794, 0.999948, 0.00464403, -0.00902775, -0.00469931, 0.99997, -0.00611103, 0.0089991, 0.00615314, 0.999941, 0.0028004  
67, 286.084, -241.184, 182.811, 0.999952, 0.00628826, -0.00757636, -0.00636904, 0.999923, -0.010685, 0.00750858, 0.0107327, 0.999914, 0.0028861  
68, 286.114, -241.447, 182.865, 0.999966, 0.00581001, -0.00579742, -0.00590246, 0.999854, -0.01606, 0.00570326, 0.0160937, 0.999854, 0.00271274  
69, 286.092, -241.611, 182.879, 0.999948, 0.00563161, -0.0084894, -0.00582275, 0.999726, -0.0226604, 0.00835946, 0.0227087, 0.999707, 0.00286697  
70, 286.125, -241.653, 182.93, 0.999957, 0.0051169, -0.0077759, -0.00532354, 0.999627, -0.0267911, 0.00763592, 0.0268314, 0.999611, 0.00292632  
71, 286.167, -241.776, 182.961, 0.999945, 0.00607177, -0.00853305, -0.0063501, 0.999436, -0.032979, 0.008328, 0.0330314, 0.99942, 0.00282813  
72, 286.21, -241.986, 182.967, 0.999922, 0.00604231, -0.0109077, -0.00650853, 0.999044, -0.0432252, 0.0106361, 0.0432928, 0.999006, 0.00290136  
73, 286.139, -242.111, 183.004, 0.999945, 0.00762199, -0.00713465, -0.00794255, 0.998908, -0.0460359, 0.00677598, 0.04609, 0.998914, 0.00281066  
74, 286.175, -242.189, 183.005, 0.999946, 0.00733978, -0.00738252, -0.00771448, 0.998613, -0.0520773, 0.00699005, 0.0521315, 0.998616, 0.00290275  
75, 286.144, -242.424, 182.968, 0.999936, 0.00655685, -0.00918313, -0.0070975, 0.998165, -0.0601353, 0.00877199, 0.0601966, 0.998148, 0.00294546  
76, 286.142, -242.4, 182.975, 0.999938, 0.00655607, -0.00896847, -0.00712363, 0.997874, -0.0647889, 0.00852464, 0.0648488, 0.997859, 0.00286558  
77, 286.127, -242.508, 182.965, 0.999939, 0.0061145, -0.00925214, -0.00674288, 0.99756, -0.0694852, 0.0088047, 0.0695433, 0.99754, 0.00282564  
78, 286.123, -242.534, 182.941, 0.999931, 0.00692033, -0.00948614, -0.0076213, 0.997081, -0.075968, 0.00893273, 0.0760351, 0.997065, 0.00280206  
79, 286.053, -242.671, 182.899, 0.999946, 0.00609333, -0.0084753, -0.00675988, 0.996693, -0.0809806, 0.00795382, 0.0810335, 0.99668, 0.00291384  
80, 286.073, -242.597, 182.918, 0.99995, 0.00589739, -0.00811834, -0.00656394, 0.996386, -0.0846897, 0.00758955, 0.0847388, 0.996374, 0.0030897  
81, 286.012, -242.601, 182.839, 0.999941, 0.00513232, -0.00953095, -0.00599265, 0.99569, -0.0925514, 0.00901487, 0.0926031, 0.995662, 0.00280428  
82, 286.136, -242.588, 182.842, 0.999942, 0.00440205, -0.00985507, -0.00533192, 0.995327, -0.0964104, 0.00938462, 0.0964573, 0.995293, 0.0029033  
83, 286.091, -242.492, 182.868, 0.999947, 0.00518371, -0.00889094, -0.00606467, 0.994755, -0.102108, 0.00831501, 0.102156, 0.994734, 0.0027072  
84, 286.027, -242.356, 182.797, 0.999941, 0.0045831, -0.00985687, -0.00563883, 0.993927, -0.109895, 0.00929336, 0.109944, 0.993894, 0.0029058  
85, 286.06, -242.211, 182.826, 0.999945, 0.00386356, -0.00973238, -0.00495133, 0.993428, -0.114349, 0.00922662, 0.114391, 0.993393, 0.00300233  
86, 285.984, -241.914, 182.74, 0.999929, 0.00505821, -0.0107979, -0.00633045, 0.992602, -0.121247, 0.0101047, 0.121307, 0.992564, 0.00274076  
87, 286.077, -241.634, 182.791, 0.999956, 0.00412007, -0.00845458, -0.0051285, 0.992399, -0.122954, 0.00788374, 0.122992, 0.992376, 0.00285559  
88, 286.127, -241.457, 182.772, 0.999948, 0.00471862, -0.0090134, -0.00586087, 0.991334, -0.131231, 0.00831607, 0.131277, 0.991311, 0.00280788  
89, 286.23, -241.179, 182.713, 0.999945, 0.00404289, -0.00970296, -0.00534435, 0.990404, -0.138098, 0.00905154, 0.138142, 0.990371, 0.00276545  
90, 286.301, -240.874, 182.743, 0.999915, 0.00301918, -0.0126716, -0.00484418, 0.989189, -0.146566, 0.0120921, 0.146615, 0.98912, 0.00285171  
91, 286.367, -240.487, 182.74, 0.999901, 0.00439118, -0.0133336, -0.00634971, 0.988574, -0.150603, 0.0125199, 0.150673, 0.988504, 0.00276572  
92, 286.554, -240.194, 182.71, 0.999897, 0.00470303, -0.0135276, -0.00678488, 0.987378, -0.158233, 0.0126127, 0.158309, 0.987309, 0.00307944  
93, 286.664, -239.789, 182.77, 0.999906, 0.00517507, -0.0127147, -0.00718022, 0.986581, -0.163112, 0.0116999, 0.163188, 0.986526, 0.00273799  
94, 286.817, -239.226, 182.728, 0.999913, 0.0061757, -0.0116408, -0.00803866, 0.985841, -0.167489, 0.0104416, 0.167568, 0.985805, 0.0029033  
95, 286.897, -238.696, 182.603, 0.999931, 0.00815247, -0.0084673, -0.00948876, 0.985023, -0.172161, 0.00693694, 0.17223, 0.985032, 0.00282342  
96, 287.086, -238.117, 182.642, 0.999914, 0.00913612, -0.00936874, -0.0106649, 0.983815, -0.178869, 0.00758294, 0.178953, 0.983828, 0.00274603  
97, 287.221, -237.379, 182.662, 0.999941, 0.00946079, -0.00542151, -0.010289, 0.983277, -0.181826, 0.00361062, 0.181871, 0.983316, 0.00277654  
98, 287.362, -236.658, 182.693, 0.999953, 0.0075752, -0.00605285, -0.00856599, 0.982634, -0.185358, 0.00454361, 0.185401, 0.982652, 0.00270803  
99, 287.436, -235.959, 182.767, 0.999967, 0.00641069, -0.00504277, -0.0072511, 0.981808, -0.189735, 0.0037347, 0.189766, 0.981822, 0.00289526  
100, 287.491, -234.981, 182.773, 0.999934, 0.00863705, -0.00762625, -0.00997518, 0.980189, -0.197813, 0.00576665, 0.197876, 0.98021, 0.00284478  
101, 287.429, -233.954, 182.748, 0.999944, 0.00745002, -0.00747555, -0.00876429, 0.980785, -0.194893, 0.00587995, 0.194948, 0.980796, 0.00277904  
102, 287.403, -232.928, 182.746, 0.999943, 0.00693034, -0.00812128, -0.00838431, 0.980675, -0.195465, 0.0066097, 0.195521, 0.980677, 0.00282148  
103, 287.3, -231.776, 182.713, 0.999935, 0.00904032, -0.00696533, -0.010219, 0.980988, -0.193797, 0.00508092, 0.193855, 0.981017, 0.00273993  
104, 287.164, -230.713, 182.647, 0.999917, 0.00918578, -0.00898351, -0.0108113, 0.979329, -0.201985, 0.00694241, 0.202066, 0.979347, 0.00294657  
105, 286.909, -229.521, 182.594, 0.999903, 0.00969381, -0.0100088, -0.0115642, 0.978057, -0.208017, 0.00777271, 0.208113, 0.978074, 0.00282952  
106, 286.782, -228.214, 182.525, 0.999905, 0.0103702, -0.00912856, -0.0120451, 0.977977, -0.208363, 0.00676675, 0.208453, 0.978009, 0.00276461  
107, 286.52, -226.975, 182.4, 0.999907, 0.00994554, -0.00930106, -0.0117005, 0.976931, -0.213234, 0.00696576, 0.213324, 0.976957, 0.0029965  
108, 286.237, -225.52, 182.312, 0.99988, 0.00998028, -0.0118873, -0.0122923, 0.976788, -0.213857, 0.00947705, 0.213978, 0.976793, 0.00270387  
109, 285.955, -224.12, 182.212, 0.999892, 0.00790639, -0.0124076, -0.0104306, 0.975706, -0.218834, 0.010376, 0.21894, 0.975683, 0.00293964  
110, 285.532, -222.549, 182.216, 0.999869, 0.00845409, -0.0138345, -0.0112899, 0.975464, -0.219867, 0.0116363, 0.219995, 0.975432, 0.00284616  
111, 285.142, -220.801, 182.157, 0.99981, 0.00841453, -0.0175707, -0.0120955, 0.975137, -0.221275, 0.0152719, 0.221445, 0.975053, 0.00272689  
112, 284.695, -218.875, 182.226, 0.999786, 0.0100102, -0.018117, -0.0138196, 0.97444, -0.224222, 0.0154094, 0.224425, 0.97437, 0.00297015  
113, 284.243, -217.015, 182.148, 0.999744, 0.0102781, -0.0201613, -0.0145953, 0.973704, -0.22735, 0.0172944, 0.227587, 0.973604, 0.00270359  
114, 283.844, -215.086, 182.188, 0.99965, 0.0110844, -0.0240124, -0.0162776, 0.973459, -0.228284, 0.0208447, 0.228595, 0.973298, 0.00305641  
115, 283.467, -213.174, 182.239, 0.999652, 0.00829917, -0.0250565, -0.0137603, 0.973939, -0.226394, 0.0225246, 0.22666, 0.973714, 0.00296627  
116, 283.012, -211.001, 182.145, 0.999516, 0.0100827, -0.0294359, -0.0163507, 0.975091, -0.221202, 0.0264724, 0.221576, 0.974784, 0.00274991  
117, 282.589, -208.923, 182.093, 0.999396, 0.00799278, -0.0338064, -0.0154383, 0.973978, -0.226117, 0.0311194, 0.226502, 0.973513, 0.00280317  
118, 282.284, -206.657, 182.173, 0.999349, 0.00843602, -0.0350795, -0.0160754, 0.974549, -0.223596, 0.0323005, 0.224014, 0.97405, 0.00272467  
119, 281.877, -204.46, 182.169, 0.999236, 0.00776873, -0.0383041, -0.0163105, 0.973514, -0.228046, 0.0355179, 0.228496, 0.972897, 0.00283257  
120, 281.406, -201.984, 182.223, 0.999311, 0.00835368, -0.0361689, -0.0161907, 0.974873, -0.222173, 0.0334042, 0.222605, 0.974336, 0.00290774  
121, 281.077, -199.472, 182.157, 0.999071, 0.00774306, -0.0423975, -0.0169854, 0.97485, -0.222213, 0.0396106, 0.222727, 0.974076, 0.0027366  
122, 280.599, -197.09, 182.236, 0.999096, 0.00531142, -0.0421747, -0.0143854, 0.975869, -0.217882, 0.0399997, 0.218292, 0.975063, 0.00280123  
123, 280.236, -194.431, 182.318, 0.998968, 0.00661276, -0.0449335, -0.0160815, 0.97675, -0.213779, 0.0424751, 0.214281, 0.975848, 0.00270054  
124, 279.786, -191.814, 182.415, 0.99885, 0.00472671, -0.047712, -0.0150377, 0.975801, -0.218144, 0.0455263, 0.21861, 0.97475, 0.00282924  
125, 279.444, -189.074, 182.401, 0.998839, 0.00310117, -0.0480746, -0.0132536, 0.977107, -0.212336, 0.0463156, 0.212727, 0.976013, 0.00284644  
126, 279.142, -186.386, 182.41, 0.998911, 0.00114367, -0.0466463, -0.0107499, 0.978448, -0.206215, 0.0454052, 0.206492, 0.977394, 0.00279291  
127, 278.857, -183.139, 182.493, 0.998792, -0.0014312, -0.0491273, -0.00837542, 0.979999, -0.198828, 0.0484292, 0.198999, 0.978802, 0.00299428  
128, 278.43, -180.32, 182.325, 0.998696, -0.00209318, -0.0510162, -0.0079561, 0.980575, -0.195982, 0.0504354, 0.196132, 0.97928, 0.00283784  
129, 278.062, -177.13, 182.322, 0.99872, -0.000422731, -0.0505704, -0.00915061, 0.981949, -0.188925, 0.0497374, 0.189146, 0.980689, 0.0029757  
130, 277.844, -174.165, 182.189, 0.998205, -0.00155749, -0.0598706, -0.0103656, 0.980083, -0.198319, 0.058987, 0.198583, 0.978307, 0.00289665  
131, 277.631, -170.859, 182.274, 0.998378, -0.0015002, -0.0569078, -0.00912101, 0.982523, -0.185918, 0.0561921, 0.186136, 0.980916, 0.00280761  
132, 277.591, -167.405, 182.414, 0.998492, -0.00424843, -0.0547329, -0.00523954, 0.985075, -0.172048, 0.0546469, 0.172075, 0.983567, 0.00283895  
133, 277.303, -164.131, 182.466, 0.998676, -0.00270864, -0.0513701, -0.00596434, 0.985781, -0.16793, 0.0510945, 0.168014, 0.98446, 0.00273577  
134, 277.23, -160.458, 182.629, 0.998804, -0.00212294, -0.0488538, -0.00551711, 0.987786, -0.15572, 0.0485877, 0.155803, 0.986592, 0.00281537  
135, 277.207, -157.29, 182.587, 0.998624, -0.00260152, -0.0523767, -0.00588356, 0.986905, -0.161196, 0.0521102, 0.161282, 0.985532, 0.00316015  
136, 277.026, -153.567, 182.575, 0.998709, -0.000977994, -0.0507969, -0.00642599, 0.989354, -0.145388, 0.0503983, 0.145527, 0.98807, 0.00282786  
137, 277.308, -150.093, 182.583, 0.998598, -0.00142156, -0.0529164, -0.0063757, 0.989132, -0.14689, 0.0525502, 0.147021, 0.987736, 0.00286558  
138, 277.307, -146.419, 182.725, 0.998798, -0.00428411, -0.0488196, -0.00237194, 0.990778, -0.135472, 0.0489498, 0.135425, 0.989578, 0.00275213  
139, 277.528, -142.673, 182.675, 0.998563, -0.00417468, -0.0534305, -0.0029277, 0.991224, -0.132163, 0.0535133, 0.132129, 0.989787, 0.00288  
140, 277.445, -138.972, 182.527, 0.998367, -0.00890265, -0.0564304, 0.00184385, 0.99229, -0.123926, 0.0570986, 0.123619, 0.990686, 0.00299456  
141, 277.589, -135.083, 182.617, 0.998675, -0.00883985, -0.0507041, 0.0028086, 0.993032, -0.117809, 0.0513922, 0.11751, 0.991741, 0.0028481  
142, 277.708, -131.294, 182.56, 0.998605, -0.00788833, -0.0522176, 0.00195385, 0.993623, -0.112738, 0.0527739, 0.112478, 0.992252, 0.00286641  
143, 277.848, -127.398, 182.728, 0.999043, -0.00806691, -0.0429854, 0.00384607, 0.995239, -0.0973848, 0.0435663, 0.0971263, 0.994318, 0.00271746  
144, 278.088, -123.619, 182.751, 0.998951, -0.00917492, -0.0448583, 0.00511805, 0.995953, -0.0897294, 0.0455, 0.0894057, 0.994955, 0.00286364  
145, 278.315, -119.623, 182.848, 0.999027, -0.00915412, -0.043143, 0.00557087, 0.996579, -0.0824552, 0.0437502, 0.0821347, 0.99566, 0.00326999  
146, 278.834, -115.691, 182.964, 0.999108, -0.00988552, -0.0410518, 0.00667182, 0.996955, -0.0776957, 0.0416949, 0.0773525, 0.996132, 0.0028678  
147, 278.914, -111.64, 182.852, 0.999447, -0.00467896, -0.0329342, 0.00258932, 0.997997, -0.0632078, 0.033164, 0.0630875, 0.997457, 0.00282675  
148, 279.41, -107.736, 182.827, 0.999516, -0.00364391, -0.0308976, 0.00209052, 0.998739, -0.0501597, 0.0310414, 0.0500708, 0.998263, 0.00274381  
149, 279.9, -103.5, 182.923, 0.999575, -0.00565726, -0.0286065, 0.00447057, 0.999134, -0.0413782, 0.0288158, 0.0412328, 0.998734, 0.002885  
150, 280.659, -99.5833, 183.054, 0.999615, -0.00661374, -0.0269446, 0.00572448, 0.999441, -0.0329476, 0.0271475, 0.0327806, 0.999094, 0.00284422  
151, 280.979, -95.5622, 182.789, 0.99969, -0.00123082, -0.02487, 0.000704235, 0.999776, -0.021171, 0.0248905, 0.0211469, 0.999466, 0.00286558  
152, 281.635, -91.5874, 182.92, 0.999815, -0.00453368, -0.0187128, 0.00441747, 0.999971, -0.00624665, 0.0187406, 0.00616283, 0.999805, 0.00288666  
153, 282.1, -87.6115, 183.036, 0.999949, -0.00561281, -0.00834583, 0.00558004, 0.999977, -0.00394501, 0.00836778, 0.00389824, 0.999957, 0.00281094  
154, 282.735, -83.3995, 182.972, 0.999953, -0.0023058, -0.00938778, 0.00239068, 0.999956, 0.00904067, 0.00936653, -0.00906269, 0.999915, 0.00291994  
155, 283.464, -79.3736, 183.073, 0.999952, -0.0027917, -0.00942517, 0.00296663, 0.999823, 0.0185965, 0.00937159, -0.0186236, 0.999783, 0.00289304  
156, 283.876, -75.1802, 182.969, 0.999995, 0.00214335, -0.00222365, -0.00206873, 0.999452, 0.0330335, 0.00229323, -0.0330288, 0.999452, 0.00280567  
157, 284.436, -71.1732, 182.993, 0.99998, 0.0062502, -0.000522307, -0.00622714, 0.999322, 0.0362812, 0.000748718, -0.0362772, 0.999341, 0.00288305  
158, 284.882, -67.042, 183.061, 0.999935, 0.00928609, 0.00658544, -0.00958082, 0.998885, 0.0462338, -0.00614876, -0.0462939, 0.998909, 0.00285975  
159, 285.579, -62.9729, 182.995, 0.999955, 0.00903632, 0.00289201, -0.0091716, 0.998667, 0.0508001, -0.00242911, -0.0508243, 0.998705, 0.00262676  
160, 285.897, -58.7948, 182.714, 0.999817, 0.0177523, 0.00708305, -0.0181709, 0.99777, 0.0642265, -0.00592709, -0.0643435, 0.99791, 0.00326861  
161, 286.43, -55.029, 182.853, 0.999812, 0.0154584, 0.0116669, -0.0161751, 0.997815, 0.0640653, -0.0106511, -0.064242, 0.997878, 0.00287418  
162, 286.901, -51.4029, 183.002, 0.999816, 0.0113125, 0.0154853, -0.012483, 0.996898, 0.0777072, -0.0145582, -0.0778862, 0.996856, 0.00288056  
163, 287.523, -47.2297, 182.975, 0.999807, 0.0163066, 0.0109484, -0.0172047, 0.996, 0.0876847, -0.00947472, -0.0878562, 0.996088, 0.00270526  
164, 287.795, -43.5296, 182.962, 0.999864, 0.0118852, 0.0114486, -0.0128954, 0.995617, 0.0926318, -0.0102975, -0.0927668, 0.995635, 0.00290608  
165, 288.18, -39.8124, 182.898, 0.999822, 0.0139947, 0.0126719, -0.0152059, 0.994754, 0.101162, -0.0111897, -0.101337, 0.994789, 0.0030198  
166, 288.367, -36.0685, 182.905, 0.999589, 0.0200536, 0.0204791, -0.022228, 0.993442, 0.112156, -0.0180957, -0.112565, 0.99348, 0.00276018  
167, 288.516, -32.3999, 183.002, 0.999459, 0.0219863, 0.0244688, -0.0247708, 0.992463, 0.120019, -0.0216456, -0.12056, 0.99247, 0.00292494  
168, 288.841, -28.6351, 182.983, 0.999372, 0.0250154, 0.0251034, -0.0280679, 0.991155, 0.129706, -0.0216367, -0.13033, 0.991235, 0.00274853  
169, 289.113, -25.1736, 183.009, 0.999358, 0.0272738, 0.0232451, -0.0301816, 0.990298, 0.135644, -0.0193201, -0.136259, 0.990485, 0.002918  
170, 289.327, -21.5192, 182.976, 0.999403, 0.0280886, 0.0201331, -0.0306211, 0.989804, 0.139104, -0.0160206, -0.139637, 0.990073, 0.00291689  
171, 289.46, -18.0409, 182.874, 0.999428, 0.0282629, 0.0185843, -0.0307028, 0.988546, 0.147762, -0.0141952, -0.148248, 0.988848, 0.00272883  
172, 289.399, -14.6539, 182.622, 0.999204, 0.0356023, 0.0179739, -0.0378574, 0.988467, 0.146629, -0.0125463, -0.147193, 0.989028, 0.00288305  
173, 289.505, -11.5016, 182.849, 0.999251, 0.0335304, 0.0193109, -0.0360836, 0.987693, 0.152186, -0.0139704, -0.152768, 0.988163, 0.00269915  
174, 289.531, -8.08027, 182.838, 0.999178, 0.0347085, 0.020965, -0.0375829, 0.986808, 0.157475, -0.0152227, -0.158133, 0.9873, 0.00305059  
175, 289.486, -4.87863, 182.924, 0.998989, 0.0404802, 0.0195714, -0.043072, 0.986469, 0.158188, -0.0129031, -0.158871, 0.987215, 0.00286225  
176, 289.344, -1.56514, 182.912, 0.998867, 0.0444126, 0.0171068, -0.0466615, 0.984639, 0.168251, -0.00937161, -0.168858, 0.985596, 0.00274437  
177, 289.297, 1.31233, 182.93, 0.998859, 0.0444951, 0.0173551, -0.0468237, 0.983933, 0.172286, -0.00941035, -0.172903, 0.984894, 0.00292272  
178, 289.07, 4.63599, 182.748, 0.998732, 0.0469972, 0.0180259, -0.0494669, 0.982645, 0.178777, -0.00931108, -0.179442, 0.983724, 0.00272661  
179, 288.729, 7.00681, 182.969, 0.998823, 0.0465065, 0.0137853, -0.0482369, 0.982241, 0.181316, -0.00510808, -0.181768, 0.983328, 0.00291162  
180, 288.323, 10.2629, 182.951, 0.998621, 0.0512839, 0.0112427, -0.0524881, 0.980084, 0.191522, -0.00119682, -0.191848, 0.981424, 0.00283035  
181, 287.956, 12.8829, 182.841, 0.998633, 0.0519583, 0.00569721, -0.0521147, 0.981352, 0.185021, 0.00402239, -0.185065, 0.982718, 0.00280151  
182, 287.374, 15.8788, 182.768, 0.998561, 0.0533944, 0.00494594, -0.0533605, 0.980323, 0.190049, 0.00529895, -0.19004, 0.981762, 0.00298541  
183, 286.903, 18.4721, 182.654, 0.998417, 0.0561815, 0.00263464, -0.0557042, 0.981293, 0.184287, 0.00776814, -0.184142, 0.982869, 0.00269749  
184, 286.088, 21.0814, 182.44, 0.998411, 0.0563489, -0.000845879, -0.0552281, 0.981319, 0.184288, 0.0112145, -0.183949, 0.982872, 0.00296876  
185, 285.587, 23.6034, 182.397, 0.998512, 0.0538441, -0.00862985, -0.0513058, 0.981232, 0.185879, 0.0184764, -0.18516, 0.982535, 0.00285393  
186, 284.926, 26.0219, 182.396, 0.998304, 0.0570917, -0.0113533, -0.0540017, 0.98116, 0.185497, 0.0217298, -0.184569, 0.982579, 0.00278292  
187, 284.517, 28.4247, 182.575, 0.99835, 0.0547907, -0.0172048, -0.0505873, 0.980838, 0.188145, 0.0271837, -0.186964, 0.981991, 0.00292438  
188, 283.878, 30.4086, 182.654, 0.998192, 0.0567716, -0.0197252, -0.0522593, 0.981972, 0.181659, 0.0296826, -0.1803, 0.983164, 0.00274242  
189, 297.481, 31.1556, 182.581, -0.996878, -0.0624438, 0.0483139, 0.068663, -0.987751, 0.140122, 0.0389723, 0.143002, 0.988955, 0.00279929  
190, 282.76, 34.6697, 182.673, 0.998027, 0.0566868, -0.0269997, -0.0510477, 0.982931, 0.176751, 0.0365583, -0.175024, 0.983885, 0.0029327  
191, 282.246, 36.7733, 182.679, 0.997815, 0.0589873, -0.0297504, -0.0524372, 0.981061, 0.186468, 0.0401862, -0.1845, 0.982011, 0.00276822  
192, 281.674, 38.4927, 182.863, 0.997448, 0.0612388, -0.0366954, -0.0534614, 0.981366, 0.184562, 0.047314, -0.18213, 0.982136, 0.00303922  
193, 281.018, 40.6898, 182.624, 0.997412, 0.0627618, -0.0350794, -0.0552243, 0.981146, 0.18521, 0.0460422, -0.182794, 0.982073, 0.00273466  
194, 280.355, 42.259, 182.472, 0.997357, 0.0631489, -0.0359264, -0.0560709, 0.983482, 0.172105, 0.0462012, -0.169635, 0.984423, 0.00302535  
195, 280.001, 44.0667, 182.441, 0.997363, 0.0595586, -0.0414757, -0.0518384, 0.984551, 0.167249, 0.0507961, -0.164658, 0.985042, 0.0028825  
196, 279.715, 45.4716, 182.418, 0.997464, 0.054392, -0.0459013, -0.0464747, 0.986227, 0.158732, 0.0539029, -0.156196, 0.986254, 0.00272966  
197, 279.424, 46.9951, 182.455, 0.997968, 0.0479339, -0.0419771, -0.040734, 0.986573, 0.15816, 0.0489947, -0.156129, 0.986521, 0.00303478  
198, 279.213, 48.5132, 182.439, 0.998144, 0.0443139, -0.0417667, -0.0373239, 0.987149, 0.155383, 0.0481156, -0.153536, 0.986971, 0.0027047  
199, 279.037, 50.241, 182.553, 0.998058, 0.0402005, -0.0475898, -0.0323074, 0.987175, 0.156341, 0.0532644, -0.1545, 0.986556, 0.00299789  
200, 278.83, 51.4628, 182.534, 0.997506, 0.0443507, -0.0549103, -0.0362961, 0.989506, 0.139859, 0.0605369, -0.137517, 0.988648, 0.00285698  
201, 278.531, 52.9765, 182.51, 0.997761, 0.0432439, -0.0510235, -0.0358275, 0.989751, 0.138239, 0.0564786, -0.136101, 0.989084, 0.00282203  
202, 278.596, 54.1904, 182.533, 0.998031, 0.036517, -0.0509931, -0.0293515, 0.990437, 0.134805, 0.0554281, -0.133042, 0.989559, 0.00305253  
203, 278.603, 55.4511, 182.655, 0.998161, 0.0317136, -0.0516659, -0.0250194, 0.991789, 0.125417, 0.0552191, -0.123894, 0.990758, 0.00272772  
204, 278.576, 56.8614, 182.65, 0.998204, 0.0267135, -0.053614, -0.0201048, 0.992543, 0.120222, 0.0564257, -0.118928, 0.991298, 0.00296294  
205, 278.665, 57.9698, 182.693, 0.998233, 0.0239259, -0.054384, -0.0177808, 0.993684, 0.110793, 0.0566913, -0.10963, 0.992354, 0.00284145  
206, 278.831, 59.1188, 182.768, 0.998303, 0.0199941, -0.0546868, -0.0141067, 0.994266, 0.105998, 0.0564926, -0.105047, 0.992861, 0.00281898  
207, 278.927, 60.0809, 182.829, 0.998342, 0.0180347, -0.0546572, -0.0126568, 0.995186, 0.0971884, 0.0561468, -0.0963355, 0.993764, 0.00302146  
208, 279.078, 61.2466, 182.85, 0.998396, 0.0128157, -0.0551423, -0.00739422, 0.995216, 0.0974209, 0.056127, -0.0968569, 0.993714, 0.00271496  
209, 279.308, 62.2349, 182.904, 0.998388, 0.0078892, -0.0562141, -0.00284686, 0.996008, 0.0892201, 0.0566936, -0.0889162, 0.994424, 0.0028273  
210, 279.397, 63.0927, 182.985, 0.998537, 0.00448467, -0.0538848, 0.000165771, 0.996296, 0.0859907, 0.0540708, -0.0858739, 0.994838, 0.00288305  
211, 279.663, 63.9185, 183.045, 0.998693, 0.00160694, -0.051077, 0.002357, 0.996993, 0.0774522, 0.0510479, -0.0774714, 0.995687, 0.00281482  
212, 279.842, 64.8451, 183.036, 0.998881, -5.73611e-005, -0.0472992, 0.0036093, 0.997176, 0.0750132, 0.0471613, -0.0750999, 0.99606, 0.00281981  
213, 280.062, 65.5092, 183.041, 0.998539, -0.00537203, -0.0537649, 0.0084643, 0.998312, 0.0574533, 0.0533655, -0.0578244, 0.996899, 0.00271524  
214, 280.33, 66.2687, 183.034, 0.998238, -0.00705508, -0.058912, 0.00934857, 0.999205, 0.0387463, 0.0585918, -0.0392288, 0.997511, 0.00281981  
215, 280.644, 67.2517, 182.973, 0.99834, -0.00852893, -0.0569634, 0.0103523, 0.999441, 0.0317906, 0.0566604, -0.0323275, 0.99787, 0.00285199  
216, 281.01, 67.7696, 182.969, 0.998552, -0.0107769, -0.0527124, 0.0117436, 0.999768, 0.0180639, 0.0525054, -0.0186567, 0.998446, 0.00280372  
217, 281.228, 68.7447, 182.787, 0.998939, -0.0113738, -0.0446159, 0.0119061, 0.999861, 0.0116843, 0.0444768, -0.0122031, 0.998936, 0.00282037  
218, 281.75, 69.3367, 182.781, 0.999001, -0.01292, -0.0427777, 0.0130055, 0.999914, 0.00171958, 0.0427518, -0.00227421, 0.999083, 0.00272023  
219, 282.133, 70.3866, 182.825, 0.999286, -0.0131162, -0.0354258, 0.0131057, 0.999914, -0.000527595, 0.0354296, 6.29384e-005, 0.999372, 0.00298984  
220, 282.781, 71.041, 182.792, 0.999345, -0.0154481, -0.032715, 0.0151019, 0.999828, -0.0108029, 0.0328762, 0.0103018, 0.999406, 0.0031865  
221, 283.248, 71.9697, 182.913, 0.999453, -0.0180377, -0.0277162, 0.0176258, 0.999732, -0.015033, 0.0279799, 0.0145362, 0.999503, 0.00280511  
222, 283.939, 72.8108, 182.898, 0.999459, -0.0218142, -0.0246236, 0.0212543, 0.999515, -0.0227743, 0.0251085, 0.0222386, 0.999437, 0.00280983  
223, 284.469, 73.4321, 182.972, 0.999438, -0.0250899, -0.0222099, 0.0242973, 0.999083, -0.0352622, 0.0230742, 0.0347028, 0.999131, 0.00271718  
224, 285.068, 74.5638, 183.051, 0.999457, -0.0287796, -0.01605, 0.0282282, 0.999037, -0.0335825, 0.017001, 0.0331112, 0.999307, 0.00280983  
225, 285.574, 75.229, 183.071, 0.999451, -0.0297172, -0.0146378, 0.0289605, 0.998357, -0.0494491, 0.0160832, 0.0489981, 0.998669, 0.002918  
226, 285.927, 76.5281, 183.15, 0.999508, -0.0301022, -0.0088087, 0.0296448, 0.998402, -0.048121, 0.0102432, 0.0478362, 0.998803, 0.00285837  
227, 286.562, 77.3809, 183.155, 0.999456, -0.0319936, -0.00805985, 0.0314358, 0.997595, -0.0617755, 0.0100169, 0.0614885, 0.998058, 0.00279207  
228, 286.797, 78.4752, 183.185, 0.999447, -0.0331057, -0.00308906, 0.0328463, 0.997481, -0.0628735, 0.00516275, 0.0627373, 0.998017, 0.0029083  
229, 287.302, 79.5261, 183.225, 0.999435, -0.0335343, -0.00224041, 0.0333005, 0.997069, -0.0688824, 0.00454377, 0.0687689, 0.997622, 0.00309053  
230, 287.518, 80.4636, 183.251, 0.999471, -0.0325271, 0.000283665, 0.0324488, 0.996381, -0.0785668, 0.00227291, 0.0785344, 0.996909, 0.00308665  
231, 287.847, 81.6158, 183.315, 0.999463, -0.0327619, 0.000192457, 0.0326668, 0.996079, -0.0822121, 0.00250172, 0.0821743, 0.996615, 0.0028947  
232, 288.09, 82.5816, 183.352, 0.9995, -0.031542, 0.00230149, 0.0316215, 0.995509, -0.0892245, 0.000523161, 0.0892526, 0.996009, 0.00281454  
233, 288.165, 83.5793, 183.443, 0.999453, -0.0319089, 0.00869331, 0.0325628, 0.995406, -0.0900367, -0.0057804, 0.0902705, 0.995901, 0.00275019  
234, 288.417, 84.7491, 183.485, 0.999433, -0.0326365, 0.00822144, 0.0332711, 0.994914, -0.0950783, -0.0050766, 0.095298, 0.995436, 0.00286419  
235, 288.393, 85.8424, 183.448, 0.999499, -0.0307396, 0.00750443, 0.0313603, 0.993926, -0.105489, -0.00421615, 0.105672, 0.994392, 0.00305281  
236, 288.412, 87.2251, 183.417, 0.999552, -0.0291881, 0.00659838, 0.0297424, 0.993308, -0.111599, -0.00329687, 0.111745, 0.993731, 0.00282009  
237, 288.286, 88.1805, 183.358, 0.999583, -0.0286006, 0.00390304, 0.0288643, 0.99172, -0.125133, -0.000291836, 0.125194, 0.992132, 0.00290219  
238, 288.193, 89.9051, 183.285, 0.999653, -0.0261023, 0.00351917, 0.0263374, 0.991826, -0.124848, -0.000231569, 0.124898, 0.99217, 0.00271524  
239, 288.141, 91.0301, 183.176, 0.999651, -0.0263227, 0.00211655, 0.0263674, 0.990495, -0.134998, 0.00145708, 0.135007, 0.990844, 0.00288888  
240, 287.839, 92.5976, 183.057, 0.999744, -0.022504, 0.0025473, 0.0226412, 0.990431, -0.136141, 0.000540782, 0.136163, 0.990686, 0.00317264  
241, 287.782, 93.8589, 182.937, 0.999741, -0.0226481, 0.00222002, 0.0227359, 0.989902, -0.139916, 0.000971243, 0.139931, 0.990161, 0.00291578  
242, 287.457, 95.3224, 182.814, 0.999724, -0.0234083, 0.00198165, 0.0234535, 0.98969, -0.141296, 0.00134628, 0.141303, 0.989965, 0.00292272  
243, 287.098, 96.8692, 182.747, 0.999705, -0.0241776, 0.00227949, 0.0242556, 0.98949, -0.142552, 0.00119103, 0.142565, 0.989785, 0.00283673  
244, 286.698, 98.5396, 182.74, 0.999714, -0.0238875, -0.000810437, 0.0235136, 0.989018, -0.145916, 0.00428709, 0.145855, 0.989297, 0.00291051  
245, 286.321, 100.385, 182.764, 0.999718, -0.023479, -0.00356091, 0.0226941, 0.988733, -0.147957, 0.00699468, 0.147834, 0.988987, 0.0028972  
246, 285.891, 102.095, 182.724, 0.999732, -0.0224589, -0.00562358, 0.0212952, 0.987321, -0.157303, 0.00908512, 0.157141, 0.987534, 0.00274658  
247, 285.35, 104.209, 182.723, 0.999706, -0.0237671, -0.00479114, 0.0227229, 0.98738, -0.156733, 0.00845577, 0.156579, 0.987629, 0.00291246  
248, 284.962, 106.021, 182.636, 0.999715, -0.0224649, -0.00813705, 0.0208458, 0.986499, -0.162437, 0.0116763, 0.162221, 0.986685, 0.00279429  
249, 284.49, 108.027, 182.569, 0.9997, -0.0230876, -0.00815989, 0.0214981, 0.987053, -0.158947, 0.011724, 0.158724, 0.987253, 0.00289498  
250, 284.096, 109.934, 182.578, 0.999669, -0.0241374, -0.0088999, 0.0223467, 0.986134, -0.164439, 0.0127456, 0.164185, 0.986347, 0.00293576  
251, 283.58, 112.03, 182.654, 0.999609, -0.0255576, -0.0113615, 0.0233654, 0.986343, -0.163037, 0.0153732, 0.162707, 0.986555, 0.00288222  
252, 283.049, 113.92, 182.648, 0.999523, -0.0278088, -0.0134491, 0.025261, 0.986423, -0.162269, 0.017779, 0.161851, 0.986655, 0.00284034  
253, 282.628, 116.224, 182.601, 0.999386, -0.0308189, -0.0166838, 0.0277815, 0.986905, -0.15889, 0.0213622, 0.158328, 0.987155, 0.00282675  
254, 282.237, 118.584, 182.463, 0.999301, -0.0318457, -0.0195829, 0.0282581, 0.986377, -0.162057, 0.0244769, 0.161391, 0.986587, 0.00291301  
255, 281.847, 120.921, 182.528, 0.999246, -0.0339921, -0.0187701, 0.0305376, 0.986508, -0.160839, 0.0239841, 0.160145, 0.986802, 0.00291662  
256, 281.492, 123.2, 182.491, 0.99911, -0.0370015, -0.0202481, 0.0333427, 0.986854, -0.158139, 0.0258333, 0.157323, 0.987209, 0.00276572  
257, 281.102, 125.489, 182.538, 0.999111, -0.037005, -0.0201807, 0.0334, 0.987116, -0.156483, 0.0257113, 0.15567, 0.987475, 0.00295795  
258, 280.758, 128.053, 182.616, 0.999063, -0.0377933, -0.0210823, 0.0340667, 0.987258, -0.15544, 0.0266882, 0.154576, 0.98762, 0.00271496  
259, 280.445, 130.482, 182.62, 0.998929, -0.0391677, -0.0246127, 0.034774, 0.986691, -0.158848, 0.0305068, 0.157822, 0.986996, 0.0029058  
260, 280.236, 133.229, 182.623, 0.998876, -0.0410998, -0.0236329, 0.0371222, 0.988086, -0.149357, 0.0294899, 0.148311, 0.988501, 0.00296932  
261, 279.961, 136.07, 182.494, 0.99888, -0.0402351, -0.0248916, 0.0360214, 0.98784, -0.151246, 0.0306743, 0.15018, 0.988183, 0.00281537  
262, 279.736, 138.647, 182.489, 0.998816, -0.040385, -0.0271108, 0.0356451, 0.98696, -0.156967, 0.0330964, 0.155815, 0.987232, 0.00291024  
263, 279.58, 141.501, 182.56, 0.998646, -0.0455482, -0.0251179, 0.0412586, 0.987715, -0.150724, 0.0316745, 0.149483, 0.988257, 0.00270942  
264, 279.44, 144.205, 182.559, 0.998537, -0.048418, -0.0240787, 0.0442956, 0.987792, -0.149349, 0.031016, 0.148064, 0.988491, 0.00291523  
265, 279.275, 147.307, 182.632, 0.998572, -0.048072, -0.0233082, 0.0442298, 0.988587, -0.144015, 0.0299653, 0.142778, 0.989301, 0.00279929  
266, 279.318, 150.278, 182.724, 0.998566, -0.0481887, -0.023307, 0.0444355, 0.989007, -0.141037, 0.0298472, 0.139799, 0.98973, 0.00273937  
267, 279.265, 153.378, 182.715, 0.998651, -0.0464226, -0.0232494, 0.0428314, 0.989723, -0.136431, 0.0293439, 0.135251, 0.990377, 0.00292993  
268, 279.311, 156.452, 182.74, 0.998749, -0.0437446, -0.0242186, 0.0402021, 0.990534, -0.13125, 0.0297309, 0.130113, 0.991053, 0.00269915  
269, 279.299, 159.469, 182.755, 0.998672, -0.0443942, -0.0261499, 0.0405596, 0.990372, -0.132354, 0.0317739, 0.131117, 0.990858, 0.00297209  
270, 279.104, 162.753, 182.909, 0.998847, -0.0441103, -0.0189509, 0.0414078, 0.991306, -0.124889, 0.0242951, 0.12396, 0.99199, 0.00283063  
271, 279.085, 165.938, 182.804, 0.999018, -0.0396943, -0.0196642, 0.0370094, 0.991848, -0.121932, 0.0243439, 0.121085, 0.992344, 0.00278902  
272, 279.087, 169.546, 182.593, 0.999187, -0.0345243, -0.0208075, 0.0319236, 0.992913, -0.114475, 0.0246122, 0.113718, 0.993208, 0.00290413  
273, 279.423, 172.714, 182.575, 0.999064, -0.0344098, -0.0262055, 0.0312917, 0.993294, -0.111297, 0.0298595, 0.110373, 0.993442, 0.0027685  
274, 279.516, 176.335, 182.661, 0.99921, -0.0324915, -0.0228829, 0.0299831, 0.994278, -0.102529, 0.0260833, 0.101762, 0.994467, 0.00290774  
275, 279.605, 179.664, 182.805, 0.99935, -0.0297927, -0.0202905, 0.0276254, 0.994624, -0.0998028, 0.0231548, 0.0991774, 0.9948, 0.00301453  
276, 279.684, 183.127, 182.792, 0.999539, -0.023349, -0.0194121, 0.0215235, 0.995759, -0.08945, 0.0214183, 0.0889909, 0.995802, 0.00277876  
