0, 0, 0, 0, 0, 0, 0, 0, 0, 0, 0, 0, 0, 0.00291634  
1, 0, 0, 0, 0, 0, 0, 0, 0, 0, 0, 0, 0, 0.00271496  
2, 277.485, -227.607, 182.937, 0.999111, 0.0414993, -0.00736288, -0.041544, 0.999119, -0.00602574, 0.00710632, 0.00632627, 0.999955, 0.0026409  
3, 277.457, -227.593, 182.947, 0.999103, 0.0420857, -0.00461864, -0.042107, 0.999102, -0.00462778, 0.00441973, 0.00481811, 0.999979, 0.0028678  
4, 277.472, -227.6, 182.95, 0.999125, 0.0415844, -0.00451357, -0.0416055, 0.999123, -0.00469665, 0.0043143, 0.00488033, 0.999979, 0.00278181  
5, 277.482, -227.58, 182.945, 0.999103, 0.0419874, -0.00555318, -0.0420207, 0.999099, -0.00603022, 0.00529498, 0.00625816, 0.999966, 0.0029144  
6, 277.458, -227.629, 182.912, 0.999123, 0.041659, -0.0042133, -0.0416798, 0.999119, -0.00497357, 0.00400239, 0.00514482, 0.999979, 0.00284117  
7, 277.469, -227.623, 182.915, 0.999104, 0.0418012, -0.00665153, -0.0418474, 0.9991, -0.00697119, 0.00635413, 0.00724329, 0.999954, 0.00281565  
8, 277.511, -227.61, 182.951, 0.999168, 0.0402441, -0.00654854, -0.0402822, 0.999172, -0.00578853, 0.00631016, 0.00604751, 0.999962, 0.00273771  
9, 277.484, -227.605, 182.912, 0.999167, 0.0400644, -0.00771202, -0.04012, 0.999169, -0.00719563, 0.00741732, 0.00749904, 0.999944, 0.00281177  
10, 277.52, -227.645, 182.989, 0.999111, 0.0414464, -0.00775548, -0.0415207, 0.999091, -0.00967739, 0.00734734, 0.0099908, 0.999923, 0.0028531  
11, 277.473, -227.603, 182.92, 0.99911, 0.0413089, -0.00851814, -0.0413785, 0.99911, -0.00816416, 0.0081733, 0.00850936, 0.99993, 0.00296488  
12, 277.437, -227.606, 182.928, 0.999174, 0.0401496, -0.00627291, -0.0401861, 0.999175, -0.00580702, 0.00603459, 0.00605431, 0.999963, 0.00274769  
13, 277.481, -227.627, 182.937, 0.999087, 0.0423359, -0.00574824, -0.0423721, 0.999082, -0.00632195, 0.00547532, 0.00655974, 0.999963, 0.00277654  
14, 277.493, -227.614, 182.941, 0.999144, 0.0409966, -0.00558748, -0.0410233, 0.999147, -0.00475044, 0.00538796, 0.00497559, 0.999973, 0.0027893  
15, 277.456, -227.631, 182.94, 0.999112, 0.0417591, -0.00566608, -0.0417926, 0.999109, -0.00592561, 0.00541358, 0.00615714, 0.999966, 0.00293492  
16, 277.527, -227.589, 182.94, 0.9991, 0.0418596, -0.00682329, -0.041901, 0.999103, -0.00604667, 0.00656406, 0.00632713, 0.999958, 0.00289498  
17, 277.522, -227.618, 182.951, 0.999058, 0.043102, -0.00500101, -0.0431435, 0.999033, -0.00849698, 0.00462994, 0.00870474, 0.999951, 0.00276489  
18, 277.5, -227.583, 182.937, 0.999154, 0.0406124, -0.00649628, -0.040646, 0.99916, -0.00514219, 0.00628199, 0.00540189, 0.999966, 0.00288194  
19, 277.463, -227.644, 182.92, 0.999126, 0.0411945, -0.00715047, -0.0412475, 0.999121, -0.00743122, 0.00683806, 0.00771966, 0.999947, 0.00277571  
20, 277.494, -227.606, 182.93, 0.999157, 0.0401459, -0.00857897, -0.0402086, 0.999165, -0.00727007, 0.00827994, 0.00760889, 0.999937, 0.0029119  
21, 277.439, -227.611, 182.964, 0.999155, 0.0409919, -0.00289075, -0.0409999, 0.999155, -0.0027648, 0.00277497, 0.00288099, 0.999992, 0.00281815  
22, 277.439, -227.595, 182.962, 0.999125, 0.0416263, -0.00403942, -0.0416442, 0.999123, -0.00443958, 0.00385107, 0.00460391, 0.999982, 0.00279596  
23, 277.488, -227.592, 182.966, 0.999151, 0.0407024, -0.00639077, -0.0407422, 0.99915, -0.00623134, 0.00613171, 0.00648642, 0.99996, 0.00279651  
24, 277.466, -227.605, 182.937, 0.999145, 0.0408047, -0.00660958, -0.0408448, 0.999147, -0.00605342, 0.00635694, 0.00631821, 0.99996, 0.00279956  
25, 277.491, -227.604, 182.951, 0.999132, 0.0413639, -0.004866, -0.0413855, 0.999133, -0.00443182, 0.00467847, 0.00462936, 0.999978, 0.0027868  
26, 277.457, -227.604, 182.938, 0.999143, 0.0410905, -0.00508021, -0.0411181, 0.999139, -0.00545602, 0.00485165, 0.00566023, 0.999972, 0.00293465  
27, 277.464, -227.653, 182.917, 0.999119, 0.0416294, -0.00522435, -0.0416594, 0.999115, -0.00578136, 0.00497905, 0.00599391, 0.99997, 0.00269915  
28, 277.561, -227.626, 182.993, 0.999093, 0.0420293, -0.00690713, -0.0420893, 0.999075, -0.00877758, 0.00653183, 0.00906033, 0.999938, 0.00274575  
29, 277.469, -227.605, 182.923, 0.999102, 0.0420758, -0.00501758, -0.0421047, 0.999096, -0.00578841, 0.00476949, 0.00599447, 0.999971, 0.0027868  
30, 277.453, -227.624, 182.94, 0.999165, 0.0404177, -0.00600318, -0.0404567, 0.99916, -0.00650976, 0.00573503, 0.00674719, 0.999961, 0.00283368  
31, 277.527, -227.612, 182.934, 0.999062, 0.0427802, -0.00672338, -0.0428412, 0.999039, -0.0092197, 0.0063225, 0.00949909, 0.999935, 0.00278015  
32, 277.459, -227.608, 182.921, 0.999163, 0.0405307, -0.0055195, -0.0405619, 0.999161, -0.00565632, 0.00528561, 0.00587547, 0.999969, 0.00269832  
33, 277.462, -227.612, 182.934, 0.999126, 0.0412878, -0.00653165, -0.0413252, 0.999129, -0.00570952, 0.00629023, 0.00597445, 0.999962, 0.00277183  
34, 277.475, -227.607, 182.946, 0.99913, 0.041431, -0.00482738, -0.0414531, 0.99913, -0.00457538, 0.00463361, 0.00477151, 0.999978, 0.00271247  
35, 277.462, -227.634, 182.963, 0.999159, 0.0406581, -0.00523312, -0.0406865, 0.999157, -0.00544261, 0.00500742, 0.00565095, 0.999971, 0.00276184  
36, 277.47, -227.587, 182.957, 0.999125, 0.0415069, -0.00520099, -0.0415334, 0.999124, -0.00510314, 0.00498462, 0.00531469, 0.999973, 0.00291578  
37, 277.508, -227.594, 182.94, 0.999156, 0.0405606, -0.00653187, -0.0405986, 0.999159, -0.00578649, 0.00629167, 0.00604679, 0.999962, 0.00268861  
38, 277.475, -227.606, 182.928, 0.999145, 0.0408792, -0.00619564, -0.0409157, 0.999145, -0.00588221, 0.00594988, 0.00613068, 0.999964, 0.00278209  
39, 277.554, -227.641, 182.945, 0.9991, 0.0418857, -0.00665748, -0.0419378, 0.999089, -0.00789347, 0.00632079, 0.00816556, 0.999947, 0.0027219  
40, 277.472, -227.631, 182.91, 0.99913, 0.0408597, -0.00831281, -0.0409307, 0.999125, -0.00855643, 0.00795592, 0.00888924, 0.999929, 0.00276794  
41, 277.477, -227.602, 182.937, 0.999124, 0.041432, -0.00593767, -0.0414659, 0.999124, -0.00570033, 0.00569629, 0.00594154, 0.999966, 0.00306446  
42, 277.43, -227.614, 182.912, 0.999134, 0.0412204, -0.0056968, -0.0412545, 0.999131, -0.00600737, 0.00544422, 0.00623718, 0.999966, 0.00271829  
43, 277.497, -227.607, 182.935, 0.999161, 0.0403115, -0.00720647, -0.0403546, 0.999168, -0.00593688, 0.00696114, 0.00622272, 0.999956, 0.00276378  
44, 277.548, -227.621, 183.008, 0.999075, 0.0425452, -0.00630038, -0.042593, 0.999063, -0.00766473, 0.00596838, 0.00792599, 0.999951, 0.0027452  
45, 277.467, -227.611, 182.952, 0.99915, 0.040992, -0.00443334, -0.0410094, 0.999151, -0.00391827, 0.00426896, 0.00409675, 0.999982, 0.00277404  
46, 277.458, -227.616, 182.939, 0.999102, 0.0418684, -0.00656378, -0.0419123, 0.999099, -0.00669726, 0.00627747, 0.00696634, 0.999956, 0.002766  
47, 277.461, -227.625, 182.951, 0.999189, 0.0399229, -0.00522458, -0.0399495, 0.999189, -0.00508875, 0.00501719, 0.00529335, 0.999973, 0.00271857  
48, 277.492, -227.598, 182.936, 0.999122, 0.0412353, -0.00744564, -0.0412859, 0.999124, -0.00677146, 0.0071599, 0.00707291, 0.999949, 0.00279152  
49, 277.459, -227.618, 182.931, 0.999171, 0.0401173, -0.00685825, -0.0401598, 0.999174, -0.00616465, 0.00660528, 0.00643497, 0.999957, 0.0027452  
50, 277.477, -227.613, 182.928, 0.999159, 0.0406148, -0.00560434, -0.0406418, 0.999162, -0.00479811, 0.00540477, 0.00502184, 0.999973, 0.0027807  
51, 277.483, -227.61, 182.91, 0.999091, 0.0423244, -0.0050492, -0.042352, 0.999088, -0.00549415, 0.00481206, 0.005703, 0.999972, 0.00270193  
52, 277.45, -227.6, 182.926, 0.999159, 0.0406694, -0.00528911, -0.0406968, 0.999158, -0.00517234, 0.0050743, 0.00538324, 0.999973, 0.00422084  
53, 277.465, -227.619, 182.927, 0.999079, 0.042293, -0.00725697, -0.0423526, 0.999068, -0.0082765, 0.00690018, 0.00857622, 0.999939, 0.00274769  
54, 277.455, -227.613, 182.939, 0.999123, 0.0414403, -0.00592219, -0.0414797, 0.999117, -0.00668326, 0.00564, 0.00692306, 0.99996, 0.00304532  
55, 277.439, -227.618, 182.948, 0.999147, 0.0411066, -0.00391436, -0.0411259, 0.999142, -0.00497122, 0.00370665, 0.00512796, 0.99998, 0.00286114  
56, 277.486, -227.595, 182.933, 0.999121, 0.0412313, -0.0075755, -0.0412844, 0.999123, -0.0069908, 0.00728062, 0.0072974, 0.999947, 0.00270942  
57, 277.468, -227.61, 182.965, 0.999141, 0.0409646, -0.00628538, -0.0410002, 0.999143, -0.00564465, 0.00604876, 0.00589751, 0.999964, 0.00278126  
58, 277.504, -227.606, 182.929, 0.999123, 0.0411494, -0.00778021, -0.0411978, 0.999132, -0.00616689, 0.00751969, 0.00648201, 0.999951, 0.00274991  
59, 277.499, -227.634, 182.978, 0.999088, 0.0424756, -0.00438294, -0.0425041, 0.999074, -0.00663734, 0.00409696, 0.00681757, 0.999968, 0.00278542  
60, 277.478, -227.59, 182.921, 0.99908, 0.0421842, -0.0077869, -0.0422469, 0.999075, -0.00806938, 0.00743929, 0.00839093, 0.999937, 0.00285726  
61, 277.448, -227.631, 182.946, 0.999148, 0.0410088, -0.00474117, -0.0410299, 0.999148, -0.00444415, 0.00455489, 0.00463489, 0.999979, 0.00268251  
62, 277.474, -227.64, 182.938, 0.999167, 0.0402144, -0.0069121, -0.0402539, 0.999173, -0.00566366, 0.00667863, 0.00593718, 0.99996, 0.0028101  
63, 277.502, -227.59, 182.942, 0.999151, 0.0407055, -0.00641816, -0.0407431, 0.999153, -0.00585103, 0.00617455, 0.00610755, 0.999962, 0.00273521  
64, 277.493, -227.626, 182.943, 0.999169, 0.040234, -0.00652491, -0.0402702, 0.999174, -0.00550747, 0.00629793, 0.00576565, 0.999964, 0.00281232  
65, 277.485, -227.597, 182.947, 0.999156, 0.040576, -0.00633291, -0.0406081, 0.999162, -0.00503973, 0.00612312, 0.00529265, 0.999967, 0.00271885  
66, 277.511, -227.597, 182.966, 0.999125, 0.0413169, -0.00642568, -0.0413552, 0.999127, -0.00593809, 0.00617473, 0.00619864, 0.999962, 0.00268417  
67, 277.457, -227.598, 182.95, 0.99911, 0.0419269, -0.00470157, -0.041952, 0.999105, -0.00536822, 0.0044723, 0.00556068, 0.999975, 0.0036034  
68, 277.43, -227.627, 182.949, 0.999109, 0.0419882, -0.00421254, -0.0420057, 0.999109, -0.00414748, 0.00403464, 0.00432074, 0.999983, 0.0028972  
69, 277.482, -227.61, 182.972, 0.999172, 0.0400499, -0.00713576, -0.0400918, 0.999179, -0.00581874, 0.00689686, 0.0061, 0.999958, 0.00287529  
70, 277.462, -227.65, 182.96, 0.999159, 0.0407619, -0.0044803, -0.0407808, 0.999159, -0.0042033, 0.0043052, 0.00438248, 0.999981, 0.00283673  
71, 277.502, -227.576, 182.949, 0.999122, 0.0413491, -0.00669406, -0.0413856, 0.999129, -0.00540283, 0.00646483, 0.00567513, 0.999963, 0.00282675  
72, 277.467, -227.611, 182.905, 0.999126, 0.0411991, -0.00705882, -0.0412458, 0.999127, -0.00660746, 0.00678044, 0.00689283, 0.999953, 0.00277432  
73, 277.467, -227.622, 182.939, 0.999172, 0.0402957, -0.00562718, -0.0403241, 0.999174, -0.00502886, 0.00541989, 0.00525161, 0.999972, 0.00271469  
74, 277.457, -227.603, 182.951, 0.999115, 0.0418711, -0.00402903, -0.0418887, 0.999113, -0.00440095, 0.00384118, 0.00456583, 0.999982, 0.00284838  
75, 277.531, -227.59, 182.925, 0.999145, 0.0407146, -0.0072235, -0.0407615, 0.999148, -0.006482, 0.00695344, 0.0067709, 0.999953, 0.00287224  
76, 277.475, -227.618, 182.926, 0.999155, 0.0407087, -0.00570776, -0.0407425, 0.999152, -0.00593868, 0.00546116, 0.00616621, 0.999966, 0.00268667  
77, 277.468, -227.616, 182.936, 0.999148, 0.0408128, -0.00617188, -0.0408487, 0.999148, -0.00581121, 0.00592945, 0.00605837, 0.999964, 0.00278542  
78, 277.514, -227.579, 182.942, 0.999137, 0.0410786, -0.00620015, -0.0411097, 0.999142, -0.00497, 0.00599067, 0.00522059, 0.999968, 0.00271663  
79, 277.486, -227.593, 182.958, 0.999122, 0.0416262, -0.00483502, -0.0416471, 0.999123, -0.004319, 0.004651, 0.00451657, 0.999979, 0.00279596  
80, 277.473, -227.622, 182.938, 0.999176, 0.0399728, -0.00699446, -0.0400174, 0.999179, -0.00635997, 0.00673449, 0.00663463, 0.999955, 0.00286586  
81, 277.441, -227.622, 182.918, 0.999108, 0.0417177, -0.0065953, -0.041763, 0.999104, -0.00688492, 0.00630216, 0.00715421, 0.999955, 0.00275185  
82, 277.436, -227.652, 182.925, 0.999126, 0.0413998, -0.00576813, -0.0414345, 0.999123, -0.00602973, 0.00551344, 0.00626346, 0.999965, 0.00287917  
83, 277.478, -227.61, 182.936, 0.999195, 0.0395783, -0.00648531, -0.0396143, 0.9992, -0.00552894, 0.0062613, 0.0057814, 0.999964, 0.00281205  
84, 277.508, -227.602, 182.944, 0.999135, 0.0411926, -0.00577121, -0.0412206, 0.999138, -0.00481512, 0.00556789, 0.00504885, 0.999972, 0.00279041  
85, 277.446, -227.646, 182.927, 0.999141, 0.0410496, -0.00558705, -0.0410876, 0.999132, -0.00685733, 0.00530071, 0.007081, 0.999961, 0.00287196  
86, 277.489, -227.595, 182.923, 0.999114, 0.0416776, -0.00581479, -0.0417114, 0.999113, -0.00580503, 0.00556769, 0.00604243, 0.999966, 0.00276212  
87, 277.464, -227.618, 182.952, 0.999181, 0.0401765, -0.00477103, -0.0401986, 0.999181, -0.00463028, 0.00458109, 0.00481827, 0.999978, 0.00283091  
88, 277.483, -227.594, 182.913, 0.999086, 0.0423764, -0.00557822, -0.0424109, 0.999081, -0.00622631, 0.00530925, 0.0064572, 0.999965, 0.00278625  
89, 277.515, -227.568, 182.938, 0.9991, 0.0417276, -0.00755869, -0.0417794, 0.999104, -0.00682555, 0.0072671, 0.00713521, 0.999948, 0.00294435  
90, 277.451, -227.626, 182.963, 0.999148, 0.0409252, -0.005375, -0.0409523, 0.999148, -0.00503535, 0.00516435, 0.00525117, 0.999973, 0.00283368  
91, 277.455, -227.641, 182.936, 0.999145, 0.041078, -0.00459334, -0.0411024, 0.999141, -0.00534048, 0.00437001, 0.00552471, 0.999975, 0.00284394  
92, 277.503, -227.599, 182.943, 0.99913, 0.041201, -0.00646518, -0.0412383, 0.999133, -0.00576018, 0.00622225, 0.00602179, 0.999963, 0.00283923  
93, 277.453, -227.619, 182.947, 0.999139, 0.0412266, -0.00467348, -0.0412498, 0.999136, -0.00497335, 0.00446441, 0.00516185, 0.999977, 0.00266559  
94, 277.466, -227.6, 182.946, 0.999134, 0.0413578, -0.00461643, -0.0413787, 0.999133, -0.00453079, 0.00442504, 0.00471788, 0.999979, 0.00294602  
95, 277.489, -227.615, 182.955, 0.999148, 0.0408417, -0.00596551, -0.0408745, 0.999149, -0.00549446, 0.00573604, 0.00573361, 0.999967, 0.00280178  
96, 277.459, -227.616, 182.942, 0.999157, 0.0408088, -0.00436554, -0.0408286, 0.999156, -0.00454478, 0.00417639, 0.00471919, 0.99998, 0.00291745  
97, 277.481, -227.588, 182.932, 0.999142, 0.0409113, -0.00649454, -0.0409499, 0.999144, -0.00591838, 0.00624684, 0.00617925, 0.999961, 0.00287612  
98, 277.479, -227.628, 182.938, 0.999185, 0.0397826, -0.00686938, -0.039824, 0.999189, -0.00599567, 0.00662528, 0.00626434, 0.999958, 0.00275185  
99, 277.471, -227.618, 182.946, 0.999139, 0.0410879, -0.00573209, -0.0411236, 0.999134, -0.00626532, 0.0054697, 0.00649566, 0.999964, 0.00265699  
100, 277.492, -227.589, 182.92, 0.999133, 0.0411374, -0.00643387, -0.0411714, 0.999138, -0.00524571, 0.00621253, 0.00550605, 0.999966, 0.00274964  
101, 277.459, -227.618, 182.942, 0.999149, 0.0409276, -0.00510514, -0.0409549, 0.999147, -0.0053623, 0.00488131, 0.00556681, 0.999973, 0.00262704  
102, 277.557, -227.669, 182.947, 0.999094, 0.041811, -0.0078903, -0.0418955, 0.999063, -0.0108715, 0.00742836, 0.0111922, 0.99991, 0.00279346  
103, 277.48, -227.631, 182.934, 0.999148, 0.0405106, -0.00793023, -0.0405604, 0.999158, -0.00622604, 0.00767133, 0.00654239, 0.999949, 0.00280511  
104, 277.481, -227.61, 182.907, 0.999109, 0.041469, -0.00780459, -0.0415314, 0.999105, -0.00800934, 0.00746547, 0.00832634, 0.999937, 0.00296599  
105, 277.49, -227.597, 182.911, 0.999123, 0.041148, -0.00778513, -0.0412022, 0.999127, -0.0069324, 0.00749308, 0.00724708, 0.999946, 0.00294851  
106, 277.462, -227.61, 182.936, 0.999132, 0.0413455, -0.00514999, -0.041371, 0.999132, -0.00496601, 0.00494019, 0.00517476, 0.999974, 0.00276461  
107, 277.492, -227.579, 182.949, 0.999174, 0.0402597, -0.00552339, -0.0402829, 0.99918, -0.00414781, 0.00535187, 0.00436688, 0.999976, 0.00277294  
108, 277.451, -227.61, 182.924, 0.999159, 0.0405758, -0.00591916, -0.0406113, 0.999157, -0.00600809, 0.00567039, 0.00624342, 0.999964, 0.00276988  
109, 277.503, -227.612, 182.946, 0.99916, 0.0402864, -0.00753671, -0.0403335, 0.999167, -0.00621542, 0.00728003, 0.00651418, 0.999952, 0.00293104  
110, 277.455, -227.629, 182.925, 0.999132, 0.0412869, -0.00555613, -0.0413193, 0.999129, -0.00584539, 0.00530995, 0.00606989, 0.999967, 0.00280012  
111, 277.442, -227.624, 182.928, 0.999166, 0.0404616, -0.00552456, -0.0404918, 0.999165, -0.00547509, 0.00529842, 0.00569422, 0.99997, 0.00296433  
112, 277.461, -227.63, 182.905, 0.999118, 0.041529, -0.00615579, -0.041567, 0.999117, -0.00617105, 0.00589408, 0.00642149, 0.999962, 0.00280234  
113, 277.44, -227.627, 182.93, 0.999099, 0.0419556, -0.00639179, -0.0419967, 0.999097, -0.00643114, 0.0061162, 0.00669378, 0.999959, 0.00281593  
114, 277.495, -227.6, 182.924, 0.999125, 0.0414159, -0.00583031, -0.0414481, 0.999125, -0.0055148, 0.00559681, 0.00575163, 0.999968, 0.00286003  
115, 277.49, -227.568, 182.939, 0.999156, 0.0406622, -0.0057852, -0.0406882, 0.999162, -0.0044491, 0.00559945, 0.00468073, 0.999973, 0.00277959  
116, 277.474, -227.59, 182.924, 0.999131, 0.0412667, -0.00590581, -0.0412958, 0.999135, -0.00488376, 0.00569917, 0.0051234, 0.999971, 0.00284672  
117, 277.483, -227.604, 182.907, 0.999098, 0.0417492, -0.00772568, -0.0418096, 0.999095, -0.00782772, 0.00739188, 0.00814367, 0.99994, 0.00279263  
118, 277.474, -227.614, 182.938, 0.999152, 0.0406133, -0.00681211, -0.0406609, 0.999148, -0.00700256, 0.00652192, 0.0072736, 0.999952, 0.003075  
119, 277.45, -227.589, 182.937, 0.999138, 0.0412701, -0.00445469, -0.041291, 0.999136, -0.00470664, 0.0042566, 0.00488652, 0.999979, 0.00274658  
120, 277.477, -227.604, 182.924, 0.999117, 0.0415075, -0.00652871, -0.0415544, 0.99911, -0.00721782, 0.00622331, 0.00748274, 0.999953, 0.00278292  
121, 277.49, -227.579, 182.936, 0.99912, 0.0415948, -0.00540147, -0.0416198, 0.999123, -0.00459394, 0.00520565, 0.0048147, 0.999975, 0.00269333  
122, 277.462, -227.609, 182.901, 0.999082, 0.0424908, -0.00552003, -0.042522, 0.999079, -0.00566511, 0.00527424, 0.00589463, 0.999969, 0.00275185  
123, 277.514, -227.608, 182.928, 0.999138, 0.0408485, -0.00744233, -0.0408952, 0.999144, -0.00623341, 0.00718133, 0.00653239, 0.999953, 0.00270304  
124, 277.481, -227.609, 182.926, 0.999139, 0.0409044, -0.00694943, -0.0409471, 0.999143, -0.00611202, 0.00669347, 0.00639132, 0.999957, 0.00291634  
125, 277.5, -227.6, 182.924, 0.999153, 0.0406774, -0.00625841, -0.0407179, 0.99915, -0.00647495, 0.00598971, 0.00672429, 0.999959, 0.00278098  
126, 277.465, -227.607, 182.951, 0.999164, 0.0404011, -0.00618621, -0.04044, 0.999162, -0.00629846, 0.00592656, 0.00654337, 0.999961, 0.00269888  
127, 277.471, -227.572, 182.94, 0.999134, 0.0412084, -0.00579003, -0.0412423, 0.999132, -0.00585426, 0.00554376, 0.00608798, 0.999966, 0.00275075  
128, 277.48, -227.6, 182.934, 0.999119, 0.0414959, -0.00632581, -0.0415361, 0.999117, -0.00635207, 0.00605664, 0.00660922, 0.99996, 0.00270248  
129, 277.446, -227.538, 182.955, 0.999135, 0.0412252, -0.00545244, -0.0412507, 0.999138, -0.00465742, 0.00525573, 0.00487831, 0.999974, 0.0027047  
130, 277.457, -227.545, 182.911, 0.999109, 0.0417552, -0.00610468, -0.0417938, 0.999106, -0.00634119, 0.00583445, 0.00659068, 0.999961, 0.00279235  
131, 277.498, -227.657, 182.93, 0.999117, 0.0417388, -0.00485395, -0.041774, 0.9991, -0.0073931, 0.004541, 0.00758934, 0.999961, 0.00298125  
132, 277.535, -227.742, 182.896, 0.999094, 0.0419586, -0.00711659, -0.042044, 0.99904, -0.0123123, 0.00659316, 0.0126003, 0.999899, 0.00314462  
133, 277.533, -227.799, 182.905, 0.999092, 0.0419515, -0.00742072, -0.0420635, 0.998993, -0.0156408, 0.00675709, 0.0159387, 0.99985, 0.00300871  
134, 277.547, -227.9, 182.956, 0.999039, 0.0431807, -0.00752255, -0.043322, 0.998866, -0.0197584, 0.00666083, 0.0200653, 0.999776, 0.0030922  
135, 277.64, -227.995, 182.963, 0.99905, 0.0426263, -0.00910516, -0.0428265, 0.998816, -0.0230551, 0.00811163, 0.0234231, 0.999693, 0.00305392  
136, 277.616, -228.112, 182.993, 0.999014, 0.043636, -0.00817712, -0.0438335, 0.998706, -0.0257717, 0.00704197, 0.0261047, 0.999634, 0.00300066  
137, 277.639, -228.229, 183, 0.999053, 0.0428385, -0.00767123, -0.0430345, 0.998694, -0.0275358, 0.00648162, 0.0278398, 0.999591, 0.0028126  
138, 277.638, -228.299, 182.973, 0.998953, 0.0449614, -0.00847594, -0.045221, 0.998417, -0.0334304, 0.00695945, 0.0337786, 0.999405, 0.00273993  
139, 277.65, -228.443, 183.032, 0.998942, 0.0447786, -0.0104514, -0.0451546, 0.998217, -0.0390454, 0.00868433, 0.0394761, 0.999183, 0.00296349  
140, 277.61, -228.632, 183.067, 0.998893, 0.0455492, -0.0117199, -0.0460463, 0.997862, -0.046377, 0.00958239, 0.0468653, 0.998855, 0.00277183  
141, 277.568, -228.833, 183.067, 0.998919, 0.0455285, -0.00938867, -0.0459436, 0.997685, -0.0501464, 0.00708384, 0.0505236, 0.998698, 0.0026778  
142, 277.58, -228.811, 183.097, 0.998935, 0.04524, -0.00910697, -0.0456431, 0.997684, -0.0504225, 0.00680477, 0.0507844, 0.998686, 0.00279485  
143, 277.632, -228.863, 183.12, 0.998863, 0.0462626, -0.0115424, -0.0468613, 0.997185, -0.058539, 0.00880169, 0.0590133, 0.998218, 0.00275241  
144, 277.643, -228.942, 183.137, 0.99877, 0.0486379, -0.0096598, -0.0491412, 0.9969, -0.0614441, 0.00664134, 0.0618432, 0.998064, 0.00274797  
145, 277.577, -229.143, 183.112, 0.998735, 0.0491744, -0.0105431, -0.0497799, 0.996438, -0.0680662, 0.00715842, 0.0685049, 0.997625, 0.00278459  
146, 277.617, -229.126, 183.135, 0.998748, 0.0488142, -0.0109655, -0.0494794, 0.996174, -0.0720385, 0.00740703, 0.0724909, 0.997342, 0.00274825  
147, 277.633, -229.197, 183.141, 0.998708, 0.0495545, -0.0112571, -0.0502734, 0.995793, -0.0766092, 0.00741337, 0.0770761, 0.996998, 0.00277515  
148, 277.619, -229.252, 183.147, 0.998707, 0.0496685, -0.0107946, -0.0503874, 0.995368, -0.0818777, 0.00667785, 0.0823158, 0.996584, 0.00273133  
149, 277.621, -229.242, 183.137, 0.998666, 0.0498531, -0.0134537, -0.0508552, 0.994737, -0.0889501, 0.00894847, 0.0895156, 0.995945, 0.00277737  
150, 277.634, -229.166, 183.145, 0.998625, 0.0509514, -0.0123103, -0.0518702, 0.994409, -0.0919824, 0.00755481, 0.0924945, 0.995685, 0.0028065  
151, 277.632, -229.138, 183.109, 0.998623, 0.0504508, -0.0143618, -0.0516266, 0.993765, -0.0988204, 0.00928673, 0.0994258, 0.995002, 0.0027513  
152, 277.539, -229.154, 183.095, 0.998573, 0.0506706, -0.0168938, -0.0522206, 0.992616, -0.109481, 0.0112216, 0.110207, 0.993845, 0.00277931  
153, 277.602, -228.993, 183.106, 0.998587, 0.0511687, -0.0143403, -0.0524273, 0.992695, -0.108667, 0.00867514, 0.109265, 0.993975, 0.00274853  
154, 277.593, -228.846, 183.035, 0.998558, 0.0511481, -0.0163067, -0.0526917, 0.99193, -0.115319, 0.0102768, 0.116012, 0.993195, 0.00280317  
155, 277.57, -228.66, 183.076, 0.998604, 0.0503663, -0.015909, -0.0519176, 0.991389, -0.120215, 0.00971724, 0.120873, 0.99262, 0.00279457  
156, 277.535, -228.502, 183.026, 0.998503, 0.0519809, -0.0170424, -0.0537364, 0.990356, -0.127702, 0.01024, 0.128427, 0.991666, 0.00268307  
157, 277.556, -228.178, 183.028, 0.998486, 0.0520541, -0.0177766, -0.0539423, 0.989879, -0.131259, 0.0107641, 0.132019, 0.991189, 0.00280289  
158, 277.523, -227.901, 183.026, 0.998377, 0.052908, -0.0210874, -0.055356, 0.988509, -0.140661, 0.013403, 0.1416, 0.989833, 0.00275602  
159, 277.705, -227.296, 182.98, 0.998137, 0.056067, -0.0240527, -0.0589241, 0.988125, -0.141903, 0.0158111, 0.143055, 0.989588, 0.00279734  
160, 277.729, -227.007, 182.886, 0.99814, 0.0559991, -0.0241167, -0.0589109, 0.987719, -0.144712, 0.0157168, 0.145863, 0.98918, 0.00281315  
161, 277.499, -226.64, 182.888, 0.998393, 0.0519747, -0.0225894, -0.0547799, 0.987211, -0.14971, 0.0145194, 0.150707, 0.988472, 0.00269721  
162, 277.445, -226.093, 182.827, 0.998393, 0.0523883, -0.0216016, -0.0551002, 0.986507, -0.154166, 0.0132336, 0.155109, 0.987809, 0.00280234  
163, 277.381, -225.545, 182.879, 0.99843, 0.0530706, -0.0179117, -0.0552025, 0.986498, -0.154187, 0.00948699, 0.154934, 0.987879, 0.00281232  
164, 277.388, -224.798, 182.886, 0.998468, 0.051738, -0.0196198, -0.0541766, 0.986197, -0.156463, 0.0112539, 0.157287, 0.987489, 0.00277626  
165, 277.332, -224.27, 182.868, 0.998418, 0.0516774, -0.0221683, -0.0546603, 0.984461, -0.166882, 0.0131998, 0.167829, 0.985728, 0.00322007  
166, 277.422, -223.399, 182.878, 0.998367, 0.0510808, -0.0255617, -0.0547345, 0.983505, -0.172402, 0.0163337, 0.17352, 0.984695, 0.00291357  
167, 277.448, -222.574, 182.955, 0.998309, 0.0519131, -0.0261617, -0.0557806, 0.982149, -0.179645, 0.0163688, 0.180801, 0.983384, 0.00263092  
168, 277.401, -221.779, 182.86, 0.998299, 0.0521015, -0.0261762, -0.0560187, 0.981575, -0.182683, 0.0161759, 0.183838, 0.982823, 0.00281121  
169, 277.491, -220.723, 182.969, 0.998262, 0.0524164, -0.0269278, -0.0565953, 0.980099, -0.190273, 0.0164184, 0.191466, 0.981362, 0.00280178  
170, 277.52, -219.698, 182.919, 0.998437, 0.0508847, -0.0231055, -0.0543187, 0.980821, -0.187189, 0.0131373, 0.188151, 0.982052, 0.0028567  
171, 277.566, -218.626, 182.854, 0.998353, 0.0515786, -0.0251313, -0.0554451, 0.979953, -0.191358, 0.0147576, 0.192436, 0.981199, 0.00295323  
172, 277.625, -217.502, 182.773, 0.998337, 0.0519574, -0.0249853, -0.0558462, 0.979159, -0.195268, 0.0143189, 0.196339, 0.980432, 0.002804  
173, 277.61, -216.271, 182.665, 0.998389, 0.0524498, -0.0216582, -0.0556307, 0.979963, -0.191252, 0.0111931, 0.192149, 0.981302, 0.00277654  
174, 277.588, -215.051, 182.53, 0.99818, 0.054323, -0.0261989, -0.0584396, 0.978551, -0.197541, 0.0149059, 0.198713, 0.979944, 0.00286918  
175, 277.614, -213.715, 182.455, 0.99816, 0.0562311, -0.0226842, -0.0596129, 0.97846, -0.197642, 0.0110819, 0.198631, 0.980012, 0.00283313  
176, 277.757, -212.321, 182.429, 0.998159, 0.0554841, -0.024483, -0.059276, 0.977895, -0.200519, 0.0128162, 0.201601, 0.979384, 0.00284394  
177, 277.824, -210.806, 182.481, 0.998139, 0.0551219, -0.0260733, -0.0592819, 0.977332, -0.203242, 0.0142791, 0.20441, 0.978781, 0.00282924  
178, 277.818, -209.142, 182.482, 0.998219, 0.053933, -0.0254926, -0.058015, 0.977175, -0.20436, 0.013889, 0.205475, 0.978564, 0.00291662  
179, 277.878, -207.488, 182.551, 0.998238, 0.0533715, -0.0259477, -0.0575785, 0.976921, -0.205694, 0.0143706, 0.206826, 0.978272, 0.00288971  
180, 278.005, -205.634, 182.592, 0.998079, 0.0558666, -0.0267887, -0.0601403, 0.977513, -0.202118, 0.0148947, 0.203341, 0.978995, 0.00289498  
181, 277.996, -203.847, 182.496, 0.998031, 0.0557273, -0.0287934, -0.0603735, 0.977954, -0.199905, 0.0170185, 0.201249, 0.979392, 0.00274991  
182, 278.015, -201.969, 182.419, 0.997947, 0.0569547, -0.0292963, -0.0617016, 0.977589, -0.201276, 0.0171761, 0.202671, 0.979096, 0.00289359  
183, 277.955, -200.051, 182.307, 0.998079, 0.0570105, -0.0242517, -0.060728, 0.977752, -0.200779, 0.0122657, 0.201866, 0.979336, 0.00281843  
184, 277.97, -198.05, 182.432, 0.997998, 0.0566415, -0.028138, -0.0611846, 0.977312, -0.202774, 0.0160142, 0.20409, 0.978821, 0.00282037  
185, 277.851, -196.055, 182.479, 0.998326, 0.0519376, -0.0254575, -0.0559819, 0.978312, -0.199428, 0.0145476, 0.200519, 0.979582, 0.00295406  
186, 277.813, -193.933, 182.438, 0.998233, 0.0517772, -0.0291531, -0.056512, 0.978872, -0.196511, 0.0183623, 0.197812, 0.980068, 0.00280594  
187, 277.729, -191.81, 182.55, 0.998355, 0.0506147, -0.0269199, -0.0548944, 0.979389, -0.194379, 0.0165267, 0.195537, 0.980557, 0.00284062  
188, 277.728, -189.516, 182.584, 0.998239, 0.0516833, -0.0291195, -0.0563493, 0.979557, -0.193113, 0.0185435, 0.194413, 0.980744, 0.00280067  
189, 277.55, -187.093, 182.603, 0.998291, 0.0517626, -0.0271189, -0.0559735, 0.980321, -0.18931, 0.0167861, 0.190504, 0.981543, 0.00275907  
190, 277.505, -184.526, 182.5, 0.997889, 0.0553591, -0.0339571, -0.0608648, 0.979574, -0.191653, 0.0226538, 0.193315, 0.980875, 0.00286003  
191, 277.354, -181.889, 182.4, 0.997817, 0.0545472, -0.0372162, -0.0606334, 0.980065, -0.189197, 0.0261542, 0.191041, 0.981234, 0.00276323  
192, 291.469, -180.622, 182.357, -0.998995, -0.0368359, 0.0255429, 0.0300076, -0.972873, -0.229387, 0.0332997, -0.22839, 0.973, 0.00287778  
193, 291.393, -177.882, 182.453, -0.99901, -0.0368487, 0.0249215, 0.0303661, -0.974278, -0.223295, 0.0325086, -0.222317, 0.974432, 0.00272467  
194, 291.15, -175.196, 182.455, -0.999022, -0.0368344, 0.0244608, 0.0306421, -0.975562, -0.217577, 0.0318773, -0.216615, 0.975736, 0.00284394  
195, 276.475, -171.503, 182.484, 0.997985, 0.0550864, -0.0314761, -0.0596006, 0.984073, -0.167474, 0.0217492, 0.169012, 0.985374, 0.00277904  
196, 276.231, -168.75, 182.471, 0.997982, 0.0548588, -0.0319907, -0.059401, 0.984548, -0.164733, 0.0224593, 0.1663, 0.985819, 0.00291967  
197, 275.862, -165.866, 182.774, 0.990303, -0.13672, -0.0246627, -0.13097, -0.977974, 0.162523, -0.0463396, -0.157717, -0.986397, 0.00279096  
198, 275.7, -162.819, 182.76, 0.990776, -0.134329, -0.0178582, -0.129697, -0.978185, 0.162275, -0.0392669, -0.158462, -0.986584, 0.00273299  
199, 275.56, -159.816, 182.876, 0.990916, -0.132713, -0.0217378, -0.127797, -0.979603, 0.155067, -0.0418739, -0.15088, -0.987665, 0.00293159  
200, 275.551, -156.54, 182.838, 0.990579, -0.135225, -0.0215983, -0.130479, -0.979905, 0.150869, -0.0415656, -0.14663, -0.988318, 0.00278375  
201, 275.503, -153.622, 182.704, 0.990556, -0.135359, -0.0218271, -0.130663, -0.98019, 0.148844, -0.0415421, -0.144586, -0.98862, 0.00272495  
202, 275.601, -150.201, 182.669, 0.989753, -0.140395, -0.0260259, -0.135382, -0.980642, 0.141469, -0.0453836, -0.136496, -0.9896, 0.00273965  
203, 275.755, -147.167, 182.662, 0.990263, -0.136989, -0.024758, -0.132751, -0.982811, 0.128298, -0.0419079, -0.123762, -0.991427, 0.00277515  
204, 276.03, -143.818, 183.004, 0.990795, -0.134186, -0.017855, -0.130913, -0.983371, 0.125867, -0.0344478, -0.122371, -0.991886, 0.00299622  
205, 276.643, -140.602, 182.541, 0.997344, 0.0584166, -0.0435061, -0.0639277, 0.9883, -0.138481, 0.0349074, 0.140894, 0.989409, 0.00295268  
206, 276.645, -137.274, 182.672, 0.997406, 0.0589086, -0.0413614, -0.0638295, 0.98946, -0.129982, 0.0332684, 0.132285, 0.990653, 0.00269666  
207, 291.29, -134.956, 183.018, -0.998729, -0.0464935, 0.0194661, 0.0427289, -0.985816, -0.162302, 0.026736, -0.161264, 0.986549, 0.0034281  
208, 291.278, -131.847, 183.062, -0.998699, -0.0475561, 0.0183954, 0.0440282, -0.986243, -0.15933, 0.0257195, -0.158313, 0.987054, 0.00286031  
209, 291.254, -128.097, 183.092, -0.998383, -0.0521972, 0.022506, 0.0482558, -0.987551, -0.149717, 0.0300406, -0.148389, 0.988473, 0.00286891  
210, 291.602, -125.031, 182.716, -0.998717, -0.0471718, 0.0184367, 0.0443675, -0.990429, -0.130701, 0.0244256, -0.129715, 0.99125, 0.00279984  
211, 291.294, -120.98, 182.924, -0.998633, -0.0475441, 0.0217099, 0.044409, -0.990879, -0.12723, 0.0275609, -0.126092, 0.991636, 0.00287862  
212, 291.759, -117.576, 183.051, -0.998598, -0.0491966, 0.0195592, 0.0462736, -0.990561, -0.129024, 0.0257222, -0.127938, 0.991449, 0.00279956  
213, 292.024, -113.878, 183.084, -0.998268, -0.0528441, 0.0258375, 0.0493449, -0.991406, -0.121161, 0.0320181, -0.119676, 0.992297, 0.00273577  
214, 292.241, -110.179, 183.105, -0.998608, -0.0493755, 0.0185571, 0.0470489, -0.992835, -0.109841, 0.0238476, -0.108815, 0.993776, 0.00275269  
215, 292.353, -106.661, 183.176, -0.998429, -0.0521397, 0.0205251, 0.0496372, -0.992935, -0.107776, 0.0259995, -0.106588, 0.993963, 0.00278653  
216, 278.262, -101.515, 182.77, 0.99729, 0.0676866, -0.028845, -0.0690073, 0.996482, -0.0475582, 0.0255245, 0.0494199, 0.998452, 0.00268639  
217, 278.89, -97.8783, 182.977, 0.997536, 0.0626459, -0.0315799, -0.0638787, 0.997169, -0.0396687, 0.0290054, 0.0415882, 0.998714, 0.00275574  
218, 293.614, -95.4608, 183.032, -0.997992, -0.0556634, 0.0302225, 0.0531248, -0.995447, -0.0791412, 0.0344902, -0.0773767, 0.996405, 0.00269943  
219, 294.2, -91.7341, 183.292, -0.998138, -0.0536502, 0.0290262, 0.0515209, -0.996236, -0.0697066, 0.0326567, -0.0680813, 0.997145, 0.0027918  
220, 294.475, -87.9164, 183.09, -0.997905, -0.0542411, 0.0352528, 0.0521712, -0.996999, -0.0571957, 0.0382494, -0.0552367, 0.99774, 0.00278042  
221, 280.735, -82.8898, 183.052, 0.997763, 0.0622195, -0.0244283, -0.062219, 0.998062, 0.000778061, 0.0244294, 0.000743583, 0.999701, 0.00271552  
222, 281.016, -79.1184, 183.011, 0.997873, 0.0607955, -0.0235037, -0.0605819, 0.998116, 0.00969407, 0.0240488, -0.00824956, 0.999677, 0.00280733  
223, 281.538, -75.4136, 183.038, 0.997741, 0.0641442, -0.01998, -0.0638305, 0.997833, 0.0159617, 0.0209605, -0.0146503, 0.999673, 0.00274187  
224, 282.052, -71.6326, 183.222, 0.997593, 0.0668114, -0.0185627, -0.0663932, 0.997544, 0.0223012, 0.0200071, -0.0210151, 0.999579, 0.00278015  
225, 282.3, -67.984, 182.973, 0.997321, 0.070946, -0.0178384, -0.0705222, 0.997237, 0.0233586, 0.0194464, -0.022038, 0.999568, 0.00278209  
226, 282.446, -64.2156, 182.719, 0.997097, 0.0757177, -0.00808444, -0.075432, 0.996664, 0.0311747, 0.0104179, -0.0304744, 0.999481, 0.00269055  
227, 282.91, -60.413, 182.831, 0.997106, 0.0756926, -0.00708891, -0.0753544, 0.996367, 0.0396865, 0.0100671, -0.0390375, 0.999187, 0.00277488  
228, 297.892, -58.3974, 182.938, -0.997015, -0.0650366, 0.0416064, 0.0647038, -0.997861, -0.00929837, 0.0421222, -0.00657853, 0.999091, 0.00270498  
229, 298.402, -54.7847, 182.915, -0.996814, -0.0667177, 0.0437154, 0.0667424, -0.99777, -0.000895791, 0.0436777, 0.00202473, 0.999044, 0.00277626  
230, 298.539, -51.4485, 182.664, -0.995339, -0.0752594, 0.0602976, 0.076414, -0.99693, 0.0170738, 0.0588276, 0.0216018, 0.998034, 0.00276822  
231, 284.892, -45.6992, 182.963, 0.997114, 0.0758835, 0.00220405, -0.0758092, 0.993761, 0.0818103, 0.00401776, -0.0817413, 0.996645, 0.00269749  
232, 285.54, -42.3526, 183.063, 0.997429, 0.071667, 5.50352e-005, -0.0714277, 0.994035, 0.0824223, 0.00585226, -0.0822143, 0.996597, 0.00279124  
233, 286.158, -38.8846, 183.279, 0.997404, 0.0720088, 0.000721959, -0.0717865, 0.993432, 0.0891044, 0.00569908, -0.0889249, 0.996022, 0.00269749  
234, 286.732, -35.1683, 183.379, 0.997086, 0.076246, 0.0023584, -0.0761302, 0.992668, 0.0938861, 0.00481733, -0.0937921, 0.99558, 0.00294269  
235, 287.103, -31.8211, 183.334, 0.996925, 0.0782868, 0.00349325, -0.0782281, 0.991568, 0.103313, 0.00462423, -0.103268, 0.994643, 0.00286586  
236, 287.366, -28.4768, 183.104, 0.996922, 0.0782714, 0.0044353, -0.0783009, 0.991308, 0.105724, 0.00387843, -0.105746, 0.994386, 0.00278375  
237, 301.745, -27.0113, 182.695, -0.993279, -0.0811229, 0.0825584, 0.0873095, -0.993406, 0.0743071, 0.075986, 0.0810158, 0.993812, 0.00278514  
238, 301.927, -23.516, 182.786, -0.993044, -0.0873969, 0.0789035, 0.0926378, -0.99355, 0.0653987, 0.0726789, 0.0722532, 0.994735, 0.00273022  
239, 302.29, -20.3195, 182.869, -0.994487, -0.0841764, 0.062535, 0.08816, -0.994052, 0.0639364, 0.0567812, 0.069097, 0.995993, 0.00278042  
240, 302.755, -17.3034, 182.852, -0.994392, -0.087713, 0.0590781, 0.0920952, -0.992841, 0.0760642, 0.0519833, 0.0810785, 0.995351, 0.00274769  
241, 303.124, -13.9681, 182.949, -0.994539, -0.0912044, 0.0507418, 0.0945926, -0.993126, 0.068948, 0.0441046, 0.0733712, 0.996329, 0.00268778  
242, 303.173, -10.9221, 182.925, -0.994347, -0.0924489, 0.0522239, 0.0959181, -0.993038, 0.0683717, 0.0455395, 0.0729944, 0.996292, 0.00276212  
243, 303.291, -7.75769, 182.94, -0.993924, -0.0926833, 0.0593765, 0.0972162, -0.992151, 0.0786445, 0.0516215, 0.083939, 0.995133, 0.00269055  
244, 303.193, -4.59331, 182.703, -0.99394, -0.0913619, 0.0611181, 0.0966575, -0.991224, 0.090182, 0.0523426, 0.0955431, 0.994048, 0.00279263  
245, 303.346, -1.44661, 182.573, -0.993283, -0.095614, 0.0651741, 0.101454, -0.990472, 0.0931251, 0.055649, 0.0991117, 0.993519, 0.00280899  
246, 303.423, 1.34549, 182.668, -0.992701, -0.0977068, 0.0707024, 0.104748, -0.989056, 0.103901, 0.0597769, 0.110548, 0.992071, 0.00269  
247, 303.535, 4.07045, 182.595, -0.993461, -0.0966351, 0.0608009, 0.102808, -0.988789, 0.108288, 0.0496549, 0.11383, 0.992259, 0.00275241  
248, 303.536, 6.87757, 182.549, -0.993652, -0.0976421, 0.0558709, 0.103068, -0.989192, 0.10429, 0.045084, 0.109387, 0.992976, 0.00270858  
249, 303.597, 9.66653, 182.815, -0.993635, -0.0975332, 0.0563636, 0.102981, -0.989275, 0.103588, 0.0456558, 0.108733, 0.993022, 0.00278736  
250, 303.768, 12.0522, 183.192, -0.994203, -0.0905488, 0.0579752, 0.0962275, -0.989901, 0.104102, 0.0479633, 0.109078, 0.992875, 0.00287834  
251, 303.985, 14.63, 183.264, -0.994483, -0.0850091, 0.0614631, 0.0918493, -0.988671, 0.118712, 0.0506752, 0.123703, 0.991025, 0.00270664  
252, 304.026, 16.7469, 183.344, -0.994423, -0.088929, 0.0566971, 0.0948188, -0.989238, 0.111437, 0.0461769, 0.116192, 0.992153, 0.00423915  
253, 303.962, 19.6062, 183.168, -0.994092, -0.0940242, 0.0542329, 0.0996458, -0.988644, 0.112489, 0.0430403, 0.117228, 0.992172, 0.00268944  
254, 304.068, 21.8942, 183.242, -0.994174, -0.0942943, 0.0522078, 0.0993598, -0.989508, 0.10489, 0.0417695, 0.109466, 0.993113, 0.0028861  
255, 303.98, 24.4536, 183.306, -0.993701, -0.099116, 0.0522832, 0.104496, -0.988099, 0.112875, 0.0404733, 0.117628, 0.992233, 0.00293881  
256, 304.066, 26.3992, 183.588, -0.993691, -0.101139, 0.0484645, 0.105991, -0.988146, 0.111056, 0.0366579, 0.115492, 0.992632, 0.00276572  
257, 304.082, 28.7866, 183.494, -0.993175, -0.103218, 0.0543118, 0.108975, -0.987173, 0.116677, 0.041572, 0.121799, 0.991684, 0.00399783  
258, 304.261, 30.7636, 183.381, -0.993352, -0.102868, 0.051666, 0.108014, -0.988117, 0.109349, 0.0398036, 0.114203, 0.99266, 0.0026814  
259, 304.183, 33.001, 183.435, -0.993659, -0.101451, 0.0484744, 0.106, -0.989023, 0.102947, 0.0374982, 0.107433, 0.993505, 0.00281288  
260, 304.164, 35.1981, 183.299, -0.99351, -0.103589, 0.0469772, 0.107949, -0.988865, 0.102437, 0.0358428, 0.106843, 0.99363, 0.0029094  
261, 304.105, 37.0221, 183.23, -0.993555, -0.102455, 0.048483, 0.106766, -0.98956, 0.0968042, 0.0380588, 0.101357, 0.994122, 0.00295351  
262, 290.103, 41.4184, 183.134, 0.994227, 0.106741, -0.0108771, -0.103812, 0.982625, 0.153853, 0.0271104, -0.151835, 0.988034, 0.00282786  
263, 290.096, 43.0328, 183.096, 0.993981, 0.108457, -0.0154657, -0.10504, 0.983584, 0.146731, 0.0311259, -0.144224, 0.989055, 0.00278015  
264, 290.173, 45.0181, 183.023, 0.994018, 0.108435, -0.013064, -0.105373, 0.983595, 0.146417, 0.0287263, -0.144164, 0.989137, 0.00296987  
265, 290.026, 46.3683, 183.148, 0.994253, 0.105883, -0.015802, -0.102784, 0.985404, 0.135699, 0.0299396, -0.133295, 0.990624, 0.00278902  
266, 289.807, 48.3019, 183.169, 0.994292, 0.1056, -0.0152066, -0.102593, 0.985468, 0.13538, 0.0292818, -0.133047, 0.990677, 0.00275102  
267, 289.812, 49.7251, 183.245, 0.994146, 0.106148, -0.0201643, -0.102749, 0.986516, 0.127389, 0.0334145, -0.124572, 0.991648, 0.00287196  
268, 289.62, 51.5145, 183.214, 0.994008, 0.107597, -0.0192713, -0.104275, 0.986262, 0.12812, 0.032792, -0.125343, 0.991571, 0.00284311  
269, 289.53, 52.9627, 183.049, 0.99389, 0.108567, -0.0199213, -0.105406, 0.987085, 0.120638, 0.0327613, -0.117801, 0.992497, 0.00295489  
270, 289.429, 54.7667, 183.089, 0.993603, 0.111141, -0.0200066, -0.107975, 0.986893, 0.119935, 0.033074, -0.117007, 0.99258, 0.00290552  
271, 289.432, 56.2812, 183.166, 0.993617, 0.110595, -0.0222427, -0.10727, 0.987304, 0.117148, 0.0349162, -0.114014, 0.992865, 0.00290635  
272, 289.286, 57.8627, 183.193, 0.993292, 0.112803, -0.0254102, -0.10936, 0.987849, 0.110426, 0.0375579, -0.106907, 0.993559, 0.00277349  
273, 289.144, 59.1685, 183.207, 0.993057, 0.114983, -0.0248497, -0.111774, 0.988124, 0.105443, 0.0366787, -0.101933, 0.994115, 0.00270387  
274, 288.963, 60.5861, 183.229, 0.993075, 0.114106, -0.0279496, -0.110897, 0.989035, 0.0975295, 0.0387718, -0.0937546, 0.99484, 0.00285698  
275, 288.834, 61.9596, 183.231, 0.993143, 0.113478, -0.0281134, -0.110385, 0.989412, 0.0942291, 0.0385087, -0.0904796, 0.995154, 0.00290136  
276, 288.674, 63.2516, 183.189, 0.992773, 0.115121, -0.0339043, -0.111926, 0.990116, 0.0845188, 0.0432991, -0.0801132, 0.995845, 0.00275546  
277, 288.543, 64.7313, 183.179, 0.992688, 0.115378, -0.0354851, -0.112128, 0.990227, 0.0829325, 0.0447069, -0.0783472, 0.995923, 0.00273715  
