0, 0, 0, 0, 0, 0, 0, 0, 0, 0, 0, 0, 0, 0.0063012  
1, 0, 0, 0, 0, 0, 0, 0, 0, 0, 0, 0, 0, 0.00267448  
2, -4.31356, 10.9369, 180.438, 0.996004, -0.0892391, -0.00363561, 0.0892328, 0.996009, -0.00184801, 0.00378602, 0.00151621, 0.999992, 0.00261512  
3, -4.29024, 10.9485, 180.477, 0.996007, -0.0892159, -0.00318825, 0.0892112, 0.996011, -0.00158871, 0.00331727, 0.00129794, 0.999994, 0.00279847  
4, -4.31146, 10.9484, 180.461, 0.995973, -0.0896113, -0.00277758, 0.0896059, 0.995975, -0.00201156, 0.00294666, 0.00175457, 0.999994, 0.00281955  
5, -4.35125, 10.9244, 180.431, 0.995987, -0.0894352, -0.00334836, 0.0894244, 0.995988, -0.00325803, 0.00362631, 0.00294553, 0.999989, 0.00293328  
6, -4.29851, 10.9653, 180.45, 0.995874, -0.0906117, -0.00498073, 0.0905964, 0.995883, -0.00321284, 0.00525134, 0.00274835, 0.999982, 0.00281705  
7, -4.2949, 10.9184, 180.462, 0.995945, -0.0898907, -0.00363997, 0.0898816, 0.995949, -0.00259221, 0.00385825, 0.00225454, 0.99999, 0.0028803  
8, -4.31843, 10.9332, 180.473, 0.995979, -0.0895266, -0.00329032, 0.089522, 0.995984, -0.00153484, 0.00341451, 0.00123411, 0.999993, 0.00285422  
9, -4.32645, 10.9288, 180.468, 0.996055, -0.0886983, -0.00259441, 0.0886931, 0.996057, -0.00206265, 0.00276713, 0.0018244, 0.999995, 0.00286559  
10, -4.363, 10.9324, 180.486, 0.996089, -0.0883166, -0.00255985, 0.0883152, 0.996092, -0.000625331, 0.00260508, 0.000396812, 0.999997, 0.00297544  
11, -4.31284, 10.9139, 180.461, 0.996032, -0.088951, -0.00269852, 0.0889461, 0.996035, -0.00188874, 0.00285582, 0.00164122, 0.999995, 0.0028104  
12, -4.3456, 10.938, 180.418, 0.996023, -0.0890142, -0.00392141, 0.0890036, 0.996027, -0.00281101, 0.00415605, 0.00245081, 0.999988, 0.00290637  
13, -4.2629, 10.97, 180.478, 0.995955, -0.089776, -0.00366963, 0.0897719, 0.995962, -0.00125738, 0.00376769, 0.000922868, 0.999992, 0.00455594  
14, -4.31642, 10.9524, 180.484, 0.99603, -0.0889457, -0.00357419, 0.0889352, 0.996033, -0.00298484, 0.0038255, 0.00265512, 0.999989, 0.00281594  
15, -4.26082, 10.9691, 180.474, 0.995972, -0.0895596, -0.00426556, 0.0895427, 0.995975, -0.00399938, 0.00460657, 0.00360132, 0.999983, 0.00289084  
16, -4.36819, 10.9352, 180.41, 0.996041, -0.0888118, -0.00386047, 0.0887982, 0.996043, -0.00355405, 0.00416083, 0.00319718, 0.999986, 0.0028226  
17, -4.32393, 10.9596, 180.458, 0.996024, -0.0890042, -0.00381721, 0.0889992, 0.996031, -0.00146079, 0.00393207, 0.00111526, 0.999992, 0.0028925  
18, -4.34835, 10.9573, 180.435, 0.996031, -0.0889304, -0.00366346, 0.0889191, 0.996034, -0.00314856, 0.00392893, 0.00281031, 0.999988, 0.00287419  
19, -4.31587, 10.966, 180.461, 0.99605, -0.08874, -0.00299589, 0.0887362, 0.996054, -0.00135827, 0.0031046, 0.00108706, 0.999995, 0.00282316  
20, -4.33487, 10.9655, 180.47, 0.996052, -0.0887297, -0.00281764, 0.0887233, 0.996054, -0.00231797, 0.00301219, 0.00205883, 0.999993, 0.00289611  
21, -4.34479, 10.9569, 180.453, 0.996065, -0.0885837, -0.00282858, 0.088576, 0.996066, -0.0027381, 0.00306001, 0.00247678, 0.999992, 0.0028423  
22, -4.29677, 10.9584, 180.459, 0.996074, -0.0884734, -0.00298126, 0.0884682, 0.996077, -0.00185706, 0.00313386, 0.00158602, 0.999994, 0.00289722  
23, -4.2854, 10.95, 180.454, 0.996058, -0.088679, -0.00210715, 0.0886756, 0.996059, -0.00167851, 0.00224769, 0.00148504, 0.999996, 0.00284257  
24, -4.33213, 10.9433, 180.442, 0.9961, -0.0881886, -0.00274037, 0.0881846, 0.996103, -0.00152672, 0.00286433, 0.00127911, 0.999995, 0.00293022  
25, -4.31973, 10.9448, 180.452, 0.996063, -0.0886098, -0.00242003, 0.0886048, 0.996065, -0.00208075, 0.00259488, 0.00185813, 0.999995, 0.00290471  
26, -4.32383, 10.9452, 180.464, 0.996005, -0.0892325, -0.00327229, 0.0892247, 0.996009, -0.00244116, 0.00347706, 0.00213944, 0.999992, 0.00296933  
27, -4.33119, 10.9345, 180.486, 0.99603, -0.0889342, -0.00398283, 0.088923, 0.996034, -0.00292033, 0.00422675, 0.00255457, 0.999988, 0.00287641  
28, -4.36198, 10.9309, 180.464, 0.996088, -0.0883286, -0.00277235, 0.0883224, 0.996089, -0.00227938, 0.00296285, 0.0020256, 0.999994, 0.00291303  
29, -4.28847, 10.9323, 180.497, 0.995999, -0.0893073, -0.00326351, 0.089298, 0.996001, -0.00287702, 0.0035074, 0.00257408, 0.999991, 0.00282427  
30, -4.32647, 10.9285, 180.47, 0.996038, -0.0888484, -0.00365301, 0.0888368, 0.996041, -0.00321946, 0.00392459, 0.00288218, 0.999988, 0.00294215  
31, -4.24845, 10.9623, 180.512, 0.996037, -0.0889101, -0.0024533, 0.0889078, 0.996039, -0.00101739, 0.00253404, 0.000795239, 0.999996, 0.00288584  
32, -4.29044, 10.9381, 180.475, 0.995929, -0.0900937, -0.00299134, 0.0900897, 0.995933, -0.00146578, 0.00311123, 0.00119032, 0.999994, 0.00291109  
33, -4.28418, 10.9318, 180.459, 0.995967, -0.0896921, -0.00210183, 0.0896896, 0.995969, -0.00121918, 0.00220271, 0.00102575, 0.999997, 0.00293022  
34, -4.25512, 10.9435, 180.447, 0.995984, -0.0894867, -0.00290503, 0.0894797, 0.995986, -0.00244107, 0.00311181, 0.00217133, 0.999993, 0.00284451  
35, -4.25861, 10.9469, 180.432, 0.99601, -0.0891937, -0.00292314, 0.0891886, 0.996013, -0.00183825, 0.00307544, 0.00157021, 0.999994, 0.0029882  
36, -4.34867, 10.9239, 180.416, 0.996031, -0.0889239, -0.00384655, 0.0889121, 0.996035, -0.00312889, 0.00410953, 0.00277446, 0.999988, 0.00287558  
37, -4.32342, 10.9617, 180.455, 0.995983, -0.0894729, -0.00363743, 0.0894624, 0.995986, -0.00295752, 0.00388744, 0.00262022, 0.999989, 0.00301261  
38, -4.32752, 10.9349, 180.452, 0.995972, -0.08959, -0.00360153, 0.0895802, 0.995976, -0.00279359, 0.00383732, 0.00245971, 0.99999, 0.00295352  
39, -4.33569, 10.9365, 180.459, 0.996005, -0.0892398, -0.00311013, 0.0892325, 0.996008, -0.00242339, 0.00331397, 0.00213618, 0.999992, 0.00292634  
40, -4.28129, 10.9513, 180.482, 0.996015, -0.0891167, -0.00338006, 0.0891079, 0.996018, -0.00267042, 0.00360458, 0.00235859, 0.999991, 0.00283813  
41, -4.28908, 10.9524, 180.466, 0.995974, -0.0895959, -0.00280198, 0.0895953, 0.995978, -0.000339971, 0.00282117, 8.75585e-005, 0.999996, 0.0029133  
42, -4.29283, 10.9264, 180.438, 0.996053, -0.0887189, -0.0026371, 0.0887148, 0.996056, -0.00160268, 0.00276889, 0.0013624, 0.999995, 0.00298293  
43, -4.31612, 10.9115, 180.409, 0.996046, -0.0888101, -0.00243252, 0.0888053, 0.996047, -0.00204317, 0.00260436, 0.00181907, 0.999995, 0.00294104  
44, -4.25495, 10.9182, 180.463, 0.99598, -0.0895264, -0.00286632, 0.0895184, 0.995981, -0.00279953, 0.00310543, 0.00253169, 0.999992, 0.00291497  
45, -4.29712, 10.9436, 180.402, 0.995919, -0.0901298, -0.00466921, 0.0901127, 0.995925, -0.00374053, 0.00498731, 0.00330451, 0.999982, 0.00297932  
46, -4.28732, 10.9468, 180.433, 0.995974, -0.0895724, -0.00351788, 0.089563, 0.995977, -0.00274013, 0.00374917, 0.00241403, 0.99999, 0.00291192  
47, -4.29063, 10.9506, 180.456, 0.995927, -0.0900187, -0.00514494, 0.0900032, 0.995936, -0.00317428, 0.00540977, 0.00269829, 0.999982, 0.0029624  
48, -4.34063, 10.9467, 180.454, 0.995952, -0.089825, -0.00324015, 0.0898206, 0.995957, -0.00146953, 0.00335905, 0.00117255, 0.999994, 0.00299236  
49, -4.3273, 10.9322, 180.481, 0.995982, -0.089488, -0.00340235, 0.0894823, 0.995987, -0.00178274, 0.00354823, 0.00147112, 0.999993, 0.00286837  
50, -4.3092, 10.9307, 180.465, 0.995963, -0.0896906, -0.00369357, 0.089676, 0.995963, -0.00393012, 0.00403116, 0.00358303, 0.999985, 0.00294132  
51, -4.33341, 10.938, 180.445, 0.996021, -0.0890593, -0.0031107, 0.089052, 0.996024, -0.00243121, 0.00331486, 0.00214453, 0.999992, 0.00290304  
52, -4.3045, 10.9425, 180.479, 0.995986, -0.0894697, -0.00273221, 0.089463, 0.995987, -0.00251053, 0.00294587, 0.00225602, 0.999993, 0.0033682  
53, -4.30531, 10.9473, 180.434, 0.995957, -0.0897288, -0.00435319, 0.0897141, 0.995962, -0.00345951, 0.00464603, 0.00305498, 0.999985, 0.00289056  
54, -4.30436, 10.968, 180.453, 0.996035, -0.0889305, -0.00249472, 0.0889274, 0.996037, -0.00132472, 0.00260264, 0.00109762, 0.999996, 0.00293217  
55, -4.31137, 10.9469, 180.475, 0.996037, -0.0888863, -0.00312904, 0.0888794, 0.99604, -0.00228542, 0.00331979, 0.00199826, 0.999992, 0.00298126  
56, -4.31554, 10.9364, 180.473, 0.995911, -0.0902687, -0.0037191, 0.0902588, 0.995915, -0.00274786, 0.00395196, 0.00240094, 0.999989, 0.00285616  
57, -4.29549, 10.9233, 180.453, 0.995916, -0.090196, -0.00408008, 0.0901876, 0.995922, -0.00219294, 0.00426124, 0.00181601, 0.999989, 0.00300234  
58, -4.31396, 10.9379, 180.454, 0.995971, -0.0896024, -0.003506, 0.0895945, 0.995976, -0.00233977, 0.00370154, 0.00201622, 0.999991, 0.00285311  
59, -4.29033, 10.9374, 180.483, 0.995946, -0.089892, -0.0031997, 0.089885, 0.99595, -0.00227057, 0.00339084, 0.00197376, 0.999992, 0.00282177  
60, -4.29312, 10.9449, 180.459, 0.995957, -0.089747, -0.00394521, 0.0897342, 0.99596, -0.00330832, 0.00422618, 0.00294092, 0.999987, 0.00293161  
61, -4.25668, 10.9234, 180.46, 0.996026, -0.0890349, -0.00235563, 0.0890301, 0.996027, -0.00205964, 0.00252965, 0.00184173, 0.999995, 0.00295574  
62, -4.31993, 10.9279, 180.434, 0.996036, -0.088901, -0.00286259, 0.0888971, 0.99604, -0.00146097, 0.00298114, 0.0012007, 0.999995, 0.00298875  
63, -4.27646, 10.9291, 180.474, 0.996017, -0.089097, -0.00348824, 0.0890901, 0.996021, -0.00207276, 0.00365904, 0.00175373, 0.999992, 0.00300428  
64, -4.24084, 10.9545, 180.476, 0.99594, -0.089953, -0.00342416, 0.0899447, 0.995944, -0.00251092, 0.00363613, 0.00219274, 0.999991, 0.00281345  
65, -4.27229, 10.9667, 180.442, 0.995991, -0.0893914, -0.0033838, 0.0893844, 0.995995, -0.00217692, 0.00356485, 0.00186573, 0.999992, 0.00294271  
66, -4.29337, 10.9358, 180.459, 0.996043, -0.0888205, -0.00312004, 0.0888128, 0.996045, -0.00254023, 0.00333333, 0.00225307, 0.999992, 0.00281705  
67, -4.26004, 10.9599, 180.504, 0.99595, -0.0898461, -0.00332943, 0.0898417, 0.995955, -0.00146482, 0.00344757, 0.00115976, 0.999993, 0.00288335  
68, -4.31589, 10.9179, 180.442, 0.996049, -0.0887782, -0.00223212, 0.0887723, 0.996048, -0.00262679, 0.0024565, 0.00241826, 0.999994, 0.00288973  
69, -4.23444, 10.9471, 180.479, 0.995974, -0.0895601, -0.0038315, 0.0895473, 0.995977, -0.00339974, 0.00412057, 0.00304295, 0.999987, 0.00287863  
70, -4.29676, 10.9429, 180.443, 0.99605, -0.088748, -0.00276532, 0.0887408, 0.996051, -0.00262156, 0.00298706, 0.00236581, 0.999993, 0.00280818  
71, -4.30596, 10.944, 180.459, 0.996047, -0.0888067, -0.00213965, 0.0888023, 0.996047, -0.00208393, 0.00231626, 0.00188569, 0.999996, 0.00281844  
72, -4.29488, 10.932, 180.461, 0.996038, -0.0888897, -0.00249458, 0.0888853, 0.99604, -0.00184282, 0.00264851, 0.00161379, 0.999995, 0.00289944  
73, -4.30081, 10.9324, 180.457, 0.99598, -0.0895122, -0.00329331, 0.0895071, 0.995985, -0.0016512, 0.00342789, 0.00134979, 0.999993, 0.00296462  
74, -4.26726, 10.9315, 180.487, 0.995947, -0.0898734, -0.00361862, 0.0898614, 0.995949, -0.00335198, 0.00390522, 0.00301322, 0.999988, 0.00281067  
75, -4.26044, 10.9409, 180.481, 0.996024, -0.089018, -0.00349119, 0.0890065, 0.996026, -0.00331139, 0.00377209, 0.00298749, 0.999988, 0.00280901  
76, -4.32142, 10.9375, 180.463, 0.995964, -0.089681, -0.00355021, 0.0896728, 0.995968, -0.00240023, 0.00375115, 0.00207218, 0.999991, 0.0027957  
77, -4.31467, 10.9416, 180.441, 0.996049, -0.0887479, -0.00334483, 0.0887384, 0.996051, -0.00289516, 0.00358856, 0.00258691, 0.99999, 0.00288085  
78, -4.32243, 10.9371, 180.442, 0.996067, -0.0885561, -0.00291354, 0.0885519, 0.99607, -0.00156958, 0.00304108, 0.00130541, 0.999995, 0.00286698  
79, -4.3054, 10.9464, 180.443, 0.996029, -0.0890063, -0.00211248, 0.0890029, 0.99603, -0.00166446, 0.00225224, 0.00146983, 0.999996, 0.00282205  
80, -4.29159, 10.9572, 180.421, 0.996024, -0.0890306, -0.00310451, 0.0890218, 0.996026, -0.00286139, 0.00334693, 0.00257364, 0.999991, 0.00301677  
81, -4.31932, 10.9418, 180.449, 0.996082, -0.0883904, -0.0028545, 0.0883826, 0.996083, -0.00272164, 0.00308389, 0.00245869, 0.999992, 0.00291053  
82, -4.32518, 10.9494, 180.422, 0.996013, -0.0891578, -0.00305224, 0.0891485, 0.996014, -0.00306346, 0.0033132, 0.00277914, 0.999991, 0.00289971  
83, -4.30625, 10.9354, 180.471, 0.996021, -0.0891034, -0.00188638, 0.0890997, 0.996021, -0.00196038, 0.00205355, 0.00178451, 0.999996, 0.00296684  
84, -4.36793, 10.9459, 180.461, 0.996052, -0.0887277, -0.00265683, 0.0887233, 0.996055, -0.00170902, 0.00279799, 0.00146655, 0.999995, 0.00289694  
85, -4.34665, 10.9546, 180.464, 0.996016, -0.0891544, -0.00207646, 0.0891505, 0.996016, -0.00188305, 0.00223607, 0.00169043, 0.999996, 0.00280929  
86, -4.35216, 10.9618, 180.438, 0.996096, -0.0882567, -0.00196215, 0.0882537, 0.996097, -0.00154567, 0.00209091, 0.00136647, 0.999997, 0.00291802  
87, -4.35561, 10.935, 180.437, 0.995985, -0.0894682, -0.00314489, 0.0894599, 0.995987, -0.00266898, 0.00337106, 0.00237692, 0.999991, 0.00287919  
88, -4.31776, 10.9414, 180.418, 0.996048, -0.088789, -0.00225589, 0.0887869, 0.99605, -0.0010236, 0.00233786, 0.000819262, 0.999997, 0.00287614  
89, -4.28501, 10.9508, 180.451, 0.995949, -0.0898728, -0.00292044, 0.0898666, 0.995951, -0.00219663, 0.00310603, 0.00192528, 0.999993, 0.00281622  
90, -4.31431, 10.9579, 180.46, 0.99603, -0.0889646, -0.00293551, 0.088954, 0.996029, -0.00353858, 0.00323866, 0.00326341, 0.999989, 0.00280097  
91, -4.34465, 10.9622, 180.443, 0.996035, -0.0889044, -0.00321589, 0.0888938, 0.996036, -0.00330454, 0.00349693, 0.00300556, 0.999989, 0.00283037  
92, -4.31081, 10.9491, 180.443, 0.996002, -0.0892734, -0.0030784, 0.0892708, 0.996007, -0.000960286, 0.00315183, 0.000681636, 0.999995, 0.00293217  
93, -4.35233, 10.9297, 180.456, 0.99603, -0.0890127, -0.0014047, 0.0890103, 0.996029, -0.00167115, 0.00154788, 0.00153948, 0.999998, 0.00287974  
94, -4.32051, 10.9594, 180.459, 0.995972, -0.0896374, -0.00208871, 0.089632, 0.995972, -0.00251415, 0.00230566, 0.00231681, 0.999995, 0.00280152  
95, -4.31392, 10.9897, 180.45, 0.995974, -0.0896115, -0.00245713, 0.0896072, 0.995976, -0.00180024, 0.00260857, 0.00157281, 0.999995, 0.00282038  
96, -4.32431, 10.9528, 180.433, 0.995996, -0.0893561, -0.00260193, 0.0893498, 0.995997, -0.00244712, 0.00281018, 0.00220484, 0.999994, 0.00283758  
97, -4.34396, 10.9481, 180.434, 0.996051, -0.0887525, -0.00224029, 0.0887483, 0.996052, -0.00190762, 0.00240075, 0.00170126, 0.999996, 0.00309332  
98, -4.31275, 10.9652, 180.465, 0.995957, -0.0898093, -0.00210546, 0.0898054, 0.995958, -0.00189901, 0.00226749, 0.00170226, 0.999996, 0.00286005  
99, -4.36177, 10.9408, 180.43, 0.996031, -0.0889715, -0.00249152, 0.0889668, 0.996033, -0.00193308, 0.00265363, 0.00170375, 0.999995, 0.00282565  
100, -4.32194, 10.945, 180.438, 0.995997, -0.0893592, -0.00216611, 0.0893547, 0.995998, -0.00210725, 0.00234574, 0.00190527, 0.999995, 0.00280568  
101, -4.33631, 10.9505, 180.448, 0.995974, -0.0895682, -0.00355375, 0.089562, 0.995979, -0.00187453, 0.00370736, 0.0015487, 0.999992, 0.00280318  
102, -4.32562, 10.9529, 180.47, 0.995954, -0.0898417, -0.00208019, 0.0898402, 0.995956, -0.000814642, 0.00214497, 0.000624461, 0.999998, 0.00289611  
103, -4.30259, 10.9706, 180.447, 0.996014, -0.0891465, -0.00284553, 0.0891432, 0.996018, -0.00128275, 0.00294855, 0.00102398, 0.999995, 0.00282121  
104, -4.29923, 10.9655, 180.451, 0.995941, -0.0899319, -0.0036738, 0.0899217, 0.995945, -0.00285446, 0.00391561, 0.00251252, 0.999989, 0.00280346  
105, -4.37715, 10.9355, 180.448, 0.996119, -0.0880064, -0.000918213, 0.0880053, 0.996119, -0.00114694, 0.00101559, 0.00106168, 0.999999, 0.00283952  
106, -4.27898, 10.9632, 180.468, 0.995989, -0.0894157, -0.00331617, 0.0894092, 0.995993, -0.00205634, 0.00348675, 0.00175159, 0.999992, 0.00283065  
107, -4.2915, 10.9872, 180.477, 0.995972, -0.0896155, -0.00287047, 0.0896127, 0.995976, -0.00107562, 0.00295531, 0.000814061, 0.999995, 0.0029513  
108, -4.32155, 10.9653, 180.452, 0.995967, -0.0896687, -0.0030222, 0.0896628, 0.99597, -0.00203998, 0.00319294, 0.00176077, 0.999993, 0.0029513  
109, -4.32715, 10.9302, 180.461, 0.996034, -0.0889298, -0.0026862, 0.0889253, 0.996037, -0.00175472, 0.0028316, 0.00150889, 0.999995, 0.00293494  
110, -4.29016, 10.9659, 180.501, 0.995965, -0.0896903, -0.00319486, 0.0896902, 0.99597, -0.000175307, 0.00319771, -0.000111948, 0.999995, 0.00283148  
111, -4.33067, 10.952, 180.44, 0.996003, -0.089219, -0.00413142, 0.0892082, 0.996009, -0.00273992, 0.00435938, 0.00236042, 0.999988, 0.0029072  
112, -4.30765, 10.925, 180.472, 0.99597, -0.0896522, -0.00243592, 0.0896508, 0.995973, -0.000693154, 0.00248826, 0.000471978, 0.999997, 0.00285367  
113, -4.31015, 10.9372, 180.476, 0.996057, -0.0886981, -0.00174434, 0.0886972, 0.996058, -0.000626351, 0.00179302, 0.000469163, 0.999998, 0.00288695  
114, -4.26228, 10.9374, 180.5, 0.996028, -0.0889909, -0.00282924, 0.0889872, 0.996032, -0.00139649, 0.00294228, 0.00113918, 0.999995, 0.00284729  
115, -4.29723, 10.9406, 180.463, 0.996044, -0.0887719, -0.00398984, 0.0887637, 0.99605, -0.00218724, 0.00416824, 0.00182443, 0.99999, 0.00290609  
116, -4.23221, 10.9321, 180.514, 0.995941, -0.0899622, -0.00292062, 0.0899577, 0.995944, -0.00166082, 0.00305819, 0.00139134, 0.999994, 0.00284978  
117, -4.29583, 10.9443, 180.443, 0.995967, -0.0896588, -0.00319314, 0.0896531, 0.995971, -0.00189404, 0.00335009, 0.00160012, 0.999993, 0.00290276  
118, -4.30645, 10.9397, 180.463, 0.996022, -0.0890618, -0.00276977, 0.0890605, 0.996026, -0.00057876, 0.00281031, 0.000329781, 0.999996, 0.00291053  
119, -4.31631, 10.9324, 180.465, 0.995998, -0.0893205, -0.0029748, 0.0893156, 0.996002, -0.00174506, 0.00311878, 0.00147238, 0.999994, 0.00282787  
120, -4.28907, 10.9519, 180.469, 0.995973, -0.0895705, -0.00389607, 0.0895617, 0.995978, -0.00237475, 0.00409311, 0.00201625, 0.99999, 0.00290221  
121, -4.30151, 10.9455, 180.432, 0.995992, -0.0893869, -0.00323981, 0.0893809, 0.995996, -0.00196116, 0.00340214, 0.00166372, 0.999993, 0.00290165  
122, -4.29213, 10.9442, 180.443, 0.995947, -0.0898139, -0.00479368, 0.0898061, 0.995958, -0.00181851, 0.00493763, 0.00138063, 0.999987, 0.00295075  
123, -4.27717, 10.9575, 180.455, 0.995988, -0.0894267, -0.00337817, 0.0894162, 0.995989, -0.00312021, 0.00364365, 0.00280563, 0.999989, 0.00295658  
124, -4.30141, 10.9425, 180.471, 0.996007, -0.0892269, -0.00276174, 0.089222, 0.99601, -0.00184385, 0.00291524, 0.00159008, 0.999994, 0.00287197  
125, -4.30516, 10.947, 180.454, 0.995969, -0.0896562, -0.00265939, 0.0896535, 0.995972, -0.00110044, 0.00274734, 0.000857579, 0.999996, 0.00296712  
126, -4.30792, 10.9533, 180.438, 0.996036, -0.0889125, -0.00255964, 0.0889108, 0.996039, -0.000767778, 0.00261777, 0.000537155, 0.999996, 0.0030445  
127, -4.2727, 10.9387, 180.496, 0.996033, -0.0889341, -0.00284704, 0.0889286, 0.996036, -0.00199451, 0.00301314, 0.00173342, 0.999994, 0.00308694  
128, -4.28775, 10.9674, 180.462, 0.995983, -0.0894784, -0.00352581, 0.0894663, 0.995984, -0.003457, 0.00382097, 0.00312767, 0.999988, 0.00298182  
129, -4.31134, 10.9417, 180.475, 0.995987, -0.0894408, -0.00333707, 0.0894328, 0.99599, -0.00247478, 0.00354504, 0.00216641, 0.999991, 0.00285395  
130, -4.32625, 10.9365, 180.429, 0.996038, -0.0888675, -0.00314697, 0.0888626, 0.996042, -0.00167261, 0.00328316, 0.00138634, 0.999994, 0.0029513  
131, -4.32609, 10.9304, 180.454, 0.996004, -0.0892271, -0.00372304, 0.0892162, 0.996008, -0.00299847, 0.00397572, 0.00265433, 0.999989, 0.00290609  
132, -4.31154, 10.9418, 180.461, 0.99599, -0.0893718, -0.0039942, 0.0893617, 0.995996, -0.0026421, 0.00421434, 0.00227458, 0.999989, 0.00306253  
133, -4.32563, 10.9472, 180.452, 0.995989, -0.0894253, -0.00291776, 0.0894226, 0.995993, -0.00103823, 0.00299891, 0.00077315, 0.999995, 0.00298126  
134, -4.28173, 10.953, 180.446, 0.995902, -0.0903465, -0.00420716, 0.0903398, 0.995909, -0.00176108, 0.00434906, 0.00137379, 0.99999, 0.00289749  
135, -4.29423, 10.9461, 180.465, 0.995958, -0.089739, -0.00392985, 0.0897339, 0.995965, -0.00145032, 0.00404415, 0.00109182, 0.999991, 0.00287503  
136, -4.30153, 10.9537, 180.454, 0.995908, -0.090244, -0.00474827, 0.0902321, 0.995917, -0.0026545, 0.00496844, 0.00221519, 0.999985, 0.00303868  
137, -4.31996, 10.9417, 180.474, 0.996004, -0.089258, -0.00295466, 0.0892487, 0.996005, -0.00311287, 0.00322071, 0.00283673, 0.999991, 0.0030151  
138, -4.3177, 10.9352, 180.468, 0.99597, -0.0896052, -0.00387289, 0.0895974, 0.995976, -0.00215271, 0.0040502, 0.00179704, 0.99999, 0.00297266  
139, -4.30663, 10.948, 180.484, 0.995976, -0.0895654, -0.00328508, 0.0895607, 0.99598, -0.001551, 0.00341079, 0.00125055, 0.999993, 0.0029011  
140, -4.28703, 10.9859, 180.455, 0.996012, -0.0891622, -0.00316101, 0.0891584, 0.996017, -0.00135185, 0.00326895, 0.00106463, 0.999994, 0.00296462  
141, -4.32484, 10.9498, 180.443, 0.996065, -0.0885809, -0.00264358, 0.0885758, 0.996067, -0.00200076, 0.00281041, 0.00175873, 0.999995, 0.0030703  
142, -4.31588, 10.949, 180.464, 0.995962, -0.0897102, -0.00341507, 0.0897006, 0.995965, -0.00287858, 0.00365952, 0.00256062, 0.99999, 0.00311718  
143, -4.33384, 10.9403, 180.443, 0.99603, -0.088968, -0.00303827, 0.0889625, 0.996033, -0.00189971, 0.00319523, 0.00162188, 0.999994, 0.00283897  
144, -4.33843, 10.9398, 180.434, 0.996006, -0.0891911, -0.00416355, 0.0891764, 0.996009, -0.00359975, 0.004468, 0.00321408, 0.999985, 0.00302509  
145, -4.30143, 10.9881, 180.424, 0.996028, -0.0889522, -0.0039044, 0.0889404, 0.996032, -0.00310345, 0.00416497, 0.00274387, 0.999988, 0.00293965  
146, -4.29885, 10.9613, 180.433, 0.996011, -0.0891728, -0.00330838, 0.089166, 0.996014, -0.00214117, 0.00348613, 0.00183763, 0.999992, 0.0029649  
147, -4.26782, 10.9682, 180.428, 0.995989, -0.089413, -0.00345464, 0.0894019, 0.99599, -0.00325194, 0.00373155, 0.00293005, 0.999989, 0.00303147  
148, -4.27025, 10.976, 180.449, 0.995937, -0.0899631, -0.00410966, 0.0899515, 0.995942, -0.00293684, 0.00435719, 0.00255523, 0.999987, 0.00301205  
149, -4.3457, 10.9516, 180.446, 0.996048, -0.0887774, -0.00247769, 0.0887727, 0.99605, -0.00192879, 0.00263913, 0.00170122, 0.999995, 0.0029036  
150, -4.31144, 10.9683, 180.439, 0.996071, -0.0885079, -0.00308021, 0.088504, 0.996075, -0.00137246, 0.00318959, 0.00109446, 0.999994, 0.00296129  
151, -4.3154, 10.9538, 180.433, 0.996011, -0.0891969, -0.00244947, 0.0891917, 0.996012, -0.00214861, 0.00263135, 0.00192157, 0.999995, 0.00292135  
152, -4.24462, 10.9778, 180.459, 0.996063, -0.0886014, -0.00273522, 0.0885954, 0.996065, -0.0022363, 0.00292259, 0.00198517, 0.999994, 0.00293494  
153, -4.26988, 10.9393, 180.485, 0.99601, -0.0891961, -0.00273769, 0.0891882, 0.996011, -0.00286664, 0.00298246, 0.00261103, 0.999992, 0.00306669  
154, -4.33366, 10.9558, 180.449, 0.996074, -0.0884689, -0.00324399, 0.088461, 0.996076, -0.00252622, 0.00345476, 0.00222933, 0.999992, 0.00283397  
155, -4.29755, 10.9237, 180.481, 0.995962, -0.0897325, -0.00277344, 0.0897308, 0.995966, -0.000737631, 0.00282844, 0.000485789, 0.999996, 0.00299069  
156, -4.27661, 10.9557, 180.466, 0.995963, -0.0897209, -0.0029406, 0.0897147, 0.995965, -0.00217146, 0.00312356, 0.00189888, 0.999993, 0.00303896  
157, -4.31366, 10.97, 180.455, 0.996037, -0.0889276, -0.00151729, 0.0889251, 0.996037, -0.00168172, 0.00166083, 0.00154013, 0.999997, 0.00294576  
158, -4.30962, 10.9544, 180.443, 0.995997, -0.0893533, -0.00247433, 0.0893482, 0.995998, -0.00207361, 0.00264971, 0.00184423, 0.999995, 0.00298653  
159, -4.34534, 10.9451, 180.418, 0.996068, -0.0885669, -0.00188802, 0.0885626, 0.996068, -0.00222074, 0.00207728, 0.0020448, 0.999996, 0.0028459  
160, -4.32096, 10.9417, 180.427, 0.996028, -0.0890128, -0.00217288, 0.0890087, 0.996029, -0.00192372, 0.00233549, 0.00172267, 0.999996, 0.0029563  
161, -4.33862, 10.9624, 180.44, 0.995974, -0.0895793, -0.0035061, 0.0895711, 0.995978, -0.00240916, 0.00370781, 0.00208542, 0.999991, 0.00295269  
162, -4.29247, 10.8961, 180.45, 0.995952, -0.0898428, -0.00284547, 0.0898352, 0.995953, -0.00269003, 0.00307564, 0.00242351, 0.999992, 0.00300456  
163, -4.1919, 10.8338, 180.512, 0.995877, -0.090688, -0.00217838, 0.0906891, 0.995879, 0.000442508, 0.00212927, -0.000638239, 0.999998, 0.00301455  
164, -4.11005, 10.819, 180.521, 0.995815, -0.0913023, -0.00415923, 0.0913037, 0.995823, 0.000131931, 0.00412981, -0.000511132, 0.999991, 0.00292995  
165, -4.1213, 10.8593, 180.562, 0.995823, -0.091169, -0.00502341, 0.0911742, 0.995835, 0.000820149, 0.00492771, -0.00127473, 0.999987, 0.00305948  
166, -4.14925, 10.8542, 180.448, 0.995758, -0.0919801, -0.00222312, 0.0919789, 0.995761, -0.000646625, 0.00227317, 0.000439402, 0.999997, 0.00294409  
167, -4.14752, 10.8214, 180.416, 0.995758, -0.0919955, -0.00174438, 0.0919939, 0.995759, -0.000960015, 0.0018253, 0.00079547, 0.999998, 0.00308472  
168, -4.14204, 10.8525, 180.404, 0.995781, -0.0917226, -0.00250056, 0.0917202, 0.995784, -0.00103893, 0.00258532, 0.000805198, 0.999996, 0.00305338  
169, -4.08533, 10.8488, 180.453, 0.995644, -0.0931963, -0.00283735, 0.0931961, 0.995648, -0.000221525, 0.00284564, -4.38698e-005, 0.999996, 0.0028373  
170, -4.08896, 10.8478, 180.436, 0.995649, -0.0931474, -0.00259974, 0.0931451, 0.995652, -0.000996321, 0.00268124, 0.000749833, 0.999996, 0.00296739  
171, -4.11416, 10.8419, 180.417, 0.995728, -0.092328, -0.00111837, 0.0923272, 0.995728, -0.000758478, 0.00118362, 0.000651982, 0.999999, 0.00301122  
172, -4.07124, 10.8378, 180.434, 0.995695, -0.0926564, -0.00246766, 0.0926546, 0.995698, -0.00085297, 0.00253608, 0.000620658, 0.999997, 0.00294465  
173, -4.05753, 10.8237, 180.471, 0.99574, -0.0921845, -0.00188984, 0.0921825, 0.995742, -0.00111549, 0.00198462, 0.00093653, 0.999998, 0.0030262  
174, -4.11212, 10.8392, 180.418, 0.995673, -0.0928182, -0.00448021, 0.0927974, 0.995674, -0.00465161, 0.00489258, 0.00421573, 0.999979, 0.00291025  
175, -4.11013, 10.8076, 180.471, 0.995836, -0.0911367, -0.00203185, 0.0911351, 0.995838, -0.000843363, 0.00210026, 0.000654679, 0.999998, 0.00304284  
176, -4.0907, 10.8369, 180.433, 0.995741, -0.0921537, -0.0028367, 0.0921456, 0.995741, -0.00284452, 0.00308675, 0.00257102, 0.999992, 0.00300123  
177, -4.09507, 10.8415, 180.462, 0.995698, -0.0925736, -0.00394368, 0.0925657, 0.995704, -0.00214592, 0.00412539, 0.00177164, 0.99999, 0.00290803  
178, -4.09373, 10.8645, 180.439, 0.995696, -0.0926759, -0.00124565, 0.0926752, 0.995696, -0.000585898, 0.00129459, 0.000467935, 0.999999, 0.00287308  
179, -4.07183, 10.8381, 180.456, 0.995637, -0.0932935, -0.0017967, 0.0932919, 0.995638, -0.000943368, 0.00187687, 0.000771635, 0.999998, 0.0028373  
180, -4.12766, 10.8622, 180.438, 0.995742, -0.0921299, -0.0032557, 0.0921227, 0.995745, -0.0022929, 0.0034531, 0.00198321, 0.999992, 0.00275936  
181, -4.09425, 10.8623, 180.437, 0.995763, -0.0919323, -0.0022877, 0.09193, 0.995765, -0.00107335, 0.00237669, 0.000858496, 0.999997, 0.00283897  
182, -4.11256, 10.8581, 180.438, 0.995692, -0.0926568, -0.00346181, 0.0926496, 0.995696, -0.00219622, 0.0036504, 0.00186602, 0.999992, 0.00297793  
183, -4.09626, 10.8439, 180.464, 0.99569, -0.0927239, -0.00195018, 0.0927241, 0.995692, 2.27599e-005, 0.00193967, -0.00020349, 0.999998, 0.0029649  
184, -4.1168, 10.8353, 180.429, 0.995701, -0.0926146, -0.00169792, 0.0926117, 0.995701, -0.00172827, 0.00185068, 0.00156359, 0.999997, 0.00281705  
185, -4.05062, 10.8568, 180.451, 0.995669, -0.0929005, -0.0034821, 0.092893, 0.995674, -0.0022573, 0.00367673, 0.00192406, 0.999991, 0.00284063  
186, -4.09664, 10.8352, 180.449, 0.995663, -0.0930004, -0.00250077, 0.0929952, 0.995664, -0.00213719, 0.00268868, 0.00189536, 0.999995, 0.00287503  
187, -4.08465, 10.8552, 180.429, 0.995658, -0.0930422, -0.00304547, 0.093033, 0.995658, -0.003022, 0.00331342, 0.00272554, 0.999991, 0.00308112  
188, -4.06033, 10.8205, 180.422, 0.995607, -0.0935667, -0.00334252, 0.0935571, 0.99561, -0.00294116, 0.00360304, 0.00261553, 0.99999, 0.00290027  
189, -4.10026, 10.8359, 180.46, 0.995702, -0.0925573, -0.00318707, 0.0925529, 0.995707, -0.00150988, 0.00331314, 0.00120841, 0.999994, 0.00283508  
190, -4.08664, 10.8452, 180.465, 0.995681, -0.0927776, -0.00344863, 0.0927696, 0.995685, -0.00240581, 0.00365695, 0.00207549, 0.999991, 0.00289583  
191, -4.08631, 10.8779, 180.442, 0.995654, -0.0930478, -0.00383514, 0.0930364, 0.995658, -0.00303429, 0.00410082, 0.0026643, 0.999988, 0.00282843  
192, -4.06834, 10.8434, 180.474, 0.995681, -0.0927977, -0.00269119, 0.0927959, 0.995685, -0.000804395, 0.00275422, 0.00055119, 0.999996, 0.00306115  
193, -4.14744, 10.8493, 180.434, 0.995733, -0.0922669, -0.00184589, 0.0922642, 0.995733, -0.00149844, 0.00197628, 0.00132173, 0.999997, 0.00305061  
194, -4.1077, 10.852, 180.489, 0.995719, -0.0923967, -0.00271914, 0.0923956, 0.995722, -0.00053632, 0.00275707, 0.000282787, 0.999996, 0.00286338  
195, -4.0846, 10.8602, 180.481, 0.995641, -0.093219, -0.0031838, 0.0932139, 0.995645, -0.00171981, 0.00333025, 0.00141554, 0.999993, 0.0030212  
196, -4.11631, 10.8612, 180.468, 0.995745, -0.0921216, -0.0022837, 0.0921185, 0.995747, -0.00142791, 0.00240553, 0.00121146, 0.999996, 0.00300872  
197, -4.10682, 10.8707, 180.416, 0.995724, -0.0923402, -0.00263498, 0.0923326, 0.995724, -0.00285692, 0.00288752, 0.00260141, 0.999992, 0.00316156  
198, -4.12075, 10.8268, 180.444, 0.995737, -0.0922215, -0.00144608, 0.0922173, 0.995735, -0.00269838, 0.00168876, 0.00255352, 0.999995, 0.00309887  
199, -4.14623, 10.8234, 180.439, 0.995779, -0.0917754, -0.000997558, 0.0917743, 0.995779, -0.00110438, 0.0010947, 0.00100817, 0.999999, 0.00283786  
200, -4.09418, 10.8581, 180.477, 0.9957, -0.0925431, -0.0041849, 0.0925375, 0.995708, -0.00150365, 0.00430609, 0.00110992, 0.99999, 0.00288446  
201, -4.40746, 11.0509, 180.354, 0.995803, -0.0915277, -0.000135136, 0.0915262, 0.995793, -0.00447622, 0.000544266, 0.00444506, 0.99999, 0.00283231  
202, -4.3197, 11.0025, 180.39, 0.995674, -0.092908, -0.000970227, 0.0929056, 0.995672, -0.00234014, 0.00118345, 0.00223988, 0.999997, 0.00290609  
203, -4.32203, 10.989, 180.388, 0.995768, -0.0918733, -0.00233085, 0.0918626, 0.995762, -0.00433081, 0.00271885, 0.00409836, 0.999988, 0.00292939  
204, -4.29925, 10.9864, 180.408, 0.99595, -0.0898605, -0.0030751, 0.0898488, 0.995948, -0.00373738, 0.00339849, 0.00344595, 0.999988, 0.00286754  
205, -4.33812, 10.9767, 180.441, 0.995967, -0.0896351, -0.00382755, 0.0896237, 0.995971, -0.00304095, 0.0040847, 0.00268565, 0.999988, 0.00296074  
206, -4.30361, 10.9585, 180.453, 0.996011, -0.0891708, -0.00333971, 0.0891646, 0.996015, -0.00194018, 0.00349941, 0.00163465, 0.999993, 0.00301399  
207, -4.30008, 10.9442, 180.464, 0.995965, -0.0897063, -0.00262529, 0.0896975, 0.995964, -0.00330698, 0.00291135, 0.00305815, 0.999991, 0.00294326  
208, -4.34605, 10.9495, 180.433, 0.996033, -0.0889296, -0.00300011, 0.0889224, 0.996036, -0.00243071, 0.00320438, 0.00215429, 0.999993, 0.00301316  
209, -4.34914, 10.9438, 180.419, 0.995995, -0.0893672, -0.00270099, 0.0893643, 0.995998, -0.00114986, 0.00279294, 0.000903878, 0.999996, 0.00304728  
210, -4.31793, 10.9611, 180.449, 0.995959, -0.0897507, -0.00309413, 0.0897445, 0.995963, -0.00207021, 0.00326744, 0.00178416, 0.999993, 0.00281373  
211, -4.37857, 10.9392, 180.435, 0.996053, -0.0886965, -0.00344983, 0.0886879, 0.996056, -0.0025693, 0.00366411, 0.0022532, 0.999991, 0.00271026  
212, -4.32455, 10.9516, 180.422, 0.995912, -0.0902146, -0.00444613, 0.0902, 0.995918, -0.00337742, 0.00473268, 0.00296257, 0.999984, 0.0027846  
213, -4.34167, 10.9584, 180.439, 0.995958, -0.0897726, -0.00291632, 0.0897698, 0.995962, -0.0010823, 0.0030017, 0.000816127, 0.999995, 0.00298653  
214, -4.35434, 10.946, 180.434, 0.996058, -0.08869, -0.00185158, 0.0886882, 0.996059, -0.0010254, 0.00193523, 0.00085714, 0.999998, 0.00286088  
215, -4.33477, 10.9472, 180.45, 0.996052, -0.0887523, -0.00174772, 0.0887494, 0.996053, -0.00165733, 0.00188791, 0.00149568, 0.999997, 0.00300428  
216, -4.31642, 10.9489, 180.442, 0.995932, -0.0900452, -0.00341236, 0.0900372, 0.995935, -0.00245095, 0.00361918, 0.00213374, 0.999991, 0.00290554  
217, -4.32566, 10.9659, 180.449, 0.995975, -0.0895814, -0.0029978, 0.0895746, 0.995977, -0.00234319, 0.00319565, 0.00206523, 0.999993, 0.00281705  
218, -4.36556, 10.9538, 180.424, 0.996047, -0.0887854, -0.00285406, 0.0887805, 0.99605, -0.00181446, 0.00300388, 0.00155391, 0.999994, 0.00271137  
219, -4.32356, 10.964, 180.469, 0.995987, -0.0894339, -0.00340213, 0.0894256, 0.99599, -0.00251714, 0.00361361, 0.0022028, 0.999991, 0.0028753  
220, -4.33194, 10.9467, 180.461, 0.995966, -0.0896448, -0.00381535, 0.0896342, 0.995971, -0.00284619, 0.00405512, 0.00249272, 0.999989, 0.00305061  
221, -4.33202, 10.9458, 180.428, 0.995976, -0.0895116, -0.0043519, 0.0894971, 0.995981, -0.00340349, 0.00463907, 0.00300032, 0.999985, 0.00288224  
222, -4.35618, 10.9372, 180.45, 0.996013, -0.0891313, -0.00376424, 0.0891201, 0.996016, -0.00304137, 0.00402033, 0.00269377, 0.999988, 0.00293411  
223, -4.31556, 10.9586, 180.477, 0.995999, -0.0893189, -0.00288221, 0.0893152, 0.996002, -0.00139846, 0.0029956, 0.00113544, 0.999995, 0.0030825  
224, -4.31742, 10.9783, 180.461, 0.995997, -0.0893238, -0.0034671, 0.0893183, 0.996002, -0.00171657, 0.00360656, 0.00140002, 0.999993, 0.00305643  
225, -4.33194, 10.9593, 180.47, 0.996003, -0.0892615, -0.00322637, 0.0892569, 0.996007, -0.00154172, 0.0033511, 0.00124758, 0.999994, 0.00296601  
226, -4.30722, 10.9751, 180.432, 0.996045, -0.0888028, -0.0030672, 0.0887945, 0.996046, -0.0027399, 0.00329838, 0.00245671, 0.999992, 0.0028839  
227, -4.2937, 10.9903, 180.471, 0.996005, -0.0892322, -0.00336082, 0.089225, 0.996009, -0.00224638, 0.00354785, 0.00193754, 0.999992, 0.00297322  
228, -4.29928, 10.9899, 180.476, 0.996018, -0.0891021, -0.00292042, 0.0890953, 0.99602, -0.00236038, 0.00311911, 0.00209078, 0.999993, 0.00291663  
229, -4.2978, 10.9838, 180.44, 0.996011, -0.0890961, -0.00481526, 0.0890789, 0.996018, -0.00367641, 0.00512363, 0.00323281, 0.999982, 0.00304977  
230, -4.28586, 10.9846, 180.455, 0.996024, -0.0890115, -0.0037549, 0.0890012, 0.996028, -0.00282056, 0.00399105, 0.00247516, 0.999989, 0.00306975  
231, -4.33958, 10.9564, 180.443, 0.996045, -0.0887992, -0.00286779, 0.0887938, 0.996048, -0.00194799, 0.00302943, 0.00168564, 0.999994, 0.00304118  
232, -4.33887, 10.9735, 180.452, 0.995979, -0.0894994, -0.00392294, 0.0894902, 0.995985, -0.00246936, 0.00412819, 0.00210837, 0.999989, 0.00297571  
233, -4.35772, 10.9499, 180.439, 0.99602, -0.0890478, -0.00378827, 0.0890378, 0.996024, -0.0027463, 0.00401776, 0.00239807, 0.999989, 0.00294437  
234, -4.3365, 10.944, 180.454, 0.996067, -0.0885276, -0.00352678, 0.0885191, 0.996071, -0.00249717, 0.00373399, 0.00217516, 0.999991, 0.00293022  
235, -4.27394, 10.9662, 180.481, 0.995996, -0.0893286, -0.00351801, 0.0893166, 0.995997, -0.00341523, 0.003809, 0.00308734, 0.999988, 0.00299291  
236, -4.27413, 10.9807, 180.466, 0.996043, -0.0888022, -0.00349172, 0.0887909, 0.996045, -0.00325152, 0.00376665, 0.00292862, 0.999989, 0.00287752  
237, -4.33331, 10.9651, 180.466, 0.996082, -0.0883837, -0.00297268, 0.0883793, 0.996086, -0.00158253, 0.00310091, 0.00131361, 0.999994, 0.00296406  
238, -4.28218, 10.9708, 180.47, 0.995975, -0.0895654, -0.0035488, 0.0895583, 0.995979, -0.0020987, 0.0037225, 0.00177243, 0.999992, 0.00292884  
239, -4.29828, 10.9659, 180.446, 0.995977, -0.0895432, -0.00329716, 0.0895343, 0.99598, -0.00274513, 0.00352971, 0.00243888, 0.999991, 0.00304617  
240, -4.37213, 10.9444, 180.434, 0.996087, -0.0883171, -0.003381, 0.0883111, 0.996091, -0.00188264, 0.00353406, 0.0015767, 0.999993, 0.00302287  
241, -4.34999, 10.9398, 180.445, 0.996028, -0.0889899, -0.00302956, 0.0889861, 0.996032, -0.00139291, 0.00314149, 0.00111779, 0.999994, 0.00299125  
242, -4.30701, 10.9528, 180.47, 0.996016, -0.0891323, -0.00283049, 0.0891258, 0.996018, -0.00237463, 0.00303088, 0.0021129, 0.999993, 0.00282427  
243, -4.28815, 10.9551, 180.466, 0.996015, -0.0891263, -0.00338975, 0.0891172, 0.996017, -0.00274833, 0.0036212, 0.00243529, 0.99999, 0.00272774  
244, -4.28137, 10.9693, 180.461, 0.996, -0.0892722, -0.00373093, 0.0892645, 0.996006, -0.00218589, 0.00391116, 0.0018441, 0.999991, 0.00299374  
245, -4.33701, 10.9534, 180.469, 0.996017, -0.0890987, -0.00335008, 0.0890929, 0.996022, -0.0018582, 0.00350231, 0.00155233, 0.999993, 0.002933  
246, -4.30608, 10.9493, 180.475, 0.996009, -0.0891894, -0.00329081, 0.0891801, 0.996011, -0.00287274, 0.00353391, 0.0025678, 0.99999, 0.0028337  
247, -4.29308, 10.9602, 180.465, 0.996035, -0.0889047, -0.00331885, 0.0888965, 0.996038, -0.00253493, 0.00353107, 0.00222985, 0.999991, 0.00299541  
248, -4.29533, 10.9649, 180.451, 0.996019, -0.0890554, -0.00387885, 0.0890412, 0.996021, -0.00367217, 0.00419044, 0.00331218, 0.999986, 0.00279486  
249, -4.30497, 10.9631, 180.426, 0.99598, -0.0895072, -0.00359918, 0.0894991, 0.995984, -0.00235776, 0.00379576, 0.00202616, 0.999991, 0.00303896  
250, -4.2903, 10.9505, 180.459, 0.995979, -0.0895501, -0.00244612, 0.0895432, 0.995979, -0.00280152, 0.00268716, 0.00257122, 0.999993, 0.00306586  
251, -4.28566, 10.9442, 180.433, 0.996076, -0.0884571, -0.00292744, 0.0884492, 0.996077, -0.00271826, 0.0031564, 0.00244866, 0.999992, 0.00290193  
252, -4.2911, 10.9383, 180.45, 0.996065, -0.0885699, -0.00300829, 0.0885626, 0.996068, -0.00248355, 0.00321643, 0.00220735, 0.999992, 0.00294493  
253, -4.40448, 10.9697, 180.415, 0.99611, -0.0880458, -0.00351559, 0.0880402, 0.996115, -0.00169451, 0.00365112, 0.0013784, 0.999992, 0.00295463  
254, -4.3092, 10.9577, 180.481, 0.995909, -0.0902943, -0.00341214, 0.0902937, 0.995915, -0.000322925, 0.00342736, 1.35092e-005, 0.999994, 0.00296989  
255, -4.42906, 10.9927, 180.45, 0.996049, -0.088777, -0.00213166, 0.0887744, 0.996051, -0.00127759, 0.00223666, 0.0010833, 0.999997, 0.00289278  
256, -4.41561, 11.0049, 180.457, 0.996139, -0.0877938, -0.000324595, 0.0877937, 0.996139, -0.000411561, 0.000359474, 0.000381474, 1, 0.00290332  
257, -4.45774, 10.9395, 180.443, 0.996121, -0.0879974, 0.000489208, 0.0879974, 0.996121, -4.96092e-005, -0.000482945, 9.24658e-005, 1, 0.00305393  
258, -4.45637, 10.9802, 180.458, 0.996203, -0.0870476, -0.00175138, 0.0870456, 0.996204, -0.0012063, 0.00184973, 0.00104927, 0.999998, 0.00305393  
259, -4.42044, 11.0023, 180.488, 0.995981, -0.0895218, -0.00261085, 0.0895181, 0.995984, -0.00148019, 0.00273287, 0.00124053, 0.999995, 0.00305643  
260, -4.41929, 10.9766, 180.497, 0.996065, -0.0886038, -0.00206898, 0.0886032, 0.996067, -0.00039352, 0.00209571, 0.000208653, 0.999998, 0.00313465  
261, -4.40366, 11.0127, 180.511, 0.996128, -0.0878964, -0.00189602, 0.0878948, 0.996129, -0.000913357, 0.00196897, 0.00074317, 0.999998, 0.00283564  
262, -4.37317, 10.9957, 180.5, 0.996036, -0.0889153, -0.00261242, 0.0889152, 0.996039, -0.000135796, 0.00261415, -9.70267e-005, 0.999997, 0.00288113  
263, -4.35579, 11.0001, 180.487, 0.995955, -0.089759, -0.00407912, 0.0897487, 0.995961, -0.00265758, 0.00430119, 0.00228074, 0.999988, 0.00284119  
264, -4.35847, 10.9839, 180.492, 0.996021, -0.0891022, -0.00185021, 0.0891025, 0.996022, 5.34049e-005, 0.0018381, -0.000218051, 0.999998, 0.00313216  
265, -4.48509, 10.9471, 180.472, 0.996169, -0.0874438, -0.000540732, 0.0874438, 0.996169, -2.2862e-005, 0.00054066, -2.45092e-005, 1, 0.00294576  
266, -4.36722, 10.9971, 180.492, 0.996006, -0.0892455, -0.00262114, 0.0892435, 0.996009, -0.00087235, 0.00268853, 0.000634947, 0.999996, 0.00290165  
267, -4.36452, 11.021, 180.521, 0.995955, -0.089784, -0.00352485, 0.0897796, 0.995961, -0.00140629, 0.00363687, 0.00108414, 0.999993, 0.00289944  
268, -4.42634, 11.0059, 180.489, 0.996043, -0.0888393, -0.00246374, 0.0888353, 0.996045, -0.00168801, 0.00260396, 0.00146246, 0.999996, 0.00283175  
269, -4.43743, 11.0097, 180.512, 0.996035, -0.0889162, -0.00280897, 0.0889129, 0.996039, -0.00126671, 0.00291048, 0.00101194, 0.999995, 0.00289638  
270, -4.43147, 10.9943, 180.502, 0.996041, -0.0888378, -0.00328567, 0.0888291, 0.996043, -0.00269826, 0.00351237, 0.00239571, 0.999991, 0.00295713  
271, -4.41645, 11.0023, 180.501, 0.996017, -0.0891206, -0.00268767, 0.0891144, 0.996019, -0.00236898, 0.00288809, 0.00212004, 0.999994, 0.00283647  
