0, 0, 0, 0, 0, 0, 0, 0, 0, 0, 0, 0, 0, 0.0064349  
1, -7.10086, 7.28737, 180.435, 0.994318, -0.105709, 0.0125577, 0.105513, 0.994299, 0.0153532, -0.0141091, -0.0139409, 0.999803, 0.00267032  
2, -7.08134, 7.31398, 180.409, 0.994238, -0.106545, 0.0117695, 0.106375, 0.994224, 0.0142663, -0.0132215, -0.0129321, 0.999829, 0.00287114  
3, -7.09284, 7.29595, 180.401, 0.994212, -0.106858, 0.011163, 0.106694, 0.994188, 0.0144068, -0.0126376, -0.0131324, 0.999834, 0.00293605  
4, -7.1069, 7.34409, 180.404, 0.994239, -0.106577, 0.0113732, 0.106408, 0.994216, 0.0145647, -0.0128597, -0.0132706, 0.999829, 0.00289416  
5, -7.05994, 7.35055, 180.476, 0.994285, -0.106037, 0.0124137, 0.10585, 0.994271, 0.0148819, -0.0139206, -0.0134828, 0.999812, 0.00289694  
6, -7.08137, 7.34292, 180.453, 0.994233, -0.10655, 0.0121961, 0.106371, 0.99422, 0.0145291, -0.0136737, -0.013148, 0.99982, 0.00279542  
7, -7.09614, 7.34895, 180.47, 0.994284, -0.106117, 0.0117478, 0.105937, 0.994259, 0.0150275, -0.0132751, -0.0136971, 0.999818, 0.00307058  
8, -7.06189, 7.35391, 180.472, 0.994334, -0.10552, 0.012871, 0.105323, 0.994324, 0.0150813, -0.0143893, -0.0136402, 0.999803, 0.00292579  
9, -7.10615, 7.33326, 180.469, 0.994343, -0.105373, 0.0133945, 0.105162, 0.994332, 0.015617, -0.0149642, -0.0141201, 0.999788, 0.003009  
10, -7.10274, 7.35266, 180.488, 0.994276, -0.105996, 0.0134018, 0.105783, 0.994265, 0.0157352, -0.0149928, -0.0142274, 0.999786, 0.0028165  
11, -7.09573, 7.34149, 180.47, 0.994265, -0.106064, 0.013668, 0.105848, 0.994259, 0.015676, -0.0152522, -0.0141394, 0.999784, 0.0029244  
12, -7.0613, 7.36598, 180.507, 0.994239, -0.106393, 0.0129788, 0.1062, 0.994236, 0.0147256, -0.0144706, -0.0132624, 0.999807, 0.00290165  
13, -7.04537, 7.37061, 180.497, 0.994305, -0.105756, 0.0131859, 0.105554, 0.994298, 0.0151837, -0.0147165, -0.0137054, 0.999798, 0.00306919  
14, -7.04964, 7.3625, 180.494, 0.994254, -0.106302, 0.0125973, 0.106113, 0.994244, 0.0147827, -0.0140962, -0.013361, 0.999811, 0.00297571  
15, -7.04035, 7.37678, 180.498, 0.994251, -0.106392, 0.0121024, 0.106226, 0.994249, 0.0136203, -0.0134819, -0.0122564, 0.999834, 0.00282399  
16, -7.08931, 7.34682, 180.47, 0.99424, -0.106482, 0.012195, 0.106298, 0.994223, 0.0148944, -0.0137106, -0.0135123, 0.999815, 0.00282621  
17, -7.12086, 7.36506, 180.452, 0.994335, -0.105547, 0.0125893, 0.105351, 0.994317, 0.0152955, -0.0141322, -0.0138825, 0.999804, 0.00308056  
18, -7.04621, 7.3699, 180.468, 0.994318, -0.105711, 0.0125155, 0.105505, 0.994288, 0.0160985, -0.0141458, -0.0146866, 0.999792, 0.00301427  
19, -7.10657, 7.36898, 180.442, 0.994368, -0.105242, 0.012516, 0.105049, 0.994351, 0.0152063, -0.0140456, -0.0138058, 0.999806, 0.00300872  
20, -7.06664, 7.37981, 180.472, 0.994278, -0.106096, 0.0124339, 0.105909, 0.994265, 0.0148192, -0.0139348, -0.0134175, 0.999813, 0.00285478  
21, -7.092, 7.33279, 180.466, 0.994339, -0.10535, 0.0138571, 0.105123, 0.994327, 0.0162283, -0.0154882, -0.0146798, 0.999772, 0.00290332  
22, -7.05889, 7.36192, 180.509, 0.994252, -0.106289, 0.0128995, 0.10609, 0.994239, 0.0152729, -0.0144485, -0.0138166, 0.9998, 0.00303896  
23, -7.0747, 7.37637, 180.483, 0.994351, -0.105445, 0.0121213, 0.105263, 0.994334, 0.0148103, -0.0136143, -0.0134507, 0.999817, 0.00313354  
24, -7.11082, 7.37844, 180.471, 0.994349, -0.105405, 0.0126781, 0.105209, 0.994334, 0.0152053, -0.0142089, -0.0137855, 0.999804, 0.00303119  
25, -7.06901, 7.39838, 180.486, 0.994291, -0.105934, 0.0127776, 0.105744, 0.994284, 0.0147356, -0.0142656, -0.0133004, 0.99981, 0.00286976  
26, -7.13079, 7.37906, 180.449, 0.994319, -0.10559, 0.0134273, 0.105385, 0.994316, 0.0151655, -0.0149523, -0.0136643, 0.999795, 0.00282232  
27, -7.1037, 7.39607, 180.437, 0.994354, -0.105431, 0.0120219, 0.105241, 0.994327, 0.0154328, -0.0135808, -0.0140804, 0.999809, 0.0028337  
28, -7.08729, 7.39434, 180.463, 0.994352, -0.10541, 0.0123492, 0.105218, 0.994332, 0.0152761, -0.0138894, -0.0138905, 0.999807, 0.00315934  
29, -7.13784, 7.389, 180.45, 0.994372, -0.105104, 0.0133245, 0.104901, 0.994368, 0.0150839, -0.0148348, -0.0136012, 0.999797, 0.00304478  
30, -7.1373, 7.36033, 180.447, 0.994304, -0.105739, 0.013369, 0.105527, 0.994293, 0.0156743, -0.0149501, -0.0141742, 0.999788, 0.00283481  
31, -7.09233, 7.33913, 180.487, 0.994294, -0.105817, 0.0135081, 0.105617, 0.994297, 0.0148013, -0.0149973, -0.0132901, 0.999799, 0.00281456  
32, -7.12479, 7.37736, 180.465, 0.994369, -0.105263, 0.0122726, 0.105075, 0.994349, 0.0151155, -0.0137944, -0.0137409, 0.99981, 0.00273079  
33, -7.13467, 7.36431, 180.466, 0.994333, -0.105558, 0.0126604, 0.105359, 0.994314, 0.0154756, -0.0142219, -0.014054, 0.9998, 0.00274882  
34, -7.1145, 7.36399, 180.498, 0.994287, -0.10593, 0.0131547, 0.105726, 0.994277, 0.0153417, -0.0147045, -0.0138632, 0.999796, 0.00260652  
35, -7.13899, 7.35836, 180.456, 0.99429, -0.105886, 0.0132817, 0.105679, 0.99428, 0.0154372, -0.0148403, -0.0139455, 0.999793, 0.00309554  
36, -7.13383, 7.36515, 180.428, 0.994343, -0.105565, 0.0117795, 0.105388, 0.994322, 0.0147671, -0.0132715, -0.0134421, 0.999822, 0.0028398  
37, -7.14053, 7.33861, 180.439, 0.994283, -0.106015, 0.0127085, 0.105815, 0.994265, 0.0155146, -0.0142804, -0.0140812, 0.999799, 0.00284035  
38, -7.13675, 7.33923, 180.442, 0.99434, -0.105411, 0.0132911, 0.105199, 0.994326, 0.0157708, -0.0148781, -0.0142833, 0.999787, 0.00316489  
39, -7.08875, 7.35219, 180.449, 0.99434, -0.105488, 0.0126663, 0.105283, 0.994315, 0.0158866, -0.0142702, -0.0144631, 0.999794, 0.00289111  
40, -7.10538, 7.34786, 180.463, 0.99431, -0.105735, 0.0129291, 0.105539, 0.994301, 0.0150404, -0.0144457, -0.0135903, 0.999803, 0.00284119  
41, -7.14104, 7.33826, 180.443, 0.994319, -0.105623, 0.0131477, 0.105423, 0.994313, 0.0150531, -0.0146629, -0.0135815, 0.9998, 0.00290803  
42, -7.11273, 7.36242, 180.456, 0.994271, -0.106076, 0.0131603, 0.105871, 0.994261, 0.0154017, -0.0147185, -0.0139202, 0.999795, 0.00282399  
43, -7.08871, 7.3535, 180.478, 0.994325, -0.105622, 0.0126958, 0.10543, 0.994314, 0.0149819, -0.014206, -0.0135584, 0.999807, 0.00300317  
44, -7.06799, 7.35459, 180.488, 0.994184, -0.107059, 0.0116821, 0.106884, 0.994162, 0.0147396, -0.0131919, -0.0134052, 0.999823, 0.00289916  
45, -7.11124, 7.33075, 180.47, 0.994153, -0.107173, 0.0132069, 0.106967, 0.994143, 0.0154119, -0.0147813, -0.0139091, 0.999794, 0.00284091  
46, -7.06229, 7.34454, 180.47, 0.994327, -0.10573, 0.0115905, 0.105557, 0.994305, 0.014644, -0.0130728, -0.0133375, 0.999826, 0.00290082  
47, -7.11152, 7.34127, 180.462, 0.994304, -0.105932, 0.0117464, 0.105771, 0.994298, 0.01358, -0.0131179, -0.0122602, 0.999839, 0.0028667  
48, -7.06283, 7.35015, 180.453, 0.994348, -0.105528, 0.0116207, 0.105347, 0.994318, 0.0152886, -0.013168, -0.013978, 0.999816, 0.00297488  
49, -7.02648, 7.36948, 180.471, 0.994276, -0.106223, 0.0114697, 0.106048, 0.994249, 0.014956, -0.0129924, -0.013654, 0.999822, 0.00297044  
50, -7.08582, 7.35197, 180.45, 0.994286, -0.105991, 0.0126928, 0.105793, 0.99427, 0.0153341, -0.0142453, -0.0139037, 0.999802, 0.00290581  
51, -7.05391, 7.34868, 180.489, 0.994199, -0.106893, 0.0119029, 0.106712, 0.994178, 0.0149483, -0.0134315, -0.0135914, 0.999817, 0.00281789  
52, -7.03531, 7.33736, 180.48, 0.994181, -0.107109, 0.0114983, 0.106927, 0.994147, 0.0154272, -0.0130834, -0.0141079, 0.999815, 0.00303258  
53, -7.06306, 7.35848, 180.499, 0.994299, -0.106015, 0.0113761, 0.105843, 0.994273, 0.0147741, -0.0128772, -0.0134858, 0.999826, 0.00296933  
54, -7.06863, 7.33403, 180.503, 0.994309, -0.105757, 0.0128815, 0.105558, 0.994296, 0.0152598, -0.0144219, -0.0138132, 0.999801, 0.00298015  
55, -7.0784, 7.33926, 180.468, 0.994308, -0.105709, 0.0132823, 0.105493, 0.994291, 0.0160379, -0.0149018, -0.0145454, 0.999783, 0.00297128  
56, -7.0575, 7.33262, 180.493, 0.994193, -0.106799, 0.0132162, 0.106601, 0.994191, 0.0148745, -0.014728, -0.0133792, 0.999802, 0.00287614  
57, -7.07867, 7.3293, 180.496, 0.994303, -0.105925, 0.0119297, 0.10574, 0.994278, 0.0152023, -0.0134718, -0.0138543, 0.999813, 0.00296434  
58, -7.06907, 7.3058, 180.487, 0.994276, -0.106089, 0.0126931, 0.105892, 0.99426, 0.0152803, -0.0142413, -0.0138488, 0.999803, 0.00302093  
59, -7.02097, 7.36654, 180.48, 0.994257, -0.106369, 0.0117509, 0.106185, 0.994228, 0.0153163, -0.0133122, -0.0139806, 0.999814, 0.0031488  
60, -7.09022, 7.32838, 180.479, 0.994291, -0.105915, 0.0129105, 0.105725, 0.994289, 0.0145636, -0.0143793, -0.0131155, 0.999811, 0.00295297  
61, -7.07293, 7.35642, 180.457, 0.994275, -0.106137, 0.0123482, 0.105956, 0.994266, 0.0144368, -0.0138097, -0.0130458, 0.99982, 0.00299152  
62, -7.05763, 7.34348, 180.48, 0.994232, -0.106578, 0.0119658, 0.106403, 0.994219, 0.0144093, -0.0134323, -0.013053, 0.999825, 0.00289833  
63, -7.04521, 7.3515, 180.473, 0.994324, -0.105631, 0.0127304, 0.105435, 0.99431, 0.015204, -0.014264, -0.0137755, 0.999803, 0.00296545  
64, -7.08763, 7.3332, 180.447, 0.99426, -0.10629, 0.0122035, 0.106099, 0.994238, 0.0153124, -0.0137608, -0.0139297, 0.999808, 0.00288362  
65, -7.07272, 7.36514, 180.462, 0.994315, -0.10584, 0.0116299, 0.105674, 0.994301, 0.0140813, -0.013054, -0.0127723, 0.999833, 0.00284535  
66, -7.07642, 7.36236, 180.465, 0.99428, -0.106056, 0.012628, 0.105855, 0.994259, 0.0156333, -0.0142135, -0.0142071, 0.999798, 0.00289306  
67, -7.11455, 7.33841, 180.451, 0.994354, -0.105389, 0.012376, 0.105197, 0.994335, 0.015246, -0.0139126, -0.013858, 0.999807, 0.00284313  
68, -7.12973, 7.30949, 180.45, 0.994266, -0.106182, 0.0126555, 0.106001, 0.994264, 0.0142459, -0.0140956, -0.0128227, 0.999818, 0.00302536  
69, -7.10314, 7.34576, 180.451, 0.994337, -0.105648, 0.0114905, 0.105478, 0.994316, 0.0144961, -0.0129567, -0.013202, 0.999829, 0.00283786  
70, -7.11365, 7.33832, 180.478, 0.994277, -0.10607, 0.0127167, 0.105883, 0.994272, 0.0145788, -0.0141902, -0.0131489, 0.999813, 0.00291025  
71, -7.12188, 7.34867, 180.476, 0.994272, -0.106081, 0.0130341, 0.105891, 0.994272, 0.0144698, -0.0144944, -0.0130067, 0.99981, 0.0029036  
72, -7.11475, 7.33094, 180.459, 0.994282, -0.105981, 0.013092, 0.105779, 0.994272, 0.0153193, -0.0146406, -0.0138469, 0.999797, 0.0028423  
73, -7.09501, 7.33677, 180.465, 0.994279, -0.106005, 0.0131348, 0.105816, 0.994283, 0.0143287, -0.0145786, -0.0128568, 0.999811, 0.00293799  
74, -7.07872, 7.32365, 180.487, 0.994295, -0.105796, 0.0136218, 0.10558, 0.994287, 0.0157082, -0.0152058, -0.0141804, 0.999784, 0.00286809  
75, -7.0609, 7.36713, 180.499, 0.994284, -0.105981, 0.0129256, 0.10579, 0.99428, 0.0147232, -0.014412, -0.0132716, 0.999808, 0.00280013  
76, -7.11258, 7.35002, 180.478, 0.994289, -0.105926, 0.0129837, 0.105735, 0.994286, 0.0146458, -0.0144609, -0.0131893, 0.999808, 0.00289306  
77, -7.10055, 7.34631, 180.472, 0.994346, -0.105501, 0.0121034, 0.105311, 0.994321, 0.0153663, -0.0136558, -0.0140048, 0.999809, 0.00288779  
78, -7.02913, 7.36383, 180.504, 0.994237, -0.106476, 0.0124917, 0.106282, 0.994218, 0.0152925, -0.0140478, -0.0138767, 0.999805, 0.00291719  
79, -7.0885, 7.36929, 180.475, 0.994318, -0.105824, 0.0115543, 0.105658, 0.994302, 0.0141712, -0.0129881, -0.0128698, 0.999833, 0.00283564  
80, -7.09038, 7.33583, 180.484, 0.99431, -0.105697, 0.0132661, 0.105494, 0.994304, 0.0152055, -0.0147977, -0.0137195, 0.999796, 0.0027871  
81, -7.11615, 7.34839, 180.474, 0.994315, -0.105654, 0.0131865, 0.105448, 0.994305, 0.0154369, -0.0147424, -0.0139587, 0.999794, 0.00286199  
82, -7.11623, 7.37048, 180.469, 0.994329, -0.105599, 0.0125614, 0.105411, 0.994318, 0.0148329, -0.0140563, -0.0134247, 0.999811, 0.00290027  
83, -7.10649, 7.36994, 180.475, 0.994329, -0.105552, 0.0130173, 0.105365, 0.994331, 0.0143011, -0.014453, -0.0128484, 0.999813, 0.00291025  
84, -7.13962, 7.35886, 180.471, 0.994239, -0.106366, 0.0132612, 0.106152, 0.994223, 0.0159141, -0.0148773, -0.0144148, 0.999785, 0.00279875  
85, -7.09571, 7.36858, 180.483, 0.994327, -0.105564, 0.013067, 0.105352, 0.994307, 0.0159744, -0.0146789, -0.0145071, 0.999787, 0.00280735  
86, -7.08178, 7.39612, 180.477, 0.994328, -0.10568, 0.0119519, 0.105489, 0.994298, 0.015611, -0.0135335, -0.0142617, 0.999807, 0.0028251  
87, -7.10185, 7.38242, 180.478, 0.994329, -0.10566, 0.0120967, 0.105481, 0.994314, 0.0145891, -0.0135694, -0.0132304, 0.99982, 0.00282399  
88, -7.09202, 7.36672, 180.462, 0.994267, -0.106114, 0.0131213, 0.105908, 0.994256, 0.0154671, -0.0146872, -0.0139888, 0.999794, 0.0029072  
89, -7.10167, 7.36227, 180.455, 0.994367, -0.105383, 0.0113091, 0.105217, 0.994345, 0.0143979, -0.0127625, -0.0131269, 0.999832, 0.00279597  
90, -7.11773, 7.37579, 180.468, 0.994344, -0.105633, 0.0109888, 0.105479, 0.994326, 0.0137663, -0.0123806, -0.0125294, 0.999845, 0.00286254  
91, -7.12682, 7.36358, 180.455, 0.994304, -0.105927, 0.0117607, 0.105755, 0.994288, 0.0144169, -0.0132207, -0.0130911, 0.999827, 0.002814  
92, -7.10526, 7.38267, 180.473, 0.994287, -0.106031, 0.0122983, 0.105845, 0.994272, 0.0148649, -0.013804, -0.0134783, 0.999814, 0.00292273  
93, -7.16173, 7.3662, 180.417, 0.994414, -0.104856, 0.0120432, 0.10468, 0.994401, 0.0144516, -0.0134911, -0.0131102, 0.999823, 0.00292662  
94, -7.13057, 7.36851, 180.471, 0.994263, -0.106223, 0.0125644, 0.106037, 0.994255, 0.0146132, -0.0140444, -0.0131971, 0.999814, 0.00279153  
95, -7.14188, 7.3643, 180.466, 0.994263, -0.106287, 0.0119976, 0.106109, 0.994248, 0.0145491, -0.013475, -0.0131926, 0.999822, 0.00281678  
96, -7.12249, 7.38846, 180.445, 0.994379, -0.105218, 0.0118049, 0.105037, 0.994355, 0.0150308, -0.0133198, -0.0137064, 0.999817, 0.0028434  
97, -7.13612, 7.36443, 180.483, 0.994306, -0.105822, 0.0125481, 0.105636, 0.994297, 0.0146604, -0.0140279, -0.0132514, 0.999814, 0.00277517  
98, -7.15036, 7.34087, 180.482, 0.994321, -0.105725, 0.0121454, 0.105542, 0.994304, 0.014846, -0.0136458, -0.0134798, 0.999816, 0.00293466  
99, -7.14008, 7.3466, 180.474, 0.99426, -0.106308, 0.0120544, 0.106128, 0.994243, 0.0147451, -0.0135525, -0.0133812, 0.999819, 0.00282954  
100, -7.14089, 7.37788, 180.46, 0.994314, -0.105821, 0.0118773, 0.10563, 0.994281, 0.0157418, -0.0134752, -0.0143977, 0.999806, 0.00280901  
101, -7.11079, 7.37001, 180.502, 0.994244, -0.106462, 0.0120208, 0.106283, 0.994228, 0.0146305, -0.013509, -0.0132687, 0.999821, 0.00285311  
102, -7.09924, 7.37671, 180.498, 0.994266, -0.106298, 0.011636, 0.106122, 0.994243, 0.0147845, -0.0131405, -0.0134649, 0.999823, 0.00279958  
103, -7.11685, 7.40765, 180.485, 0.994309, -0.105888, 0.0116869, 0.105714, 0.994288, 0.0146745, -0.013174, -0.0133555, 0.999824, 0.00305366  
104, -7.09639, 7.3821, 180.492, 0.994297, -0.105985, 0.0118324, 0.105791, 0.99426, 0.0159754, -0.0134576, -0.0146325, 0.999802, 0.00287336  
105, -7.13364, 7.37224, 180.465, 0.994322, -0.105718, 0.0121354, 0.105538, 0.994308, 0.0146174, -0.0136116, -0.0132537, 0.99982, 0.00283314  
106, -7.15488, 7.35796, 180.486, 0.994306, -0.105812, 0.0126344, 0.105611, 0.994285, 0.0156316, -0.0142162, -0.0142082, 0.999798, 0.00282815  
107, -7.11811, 7.39745, 180.489, 0.99421, -0.106817, 0.0116555, 0.106629, 0.994176, 0.0156527, -0.0132596, -0.0143192, 0.99981, 0.00280402  
108, -7.14823, 7.37122, 180.491, 0.99434, -0.105547, 0.0122004, 0.10537, 0.99433, 0.0143218, -0.0136429, -0.0129552, 0.999823, 0.00313604  
109, -7.14896, 7.3702, 180.458, 0.994296, -0.105912, 0.0126131, 0.105714, 0.994277, 0.0154253, -0.0141746, -0.014004, 0.999801, 0.00283453  
110, -7.13204, 7.37914, 180.475, 0.99424, -0.106519, 0.0118728, 0.106334, 0.994214, 0.0152262, -0.013426, -0.013876, 0.999814, 0.00280984  
111, -7.11885, 7.36452, 180.485, 0.994297, -0.106046, 0.0112668, 0.10588, 0.994274, 0.0144367, -0.0127332, -0.0131614, 0.999832, 0.00279875  
112, -7.14021, 7.35999, 180.44, 0.994329, -0.10561, 0.0124998, 0.10542, 0.994315, 0.0149599, -0.0140086, -0.0135574, 0.99981, 0.00290831  
113, -7.11028, 7.363, 180.486, 0.994324, -0.105692, 0.012176, 0.105509, 0.994308, 0.0147806, -0.0136689, -0.013412, 0.999817, 0.00359565  
114, -7.13894, 7.36036, 180.432, 0.994356, -0.105266, 0.0132016, 0.105069, 0.994354, 0.0148704, -0.0146924, -0.0133994, 0.999802, 0.00291525  
115, -7.10486, 7.37244, 180.461, 0.994292, -0.105979, 0.0123591, 0.105788, 0.994273, 0.0151935, -0.0138985, -0.0137994, 0.999808, 0.00282399  
116, -7.1357, 7.39127, 180.457, 0.994353, -0.105419, 0.0122102, 0.105233, 0.994334, 0.0150142, -0.0137238, -0.0136445, 0.999813, 0.00281511  
117, -7.13407, 7.36009, 180.442, 0.994299, -0.10593, 0.0121762, 0.105736, 0.994271, 0.0156552, -0.0137648, -0.0142785, 0.999803, 0.00281234  
118, -7.13053, 7.3865, 180.466, 0.994271, -0.106177, 0.0123093, 0.106002, 0.994267, 0.014045, -0.0137299, -0.0126597, 0.999826, 0.00297017  
119, -7.14174, 7.35488, 180.486, 0.994314, -0.105767, 0.0123691, 0.105571, 0.99429, 0.0155532, -0.0139435, -0.014159, 0.999803, 0.00285644  
120, -7.06117, 7.40291, 180.483, 0.994277, -0.10612, 0.0122967, 0.105933, 0.99426, 0.0150285, -0.0138209, -0.0136398, 0.999811, 0.00282593  
121, -7.10124, 7.38678, 180.462, 0.994303, -0.106015, 0.0110763, 0.105849, 0.994274, 0.0146408, -0.0125651, -0.013385, 0.999831, 0.00282427  
122, -7.12592, 7.36357, 180.448, 0.994266, -0.106129, 0.0131012, 0.105928, 0.994258, 0.0151989, -0.0146391, -0.013724, 0.999799, 0.00291885  
123, -7.10295, 7.37594, 180.46, 0.994258, -0.10623, 0.0128597, 0.106027, 0.994242, 0.0155329, -0.0144357, -0.0140802, 0.999797, 0.00293355  
124, -7.12743, 7.36656, 180.457, 0.994349, -0.105401, 0.0126596, 0.105216, 0.994343, 0.0145491, -0.0141215, -0.0131349, 0.999814, 0.00288224  
125, -7.1232, 7.39083, 180.453, 0.994298, -0.105939, 0.0121476, 0.105762, 0.994288, 0.0143626, -0.0135997, -0.0129959, 0.999823, 0.00275492  
126, -7.08525, 7.37643, 180.485, 0.994302, -0.105865, 0.0125311, 0.105684, 0.994297, 0.014308, -0.0139744, -0.0129021, 0.999819, 0.00283092  
127, -7.09769, 7.34259, 180.458, 0.994309, -0.105772, 0.0127208, 0.105579, 0.994298, 0.0149646, -0.0142311, -0.0135364, 0.999807, 0.00284618  
128, -7.12777, 7.35922, 180.444, 0.994309, -0.105733, 0.0130309, 0.105532, 0.994299, 0.0152594, -0.01457, -0.0137974, 0.999799, 0.00292662  
129, -7.08389, 7.36482, 180.475, 0.994268, -0.106175, 0.0125748, 0.105984, 0.994254, 0.0150202, -0.0140974, -0.0136014, 0.999808, 0.00292579  
130, -7.14093, 7.34986, 180.472, 0.994295, -0.105921, 0.0125709, 0.105727, 0.994278, 0.0152681, -0.0141162, -0.0138519, 0.999804, 0.00283148  
131, -7.12079, 7.37144, 180.449, 0.99428, -0.106044, 0.0126868, 0.105843, 0.99426, 0.0156198, -0.0142704, -0.0141877, 0.999798, 0.00280152  
132, -7.11347, 7.34465, 180.443, 0.994302, -0.105911, 0.0121219, 0.105721, 0.994278, 0.0153325, -0.0136764, -0.0139636, 0.999809, 0.00277711  
133, -7.12825, 7.34886, 180.444, 0.994359, -0.105349, 0.0122865, 0.10516, 0.99434, 0.0151377, -0.0138117, -0.0137603, 0.99981, 0.00300512  
134, -7.13377, 7.36043, 180.426, 0.994269, -0.10618, 0.0124812, 0.105988, 0.994252, 0.0151132, -0.0140142, -0.0137038, 0.999808, 0.00293466  
135, -7.06295, 7.3953, 180.453, 0.994323, -0.105609, 0.0129516, 0.105407, 0.99431, 0.0153812, -0.0145023, -0.0139287, 0.999798, 0.00284479  
136, -7.05323, 7.38661, 180.463, 0.994269, -0.106223, 0.0120558, 0.10603, 0.99424, 0.0156499, -0.0136488, -0.0142819, 0.999805, 0.00283453  
137, -7.06904, 7.38015, 180.477, 0.994273, -0.106103, 0.0128173, 0.105903, 0.994257, 0.0154078, -0.0143785, -0.0139621, 0.999799, 0.00301371  
138, -7.1423, 7.31382, 180.446, 0.994347, -0.105348, 0.0132868, 0.105132, 0.99433, 0.0159887, -0.0148958, -0.0145014, 0.999784, 0.00292273  
139, -7.10603, 7.36331, 180.47, 0.994367, -0.105193, 0.0129656, 0.104995, 0.994358, 0.0151032, -0.0144812, -0.0136568, 0.999802, 0.00296379  
140, -7.10615, 7.35699, 180.474, 0.994299, -0.105819, 0.0130869, 0.105611, 0.994283, 0.0157114, -0.0146746, -0.0142397, 0.999791, 0.0029036  
141, -7.1258, 7.34577, 180.458, 0.994296, -0.105936, 0.0124024, 0.105741, 0.994274, 0.0154153, -0.0139644, -0.0140159, 0.999804, 0.00287308  
142, -7.08417, 7.37883, 180.46, 0.994295, -0.105868, 0.0130322, 0.105661, 0.994279, 0.0156751, -0.0146171, -0.0142086, 0.999792, 0.00293106  
143, -7.0721, 7.35539, 180.458, 0.994336, -0.105497, 0.0128796, 0.105276, 0.994301, 0.0168076, -0.0145793, -0.0153565, 0.999776, 0.00294825  
144, -7.09306, 7.36949, 180.432, 0.99435, -0.105329, 0.0131678, 0.105127, 0.994343, 0.0151915, -0.0146934, -0.0137214, 0.999798, 0.00295658  
145, -7.06975, 7.36471, 180.468, 0.994289, -0.105933, 0.0129787, 0.105731, 0.994277, 0.0153245, -0.0145278, -0.0138647, 0.999798, 0.00292384  
146, -7.06002, 7.37524, 180.458, 0.994282, -0.106034, 0.0126499, 0.105841, 0.99427, 0.0150203, -0.0141701, -0.0135955, 0.999807, 0.00289916  
147, -7.10758, 7.36385, 180.467, 0.994289, -0.105825, 0.0138028, 0.105604, 0.994281, 0.0158798, -0.0154044, -0.0143315, 0.999779, 0.00291857  
148, -7.11525, 7.3787, 180.451, 0.994374, -0.105141, 0.0129061, 0.104937, 0.994356, 0.0156044, -0.014474, -0.0141622, 0.999795, 0.00297821  
149, -7.08182, 7.39021, 180.454, 0.994333, -0.105506, 0.0130521, 0.105291, 0.99431, 0.0161942, -0.0146865, -0.0147282, 0.999784, 0.00294493  
150, -7.10057, 7.34105, 180.472, 0.994332, -0.105503, 0.0131216, 0.1053, 0.994323, 0.0153052, -0.0146618, -0.0138368, 0.999797, 0.00294936  
151, -7.07985, 7.35083, 180.468, 0.994372, -0.105117, 0.013254, 0.104909, 0.994361, 0.0155058, -0.0148092, -0.014028, 0.999792, 0.00292634  
152, -7.08238, 7.36744, 180.497, 0.994224, -0.106479, 0.0134494, 0.106276, 0.994223, 0.0150211, -0.0149711, -0.013505, 0.999797, 0.00295491  
153, -7.09909, 7.36296, 180.495, 0.994281, -0.105954, 0.0133765, 0.105744, 0.994272, 0.0155523, -0.0149477, -0.0140489, 0.99979, 0.00304201  
154, -7.11659, 7.35459, 180.481, 0.994387, -0.105044, 0.0126784, 0.104865, 0.994387, 0.0140286, -0.0140809, -0.0126203, 0.999821, 0.00295879  
155, -7.07128, 7.38204, 180.474, 0.994339, -0.105465, 0.0129431, 0.105279, 0.99434, 0.0143217, -0.0143803, -0.012878, 0.999814, 0.00292079  
156, -7.07209, 7.36757, 180.468, 0.994366, -0.105177, 0.0131693, 0.104965, 0.994349, 0.0158819, -0.0147653, -0.0144101, 0.999787, 0.0029219  
157, -7.11896, 7.37461, 180.454, 0.994249, -0.106277, 0.013192, 0.10607, 0.994237, 0.0155344, -0.0147669, -0.0140458, 0.999792, 0.00303563  
158, -7.12477, 7.36361, 180.451, 0.994332, -0.105535, 0.0128603, 0.105339, 0.994322, 0.0150734, -0.0143781, -0.0136332, 0.999804, 0.00347527  
159, -7.11226, 7.37853, 180.447, 0.994358, -0.105338, 0.0124725, 0.105141, 0.994337, 0.0154943, -0.014034, -0.0140955, 0.999802, 0.00291025  
160, -7.0849, 7.35172, 180.459, 0.994345, -0.105401, 0.0129809, 0.105198, 0.994331, 0.0154465, -0.0145354, -0.0139936, 0.999796, 0.00290471  
161, -7.08273, 7.36264, 180.461, 0.994314, -0.105713, 0.012789, 0.105506, 0.994292, 0.0158672, -0.0143934, -0.0144276, 0.999792, 0.0029366  
162, -7.07004, 7.35583, 180.482, 0.994314, -0.105736, 0.01264, 0.105542, 0.9943, 0.0151363, -0.0141684, -0.0137162, 0.999806, 0.00305504  
163, -7.11791, 7.35582, 180.441, 0.994257, -0.106217, 0.0130711, 0.106011, 0.994243, 0.0155542, -0.0146479, -0.0140792, 0.999794, 0.0029244  
164, -7.12428, 7.35279, 180.458, 0.994331, -0.105541, 0.0129326, 0.105335, 0.994313, 0.0157088, -0.014517, -0.0142575, 0.999793, 0.00298182  
165, -7.10753, 7.35423, 180.485, 0.994283, -0.106042, 0.0125152, 0.105851, 0.994268, 0.0150673, -0.0140412, -0.0136564, 0.999808, 0.00275492  
166, -7.09727, 7.35995, 180.477, 0.994249, -0.106348, 0.0126147, 0.106155, 0.994236, 0.0150433, -0.0141418, -0.0136176, 0.999807, 0.00297294  
167, -7.03669, 7.3904, 180.489, 0.994221, -0.106592, 0.0127264, 0.106396, 0.994208, 0.0152008, -0.014273, -0.013759, 0.999803, 0.00294576  
168, -7.07449, 7.37172, 180.514, 0.994215, -0.106656, 0.0127092, 0.106454, 0.994194, 0.0156814, -0.0143079, -0.0142378, 0.999796, 0.00303036  
169, -7.0664, 7.37023, 180.5, 0.994309, -0.105748, 0.0129266, 0.10554, 0.994289, 0.0158344, -0.0145272, -0.0143801, 0.999791, 0.00298071  
170, -7.08405, 7.37847, 180.504, 0.994302, -0.105776, 0.0132165, 0.105576, 0.994298, 0.0150284, -0.0147307, -0.0135475, 0.9998, 0.00284174  
171, -7.09194, 7.37328, 180.472, 0.994291, -0.105849, 0.0134641, 0.10564, 0.994286, 0.0153679, -0.0150138, -0.0138578, 0.999791, 0.00282038  
172, -7.0815, 7.39689, 180.459, 0.994339, -0.105475, 0.0128766, 0.105273, 0.994323, 0.0155032, -0.0144387, -0.0140599, 0.999797, 0.00303812  
173, -7.10773, 7.37138, 180.474, 0.994307, -0.105789, 0.0127312, 0.105599, 0.994299, 0.0147704, -0.0142212, -0.0133419, 0.99981, 0.00292828  
174, -7.08691, 7.35278, 180.503, 0.99429, -0.105937, 0.0128331, 0.105743, 0.994281, 0.0149885, -0.0143475, -0.0135459, 0.999805, 0.00296656  
175, -7.07682, 7.37944, 180.455, 0.99425, -0.106349, 0.0125261, 0.106167, 0.994244, 0.0143674, -0.013982, -0.012955, 0.999818, 0.00299652  
176, -7.02809, 7.39579, 180.502, 0.99428, -0.10603, 0.0128066, 0.10583, 0.994265, 0.0153766, -0.0143635, -0.0139334, 0.9998, 0.00294548  
177, -7.0803, 7.38387, 180.482, 0.994226, -0.106545, 0.0127282, 0.106342, 0.994205, 0.0157384, -0.0143313, -0.014294, 0.999795, 0.00294187  
178, -7.06192, 7.37068, 180.485, 0.994279, -0.106027, 0.0129124, 0.105825, 0.994265, 0.0154525, -0.0144767, -0.0139976, 0.999797, 0.00309776  
179, -7.09498, 7.374, 180.492, 0.994309, -0.105786, 0.0126434, 0.105603, 0.994305, 0.0143538, -0.0140898, -0.012937, 0.999817, 0.00302842  
180, -7.10808, 7.36383, 180.482, 0.994319, -0.105589, 0.0134412, 0.10538, 0.994313, 0.0153902, -0.0149898, -0.0138863, 0.999791, 0.00284784  
181, -7.02411, 7.36377, 180.517, 0.994311, -0.105762, 0.0126339, 0.105556, 0.994285, 0.0160045, -0.0142544, -0.0145798, 0.999792, 0.00296961  
182, -7.09062, 7.28896, 180.58, 0.994083, -0.107612, 0.0147745, 0.107413, 0.994121, 0.0136384, -0.0161553, -0.0119707, 0.999798, 0.00306392  
183, -7.0457, 7.27048, 180.616, 0.994001, -0.108389, 0.0146479, 0.108206, 0.994047, 0.0127565, -0.0159434, -0.0110949, 0.999811, 0.00287475  
184, -7.05614, 7.23504, 180.627, 0.994072, -0.107748, 0.0145486, 0.107571, 0.994119, 0.012469, -0.0158065, -0.01083, 0.999816, 0.00270388  
185, -7.06446, 7.29158, 180.536, 0.994006, -0.107989, 0.0170446, 0.107789, 0.994098, 0.0122482, -0.0182667, -0.0103376, 0.99978, 0.00300179  
186, -7.14133, 7.28738, 180.478, 0.993978, -0.108169, 0.0175535, 0.107985, 0.994091, 0.0110859, -0.018649, -0.00912365, 0.999784, 0.00271775  
187, -7.12009, 7.32055, 180.488, 0.993882, -0.108957, 0.0181069, 0.108761, 0.994002, 0.0114585, -0.0192467, -0.00941908, 0.99977, 0.00289833  
188, -7.07465, 7.28863, 180.518, 0.993863, -0.109145, 0.018015, 0.108945, 0.993979, 0.011728, -0.0191866, -0.00969334, 0.999769, 0.00269057  
189, -7.12717, 7.30728, 180.512, 0.993945, -0.108548, 0.0170394, 0.108386, 0.994057, 0.0101702, -0.0180421, -0.00826185, 0.999803, 0.00283286  
190, -7.13773, 7.30979, 180.502, 0.993963, -0.108462, 0.0165503, 0.108294, 0.994061, 0.0107189, -0.0176146, -0.00886192, 0.999806, 0.00291441  
191, -7.15425, 7.29777, 180.489, 0.993956, -0.108253, 0.0182441, 0.108049, 0.994075, 0.011808, -0.0194143, -0.00976541, 0.999764, 0.00297766  
192, -7.11639, 7.29754, 180.511, 0.993911, -0.108764, 0.0176482, 0.108563, 0.994017, 0.0119936, -0.0188471, -0.0100046, 0.999772, 0.00275548  
193, -7.09894, 7.30802, 180.508, 0.993864, -0.10911, 0.0181341, 0.108922, 0.993989, 0.0110625, -0.0192321, -0.00901941, 0.999774, 0.00288362  
194, -7.15346, 7.28758, 180.483, 0.993888, -0.108962, 0.017708, 0.108776, 0.994004, 0.0111588, -0.0188177, -0.00916437, 0.999781, 0.00280457  
195, -7.13592, 7.27478, 180.499, 0.993875, -0.108891, 0.0188521, 0.108681, 0.994006, 0.0118367, -0.0200281, -0.00971532, 0.999752, 0.00280956  
196, -7.12136, 7.32178, 180.477, 0.993889, -0.108892, 0.01807, 0.108696, 0.994009, 0.0114904, -0.0192129, -0.00945602, 0.999771, 0.00273939  
197, -7.13335, 7.30101, 180.5, 0.993884, -0.108927, 0.0181772, 0.108728, 0.994004, 0.0115803, -0.0193297, -0.00953307, 0.999768, 0.00288529  
198, -7.15683, 7.31591, 180.471, 0.993924, -0.108616, 0.0177994, 0.108438, 0.994046, 0.0106754, -0.018853, -0.00868042, 0.999785, 0.00286143  
199, -7.12372, 7.30957, 180.473, 0.993905, -0.108597, 0.01897, 0.10839, 0.99404, 0.0116565, -0.0201228, -0.00952932, 0.999752, 0.00281983  
200, -7.14943, 7.29032, 180.484, 0.993875, -0.108993, 0.0182542, 0.108782, 0.993991, 0.0121743, -0.0194714, -0.010114, 0.999759, 0.0029244  
201, -7.15543, 7.27646, 180.499, 0.993833, -0.109363, 0.0183327, 0.109167, 0.993958, 0.0114051, -0.0194692, -0.00933341, 0.999767, 0.00289139  
202, -7.16672, 7.31517, 180.448, 0.99389, -0.108839, 0.0183329, 0.108637, 0.994013, 0.0116462, -0.0194907, -0.00958337, 0.999764, 0.00289028  
203, -7.11431, 7.29509, 180.488, 0.993946, -0.108382, 0.0180447, 0.108171, 0.994057, 0.0122707, -0.0192674, -0.0102445, 0.999762, 0.00284646  
204, -7.12695, 7.29079, 180.495, 0.993828, -0.109367, 0.0185802, 0.109163, 0.993956, 0.0116325, -0.0197401, -0.00953242, 0.99976, 0.00283009  
205, -7.13535, 7.28671, 180.491, 0.993857, -0.10919, 0.0180443, 0.108987, 0.993973, 0.0118418, -0.0192285, -0.00980241, 0.999767, 0.00302315  
206, -7.20652, 7.29848, 180.461, 0.993904, -0.108682, 0.0185173, 0.10847, 0.994026, 0.0121289, -0.0197248, -0.0100464, 0.999755, 0.00299763  
207, -7.15007, 7.39238, 180.397, 0.993987, -0.107917, 0.0185651, 0.107675, 0.994094, 0.0135641, -0.0199193, -0.0114836, 0.999736, 0.00302287  
208, -7.11045, 7.4077, 180.35, 0.994191, -0.106221, 0.0173803, 0.105961, 0.994253, 0.0152565, -0.018901, -0.0133263, 0.999733, 0.00282149  
209, -7.13198, 7.43021, 180.349, 0.99418, -0.106527, 0.0160944, 0.106299, 0.99423, 0.0144177, -0.0175374, -0.012623, 0.999767, 0.00296074  
210, -7.15796, 7.43762, 180.374, 0.994097, -0.107346, 0.0157561, 0.107139, 0.994153, 0.0134372, -0.0171064, -0.0116698, 0.999786, 0.00281789  
211, -7.14886, 7.34874, 180.484, 0.994297, -0.105763, 0.013674, 0.10555, 0.994294, 0.0154756, -0.0152327, -0.0139441, 0.999787, 0.00311357  
212, -7.12359, 7.34784, 180.468, 0.994363, -0.105192, 0.0133066, 0.104979, 0.994349, 0.0158112, -0.0148947, -0.0143252, 0.999786, 0.00290942  
213, -7.12592, 7.36927, 180.48, 0.994299, -0.105813, 0.0131818, 0.105598, 0.994279, 0.0160808, -0.0148079, -0.0145971, 0.999784, 0.00285311  
214, -7.11383, 7.37529, 180.435, 0.994317, -0.10572, 0.012496, 0.105525, 0.994298, 0.0153845, -0.0140511, -0.0139785, 0.999804, 0.00282121  
215, -7.1305, 7.39035, 180.43, 0.994309, -0.10586, 0.0119825, 0.10568, 0.99429, 0.0148058, -0.0134814, -0.0134553, 0.999819, 0.00293633  
216, -7.07912, 7.38532, 180.467, 0.994267, -0.106271, 0.0118235, 0.106097, 0.99425, 0.0144702, -0.0132932, -0.0131328, 0.999825, 0.00299208  
217, -7.09889, 7.39504, 180.447, 0.994269, -0.106252, 0.0118566, 0.106062, 0.994236, 0.0156951, -0.0134559, -0.0143476, 0.999807, 0.00286504  
218, -7.10431, 7.38969, 180.47, 0.994299, -0.105978, 0.0117159, 0.105794, 0.994269, 0.0153931, -0.01328, -0.0140659, 0.999813, 0.0029502  
219, -7.09758, 7.40199, 180.457, 0.994303, -0.105972, 0.0114646, 0.105808, 0.994287, 0.0140655, -0.0128896, -0.0127723, 0.999835, 0.00285589  
220, -7.12833, 7.37424, 180.442, 0.994334, -0.105567, 0.0124383, 0.10537, 0.994311, 0.0155736, -0.0140116, -0.0141748, 0.999801, 0.00291968  
221, -7.11633, 7.38339, 180.479, 0.994266, -0.106165, 0.0127742, 0.10596, 0.994245, 0.0157787, -0.0143758, -0.0143347, 0.999794, 0.00322147  
222, -7.10512, 7.41584, 180.472, 0.994287, -0.106144, 0.0112676, 0.105973, 0.994258, 0.0148697, -0.0127812, -0.0135907, 0.999826, 0.00336904  
223, -7.1355, 7.41078, 180.463, 0.994293, -0.10604, 0.0116636, 0.105865, 0.994272, 0.0147128, -0.0131569, -0.013394, 0.999824, 0.00291192  
224, -7.10587, 7.39025, 180.454, 0.994259, -0.106342, 0.0118543, 0.106169, 0.994245, 0.0143419, -0.0133112, -0.013001, 0.999827, 0.00284035  
225, -7.1386, 7.36594, 180.475, 0.994295, -0.105983, 0.0120721, 0.105807, 0.994283, 0.0143524, -0.0135242, -0.0129932, 0.999824, 0.00296656  
226, -7.11837, 7.36937, 180.456, 0.994309, -0.105752, 0.0128899, 0.105558, 0.994301, 0.014921, -0.0143944, -0.0134755, 0.999806, 0.00302592  
227, -7.15441, 7.38009, 180.428, 0.99436, -0.105362, 0.0121577, 0.105174, 0.994338, 0.0151741, -0.0136877, -0.0138098, 0.999811, 0.0029624  
228, -7.14234, 7.39455, 180.468, 0.994272, -0.10611, 0.0127833, 0.105901, 0.994247, 0.0160758, -0.0144155, -0.0146299, 0.999789, 0.00285672  
229, -7.10069, 7.40284, 180.449, 0.994381, -0.105194, 0.0118216, 0.105006, 0.99435, 0.0155341, -0.0133889, -0.0142054, 0.999809, 0.00282898  
230, -7.145, 7.37522, 180.462, 0.994382, -0.105141, 0.0122279, 0.104964, 0.994373, 0.0143397, -0.0136668, -0.0129756, 0.999822, 0.00300456  
231, -7.13903, 7.3856, 180.46, 0.994294, -0.105987, 0.0121191, 0.105794, 0.994266, 0.0155928, -0.0137022, -0.0142217, 0.999805, 0.00291968  
232, -7.1366, 7.42216, 180.456, 0.99432, -0.105809, 0.0114845, 0.105634, 0.994294, 0.0148312, -0.0129882, -0.0135338, 0.999824, 0.00294992  
233, -7.15761, 7.36514, 180.473, 0.994303, -0.105882, 0.0122572, 0.105697, 0.994288, 0.014831, -0.0137575, -0.013451, 0.999815, 0.00284729  
234, -7.10814, 7.40395, 180.486, 0.994347, -0.10554, 0.0116733, 0.105366, 0.994326, 0.0146347, -0.0131516, -0.0133219, 0.999825, 0.00289888  
235, -7.14006, 7.37621, 180.468, 0.994285, -0.106031, 0.0124464, 0.105828, 0.994257, 0.0159457, -0.0140656, -0.0145374, 0.999795, 0.00300401  
236, -7.14251, 7.38621, 180.442, 0.994368, -0.105265, 0.0123259, 0.105077, 0.994351, 0.0150019, -0.0138355, -0.0136223, 0.999811, 0.00310414  
237, -7.10692, 7.40526, 180.446, 0.994335, -0.105542, 0.012567, 0.105349, 0.99432, 0.0151637, -0.014096, -0.0137539, 0.999806, 0.00304894  
238, -7.14166, 7.38565, 180.458, 0.99429, -0.105988, 0.0124046, 0.105792, 0.994267, 0.0155115, -0.0139775, -0.0141106, 0.999803, 0.00303979  
239, -7.12942, 7.40486, 180.502, 0.9943, -0.105934, 0.0120218, 0.10576, 0.994288, 0.0143366, -0.0134718, -0.0129834, 0.999825, 0.00279847  
240, -7.15216, 7.3946, 180.472, 0.994369, -0.105303, 0.0118731, 0.105132, 0.994356, 0.0142411, -0.0133057, -0.0129127, 0.999828, 0.00303036  
241, -7.13932, 7.38904, 180.474, 0.994297, -0.105869, 0.0128238, 0.105672, 0.994286, 0.0151329, -0.0143526, -0.0136915, 0.999803, 0.00302315  
242, -7.12182, 7.40709, 180.477, 0.994288, -0.106036, 0.01219, 0.105841, 0.99426, 0.015662, -0.0137808, -0.0142824, 0.999803, 0.00295907  
243, -7.13599, 7.3996, 180.484, 0.994329, -0.105621, 0.0123892, 0.105431, 0.994312, 0.0151112, -0.0139148, -0.0137193, 0.999809, 0.00283813  
244, -7.12792, 7.42328, 180.462, 0.994319, -0.105807, 0.0115966, 0.105621, 0.994283, 0.0156499, -0.0131862, -0.0143361, 0.99981, 0.00288723  
245, -7.12626, 7.40257, 180.483, 0.994324, -0.105726, 0.0119117, 0.105547, 0.994305, 0.0147536, -0.0134037, -0.0134126, 0.99982, 0.0029269  
246, -7.13625, 7.41487, 180.481, 0.994295, -0.105924, 0.0125419, 0.105734, 0.994281, 0.0149987, -0.0140589, -0.013587, 0.999809, 0.00305393  
247, -7.09984, 7.41564, 180.496, 0.994275, -0.106147, 0.0122652, 0.105954, 0.994252, 0.0153894, -0.0138282, -0.0140018, 0.999806, 0.00295491  
248, -7.10829, 7.40126, 180.486, 0.994262, -0.106314, 0.0118728, 0.106131, 0.994237, 0.0151065, -0.0134104, -0.0137597, 0.999815, 0.00293244  
249, -7.18001, 7.45869, 180.463, 0.994181, -0.107124, 0.0113397, 0.106938, 0.994139, 0.0158878, -0.0129752, -0.0145827, 0.999809, 0.00282538  
250, -7.16553, 7.40512, 180.473, 0.994299, -0.105997, 0.0115906, 0.105799, 0.99425, 0.016528, -0.0132759, -0.0152075, 0.999796, 0.00303341  
251, -7.13643, 7.44998, 180.497, 0.994535, -0.103744, 0.0117392, 0.10357, 0.994516, 0.0145531, -0.0131846, -0.0132577, 0.999825, 0.00289416  
252, -7.20325, 7.40324, 180.527, 0.994558, -0.103573, 0.0112772, 0.103418, 0.994545, 0.0135926, -0.0126235, -0.0123524, 0.999844, 0.00294049  
253, -7.22114, 7.37545, 180.501, 0.994565, -0.103374, 0.0123858, 0.103185, 0.994548, 0.0150657, -0.0138757, -0.0137058, 0.99981, 0.00283758  
254, -7.24535, 7.38425, 180.488, 0.99462, -0.102705, 0.0135248, 0.102485, 0.994605, 0.0160279, -0.015098, -0.0145555, 0.99978, 0.00287891  
255, -7.23833, 7.3985, 180.507, 0.994528, -0.103704, 0.0126056, 0.103504, 0.994507, 0.0155455, -0.0141485, -0.0141557, 0.9998, 0.0029771  
256, -7.21031, 7.40565, 180.502, 0.994495, -0.104022, 0.0126232, 0.10382, 0.994472, 0.0157226, -0.0141889, -0.0143255, 0.999797, 0.00363976  
257, -7.21189, 7.39905, 180.48, 0.99463, -0.102765, 0.0122453, 0.102572, 0.994606, 0.0154361, -0.0137656, -0.0140972, 0.999806, 0.00299042  
258, -7.20705, 7.40345, 180.486, 0.994554, -0.103536, 0.011963, 0.103363, 0.99454, 0.0143397, -0.0133824, -0.0130251, 0.999826, 0.00298043  
259, -7.22877, 7.38439, 180.486, 0.994584, -0.103171, 0.0126203, 0.102969, 0.99456, 0.0157748, -0.0141791, -0.0143898, 0.999796, 0.00287503  
260, -7.20441, 7.41344, 180.507, 0.994495, -0.10418, 0.0112555, 0.104006, 0.994462, 0.0150898, -0.0127652, -0.0138361, 0.999823, 0.0029599  
261, -7.24131, 7.37885, 180.51, 0.994513, -0.103827, 0.0128175, 0.103631, 0.9945, 0.0151608, -0.0143211, -0.0137494, 0.999803, 0.00312383  
262, -7.23933, 7.3604, 180.517, 0.99449, -0.104043, 0.0128102, 0.103848, 0.99448, 0.0150348, -0.0143037, -0.0136216, 0.999805, 0.00279791  
263, -7.24721, 7.35701, 180.531, 0.994562, -0.103323, 0.0130652, 0.103106, 0.994536, 0.0163707, -0.0146853, -0.0149345, 0.999781, 0.00280735  
264, -7.19542, 7.41652, 180.479, 0.9946, -0.103074, 0.0121448, 0.102882, 0.994573, 0.01548, -0.0136745, -0.014147, 0.999806, 0.0029011  
265, -7.19798, 7.39708, 180.492, 0.994504, -0.103947, 0.0125254, 0.103754, 0.994487, 0.0151689, -0.0140331, -0.013786, 0.999806, 0.00294659  
266, -7.22768, 7.36486, 180.481, 0.994512, -0.103856, 0.0126434, 0.103681, 0.994515, 0.0137936, -0.0140066, -0.012407, 0.999825, 0.0029305  
267, -7.19839, 7.32824, 180.471, 0.99464, -0.102363, 0.0146208, 0.102126, 0.99464, 0.0161675, -0.0161974, -0.0145877, 0.999762, 0.00298237  
268, -7.16425, 7.34178, 180.446, 0.994599, -0.102911, 0.0134835, 0.102685, 0.994577, 0.0164787, -0.0151063, -0.0150052, 0.999773, 0.00283314  
269, -7.16444, 7.29207, 180.429, 0.994479, -0.103952, 0.0143505, 0.103712, 0.99447, 0.0165283, -0.0159893, -0.0149488, 0.99976, 0.00293133  
270, -7.12067, 7.32042, 180.458, 0.99426, -0.106131, 0.0135502, 0.105896, 0.994232, 0.0170014, -0.0152764, -0.0154689, 0.999764, 0.00282954  
271, -7.09821, 7.36351, 180.456, 0.99431, -0.105736, 0.0129539, 0.105521, 0.994284, 0.016287, -0.014602, -0.0148274, 0.999783, 0.00310858  
272, -7.07825, 7.37316, 180.46, 0.994292, -0.105998, 0.0121858, 0.105812, 0.994272, 0.0150402, -0.0137102, -0.013665, 0.999813, 0.00289  
273, -7.08482, 7.37093, 180.483, 0.994238, -0.106399, 0.013014, 0.106197, 0.994227, 0.0153433, -0.0145714, -0.0138729, 0.999798, 0.00281262  
274, -7.08384, 7.36786, 180.475, 0.994308, -0.105758, 0.0128947, 0.105571, 0.994307, 0.0144524, -0.0143497, -0.0130088, 0.999812, 0.0029391  
275, -7.09269, 7.37207, 180.474, 0.99433, -0.105576, 0.0126807, 0.105377, 0.994312, 0.0154434, -0.014239, -0.0140196, 0.9998, 0.00307751  
276, -7.09575, 7.36906, 180.45, 0.99435, -0.105442, 0.0122532, 0.105248, 0.994325, 0.0155116, -0.0138193, -0.0141343, 0.999805, 0.00311135  
277, -7.05693, 7.38579, 180.472, 0.994279, -0.106046, 0.0127769, 0.105842, 0.994258, 0.0157448, -0.0143732, -0.0143024, 0.999794, 0.00294215  
278, -7.07413, 7.3571, 180.456, 0.994314, -0.10571, 0.012821, 0.105519, 0.994308, 0.0147614, -0.0143084, -0.0133247, 0.999809, 0.00283286  
279, -7.10567, 7.34166, 180.473, 0.994266, -0.106145, 0.0129407, 0.105961, 0.994269, 0.0141667, -0.0143703, -0.0127142, 0.999816, 0.00296212  
280, -7.09456, 7.35513, 180.459, 0.99428, -0.106, 0.0130619, 0.105789, 0.994262, 0.0158643, -0.0146685, -0.0143918, 0.999789, 0.00299596  
281, -7.08265, 7.35745, 180.422, 0.994329, -0.105568, 0.0128692, 0.105368, 0.994315, 0.0153299, -0.0144144, -0.013887, 0.9998, 0.00312328  
282, -7.08366, 7.38476, 180.448, 0.9943, -0.105892, 0.0124268, 0.105713, 0.994294, 0.0142998, -0.0138701, -0.0129046, 0.999821, 0.00290637  
