0, 0, 0, 0, 0, 0, 0, 0, 0, 0, 0, 0, 0, 0.0068285  
1, 0, 0, 0, 0, 0, 0, 0, 0, 0, 0, 0, 0, 0.00288085  
2, -18.9047, 1.91196, 180.164, 0.997103, -0.0728817, 0.0217763, 0.0736098, 0.996681, -0.0347522, -0.0191712, 0.0362544, 0.999159, 0.00268031  
3, -18.9006, 1.89815, 180.195, 0.997059, -0.0731048, 0.0229988, 0.073845, 0.996718, -0.0331746, -0.0204981, 0.0347754, 0.999185, 0.00289944  
4, -18.9036, 1.90996, 180.178, 0.997116, -0.0723383, 0.0229571, 0.0731009, 0.996733, -0.0343314, -0.0203987, 0.0359106, 0.999147, 0.0028753  
5, -18.8855, 1.91605, 180.182, 0.99712, -0.0725774, 0.0220272, 0.0733208, 0.996692, -0.0350592, -0.0194098, 0.0365732, 0.999142, 0.00295713  
6, -18.8909, 1.91018, 180.171, 0.997114, -0.072618, 0.0221548, 0.0733533, 0.996712, -0.034408, -0.0195833, 0.0359338, 0.999162, 0.00288307  
7, -18.8869, 1.89369, 180.172, 0.99709, -0.072692, 0.0229769, 0.0734391, 0.996735, -0.0335447, -0.0204634, 0.0351345, 0.999173, 0.00300373  
8, -18.9134, 1.8883, 180.166, 0.997105, -0.0724919, 0.0229552, 0.07325, 0.99673, -0.034114, -0.0204071, 0.0356967, 0.999154, 0.00295907  
9, -18.9111, 1.90855, 180.166, 0.997104, -0.0726472, 0.0225117, 0.0733913, 0.996716, -0.0342057, -0.0199529, 0.0357588, 0.999161, 0.00292828  
10, -18.8877, 1.90594, 180.189, 0.997102, -0.0725887, 0.0227607, 0.0733362, 0.99673, -0.0339371, -0.0202228, 0.035508, 0.999165, 0.00297433  
11, -18.9084, 1.9101, 180.193, 0.997108, -0.0724871, 0.0228104, 0.0732429, 0.996726, -0.0342507, -0.020253, 0.0358224, 0.999153, 0.002895  
12, -18.9194, 1.89151, 180.158, 0.997122, -0.0722106, 0.0230936, 0.0729664, 0.996763, -0.0337533, -0.0205815, 0.0353413, 0.999163, 0.00281345  
13, -18.8984, 1.91159, 180.181, 0.997095, -0.0727099, 0.0226948, 0.0734518, 0.996727, -0.033777, -0.0201646, 0.0353459, 0.999172, 0.00280956  
14, -18.9171, 1.91577, 180.18, 0.99714, -0.0720716, 0.022745, 0.0728213, 0.996763, -0.0340633, -0.0202164, 0.0356222, 0.999161, 0.00292773  
15, -18.9185, 1.89312, 180.175, 0.997087, -0.0727389, 0.022965, 0.0734835, 0.996736, -0.0334402, -0.0204576, 0.0350303, 0.999177, 0.00299735  
16, -18.8999, 1.90408, 180.162, 0.997102, -0.0727732, 0.0221877, 0.0735146, 0.996692, -0.0346612, -0.0195919, 0.0361919, 0.999153, 0.00285727  
17, -18.9313, 1.90217, 180.189, 0.997139, -0.0721225, 0.0226428, 0.0728671, 0.996762, -0.0339873, -0.0201182, 0.03554, 0.999166, 0.0028251  
18, -18.9348, 1.90447, 180.167, 0.997111, -0.0724925, 0.0226614, 0.0732467, 0.996719, -0.0344408, -0.0200904, 0.0360012, 0.99915, 0.00291247  
19, -18.9491, 1.92204, 180.184, 0.997118, -0.0723377, 0.0228715, 0.0730949, 0.996738, -0.0342126, -0.0203221, 0.0357858, 0.999153, 0.00294881  
20, -18.9314, 1.92235, 180.174, 0.997096, -0.072782, 0.0224184, 0.0735288, 0.996696, -0.0345152, -0.0198322, 0.0360634, 0.999153, 0.00286559  
21, -18.9226, 1.90723, 180.194, 0.997107, -0.0728216, 0.0217876, 0.073551, 0.996684, -0.0347933, -0.0191816, 0.0362952, 0.999157, 0.00291608  
22, -18.9342, 1.91864, 180.18, 0.997098, -0.0726567, 0.0227297, 0.0734068, 0.996718, -0.0341152, -0.0201764, 0.0356848, 0.999159, 0.00298875  
23, -18.9485, 1.92121, 180.171, 0.997122, -0.0724222, 0.0224396, 0.0731604, 0.996739, -0.0340354, -0.0199015, 0.0355791, 0.999169, 0.00280457  
24, -18.9439, 1.90013, 180.16, 0.997136, -0.0720989, 0.0228286, 0.0728512, 0.996762, -0.0340424, -0.0203002, 0.035608, 0.99916, 0.00289999  
25, -18.9361, 1.91358, 180.18, 0.997094, -0.0727982, 0.0224689, 0.0735469, 0.996694, -0.0345218, -0.0198815, 0.036074, 0.999151, 0.00296212  
26, -18.9437, 1.90856, 180.202, 0.997078, -0.0729373, 0.0227288, 0.0736849, 0.996702, -0.0340027, -0.0201738, 0.0355781, 0.999163, 0.00305338  
27, -18.9608, 1.89647, 180.181, 0.997123, -0.0721355, 0.0232853, 0.0728936, 0.996776, -0.0335424, -0.0207906, 0.0351433, 0.999166, 0.00279653  
28, -18.9629, 1.92249, 180.176, 0.99714, -0.0723356, 0.0218855, 0.0730734, 0.996711, -0.0350317, -0.0192795, 0.0365307, 0.999147, 0.00289278  
29, -18.956, 1.90934, 180.175, 0.997133, -0.0720001, 0.0232962, 0.0727519, 0.996797, -0.0332166, -0.02083, 0.0348162, 0.999177, 0.00291857  
30, -18.9424, 1.92466, 180.2, 0.997108, -0.072503, 0.0227923, 0.073242, 0.996753, -0.0334609, -0.0202923, 0.0350334, 0.99918, 0.00297987  
31, -18.9409, 1.91697, 180.186, 0.997132, -0.0723374, 0.0222636, 0.0730886, 0.996711, -0.0350151, -0.0196575, 0.0365419, 0.999139, 0.00290221  
32, -18.9492, 1.90282, 180.162, 0.997109, -0.0725291, 0.0226501, 0.073281, 0.99672, -0.0343498, -0.0200844, 0.0359103, 0.999153, 0.00285422  
33, -18.9377, 1.90718, 180.177, 0.997095, -0.0727422, 0.0225914, 0.0734851, 0.996716, -0.0340101, -0.0200433, 0.0355715, 0.999166, 0.00280263  
34, -18.9166, 1.91282, 180.164, 0.997119, -0.0725165, 0.0222549, 0.0732519, 0.996726, -0.0342274, -0.0197, 0.035759, 0.999166, 0.00286865  
35, -18.928, 1.90658, 180.174, 0.99711, -0.072346, 0.0231682, 0.0731186, 0.996728, -0.0344447, -0.0206004, 0.0360392, 0.999138, 0.00280707  
36, -18.8959, 1.92158, 180.185, 0.997113, -0.0725469, 0.0224117, 0.0732781, 0.996741, -0.0337356, -0.0198912, 0.0352805, 0.999179, 0.00282454  
37, -18.8878, 1.90355, 180.179, 0.997133, -0.0723148, 0.02228, 0.0730583, 0.996728, -0.0345914, -0.0197057, 0.03612, 0.999153, 0.00305699  
38, -18.923, 1.91075, 180.191, 0.997094, -0.0725878, 0.0231061, 0.073351, 0.996723, -0.0341002, -0.0205551, 0.0356959, 0.999151, 0.00302758  
39, -18.9156, 1.90508, 180.186, 0.99713, -0.0723838, 0.0222102, 0.0731233, 0.996725, -0.0345167, -0.019639, 0.0360417, 0.999157, 0.00281733  
40, -18.9131, 1.91209, 180.19, 0.997101, -0.0726338, 0.0226673, 0.073398, 0.996691, -0.0349291, -0.0200553, 0.0364916, 0.999133, 0.00315129  
41, -18.8959, 1.92438, 180.178, 0.997143, -0.072453, 0.0213829, 0.073191, 0.996667, -0.0360242, -0.0187016, 0.0374863, 0.999122, 0.00283675  
42, -18.9076, 1.87908, 180.162, 0.997104, -0.072533, 0.022852, 0.0732927, 0.996718, -0.0343729, -0.0202839, 0.0359483, 0.999148, 0.00299347  
43, -18.9172, 1.89459, 180.16, 0.997128, -0.0721982, 0.0228592, 0.0729496, 0.996758, -0.0339465, -0.0203343, 0.0355166, 0.999162, 0.00300317  
44, -18.876, 1.90615, 180.173, 0.997137, -0.0723768, 0.0218887, 0.0730976, 0.99674, -0.0341478, -0.0193458, 0.03565, 0.999177, 0.00299707  
45, -18.8757, 1.88712, 180.191, 0.997098, -0.0724041, 0.0235228, 0.0731754, 0.996747, -0.0337748, -0.0210009, 0.0353981, 0.999153, 0.00292246  
46, -18.9058, 1.90606, 180.163, 0.997107, -0.0724158, 0.0230805, 0.0731792, 0.996734, -0.0341546, -0.0205318, 0.0357448, 0.99915, 0.0031058  
47, -18.9126, 1.90787, 180.171, 0.997097, -0.0724936, 0.023275, 0.073256, 0.996741, -0.0337691, -0.0207511, 0.0353761, 0.999159, 0.00281539  
48, -18.9163, 1.88626, 180.18, 0.997109, -0.0724171, 0.0230282, 0.0731756, 0.996739, -0.0340034, -0.0204907, 0.0355902, 0.999156, 0.00297433  
49, -18.9245, 1.89306, 180.194, 0.997105, -0.0724846, 0.0229875, 0.0732485, 0.996722, -0.0343403, -0.020423, 0.0359247, 0.999146, 0.00308112  
50, -18.9213, 1.88572, 180.203, 0.997072, -0.0730805, 0.0225309, 0.0738262, 0.996683, -0.0342587, -0.0199525, 0.0358217, 0.999159, 0.00289694  
51, -18.9131, 1.8868, 180.201, 0.997111, -0.0726324, 0.022245, 0.0733809, 0.996693, -0.0349148, -0.0196355, 0.0364462, 0.999143, 0.00291774  
52, -18.9216, 1.88698, 180.175, 0.997098, -0.0725318, 0.0231164, 0.0732946, 0.996728, -0.0340627, -0.0205702, 0.0356582, 0.999152, 0.00292052  
53, -18.919, 1.88967, 180.179, 0.997096, -0.0727019, 0.0226673, 0.0734586, 0.996699, -0.0345566, -0.0200802, 0.0361213, 0.999146, 0.00281067  
54, -18.9142, 1.89896, 180.168, 0.997107, -0.0725453, 0.0226765, 0.0732983, 0.996718, -0.0343524, -0.02011, 0.0359152, 0.999152, 0.00302564  
55, -18.9197, 1.90487, 180.187, 0.997091, -0.0726422, 0.0230689, 0.0733885, 0.996746, -0.0333416, -0.0205718, 0.0349376, 0.999178, 0.00286365  
56, -18.8904, 1.90387, 180.162, 0.997147, -0.0721644, 0.0221211, 0.0729023, 0.996739, -0.0345976, -0.0195522, 0.0361116, 0.999156, 0.00295713  
57, -18.9127, 1.89637, 180.173, 0.99712, -0.0723664, 0.0226844, 0.0731212, 0.996729, -0.0344252, -0.020119, 0.0359848, 0.99915, 0.00281567  
58, -18.9414, 1.878, 180.185, 0.997083, -0.072742, 0.0231012, 0.0734889, 0.996739, -0.0333208, -0.0206021, 0.0349213, 0.999178, 0.00297239  
59, -18.9614, 1.85946, 180.198, 0.997074, -0.0728873, 0.0230543, 0.073646, 0.996705, -0.033979, -0.0205017, 0.0355775, 0.999157, 0.00294798  
60, -18.9418, 1.8741, 180.185, 0.997104, -0.0726646, 0.0224278, 0.0734035, 0.996719, -0.0340976, -0.0198765, 0.0356452, 0.999167, 0.00289416  
61, -18.9758, 1.89254, 180.182, 0.997121, -0.072161, 0.0232951, 0.0729312, 0.996754, -0.0341081, -0.0207582, 0.0357088, 0.999147, 0.00283009  
62, -18.9477, 1.89501, 180.188, 0.997124, -0.0723093, 0.022696, 0.0730558, 0.996748, -0.033995, -0.020164, 0.0355553, 0.999164, 0.00290221  
63, -18.9726, 1.90442, 180.193, 0.997113, -0.0725556, 0.0223987, 0.0733096, 0.996698, -0.0349107, -0.0197918, 0.0364519, 0.999139, 0.00313243  
64, -18.9667, 1.90028, 180.193, 0.997119, -0.0724337, 0.0225062, 0.0731781, 0.996731, -0.0342268, -0.0199535, 0.0357752, 0.999161, 0.00304145  
65, -18.946, 1.88727, 180.164, 0.99713, -0.0723436, 0.0223207, 0.0730705, 0.996758, -0.0336772, -0.019812, 0.0352116, 0.999183, 0.00300151  
66, -18.9415, 1.88319, 180.185, 0.997089, -0.0724917, 0.0236277, 0.0732609, 0.99675, -0.0335018, -0.0211223, 0.0351352, 0.999159, 0.00284729  
67, -18.9513, 1.8948, 180.165, 0.997162, -0.0720649, 0.0217773, 0.0727892, 0.996749, -0.034532, -0.019218, 0.0360192, 0.999166, 0.00280457  
68, -18.9312, 1.88735, 180.179, 0.997133, -0.0723232, 0.0222626, 0.0730494, 0.996757, -0.0337457, -0.0197498, 0.0352752, 0.999182, 0.0028753  
69, -18.9698, 1.87685, 180.175, 0.997112, -0.072088, 0.02391, 0.0728563, 0.996797, -0.0329916, -0.0214551, 0.0346383, 0.99917, 0.00279292  
70, -18.959, 1.89175, 180.18, 0.997106, -0.0723853, 0.0232251, 0.0731602, 0.996725, -0.0344561, -0.0206549, 0.0360556, 0.999136, 0.00279043  
71, -18.9541, 1.87807, 180.18, 0.997132, -0.0722128, 0.0226557, 0.0729631, 0.996746, -0.034249, -0.0201088, 0.0358038, 0.999157, 0.00280041  
72, -18.9379, 1.9056, 180.184, 0.997087, -0.0729349, 0.0223321, 0.0736585, 0.996721, -0.0335009, -0.0198155, 0.0350483, 0.999189, 0.00281012  
73, -18.9092, 1.91497, 180.179, 0.99712, -0.0724007, 0.0225981, 0.0731258, 0.996773, -0.0331041, -0.0201284, 0.0346613, 0.999196, 0.00282038  
74, -18.9198, 1.89663, 180.194, 0.997102, -0.0728131, 0.0220316, 0.0735528, 0.996682, -0.0348661, -0.0194198, 0.0363856, 0.999149, 0.00280013  
75, -18.9322, 1.88986, 180.178, 0.997089, -0.0725813, 0.02335, 0.0733353, 0.996753, -0.0332417, -0.0208614, 0.0348573, 0.999175, 0.00283203  
76, -18.9091, 1.88559, 180.186, 0.997094, -0.0726469, 0.0229222, 0.0733999, 0.996725, -0.0339245, -0.0203827, 0.0355084, 0.999161, 0.0028104  
77, -18.9142, 1.89816, 180.181, 0.997099, -0.0726605, 0.0226639, 0.0734072, 0.99672, -0.0340668, -0.0201142, 0.0356317, 0.999163, 0.00287752  
78, -18.9224, 1.88749, 180.179, 0.997089, -0.0726766, 0.0230596, 0.0734465, 0.996702, -0.034509, -0.0204755, 0.0361021, 0.999138, 0.00284673  
79, -18.9056, 1.87915, 180.181, 0.99709, -0.0727627, 0.0227542, 0.0735186, 0.996702, -0.0343657, -0.0201786, 0.0359386, 0.99915, 0.00282149  
80, -18.912, 1.9077, 180.173, 0.997106, -0.0727095, 0.0222038, 0.0734574, 0.996685, -0.0349614, -0.0195882, 0.0364912, 0.999142, 0.00280762  
81, -18.9238, 1.89091, 180.174, 0.997092, -0.0727349, 0.0227469, 0.0734887, 0.996707, -0.0342698, -0.0201794, 0.0358417, 0.999154, 0.00284063  
82, -18.9005, 1.90201, 180.198, 0.997061, -0.0731363, 0.0228271, 0.0738945, 0.996674, -0.0343534, -0.0202387, 0.0359392, 0.999149, 0.00288002  
83, -18.8868, 1.91015, 180.171, 0.997105, -0.0727422, 0.0221521, 0.0734874, 0.996685, -0.0349186, -0.0195386, 0.0364454, 0.999145, 0.00288141  
84, -18.8906, 1.91557, 180.154, 0.997094, -0.072782, 0.0225216, 0.0735245, 0.99671, -0.0341116, -0.0199648, 0.0356684, 0.999164, 0.00283203  
85, -18.8856, 1.89961, 180.164, 0.997124, -0.0724072, 0.0223741, 0.0731503, 0.996727, -0.0344, -0.01981, 0.0359378, 0.999158, 0.0028667  
86, -18.8844, 1.89807, 180.192, 0.99707, -0.0733876, 0.0215767, 0.0741091, 0.996643, -0.0347942, -0.0189508, 0.0362913, 0.999162, 0.00285284  
87, -18.9236, 1.88976, 180.213, 0.997118, -0.0722168, 0.0232339, 0.0729806, 0.996757, -0.0339003, -0.0207104, 0.0354982, 0.999155, 0.00290332  
88, -18.9139, 1.89153, 180.195, 0.997078, -0.0730588, 0.0223088, 0.0737949, 0.996688, -0.0341785, -0.0197379, 0.0357249, 0.999167, 0.00292024  
89, -18.9312, 1.88249, 180.172, 0.997112, -0.0723974, 0.02295, 0.0731572, 0.996734, -0.0342055, -0.0203986, 0.0357857, 0.999151, 0.00284784  
90, -18.9176, 1.91442, 180.175, 0.997113, -0.0723739, 0.0229801, 0.0731253, 0.996752, -0.0337413, -0.0204635, 0.0353243, 0.999166, 0.00293106  
91, -18.9216, 1.90269, 180.174, 0.997095, -0.0729173, 0.0220012, 0.0736402, 0.996703, -0.0340606, -0.019445, 0.0355818, 0.999178, 0.0028312  
92, -18.9027, 1.89834, 180.172, 0.99716, -0.0721043, 0.0217358, 0.0728341, 0.996733, -0.0348966, -0.0191486, 0.0363806, 0.999155, 0.0028667  
93, -18.9067, 1.89761, 180.175, 0.997096, -0.072807, 0.0223109, 0.0735476, 0.996698, -0.0343956, -0.019733, 0.0359366, 0.999159, 0.00290609  
94, -18.9005, 1.89587, 180.16, 0.997106, -0.0725291, 0.0227981, 0.0732767, 0.996736, -0.0338725, -0.020267, 0.035445, 0.999166, 0.00280124  
95, -18.9346, 1.89355, 180.168, 0.997147, -0.0718196, 0.0232302, 0.0725913, 0.996772, -0.0342821, -0.0206931, 0.0358706, 0.999142, 0.00287197  
96, -18.9192, 1.90284, 180.17, 0.997149, -0.0720759, 0.022318, 0.0728243, 0.996739, -0.0347621, -0.0197397, 0.0362883, 0.999146, 0.00290193  
97, -18.9349, 1.88822, 180.186, 0.997111, -0.0724041, 0.0229779, 0.0731559, 0.996749, -0.0337648, -0.0204585, 0.0353482, 0.999166, 0.00289694  
98, -18.9373, 1.90337, 180.184, 0.997139, -0.0722004, 0.0223832, 0.0729494, 0.996733, -0.0346792, -0.0198062, 0.0362128, 0.999148, 0.00286948  
99, -18.9453, 1.91137, 180.191, 0.997109, -0.0726279, 0.0223445, 0.0733626, 0.996724, -0.0340374, -0.0197993, 0.0355782, 0.999171, 0.00295602  
100, -18.9441, 1.89366, 180.184, 0.997122, -0.0721818, 0.0231824, 0.0729418, 0.996763, -0.0338078, -0.020667, 0.0354015, 0.999159, 0.00304034  
101, -18.9555, 1.9125, 180.172, 0.997152, -0.0721485, 0.0219794, 0.0728718, 0.996758, -0.0341093, -0.0194473, 0.0356138, 0.999176, 0.00289805  
102, -18.9421, 1.90058, 180.182, 0.997091, -0.0729938, 0.0219564, 0.0737209, 0.996687, -0.0343642, -0.0193753, 0.0358829, 0.999168, 0.00289472  
103, -18.9376, 1.89717, 180.178, 0.997101, -0.0726966, 0.0224693, 0.07344, 0.996711, -0.0342477, -0.0199057, 0.0357985, 0.999161, 0.00293744  
104, -18.922, 1.89363, 180.156, 0.997143, -0.0720602, 0.0226554, 0.0728251, 0.996731, -0.0349746, -0.0200611, 0.0365246, 0.999131, 0.00295963  
105, -18.9571, 1.9029, 180.161, 0.997155, -0.0719266, 0.0225702, 0.0726752, 0.996765, -0.0343175, -0.0200288, 0.0358601, 0.999156, 0.00291996  
106, -18.9281, 1.88846, 180.165, 0.997139, -0.0720073, 0.0229995, 0.0727718, 0.996757, -0.0343378, -0.0204524, 0.0359133, 0.999146, 0.00286227  
107, -18.9375, 1.91018, 180.183, 0.997128, -0.0723615, 0.0223627, 0.0730938, 0.99675, -0.0338735, -0.0198389, 0.0354108, 0.999176, 0.00294798  
108, -18.9345, 1.89259, 180.191, 0.997081, -0.0727778, 0.023068, 0.073516, 0.996749, -0.0329547, -0.0205947, 0.0345544, 0.999191, 0.00290221  
109, -18.9563, 1.88875, 180.175, 0.997061, -0.0728757, 0.0236431, 0.0736408, 0.996729, -0.0332877, -0.0211399, 0.034931, 0.999166, 0.00309776  
110, -18.9427, 1.86971, 180.187, 0.997088, -0.0727131, 0.022988, 0.0734692, 0.996719, -0.0339632, -0.020443, 0.0355532, 0.999159, 0.00296795  
111, -18.9344, 1.88358, 180.177, 0.997125, -0.0722471, 0.0228531, 0.0729966, 0.996757, -0.0338665, -0.0203322, 0.0354373, 0.999165, 0.00297405  
112, -18.9379, 1.88292, 180.194, 0.997116, -0.0722454, 0.0232227, 0.0729937, 0.99678, -0.0331749, -0.0207512, 0.0347744, 0.99918, 0.00299263  
113, -18.9074, 1.90398, 180.19, 0.997141, -0.0722755, 0.0220492, 0.0730124, 0.996728, -0.0346766, -0.0194708, 0.0361873, 0.999155, 0.00280208  
114, -18.9104, 1.8996, 180.182, 0.997101, -0.072679, 0.0225147, 0.0734347, 0.996693, -0.0347873, -0.019912, 0.0363399, 0.999141, 0.00315934  
115, -18.9175, 1.88291, 180.169, 0.997119, -0.0724275, 0.0225525, 0.0731792, 0.996721, -0.0345151, -0.0199787, 0.036066, 0.99915, 0.00285644  
116, -18.9036, 1.88511, 180.188, 0.997086, -0.0726255, 0.0233543, 0.0733909, 0.996731, -0.0337797, -0.0208246, 0.0353953, 0.999156, 0.00284729  
117, -18.9069, 1.89086, 180.176, 0.997096, -0.0724767, 0.0233777, 0.0732541, 0.996723, -0.0343124, -0.0208142, 0.0359253, 0.999138, 0.0029943  
118, -18.8938, 1.89492, 180.187, 0.997096, -0.0726488, 0.0228207, 0.0733882, 0.996743, -0.0334312, -0.0203177, 0.0350089, 0.99918, 0.00289777  
119, -18.9121, 1.88208, 180.172, 0.997122, -0.0723177, 0.0227447, 0.0730787, 0.996725, -0.0346263, -0.0201662, 0.0361888, 0.999141, 0.00283397  
120, -18.9154, 1.89259, 180.181, 0.9971, -0.0726772, 0.0225869, 0.0734185, 0.996724, -0.0339302, -0.0200469, 0.0354901, 0.999169, 0.0030814  
121, -18.9234, 1.89419, 180.161, 0.997096, -0.0725857, 0.023026, 0.0733379, 0.996737, -0.0337049, -0.0205044, 0.0352957, 0.999167, 0.00282732  
122, -18.9238, 1.88891, 180.197, 0.997111, -0.0722658, 0.0233948, 0.073018, 0.996782, -0.0330793, -0.020929, 0.034692, 0.999179, 0.0029183  
123, -18.9112, 1.90247, 180.186, 0.997164, -0.0718945, 0.0222469, 0.0726451, 0.996743, -0.0350046, -0.0196579, 0.0365214, 0.99914, 0.00279459  
124, -18.9161, 1.89146, 180.194, 0.997093, -0.0726325, 0.023036, 0.0733913, 0.996723, -0.0340103, -0.0204902, 0.035602, 0.999156, 0.00300012  
125, -18.9267, 1.89924, 180.179, 0.997095, -0.0725032, 0.0233592, 0.0732713, 0.996736, -0.0339037, -0.0208249, 0.0355168, 0.999152, 0.00290581  
126, -18.9151, 1.89544, 180.172, 0.997098, -0.0727123, 0.0225546, 0.0734553, 0.996716, -0.034078, -0.0200026, 0.0356358, 0.999165, 0.00300844  
127, -18.8967, 1.88845, 180.179, 0.99709, -0.0728608, 0.0224189, 0.0736208, 0.996666, -0.0351807, -0.0197808, 0.0367288, 0.999129, 0.00286338  
128, -18.9083, 1.87852, 180.172, 0.997093, -0.0728144, 0.0224533, 0.0735454, 0.996724, -0.0336573, -0.019929, 0.0352108, 0.999181, 0.00295602  
129, -18.9152, 1.89516, 180.171, 0.997085, -0.0728026, 0.0228408, 0.0735457, 0.996726, -0.0335814, -0.0203212, 0.0351634, 0.999175, 0.00301704  
130, -18.9154, 1.89045, 180.17, 0.99711, -0.0725881, 0.0224379, 0.0733406, 0.996701, -0.0347604, -0.0198407, 0.0363055, 0.999144, 0.00293078  
131, -18.9251, 1.89633, 180.164, 0.997104, -0.0728266, 0.0219141, 0.0735473, 0.996708, -0.0341053, -0.0193582, 0.0356183, 0.999178, 0.00283203  
132, -18.9256, 1.88069, 180.18, 0.9971, -0.0727149, 0.0224406, 0.0734404, 0.99674, -0.0334036, -0.0199385, 0.0349548, 0.99919, 0.00301677  
133, -18.9307, 1.88551, 180.19, 0.997118, -0.0723241, 0.0229278, 0.073071, 0.99676, -0.0336059, -0.020423, 0.0351844, 0.999172, 0.0030029  
134, -18.9257, 1.89503, 180.187, 0.997102, -0.0726998, 0.0224176, 0.0734412, 0.996712, -0.0342404, -0.0198546, 0.0357875, 0.999162, 0.00299679  
135, -18.9184, 1.90368, 180.201, 0.997083, -0.0727419, 0.0230936, 0.073495, 0.996728, -0.0336354, -0.0205713, 0.0352345, 0.999167, 0.00289416  
136, -18.9255, 1.88713, 180.179, 0.997091, -0.0727378, 0.0227597, 0.0734977, 0.996697, -0.0345518, -0.0201713, 0.0361241, 0.999144, 0.00281816  
137, -18.9332, 1.86475, 180.181, 0.997118, -0.0723458, 0.022862, 0.073092, 0.996756, -0.0336919, -0.0203504, 0.0352658, 0.999171, 0.00292079  
138, -18.9233, 1.89314, 180.185, 0.997103, -0.072628, 0.0225791, 0.0733796, 0.996709, -0.0344615, -0.0200019, 0.0360186, 0.999151, 0.00286504  
139, -18.9341, 1.91612, 180.185, 0.99711, -0.0725176, 0.0226352, 0.0732589, 0.996738, -0.0338464, -0.020107, 0.0354068, 0.999171, 0.00281622  
140, -18.956, 1.8851, 180.183, 0.997114, -0.0723421, 0.0230238, 0.0730921, 0.996759, -0.0335967, -0.0205187, 0.0351826, 0.99917, 0.002857  
141, -18.9313, 1.89651, 180.182, 0.997111, -0.072254, 0.023436, 0.0730171, 0.996767, -0.0335278, -0.0209377, 0.0351422, 0.999163, 0.00454124  
142, -18.9487, 1.91764, 180.181, 0.997074, -0.0728095, 0.0232663, 0.0735782, 0.996706, -0.0340949, -0.0207072, 0.035707, 0.999148, 0.00301926  
143, -18.9413, 1.90278, 180.168, 0.997155, -0.0721457, 0.0218571, 0.0728824, 0.996725, -0.0350268, -0.0192585, 0.0365201, 0.999147, 0.00311524  
144, -18.9385, 1.88814, 180.165, 0.997126, -0.0722734, 0.0227359, 0.0730152, 0.996762, -0.0336921, -0.0202272, 0.0352553, 0.999174, 0.00301455  
145, -18.929, 1.89099, 180.19, 0.997102, -0.0726304, 0.0226335, 0.0733726, 0.996728, -0.0338967, -0.0200975, 0.0354592, 0.999169, 0.00286393  
146, -18.93, 1.89669, 180.16, 0.997097, -0.0726431, 0.0227946, 0.0733859, 0.996736, -0.0336402, -0.0202764, 0.0352153, 0.999174, 0.0028287  
147, -18.907, 1.88904, 180.206, 0.99705, -0.0733432, 0.0226083, 0.0740782, 0.996686, -0.0335981, -0.0200692, 0.0351738, 0.99918, 0.00289749  
148, -18.9097, 1.87845, 180.174, 0.99712, -0.0722902, 0.0229208, 0.0730442, 0.99675, -0.033972, -0.0203904, 0.0355484, 0.99916, 0.00281983  
149, -18.9227, 1.89552, 180.198, 0.997092, -0.0726568, 0.0229948, 0.0734189, 0.996713, -0.034241, -0.0204314, 0.0358296, 0.999149, 0.00285422  
150, -18.9026, 1.87843, 180.193, 0.997116, -0.0724773, 0.0225268, 0.0732174, 0.996737, -0.0339769, -0.0199907, 0.0355282, 0.999169, 0.00292662  
151, -18.93, 1.8798, 180.202, 0.997092, -0.0726769, 0.0229458, 0.0734211, 0.99674, -0.0334495, -0.0204399, 0.0350369, 0.999177, 0.00281373  
152, -18.931, 1.89629, 180.18, 0.997146, -0.0719852, 0.0227508, 0.0727401, 0.996761, -0.0343088, -0.0202074, 0.0358658, 0.999152, 0.00280346  
153, -18.9108, 1.88955, 180.177, 0.997128, -0.0723583, 0.0223653, 0.0730844, 0.996761, -0.033561, -0.0198644, 0.0350991, 0.999186, 0.00286227  
154, -18.9033, 1.90252, 180.185, 0.99711, -0.0725311, 0.0226146, 0.0732787, 0.996725, -0.0341984, -0.02006, 0.0357567, 0.999159, 0.00289139  
155, -18.9244, 1.85807, 180.186, 0.997115, -0.0724148, 0.0227462, 0.0731759, 0.996718, -0.0346319, -0.0201637, 0.0361964, 0.999141, 0.00289749  
156, -18.8925, 1.87291, 180.193, 0.997104, -0.0727724, 0.0220971, 0.0735127, 0.996688, -0.0347739, -0.0194933, 0.0362976, 0.999151, 0.00281678  
157, -18.9253, 1.86194, 180.176, 0.997116, -0.0724088, 0.0227232, 0.0731585, 0.996737, -0.0341086, -0.0201792, 0.0356726, 0.99916, 0.00280762  
158, -18.8827, 1.90522, 180.183, 0.997157, -0.0720602, 0.022025, 0.0727979, 0.996741, -0.0347607, -0.0194483, 0.0362653, 0.999153, 0.00287003  
159, -18.8937, 1.88206, 180.202, 0.997108, -0.0725337, 0.0226703, 0.0732927, 0.996708, -0.0346612, -0.0200816, 0.0362226, 0.999142, 0.0029477  
160, -18.8965, 1.9047, 180.189, 0.997086, -0.0727105, 0.0231009, 0.0734552, 0.996745, -0.0332127, -0.0206108, 0.0348128, 0.999181, 0.00293189  
161, -18.8911, 1.88888, 180.18, 0.997092, -0.0726954, 0.0228748, 0.0734674, 0.996685, -0.0349419, -0.0202589, 0.0365208, 0.999128, 0.00306891  
162, -18.9081, 1.8757, 180.189, 0.997111, -0.0723866, 0.0230238, 0.0731453, 0.996741, -0.0340209, -0.0204861, 0.0356066, 0.999156, 0.00297544  
163, -18.9129, 1.87974, 180.209, 0.9971, -0.0725795, 0.0229025, 0.0733371, 0.996721, -0.0341839, -0.0203463, 0.0357644, 0.999153, 0.00286338  
164, -18.9236, 1.87253, 180.199, 0.99712, -0.0722117, 0.0231977, 0.072973, 0.99676, -0.0338399, -0.0206789, 0.0354352, 0.999158, 0.0029513  
165, -18.9165, 1.87909, 180.178, 0.997104, -0.072479, 0.0230248, 0.0732323, 0.996743, -0.0337602, -0.0205029, 0.0353486, 0.999165, 0.00285256  
166, -18.9086, 1.8834, 180.195, 0.99709, -0.072751, 0.0227909, 0.0735024, 0.996713, -0.0340764, -0.0202369, 0.0356524, 0.999159, 0.00281844  
167, -18.9107, 1.87767, 180.198, 0.997086, -0.0729066, 0.0224564, 0.0736404, 0.996712, -0.0337973, -0.0199185, 0.0353526, 0.999176, 0.00296185  
168, -18.8971, 1.90236, 180.186, 0.997102, -0.0729333, 0.0216457, 0.0736609, 0.99667, -0.0349719, -0.019023, 0.0364649, 0.999154, 0.00286365  
169, -18.9134, 1.86786, 180.188, 0.997095, -0.072615, 0.0229955, 0.0733712, 0.996727, -0.0339483, -0.0204551, 0.0355369, 0.999159, 0.00284757  
170, -18.9178, 1.88394, 180.196, 0.997117, -0.0724959, 0.0224156, 0.0732422, 0.996718, -0.0344876, -0.0198418, 0.03603, 0.999154, 0.00284729  
171, -18.9021, 1.88865, 180.193, 0.997101, -0.0726761, 0.0225476, 0.0734192, 0.996718, -0.0340966, -0.0199956, 0.0356532, 0.999164, 0.00291275  
172, -18.9219, 1.87963, 180.186, 0.997169, -0.0716798, 0.022714, 0.0724372, 0.996776, -0.0344921, -0.0201684, 0.0360398, 0.999147, 0.0028986  
173, -18.9117, 1.89106, 180.167, 0.997136, -0.0723832, 0.0219394, 0.0730967, 0.996756, -0.0336795, -0.0194304, 0.0351867, 0.999192, 0.00290776  
174, -18.9095, 1.88877, 180.158, 0.997145, -0.0720872, 0.0224835, 0.0728259, 0.996766, -0.03398, -0.0199613, 0.0355204, 0.99917, 0.00295325  
175, -18.9358, 1.87489, 180.189, 0.997117, -0.0721792, 0.0233988, 0.072937, 0.996779, -0.0333391, -0.0209171, 0.0349497, 0.99917, 0.00296351  
176, -18.9221, 1.8854, 180.196, 0.997113, -0.072399, 0.0228759, 0.07315, 0.996745, -0.0339013, -0.020347, 0.0354768, 0.999163, 0.00280263  
177, -18.9315, 1.8889, 180.193, 0.997148, -0.072013, 0.0225984, 0.0727528, 0.996776, -0.0338293, -0.0200894, 0.0353769, 0.999172, 0.00282482  
178, -18.9339, 1.88589, 180.199, 0.997131, -0.0724187, 0.0220408, 0.0731566, 0.996715, -0.0347446, -0.0194522, 0.0362573, 0.999153, 0.00280735  
179, -18.9224, 1.90135, 180.174, 0.997143, -0.0723269, 0.0217765, 0.0730645, 0.996705, -0.0352317, -0.0191565, 0.0367222, 0.999142, 0.00290304  
180, -18.9302, 1.87756, 180.19, 0.997129, -0.0722632, 0.0226302, 0.0730139, 0.99674, -0.0343181, -0.0200765, 0.0358719, 0.999155, 0.00299624  
181, -18.9361, 1.87038, 180.178, 0.997147, -0.0719437, 0.022829, 0.0727112, 0.996746, -0.0347871, -0.020252, 0.0363478, 0.999134, 0.00286421  
182, -18.9284, 1.87605, 180.184, 0.997132, -0.072097, 0.0230367, 0.0728587, 0.996758, -0.0341408, -0.0205006, 0.0357213, 0.999151, 0.00289278  
183, -18.9189, 1.88625, 180.18, 0.99714, -0.0720761, 0.0227562, 0.0728292, 0.996758, -0.0342086, -0.0202168, 0.035768, 0.999156, 0.00297266  
184, -18.9092, 1.82237, 180.244, 0.997014, -0.0732877, 0.0243197, 0.0740547, 0.996731, -0.0322973, -0.0218732, 0.0340018, 0.999182, 0.00291219  
185, -18.9282, 1.8657, 180.194, 0.997068, -0.0728813, 0.0232997, 0.0736458, 0.99671, -0.0338324, -0.0207573, 0.0354491, 0.999156, 0.00300428  
186, -18.9012, 1.86991, 180.222, 0.997093, -0.0728739, 0.0222617, 0.0736102, 0.996698, -0.0342705, -0.0196908, 0.0358095, 0.999165, 0.00292079  
187, -18.8604, 1.82082, 180.218, 0.997072, -0.072823, 0.0233131, 0.0735742, 0.996738, -0.0331736, -0.0208213, 0.0347917, 0.999178, 0.00285478  
188, -19.1001, 2.00808, 180.184, 0.997033, -0.0736239, 0.0224515, 0.0743318, 0.996703, -0.0325174, -0.0199834, 0.0340898, 0.999219, 0.00289555  
189, -19.0952, 1.98268, 180.182, 0.997065, -0.0729339, 0.0232636, 0.0736831, 0.99673, -0.0331631, -0.0207688, 0.0347799, 0.999179, 0.00295491  
190, -19.0854, 1.99392, 180.169, 0.997066, -0.0731525, 0.0225247, 0.0738789, 0.996711, -0.0333064, -0.0200141, 0.0348728, 0.999191, 0.0029563  
191, -19.0843, 2.01672, 180.165, 0.997018, -0.073709, 0.0228423, 0.0744342, 0.996689, -0.0327155, -0.0203553, 0.0343182, 0.999204, 0.00287142  
192, -19.088, 2.01155, 180.191, 0.997031, -0.0738212, 0.0218958, 0.0745208, 0.996671, -0.0330706, -0.0193816, 0.0346041, 0.999213, 0.0030825  
193, -19.0932, 2.016, 180.168, 0.997041, -0.0733672, 0.0229518, 0.0740958, 0.996715, -0.0326904, -0.020478, 0.0342943, 0.999202, 0.00291663  
194, -19.0865, 1.98883, 180.188, 0.997048, -0.0731665, 0.0232816, 0.0739169, 0.996712, -0.0331899, -0.0207766, 0.0348128, 0.999178, 0.0031108  
195, -19.0839, 2.02279, 180.185, 0.997068, -0.0731793, 0.022357, 0.0738872, 0.996731, -0.0326767, -0.0198926, 0.0342328, 0.999216, 0.0029599  
196, -19.0892, 2.00835, 180.187, 0.997081, -0.0730693, 0.0221423, 0.073777, 0.996727, -0.0330388, -0.0196557, 0.0345759, 0.999209, 0.00301011  
197, -19.086, 2.0149, 180.171, 0.997031, -0.0735912, 0.0226616, 0.0743177, 0.996686, -0.0330888, -0.0201515, 0.0346748, 0.999195, 0.00294104  
198, -19.0973, 1.98981, 180.16, 0.997098, -0.0726616, 0.0227121, 0.0733837, 0.996765, -0.0327668, -0.0202577, 0.0343384, 0.999205, 0.00283703  
199, -19.0895, 1.98551, 180.17, 0.997059, -0.0732604, 0.0225039, 0.0739875, 0.9967, -0.0333821, -0.019984, 0.0349489, 0.999189, 0.00283758  
200, -19.0973, 1.97894, 180.201, 0.99703, -0.0734301, 0.0232349, 0.0741536, 0.996734, -0.0319847, -0.0208103, 0.0336127, 0.999218, 0.00288141  
201, -19.075, 1.98964, 180.174, 0.997008, -0.0738352, 0.0228663, 0.0745661, 0.996671, -0.0329604, -0.0203566, 0.0345668, 0.999195, 0.00286559  
202, -19.0777, 2.01381, 180.194, 0.997049, -0.0733673, 0.0225741, 0.0740948, 0.996696, -0.033282, -0.0200577, 0.0348565, 0.999191, 0.00290831  
203, -19.0979, 1.99374, 180.184, 0.997017, -0.073388, 0.0239162, 0.0741362, 0.996733, -0.032063, -0.021485, 0.0337404, 0.9992, 0.00297544  
204, -19.0954, 2.00487, 180.191, 0.996998, -0.0737769, 0.0234797, 0.0745217, 0.996686, -0.0326084, -0.0209962, 0.0342602, 0.999192, 0.00282343  
205, -19.1, 2.0216, 180.17, 0.997045, -0.0735407, 0.0221951, 0.0742416, 0.996707, -0.0326048, -0.0197243, 0.0341562, 0.999222, 0.00302259  
206, -19.1054, 1.97355, 180.19, 0.997047, -0.0733731, 0.0226622, 0.0740692, 0.996753, -0.03158, -0.0202715, 0.0331653, 0.999244, 0.00283619  
207, -19.1078, 1.99529, 180.182, 0.997049, -0.0732594, 0.0229314, 0.0740035, 0.996696, -0.0334822, -0.0204028, 0.0350805, 0.999176, 0.00302148  
208, -19.0973, 1.98578, 180.172, 0.997056, -0.0732355, 0.0227137, 0.0739468, 0.996741, -0.0322373, -0.0202787, 0.033822, 0.999222, 0.0029158  
209, -19.1091, 2.01335, 180.16, 0.997074, -0.0730784, 0.0224131, 0.0738062, 0.996707, -0.0335772, -0.0198856, 0.0351332, 0.999185, 0.00299707  
210, -19.124, 1.98668, 180.165, 0.997039, -0.0733732, 0.0230265, 0.0741063, 0.996711, -0.0327883, -0.020545, 0.0343976, 0.999197, 0.00285811  
211, -19.132, 2.01867, 180.174, 0.997025, -0.0735192, 0.0231727, 0.074229, 0.996746, -0.0314202, -0.0207873, 0.0330468, 0.999238, 0.00284063  
212, -19.1185, 1.97205, 180.185, 0.996997, -0.0736622, 0.0238771, 0.0744047, 0.996719, -0.0318597, -0.0214519, 0.0335406, 0.999207, 0.00290304  
213, -19.1294, 2.01049, 180.171, 0.997073, -0.073023, 0.022637, 0.073744, 0.996736, -0.0328459, -0.0201646, 0.0344191, 0.999204, 0.00280679  
214, -19.1266, 2.01642, 180.159, 0.997082, -0.0726783, 0.0233636, 0.0734185, 0.99677, -0.0325595, -0.0209217, 0.0341798, 0.999197, 0.00287669  
215, -19.113, 2.01795, 180.159, 0.997039, -0.0733784, 0.0229938, 0.0741103, 0.996711, -0.0327819, -0.0205127, 0.0343889, 0.999198, 0.00307418  
216, -19.1062, 2.00884, 180.153, 0.997087, -0.0728501, 0.0225982, 0.0735724, 0.996745, -0.0329715, -0.0201226, 0.034538, 0.999201, 0.00283952  
217, -19.1105, 1.99665, 180.169, 0.997044, -0.0733161, 0.0229877, 0.0740485, 0.996715, -0.0328153, -0.0205063, 0.0344205, 0.999197, 0.00302842  
218, -19.1014, 2.00127, 180.176, 0.997, -0.0738521, 0.0231541, 0.0745979, 0.996661, -0.0331947, -0.0206253, 0.0348224, 0.999181, 0.00309887  
219, -19.1326, 2.01513, 180.162, 0.997054, -0.0730825, 0.023266, 0.073821, 0.996737, -0.0326446, -0.0208043, 0.034266, 0.999196, 0.00288168  
220, -19.1157, 2.01845, 180.188, 0.996998, -0.073693, 0.0237651, 0.0744463, 0.996694, -0.0325489, -0.0212879, 0.0342204, 0.999188, 0.00301482  
221, -19.1103, 1.99687, 180.171, 0.997012, -0.0734999, 0.0237746, 0.0742429, 0.996725, -0.0320432, -0.0213416, 0.0337126, 0.999204, 0.00278432  
222, -19.0295, 1.97625, 180.176, 0.997072, -0.0732488, 0.0219661, 0.0739697, 0.99668, -0.0340292, -0.0194006, 0.0355544, 0.999179, 0.00287697  
223, -18.9613, 1.90956, 180.133, 0.99711, -0.0722407, 0.0234978, 0.0730477, 0.996696, -0.0355232, -0.020854, 0.037137, 0.999093, 0.00282704  
224, -18.9383, 1.88147, 180.202, 0.997095, -0.0727967, 0.0224282, 0.073534, 0.996712, -0.0340214, -0.0198778, 0.0355718, 0.999169, 0.00301704  
225, -18.9103, 1.87398, 180.187, 0.997107, -0.0723888, 0.0231985, 0.0731376, 0.996768, -0.03324, -0.0207174, 0.0348405, 0.999178, 0.00270999  
226, -18.8984, 1.89357, 180.196, 0.997082, -0.0727604, 0.0231083, 0.0735138, 0.996727, -0.0336271, -0.020586, 0.0352277, 0.999167, 0.002933  
227, -18.8964, 1.88908, 180.175, 0.997152, -0.0718219, 0.0230204, 0.0725859, 0.996773, -0.0342763, -0.0204843, 0.0358497, 0.999147, 0.00264979  
228, -18.9225, 1.89044, 180.188, 0.997078, -0.0727569, 0.0232833, 0.0735031, 0.996749, -0.0329819, -0.020808, 0.0345969, 0.999185, 0.00328222  
229, -18.925, 1.89316, 180.159, 0.997104, -0.072607, 0.0226252, 0.0733492, 0.99673, -0.0339098, -0.0200891, 0.0354711, 0.999169, 0.0030409  
230, -18.9276, 1.88328, 180.186, 0.997057, -0.0730242, 0.0233359, 0.0737868, 0.996705, -0.0336829, -0.0207993, 0.0353056, 0.99916, 0.00296878  
231, -18.8984, 1.90351, 180.196, 0.997096, -0.0726853, 0.0227248, 0.0734374, 0.996712, -0.0342283, -0.0201622, 0.0357978, 0.999156, 0.00344504  
232, -18.9101, 1.87991, 180.203, 0.99711, -0.0724384, 0.0228829, 0.0731949, 0.996732, -0.0341621, -0.0203335, 0.0357383, 0.999154, 0.00274937  
233, -18.925, 1.87079, 180.202, 0.997074, -0.0728469, 0.0231533, 0.073614, 0.9967, -0.0342152, -0.0205844, 0.0358195, 0.999146, 0.00295796  
234, -18.8943, 1.90393, 180.188, 0.997105, -0.0729661, 0.0214109, 0.0736808, 0.996677, -0.034743, -0.0188047, 0.03622, 0.999167, 0.00282454  
235, -18.9265, 1.88988, 180.175, 0.997116, -0.0724918, 0.022463, 0.0732375, 0.996722, -0.0343709, -0.0198977, 0.0359169, 0.999157, 0.00290193  
236, -18.9201, 1.87761, 180.184, 0.997087, -0.0727366, 0.0229377, 0.0734946, 0.996711, -0.0341424, -0.0203789, 0.0357288, 0.999154, 0.00303563  
237, -18.9108, 1.88973, 180.169, 0.997148, -0.0719744, 0.0227266, 0.0727323, 0.996755, -0.0344999, -0.0201697, 0.0360545, 0.999146, 0.00282815  
238, -18.9026, 1.89985, 180.171, 0.997113, -0.0725194, 0.0225073, 0.0732578, 0.996736, -0.0339284, -0.0199734, 0.0354793, 0.999171, 0.00287003  
239, -18.9246, 1.87789, 180.175, 0.997081, -0.0728518, 0.0228545, 0.0735974, 0.996719, -0.0336851, -0.0203255, 0.0352688, 0.999171, 0.00279153  
240, -18.9218, 1.89883, 180.186, 0.997093, -0.0728099, 0.0224731, 0.0735586, 0.996694, -0.0345108, -0.019886, 0.0360636, 0.999152, 0.00298237  
241, -18.9476, 1.87994, 180.175, 0.9971, -0.0722963, 0.0237559, 0.0730849, 0.996739, -0.0341995, -0.0212059, 0.0358366, 0.999133, 0.00287003  
242, -18.9292, 1.90486, 180.17, 0.997166, -0.0717827, 0.0225413, 0.0725255, 0.996784, -0.0340738, -0.0200229, 0.035612, 0.999165, 0.00280707  
243, -18.9195, 1.90035, 180.198, 0.997089, -0.0727088, 0.0229441, 0.0734567, 0.996731, -0.0336377, -0.0204233, 0.0352252, 0.999171, 0.0028839  
244, -18.9414, 1.88163, 180.197, 0.997126, -0.0721721, 0.0230508, 0.0729291, 0.996761, -0.0338853, -0.0205305, 0.035469, 0.99916, 0.00283703  
245, -18.9263, 1.89529, 180.197, 0.997108, -0.0727445, 0.0220024, 0.0734659, 0.996719, -0.0339775, -0.0194585, 0.0354957, 0.99918, 0.00308084  
246, -18.9241, 1.88723, 180.175, 0.997113, -0.07252, 0.0225044, 0.0732584, 0.996735, -0.0339369, -0.0199699, 0.0354875, 0.999171, 0.00294992  
247, -18.9479, 1.88386, 180.187, 0.997091, -0.0725534, 0.023359, 0.0733243, 0.996727, -0.0340394, -0.0208129, 0.0356532, 0.999147, 0.00280374  
248, -18.9403, 1.90086, 180.175, 0.997121, -0.0723477, 0.0226908, 0.0731025, 0.996731, -0.0344115, -0.0201271, 0.0359712, 0.99915, 0.00289  
249, -18.9269, 1.89304, 180.18, 0.997116, -0.0724441, 0.0226242, 0.0732008, 0.996716, -0.0346309, -0.0200411, 0.0361871, 0.999144, 0.00288224  
250, -18.9439, 1.88604, 180.18, 0.997097, -0.0725167, 0.0232116, 0.073291, 0.996715, -0.0344549, -0.0206368, 0.036056, 0.999137, 0.00300955  
251, -18.964, 1.90128, 180.175, 0.997137, -0.0723642, 0.0219145, 0.073075, 0.996761, -0.0335864, -0.019413, 0.0350916, 0.999196, 0.00292218  
252, -18.9423, 1.90812, 180.167, 0.99711, -0.0724853, 0.0227707, 0.0732338, 0.996736, -0.0339658, -0.0202343, 0.0355352, 0.999164, 0.00282149  
253, -18.9522, 1.89574, 180.192, 0.997135, -0.0720278, 0.0230847, 0.0727946, 0.996757, -0.0343071, -0.0205387, 0.0358892, 0.999145, 0.00289722  
254, -18.9362, 1.89126, 180.196, 0.9971, -0.0725418, 0.0230097, 0.0732915, 0.996744, -0.0336093, -0.0204967, 0.0351983, 0.99917, 0.00289306  
255, -18.9391, 1.89156, 180.185, 0.99706, -0.0730489, 0.0231333, 0.0737905, 0.996727, -0.0330115, -0.0206462, 0.0346215, 0.999187, 0.00297488  
256, -18.9543, 1.88206, 180.165, 0.99713, -0.0720252, 0.0233176, 0.0727879, 0.996778, -0.0337038, -0.0208149, 0.0353043, 0.99916, 0.00296601  
257, -18.9163, 1.89419, 180.178, 0.997122, -0.0726484, 0.021659, 0.0733785, 0.996687, -0.0350707, -0.0190394, 0.036559, 0.99915, 0.0029599  
258, -18.9218, 1.90567, 180.165, 0.99713, -0.0724032, 0.0221217, 0.0731497, 0.996705, -0.0350401, -0.0195118, 0.0365577, 0.999141, 0.00297239  
259, -18.9193, 1.89421, 180.186, 0.997107, -0.0725291, 0.02275, 0.073293, 0.996704, -0.034766, -0.0201534, 0.0363328, 0.999137, 0.00289611  
260, -18.9298, 1.9049, 180.179, 0.997135, -0.0723231, 0.0221794, 0.0730623, 0.996729, -0.0345549, -0.0196078, 0.0360764, 0.999157, 0.00299735  
261, -19.0072, 1.92749, 180.194, 0.997114, -0.0726716, 0.0219541, 0.0733738, 0.996756, -0.0330766, -0.0194792, 0.0345921, 0.999212, 0.00293106  
262, -19.0479, 1.94507, 180.187, 0.997141, -0.0724241, 0.0215399, 0.0731283, 0.996745, -0.0339296, -0.0190125, 0.0354078, 0.999192, 0.00291358  
263, -19.1488, 1.84965, 180.213, 0.997131, -0.0714605, 0.0249636, 0.0722847, 0.99681, -0.0338383, -0.0224659, 0.0355457, 0.999116, 0.00297183  
264, -19.143, 1.8523, 180.197, 0.997145, -0.0714478, 0.0244252, 0.0722518, 0.996814, -0.0337905, -0.0219331, 0.0354588, 0.99913, 0.00282371  
265, -19.1341, 1.85067, 180.185, 0.997118, -0.071425, 0.0255709, 0.0722773, 0.996801, -0.03412, -0.0230521, 0.0358698, 0.999091, 0.00288446  
266, -19.1513, 1.8601, 180.197, 0.997163, -0.0708153, 0.0255207, 0.0716611, 0.996852, -0.0339088, -0.0230391, 0.0356414, 0.999099, 0.00295879  
267, -19.1333, 1.87692, 180.21, 0.997158, -0.0714637, 0.0238644, 0.0722599, 0.996794, -0.0343606, -0.0213324, 0.0359874, 0.999125, 0.00291164  
268, -19.1662, 1.84872, 180.195, 0.997169, -0.0707229, 0.0255276, 0.0715618, 0.99687, -0.0335984, -0.0230715, 0.0353301, 0.999109, 0.00288612  
269, -19.1485, 1.85106, 180.212, 0.997166, -0.0708069, 0.0254312, 0.0716345, 0.996876, -0.0332559, -0.022997, 0.0349834, 0.999123, 0.00289916  
270, -19.1342, 1.85652, 180.219, 0.997197, -0.0709987, 0.0236262, 0.0717844, 0.996832, -0.0342566, -0.0211191, 0.0358565, 0.999134, 0.00293161  
271, -19.1806, 1.81428, 180.217, 0.997135, -0.0708346, 0.02655, 0.0716993, 0.996875, -0.0331677, -0.0241176, 0.0349763, 0.999097, 0.00300789  
272, -19.1529, 1.84242, 180.199, 0.997161, -0.0709999, 0.0250644, 0.071831, 0.996838, -0.033983, -0.0225723, 0.0356869, 0.999108, 0.00287697  
273, -19.1773, 1.82104, 180.208, 0.99713, -0.070974, 0.0263625, 0.0718217, 0.99688, -0.0327352, -0.0239569, 0.0345347, 0.999116, 0.00291358  
274, -19.129, 1.87439, 180.213, 0.997144, -0.0713261, 0.0248201, 0.0721344, 0.996837, -0.0333566, -0.0223624, 0.0350517, 0.999135, 0.00277767  
275, -19.1531, 1.85706, 180.201, 0.997159, -0.0710512, 0.0250237, 0.0718792, 0.996837, -0.0339109, -0.0225351, 0.0356132, 0.999112, 0.00295352  
276, -19.1741, 1.81398, 180.213, 0.997191, -0.0702454, 0.0259782, 0.0710979, 0.996907, -0.0334932, -0.0235451, 0.0352461, 0.999101, 0.00292551  
277, -19.1759, 1.83962, 180.212, 0.997174, -0.070455, 0.0260609, 0.0713035, 0.996902, -0.0332008, -0.023641, 0.0349652, 0.999109, 0.00287835  
278, -19.1728, 1.8248, 180.198, 0.997203, -0.0701351, 0.0258289, 0.0709759, 0.996925, -0.0332168, -0.0234198, 0.0349571, 0.999114, 0.00292412  
279, -19.0939, 1.72237, 180.135, 0.997157, -0.0697547, 0.0284887, 0.0707271, 0.996893, -0.0346834, -0.0259809, 0.0365997, 0.998992, 0.002933  
