0, 14.2796, 10.1671, 180.863, 0.995481, -0.0855125, 0.0412897, 0.0864503, 0.996024, -0.0214862, -0.0392882, 0.0249586, 0.998916, 0.0436222  
1, 14.284, 10.2201, 180.862, 0.99544, -0.0859536, 0.0413606, 0.0868754, 0.995997, -0.0210282, -0.0393876, 0.0245256, 0.998923, 0.00264563  
2, 14.2855, 10.1687, 180.897, 0.995306, -0.0872828, 0.0418107, 0.0882133, 0.995881, -0.0209511, -0.0398098, 0.024541, 0.998906, 0.00288196  
3, 14.3161, 10.1753, 180.875, 0.995414, -0.0867494, 0.0403247, 0.0876717, 0.995913, -0.0216925, -0.0382781, 0.0251284, 0.998951, 0.00309443  
4, 14.3236, 10.2159, 180.852, 0.995408, -0.0865353, 0.0409285, 0.0874523, 0.995944, -0.0211698, -0.0389306, 0.0246518, 0.998938, 0.00300123  
5, 14.3228, 10.2208, 180.85, 0.995419, -0.0864347, 0.040871, 0.0873744, 0.995937, -0.0217885, -0.0388217, 0.0252598, 0.998927, 0.00281927  
6, 14.3258, 10.2054, 180.86, 0.99544, -0.0863486, 0.0405406, 0.0872707, 0.995951, -0.0215524, -0.0385155, 0.0249921, 0.998945, 0.00281178  
7, 14.3223, 10.2048, 180.867, 0.995367, -0.0864534, 0.0420697, 0.0873938, 0.995951, -0.0210496, -0.0400795, 0.0246287, 0.998893, 0.00295408  
8, 14.2897, 10.2061, 180.878, 0.995394, -0.0862599, 0.0418353, 0.0871564, 0.995992, -0.0200989, -0.0399339, 0.0236525, 0.998922, 0.00302342  
9, 14.3064, 10.2056, 180.866, 0.995448, -0.0861247, 0.0408145, 0.0870314, 0.995985, -0.0209808, -0.0388437, 0.0244375, 0.998946, 0.00328139  
10, 14.3006, 10.199, 180.874, 0.995432, -0.0862533, 0.0409343, 0.0871823, 0.995961, -0.0214768, -0.0389165, 0.0249474, 0.998931, 0.00286227  
11, 14.3025, 10.1903, 180.876, 0.995483, -0.0859368, 0.0403512, 0.0868683, 0.995978, -0.0219263, -0.0383047, 0.0253325, 0.998945, 0.00285894  
12, 14.2867, 10.2311, 180.869, 0.99551, -0.0857659, 0.0400446, 0.086689, 0.995994, -0.0219111, -0.038005, 0.0252842, 0.998958, 0.00282066  
13, 14.3066, 10.1832, 180.889, 0.99542, -0.0863659, 0.0409792, 0.0872606, 0.995973, -0.0205677, -0.0390378, 0.0240494, 0.998948, 0.00316267  
14, 14.3051, 10.1835, 180.863, 0.995468, -0.0859978, 0.040595, 0.086927, 0.995978, -0.0217061, -0.0385651, 0.0251366, 0.99894, 0.00308611  
15, 14.2839, 10.2072, 180.879, 0.995389, -0.0865948, 0.0412537, 0.0875303, 0.995931, -0.0214355, -0.0392297, 0.0249476, 0.998919, 0.00291802  
16, 14.294, 10.1889, 180.877, 0.995433, -0.0862258, 0.0409769, 0.0871282, 0.995981, -0.0207665, -0.0390216, 0.0242419, 0.998944, 0.00285977  
17, 14.3135, 10.1418, 180.87, 0.99545, -0.0858241, 0.0414038, 0.0867782, 0.995989, -0.0218218, -0.0393649, 0.0253154, 0.998904, 0.00291608  
18, 14.3039, 10.1396, 180.877, 0.995478, -0.0854913, 0.0414027, 0.0864482, 0.996016, -0.0218979, -0.0393657, 0.0253781, 0.998903, 0.00292468  
19, 14.3306, 10.155, 180.89, 0.995438, -0.085836, 0.041651, 0.0867967, 0.995987, -0.0218279, -0.0396102, 0.0253435, 0.998894, 0.00298958  
20, 14.3044, 10.1368, 180.883, 0.995399, -0.0861392, 0.0419578, 0.0870692, 0.995984, -0.0208638, -0.0399921, 0.024421, 0.998902, 0.00291192  
21, 14.3146, 10.139, 180.866, 0.995451, -0.0859555, 0.0410997, 0.086899, 0.99598, -0.0217463, -0.0390652, 0.0252189, 0.998918, 0.002895  
22, 14.2969, 10.13, 180.873, 0.995448, -0.0858806, 0.0413346, 0.0868158, 0.995995, -0.0213867, -0.0393323, 0.0248778, 0.998916, 0.00294409  
23, 14.2714, 10.1308, 180.886, 0.995428, -0.0859039, 0.0417499, 0.0868128, 0.996014, -0.0204668, -0.0398254, 0.0239977, 0.998918, 0.00306753  
24, 14.2578, 10.0945, 180.861, 0.995388, -0.0862392, 0.0420195, 0.0871737, 0.995973, -0.0209355, -0.0400449, 0.0245019, 0.998897, 0.00315296  
25, 14.2773, 10.0958, 180.86, 0.995468, -0.0857049, 0.0412067, 0.0866394, 0.996009, -0.0214509, -0.0392038, 0.0249238, 0.99892, 0.00282648  
26, 14.2829, 10.0737, 180.883, 0.995498, -0.0853142, 0.0413017, 0.0862663, 0.996033, -0.0218448, -0.0392742, 0.0253094, 0.998908, 0.00279986  
27, 14.3143, 10.0808, 180.865, 0.995515, -0.085173, 0.0411688, 0.0861324, 0.996038, -0.022116, -0.039122, 0.0255628, 0.998907, 0.00300789  
28, 14.3027, 10.0528, 180.862, 0.995405, -0.0860213, 0.042053, 0.087019, 0.995953, -0.0224957, -0.0399477, 0.0260518, 0.998862, 0.0028864  
29, 14.2969, 10.0987, 180.858, 0.995392, -0.0863231, 0.0417582, 0.0872653, 0.995958, -0.0212885, -0.0397517, 0.0248344, 0.998901, 0.00296212  
30, 14.3073, 10.0486, 180.886, 0.995429, -0.0861704, 0.0411682, 0.0871256, 0.995954, -0.0219954, -0.0391063, 0.0254817, 0.99891, 0.00294354  
31, 14.3332, 10.022, 180.87, 0.995439, -0.085966, 0.0413717, 0.0869366, 0.995965, -0.0222599, -0.0392911, 0.025755, 0.998896, 0.00287641  
32, 14.3084, 10.0024, 180.88, 0.995426, -0.0861078, 0.0413884, 0.0870487, 0.995972, -0.0214935, -0.039371, 0.024998, 0.998912, 0.00301788  
33, 14.3047, 10.0251, 180.878, 0.995425, -0.086177, 0.0412551, 0.0871314, 0.995956, -0.0219207, -0.0391992, 0.025415, 0.998908, 0.00286282  
34, 14.3074, 10.0158, 180.86, 0.995423, -0.0860293, 0.0416231, 0.0870143, 0.995954, -0.0224594, -0.0395225, 0.0259784, 0.998881, 0.00303147  
35, 14.3166, 10.0236, 180.864, 0.995423, -0.0861027, 0.0414772, 0.087079, 0.995951, -0.0223335, -0.0393863, 0.0258431, 0.99889, 0.00297682  
36, 14.336, 10.0225, 180.875, 0.995442, -0.085622, 0.0419921, 0.0866086, 0.995994, -0.0222637, -0.0399176, 0.0257992, 0.99887, 0.0027466  
37, 14.329, 10.0152, 180.851, 0.995458, -0.0854966, 0.0418727, 0.0865086, 0.995986, -0.0229797, -0.03974, 0.0264977, 0.998859, 0.00269528  
38, 14.3115, 9.98804, 180.869, 0.995422, -0.0858066, 0.0420931, 0.0868262, 0.995957, -0.0230201, -0.0399477, 0.0265695, 0.998848, 0.00294382  
39, 14.2995, 9.98774, 180.87, 0.995441, -0.0858691, 0.0415176, 0.0868338, 0.99598, -0.0220145, -0.0394603, 0.0255192, 0.998895, 0.00282094  
40, 14.304, 10.0113, 180.849, 0.995485, -0.0853343, 0.041557, 0.086362, 0.995984, -0.0235924, -0.0393769, 0.0270749, 0.998858, 0.00273162  
41, 14.2965, 9.99397, 180.861, 0.995457, -0.0856362, 0.0416244, 0.0866037, 0.995999, -0.0220211, -0.0395721, 0.0255259, 0.998891, 0.00278238  
42, 14.2836, 9.9873, 180.847, 0.995536, -0.0849845, 0.0410455, 0.0860005, 0.996014, -0.0236532, -0.0388718, 0.0270776, 0.998877, 0.00290304  
43, 14.2982, 9.99772, 180.897, 0.995458, -0.0858201, 0.0412095, 0.0868109, 0.995962, -0.0228838, -0.0390792, 0.0263573, 0.998888, 0.00286449  
44, 14.3025, 10.012, 180.875, 0.995488, -0.0857152, 0.0407084, 0.0866979, 0.995969, -0.0230158, -0.0385715, 0.0264413, 0.998906, 0.00273606  
45, 14.3079, 9.9881, 180.885, 0.995474, -0.0853366, 0.0418234, 0.0863097, 0.996025, -0.0220386, -0.0397764, 0.0255486, 0.998882, 0.00270777  
46, 14.3145, 10.009, 180.873, 0.995466, -0.0857194, 0.041225, 0.0866817, 0.99599, -0.0221483, -0.0391611, 0.0256213, 0.998904, 0.00283592  
47, 14.3148, 10.0012, 180.881, 0.995416, -0.0860455, 0.0417576, 0.0870308, 0.995954, -0.0223782, -0.0396631, 0.0259098, 0.998877, 0.00292911  
48, 14.3506, 10.0136, 180.893, 0.995496, -0.085185, 0.0416019, 0.0861633, 0.996031, -0.0223145, -0.0395359, 0.0257986, 0.998885, 0.00278377  
49, 14.3414, 10.0502, 180.877, 0.995423, -0.0860846, 0.0415062, 0.0870395, 0.995967, -0.0217728, -0.0394645, 0.0252859, 0.998901, 0.00295103  
50, 14.3099, 10.0348, 180.877, 0.995546, -0.084973, 0.0408335, 0.0859783, 0.996019, -0.0235247, -0.038672, 0.0269307, 0.998889, 0.00313493  
51, 14.3065, 10.046, 180.88, 0.995444, -0.0861166, 0.040921, 0.0870592, 0.995964, -0.021836, -0.0388754, 0.025299, 0.998924, 0.00286504  
52, 14.3066, 10.0802, 180.867, 0.995521, -0.085542, 0.0402503, 0.0865005, 0.995993, -0.0227041, -0.0381469, 0.0260841, 0.998932, 0.00290387  
53, 14.3247, 10.0757, 180.918, 0.995484, -0.0857343, 0.0407499, 0.0866809, 0.995992, -0.0220568, -0.0386956, 0.0254894, 0.998926, 0.00281567  
54, 14.2878, 10.0446, 180.904, 0.995471, -0.0857719, 0.0409902, 0.0867344, 0.995982, -0.0223051, -0.0389124, 0.0257593, 0.998911, 0.00288695  
55, 14.303, 10.0503, 180.89, 0.995499, -0.0856658, 0.0405302, 0.0866304, 0.995983, -0.0226721, -0.0384251, 0.0260812, 0.998921, 0.00298931  
56, 14.2989, 10.0905, 180.886, 0.995513, -0.0853289, 0.0409086, 0.0862605, 0.996039, -0.0215723, -0.0389058, 0.0250043, 0.99893, 0.00299208  
57, 14.2699, 10.1073, 180.887, 0.995408, -0.086242, 0.0415314, 0.0872098, 0.995945, -0.0220799, -0.0394588, 0.0256005, 0.998893, 0.00290304  
58, 14.3082, 10.1309, 180.86, 0.995528, -0.0856843, 0.0397693, 0.0866071, 0.995998, -0.0220896, -0.0377174, 0.0254351, 0.998965, 0.00282205  
59, 14.2808, 10.1238, 180.866, 0.995421, -0.0863297, 0.0410366, 0.0872686, 0.995949, -0.021664, -0.0390001, 0.025146, 0.998923, 0.00281816  
60, 14.2902, 10.1107, 180.892, 0.995473, -0.0855539, 0.041412, 0.0865247, 0.996001, -0.0222436, -0.0393434, 0.0257261, 0.998895, 0.00303341  
61, 14.3084, 10.1485, 180.872, 0.995464, -0.0857996, 0.0410964, 0.0867404, 0.995995, -0.0216819, -0.0390715, 0.0251483, 0.99892, 0.00282371  
62, 14.2752, 10.1557, 180.873, 0.995407, -0.0864429, 0.0411472, 0.0873671, 0.99595, -0.0212141, -0.0391468, 0.0247116, 0.998928, 0.00289167  
63, 14.2823, 10.1575, 180.86, 0.995425, -0.086062, 0.0414985, 0.0870012, 0.995979, -0.0213801, -0.0394916, 0.0248927, 0.99891, 0.002738  
64, 14.2487, 10.1831, 180.883, 0.995399, -0.0864699, 0.0412703, 0.0874161, 0.995936, -0.021698, -0.0392263, 0.0252059, 0.998912, 0.00292495  
65, 14.2831, 10.1756, 180.91, 0.995436, -0.0861836, 0.040989, 0.0871225, 0.995961, -0.0216964, -0.0389536, 0.0251684, 0.998924, 0.00301371  
66, 14.3165, 10.1741, 180.897, 0.995435, -0.0861396, 0.0410987, 0.0871011, 0.995952, -0.0222046, -0.0390196, 0.0256829, 0.998908, 0.00294437  
67, 14.3074, 10.1853, 180.911, 0.99544, -0.0863796, 0.040458, 0.0872909, 0.995955, -0.021323, -0.0384524, 0.0247574, 0.998954, 0.00278626  
68, 14.2795, 10.1952, 180.899, 0.995394, -0.0867627, 0.0407708, 0.0877198, 0.995896, -0.0223007, -0.0386685, 0.0257744, 0.99892, 0.00276962  
69, 14.2926, 10.1937, 180.889, 0.995381, -0.0865228, 0.0416084, 0.0874309, 0.995959, -0.0205216, -0.0396646, 0.0240647, 0.998923, 0.00280762  
70, 14.2819, 10.2187, 180.865, 0.9954, -0.0863088, 0.0415933, 0.0872216, 0.995975, -0.0206519, -0.0396434, 0.0241847, 0.998921, 0.00287919  
71, 14.3015, 10.221, 180.891, 0.995449, -0.0862957, 0.0404222, 0.0872133, 0.995957, -0.0215122, -0.0384024, 0.0249397, 0.998951, 0.00306919  
72, 14.3074, 10.2175, 180.892, 0.995443, -0.0859636, 0.0412814, 0.0869175, 0.995975, -0.0218953, -0.039233, 0.0253836, 0.998908, 0.00305782  
73, 14.2893, 10.2175, 180.889, 0.995505, -0.0855426, 0.0406537, 0.0864562, 0.996029, -0.0212699, -0.0386728, 0.0246891, 0.998947, 0.00277295  
74, 14.2521, 10.2605, 180.887, 0.995503, -0.0856175, 0.0405486, 0.0865523, 0.996007, -0.021884, -0.0385131, 0.0252951, 0.998938, 0.00306281  
75, 14.2853, 10.2493, 180.883, 0.995482, -0.0857186, 0.0408467, 0.0866218, 0.996023, -0.0208767, -0.0388947, 0.0243206, 0.998947, 0.00297544  
76, 14.2683, 10.2606, 180.895, 0.995472, -0.085789, 0.0409328, 0.0866847, 0.996022, -0.0206304, -0.0390002, 0.0240852, 0.998949, 0.00279875  
77, 14.3035, 10.2486, 180.91, 0.99543, -0.0862164, 0.0410644, 0.0871082, 0.995989, -0.0204447, -0.0391371, 0.0239283, 0.998947, 0.00306087  
78, 14.3016, 10.2631, 180.895, 0.995478, -0.0857696, 0.0408197, 0.0866861, 0.996009, -0.0212354, -0.0388354, 0.0246778, 0.998941, 0.00283203  
79, 14.2791, 10.2414, 180.905, 0.995451, -0.0858262, 0.0413649, 0.0867695, 0.995995, -0.0215712, -0.0393478, 0.0250623, 0.998911, 0.00288085  
80, 14.2977, 10.2619, 180.896, 0.995461, -0.0862353, 0.040258, 0.0871642, 0.995953, -0.0219155, -0.0382052, 0.0253251, 0.998949, 0.0030151  
81, 14.3, 10.2509, 180.895, 0.995475, -0.0858064, 0.0408244, 0.0867248, 0.996005, -0.0212813, -0.0388352, 0.0247255, 0.99894, 0.00306614  
82, 14.3341, 10.2524, 180.899, 0.995417, -0.0864419, 0.040894, 0.0873505, 0.995957, -0.0209786, -0.0389152, 0.0244545, 0.998943, 0.00283869  
83, 14.3048, 10.2233, 180.873, 0.995497, -0.0856584, 0.0406017, 0.0865837, 0.99601, -0.0216037, -0.0385892, 0.0250219, 0.998942, 0.00279348  
84, 14.2926, 10.2228, 180.914, 0.995461, -0.0861968, 0.0403317, 0.0871215, 0.99596, -0.0217568, -0.0382934, 0.0251718, 0.998949, 0.00305726  
85, 14.2859, 10.2421, 180.887, 0.995457, -0.0863319, 0.0401556, 0.0872547, 0.995947, -0.0218246, -0.0381087, 0.0252292, 0.998955, 0.00285589  
86, 14.3135, 10.2381, 180.904, 0.995433, -0.0864821, 0.0404322, 0.087414, 0.995932, -0.0218762, -0.0383758, 0.0253107, 0.998943, 0.00289944  
87, 14.2821, 10.2224, 180.876, 0.995522, -0.0853981, 0.0405342, 0.0863153, 0.996037, -0.0214399, -0.0385426, 0.0248426, 0.998948, 0.00285811  
88, 14.3084, 10.1895, 180.911, 0.99547, -0.0862771, 0.0399363, 0.087212, 0.99594, -0.0222901, -0.037851, 0.0256721, 0.998954, 0.00276269  
89, 14.3111, 10.2071, 180.895, 0.995513, -0.0855456, 0.0404351, 0.0864822, 0.99601, -0.0220061, -0.0383913, 0.0254042, 0.99894, 0.0030556  
90, 14.2976, 10.1965, 180.899, 0.995439, -0.0862982, 0.040671, 0.0872451, 0.995942, -0.022109, -0.038598, 0.0255565, 0.998928, 0.00300706  
91, 14.3138, 10.1863, 180.929, 0.995448, -0.0863122, 0.0404156, 0.087282, 0.995921, -0.0228755, -0.0382763, 0.0262989, 0.998921, 0.00292357  
92, 14.2851, 10.1887, 180.895, 0.995497, -0.0860059, 0.0398625, 0.0869452, 0.99596, -0.0224581, -0.0377699, 0.0258229, 0.998953, 0.00284646  
93, 14.2881, 10.1668, 180.89, 0.995466, -0.0862585, 0.0400803, 0.0871581, 0.995968, -0.0212645, -0.0380844, 0.0246614, 0.99897, 0.00279209  
94, 14.2661, 10.144, 180.876, 0.995518, -0.0857739, 0.0398374, 0.0866866, 0.995998, -0.0217765, -0.0378101, 0.0251322, 0.998969, 0.00291885  
95, 14.2462, 10.1619, 180.867, 0.995454, -0.0864201, 0.0400383, 0.0873022, 0.995964, -0.0208289, -0.0380767, 0.0242297, 0.998981, 0.00297239  
96, 14.2719, 10.1613, 180.876, 0.995426, -0.0866168, 0.0402952, 0.0875481, 0.995919, -0.0219468, -0.0382298, 0.0253742, 0.998947, 0.00292662  
97, 14.2836, 10.1588, 180.902, 0.995473, -0.0862271, 0.0399693, 0.0871704, 0.99594, -0.0224873, -0.037868, 0.0258697, 0.998948, 0.00289888  
98, 14.2752, 10.1638, 180.89, 0.995478, -0.0856278, 0.0411292, 0.0865857, 0.995999, -0.0220987, -0.0390724, 0.02556, 0.998909, 0.00286365  
99, 14.258, 10.1498, 180.896, 0.995458, -0.0856735, 0.0415232, 0.0866413, 0.995995, -0.0220947, -0.039464, 0.025592, 0.998893, 0.00290138  
100, 14.2835, 10.1177, 180.913, 0.995461, -0.0857506, 0.0412928, 0.0867196, 0.995984, -0.0222737, -0.039217, 0.0257534, 0.998899, 0.0029391  
101, 14.2866, 10.1272, 180.896, 0.995442, -0.0860793, 0.0410573, 0.087007, 0.995978, -0.0213685, -0.0390528, 0.0248433, 0.998928, 0.00296434  
102, 14.289, 10.1494, 180.873, 0.995501, -0.0857049, 0.0403982, 0.086623, 0.996008, -0.0215477, -0.0383902, 0.0249502, 0.998951, 0.00298598  
103, 14.2499, 10.1141, 180.866, 0.99542, -0.0860036, 0.0417464, 0.0869375, 0.99599, -0.0210924, -0.039765, 0.0246251, 0.998906, 0.00284146  
104, 14.3009, 10.0961, 180.897, 0.995535, -0.0852215, 0.0405919, 0.0861481, 0.996047, -0.0216501, -0.0385864, 0.0250504, 0.998941, 0.00290526  
105, 14.3014, 10.0936, 180.918, 0.995405, -0.0864959, 0.0410712, 0.0874245, 0.995942, -0.0213745, -0.0390557, 0.0248669, 0.998928, 0.002971  
106, 14.2925, 10.1018, 180.882, 0.995467, -0.0856427, 0.041356, 0.0866287, 0.995983, -0.0226665, -0.0392487, 0.0261463, 0.998887, 0.00295214  
107, 14.2917, 10.0759, 180.893, 0.995436, -0.0858331, 0.0417006, 0.0868134, 0.995975, -0.0222929, -0.0396193, 0.0258113, 0.998881, 0.00293383  
108, 14.2882, 10.0875, 180.892, 0.995571, -0.0845532, 0.0410964, 0.0855317, 0.996078, -0.0226625, -0.039019, 0.0260772, 0.998898, 0.00288307  
109, 14.2773, 10.0666, 180.909, 0.995481, -0.0855749, 0.0411643, 0.08653, 0.996006, -0.0220035, -0.039117, 0.025466, 0.99891, 0.00299929  
110, 14.3131, 10.0631, 180.913, 0.995466, -0.085774, 0.0411019, 0.0867256, 0.99599, -0.0219519, -0.0390542, 0.025417, 0.998914, 0.00292329  
111, 14.2669, 10.0492, 180.907, 0.995486, -0.0854726, 0.0412525, 0.0864701, 0.995988, -0.0230322, -0.0391183, 0.0264953, 0.998883, 0.0029538  
112, 14.2706, 10.0889, 180.908, 0.995509, -0.0854953, 0.0406534, 0.0864711, 0.995992, -0.0228793, -0.0385343, 0.0262919, 0.998911, 0.00290443  
113, 14.278, 10.0632, 180.937, 0.995492, -0.0852158, 0.0416447, 0.0862273, 0.996007, -0.0231259, -0.0395077, 0.0266126, 0.998865, 0.00282205  
114, 14.3247, 10.0663, 180.938, 0.995468, -0.0859505, 0.0406856, 0.086901, 0.99597, -0.0221974, -0.0386137, 0.0256324, 0.998925, 0.00299152  
115, 14.2779, 10.038, 180.905, 0.995451, -0.0858338, 0.0413556, 0.0867851, 0.995989, -0.0217815, -0.0393201, 0.0252715, 0.998907, 0.00289777  
116, 14.3099, 10.0386, 180.913, 0.995492, -0.0854534, 0.0411534, 0.0864346, 0.995999, -0.0226828, -0.0390504, 0.0261376, 0.998895, 0.00298681  
117, 14.3246, 10.0306, 180.91, 0.995413, -0.0861037, 0.0417051, 0.0870692, 0.995961, -0.0219118, -0.03965, 0.0254426, 0.99889, 0.00292135  
118, 14.304, 10.0264, 180.907, 0.995448, -0.0856487, 0.0418146, 0.0866565, 0.995975, -0.0229121, -0.0396839, 0.0264313, 0.998863, 0.00273523  
119, 14.3089, 10.0206, 180.938, 0.995428, -0.0859415, 0.0416803, 0.0868941, 0.995983, -0.0216051, -0.0396561, 0.0251281, 0.998897, 0.00299347  
120, 14.2915, 10.0406, 180.91, 0.995505, -0.0852643, 0.0412297, 0.0862434, 0.996018, -0.0225814, -0.0391401, 0.0260357, 0.998894, 0.00295325  
121, 14.3299, 10.0412, 180.918, 0.995481, -0.0855023, 0.0413099, 0.0864818, 0.995999, -0.0225335, -0.0392179, 0.0260043, 0.998892, 0.00294742  
122, 14.3259, 10.0575, 180.891, 0.995448, -0.0858881, 0.0413166, 0.0868297, 0.99599, -0.0215608, -0.0392991, 0.0250501, 0.998913, 0.00292523  
123, 14.3136, 10.063, 180.881, 0.995509, -0.0852837, 0.041088, 0.0862327, 0.996034, -0.0219031, -0.0390571, 0.0253478, 0.998915, 0.0028778  
124, 14.2785, 10.0303, 180.89, 0.995508, -0.0854063, 0.0408667, 0.0864107, 0.995983, -0.0234744, -0.0386977, 0.0269003, 0.998889, 0.00295241  
125, 14.2833, 10.0298, 180.909, 0.995449, -0.0860743, 0.0408965, 0.0870333, 0.995956, -0.0222748, -0.0388139, 0.0257328, 0.998915, 0.00286892  
126, 14.3015, 10.0682, 180.906, 0.995517, -0.0854853, 0.0404799, 0.0864188, 0.996018, -0.0218977, -0.0384467, 0.0252978, 0.99894, 0.00296018  
127, 14.2921, 10.075, 180.894, 0.995491, -0.0854591, 0.0411739, 0.0863922, 0.99603, -0.0214404, -0.0391782, 0.0249008, 0.998922, 0.00287974  
128, 14.2856, 10.0828, 180.872, 0.995477, -0.0856695, 0.0410695, 0.0866123, 0.996005, -0.0217505, -0.0390421, 0.0252093, 0.99892, 0.00274715  
129, 14.2872, 10.0946, 180.874, 0.995404, -0.0864521, 0.0411977, 0.0873872, 0.995943, -0.0214629, -0.0391751, 0.0249644, 0.99892, 0.00295352  
130, 14.2957, 10.0797, 180.875, 0.99551, -0.0857573, 0.0400616, 0.0866943, 0.995986, -0.0222663, -0.0379913, 0.0256394, 0.998949, 0.00298015  
131, 14.3106, 10.1142, 180.884, 0.995461, -0.0859929, 0.0407741, 0.0869204, 0.995982, -0.0215461, -0.0387575, 0.0249925, 0.998936, 0.00292801  
132, 14.283, 10.0872, 180.895, 0.995463, -0.0858294, 0.041072, 0.0867792, 0.995986, -0.0219264, -0.0390252, 0.0253911, 0.998916, 0.0029649  
133, 14.3254, 10.1464, 180.864, 0.995488, -0.0859044, 0.0402977, 0.086801, 0.996003, -0.0210509, -0.0383282, 0.0244537, 0.998966, 0.00275964  
134, 14.3187, 10.1327, 180.864, 0.995448, -0.0858813, 0.0413309, 0.0867812, 0.996017, -0.0204921, -0.0394064, 0.0239855, 0.998935, 0.00293133  
135, 14.2957, 10.1359, 180.891, 0.995437, -0.0859069, 0.0415302, 0.0868266, 0.996005, -0.0208694, -0.0395715, 0.0243802, 0.998919, 0.00289222  
136, 14.2664, 10.1257, 180.893, 0.995455, -0.0861758, 0.0405371, 0.0871013, 0.995964, -0.0216438, -0.0385083, 0.0250763, 0.998944, 0.00293411  
137, 14.3073, 10.1428, 180.899, 0.995489, -0.0859854, 0.0401107, 0.086928, 0.995963, -0.0223775, -0.0380246, 0.0257633, 0.998945, 0.00297183  
138, 14.2982, 10.1517, 180.906, 0.995487, -0.0857638, 0.0406272, 0.0866922, 0.996, -0.0216656, -0.0386066, 0.0250899, 0.998939, 0.00282038  
139, 14.2948, 10.1751, 180.905, 0.995506, -0.0860425, 0.0395484, 0.086967, 0.995962, -0.0222773, -0.0374719, 0.0256166, 0.998969, 0.00290581  
140, 14.2705, 10.1857, 180.881, 0.995482, -0.0855795, 0.0411415, 0.0865281, 0.99601, -0.0218546, -0.0391071, 0.0253157, 0.998914, 0.00299319  
141, 14.2948, 10.1952, 180.867, 0.99546, -0.0860846, 0.0405961, 0.0870058, 0.995976, -0.0214956, -0.0385823, 0.0249301, 0.998944, 0.00314602  
142, 14.2818, 10.1907, 180.882, 0.995436, -0.0861821, 0.0409804, 0.0871135, 0.995966, -0.0215096, -0.0389614, 0.0249814, 0.998928, 0.00293577  
143, 14.33, 10.1776, 180.914, 0.995423, -0.0865524, 0.0405264, 0.0875201, 0.995903, -0.0227449, -0.0383917, 0.0261876, 0.99892, 0.002776  
144, 14.3331, 10.155, 180.908, 0.995449, -0.0863309, 0.0403521, 0.0872868, 0.995928, -0.0225564, -0.0382404, 0.0259759, 0.998931, 0.00281955  
145, 14.3705, 10.1271, 180.946, 0.995565, -0.0858426, 0.0385011, 0.0868297, 0.995916, -0.0247421, -0.0362199, 0.0279754, 0.998952, 0.00299985  
146, 14.3646, 10.1072, 180.971, 0.995645, -0.0848361, 0.0386505, 0.0858199, 0.996008, -0.0245467, -0.0364137, 0.0277568, 0.998951, 0.00301427  
147, 14.2778, 10.2285, 180.892, 0.995376, -0.0868389, 0.0410457, 0.0879083, 0.995815, -0.0250071, -0.0387023, 0.0284997, 0.998844, 0.00292911  
148, 14.2725, 10.2596, 180.891, 0.995344, -0.0872592, 0.0409305, 0.088329, 0.995775, -0.0250973, -0.0385676, 0.0285958, 0.998847, 0.00276297  
149, 14.2636, 10.2257, 180.899, 0.995392, -0.0865114, 0.0413577, 0.0876292, 0.995813, -0.0260217, -0.0389334, 0.029526, 0.998805, 0.00292856  
150, 14.2585, 10.2593, 180.917, 0.995289, -0.0872914, 0.0421839, 0.0883521, 0.995801, -0.0239659, -0.0399148, 0.0275801, 0.998822, 0.0031488  
151, 14.2763, 10.2417, 180.919, 0.995433, -0.0863806, 0.0406329, 0.0874574, 0.995842, -0.0255127, -0.0382601, 0.0289498, 0.998848, 0.0030065  
152, 14.2634, 10.2788, 180.896, 0.995359, -0.0869606, 0.0412111, 0.0880282, 0.995808, -0.024837, -0.0388786, 0.0283495, 0.998842, 0.0028165  
153, 14.2614, 10.2727, 180.926, 0.995351, -0.0871205, 0.0410739, 0.0881704, 0.995805, -0.0244784, -0.038769, 0.0279861, 0.998856, 0.00275659  
154, 14.2589, 10.2544, 180.923, 0.995354, -0.086949, 0.0413502, 0.088045, 0.995791, -0.0254643, -0.0389621, 0.0289867, 0.99882, 0.0028165  
155, 14.3053, 10.2616, 180.914, 0.995375, -0.0871189, 0.0404909, 0.0881456, 0.995811, -0.0242997, -0.0382043, 0.0277564, 0.998884, 0.00304866  
156, 14.2599, 10.2711, 180.918, 0.99541, -0.0867205, 0.0404802, 0.0877871, 0.995817, -0.0253553, -0.0381121, 0.0287926, 0.998859, 0.00307696  
157, 14.279, 10.2677, 180.892, 0.995342, -0.0871473, 0.0412249, 0.0881787, 0.995818, -0.023897, -0.0389699, 0.0274208, 0.998864, 0.00303896  
158, 14.2815, 10.234, 180.908, 0.995351, -0.0872413, 0.0408009, 0.0882866, 0.995792, -0.0245567, -0.0384869, 0.0280447, 0.998865, 0.0028054  
159, 14.2528, 10.2423, 180.883, 0.995394, -0.0867853, 0.0407214, 0.0878585, 0.99581, -0.0253467, -0.0383511, 0.0288077, 0.998849, 0.00281289  
160, 14.2373, 10.225, 180.918, 0.995334, -0.0872575, 0.0411843, 0.0883293, 0.995779, -0.024962, -0.0388323, 0.0284833, 0.99884, 0.0029918  
161, 14.2669, 10.2432, 180.889, 0.995328, -0.0870607, 0.0417364, 0.0881338, 0.995805, -0.0245966, -0.03942, 0.02816, 0.998826, 0.00303147  
162, 14.2637, 10.2268, 180.894, 0.995395, -0.0865833, 0.0411327, 0.0876835, 0.995816, -0.0257401, -0.0387319, 0.0292282, 0.998822, 0.00281789  
163, 14.2475, 10.2593, 180.888, 0.995347, -0.0870868, 0.0412392, 0.0881774, 0.995781, -0.0254043, -0.0388528, 0.0289225, 0.998826, 0.00276685  
164, 14.2688, 10.238, 180.877, 0.995423, -0.0866061, 0.0403949, 0.087677, 0.995822, -0.0255356, -0.0380145, 0.0289604, 0.998857, 0.00289278  
165, 14.2448, 10.1904, 180.894, 0.995315, -0.0875734, 0.0409867, 0.0886343, 0.995755, -0.0248221, -0.038639, 0.0283386, 0.998851, 0.00285505  
166, 14.2575, 10.244, 180.882, 0.995406, -0.0867101, 0.0406007, 0.0878002, 0.995802, -0.0258805, -0.0381861, 0.0293264, 0.99884, 0.00298625  
167, 14.23, 10.1944, 180.911, 0.995287, -0.0875076, 0.0417982, 0.0885774, 0.995769, -0.0244646, -0.0394805, 0.0280517, 0.998827, 0.00278321  
168, 14.2799, 10.229, 180.892, 0.995334, -0.0870047, 0.0417125, 0.0880784, 0.995809, -0.0246303, -0.0393948, 0.0281894, 0.998826, 0.00276019  
169, 14.2708, 10.2155, 180.882, 0.995349, -0.0874065, 0.0404905, 0.0884528, 0.995771, -0.0248101, -0.0381507, 0.0282762, 0.998872, 0.00288751  
170, 14.2568, 10.178, 180.909, 0.995376, -0.0868886, 0.0409493, 0.0879513, 0.995813, -0.024904, -0.038614, 0.0283904, 0.998851, 0.00298653  
171, 14.275, 10.1684, 180.88, 0.995348, -0.0870907, 0.0412019, 0.0881585, 0.995796, -0.0248488, -0.0388646, 0.0283655, 0.998842, 0.00291746  
172, 14.2772, 10.1757, 180.887, 0.995302, -0.0873476, 0.04176, 0.0884379, 0.995768, -0.0250119, -0.0393985, 0.0285876, 0.998815, 0.00284174  
173, 14.2402, 10.1542, 180.896, 0.995265, -0.0878999, 0.0414883, 0.0889974, 0.995708, -0.0253907, -0.0390784, 0.0289629, 0.998816, 0.00281206  
174, 14.256, 10.1629, 180.885, 0.995359, -0.0868562, 0.0414381, 0.0879547, 0.995799, -0.0254623, -0.0390524, 0.0289888, 0.998817, 0.002933  
175, 14.2726, 10.1247, 180.873, 0.995343, -0.086999, 0.0415224, 0.0880484, 0.995823, -0.0241485, -0.039248, 0.027692, 0.998846, 0.00294742  
176, 14.2692, 10.1617, 180.891, 0.995334, -0.0872451, 0.0412117, 0.0883635, 0.995745, -0.0261413, -0.0387556, 0.0296609, 0.998808, 0.00427495  
177, 14.2413, 10.1543, 180.898, 0.99532, -0.0874778, 0.0410632, 0.0885692, 0.995742, -0.0255534, -0.038653, 0.0290708, 0.99883, 0.00283065  
178, 14.2543, 10.1139, 180.907, 0.995351, -0.0873299, 0.0406276, 0.0884239, 0.995745, -0.0259564, -0.0381879, 0.0294282, 0.998837, 0.00278599  
179, 14.2351, 10.0984, 180.884, 0.995305, -0.087289, 0.0418147, 0.0884164, 0.995746, -0.0259142, -0.0393749, 0.0294896, 0.998789, 0.00297544  
180, 14.2671, 10.1251, 180.909, 0.995323, -0.0871891, 0.0415982, 0.088294, 0.995768, -0.0255049, -0.0391984, 0.0290585, 0.998809, 0.00285173  
181, 14.2779, 10.1208, 180.915, 0.995394, -0.0869269, 0.0404172, 0.0880167, 0.995779, -0.0260138, -0.0379853, 0.0294514, 0.998844, 0.00294603  
182, 14.2712, 10.0884, 180.89, 0.995424, -0.0864151, 0.0407868, 0.0875339, 0.995809, -0.0264885, -0.0383268, 0.0299375, 0.998817, 0.00288362  
183, 14.2784, 10.1062, 180.889, 0.99536, -0.0866701, 0.0417967, 0.0877917, 0.995805, -0.0257886, -0.0393863, 0.0293384, 0.998793, 0.00277933  
184, 14.2766, 10.0905, 180.907, 0.995416, -0.086515, 0.0407687, 0.0876326, 0.995801, -0.0264701, -0.0383075, 0.0299214, 0.998818, 0.00295547  
185, 14.2518, 10.1053, 180.89, 0.995316, -0.0872167, 0.0417034, 0.088341, 0.995753, -0.0259197, -0.0392657, 0.0294824, 0.998794, 0.00290942  
186, 14.2573, 10.0853, 180.876, 0.995402, -0.0865467, 0.0410472, 0.0876432, 0.99582, -0.0257085, -0.0386507, 0.0291878, 0.998826, 0.00294659  
187, 14.179, 10.1731, 180.826, 0.995327, -0.0869899, 0.041918, 0.0880966, 0.99579, -0.0253161, -0.0395393, 0.0288906, 0.9988, 0.0029599  
188, 14.2157, 10.1729, 180.805, 0.995407, -0.0860221, 0.042015, 0.0871158, 0.995886, -0.0249288, -0.0396978, 0.0284744, 0.998806, 0.00288973  
189, 14.2138, 10.1595, 180.841, 0.99544, -0.0859692, 0.0413273, 0.0870675, 0.995875, -0.0255488, -0.0389604, 0.0290306, 0.998819, 0.00297627  
190, 14.1894, 10.1523, 180.813, 0.995243, -0.0869204, 0.0440114, 0.0879755, 0.995866, -0.0226295, -0.0418625, 0.0263938, 0.998775, 0.00292551  
191, 14.2499, 10.1139, 180.856, 0.995517, -0.0854284, 0.0405924, 0.0863641, 0.996023, -0.0218821, -0.0385616, 0.0252897, 0.998936, 0.00324644  
192, 14.2606, 10.0895, 180.831, 0.995486, -0.0856686, 0.0408522, 0.0865831, 0.99602, -0.0211646, -0.0388765, 0.0246062, 0.998941, 0.00291608  
193, 14.2767, 10.0604, 180.862, 0.995426, -0.0859561, 0.0416876, 0.0869364, 0.995964, -0.0222973, -0.0396028, 0.0258195, 0.998882, 0.00285089  
194, 14.2566, 10.0645, 180.865, 0.995444, -0.0858375, 0.0415138, 0.0868236, 0.995968, -0.0225607, -0.0394099, 0.0260623, 0.998883, 0.00297904  
195, 14.2611, 10.0915, 180.847, 0.995523, -0.0849207, 0.041501, 0.0858859, 0.996061, -0.022051, -0.0394649, 0.0255166, 0.998895, 0.00294354  
196, 14.3007, 10.0786, 180.852, 0.995482, -0.0857465, 0.040772, 0.0867374, 0.995961, -0.023186, -0.0386192, 0.0266177, 0.998899, 0.00292634  
197, 14.3027, 10.0879, 180.862, 0.995476, -0.0858204, 0.0407807, 0.0867691, 0.995984, -0.0220886, -0.0387213, 0.0255271, 0.998924, 0.00290443  
198, 14.2687, 10.0798, 180.869, 0.995445, -0.0860621, 0.041026, 0.0870261, 0.995956, -0.0223171, -0.0389394, 0.0257858, 0.998909, 0.00288973  
199, 14.2694, 10.0504, 180.87, 0.995426, -0.086201, 0.0411829, 0.0871597, 0.99595, -0.0220766, -0.039113, 0.0255651, 0.998908, 0.00294437  
200, 14.2756, 10.0852, 180.869, 0.995487, -0.0857043, 0.0407459, 0.0866307, 0.996008, -0.0215369, -0.0387374, 0.0249695, 0.998937, 0.0029882  
201, 14.3077, 10.0889, 180.886, 0.995474, -0.0857986, 0.0408659, 0.0867293, 0.995998, -0.021572, -0.0388515, 0.0250187, 0.998932, 0.00302009  
202, 14.2957, 10.082, 180.865, 0.995444, -0.0859533, 0.0412641, 0.0868504, 0.996011, -0.0204616, -0.0393408, 0.0239522, 0.998939, 0.00292939  
203, 14.2757, 10.0823, 180.9, 0.995407, -0.0864028, 0.0412153, 0.0873218, 0.995958, -0.0210405, -0.0392307, 0.0245429, 0.998929, 0.00291857  
204, 14.2615, 10.1003, 180.865, 0.995458, -0.0858971, 0.0410522, 0.086843, 0.995983, -0.0218399, -0.0390113, 0.0253058, 0.998918, 0.00294187  
205, 14.2819, 10.065, 180.868, 0.995411, -0.0863151, 0.0413121, 0.0872629, 0.995949, -0.0217148, -0.0392704, 0.0252201, 0.99891, 0.00297571  
206, 14.2641, 10.0962, 180.865, 0.995454, -0.0861451, 0.0406244, 0.0870875, 0.995957, -0.0220269, -0.0385626, 0.0254647, 0.998932, 0.00301954  
207, 14.2754, 10.1007, 180.856, 0.995444, -0.0859509, 0.0412876, 0.0868829, 0.99599, -0.021335, -0.0392883, 0.024825, 0.998919, 0.00274216  
208, 14.291, 10.0949, 180.872, 0.995399, -0.0865272, 0.0411594, 0.0874647, 0.995935, -0.0215467, -0.0391277, 0.0250475, 0.99892, 0.00260874  
209, 14.2826, 10.1152, 180.86, 0.995403, -0.0862188, 0.0417102, 0.0871504, 0.995973, -0.0210537, -0.039727, 0.024592, 0.998908, 0.00298903  
210, 14.3053, 10.1194, 180.873, 0.995469, -0.0860224, 0.0405236, 0.0869787, 0.995957, -0.0224543, -0.0384282, 0.0258773, 0.998926, 0.00300706  
211, 14.2703, 10.1306, 180.871, 0.995404, -0.086627, 0.0408199, 0.087555, 0.995927, -0.0215198, -0.0387895, 0.0249949, 0.998935, 0.00284923  
212, 14.279, 10.1155, 180.892, 0.995475, -0.0859929, 0.0404438, 0.0869675, 0.995946, -0.0229873, -0.0383031, 0.0264006, 0.998917, 0.00284035  
213, 14.2918, 10.1368, 180.883, 0.99543, -0.0863374, 0.0407992, 0.08722, 0.995981, -0.0203701, -0.0388766, 0.0238355, 0.99896, 0.00291774  
214, 14.3156, 10.1633, 180.899, 0.995441, -0.0863126, 0.0405962, 0.0871896, 0.995984, -0.0203511, -0.0386766, 0.0237978, 0.998968, 0.0030065  
215, 14.3029, 10.1493, 180.87, 0.995434, -0.0864627, 0.0404471, 0.0873711, 0.995949, -0.0212548, -0.0384455, 0.0246917, 0.998956, 0.00288945  
216, 14.2819, 10.1154, 180.886, 0.995403, -0.0865549, 0.040992, 0.0874785, 0.995939, -0.0212984, -0.038982, 0.0247864, 0.998932, 0.00294548  
217, 14.2908, 10.1626, 180.894, 0.995448, -0.0862137, 0.0406324, 0.0871341, 0.995966, -0.0214494, -0.0386193, 0.0248923, 0.998944, 0.00285311  
218, 14.2803, 10.185, 180.879, 0.995441, -0.0859897, 0.0412668, 0.0869058, 0.995996, -0.0209413, -0.0393009, 0.0244322, 0.998929, 0.0029735  
219, 14.2932, 10.1676, 180.878, 0.995458, -0.0860013, 0.0408334, 0.086941, 0.995974, -0.0218208, -0.0387924, 0.0252718, 0.998928, 0.00282343  
220, 14.3021, 10.1979, 180.874, 0.995464, -0.085944, 0.0407971, 0.0868643, 0.995991, -0.0213459, -0.038799, 0.0247929, 0.998939, 0.00299596  
221, 14.2779, 10.1819, 180.875, 0.995458, -0.0856617, 0.0415327, 0.0865991, 0.996015, -0.0213196, -0.039541, 0.0248195, 0.99891, 0.00294243  
222, 14.29, 10.1904, 180.877, 0.995458, -0.086025, 0.0407727, 0.0869636, 0.995972, -0.021831, -0.0387305, 0.0252776, 0.99893, 0.00281539  
223, 14.3113, 10.2016, 180.886, 0.995447, -0.0863009, 0.0404751, 0.0872019, 0.995968, -0.0210472, -0.0384956, 0.0244809, 0.998959, 0.00280707  
224, 14.3061, 10.2199, 180.876, 0.99548, -0.0861212, 0.0400446, 0.0870056, 0.995989, -0.0208901, -0.0380849, 0.0242798, 0.998979, 0.00297877  
225, 14.3155, 10.2007, 180.874, 0.995468, -0.0858768, 0.0408405, 0.0868092, 0.99599, -0.02163, -0.0388192, 0.0250773, 0.998932, 0.00302536  
226, 14.2869, 10.2427, 180.854, 0.995466, -0.0858491, 0.0409476, 0.0867562, 0.99601, -0.0209101, -0.0389891, 0.0243677, 0.998942, 0.00294465  
227, 14.2761, 10.2086, 180.857, 0.995482, -0.0857679, 0.0407339, 0.086705, 0.995995, -0.0218219, -0.0386991, 0.0252551, 0.998932, 0.00285727  
228, 14.2851, 10.2225, 180.862, 0.995564, -0.0851019, 0.0401289, 0.0860348, 0.996047, -0.0221219, -0.0380877, 0.0254762, 0.99895, 0.00276879  
229, 14.3129, 10.2083, 180.851, 0.995452, -0.0858946, 0.0411986, 0.0868025, 0.996009, -0.0207748, -0.0392497, 0.0242565, 0.998935, 0.00286532  
230, 14.2713, 10.2474, 180.864, 0.995471, -0.0858449, 0.0408474, 0.0867531, 0.996008, -0.0210047, -0.0388812, 0.0244532, 0.998945, 0.00296933  
231, 14.2985, 10.213, 180.9, 0.995426, -0.0862783, 0.0410325, 0.0872059, 0.995961, -0.0213763, -0.0390225, 0.0248568, 0.998929, 0.00281789  
232, 14.2858, 10.2213, 180.888, 0.995417, -0.0863092, 0.041177, 0.0872533, 0.99595, -0.0217084, -0.0391366, 0.0252017, 0.998916, 0.00292107  
233, 14.2319, 10.2553, 180.871, 0.995333, -0.0870162, 0.0417071, 0.0879192, 0.99592, -0.0203275, -0.0397681, 0.0238995, 0.998923, 0.00309998  
234, 14.1654, 10.3163, 180.863, 0.995385, -0.0867393, 0.041048, 0.0877022, 0.995898, -0.0222653, -0.0389484, 0.0257625, 0.998909, 0.00297849  
235, 14.1445, 10.3049, 180.861, 0.995362, -0.087343, 0.0403198, 0.0882333, 0.995882, -0.0208545, -0.0383323, 0.0243154, 0.998969, 0.00297682  
236, 14.1283, 10.2852, 180.818, 0.995325, -0.0871006, 0.0417431, 0.0880615, 0.995877, -0.021757, -0.0396759, 0.0253313, 0.998891, 0.00301899  
237, 14.132, 10.2827, 180.863, 0.995302, -0.0876107, 0.0412047, 0.0885295, 0.995852, -0.0210257, -0.0391917, 0.0245747, 0.998929, 0.00276518  
238, 14.0687, 10.2525, 180.89, 0.995279, -0.0878854, 0.0411688, 0.0889109, 0.995756, -0.023775, -0.0389046, 0.0273231, 0.998869, 0.00305726  
239, 14.0982, 10.2923, 180.847, 0.995464, -0.0858124, 0.0410878, 0.08681, 0.995956, -0.0231405, -0.0389359, 0.0266024, 0.998888, 0.0030212  
240, 14.08, 10.2366, 180.859, 0.99541, -0.0859944, 0.0419914, 0.0870217, 0.995934, -0.0232771, -0.039819, 0.0268244, 0.998847, 0.00285949  
241, 14.062, 10.2244, 180.882, 0.99533, -0.0867313, 0.0423873, 0.0878029, 0.995846, -0.0241068, -0.0401204, 0.027716, 0.99881, 0.00282038  
242, 14.0929, 10.2629, 180.856, 0.995405, -0.0863406, 0.0413927, 0.0874074, 0.995867, -0.024692, -0.0390897, 0.0281966, 0.998838, 0.00279153  
243, 14.097, 10.2141, 180.847, 0.995406, -0.0859543, 0.0421746, 0.0869909, 0.995935, -0.0233883, -0.0399928, 0.0269496, 0.998836, 0.00303313  
244, 14.1043, 10.2257, 180.838, 0.995434, -0.0858756, 0.0416647, 0.086828, 0.995989, -0.0216104, -0.0396418, 0.0251294, 0.998898, 0.00292634  
245, 14.0778, 10.2358, 180.848, 0.995411, -0.0861427, 0.0416798, 0.087133, 0.995941, -0.0225542, -0.0395678, 0.0260824, 0.998876, 0.00292745  
246, 14.0922, 10.2629, 180.863, 0.995398, -0.0862762, 0.0417011, 0.0873132, 0.995899, -0.023717, -0.0394839, 0.0272489, 0.998849, 0.00270527  
247, 14.0678, 10.2259, 180.874, 0.99539, -0.085903, 0.0426493, 0.0869799, 0.995919, -0.0240678, -0.0404078, 0.0276665, 0.9988, 0.00276602  
248, 14.0945, 10.2765, 180.841, 0.995466, -0.085862, 0.0409185, 0.0869169, 0.995908, -0.0247378, -0.0386271, 0.0281822, 0.998856, 0.00309471  
249, 14.1046, 10.2816, 180.831, 0.995375, -0.0863033, 0.0421925, 0.087408, 0.995857, -0.0250768, -0.0398535, 0.0286488, 0.998795, 0.00304145  
250, 14.1187, 10.2607, 180.847, 0.995338, -0.0866677, 0.042321, 0.0877593, 0.995837, -0.0246529, -0.0400082, 0.028252, 0.9988, 0.00295103  
251, 14.1132, 10.2372, 180.845, 0.995393, -0.085662, 0.0430663, 0.0867471, 0.995942, -0.0239886, -0.0408366, 0.027614, 0.998784, 0.00300512  
252, 14.1132, 10.2437, 180.851, 0.995415, -0.0862167, 0.041417, 0.0872936, 0.995871, -0.0249338, -0.0390962, 0.0284349, 0.998831, 0.00277018  
253, 14.1154, 10.2108, 180.848, 0.995325, -0.0865464, 0.0428596, 0.087629, 0.995863, -0.0240565, -0.0406002, 0.0276998, 0.998791, 0.00291386  
254, 14.0903, 10.2192, 180.856, 0.995349, -0.0864654, 0.0424731, 0.0875673, 0.99585, -0.0248042, -0.0401521, 0.0284081, 0.99879, 0.0029513  
255, 14.1121, 10.2189, 180.855, 0.995376, -0.0865263, 0.0417195, 0.0875982, 0.995853, -0.0245833, -0.0394194, 0.0281242, 0.998827, 0.00286005  
256, 14.1021, 10.2234, 180.852, 0.995334, -0.0865518, 0.0426448, 0.0876484, 0.995849, -0.0245514, -0.0403428, 0.0281745, 0.998789, 0.002819  
257, 14.1054, 10.1664, 180.885, 0.995274, -0.0871796, 0.0427623, 0.0883212, 0.995764, -0.0255733, -0.0403516, 0.0292293, 0.998758, 0.00281123  
258, 14.0982, 10.2193, 180.842, 0.99541, -0.0856878, 0.0426123, 0.0868076, 0.995907, -0.0251592, -0.040282, 0.0287428, 0.998775, 0.00305116  
259, 14.104, 10.2051, 180.86, 0.995322, -0.0869494, 0.042114, 0.0880643, 0.995791, -0.0253826, -0.0397298, 0.0289726, 0.99879, 0.00296018  
260, 14.1047, 10.1853, 180.864, 0.995282, -0.0870488, 0.0428564, 0.088178, 0.995786, -0.0252006, -0.0404821, 0.0288607, 0.998763, 0.00277461  
261, 14.0771, 10.2135, 180.827, 0.99535, -0.086603, 0.0421719, 0.0877475, 0.995801, -0.0260867, -0.0397356, 0.0296659, 0.99877, 0.00282232  
262, 14.0783, 10.2083, 180.857, 0.995327, -0.0863903, 0.0431475, 0.0874906, 0.995869, -0.0242951, -0.0408704, 0.0279565, 0.998773, 0.00280596  
263, 14.0828, 10.1886, 180.841, 0.995336, -0.0866004, 0.0424997, 0.0877546, 0.995801, -0.0260847, -0.0400623, 0.0296926, 0.998756, 0.00288113  
264, 14.0895, 10.1602, 180.872, 0.995287, -0.0870644, 0.042714, 0.0882133, 0.995768, -0.025789, -0.040288, 0.0294353, 0.998754, 0.00301261  
265, 14.122, 10.2198, 180.854, 0.995431, -0.0861395, 0.0412055, 0.0872568, 0.995843, -0.0261294, -0.0387834, 0.0296055, 0.998809, 0.00294714  
266, 14.1174, 10.1764, 180.824, 0.995385, -0.0858475, 0.0428766, 0.0869686, 0.995897, -0.0250008, -0.0405544, 0.0286144, 0.998768, 0.00290332  
267, 14.1035, 10.1735, 180.856, 0.995344, -0.0863178, 0.0428906, 0.0874418, 0.995854, -0.0250565, -0.04055, 0.0286903, 0.998766, 0.0028667  
268, 14.1112, 10.2073, 180.828, 0.995367, -0.0863227, 0.0423406, 0.0874136, 0.995868, -0.0246254, -0.0400399, 0.0282125, 0.9988, 0.0028201  
269, 14.1214, 10.1888, 180.846, 0.995359, -0.0866957, 0.0417587, 0.0878169, 0.995802, -0.0258055, -0.0393462, 0.0293529, 0.998794, 0.00295547  
270, 14.0968, 10.231, 180.818, 0.995476, -0.0851668, 0.0421143, 0.0862816, 0.995947, -0.0253993, -0.0397804, 0.0289181, 0.99879, 0.00300789  
271, 14.0953, 10.1413, 180.85, 0.995266, -0.0865856, 0.0441445, 0.0877368, 0.995834, -0.024841, -0.0418097, 0.0285965, 0.998716, 0.00288335  
272, 14.0974, 10.2176, 180.83, 0.995386, -0.0860078, 0.0425415, 0.0871258, 0.995879, -0.0251621, -0.0402021, 0.0287525, 0.998778, 0.00277267  
273, 14.0759, 10.1794, 180.856, 0.995292, -0.0868481, 0.0430344, 0.0879486, 0.995827, -0.0243735, -0.040738, 0.0280436, 0.998776, 0.00292551  
274, 14.0905, 10.2294, 180.846, 0.995368, -0.0862227, 0.0425304, 0.087301, 0.995888, -0.0241795, -0.0402707, 0.0277804, 0.998803, 0.00297128  
275, 14.111, 10.2389, 180.795, 0.995428, -0.0856411, 0.0422934, 0.0867352, 0.995924, -0.0247466, -0.0400017, 0.0283018, 0.998799, 0.00294493  
276, 14.1008, 10.2034, 180.849, 0.995334, -0.0864884, 0.0427788, 0.0875988, 0.995847, -0.024798, -0.0404564, 0.0284296, 0.998777, 0.00287503  
277, 14.0911, 10.2346, 180.83, 0.995322, -0.0871482, 0.0417114, 0.0882526, 0.995774, -0.0254066, -0.039321, 0.0289689, 0.998807, 0.00287669  
278, 14.1039, 10.2814, 180.823, 0.995443, -0.0860896, 0.0410219, 0.0871917, 0.995855, -0.025877, -0.0386241, 0.0293359, 0.998823, 0.0029979  
279, 14.0941, 10.1766, 180.865, 0.995337, -0.0866734, 0.0423315, 0.0878186, 0.995797, -0.0259859, -0.0399013, 0.0295822, 0.998766, 0.00296018  
280, 14.0853, 10.1949, 180.876, 0.99534, -0.0869039, 0.0417814, 0.0880142, 0.995793, -0.0255106, -0.0393886, 0.029069, 0.998801, 0.00297183  
