0, 0, 0, 0, 0, 0, 0, 0, 0, 0, 0, 0, 0, 0.0115414  
1, -7.61765, 2.61272, 180.821, 0.991208, -0.131404, 0.0154534, 0.132074, 0.989645, -0.0562162, -0.00790631, 0.0577629, 0.998299, 0.00275825  
2, -7.60249, 2.65046, 180.798, 0.991203, -0.131342, 0.0163151, 0.132059, 0.989659, -0.0559988, -0.00879137, 0.0576607, 0.998298, 0.00293466  
3, -7.60596, 2.6687, 180.807, 0.991284, -0.130892, 0.0149683, 0.13154, 0.989671, -0.056992, -0.00735386, 0.0584642, 0.998262, 0.0029219  
4, -7.5976, 2.63872, 180.821, 0.99118, -0.131592, 0.0156459, 0.132252, 0.989756, -0.0537907, -0.00840715, 0.0553855, 0.99843, 0.00303008  
5, -7.5955, 2.63925, 180.805, 0.991161, -0.131785, 0.015257, 0.132442, 0.989594, -0.0562293, -0.0076881, 0.057753, 0.998301, 0.00280457  
6, -7.58389, 2.63884, 180.802, 0.991197, -0.131585, 0.0145986, 0.132204, 0.989627, -0.056217, -0.00704991, 0.0576521, 0.998312, 0.0028423  
7, -7.60355, 2.61613, 180.778, 0.991175, -0.131791, 0.0142485, 0.132389, 0.989615, -0.0559912, -0.00672141, 0.0573835, 0.99833, 0.00290304  
8, -7.62492, 2.60217, 180.801, 0.991165, -0.13179, 0.0149655, 0.132433, 0.989576, -0.0565686, -0.0073544, 0.0580507, 0.998287, 0.00301677  
9, -7.59887, 2.60376, 180.792, 0.991137, -0.132001, 0.0149569, 0.132637, 0.989593, -0.0557886, -0.00743708, 0.057278, 0.998331, 0.0029796  
10, -7.6773, 2.57146, 180.751, 0.991237, -0.131124, 0.0160102, 0.131818, 0.989729, -0.0553175, -0.00859229, 0.0569432, 0.99834, 0.00309665  
11, -7.63599, 2.6087, 180.781, 0.991205, -0.131454, 0.0152175, 0.132116, 0.989589, -0.0570877, -0.00755462, 0.0585961, 0.998253, 0.00280069  
12, -7.62302, 2.62134, 180.775, 0.991269, -0.130824, 0.016448, 0.131545, 0.989752, -0.0555518, -0.00901197, 0.0572305, 0.99832, 0.00280568  
13, -7.57951, 2.64479, 180.783, 0.991233, -0.131185, 0.0157239, 0.131861, 0.989739, -0.0550459, -0.00834131, 0.0566367, 0.99836, 0.00296545  
14, -7.57333, 2.63378, 180.791, 0.991258, -0.131062, 0.0151534, 0.131711, 0.989716, -0.0558035, -0.00768383, 0.0573115, 0.998327, 0.0029036  
15, -7.59816, 2.60645, 180.788, 0.991261, -0.130992, 0.0155742, 0.13167, 0.98969, -0.0563655, -0.00803024, 0.0579236, 0.998289, 0.00282371  
16, -7.59411, 2.58207, 180.788, 0.991226, -0.131227, 0.0158177, 0.131912, 0.989706, -0.055508, -0.00837071, 0.0571075, 0.998333, 0.0027907  
17, -7.56214, 2.59717, 180.803, 0.991171, -0.131788, 0.0145866, 0.132407, 0.989597, -0.0562775, -0.00701814, 0.057712, 0.998309, 0.00288501  
18, -7.60819, 2.60282, 180.806, 0.991213, -0.131423, 0.0149675, 0.132067, 0.989617, -0.0567131, -0.00735871, 0.0581915, 0.998278, 0.00281983  
19, -7.63049, 2.575, 180.789, 0.991183, -0.131601, 0.0153834, 0.132261, 0.989654, -0.0556042, -0.00790665, 0.0571486, 0.998334, 0.0030495  
20, -7.6007, 2.59385, 180.799, 0.991222, -0.131367, 0.0149226, 0.132005, 0.989655, -0.0561953, -0.00738607, 0.0576719, 0.998308, 0.00286005  
21, -7.59756, 2.60198, 180.818, 0.991236, -0.131301, 0.0145496, 0.131922, 0.989634, -0.0567579, -0.00694642, 0.0581799, 0.998282, 0.00280235  
22, -7.59094, 2.60742, 180.823, 0.991226, -0.131366, 0.0146248, 0.131989, 0.989636, -0.0565562, -0.00704367, 0.0579903, 0.998292, 0.00287447  
23, -7.59351, 2.59088, 180.814, 0.991185, -0.131634, 0.015024, 0.132279, 0.989607, -0.056395, -0.00744438, 0.0578852, 0.998295, 0.00270444  
24, -7.5977, 2.57906, 180.797, 0.991205, -0.131427, 0.015506, 0.132101, 0.989625, -0.0564948, -0.00792024, 0.0580463, 0.998282, 0.00274799  
25, -7.60813, 2.5696, 180.778, 0.991281, -0.130816, 0.0157756, 0.131503, 0.989729, -0.0560624, -0.00827977, 0.0576481, 0.998303, 0.00384835  
26, -7.61129, 2.61054, 180.761, 0.991274, -0.130857, 0.0158812, 0.131553, 0.98971, -0.056285, -0.00835248, 0.0578831, 0.998288, 0.00266339  
27, -7.59872, 2.60191, 180.823, 0.991193, -0.131512, 0.0155374, 0.132178, 0.989683, -0.0552908, -0.00810571, 0.0568575, 0.998349, 0.00269778  
28, -7.60983, 2.59898, 180.838, 0.991273, -0.131026, 0.0144904, 0.131646, 0.989653, -0.0570611, -0.00686391, 0.0584708, 0.998266, 0.00277933  
29, -7.62693, 2.59029, 180.815, 0.991227, -0.131263, 0.0154404, 0.131938, 0.98962, -0.0569649, -0.00780276, 0.0585023, 0.998257, 0.00294909  
30, -7.60269, 2.61275, 180.787, 0.991332, -0.130571, 0.0145417, 0.131196, 0.989704, -0.057217, -0.00692108, 0.0586289, 0.998256, 0.00300983  
31, -7.62825, 2.57907, 180.791, 0.991208, -0.131356, 0.0158666, 0.132051, 0.989637, -0.056407, -0.00829272, 0.0580063, 0.998282, 0.00268752  
32, -7.60564, 2.58376, 180.792, 0.991187, -0.131535, 0.0157348, 0.132214, 0.98967, -0.0554334, -0.00828079, 0.0570252, 0.998338, 0.00282954  
33, -7.61015, 2.55692, 180.774, 0.991289, -0.130778, 0.0155675, 0.131448, 0.989775, -0.0553828, -0.00816545, 0.0569467, 0.998344, 0.00286088  
34, -7.60987, 2.57734, 180.787, 0.991235, -0.131261, 0.0149579, 0.131895, 0.989715, -0.055389, -0.00753365, 0.0568764, 0.998353, 0.00295325  
35, -7.60412, 2.59561, 180.805, 0.991224, -0.131376, 0.0147024, 0.132, 0.989669, -0.0559563, -0.00719918, 0.0574059, 0.998325, 0.00294076  
36, -7.62151, 2.61961, 180.828, 0.99124, -0.131271, 0.0145447, 0.131887, 0.989674, -0.0561357, -0.0070255, 0.0575622, 0.998317, 0.00291414  
37, -7.61748, 2.63681, 180.827, 0.991156, -0.131829, 0.0152027, 0.132486, 0.98957, -0.0565598, -0.00758789, 0.0580737, 0.998283, 0.00299374  
38, -7.64578, 2.63009, 180.793, 0.991266, -0.131037, 0.0148715, 0.131677, 0.989671, -0.0566862, -0.00728992, 0.0581493, 0.998281, 0.00278932  
39, -7.64784, 2.59537, 180.817, 0.991232, -0.131379, 0.0141093, 0.131978, 0.989591, -0.0573638, -0.00642599, 0.058723, 0.998254, 0.0029943  
40, -7.65966, 2.5894, 180.794, 0.991202, -0.131444, 0.0155484, 0.132119, 0.989639, -0.0562089, -0.00799897, 0.0577686, 0.998298, 0.00312744  
41, -7.63721, 2.62054, 180.78, 0.991262, -0.131046, 0.0150476, 0.131698, 0.989656, -0.0568987, -0.00743555, 0.0583833, 0.998267, 0.00304312  
42, -7.65458, 2.57918, 180.761, 0.991193, -0.131306, 0.0171697, 0.132057, 0.989746, -0.0544403, -0.00984535, 0.0562283, 0.998369, 0.00476258  
43, -7.65989, 2.58448, 180.762, 0.991162, -0.131687, 0.016028, 0.132391, 0.989591, -0.0564054, -0.00843329, 0.0580288, 0.998279, 0.00281789  
44, -7.65689, 2.58595, 180.773, 0.991197, -0.131365, 0.0165014, 0.132088, 0.989686, -0.0554564, -0.00904614, 0.0571479, 0.998325, 0.00286865  
45, -7.63473, 2.62123, 180.796, 0.991204, -0.131468, 0.0152058, 0.132129, 0.98959, -0.0570486, -0.00754743, 0.0585559, 0.998256, 0.0028165  
46, -7.64122, 2.63539, 180.768, 0.991234, -0.131258, 0.0150643, 0.131916, 0.989581, -0.0576806, -0.00733632, 0.0591622, 0.998221, 0.00283508  
47, -7.65047, 2.62687, 180.809, 0.991252, -0.131187, 0.0144894, 0.131809, 0.989615, -0.0573544, -0.00681482, 0.0587624, 0.998249, 0.00288529  
48, -7.64878, 2.62212, 180.799, 0.991225, -0.13136, 0.0147698, 0.13199, 0.989658, -0.0561701, -0.00723857, 0.0576266, 0.998312, 0.00283508  
49, -7.63256, 2.61242, 180.788, 0.99121, -0.131348, 0.0158467, 0.132039, 0.989652, -0.056163, -0.00830588, 0.0577617, 0.998296, 0.00288224  
50, -7.6392, 2.61161, 180.783, 0.991212, -0.131422, 0.0150427, 0.132066, 0.989658, -0.0559933, -0.0075284, 0.0574879, 0.998318, 0.0029599  
51, -7.66638, 2.61247, 180.814, 0.99123, -0.131424, 0.013844, 0.132011, 0.989558, -0.0578684, -0.00609415, 0.0591885, 0.998228, 0.00372741  
52, -7.663, 2.62684, 180.824, 0.991226, -0.131384, 0.0144436, 0.131998, 0.989635, -0.0565612, -0.00686262, 0.0579715, 0.998295, 0.00281483  
53, -7.68078, 2.62706, 180.796, 0.991218, -0.131466, 0.0143044, 0.132072, 0.98961, -0.0568304, -0.00668456, 0.0582205, 0.998281, 0.00276213  
54, -7.66415, 2.61907, 180.801, 0.991208, -0.131421, 0.0153471, 0.132081, 0.989669, -0.0557679, -0.00785947, 0.0573046, 0.998326, 0.00286365  
55, -7.67432, 2.61816, 180.778, 0.991188, -0.13158, 0.015277, 0.132232, 0.989667, -0.0554507, -0.0078229, 0.0569822, 0.998345, 0.00295075  
56, -7.6253, 2.63388, 180.828, 0.991235, -0.131353, 0.0141214, 0.131943, 0.989681, -0.0558829, -0.0066353, 0.0572563, 0.998337, 0.00288945  
57, -7.62596, 2.64237, 180.808, 0.991219, -0.131414, 0.0146553, 0.132041, 0.989616, -0.0567916, -0.00703997, 0.0582281, 0.998278, 0.00291497  
58, -7.62937, 2.63812, 180.789, 0.991223, -0.131392, 0.0146222, 0.132006, 0.989709, -0.0552295, -0.00721499, 0.0566749, 0.998367, 0.00281567  
59, -7.62472, 2.60759, 180.806, 0.991263, -0.131095, 0.0145498, 0.131716, 0.989663, -0.0567241, -0.00696321, 0.058145, 0.998284, 0.00274549  
60, -7.61933, 2.60458, 180.802, 0.991209, -0.131347, 0.0158776, 0.132042, 0.989643, -0.0563161, -0.00831622, 0.0579176, 0.998287, 0.00290887  
61, -7.62338, 2.61798, 180.822, 0.991214, -0.131388, 0.0152517, 0.132044, 0.989661, -0.0559998, -0.00773626, 0.0575216, 0.998314, 0.00290914  
62, -7.62559, 2.62663, 180.79, 0.991276, -0.130944, 0.0150254, 0.131578, 0.989795, -0.0547126, -0.0077078, 0.0562123, 0.998389, 0.00280873  
63, -7.6326, 2.6296, 180.82, 0.991207, -0.131487, 0.0148121, 0.132117, 0.989657, -0.055891, -0.00730998, 0.0573565, 0.998327, 0.00275936  
64, -7.64417, 2.62464, 180.817, 0.991198, -0.131586, 0.0145164, 0.132201, 0.989626, -0.0562442, -0.00696486, 0.0576683, 0.998312, 0.00287253  
65, -7.62198, 2.65298, 180.818, 0.991263, -0.131094, 0.0145397, 0.131715, 0.989656, -0.0568448, -0.00693726, 0.0582632, 0.998277, 0.0028986  
66, -7.62863, 2.64517, 180.868, 0.991145, -0.132015, 0.0142712, 0.132616, 0.989556, -0.0564926, -0.00666432, 0.0578849, 0.998301, 0.00287003  
67, -7.64172, 2.62065, 180.846, 0.991278, -0.130979, 0.0145748, 0.131602, 0.989671, -0.0568493, -0.00697821, 0.0582715, 0.998276, 0.00288973  
68, -7.60038, 2.59743, 180.799, 0.991274, -0.130989, 0.0147425, 0.13162, 0.989693, -0.0564354, -0.00719812, 0.0578833, 0.998297, 0.00274133  
69, -7.62057, 2.6191, 180.783, 0.991275, -0.130962, 0.0149265, 0.131605, 0.989678, -0.05672, -0.00734423, 0.0581895, 0.998279, 0.00287364  
70, -7.60624, 2.63001, 180.804, 0.991197, -0.131463, 0.0157028, 0.132149, 0.989619, -0.0564963, -0.00811257, 0.058074, 0.998279, 0.00296018  
71, -7.6101, 2.59591, 180.795, 0.991203, -0.131477, 0.0151762, 0.13213, 0.989639, -0.0561757, -0.00763317, 0.0576868, 0.998306, 0.00295796  
72, -7.59102, 2.62887, 180.828, 0.99119, -0.13161, 0.0148903, 0.132245, 0.989627, -0.0561216, -0.00734969, 0.0575963, 0.998313, 0.0029685  
73, -7.55074, 2.63222, 180.847, 0.9912, -0.131602, 0.0142296, 0.132204, 0.9896, -0.0566949, -0.00662039, 0.0580772, 0.99829, 0.00276879  
74, -7.59967, 2.63429, 180.814, 0.991142, -0.131915, 0.01536, 0.132576, 0.989595, -0.0559121, -0.00782452, 0.0574532, 0.998318, 0.00296434  
75, -7.63466, 2.61799, 180.81, 0.991226, -0.131352, 0.0147217, 0.131984, 0.989614, -0.0569624, -0.00708668, 0.0584057, 0.998268, 0.00295768  
76, -7.62925, 2.59246, 180.813, 0.991217, -0.13154, 0.0136606, 0.132113, 0.989575, -0.0573429, -0.00597531, 0.058644, 0.998261, 0.0029563  
77, -7.62617, 2.60585, 180.771, 0.991189, -0.131678, 0.0143445, 0.132293, 0.989526, -0.0577619, -0.00658832, 0.0591506, 0.998227, 0.00280346  
78, -7.61133, 2.60529, 180.77, 0.991191, -0.131686, 0.0141351, 0.132282, 0.989579, -0.0568667, -0.00649924, 0.0582356, 0.998282, 0.00277267  
79, -7.59411, 2.5891, 180.755, 0.991245, -0.131316, 0.0137421, 0.131892, 0.989618, -0.0571047, -0.00610069, 0.0584172, 0.998274, 0.00296961  
80, -7.59649, 2.57529, 180.766, 0.991227, -0.131372, 0.0144966, 0.131984, 0.989672, -0.05594, -0.00699797, 0.0573625, 0.998329, 0.00293272  
81, -7.59819, 2.58918, 180.778, 0.991317, -0.130633, 0.0150383, 0.131282, 0.989732, -0.0565318, -0.00749894, 0.0580152, 0.998288, 0.00279819  
82, -7.5987, 2.5914, 180.797, 0.991148, -0.131855, 0.0154699, 0.132518, 0.98963, -0.0554274, -0.0080011, 0.0569868, 0.998343, 0.00279292  
83, -7.60583, 2.59629, 180.804, 0.991186, -0.131559, 0.0155876, 0.13222, 0.989729, -0.054355, -0.00827659, 0.0559369, 0.9984, 0.00279403  
84, -7.63451, 2.58642, 180.764, 0.991314, -0.130715, 0.0144621, 0.131331, 0.989723, -0.0565713, -0.00691875, 0.0579793, 0.998294, 0.00292357  
85, -7.5973, 2.58967, 180.789, 0.991234, -0.131359, 0.0141361, 0.13196, 0.989594, -0.0573682, -0.00645319, 0.0587307, 0.998253, 0.00285505  
86, -7.6436, 2.57845, 180.81, 0.991271, -0.131099, 0.0139233, 0.131689, 0.989615, -0.0576129, -0.00622569, 0.0589436, 0.998242, 0.00411574  
87, -7.6305, 2.57905, 180.796, 0.991314, -0.130762, 0.0140381, 0.131363, 0.989624, -0.058211, -0.00628067, 0.0595494, 0.998206, 0.00293494  
88, -7.625, 2.57792, 180.783, 0.991182, -0.131667, 0.0148851, 0.132297, 0.989659, -0.0554221, -0.0074339, 0.0569027, 0.998352, 0.00283314  
89, -7.65269, 2.56334, 180.766, 0.991289, -0.130806, 0.0153784, 0.131477, 0.98969, -0.0568114, -0.00778858, 0.0583384, 0.998266, 0.00295935  
90, -7.59276, 2.58074, 180.76, 0.991261, -0.131025, 0.0153137, 0.131687, 0.98969, -0.0563263, -0.00777571, 0.0578507, 0.998295, 0.00294603  
91, -7.59824, 2.59823, 180.785, 0.991213, -0.13139, 0.0153002, 0.132052, 0.989635, -0.0564331, -0.00772681, 0.0579576, 0.998289, 0.00292828  
92, -7.60326, 2.63025, 180.803, 0.991244, -0.131191, 0.0149478, 0.131839, 0.98961, -0.0573579, -0.00726768, 0.0588264, 0.998242, 0.00306253  
93, -7.60831, 2.63215, 180.833, 0.991265, -0.131087, 0.0144692, 0.131709, 0.989618, -0.0575208, -0.00677878, 0.0589241, 0.998239, 0.00287364  
94, -7.58963, 2.62132, 180.809, 0.99129, -0.130932, 0.014188, 0.131536, 0.98965, -0.0573657, -0.00653023, 0.0587322, 0.998252, 0.00288252  
95, -7.63245, 2.60595, 180.803, 0.991251, -0.131131, 0.0150272, 0.131784, 0.989618, -0.0573587, -0.00734963, 0.0588373, 0.998241, 0.00290443  
96, -7.64413, 2.61545, 180.789, 0.99123, -0.131149, 0.0162155, 0.131856, 0.989712, -0.05553, -0.00876601, 0.0571811, 0.998325, 0.00312938  
97, -7.60713, 2.60162, 180.822, 0.991185, -0.131594, 0.0153296, 0.132253, 0.989644, -0.0558107, -0.00782647, 0.0573462, 0.998324, 0.00307502  
98, -7.63392, 2.60604, 180.799, 0.991185, -0.131563, 0.015626, 0.132236, 0.989665, -0.0554636, -0.00816748, 0.057041, 0.998338, 0.00284978  
99, -7.64436, 2.61577, 180.825, 0.991218, -0.131378, 0.0150628, 0.132027, 0.989631, -0.0565624, -0.00747554, 0.0580543, 0.998285, 0.00297488  
100, -7.6479, 2.61862, 180.79, 0.99123, -0.131309, 0.0148706, 0.131948, 0.989637, -0.0566428, -0.0072788, 0.0581081, 0.998284, 0.0030115  
101, -7.62385, 2.60776, 180.795, 0.99125, -0.13111, 0.0153128, 0.131775, 0.98966, -0.0566429, -0.00772798, 0.0581651, 0.998277, 0.00301427  
102, -7.61345, 2.63271, 180.812, 0.991265, -0.131084, 0.014489, 0.131705, 0.989641, -0.0571295, -0.00685018, 0.0585387, 0.998262, 0.00280901  
103, -7.59507, 2.65654, 180.812, 0.99132, -0.130619, 0.0149189, 0.131266, 0.989695, -0.0572054, -0.00729304, 0.0586672, 0.998251, 0.00275215  
104, -7.59483, 2.60413, 180.799, 0.991157, -0.131757, 0.0157285, 0.13244, 0.989602, -0.0560937, -0.00817427, 0.0576807, 0.998302, 0.00286504  
105, -7.59704, 2.61988, 180.813, 0.991181, -0.13172, 0.0144829, 0.132336, 0.989586, -0.0566235, -0.0068736, 0.0580408, 0.998291, 0.00283314  
106, -7.58463, 2.62814, 180.822, 0.991216, -0.131612, 0.0130311, 0.132142, 0.989629, -0.0563348, -0.00548159, 0.0575619, 0.998327, 0.00275076  
107, -7.60723, 2.61005, 180.836, 0.991147, -0.131894, 0.0151975, 0.132549, 0.98957, -0.0564043, -0.00759963, 0.0579194, 0.998292, 0.00274077  
108, -7.63502, 2.64207, 180.801, 0.991196, -0.131382, 0.0163849, 0.132096, 0.989701, -0.0551579, -0.00896941, 0.0568367, 0.998343, 0.00277517  
109, -7.62478, 2.63261, 180.843, 0.99118, -0.131703, 0.0147352, 0.132327, 0.989637, -0.0557558, -0.0072393, 0.0572139, 0.998336, 0.00288917  
110, -7.63735, 2.6514, 180.833, 0.991236, -0.131297, 0.0145631, 0.131926, 0.989579, -0.0577056, -0.00683476, 0.0591211, 0.998227, 0.00285228  
111, -7.58159, 2.64332, 180.811, 0.99121, -0.131533, 0.0142013, 0.132128, 0.989647, -0.0560398, -0.00668326, 0.0574236, 0.998328, 0.00331023  
112, -7.63356, 2.64173, 180.799, 0.99125, -0.131141, 0.0149888, 0.131782, 0.989698, -0.0559607, -0.00749565, 0.0574463, 0.99832, 0.00275187  
113, -7.59629, 2.66077, 180.814, 0.991172, -0.131761, 0.0147261, 0.132385, 0.98962, -0.0559163, -0.00720567, 0.0573722, 0.998327, 0.00277018  
114, -7.56613, 2.65639, 180.789, 0.991256, -0.131077, 0.0151921, 0.131727, 0.989728, -0.0555502, -0.00775469, 0.0570656, 0.99834, 0.00294742  
115, -7.60432, 2.63944, 180.811, 0.991192, -0.1316, 0.0147982, 0.132228, 0.989648, -0.0557849, -0.0073037, 0.0572503, 0.998333, 0.00288557  
116, -7.59652, 2.6416, 180.819, 0.991244, -0.131126, 0.0155146, 0.131799, 0.989685, -0.0561476, -0.00799211, 0.0577008, 0.998302, 0.00318819  
117, -7.62861, 2.61168, 180.796, 0.991224, -0.131173, 0.016391, 0.131887, 0.989735, -0.0550538, -0.00900118, 0.0567324, 0.998349, 0.00281234  
118, -7.63883, 2.60414, 180.809, 0.991261, -0.130966, 0.0157983, 0.131647, 0.989762, -0.0551311, -0.00841627, 0.0567291, 0.998354, 0.00281927  
119, -7.63513, 2.62162, 180.815, 0.991282, -0.130823, 0.0156795, 0.131498, 0.98978, -0.0551677, -0.00830205, 0.0567485, 0.998354, 0.00297072  
120, -7.63077, 2.63755, 180.813, 0.991234, -0.131188, 0.0156329, 0.131868, 0.989674, -0.0561824, -0.00810101, 0.0577514, 0.998298, 0.00299957  
121, -7.63547, 2.61539, 180.829, 0.991265, -0.130944, 0.015745, 0.131618, 0.989793, -0.0546579, -0.00842714, 0.0562528, 0.998381, 0.00287586  
122, -7.63155, 2.61014, 180.825, 0.991188, -0.131503, 0.0159291, 0.132196, 0.989653, -0.0557832, -0.00842856, 0.0573974, 0.998316, 0.00288557  
123, -7.60303, 2.60728, 180.811, 0.991147, -0.131871, 0.0154053, 0.13253, 0.989636, -0.0552875, -0.00795483, 0.0568397, 0.998352, 0.00283592  
124, -7.59532, 2.62017, 180.808, 0.991224, -0.131357, 0.0148408, 0.131999, 0.989583, -0.0574566, -0.0071389, 0.0589113, 0.998238, 0.00295574  
125, -7.61999, 2.59857, 180.797, 0.991228, -0.131302, 0.0150775, 0.131951, 0.989651, -0.0563813, -0.00751848, 0.0578762, 0.998295, 0.00295047  
126, -7.62611, 2.59945, 180.816, 0.991234, -0.13122, 0.0153696, 0.131883, 0.989678, -0.0560699, -0.00785352, 0.0576054, 0.998309, 0.00290859  
127, -7.61404, 2.61113, 180.789, 0.991234, -0.131149, 0.0159663, 0.131845, 0.989696, -0.0558486, -0.00847733, 0.0574641, 0.998312, 0.00290831  
128, -7.61004, 2.6231, 180.796, 0.991218, -0.131362, 0.0152188, 0.132019, 0.989646, -0.0563115, -0.00766407, 0.0578262, 0.998297, 0.00285422  
129, -7.61518, 2.62539, 180.805, 0.991209, -0.131473, 0.0148234, 0.132105, 0.989639, -0.0562421, -0.00727555, 0.057706, 0.998307, 0.00301371  
130, -7.62554, 2.62956, 180.806, 0.991245, -0.13112, 0.015538, 0.131794, 0.989683, -0.056192, -0.00800983, 0.0577478, 0.998299, 0.00305726  
131, -7.60748, 2.62181, 180.808, 0.9913, -0.130813, 0.0145692, 0.131441, 0.989656, -0.0574795, -0.00689946, 0.0588944, 0.99824, 0.00291441  
132, -7.58097, 2.61484, 180.828, 0.991193, -0.131649, 0.0143041, 0.132254, 0.989602, -0.0565486, -0.00671081, 0.0579424, 0.998297, 0.00281927  
133, -7.59511, 2.60204, 180.823, 0.991164, -0.131741, 0.0154077, 0.132412, 0.989562, -0.0568646, -0.0077555, 0.0584024, 0.998263, 0.00288723  
134, -7.57508, 2.60853, 180.855, 0.991259, -0.131022, 0.0154234, 0.131702, 0.989608, -0.057706, -0.00770241, 0.0592329, 0.998214, 0.00293355  
135, -7.60702, 2.57646, 180.785, 0.991175, -0.131653, 0.0154597, 0.132322, 0.989612, -0.0562109, -0.00789875, 0.0577605, 0.998299, 0.00292828  
136, -7.63285, 2.59315, 180.784, 0.991178, -0.131632, 0.0154657, 0.132307, 0.989573, -0.0569128, -0.00781288, 0.058457, 0.998259, 0.00295436  
137, -7.62449, 2.58813, 180.79, 0.991209, -0.131442, 0.0150624, 0.132094, 0.989599, -0.0569663, -0.00741798, 0.0584552, 0.998262, 0.00288723  
138, -7.59792, 2.59134, 180.791, 0.991263, -0.131022, 0.0151973, 0.131679, 0.989682, -0.0564801, -0.00764033, 0.0579877, 0.998288, 0.00289555  
139, -7.61279, 2.61412, 180.768, 0.991185, -0.131598, 0.0153338, 0.132257, 0.989637, -0.0559248, -0.00781537, 0.0574598, 0.998317, 0.0029011  
140, -7.59792, 2.62718, 180.773, 0.991156, -0.131746, 0.015898, 0.132434, 0.989635, -0.0555314, -0.0084172, 0.0571457, 0.99833, 0.00288806  
141, -7.59852, 2.61159, 180.811, 0.991161, -0.13185, 0.0146479, 0.132468, 0.989624, -0.055649, -0.00715863, 0.0570975, 0.998343, 0.00306309  
142, -7.63511, 2.59663, 180.823, 0.991243, -0.131248, 0.0145449, 0.131867, 0.989655, -0.0565162, -0.00697685, 0.0579392, 0.998296, 0.00293133  
143, -7.62287, 2.60079, 180.803, 0.991273, -0.130847, 0.0160263, 0.131548, 0.98973, -0.0559445, -0.00854151, 0.0575645, 0.998305, 0.002852  
144, -7.60818, 2.6277, 180.805, 0.991272, -0.130998, 0.014821, 0.131638, 0.989655, -0.0570431, -0.00719517, 0.0584962, 0.998262, 0.00296628  
145, -7.60723, 2.62008, 180.827, 0.99116, -0.131691, 0.0160939, 0.132393, 0.989626, -0.0557849, -0.00858056, 0.0574225, 0.998313, 0.00290637  
146, -7.61326, 2.61442, 180.824, 0.991224, -0.131404, 0.0144516, 0.132023, 0.989588, -0.0573132, -0.00676996, 0.0587182, 0.998252, 0.00292828  
147, -7.62654, 2.62213, 180.794, 0.991248, -0.131188, 0.0147496, 0.131822, 0.989632, -0.0570274, -0.00711535, 0.0584726, 0.998264, 0.0029072  
148, -7.60892, 2.63261, 180.809, 0.991224, -0.131304, 0.0152923, 0.131967, 0.989636, -0.056612, -0.00770043, 0.0581333, 0.998279, 0.00287586  
149, -7.60118, 2.63596, 180.808, 0.991254, -0.131067, 0.0153869, 0.131727, 0.989731, -0.0554953, -0.00795528, 0.0570368, 0.99834, 0.00292939  
150, -7.59047, 2.63179, 180.804, 0.991313, -0.130688, 0.0148216, 0.131315, 0.989801, -0.0552392, -0.00745134, 0.0567057, 0.998363, 0.00302204  
151, -7.62257, 2.65174, 180.768, 0.991328, -0.130284, 0.0171654, 0.131043, 0.989842, -0.0551476, -0.00980625, 0.0569187, 0.998331, 0.00286892  
152, -7.5883, 2.63361, 180.784, 0.991262, -0.131021, 0.0152442, 0.131677, 0.98971, -0.0559908, -0.00775131, 0.0575088, 0.998315, 0.00285228  
153, -7.61498, 2.61803, 180.805, 0.991211, -0.131272, 0.0164097, 0.131989, 0.989705, -0.0553409, -0.00897604, 0.0570204, 0.998333, 0.00286449  
154, -7.61787, 2.61113, 180.836, 0.991218, -0.131296, 0.0157582, 0.131981, 0.989665, -0.0560664, -0.00823403, 0.0576538, 0.998303, 0.00277767  
155, -7.62078, 2.61682, 180.837, 0.991193, -0.131658, 0.0142506, 0.132261, 0.989588, -0.0567749, -0.0066273, 0.0581597, 0.998285, 0.00296601  
156, -7.63451, 2.62431, 180.802, 0.99118, -0.131771, 0.0141154, 0.13237, 0.989538, -0.0573778, -0.00640705, 0.0587401, 0.998253, 0.00289333  
157, -7.63114, 2.62678, 180.831, 0.991154, -0.131914, 0.0145964, 0.132537, 0.989555, -0.0566944, -0.00696511, 0.0581274, 0.998285, 0.00284451  
158, -7.65345, 2.63662, 180.83, 0.991252, -0.131129, 0.014991, 0.131779, 0.989632, -0.0571277, -0.00734448, 0.0586035, 0.998254, 0.00278127  
159, -7.65208, 2.63269, 180.821, 0.991263, -0.131004, 0.015325, 0.131672, 0.989658, -0.056924, -0.00770928, 0.0584446, 0.998261, 0.00296767  
160, -7.66403, 2.62976, 180.781, 0.99128, -0.13085, 0.0155644, 0.131524, 0.98973, -0.0559982, -0.00807726, 0.057557, 0.99831, 0.00299374  
161, -7.6488, 2.60939, 180.781, 0.991191, -0.131624, 0.0146566, 0.132252, 0.98958, -0.0569257, -0.00701109, 0.0583626, 0.998271, 0.00293106  
162, -7.58142, 2.6223, 180.807, 0.991232, -0.13128, 0.0150123, 0.131923, 0.989667, -0.0561685, -0.00748337, 0.0576565, 0.998308, 0.00295463  
163, -7.60207, 2.60913, 180.808, 0.991248, -0.131024, 0.0161415, 0.131736, 0.989672, -0.0565315, -0.00856777, 0.0581631, 0.99827, 0.00284313  
164, -7.60595, 2.60247, 180.834, 0.991206, -0.131329, 0.0162283, 0.132039, 0.989675, -0.0557573, -0.0087382, 0.0574098, 0.998312, 0.00303341  
165, -7.64271, 2.59811, 180.836, 0.991185, -0.131455, 0.0164745, 0.132174, 0.98969, -0.0551777, -0.00905123, 0.0568688, 0.998341, 0.00299485  
166, -7.60492, 2.62771, 180.866, 0.991208, -0.131546, 0.0142323, 0.132151, 0.989583, -0.0571174, -0.00657046, 0.0584961, 0.998266, 0.00297239  
167, -7.5902, 2.64173, 180.832, 0.991221, -0.131524, 0.0135343, 0.132089, 0.989577, -0.0573589, -0.00584916, 0.0586431, 0.998262, 0.00290443  
168, -7.61318, 2.62099, 180.863, 0.991142, -0.132053, 0.0141557, 0.132648, 0.989555, -0.056441, -0.00655465, 0.0578187, 0.998306, 0.00276297  
169, -7.60884, 2.60535, 180.812, 0.991218, -0.131363, 0.0151815, 0.132017, 0.989649, -0.056277, -0.00763163, 0.057787, 0.9983, 0.00290637  
170, -7.58672, 2.6141, 180.83, 0.991267, -0.13096, 0.0154534, 0.131628, 0.989718, -0.0559696, -0.00796476, 0.057515, 0.998313, 0.00289195  
171, -7.63054, 2.60421, 180.801, 0.991253, -0.131011, 0.0159237, 0.131702, 0.989736, -0.0554798, -0.00849183, 0.0570917, 0.998333, 0.00291136  
172, -7.59557, 2.58271, 180.812, 0.99122, -0.131405, 0.014663, 0.132027, 0.989664, -0.0559859, -0.00715464, 0.0574303, 0.998324, 0.00279043  
173, -7.59822, 2.60002, 180.83, 0.991167, -0.131662, 0.0158781, 0.132349, 0.989652, -0.0554241, -0.00841652, 0.0570361, 0.998337, 0.00276713  
174, -7.58246, 2.62884, 180.825, 0.991277, -0.131032, 0.0141361, 0.131629, 0.989679, -0.0566438, -0.00656804, 0.0580104, 0.998294, 0.00294465  
175, -7.58579, 2.61508, 180.805, 0.991191, -0.131522, 0.0155618, 0.132189, 0.989689, -0.0551532, -0.00814742, 0.0567245, 0.998357, 0.00292884  
176, -7.59568, 2.60771, 180.801, 0.991242, -0.131177, 0.0152019, 0.131827, 0.989708, -0.0556801, -0.00774148, 0.0571965, 0.998333, 0.00283869  
177, -7.57729, 2.59352, 180.828, 0.991229, -0.131253, 0.0154454, 0.131923, 0.989655, -0.0563927, -0.00788388, 0.0579356, 0.998289, 0.00297877  
178, -7.58931, 2.59172, 180.805, 0.99123, -0.131285, 0.0150605, 0.131932, 0.989662, -0.0562444, -0.00752081, 0.0577381, 0.998303, 0.00277711  
179, -7.60213, 2.56513, 180.796, 0.991189, -0.131584, 0.0151616, 0.132238, 0.989607, -0.056495, -0.00757014, 0.0580022, 0.998288, 0.00300068  
180, -7.59136, 2.57511, 180.825, 0.991175, -0.131736, 0.0147523, 0.132371, 0.989549, -0.0571842, -0.00706493, 0.0586323, 0.998255, 0.00301982  
181, -7.58858, 2.59474, 180.846, 0.991209, -0.131509, 0.0145165, 0.132128, 0.989599, -0.0568773, -0.00688564, 0.0582954, 0.998276, 0.00291663  
182, -7.5735, 2.56651, 180.825, 0.991094, -0.132279, 0.0153496, 0.132938, 0.989546, -0.0559199, -0.00779208, 0.0574624, 0.998317, 0.00299707  
183, -7.57526, 2.61607, 180.821, 0.991211, -0.131533, 0.0141739, 0.132135, 0.98957, -0.0573629, -0.00648101, 0.0587316, 0.998253, 0.00275298  
184, -7.54618, 2.59695, 180.831, 0.991211, -0.131445, 0.0149252, 0.132085, 0.989632, -0.0564022, -0.00735664, 0.0578779, 0.998297, 0.00285089  
185, -7.56573, 2.58373, 180.811, 0.991309, -0.130683, 0.015082, 0.131334, 0.989731, -0.0564201, -0.00755399, 0.0579105, 0.998293, 0.00324144  
186, -7.53803, 2.55891, 180.811, 0.991255, -0.130966, 0.0161817, 0.131674, 0.989721, -0.0558046, -0.00870687, 0.0574473, 0.998311, 0.00307224  
187, -7.53003, 2.58785, 180.796, 0.991182, -0.131619, 0.0153173, 0.132282, 0.989602, -0.0564737, -0.00772499, 0.0580019, 0.998287, 0.00281345  
188, -7.54428, 2.56108, 180.79, 0.991243, -0.131276, 0.0142946, 0.131892, 0.989543, -0.0583847, -0.00648067, 0.0597588, 0.998192, 0.00276019  
189, -7.57453, 2.55347, 180.8, 0.991195, -0.131597, 0.0146595, 0.132227, 0.989564, -0.0572671, -0.00697031, 0.0587013, 0.998251, 0.00285894  
190, -7.57122, 2.5527, 180.813, 0.991183, -0.131668, 0.0147961, 0.132308, 0.989539, -0.0575054, -0.00706969, 0.0589561, 0.998236, 0.00288362  
191, -7.58711, 2.5287, 180.808, 0.991201, -0.131548, 0.0146939, 0.132175, 0.989619, -0.0564252, -0.00711877, 0.0578708, 0.998299, 0.00283675  
192, -7.5806, 2.55452, 180.822, 0.991225, -0.131351, 0.0148573, 0.132, 0.989546, -0.0580863, -0.00707228, 0.0595377, 0.998201, 0.0028054  
193, -7.58634, 2.53275, 180.831, 0.991117, -0.132182, 0.0146872, 0.132807, 0.989534, -0.0564362, -0.00707364, 0.0578854, 0.998298, 0.00277267  
194, -7.58842, 2.54656, 180.826, 0.991219, -0.131498, 0.0139126, 0.13209, 0.989541, -0.0579798, -0.00614287, 0.0593083, 0.998221, 0.0029685  
195, -7.57187, 2.55815, 180.818, 0.991242, -0.131264, 0.0144704, 0.131876, 0.989675, -0.0561427, -0.00695144, 0.0575593, 0.998318, 0.0030212  
196, -7.57474, 2.5585, 180.822, 0.991222, -0.131412, 0.0144833, 0.132034, 0.989573, -0.0575451, -0.00677021, 0.0589522, 0.998238, 0.00278238  
197, -7.58872, 2.5257, 180.777, 0.991249, -0.131023, 0.0161061, 0.131733, 0.989671, -0.0565456, -0.00853096, 0.0581725, 0.99827, 0.0028165  
198, -7.56759, 2.53691, 180.795, 0.991216, -0.131286, 0.0159635, 0.131986, 0.989653, -0.056277, -0.00840993, 0.0578896, 0.998288, 0.00277434  
199, -7.56665, 2.52597, 180.809, 0.991215, -0.13124, 0.0164183, 0.131957, 0.98971, -0.0553371, -0.00898688, 0.0570174, 0.998333, 0.00288889  
200, -7.58459, 2.54319, 180.813, 0.991241, -0.131208, 0.0150609, 0.131856, 0.989658, -0.0564905, -0.00749318, 0.0579816, 0.99829, 0.002852  
201, -7.57332, 2.52901, 180.817, 0.991186, -0.131581, 0.0153899, 0.132253, 0.989575, -0.0570209, -0.0077266, 0.0585537, 0.998254, 0.00291746  
202, -7.59607, 2.55613, 180.845, 0.991241, -0.131304, 0.0141765, 0.131915, 0.989528, -0.0585857, -0.00633557, 0.0599426, 0.998182, 0.00283592  
203, -7.58303, 2.57689, 180.855, 0.991192, -0.131563, 0.0151814, 0.132224, 0.989562, -0.0573068, -0.00748353, 0.0588094, 0.998241, 0.00277461  
204, -7.61149, 2.57583, 180.859, 0.991273, -0.13096, 0.0150675, 0.131612, 0.989678, -0.0567092, -0.00748531, 0.0581973, 0.998277, 0.00291719  
205, -7.63454, 2.6157, 180.803, 0.991252, -0.131091, 0.0153219, 0.131757, 0.989662, -0.0566499, -0.0077372, 0.058173, 0.998277, 0.00300234  
206, -7.63112, 2.60954, 180.789, 0.991263, -0.13094, 0.0158635, 0.131633, 0.989705, -0.0561873, -0.00834303, 0.0577845, 0.998294, 0.00287919  
207, -7.58942, 2.60527, 180.788, 0.991186, -0.131617, 0.0150973, 0.132262, 0.989646, -0.0557451, -0.00760396, 0.0572505, 0.998331, 0.002852  
208, -7.61385, 2.5711, 180.753, 0.991238, -0.131302, 0.0144162, 0.131913, 0.989655, -0.0564036, -0.00686115, 0.0578111, 0.998304, 0.00278044  
209, -7.58345, 2.58502, 180.775, 0.991201, -0.131554, 0.0146334, 0.132176, 0.989626, -0.0563104, -0.00707372, 0.0577491, 0.998306, 0.00296268  
210, -7.58832, 2.59481, 180.792, 0.991248, -0.131129, 0.0152535, 0.131794, 0.989633, -0.0570641, -0.0076126, 0.058575, 0.998254, 0.00294132  
211, -7.51098, 2.63328, 180.761, 0.991438, -0.130003, 0.0122074, 0.130483, 0.989909, -0.0552653, -0.00489954, 0.056385, 0.998397, 0.00290942  
212, -7.47415, 2.62431, 180.797, 0.991453, -0.13017, 0.00878381, 0.130462, 0.989713, -0.0587177, -0.00105014, 0.0593618, 0.998236, 0.00289195  
213, -7.46614, 2.59732, 180.821, 0.991578, -0.129238, 0.00845594, 0.129512, 0.98986, -0.0583418, -0.000830193, 0.0589456, 0.998261, 0.00280041  
214, -7.58802, 2.71287, 180.783, 0.991438, -0.130307, 0.00846184, 0.130579, 0.989738, -0.0580322, -0.000812991, 0.0586402, 0.998279, 0.00293189  
215, -7.55789, 2.67847, 180.786, 0.991458, -0.130097, 0.00922334, 0.130413, 0.989781, -0.0576723, -0.0016261, 0.0583826, 0.998293, 0.00294798  
216, -7.54472, 2.65422, 180.797, 0.991426, -0.130432, 0.00792823, 0.130673, 0.989693, -0.0585799, -0.0002058, 0.0591136, 0.998251, 0.00297405  
217, -7.54274, 2.67724, 180.779, 0.991427, -0.130388, 0.00839472, 0.130656, 0.989699, -0.0585171, -0.000678303, 0.0591123, 0.998251, 0.00295297  
218, -7.58361, 2.67469, 180.739, 0.99142, -0.130396, 0.00908699, 0.130705, 0.989683, -0.05869, -0.0013403, 0.0593742, 0.998235, 0.00282121  
219, -7.59074, 2.68409, 180.75, 0.991402, -0.130576, 0.0084486, 0.130846, 0.989695, -0.0581624, -0.000766942, 0.0587678, 0.998271, 0.00288529  
220, -7.55918, 2.67012, 180.803, 0.991463, -0.13012, 0.00837395, 0.130387, 0.989746, -0.0583264, -0.000698686, 0.0589203, 0.998262, 0.00294465  
221, -7.58323, 2.67908, 180.757, 0.991439, -0.130304, 0.00832564, 0.130569, 0.989662, -0.0593388, -0.000507469, 0.0599179, 0.998203, 0.00299402  
222, -7.57992, 2.69605, 180.795, 0.991407, -0.130567, 0.00804725, 0.130814, 0.989696, -0.058222, -0.000362459, 0.0587743, 0.998271, 0.00293161  
223, -7.56891, 2.67644, 180.774, 0.991414, -0.130491, 0.00843673, 0.130762, 0.989657, -0.058999, -0.000650616, 0.0595957, 0.998222, 0.00285311  
224, -7.60791, 2.69133, 180.801, 0.99143, -0.130409, 0.00775973, 0.13064, 0.989683, -0.0588282, -7.95126e-006, 0.0593378, 0.998238, 0.003009  
225, -7.59119, 2.69, 180.769, 0.991394, -0.130567, 0.00946357, 0.130899, 0.989641, -0.058953, -0.0016682, 0.0596845, 0.998216, 0.00298404  
226, -7.56673, 2.67744, 180.794, 0.991454, -0.130181, 0.00844104, 0.130452, 0.989736, -0.0583488, -0.000758524, 0.0589513, 0.998261, 0.00290193  
227, -7.56215, 2.69797, 180.785, 0.991489, -0.129933, 0.00819202, 0.130191, 0.989714, -0.0592977, -0.000403013, 0.0598595, 0.998207, 0.00295214  
228, -7.5732, 2.66843, 180.792, 0.991456, -0.130171, 0.00844055, 0.130442, 0.989676, -0.0593876, -0.000622884, 0.0599812, 0.998199, 0.00283758  
229, -7.56128, 2.7015, 180.782, 0.991489, -0.13, 0.00701175, 0.130187, 0.98971, -0.0593793, 0.000779728, 0.0597868, 0.998211, 0.00298542  
230, -7.55449, 2.70226, 180.775, 0.991388, -0.130731, 0.0077241, 0.130959, 0.989659, -0.0585223, 6.46744e-006, 0.0590299, 0.998256, 0.00293716  
231, -7.57142, 2.6971, 180.756, 0.99149, -0.12994, 0.00796355, 0.130184, 0.989736, -0.0589454, -0.000222444, 0.0594804, 0.998229, 0.00288668  
232, -7.54741, 2.71217, 180.787, 0.991418, -0.130473, 0.00817953, 0.130728, 0.989702, -0.0583124, -0.000487095, 0.0588813, 0.998265, 0.00281622  
233, -7.54339, 2.69626, 180.764, 0.991349, -0.131012, 0.00797574, 0.131254, 0.989581, -0.0591767, -0.000139809, 0.0597116, 0.998216, 0.00275769  
234, -7.53959, 2.67128, 180.8, 0.991418, -0.130475, 0.00816192, 0.13073, 0.989646, -0.0592408, -0.000347947, 0.0597994, 0.99821, 0.00287752  
235, -7.5662, 2.65406, 180.782, 0.991489, -0.129891, 0.00885873, 0.130187, 0.98974, -0.0588657, -0.00112174, 0.059518, 0.998227, 0.00318652  
236, -7.55265, 2.64793, 180.79, 0.991399, -0.130582, 0.00880153, 0.130874, 0.98963, -0.0591913, -0.000980967, 0.0598341, 0.998208, 0.00297738  
237, -7.55009, 2.65891, 180.786, 0.99147, -0.130097, 0.00786113, 0.130334, 0.989714, -0.0589874, -0.000106206, 0.0595088, 0.998228, 0.00281927  
238, -7.54942, 2.68815, 180.787, 0.991463, -0.130218, 0.00672962, 0.130386, 0.989619, -0.0604466, 0.0012115, 0.060808, 0.998149, 0.00276241  
239, -7.59676, 2.69333, 180.747, 0.991418, -0.130444, 0.00868157, 0.130728, 0.98972, -0.0580092, -0.00102538, 0.0586463, 0.998278, 0.00297932  
240, -7.57915, 2.70241, 180.757, 0.991422, -0.130417, 0.00864565, 0.1307, 0.989666, -0.0589817, -0.000864103, 0.0596057, 0.998222, 0.00292606  
241, -7.56122, 2.69524, 180.793, 0.991388, -0.13071, 0.00804269, 0.130956, 0.989665, -0.0584257, -0.000322766, 0.0589758, 0.998259, 0.0030936  
242, -7.54943, 2.68672, 180.779, 0.991488, -0.129937, 0.00823274, 0.130197, 0.989742, -0.0588123, -0.000506389, 0.0593836, 0.998235, 0.00288889  
243, -7.56568, 2.6885, 180.765, 0.991446, -0.130209, 0.00896729, 0.130511, 0.989724, -0.0584216, -0.00126812, 0.0590922, 0.998252, 0.00276435  
244, -7.53915, 2.61863, 180.793, 0.991446, -0.130257, 0.0082759, 0.130518, 0.989696, -0.0588788, -0.000521265, 0.0594553, 0.998231, 0.00297904  
245, -7.53371, 2.63105, 180.816, 0.991416, -0.130428, 0.00906313, 0.130736, 0.989684, -0.058598, -0.00132681, 0.0592799, 0.998241, 0.00288279  
246, -7.53778, 2.61227, 180.8, 0.991519, -0.129704, 0.0081985, 0.129962, 0.98977, -0.058861, -0.00048012, 0.0594273, 0.998233, 0.00294992  
247, -7.58147, 2.65971, 180.727, 0.991248, -0.131375, 0.0129975, 0.131893, 0.989766, -0.0544729, -0.00570809, 0.0557104, 0.998431, 0.00295186  
248, -7.66757, 2.67535, 180.75, 0.991175, -0.131668, 0.015374, 0.13234, 0.989549, -0.0572539, -0.00767488, 0.0587832, 0.998241, 0.00281567  
249, -7.6009, 2.6265, 180.799, 0.991223, -0.131328, 0.0151354, 0.131987, 0.989596, -0.0572704, -0.00745667, 0.0587655, 0.998244, 0.00299485  
250, -7.58964, 2.61006, 180.825, 0.99121, -0.13154, 0.014109, 0.132146, 0.989504, -0.0584738, -0.00626926, 0.0598243, 0.998189, 0.00285145  
251, -7.63335, 2.58792, 180.802, 0.991179, -0.131601, 0.0156522, 0.132278, 0.98964, -0.0558057, -0.00814593, 0.0573839, 0.998319, 0.0029244  
252, -7.60551, 2.57576, 180.794, 0.991243, -0.131299, 0.0140483, 0.1319, 0.98955, -0.0582493, -0.00625347, 0.0595922, 0.998203, 0.00283786  
253, -7.60691, 2.57965, 180.792, 0.991277, -0.130925, 0.0151341, 0.131577, 0.989707, -0.0562826, -0.00760953, 0.057783, 0.9983, 0.00276824  
254, -7.59941, 2.56313, 180.766, 0.991172, -0.131576, 0.0162992, 0.132288, 0.989656, -0.0555081, -0.00882707, 0.0571743, 0.998325, 0.00301538  
255, -7.62422, 2.59847, 180.789, 0.991247, -0.131135, 0.0152409, 0.131789, 0.98971, -0.0557231, -0.00777679, 0.0572439, 0.99833, 0.00293355  
256, -7.61262, 2.58406, 180.804, 0.991236, -0.131108, 0.0162023, 0.131824, 0.989655, -0.0566174, -0.00861171, 0.058257, 0.998264, 0.00295491  
257, -7.58052, 2.61816, 180.798, 0.991275, -0.130997, 0.0145886, 0.131614, 0.989732, -0.055759, -0.00713454, 0.0571926, 0.998338, 0.00292412  
258, -7.6296, 2.61591, 180.782, 0.991136, -0.131861, 0.016173, 0.13256, 0.989646, -0.0550409, -0.00874778, 0.0566969, 0.998353, 0.00276879  
259, -7.62228, 2.63622, 180.823, 0.991221, -0.131294, 0.0155668, 0.131969, 0.989669, -0.0560233, -0.00805049, 0.0575858, 0.998308, 0.00300401  
260, -7.58704, 2.59606, 180.827, 0.9913, -0.13081, 0.014578, 0.131437, 0.989667, -0.0572966, -0.00693242, 0.0587142, 0.998251, 0.00298459  
261, -7.63184, 2.60419, 180.807, 0.991239, -0.131257, 0.0147364, 0.13189, 0.989633, -0.0568545, -0.00712102, 0.0583, 0.998274, 0.00294104  
262, -7.62563, 2.59914, 180.807, 0.99125, -0.131203, 0.014482, 0.131825, 0.9896, -0.0575721, -0.00677779, 0.0589774, 0.998236, 0.00281067  
263, -7.61861, 2.593, 180.825, 0.991105, -0.132248, 0.0148607, 0.132888, 0.989487, -0.057056, -0.00715893, 0.0585233, 0.99826, 0.00294881  
264, -7.60553, 2.58139, 180.817, 0.991208, -0.131461, 0.0149852, 0.132111, 0.989575, -0.0573406, -0.00729096, 0.0588162, 0.998242, 0.00302758  
265, -7.60488, 2.60359, 180.797, 0.991231, -0.131312, 0.014752, 0.131944, 0.989642, -0.0565622, -0.00717186, 0.0580126, 0.99829, 0.00294576  
266, -7.59047, 2.63408, 180.827, 0.991325, -0.130639, 0.0144512, 0.131259, 0.989692, -0.057283, -0.00681886, 0.0586829, 0.998253, 0.00295796  
267, -7.59605, 2.63325, 180.811, 0.991191, -0.131576, 0.0150953, 0.132212, 0.989716, -0.0546126, -0.00775432, 0.0561273, 0.998394, 0.00298653  
268, -7.59523, 2.62488, 180.802, 0.991205, -0.131552, 0.0143795, 0.132156, 0.989657, -0.0558072, -0.00688925, 0.0572167, 0.998338, 0.00277018  
269, -7.59246, 2.64601, 180.809, 0.99116, -0.131816, 0.0150485, 0.132449, 0.989681, -0.0546689, -0.007687, 0.0561787, 0.998391, 0.00301399  
270, -7.59444, 2.63657, 180.823, 0.991194, -0.131569, 0.0149831, 0.132212, 0.989614, -0.0564303, -0.00740301, 0.0579143, 0.998294, 0.00295158  
271, -7.61516, 2.61519, 180.827, 0.991223, -0.131425, 0.0143114, 0.132032, 0.989617, -0.0567931, -0.00669872, 0.0581842, 0.998283, 0.00284562  
272, -7.6355, 2.59908, 180.807, 0.991232, -0.13131, 0.0147328, 0.131948, 0.989584, -0.0575666, -0.00702023, 0.0590058, 0.998233, 0.00282454  
273, -7.64221, 2.60715, 180.78, 0.991195, -0.131662, 0.0140279, 0.132257, 0.989541, -0.0575859, -0.00629932, 0.0589342, 0.998242, 0.00276324  
274, -7.63639, 2.59971, 180.775, 0.991177, -0.131763, 0.0143803, 0.132369, 0.989612, -0.0561005, -0.00683891, 0.057509, 0.998322, 0.00279958  
275, -7.58175, 2.62886, 180.836, 0.991208, -0.131493, 0.0147015, 0.132114, 0.989677, -0.0555463, -0.00724581, 0.0570002, 0.998348, 0.00301122  
276, -7.60057, 2.61774, 180.827, 0.991211, -0.131472, 0.0146798, 0.132096, 0.98964, -0.0562354, -0.00713437, 0.0576803, 0.99831, 0.00316849  
277, -7.61793, 2.62283, 180.781, 0.991212, -0.131493, 0.0144457, 0.132096, 0.989708, -0.0550319, -0.0070607, 0.0564565, 0.99838, 0.0029857  
278, -7.6164, 2.60381, 180.809, 0.991123, -0.131983, 0.0160167, 0.132673, 0.989637, -0.0549307, -0.00860075, 0.056568, 0.998362, 0.00276574  
279, -7.61703, 2.62049, 180.852, 0.991239, -0.131293, 0.0143769, 0.131901, 0.989661, -0.0563257, -0.00683306, 0.0577286, 0.998309, 0.00299347  
280, -7.59976, 2.64482, 180.812, 0.991203, -0.131498, 0.0150023, 0.132141, 0.989634, -0.0562503, -0.00744998, 0.0577379, 0.998304, 0.00286698  
