0, -2.68779, 3.83326, 180.135, 1, 4.19038e-005, -0.000497286, -4.18401e-005, 1, 0.000128137, 0.000497291, -0.000128116, 1, 0.052574  
1, -2.67109, 3.84708, 180.132, 1, -0.000428067, 1.0365e-005, 0.000428061, 1, 0.000599698, -1.06217e-005, -0.000599693, 1, 0.00267698  
2, -2.69758, 3.84551, 180.133, 1, 0.000200067, -0.000943343, -0.000200172, 1, -0.000111083, 0.000943321, 0.000111272, 1, 0.00296379  
3, -2.69774, 3.84178, 180.104, 0.999999, 0.000317767, -0.00106134, -0.000318278, 1, -0.000481205, 0.00106118, 0.000481542, 0.999999, 0.00290776  
4, -2.69919, 3.83426, 180.105, 1, -0.000257, -0.000773337, 0.000256835, 1, -0.000212443, 0.000773392, 0.000212244, 1, 0.0033682  
5, -2.68882, 3.84711, 180.111, 0.999999, 0.000149253, -0.00106804, -0.000150325, 0.999999, -0.00100341, 0.00106789, 0.00100357, 0.999999, 0.00473457  
6, -2.67468, 3.85347, 180.146, 1, -0.000187216, -0.000857642, 0.000186734, 1, -0.000561317, 0.000857747, 0.000561156, 0.999999, 0.0030029  
7, -2.68892, 3.84888, 180.102, 1, -2.07193e-005, -0.000460381, 2.0647e-005, 1, -0.000157107, 0.000460384, 0.000157098, 1, 0.00850858  
8, -2.64826, 3.84578, 180.119, 1, 0.000249955, -0.000531382, -0.000249799, 1, 0.000294941, 0.000531456, -0.000294808, 1, 0.00288751  
9, -2.66752, 3.84648, 180.124, 1, 8.93358e-005, -0.000460437, -8.95401e-005, 1, -0.000443768, 0.000460398, 0.000443809, 1, 0.00342091  
10, -2.66229, 3.8564, 180.141, 1, -0.000396355, 2.60297e-005, 0.000396354, 1, 4.32242e-005, -2.60468e-005, -4.32139e-005, 1, 0.00296018  
11, -2.68855, 3.85612, 180.117, 0.999999, -0.00016302, -0.0012546, 0.000162156, 1, -0.000689267, 0.00125471, 0.000689063, 0.999999, 0.00292995  
12, -2.70867, 3.83579, 180.113, 1, -0.000119399, -0.000540948, 0.000119533, 1, 0.000247909, 0.000540918, -0.000247973, 1, 0.00280457  
13, -2.69417, 3.83898, 180.109, 1, 0.000551872, -0.000745564, -0.000551844, 1, 3.83698e-005, 0.000745585, -3.79583e-005, 1, 0.00293383  
14, -2.68911, 3.82662, 180.14, 1, 1.00813e-005, -0.00077892, -1.02904e-005, 1, -0.000268436, 0.000778917, 0.000268444, 1, 0.0029624  
15, -2.7005, 3.83856, 180.112, 0.999999, -0.000278863, -0.00116754, 0.000277196, 0.999999, -0.00142766, 0.00116794, 0.00142734, 0.999998, 0.00300317  
16, -2.70784, 3.84138, 180.097, 1, -3.72148e-005, -0.000787849, 3.70962e-005, 1, -0.000150594, 0.000787854, 0.000150565, 1, 0.0029943  
17, -2.71664, 3.83739, 180.11, 0.999999, 0.00011707, -0.00101029, -0.000117195, 1, -0.000124569, 0.00101028, 0.000124687, 0.999999, 0.00291164  
18, -2.7056, 3.82011, 180.143, 1, 2.9359e-005, -0.000679346, -2.97233e-005, 1, -0.000536219, 0.00067933, 0.000536239, 1, 0.00289722  
19, -2.71386, 3.83505, 180.129, 1, 0.000198078, -0.000961978, -0.000198827, 1, -0.000778696, 0.000961823, 0.000778886, 0.999999, 0.0029599  
20, -2.69699, 3.84039, 180.11, 0.999999, 0.000471795, -0.00115526, -0.000473014, 0.999999, -0.0010549, 0.00115476, 0.00105545, 0.999999, 0.00291164  
21, -2.69753, 3.81284, 180.121, 0.999999, 0.000598137, -0.0015937, -0.000597754, 1, 0.000240687, 0.00159384, -0.000239734, 0.999999, 0.00293633  
22, -2.71503, 3.84366, 180.133, 0.999999, 0.00027205, -0.00125955, -0.000272432, 1, -0.000302426, 0.00125947, 0.000302769, 0.999999, 0.00297544  
23, -2.72819, 3.82892, 180.129, 0.999999, 0.000300429, -0.00105098, -0.000301061, 1, -0.000601299, 0.0010508, 0.000601615, 0.999999, 0.00291025  
24, -2.70526, 3.8252, 180.125, 0.999999, -0.000112015, -0.001281, 0.000111853, 1, -0.000126904, 0.00128102, 0.00012676, 0.999999, 0.00347555  
25, -2.72358, 3.81199, 180.124, 1, 0.000230005, -0.000596358, -0.000230472, 1, -0.000782491, 0.000596177, 0.000782629, 1, 0.00302509  
26, -2.70654, 3.82661, 180.121, 1, 0.000333631, -0.000645396, -0.000333391, 1, 0.00037102, 0.00064552, -0.000370804, 1, 0.00295574  
27, -2.71248, 3.82988, 180.133, 1, -8.85076e-005, -0.000841178, 8.81609e-005, 1, -0.000412178, 0.000841215, 0.000412103, 1, 0.00294659  
28, -2.71139, 3.8427, 180.11, 1, 2.62871e-005, -0.000935444, -2.65064e-005, 1, -0.000234499, 0.000935438, 0.000234524, 1, 0.00290887  
29, -2.70438, 3.85411, 180.123, 0.999999, 0.000603984, -0.00112238, -0.000604167, 1, -0.000162244, 0.00112228, 0.000162922, 0.999999, 0.00293549  
30, -2.70323, 3.82967, 180.128, 1, -9.98196e-005, -0.000820196, 9.99726e-005, 1, 0.000186568, 0.000820177, -0.00018665, 1, 0.00287253  
31, -2.7012, 3.82689, 180.125, 1, -5.59583e-005, -0.000922963, 5.58222e-005, 1, -0.000147517, 0.000922971, 0.000147465, 1, 0.00278405  
32, -2.68778, 3.83136, 180.112, 0.999999, 0.00017676, -0.00109936, -0.000177748, 1, -0.000898476, 0.0010992, 0.000898671, 0.999999, 0.00289416  
33, -2.70332, 3.82558, 180.107, 1, 0.00016127, -0.000743438, -0.000161422, 1, -0.000203944, 0.000743405, 0.000204063, 1, 0.00287863  
34, -2.67593, 3.8333, 180.114, 0.999999, 0.000382232, -0.000948027, -0.000383167, 0.999999, -0.000985323, 0.00094765, 0.000985686, 0.999999, 0.00496424  
35, -2.69481, 3.79957, 180.135, 1, -0.000478706, -0.000578558, 0.000478315, 1, -0.000676185, 0.000578881, 0.000675908, 1, 0.00451766  
36, -2.697, 3.81893, 180.125, 0.999999, 0.000463366, -0.00094718, -0.000464908, 0.999999, -0.0016285, 0.000946424, 0.00162894, 0.999998, 0.00293688  
37, -2.70013, 3.81392, 180.101, 1, -0.000120735, -0.000951392, 0.000119924, 1, -0.000852508, 0.000951495, 0.000852393, 0.999999, 0.00461003  
38, -2.70551, 3.81187, 180.124, 1, -0.000222528, -0.000779176, 0.000222255, 1, -0.000349491, 0.000779253, 0.000349317, 1, 0.00423945  
39, -2.69049, 3.82664, 180.149, 1, 0.000242157, -0.000712998, -0.000242823, 1, -0.000933006, 0.000712772, 0.000933179, 0.999999, 0.00315546  
40, -2.696, 3.82262, 180.158, 0.999999, 6.0853e-005, -0.00113796, -6.217e-005, 0.999999, -0.00115727, 0.00113789, 0.00115734, 0.999999, 0.00289527  
41, -2.69017, 3.83643, 180.136, 0.999999, 0.000371822, -0.00124039, -0.000373198, 0.999999, -0.00110971, 0.00123997, 0.00111017, 0.999999, 0.00292606  
42, -2.69112, 3.83031, 180.113, 0.999999, 0.000779744, -0.00136783, -0.000780744, 0.999999, -0.000730254, 0.00136726, 0.000731321, 0.999999, 0.00287059  
43, -2.68504, 3.8257, 180.145, 1, -2.99486e-005, -0.000751771, 2.94429e-005, 1, -0.000672704, 0.000751791, 0.000672681, 0.999999, 0.00288362  
44, -2.68857, 3.82665, 180.123, 1, -8.95352e-005, -0.000775932, 8.87738e-005, 1, -0.000981292, 0.00077602, 0.000981222, 0.999999, 0.00365196  
45, -2.6837, 3.8181, 180.131, 1, -0.000425297, -0.000360861, 0.000425113, 1, -0.000508565, 0.000361078, 0.000508412, 1, 0.00289416  
46, -2.68264, 3.82782, 180.123, 0.999999, 0.00020136, -0.0011881, -0.000201946, 1, -0.000492675, 0.001188, 0.000492915, 0.999999, 0.00309887  
47, -2.68454, 3.8356, 180.126, 0.999999, 0.000901344, -0.00114878, -0.000902155, 0.999999, -0.000704856, 0.00114814, 0.000705891, 0.999999, 0.00299846  
48, -2.67927, 3.83346, 180.133, 0.999998, 0.000168244, -0.00180002, -0.000170175, 0.999999, -0.00107222, 0.00179984, 0.00107252, 0.999998, 0.00291497  
49, -2.67822, 3.83655, 180.124, 1, -9.80967e-006, -0.000259885, 9.6814e-006, 1, -0.000493569, 0.00025989, 0.000493566, 1, 0.00298098  
50, -2.68052, 3.82661, 180.108, 1, 1.06267e-005, -0.00079555, -1.1211e-005, 1, -0.000734436, 0.000795542, 0.000734445, 0.999999, 0.00294187  
51, -2.67519, 3.83159, 180.122, 1, -0.000194383, -0.000969108, 0.00019366, 1, -0.000746756, 0.000969253, 0.000746568, 0.999999, 0.00293855  
52, -2.67261, 3.86364, 180.109, 1, 0.000117207, -0.000857855, -0.000118009, 1, -0.00093502, 0.000857745, 0.000935121, 0.999999, 0.00299596  
53, -2.67793, 3.84399, 180.126, 1, 0.000259744, -0.000597215, -0.000259776, 1, -5.38079e-005, 0.000597201, 5.3963e-005, 1, 0.00298931  
54, -2.69148, 3.83547, 180.103, 1, 0.000149457, -0.000473092, -0.000149826, 1, -0.000781381, 0.000472975, 0.000781451, 1, 0.00304728  
55, -2.66365, 3.82848, 180.117, 1, -4.80597e-005, -0.00063814, 4.8056e-005, 1, -5.83843e-006, 0.000638141, 5.80776e-006, 1, 0.00291746  
56, -2.68449, 3.84243, 180.13, 0.999999, 0.000237028, -0.00107379, -0.00023696, 1, 6.31234e-005, 0.0010738, -6.2869e-005, 0.999999, 0.00295352  
57, -2.66856, 3.85155, 180.131, 0.999999, -0.000276578, -0.000978222, 0.000276301, 1, -0.000283838, 0.0009783, 0.000283568, 0.999999, 0.00292717  
58, -2.69991, 3.81823, 180.107, 0.999999, 0.000387912, -0.00159913, -0.000389065, 1, -0.000720339, 0.00159885, 0.00072096, 0.999998, 0.00293771  
59, -2.68216, 3.82069, 180.098, 1, -0.000141709, -0.000394419, 0.000141711, 1, 3.38025e-006, 0.000394419, -3.43615e-006, 1, 0.00302009  
60, -2.67689, 3.81911, 180.108, 1, -0.000122514, -0.000250897, 0.000122444, 1, -0.000278669, 0.000250931, 0.000278638, 1, 0.00295824  
61, -2.68392, 3.83385, 180.109, 1, 8.93487e-005, -0.000857957, -8.95646e-005, 1, -0.000251611, 0.000857934, 0.000251688, 1, 0.0029943  
62, -2.69488, 3.83847, 180.107, 0.999999, -6.19011e-006, -0.00105729, 5.75496e-006, 1, -0.00041157, 0.0010573, 0.000411564, 0.999999, 0.00294187  
63, -2.69529, 3.81328, 180.114, 0.999999, 0.000333236, -0.00144423, -0.000335475, 0.999999, -0.00155049, 0.00144371, 0.00155098, 0.999998, 0.00293217  
64, -2.67864, 3.82162, 180.112, 0.999999, -3.17003e-005, -0.00117473, 3.07241e-005, 1, -0.000830972, 0.00117476, 0.000830935, 0.999999, 0.00306586  
65, -2.68407, 3.82623, 180.109, 0.999999, -0.00013795, -0.00102676, 0.000137124, 1, -0.000804565, 0.00102687, 0.000804424, 0.999999, 0.00294742  
66, -2.6767, 3.83231, 180.117, 0.999999, 0.00058914, -0.000965568, -0.000589525, 1, -0.000398098, 0.000965334, 0.000398667, 0.999999, 0.00300373  
67, -2.68219, 3.82032, 180.103, 0.999999, -1.23404e-006, -0.00126925, 3.41144e-007, 1, -0.000703481, 0.00126925, 0.00070348, 0.999999, 0.00293882  
68, -2.67509, 3.8141, 180.118, 1, 4.80396e-005, -0.000608467, -4.83255e-005, 1, -0.000469869, 0.000608445, 0.000469899, 1, 0.00295075  
69, -2.68759, 3.81425, 180.111, 0.999999, 0.000381858, -0.00145725, -0.000382745, 1, -0.000609044, 0.00145701, 0.000609601, 0.999999, 0.00301261  
70, -2.70548, 3.81475, 180.104, 1, -7.78416e-005, -0.000440112, 7.74442e-005, 1, -0.000902848, 0.000440182, 0.000902814, 0.999999, 0.00297932  
71, -2.70489, 3.81997, 180.074, 1, 9.81945e-005, -0.000786301, -9.90273e-005, 0.999999, -0.00105923, 0.000786197, 0.00105931, 0.999999, 0.00292495  
72, -2.71292, 3.80254, 180.124, 0.999999, -0.00011051, -0.00107357, 0.000110262, 1, -0.000230568, 0.0010736, 0.00023045, 0.999999, 0.00289  
73, -2.70552, 3.82131, 180.11, 0.999999, 0.000246261, -0.00144607, -0.000247818, 0.999999, -0.00107675, 0.0014458, 0.00107711, 0.999998, 0.00289971  
74, -2.69168, 3.80251, 180.122, 0.999999, 0.000154645, -0.0011142, -0.000153686, 1, 0.000861198, 0.00111434, -0.000861026, 0.999999, 0.00292468  
75, -2.70754, 3.80715, 180.125, 0.999999, 0.000272, -0.00135124, -0.000272861, 1, -0.000637101, 0.00135107, 0.000637469, 0.999999, 0.00288917  
76, -2.69264, 3.83158, 180.111, 0.999999, 0.000264582, -0.001149, -0.000265125, 1, -0.000472885, 0.00114888, 0.000473189, 0.999999, 0.00309194  
77, -2.68872, 3.82549, 180.111, 1, 8.15009e-005, -0.000463939, -8.19886e-005, 0.999999, -0.00105132, 0.000463853, 0.00105136, 0.999999, 0.00291636  
78, -2.69014, 3.80405, 180.132, 1, 0.00023068, -0.000912577, -0.000231099, 1, -0.000459671, 0.000912471, 0.000459881, 0.999999, 0.00292052  
79, -2.68275, 3.83333, 180.099, 1, 0.000221127, -0.000906463, -0.000221794, 1, -0.000736038, 0.0009063, 0.000736239, 0.999999, 0.00296323  
80, -2.69149, 3.83538, 180.103, 0.999999, 1.49204e-005, -0.00103449, -1.55347e-005, 1, -0.000593847, 0.00103448, 0.000593863, 0.999999, 0.00287003  
81, -2.68752, 3.82213, 180.109, 1, 0.00039876, -0.000756632, -0.000399279, 1, -0.000685444, 0.000756358, 0.000685746, 0.999999, 0.00287308  
82, -2.69343, 3.81358, 180.125, 1, 5.55503e-005, -0.000599944, -5.62348e-005, 0.999999, -0.00114107, 0.00059988, 0.0011411, 0.999999, 0.002852  
83, -2.69026, 3.83343, 180.117, 0.999999, 8.0114e-005, -0.00104377, -8.05624e-005, 1, -0.000429581, 0.00104374, 0.000429665, 0.999999, 0.00284063  
84, -2.69141, 3.82047, 180.129, 0.999999, -0.000451385, -0.000953369, 0.000450235, 0.999999, -0.00120586, 0.000953913, 0.00120543, 0.999999, 0.0048777  
85, -2.68567, 3.83663, 180.111, 1, 4.2914e-005, -0.000774805, -4.3547e-005, 1, -0.000816901, 0.000774769, 0.000816935, 0.999999, 0.00493844  
86, -2.71082, 3.83776, 180.118, 1, 0.000126484, -0.000678952, -0.000126267, 1, 0.000320006, 0.000678992, -0.000319921, 1, 0.00326946  
87, -2.71211, 3.82378, 180.119, 0.999999, 0.000163301, -0.00119551, -0.000164683, 0.999999, -0.00115605, 0.00119532, 0.00115625, 0.999999, 0.0029244  
88, -2.69226, 3.8333, 180.124, 0.999998, 0.000553317, -0.00166891, -0.000553219, 1, 5.90824e-005, 0.00166894, -5.81591e-005, 0.999999, 0.00294742  
89, -2.6816, 3.84465, 180.129, 1, -0.00020478, -0.000362917, 0.000204653, 1, -0.000350552, 0.000362989, 0.000350478, 1, 0.00297599  
90, -2.67302, 3.82837, 180.099, 1, -0.000139005, -0.000379831, 0.00013878, 1, -0.000592685, 0.000379913, 0.000592632, 1, 0.0031341  
91, -2.69198, 3.83919, 180.101, 1, -1.65324e-005, -0.000936986, 1.54101e-005, 0.999999, -0.00119778, 0.000937005, 0.00119777, 0.999999, 0.00297433  
92, -2.69336, 3.83839, 180.099, 1, 0.000259711, -0.000563885, -0.000260044, 1, -0.000591387, 0.000563732, 0.000591533, 1, 0.00287752  
93, -2.71064, 3.81304, 180.129, 0.999999, 0.000157763, -0.00126477, -0.000158841, 1, -0.000852618, 0.00126464, 0.000852818, 0.999999, 0.00293244  
94, -2.68439, 3.83645, 180.122, 1, 0.000203986, -0.000497014, -0.000204377, 1, -0.00078504, 0.000496854, 0.000785141, 1, 0.0029452  
95, -2.7095, 3.83856, 180.125, 1, 0.000133162, -0.000311097, -0.000133024, 1, 0.000445927, 0.000311156, -0.000445886, 1, 0.00298293  
96, -2.69011, 3.86868, 180.132, 0.999999, 0.000308369, -0.00123587, -0.000308329, 1, 3.284e-005, 0.00123588, -3.24589e-005, 0.999999, 0.00282177  
97, -2.69115, 3.84687, 180.14, 1, 0.000390331, -0.000666856, -0.000390508, 1, -0.00026612, 0.000666752, 0.00026638, 1, 0.00294687  
98, -2.6801, 3.84406, 180.135, 1, -0.000323518, 0.000386883, 0.00032337, 1, 0.00038382, -0.000387007, -0.000383695, 1, 0.00298542  
99, -2.67192, 3.85512, 180.122, 1, 6.80628e-005, -0.000534429, -6.87505e-005, 0.999999, -0.001287, 0.000534341, 0.00128703, 0.999999, 0.00313354  
100, -2.66578, 3.84311, 180.115, 1, 0.000152981, -0.000980384, -0.000153429, 1, -0.000456135, 0.000980314, 0.000456285, 0.999999, 0.00306059  
101, -2.68333, 3.84062, 180.118, 0.999999, -0.000177082, -0.00135874, 0.000175956, 1, -0.000829261, 0.00135889, 0.000829021, 0.999999, 0.00301066  
102, -2.68872, 3.8354, 180.101, 1, 8.69267e-005, -0.00071067, -8.71879e-005, 1, -0.000367507, 0.000710638, 0.000367569, 1, 0.00401782  
103, -2.67832, 3.84332, 180.124, 0.999999, 0.000586714, -0.000874981, -0.000586839, 1, -0.000142911, 0.000874897, 0.000143424, 1, 0.00293161  
104, -2.69584, 3.82665, 180.129, 0.999999, 0.000383214, -0.00112718, -0.000383452, 1, -0.000211012, 0.0011271, 0.000211445, 0.999999, 0.00304783  
105, -2.69017, 3.86038, 180.123, 0.999999, 0.000375093, -0.00160629, -0.000376046, 1, -0.000593329, 0.00160607, 0.000593933, 0.999999, 0.00298209  
106, -2.68743, 3.86633, 180.107, 1, 0.000251534, -0.000967628, -0.000251614, 1, -8.24964e-005, 0.000967608, 8.27399e-005, 1, 0.00292301  
107, -2.68899, 3.85919, 180.157, 0.999999, 0.00020756, -0.00142233, -0.000208288, 1, -0.000511756, 0.00142223, 0.000512052, 0.999999, 0.00298986  
108, -2.71196, 3.86244, 180.125, 1, 0.000193067, -0.000886771, -0.000192566, 1, 0.000565656, 0.00088688, -0.000565485, 0.999999, 0.00289028  
109, -2.70026, 3.84516, 180.135, 0.999999, 0.000589949, -0.00126282, -0.000590072, 1, -9.64285e-005, 0.00126276, 9.71736e-005, 0.999999, 0.00290942  
110, -2.68516, 3.83938, 180.141, 0.999999, 4.44106e-005, -0.0012391, -4.38345e-005, 1, 0.000464952, 0.00123912, -0.000464898, 0.999999, 0.00286587  
111, -2.66876, 3.86395, 180.129, 1, -5.05462e-005, -0.000961863, 4.93095e-005, 0.999999, -0.00128576, 0.000961927, 0.00128571, 0.999999, 0.00296157  
112, -2.68169, 3.84597, 180.102, 1, -0.000132304, -0.000867699, 0.000131968, 1, -0.000386974, 0.00086775, 0.000386859, 1, 0.00297655  
113, -2.67723, 3.86054, 180.091, 1, 0.000329438, -0.000736964, -0.000328976, 1, 0.000626799, 0.00073717, -0.000626556, 1, 0.0028925  
114, -2.69263, 3.83012, 180.114, 0.999999, 0.000338428, -0.00102108, -0.000338478, 1, -4.83766e-005, 0.00102106, 4.87222e-005, 0.999999, 0.00465052  
115, -2.68349, 3.84202, 180.125, 0.999999, 0.000123719, -0.00108951, -0.000124227, 1, -0.00046631, 0.00108945, 0.000466445, 0.999999, 0.00291053  
116, -2.68611, 3.83456, 180.105, 0.999999, -0.000154501, -0.00154361, 0.000153892, 1, -0.000395242, 0.00154367, 0.000395004, 0.999999, 0.002895  
117, -2.69555, 3.82813, 180.121, 0.999999, 0.000191235, -0.00147873, -0.000193149, 0.999999, -0.00129447, 0.00147848, 0.00129476, 0.999998, 0.00286227  
118, -2.69175, 3.81362, 180.13, 1, -0.000319069, -0.000788031, 0.000318815, 1, -0.000323131, 0.000788134, 0.00032288, 1, 0.00286227  
119, -2.69769, 3.84005, 180.145, 1, 0.000461711, -0.000872996, -0.000462462, 1, -0.000860242, 0.000872599, 0.000860646, 0.999999, 0.00296767  
120, -2.68578, 3.84017, 180.121, 0.999999, -4.50287e-006, -0.0013381, 3.47781e-006, 1, -0.000766062, 0.0013381, 0.000766056, 0.999999, 0.00300789  
121, -2.68806, 3.8357, 180.106, 1, 0.000216487, -0.000789034, -0.00021692, 1, -0.000548831, 0.000788915, 0.000549002, 1, 0.00291081  
122, -2.68695, 3.82258, 180.092, 1, 9.45628e-005, -0.000629875, -9.48059e-005, 1, -0.000386016, 0.000629838, 0.000386076, 1, 0.00288973  
123, -2.69721, 3.83296, 180.124, 0.999998, 0.000131633, -0.00195057, -0.000133016, 1, -0.000709096, 0.00195048, 0.000709354, 0.999998, 0.00291275  
124, -2.71302, 3.82807, 180.119, 1, 6.76487e-005, -0.000874843, -6.75384e-005, 1, 0.000126108, 0.000874852, -0.000126049, 1, 0.00299541  
125, -2.69182, 3.81594, 180.13, 0.999999, 0.000267662, -0.00151068, -0.000268419, 1, -0.000501177, 0.00151054, 0.000501582, 0.999999, 0.00293855  
126, -2.69803, 3.82232, 180.114, 0.999998, 0.000492557, -0.00175197, -0.000494631, 0.999999, -0.00118365, 0.00175139, 0.00118451, 0.999998, 0.00347  
127, -2.67827, 3.81337, 180.122, 0.999999, 0.000370262, -0.00147457, -0.000372189, 0.999999, -0.00130679, 0.00147408, 0.00130733, 0.999998, 0.00279597  
128, -2.69354, 3.84988, 180.127, 0.999999, 0.000360524, -0.00135779, -0.000361402, 1, -0.00064676, 0.00135756, 0.00064725, 0.999999, 0.00285838  
129, -2.7005, 3.8418, 180.11, 0.999999, 0.000434181, -0.00130187, -0.000434965, 1, -0.000602404, 0.00130161, 0.000602969, 0.999999, 0.00294104  
130, -2.69555, 3.851, 180.124, 0.999999, 6.58224e-005, -0.00121578, -6.67484e-005, 1, -0.000761625, 0.00121573, 0.000761706, 0.999999, 0.00315795  
131, -2.69417, 3.84473, 180.124, 0.999999, 0.000314893, -0.00111902, -0.000315964, 0.999999, -0.000956963, 0.00111872, 0.000957315, 0.999999, 0.00301704  
132, -2.67662, 3.84753, 180.132, 1, -2.52458e-005, -0.000845254, 2.4961e-005, 1, -0.000336965, 0.000845262, 0.000336944, 1, 0.00296712  
133, -2.70422, 3.82536, 180.109, 0.999999, 0.000167552, -0.00101622, -0.000167911, 1, -0.000353596, 0.00101616, 0.000353767, 0.999999, 0.00300068  
134, -2.71911, 3.82421, 180.103, 1, 0.000127096, -0.000821196, -0.000127503, 1, -0.000495929, 0.000821133, 0.000496034, 1, 0.00300096  
135, -2.71781, 3.83474, 180.107, 1, 0.000360949, -0.000863464, -0.000360721, 1, 0.000263345, 0.000863559, -0.000263033, 1, 0.00306614  
136, -2.72028, 3.82395, 180.125, 1, 0.00028085, -0.000544012, -0.000280747, 1, 0.000189144, 0.000544065, -0.000188991, 1, 0.00287253  
137, -2.71539, 3.82726, 180.103, 1, 0.00013773, -0.000313075, -0.000137408, 0.999999, 0.00102564, 0.000313217, -0.00102559, 0.999999, 0.0028803  
138, -2.71118, 3.84794, 180.103, 0.999999, 0.00026975, -0.00117137, -0.000270241, 1, -0.0004193, 0.00117125, 0.000419616, 0.999999, 0.00289833  
139, -2.70844, 3.82469, 180.106, 1, -0.000149516, -0.000499509, 0.00014943, 1, -0.000171638, 0.000499534, 0.000171563, 1, 0.00292523  
140, -2.69345, 3.8387, 180.116, 1, 0.00021563, -0.000681387, -0.000216005, 1, -0.000549767, 0.000681269, 0.000549914, 1, 0.00290193  
141, -2.69915, 3.82595, 180.116, 1, -0.000272955, -0.000335271, 0.000272843, 1, -0.000334275, 0.000335362, 0.000334183, 1, 0.00295741  
142, -2.71123, 3.83791, 180.119, 0.999999, -9.91255e-005, -0.0010711, 9.82374e-005, 1, -0.000829151, 0.00107118, 0.000829046, 0.999999, 0.00289527  
143, -2.69595, 3.84042, 180.122, 1, 0.00012901, -0.000225764, -0.000129011, 1, -2.79967e-006, 0.000225764, 2.8288e-006, 1, 0.00297544  
144, -2.68965, 3.83773, 180.112, 1, -5.24735e-006, -0.00013702, 5.14505e-006, 1, -0.0007466, 0.000137024, 0.000746599, 1, 0.00295436  
145, -2.69726, 3.84516, 180.107, 1, 0.000205921, -0.000613477, -0.000206363, 1, -0.000720324, 0.000613328, 0.000720451, 1, 0.00296351  
146, -2.70315, 3.83776, 180.108, 0.999999, 0.000252647, -0.0012195, -0.000252772, 1, -0.000102038, 0.00121948, 0.000102346, 0.999999, 0.00320622  
147, -2.70137, 3.83292, 180.105, 0.999999, -6.99911e-005, -0.00134934, 6.95357e-005, 1, -0.00033749, 0.00134937, 0.000337396, 0.999999, 0.00287614  
148, -2.69665, 3.84648, 180.12, 1, 0.000282151, -0.000634275, -0.000282367, 1, -0.000339593, 0.000634179, 0.000339772, 1, 0.00298625  
149, -2.67672, 3.82813, 180.116, 0.999999, -0.000201773, -0.00116823, 0.00020212, 1, 0.000296842, 0.00116817, -0.000297078, 0.999999, 0.00300595  
150, -2.68088, 3.84123, 180.123, 1, 7.7284e-005, -0.000664508, -7.75154e-005, 1, -0.000348172, 0.000664481, 0.000348224, 1, 0.00288584  
151, -2.70551, 3.82441, 180.128, 1, -0.00020047, -3.22756e-005, 0.000200469, 1, -2.59884e-005, 3.22808e-005, 2.5982e-005, 1, 0.00289583  
152, -2.67912, 3.81911, 180.137, 1, 0.00025903, -0.00085839, -0.000259866, 0.999999, -0.000973307, 0.000858138, 0.00097353, 0.999999, 0.00485606  
153, -2.6833, 3.84098, 180.141, 1, 0.000379716, -0.000907817, -0.000380093, 1, -0.000414544, 0.000907659, 0.000414889, 1, 0.0030323  
154, -2.72075, 3.83161, 180.11, 0.999999, 0.000437378, -0.000955646, -0.000437212, 1, 0.000174329, 0.000955722, -0.000173911, 1, 0.00284174  
155, -2.69011, 3.81856, 180.117, 1, 0.000401642, -0.000216744, -0.000401648, 1, -2.47719e-005, 0.000216734, 2.48589e-005, 1, 0.00294909  
156, -2.67324, 3.83673, 180.117, 1, -0.000223987, -0.000281884, 0.0002238, 1, -0.00066555, 0.000282033, 0.000665487, 1, 0.00283758  
157, -2.69447, 3.84327, 180.119, 1, 1.40907e-005, -0.000296458, -1.41749e-005, 1, -0.00028401, 0.000296454, 0.000284014, 1, 0.00320122  
158, -2.68246, 3.83189, 180.098, 1, 6.55254e-005, -0.000367224, -6.56473e-005, 1, -0.000331945, 0.000367202, 0.000331969, 1, 0.00288224  
159, -2.71668, 3.80823, 180.105, 1, -3.81332e-005, 0.000273035, 3.82296e-005, 1, -0.000353087, -0.000273021, 0.000353097, 1, 0.00294243  
160, -2.6867, 3.81878, 180.121, 1, -1.81432e-005, -7.375e-005, 1.81796e-005, 1, 0.000492654, 7.3741e-005, -0.000492655, 1, 0.00303618  
161, -2.70672, 3.8352, 180.121, 1, 0.000129219, 2.83275e-006, -0.000129218, 1, -0.000151022, -2.85227e-006, 0.000151022, 1, 0.00284562  
162, -2.71851, 3.84111, 180.11, 1, -0.00011801, -0.000936023, 0.000117485, 1, -0.000561501, 0.000936089, 0.000561391, 0.999999, 0.00281927  
163, -2.71181, 3.82655, 180.109, 1, 9.70914e-005, -0.000496003, -9.75199e-005, 1, -0.000863996, 0.000495918, 0.000864044, 1, 0.00288557  
164, -2.71096, 3.83192, 180.118, 1, 0.000280418, -0.000215242, -0.000280566, 1, -0.000687812, 0.000215049, 0.000687872, 1, 0.00287059  
165, -2.70127, 3.84154, 180.126, 1, -0.000188099, -0.000751231, 0.000187659, 1, -0.000585505, 0.000751341, 0.000585363, 1, 0.00290914  
166, -2.70586, 3.83021, 180.121, 1, 0.00027138, -0.000616022, -0.000271521, 1, -0.00022798, 0.00061596, 0.000228147, 1, 0.00289278  
167, -2.68712, 3.83554, 180.126, 0.999999, 0.000200082, -0.00109891, -0.000199166, 1, 0.00083418, 0.00109908, -0.00083396, 0.999999, 0.00286393  
168, -2.68818, 3.82967, 180.12, 1, -6.06678e-005, -0.000456906, 6.05731e-005, 1, -0.00020712, 0.000456919, 0.000207092, 1, 0.00286504  
169, -2.68019, 3.84205, 180.133, 1, -0.000149663, -0.000907729, 0.000148773, 1, -0.000979973, 0.000907875, 0.000979838, 0.999999, 0.00305754  
170, -2.71213, 3.83239, 180.127, 0.999999, 1.51152e-005, -0.00135588, -1.67321e-005, 0.999999, -0.00119258, 0.00135586, 0.0011926, 0.999998, 0.0029685  
171, -2.68008, 3.85006, 180.107, 1, 0.000160802, -0.000824892, -0.00016159, 1, -0.00095552, 0.000824738, 0.000955653, 0.999999, 0.00298931  
172, -2.69938, 3.85068, 180.128, 1, 6.50566e-005, -0.000573218, -6.53692e-005, 1, -0.000545357, 0.000573183, 0.000545394, 1, 0.00292329  
173, -2.68233, 3.85333, 180.122, 1, -0.000454026, -0.000355943, 0.000454026, 1, -3.52276e-007, 0.000355943, 1.90669e-007, 1, 0.00300456  
174, -2.70199, 3.85654, 180.107, 0.999999, -0.000211452, -0.00132993, 0.000209855, 0.999999, -0.0012006, 0.00133019, 0.00120032, 0.999998, 0.00464248  
175, -2.69484, 3.85297, 180.105, 0.999999, 8.45929e-005, -0.00140759, -8.61535e-005, 0.999999, -0.00110866, 0.00140749, 0.00110878, 0.999998, 0.00302536  
176, -2.70631, 3.84298, 180.118, 0.999999, 0.000209502, -0.00129968, -0.000210442, 1, -0.000723535, 0.00129953, 0.000723808, 0.999999, 0.00408994  
177, -2.67892, 3.84784, 180.108, 1, -0.000258046, -0.000948979, 0.000257072, 0.999999, -0.00102594, 0.000949244, 0.0010257, 0.999999, 0.00325226  
178, -2.69103, 3.85468, 180.129, 0.999999, -0.00018457, -0.00100012, 0.000184465, 1, -0.000104868, 0.00100014, 0.000104683, 0.999999, 0.00295186  
179, -2.69478, 3.82357, 180.122, 0.999999, -0.000136956, -0.00146128, 0.000134972, 0.999999, -0.00135779, 0.00146146, 0.0013576, 0.999998, 0.00293965  
180, -2.67115, 3.84031, 180.102, 0.999998, -0.000196038, -0.00193488, 0.000192665, 0.999998, -0.00174348, 0.00193522, 0.00174311, 0.999997, 0.00291414  
181, -2.6873, 3.8458, 180.129, 1, 0.000183883, -0.000740848, -0.000184452, 1, -0.000768325, 0.000740707, 0.000768462, 0.999999, 0.0028631  
182, -2.69433, 3.82527, 180.126, 1, 0.000324794, -0.000715351, -0.000325221, 1, -0.000595927, 0.000715158, 0.000596159, 1, 0.00282288  
183, -2.69658, 3.84639, 180.134, 0.999999, 0.000185926, -0.00136001, -0.000186067, 1, -0.000103561, 0.00135999, 0.000103814, 0.999999, 0.00292024  
184, -2.67715, 3.84291, 180.113, 0.999999, 9.11057e-006, -0.00132955, -1.02464e-005, 1, -0.000854323, 0.00132954, 0.000854336, 0.999999, 0.00281567  
185, -2.7063, 3.83264, 180.124, 0.999999, -0.000114703, -0.00116374, 0.000114885, 1, 0.000156284, 0.00116372, -0.000156417, 0.999999, 0.0030212  
186, -2.69187, 3.82858, 180.118, 0.999999, 0.000116907, -0.00147888, -0.000118781, 0.999999, -0.00126704, 0.00147873, 0.00126722, 0.999998, 0.00286615  
187, -2.70395, 3.832, 180.143, 0.999999, -0.000316362, -0.00147874, 0.000316115, 1, -0.000167715, 0.00147879, 0.000167247, 0.999999, 0.00285117  
188, -2.70756, 3.84374, 180.106, 1, 8.21598e-005, -0.000918947, -8.20505e-005, 1, 0.000119024, 0.000918957, -0.000118949, 1, 0.00294271  
189, -2.69452, 3.83326, 180.115, 0.999999, 3.95129e-006, -0.00103611, -4.39626e-006, 1, -0.000429459, 0.00103611, 0.000429464, 0.999999, 0.00292079  
190, -2.68782, 3.84433, 180.106, 1, -0.000119041, -0.00080471, 0.000118633, 1, -0.000506603, 0.00080477, 0.000506508, 1, 0.00299846  
191, -2.7076, 3.82832, 180.11, 0.999999, -0.000182231, -0.00142501, 0.00018211, 1, -8.53528e-005, 0.00142502, 8.50932e-005, 0.999999, 0.00292884  
192, -2.69712, 3.84564, 180.103, 0.999999, -0.000174752, -0.00118249, 0.000175145, 1, 0.000332127, 0.00118243, -0.000332334, 0.999999, 0.0030703  
193, -2.69757, 3.84708, 180.109, 0.999999, -7.28143e-005, -0.00112319, 7.2525e-005, 1, -0.000257581, 0.00112321, 0.0002575, 0.999999, 0.00294964  
194, -2.6724, 3.83516, 180.099, 1, -0.000106396, -0.000512501, 0.000106534, 1, 0.00026919, 0.000512472, -0.000269245, 1, 0.00294049  
195, -2.70282, 3.84838, 180.116, 1, -0.000148809, -0.00055945, 0.000148567, 1, -0.000432706, 0.000559514, 0.000432623, 1, 0.00294798  
196, -2.69799, 3.83681, 180.115, 0.999999, 0.00030111, -0.00120387, -0.000302676, 0.999999, -0.0013015, 0.00120348, 0.00130186, 0.999998, 0.00286143  
197, -2.68804, 3.84946, 180.122, 0.999999, -3.05223e-005, -0.00164861, 2.86593e-005, 0.999999, -0.00113009, 0.00164864, 0.00113005, 0.999998, 0.00293522  
198, -2.68704, 3.85454, 180.096, 1, 0.000305671, -0.000307847, -0.000305595, 1, 0.000246791, 0.000307922, -0.000246697, 1, 0.00293355  
199, -2.67827, 3.84529, 180.115, 0.999999, 0.000341069, -0.00160911, -0.000341712, 1, -0.000399604, 0.00160897, 0.000400154, 0.999999, 0.00294631  
200, -2.71215, 3.84448, 180.1, 0.999999, 0.000117081, -0.0017145, -0.000117747, 1, -0.000388261, 0.00171445, 0.000388462, 0.999998, 0.00285117  
201, -2.71123, 3.84006, 180.111, 1, -7.6132e-005, -0.000678621, 7.67619e-005, 1, 0.000928195, 0.000678551, -0.000928247, 0.999999, 0.00291053  
202, -2.6688, 3.84109, 180.129, 1, -0.000140517, -0.000829853, 0.000140953, 1, 0.000525561, 0.000829779, -0.000525678, 1, 0.0029857  
203, -2.69912, 3.84155, 180.116, 0.999999, -0.000548837, -0.0011928, 0.000547986, 1, -0.00071391, 0.00119319, 0.000713256, 0.999999, 0.00298182  
204, -2.69464, 3.82146, 180.129, 0.999999, -5.93358e-005, -0.00115096, 5.88863e-005, 1, -0.000390518, 0.00115098, 0.00039045, 0.999999, 0.00275242  
205, -2.69542, 3.8284, 180.129, 0.999999, 0.000301525, -0.00154759, -0.000302231, 1, -0.000456252, 0.00154746, 0.000456719, 0.999999, 0.00330552  
206, -2.7064, 3.82105, 180.134, 0.999999, -0.000362633, -0.00117768, 0.000361481, 0.999999, -0.000978527, 0.00117804, 0.000978101, 0.999999, 0.00303896  
207, -2.69656, 3.83165, 180.127, 1, 0.000125682, -0.000954533, -0.000126383, 1, -0.000733998, 0.000954441, 0.000734118, 0.999999, 0.00304756  
208, -2.69274, 3.83767, 180.125, 0.999999, -0.000267784, -0.00164991, 0.000265826, 0.999999, -0.00118667, 0.00165023, 0.00118623, 0.999998, 0.00297877  
209, -2.69379, 3.85653, 180.132, 0.999998, 0.000703653, -0.00169783, -0.000704902, 0.999999, -0.000735338, 0.00169731, 0.000736534, 0.999998, 0.00306142  
210, -2.69397, 3.84418, 180.158, 1, 9.17331e-005, -0.000925779, -9.18956e-005, 1, -0.000175489, 0.000925763, 0.000175574, 1, 0.00335073  
211, -2.69928, 3.86155, 180.135, 0.999999, 0.000111657, -0.00134542, -0.000111554, 1, 7.59156e-005, 0.00134543, -7.57654e-005, 0.999999, 0.00325004  
212, -2.69253, 3.83751, 180.129, 0.999999, 0.000117055, -0.00114267, -0.000118361, 0.999999, -0.00114275, 0.00114253, 0.00114288, 0.999999, 0.00298182  
213, -2.70353, 3.83586, 180.121, 1, 9.10865e-006, -0.0008397, -9.26886e-006, 1, -0.000190795, 0.000839698, 0.000190803, 1, 0.00297017  
214, -2.68297, 3.84691, 180.145, 0.999999, 0.000423973, -0.00133497, -0.000425381, 0.999999, -0.00105505, 0.00133452, 0.00105562, 0.999999, 0.00296379  
215, -2.67491, 3.83531, 180.129, 0.999999, 6.4924e-005, -0.0012099, -6.58242e-005, 1, -0.000743978, 0.00120985, 0.000744057, 0.999999, 0.00308167  
216, -2.65695, 3.84119, 180.133, 1, 0.000344919, -0.000529741, -0.000345167, 1, -0.000468338, 0.000529579, 0.00046852, 1, 0.00307779  
217, -2.69865, 3.82954, 180.099, 0.999999, 0.000579444, -0.0012107, -0.000580735, 0.999999, -0.0010663, 0.00121008, 0.001067, 0.999999, 0.0030212  
218, -2.68812, 3.84515, 180.137, 0.999998, -0.000380113, -0.0019395, 0.000377629, 0.999999, -0.00128103, 0.00193998, 0.00128029, 0.999997, 0.00294798  
219, -2.69652, 3.85734, 180.138, 0.999999, -1.64974e-005, -0.0015113, 1.56598e-005, 1, -0.000554251, 0.0015113, 0.000554227, 0.999999, 0.00303119  
220, -2.70991, 3.86157, 180.129, 0.999999, -4.72451e-006, -0.00172948, 3.22279e-006, 1, -0.000868312, 0.00172948, 0.000868305, 0.999998, 0.00299125  
221, -2.68454, 3.85249, 180.103, 0.999998, 0.00044307, -0.00196149, -0.000444487, 1, -0.000722047, 0.00196116, 0.000722918, 0.999998, 0.0031083  
222, -2.69678, 3.84684, 180.116, 0.999999, 0.000114788, -0.00139495, -0.000115549, 1, -0.000545691, 0.00139488, 0.000545852, 0.999999, 0.00298182  
223, -2.69349, 3.82961, 180.135, 0.999999, 0.00054841, -0.00107278, -0.000549318, 0.999999, -0.000846085, 0.00107232, 0.000846674, 0.999999, 0.00294936  
224, -2.69866, 3.82771, 180.122, 0.999999, -0.00013092, -0.00151332, 0.000129635, 1, -0.000848964, 0.00151343, 0.000848767, 0.999998, 0.00294603  
225, -2.68391, 3.83051, 180.11, 1, 1.44813e-006, -0.000533175, -1.85476e-006, 1, -0.000762672, 0.000533174, 0.000762673, 1, 0.00302315  
226, -2.66741, 3.84022, 180.119, 0.999999, 0.000481976, -0.00117525, -0.000482901, 1, -0.000787418, 0.00117487, 0.000787984, 0.999999, 0.00295047  
227, -2.68644, 3.83326, 180.121, 1, -5.25499e-005, -0.000915544, 5.22557e-005, 1, -0.000321364, 0.000915561, 0.000321316, 1, 0.00289583  
228, -2.70373, 3.85548, 180.115, 1, -0.000122022, -0.000671481, 0.000121491, 1, -0.000791483, 0.000671577, 0.000791401, 0.999999, 0.00285755  
229, -2.68864, 3.85797, 180.138, 0.999998, 1.98975e-005, -0.00174846, -2.12572e-005, 1, -0.000777662, 0.00174844, 0.000777698, 0.999998, 0.00283397  
230, -2.69986, 3.82135, 180.114, 1, 0.000101796, -0.000108288, -0.000101797, 1, -1.00362e-005, 0.000108287, 1.00473e-005, 1, 0.00310553  
231, -2.69703, 3.83939, 180.122, 1, -0.000453042, -0.00085669, 0.000453146, 1, 0.000122328, 0.000856634, -0.000122716, 1, 0.00305754  
232, -2.71236, 3.83999, 180.129, 0.999999, 2.6159e-005, -0.00106589, -2.61678e-005, 1, -8.31809e-006, 0.00106589, 8.34598e-006, 0.999999, 0.00295796  
233, -2.69549, 3.83696, 180.108, 1, 0.00025198, -0.000812064, -0.000250915, 0.999999, 0.00131232, 0.000812394, -0.00131212, 0.999999, 0.00283647  
234, -2.71769, 3.82968, 180.135, 0.999999, -0.000421811, -0.00125029, 0.000421484, 1, -0.000262076, 0.0012504, 0.000261549, 0.999999, 0.00299957  
235, -2.68762, 3.86076, 180.126, 0.999999, 0.000137775, -0.00161721, -0.000138612, 1, -0.000517206, 0.00161714, 0.00051743, 0.999999, 0.0028986  
236, -2.68771, 3.8326, 180.132, 0.999999, 2.0649e-005, -0.00128185, -2.09177e-005, 1, -0.000209539, 0.00128185, 0.000209566, 0.999999, 0.00292246  
237, -2.6827, 3.85211, 180.117, 0.999999, 9.12664e-005, -0.00122929, -9.13007e-005, 1, -2.78232e-005, 0.00122928, 2.79354e-005, 0.999999, 0.00287503  
238, -2.65938, 3.83483, 180.106, 0.999998, 0.00063458, -0.00171252, -0.000633726, 1, 0.000499245, 0.00171284, -0.000498159, 0.999998, 0.0028667  
239, -2.6446, 3.72733, 180.191, 0.999998, -0.00169019, -0.000394232, 0.00168917, 0.999995, -0.00257303, 0.000398579, 0.00257236, 0.999997, 0.00289722  
240, -2.6729, 3.7167, 180.226, 0.999997, -0.000732281, -0.00241437, 0.000728298, 0.999998, -0.00164997, 0.00241557, 0.00164821, 0.999996, 0.00315989  
241, -2.66208, 3.71595, 180.247, 0.999994, 0.000398606, -0.00349314, -0.000401993, 0.999999, -0.000968786, 0.00349275, 0.000970184, 0.999993, 0.0030298  
242, -2.66794, 3.69865, 180.258, 0.999994, 0.000799038, -0.00343102, -0.000801104, 0.999999, -0.000600714, 0.00343054, 0.000603458, 0.999994, 0.00286615  
243, -2.67043, 3.67797, 180.259, 0.999997, 0.000546102, -0.00223568, -0.000546436, 1, -0.000148829, 0.0022356, 0.00015005, 0.999997, 0.00302093  
244, -2.66912, 3.6875, 180.263, 0.999996, 0.000553516, -0.00272475, -0.000555164, 1, -0.000604106, 0.00272441, 0.000605616, 0.999996, 0.00300123  
245, -2.67915, 3.72052, 180.252, 0.999996, 9.51097e-005, -0.00298194, -9.90456e-005, 0.999999, -0.00131979, 0.00298181, 0.00132008, 0.999995, 0.00310886  
246, -2.67524, 3.73148, 180.245, 0.999995, 0.000581032, -0.00297948, -0.00058493, 0.999999, -0.00130762, 0.00297872, 0.00130936, 0.999995, 0.00302536  
247, -2.67819, 3.68476, 180.277, 0.999996, 0.000470372, -0.00290873, -0.000472794, 1, -0.000832001, 0.00290834, 0.000833372, 0.999995, 0.00289416  
248, -2.68035, 3.71108, 180.256, 0.999996, 0.000376263, -0.00266017, -0.000377694, 1, -0.00053753, 0.00265997, 0.000538533, 0.999996, 0.00289361  
249, -2.68628, 3.69497, 180.254, 0.999997, 0.000583913, -0.00254503, -0.000585545, 1, -0.000640409, 0.00254466, 0.000641897, 0.999997, 0.00295685  
250, -2.66494, 3.68797, 180.256, 0.999995, 0.000730303, -0.00294164, -0.000732439, 0.999999, -0.000725297, 0.00294111, 0.000727448, 0.999995, 0.00294825  
251, -2.68024, 3.71318, 180.244, 0.999997, 0.00031608, -0.00249709, -0.000316974, 1, -0.000357489, 0.00249697, 0.000358279, 0.999997, 0.00289416  
252, -2.68503, 3.67853, 180.252, 0.999997, 0.000199184, -0.00233796, -0.000201499, 0.999999, -0.000990199, 0.00233776, 0.000990668, 0.999997, 0.00285173  
253, -2.69522, 3.6935, 180.254, 0.999996, 0.00025523, -0.00267416, -0.000259353, 0.999999, -0.00154143, 0.00267376, 0.00154212, 0.999995, 0.00283703  
254, -2.69706, 3.72338, 180.243, 0.999996, 0.000493997, -0.00281966, -0.00049624, 1, -0.000794756, 0.00281927, 0.000796152, 0.999996, 0.00296185  
255, -2.66498, 3.687, 180.257, 0.999998, 0.000572929, -0.00210594, -0.000573756, 1, -0.000391907, 0.00210571, 0.000393114, 0.999998, 0.00294576  
256, -2.68539, 3.69708, 180.261, 0.999994, 0.0002199, -0.00340468, -0.000226807, 0.999998, -0.00202845, 0.00340423, 0.00202921, 0.999992, 0.00295297  
257, -2.69149, 3.70463, 180.263, 0.999995, 0.000371334, -0.00322874, -0.000374203, 1, -0.000888212, 0.0032284, 0.000889416, 0.999994, 0.00289084  
258, -2.68157, 3.70737, 180.252, 0.999995, -0.000160474, -0.00328788, 0.000157494, 1, -0.000906495, 0.00328802, 0.000905972, 0.999994, 0.00287808  
259, -2.68074, 3.66949, 180.254, 0.999997, 7.62334e-005, -0.00236551, -7.82135e-005, 1, -0.000836979, 0.00236545, 0.000837161, 0.999997, 0.00291996  
260, -2.6821, 3.68041, 180.278, 0.999995, 8.65635e-006, -0.00312589, -1.08028e-005, 1, -0.000686642, 0.00312588, 0.000686673, 0.999995, 0.00297239  
261, -2.68682, 3.70585, 180.28, 0.999997, 0.00033213, -0.0025223, -0.000332949, 1, -0.00032425, 0.00252219, 0.000325089, 0.999997, 0.00285616  
262, -2.7049, 3.70056, 180.247, 0.999997, 0.000431073, -0.00227081, -0.00043269, 1, -0.000711405, 0.0022705, 0.000712386, 0.999997, 0.00289028  
263, -2.6942, 3.6858, 180.248, 0.999997, 0.000484341, -0.00248095, -0.000488385, 0.999999, -0.00162955, 0.00248016, 0.00163075, 0.999996, 0.00286254  
264, -2.69602, 3.69551, 180.24, 0.999995, 0.000417497, -0.00313033, -0.000419063, 1, -0.000499623, 0.00313012, 0.000500933, 0.999995, 0.00293355  
265, -2.67155, 3.68065, 180.272, 0.999995, 0.000432428, -0.0030775, -0.000436017, 0.999999, -0.00116572, 0.00307699, 0.00116706, 0.999995, 0.00298792  
266, -2.68462, 3.70179, 180.267, 0.999994, 3.81388e-005, -0.00350512, -4.23648e-005, 0.999999, -0.0012056, 0.00350507, 0.00120574, 0.999993, 0.00301344  
267, -2.66957, 3.71058, 180.253, 0.999995, 6.18415e-005, -0.00322666, -6.2567e-005, 1, -0.000224744, 0.00322665, 0.000224945, 0.999995, 0.00301871  
268, -2.67604, 3.70291, 180.255, 0.999997, 0.000132841, -0.00261704, -0.000136784, 0.999999, -0.00150628, 0.00261684, 0.00150663, 0.999995, 0.00288362  
269, -2.68494, 3.68387, 180.254, 0.999997, 0.000411125, -0.00247789, -0.000412218, 1, -0.000440548, 0.0024777, 0.000441568, 0.999997, 0.00298625  
270, -2.69376, 3.72293, 180.27, 0.999996, -0.000300977, -0.00269031, 0.000299992, 1, -0.000366554, 0.00269042, 0.000365746, 0.999996, 0.00290249  
271, -2.66882, 3.70834, 180.264, 0.999995, 0.000788341, -0.00318915, -0.0007876, 1, 0.000233676, 0.00318933, -0.000231163, 0.999995, 0.00300068  
272, -2.66141, 3.7024, 180.282, 0.999994, 0.000719721, -0.00341092, -0.000717606, 1, 0.000621336, 0.00341136, -0.000618885, 0.999994, 0.00304284  
273, -2.68238, 3.68677, 180.265, 0.999996, 0.000264491, -0.00269295, -0.000263441, 1, 0.00039033, 0.00269306, -0.000389619, 0.999996, 0.00306253  
274, -2.68185, 3.71413, 180.246, 0.999997, 0.000247086, -0.00253598, -0.000249652, 0.999999, -0.00101165, 0.00253573, 0.00101228, 0.999996, 0.00314519  
275, -2.68776, 3.69021, 180.267, 0.999996, 0.000472863, -0.00277093, -0.000473613, 1, -0.000270089, 0.0027708, 0.0002714, 0.999996, 0.00300761  
276, -2.68881, 3.69201, 180.248, 0.999996, 0.000338532, -0.00276917, -0.000340691, 1, -0.000779175, 0.00276891, 0.000780115, 0.999996, 0.00296906  
277, -2.68311, 3.76352, 180.177, 0.999994, 0.000892758, -0.00333923, -0.000891496, 1, 0.000379545, 0.00333957, -0.000376566, 0.999994, 0.00294437  
