0, 0, 0, 0, 0, 0, 0, 0, 0, 0, 0, 0, 0, 0.00613061  
1, 8.1787, -4.88823, 180.731, 0.991891, -0.124469, 0.0257051, 0.125456, 0.991241, -0.0412509, -0.0203455, 0.0441412, 0.998818, 0.00272469  
2, 8.15223, -4.88209, 180.733, 0.991886, -0.12444, 0.0260049, 0.125451, 0.991222, -0.0417224, -0.0205847, 0.0446462, 0.998791, 0.00285755  
3, 8.15739, -4.89292, 180.746, 0.99195, -0.123996, 0.0256825, 0.125002, 0.991259, -0.0421986, -0.0202255, 0.0450693, 0.998779, 0.00281067  
4, 8.16949, -4.87618, 180.701, 0.991984, -0.123836, 0.0251506, 0.12481, 0.991299, -0.0418107, -0.0197541, 0.0446146, 0.998809, 0.00296933  
5, 8.16406, -4.86695, 180.723, 0.991925, -0.124241, 0.0254694, 0.125224, 0.991259, -0.0415377, -0.0200861, 0.0443917, 0.998812, 0.00308944  
6, 8.17086, -4.87472, 180.723, 0.99193, -0.124092, 0.0259871, 0.125088, 0.991295, -0.0410743, -0.0206639, 0.0439935, 0.998818, 0.00286171  
7, 8.18239, -4.86426, 180.731, 0.991945, -0.124055, 0.0256184, 0.12504, 0.991291, -0.0413078, -0.0202709, 0.0441784, 0.998818, 0.00290165  
8, 8.18115, -4.85395, 180.743, 0.991879, -0.124527, 0.025852, 0.1255, 0.991279, -0.0401893, -0.0206219, 0.0431074, 0.998858, 0.00305338  
9, 8.17549, -4.87282, 180.739, 0.991866, -0.124512, 0.0264147, 0.125519, 0.991258, -0.0406572, -0.0211215, 0.0436421, 0.998824, 0.00301261  
10, 8.1658, -4.85784, 180.732, 0.991914, -0.124197, 0.0261174, 0.125212, 0.991253, -0.0417106, -0.0207086, 0.0446436, 0.998788, 0.00306558  
11, 8.1733, -4.84784, 180.74, 0.991817, -0.125058, 0.0256826, 0.12603, 0.991197, -0.0405504, -0.0203854, 0.0434553, 0.998847, 0.00296462  
12, 8.16385, -4.85827, 180.743, 0.991914, -0.12426, 0.0258152, 0.125251, 0.99127, -0.0411857, -0.0204721, 0.0440861, 0.998818, 0.0029452  
13, 8.16014, -4.82868, 180.744, 0.991893, -0.124475, 0.0255695, 0.125462, 0.991228, -0.0415565, -0.0201724, 0.0444276, 0.998809, 0.00294992  
14, 8.16992, -4.82969, 180.729, 0.991872, -0.124742, 0.0250732, 0.125721, 0.991165, -0.0422614, -0.0195799, 0.0450702, 0.998792, 0.00301344  
15, 8.16484, -4.81858, 180.716, 0.991885, -0.124496, 0.025785, 0.125483, 0.991246, -0.0410499, -0.0204488, 0.0439523, 0.998824, 0.00304839  
16, 8.16683, -4.84422, 180.747, 0.991836, -0.124875, 0.025826, 0.12586, 0.991206, -0.0408663, -0.0204957, 0.0437832, 0.998831, 0.00289666  
17, 8.15944, -4.82786, 180.728, 0.991884, -0.124509, 0.0257495, 0.125511, 0.991207, -0.0419015, -0.020306, 0.0447933, 0.99879, 0.00291275  
18, 8.15997, -4.81102, 180.749, 0.991809, -0.125049, 0.0260229, 0.126024, 0.991221, -0.0399877, -0.020794, 0.0429397, 0.998861, 0.00308167  
19, 8.1863, -4.80494, 180.729, 0.991864, -0.124485, 0.0266149, 0.125499, 0.991263, -0.0405966, -0.0213287, 0.0436064, 0.998821, 0.00310664  
20, 8.18149, -4.79901, 180.744, 0.991803, -0.125031, 0.0263344, 0.126039, 0.991181, -0.0409176, -0.0209862, 0.0439013, 0.998815, 0.00305865  
21, 8.18138, -4.80341, 180.728, 0.991827, -0.124798, 0.0265324, 0.125793, 0.991253, -0.0399153, -0.021319, 0.0429267, 0.998851, 0.00276602  
22, 8.17004, -4.81822, 180.729, 0.991767, -0.125239, 0.0267089, 0.126242, 0.991196, -0.0399068, -0.0214759, 0.04295, 0.998846, 0.00305837  
23, 8.17835, -4.80796, 180.722, 0.991837, -0.124838, 0.0259616, 0.12583, 0.991206, -0.0409543, -0.0206206, 0.0438868, 0.998824, 0.00301871  
24, 8.16351, -4.84607, 180.758, 0.991849, -0.1247, 0.0261945, 0.125692, 0.991246, -0.0404127, -0.0209257, 0.0433757, 0.99884, 0.00293355  
25, 8.18969, -4.82697, 180.744, 0.991922, -0.12419, 0.0258321, 0.125154, 0.991337, -0.0398536, -0.020659, 0.0427646, 0.998872, 0.00291996  
26, 8.15831, -4.8137, 180.748, 0.991766, -0.125325, 0.0263351, 0.126324, 0.991161, -0.040528, -0.0210232, 0.0435211, 0.998831, 0.00295075  
27, 8.16773, -4.77662, 180.757, 0.991844, -0.124885, 0.0254794, 0.125847, 0.991223, -0.0404983, -0.0201981, 0.0433745, 0.998855, 0.00283342  
28, 8.17533, -4.78277, 180.741, 0.991793, -0.125148, 0.0261818, 0.126135, 0.991197, -0.0402282, -0.0209169, 0.0432005, 0.998847, 0.00298043  
29, 8.18465, -4.79167, 180.742, 0.991895, -0.124398, 0.025869, 0.125388, 0.991259, -0.0410257, -0.0205394, 0.0439368, 0.998823, 0.00301261  
30, 8.1781, -4.79398, 180.741, 0.991901, -0.124511, 0.0250692, 0.125467, 0.991249, -0.0410372, -0.0197403, 0.0438502, 0.998843, 0.00292135  
31, 8.18603, -4.78476, 180.745, 0.99189, -0.124454, 0.0257849, 0.125446, 0.991241, -0.0412937, -0.0204199, 0.0441934, 0.998814, 0.00285478  
32, 8.18191, -4.81155, 180.744, 0.991809, -0.124832, 0.0270493, 0.125867, 0.991212, -0.0407058, -0.0217302, 0.043777, 0.998805, 0.00284951  
33, 8.1693, -4.78642, 180.738, 0.991864, -0.124547, 0.0263497, 0.125537, 0.991282, -0.0400164, -0.0211361, 0.0429986, 0.998852, 0.00305699  
34, 8.16279, -4.79459, 180.732, 0.991822, -0.12489, 0.0263046, 0.125892, 0.991208, -0.0407069, -0.0209895, 0.0436855, 0.998825, 0.00290803  
35, 8.1554, -4.80877, 180.75, 0.991851, -0.124719, 0.0260279, 0.125712, 0.991226, -0.0408333, -0.0207068, 0.0437726, 0.998827, 0.00291857  
36, 8.15855, -4.80127, 180.748, 0.991833, -0.124721, 0.0266981, 0.125723, 0.991263, -0.0398896, -0.0214898, 0.0429204, 0.998847, 0.0028631  
37, 8.15856, -4.81347, 180.763, 0.991869, -0.12454, 0.0261742, 0.125527, 0.991273, -0.0402621, -0.0209315, 0.0432203, 0.998846, 0.00306087  
38, 8.15759, -4.83527, 180.769, 0.99185, -0.124651, 0.0263916, 0.12567, 0.991212, -0.0413057, -0.0210109, 0.0442857, 0.998798, 0.0029244  
39, 8.17664, -4.82196, 180.779, 0.991914, -0.124152, 0.0263154, 0.125148, 0.991317, -0.0403564, -0.0210765, 0.0433234, 0.998839, 0.00287142  
40, 8.14596, -4.83325, 180.755, 0.991881, -0.124585, 0.0255129, 0.125559, 0.991238, -0.0410083, -0.0201803, 0.0438787, 0.998833, 0.00277461  
41, 8.15178, -4.85856, 180.751, 0.991868, -0.12449, 0.0264701, 0.125497, 0.991262, -0.0406136, -0.0211828, 0.0436052, 0.998824, 0.00277989  
42, 8.15779, -4.84446, 180.754, 0.991882, -0.124424, 0.0262536, 0.125443, 0.991229, -0.0415832, -0.0208493, 0.044539, 0.99879, 0.00287336  
43, 8.18786, -4.86991, 180.756, 0.991885, -0.124564, 0.0254468, 0.125564, 0.991179, -0.0424138, -0.0199391, 0.0452648, 0.998776, 0.00274521  
44, 8.16236, -4.84979, 180.737, 0.991903, -0.124295, 0.0260599, 0.125309, 0.991238, -0.0417593, -0.0206411, 0.0446867, 0.998788, 0.00308195  
45, 8.17418, -4.89284, 180.743, 0.991812, -0.12512, 0.0255772, 0.126106, 0.991149, -0.0414849, -0.0201602, 0.0443707, 0.998812, 0.00284867  
46, 8.1731, -4.85059, 180.74, 0.991877, -0.124483, 0.0261493, 0.125478, 0.991262, -0.0406913, -0.0208554, 0.0436419, 0.99883, 0.00283148  
47, 8.17317, -4.87217, 180.753, 0.991891, -0.124349, 0.0262615, 0.125374, 0.991225, -0.041875, -0.020824, 0.0448279, 0.998778, 0.00283065  
48, 8.1725, -4.88071, 180.735, 0.991885, -0.1244, 0.0262342, 0.1254, 0.991269, -0.0407589, -0.0209348, 0.0437179, 0.998825, 0.00314159  
49, 8.19147, -4.8724, 180.77, 0.99185, -0.124824, 0.0255635, 0.12581, 0.991186, -0.0414939, -0.0201588, 0.0443718, 0.998812, 0.0029918  
50, 8.17504, -4.88796, 180.759, 0.991904, -0.124382, 0.0256096, 0.125387, 0.991204, -0.0423426, -0.0201177, 0.0452109, 0.998775, 0.00292246  
51, 8.15379, -4.88974, 180.745, 0.991836, -0.124793, 0.0262275, 0.125799, 0.991208, -0.0409969, -0.0208808, 0.0439616, 0.998815, 0.00284119  
52, 8.17427, -4.88591, 180.759, 0.991925, -0.124255, 0.0254153, 0.125252, 0.991219, -0.0423898, -0.019925, 0.0452308, 0.998778, 0.00299541  
53, 8.16822, -4.9009, 180.742, 0.991908, -0.124437, 0.0251807, 0.125401, 0.99125, -0.0412111, -0.0198322, 0.0440353, 0.998833, 0.00290082  
54, 8.18841, -4.88711, 180.737, 0.991897, -0.124313, 0.026203, 0.125305, 0.991296, -0.0403858, -0.0209544, 0.0433419, 0.998841, 0.00299818  
55, 8.18778, -4.87235, 180.729, 0.991882, -0.124689, 0.024938, 0.125641, 0.99122, -0.0411857, -0.0195837, 0.0439846, 0.99884, 0.00278488  
56, 8.17095, -4.89401, 180.741, 0.991866, -0.124622, 0.025924, 0.125619, 0.991222, -0.0412203, -0.0205595, 0.0441415, 0.998814, 0.0029158  
57, 8.18811, -4.87967, 180.728, 0.991866, -0.124586, 0.0260744, 0.12558, 0.991247, -0.040743, -0.0207701, 0.043686, 0.998829, 0.00287281  
58, 8.18885, -4.88941, 180.754, 0.991827, -0.124879, 0.0261757, 0.125884, 0.991193, -0.0411104, -0.0208114, 0.0440695, 0.998812, 0.00289527  
59, 8.15686, -4.86305, 180.736, 0.991825, -0.124929, 0.0260159, 0.125927, 0.991187, -0.0411124, -0.0206505, 0.0440524, 0.998816, 0.00298376  
60, 8.16554, -4.86648, 180.764, 0.991882, -0.124483, 0.0259764, 0.125486, 0.99123, -0.0414372, -0.0205903, 0.0443604, 0.998803, 0.0028484  
61, 8.17544, -4.8635, 180.75, 0.991884, -0.124638, 0.0251111, 0.125588, 0.991248, -0.0406848, -0.0198205, 0.0435082, 0.998856, 0.00295658  
62, 8.14938, -4.88607, 180.759, 0.991888, -0.124484, 0.0257196, 0.12546, 0.991264, -0.0406747, -0.0204316, 0.0435715, 0.998841, 0.00291941  
63, 8.1445, -4.87095, 180.766, 0.991838, -0.124642, 0.0268529, 0.125672, 0.991229, -0.0408769, -0.0215224, 0.0439179, 0.998803, 0.00461197  
64, 8.16643, -4.87281, 180.746, 0.991881, -0.1245, 0.0259285, 0.125498, 0.991236, -0.0412585, -0.0205645, 0.0441775, 0.998812, 0.00444083  
65, 8.15502, -4.87546, 180.743, 0.991777, -0.125318, 0.0259687, 0.126306, 0.991156, -0.0406965, -0.020639, 0.0436418, 0.998834, 0.00276269  
66, 8.17788, -4.86824, 180.705, 0.991875, -0.124422, 0.026525, 0.125438, 0.991258, -0.0408895, -0.0212055, 0.0438846, 0.998812, 0.00298154  
67, 8.17494, -4.87125, 180.735, 0.991891, -0.1243, 0.0264924, 0.125317, 0.991271, -0.0409539, -0.0211706, 0.0439418, 0.99881, 0.00271942  
68, 8.16723, -4.85117, 180.729, 0.991865, -0.124635, 0.0258822, 0.125623, 0.991234, -0.0409116, -0.0205563, 0.0438302, 0.998827, 0.00269473  
69, 8.17819, -4.84304, 180.747, 0.991843, -0.124784, 0.0259945, 0.125774, 0.991221, -0.0407634, -0.0206797, 0.0437004, 0.998831, 0.00287059  
70, 8.18002, -4.83533, 180.735, 0.991876, -0.124496, 0.0261091, 0.125498, 0.991243, -0.0410749, -0.0207668, 0.0440179, 0.998815, 0.00331994  
71, 8.16525, -4.83406, 180.731, 0.991854, -0.124816, 0.0254193, 0.1258, 0.991177, -0.0417498, -0.0199839, 0.0446075, 0.998805, 0.00306558  
72, 8.16703, -4.82374, 180.743, 0.991817, -0.125006, 0.0259387, 0.125993, 0.991194, -0.0407438, -0.0206171, 0.0436784, 0.998833, 0.00280846  
73, 8.17428, -4.82535, 180.74, 0.991883, -0.124575, 0.0254882, 0.125543, 0.991251, -0.0407572, -0.0201879, 0.0436262, 0.998844, 0.00272413  
74, 8.18531, -4.80621, 180.753, 0.991834, -0.124813, 0.0262193, 0.125802, 0.991238, -0.0402689, -0.0209635, 0.0432385, 0.998845, 0.00281955  
75, 8.16828, -4.81625, 180.752, 0.991836, -0.124819, 0.0261086, 0.125826, 0.991191, -0.0413409, -0.0207185, 0.0442885, 0.998804, 0.00288917  
76, 8.18876, -4.83375, 180.745, 0.99181, -0.125025, 0.0260908, 0.126012, 0.991205, -0.0404108, -0.020809, 0.0433676, 0.998842, 0.0032126  
77, 8.18739, -4.8107, 180.733, 0.991869, -0.124465, 0.0265333, 0.125475, 0.991266, -0.0406022, -0.021248, 0.0436013, 0.998823, 0.00291081  
78, 8.17552, -4.81919, 180.727, 0.991826, -0.124951, 0.0258625, 0.125944, 0.991182, -0.041178, -0.0204892, 0.0440986, 0.998817, 0.00284396  
79, 8.1829, -4.81589, 180.747, 0.991878, -0.124504, 0.0260021, 0.125488, 0.99127, -0.0404574, -0.020738, 0.0433918, 0.998843, 0.00292801  
80, 8.18296, -4.82508, 180.738, 0.991828, -0.1248, 0.026478, 0.125813, 0.991214, -0.0408275, -0.0211501, 0.0438251, 0.998815, 0.0029244  
81, 8.1815, -4.80328, 180.725, 0.991949, -0.124264, 0.0243957, 0.125194, 0.991274, -0.0412585, -0.0190559, 0.0439805, 0.998851, 0.00314325  
82, 8.14572, -4.8094, 180.763, 0.991885, -0.124598, 0.02529, 0.125575, 0.991208, -0.0416757, -0.019875, 0.0445133, 0.998811, 0.00287697  
83, 8.16035, -4.81454, 180.755, 0.991907, -0.124442, 0.0251867, 0.125397, 0.99127, -0.0407395, -0.0198971, 0.0435681, 0.998852, 0.00284368  
84, 8.14597, -4.83565, 180.765, 0.991893, -0.124416, 0.0258591, 0.125388, 0.991296, -0.0401257, -0.0206417, 0.0430428, 0.99886, 0.00300872  
85, 8.15997, -4.80985, 180.757, 0.991866, -0.124742, 0.0253386, 0.125709, 0.991218, -0.0410407, -0.0199965, 0.0438922, 0.998836, 0.00306198  
86, 8.14169, -4.81916, 180.745, 0.991858, -0.124586, 0.0263758, 0.125605, 0.991218, -0.0413518, -0.0209923, 0.044328, 0.998796, 0.00289084  
87, 8.16964, -4.81523, 180.754, 0.99181, -0.124966, 0.0263862, 0.125964, 0.991215, -0.0403285, -0.0211147, 0.0433219, 0.998838, 0.00297627  
88, 8.16383, -4.83071, 180.747, 0.991795, -0.125105, 0.0262941, 0.126104, 0.991186, -0.0405932, -0.020984, 0.043576, 0.99883, 0.00289  
89, 8.15944, -4.82876, 180.731, 0.991886, -0.124535, 0.0255587, 0.125515, 0.991236, -0.041196, -0.0202044, 0.0440697, 0.998824, 0.00290692  
90, 8.16434, -4.83353, 180.733, 0.991837, -0.124837, 0.0259909, 0.1258, 0.99127, -0.0394744, -0.0208361, 0.0424218, 0.998882, 0.00305837  
91, 8.17246, -4.84106, 180.749, 0.991845, -0.124847, 0.0256296, 0.125832, 0.991191, -0.0413017, -0.0202474, 0.0441899, 0.998818, 0.00289111  
92, 8.15878, -4.83697, 180.734, 0.991847, -0.124757, 0.0260009, 0.125746, 0.991228, -0.0406927, -0.0206961, 0.0436304, 0.998833, 0.00292773  
93, 8.13869, -4.88368, 180.751, 0.991781, -0.125139, 0.0266508, 0.126157, 0.991174, -0.0407345, -0.0213181, 0.0437619, 0.998815, 0.00282843  
94, 8.1705, -4.84541, 180.736, 0.991883, -0.124567, 0.0255284, 0.125549, 0.991224, -0.0413822, -0.0201495, 0.0442513, 0.998817, 0.00299291  
95, 8.15052, -4.84248, 180.732, 0.991891, -0.124486, 0.0256001, 0.125471, 0.991234, -0.0413678, -0.020226, 0.0442444, 0.998816, 0.0029366  
96, 8.16531, -4.84335, 180.744, 0.99191, -0.124499, 0.0247726, 0.125437, 0.991261, -0.0408321, -0.0194726, 0.0436092, 0.998859, 0.00288141  
97, 8.16169, -4.88151, 180.747, 0.991826, -0.124977, 0.0257288, 0.125965, 0.991176, -0.0412761, -0.0203432, 0.0441796, 0.998816, 0.00304367  
98, 8.16315, -4.88231, 180.744, 0.991801, -0.125071, 0.0262177, 0.126094, 0.991135, -0.0418508, -0.0207509, 0.0448135, 0.99878, 0.002857  
99, 8.17585, -4.87513, 180.725, 0.991821, -0.12501, 0.0257492, 0.12601, 0.991147, -0.0418244, -0.0202927, 0.044727, 0.998793, 0.00299569  
100, 8.16486, -4.88932, 180.728, 0.991871, -0.124676, 0.0254603, 0.12565, 0.991222, -0.0411125, -0.0201111, 0.0439774, 0.99883, 0.0030581  
101, 8.17348, -4.88703, 180.735, 0.991878, -0.124566, 0.0257264, 0.125545, 0.991248, -0.0408221, -0.0204162, 0.0437204, 0.998835, 0.00296406  
102, 8.15886, -4.87672, 180.728, 0.991889, -0.124541, 0.0254178, 0.125521, 0.991224, -0.0414691, -0.0200301, 0.0443232, 0.998816, 0.00305615  
103, 8.17488, -4.87366, 180.739, 0.991922, -0.124247, 0.0255706, 0.125238, 0.991249, -0.0417155, -0.0201639, 0.0445809, 0.998802, 0.00286476  
104, 8.16711, -4.89458, 180.747, 0.991853, -0.124628, 0.0263707, 0.125663, 0.991179, -0.0421104, -0.02089, 0.0450811, 0.998765, 0.0030825  
105, 8.16612, -4.89295, 180.752, 0.991926, -0.124249, 0.0254102, 0.125219, 0.991281, -0.0410166, -0.0200924, 0.0438673, 0.998835, 0.00283869  
106, 8.16096, -4.88191, 180.746, 0.991935, -0.124219, 0.0251845, 0.125194, 0.991252, -0.0417778, -0.0197746, 0.0445939, 0.998809, 0.00297849  
107, 8.164, -4.87826, 180.743, 0.991934, -0.124102, 0.0258139, 0.125106, 0.991261, -0.0418289, -0.0203973, 0.044721, 0.998791, 0.00303868  
108, 8.17309, -4.88138, 180.766, 0.991912, -0.124281, 0.0257669, 0.125275, 0.991258, -0.0413909, -0.0203976, 0.0442841, 0.998811, 0.00285672  
109, 8.17682, -4.87072, 180.743, 0.99185, -0.12493, 0.0250122, 0.12589, 0.991179, -0.0414233, -0.0196166, 0.0442345, 0.998829, 0.00291857  
110, 8.17402, -4.88897, 180.742, 0.991891, -0.124478, 0.0256571, 0.12547, 0.991226, -0.0415668, -0.0202578, 0.0444489, 0.998806, 0.00297072  
111, 8.14243, -4.90724, 180.745, 0.991942, -0.123984, 0.0260643, 0.124996, 0.991281, -0.0416781, -0.0206696, 0.0446002, 0.998791, 0.00293744  
112, 8.16048, -4.8883, 180.73, 0.991969, -0.123942, 0.025209, 0.124933, 0.991252, -0.0425538, -0.0197143, 0.0453615, 0.998776, 0.00293022  
113, 8.15032, -4.90155, 180.74, 0.991935, -0.124027, 0.026128, 0.125037, 0.991288, -0.0414044, -0.0207651, 0.0443375, 0.998801, 0.00295158  
114, 8.148, -4.89317, 180.735, 0.991889, -0.12439, 0.0261509, 0.125403, 0.991237, -0.0415055, -0.0207588, 0.0444483, 0.998796, 0.00281012  
115, 8.15962, -4.88152, 180.74, 0.991892, -0.124394, 0.0260027, 0.125398, 0.991242, -0.0414131, -0.0206234, 0.044338, 0.998804, 0.00285672  
116, 8.13688, -4.88363, 180.743, 0.991908, -0.124199, 0.0263383, 0.125206, 0.991289, -0.0408542, -0.0210349, 0.0438213, 0.998818, 0.00315878  
117, 8.15001, -4.85752, 180.745, 0.991887, -0.124543, 0.0254855, 0.125535, 0.991201, -0.0419592, -0.0200355, 0.0448181, 0.998794, 0.00290471  
118, 8.16398, -4.87814, 180.749, 0.991831, -0.124828, 0.0262391, 0.125844, 0.991182, -0.0414873, -0.020829, 0.0444504, 0.998794, 0.00293799  
119, 8.17899, -4.85356, 180.762, 0.991925, -0.124247, 0.0254347, 0.125233, 0.991248, -0.0417635, -0.020023, 0.0446116, 0.998804, 0.00303729  
120, 8.14245, -4.8673, 180.761, 0.991862, -0.124559, 0.0263628, 0.125601, 0.991172, -0.0424588, -0.0208414, 0.0454245, 0.99875, 0.0029538  
121, 8.17377, -4.86374, 180.721, 0.991915, -0.124192, 0.0261034, 0.125206, 0.991255, -0.0416738, -0.0206996, 0.0446052, 0.99879, 0.0030298  
122, 8.18064, -4.84696, 180.737, 0.991897, -0.124427, 0.0256608, 0.125415, 0.991242, -0.0413639, -0.0202893, 0.0442469, 0.998815, 0.00292579  
123, 8.16122, -4.861, 180.744, 0.99181, -0.125061, 0.0259332, 0.126063, 0.991153, -0.0415253, -0.0205105, 0.0444544, 0.998801, 0.00282981  
124, 8.16999, -4.87512, 180.714, 0.991948, -0.124057, 0.0254573, 0.125029, 0.991305, -0.041021, -0.020147, 0.0438736, 0.998834, 0.00298265  
125, 8.17477, -4.84534, 180.72, 0.991982, -0.123835, 0.0252251, 0.124802, 0.991322, -0.0412842, -0.0198938, 0.0441013, 0.998829, 0.00294714  
126, 8.17549, -4.84556, 180.736, 0.991884, -0.12459, 0.0253765, 0.125556, 0.991243, -0.0409087, -0.0200574, 0.0437629, 0.998841, 0.00294798  
127, 8.16732, -4.83953, 180.731, 0.99195, -0.124101, 0.0251994, 0.125069, 0.991283, -0.0414179, -0.0198398, 0.0442362, 0.998824, 0.003394  
128, 8.18435, -4.85033, 180.729, 0.991878, -0.124421, 0.0263989, 0.125441, 0.99124, -0.041315, -0.0210272, 0.0442909, 0.998797, 0.00282565  
129, 8.1663, -4.85914, 180.737, 0.991893, -0.124412, 0.0259015, 0.125389, 0.991288, -0.0403131, -0.0206604, 0.043234, 0.998851, 0.00311745  
130, 8.16714, -4.82055, 180.733, 0.991933, -0.124048, 0.0260807, 0.125034, 0.99133, -0.0403859, -0.0208448, 0.0433211, 0.998844, 0.002971  
131, 8.16885, -4.8315, 180.746, 0.991889, -0.124398, 0.0261076, 0.125388, 0.99128, -0.0405103, -0.0208405, 0.0434553, 0.998838, 0.00294881  
132, 8.16027, -4.82244, 180.731, 0.991853, -0.124617, 0.0264177, 0.125626, 0.991239, -0.0407858, -0.0211036, 0.0437722, 0.998819, 0.00290276  
133, 8.15191, -4.83073, 180.721, 0.99197, -0.12386, 0.0255698, 0.12484, 0.991323, -0.0411519, -0.0202509, 0.0440136, 0.998826, 0.00283924  
134, 8.14053, -4.84122, 180.714, 0.991855, -0.124619, 0.0263294, 0.125625, 0.991238, -0.0408087, -0.0210132, 0.0437839, 0.99882, 0.00306503  
135, 8.14444, -4.84081, 180.737, 0.991894, -0.1242, 0.0268527, 0.125231, 0.991285, -0.040888, -0.0215404, 0.0439194, 0.998803, 0.00295879  
136, 8.14317, -4.83245, 180.734, 0.991872, -0.124472, 0.0263756, 0.125471, 0.991276, -0.0403706, -0.0211205, 0.0433519, 0.998837, 0.00290665  
137, 8.14577, -4.80447, 180.728, 0.991887, -0.124499, 0.0256964, 0.125475, 0.99126, -0.0407344, -0.0204004, 0.0436282, 0.99884, 0.00298875  
138, 8.12874, -4.83529, 180.717, 0.991856, -0.124684, 0.0260019, 0.125669, 0.991246, -0.0404712, -0.0207281, 0.0434092, 0.998842, 0.00282898  
139, 8.14325, -4.82992, 180.713, 0.991853, -0.124632, 0.0263487, 0.125626, 0.991262, -0.0402169, -0.0211061, 0.0431994, 0.998844, 0.00295602  
140, 8.1544, -4.84355, 180.729, 0.991932, -0.123957, 0.0265631, 0.124957, 0.991354, -0.0400349, -0.0213708, 0.0430311, 0.998845, 0.00300817  
141, 8.15752, -4.83737, 180.738, 0.991856, -0.124639, 0.0262076, 0.125627, 0.991263, -0.0401926, -0.020969, 0.0431576, 0.998848, 0.00299679  
142, 8.15889, -4.85227, 180.723, 0.991846, -0.124824, 0.0256992, 0.125786, 0.991249, -0.0400317, -0.0204775, 0.0429379, 0.998868, 0.00301538  
143, 8.17056, -4.84532, 180.731, 0.991929, -0.124232, 0.025359, 0.125215, 0.991249, -0.0417896, -0.0199455, 0.0446277, 0.998805, 0.00286532  
144, 8.16994, -4.83552, 180.739, 0.991876, -0.124737, 0.0249636, 0.125699, 0.991193, -0.041663, -0.0195469, 0.0444624, 0.99882, 0.00297266  
145, 8.18386, -4.83396, 180.74, 0.991847, -0.12499, 0.0248585, 0.125933, 0.991195, -0.040914, -0.0195258, 0.043711, 0.998853, 0.00307335  
146, 8.15328, -4.85875, 180.729, 0.991962, -0.123991, 0.0252354, 0.12496, 0.991301, -0.0413127, -0.0198935, 0.0441341, 0.998828, 0.00297377  
147, 8.1465, -4.85589, 180.757, 0.991897, -0.124433, 0.0256427, 0.125401, 0.991283, -0.0403997, -0.0203921, 0.0432879, 0.998855, 0.00304145  
148, 8.17761, -4.84225, 180.753, 0.991864, -0.124821, 0.0249977, 0.125767, 0.991224, -0.0407208, -0.0196954, 0.0435334, 0.998858, 0.00290471  
149, 8.16729, -4.85293, 180.757, 0.991913, -0.124155, 0.0263592, 0.125179, 0.991262, -0.0416019, -0.0209638, 0.0445651, 0.998787, 0.00291441  
150, 8.15576, -4.86283, 180.738, 0.991887, -0.124525, 0.0255844, 0.125491, 0.991271, -0.0404319, -0.0203263, 0.0433144, 0.998855, 0.00302758  
151, 8.17133, -4.86111, 180.753, 0.991908, -0.124343, 0.0256566, 0.125334, 0.991244, -0.0415637, -0.0202638, 0.044443, 0.998806, 0.00314297  
152, 8.17944, -4.86638, 180.712, 0.991919, -0.124325, 0.0252895, 0.125288, 0.991276, -0.0409319, -0.01998, 0.0437696, 0.998842, 0.00308639  
153, 8.15482, -4.88238, 180.743, 0.991888, -0.124539, 0.0254554, 0.12551, 0.991245, -0.0409988, -0.0201266, 0.0438611, 0.998835, 0.00293855  
154, 8.1677, -4.86006, 180.729, 0.99192, -0.124447, 0.0246569, 0.125396, 0.991234, -0.0416027, -0.0192635, 0.0443584, 0.99883, 0.00301732  
155, 8.14761, -4.91305, 180.742, 0.991913, -0.124228, 0.0259918, 0.125219, 0.991288, -0.0408374, -0.0206922, 0.0437618, 0.998828, 0.00300983  
156, 8.14774, -4.89908, 180.721, 0.991913, -0.124314, 0.0255788, 0.125309, 0.991232, -0.0419092, -0.0201447, 0.0447756, 0.998794, 0.00299679  
157, 8.16481, -4.88131, 180.754, 0.991887, -0.124599, 0.0251857, 0.125576, 0.9912, -0.0418744, -0.0197465, 0.0446974, 0.998805, 0.00309887  
158, 8.16036, -4.88085, 180.743, 0.991865, -0.124653, 0.0258115, 0.125641, 0.991226, -0.0410497, -0.0204681, 0.0439587, 0.998824, 0.00297294  
159, 8.17757, -4.90147, 180.735, 0.991861, -0.124712, 0.0256719, 0.125685, 0.991239, -0.0405983, -0.0203839, 0.0434945, 0.998846, 0.00295158  
160, 8.20345, -4.84875, 180.735, 0.991952, -0.124204, 0.0245679, 0.125138, 0.991289, -0.0410592, -0.0192542, 0.0438031, 0.998855, 0.00301538  
161, 8.1659, -4.88215, 180.733, 0.991914, -0.124379, 0.0252215, 0.125343, 0.991259, -0.041158, -0.0198819, 0.0439866, 0.998834, 0.00291968  
162, 8.1711, -4.90101, 180.748, 0.991898, -0.124504, 0.0252595, 0.125473, 0.991236, -0.0413271, -0.0198927, 0.0441616, 0.998826, 0.00301427  
163, 8.17422, -4.91304, 180.727, 0.991993, -0.123792, 0.0249908, 0.124735, 0.99136, -0.04057, -0.0197527, 0.0433624, 0.998864, 0.00287891  
164, 8.1679, -4.90162, 180.734, 0.991884, -0.124605, 0.0252778, 0.125571, 0.991231, -0.041142, -0.0199296, 0.0439823, 0.998834, 0.00295158  
165, 8.16038, -4.90713, 180.745, 0.991904, -0.124473, 0.0251649, 0.125426, 0.991268, -0.0406886, -0.0198805, 0.0435155, 0.998855, 0.00302842  
166, 8.16657, -4.91484, 180.735, 0.991916, -0.124288, 0.0256094, 0.125286, 0.991233, -0.0419561, -0.0201702, 0.0448255, 0.998791, 0.00300789  
167, 8.1744, -4.90358, 180.759, 0.991918, -0.124381, 0.0250504, 0.125325, 0.991289, -0.0404864, -0.0197964, 0.0432987, 0.998866, 0.00299319  
168, 8.17802, -4.90686, 180.758, 0.991865, -0.124915, 0.024505, 0.12584, 0.991214, -0.040733, -0.0192015, 0.0434854, 0.99887, 0.0028606  
169, 8.1928, -4.90163, 180.765, 0.991889, -0.124584, 0.025197, 0.125551, 0.991224, -0.0413665, -0.0198223, 0.0441945, 0.998826, 0.00292384  
170, 8.19005, -4.89594, 180.752, 0.991873, -0.124761, 0.0249401, 0.125714, 0.991208, -0.0412556, -0.0195737, 0.0440557, 0.998837, 0.00305199  
171, 8.19602, -4.91148, 180.746, 0.991899, -0.124552, 0.0249797, 0.125521, 0.991203, -0.0419585, -0.019534, 0.044754, 0.998807, 0.0029452  
172, 8.1744, -4.91965, 180.738, 0.99192, -0.12429, 0.025429, 0.125266, 0.991265, -0.0412497, -0.02008, 0.0441018, 0.998825, 0.00286254  
173, 8.1924, -4.90278, 180.723, 0.991964, -0.123979, 0.0252318, 0.124951, 0.991295, -0.041502, -0.0198668, 0.0443212, 0.99882, 0.00293078  
174, 8.20307, -4.90564, 180.742, 0.991908, -0.124518, 0.0247695, 0.125474, 0.991219, -0.0417296, -0.0193559, 0.0444998, 0.998822, 0.00301039  
175, 8.18974, -4.8929, 180.758, 0.991889, -0.124708, 0.0245795, 0.125664, 0.991175, -0.0421965, -0.0191003, 0.044943, 0.998807, 0.00294465  
176, 8.18153, -4.8853, 180.742, 0.991927, -0.12433, 0.0249574, 0.125293, 0.991244, -0.0416874, -0.0195559, 0.0444778, 0.998819, 0.00305643  
177, 8.17579, -4.90995, 180.754, 0.991925, -0.124178, 0.0257731, 0.125155, 0.991306, -0.0406068, -0.0205066, 0.0435046, 0.998843, 0.00300317  
178, 8.17377, -4.88454, 180.758, 0.991862, -0.124762, 0.0253967, 0.125738, 0.991202, -0.0413445, -0.020015, 0.0442013, 0.998822, 0.00284951  
179, 8.16966, -4.87994, 180.759, 0.991847, -0.1248, 0.0257637, 0.125784, 0.991212, -0.0409536, -0.0204263, 0.0438604, 0.998829, 0.00291968  
180, 8.1792, -4.89681, 180.743, 0.991997, -0.123751, 0.0250568, 0.124724, 0.991304, -0.0419609, -0.0196462, 0.0447503, 0.998805, 0.00285755  
181, 8.17911, -4.8683, 180.749, 0.991875, -0.124702, 0.0251811, 0.125667, 0.991213, -0.0412812, -0.019812, 0.0441102, 0.99883, 0.00313465  
182, 8.18999, -4.86345, 180.779, 0.991906, -0.124458, 0.0251466, 0.125424, 0.991239, -0.0413982, -0.019774, 0.0442171, 0.998826, 0.00303979  
183, 8.1638, -4.87117, 180.729, 0.991909, -0.124301, 0.025819, 0.125281, 0.991288, -0.0406536, -0.0205408, 0.0435593, 0.99884, 0.00297322  
184, 8.16468, -4.87683, 180.743, 0.99199, -0.123697, 0.0256118, 0.124694, 0.99131, -0.0419044, -0.0202058, 0.0447623, 0.998793, 0.00291968  
185, 8.17258, -4.86162, 180.743, 0.9919, -0.124391, 0.0257114, 0.125374, 0.99126, -0.0410536, -0.02038, 0.0439447, 0.998826, 0.00304201  
186, 8.15983, -4.87344, 180.718, 0.991923, -0.124304, 0.0252344, 0.125278, 0.991248, -0.0416227, -0.0198397, 0.0444478, 0.998815, 0.00292246  
187, 8.18723, -4.85006, 180.722, 0.991891, -0.124558, 0.0252573, 0.125511, 0.991264, -0.0405302, -0.0199883, 0.0433716, 0.998859, 0.00305865  
188, 8.16215, -4.85479, 180.735, 0.991916, -0.124504, 0.0245025, 0.12547, 0.99117, -0.0428894, -0.0189462, 0.045617, 0.998779, 0.0028423  
189, 8.18976, -4.8937, 180.764, 0.991829, -0.125089, 0.0250554, 0.126036, 0.991191, -0.0406801, -0.019746, 0.0435056, 0.998858, 0.00290803  
190, 8.27279, -4.99742, 180.827, 0.991607, -0.126463, 0.026879, 0.127493, 0.990998, -0.040856, -0.0214702, 0.04394, 0.998803, 0.00296101  
191, 8.10563, -4.87182, 180.814, 0.991882, -0.124421, 0.0262556, 0.125475, 0.991154, -0.043242, -0.0206431, 0.0461854, 0.99872, 0.00309277  
192, 8.14925, -4.87557, 180.831, 0.992141, -0.12271, 0.0244853, 0.123721, 0.991284, -0.0452645, -0.0187175, 0.0479381, 0.998675, 0.00308056  
193, 8.09625, -4.81314, 180.753, 0.991805, -0.124826, 0.02721, 0.125985, 0.99096, -0.0461084, -0.0212085, 0.0491586, 0.998566, 0.00285006  
194, 8.06429, -4.79651, 180.735, 0.991733, -0.124988, 0.0290429, 0.126228, 0.990946, -0.0457335, -0.0230638, 0.0490214, 0.998531, 0.00300401  
195, 8.05479, -4.79574, 180.749, 0.991818, -0.124664, 0.0274966, 0.12587, 0.990901, -0.0476542, -0.0213056, 0.0507253, 0.998485, 0.00294548  
196, 8.04955, -4.79579, 180.723, 0.991701, -0.12521, 0.0291793, 0.126454, 0.990923, -0.0456099, -0.0232036, 0.0489212, 0.998533, 0.00295768  
197, 8.07769, -4.79493, 180.72, 0.99174, -0.12513, 0.0281732, 0.126335, 0.990918, -0.046054, -0.0221546, 0.0492329, 0.998542, 0.00312966  
198, 8.04554, -4.83364, 180.745, 0.991789, -0.124601, 0.0287806, 0.125815, 0.991027, -0.0451194, -0.0229005, 0.04837, 0.998567, 0.0028398  
199, 8.03944, -4.77382, 180.732, 0.991771, -0.124853, 0.0283163, 0.126068, 0.990945, -0.0462023, -0.0222914, 0.0493918, 0.998531, 0.0028434  
200, 8.05634, -4.8035, 180.726, 0.991751, -0.124727, 0.0295436, 0.126017, 0.990924, -0.046783, -0.0234404, 0.0501201, 0.998468, 0.00293799  
201, 8.05661, -4.80375, 180.734, 0.991667, -0.12548, 0.0291779, 0.126727, 0.990883, -0.0457354, -0.023173, 0.0490519, 0.998527, 0.00300623  
202, 8.0439, -4.76893, 180.746, 0.991717, -0.124993, 0.0295655, 0.126264, 0.990932, -0.0459372, -0.0235555, 0.0492898, 0.998507, 0.00292079  
203, 8.04913, -4.80952, 180.778, 0.991764, -0.124946, 0.0281486, 0.126153, 0.990934, -0.0462124, -0.0221193, 0.0493828, 0.998535, 0.00284923  
204, 8.03937, -4.80516, 180.733, 0.991663, -0.125328, 0.0299691, 0.126625, 0.990873, -0.0462349, -0.023901, 0.0496443, 0.998481, 0.00295963  
205, 8.03756, -4.80552, 180.729, 0.991709, -0.125195, 0.0289845, 0.126448, 0.990887, -0.0464034, -0.0229109, 0.0496837, 0.998502, 0.00311413  
206, 8.05477, -4.80886, 180.731, 0.991795, -0.124598, 0.028585, 0.125823, 0.990985, -0.0460153, -0.0225939, 0.0492344, 0.998532, 0.00298126  
207, 8.08017, -4.78687, 180.72, 0.991773, -0.124907, 0.0280256, 0.126088, 0.990984, -0.0452998, -0.0221147, 0.0484608, 0.99858, 0.00289666  
208, 8.05398, -4.81736, 180.731, 0.991714, -0.125047, 0.0294436, 0.126301, 0.990949, -0.0454874, -0.023489, 0.0488292, 0.998531, 0.00285589  
209, 8.04237, -4.81396, 180.744, 0.991755, -0.124921, 0.0285905, 0.126136, 0.990963, -0.045624, -0.0226328, 0.0488541, 0.998549, 0.00284757  
210, 8.08092, -4.83348, 180.761, 0.991906, -0.12396, 0.0275038, 0.125136, 0.991064, -0.0461912, -0.0215321, 0.0492591, 0.998554, 0.00294631  
211, 8.06597, -4.81806, 180.728, 0.991793, -0.124505, 0.0290686, 0.125754, 0.990992, -0.0460522, -0.023073, 0.0493297, 0.998516, 0.00284424  
212, 8.05771, -4.83064, 180.754, 0.991714, -0.125148, 0.0290003, 0.126401, 0.990894, -0.0463848, -0.0229313, 0.0496661, 0.998503, 0.00292801  
213, 8.08089, -4.79094, 180.733, 0.991847, -0.124255, 0.0283051, 0.12548, 0.990998, -0.0466652, -0.0222519, 0.0498365, 0.998509, 0.00284812  
214, 8.07649, -4.85075, 180.757, 0.991794, -0.12462, 0.028553, 0.125846, 0.990975, -0.0461671, -0.0225419, 0.0493815, 0.998526, 0.0028667  
215, 8.04723, -4.84201, 180.756, 0.991797, -0.124634, 0.0283594, 0.125869, 0.990935, -0.0469637, -0.022249, 0.0501481, 0.998494, 0.00285422  
216, 8.0653, -4.81658, 180.766, 0.991768, -0.124916, 0.0281511, 0.126119, 0.990947, -0.0460227, -0.0221473, 0.0491942, 0.998544, 0.00279736  
217, 8.17304, -4.85042, 180.688, 0.992012, -0.123349, 0.0263908, 0.124428, 0.991246, -0.0441541, -0.0207134, 0.0470852, 0.998676, 0.00294132  
218, 8.13187, -4.81264, 180.679, 0.991724, -0.125541, 0.0268829, 0.126611, 0.991032, -0.0427206, -0.0212786, 0.0457708, 0.998725, 0.00285034  
219, 8.11838, -4.82329, 180.671, 0.991754, -0.125033, 0.0281309, 0.126158, 0.991096, -0.0425685, -0.022558, 0.0457664, 0.998697, 0.00287669  
220, 8.11339, -4.83826, 180.67, 0.991759, -0.12508, 0.027718, 0.126209, 0.991044, -0.0436276, -0.0220128, 0.0467663, 0.998663, 0.00296323  
221, 8.09824, -4.81139, 180.652, 0.991711, -0.125411, 0.0279553, 0.126538, 0.991027, -0.043062, -0.022304, 0.0462425, 0.998681, 0.00291497  
222, 8.14624, -4.86263, 180.714, 0.99186, -0.12456, 0.0264262, 0.125595, 0.991192, -0.0420003, -0.0209619, 0.0449774, 0.998768, 0.00300317  
223, 8.16521, -4.86417, 180.748, 0.991935, -0.124168, 0.0254332, 0.125138, 0.991292, -0.0410034, -0.0201204, 0.0438554, 0.998835, 0.00284313  
224, 8.18314, -4.88315, 180.743, 0.991878, -0.124612, 0.0254978, 0.125602, 0.991199, -0.0418164, -0.0200626, 0.0446793, 0.9988, 0.00286421  
225, 8.17869, -4.88088, 180.752, 0.991909, -0.12431, 0.0257602, 0.125313, 0.991233, -0.041885, -0.0203277, 0.0447742, 0.99879, 0.00305976  
226, 8.17443, -4.87956, 180.754, 0.991846, -0.124893, 0.0253638, 0.125865, 0.99119, -0.0412403, -0.0199897, 0.0440965, 0.998827, 0.00297322  
227, 8.16664, -4.88722, 180.746, 0.991813, -0.125014, 0.0260581, 0.126011, 0.991181, -0.0410008, -0.0207026, 0.0439488, 0.998819, 0.0030115  
228, 8.17629, -4.86384, 180.743, 0.991906, -0.124429, 0.0253053, 0.125404, 0.991238, -0.041482, -0.019922, 0.0443196, 0.998819, 0.00286143  
229, 8.16887, -4.87184, 180.735, 0.991931, -0.124107, 0.0259009, 0.125102, 0.991289, -0.0411828, -0.0205642, 0.0440908, 0.998816, 0.00291608  
230, 8.18042, -4.89221, 180.749, 0.991911, -0.124372, 0.0253953, 0.125361, 0.991222, -0.0420026, -0.0199484, 0.0448464, 0.998795, 0.00306614  
231, 8.16273, -4.89714, 180.743, 0.991898, -0.124334, 0.0260777, 0.125346, 0.991239, -0.0416258, -0.0206737, 0.0445572, 0.998793, 0.00294326  
232, 8.15442, -4.89271, 180.744, 0.991854, -0.12457, 0.0265984, 0.125588, 0.991241, -0.040858, -0.0212758, 0.0438656, 0.998811, 0.00299763  
233, 8.15774, -4.86256, 180.719, 0.991902, -0.124442, 0.0253863, 0.12542, 0.991236, -0.0414738, -0.0200027, 0.0443219, 0.998817, 0.00293688  
234, 8.14917, -4.87189, 180.742, 0.991943, -0.124102, 0.0254493, 0.125085, 0.991275, -0.0415629, -0.0200692, 0.0444113, 0.998812, 0.00297239  
235, 8.16551, -4.87342, 180.723, 0.991937, -0.124011, 0.02611, 0.12502, 0.99129, -0.0413995, -0.0207486, 0.04433, 0.998801, 0.00304228  
236, 8.15525, -4.85915, 180.763, 0.991895, -0.124438, 0.0256899, 0.125436, 0.99122, -0.0418115, -0.0202614, 0.044695, 0.998795, 0.00304339  
237, 8.14276, -4.84952, 180.75, 0.991891, -0.124532, 0.0253918, 0.125506, 0.991235, -0.0412575, -0.0200314, 0.0441097, 0.998826, 0.00298958  
238, 8.14601, -4.8609, 180.735, 0.99191, -0.124235, 0.0260914, 0.125237, 0.991274, -0.041127, -0.0207543, 0.0440619, 0.998813, 0.00293938  
239, 8.16023, -4.84984, 180.748, 0.991915, -0.124159, 0.0262375, 0.125176, 0.991265, -0.0415342, -0.0208514, 0.0444827, 0.998793, 0.00291857  
240, 8.17206, -4.84143, 180.732, 0.991901, -0.124503, 0.0251468, 0.125476, 0.991218, -0.0417567, -0.0197271, 0.0445738, 0.998811, 0.00304894  
241, 8.16744, -4.84205, 180.726, 0.991873, -0.124547, 0.0260026, 0.125545, 0.991234, -0.0411602, -0.0206483, 0.0440902, 0.998814, 0.00290082  
242, 8.16765, -4.80875, 180.713, 0.991891, -0.124505, 0.0255214, 0.125493, 0.991219, -0.0416735, -0.0201088, 0.0445383, 0.998805, 0.00300456  
243, 8.16645, -4.84054, 180.737, 0.991849, -0.124839, 0.0255074, 0.125823, 0.991185, -0.0414894, -0.0201031, 0.0443607, 0.998813, 0.00292052  
244, 8.17464, -4.8194, 180.749, 0.991753, -0.12547, 0.0261294, 0.126459, 0.991148, -0.0404191, -0.0208268, 0.0433901, 0.998841, 0.00296739  
245, 8.18042, -4.82934, 180.764, 0.99185, -0.12468, 0.0262413, 0.12569, 0.991213, -0.0412172, -0.0208718, 0.0441796, 0.998806, 0.00291691  
246, 8.17134, -4.81187, 180.747, 0.991845, -0.124787, 0.0259081, 0.12576, 0.991249, -0.0401219, -0.0206747, 0.0430529, 0.998859, 0.00314575  
247, 8.17869, -4.82105, 180.75, 0.991797, -0.125149, 0.0260101, 0.126155, 0.991142, -0.0415055, -0.0205853, 0.0444463, 0.9988, 0.00297211  
248, 8.18592, -4.80552, 180.755, 0.99184, -0.124868, 0.0257103, 0.125844, 0.991216, -0.0406701, -0.020406, 0.0435737, 0.998842, 0.00289056  
249, 8.18664, -4.79369, 180.747, 0.991785, -0.125283, 0.0258366, 0.126264, 0.991164, -0.0406482, -0.0205157, 0.0435765, 0.998839, 0.00298958  
250, 8.16872, -4.78827, 180.739, 0.991829, -0.124919, 0.0259123, 0.125901, 0.991214, -0.0405543, -0.0206187, 0.0434853, 0.998841, 0.0030237  
251, 8.20019, -4.79758, 180.752, 0.991842, -0.124854, 0.0256972, 0.12584, 0.991196, -0.041178, -0.0203297, 0.0440758, 0.998821, 0.00290776  
252, 8.18905, -4.78117, 180.732, 0.991854, -0.124643, 0.0262514, 0.125657, 0.991211, -0.0413646, -0.0208649, 0.0443264, 0.998799, 0.00295713  
253, 8.17458, -4.78307, 180.749, 0.991809, -0.125026, 0.0261508, 0.126015, 0.991205, -0.0403953, -0.0208703, 0.0433598, 0.998842, 0.00287281  
254, 8.17296, -4.77882, 180.751, 0.991827, -0.124907, 0.0260287, 0.125908, 0.991185, -0.0412156, -0.0206511, 0.0441559, 0.998811, 0.00294631  
255, 8.19007, -4.77778, 180.742, 0.991844, -0.124667, 0.0265129, 0.125653, 0.991287, -0.0395217, -0.0213549, 0.0425308, 0.998867, 0.00303923  
256, 8.16589, -4.79075, 180.733, 0.991831, -0.124881, 0.0259907, 0.125869, 0.991212, -0.0406822, -0.0206819, 0.0436213, 0.998834, 0.00295685  
257, 8.09842, -4.73365, 180.736, 0.991752, -0.125426, 0.0263994, 0.126435, 0.991134, -0.0408264, -0.0210447, 0.0438274, 0.998817, 0.00300844  
258, 8.04404, -4.76569, 180.702, 0.991692, -0.125572, 0.0279104, 0.126591, 0.991211, -0.0383995, -0.0228433, 0.0416137, 0.998873, 0.00282343  
259, 8.00857, -4.73741, 180.683, 0.99192, -0.123758, 0.0278963, 0.124806, 0.991389, -0.0396316, -0.0227514, 0.042793, 0.998825, 0.00284646  
260, 8.03816, -4.71744, 180.661, 0.991742, -0.125049, 0.0284521, 0.126124, 0.991218, -0.0397553, -0.0232309, 0.0430155, 0.998804, 0.0028373  
261, 8.04902, -4.75026, 180.658, 0.991723, -0.125076, 0.0289932, 0.126206, 0.991152, -0.0411151, -0.0235942, 0.0444339, 0.998734, 0.00302953  
262, 8.02479, -4.75381, 180.673, 0.99178, -0.124408, 0.0299157, 0.125564, 0.991259, -0.0404979, -0.0246159, 0.0439214, 0.998732, 0.00291469  
263, 8.0444, -4.73477, 180.655, 0.991794, -0.124671, 0.028331, 0.125773, 0.991204, -0.041177, -0.0229482, 0.0444024, 0.99875, 0.00286892  
264, 8.04854, -4.73325, 180.676, 0.991767, -0.124758, 0.0288575, 0.12587, 0.991216, -0.040591, -0.0235399, 0.0438891, 0.998759, 0.00298487  
265, 8.0507, -4.72886, 180.638, 0.991882, -0.123753, 0.0292366, 0.124875, 0.991353, -0.0403213, -0.0239939, 0.0436449, 0.998759, 0.00296323  
266, 8.0377, -4.73113, 180.664, 0.99177, -0.124799, 0.0286026, 0.125887, 0.991235, -0.0400641, -0.023352, 0.0433351, 0.998788, 0.00295463  
267, 8.05533, -4.74099, 180.666, 0.991807, -0.124394, 0.0290757, 0.125516, 0.99126, -0.0406025, -0.0237709, 0.0439193, 0.998752, 0.00293716  
268, 8.03164, -4.76403, 180.649, 0.991748, -0.124714, 0.0297162, 0.125836, 0.991266, -0.0394641, -0.0245349, 0.0428777, 0.998779, 0.00284701  
269, 8.06608, -4.7492, 180.641, 0.991736, -0.12477, 0.0298808, 0.125929, 0.991204, -0.040704, -0.0245393, 0.0441305, 0.998724, 0.00299929  
270, 8.05682, -4.74304, 180.662, 0.9918, -0.124616, 0.0283623, 0.125716, 0.991216, -0.0410526, -0.0229974, 0.0442815, 0.998754, 0.00297377  
271, 8.05375, -4.75063, 180.653, 0.991816, -0.124563, 0.0280027, 0.125651, 0.991219, -0.0411974, -0.0226251, 0.0443788, 0.998759, 0.00303369  
272, 8.06912, -4.75858, 180.636, 0.991831, -0.12431, 0.0286161, 0.125407, 0.991281, -0.0404318, -0.0233405, 0.0436902, 0.998772, 0.00292579  
273, 8.044, -4.79614, 180.659, 0.991796, -0.124613, 0.0285152, 0.125709, 0.991238, -0.0405552, -0.0232117, 0.0438071, 0.99877, 0.00284757  
274, 8.03334, -4.8421, 180.652, 0.991854, -0.123926, 0.0294655, 0.125065, 0.991318, -0.0405832, -0.0241804, 0.0439377, 0.998742, 0.00302786  
275, 8.0904, -4.89057, 180.66, 0.992007, -0.122801, 0.0290168, 0.123909, 0.991483, -0.0401068, -0.0238445, 0.0433817, 0.998774, 0.00306115  
276, 8.19565, -4.7977, 180.628, 0.992487, -0.118997, 0.0284571, 0.120151, 0.991823, -0.0430188, -0.0231053, 0.0461147, 0.998669, 0.00290609  
277, 8.20012, -4.87013, 180.707, 0.991791, -0.124933, 0.0272293, 0.126018, 0.991111, -0.0426413, -0.0216599, 0.0457227, 0.998719, 0.00297544  
278, 8.17877, -4.85096, 180.763, 0.991813, -0.125198, 0.0251333, 0.126157, 0.991157, -0.0411284, -0.0197618, 0.0439625, 0.998838, 0.00284923  
279, 8.17089, -4.88179, 180.731, 0.991925, -0.124183, 0.0257645, 0.125163, 0.991298, -0.0407795, -0.0204762, 0.043675, 0.998836, 0.00303923  
280, 8.17896, -4.86188, 180.736, 0.991822, -0.124946, 0.026023, 0.125929, 0.991218, -0.0403584, -0.0207518, 0.0433054, 0.998846, 0.00306198  
281, 8.18176, -4.87664, 180.753, 0.99188, -0.124644, 0.0252719, 0.125612, 0.991223, -0.041204, -0.0199142, 0.0440439, 0.998831, 0.0029735  
282, 8.19473, -4.8834, 180.738, 0.991899, -0.124345, 0.0259615, 0.125336, 0.991273, -0.0408595, -0.0206543, 0.0437825, 0.998828, 0.00292884  
