0, 0, 0, 0, 0, 0, 0, 0, 0, 0, 0, 0, 0, 0.00621105  
1, -3.8454, -7.58215, 180.649, 0.994974, -0.0979594, 0.0207539, 0.0983423, 0.994984, -0.0183066, -0.0188565, 0.0202555, 0.999617, 0.00267032  
2, -3.84981, -7.58733, 180.655, 0.99494, -0.0983418, 0.0205785, 0.0987256, 0.994942, -0.0185503, -0.0186501, 0.020488, 0.999616, 0.00298237  
3, -3.83888, -7.58178, 180.682, 0.994903, -0.0985001, 0.0215978, 0.0988722, 0.994957, -0.0168932, -0.0198249, 0.0189426, 0.999624, 0.00289888  
4, -3.80449, -7.55707, 180.648, 0.995007, -0.0978144, 0.0198148, 0.0981953, 0.994981, -0.0192618, -0.0178313, 0.0211113, 0.999618, 0.00283314  
5, -3.82888, -7.58257, 180.695, 0.99493, -0.098526, 0.0201837, 0.0989002, 0.994926, -0.0184646, -0.018262, 0.0203672, 0.999626, 0.00280873  
6, -3.82418, -7.56698, 180.674, 0.994981, -0.0977657, 0.0213353, 0.0981482, 0.995015, -0.017686, -0.0194998, 0.0196912, 0.999616, 0.00280291  
7, -3.81868, -7.56859, 180.652, 0.995002, -0.0977257, 0.0205259, 0.0981089, 0.995002, -0.018573, -0.0186083, 0.0204939, 0.999617, 0.0029416  
8, -3.80852, -7.57764, 180.651, 0.994947, -0.0983429, 0.0202145, 0.0987217, 0.99494, -0.0186813, -0.0182751, 0.0205825, 0.999621, 0.00287558  
9, -3.81939, -7.56033, 180.671, 0.994973, -0.0978053, 0.0214917, 0.098171, 0.99503, -0.0166752, -0.019754, 0.0187013, 0.99963, 0.00280013  
10, -3.8322, -7.57792, 180.688, 0.994889, -0.0986557, 0.0214946, 0.09902, 0.994947, -0.0165991, -0.0197484, 0.0186427, 0.999631, 0.0028165  
11, -3.8497, -7.58475, 180.654, 0.994973, -0.0981598, 0.019848, 0.098531, 0.994959, -0.0186791, -0.0179144, 0.0205408, 0.999629, 0.00291441  
12, -3.84101, -7.57245, 180.657, 0.994962, -0.09804, 0.0209571, 0.0984044, 0.994999, -0.0171299, -0.0191729, 0.0191058, 0.999634, 0.00292135  
13, -3.86346, -7.58283, 180.641, 0.994963, -0.0980391, 0.0209085, 0.098417, 0.994985, -0.0178816, -0.0190505, 0.0198493, 0.999621, 0.00288557  
14, -3.85324, -7.57995, 180.671, 0.994991, -0.0978326, 0.0205141, 0.0981948, 0.995014, -0.017456, -0.0187041, 0.0193829, 0.999637, 0.00281151  
15, -3.84106, -7.57348, 180.665, 0.994972, -0.0979675, 0.0207922, 0.0983465, 0.994988, -0.0180618, -0.0189185, 0.0200159, 0.999621, 0.00278266  
16, -3.83345, -7.58766, 180.662, 0.994986, -0.0975986, 0.0218556, 0.0979601, 0.99506, -0.0161267, -0.0201737, 0.0181868, 0.999631, 0.00287059  
17, -3.846, -7.58183, 180.658, 0.994978, -0.0978084, 0.0212754, 0.0982002, 0.995, -0.0182257, -0.0193864, 0.0202234, 0.999608, 0.00294742  
18, -3.85797, -7.5774, 180.632, 0.994957, -0.0981656, 0.0205824, 0.0985367, 0.994973, -0.0178644, -0.0187252, 0.0198024, 0.999629, 0.00288279  
19, -3.83617, -7.59132, 180.675, 0.994902, -0.0984306, 0.0219442, 0.0987991, 0.994972, -0.0163911, -0.0202204, 0.0184756, 0.999625, 0.00283508  
20, -3.82349, -7.56619, 180.676, 0.994942, -0.0982227, 0.0210334, 0.0985832, 0.994986, -0.0168492, -0.019273, 0.0188375, 0.999637, 0.00280596  
21, -3.83434, -7.57419, 180.637, 0.994948, -0.0981837, 0.0209247, 0.0985634, 0.994969, -0.017958, -0.0190562, 0.0199297, 0.99962, 0.00296046  
22, -3.83565, -7.57717, 180.646, 0.994988, -0.0978089, 0.0208153, 0.0981935, 0.994998, -0.0183334, -0.018918, 0.0202854, 0.999615, 0.0029452  
23, -3.83203, -7.56911, 180.642, 0.994971, -0.0981254, 0.0201096, 0.0984935, 0.994971, -0.0182142, -0.0182212, 0.0201032, 0.999632, 0.00282094  
24, -3.83448, -7.57589, 180.672, 0.99495, -0.0980707, 0.0213778, 0.0984444, 0.994994, -0.0171897, -0.019585, 0.0192074, 0.999624, 0.00280318  
25, -3.83358, -7.58441, 180.643, 0.994994, -0.0978398, 0.020369, 0.0982229, 0.994988, -0.0187432, -0.018433, 0.0206501, 0.999617, 0.00279459  
26, -3.85718, -7.58782, 180.659, 0.994965, -0.0980589, 0.0207125, 0.0984288, 0.994987, -0.0176659, -0.0188764, 0.0196157, 0.999629, 0.00288224  
27, -3.84907, -7.60789, 180.647, 0.994986, -0.0978007, 0.0209089, 0.0981922, 0.994994, -0.018598, -0.0189853, 0.0205579, 0.999608, 0.00288002  
28, -3.84479, -7.61705, 180.663, 0.994981, -0.0979752, 0.0203469, 0.0983483, 0.994985, -0.018226, -0.0184592, 0.0201356, 0.999627, 0.00287919  
29, -3.81347, -7.56873, 180.655, 0.994931, -0.0985228, 0.020125, 0.0988811, 0.994943, -0.0176567, -0.0182836, 0.0195572, 0.999642, 0.00282621  
30, -3.83896, -7.60332, 180.644, 0.99494, -0.0983957, 0.0203322, 0.0987828, 0.994928, -0.0190056, -0.018359, 0.0209179, 0.999613, 0.0028018  
31, -3.86102, -7.60075, 180.66, 0.994993, -0.0977879, 0.0206519, 0.0981514, 0.99502, -0.0173856, -0.018849, 0.0193256, 0.999636, 0.00300428  
32, -3.81494, -7.58808, 180.66, 0.99499, -0.0977771, 0.0208584, 0.0981371, 0.995028, -0.0169949, -0.0190929, 0.0189568, 0.999638, 0.00293577  
33, -3.81798, -7.61152, 180.642, 0.994967, -0.09805, 0.0206823, 0.0984202, 0.994987, -0.0177083, -0.0188423, 0.0196547, 0.999629, 0.00287974  
34, -3.85551, -7.59418, 180.65, 0.994976, -0.0980297, 0.0203169, 0.0983996, 0.994983, -0.0180849, -0.0184421, 0.0199932, 0.99963, 0.00283314  
35, -3.85536, -7.60188, 180.665, 0.994996, -0.0978334, 0.0203045, 0.0982093, 0.994995, -0.0184187, -0.0184009, 0.0203206, 0.999624, 0.00279847  
36, -3.83623, -7.59708, 180.644, 0.995004, -0.0978595, 0.0197747, 0.0982431, 0.994972, -0.0194547, -0.0177715, 0.0213002, 0.999615, 0.0029133  
37, -3.82405, -7.61699, 180.678, 0.994911, -0.0984222, 0.0215905, 0.0988034, 0.994956, -0.0173609, -0.0197729, 0.0194058, 0.999616, 0.00295297  
38, -3.83697, -7.6113, 180.646, 0.994979, -0.0980001, 0.0203403, 0.0983934, 0.99496, -0.0193256, -0.0183438, 0.0212299, 0.999606, 0.00294021  
39, -3.81133, -7.59491, 180.644, 0.994952, -0.09834, 0.0200153, 0.0987106, 0.994945, -0.0184551, -0.0180993, 0.0203376, 0.999629, 0.00281345  
40, -3.82045, -7.63089, 180.629, 0.994991, -0.097615, 0.0215483, 0.097979, 0.995051, -0.016536, -0.0198275, 0.0185644, 0.999631, 0.00280679  
41, -3.79937, -7.62941, 180.652, 0.994917, -0.0981545, 0.0224703, 0.0985382, 0.994994, -0.0166577, -0.0207228, 0.0187873, 0.999609, 0.00298182  
42, -3.81303, -7.59929, 180.662, 0.994911, -0.0985443, 0.021022, 0.0989244, 0.994934, -0.017877, -0.0191538, 0.0198656, 0.999619, 0.00290609  
43, -3.80746, -7.62636, 180.633, 0.99493, -0.0984257, 0.0206561, 0.0988027, 0.994942, -0.0180986, -0.0187702, 0.0200478, 0.999623, 0.00290914  
44, -3.80723, -7.60073, 180.636, 0.995003, -0.0974863, 0.0215845, 0.0978414, 0.995073, -0.0160529, -0.0199132, 0.0180845, 0.999638, 0.00287225  
45, -3.811, -7.62601, 180.668, 0.994964, -0.098022, 0.020945, 0.098408, 0.994978, -0.0182684, -0.0190491, 0.0202376, 0.999614, 0.0028484  
46, -3.83015, -7.62528, 180.653, 0.994949, -0.0981699, 0.0209519, 0.0985307, 0.99499, -0.0169434, -0.0191836, 0.0189223, 0.999637, 0.00281678  
47, -3.84874, -7.64712, 180.649, 0.994965, -0.0979532, 0.0212307, 0.0983615, 0.994967, -0.0191243, -0.0192506, 0.0211162, 0.999592, 0.00297072  
48, -3.83355, -7.63912, 180.652, 0.994914, -0.0985231, 0.0209813, 0.0988968, 0.994942, -0.0175863, -0.0191425, 0.0195719, 0.999625, 0.00292412  
49, -3.8147, -7.61288, 180.68, 0.994948, -0.0980856, 0.0213834, 0.098437, 0.995014, -0.0160489, -0.0197027, 0.0180728, 0.999643, 0.00282454  
50, -3.80436, -7.61646, 180.664, 0.99492, -0.0985442, 0.0205664, 0.0989261, 0.994924, -0.0184555, -0.0186433, 0.0203963, 0.999618, 0.00281594  
51, -3.80898, -7.61381, 180.664, 0.994892, -0.0989271, 0.0200814, 0.0992964, 0.994889, -0.0183082, -0.0181676, 0.0202087, 0.999631, 0.00292135  
52, -3.83246, -7.64311, 180.681, 0.994932, -0.0983493, 0.0209084, 0.0987354, 0.994945, -0.0183144, -0.0190015, 0.020286, 0.999614, 0.00291913  
53, -3.8326, -7.65415, 180.67, 0.994955, -0.0982852, 0.020117, 0.0986628, 0.994945, -0.0187294, -0.0181744, 0.0206198, 0.999622, 0.0029036  
54, -3.82535, -7.63174, 180.668, 0.994971, -0.0981294, 0.0201057, 0.0985283, 0.994935, -0.0199164, -0.0180495, 0.0217972, 0.999599, 0.00286254  
55, -3.81156, -7.62016, 180.661, 0.994984, -0.0978341, 0.02085, 0.0982165, 0.994999, -0.0181799, -0.0189671, 0.0201366, 0.999617, 0.00289028  
56, -3.80278, -7.58422, 180.675, 0.994892, -0.0987402, 0.020979, 0.0990894, 0.994945, -0.0163105, -0.0192624, 0.018306, 0.999647, 0.00296684  
57, -3.82439, -7.6183, 180.664, 0.994919, -0.0982477, 0.0219867, 0.0986207, 0.994987, -0.0165735, -0.0202482, 0.0186576, 0.999621, 0.00300096  
58, -3.81688, -7.61417, 180.664, 0.994936, -0.0982573, 0.0211819, 0.0986356, 0.994968, -0.0176211, -0.0193439, 0.0196211, 0.99962, 0.00302093  
59, -3.82901, -7.59809, 180.673, 0.994903, -0.0988196, 0.0200524, 0.0991846, 0.994904, -0.0181049, -0.0181611, 0.0200015, 0.999635, 0.00287697  
60, -3.82368, -7.58913, 180.692, 0.994959, -0.0980732, 0.0209282, 0.0984242, 0.995008, -0.016458, -0.0192097, 0.0184348, 0.999646, 0.00284285  
61, -3.81784, -7.58449, 180.691, 0.994918, -0.0984634, 0.0210411, 0.0988254, 0.994961, -0.0169207, -0.019269, 0.0189141, 0.999635, 0.0029943  
62, -3.83232, -7.60518, 180.656, 0.994956, -0.0979449, 0.0216574, 0.0983124, 0.995017, -0.0166114, -0.0199224, 0.0186568, 0.999627, 0.00287724  
63, -3.8037, -7.56381, 180.66, 0.994899, -0.098949, 0.0196166, 0.0993105, 0.994886, -0.0183965, -0.017696, 0.0202508, 0.999638, 0.00295907  
64, -3.83462, -7.60066, 180.634, 0.994991, -0.0978013, 0.0206871, 0.0981859, 0.994997, -0.0184732, -0.0187769, 0.0204119, 0.999615, 0.00310248  
65, -3.81537, -7.58785, 180.647, 0.99496, -0.0979186, 0.0215992, 0.0982932, 0.995012, -0.0170189, -0.019825, 0.0190562, 0.999622, 0.00289722  
66, -3.7829, -7.5879, 180.687, 0.994859, -0.0990258, 0.0212083, 0.099376, 0.994919, -0.0161461, -0.0195016, 0.0181707, 0.999645, 0.00289777  
67, -3.80766, -7.57401, 180.676, 0.994945, -0.0980936, 0.0214741, 0.0984475, 0.995012, -0.0160938, -0.0197883, 0.0181266, 0.99964, 0.00300096  
68, -3.84341, -7.59478, 180.682, 0.994936, -0.0982088, 0.0214013, 0.0985593, 0.995003, -0.0159826, -0.0197248, 0.0180109, 0.999643, 0.00286781  
69, -3.82901, -7.60558, 180.666, 0.994946, -0.0980345, 0.0217073, 0.0984127, 0.994999, -0.0170935, -0.019923, 0.0191434, 0.999618, 0.00289611  
70, -3.81416, -7.58681, 180.692, 0.994864, -0.0989619, 0.0212777, 0.0993177, 0.994921, -0.0163706, -0.0195495, 0.0183998, 0.99964, 0.00284867  
71, -3.82584, -7.59567, 180.641, 0.994965, -0.0980448, 0.020787, 0.0984056, 0.994999, -0.0171106, -0.0190055, 0.01907, 0.999637, 0.00290221  
72, -3.85253, -7.60841, 180.655, 0.995007, -0.0974802, 0.0214093, 0.0978813, 0.995025, -0.0185632, -0.0194933, 0.0205661, 0.999598, 0.00300761  
73, -3.83227, -7.59817, 180.665, 0.994953, -0.0979622, 0.0217128, 0.0983318, 0.995014, -0.0166593, -0.0199726, 0.0187103, 0.999625, 0.00293328  
74, -3.82692, -7.58468, 180.63, 0.994974, -0.0980954, 0.0200801, 0.098446, 0.994992, -0.0172809, -0.0182844, 0.0191708, 0.999649, 0.00285838  
75, -3.8261, -7.57373, 180.649, 0.994904, -0.0988323, 0.0199536, 0.0992156, 0.99488, -0.0192288, -0.017951, 0.0211105, 0.999616, 0.00280679  
76, -3.83448, -7.58147, 180.645, 0.994972, -0.0980722, 0.0203071, 0.0984481, 0.994972, -0.0184202, -0.0183984, 0.0203268, 0.999624, 0.00291608  
77, -3.81995, -7.57478, 180.641, 0.994969, -0.0981534, 0.0200664, 0.0985197, 0.994969, -0.0181597, -0.018183, 0.0200452, 0.999634, 0.00312938  
78, -3.81815, -7.56979, 180.661, 0.994914, -0.0985304, 0.020919, 0.0988879, 0.994957, -0.0168023, -0.0191579, 0.0187854, 0.99964, 0.00283314  
79, -3.83118, -7.57794, 180.641, 0.994909, -0.0986472, 0.0205961, 0.0990189, 0.994925, -0.0178786, -0.0187279, 0.019827, 0.999628, 0.00292579  
80, -3.83333, -7.5952, 180.64, 0.994961, -0.0980984, 0.0207433, 0.0984654, 0.994987, -0.0174788, -0.0189246, 0.0194332, 0.999632, 0.00272191  
81, -3.85858, -7.60086, 180.625, 0.994988, -0.0979236, 0.0202364, 0.0982866, 0.994999, -0.0177965, -0.0183925, 0.0196963, 0.999637, 0.00296268  
82, -3.85107, -7.58549, 180.663, 0.994961, -0.0981669, 0.0203961, 0.0985304, 0.994977, -0.0176513, -0.0185609, 0.019572, 0.999636, 0.00377956  
83, -3.84989, -7.59622, 180.641, 0.994947, -0.0983152, 0.0203561, 0.0986814, 0.994959, -0.0178387, -0.0184996, 0.0197573, 0.999634, 0.00289416  
84, -3.846, -7.56915, 180.637, 0.994934, -0.0983971, 0.0205858, 0.0987638, 0.994955, -0.017628, -0.0187474, 0.0195718, 0.999633, 0.00280818  
85, -3.84888, -7.57954, 180.667, 0.995003, -0.0974469, 0.0217704, 0.0978034, 0.995078, -0.0159585, -0.0201082, 0.018008, 0.999636, 0.00277989  
86, -3.86152, -7.57264, 180.645, 0.994982, -0.097842, 0.0209262, 0.0982174, 0.995007, -0.0177292, -0.0190871, 0.0196956, 0.999624, 0.00280208  
87, -3.84631, -7.56293, 180.643, 0.994952, -0.0983838, 0.019769, 0.0987437, 0.994948, -0.0181355, -0.0178848, 0.0199961, 0.99964, 0.00293855  
88, -3.84075, -7.5737, 180.664, 0.994909, -0.0987006, 0.0203472, 0.099071, 0.994916, -0.0180752, -0.0184597, 0.019999, 0.99963, 0.00290387  
89, -3.84877, -7.56118, 180.639, 0.994987, -0.0978766, 0.0205243, 0.0982425, 0.995006, -0.0176462, -0.0186947, 0.0195741, 0.999634, 0.00289361  
90, -3.82901, -7.55064, 180.657, 0.994987, -0.0979951, 0.0199526, 0.0983569, 0.994988, -0.018042, -0.0180845, 0.019914, 0.999638, 0.00287031  
91, -3.83946, -7.56855, 180.644, 0.994941, -0.0979883, 0.0221588, 0.098347, 0.995028, -0.0157234, -0.0205079, 0.0178231, 0.999631, 0.00290887  
92, -3.84312, -7.58992, 180.65, 0.994956, -0.0982467, 0.0202619, 0.0986089, 0.994968, -0.0177245, -0.0184186, 0.0196331, 0.999638, 0.00280818  
93, -3.83519, -7.58151, 180.663, 0.99497, -0.0978711, 0.0213622, 0.0982554, 0.995003, -0.0177449, -0.0195187, 0.0197546, 0.999614, 0.00287808  
94, -3.83449, -7.56878, 180.659, 0.994909, -0.0983634, 0.0219047, 0.0987302, 0.99498, -0.0163411, -0.0201874, 0.0184206, 0.999627, 0.00291358  
95, -3.85074, -7.56298, 180.658, 0.994943, -0.0979703, 0.0221341, 0.0983501, 0.99501, -0.0167774, -0.02038, 0.0188694, 0.999614, 0.00283786  
96, -3.82455, -7.58657, 180.668, 0.994912, -0.0983197, 0.022, 0.0986923, 0.99498, -0.0165446, -0.020263, 0.0186317, 0.999621, 0.00301205  
97, -3.81935, -7.58195, 180.663, 0.994954, -0.0982433, 0.0203706, 0.0986098, 0.994966, -0.0178378, -0.0185157, 0.0197566, 0.999633, 0.00304839  
98, -3.83077, -7.57989, 180.65, 0.99494, -0.0983156, 0.0207213, 0.0987054, 0.994941, -0.018711, -0.0187769, 0.0206616, 0.99961, 0.00302842  
99, -3.84061, -7.60212, 180.64, 0.994958, -0.0980878, 0.0208926, 0.0984807, 0.994963, -0.0186885, -0.0189542, 0.0206518, 0.999607, 0.00290692  
100, -3.82426, -7.58377, 180.703, 0.994917, -0.0985234, 0.0208299, 0.0988814, 0.994955, -0.0169156, -0.0190583, 0.0188893, 0.99964, 0.00283009  
101, -3.83972, -7.60451, 180.644, 0.995003, -0.097591, 0.0210728, 0.0979604, 0.99504, -0.0172699, -0.0192829, 0.0192479, 0.999629, 0.00295879  
102, -3.84163, -7.59046, 180.652, 0.995012, -0.0974535, 0.0213171, 0.09783, 0.995051, -0.0173922, -0.0195167, 0.0193909, 0.999621, 0.00288834  
103, -3.82229, -7.57084, 180.649, 0.994958, -0.0979382, 0.0215938, 0.098302, 0.99502, -0.0164807, -0.0198721, 0.0185203, 0.999631, 0.00297044  
104, -3.83146, -7.5978, 180.647, 0.994987, -0.0977276, 0.0212046, 0.0981115, 0.995015, -0.0178884, -0.0193507, 0.0198792, 0.999615, 0.00296074  
105, -3.82417, -7.60641, 180.639, 0.995012, -0.0976109, 0.0205938, 0.0979929, 0.995016, -0.0184329, -0.0186919, 0.020359, 0.999618, 0.00286865  
106, -3.82883, -7.57882, 180.646, 0.994955, -0.0982016, 0.0205126, 0.0985796, 0.994961, -0.0183054, -0.0186116, 0.0202351, 0.999622, 0.0029416  
107, -3.87094, -7.63091, 180.65, 0.994985, -0.0977513, 0.021218, 0.0981139, 0.995034, -0.0167737, -0.019473, 0.0187714, 0.999634, 0.00303507  
108, -3.8469, -7.60208, 180.641, 0.994948, -0.098219, 0.0207593, 0.0985921, 0.994969, -0.0177832, -0.0189082, 0.0197401, 0.999626, 0.00303979  
109, -3.82844, -7.62078, 180.667, 0.994976, -0.0979356, 0.0207765, 0.0983238, 0.994981, -0.0185653, -0.0188541, 0.0205149, 0.999612, 0.00298598  
110, -3.84829, -7.60657, 180.656, 0.99492, -0.0984651, 0.0209606, 0.0988462, 0.99494, -0.0179922, -0.0190829, 0.0199727, 0.999618, 0.00279348  
111, -3.82109, -7.59682, 180.678, 0.994936, -0.0983873, 0.0205589, 0.0987557, 0.994953, -0.0177437, -0.0187094, 0.0196842, 0.999631, 0.00311662  
112, -3.8291, -7.61694, 180.666, 0.994974, -0.0979491, 0.0208177, 0.098334, 0.994984, -0.0183469, -0.0189162, 0.0203017, 0.999615, 0.00300512  
113, -3.82192, -7.62488, 180.662, 0.994949, -0.0981174, 0.0211971, 0.0985013, 0.994976, -0.0178945, -0.0193348, 0.0198921, 0.999615, 0.00291414  
114, -3.80991, -7.61595, 180.676, 0.994946, -0.0979353, 0.0221555, 0.0983069, 0.995022, -0.0163568, -0.0204433, 0.0184522, 0.999621, 0.00298931  
115, -3.81776, -7.64413, 180.677, 0.994953, -0.0979859, 0.0216047, 0.0983751, 0.994991, -0.0177557, -0.0197567, 0.0197915, 0.999609, 0.00279958  
116, -3.82583, -7.63682, 180.674, 0.994921, -0.0984088, 0.0211754, 0.0987811, 0.994958, -0.0173172, -0.0193644, 0.019321, 0.999626, 0.00306531  
117, -3.80453, -7.63994, 180.659, 0.994939, -0.098484, 0.0199432, 0.0988654, 0.994917, -0.019134, -0.0179575, 0.0210088, 0.999618, 0.00290443  
118, -3.82453, -7.65614, 180.66, 0.994937, -0.0982823, 0.0210191, 0.0986733, 0.994949, -0.0184532, -0.0190993, 0.0204338, 0.999609, 0.00303951  
119, -3.81291, -7.64558, 180.66, 0.994967, -0.0982412, 0.0197347, 0.0986121, 0.994949, -0.0187891, -0.0177892, 0.0206407, 0.999629, 0.00300706  
120, -3.8337, -7.65001, 180.651, 0.994967, -0.0979954, 0.0209317, 0.0983846, 0.994977, -0.0184529, -0.0190183, 0.0204193, 0.999611, 0.00278765  
121, -3.7932, -7.64119, 180.683, 0.994882, -0.0988083, 0.021135, 0.099189, 0.99491, -0.0177927, -0.0192693, 0.019798, 0.999618, 0.00291247  
122, -3.82829, -7.63896, 180.638, 0.994939, -0.0983027, 0.0208191, 0.0986916, 0.994945, -0.0185573, -0.0188897, 0.020518, 0.999611, 0.00301233  
123, -3.80967, -7.62591, 180.66, 0.994883, -0.0986511, 0.0217953, 0.0990215, 0.994946, -0.0166208, -0.0200455, 0.018694, 0.999624, 0.00293328  
124, -3.80632, -7.65123, 180.649, 0.994935, -0.0981487, 0.0217136, 0.0985354, 0.994979, -0.0175202, -0.019885, 0.0195711, 0.999611, 0.00281872  
125, -3.79441, -7.64782, 180.633, 0.99489, -0.0985469, 0.021951, 0.0989426, 0.994935, -0.0177325, -0.0200924, 0.0198138, 0.999602, 0.00280457  
126, -3.79973, -7.66199, 180.646, 0.994983, -0.0977771, 0.0211547, 0.0981653, 0.995004, -0.0181611, -0.0192733, 0.0201466, 0.999611, 0.00309388  
127, -3.80723, -7.69012, 180.634, 0.994988, -0.0977374, 0.0211327, 0.0981122, 0.995022, -0.0174863, -0.0193185, 0.019472, 0.999624, 0.00296767  
128, -3.832, -7.6817, 180.643, 0.994957, -0.0976892, 0.0227473, 0.0980862, 0.995032, -0.0170434, -0.0209694, 0.0191887, 0.999596, 0.00298126  
129, -3.81389, -7.67712, 180.648, 0.994883, -0.0988069, 0.021091, 0.0991833, 0.994913, -0.0176157, -0.0192432, 0.0196174, 0.999622, 0.00290942  
130, -3.81879, -7.69005, 180.642, 0.994977, -0.0976366, 0.0220849, 0.0980327, 0.995027, -0.0176252, -0.0202542, 0.0197017, 0.999601, 0.00279736  
131, -3.8375, -7.66656, 180.644, 0.994945, -0.0980143, 0.0218661, 0.0984143, 0.994982, -0.0180311, -0.0199891, 0.0200919, 0.999598, 0.00291913  
132, -3.83076, -7.70062, 180.672, 0.994931, -0.0980778, 0.0222049, 0.0984766, 0.994983, -0.017639, -0.0203636, 0.0197363, 0.999598, 0.00288584  
133, -3.81365, -7.6631, 180.658, 0.994907, -0.0984327, 0.0216823, 0.0988319, 0.994938, -0.0181767, -0.0197834, 0.0202271, 0.9996, 0.00303785  
134, -3.80852, -7.66664, 180.673, 0.994864, -0.0988088, 0.0219724, 0.0992017, 0.994912, -0.0175725, -0.0201243, 0.019662, 0.999604, 0.00282621  
135, -3.81499, -7.65843, 180.654, 0.994942, -0.0980758, 0.0216938, 0.0984607, 0.994988, -0.0174444, -0.0198742, 0.0194922, 0.999612, 0.00279403  
136, -3.84182, -7.68027, 180.684, 0.994939, -0.098075, 0.0218741, 0.0984676, 0.994984, -0.0176561, -0.0200328, 0.0197206, 0.999605, 0.00290054  
137, -3.79274, -7.68374, 180.676, 0.994904, -0.098515, 0.0214821, 0.098897, 0.994944, -0.017513, -0.0196482, 0.0195483, 0.999616, 0.00301122  
138, -3.81548, -7.67506, 180.646, 0.994945, -0.0981513, 0.0212299, 0.098561, 0.994946, -0.0191955, -0.0192386, 0.0211909, 0.99959, 0.00293799  
139, -3.81393, -7.67186, 180.671, 0.994944, -0.0980488, 0.0217601, 0.0984499, 0.994976, -0.0181933, -0.0198669, 0.0202436, 0.999598, 0.00283952  
140, -3.79244, -7.67137, 180.656, 0.99497, -0.0977828, 0.0217559, 0.098177, 0.995009, -0.0178534, -0.0199016, 0.0198995, 0.999604, 0.00279764  
141, -3.82286, -7.68705, 180.693, 0.994892, -0.0987491, 0.0209629, 0.099111, 0.994931, -0.0169856, -0.0191794, 0.0189765, 0.999636, 0.00289694  
142, -3.81933, -7.67124, 180.663, 0.994923, -0.0986416, 0.0199624, 0.0990255, 0.994899, -0.0192492, -0.0179618, 0.0211283, 0.999615, 0.00294964  
143, -3.81311, -7.66787, 180.658, 0.994925, -0.0984136, 0.0209332, 0.0988097, 0.994928, -0.0188137, -0.0189755, 0.0207867, 0.999604, 0.00298764  
144, -3.82473, -7.686, 180.696, 0.994895, -0.0987557, 0.0207675, 0.0991264, 0.994918, -0.0176507, -0.0189188, 0.0196192, 0.999629, 0.00283425  
145, -3.81617, -7.68989, 180.671, 0.994906, -0.0985156, 0.021364, 0.0988927, 0.994946, -0.0173741, -0.0195445, 0.0193984, 0.999621, 0.0027993  
146, -3.82613, -7.66806, 180.665, 0.994888, -0.0987298, 0.0212203, 0.0990938, 0.994936, -0.0168438, -0.0194499, 0.0188605, 0.999633, 0.00293217  
147, -3.81447, -7.67218, 180.665, 0.994883, -0.0990321, 0.0200284, 0.0993993, 0.99488, -0.0182516, -0.0181183, 0.020149, 0.999633, 0.00297516  
148, -3.82638, -7.66819, 180.655, 0.994915, -0.0982728, 0.0220542, 0.098659, 0.994973, -0.0171645, -0.0202565, 0.019253, 0.999609, 0.0029735  
149, -3.84684, -7.6862, 180.663, 0.994939, -0.0980174, 0.0220906, 0.0984031, 0.995, -0.017102, -0.0203039, 0.0191892, 0.99961, 0.00292634  
150, -3.82509, -7.6679, 180.64, 0.994931, -0.0984366, 0.0205521, 0.0988245, 0.994927, -0.0187951, -0.0185977, 0.0207309, 0.999612, 0.00280513  
151, -3.81929, -7.65863, 180.635, 0.994958, -0.0979674, 0.0214666, 0.0983847, 0.994961, -0.0193331, -0.0194644, 0.0213476, 0.999583, 0.00288113  
152, -3.80653, -7.63836, 180.654, 0.99493, -0.0982405, 0.0215245, 0.0986177, 0.994976, -0.0172237, -0.0197243, 0.019259, 0.99962, 0.00300595  
153, -3.82833, -7.66858, 180.654, 0.994916, -0.098135, 0.0226245, 0.0985185, 0.994998, -0.0165073, -0.0208914, 0.0186523, 0.999608, 0.00316988  
154, -3.83978, -7.66076, 180.651, 0.994953, -0.0980323, 0.0213898, 0.0984149, 0.994989, -0.0176304, -0.0195542, 0.0196465, 0.999616, 0.0028803  
155, -3.84864, -7.64449, 180.659, 0.994998, -0.0974089, 0.0221669, 0.0977693, 0.995084, -0.0158014, -0.0205187, 0.0178896, 0.999629, 0.00285949  
156, -3.81712, -7.63391, 180.655, 0.994961, -0.0979669, 0.0213421, 0.0983373, 0.995007, -0.0170585, -0.0195644, 0.0190712, 0.999627, 0.00306725  
157, -3.82631, -7.64896, 180.657, 0.994942, -0.0978138, 0.0228698, 0.0982012, 0.99503, -0.0164757, -0.0211446, 0.0186382, 0.999603, 0.00298653  
158, -3.83155, -7.6396, 180.65, 0.994995, -0.0977727, 0.0206153, 0.0981436, 0.995013, -0.0178194, -0.0187703, 0.0197535, 0.999629, 0.00297405  
159, -3.84878, -7.62844, 180.663, 0.994965, -0.0977318, 0.0222219, 0.0980816, 0.995062, -0.0152339, -0.0206233, 0.0173368, 0.999637, 0.00288695  
160, -3.82414, -7.60222, 180.638, 0.994959, -0.0981841, 0.0204035, 0.098577, 0.994943, -0.0192362, -0.0184116, 0.0211506, 0.999607, 0.0028839  
161, -3.82136, -7.62115, 180.619, 0.99497, -0.0979223, 0.0211365, 0.0983248, 0.994974, -0.0189257, -0.0191771, 0.0209087, 0.999597, 0.00301843  
162, -3.83206, -7.60467, 180.656, 0.994959, -0.0978084, 0.0221449, 0.0981975, 0.995018, -0.0172197, -0.0203503, 0.0193075, 0.999606, 0.00317459  
163, -3.8445, -7.58733, 180.64, 0.994975, -0.0980425, 0.0202879, 0.0984027, 0.994991, -0.0175909, -0.0184616, 0.0194989, 0.999639, 0.00291247  
164, -3.85503, -7.59646, 180.651, 0.995001, -0.0975093, 0.0215692, 0.0978742, 0.995061, -0.0165583, -0.0198481, 0.0185866, 0.99963, 0.00285533  
165, -3.84283, -7.5583, 180.652, 0.994956, -0.097971, 0.0215356, 0.0983196, 0.99503, -0.0157703, -0.0198835, 0.0178082, 0.999644, 0.00288279  
166, -3.84374, -7.57933, 180.64, 0.994969, -0.097814, 0.0216385, 0.0981806, 0.995031, -0.0165785, -0.0199094, 0.0186196, 0.999628, 0.00290942  
167, -3.84817, -7.58539, 180.619, 0.995031, -0.097353, 0.0208727, 0.0977324, 0.99505, -0.0179985, -0.0190172, 0.019949, 0.99962, 0.00298459  
168, -3.82853, -7.5632, 180.639, 0.994974, -0.0981446, 0.0198777, 0.0985153, 0.994961, -0.0186135, -0.0179508, 0.0204782, 0.999629, 0.00284701  
169, -3.86091, -7.56102, 180.652, 0.994999, -0.0974043, 0.0221227, 0.0977739, 0.995075, -0.0162871, -0.0204273, 0.0183686, 0.999623, 0.00290831  
170, -3.83983, -7.56812, 180.626, 0.994974, -0.0977974, 0.0214875, 0.0981969, 0.994997, -0.0183982, -0.0195808, 0.0204157, 0.9996, 0.00283675  
171, -3.83265, -7.54309, 180.655, 0.994918, -0.0983643, 0.0215188, 0.098756, 0.994949, -0.0179661, -0.0196429, 0.0199999, 0.999607, 0.00291913  
172, -3.83905, -7.56315, 180.651, 0.99496, -0.0980321, 0.0210704, 0.0984143, 0.994984, -0.0179357, -0.0192065, 0.0199189, 0.999617, 0.00301094  
173, -3.83061, -7.55873, 180.649, 0.994995, -0.0976531, 0.0212041, 0.0980298, 0.995029, -0.0175146, -0.0193884, 0.0195056, 0.999622, 0.00301344  
174, -3.83746, -7.54035, 180.642, 0.995018, -0.097365, 0.0214191, 0.0977202, 0.995082, -0.0162154, -0.0197349, 0.0182277, 0.999639, 0.00287808  
175, -3.83753, -7.56264, 180.645, 0.99503, -0.0973048, 0.021139, 0.0976969, 0.995046, -0.0183792, -0.0192459, 0.0203531, 0.999608, 0.00284119  
176, -3.83801, -7.54458, 180.629, 0.994957, -0.0979597, 0.0215374, 0.09835, 0.994991, -0.0178763, -0.0196784, 0.0199044, 0.999608, 0.00292163  
177, -3.83838, -7.51475, 180.636, 0.994987, -0.0979311, 0.0202438, 0.0983093, 0.994982, -0.0186159, -0.0183191, 0.0205128, 0.999622, 0.00297627  
178, -3.854, -7.53184, 180.645, 0.994971, -0.0978501, 0.0213868, 0.0982362, 0.995004, -0.0178102, -0.0195373, 0.0198216, 0.999613, 0.00289333  
179, -3.85103, -7.53618, 180.65, 0.994962, -0.098001, 0.0211303, 0.0983685, 0.995003, -0.0171175, -0.0193472, 0.0191098, 0.99963, 0.00293494  
180, -3.83966, -7.53073, 180.652, 0.994979, -0.0979141, 0.0207242, 0.098286, 0.995, -0.0177559, -0.018882, 0.0197037, 0.999628, 0.00283481  
181, -3.83471, -7.53685, 180.647, 0.995006, -0.0977246, 0.0203123, 0.0981144, 0.994991, -0.0191681, -0.0183374, 0.0210653, 0.99961, 0.00302953  
182, -3.85326, -7.5527, 180.666, 0.994989, -0.0978287, 0.020649, 0.0982145, 0.994992, -0.0185757, -0.0187283, 0.0205107, 0.999614, 0.00288085  
183, -3.86534, -7.55556, 180.655, 0.994977, -0.0980076, 0.0203802, 0.0983842, 0.994979, -0.0183768, -0.0184768, 0.0202896, 0.999623, 0.00298764  
184, -3.83982, -7.54849, 180.659, 0.994983, -0.0979164, 0.0205112, 0.0982764, 0.995008, -0.0173461, -0.0187103, 0.0192749, 0.999639, 0.00296878  
185, -3.83336, -7.50859, 180.646, 0.994946, -0.098463, 0.0196808, 0.0988289, 0.994931, -0.0185751, -0.017752, 0.0204262, 0.999634, 0.00286005  
186, -3.8398, -7.54955, 180.636, 0.994997, -0.097922, 0.0198285, 0.0982959, 0.994979, -0.0188479, -0.0178833, 0.0207027, 0.999626, 0.00289971  
187, -3.83721, -7.5273, 180.665, 0.99494, -0.0982561, 0.0209989, 0.0986113, 0.994987, -0.0166051, -0.0192621, 0.0185918, 0.999642, 0.00297655  
188, -3.84135, -7.53315, 180.63, 0.994978, -0.0979003, 0.0208179, 0.0982734, 0.995002, -0.0177267, -0.0189784, 0.0196835, 0.999626, 0.0029563  
189, -3.85208, -7.52353, 180.643, 0.994958, -0.0981256, 0.0207204, 0.0984934, 0.994983, -0.0175445, -0.0188948, 0.0194969, 0.999631, 0.00280707  
190, -3.84744, -7.55521, 180.629, 0.99497, -0.0979747, 0.0208647, 0.0983402, 0.995003, -0.0172755, -0.0190679, 0.0192404, 0.999633, 0.00281816  
191, -3.83372, -7.57717, 180.676, 0.994988, -0.0976041, 0.0217125, 0.0979657, 0.995057, -0.0162597, -0.0200182, 0.0183053, 0.999632, 0.00305116  
192, -3.84221, -7.58152, 180.611, 0.99503, -0.097326, 0.0210386, 0.097681, 0.99508, -0.0165604, -0.0193234, 0.0185332, 0.999641, 0.00325753  
193, -3.82761, -7.56203, 180.668, 0.994988, -0.0978771, 0.0204903, 0.0982299, 0.995019, -0.0169806, -0.0187263, 0.0189082, 0.999646, 0.00297571  
194, -3.80764, -7.61209, 180.661, 0.995053, -0.097401, 0.0195718, 0.0977573, 0.995045, -0.0181517, -0.0177068, 0.0199752, 0.999644, 0.00297655  
195, -3.91743, -7.54407, 180.74, 0.99502, -0.097881, 0.0188193, 0.0981971, 0.995027, -0.0166765, -0.0170934, 0.0184414, 0.999684, 0.00281012  
196, -3.92571, -7.53845, 180.72, 0.994995, -0.097887, 0.0200771, 0.0981967, 0.995053, -0.0150645, -0.0185032, 0.0169606, 0.999685, 0.00294936  
197, -3.93411, -7.54727, 180.707, 0.995101, -0.0971474, 0.0183406, 0.097463, 0.995091, -0.0171778, -0.0165818, 0.0188812, 0.999684, 0.00293217  
198, -3.92635, -7.53279, 180.729, 0.995049, -0.0976413, 0.0185173, 0.0979584, 0.995044, -0.0170667, -0.0167591, 0.0187961, 0.999683, 0.00302509  
199, -3.92714, -7.49912, 180.694, 0.995025, -0.0977409, 0.0192997, 0.0980457, 0.995061, -0.0155297, -0.0176865, 0.0173447, 0.999693, 0.00300512  
200, -3.91082, -7.53644, 180.678, 0.995044, -0.0977635, 0.0181417, 0.0980847, 0.99502, -0.0177548, -0.0163156, 0.0194463, 0.999678, 0.00279348  
201, -3.91961, -7.52036, 180.688, 0.994997, -0.0982459, 0.0181033, 0.0985684, 0.99497, -0.017876, -0.016256, 0.019571, 0.999676, 0.00291497  
202, -3.91576, -7.54155, 180.697, 0.995104, -0.0972653, 0.0175257, 0.0975892, 0.995051, -0.0186791, -0.0156221, 0.020298, 0.999672, 0.00299042  
203, -3.88626, -7.49591, 180.713, 0.995036, -0.097772, 0.0185434, 0.0980664, 0.995056, -0.0156921, -0.0169175, 0.0174327, 0.999705, 0.003047  
204, -3.90194, -7.48746, 180.703, 0.994939, -0.0989199, 0.0176534, 0.0992454, 0.994889, -0.0186311, -0.0157201, 0.0202889, 0.999671, 0.00294049  
205, -3.90719, -7.54929, 180.723, 0.995063, -0.0975759, 0.0181499, 0.0979008, 0.995034, -0.0179695, -0.0163064, 0.0196576, 0.999674, 0.00282676  
206, -3.90364, -7.52608, 180.725, 0.995017, -0.0980842, 0.0179262, 0.0983915, 0.995, -0.0171503, -0.0161544, 0.0188286, 0.999692, 0.0029244  
207, -3.89204, -7.57883, 180.764, 0.994959, -0.0983821, 0.01945, 0.0987014, 0.994985, -0.0161974, -0.0177589, 0.0180355, 0.99968, 0.00294409  
208, -3.8896, -7.54563, 180.695, 0.995064, -0.0973954, 0.0190126, 0.0976943, 0.995096, -0.0154797, -0.0174117, 0.0172607, 0.999699, 0.00304866  
209, -3.90303, -7.58109, 180.748, 0.994959, -0.0987039, 0.0177159, 0.0990164, 0.994928, -0.0177197, -0.015877, 0.0193845, 0.999686, 0.00304617  
210, -3.90828, -7.59229, 180.751, 0.995034, -0.0979471, 0.0176838, 0.0982719, 0.994987, -0.0185388, -0.0157793, 0.0201846, 0.999672, 0.00280013  
211, -3.90907, -7.57182, 180.752, 0.995027, -0.0976159, 0.019808, 0.0979222, 0.995079, -0.0151255, -0.0182341, 0.01699, 0.999689, 0.00301011  
212, -3.9129, -7.58058, 180.723, 0.994988, -0.0979637, 0.020064, 0.0982993, 0.99502, -0.016487, -0.018349, 0.0183766, 0.999663, 0.00304478  
213, -3.88957, -7.59156, 180.706, 0.994971, -0.0985803, 0.0177338, 0.0989104, 0.994918, -0.0188149, -0.0157889, 0.0204744, 0.999666, 0.00341092  
214, -3.90533, -7.59275, 180.725, 0.995067, -0.0975824, 0.0178794, 0.0979027, 0.995033, -0.0180075, -0.0160334, 0.0196691, 0.999678, 0.00281456  
215, -3.88391, -7.54993, 180.72, 0.995005, -0.0981302, 0.0182903, 0.0984465, 0.994992, -0.0172786, -0.0165032, 0.018993, 0.999683, 0.00282482  
216, -3.87346, -7.59665, 180.736, 0.995019, -0.0979283, 0.0186161, 0.0982446, 0.995019, -0.0169075, -0.0168677, 0.0186522, 0.999684, 0.00293272  
217, -3.86394, -7.59598, 180.733, 0.995038, -0.0977548, 0.0185342, 0.0980696, 0.995036, -0.0169137, -0.0167888, 0.0186474, 0.999685, 0.00285672  
218, -3.88379, -7.59517, 180.729, 0.995024, -0.0979276, 0.0183562, 0.0982613, 0.994993, -0.018254, -0.0164767, 0.0199669, 0.999665, 0.00286781  
219, -3.88534, -7.61231, 180.726, 0.995022, -0.0979728, 0.0182194, 0.0983055, 0.994987, -0.0183596, -0.0163293, 0.0200593, 0.999665, 0.00283231  
220, -3.89554, -7.61824, 180.724, 0.995038, -0.0975928, 0.0193858, 0.0979025, 0.995072, -0.0157261, -0.0177555, 0.017546, 0.999688, 0.00283231  
221, -3.90362, -7.62869, 180.734, 0.995046, -0.0978781, 0.0174195, 0.0981877, 0.995007, -0.0179044, -0.0155801, 0.0195261, 0.999688, 0.00283786  
222, -3.87882, -7.61534, 180.705, 0.995044, -0.0978862, 0.0174752, 0.0981978, 0.995005, -0.0179619, -0.0156297, 0.0195889, 0.999686, 0.00292551  
223, -3.91144, -7.59849, 180.705, 0.994984, -0.0982702, 0.01871, 0.0985832, 0.99499, -0.016612, -0.0169838, 0.0183732, 0.999687, 0.00291636  
224, -3.87935, -7.58927, 180.739, 0.994946, -0.0988776, 0.017498, 0.0992123, 0.994877, -0.0194178, -0.0154884, 0.0210556, 0.999658, 0.00283425  
225, -3.9853, -7.45303, 180.63, 0.995021, -0.0978553, 0.018916, 0.0981173, 0.995084, -0.0134557, -0.0175063, 0.0152447, 0.999731, 0.00280152  
226, -3.89235, -7.59473, 180.744, 0.995024, -0.0978695, 0.0186609, 0.0981702, 0.995042, -0.0159369, -0.0170087, 0.0176895, 0.999699, 0.00282565  
227, -3.9074, -7.58973, 180.691, 0.994898, -0.0988977, 0.0199153, 0.0992111, 0.994947, -0.0154167, -0.01829, 0.0173139, 0.999683, 0.00313327  
228, -3.88711, -7.62903, 180.718, 0.994933, -0.0984658, 0.0203324, 0.0987895, 0.994986, -0.015581, -0.0186963, 0.0175107, 0.999672, 0.00312023  
229, -3.90778, -7.59681, 180.668, 0.994857, -0.0993638, 0.0196632, 0.0996967, 0.994877, -0.0167425, -0.0178989, 0.0186167, 0.999666, 0.00291386  
230, -3.8213, -7.64413, 180.669, 0.994929, -0.098136, 0.0220197, 0.0985004, 0.995006, -0.0161222, -0.0203276, 0.0182094, 0.999628, 0.00281955  
231, -3.82236, -7.65964, 180.662, 0.99495, -0.0981395, 0.0210731, 0.0985437, 0.99495, -0.0190803, -0.0190941, 0.0210605, 0.999596, 0.00286781  
232, -3.80077, -7.63931, 180.678, 0.994944, -0.0978785, 0.0224915, 0.0982459, 0.995036, -0.0158557, -0.0208279, 0.0179852, 0.999621, 0.00293078  
233, -3.79961, -7.63858, 180.643, 0.994939, -0.0982566, 0.0210225, 0.0986459, 0.994953, -0.0183589, -0.0191125, 0.0203398, 0.99961, 0.00294659  
234, -3.82126, -7.63591, 180.65, 0.994987, -0.0978403, 0.0206773, 0.0982312, 0.994986, -0.0188159, -0.0187327, 0.0207527, 0.999609, 0.00287891  
235, -3.81795, -7.63252, 180.65, 0.994968, -0.0981668, 0.020037, 0.0985439, 0.994955, -0.0187896, -0.0180914, 0.0206696, 0.999623, 0.0028373  
236, -3.81822, -7.64807, 180.696, 0.994954, -0.0982622, 0.0202936, 0.0986417, 0.994949, -0.0186262, -0.0183609, 0.020534, 0.999621, 0.00299596  
237, -3.83775, -7.64893, 180.658, 0.994938, -0.0982178, 0.021236, 0.0986051, 0.994963, -0.0180282, -0.0193584, 0.0200309, 0.999612, 0.0029133  
238, -3.81717, -7.62646, 180.668, 0.994954, -0.0979381, 0.0217938, 0.0983023, 0.995023, -0.0163158, -0.0200874, 0.0183759, 0.999629, 0.00292024  
239, -3.81424, -7.62314, 180.669, 0.994943, -0.098434, 0.0199793, 0.0988067, 0.994933, -0.0186107, -0.0180461, 0.0204907, 0.999627, 0.00304007  
240, -3.82727, -7.62709, 180.66, 0.994956, -0.0980871, 0.0210298, 0.0984987, 0.994946, -0.0195221, -0.0190086, 0.0214951, 0.999588, 0.00292246  
241, -3.82536, -7.64672, 180.685, 0.99491, -0.098276, 0.0222729, 0.0986564, 0.994982, -0.0166725, -0.0205226, 0.018785, 0.999613, 0.00288806  
242, -3.82595, -7.64104, 180.669, 0.99494, -0.0981995, 0.0212234, 0.0986045, 0.994946, -0.0189604, -0.0192543, 0.0209572, 0.999595, 0.0029796  
243, -3.83571, -7.64474, 180.657, 0.995002, -0.0975015, 0.0215505, 0.0978984, 0.99503, -0.0181996, -0.0196689, 0.0202184, 0.999602, 0.00297211  
244, -3.82472, -7.63816, 180.675, 0.994962, -0.097728, 0.022366, 0.0981048, 0.995041, -0.0164202, -0.0206504, 0.0185317, 0.999615, 0.00296185  
245, -3.79578, -7.61787, 180.656, 0.994971, -0.0980217, 0.0206143, 0.0984229, 0.994955, -0.0194414, -0.0186046, 0.0213725, 0.999598, 0.00287364  
246, -3.78559, -7.61821, 180.675, 0.994904, -0.0984921, 0.0215828, 0.0988652, 0.994956, -0.0169624, -0.0198033, 0.0190097, 0.999623, 0.00301177  
247, -3.83015, -7.66175, 180.643, 0.994972, -0.0978293, 0.0214467, 0.0982228, 0.994999, -0.0181324, -0.0195655, 0.0201478, 0.999606, 0.00313937  
248, -3.84862, -7.66158, 180.629, 0.994911, -0.0986384, 0.0205803, 0.0990309, 0.994903, -0.0190132, -0.0186, 0.0209545, 0.999607, 0.00473096  
249, -3.86464, -7.64056, 180.643, 0.994954, -0.0978974, 0.0219564, 0.0982759, 0.995016, -0.0168752, -0.0201949, 0.0189478, 0.999616, 0.00278127  
250, -3.83698, -7.61281, 180.643, 0.994969, -0.0981912, 0.0199014, 0.0985587, 0.994961, -0.0184149, -0.0179929, 0.0202837, 0.999632, 0.00275825  
251, -3.86232, -7.64209, 180.639, 0.994978, -0.0978883, 0.0209011, 0.0982962, 0.994967, -0.0194686, -0.0188902, 0.0214253, 0.999592, 0.00285533  
252, -3.81959, -7.63564, 180.619, 0.994978, -0.0978191, 0.0212119, 0.0982197, 0.994988, -0.0187414, -0.0192724, 0.0207307, 0.999599, 0.00305338  
253, -3.84409, -7.63389, 180.637, 0.994995, -0.0976073, 0.0213853, 0.0980111, 0.995009, -0.018725, -0.0194509, 0.0207273, 0.999596, 0.00319956  
254, -3.82367, -7.62476, 180.656, 0.994937, -0.0982811, 0.0210118, 0.0986467, 0.994975, -0.0171306, -0.0192226, 0.0191166, 0.999632, 0.00292523  
255, -3.8416, -7.63172, 180.641, 0.994977, -0.0976907, 0.0218369, 0.0980493, 0.995053, -0.0159996, -0.0201659, 0.0180603, 0.999634, 0.00272413  
256, -3.83631, -7.61977, 180.642, 0.995002, -0.097907, 0.0196278, 0.098283, 0.994973, -0.0192046, -0.0176489, 0.0210377, 0.999623, 0.00274383  
257, -3.82902, -7.61788, 180.663, 0.994947, -0.0980546, 0.0216012, 0.0984466, 0.994981, -0.0178983, -0.0197378, 0.0199344, 0.999606, 0.00292856  
258, -3.86316, -7.64396, 180.653, 0.994984, -0.0979111, 0.0204947, 0.0982975, 0.99498, -0.0187746, -0.0185536, 0.020695, 0.999614, 0.00311246  
259, -3.84951, -7.68238, 180.632, 0.994986, -0.0977965, 0.020953, 0.0981898, 0.994993, -0.0186387, -0.0190253, 0.0206026, 0.999607, 0.00293882  
260, -3.81433, -7.65296, 180.634, 0.994923, -0.0984955, 0.0206709, 0.0988704, 0.994938, -0.0179735, -0.0187959, 0.019926, 0.999625, 0.00290471  
261, -3.82515, -7.64474, 180.642, 0.9949, -0.0986639, 0.0209403, 0.0990592, 0.994905, -0.0187636, -0.0189823, 0.0207423, 0.999605, 0.0028398  
262, -3.8367, -7.67353, 180.642, 0.994948, -0.0980383, 0.0215942, 0.098436, 0.994977, -0.0181958, -0.0197019, 0.0202295, 0.999601, 0.00293882  
263, -3.84421, -7.66567, 180.632, 0.995001, -0.0975808, 0.0212355, 0.0979803, 0.995013, -0.018664, -0.0193083, 0.0206514, 0.9996, 0.00307779  
264, -3.81757, -7.64624, 180.665, 0.994902, -0.0988143, 0.0201325, 0.0991911, 0.994893, -0.0186664, -0.0181852, 0.0205682, 0.999623, 0.00281927  
265, -3.83304, -7.64267, 180.651, 0.994904, -0.0985304, 0.0213993, 0.0989346, 0.994918, -0.0187322, -0.0194449, 0.0207539, 0.999596, 0.0028631  
266, -3.83462, -7.64738, 180.64, 0.994921, -0.0985144, 0.0206493, 0.0988997, 0.994924, -0.0185508, -0.018717, 0.0204988, 0.999615, 0.00277878  
267, -3.88008, -7.64799, 180.666, 0.994897, -0.0987307, 0.0207707, 0.0991079, 0.994914, -0.0179877, -0.0188892, 0.0199545, 0.999622, 0.00283924  
268, -3.90889, -7.59527, 180.679, 0.994846, -0.0993425, 0.0203331, 0.0996844, 0.994881, -0.0165557, -0.0185844, 0.0184972, 0.999656, 0.00295547  
269, -3.9769, -7.66992, 180.664, 0.994806, -0.0994013, 0.0219221, 0.099782, 0.994864, -0.0170145, -0.0201182, 0.0191135, 0.999615, 0.00307113  
270, -3.99089, -7.72292, 180.614, 0.994913, -0.0978475, 0.0239731, 0.0982807, 0.995003, -0.017612, -0.02213, 0.0198785, 0.999557, 0.00291164  
271, -4.02173, -7.74961, 180.621, 0.994917, -0.0971661, 0.0264427, 0.0975753, 0.99512, -0.0146513, -0.02489, 0.017157, 0.999543, 0.0028459  
272, -4.00465, -7.78109, 180.611, 0.994886, -0.0977448, 0.0254431, 0.0981945, 0.995021, -0.0170687, -0.023648, 0.0194798, 0.999531, 0.00293494  
273, -3.97792, -7.74803, 180.597, 0.994954, -0.0972713, 0.0246095, 0.0977173, 0.995058, -0.017617, -0.0227743, 0.0199329, 0.999542, 0.00293133  
274, -3.99232, -7.78596, 180.574, 0.994947, -0.0969479, 0.0260999, 0.0974123, 0.995096, -0.0171498, -0.0243093, 0.0196056, 0.999512, 0.00292995  
275, -3.97945, -7.81253, 180.602, 0.99494, -0.0965978, 0.0276202, 0.0970232, 0.995177, -0.0144978, -0.0260865, 0.0171043, 0.999513, 0.00331301  
276, -4.00507, -7.75721, 180.578, 0.994915, -0.0971569, 0.026549, 0.0976371, 0.995069, -0.0174293, -0.0247247, 0.0199329, 0.999496, 0.002814  
277, -4.01976, -7.74755, 180.628, 0.994914, -0.0969512, 0.0273092, 0.0974041, 0.99512, -0.0157679, -0.0256472, 0.0183478, 0.999503, 0.00291275  
