0, 0, 0, 0, 0, 0, 0, 0, 0, 0, 0, 0, 0, 0.00666185  
1, 20.8215, 14.1808, 180.632, 0.998961, -0.0452255, 0.00558046, 0.0453732, 0.998518, -0.0300367, -0.00421377, 0.0302587, 0.999533, 0.0026329  
2, 20.8443, 14.1847, 180.628, 0.998988, -0.0446666, 0.00524494, 0.0448078, 0.998518, -0.0309007, -0.00385694, 0.0311044, 0.999509, 0.00289363  
3, 20.7974, 14.1902, 180.656, 0.998945, -0.0456145, 0.00522017, 0.0457572, 0.998453, -0.0315963, -0.00377085, 0.0318018, 0.999487, 0.00293247  
4, 20.8319, 14.1791, 180.632, 0.998986, -0.0447627, 0.00492586, 0.0448968, 0.998488, -0.0317271, -0.00349822, 0.0319161, 0.999484, 0.0029308  
5, 20.8309, 14.1856, 180.643, 0.998956, -0.0454477, 0.0045758, 0.0455678, 0.998482, -0.030924, -0.00316343, 0.0311002, 0.999511, 0.00277547  
6, 20.8262, 14.1559, 180.631, 0.99898, -0.0448151, 0.00560842, 0.0449652, 0.998528, -0.0303366, -0.00424063, 0.0305578, 0.999524, 0.00280903  
7, 20.8119, 14.181, 180.633, 0.998965, -0.0451813, 0.00525024, 0.0453235, 0.998485, -0.031186, -0.00383326, 0.0313917, 0.9995, 0.00279239  
8, 20.8333, 14.1571, 180.625, 0.998967, -0.0452053, 0.00472158, 0.0453304, 0.99849, -0.0310419, -0.00331119, 0.0312239, 0.999507, 0.00302234  
9, 20.8096, 14.1648, 180.647, 0.998955, -0.0454179, 0.00503753, 0.0455534, 0.998475, -0.0311988, -0.00361286, 0.0313957, 0.999501, 0.00295854  
10, 20.7923, 14.1501, 180.651, 0.998967, -0.0451031, 0.00557723, 0.045253, 0.998509, -0.0305411, -0.00419141, 0.0307619, 0.999518, 0.00278767  
11, 20.8198, 14.1651, 180.658, 0.998969, -0.0450511, 0.00551696, 0.0452038, 0.998476, -0.0316681, -0.00408187, 0.0318849, 0.999483, 0.00295632  
12, 20.8123, 14.1408, 180.653, 0.998971, -0.0450552, 0.00516431, 0.0451927, 0.998509, -0.0306206, -0.00377699, 0.0308225, 0.999518, 0.00300653  
13, 20.8113, 14.1236, 180.671, 0.998955, -0.045238, 0.00656357, 0.0454189, 0.998496, -0.0306957, -0.00516509, 0.0309617, 0.999507, 0.0034545  
14, 20.8164, 14.1492, 180.626, 0.998976, -0.0449837, 0.00484275, 0.0451125, 0.998502, -0.0309684, -0.00344242, 0.0311551, 0.999509, 0.00292914  
15, 20.8035, 14.1348, 180.633, 0.99899, -0.0446112, 0.00536849, 0.0447533, 0.998543, -0.030161, -0.00401515, 0.0303708, 0.999531, 0.00280459  
16, 20.8233, 14.1501, 180.659, 0.998991, -0.0446409, 0.00491497, 0.0447757, 0.998484, -0.0320062, -0.00347873, 0.032194, 0.999476, 0.00282568  
17, 20.8233, 14.1322, 180.645, 0.998983, -0.044843, 0.00474796, 0.0449678, 0.998519, -0.0306349, -0.00336716, 0.0308173, 0.999519, 0.00298129  
18, 20.8015, 14.1192, 180.648, 0.998985, -0.04474, 0.00516833, 0.0448814, 0.998492, -0.0316033, -0.00374661, 0.0318031, 0.999487, 0.00287782  
19, 20.8161, 14.1294, 180.65, 0.998975, -0.0450088, 0.00479048, 0.0451366, 0.998494, -0.0311731, -0.00338021, 0.0313574, 0.999503, 0.00290528  
20, 20.8247, 14.1339, 180.65, 0.998986, -0.0446959, 0.00536915, 0.0448434, 0.998496, -0.0315323, -0.00395172, 0.0317411, 0.999488, 0.00287283  
21, 20.8513, 14.1331, 180.629, 0.998979, -0.0448507, 0.00534561, 0.044993, 0.998524, -0.0304081, -0.0039739, 0.0306176, 0.999523, 0.00284454  
22, 20.8148, 14.1307, 180.641, 0.998996, -0.0444655, 0.00554258, 0.0446135, 0.998545, -0.0303005, -0.00418719, 0.0305173, 0.999525, 0.00291638  
23, 20.8163, 14.136, 180.649, 0.99899, -0.0445336, 0.00594478, 0.0446963, 0.998525, -0.0308386, -0.00456266, 0.0310732, 0.999507, 0.00292109  
24, 20.8494, 14.1371, 180.647, 0.998949, -0.0455937, 0.00459627, 0.0457126, 0.998492, -0.030386, -0.00320393, 0.0305642, 0.999528, 0.00287172  
25, 20.8423, 14.1304, 180.649, 0.998984, -0.0447586, 0.00535057, 0.0449019, 0.998522, -0.0306071, -0.00397273, 0.0308163, 0.999517, 0.00280903  
26, 20.8321, 14.0985, 180.649, 0.998983, -0.0446985, 0.00586899, 0.0448592, 0.998514, -0.0309424, -0.0044772, 0.0311742, 0.999504, 0.00282207  
27, 20.8669, 14.1192, 180.633, 0.998983, -0.044838, 0.00482914, 0.0449667, 0.998506, -0.0310418, -0.00343008, 0.0312274, 0.999506, 0.00278823  
28, 20.8398, 14.1118, 180.642, 0.998973, -0.0449904, 0.00537949, 0.0451354, 0.998505, -0.0308448, -0.00398373, 0.0310559, 0.99951, 0.0031516  
29, 20.8398, 14.1179, 180.628, 0.998992, -0.0446131, 0.00506038, 0.0447508, 0.998501, -0.0315104, -0.00364702, 0.0317051, 0.999491, 0.00305729  
30, 20.8201, 14.1046, 180.661, 0.999, -0.0444191, 0.00508787, 0.0445561, 0.998525, -0.0310414, -0.00370154, 0.031237, 0.999505, 0.00283954  
31, 20.8469, 14.1195, 180.637, 0.998955, -0.0453837, 0.00545591, 0.045529, 0.998501, -0.0303925, -0.00406841, 0.0306091, 0.999523, 0.00290778  
32, 20.8373, 14.1117, 180.644, 0.998988, -0.0445711, 0.00595685, 0.0447328, 0.998533, -0.0305174, -0.00458791, 0.030753, 0.999516, 0.00292026  
33, 20.8537, 14.1235, 180.64, 0.999011, -0.0441244, 0.00555858, 0.0442735, 0.998557, -0.0303948, -0.0042094, 0.0306108, 0.999523, 0.00301429  
34, 20.8371, 14.1338, 180.656, 0.998979, -0.0449004, 0.00490706, 0.0450297, 0.998519, -0.0305445, -0.00352833, 0.0307343, 0.999521, 0.00296409  
35, 20.8377, 14.1056, 180.643, 0.998981, -0.0447625, 0.00572978, 0.0449204, 0.998501, -0.0312815, -0.00432095, 0.031507, 0.999494, 0.00280543  
36, 20.8412, 14.103, 180.645, 0.99897, -0.0448797, 0.0066867, 0.0450607, 0.998535, -0.0299714, -0.0053318, 0.0302418, 0.999528, 0.00300459  
37, 20.8374, 14.1232, 180.644, 0.998975, -0.0449114, 0.00560275, 0.0450608, 0.998527, -0.0302363, -0.00423654, 0.0304578, 0.999527, 0.00299294  
38, 20.8476, 14.1564, 180.662, 0.998971, -0.0450875, 0.004838, 0.0452179, 0.998481, -0.0314825, -0.00341118, 0.0316689, 0.999493, 0.00292415  
39, 20.8306, 14.1449, 180.657, 0.998965, -0.0450817, 0.00598473, 0.045244, 0.998509, -0.030535, -0.00459924, 0.0307742, 0.999516, 0.00302456  
40, 20.8428, 14.1341, 180.627, 0.998977, -0.0449463, 0.0048911, 0.0450723, 0.99854, -0.0297723, -0.0035458, 0.0299623, 0.999545, 0.00278046  
41, 20.8382, 14.1324, 180.617, 0.998996, -0.0445072, 0.00518816, 0.0446441, 0.998546, -0.0302201, -0.00383561, 0.0304213, 0.99953, 0.00282179  
42, 20.8216, 14.1377, 180.638, 0.998995, -0.0444695, 0.00567534, 0.0446222, 0.99854, -0.0304473, -0.00431308, 0.0306699, 0.99952, 0.00303537  
43, 20.8159, 14.1301, 180.655, 0.998979, -0.0447394, 0.0062421, 0.0449072, 0.998541, -0.0299862, -0.00489143, 0.0302359, 0.999531, 0.00276715  
44, 20.8105, 14.1436, 180.65, 0.998974, -0.0448867, 0.00604384, 0.0450507, 0.99852, -0.0304784, -0.00466682, 0.0307194, 0.999517, 0.00291555  
45, 20.8324, 14.1599, 180.647, 0.998986, -0.0447473, 0.00495955, 0.0448786, 0.998523, -0.0306278, -0.00358172, 0.0308193, 0.999519, 0.00288587  
46, 20.8025, 14.1406, 180.648, 0.998966, -0.0450948, 0.00580815, 0.0452559, 0.998479, -0.031495, -0.00437905, 0.0317253, 0.999487, 0.00295383  
47, 20.8155, 14.1564, 180.614, 0.99899, -0.044633, 0.00518351, 0.0447721, 0.998521, -0.0308423, -0.00379925, 0.0310432, 0.999511, 0.00295882  
48, 20.8343, 14.1439, 180.64, 0.998978, -0.0448799, 0.00528439, 0.0450226, 0.998505, -0.0309894, -0.00388569, 0.0311956, 0.999506, 0.00306117  
49, 20.791, 14.1363, 180.638, 0.998978, -0.0448265, 0.00582416, 0.044984, 0.998521, -0.0305344, -0.00444679, 0.0307652, 0.999517, 0.003029  
50, 20.8001, 14.1452, 180.639, 0.998964, -0.045158, 0.00560771, 0.0453062, 0.998524, -0.0299616, -0.00424642, 0.0301846, 0.999535, 0.00271167  
51, 20.8135, 14.1394, 180.614, 0.998973, -0.0449986, 0.00530044, 0.0451417, 0.9985, -0.0309926, -0.00389786, 0.0312, 0.999506, 0.00288004  
52, 20.8236, 14.1656, 180.651, 0.998944, -0.0455602, 0.00591327, 0.0457224, 0.998472, -0.0310372, -0.00449017, 0.0312748, 0.999501, 0.0028867  
53, 20.8296, 14.1679, 180.632, 0.998993, -0.0445838, 0.00507333, 0.0447217, 0.998504, -0.0314497, -0.0036636, 0.0316449, 0.999492, 0.002948  
54, 20.826, 14.1532, 180.628, 0.998977, -0.0448947, 0.00537129, 0.0450398, 0.998507, -0.0309172, -0.00397525, 0.0311275, 0.999508, 0.00267977  
55, 20.802, 14.1678, 180.62, 0.998969, -0.0451637, 0.00456276, 0.0452823, 0.998507, -0.0305496, -0.00317622, 0.0307247, 0.999523, 0.00276715  
56, 20.8114, 14.1591, 180.648, 0.998963, -0.0451858, 0.0055246, 0.0453369, 0.998483, -0.0312364, -0.00410478, 0.0314545, 0.999497, 0.00297851  
57, 20.833, 14.1667, 180.64, 0.998957, -0.0452912, 0.00578436, 0.0454498, 0.998482, -0.0311051, -0.0043668, 0.0313355, 0.999499, 0.00294634  
58, 20.8089, 14.1816, 180.643, 0.998958, -0.0453592, 0.00505158, 0.0454952, 0.998477, -0.0312223, -0.00362767, 0.0314196, 0.9995, 0.00297962  
59, 20.799, 14.1792, 180.633, 0.998954, -0.0454217, 0.00536201, 0.0455663, 0.998482, -0.0309377, -0.00394863, 0.0311497, 0.999507, 0.00285036  
60, 20.8232, 14.1724, 180.641, 0.998961, -0.045262, 0.00523288, 0.0454035, 0.998483, -0.0311635, -0.00381442, 0.0313688, 0.999501, 0.00293524  
61, 20.8409, 14.1924, 180.624, 0.998984, -0.0447726, 0.00514182, 0.0449101, 0.998516, -0.0307933, -0.0037555, 0.0309929, 0.999513, 0.0028168  
62, 20.8222, 14.1912, 180.631, 0.998969, -0.0450721, 0.00549603, 0.0452194, 0.998511, -0.0305209, -0.00411221, 0.030738, 0.999519, 0.00299737  
63, 20.8159, 14.1898, 180.643, 0.998984, -0.0447872, 0.00494223, 0.0449178, 0.998522, -0.0306057, -0.00356419, 0.0307966, 0.999519, 0.00272526  
64, 20.8314, 14.1866, 180.635, 0.998969, -0.0450575, 0.00552634, 0.045205, 0.998517, -0.0303473, -0.00415077, 0.0305658, 0.999524, 0.0027591  
65, 20.8446, 14.1881, 180.644, 0.998967, -0.0451422, 0.00516446, 0.0452791, 0.998509, -0.0304842, -0.00378064, 0.0306865, 0.999522, 0.00275217  
66, 20.8548, 14.1901, 180.612, 0.99898, -0.0448772, 0.00507457, 0.0450101, 0.998532, -0.0301279, -0.00371507, 0.0303255, 0.999533, 0.00273525  
67, 20.816, 14.1732, 180.633, 0.998949, -0.0454639, 0.00583455, 0.0456158, 0.99853, -0.0292655, -0.00449545, 0.0295009, 0.999555, 0.00297296  
68, 20.8275, 14.1817, 180.658, 0.998969, -0.0450573, 0.00546387, 0.0452061, 0.998492, -0.0311507, -0.00405206, 0.0313656, 0.9995, 0.00283649  
69, 20.8169, 14.1719, 180.628, 0.998972, -0.0449697, 0.00563251, 0.0451209, 0.998518, -0.0304422, -0.00425518, 0.030665, 0.999521, 0.0027677  
70, 20.8256, 14.1673, 180.626, 0.998972, -0.0450429, 0.0050276, 0.0451781, 0.998493, -0.0311427, -0.00361727, 0.0313378, 0.999502, 0.00275633  
71, 20.8154, 14.1569, 180.622, 0.998968, -0.0450377, 0.00581315, 0.0451921, 0.99853, -0.0299112, -0.00445747, 0.030143, 0.999536, 0.00274912  
72, 20.8327, 14.1688, 180.627, 0.998972, -0.0450951, 0.00462971, 0.0452165, 0.998503, -0.0307627, -0.00323553, 0.0309404, 0.999516, 0.00281264  
73, 20.8191, 14.1717, 180.646, 0.998977, -0.0449209, 0.00514118, 0.0450563, 0.998526, -0.0302619, -0.00377421, 0.0304626, 0.999529, 0.00273137  
74, 20.8115, 14.1637, 180.618, 0.998976, -0.044932, 0.00526268, 0.0450743, 0.998501, -0.0310522, -0.00385955, 0.0312577, 0.999504, 0.0027261  
75, 20.8252, 14.1785, 180.656, 0.998962, -0.0452213, 0.00545725, 0.0453692, 0.99849, -0.0309706, -0.00404848, 0.0311861, 0.999505, 0.00278656  
76, 20.8241, 14.1784, 180.649, 0.998957, -0.045315, 0.00560862, 0.045466, 0.998497, -0.0306088, -0.00421315, 0.0308319, 0.999516, 0.00277575  
77, 20.8427, 14.1615, 180.627, 0.998963, -0.0453363, 0.00418446, 0.0454451, 0.998478, -0.0312358, -0.00276198, 0.0313935, 0.999503, 0.00286007  
78, 20.8317, 14.1575, 180.654, 0.998936, -0.0457935, 0.00538757, 0.0459372, 0.998477, -0.0305483, -0.00398045, 0.0307633, 0.999519, 0.00292442  
79, 20.8135, 14.1601, 180.607, 0.998985, -0.0447429, 0.00521008, 0.0448797, 0.99854, -0.03005, -0.00385796, 0.0302533, 0.999535, 0.00282928  
80, 20.811, 14.1579, 180.633, 0.998957, -0.0452863, 0.00581479, 0.0454425, 0.998506, -0.0303505, -0.00443164, 0.030583, 0.999522, 0.00283455  
81, 20.8238, 14.1548, 180.632, 0.998979, -0.0448895, 0.00501895, 0.0450221, 0.99852, -0.0305059, -0.00364213, 0.0307007, 0.999522, 0.00278435  
82, 20.8269, 14.1465, 180.627, 0.998964, -0.0451879, 0.0054163, 0.0453332, 0.998501, -0.0306623, -0.00402262, 0.030876, 0.999515, 0.00286506  
83, 20.8095, 14.1543, 180.641, 0.998957, -0.0453295, 0.00541386, 0.0454771, 0.998476, -0.0312701, -0.00398815, 0.0314838, 0.999496, 0.00278074  
84, 20.8268, 14.1645, 180.644, 0.998957, -0.0453913, 0.00496459, 0.0455236, 0.998484, -0.0309517, -0.00355213, 0.0311454, 0.999509, 0.00279516  
85, 20.8225, 14.1379, 180.624, 0.998977, -0.0448843, 0.00545175, 0.0450323, 0.998504, -0.0310248, -0.00405106, 0.0312386, 0.999504, 0.00283594  
86, 20.8285, 14.1537, 180.647, 0.998985, -0.0447458, 0.00513102, 0.0448827, 0.99852, -0.0307063, -0.00374945, 0.0309054, 0.999515, 0.00284676  
87, 20.8292, 14.1339, 180.621, 0.998979, -0.0448167, 0.00568777, 0.0449702, 0.99852, -0.0305763, -0.00430902, 0.0308009, 0.999516, 0.00289391  
88, 20.8412, 14.1374, 180.652, 0.998977, -0.0449161, 0.00518903, 0.045057, 0.998493, -0.0313326, -0.00377388, 0.0315343, 0.999496, 0.00295882  
89, 20.8172, 14.1375, 180.64, 0.99898, -0.0448774, 0.00497495, 0.0450107, 0.998503, -0.0310828, -0.00357258, 0.0312751, 0.999504, 0.00287089  
90, 20.8154, 14.1093, 180.628, 0.998973, -0.0450034, 0.00516618, 0.0451444, 0.998482, -0.0315394, -0.00373896, 0.0317402, 0.999489, 0.00281902  
91, 20.833, 14.1309, 180.639, 0.998988, -0.0446604, 0.00526731, 0.0448014, 0.998525, -0.0306628, -0.00389013, 0.0308677, 0.999516, 0.00296381  
92, 20.8051, 14.1192, 180.633, 0.998976, -0.0449646, 0.00502138, 0.0450972, 0.998517, -0.0304958, -0.0036427, 0.0306911, 0.999522, 0.00295549  
93, 20.8254, 14.1098, 180.624, 0.998985, -0.044608, 0.00628605, 0.0447775, 0.998545, -0.0300543, -0.00493624, 0.0303052, 0.999529, 0.00297879  
94, 20.8171, 14.1225, 180.641, 0.998974, -0.0448864, 0.00601555, 0.0450497, 0.998519, -0.0305063, -0.00463733, 0.030746, 0.999516, 0.00280848  
95, 20.866, 14.1199, 180.616, 0.999001, -0.0444197, 0.00497168, 0.0445532, 0.998524, -0.0310643, -0.00358448, 0.0312548, 0.999505, 0.00285674  
96, 20.8533, 14.1234, 180.641, 0.99898, -0.0449169, 0.00463586, 0.045041, 0.998489, -0.0314853, -0.00321463, 0.031662, 0.999493, 0.00290667  
97, 20.8766, 14.1198, 180.655, 0.998978, -0.044854, 0.00552631, 0.0450035, 0.998512, -0.0308, -0.00413658, 0.0310173, 0.99951, 0.00296464  
98, 20.8232, 14.1248, 180.649, 0.998976, -0.0448945, 0.00553496, 0.0450422, 0.998525, -0.0303201, -0.00416559, 0.0305383, 0.999525, 0.00291721  
99, 20.852, 14.1254, 180.616, 0.998994, -0.0445365, 0.00525047, 0.0446814, 0.998495, -0.0318008, -0.00382627, 0.0320034, 0.99948, 0.00295327  
100, 20.8518, 14.1338, 180.623, 0.998999, -0.0444061, 0.00537121, 0.0445492, 0.998546, -0.0303471, -0.0040158, 0.030556, 0.999525, 0.00288087  
101, 20.8492, 14.1364, 180.628, 0.999003, -0.0444082, 0.00451257, 0.0445288, 0.998509, -0.0315765, -0.00310359, 0.031746, 0.999491, 0.0029039  
102, 20.8173, 14.0881, 180.637, 0.999005, -0.044122, 0.00655515, 0.0443009, 0.99856, -0.0302446, -0.00521126, 0.0305049, 0.999521, 0.00298933  
103, 20.8436, 14.124, 180.652, 0.998965, -0.0451645, 0.00540908, 0.0453139, 0.998469, -0.0317226, -0.00396806, 0.0319349, 0.999482, 0.00300653  
104, 20.857, 14.1202, 180.633, 0.998997, -0.044424, 0.00562135, 0.0445763, 0.998533, -0.0307367, -0.00424766, 0.0309564, 0.999512, 0.0029222  
105, 20.8468, 14.1357, 180.607, 0.99901, -0.0442462, 0.00467439, 0.0443678, 0.998556, -0.0303007, -0.00332695, 0.0304781, 0.99953, 0.0028082  
106, 20.837, 14.1369, 180.651, 0.998973, -0.0450242, 0.0049867, 0.0451572, 0.998502, -0.0308974, -0.00358809, 0.0310908, 0.99951, 0.00432658  
107, 20.8342, 14.1199, 180.642, 0.998974, -0.0449599, 0.00552373, 0.0451095, 0.998505, -0.03087, -0.00412757, 0.0310874, 0.999508, 0.00282762  
108, 20.832, 14.1266, 180.633, 0.998966, -0.0452004, 0.00492284, 0.0453283, 0.99852, -0.0300532, -0.00355713, 0.0302453, 0.999536, 0.00308392  
109, 20.8326, 14.145, 180.659, 0.998983, -0.0447757, 0.00536951, 0.0449194, 0.998523, -0.0305688, -0.00399283, 0.0307789, 0.999518, 0.00294745  
110, 20.8317, 14.1241, 180.649, 0.999004, -0.0442472, 0.00574757, 0.0444031, 0.998544, -0.0306427, -0.00438335, 0.0308674, 0.999514, 0.00288087  
111, 20.8211, 14.1443, 180.625, 0.998979, -0.0449346, 0.00475156, 0.0450583, 0.998525, -0.0302954, -0.00338324, 0.0304786, 0.99953, 0.00266174  
112, 20.8339, 14.1554, 180.652, 0.998968, -0.0450673, 0.00565481, 0.0452172, 0.998527, -0.0299991, -0.0042945, 0.0302238, 0.999534, 0.00269586  
113, 20.8317, 14.1561, 180.641, 0.998952, -0.0453995, 0.00584141, 0.0455543, 0.998516, -0.0298477, -0.00447767, 0.0300825, 0.999537, 0.00267256  
114, 20.8244, 14.1712, 180.66, 0.998962, -0.0452032, 0.00555704, 0.0453536, 0.998495, -0.030832, -0.00415497, 0.031052, 0.999509, 0.00410662  
115, 20.8337, 14.1866, 180.644, 0.998974, -0.0450409, 0.00474117, 0.0451662, 0.998502, -0.0308975, -0.00334241, 0.0310799, 0.999511, 0.00370164  
116, 20.8189, 14.2049, 180.639, 0.998994, -0.0445385, 0.00531311, 0.0446787, 0.998548, -0.0300923, -0.00396513, 0.0302994, 0.999533, 0.00386252  
117, 20.7995, 14.2138, 180.654, 0.998931, -0.0457862, 0.0063162, 0.0459492, 0.998532, -0.028672, -0.00499415, 0.0289316, 0.999569, 0.00373853  
118, 20.802, 14.2287, 180.666, 0.998935, -0.0457953, 0.00566085, 0.0459389, 0.998536, -0.0285614, -0.00434458, 0.0287911, 0.999576, 0.00289141  
119, 20.8325, 14.2495, 180.643, 0.99895, -0.045433, 0.00593333, 0.0455838, 0.998557, -0.0284029, -0.00463434, 0.0286435, 0.999579, 0.00399761  
120, 20.8002, 14.2628, 180.652, 0.998979, -0.0447424, 0.00622464, 0.0448932, 0.998636, -0.0266732, -0.00502273, 0.0269254, 0.999625, 0.00280737  
121, 20.8101, 14.3187, 180.661, 0.998973, -0.0449351, 0.00575202, 0.045068, 0.998657, -0.0255592, -0.0045958, 0.0257922, 0.999657, 0.00362398  
122, 20.8226, 14.3476, 180.645, 0.998982, -0.0447653, 0.00552816, 0.0448864, 0.9987, -0.0241756, -0.00443875, 0.0243991, 0.999692, 0.00278296  
123, 20.8102, 14.3709, 180.681, 0.998942, -0.0456589, 0.00543982, 0.0457797, 0.998647, -0.0246522, -0.00430687, 0.0248751, 0.999681, 0.00274523  
124, 20.7958, 14.4154, 180.67, 0.998954, -0.045429, 0.0051668, 0.0455336, 0.998712, -0.022365, -0.00414413, 0.0225769, 0.999737, 0.00271972  
125, 20.7673, 14.4505, 180.674, 0.998967, -0.0451931, 0.00473942, 0.0452852, 0.998741, -0.0215629, -0.00375896, 0.0217552, 0.999756, 0.00289197  
126, 20.806, 14.4989, 180.698, 0.998978, -0.0450535, 0.00358919, 0.0451206, 0.998749, -0.0215715, -0.00261283, 0.0217114, 0.999761, 0.00272721  
127, 20.7695, 14.5175, 180.7, 0.998967, -0.0452406, 0.00425732, 0.0453157, 0.99878, -0.0196206, -0.00336448, 0.0197933, 0.999798, 0.00274024  
128, 20.7869, 14.5388, 180.697, 0.998987, -0.0447721, 0.004604, 0.0448463, 0.99884, -0.0175234, -0.0038141, 0.0177121, 0.999836, 0.00273137  
129, 20.8048, 14.5659, 180.705, 0.998973, -0.0450959, 0.00439631, 0.0451645, 0.998835, -0.017006, -0.00362428, 0.0171871, 0.999846, 0.0027358  
130, 20.7919, 14.609, 180.72, 0.998992, -0.0446404, 0.00481303, 0.0447101, 0.99888, -0.0155006, -0.00411569, 0.0157001, 0.999868, 0.00276937  
131, 20.7854, 14.633, 180.729, 0.998968, -0.0450729, 0.00560254, 0.0451444, 0.998891, -0.0133662, -0.00499387, 0.0136053, 0.999895, 0.00282873  
132, 20.7809, 14.6655, 180.726, 0.999005, -0.0442422, 0.00567883, 0.0443083, 0.998945, -0.0121008, -0.00513747, 0.0123404, 0.999911, 0.00275272  
133, 20.7642, 14.6825, 180.754, 0.999017, -0.0439714, 0.00566883, 0.0440252, 0.998983, -0.00973863, -0.00523484, 0.00997863, 0.999937, 0.00275356  
134, 20.7633, 14.7025, 180.772, 0.999005, -0.0443747, 0.00452623, 0.0444151, 0.99897, -0.00926079, -0.00411063, 0.00945261, 0.999947, 0.00271028  
135, 20.753, 14.7178, 180.767, 0.999015, -0.0440641, 0.0052291, 0.0440982, 0.999005, -0.00659189, -0.00493343, 0.00681599, 0.999965, 0.00277491  
136, 20.7586, 14.7241, 180.79, 0.999006, -0.0441852, 0.00592463, 0.0442128, 0.999011, -0.00461462, -0.00571487, 0.00487197, 0.999972, 0.00274884  
137, 20.7608, 14.7195, 180.759, 0.999025, -0.0438194, 0.00531035, 0.0438377, 0.999033, -0.00337454, -0.00515734, 0.00360405, 0.99998, 0.00279544  
138, 20.8052, 14.6858, 180.784, 0.999014, -0.0440589, 0.00543124, 0.0440721, 0.999026, -0.00233377, -0.00532312, 0.00257084, 0.999983, 0.00278712  
139, 20.7961, 14.6467, 180.741, 0.99902, -0.0439477, 0.00528046, 0.0439532, 0.999033, -0.000921145, -0.00523487, 0.00115233, 0.999986, 0.00286811  
140, 20.8462, 14.6435, 180.781, 0.999033, -0.0436432, 0.0052834, 0.0436371, 0.999047, 0.00125789, -0.00533326, -0.00102612, 0.999985, 0.0029824  
141, 20.8509, 14.6216, 180.78, 0.999021, -0.0437703, 0.00643987, 0.0437443, 0.999034, 0.00413339, -0.00661457, -0.00384764, 0.999971, 0.00268948  
142, 20.8478, 14.551, 180.779, 0.999012, -0.0439244, 0.00672866, 0.0438892, 0.999022, 0.00529493, -0.00695466, -0.00499438, 0.999963, 0.00274884  
143, 20.9004, 14.5402, 180.78, 0.999054, -0.0429683, 0.00668493, 0.0429165, 0.999049, 0.0076996, -0.00700941, -0.00740542, 0.999948, 0.00273941  
144, 20.9024, 14.5115, 180.801, 0.999066, -0.0425604, 0.00741487, 0.0424882, 0.99905, 0.00963944, -0.00781809, -0.0093154, 0.999926, 0.00275772  
145, 20.9373, 14.4846, 180.782, 0.99902, -0.0436603, 0.00730525, 0.0435711, 0.998979, 0.0119436, -0.00781925, -0.0116136, 0.999902, 0.00277658  
146, 20.9306, 14.3803, 180.788, 0.998995, -0.0441722, 0.0076094, 0.0440701, 0.998943, 0.0130969, -0.00817987, -0.0127484, 0.999885, 0.00290861  
147, 20.9833, 14.3461, 180.807, 0.999016, -0.0437123, 0.00750369, 0.0435958, 0.998936, 0.0150531, -0.00815372, -0.0147112, 0.999859, 0.00295604  
148, 20.9813, 14.2194, 180.801, 0.999033, -0.0432336, 0.00803935, 0.0430966, 0.998935, 0.0165032, -0.00874428, -0.0161407, 0.999831, 0.00282401  
149, 21.0123, 14.2035, 180.81, 0.99898, -0.0445918, 0.00711234, 0.0444602, 0.998854, 0.017701, -0.00789351, -0.0173667, 0.999818, 0.00284093  
150, 21.0274, 14.127, 180.802, 0.998988, -0.0443844, 0.00728481, 0.0442282, 0.998814, 0.0203636, -0.00817999, -0.0200208, 0.999766, 0.00284814  
151, 21.0344, 14.0507, 180.81, 0.99901, -0.0438879, 0.00730749, 0.0437193, 0.998806, 0.0218146, -0.00825616, -0.0214735, 0.999735, 0.00282262  
152, 21.0824, 13.9835, 180.833, 0.998967, -0.0448214, 0.00752717, 0.0446349, 0.998731, 0.0233434, -0.0085639, -0.0229833, 0.999699, 0.00287976  
153, 21.0961, 13.8866, 180.846, 0.998961, -0.0449366, 0.00763935, 0.0447236, 0.998659, 0.0260811, -0.00880111, -0.0257124, 0.999631, 0.00280404  
154, 21.0997, 13.8515, 180.839, 0.998952, -0.0449911, 0.00834967, 0.0447273, 0.998565, 0.0294688, -0.00966351, -0.0290644, 0.999531, 0.00289974  
155, 21.1177, 13.8023, 180.872, 0.99898, -0.0443935, 0.00823831, 0.0441249, 0.998566, 0.0303284, -0.00957288, -0.029934, 0.999506, 0.00310278  
156, 21.1327, 13.7264, 180.868, 0.998956, -0.0450051, 0.00780475, 0.0447253, 0.998456, 0.0329343, -0.00927492, -0.0325508, 0.999427, 0.00290362  
157, 21.1309, 13.6499, 180.883, 0.998963, -0.0449629, 0.00722245, 0.044678, 0.998364, 0.0356733, -0.00881461, -0.0353136, 0.999337, 0.00297934  
158, 21.1272, 13.5116, 180.902, 0.998938, -0.0455897, 0.00669385, 0.0453083, 0.998271, 0.0374538, -0.00838978, -0.0371107, 0.999276, 0.00278851  
159, 21.0613, 13.3684, 180.948, 0.998924, -0.0457724, 0.00742211, 0.045459, 0.998244, 0.0379829, -0.00914765, -0.0376047, 0.999251, 0.00272915  
160, 21.0814, 13.2917, 180.946, 0.998992, -0.044511, 0.00581322, 0.0442432, 0.998217, 0.0400776, -0.00758674, -0.03978, 0.99918, 0.00293801  
161, 21.0887, 13.2343, 180.95, 0.998996, -0.0444239, 0.00572657, 0.0441438, 0.998134, 0.0421764, -0.00758953, -0.0418812, 0.999094, 0.00289308  
162, 21.0832, 13.1588, 180.961, 0.998963, -0.0452637, 0.00492224, 0.0449988, 0.997984, 0.0447619, -0.00693841, -0.044494, 0.998986, 0.00286839  
163, 21.0776, 13.0908, 180.964, 0.998942, -0.0457043, 0.00501801, 0.0454017, 0.997749, 0.0493606, -0.0072627, -0.0490806, 0.998768, 0.0028437  
164, 21.0396, 13.0471, 180.975, 0.998972, -0.0451194, 0.00444206, 0.0448215, 0.99759, 0.052957, -0.00682074, -0.0527035, 0.998587, 0.00268837  
165, 21.0452, 13.027, 180.999, 0.998935, -0.0459901, 0.00363897, 0.0457229, 0.997457, 0.0546645, -0.00614375, -0.0544399, 0.998498, 0.00287311  
166, 21.0236, 12.9381, 181.042, 0.998949, -0.0457259, 0.00324245, 0.0454527, 0.997195, 0.0594603, -0.00595223, -0.0592504, 0.998225, 0.00294883  
167, 21.0283, 12.8734, 181.048, 0.998928, -0.0462677, 0.00151277, 0.0461026, 0.997257, 0.0579126, -0.0041881, -0.0577808, 0.998321, 0.0029358  
168, 20.9773, 12.7955, 181.054, 0.998964, -0.0454137, 0.00289382, 0.0451446, 0.997025, 0.0624744, -0.0057224, -0.062279, 0.998042, 0.00284343  
169, 21.0294, 12.7082, 181.065, 0.99893, -0.0462462, 0.000702903, 0.0461076, 0.996904, 0.0636897, -0.00364613, -0.0635892, 0.99797, 0.00291971  
170, 20.9417, 12.6607, 181.105, 0.998946, -0.0458915, 0.000746103, 0.0457381, 0.996697, 0.0671053, -0.00382321, -0.0670005, 0.997746, 0.00298877  
171, 20.8858, 12.622, 181.088, 0.998989, -0.0449639, -0.000365062, 0.0448761, 0.996461, 0.0710772, -0.00283214, -0.0710217, 0.997471, 0.00301845  
172, 20.8905, 12.5146, 181.092, 0.998963, -0.0455235, -0.000178651, 0.0454109, 0.9962, 0.0743156, -0.00320514, -0.0742467, 0.997235, 0.00287505  
173, 20.8522, 12.4307, 181.08, 0.998999, -0.0447231, -0.000663467, 0.0446448, 0.996128, 0.07574, -0.00272643, -0.0756938, 0.997127, 0.00265065  
174, 20.8244, 12.4679, 181.077, 0.998994, -0.0447726, -0.00232532, 0.0448161, 0.995853, 0.0791781, -0.00122934, -0.0792027, 0.996858, 0.00276604  
175, 20.7746, 12.4013, 181.071, 0.999022, -0.0441199, -0.0029903, 0.0442159, 0.995579, 0.082872, -0.000679227, -0.0829232, 0.996556, 0.00296409  
176, 20.7345, 12.2853, 181.077, 0.999, -0.0445348, -0.003906, 0.0447055, 0.99547, 0.0839071, 0.000151519, -0.0839978, 0.996466, 0.003024  
177, 20.7173, 12.1731, 181.04, 0.999009, -0.0442742, -0.00447444, 0.0444951, 0.995286, 0.0861757, 0.000637994, -0.0862894, 0.99627, 0.00283594  
178, 20.6525, 12.0827, 181.06, 0.999038, -0.0436304, -0.0044948, 0.0438573, 0.995087, 0.0887648, 0.000599869, -0.0888765, 0.996042, 0.00280016  
179, 20.5757, 11.9365, 181.051, 0.99904, -0.0434207, -0.0057385, 0.0437594, 0.995067, 0.0890327, 0.00184432, -0.0891984, 0.996012, 0.00294717  
180, 20.4757, 11.8726, 181.038, 0.999031, -0.0436519, -0.00566221, 0.0439929, 0.994483, 0.0952297, 0.00147401, -0.0953865, 0.995439, 0.00295854  
181, 20.409, 11.7248, 181.029, 0.999037, -0.0434033, -0.00639139, 0.0438169, 0.994407, 0.0960982, 0.00218466, -0.0962857, 0.995351, 0.00300625  
182, 20.3053, 11.6023, 181.003, 0.999036, -0.0431499, -0.00809947, 0.0437401, 0.994133, 0.0989217, 0.0037835, -0.0991806, 0.995062, 0.00292248  
183, 20.2255, 11.4505, 180.994, 0.999012, -0.043664, -0.00823871, 0.0442786, 0.993763, 0.102346, 0.00371848, -0.10261, 0.994715, 0.0028609  
184, 20.1571, 11.2755, 180.969, 0.999017, -0.0431308, -0.0102315, 0.043966, 0.993538, 0.104643, 0.00565206, -0.10499, 0.994457, 0.00295022  
185, 20.0554, 11.0126, 181.016, 0.99904, -0.0424166, -0.01095, 0.0433379, 0.993454, 0.105694, 0.00639513, -0.106067, 0.994338, 0.00297907  
186, 19.9958, 10.7529, 180.981, 0.999065, -0.0418646, -0.0108291, 0.0427935, 0.993181, 0.108444, 0.00621533, -0.108806, 0.994044, 0.0030265  
187, 19.8565, 10.4574, 180.989, 0.999033, -0.0425402, -0.0111384, 0.0435053, 0.99304, 0.109444, 0.00640507, -0.109823, 0.993931, 0.00288975  
188, 19.7049, 10.2206, 180.98, 0.999042, -0.0423948, -0.0108551, 0.0433641, 0.992402, 0.115139, 0.00589134, -0.115499, 0.99329, 0.00283899  
189, 19.5465, 9.82085, 180.984, 0.999053, -0.0424641, -0.00946353, 0.0432782, 0.992253, 0.116456, 0.00444503, -0.116755, 0.993151, 0.00295299  
190, 19.4055, 9.4922, 180.984, 0.998982, -0.0432783, -0.0126912, 0.0444666, 0.992158, 0.116813, 0.0075362, -0.117258, 0.993073, 0.0028573  
191, 19.2647, 9.15056, 180.941, 0.998969, -0.0436206, -0.0125579, 0.0448065, 0.991892, 0.118923, 0.00726857, -0.119363, 0.992824, 0.00281985  
192, 19.1478, 8.67347, 180.932, 0.998919, -0.044353, -0.0139098, 0.045701, 0.991769, 0.119606, 0.00849042, -0.120112, 0.992724, 0.0029136  
193, 18.9745, 8.23315, 180.927, 0.998902, -0.0454428, -0.011427, 0.0465109, 0.991183, 0.124065, 0.0056884, -0.12446, 0.992208, 0.00277048  
194, 18.8327, 7.77912, 180.919, 0.998913, -0.0446901, -0.013225, 0.0459848, 0.991259, 0.123659, 0.0075831, -0.124133, 0.992237, 0.00291943  
195, 18.7675, 7.25497, 180.85, 0.998859, -0.0457939, -0.0135425, 0.0471347, 0.99096, 0.125604, 0.00766814, -0.126099, 0.991988, 0.00303232  
196, 18.6958, 6.70854, 180.857, 0.99882, -0.0464869, -0.0140799, 0.0478987, 0.990786, 0.126681, 0.00806115, -0.127206, 0.991844, 0.00301013  
197, 18.6079, 6.23975, 180.829, 0.998857, -0.0460898, -0.0126983, 0.0473569, 0.990274, 0.130822, 0.00654521, -0.131274, 0.991325, 0.00292248  
198, 18.6, 5.59634, 180.812, 0.9988, -0.0469893, -0.0137936, 0.0483743, 0.990536, 0.128446, 0.00762746, -0.12896, 0.991621, 0.00275328  
199, 18.5981, 4.95194, 180.824, 0.998897, -0.0446525, -0.0145405, 0.0461444, 0.990773, 0.127434, 0.00871608, -0.127964, 0.991741, 0.00294828  
200, 18.6423, 4.32099, 180.751, 0.998952, -0.0432579, -0.0149287, 0.0448161, 0.99076, 0.128005, 0.00925357, -0.12854, 0.991661, 0.00309335  
201, 18.7236, 3.59227, 180.703, 0.998956, -0.0425557, -0.0166117, 0.0443325, 0.990823, 0.127687, 0.0110254, -0.12829, 0.991675, 0.0027677  
202, 18.8131, 2.85341, 180.636, 0.998984, -0.0422351, -0.0157046, 0.0439272, 0.99047, 0.130533, 0.0100419, -0.13109, 0.99132, 0.00297574  
203, 18.99, 1.92911, 180.626, 0.999048, -0.0404054, -0.0164688, 0.042183, 0.990899, 0.127827, 0.011154, -0.128399, 0.99166, 0.00293607  
204, 19.1436, 1.01489, 180.58, 0.999005, -0.0414855, -0.0163665, 0.0432281, 0.991006, 0.126646, 0.0109653, -0.127228, 0.991813, 0.00302983  
205, 19.3145, -0.0437039, 180.574, 0.999026, -0.040969, -0.0164073, 0.0427226, 0.991008, 0.126798, 0.011065, -0.127376, 0.991793, 0.00302594  
206, 19.5102, -1.05468, 180.602, 0.999037, -0.0404584, -0.0169512, 0.0422655, 0.991242, 0.125108, 0.0117411, -0.125704, 0.991998, 0.00298767  
207, 19.7376, -2.17338, 180.599, 0.999013, -0.0419495, -0.0146119, 0.0434435, 0.991292, 0.124309, 0.00926992, -0.124821, 0.992136, 0.00292997  
208, 19.9971, -3.29924, 180.598, 0.99906, -0.0408023, -0.0146546, 0.042316, 0.991267, 0.124893, 0.00943071, -0.125395, 0.992062, 0.00275772  
209, 20.2196, -4.54101, 180.607, 0.999039, -0.0419848, -0.0125985, 0.0432242, 0.991354, 0.123889, 0.00728812, -0.124314, 0.992216, 0.0029186  
210, 20.5408, -5.76677, 180.598, 0.999089, -0.040975, -0.0119266, 0.0421146, 0.991832, 0.120395, 0.006896, -0.120787, 0.992654, 0.00304758  
211, 20.8241, -7.08905, 180.603, 0.999058, -0.0423848, -0.00931972, 0.0431871, 0.992133, 0.117504, 0.00426602, -0.117796, 0.993029, 0.00304231  
212, 21.0932, -8.41585, 180.667, 0.999074, -0.0418606, -0.00992906, 0.0426979, 0.993055, 0.109633, 0.00527079, -0.109956, 0.993922, 0.00305701  
213, 21.396, -9.70451, 180.664, 0.999068, -0.0427124, -0.00627068, 0.0431409, 0.993151, 0.108583, 0.0015899, -0.108752, 0.994068, 0.00277048  
214, 21.7696, -11.0558, 180.707, 0.999091, -0.0420718, -0.00693613, 0.0425676, 0.993573, 0.104884, 0.0024789, -0.105084, 0.99446, 0.00263095  
215, 22.0811, -12.5414, 180.752, 0.999094, -0.0422173, -0.00537727, 0.0425431, 0.994117, 0.0996059, 0.00114054, -0.0997444, 0.995012, 0.00271833  
216, 22.4053, -13.9948, 180.731, 0.99914, -0.0411368, -0.00518367, 0.0414459, 0.994409, 0.0971196, 0.0011595, -0.0972509, 0.995259, 0.00265509  
217, 22.7322, -15.5264, 180.707, 0.999207, -0.0397349, -0.00234827, 0.0397768, 0.99459, 0.0959592, -0.00147736, -0.0959766, 0.995382, 0.00258796  
218, 23.126, -17.1415, 180.714, 0.999206, -0.0398266, -0.00117527, 0.0397635, 0.994881, 0.0929048, -0.00253083, -0.0928778, 0.995674, 0.00280348  
219, 23.4152, -18.7837, 180.668, 0.999213, -0.0396292, 0.00193184, 0.0392917, 0.995117, 0.0905402, -0.00551044, -0.090393, 0.995891, 0.00274385  
220, 23.7248, -20.4336, 180.627, 0.999258, -0.0384159, 0.00276831, 0.0380411, 0.995644, 0.0851197, -0.0060262, -0.0849512, 0.996367, 0.00309279  
221, 23.9749, -22.036, 180.633, 0.999181, -0.0402117, 0.00456536, 0.0397268, 0.99609, 0.0789056, -0.00772045, -0.0786596, 0.996872, 0.00288725  
222, 24.2647, -23.5223, 180.673, 0.999131, -0.0415591, 0.00329079, 0.0412018, 0.996404, 0.0740414, -0.00635605, -0.0738415, 0.99725, 0.00279489  
223, 24.5113, -25.0921, 180.683, 0.999079, -0.0427658, 0.00344269, 0.0424364, 0.996817, 0.0674931, -0.00631813, -0.0672848, 0.997714, 0.00286368  
224, 24.7684, -26.7024, 180.789, 0.999114, -0.0419548, 0.00339093, 0.0416738, 0.997304, 0.0603988, -0.0059158, -0.0602039, 0.998169, 0.00268116  
225, 25.0548, -28.356, 180.802, 0.999075, -0.0426638, 0.0053226, 0.0423111, 0.997616, 0.0545147, -0.00763571, -0.0542391, 0.998499, 0.00267312  
226, 25.2803, -30.0064, 180.763, 0.999124, -0.0412669, 0.00693395, 0.0408614, 0.997865, 0.0509393, -0.00902125, -0.0506113, 0.998678, 0.00283122  
227, 25.5406, -31.6815, 180.734, 0.99909, -0.0419192, 0.0078489, 0.0415192, 0.998096, 0.0456089, -0.00974585, -0.0452416, 0.998929, 0.0028989  
228, 25.7762, -33.4831, 180.69, 0.999087, -0.0420434, 0.00762856, 0.041696, 0.998285, 0.0410818, -0.0093427, -0.0407262, 0.999127, 0.00280515  
229, 26.0375, -35.3298, 180.71, 0.99902, -0.0432579, 0.00938901, 0.0428879, 0.99841, 0.0365669, -0.0109559, -0.0361284, 0.999287, 0.00270252  
230, 26.3033, -37.1864, 180.67, 0.998968, -0.0443442, 0.00985562, 0.0440199, 0.99855, 0.0309924, -0.0112157, -0.0305266, 0.999471, 0.00296603  
231, 26.5702, -39.1324, 180.64, 0.998883, -0.0452732, 0.0135525, 0.0448479, 0.998538, 0.0301914, -0.0148995, -0.0295498, 0.999452, 0.00286284  
232, 26.8223, -40.9462, 180.558, 0.998812, -0.0467643, 0.0137158, 0.0463459, 0.998493, 0.0293869, -0.0150694, -0.0287164, 0.999474, 0.00286784  
233, 27.0736, -42.8117, 180.578, 0.998777, -0.0478452, 0.0124468, 0.0475546, 0.998611, 0.0226775, -0.0135145, -0.0220578, 0.999665, 0.00280459  
234, 27.3153, -44.5773, 180.654, 0.998795, -0.0475629, 0.012069, 0.0473798, 0.998764, 0.0150272, -0.0127688, -0.0144372, 0.999814, 0.00286035  
235, 27.4301, -46.4397, 180.651, 0.998762, -0.0478506, 0.0135653, 0.0477113, 0.998807, 0.0104069, -0.0140471, -0.00974675, 0.999854, 0.0030964  
236, 27.4603, -48.2811, 180.649, 0.998847, -0.0453446, 0.015796, 0.0452912, 0.998967, 0.00372328, -0.0159485, -0.00300356, 0.999868, 0.00289641  
237, 27.5607, -50.1106, 180.635, 0.998821, -0.0461669, 0.0149883, 0.0461764, 0.998933, -0.000285355, -0.0149592, 0.000977125, 0.999888, 0.00292082  
238, 27.6525, -52.0655, 180.622, 0.998777, -0.0466109, 0.0164607, 0.0467098, 0.998892, -0.00567479, -0.016178, 0.00643673, 0.999848, 0.00280626  
239, 27.8005, -53.9827, 180.67, 0.998754, -0.0475894, 0.015009, 0.0477861, 0.998773, -0.0130345, -0.0143703, 0.0137355, 0.999802, 0.00279322  
240, 27.8759, -55.7346, 180.651, 0.998711, -0.0489364, 0.0134386, 0.0491353, 0.998681, -0.0148907, -0.0126922, 0.0155318, 0.999799, 0.00291055  
241, 27.9585, -57.4341, 180.691, 0.998703, -0.0491944, 0.0131574, 0.0494189, 0.998628, -0.0173183, -0.0122874, 0.0179461, 0.999763, 0.00294717  
242, 28.0729, -59.3527, 180.676, 0.998687, -0.0493415, 0.013762, 0.04967, 0.998462, -0.0246437, -0.0125249, 0.0252949, 0.999602, 0.00290806  
243, 28.1671, -61.0102, 180.665, 0.998769, -0.0473377, 0.0148287, 0.0476891, 0.998566, -0.0243115, -0.0136566, 0.0249888, 0.999594, 0.00284343  
244, 28.3155, -62.9035, 180.655, 0.998737, -0.0471707, 0.0173286, 0.0476714, 0.998421, -0.0297139, -0.0158996, 0.0305024, 0.999408, 0.00287921  
245, 28.4402, -64.7027, 180.63, 0.998793, -0.0455509, 0.0183767, 0.0461614, 0.998345, -0.0342908, -0.0167843, 0.0350977, 0.999243, 0.00296131  
246, 28.5092, -66.3833, 180.594, 0.998747, -0.0462756, 0.0190335, 0.0469878, 0.99814, -0.0388477, -0.0172004, 0.0396934, 0.999064, 0.00280376  
247, 28.6331, -68.0407, 180.533, 0.998688, -0.0474172, 0.0193384, 0.04828, 0.997732, -0.0469032, -0.0170705, 0.0477753, 0.998712, 0.00298489  
248, 28.7045, -69.6574, 180.519, 0.998706, -0.0472478, 0.0188195, 0.0481775, 0.99746, -0.0524642, -0.0162929, 0.0533029, 0.998445, 0.00282484  
249, 28.7373, -71.1557, 180.548, 0.998668, -0.0486756, 0.0171217, 0.0495742, 0.99716, -0.0567015, -0.0143131, 0.0574748, 0.998244, 0.00291666  
250, 28.8047, -72.7335, 180.566, 0.998675, -0.0493209, 0.014656, 0.0501152, 0.996942, -0.0599552, -0.0116542, 0.0606103, 0.998093, 0.00300459  
251, 28.8324, -74.2145, 180.56, 0.998726, -0.0481925, 0.0149926, 0.0489864, 0.997109, -0.0580784, -0.0121503, 0.0587388, 0.998199, 0.00278546  
252, 28.8279, -75.7169, 180.614, 0.998622, -0.0500937, 0.0156716, 0.0509721, 0.996783, -0.0618452, -0.0125232, 0.0625587, 0.997963, 0.00278656  
253, 28.8121, -77.2488, 180.628, 0.998505, -0.0517233, 0.017695, 0.0527847, 0.996424, -0.0659706, -0.0142195, 0.066806, 0.997665, 0.00287172  
254, 28.799, -78.6247, 180.549, 0.99852, -0.0512189, 0.0182621, 0.0523158, 0.996464, -0.0657401, -0.0148304, 0.0665982, 0.99767, 0.00292082  
255, 28.8447, -80.2266, 180.488, 0.998529, -0.0511139, 0.0180999, 0.0522493, 0.996241, -0.0690967, -0.0145, 0.0699408, 0.997446, 0.00302067  
256, 28.8962, -81.6456, 180.43, 0.99854, -0.0517191, 0.0156193, 0.0527169, 0.995995, -0.0722191, -0.0118216, 0.0729371, 0.997266, 0.00287117  
257, 28.934, -83.0596, 180.389, 0.998535, -0.0521349, 0.0144839, 0.053068, 0.995845, -0.0740081, -0.0105653, 0.0746683, 0.997152, 0.00301124  
258, 28.999, -84.552, 180.321, 0.998583, -0.0518357, 0.0120617, 0.0526214, 0.99556, -0.078041, -0.00796284, 0.0785651, 0.996877, 0.00281874  
259, 28.9599, -85.8443, 180.314, 0.998578, -0.0517014, 0.0129697, 0.052562, 0.995536, -0.0783895, -0.00885896, 0.0789597, 0.996838, 0.00293663  
260, 28.9167, -87.1582, 180.311, 0.99861, -0.050999, 0.0133385, 0.0518885, 0.995592, -0.078132, -0.00929504, 0.0787155, 0.996854, 0.0029713  
261, 28.902, -88.4104, 180.283, 0.998647, -0.0502941, 0.0131955, 0.0511698, 0.995669, -0.0776217, -0.00923448, 0.0781919, 0.996896, 0.00297934  
262, 28.8267, -89.6375, 180.305, 0.99856, -0.0519972, 0.013188, 0.0528767, 0.995498, -0.0786646, -0.00903827, 0.0792487, 0.996814, 0.0029591  
263, 28.8401, -90.7411, 180.284, 0.99852, -0.0534295, 0.0101908, 0.0540764, 0.99531, -0.080213, -0.00585731, 0.0806453, 0.996726, 0.00286922  
264, 28.8146, -91.7155, 180.274, 0.998532, -0.0534976, 0.00851569, 0.0539977, 0.995528, -0.077519, -0.00433052, 0.077865, 0.996955, 0.00295826  
265, 28.7959, -93.022, 180.253, 0.99851, -0.0538523, 0.00876746, 0.0543851, 0.995255, -0.0806794, -0.00438109, 0.081036, 0.996702, 0.003024  
266, 28.8438, -93.9325, 180.289, 0.998602, -0.052041, 0.00929612, 0.0526103, 0.995543, -0.0782693, -0.00518147, 0.078649, 0.996889, 0.00289363  
267, 28.8114, -94.9539, 180.363, 0.9985, -0.0540735, 0.00855359, 0.0545832, 0.995342, -0.0794724, -0.00421639, 0.0798201, 0.9968, 0.00292525  
268, 28.828, -95.7924, 180.399, 0.998634, -0.051908, 0.00599144, 0.052215, 0.995686, -0.0766978, -0.00198436, 0.0769059, 0.997036, 0.00279544  
269, 28.7902, -96.6542, 180.441, 0.998501, -0.054364, 0.00632798, 0.054685, 0.995714, -0.0745931, -0.00224568, 0.0748273, 0.997194, 0.00294218  
270, 28.839, -97.5299, 180.511, 0.998574, -0.0532728, 0.00354179, 0.0533889, 0.995849, -0.0737137, 0.000399842, 0.0737977, 0.997273, 0.00302095  
271, 28.7882, -98.3833, 180.575, 0.998457, -0.0552411, 0.00558569, 0.0554982, 0.995947, -0.0707808, -0.00165303, 0.0709816, 0.997476, 0.00289058  
272, 28.8469, -99.1701, 180.609, 0.998571, -0.0533467, 0.00308237, 0.0534322, 0.996183, -0.0690239, 0.000611589, 0.06909, 0.99761, 0.00292914  
273, 28.8383, -99.8812, 180.608, 0.9985, -0.0546655, 0.00298566, 0.0547422, 0.996216, -0.0674992, 0.000715512, 0.0675614, 0.997715, 0.00276077  
274, 28.7958, -100.663, 180.636, 0.998494, -0.0547675, 0.00330393, 0.054866, 0.996294, -0.066248, 0.00033655, 0.0663295, 0.997798, 0.00293358  
275, 28.8268, -101.408, 180.649, 0.998516, -0.0543927, 0.0027528, 0.0544548, 0.996265, -0.0670061, 0.000902125, 0.0670565, 0.997749, 0.00303288  
276, 28.7854, -101.963, 180.653, 0.998446, -0.0555681, 0.00418241, 0.0557204, 0.99654, -0.0616701, -0.000741046, 0.0618073, 0.998088, 0.00297823  
277, 28.8204, -102.65, 180.657, 0.998465, -0.0552357, 0.00418022, 0.0553891, 0.996502, -0.0625704, -0.000709478, 0.0627058, 0.998032, 0.00291055  
