0, 0, 0, 0, 0, 0, 0, 0, 0, 0, 0, 0, 0, 0.00681025  
1, 12.873, 33.1288, 180.259, 0.999996, 0.00267366, 0.000149463, -0.00267396, 0.999994, 0.0020504, -0.00014398, -0.0020508, 0.999998, 0.00273775  
2, 12.8671, 33.0947, 180.247, 0.999996, 0.00261032, 0.00126363, -0.00261437, 0.999991, 0.00321499, -0.00125522, -0.00321828, 0.999994, 0.00292969  
3, 12.895, 33.0888, 180.239, 0.999996, 0.00281824, 0.000105885, -0.00281844, 0.999994, 0.00196354, -0.00010035, -0.00196383, 0.999998, 0.00275272  
4, 12.8421, 33.0863, 180.291, 0.999996, 0.00284347, 0.000518589, -0.00284529, 0.99999, 0.00355498, -0.000508476, -0.00355644, 0.999994, 0.00277353  
5, 12.8631, 33.0987, 180.265, 0.999994, 0.00342912, -0.000274238, -0.00342849, 0.999991, 0.0022972, 0.000282113, -0.00229624, 0.999997, 0.00273941  
6, 12.8637, 33.1023, 180.262, 0.999996, 0.00278967, 1.93929e-005, -0.0027897, 0.999994, 0.00192341, -1.40271e-005, -0.00192345, 0.999998, 0.00275661  
7, 12.8686, 33.0931, 180.284, 0.999995, 0.0032672, -0.000484033, -0.00326628, 0.999993, 0.00190437, 0.000490252, -0.00190278, 0.999998, 0.00294883  
8, 12.8817, 33.1141, 180.25, 0.999993, 0.00367855, 0.000814058, -0.00368141, 0.999987, 0.00353786, -0.000801033, -0.00354084, 0.999993, 0.00276937  
9, 12.8627, 33.1077, 180.283, 0.999996, 0.002893, 0.00041924, -0.00289394, 0.999993, 0.00225175, -0.000412723, -0.00225296, 0.999997, 0.00274995  
10, 12.865, 33.0896, 180.267, 0.999994, 0.00336847, 0.00100532, -0.00337122, 0.999991, 0.00274322, -0.000996066, -0.00274659, 0.999996, 0.00279156  
11, 12.8667, 33.1128, 180.273, 0.999995, 0.00314031, 5.69184e-005, -0.00314045, 0.999992, 0.00261973, -4.86912e-005, -0.0026199, 0.999997, 0.00279378  
12, 12.8646, 33.1379, 180.263, 0.999994, 0.00315683, 0.00104174, -0.00315937, 0.999992, 0.00245002, -0.001034, -0.0024533, 0.999996, 0.00293774  
13, 12.8792, 33.1225, 180.252, 0.999994, 0.00357492, 0.000119184, -0.00357525, 0.999989, 0.00291799, -0.000108751, -0.00291839, 0.999996, 0.0027028  
14, 12.8754, 33.1521, 180.281, 0.999996, 0.00293258, 0.000534031, -0.00293392, 0.999993, 0.00251964, -0.000526638, -0.00252119, 0.999997, 0.00446028  
15, 12.9, 33.1566, 180.252, 0.999994, 0.00339585, -0.000436259, -0.00339491, 0.999992, 0.00213761, 0.000443514, -0.00213611, 0.999998, 0.00274551  
16, 12.9029, 33.1488, 180.257, 0.999994, 0.00348285, 0.000201817, -0.00348335, 0.999991, 0.00256278, -0.000192889, -0.00256347, 0.999997, 0.00294107  
17, 12.8969, 33.135, 180.252, 0.999994, 0.00352735, 0.000338174, -0.00352853, 0.999987, 0.00356816, -0.000325583, -0.00356933, 0.999994, 0.00277214  
18, 12.8657, 33.1518, 180.294, 0.999995, 0.00326108, 1.25337e-005, -0.0032611, 0.999993, 0.00196404, -6.12875e-006, -0.00196407, 0.999998, 0.00285702  
19, 12.8848, 33.1524, 180.254, 0.999995, 0.00318052, -5.46666e-005, -0.00318039, 0.999992, 0.00223362, 6.17703e-005, -0.00223344, 0.999998, 0.00295854  
20, 12.8799, 33.1605, 180.264, 0.999996, 0.00290418, 0.000515675, -0.00290573, 0.999991, 0.00302441, -0.000506887, -0.0030259, 0.999995, 0.00285008  
21, 12.8636, 33.1563, 180.28, 0.999996, 0.00291217, -0.000189564, -0.00291173, 0.999993, 0.00226745, 0.000196166, -0.00226688, 0.999997, 0.00277824  
22, 12.8326, 33.1655, 180.288, 0.999995, 0.00308973, 0.000480506, -0.00309104, 0.999991, 0.00273624, -0.000472048, -0.00273771, 0.999996, 0.00291277  
23, 12.8899, 33.1931, 180.267, 0.999994, 0.00331227, 0.000237656, -0.00331269, 0.999993, 0.00176395, -0.000231812, -0.00176473, 0.999998, 0.00279073  
24, 12.9118, 33.1747, 180.266, 0.999995, 0.00319857, -6.75323e-005, -0.00319834, 0.99999, 0.00313661, 7.75643e-005, -0.00313638, 0.999995, 0.00288698  
25, 12.8995, 33.1948, 180.251, 0.999993, 0.00362703, 0.000315709, -0.00362802, 0.999988, 0.00317907, -0.000304175, -0.0031802, 0.999995, 0.00282984  
26, 12.881, 33.1732, 180.268, 0.999995, 0.00300539, -0.000450563, -0.00300427, 0.999992, 0.00247708, 0.000458004, -0.00247571, 0.999997, 0.00287838  
27, 12.8986, 33.1843, 180.261, 0.999996, 0.00285447, -5.34973e-007, -0.00285446, 0.999991, 0.00320845, 9.6934e-006, -0.00320843, 0.999995, 0.00288143  
28, 12.8907, 33.1935, 180.272, 0.999995, 0.00321215, -0.000678955, -0.00321069, 0.999993, 0.00213468, 0.000685807, -0.00213249, 0.999997, 0.00275799  
29, 12.8655, 33.1591, 180.254, 0.999996, 0.00297016, 0.00016337, -0.00297058, 0.999992, 0.00264717, -0.000155506, -0.00264764, 0.999996, 0.00276659  
30, 12.8834, 33.1796, 180.278, 0.999997, 0.00256171, 0.000640042, -0.00256332, 0.999994, 0.00252614, -0.000633566, -0.00252778, 0.999997, 0.00285591  
31, 12.9008, 33.1951, 180.263, 0.999992, 0.0038793, -4.44551e-005, -0.0038792, 0.99999, 0.00221467, 5.3046e-005, -0.00221448, 0.999998, 0.00303926  
32, 12.9149, 33.2021, 180.232, 0.999992, 0.00391509, 0.000269466, -0.00391606, 0.999986, 0.00368454, -0.000255037, -0.00368557, 0.999993, 0.00276271  
33, 12.8859, 33.1564, 180.263, 0.999995, 0.00310321, -4.04956e-005, -0.00310308, 0.999991, 0.00275836, 4.9055e-005, -0.00275822, 0.999996, 0.00296548  
34, 12.8567, 33.1691, 180.281, 0.999996, 0.00270149, 0.000321398, -0.0027023, 0.999993, 0.00252905, -0.000314563, -0.00252991, 0.999997, 0.00281375  
35, 12.955, 33.1844, 180.236, 0.999995, 0.00319957, 0.000743539, -0.00320211, 0.999989, 0.00343853, -0.000732529, -0.00344089, 0.999994, 0.00291471  
36, 12.886, 33.1354, 180.266, 0.999996, 0.00286125, 0.000528171, -0.00286274, 0.999992, 0.00283822, -0.000520046, -0.00283972, 0.999996, 0.00291083  
37, 12.8918, 33.1536, 180.273, 0.999994, 0.00336925, 4.04111e-005, -0.00336934, 0.999991, 0.00243081, -3.22207e-005, -0.00243094, 0.999997, 0.00280182  
38, 12.8362, 33.122, 180.275, 0.999996, 0.00294422, -8.02796e-005, -0.00294405, 0.999994, 0.00204204, 8.62913e-005, -0.00204179, 0.999998, 0.00297934  
39, 12.8914, 33.1457, 180.281, 0.999993, 0.00375526, -0.000415036, -0.00375433, 0.99999, 0.00222092, 0.000423372, -0.00221935, 0.999997, 0.00275078  
40, 12.8924, 33.1074, 180.29, 0.999995, 0.00318365, -0.000217199, -0.00318325, 0.999993, 0.00185723, 0.00022311, -0.00185653, 0.999998, 0.00289058  
41, 12.843, 33.1269, 180.296, 0.999996, 0.00287917, 0.000222866, -0.00287981, 0.999992, 0.00291116, -0.000214483, -0.00291179, 0.999996, 0.00288309  
42, 12.8852, 33.1104, 180.25, 0.999997, 0.00261299, 0.000267719, -0.00261351, 0.999995, 0.00196947, -0.000262571, -0.00197017, 0.999998, 0.00278213  
43, 12.8926, 33.1235, 180.263, 0.999995, 0.00318965, -0.00015921, -0.00318921, 0.999991, 0.00266634, 0.000167713, -0.00266582, 0.999996, 0.00300264  
44, 12.9028, 33.1206, 180.268, 0.999995, 0.00317988, 0.00036673, -0.00318062, 0.999993, 0.00203436, -0.000360259, -0.00203552, 0.999998, 0.00273858  
45, 12.8085, 33.0864, 180.298, 0.999995, 0.0031922, 0.000436628, -0.00319329, 0.999992, 0.0025177, -0.000428588, -0.00251908, 0.999997, 0.00284981  
46, 12.9052, 33.1304, 180.259, 0.999995, 0.00319961, -0.000644404, -0.00319812, 0.999992, 0.00231245, 0.000651798, -0.00231038, 0.999997, 0.00285452  
47, 12.923, 33.0985, 180.258, 0.999994, 0.0034587, -0.000345336, -0.00345818, 0.999993, 0.0015057, 0.000350541, -0.0015045, 0.999999, 0.00275134  
48, 12.8817, 33.0984, 180.276, 0.999996, 0.00261916, 0.00069816, -0.00262166, 0.99999, 0.00360711, -0.000688705, -0.00360893, 0.999993, 0.00297629  
49, 12.8918, 33.1234, 180.246, 0.999995, 0.00322429, 0.000168974, -0.00322479, 0.99999, 0.00308355, -0.00015903, -0.00308408, 0.999995, 0.00288725  
50, 12.8913, 33.0885, 180.26, 0.999994, 0.003559, -0.000148686, -0.00355872, 0.999992, 0.00187942, 0.000155374, -0.00187888, 0.999998, 0.00286645  
51, 12.8932, 33.095, 180.273, 0.999996, 0.00287729, -0.000266387, -0.00287682, 0.999994, 0.00176053, 0.000271451, -0.00175975, 0.999998, 0.00289779  
52, 12.9046, 33.1193, 180.264, 0.999995, 0.00316608, -0.000219648, -0.00316549, 0.999992, 0.00261693, 0.000227931, -0.00261622, 0.999997, 0.00280876  
53, 12.8797, 33.0933, 180.262, 0.999995, 0.00307047, 0.000642244, -0.00307228, 0.999991, 0.00284366, -0.000633507, -0.00284561, 0.999996, 0.0027788  
54, 12.8825, 33.0965, 180.28, 0.999996, 0.00279641, 0.000532737, -0.00279759, 0.999994, 0.00221546, -0.000526538, -0.00221694, 0.999997, 0.00269226  
55, 12.8453, 33.1012, 180.294, 0.999995, 0.00300312, 0.000348028, -0.00300413, 0.999991, 0.00293314, -0.000339216, -0.00293417, 0.999996, 0.00287616  
56, 12.846, 33.1156, 180.291, 0.999995, 0.00320974, 0.000288371, -0.00321025, 0.999993, 0.00177021, -0.000282687, -0.00177113, 0.999998, 0.00292997  
57, 12.8703, 33.0981, 180.278, 0.999996, 0.00260427, 0.000511646, -0.00260546, 0.999994, 0.0023309, -0.000505573, -0.00233223, 0.999997, 0.002834  
58, 12.8763, 33.123, 180.286, 0.999994, 0.00338464, -0.000119102, -0.00338432, 0.999991, 0.00252952, 0.000127663, -0.0025291, 0.999997, 0.00275356  
59, 12.962, 33.1561, 180.215, 0.999994, 0.00359196, 0.000105386, -0.00359225, 0.999989, 0.00292856, -9.48658e-005, -0.00292892, 0.999996, 0.0030326  
60, 12.8554, 33.1348, 180.293, 0.999996, 0.00277477, 8.35095e-005, -0.00277496, 0.999993, 0.00243939, -7.67402e-005, -0.00243962, 0.999997, 0.00301679  
61, 12.9029, 33.1499, 180.264, 0.999993, 0.00356335, 0.000723841, -0.00356508, 0.999991, 0.00240849, -0.000715252, -0.00241105, 0.999997, 0.00292581  
62, 12.8563, 33.1453, 180.301, 0.999996, 0.00281415, 0.000744995, -0.00281629, 0.999992, 0.00288738, -0.000736863, -0.00288946, 0.999996, 0.00281846  
63, 12.8911, 33.1542, 180.268, 0.999994, 0.00329411, 0.000613165, -0.0032958, 0.999991, 0.00278247, -0.000603993, -0.00278447, 0.999996, 0.00284592  
64, 12.8785, 33.1475, 180.283, 0.999993, 0.003803, 0.000657695, -0.00380521, 0.999987, 0.00339702, -0.000644768, -0.0033995, 0.999994, 0.00289863  
65, 12.9561, 33.1698, 180.232, 0.999993, 0.0037758, -0.000577556, -0.00377434, 0.99999, 0.00251306, 0.000587039, -0.00251086, 0.999997, 0.00294134  
66, 12.9469, 33.178, 180.221, 0.999993, 0.00374594, -0.000260204, -0.00374514, 0.999988, 0.00301707, 0.000271503, -0.00301608, 0.999995, 0.00286562  
67, 12.8801, 33.1286, 180.263, 0.999995, 0.00322522, 0.000138933, -0.00322551, 0.999992, 0.00219925, -0.000131839, -0.00219969, 0.999998, 0.002796  
68, 12.9467, 33.1788, 180.232, 0.999994, 0.00325268, 0.000706661, -0.00325492, 0.99999, 0.00319097, -0.000696275, -0.00319325, 0.999995, 0.00278795  
69, 12.894, 33.1646, 180.246, 0.999994, 0.00347213, 0.000107232, -0.00347245, 0.999989, 0.0031703, -9.6223e-005, -0.00317065, 0.999995, 0.00273331  
70, 12.9702, 33.1916, 180.245, 0.999994, 0.00343237, -0.00025232, -0.00343172, 0.999991, 0.00249899, 0.000260895, -0.00249811, 0.999997, 0.00292248  
71, 12.8912, 33.1542, 180.256, 0.999994, 0.00340306, 0.000387422, -0.0034042, 0.99999, 0.00297312, -0.0003773, -0.00297442, 0.999996, 0.00290612  
72, 12.8893, 33.165, 180.283, 0.999995, 0.00311925, 0.000544444, -0.00312068, 0.999992, 0.00265068, -0.000536171, -0.00265236, 0.999996, 0.00285674  
73, 12.9501, 33.1926, 180.233, 0.999993, 0.00374022, -0.000109517, -0.00373997, 0.999991, 0.00218186, 0.000117676, -0.00218144, 0.999998, 0.00285979  
74, 12.952, 33.1749, 180.234, 0.999995, 0.00320689, 0.000401388, -0.00320823, 0.999989, 0.0033934, -0.000390501, -0.00339467, 0.999994, 0.0028573  
75, 12.8551, 33.1523, 180.281, 0.999995, 0.00299992, 0.000608545, -0.00300147, 0.999992, 0.00255888, -0.000600864, -0.00256069, 0.999997, 0.00294134  
76, 12.8997, 33.1794, 180.269, 0.999992, 0.00407648, -0.000519943, -0.00407512, 0.999988, 0.00258376, 0.00053047, -0.00258162, 0.999997, 0.0030437  
77, 12.8896, 33.1542, 180.277, 0.999994, 0.00349303, -0.000229475, -0.00349243, 0.999991, 0.00255564, 0.0002384, -0.00255482, 0.999997, 0.0027555  
78, 12.9441, 33.1585, 180.253, 0.999995, 0.00326759, 0.000461117, -0.00326911, 0.999989, 0.00334603, -0.000450178, -0.00334752, 0.999994, 0.00277852  
79, 12.8313, 33.1491, 180.296, 0.999994, 0.00358491, -0.000184927, -0.00358439, 0.99999, 0.00275445, 0.0001948, -0.00275377, 0.999996, 0.00288171  
80, 12.9303, 33.1663, 180.225, 0.999994, 0.00345321, 0.000602564, -0.00345565, 0.999986, 0.00409552, -0.000588413, -0.00409758, 0.999991, 0.0029627  
81, 12.8639, 33.1127, 180.295, 0.999996, 0.0029877, 0.000116444, -0.00298797, 0.999993, 0.00241636, -0.000109224, -0.0024167, 0.999997, 0.00280876  
82, 12.8753, 33.1431, 180.286, 0.999994, 0.00349902, -3.4884e-007, -0.00349901, 0.99999, 0.00283073, 1.02536e-005, -0.00283071, 0.999996, 0.00277769  
83, 12.8928, 33.1296, 180.253, 0.999995, 0.00306788, -6.24768e-005, -0.00306771, 0.999992, 0.00265423, 7.06191e-005, -0.00265402, 0.999996, 0.00279738  
84, 12.888, 33.1265, 180.285, 0.999994, 0.00328264, 0.000676717, -0.00328439, 0.999991, 0.00259702, -0.000668186, -0.00259923, 0.999996, 0.00292969  
85, 12.8613, 33.1154, 180.263, 0.999994, 0.00333298, 0.000472574, -0.00333424, 0.999991, 0.00269909, -0.000463574, -0.00270066, 0.999996, 0.0026745  
86, 12.8814, 33.098, 180.264, 0.999995, 0.00318432, 0.00059776, -0.00318597, 0.999991, 0.00277893, -0.000588905, -0.00278082, 0.999996, 0.00284981  
87, 12.8882, 33.1053, 180.275, 0.999994, 0.00341878, 0.000121275, -0.0034191, 0.99999, 0.00276547, -0.000111819, -0.00276587, 0.999996, 0.00275328  
88, 12.8667, 33.0887, 180.27, 0.999994, 0.00350541, 0.000471134, -0.00350692, 0.999989, 0.00323559, -0.000459786, -0.00323723, 0.999995, 0.00277686  
89, 12.8766, 33.0875, 180.29, 0.999994, 0.00347586, -0.000339554, -0.00347511, 0.999992, 0.00217926, 0.000347126, -0.00217807, 0.999998, 0.00291721  
90, 12.8738, 33.0963, 180.297, 0.999995, 0.00308058, 7.60663e-005, -0.00308072, 0.999993, 0.00190203, -7.02064e-005, -0.00190225, 0.999998, 0.00277075  
91, 12.8764, 33.1142, 180.276, 0.999994, 0.00339312, 0.00052159, -0.00339417, 0.999992, 0.00201682, -0.000514743, -0.00201858, 0.999998, 0.00288476  
92, 12.9218, 33.0985, 180.268, 0.999994, 0.00346434, 0.000137082, -0.00346459, 0.999992, 0.00186253, -0.000130628, -0.00186299, 0.999998, 0.00271472  
93, 12.8774, 33.0807, 180.288, 0.999996, 0.00291357, 0.000410121, -0.00291444, 0.999993, 0.00214506, -0.000403869, -0.00214625, 0.999998, 0.00285896  
94, 12.88, 33.0965, 180.262, 0.999996, 0.00296506, 0.000324895, -0.00296607, 0.999991, 0.0031489, -0.000315556, -0.00314985, 0.999995, 0.0029541  
95, 12.9084, 33.1153, 180.266, 0.999995, 0.00312527, -0.000270244, -0.00312468, 0.999993, 0.00215144, 0.000276966, -0.00215058, 0.999998, 0.00277602  
96, 12.8895, 33.108, 180.287, 0.999995, 0.00295768, -0.000640167, -0.00295621, 0.999993, 0.00227728, 0.000646898, -0.00227538, 0.999997, 0.00278518  
97, 12.8164, 33.0922, 180.295, 0.999995, 0.00306447, 5.03127e-005, -0.00306457, 0.999993, 0.0020925, -4.39e-005, -0.00209264, 0.999998, 0.00278185  
98, 12.8693, 33.1043, 180.283, 0.999995, 0.0032645, 7.6263e-005, -0.00326468, 0.999991, 0.00262363, -6.76975e-005, -0.00262386, 0.999997, 0.00285868  
99, 12.8719, 33.1149, 180.287, 0.999995, 0.00302289, 0.000362937, -0.00302375, 0.999993, 0.00240711, -0.000355658, -0.00240819, 0.999997, 0.00277547  
100, 12.8717, 33.1393, 180.274, 0.999995, 0.00302578, 0.000122959, -0.00302604, 0.999993, 0.00209651, -0.000116614, -0.00209687, 0.999998, 0.00274385  
101, 12.871, 33.1463, 180.274, 0.999994, 0.00351145, -5.52209e-005, -0.00351126, 0.999989, 0.00317215, 6.63592e-005, -0.00317194, 0.999995, 0.00280681  
102, 12.8993, 33.1595, 180.278, 0.999994, 0.0034416, -0.000110325, -0.00344123, 0.999989, 0.00322234, 0.000121414, -0.00322194, 0.999995, 0.00283788  
103, 12.8913, 33.2205, 180.262, 0.999993, 0.00354779, 0.000822397, -0.00355228, 0.999978, 0.00552646, -0.000802773, -0.00552935, 0.999984, 0.00285508  
104, 12.8256, 33.222, 180.278, 0.999993, 0.00351271, 0.00102855, -0.00351908, 0.999974, 0.00625852, -0.00100654, -0.00626209, 0.99998, 0.00280792  
105, 12.8352, 33.2538, 180.277, 0.999992, 0.00376761, 0.00115606, -0.00377721, 0.999957, 0.00841561, -0.00112431, -0.00841991, 0.999964, 0.00280709  
106, 12.8773, 33.3067, 180.258, 0.999994, 0.00318137, 0.00103481, -0.00319015, 0.999958, 0.00859403, -0.00100743, -0.00859728, 0.999963, 0.00278518  
107, 12.8177, 33.3356, 180.265, 0.999993, 0.00352496, 0.00150242, -0.00354041, 0.99994, 0.0104055, -0.00146565, -0.0104108, 0.999945, 0.00287006  
108, 12.8651, 33.3663, 180.257, 0.999993, 0.00366064, 0.00107752, -0.00367308, 0.999924, 0.0117801, -0.00103432, -0.011784, 0.99993, 0.00289197  
109, 12.9071, 33.3965, 180.226, 0.999993, 0.00340914, 0.00145626, -0.00342762, 0.999911, 0.012887, -0.00141219, -0.0128919, 0.999916, 0.0028426  
110, 12.8419, 33.4767, 180.289, 0.999994, 0.00338372, 0.00110991, -0.00339999, 0.999882, 0.0150056, -0.001059, -0.0150093, 0.999887, 0.00283843  
111, 12.8434, 33.5201, 180.276, 0.999992, 0.00389001, -0.000144636, -0.00388722, 0.999866, 0.0158713, 0.000206356, -0.0158706, 0.999874, 0.00280959  
112, 12.8318, 33.5533, 180.273, 0.999991, 0.00400912, 0.0011183, -0.00402899, 0.999823, 0.0183731, -0.00104444, -0.0183775, 0.999831, 0.00283538  
113, 12.8366, 33.6014, 180.296, 0.999996, 0.00289674, 0.000714966, -0.00291058, 0.999792, 0.0201911, -0.000656328, -0.0201931, 0.999796, 0.00289558  
114, 12.8407, 33.6294, 180.292, 0.999994, 0.00330949, 0.00116135, -0.00333418, 0.999754, 0.0219393, -0.00108846, -0.0219431, 0.999759, 0.00275578  
115, 12.8201, 33.6416, 180.32, 0.999994, 0.00331619, 0.000379859, -0.00332415, 0.999722, 0.0233365, -0.000302365, -0.0233377, 0.999728, 0.00296242  
116, 12.8777, 33.6697, 180.29, 0.999992, 0.0038851, 0.000462588, -0.00389549, 0.999677, 0.0251263, -0.00036482, -0.0251279, 0.999684, 0.00274773  
117, 12.8181, 33.7139, 180.343, 0.999995, 0.00299542, 0.00111729, -0.00302397, 0.999644, 0.0264974, -0.00103752, -0.0265007, 0.999648, 0.00283733  
118, 12.862, 33.7023, 180.312, 0.999993, 0.00363678, -2.25105e-005, -0.00363468, 0.999593, 0.0282877, 0.000125377, -0.0282874, 0.9996, 0.00288087  
119, 12.8283, 33.7075, 180.337, 0.999995, 0.00318948, 0.00056234, -0.00320505, 0.999536, 0.0302988, -0.000465442, -0.0303004, 0.999541, 0.00294495  
120, 12.812, 33.7005, 180.349, 0.999994, 0.00334529, 0.000800666, -0.00336935, 0.999475, 0.0322186, -0.000692465, -0.0322211, 0.999481, 0.00295105  
121, 12.8259, 33.7023, 180.322, 0.999991, 0.00396863, 0.00120299, -0.00400745, 0.999407, 0.0341887, -0.0010666, -0.0341932, 0.999415, 0.00292969  
122, 12.8394, 33.7039, 180.329, 0.999994, 0.00335511, 0.000291909, -0.00336355, 0.999324, 0.0365977, -0.000168922, -0.0365985, 0.99933, 0.00286229  
123, 12.8368, 33.6918, 180.346, 0.999992, 0.00365562, 0.00149402, -0.00371131, 0.999226, 0.0391495, -0.00134975, -0.0391547, 0.999232, 0.00299682  
124, 12.8138, 33.6593, 180.358, 0.999993, 0.00370804, 0.000790118, -0.00373658, 0.999199, 0.0398431, -0.000641745, -0.0398457, 0.999206, 0.0026917  
125, 12.8471, 33.5984, 180.355, 0.999993, 0.00369124, 0.000737319, -0.00372051, 0.998993, 0.0447097, -0.000571543, -0.0447121, 0.999, 0.00266646  
126, 12.9151, 33.5872, 180.308, 0.999991, 0.00397997, 0.00116031, -0.00403016, 0.998884, 0.0470596, -0.000971724, -0.0470639, 0.998891, 0.00275328  
127, 12.8255, 33.5544, 180.348, 0.999993, 0.00361382, 0.000768288, -0.00364677, 0.998822, 0.0483924, -0.000592501, -0.0483949, 0.998828, 0.00276243  
128, 12.9173, 33.4952, 180.315, 0.999991, 0.00395809, 0.00143143, -0.00402652, 0.998667, 0.0514642, -0.00122583, -0.0514695, 0.998674, 0.00287865  
129, 12.7996, 33.4497, 180.344, 0.999993, 0.00303857, 0.00212384, -0.00314857, 0.998543, 0.0538664, -0.00195707, -0.0538727, 0.998546, 0.00275744  
130, 12.7884, 33.4469, 180.347, 0.99999, 0.0040115, 0.00203067, -0.0041214, 0.998344, 0.0573725, -0.00179716, -0.0573803, 0.998351, 0.00270224  
131, 12.717, 33.3959, 180.367, 0.999987, 0.00387744, 0.00331026, -0.00407206, 0.998132, 0.0609641, -0.00306769, -0.0609768, 0.998134, 0.00284065  
132, 12.7347, 33.2594, 180.374, 0.999992, 0.00354068, 0.00174524, -0.00364118, 0.998106, 0.0614159, -0.00152448, -0.0614217, 0.998111, 0.00293025  
133, 12.7241, 33.1636, 180.349, 0.999989, 0.0037809, 0.00289456, -0.0039594, 0.997918, 0.0643705, -0.00264516, -0.0643812, 0.997922, 0.00274523  
134, 12.8127, 33.037, 180.279, 0.999983, 0.00395104, 0.004268, -0.00422862, 0.997736, 0.0671175, -0.00399315, -0.0671345, 0.997736, 0.00275522  
135, 12.856, 32.928, 180.313, 0.99999, 0.00370005, 0.00260914, -0.00386829, 0.997696, 0.0677308, -0.00235252, -0.0677402, 0.9977, 0.00271583  
136, 12.7816, 32.8129, 180.321, 0.999989, 0.00354989, 0.00316807, -0.00376371, 0.997522, 0.0702576, -0.00291081, -0.0702687, 0.997524, 0.00286063  
137, 12.7594, 32.7249, 180.324, 0.999984, 0.0045782, 0.00341932, -0.00481384, 0.997362, 0.0724237, -0.00307873, -0.072439, 0.997368, 0.0028523  
138, 12.7335, 32.6521, 180.326, 0.999979, 0.00525643, 0.00384763, -0.00553775, 0.997002, 0.0771804, -0.0034304, -0.0772001, 0.99701, 0.00284204  
139, 12.7258, 32.4868, 180.37, 0.999984, 0.0045288, 0.00337727, -0.00478301, 0.996823, 0.0795108, -0.00300645, -0.0795257, 0.996828, 0.00286895  
140, 12.7351, 32.3842, 180.329, 0.999976, 0.00585511, 0.00358448, -0.00612826, 0.996642, 0.0816476, -0.00309439, -0.0816676, 0.996655, 0.00288115  
141, 12.7086, 32.2333, 180.331, 0.999981, 0.00563582, 0.00240547, -0.00581773, 0.99646, 0.083872, -0.00192427, -0.0838844, 0.996474, 0.00290723  
142, 12.6864, 32.049, 180.345, 0.999975, 0.00648228, 0.00296091, -0.00671308, 0.996267, 0.0860669, -0.00239195, -0.0860846, 0.996285, 0.00298101  
143, 12.6673, 31.8392, 180.369, 0.999976, 0.00623224, 0.00305689, -0.00647999, 0.995996, 0.0891599, -0.00248898, -0.0891775, 0.996013, 0.00272083  
144, 12.6488, 31.6157, 180.333, 0.999971, 0.00725783, 0.00216267, -0.0074207, 0.996052, 0.088457, -0.00151213, -0.0884705, 0.996078, 0.00287311  
145, 12.6606, 31.3646, 180.358, 0.999963, 0.00795039, 0.00324063, -0.00821359, 0.995771, 0.0915002, -0.00249946, -0.0915234, 0.9958, 0.00289502  
146, 12.6683, 31.0911, 180.385, 0.999976, 0.00649962, 0.00239096, -0.00669295, 0.995689, 0.0925118, -0.00177936, -0.0925256, 0.995709, 0.00294273  
147, 12.6806, 30.8333, 180.378, 0.999972, 0.00692627, 0.0027892, -0.0071604, 0.995431, 0.0952131, -0.00211698, -0.0952305, 0.995453, 0.00296908  
148, 12.7085, 30.522, 180.4, 0.999971, 0.00752407, 0.00114716, -0.00759942, 0.995359, 0.0959339, -0.000420025, -0.0959398, 0.995387, 0.00290306  
149, 12.7091, 30.1901, 180.4, 0.999976, 0.00696196, 0.000680925, -0.00699517, 0.995416, 0.0953853, -1.37338e-005, -0.0953878, 0.99544, 0.0028523  
150, 12.7602, 29.7968, 180.389, 0.999971, 0.00759513, 0.00059056, -0.00761668, 0.995306, 0.0964827, 0.000145011, -0.0964844, 0.995334, 0.00280654  
151, 12.7562, 29.3719, 180.399, 0.999969, 0.00780372, 0.000725001, -0.00783726, 0.995291, 0.0966145, 3.23663e-005, -0.0966172, 0.995322, 0.00299488  
152, 12.8019, 28.9189, 180.391, 0.999977, 0.00655669, 0.00173354, -0.00669766, 0.99492, 0.100442, -0.00106617, -0.100451, 0.994941, 0.00288781  
153, 12.7974, 28.4473, 180.363, 0.999977, 0.00619972, 0.00283944, -0.00645447, 0.994881, 0.100844, -0.0021997, -0.10086, 0.994898, 0.0027469  
154, 12.8287, 27.8969, 180.376, 0.999977, 0.00504097, 0.00461709, -0.0054841, 0.994809, 0.101615, -0.00408088, -0.101638, 0.994813, 0.00275578  
155, 12.8947, 27.2906, 180.366, 0.999983, 0.00483602, 0.00339483, -0.00515159, 0.994964, 0.100103, -0.00289364, -0.100119, 0.994971, 0.00288476  
156, 13.1141, 26.6758, 180.249, 0.999968, 0.00535117, 0.0059939, -0.0059276, 0.9949, 0.100691, -0.00542452, -0.100723, 0.9949, 0.00278018  
157, 13.2091, 25.9279, 180.215, 0.999979, 0.00434191, 0.00486136, -0.0048048, 0.995011, 0.0996525, -0.00440442, -0.0996737, 0.99501, 0.00293302  
158, 13.3193, 25.1962, 180.18, 0.999973, 0.00495482, 0.00536518, -0.00546882, 0.994926, 0.100462, -0.00484019, -0.100489, 0.994926, 0.00279045  
159, 13.2653, 24.3151, 180.284, 0.999977, 0.00519086, 0.0043943, -0.00559414, 0.995232, 0.0973771, -0.00386787, -0.0973994, 0.995238, 0.00275883  
160, 13.3408, 23.4257, 180.302, 0.999977, 0.00533024, 0.00420469, -0.00570294, 0.99553, 0.0942746, -0.00368339, -0.0942964, 0.995537, 0.00287727  
161, 13.5579, 22.492, 180.304, 0.999977, 0.0051093, 0.00454461, -0.00551334, 0.99557, 0.0938572, -0.00404493, -0.0938801, 0.995575, 0.00276299  
162, 13.6835, 21.5481, 180.317, 0.999974, 0.0055631, 0.00449005, -0.00595603, 0.995662, 0.0928512, -0.00395404, -0.0928755, 0.99567, 0.00286506  
163, 13.8343, 20.5394, 180.4, 0.999981, 0.0052231, 0.00330279, -0.00549453, 0.996074, 0.0883567, -0.00282832, -0.0883732, 0.996083, 0.00275356  
164, 13.9069, 19.5743, 180.398, 0.999973, 0.00494055, 0.0053795, -0.005391, 0.996174, 0.0872221, -0.00492799, -0.0872487, 0.996174, 0.00285563  
165, 14.0634, 18.4363, 180.424, 0.999978, 0.00404641, 0.0052065, -0.00446286, 0.99657, 0.0826321, -0.00485427, -0.0826535, 0.996567, 0.00288809  
166, 14.2105, 17.3971, 180.456, 0.99997, 0.0052278, 0.00563648, -0.00567464, 0.996582, 0.0824182, -0.00518635, -0.0824478, 0.996582, 0.00276105  
167, 14.3325, 16.3149, 180.486, 0.99997, 0.00593042, 0.00501714, -0.00630866, 0.996849, 0.0790773, -0.00453237, -0.0791066, 0.996856, 0.00283316  
168, 14.4272, 15.1344, 180.476, 0.999967, 0.0053672, 0.00615228, -0.00582826, 0.996971, 0.0775518, -0.00571741, -0.0775851, 0.996969, 0.00279017  
169, 14.5453, 13.9349, 180.45, 0.999965, 0.00662651, 0.00512376, -0.00698869, 0.997216, 0.0742392, -0.00461755, -0.0742724, 0.997227, 0.00285508  
170, 14.6217, 12.7872, 180.521, 0.999963, 0.00601403, 0.00611988, -0.00643604, 0.997423, 0.07145, -0.0056744, -0.0714868, 0.997425, 0.00278157  
171, 14.6861, 11.5893, 180.539, 0.999969, 0.00643784, 0.00463663, -0.00673684, 0.997686, 0.0676534, -0.00419036, -0.0676825, 0.997698, 0.00267506  
172, 14.7394, 10.3829, 180.569, 0.99997, 0.0057401, 0.00514054, -0.00606154, 0.997876, 0.0648666, -0.00475728, -0.0648958, 0.997881, 0.00303593  
173, 14.8404, 9.23554, 180.6, 0.999979, 0.00511211, 0.00409973, -0.00534848, 0.998191, 0.0598824, -0.00378619, -0.0599031, 0.998197, 0.00281208  
174, 14.9373, 8.03225, 180.591, 0.999968, 0.00476501, 0.00645735, -0.00514256, 0.998199, 0.0597723, -0.0061609, -0.0598036, 0.998191, 0.00292387  
175, 15.0195, 6.8802, 180.544, 0.999953, 0.00238574, 0.00941504, -0.0029522, 0.998157, 0.0606182, -0.00925307, -0.0606432, 0.998117, 0.00270252  
176, 15.0932, 5.77589, 180.514, 0.999951, 0.00175926, 0.00978526, -0.0023502, 0.998153, 0.0607108, -0.00966038, -0.0607308, 0.998107, 0.00279073  
177, 15.0499, 4.47202, 180.513, 0.999932, 0.000370154, 0.0116896, -0.00105471, 0.99828, 0.0586097, -0.0116478, -0.058618, 0.998213, 0.00289141  
178, 15.1136, 3.26242, 180.487, 0.999925, 0.00241017, 0.0119904, -0.00306338, 0.998495, 0.054762, -0.0118403, -0.0547946, 0.998427, 0.00275023  
179, 15.1281, 2.04154, 180.509, 0.999929, 0.00274744, 0.0116339, -0.0033551, 0.998613, 0.0525381, -0.0114734, -0.0525734, 0.998551, 0.00287144  
180, 15.3519, 0.749174, 180.559, 0.999931, 0.00389131, 0.0111264, -0.00439888, 0.998933, 0.0459636, -0.0109356, -0.0460094, 0.998881, 0.00273469  
181, 15.4039, -0.609137, 180.554, 0.99994, 0.00427438, 0.0101034, -0.00466329, 0.999237, 0.0387884, -0.0099299, -0.0388332, 0.999196, 0.00275134  
182, 15.3073, -1.76853, 180.615, 0.999934, 0.00583635, 0.00984912, -0.00613199, 0.999523, 0.0302584, -0.00966783, -0.0303168, 0.999494, 0.00285924  
183, 15.4338, -3.13612, 180.564, 0.999928, 0.00454494, 0.0110865, -0.00482829, 0.999659, 0.0256664, -0.0109661, -0.0257181, 0.999609, 0.00271777  
184, 15.48, -4.53216, 180.57, 0.999936, 0.00289172, 0.0109466, -0.00309795, 0.999817, 0.0188703, -0.01089, -0.018903, 0.999762, 0.00275994  
185, 15.5507, -5.99734, 180.434, 0.999915, 0.00272051, 0.0127608, -0.00295716, 0.999823, 0.0185631, -0.012708, -0.0185993, 0.999746, 0.00272055  
186, 15.4585, -7.43433, 180.427, 0.999887, 0.0015591, 0.0149384, -0.00183416, 0.999829, 0.0184167, -0.0149072, -0.018442, 0.999719, 0.00277963  
187, 15.5144, -8.92361, 180.396, 0.999908, 0.00106012, 0.0135069, -0.00123444, 0.999916, 0.0129038, -0.0134921, -0.0129193, 0.999826, 0.0029358  
188, 15.399, -10.3779, 180.428, 0.999926, 0.00012982, 0.0121675, -0.000252848, 0.999949, 0.0101102, -0.0121655, -0.0101125, 0.999875, 0.00280654  
189, 15.3416, -11.8067, 180.471, 0.999957, -0.000883946, 0.00927975, 0.000843785, 0.99999, 0.00433076, -0.00928349, -0.00432274, 0.999948, 0.00280765  
190, 15.2344, -13.155, 180.468, 0.999976, 0.000229134, 0.00686574, -0.000237677, 0.999999, 0.00124344, -0.00686545, -0.00124504, 0.999976, 0.00282401  
191, 15.0348, -14.616, 180.455, 0.999963, -0.000751249, 0.00853751, 0.000757519, 0.999999, -0.000731178, -0.00853696, 0.000737619, 0.999963, 0.00285785  
192, 14.9897, -16.0262, 180.389, 0.99997, 0.000148055, 0.00778411, -0.000115401, 0.999991, -0.00419527, -0.00778466, 0.00419424, 0.999961, 0.00304259  
193, 14.8805, -17.4989, 180.409, 0.999981, 0.000430878, 0.00616586, -0.000384616, 0.999972, -0.00750221, -0.00616892, 0.00749969, 0.999953, 0.00286312  
194, 14.7483, -19.0186, 180.41, 0.999984, 0.000407538, 0.00567735, -0.000342544, 0.999934, -0.0114442, -0.00568164, 0.0114421, 0.999918, 0.0029186  
195, 14.5218, -20.4051, 180.439, 0.999993, -0.00018328, 0.0036457, 0.00023606, 0.999895, -0.0144819, -0.00364267, 0.0144827, 0.999888, 0.00278185  
196, 14.2653, -21.8149, 180.41, 0.999995, -0.000496489, 0.00301377, 0.000553388, 0.999821, -0.0189083, -0.00300384, 0.0189099, 0.999817, 0.00284038  
197, 14.0846, -23.2021, 180.367, 0.999998, -0.000850197, 0.00163505, 0.000890734, 0.999688, -0.0249537, -0.00161333, 0.0249551, 0.999687, 0.0029394  
198, 13.8078, -24.5211, 180.338, 0.999996, -0.00294017, 0.000452214, 0.00295175, 0.999598, -0.0282103, -0.000369089, 0.0282115, 0.999602, 0.00289585  
199, 13.6116, -25.8589, 180.292, 0.999996, -0.00264744, 0.00020575, 0.00265259, 0.999506, -0.0313295, -0.000122705, 0.0313299, 0.999509, 0.00294745  
200, 13.3522, -27.1734, 180.319, 0.999997, -0.00250228, 0.000206387, 0.00250754, 0.999501, -0.0314861, -0.000127497, 0.0314866, 0.999504, 0.00282013  
201, 13.1057, -28.5598, 180.336, 0.999997, -0.00223535, -0.000405896, 0.00222085, 0.999461, -0.0327489, 0.000478883, 0.0327479, 0.999464, 0.00286395  
202, 12.8938, -29.8565, 180.355, 0.999996, -0.00194528, -0.00226116, 0.00186535, 0.999391, -0.0348311, 0.00232754, 0.0348267, 0.999391, 0.0028462  
203, 12.6695, -31.1506, 180.333, 0.999989, -0.00152301, -0.00442134, 0.00135515, 0.999287, -0.0377237, 0.00447564, 0.0377173, 0.999278, 0.00273386  
204, 12.5156, -32.4854, 180.32, 0.999985, -0.00181939, -0.00516499, 0.00160124, 0.999119, -0.0419307, 0.00523673, 0.0419218, 0.999107, 0.00301873  
205, 12.3335, -33.6455, 180.29, 0.999982, -0.00215061, -0.00567003, 0.00190188, 0.999051, -0.0435133, 0.00575823, 0.0435018, 0.999037, 0.00279905  
206, 12.2322, -34.8065, 180.244, 0.999984, -0.00187784, -0.00529897, 0.00163289, 0.998947, -0.0458579, 0.00537951, 0.0458485, 0.998934, 0.00283205  
207, 12.1228, -35.9567, 180.267, 0.999981, -0.00286362, -0.0054159, 0.00259461, 0.998793, -0.04904, 0.0055498, 0.0490251, 0.998782, 0.00284814  
208, 12.0575, -37.1086, 180.203, 0.999971, -0.00343551, -0.00675686, 0.00308597, 0.99869, -0.0510786, 0.00692349, 0.0510563, 0.998672, 0.00284787  
209, 11.9953, -38.1865, 180.172, 0.999973, -0.00231078, -0.00693968, 0.00196046, 0.998744, -0.050071, 0.00704667, 0.050056, 0.998722, 0.00282623  
210, 11.9475, -39.2218, 180.134, 0.999972, -0.00205763, -0.00714695, 0.0016915, 0.998704, -0.0508622, 0.00724235, 0.0508487, 0.99868, 0.00273386  
211, 11.9709, -40.2728, 180.136, 0.999948, -0.0027134, -0.00986485, 0.0021822, 0.998567, -0.0534656, 0.00999579, 0.0534412, 0.998521, 0.00285314  
212, 11.9013, -41.1352, 180.151, 0.999949, -0.00315737, -0.00956502, 0.00266571, 0.998696, -0.0509861, 0.00971353, 0.050958, 0.998654, 0.00309113  
213, 11.925, -42.2302, 180.155, 0.999949, -0.00464676, -0.00891694, 0.00416016, 0.998541, -0.0538333, 0.00915409, 0.0537935, 0.99851, 0.00272027  
214, 11.9359, -43.1516, 180.209, 0.999926, -0.00666695, -0.0101971, 0.00608129, 0.998388, -0.0564241, 0.0105568, 0.0563579, 0.998355, 0.00296464  
215, 11.9243, -44.1508, 180.227, 0.999941, -0.00794566, -0.00736618, 0.00753633, 0.998511, -0.0540219, 0.00778445, 0.0539632, 0.998513, 0.00270945  
216, 12.0005, -45.1411, 180.244, 0.999945, -0.00578399, -0.00879131, 0.00529678, 0.998502, -0.0544665, 0.00909317, 0.0544169, 0.998477, 0.00282651  
217, 11.9483, -46.0391, 180.237, 0.999953, -0.00585225, -0.00772485, 0.00544407, 0.99864, -0.0518426, 0.00801774, 0.0517981, 0.998625, 0.00297435  
218, 12.0115, -46.8452, 180.306, 0.999948, -0.00444779, -0.00915822, 0.00399156, 0.998779, -0.0492465, 0.00936607, 0.0492074, 0.998745, 0.00276382  
219, 12.0965, -47.7976, 180.306, 0.999935, -0.00492794, -0.0102637, 0.00440628, 0.998727, -0.0502431, 0.0104982, 0.0501946, 0.998684, 0.00284759  
220, 12.2533, -48.6522, 180.276, 0.99994, -0.00390058, -0.0102761, 0.00339586, 0.998808, -0.048684, 0.0104537, 0.0486461, 0.998761, 0.00268227  
221, 12.4065, -49.5707, 180.243, 0.99996, -0.0037472, -0.00808393, 0.00336639, 0.998907, -0.0466173, 0.00824978, 0.0465882, 0.99888, 0.00284038  
222, 12.6437, -50.4127, 180.258, 0.99997, -0.00305173, -0.00709547, 0.00271658, 0.998902, -0.0467727, 0.00723042, 0.046752, 0.99888, 0.00303316  
223, 12.9365, -51.1156, 180.235, 0.999954, -0.00649351, -0.00707137, 0.0061322, 0.998732, -0.04997, 0.00738688, 0.0499244, 0.998726, 0.00281763  
224, 13.0545, -51.75, 180.243, 0.999962, -0.00553026, -0.00666519, 0.00522337, 0.998964, -0.0452131, 0.00690833, 0.0451766, 0.998955, 0.0027555  
225, 12.9919, -52.4694, 180.345, 0.999975, -0.00375479, -0.0059943, 0.00352432, 0.999271, -0.0380066, 0.00613264, 0.0379845, 0.99926, 0.00267894  
226, 13.185, -52.8407, 180.279, 0.999959, -0.00598635, -0.00673787, 0.00572365, 0.999248, -0.0383541, 0.0069624, 0.038314, 0.999241, 0.00290889  
227, 13.3258, -53.5502, 180.22, 0.99996, -0.00618936, -0.00640328, 0.00596042, 0.999363, -0.0351754, 0.00661691, 0.0351358, 0.999361, 0.0029369  
228, 13.2324, -54.0121, 180.293, 0.999972, -0.00372723, -0.00654571, 0.00353628, 0.999575, -0.0289457, 0.00665081, 0.0289217, 0.99956, 0.00276382  
229, 13.314, -54.3594, 180.26, 0.999966, -0.00436322, -0.00703444, 0.00416393, 0.999596, -0.0281014, 0.00715421, 0.0280711, 0.99958, 0.00284814  
230, 13.091, -55.3277, 180.324, 0.999975, -0.00163005, -0.00685835, 0.00149045, 0.999793, -0.020312, 0.00689003, 0.0203013, 0.99977, 0.00279738  
231, 12.9861, -55.7781, 180.332, 0.999976, -0.00168547, -0.00667325, 0.00155001, 0.999794, -0.0202531, 0.00670601, 0.0202423, 0.999773, 0.00294606  
232, 12.9358, -56.204, 180.332, 0.999964, -0.00177915, -0.00828634, 0.00165725, 0.999891, -0.014694, 0.00831158, 0.0146798, 0.999858, 0.0027322  
233, 12.7455, -56.5278, 180.42, 0.999968, -0.00137238, -0.0079019, 0.00125723, 0.999893, -0.0145591, 0.00792104, 0.0145487, 0.999863, 0.00293136  
234, 12.5967, -57.0025, 180.403, 0.99995, -0.00311789, -0.00945533, 0.00304502, 0.999966, -0.00771161, 0.00947905, 0.00768243, 0.999926, 0.00275328  
235, 12.3228, -57.2403, 180.548, 0.999948, -0.00275751, -0.00982458, 0.00272123, 0.999989, -0.00370492, 0.00983469, 0.00367799, 0.999945, 0.00292831  
236, 12.0908, -57.6909, 180.624, 0.999928, -0.00316192, -0.0115472, 0.00314683, 0.999994, -0.00132502, 0.0115514, 0.00128859, 0.999932, 0.00278767  
237, 11.8101, -58.0546, 180.663, 0.999909, -0.00524181, -0.0124526, 0.00528261, 0.999981, 0.00324614, 0.0124353, -0.00331162, 0.999917, 0.00275966  
238, 11.5943, -58.6323, 180.636, 0.999879, -0.00381022, -0.0150678, 0.00386159, 0.999987, 0.00338151, 0.0150547, -0.00343928, 0.999881, 0.00275161  
239, 11.3555, -58.9926, 180.638, 0.999859, -0.00407888, -0.0163135, 0.00419686, 0.999965, 0.00720443, 0.0162836, -0.00727188, 0.999841, 0.00269947  
240, 11.0572, -59.4956, 180.58, 0.999838, -0.0053389, -0.0171932, 0.005552, 0.999908, 0.0123706, 0.0171256, -0.012464, 0.999776, 0.0028781  
241, 10.8368, -60.0555, 180.622, 0.999824, -0.00410193, -0.0183005, 0.00436034, 0.999891, 0.0141029, 0.0182407, -0.0141802, 0.999733, 0.00293774  
242, 10.6685, -60.4577, 180.545, 0.99982, -0.00412102, -0.0185297, 0.00450168, 0.999779, 0.0205488, 0.0184409, -0.0206285, 0.999617, 0.00275356  
243, 10.5983, -61.028, 180.499, 0.999787, -0.00257463, -0.0204816, 0.0030331, 0.999745, 0.0223855, 0.0204187, -0.0224428, 0.99954, 0.00287089  
244, 10.5138, -61.4405, 180.491, 0.999806, -0.00229927, -0.0195835, 0.00285702, 0.99959, 0.0285005, 0.0195099, -0.0285509, 0.999402, 0.00270391  
245, 10.421, -61.9984, 180.478, 0.999815, -0.00114643, -0.0192136, 0.001741, 0.999519, 0.030957, 0.0191689, -0.0309847, 0.999336, 0.00296104  
246, 10.4909, -62.4092, 180.495, 0.999796, 0.000148604, -0.0201919, 0.000517551, 0.999456, 0.032982, 0.0201858, -0.0329857, 0.999252, 0.00292858  
247, 10.5512, -62.8959, 180.458, 0.999772, -0.00209429, -0.0212378, 0.0028294, 0.999396, 0.0346424, 0.0211525, -0.0346946, 0.999174, 0.0027616  
248, 10.7244, -63.4153, 180.425, 0.999759, -5.25807e-005, -0.0219611, 0.000903953, 0.999248, 0.0387592, 0.0219425, -0.0387697, 0.999007, 0.0026537  
249, 10.8043, -63.935, 180.404, 0.99985, 0.000768202, -0.0173157, -1.5704e-005, 0.999057, 0.0434159, 0.0173327, -0.0434091, 0.998907, 0.00266812  
250, 11.002, -64.5922, 180.412, 0.999817, 0.00119777, -0.0190742, -0.000369634, 0.999059, 0.0433608, 0.0191082, -0.0433458, 0.998877, 0.00294883  
251, 11.2514, -65.0638, 180.453, 0.999853, 0.000882918, -0.0171412, -5.54936e-005, 0.998837, 0.0482116, 0.0171639, -0.0482036, 0.99869, 0.00301568  
252, 11.5364, -65.7034, 180.397, 0.999871, 0.00166835, -0.0159792, -0.000833595, 0.998641, 0.0521052, 0.0160444, -0.0520851, 0.998514, 0.00274357  
253, 11.8626, -66.299, 180.413, 0.999894, 0.00212403, -0.014377, -0.0013479, 0.998552, 0.0537804, 0.0144704, -0.0537553, 0.998449, 0.00283871  
254, 12.2241, -67.0104, 180.361, 0.999922, 0.00142922, -0.0124305, -0.000706138, 0.998317, 0.057981, 0.0124924, -0.0579677, 0.99824, 0.00269697  
255, 12.6078, -67.587, 180.41, 0.999937, 0.00298268, -0.0107986, -0.00232795, 0.998187, 0.0601444, 0.0109584, -0.0601155, 0.998131, 0.0029774  
256, 12.9752, -68.308, 180.387, 0.999965, 0.00292586, -0.00779013, -0.00240041, 0.997775, 0.0666253, 0.00796773, -0.0666043, 0.997748, 0.00277103  
257, 13.3118, -68.9092, 180.4, 0.999966, 0.00418998, -0.00704669, -0.00367709, 0.997449, 0.0712854, 0.0073274, -0.0712571, 0.997431, 0.00277186  
258, 13.8038, -69.7804, 180.361, 0.999989, 0.00221953, -0.00401541, -0.00193227, 0.997533, 0.0701794, 0.00416127, -0.0701709, 0.997526, 0.00276437  
259, 14.3346, -70.5299, 180.359, 0.99999, 0.00348507, -0.00279479, -0.00327436, 0.997388, 0.0721504, 0.00303894, -0.0721405, 0.99739, 0.00273691  
260, 14.8111, -71.2501, 180.257, 0.999997, 0.00218364, -0.000506228, -0.00213675, 0.996864, 0.0791081, 0.000677384, -0.0791068, 0.996866, 0.00277381  
261, 15.2264, -71.9857, 180.262, 0.999996, 0.00265416, -0.000324367, -0.0026191, 0.9967, 0.0811287, 0.000538625, -0.0811275, 0.996704, 0.00284981  
262, 15.6242, -72.7092, 180.297, 1, -6.33095e-005, 0.000728898, 1.44167e-006, 0.996418, 0.0845675, -0.000731641, -0.0845674, 0.996417, 0.0027028  
263, 16.056, -73.5757, 180.275, 0.999994, 0.000167469, 0.00349176, -0.000466933, 0.9963, 0.0859396, -0.00346445, -0.0859407, 0.996294, 0.00276105  
264, 16.428, -74.2883, 180.321, 0.999996, -0.00125059, 0.00264863, 0.00102037, 0.996363, 0.0852045, -0.00274555, -0.0852014, 0.99636, 0.00273913  
265, 16.7492, -75.1227, 180.295, 0.999985, -0.00161273, 0.00515022, 0.00114955, 0.996058, 0.0887021, -0.00527297, -0.0886949, 0.996045, 0.00276077  
266, 17.0915, -76.0317, 180.388, 0.999975, -0.00173326, 0.00683653, 0.00111908, 0.996045, 0.0888389, -0.00696348, -0.088829, 0.996023, 0.00289197  
267, 17.5182, -76.8737, 180.356, 0.999959, -0.00031326, 0.00909536, -0.000501072, 0.995996, 0.0893926, -0.00908695, -0.0893934, 0.995955, 0.00277547  
268, 17.8823, -77.7994, 180.402, 0.999935, 0.000319068, 0.0114016, -0.00133257, 0.996031, 0.0889944, -0.011328, -0.0890038, 0.995967, 0.00288448  
269, 18.2689, -78.8017, 180.394, 0.999892, 0.00113189, 0.0146419, -0.00245106, 0.995903, 0.0903944, -0.0144796, -0.0904205, 0.995798, 0.00272776  
