0, 0, 0, 0, 0, 0, 0, 0, 0, 0, 0, 0, 0, 0.00629099  
1, 21.3438, 16.4906, 180.288, 0.999551, 0.0280334, -0.0106113, -0.0274541, 0.998307, 0.0512838, 0.012031, -0.0509694, 0.998628, 0.0026365  
2, 21.3531, 16.4737, 180.299, 0.999569, 0.0273254, -0.0106835, -0.026744, 0.998329, 0.0512276, 0.0120655, -0.0509198, 0.99863, 0.00270169  
3, 21.3744, 16.4835, 180.29, 0.999563, 0.0279088, -0.00977456, -0.0273613, 0.998259, 0.0522621, 0.0112161, -0.0519718, 0.998586, 0.00321401  
4, 21.3531, 16.4912, 180.285, 0.99956, 0.0278484, -0.0102224, -0.0272852, 0.998294, 0.0516213, 0.0116425, -0.0513197, 0.998614, 0.00275799  
5, 21.3842, 16.4771, 180.274, 0.999548, 0.0281722, -0.0104486, -0.0276058, 0.998323, 0.0508824, 0.0118646, -0.050571, 0.99865, 0.00297158  
6, 21.3872, 16.4843, 180.282, 0.999555, 0.0277421, -0.0109674, -0.0271469, 0.998323, 0.0511234, 0.0123672, -0.0508029, 0.998632, 0.00278268  
7, 21.3817, 16.4528, 180.294, 0.999559, 0.0278894, -0.0101667, -0.0273222, 0.998262, 0.0522112, 0.0116052, -0.0519105, 0.998584, 0.00288698  
8, 21.3333, 16.4695, 180.297, 0.999545, 0.0282406, -0.0105553, -0.0276689, 0.998322, 0.0508662, 0.0119741, -0.050551, 0.99865, 0.00288365  
9, 21.3812, 16.4772, 180.29, 0.999558, 0.0278608, -0.0103277, -0.0272783, 0.998233, 0.0527936, 0.0117803, -0.0524886, 0.998552, 0.00280959  
10, 21.378, 16.4717, 180.294, 0.999561, 0.0277125, -0.010472, -0.0271393, 0.998309, 0.0514007, 0.0118788, -0.0510939, 0.998623, 0.00279655  
11, 21.3702, 16.4941, 180.269, 0.999549, 0.0281886, -0.0103617, -0.0276203, 0.998295, 0.0514144, 0.0117934, -0.051105, 0.998624, 0.00273137  
12, 21.3992, 16.4894, 180.28, 0.999547, 0.0282568, -0.0103795, -0.0276836, 0.998277, 0.051742, 0.0118236, -0.0514312, 0.998607, 0.00303205  
13, 21.3664, 16.4851, 180.279, 0.999552, 0.0279812, -0.0106396, -0.0273971, 0.998294, 0.0515675, 0.0120643, -0.0512529, 0.998613, 0.00311637  
14, 21.3389, 16.4879, 180.307, 0.999552, 0.02802, -0.0105495, -0.0274296, 0.998246, 0.0524728, 0.0120012, -0.0521599, 0.998567, 0.00274135  
15, 21.3921, 16.5137, 180.286, 0.999561, 0.0276187, -0.0106837, -0.0270385, 0.998328, 0.051096, 0.0120771, -0.0507847, 0.998637, 0.00294578  
16, 21.3897, 16.4977, 180.28, 0.999551, 0.0281204, -0.0103617, -0.0275503, 0.998289, 0.0515769, 0.0117943, -0.0512683, 0.998615, 0.00272693  
17, 21.3668, 16.49, 180.281, 0.999555, 0.0279821, -0.0102984, -0.0274188, 0.998308, 0.0512825, 0.0117159, -0.0509773, 0.998631, 0.00294578  
18, 21.3874, 16.5251, 180.264, 0.999541, 0.0283571, -0.0106344, -0.0277674, 0.998261, 0.0520067, 0.0120906, -0.0516876, 0.99859, 0.00278518  
19, 21.3475, 16.4862, 180.292, 0.99956, 0.0277964, -0.0103863, -0.0272407, 0.998364, 0.0502731, 0.0117667, -0.049968, 0.998681, 0.00278102  
20, 21.393, 16.5048, 180.28, 0.999551, 0.0282417, -0.0100125, -0.0276726, 0.99821, 0.0530229, 0.011492, -0.052722, 0.998543, 0.00287755  
21, 21.3668, 16.5062, 180.292, 0.999561, 0.027556, -0.0109255, -0.0269689, 0.998352, 0.0506644, 0.0123036, -0.0503475, 0.998656, 0.00272748  
22, 21.3764, 16.517, 180.279, 0.999553, 0.0280857, -0.0102487, -0.02751, 0.998239, 0.0525533, 0.0117067, -0.0522479, 0.998566, 0.00310944  
23, 21.3945, 16.5252, 180.285, 0.99956, 0.0279968, -0.00975965, -0.0274365, 0.998193, 0.0534686, 0.011239, -0.0531774, 0.998522, 0.00302678  
24, 21.3659, 16.5103, 180.315, 0.999561, 0.0276481, -0.0106125, -0.0270604, 0.998279, 0.0520172, 0.0120324, -0.0517072, 0.99859, 0.0027763  
25, 21.3317, 16.5219, 180.309, 0.999568, 0.0275071, -0.010388, -0.0269304, 0.99828, 0.0520803, 0.0118027, -0.051778, 0.998589, 0.00277464  
26, 21.3909, 16.527, 180.282, 0.999572, 0.0274632, -0.0100414, -0.0268932, 0.998229, 0.0530701, 0.0114811, -0.0527773, 0.99854, 0.00276604  
27, 21.3798, 16.5199, 180.306, 0.999553, 0.0278329, -0.0108753, -0.0272329, 0.998282, 0.0518844, 0.0123007, -0.0515651, 0.998594, 0.00305757  
28, 21.4011, 16.5362, 180.271, 0.999548, 0.0283021, -0.0101461, -0.0277336, 0.998243, 0.0523675, 0.0116103, -0.0520624, 0.998576, 0.00285341  
29, 21.3836, 16.5291, 180.285, 0.999547, 0.0281768, -0.0105798, -0.0275786, 0.998215, 0.0529695, 0.0120534, -0.0526537, 0.99854, 0.0026978  
30, 21.4083, 16.5395, 180.268, 0.999549, 0.0280747, -0.0106304, -0.0274815, 0.99825, 0.052355, 0.0120816, -0.0520393, 0.998572, 0.00288892  
31, 21.3655, 16.5141, 180.3, 0.999543, 0.0283285, -0.0105259, -0.0277383, 0.998235, 0.0525201, 0.0119951, -0.0522041, 0.998564, 0.00272249  
32, 21.3979, 16.551, 180.304, 0.999567, 0.0276313, -0.0101137, -0.0270689, 0.998277, 0.0520555, 0.0115347, -0.0517592, 0.998593, 0.00289169  
33, 21.4133, 16.5299, 180.283, 0.999559, 0.0276998, -0.010682, -0.0270998, 0.998241, 0.0527332, 0.0121239, -0.0524205, 0.998552, 0.00318044  
34, 21.3738, 16.5251, 180.296, 0.999557, 0.0278806, -0.0104236, -0.0272948, 0.99824, 0.052651, 0.0118732, -0.0523431, 0.998559, 0.00269669  
35, 21.3911, 16.5435, 180.3, 0.999548, 0.0280481, -0.0108551, -0.0274345, 0.998215, 0.0530564, 0.0123239, -0.0527346, 0.998533, 0.00272304  
36, 21.3536, 16.5307, 180.305, 0.999573, 0.0274256, -0.0101181, -0.0268476, 0.998211, 0.0534149, 0.0115649, -0.0531204, 0.998521, 0.00270585  
37, 21.3673, 16.5374, 180.318, 0.999569, 0.0273485, -0.0107046, -0.026761, 0.998308, 0.0516325, 0.0120985, -0.0513238, 0.998609, 0.00294966  
38, 21.369, 16.5501, 180.311, 0.999565, 0.0275306, -0.0105674, -0.0269483, 0.998295, 0.0517694, 0.0119747, -0.0514622, 0.998603, 0.00278684  
39, 21.4219, 16.5626, 180.268, 0.999554, 0.0279973, -0.0104138, -0.0274125, 0.998239, 0.0526024, 0.0118682, -0.0522934, 0.998561, 0.00278573  
40, 21.4093, 16.5529, 180.282, 0.999545, 0.0281803, -0.0107357, -0.0275757, 0.998223, 0.0528227, 0.0122052, -0.0525026, 0.998546, 0.00297463  
41, 21.3616, 16.5206, 180.309, 0.999563, 0.0277547, -0.0101838, -0.0271766, 0.99822, 0.0530799, 0.0116389, -0.0527799, 0.998538, 0.00275605  
42, 21.3898, 16.554, 180.272, 0.99956, 0.0278181, -0.0103115, -0.0272409, 0.998253, 0.0524213, 0.0117517, -0.0521173, 0.998572, 0.00266812  
43, 21.4117, 16.5655, 180.287, 0.999553, 0.0280421, -0.0104113, -0.0274535, 0.998221, 0.0529194, 0.0118767, -0.0526099, 0.998545, 0.00299099  
44, 21.3822, 16.543, 180.276, 0.999551, 0.0280621, -0.0104995, -0.0274769, 0.998256, 0.0522559, 0.0119476, -0.051944, 0.998579, 0.00280238  
45, 21.3766, 16.5456, 180.302, 0.999563, 0.0277942, -0.0100239, -0.0272327, 0.998257, 0.052367, 0.0114619, -0.0520712, 0.998578, 0.00277575  
46, 21.3667, 16.5701, 180.301, 0.99955, 0.0281399, -0.0103825, -0.027562, 0.99826, 0.052133, 0.0118315, -0.0518233, 0.998586, 0.00267922  
47, 21.3848, 16.556, 180.295, 0.999547, 0.0281506, -0.010634, -0.0275624, 0.998271, 0.051913, 0.012077, -0.0515964, 0.998595, 0.00259573  
48, 21.3743, 16.5431, 180.297, 0.999563, 0.0276723, -0.0104274, -0.0270919, 0.998269, 0.0522046, 0.0118539, -0.0518993, 0.998582, 0.00309418  
49, 21.3777, 16.5529, 180.302, 0.999548, 0.0280198, -0.0108501, -0.027412, 0.998239, 0.0526141, 0.0123052, -0.0522929, 0.998556, 0.00280238  
50, 21.4054, 16.5194, 180.303, 0.999569, 0.0273725, -0.0106099, -0.0267857, 0.998289, 0.0519809, 0.0120146, -0.0516743, 0.998592, 0.0028634  
51, 21.4063, 16.5505, 180.286, 0.999556, 0.0282168, -0.00957532, -0.0276746, 0.998227, 0.0526876, 0.011045, -0.0523992, 0.998565, 0.00288809  
52, 21.3668, 16.5323, 180.313, 0.999568, 0.0275426, -0.0102753, -0.026961, 0.998231, 0.0529989, 0.0117168, -0.0526989, 0.998542, 0.00285979  
53, 21.4093, 16.5449, 180.268, 0.999548, 0.028115, -0.0106735, -0.0275151, 0.998231, 0.0527116, 0.0121366, -0.0523941, 0.998553, 0.00300126  
54, 21.357, 16.5246, 180.302, 0.999561, 0.0276817, -0.0105701, -0.0270872, 0.99824, 0.0527556, 0.0120118, -0.0524461, 0.998552, 0.00285258  
55, 21.3616, 16.5274, 180.286, 0.999555, 0.0280876, -0.0100601, -0.0275227, 0.998243, 0.0524691, 0.0115161, -0.0521689, 0.998572, 0.00290334  
56, 21.3835, 16.5427, 180.277, 0.999545, 0.0281611, -0.0107887, -0.0275611, 0.998255, 0.0522186, 0.0122404, -0.0518975, 0.998577, 0.00280765  
57, 21.3748, 16.5298, 180.289, 0.999567, 0.0276601, -0.0100132, -0.0270989, 0.998258, 0.0524061, 0.0114454, -0.052112, 0.998576, 0.00286506  
58, 21.3889, 16.5096, 180.287, 0.999554, 0.0279408, -0.010571, -0.0273376, 0.998197, 0.0534444, 0.0120452, -0.0531315, 0.998515, 0.00310389  
59, 21.4046, 16.5449, 180.276, 0.999555, 0.0277457, -0.0109671, -0.0271356, 0.998261, 0.0523358, 0.0124001, -0.0520149, 0.998569, 0.00289197  
60, 21.3799, 16.5138, 180.292, 0.999561, 0.0276528, -0.0106009, -0.0270639, 0.998272, 0.052165, 0.0120251, -0.0518552, 0.998582, 0.00289974  
61, 21.3967, 16.5238, 180.286, 0.999564, 0.0277611, -0.010083, -0.0271913, 0.998234, 0.0528233, 0.0115317, -0.0525261, 0.998553, 0.0029566  
62, 21.4028, 16.5322, 180.292, 0.999557, 0.0278456, -0.0105068, -0.0272709, 0.998308, 0.0513633, 0.0119192, -0.051054, 0.998625, 0.00294883  
63, 21.3969, 16.522, 180.278, 0.999545, 0.0283466, -0.0102784, -0.0277715, 0.998244, 0.052329, 0.0117437, -0.0520198, 0.998577, 0.00310417  
64, 21.374, 16.5171, 180.302, 0.999564, 0.0274998, -0.0107479, -0.026909, 0.9983, 0.0517047, 0.0121515, -0.0513929, 0.998605, 0.00275245  
65, 21.4088, 16.5004, 180.269, 0.999544, 0.0284081, -0.010194, -0.0278382, 0.998245, 0.0522626, 0.0116608, -0.0519551, 0.998581, 0.00302095  
66, 21.3536, 16.5131, 180.312, 0.999559, 0.0277237, -0.0106056, -0.027136, 0.998276, 0.052041, 0.0120301, -0.0517303, 0.998589, 0.0027824  
67, 21.4022, 16.4948, 180.259, 0.999551, 0.0282395, -0.00998377, -0.0276901, 0.998292, 0.0514369, 0.0114193, -0.0511373, 0.998626, 0.00292082  
68, 21.3656, 16.5064, 180.291, 0.999545, 0.0281274, -0.0109048, -0.027518, 0.998242, 0.0525025, 0.0123624, -0.0521785, 0.998561, 0.00297324  
69, 21.3842, 16.5257, 180.302, 0.999551, 0.0278148, -0.0111112, -0.0272048, 0.998291, 0.0517194, 0.0125307, -0.0513939, 0.9986, 0.0027089  
70, 21.3825, 16.4941, 180.274, 0.999563, 0.0276596, -0.0104456, -0.0270851, 0.998299, 0.0516255, 0.0118558, -0.05132, 0.998612, 0.00285008  
71, 21.3836, 16.4707, 180.281, 0.999554, 0.0281167, -0.0100268, -0.0275583, 0.998264, 0.052045, 0.0114727, -0.0517455, 0.998594, 0.00279655  
72, 21.3576, 16.483, 180.292, 0.999549, 0.0283558, -0.00985401, -0.0278165, 0.998305, 0.0511247, 0.011287, -0.0508276, 0.998644, 0.00299737  
73, 21.3887, 16.5128, 180.296, 0.999546, 0.0281004, -0.0108342, -0.0275017, 0.998272, 0.0519266, 0.0122746, -0.0516051, 0.998592, 0.00301124  
74, 21.3611, 16.4977, 180.293, 0.999548, 0.0281472, -0.0106079, -0.0275606, 0.998273, 0.0518854, 0.01205, -0.0515695, 0.998597, 0.00268754  
75, 21.337, 16.4755, 180.318, 0.999565, 0.027509, -0.0106213, -0.0269257, 0.998303, 0.0516268, 0.0120235, -0.0513184, 0.99861, 0.00275217  
76, 21.3971, 16.4961, 180.286, 0.999543, 0.0281363, -0.0110294, -0.0275352, 0.998303, 0.0513148, 0.0124544, -0.0509877, 0.998622, 0.0027175  
77, 21.3607, 16.4884, 180.306, 0.999545, 0.0281405, -0.0108257, -0.0275405, 0.998264, 0.0520657, 0.012272, -0.0517439, 0.998585, 0.00306173  
78, 21.3747, 16.4739, 180.293, 0.999554, 0.0279723, -0.0104728, -0.0273891, 0.998261, 0.0522054, 0.0119149, -0.0518953, 0.998581, 0.00294134  
79, 21.3675, 16.4631, 180.303, 0.999568, 0.027591, -0.0101487, -0.0270336, 0.998308, 0.0514756, 0.0115518, -0.051179, 0.998623, 0.00273913  
80, 21.3658, 16.4666, 180.301, 0.999561, 0.0276714, -0.0105704, -0.0270829, 0.998266, 0.0522647, 0.0119983, -0.0519555, 0.998577, 0.00287671  
81, 21.3568, 16.4682, 180.294, 0.999556, 0.027938, -0.0103751, -0.0273674, 0.998294, 0.0515734, 0.0117982, -0.0512665, 0.998615, 0.00272499  
82, 21.3793, 16.4675, 180.283, 0.999545, 0.0280428, -0.0110754, -0.0274299, 0.998267, 0.0520712, 0.0125165, -0.0517438, 0.998582, 0.00285924  
83, 21.3793, 16.4858, 180.267, 0.999539, 0.0282876, -0.0110012, -0.0276904, 0.99831, 0.0510985, 0.012428, -0.0507704, 0.998633, 0.00304508  
84, 21.3806, 16.4668, 180.258, 0.999549, 0.0281472, -0.0104267, -0.0275694, 0.99827, 0.0519366, 0.0118706, -0.0516258, 0.998596, 0.00275467  
85, 21.378, 16.4886, 180.281, 0.999556, 0.0279246, -0.0103952, -0.027353, 0.998294, 0.0515768, 0.0118177, -0.0512696, 0.998615, 0.0027874  
86, 21.3902, 16.4992, 180.288, 0.999552, 0.0280219, -0.0104694, -0.0274437, 0.998281, 0.0517943, 0.0119028, -0.0514838, 0.998603, 0.0027261  
87, 21.382, 16.4941, 180.262, 0.999553, 0.0281272, -0.0101618, -0.0275636, 0.998272, 0.0518929, 0.0116039, -0.0515896, 0.998601, 0.0028659  
88, 21.3807, 16.4857, 180.278, 0.99956, 0.0279095, -0.0100156, -0.0273504, 0.998263, 0.0521828, 0.0114546, -0.0518859, 0.998587, 0.00292082  
89, 21.3858, 16.4868, 180.288, 0.999547, 0.0282476, -0.0103843, -0.0276708, 0.998262, 0.0520223, 0.0118358, -0.0517114, 0.998592, 0.00290001  
90, 21.3912, 16.5044, 180.286, 0.999538, 0.0282855, -0.011119, -0.0276752, 0.998281, 0.0516623, 0.0125612, -0.0513307, 0.998603, 0.00278962  
91, 21.3568, 16.4802, 180.288, 0.999546, 0.0283833, -0.0101505, -0.0278098, 0.99822, 0.0527647, 0.0116301, -0.0524584, 0.998555, 0.00273553  
92, 21.3165, 16.4504, 180.308, 0.999572, 0.0274182, -0.0102167, -0.0268622, 0.998333, 0.0510757, 0.0116, -0.0507794, 0.998643, 0.00290501  
93, 21.3279, 16.4961, 180.315, 0.999544, 0.0283762, -0.0102774, -0.0278004, 0.99824, 0.0523895, 0.0117459, -0.0520799, 0.998574, 0.00309557  
94, 21.356, 16.4955, 180.29, 0.999563, 0.0277318, -0.010243, -0.0271734, 0.998322, 0.0511315, 0.0116438, -0.0508308, 0.998639, 0.00270307  
95, 21.3721, 16.5255, 180.29, 0.999536, 0.0283531, -0.011159, -0.0277375, 0.998266, 0.051921, 0.0126117, -0.0515874, 0.998589, 0.00291582  
96, 21.3318, 16.7895, 180.292, 0.999533, 0.0287759, -0.0102926, -0.0281167, 0.997844, 0.0592945, 0.0119766, -0.0589774, 0.998187, 0.00264011  
97, 21.3401, 16.8602, 180.3, 0.999517, 0.0288708, -0.0114643, -0.0281355, 0.997813, 0.0598155, 0.0131661, -0.0594641, 0.998144, 0.00265869  
98, 21.2787, 16.8525, 180.318, 0.999545, 0.0282045, -0.0106445, -0.0275157, 0.997814, 0.0600846, 0.0123159, -0.0597644, 0.998137, 0.00276853  
99, 21.3643, 16.882, 180.286, 0.999515, 0.029306, -0.0105601, -0.0285922, 0.997643, 0.0623713, 0.012363, -0.0620391, 0.997997, 0.00285175  
100, 21.2927, 16.8725, 180.367, 0.999541, 0.0285417, -0.0101592, -0.0278418, 0.997599, 0.0634042, 0.0119445, -0.0630922, 0.997936, 0.00265786  
101, 21.3421, 16.9083, 180.328, 0.999525, 0.0289965, -0.0104373, -0.0282627, 0.997507, 0.0646583, 0.0122861, -0.0643326, 0.997853, 0.00274884  
102, 21.3795, 16.9389, 180.302, 0.999485, 0.0302184, -0.0108329, -0.0294334, 0.997353, 0.0664826, 0.0128132, -0.0661295, 0.997729, 0.00287921  
103, 21.362, 16.9454, 180.315, 0.999526, 0.0291555, -0.00985951, -0.0284361, 0.997376, 0.0665775, 0.0117747, -0.0662656, 0.997733, 0.0027824  
104, 21.374, 16.9871, 180.34, 0.999499, 0.0300163, -0.010082, -0.0292551, 0.997211, 0.0686555, 0.0121147, -0.0683261, 0.997589, 0.00288781  
105, 21.3909, 17.0322, 180.343, 0.999494, 0.0298524, -0.010973, -0.0290204, 0.997164, 0.0694437, 0.0130149, -0.0690901, 0.997526, 0.00274468  
106, 21.3316, 17.0131, 180.376, 0.999517, 0.0295237, -0.00965668, -0.0287513, 0.996977, 0.0721852, 0.0117587, -0.0718728, 0.997344, 0.00289946  
107, 21.3791, 17.0307, 180.366, 0.999505, 0.0297401, -0.0102719, -0.0289234, 0.996975, 0.0721381, 0.0123863, -0.0718053, 0.997342, 0.0027211  
108, 21.374, 17.0221, 180.379, 0.999486, 0.0304344, -0.0100292, -0.02961, 0.996815, 0.0740438, 0.0122508, -0.0737088, 0.997205, 0.00300542  
109, 21.3529, 17.018, 180.387, 0.999485, 0.0306234, -0.00957877, -0.0298237, 0.996758, 0.0747237, 0.011836, -0.0743996, 0.997158, 0.00311776  
110, 21.322, 16.9879, 180.43, 0.999511, 0.0297996, -0.00943495, -0.0289959, 0.996672, 0.0761829, 0.0116738, -0.0758721, 0.997049, 0.00273996  
111, 21.3068, 16.9494, 180.442, 0.999498, 0.0302224, -0.00951656, -0.0293861, 0.996496, 0.078306, 0.0118498, -0.077987, 0.996884, 0.00277131  
112, 21.3586, 16.9592, 180.439, 0.999486, 0.030769, -0.00903998, -0.029954, 0.996381, 0.079547, 0.0114548, -0.0792353, 0.99679, 0.00268865  
113, 21.3637, 16.8874, 180.431, 0.999476, 0.0309001, -0.00962986, -0.0300308, 0.996332, 0.0801336, 0.0120707, -0.0798024, 0.996738, 0.00278074  
114, 21.3419, 16.8189, 180.446, 0.999471, 0.0308999, -0.0101906, -0.0299738, 0.996256, 0.0810879, 0.012658, -0.0807395, 0.996655, 0.0027677  
115, 21.3185, 16.7584, 180.475, 0.999487, 0.0302555, -0.0105442, -0.0292871, 0.996177, 0.0823045, 0.0129941, -0.0819534, 0.996551, 0.00270668  
116, 21.3296, 16.7058, 180.47, 0.999479, 0.0304107, -0.0107974, -0.029428, 0.996216, 0.0817788, 0.0132435, -0.0814184, 0.996592, 0.00276354  
117, 21.3258, 16.5932, 180.482, 0.999494, 0.0304884, -0.00903678, -0.029624, 0.996032, 0.0839173, 0.0115594, -0.0836071, 0.996432, 0.00269059  
118, 21.3184, 16.5215, 180.507, 0.999471, 0.0308719, -0.010237, -0.0298968, 0.995964, 0.0846277, 0.0128083, -0.0842769, 0.99636, 0.00287838  
119, 21.3099, 16.4255, 180.503, 0.999466, 0.0308352, -0.0108023, -0.0298119, 0.995963, 0.0846736, 0.0133696, -0.0843063, 0.99635, 0.00289336  
120, 21.3001, 16.3129, 180.542, 0.999472, 0.0307578, -0.0104659, -0.0297526, 0.995896, 0.0854805, 0.0130522, -0.085124, 0.996285, 0.00273525  
121, 21.2763, 16.2038, 180.545, 0.999466, 0.0302669, -0.0122832, -0.0291067, 0.995902, 0.0856253, 0.0148245, -0.0852221, 0.996252, 0.00276937  
122, 21.2372, 16.03, 180.561, 0.99948, 0.0303489, -0.0108663, -0.0292906, 0.995778, 0.0870011, 0.0134608, -0.0866376, 0.996149, 0.00274024  
123, 21.254, 15.8849, 180.537, 0.999468, 0.0305362, -0.0114988, -0.0294204, 0.995761, 0.087143, 0.0141111, -0.0867583, 0.996129, 0.00312719  
124, 21.2334, 15.7292, 180.595, 0.999479, 0.0299073, -0.0121543, -0.0287343, 0.995765, 0.0873262, 0.0147145, -0.0869315, 0.996106, 0.00284121  
125, 21.1963, 15.5552, 180.612, 0.999475, 0.0298702, -0.0125643, -0.0286624, 0.995771, 0.0872807, 0.0151182, -0.0868748, 0.996105, 0.002796  
126, 21.1786, 15.3903, 180.612, 0.99949, 0.0293983, -0.012499, -0.0282014, 0.995805, 0.0870485, 0.0150056, -0.0866516, 0.996126, 0.0028548  
127, 21.1496, 15.1837, 180.64, 0.999536, 0.0280198, -0.0119141, -0.026871, 0.995795, 0.0875788, 0.0143179, -0.0872181, 0.996086, 0.0027616  
128, 21.1204, 14.9224, 180.662, 0.999527, 0.0278862, -0.0129625, -0.0266635, 0.995898, 0.0864699, 0.0153206, -0.0860834, 0.99617, 0.00282068  
129, 21.0837, 14.719, 180.673, 0.999499, 0.0285683, -0.0136145, -0.0272778, 0.995831, 0.0870404, 0.0160443, -0.0866254, 0.996112, 0.00288781  
130, 21.0696, 14.415, 180.667, 0.999483, 0.0289197, -0.0140295, -0.0276166, 0.995951, 0.0855564, 0.016447, -0.0851248, 0.996235, 0.00283178  
131, 21.006, 14.1594, 180.701, 0.99951, 0.0280638, -0.0138738, -0.0267746, 0.995961, 0.0857, 0.0162228, -0.0852866, 0.996224, 0.00287394  
132, 20.9111, 13.816, 180.696, 0.999494, 0.0283826, -0.0143301, -0.0270518, 0.995946, 0.0857914, 0.016707, -0.0853604, 0.99621, 0.00286201  
133, 20.8567, 13.5009, 180.711, 0.999477, 0.0285149, -0.0152667, -0.0271253, 0.996048, 0.0845701, 0.0176178, -0.0841117, 0.996301, 0.00287394  
134, 20.8101, 13.0396, 180.719, 0.99952, 0.0277981, -0.0136681, -0.0265465, 0.996069, 0.0845112, 0.0159636, -0.0841078, 0.996329, 0.00300348  
135, 20.711, 12.6355, 180.732, 0.999491, 0.0283481, -0.0146238, -0.0270337, 0.996153, 0.0833578, 0.0169306, -0.0829201, 0.996412, 0.00285979  
136, 20.6432, 12.1624, 180.711, 0.999484, 0.0279384, -0.0158212, -0.026568, 0.996356, 0.0810521, 0.018028, -0.0805899, 0.996584, 0.00293469  
137, 20.5827, 11.5957, 180.708, 0.999489, 0.0282846, -0.0148618, -0.0270332, 0.996543, 0.0785549, 0.0170324, -0.078113, 0.996799, 0.00289779  
138, 20.5046, 11.0393, 180.694, 0.999462, 0.0290911, -0.0151356, -0.0278158, 0.996521, 0.0785645, 0.0173684, -0.0781013, 0.996794, 0.00280515  
139, 20.407, 10.4031, 180.672, 0.999457, 0.0292182, -0.015241, -0.027982, 0.996728, 0.0758349, 0.0174069, -0.0753672, 0.997004, 0.00293552  
140, 20.3124, 9.722, 180.67, 0.999452, 0.0293662, -0.0152669, -0.028173, 0.996916, 0.0732398, 0.0173706, -0.0727695, 0.997198, 0.00269836  
141, 20.2335, 9.06573, 180.658, 0.999457, 0.0293897, -0.014888, -0.0282218, 0.996906, 0.073368, 0.0169981, -0.072908, 0.997194, 0.00282817  
142, 20.1834, 8.36127, 180.625, 0.999455, 0.0292855, -0.0152076, -0.0281284, 0.99705, 0.0714171, 0.0172542, -0.0709505, 0.997331, 0.0028107  
143, 20.0995, 7.62871, 180.597, 0.999427, 0.0302038, -0.0153052, -0.0290924, 0.997243, 0.0682676, 0.017325, -0.0677832, 0.99755, 0.00291471  
144, 20.205, 6.8161, 180.575, 0.999435, 0.0299743, -0.0152205, -0.028901, 0.997373, 0.0664199, 0.0171714, -0.0659425, 0.997676, 0.00306866  
145, 20.2538, 6.06824, 180.634, 0.99945, 0.0297069, -0.0147083, -0.0286623, 0.997358, 0.0667511, 0.0166524, -0.0662929, 0.997661, 0.0028634  
146, 20.3512, 5.33287, 180.674, 0.999456, 0.0296029, -0.014567, -0.0285225, 0.997174, 0.0694962, 0.0165832, -0.0690429, 0.997476, 0.00296797  
147, 20.4928, 4.59869, 180.836, 0.99949, 0.0271128, -0.0168897, -0.0258552, 0.997164, 0.0706839, 0.0187582, -0.0702111, 0.997356, 0.00266063  
148, 20.656, 3.76645, 180.918, 0.999511, 0.0262261, -0.0170285, -0.0249329, 0.997081, 0.0721595, 0.0188713, -0.0716997, 0.997248, 0.00288559  
149, 20.8845, 2.91029, 180.939, 0.999485, 0.0267715, -0.0176751, -0.025506, 0.997338, 0.0683119, 0.0194569, -0.0678259, 0.997507, 0.00300459  
150, 21.1647, 1.96169, 180.942, 0.999499, 0.0280085, -0.0147389, -0.0269891, 0.997499, 0.0653305, 0.0165318, -0.0649, 0.997755, 0.00275328  
151, 21.4049, 1.02401, 180.933, 0.99956, 0.0269466, -0.0123891, -0.0261264, 0.997723, 0.0621806, 0.0140365, -0.0618296, 0.997988, 0.00276326  
152, 21.7587, -0.015447, 180.942, 0.999596, 0.0264992, -0.0102651, -0.0258776, 0.998063, 0.0565709, 0.0117443, -0.0562824, 0.998346, 0.00275883  
153, 22.1649, -0.958029, 180.86, 0.999596, 0.0272032, -0.00828103, -0.0267071, 0.998126, 0.055052, 0.0097631, -0.0548086, 0.998449, 0.00300736  
154, 22.5694, -1.92145, 180.825, 0.999616, 0.0270024, -0.00625651, -0.0266399, 0.998283, 0.052167, 0.0076544, -0.0519803, 0.998619, 0.00300958  
155, 22.9429, -2.96758, 180.825, 0.999637, 0.0268956, -0.00163788, -0.0267805, 0.998397, 0.0498708, 0.00297656, -0.0498089, 0.998754, 0.00274191  
156, 23.477, -3.93751, 180.794, 0.999628, 0.0271835, 0.00209884, -0.027252, 0.998532, 0.0468044, -0.000823452, -0.0468442, 0.998902, 0.00290889  
157, 23.9455, -5.00755, 180.828, 0.999644, 0.0263647, 0.00414895, -0.0265218, 0.99868, 0.0439888, -0.00298372, -0.0440831, 0.999023, 0.00271944  
158, 24.3609, -6.03346, 180.834, 0.999569, 0.0277125, 0.0096837, -0.0280925, 0.998739, 0.0416039, -0.00851854, -0.041858, 0.999087, 0.00286617  
159, 24.7726, -7.01258, 180.853, 0.999523, 0.028114, 0.0127846, -0.0286306, 0.998699, 0.0421978, -0.0115816, -0.0425437, 0.999027, 0.00283982  
160, 25.2784, -7.90183, 180.859, 0.999511, 0.0276061, 0.0146995, -0.0281399, 0.998903, 0.037437, -0.0136499, -0.0378324, 0.999191, 0.0027616  
161, 25.7365, -8.85236, 180.893, 0.99944, 0.0280475, 0.0182337, -0.028696, 0.998928, 0.0363316, -0.0171951, -0.0368345, 0.999173, 0.00286617  
162, 26.2272, -9.70134, 180.902, 0.99935, 0.027777, 0.0229701, -0.028628, 0.998883, 0.0375889, -0.0219003, -0.038222, 0.999029, 0.00275827  
163, 26.7507, -10.5014, 180.857, 0.999328, 0.0285085, 0.0230288, -0.029299, 0.998966, 0.0347542, -0.0220142, -0.0354056, 0.999131, 0.00286173  
164, 27.2913, -11.3289, 180.805, 0.99919, 0.0278745, 0.0290253, -0.0288383, 0.999028, 0.0333355, -0.0280679, -0.0341455, 0.999023, 0.00296575  
165, 27.8329, -12.1863, 180.75, 0.999213, 0.0257032, 0.0302256, -0.0265815, 0.999225, 0.0290219, -0.0294562, -0.0298025, 0.999122, 0.0027125  
166, 28.3322, -12.9991, 180.72, 0.999135, 0.0235472, 0.0342711, -0.0244589, 0.999351, 0.0264286, -0.0336266, -0.0272439, 0.999063, 0.00282401  
167, 28.9488, -13.8405, 180.659, 0.999072, 0.0218677, 0.0371173, -0.0228039, 0.999428, 0.0249906, -0.0365496, -0.0258138, 0.998998, 0.0027236  
168, 29.518, -14.7501, 180.603, 0.998932, 0.0213429, 0.04098, -0.0222376, 0.999521, 0.0215021, -0.0405015, -0.0223905, 0.998929, 0.002872  
169, 30.14, -15.722, 180.596, 0.998874, 0.0224572, 0.0417956, -0.0232696, 0.999548, 0.0190555, -0.0413487, -0.0200067, 0.998944, 0.00300042  
170, 30.752, -16.7814, 180.597, 0.998746, 0.0218343, 0.0450525, -0.0225365, 0.999631, 0.0151378, -0.0447053, -0.0161341, 0.99887, 0.00279183  
171, 31.3986, -17.7364, 180.538, 0.998556, 0.022091, 0.0489767, -0.0228972, 0.99961, 0.0159609, -0.048605, -0.0170593, 0.998672, 0.00277325  
172, 31.9805, -18.6179, 180.545, 0.998457, 0.0216868, 0.0511246, -0.0225646, 0.999607, 0.0166542, -0.0507433, -0.0177821, 0.998553, 0.0027261  
173, 32.5888, -19.6075, 180.527, 0.998343, 0.0214973, 0.053382, -0.022221, 0.999669, 0.0130013, -0.0530848, -0.014166, 0.99849, 0.00316436  
174, 33.1631, -20.5417, 180.518, 0.9982, 0.0210046, 0.0561748, -0.0218335, 0.999661, 0.0141826, -0.0558578, -0.0153835, 0.99832, 0.0029921  
175, 33.7069, -21.5084, 180.53, 0.997936, 0.0203763, 0.060894, -0.0210876, 0.999716, 0.0110604, -0.0606514, -0.0123217, 0.998083, 0.00276632  
176, 34.1097, -22.4546, 180.503, 0.997891, 0.0186647, 0.0621751, -0.0192156, 0.999781, 0.00827523, -0.062007, -0.00945251, 0.998031, 0.00287228  
177, 34.5306, -23.358, 180.532, 0.997812, 0.0186236, 0.0634451, -0.0190755, 0.999797, 0.00652448, -0.0633107, -0.00772045, 0.997964, 0.00272998  
178, 35.0202, -24.3853, 180.497, 0.997605, 0.0188967, 0.066534, -0.0191992, 0.999808, 0.00391124, -0.0664473, -0.00517927, 0.997776, 0.00304175  
179, 35.4013, -25.3006, 180.456, 0.997625, 0.0171658, 0.0667001, -0.0173037, 0.999849, 0.00148935, -0.0666645, -0.00263998, 0.997772, 0.00294606  
180, 35.7057, -26.1898, 180.423, 0.997479, 0.0186375, 0.06847, -0.0190291, 0.999806, 0.00507219, -0.0683622, -0.00636233, 0.99764, 0.00276687  
181, 35.9885, -27.1688, 180.393, 0.997331, 0.0176043, 0.0708537, -0.0179842, 0.999827, 0.00472689, -0.0707582, -0.00598852, 0.997476, 0.00286368  
182, 36.3089, -28.1038, 180.357, 0.997214, 0.0177555, 0.0724517, -0.0181165, 0.999827, 0.00432871, -0.0723623, -0.00562922, 0.997363, 0.00272915  
183, 36.5018, -29.0996, 180.362, 0.99713, 0.0173929, 0.0736815, -0.0175155, 0.999846, 0.00101749, -0.0736525, -0.00230514, 0.997281, 0.00310805  
184, 36.7204, -30.0614, 180.38, 0.996949, 0.0177849, 0.0760083, -0.0177611, 0.999842, -0.000989388, -0.0760139, -0.000363621, 0.997107, 0.00302067  
185, 36.8976, -31.0039, 180.347, 0.996862, 0.0158454, 0.0775507, -0.0156749, 0.999873, -0.00280655, -0.0775853, 0.00158215, 0.996984, 0.00269309  
186, 37.0563, -31.9777, 180.338, 0.996825, 0.0164768, 0.0778997, -0.0161267, 0.999857, -0.00512124, -0.0779729, 0.00384871, 0.996948, 0.0029272  
187, 37.2239, -32.7991, 180.279, 0.996688, 0.0158967, 0.0797545, -0.0157596, 0.999873, -0.00234823, -0.0797817, 0.00108356, 0.996812, 0.00275272  
188, 37.3509, -33.6939, 180.227, 0.996642, 0.0160526, 0.0802881, -0.0159727, 0.999871, -0.00163734, -0.0803041, 0.000349422, 0.99677, 0.00302095  
189, 37.4352, -34.5944, 180.209, 0.996628, 0.0160591, 0.08047, -0.0159793, 0.999871, -0.0016357, -0.0804859, 0.000344334, 0.996756, 0.00288614  
190, 37.4956, -35.4312, 180.186, 0.996536, 0.0141461, 0.0819547, -0.0140766, 0.9999, -0.00142558, -0.0819667, 0.000267002, 0.996635, 0.00274468  
191, 37.5368, -36.3863, 180.163, 0.996635, 0.01516, 0.0805501, -0.0148466, 0.99988, -0.00448804, -0.0806084, 0.00327705, 0.99674, 0.00301929  
192, 37.5663, -37.2409, 180.092, 0.996601, 0.0141826, 0.081154, -0.0139599, 0.999897, -0.00331056, -0.0811926, 0.0021664, 0.996696, 0.00269226  
193, 37.5689, -37.9858, 180.055, 0.996716, 0.0135662, 0.079838, -0.0134291, 0.999907, -0.0022541, -0.0798612, 0.00117455, 0.996805, 0.00297407  
194, 37.5598, -38.8585, 179.982, 0.996589, 0.0132324, 0.0814617, -0.0131257, 0.999912, -0.00184545, -0.0814789, 0.00076991, 0.996675, 0.00298073  
195, 37.5012, -39.7382, 180, 0.996734, 0.0133195, 0.0796544, -0.0129313, 0.999902, -0.00538747, -0.0797183, 0.00433984, 0.996808, 0.00272138  
196, 37.4314, -40.5709, 179.999, 0.996634, 0.0115577, 0.0811567, -0.0113064, 0.99993, -0.00355534, -0.0811921, 0.00262578, 0.996695, 0.00281097  
197, 37.3077, -41.5272, 180.013, 0.996747, 0.0124245, 0.0796264, -0.0119655, 0.999909, -0.00623955, -0.0796967, 0.00526649, 0.996805, 0.00273913  
198, 37.1852, -42.382, 180.011, 0.996813, 0.0118735, 0.0788857, -0.0114389, 0.999917, -0.00595817, -0.0789499, 0.00503681, 0.996866, 0.00291721  
199, 36.8789, -44.104, 180.126, 0.996982, 0.011456, 0.0767872, -0.0108501, 0.999907, -0.00830287, -0.0768751, 0.00744466, 0.997013, 0.00264094  
200, 36.6547, -44.99, 180.144, 0.996963, 0.0102756, 0.0771955, -0.00973283, 0.999925, -0.00740447, -0.0772658, 0.00663065, 0.996988, 0.00290723  
201, 36.4906, -45.8592, 180.15, 0.997083, 0.0111353, 0.0755144, -0.0106444, 0.99992, -0.00690011, -0.0755851, 0.00607618, 0.997121, 0.00270002  
202, 36.1888, -46.7159, 180.201, 0.997191, 0.0103625, 0.0741816, -0.00989935, 0.999929, -0.00660785, -0.0742448, 0.00585494, 0.997223, 0.00282401  
203, 35.9075, -47.5049, 180.265, 0.997318, 0.00990801, 0.0725155, -0.00941558, 0.99993, -0.00712943, -0.0725811, 0.00642753, 0.997342, 0.00298323  
204, 35.6687, -48.2565, 180.24, 0.997512, 0.0106672, 0.0696851, -0.0104221, 0.999938, -0.00387888, -0.0697221, 0.00314296, 0.997561, 0.00274662  
205, 35.3083, -49.1585, 180.299, 0.99755, 0.0104702, 0.0691632, -0.0102491, 0.999941, -0.00355062, -0.0691963, 0.00283306, 0.997599, 0.0027591  
206, 34.9935, -49.8507, 180.302, 0.997701, 0.00955225, 0.0670959, -0.00952002, 0.999954, -0.000799991, -0.0671005, 0.000159397, 0.997746, 0.00268116  
207, 34.5977, -50.7417, 180.248, 0.997836, 0.00876116, 0.065171, -0.0086332, 0.99996, -0.00224481, -0.065188, 0.00167732, 0.997872, 0.00305978  
208, 34.2122, -51.5044, 180.289, 0.998042, 0.00904792, 0.0618948, -0.00906839, 0.999959, 4.97811e-005, -0.0618918, -0.00061097, 0.998083, 0.00306422  
209, 33.8052, -52.337, 180.323, 0.998064, 0.00857497, 0.0616089, -0.00869019, 0.999961, 0.00160257, -0.0615928, -0.00213486, 0.998099, 0.00279378  
210, 33.4041, -52.9733, 180.355, 0.998308, 0.00765908, 0.0576374, -0.00790596, 0.999961, 0.00405665, -0.0576041, -0.00450547, 0.998329, 0.00287588  
211, 33.0364, -53.793, 180.333, 0.998542, 0.00732181, 0.0534765, -0.00749819, 0.999967, 0.00309824, -0.0534521, -0.0034947, 0.998564, 0.00276909  
212, 32.5797, -54.5326, 180.316, 0.998665, 0.0060811, 0.0513044, -0.00643891, 0.999956, 0.00681187, -0.0512608, -0.00713311, 0.99866, 0.0030068  
213, 32.094, -55.3084, 180.275, 0.99882, 0.00509831, 0.0483051, -0.00531523, 0.999976, 0.00436317, -0.0482818, -0.00461477, 0.998823, 0.00299238  
214, 31.5211, -55.9655, 180.301, 0.998932, 0.00492396, 0.0459422, -0.00516761, 0.999973, 0.00518611, -0.0459154, -0.00541798, 0.998931, 0.00280154  
215, 30.9779, -56.4838, 180.336, 0.999057, 0.00497807, 0.0431341, -0.00522693, 0.99997, 0.0056587, -0.0431046, -0.00587882, 0.999053, 0.00303038  
216, 30.4484, -57.1627, 180.328, 0.999232, 0.00472975, 0.0388998, -0.00491119, 0.999977, 0.00456997, -0.0388773, -0.00475751, 0.999233, 0.00273137  
217, 29.9549, -57.8868, 180.292, 0.999369, 0.00432968, 0.0352598, -0.00454462, 0.999972, 0.00601804, -0.0352327, -0.00617448, 0.99936, 0.00284121  
218, 29.3588, -58.6383, 180.283, 0.999441, 0.00473337, 0.033102, -0.00502836, 0.999948, 0.00883389, -0.0330585, -0.0089954, 0.999413, 0.00298794  
219, 28.8105, -59.4301, 180.287, 0.999582, 0.00570722, 0.0283563, -0.00592887, 0.999952, 0.00773864, -0.0283108, -0.00790352, 0.999568, 0.00278573  
220, 28.1675, -60.1475, 180.271, 0.999717, 0.00597574, 0.023031, -0.00619045, 0.999938, 0.00926241, -0.0229742, -0.00940236, 0.999692, 0.00285813  
221, 27.4985, -60.7993, 180.332, 0.99979, 0.00603342, 0.0195787, -0.00628877, 0.999896, 0.0130067, -0.0194982, -0.0131271, 0.999724, 0.00280848  
222, 26.9324, -61.616, 180.351, 0.999857, 0.00674117, 0.0155384, -0.00690863, 0.999918, 0.0107486, -0.0154647, -0.0108544, 0.999821, 0.00301513  
223, 26.2523, -62.3898, 180.395, 0.999882, 0.0066996, 0.0138576, -0.00686627, 0.999904, 0.0120147, -0.0137758, -0.0121085, 0.999832, 0.00307143  
224, 25.5312, -63.2143, 180.395, 0.999907, 0.00739661, 0.0114277, -0.00752569, 0.999908, 0.0112942, -0.0113431, -0.0113792, 0.999871, 0.00269642  
225, 24.9111, -63.9293, 180.388, 0.999959, 0.00752862, 0.00500759, -0.00758494, 0.999907, 0.0113243, -0.00492187, -0.0113618, 0.999923, 0.00287338  
226, 24.2925, -64.6009, 180.43, 0.999965, 0.00758236, 0.00341991, -0.00763519, 0.999847, 0.0157095, -0.00330027, -0.015735, 0.999871, 0.00281042  
227, 23.7331, -65.3316, 180.414, 0.999956, 0.00932063, 0.000895493, -0.00933639, 0.999764, 0.0195913, -0.000712679, -0.0195988, 0.999808, 0.0028634  
228, 23.1034, -66.0279, 180.446, 0.999953, 0.0092806, -0.00296533, -0.00921276, 0.999713, 0.0221262, 0.00316982, -0.0220978, 0.999751, 0.00305285  
229, 22.7307, -66.9953, 180.454, 0.999954, 0.00811204, -0.00504597, -0.00800156, 0.999736, 0.0215439, 0.0052194, -0.0215026, 0.999755, 0.00271278  
230, 22.3854, -67.7911, 180.507, 0.999901, 0.0100876, -0.00980206, -0.00987623, 0.999723, 0.0213817, 0.010015, -0.0212827, 0.999723, 0.00285535  
231, 22.0024, -68.3264, 180.517, 0.999894, 0.00969696, -0.0108823, -0.00936172, 0.999493, 0.0304455, 0.011172, -0.0303403, 0.999477, 0.00276271  
232, 21.6604, -69.1592, 180.579, 0.999884, 0.00956727, -0.0118327, -0.00918268, 0.999441, 0.03214, 0.0121336, -0.0320276, 0.999413, 0.00294218  
233, 21.4005, -69.9616, 180.558, 0.999848, 0.0108386, -0.0136523, -0.0103796, 0.999393, 0.0332594, 0.0140045, -0.0331126, 0.999354, 0.00315437  
234, 21.1528, -70.8315, 180.53, 0.999851, 0.0097161, -0.0142775, -0.00919845, 0.999314, 0.035885, 0.0146163, -0.0357483, 0.999254, 0.00282151  
235, 20.9916, -71.6656, 180.526, 0.999818, 0.0109658, -0.0156385, -0.0103901, 0.999282, 0.0364277, 0.0160268, -0.0362586, 0.999214, 0.00281347  
236, 20.8378, -72.3995, 180.543, 0.999824, 0.0107045, -0.0154263, -0.010098, 0.999193, 0.0388721, 0.0158299, -0.0387095, 0.999125, 0.00287311  
237, 20.7078, -73.2044, 180.539, 0.999806, 0.0115653, -0.0159423, -0.0109532, 0.999219, 0.0379622, 0.0163689, -0.0377802, 0.999152, 0.00313024  
238, 20.6941, -74.1071, 180.511, 0.999779, 0.0113809, -0.0176679, -0.0106935, 0.9992, 0.0385252, 0.0180922, -0.0383278, 0.999101, 0.00294384  
239, 20.7222, -74.8718, 180.455, 0.999784, 0.0126526, -0.0165116, -0.0119681, 0.999091, 0.0409143, 0.0170143, -0.0407079, 0.999026, 0.00271888  
240, 20.7508, -75.7125, 180.503, 0.99977, 0.0114588, -0.0181104, -0.0107087, 0.999102, 0.0409827, 0.0185638, -0.0407794, 0.998996, 0.00280931  
241, 20.845, -76.4317, 180.534, 0.999738, 0.0127304, -0.0190208, -0.0119207, 0.999043, 0.0420887, 0.0195384, -0.0418509, 0.998933, 0.0028315  
242, 20.9777, -77.4167, 180.507, 0.999764, 0.0120942, -0.0180661, -0.0113312, 0.999064, 0.0417545, 0.0185542, -0.0415399, 0.998965, 0.00288004  
243, 21.1233, -78.3074, 180.47, 0.999774, 0.0120536, -0.0174846, -0.0113398, 0.999121, 0.0403595, 0.0179557, -0.0401521, 0.999032, 0.00297879  
244, 21.362, -79.3726, 180.467, 0.999819, 0.0113322, -0.0152539, -0.0106941, 0.99909, 0.0412802, 0.0157078, -0.0411096, 0.999031, 0.00273109  
245, 21.6291, -80.2648, 180.463, 0.99983, 0.0125433, -0.0134962, -0.0119769, 0.999077, 0.0412586, 0.0140012, -0.0410899, 0.999057, 0.00291166  
246, 22.0012, -81.1583, 180.395, 0.999867, 0.0126692, -0.0102604, -0.0121863, 0.998875, 0.0458348, 0.0108295, -0.0457037, 0.998896, 0.00273275  
247, 22.3465, -82.1116, 180.416, 0.999864, 0.013295, -0.00974967, -0.0128374, 0.998878, 0.0455776, 0.0103447, -0.0454462, 0.998913, 0.00289447  
248, 22.7254, -82.9639, 180.357, 0.999887, 0.0138121, -0.00590273, -0.0135076, 0.998716, 0.0488259, 0.00656954, -0.0487407, 0.99879, 0.00294495  
249, 23.163, -83.9426, 180.26, 0.999888, 0.0146905, -0.00297177, -0.0145231, 0.998636, 0.0501461, 0.00370439, -0.0500973, 0.998737, 0.00275661  
250, 23.6329, -84.79, 180.223, 0.99989, 0.014787, -0.000864299, -0.0147199, 0.998468, 0.0533444, 0.00165178, -0.0533258, 0.998576, 0.00286312  
251, 24.1519, -85.8175, 180.172, 0.999888, 0.0149309, -0.00129632, -0.0148475, 0.998641, 0.0499517, 0.00204038, -0.0499269, 0.998751, 0.00279294  
252, 24.6676, -86.7273, 180.205, 0.999903, 0.0139282, -4.32472e-005, -0.0139086, 0.998656, 0.0499287, 0.000738605, -0.0499233, 0.998753, 0.00289114  
253, 25.2433, -87.7448, 180.197, 0.999929, 0.0112612, 0.00382057, -0.0114359, 0.99872, 0.0492703, -0.00326084, -0.0493105, 0.998778, 0.00306089  
254, 25.8565, -88.7965, 180.302, 0.999932, 0.010787, 0.00451317, -0.0109906, 0.998795, 0.0478291, -0.0039918, -0.0478754, 0.998845, 0.00273747  
255, 26.431, -89.6212, 180.292, 0.999893, 0.00951939, 0.011072, -0.0101148, 0.998434, 0.0550265, -0.0105308, -0.0551326, 0.998424, 0.00276437  
256, 27.0514, -90.8266, 180.345, 0.999866, 0.00962497, 0.0132374, -0.0103166, 0.99853, 0.0532095, -0.0127058, -0.0533389, 0.998496, 0.00276326  
257, 27.5625, -91.8493, 180.357, 0.99972, 0.0100619, 0.0214156, -0.0112561, 0.998345, 0.0563925, -0.0208127, -0.0566178, 0.998179, 0.00305562  
258, 28.1315, -93.0092, 180.398, 0.999647, 0.0093663, 0.0248491, -0.0106766, 0.99853, 0.053134, -0.024315, -0.0533805, 0.998278, 0.00291471  
259, 28.6768, -93.9931, 180.419, 0.999569, 0.00894831, 0.0279579, -0.0105112, 0.99836, 0.0562657, -0.0274086, -0.0565354, 0.998024, 0.00270058  
260, 29.2025, -95.1503, 180.446, 0.999382, 0.00609563, 0.0346276, -0.008008, 0.998434, 0.0553595, -0.0342359, -0.0556025, 0.997866, 0.00290001  
261, 29.8067, -96.1905, 180.456, 0.999406, 0.00705261, 0.033734, -0.00882724, 0.998569, 0.0527506, -0.0333136, -0.053017, 0.998038, 0.00274413  
262, 30.3415, -97.3007, 180.433, 0.999247, 0.00379785, 0.0386106, -0.00585252, 0.998564, 0.0532423, -0.038353, -0.0534282, 0.997835, 0.00302345  
263, 30.965, -98.3959, 180.473, 0.999188, 0.00438744, 0.0400443, -0.00650879, 0.998573, 0.0529992, -0.0397547, -0.0532169, 0.997791, 0.00310722  
264, 31.4726, -99.4634, 180.522, 0.998985, 0.0029038, 0.0449594, -0.00538737, 0.99846, 0.0552183, -0.0447298, -0.0554044, 0.997462, 0.00274607  
265, 31.995, -100.672, 180.527, 0.99892, 0.00214528, 0.0464096, -0.00471837, 0.998453, 0.0554048, -0.0462189, -0.055564, 0.997385, 0.00306117  
266, 32.5055, -101.926, 180.529, 0.998848, 0.00324995, 0.0478835, -0.00589103, 0.998462, 0.055119, -0.0476308, -0.0553375, 0.997331, 0.00269475  
267, 33.0563, -103.172, 180.53, 0.998724, 0.00258399, 0.0504432, -0.00536682, 0.998466, 0.0551105, -0.0502234, -0.0553109, 0.997205, 0.00294218  
268, 33.5364, -104.318, 180.519, 0.998587, 0.00317519, 0.053038, -0.00616979, 0.99839, 0.0563935, -0.0527735, -0.056641, 0.996999, 0.00292775  
269, 33.945, -105.513, 180.499, 0.998446, 0.00430619, 0.0555689, -0.0074522, 0.998373, 0.0565322, -0.055235, -0.0568585, 0.996853, 0.00274884  
270, 34.3459, -106.844, 180.461, 0.998208, 0.00463811, 0.059665, -0.00796924, 0.998415, 0.0557144, -0.059312, -0.05609, 0.996662, 0.00285258  
271, 34.6464, -108.122, 180.451, 0.998059, 0.00367123, 0.0621613, -0.00704405, 0.998509, 0.0541273, -0.0618699, -0.0544601, 0.996597, 0.00272665  
272, 34.9624, -109.254, 180.437, 0.998058, 0.00265391, 0.0622366, -0.0060414, 0.998506, 0.0543045, -0.0619995, -0.054575, 0.996583, 0.00297019  
273, 35.2516, -110.493, 180.463, 0.997923, -0.000307334, 0.0644143, -0.00314677, 0.998562, 0.0535149, -0.0643381, -0.0536065, 0.996487, 0.00290806  
274, 35.554, -111.832, 180.506, 0.997915, -0.00170447, 0.0645231, -0.00143308, 0.99882, 0.0485493, -0.0645297, -0.0485405, 0.996735, 0.00271528  
275, 35.7943, -112.979, 180.482, 0.997775, -0.00249833, 0.0666263, -0.000938952, 0.998672, 0.0515093, -0.0666665, -0.0514573, 0.996448, 0.00295383  
276, 36.0864, -114.44, 180.448, 0.997591, -0.00331589, 0.0692843, -0.000185508, 0.998726, 0.0504693, -0.0693634, -0.0503606, 0.996319, 0.00271861  
277, 36.3169, -115.523, 180.407, 0.997545, -0.00280187, 0.0699693, -0.00118534, 0.99838, 0.0568788, -0.0700153, -0.0568221, 0.995926, 0.00298461  
278, 36.4945, -116.96, 180.382, 0.997142, -0.00210852, 0.0755189, -0.00238199, 0.998236, 0.0593228, -0.0755107, -0.0593331, 0.995378, 0.00294911  
