0, 0, 0, 0, 0, 0, 0, 0, 0, 0, 0, 0, 0, 0.00631928  
1, 18.3023, 21.7747, 180.023, 0.99893, -0.036501, 0.0283824, 0.0370499, 0.999132, -0.0190586, -0.027662, 0.0200898, 0.999415, 0.00257326  
2, 18.2975, 21.7863, 180.035, 0.998903, -0.0370921, 0.028594, 0.0376173, 0.999129, -0.0180533, -0.0278995, 0.0191091, 0.999428, 0.00441368  
3, 18.3082, 21.7701, 180.04, 0.998945, -0.0360838, 0.0284007, 0.0366263, 0.999152, -0.0188178, -0.0276976, 0.0198381, 0.999419, 0.00286451  
4, 18.3118, 21.7848, 180.03, 0.99897, -0.0359764, 0.0276701, 0.0365001, 0.999159, -0.0186616, -0.0269754, 0.0196524, 0.999443, 0.00288531  
5, 18.286, 21.7762, 180.03, 0.998925, -0.0361057, 0.0290694, 0.0366441, 0.999163, -0.0182073, -0.0283877, 0.019253, 0.999412, 0.00289474  
6, 18.2818, 21.7677, 180.014, 0.998957, -0.0360706, 0.0280125, 0.0365809, 0.99917, -0.017925, -0.0273426, 0.018931, 0.999447, 0.00281181  
7, 18.2754, 21.7704, 180.027, 0.998956, -0.0358413, 0.0283243, 0.0363738, 0.999167, -0.0185154, -0.027637, 0.0195263, 0.999427, 0.00296769  
8, 18.2985, 21.7861, 180.022, 0.998927, -0.0363744, 0.0286785, 0.0369156, 0.999146, -0.0185715, -0.0279785, 0.0196103, 0.999416, 0.00277575  
9, 18.2943, 21.8015, 180.026, 0.998936, -0.0363391, 0.0283894, 0.0368914, 0.999135, -0.019181, -0.0276679, 0.020208, 0.999413, 0.0028842  
10, 18.3108, 21.7953, 180.024, 0.998954, -0.0361804, 0.0279751, 0.0367088, 0.999153, -0.0186112, -0.027278, 0.0196187, 0.999435, 0.00302539  
11, 18.3013, 21.7832, 180.016, 0.998919, -0.0362729, 0.0290668, 0.0368074, 0.999159, -0.0180696, -0.0283869, 0.0191199, 0.999414, 0.0028193  
12, 18.3053, 21.7828, 180.021, 0.998912, -0.036739, 0.0287384, 0.0372676, 0.999142, -0.0180788, -0.0280495, 0.0191302, 0.999423, 0.00279544  
13, 18.2938, 21.7912, 180.031, 0.998915, -0.0370454, 0.0282241, 0.0375769, 0.999122, -0.0185403, -0.0275124, 0.0195808, 0.99943, 0.0027849  
14, 18.3201, 21.7687, 180.037, 0.998918, -0.0365614, 0.0287536, 0.0370907, 0.999148, -0.0180956, -0.0280675, 0.0191425, 0.999423, 0.00266341  
15, 18.2714, 21.7579, 180.038, 0.998929, -0.0365431, 0.028366, 0.0370967, 0.999126, -0.0192424, -0.0276381, 0.0202741, 0.999412, 0.00280765  
16, 18.2935, 21.7865, 180.032, 0.998938, -0.0364945, 0.0281311, 0.0370164, 0.999148, -0.0182614, -0.0274406, 0.0192833, 0.999437, 0.0027849  
17, 18.2803, 21.7883, 180.048, 0.998961, -0.0360466, 0.0278965, 0.0365701, 0.99916, -0.0184877, -0.0272066, 0.0194887, 0.99944, 0.00276576  
18, 18.2762, 21.7743, 180.043, 0.998947, -0.036098, 0.0283168, 0.0366357, 0.999154, -0.0187059, -0.0276176, 0.0197236, 0.999424, 0.00290944  
19, 18.2726, 21.7589, 180.049, 0.998899, -0.0366651, 0.0292535, 0.0371908, 0.999153, -0.0176337, -0.0285821, 0.0187023, 0.999416, 0.00298129  
20, 18.2825, 21.76, 180.031, 0.998938, -0.036498, 0.0281056, 0.0370325, 0.999138, -0.0187365, -0.0273975, 0.0197574, 0.999429, 0.0028953  
21, 18.2893, 21.7783, 180.042, 0.998932, -0.0363908, 0.0284703, 0.0369231, 0.999149, -0.0183974, -0.0277765, 0.019429, 0.999425, 0.00279239  
22, 18.2858, 21.7743, 180.025, 0.998951, -0.0356949, 0.0287001, 0.0362028, 0.999193, -0.0173779, -0.0280566, 0.0183987, 0.999437, 0.00294606  
23, 18.2686, 21.7814, 180.023, 0.998937, -0.0364025, 0.0282844, 0.0369419, 0.999141, -0.0187884, -0.0275762, 0.0198133, 0.999423, 0.00293829  
24, 18.2875, 21.7726, 180.029, 0.998948, -0.036691, 0.0274918, 0.0372154, 0.99913, -0.0188146, -0.0267775, 0.019818, 0.999445, 0.00294273  
25, 18.281, 21.7604, 180.049, 0.998925, -0.0366831, 0.0283294, 0.0372401, 0.999118, -0.0193915, -0.0275931, 0.0204256, 0.999411, 0.00285341  
26, 18.273, 21.7601, 180.041, 0.998927, -0.0364973, 0.0285234, 0.0370228, 0.99915, -0.0181196, -0.0278378, 0.0191562, 0.999429, 0.00298378  
27, 18.2701, 21.7699, 180.044, 0.998916, -0.0365528, 0.0288149, 0.0371146, 0.999126, -0.0192095, -0.0280876, 0.0202581, 0.9994, 0.00292276  
28, 18.2665, 21.7671, 180.033, 0.998906, -0.036492, 0.0292323, 0.037011, 0.999163, -0.0174153, -0.0285723, 0.0184781, 0.999421, 0.00274107  
29, 18.2622, 21.7677, 180.034, 0.998885, -0.0367991, 0.0295847, 0.0373372, 0.999143, -0.0178478, -0.0289026, 0.0189325, 0.999403, 0.00298572  
30, 18.3159, 21.7638, 180.033, 0.998898, -0.0365668, 0.0294288, 0.0370845, 0.999163, -0.0172424, -0.0287736, 0.0183147, 0.999418, 0.00309834  
31, 18.2774, 21.7695, 180.037, 0.99891, -0.0367369, 0.0287872, 0.0372862, 0.999128, -0.0187815, -0.0280722, 0.0198344, 0.999409, 0.00276548  
32, 18.2956, 21.7759, 180.02, 0.998931, -0.0365744, 0.0282617, 0.0371217, 0.999128, -0.0190884, -0.0275389, 0.0201172, 0.999418, 0.00278129  
33, 18.2887, 21.7697, 180.019, 0.998915, -0.0366209, 0.0287679, 0.0371452, 0.999149, -0.0179093, -0.0280876, 0.0189585, 0.999426, 0.00270557  
34, 18.2914, 21.7715, 180.034, 0.998913, -0.0365926, 0.0288873, 0.03711, 0.999157, -0.0175808, -0.0282196, 0.0186337, 0.999428, 0.00291998  
35, 18.2811, 21.7682, 180.022, 0.998917, -0.0365049, 0.0288365, 0.0370166, 0.999163, -0.0174147, -0.0281767, 0.0184632, 0.999432, 0.00283594  
36, 18.2651, 21.7849, 180.053, 0.99896, -0.0356735, 0.02838, 0.0362093, 0.999171, -0.0185951, -0.0276931, 0.0196034, 0.999424, 0.00278435  
37, 18.2893, 21.7703, 180.052, 0.998926, -0.0365621, 0.0284684, 0.0371189, 0.999125, -0.0192814, -0.0277385, 0.0203174, 0.999409, 0.00285008  
38, 18.3038, 21.7673, 180.039, 0.998929, -0.0364801, 0.0284547, 0.0370215, 0.999139, -0.0187407, -0.0277465, 0.019774, 0.999419, 0.00275272  
39, 18.2834, 21.7669, 180.053, 0.998899, -0.036184, 0.0298523, 0.0367322, 0.999163, -0.018024, -0.0291752, 0.0191007, 0.999392, 0.00277824  
40, 18.3037, 21.77, 180.037, 0.998918, -0.0364079, 0.0289393, 0.0369434, 0.999152, -0.0181874, -0.0282526, 0.0192369, 0.999416, 0.00286562  
41, 18.3029, 21.7694, 180.031, 0.998918, -0.0361589, 0.0292528, 0.0366859, 0.99917, -0.0176842, -0.0285891, 0.0187383, 0.999416, 0.00282318  
42, 18.2888, 21.7893, 180.034, 0.998949, -0.0360914, 0.0282419, 0.0366137, 0.999164, -0.0182, -0.0275614, 0.0192149, 0.999435, 0.00278407  
43, 18.3041, 21.7752, 180.027, 0.998935, -0.0365431, 0.0281674, 0.0370651, 0.999146, -0.0182383, -0.0274769, 0.0192629, 0.999437, 0.00260016  
44, 18.2958, 21.7938, 180.022, 0.998953, -0.0359789, 0.0282392, 0.0365048, 0.999165, -0.0183327, -0.0275561, 0.0193443, 0.999433, 0.00275688  
45, 18.2845, 21.7778, 180.016, 0.998957, -0.0361595, 0.0278962, 0.0366588, 0.999173, -0.0176015, -0.0272367, 0.0186058, 0.999456, 0.00287033  
46, 18.2828, 21.7963, 180.018, 0.998933, -0.0363605, 0.0284882, 0.036881, 0.999158, -0.0179662, -0.027811, 0.0189977, 0.999433, 0.00286173  
47, 18.2779, 21.7826, 180.018, 0.998941, -0.0361549, 0.0284667, 0.0366575, 0.999178, -0.0173347, -0.0278166, 0.0183599, 0.999444, 0.00267228  
48, 18.2696, 21.7717, 180.048, 0.998937, -0.0366356, 0.0279868, 0.0371809, 0.999124, -0.0192165, -0.0272582, 0.0202366, 0.999424, 0.00272748  
49, 18.3019, 21.765, 180.016, 0.998951, -0.0359995, 0.0282934, 0.0365417, 0.999154, -0.0188868, -0.0275895, 0.0199009, 0.999421, 0.0028082  
50, 18.3112, 21.7856, 180.019, 0.998982, -0.0356917, 0.0275876, 0.0362042, 0.999177, -0.0183057, -0.0269115, 0.0192858, 0.999452, 0.0030498  
51, 18.2744, 21.7766, 180.032, 0.998953, -0.0362349, 0.0279423, 0.036754, 0.999157, -0.0182933, -0.0272559, 0.0193012, 0.999442, 0.0027236  
52, 18.2797, 21.7949, 180.059, 0.998916, -0.0368266, 0.0284852, 0.037392, 0.999109, -0.0195794, -0.0277387, 0.0206233, 0.999402, 0.00280765  
53, 18.2989, 21.7865, 180.037, 0.998914, -0.0368959, 0.0284618, 0.0374253, 0.999132, -0.018299, -0.027762, 0.0193443, 0.999427, 0.0027935  
54, 18.2806, 21.7861, 180.035, 0.99896, -0.0366162, 0.0271656, 0.0371294, 0.999137, -0.018633, -0.0264598, 0.0196223, 0.999457, 0.00284343  
55, 18.2893, 21.7682, 180.026, 0.99893, -0.0365835, 0.0283018, 0.0371325, 0.999127, -0.0191201, -0.0275777, 0.0201505, 0.999417, 0.00277519  
56, 18.3021, 21.7658, 180.058, 0.998932, -0.0367649, 0.02798, 0.0372755, 0.999144, -0.0179527, -0.0272961, 0.0189765, 0.999447, 0.00277575  
57, 18.3132, 21.7731, 180.065, 0.998914, -0.0367173, 0.0286894, 0.0372551, 0.999136, -0.018441, -0.0279875, 0.0194898, 0.999418, 0.0027996  
58, 18.315, 21.7777, 180.057, 0.998946, -0.0362964, 0.0280999, 0.0368313, 0.999145, -0.0187575, -0.0273951, 0.0197727, 0.999429, 0.00288975  
59, 18.2922, 21.7741, 180.059, 0.998943, -0.0363973, 0.0280813, 0.0368965, 0.999166, -0.0174687, -0.0274221, 0.0184863, 0.999453, 0.00319681  
60, 18.2828, 21.7899, 180.068, 0.998952, -0.0361795, 0.0280255, 0.0366937, 0.999163, -0.0180556, -0.0273488, 0.0190651, 0.999444, 0.00303343  
61, 18.2858, 21.7713, 180.068, 0.998925, -0.0367465, 0.0282649, 0.0372939, 0.999122, -0.0190883, -0.0275387, 0.0201219, 0.999418, 0.00283899  
62, 18.2798, 21.7611, 180.06, 0.998943, -0.0364752, 0.0279739, 0.0369948, 0.999148, -0.0182892, -0.0272829, 0.0193047, 0.999441, 0.00288503  
63, 18.2882, 21.7691, 180.074, 0.998953, -0.0363786, 0.0277444, 0.036904, 0.999144, -0.0186662, -0.0270416, 0.0196705, 0.999441, 0.0028523  
64, 18.2874, 21.7728, 180.054, 0.998952, -0.0366918, 0.0273497, 0.0372053, 0.999136, -0.018508, -0.026647, 0.0195061, 0.999455, 0.00280626  
65, 18.2937, 21.7624, 180.041, 0.99896, -0.0363694, 0.0274844, 0.0368775, 0.999154, -0.0182086, -0.0267989, 0.0192033, 0.999456, 0.00306367  
66, 18.2866, 21.7629, 180.04, 0.998947, -0.0363208, 0.0280436, 0.0368748, 0.99913, -0.0194969, -0.027311, 0.0205104, 0.999417, 0.00295438  
67, 18.2832, 21.7901, 180.06, 0.998925, -0.0363228, 0.0287878, 0.036856, 0.999155, -0.0182138, -0.0281019, 0.0192552, 0.99942, 0.00272055  
68, 18.2607, 21.7714, 180.048, 0.998965, -0.0360828, 0.0276842, 0.0366012, 0.99916, -0.0184529, -0.0269951, 0.0194471, 0.999446, 0.00269253  
69, 18.2707, 21.7795, 180.065, 0.998943, -0.036398, 0.028071, 0.0369212, 0.99915, -0.0183512, -0.0273792, 0.0193682, 0.999437, 0.00285064  
70, 18.254, 21.7701, 180.049, 0.998915, -0.0371023, 0.0281435, 0.0376415, 0.999113, -0.0188789, -0.0274181, 0.0199178, 0.999426, 0.00296131  
71, 18.2531, 21.7758, 180.048, 0.9989, -0.0368145, 0.029044, 0.0373377, 0.999146, -0.0176824, -0.0283682, 0.0187473, 0.999422, 0.00283594  
72, 18.2969, 21.7944, 180.043, 0.998946, -0.0367588, 0.0274906, 0.0372857, 0.999126, -0.0189061, -0.0267716, 0.0199112, 0.999443, 0.00310527  
73, 18.2822, 21.7543, 180.047, 0.998929, -0.0363347, 0.0286639, 0.036862, 0.999157, -0.018085, -0.0279826, 0.0191223, 0.999425, 0.0026978  
74, 18.2951, 21.7882, 180.047, 0.998924, -0.0367604, 0.028266, 0.0372874, 0.999136, -0.0183472, -0.0275672, 0.0193815, 0.999432, 0.00292248  
75, 18.3166, 21.7787, 180.039, 0.998973, -0.0357871, 0.0277834, 0.036315, 0.999165, -0.0187347, -0.0270898, 0.0197244, 0.999438, 0.00290029  
76, 18.3207, 21.7605, 180.016, 0.998963, -0.0360566, 0.027816, 0.0365599, 0.999173, -0.0178036, -0.0271511, 0.0188021, 0.999455, 0.00284842  
77, 18.3219, 21.757, 180.026, 0.998973, -0.0357299, 0.0278679, 0.036254, 0.999171, -0.0185341, -0.0271826, 0.0195254, 0.99944, 0.00278684  
78, 18.3111, 21.7545, 180.028, 0.998943, -0.0363391, 0.0281582, 0.0368749, 0.999144, -0.0187473, -0.0274528, 0.0197658, 0.999428, 0.00272748  
79, 18.2912, 21.7317, 180.038, 0.998905, -0.0367568, 0.0289481, 0.0373013, 0.999133, -0.0184983, -0.0282431, 0.0195578, 0.99941, 0.00293663  
80, 18.2957, 21.7448, 180.023, 0.99895, -0.0358678, 0.0284946, 0.0364131, 0.999159, -0.0188514, -0.0277945, 0.0198692, 0.999416, 0.00288226  
81, 18.2938, 21.758, 180.055, 0.99893, -0.0363515, 0.0285761, 0.0368806, 0.999154, -0.0182127, -0.0278899, 0.0192471, 0.999426, 0.00273303  
82, 18.3084, 21.7533, 180.045, 0.998927, -0.0366967, 0.0282549, 0.0372399, 0.999127, -0.0189449, -0.027535, 0.0199768, 0.999421, 0.00292609  
83, 18.2989, 21.7516, 180.041, 0.998933, -0.036751, 0.0279772, 0.0372819, 0.99913, -0.0186964, -0.0272658, 0.0197194, 0.999434, 0.00279267  
84, 18.2842, 21.7367, 180.053, 0.998927, -0.0366853, 0.0282544, 0.0372318, 0.999125, -0.0190669, -0.0275302, 0.0200984, 0.999419, 0.00283095  
85, 18.303, 21.7375, 180.055, 0.998931, -0.0366919, 0.0280998, 0.037225, 0.999132, -0.0186898, -0.0273897, 0.0197159, 0.99943, 0.00283871  
86, 18.3025, 21.7279, 180.027, 0.998964, -0.0362864, 0.0274683, 0.0368111, 0.999145, -0.0188423, -0.0267611, 0.019834, 0.999445, 0.00285258  
87, 18.2681, 21.7246, 180.041, 0.99897, -0.0363818, 0.0271199, 0.0369183, 0.999127, -0.0195513, -0.0263849, 0.0205324, 0.999441, 0.00280182  
88, 18.2864, 21.7314, 180.034, 0.99896, -0.0364244, 0.0274089, 0.036934, 0.99915, -0.0183188, -0.0267183, 0.0193121, 0.999456, 0.00273331  
89, 18.2938, 21.7724, 180.034, 0.998968, -0.0364508, 0.0271079, 0.0369056, 0.999183, -0.0164701, -0.0264854, 0.0174535, 0.999497, 0.00287533  
90, 18.2939, 21.8327, 180.038, 0.998971, -0.036507, 0.0269032, 0.0368913, 0.999222, -0.0139282, -0.0263738, 0.0149064, 0.999541, 0.00310361  
91, 18.2836, 21.9222, 180.03, 0.998973, -0.0368176, 0.026416, 0.0371632, 0.999228, -0.0127143, -0.0259275, 0.0136829, 0.99957, 0.00274357  
92, 18.3043, 22.0001, 180.062, 0.998951, -0.0372258, 0.0266728, 0.0374775, 0.999257, -0.00900034, -0.0263179, 0.00999052, 0.999604, 0.00276992  
93, 18.2605, 22.1268, 180.084, 0.998953, -0.0371022, 0.0267583, 0.0372974, 0.999281, -0.00683132, -0.0264856, 0.00782218, 0.999619, 0.00278129  
94, 18.2653, 22.2603, 180.074, 0.998983, -0.0362784, 0.0267904, 0.0363779, 0.999333, -0.00323633, -0.0266551, 0.00420761, 0.999636, 0.00293774  
95, 18.2362, 22.3398, 180.113, 0.998961, -0.0368092, 0.0268723, 0.0368548, 0.99932, -0.00120265, -0.0268097, 0.00219177, 0.999638, 0.00290972  
96, 18.2228, 22.4018, 180.104, 0.99898, -0.0368962, 0.0260351, 0.0368493, 0.999318, 0.00227843, -0.0261015, -0.00131673, 0.999658, 0.00282373  
97, 18.192, 22.4732, 180.111, 0.999032, -0.0362576, 0.0249173, 0.0361819, 0.999339, 0.00347998, -0.025027, -0.00257506, 0.999683, 0.00290057  
98, 18.189, 22.5167, 180.119, 0.998995, -0.0369847, 0.0253232, 0.0368523, 0.999305, 0.00567556, -0.0255155, -0.00473664, 0.999663, 0.00274967  
99, 18.1606, 22.5588, 180.15, 0.998995, -0.0369939, 0.0253149, 0.0367847, 0.999286, 0.00867981, -0.0256179, -0.00773988, 0.999642, 0.0028437  
100, 18.1468, 22.5774, 180.174, 0.99902, -0.0360048, 0.0257236, 0.0357191, 0.999296, 0.0114813, -0.0261188, -0.0105513, 0.999603, 0.00289613  
101, 18.1391, 22.5565, 180.192, 0.999047, -0.0357524, 0.0250324, 0.0354052, 0.999272, 0.0141775, -0.0255211, -0.0132777, 0.999586, 0.00280515  
102, 18.1285, 22.5741, 180.19, 0.999033, -0.0359108, 0.0253571, 0.0354963, 0.999232, 0.0166084, -0.0259341, -0.0156922, 0.99954, 0.00275994  
103, 18.1031, 22.586, 180.217, 0.999034, -0.0360942, 0.025054, 0.0356067, 0.999173, 0.0196394, -0.0257421, -0.0187283, 0.999493, 0.00270696  
104, 18.127, 22.557, 180.226, 0.999034, -0.0362068, 0.0249129, 0.0356406, 0.999104, 0.0228089, -0.0257164, -0.0218989, 0.999429, 0.00289058  
105, 18.1338, 22.5506, 180.207, 0.999054, -0.0359478, 0.0244831, 0.0353498, 0.999076, 0.0244369, -0.0253389, -0.0235483, 0.999402, 0.00296159  
106, 18.1381, 22.528, 180.221, 0.999059, -0.0360807, 0.0240735, 0.0354441, 0.999024, 0.0263662, -0.0250013, -0.0254882, 0.999362, 0.00284537  
107, 18.1273, 22.485, 180.239, 0.998994, -0.0366933, 0.0257872, 0.0358903, 0.998877, 0.0309396, -0.0268935, -0.029983, 0.999189, 0.00299183  
108, 18.1129, 22.4588, 180.246, 0.999014, -0.036398, 0.025429, 0.0355256, 0.998792, 0.0339573, -0.0266342, -0.0330204, 0.9991, 0.00285952  
109, 18.0988, 22.4684, 180.23, 0.998987, -0.0363656, 0.0265084, 0.0352916, 0.99858, 0.0399157, -0.0279223, -0.0389398, 0.998851, 0.00297768  
110, 18.0921, 22.3731, 180.221, 0.999031, -0.0357378, 0.0256807, 0.0346873, 0.998587, 0.0402499, -0.0270829, -0.0393201, 0.99886, 0.00294523  
111, 18.0818, 22.2781, 180.197, 0.999012, -0.0354826, 0.0267716, 0.0342985, 0.998466, 0.0434614, -0.0282727, -0.0425002, 0.998696, 0.00276576  
112, 18.0645, 22.1224, 180.245, 0.999004, -0.0356873, 0.0267962, 0.0344387, 0.998362, 0.0456938, -0.028383, -0.0447254, 0.998596, 0.00278379  
113, 18.0067, 21.9947, 180.259, 0.998978, -0.0355497, 0.0279131, 0.0341361, 0.998186, 0.0495834, -0.0296251, -0.0485799, 0.99838, 0.00273081  
114, 17.9858, 21.8521, 180.258, 0.998985, -0.0358349, 0.0272811, 0.0344018, 0.998091, 0.0513004, -0.0290673, -0.0503099, 0.998311, 0.00302733  
115, 17.9425, 21.7111, 180.267, 0.999021, -0.0351208, 0.0269063, 0.0336186, 0.997954, 0.0543834, -0.0287613, -0.0534256, 0.998158, 0.00288642  
116, 17.962, 21.4837, 180.261, 0.998987, -0.0360928, 0.0268923, 0.0345676, 0.997878, 0.0551687, -0.0288265, -0.0541832, 0.998115, 0.00277242  
117, 17.9332, 21.1975, 180.247, 0.999026, -0.035437, 0.026286, 0.033908, 0.997827, 0.0564942, -0.0282309, -0.0555479, 0.998057, 0.00286201  
118, 17.944, 20.9924, 180.271, 0.999024, -0.0351953, 0.0266923, 0.0336137, 0.997776, 0.0575517, -0.0286585, -0.0565983, 0.997986, 0.00271278  
119, 17.9383, 20.8392, 180.27, 0.999035, -0.0350015, 0.0265188, 0.0333295, 0.997577, 0.0610634, -0.0285919, -0.0601206, 0.997782, 0.00300042  
120, 17.9111, 20.5268, 180.313, 0.999019, -0.0357914, 0.0260883, 0.0341278, 0.997515, 0.0616431, -0.0282297, -0.0606923, 0.997757, 0.00287117  
121, 17.829, 20.2608, 180.307, 0.999062, -0.0354704, 0.0248423, 0.0338845, 0.997526, 0.0615866, -0.0269654, -0.060687, 0.997793, 0.00287644  
122, 17.7839, 19.9525, 180.34, 0.999105, -0.0355009, 0.0229841, 0.0340236, 0.997511, 0.0617554, -0.0251193, -0.0609181, 0.997827, 0.00288171  
123, 17.6984, 19.5596, 180.339, 0.999132, -0.0353677, 0.0220034, 0.0339807, 0.997589, 0.0605023, -0.0240902, -0.0597021, 0.997926, 0.00272249  
124, 17.6396, 19.1719, 180.363, 0.999155, -0.0357654, 0.0202538, 0.0344912, 0.997596, 0.0601063, -0.0223549, -0.0593569, 0.997986, 0.00275134  
125, 17.559, 18.6997, 180.38, 0.999188, -0.0343161, 0.0210924, 0.0329912, 0.997638, 0.060243, -0.0231099, -0.0594982, 0.997961, 0.00285646  
126, 17.4563, 18.3055, 180.417, 0.99918, -0.0357417, 0.0190474, 0.0345794, 0.997705, 0.0582088, -0.0210842, -0.0575024, 0.998123, 0.00278823  
127, 17.3604, 17.9665, 180.416, 0.99921, -0.0358411, 0.0171812, 0.0347503, 0.99759, 0.0600603, -0.0192924, -0.0594158, 0.998047, 0.00277935  
128, 17.245, 17.6767, 180.441, 0.999193, -0.0361787, 0.0174437, 0.0350307, 0.997452, 0.062149, -0.0196477, -0.0614877, 0.997914, 0.0027236  
129, 17.1491, 17.2131, 180.462, 0.999159, -0.0367752, 0.0181362, 0.0355561, 0.997349, 0.0634896, -0.020423, -0.0627914, 0.997818, 0.00307143  
130, 17.132, 16.785, 180.487, 0.999198, -0.0370761, 0.0151465, 0.03608, 0.997458, 0.0614528, -0.0173865, -0.060857, 0.997995, 0.00291139  
131, 17.0719, 16.3565, 180.461, 0.99916, -0.0380811, 0.0151285, 0.0370651, 0.997353, 0.0625548, -0.0174706, -0.0619415, 0.997927, 0.00266923  
132, 17.0673, 15.9361, 180.467, 0.999169, -0.0374953, 0.0160061, 0.0364036, 0.9973, 0.0637707, -0.018354, -0.063135, 0.997836, 0.00276937  
133, 17.0805, 15.4932, 180.423, 0.999155, -0.0374664, 0.016877, 0.0362343, 0.997014, 0.0681905, -0.0193815, -0.0675214, 0.99753, 0.0027408  
134, 17.121, 15.003, 180.44, 0.999091, -0.0384346, 0.0184407, 0.0370655, 0.996887, 0.0695831, -0.0210577, -0.0688363, 0.997406, 0.00287117  
135, 17.2151, 14.5766, 180.412, 0.999064, -0.0385817, 0.0195637, 0.0370306, 0.996551, 0.0742559, -0.0223612, -0.0734619, 0.997047, 0.00291527  
136, 17.2947, 14.1762, 180.376, 0.999029, -0.0387426, 0.020957, 0.0369877, 0.996229, 0.0784792, -0.0239185, -0.0776279, 0.996695, 0.00281486  
137, 17.4094, 13.6154, 180.374, 0.998999, -0.0396284, 0.02077, 0.0379369, 0.996361, 0.0763281, -0.0237192, -0.0754637, 0.996866, 0.00285619  
138, 17.5626, 13.0847, 180.347, 0.998994, -0.0388523, 0.0223838, 0.0369919, 0.996246, 0.0782624, -0.0253404, -0.0773557, 0.996681, 0.00273691  
139, 17.7281, 12.5634, 180.369, 0.998974, -0.0392967, 0.0225296, 0.0374308, 0.996252, 0.0779857, -0.0255097, -0.0770624, 0.9967, 0.00284648  
140, 17.9735, 11.9282, 180.346, 0.998988, -0.038688, 0.0229438, 0.0368015, 0.996304, 0.0776151, -0.0258618, -0.0766921, 0.996719, 0.00296437  
141, 18.173, 11.2756, 180.355, 0.998895, -0.0405148, 0.0238353, 0.0385486, 0.996219, 0.0778518, -0.0268993, -0.0768469, 0.99668, 0.00283788  
142, 18.4723, 10.6288, 180.384, 0.998881, -0.0405538, 0.0243416, 0.0385837, 0.996317, 0.076571, -0.0273572, -0.0755461, 0.996767, 0.00293025  
143, 18.7712, 9.9965, 180.304, 0.998862, -0.0402145, 0.0256611, 0.0381046, 0.996225, 0.0779983, -0.0287009, -0.0769316, 0.996623, 0.00278962  
144, 19.0378, 9.40549, 180.324, 0.998777, -0.0425422, 0.0251748, 0.0404477, 0.996089, 0.0785539, -0.0284182, -0.0774396, 0.996592, 0.00283205  
145, 19.3607, 8.62695, 180.306, 0.998795, -0.0409147, 0.0270908, 0.038657, 0.99611, 0.0791851, -0.0302252, -0.0780424, 0.996492, 0.00297962  
146, 19.5619, 7.93569, 180.291, 0.998775, -0.0414139, 0.0270958, 0.0391813, 0.99616, 0.0782994, -0.0302344, -0.0771418, 0.996562, 0.00276659  
147, 19.8329, 7.10978, 180.324, 0.998717, -0.0422309, 0.0279346, 0.0399555, 0.996189, 0.0775292, -0.0311022, -0.0763136, 0.996599, 0.00296991  
148, 20.0382, 6.23865, 180.297, 0.998712, -0.0410433, 0.0298177, 0.0385605, 0.996085, 0.0795428, -0.0329657, -0.0782906, 0.996385, 0.00278351  
149, 20.2405, 5.30371, 180.272, 0.998672, -0.041757, 0.0301828, 0.0393003, 0.99619, 0.0778525, -0.0333187, -0.0765629, 0.996508, 0.00281403  
150, 20.4295, 4.42043, 180.249, 0.998725, -0.0408512, 0.0296485, 0.038492, 0.996349, 0.0761977, -0.0326531, -0.0749593, 0.996652, 0.00291582  
151, 20.6435, 3.60054, 180.164, 0.998763, -0.0403558, 0.0290395, 0.0379714, 0.996195, 0.0784409, -0.0320945, -0.0772413, 0.996496, 0.00287505  
152, 20.817, 2.52076, 180.186, 0.998604, -0.0404928, 0.0339092, 0.0377251, 0.99619, 0.0786254, -0.0369638, -0.0772364, 0.996327, 0.00295521  
153, 21.0037, 1.5856, 180.18, 0.998619, -0.0413234, 0.0324472, 0.0387733, 0.996381, 0.0756367, -0.0354553, -0.0742741, 0.996607, 0.00279183  
154, 21.1565, 0.532657, 180.194, 0.998517, -0.0422166, 0.0343756, 0.0394989, 0.996308, 0.076227, -0.0374667, -0.0747562, 0.996498, 0.00286368  
155, 21.2843, -0.499487, 180.212, 0.998554, -0.0424334, 0.0330175, 0.0399878, 0.996639, 0.0715012, -0.0359406, -0.0700775, 0.996894, 0.00306783  
156, 21.4007, -1.50301, 180.195, 0.998515, -0.0439886, 0.0321291, 0.04166, 0.996686, 0.0698635, -0.0350958, -0.0684212, 0.997039, 0.00285979  
157, 21.5558, -2.51141, 180.16, 0.998552, -0.0435723, 0.0315424, 0.0413086, 0.996749, 0.0691727, -0.0344538, -0.0677695, 0.997106, 0.00288309  
158, 21.5889, -3.50647, 180.119, 0.998525, -0.0443789, 0.0312791, 0.0422381, 0.996921, 0.0660666, -0.0341147, -0.064648, 0.997325, 0.00280543  
159, 21.5239, -4.61336, 180.117, 0.998594, -0.0434843, 0.0303147, 0.0414796, 0.997095, 0.0638886, -0.0330047, -0.0625413, 0.997497, 0.0028401  
160, 21.4242, -5.69687, 180.146, 0.998639, -0.0430847, 0.029375, 0.0412778, 0.997371, 0.0595662, -0.0318641, -0.0582726, 0.997792, 0.0030706  
161, 21.2676, -6.91205, 180.183, 0.99868, -0.0427874, 0.0284047, 0.0410955, 0.997488, 0.0576924, -0.0308019, -0.056449, 0.99793, 0.00281347  
162, 21.1111, -8.13197, 180.253, 0.998789, -0.0414439, 0.0265138, 0.0399463, 0.997703, 0.0547168, -0.0287206, -0.0535914, 0.99815, 0.00285868  
163, 20.8092, -9.22768, 180.357, 0.998872, -0.038943, 0.0271554, 0.0374418, 0.997852, 0.0537565, -0.0291905, -0.0526792, 0.998185, 0.00269725  
164, 20.6476, -10.3147, 180.377, 0.998906, -0.0389026, 0.0259553, 0.0374654, 0.997852, 0.0537339, -0.0279899, -0.0527027, 0.998218, 0.0028634  
165, 20.4428, -11.6009, 180.393, 0.998854, -0.0405857, 0.025382, 0.0392462, 0.997916, 0.0512158, -0.0274078, -0.050161, 0.998365, 0.00287671  
166, 20.2592, -12.9141, 180.383, 0.998926, -0.039833, 0.0236638, 0.0386888, 0.998146, 0.0469874, -0.0254915, -0.0460215, 0.998615, 0.0028168  
167, 20.0114, -14.2349, 180.349, 0.998847, -0.0416514, 0.0238749, 0.0405661, 0.998196, 0.0442664, -0.0256756, -0.0432469, 0.998734, 0.00303066  
168, 19.7529, -15.564, 180.354, 0.998918, -0.040764, 0.022384, 0.0398195, 0.99836, 0.0411332, -0.024024, -0.0401973, 0.998903, 0.00271112  
169, 19.4813, -16.9152, 180.386, 0.998931, -0.0416481, 0.020047, 0.0408875, 0.99848, 0.0369651, -0.0215561, -0.0361059, 0.999115, 0.00286063  
170, 19.2044, -18.1931, 180.439, 0.999005, -0.0415255, 0.016279, 0.0409274, 0.998532, 0.0354924, -0.0177289, -0.0347908, 0.999237, 0.0030179  
171, 18.8703, -19.4912, 180.46, 0.999024, -0.0416478, 0.0147243, 0.041133, 0.998586, 0.0336875, -0.0161065, -0.033049, 0.999324, 0.00280432  
172, 18.6042, -20.7114, 180.472, 0.999073, -0.0416123, 0.0110527, 0.041231, 0.998613, 0.0327427, -0.0123998, -0.0322566, 0.999403, 0.00288309  
173, 18.3752, -22.2005, 180.48, 0.999004, -0.0434564, 0.0100914, 0.0431475, 0.998647, 0.0290395, -0.0113397, -0.0285751, 0.999527, 0.00276881  
174, 18.1966, -23.6111, 180.487, 0.998982, -0.0442911, 0.00858187, 0.0440646, 0.998716, 0.0249993, -0.0096781, -0.0245957, 0.999651, 0.00290501  
175, 17.9212, -25.0104, 180.47, 0.998995, -0.044063, 0.00817153, 0.0438662, 0.998775, 0.0228797, -0.00916967, -0.0224983, 0.999705, 0.00282568  
176, 17.7108, -26.232, 180.471, 0.999053, -0.0429549, 0.00686873, 0.0427979, 0.998851, 0.0215678, -0.00778728, -0.0212534, 0.999744, 0.00276798  
177, 17.5181, -27.7306, 180.449, 0.999042, -0.043354, 0.00602567, 0.0432342, 0.998889, 0.018771, -0.00683277, -0.0184925, 0.999806, 0.00266119  
178, 17.3755, -29.0357, 180.48, 0.999026, -0.0437684, 0.00562688, 0.0436711, 0.998912, 0.016382, -0.00633777, -0.0161203, 0.99985, 0.00273802  
179, 17.2475, -30.4915, 180.471, 0.999001, -0.0443698, 0.00528445, 0.0442959, 0.998929, 0.0133609, -0.00587161, -0.0131135, 0.999897, 0.0142432  
180, 17.2526, -31.9024, 180.416, 0.999061, -0.0431775, 0.00364544, 0.0431378, 0.999016, 0.0103422, -0.0040884, -0.0101752, 0.99994, 0.00283788  
181, 17.2445, -33.2895, 180.423, 0.999031, -0.0438654, 0.0035351, 0.0438268, 0.998986, 0.0103506, -0.00398555, -0.0101856, 0.99994, 0.00261819  
182, 17.3243, -34.6133, 180.482, 0.999084, -0.0426287, 0.00384164, 0.0425976, 0.999062, 0.00783938, -0.00417222, -0.00766855, 0.999962, 0.00279128  
183, 17.3798, -36.0265, 180.511, 0.999069, -0.0429202, 0.00441843, 0.0428908, 0.999058, 0.00655445, -0.00469559, -0.00635884, 0.999969, 0.00285286  
184, 17.5363, -37.4532, 180.493, 0.999014, -0.0441258, 0.00486137, 0.0441143, 0.999024, 0.00243957, -0.00496427, -0.00222271, 0.999985, 0.00287366  
185, 17.6963, -38.7556, 180.485, 0.999019, -0.0439147, 0.00567529, 0.0439052, 0.999034, 0.00179871, -0.0057488, -0.00154777, 0.999982, 0.00285092  
186, 17.882, -40.0955, 180.51, 0.999015, -0.0440735, 0.00511136, 0.0440973, 0.999016, -0.00464456, -0.00490163, 0.00486538, 0.999976, 0.00273331  
187, 18.118, -41.4435, 180.516, 0.999035, -0.0433232, 0.00719208, 0.0433725, 0.999035, -0.00684874, -0.00688844, 0.00715407, 0.999951, 0.00276881  
188, 18.3606, -42.6758, 180.503, 0.999085, -0.0420102, 0.00807548, 0.0420526, 0.999102, -0.00515699, -0.00785158, 0.00549186, 0.999954, 0.00274274  
189, 18.6009, -44.1306, 180.491, 0.999118, -0.040781, 0.0100429, 0.0408835, 0.999112, -0.0102173, -0.00961727, 0.0106188, 0.999897, 0.00295993  
190, 18.8563, -45.4004, 180.469, 0.999138, -0.0400776, 0.0108311, 0.0401786, 0.99915, -0.00927104, -0.0104503, 0.00969823, 0.999898, 0.00282789  
191, 19.1531, -46.7773, 180.481, 0.999111, -0.0402511, 0.0125659, 0.0404089, 0.999104, -0.0125681, -0.0120488, 0.0130647, 0.999842, 0.00282734  
192, 19.4724, -48.1394, 180.457, 0.999124, -0.040225, 0.0115056, 0.0404203, 0.999033, -0.0172798, -0.0107994, 0.0177297, 0.999784, 0.00285785  
193, 19.7032, -49.2724, 180.404, 0.998992, -0.0425669, 0.0142798, 0.0427996, 0.998949, -0.0164129, -0.0135661, 0.0170075, 0.999763, 0.00278129  
194, 19.8781, -50.3079, 180.405, 0.999003, -0.0424905, 0.0137253, 0.0427317, 0.998928, -0.0177919, -0.0129546, 0.0183607, 0.999748, 0.00289779  
195, 20.1469, -51.6191, 180.404, 0.998945, -0.0433546, 0.0151573, 0.0436535, 0.998847, -0.0199766, -0.0142738, 0.0206172, 0.999686, 0.00283899  
196, 20.4343, -52.7176, 180.426, 0.998879, -0.0450674, 0.0145027, 0.0453914, 0.998708, -0.0228485, -0.0134542, 0.0234812, 0.999634, 0.00275494  
197, 20.6736, -53.9774, 180.438, 0.998825, -0.0453866, 0.0169802, 0.045746, 0.998724, -0.0214119, -0.0159867, 0.0221635, 0.999627, 0.0027849  
198, 21.0305, -55.167, 180.442, 0.998836, -0.0441978, 0.0193068, 0.0446206, 0.998761, -0.0220443, -0.0183086, 0.0228801, 0.999571, 0.00277908  
199, 21.2956, -56.3278, 180.381, 0.998776, -0.0447136, 0.0211672, 0.0451407, 0.998777, -0.0201485, -0.0202404, 0.0210793, 0.999573, 0.00297407  
200, 21.6122, -57.441, 180.39, 0.998796, -0.043908, 0.0218759, 0.0443484, 0.998814, -0.0200729, -0.0209686, 0.0210189, 0.999559, 0.00288975  
201, 21.9057, -58.3368, 180.355, 0.998743, -0.0443812, 0.0232868, 0.0447412, 0.998883, -0.0151732, -0.0225874, 0.016196, 0.999614, 0.00288198  
202, 22.2603, -59.4946, 180.401, 0.998661, -0.0456573, 0.0243271, 0.0461836, 0.998701, -0.0215293, -0.0233125, 0.022624, 0.999472, 0.00270113  
203, 22.938, -61.1282, 180.424, 0.998537, -0.0466932, 0.0272665, 0.0472447, 0.998684, -0.0199461, -0.0262992, 0.0212052, 0.999429, 0.0027935  
204, 23.6998, -63.1498, 180.33, 0.99862, -0.0435074, 0.0293999, 0.0441668, 0.998778, -0.0221665, -0.0283995, 0.0234345, 0.999322, 0.00264094  
205, 24.0933, -64.1999, 180.328, 0.998568, -0.0429773, 0.0318707, 0.0437256, 0.998775, -0.0231647, -0.0308361, 0.0245251, 0.999224, 0.00284065  
206, 24.5631, -65.2089, 180.281, 0.998571, -0.0411965, 0.0340314, 0.0419181, 0.998905, -0.0207717, -0.0331384, 0.0221685, 0.999205, 0.00278046  
207, 24.9984, -66.135, 180.301, 0.998432, -0.0418123, 0.0372142, 0.0424651, 0.998955, -0.0169278, -0.0364675, 0.0184816, 0.999164, 0.00281486  
208, 25.4292, -67.0544, 180.28, 0.998467, -0.0412894, 0.0368636, 0.0419377, 0.998976, -0.0169885, -0.0361244, 0.0185084, 0.999176, 0.0029014  
209, 25.8325, -67.8739, 180.275, 0.998352, -0.0411835, 0.0399641, 0.0417739, 0.999028, -0.0140528, -0.0393465, 0.0156991, 0.999102, 0.00280016  
210, 26.3057, -68.6914, 180.257, 0.998214, -0.0417632, 0.0427219, 0.0423868, 0.999006, -0.0137964, -0.0421033, 0.0155826, 0.998992, 0.00277408  
211, 26.7258, -69.4015, 180.225, 0.998094, -0.0412681, 0.0458939, 0.041892, 0.999041, -0.0127144, -0.0453252, 0.0146128, 0.998865, 0.00281763  
212, 27.2118, -69.9823, 180.21, 0.997886, -0.0432231, 0.0485286, 0.0438709, 0.998961, -0.0123632, -0.0479438, 0.0144661, 0.998745, 0.0041216  
213, 27.7483, -70.5928, 180.243, 0.997814, -0.0445322, 0.0488267, 0.0452802, 0.998872, -0.0143207, -0.0481339, 0.0165003, 0.998705, 0.00291915  
214, 28.2909, -71.2642, 180.21, 0.997549, -0.046517, 0.0522721, 0.0471904, 0.998817, -0.0117216, -0.051665, 0.0141596, 0.998564, 0.00275245  
215, 28.8371, -71.8661, 180.174, 0.99738, -0.0477389, 0.0543565, 0.0484677, 0.998751, -0.0121704, -0.0537076, 0.014773, 0.998447, 0.00277464  
216, 29.4184, -72.3037, 180.098, 0.997198, -0.0482778, 0.0571461, 0.0487905, 0.99878, -0.00760998, -0.056709, 0.0103768, 0.998337, 0.00273691  
217, 29.9304, -73.014, 180.037, 0.997009, -0.0487684, 0.0599566, 0.0491771, 0.998776, -0.00535879, -0.0596219, 0.00829126, 0.998187, 0.0027849  
218, 30.5305, -73.6357, 179.956, 0.997004, -0.0485341, 0.0602259, 0.0489833, 0.998782, -0.00600322, -0.0598611, 0.0089353, 0.998167, 0.00293108  
219, 31.0205, -74.1744, 179.909, 0.996829, -0.0492597, 0.0624906, 0.0494406, 0.998776, -0.00135217, -0.0623476, 0.00443746, 0.998045, 0.00280265  
220, 31.512, -74.6519, 179.861, 0.996816, -0.0486017, 0.0632161, 0.0485403, 0.998818, 0.00250644, -0.0632632, 0.000570072, 0.997997, 0.00279738  
221, 31.8387, -75.215, 179.819, 0.996669, -0.0499521, 0.0644689, 0.0496305, 0.998746, 0.00658196, -0.0647168, -0.00336041, 0.997898, 0.00290556  
222, 32.1938, -75.6679, 179.847, 0.996578, -0.0505146, 0.065422, 0.0498463, 0.998687, 0.0118086, -0.0659326, -0.00850718, 0.997788, 0.00299821  
223, 32.6544, -76.413, 179.838, 0.996164, -0.0524028, 0.0700764, 0.0516415, 0.998586, 0.0126329, -0.0706393, -0.00896563, 0.997462, 0.00295854  
224, 33.0646, -76.8041, 179.806, 0.996407, -0.0498974, 0.0684362, 0.0487994, 0.998653, 0.0176248, -0.0692235, -0.0142218, 0.9975, 0.00281042  
225, 33.3573, -77.448, 179.86, 0.99594, -0.0515609, 0.0737892, 0.0500255, 0.998494, 0.0225087, -0.0748387, -0.018726, 0.99702, 0.00290001  
226, 33.7245, -78.1269, 179.896, 0.996081, -0.0494539, 0.0733213, 0.0480269, 0.998623, 0.021101, -0.0742639, -0.017497, 0.997085, 0.00295077  
227, 34.0693, -78.7442, 179.856, 0.995918, -0.050556, 0.0747757, 0.0487002, 0.998463, 0.0264374, -0.0759974, -0.0226878, 0.99685, 0.00303205  
228, 34.4103, -79.4212, 179.85, 0.995951, -0.0490279, 0.0753564, 0.0469358, 0.998468, 0.0292887, -0.076677, -0.0256332, 0.996726, 0.00319126  
229, 34.6223, -79.9011, 179.887, 0.995796, -0.050706, 0.0762785, 0.0479264, 0.998134, 0.0378399, -0.0780549, -0.0340251, 0.996368, 0.00289252  
230, 34.8263, -80.5142, 179.921, 0.995643, -0.0510013, 0.0780631, 0.0477942, 0.997956, 0.0424157, -0.0800668, -0.0384999, 0.996046, 0.00282346  
231, 35.0116, -81.1866, 180.036, 0.995584, -0.0532909, 0.077281, 0.0500079, 0.997787, 0.0438132, -0.0794449, -0.0397551, 0.996046, 0.00279905  
232, 35.2077, -81.656, 180.077, 0.995626, -0.0547914, 0.0756737, 0.0511349, 0.997467, 0.0494416, -0.078191, -0.0453557, 0.995906, 0.00284814  
233, 35.4373, -82.2321, 180.157, 0.99554, -0.0558814, 0.0760059, 0.0519911, 0.99728, 0.052236, -0.0787182, -0.0480514, 0.995738, 0.00286423  
234, 35.5609, -82.7546, 180.197, 0.995444, -0.0581836, 0.0755328, 0.0538339, 0.996841, 0.0584007, -0.0786921, -0.0540685, 0.995432, 0.0028523  
235, 35.6847, -83.4587, 180.183, 0.995363, -0.0579191, 0.0768032, 0.0531798, 0.996635, 0.0623808, -0.0801578, -0.0580071, 0.995093, 0.00288032  
236, 35.813, -84.2123, 180.141, 0.995299, -0.0577265, 0.0777611, 0.0528121, 0.996562, 0.0638395, -0.081179, -0.0594327, 0.994926, 0.00280293  
237, 35.9099, -84.8939, 180.104, 0.99526, -0.0586935, 0.0775361, 0.0535193, 0.996303, 0.0672057, -0.081194, -0.0627375, 0.994722, 0.00286173  
238, 35.9755, -85.4417, 180.08, 0.995292, -0.0584099, 0.0773417, 0.0527333, 0.995899, 0.0735099, -0.0813182, -0.0690854, 0.994291, 0.00285785  
239, 36.0562, -86.2932, 180.101, 0.995341, -0.0588583, 0.0763686, 0.0533177, 0.99593, 0.0726659, -0.0803348, -0.0682556, 0.994428, 0.00285397  
240, 36.1206, -86.9127, 180.067, 0.995278, -0.0595797, 0.0766339, 0.053814, 0.995714, 0.0752201, -0.080787, -0.0707409, 0.994218, 0.0028892  
241, 36.166, -87.7393, 180.086, 0.995497, -0.0589749, 0.0742131, 0.0534939, 0.995838, 0.073793, -0.0782562, -0.0694908, 0.994508, 0.00274718  
242, 36.1502, -88.4036, 180.089, 0.995671, -0.0573069, 0.0731853, 0.0516165, 0.995662, 0.0774099, -0.0773039, -0.0732972, 0.99431, 0.00288365  
243, 36.1192, -89.347, 180.074, 0.99558, -0.0581865, 0.0737154, 0.0523684, 0.995534, 0.0785405, -0.0779562, -0.074333, 0.994182, 0.00282956  
244, 36.0603, -90.1297, 180.081, 0.995802, -0.0571102, 0.0715265, 0.0512126, 0.995337, 0.0817365, -0.075861, -0.0777304, 0.994084, 0.00281652  
245, 35.9524, -91.0017, 180.073, 0.995714, -0.0574556, 0.0724778, 0.0512254, 0.995057, 0.0850716, -0.0770074, -0.0809942, 0.993735, 0.00296187  
246, 35.8167, -91.6935, 180.112, 0.995973, -0.0560487, 0.0699732, 0.049711, 0.994769, 0.0892432, -0.0746091, -0.0854054, 0.993549, 0.002796  
247, 35.6428, -92.6713, 180.108, 0.995938, -0.0572837, 0.0694643, 0.0509263, 0.994632, 0.0900727, -0.0742512, -0.0861693, 0.99351, 0.00286506  
248, 35.5243, -93.4507, 180.138, 0.996155, -0.056479, 0.0669682, 0.0501869, 0.994477, 0.0921794, -0.0718045, -0.0884641, 0.993488, 0.00307032  
249, 35.4085, -94.3221, 180.056, 0.996072, -0.0589877, 0.0660388, 0.0525422, 0.99405, 0.0954119, -0.071274, -0.0915673, 0.993245, 0.0028781  
250, 35.1605, -95.1131, 180.078, 0.996232, -0.0589572, 0.0636075, 0.0523867, 0.993563, 0.100435, -0.0691194, -0.0967248, 0.992908, 0.0028082  
251, 34.8891, -96.1472, 180.036, 0.99607, -0.0616101, 0.0636363, 0.0549471, 0.993305, 0.101617, -0.0694709, -0.0977209, 0.992786, 0.00293191  
252, 34.6506, -97.1384, 180.067, 0.996152, -0.0616056, 0.0623449, 0.0550646, 0.993291, 0.101686, -0.0681911, -0.097862, 0.992861, 0.00284703  
253, 34.2697, -98.0873, 180.039, 0.996062, -0.0637752, 0.0615954, 0.0572631, 0.993109, 0.10225, -0.0676919, -0.0983201, 0.99285, 0.00292442  
254, 34.0166, -98.9585, 180.049, 0.996238, -0.0640857, 0.0583308, 0.0579164, 0.993105, 0.101923, -0.0644604, -0.0981613, 0.993081, 0.00280432  
255, 33.7045, -99.9331, 180.093, 0.996354, -0.0642009, 0.0561855, 0.0580638, 0.9928, 0.104769, -0.0625073, -0.101125, 0.992908, 0.00281902  
256, 33.4651, -101.019, 180.12, 0.996697, -0.0625455, 0.051792, 0.0569486, 0.993022, 0.103269, -0.0578896, -0.0999785, 0.993304, 0.00281763  
257, 33.0405, -102.136, 180.119, 0.996988, -0.0602375, 0.0488561, 0.0547244, 0.992725, 0.107249, -0.0549611, -0.104252, 0.993031, 0.0029566  
258, 32.6205, -103.23, 180.172, 0.997143, -0.0610161, 0.0445265, 0.0559182, 0.992586, 0.107919, -0.0507811, -0.105121, 0.993162, 0.00290279  
259, 32.2319, -104.513, 180.234, 0.997221, -0.0618764, 0.0414981, 0.0571145, 0.992564, 0.10749, -0.0478407, -0.104821, 0.99334, 0.00281569  
260, 31.7269, -105.821, 180.344, 0.997293, -0.061343, 0.0405486, 0.0565787, 0.992353, 0.109705, -0.0469681, -0.107113, 0.993137, 0.00294523  
261, 31.2059, -107.108, 180.351, 0.99732, -0.0623102, 0.0383426, 0.0578118, 0.992365, 0.108951, -0.0448386, -0.106443, 0.993307, 0.00279489  
262, 30.7277, -108.21, 180.395, 0.997392, -0.0637347, 0.03387, 0.0597033, 0.992244, 0.109027, -0.0405561, -0.10672, 0.993462, 0.00288393  
263, 30.0982, -109.5, 180.444, 0.997314, -0.0659945, 0.0317716, 0.0623311, 0.992514, 0.105026, -0.0384649, -0.102763, 0.993962, 0.00281819  
264, 29.4868, -110.881, 180.465, 0.997419, -0.0658712, 0.0285839, 0.0626064, 0.992703, 0.103058, -0.0351639, -0.101002, 0.994265, 0.0028634  
265, 29.035, -112.415, 180.495, 0.997557, -0.064788, 0.0261197, 0.0618435, 0.992958, 0.101047, -0.0324825, -0.0991851, 0.994539, 0.00283122  
266, 28.4459, -113.699, 180.498, 0.997632, -0.0646727, 0.0234055, 0.0618101, 0.992304, 0.107296, -0.0301645, -0.105595, 0.993952, 0.00283261  
267, 27.8935, -115.346, 180.478, 0.997839, -0.0624998, 0.0202819, 0.0600436, 0.992668, 0.104907, -0.0266899, -0.103462, 0.994275, 0.00290168  
268, 27.2295, -116.833, 180.491, 0.997909, -0.0626746, 0.0157956, 0.0607211, 0.992808, 0.103175, -0.0221484, -0.102, 0.994538, 0.00286451  
269, 26.6559, -118.412, 180.502, 0.997968, -0.0629534, 0.00985619, 0.0616697, 0.993152, 0.0992228, -0.0160351, -0.0984133, 0.995016, 0.00292636  
270, 26.0686, -119.786, 180.539, 0.998001, -0.0631158, 0.00336957, 0.0624605, 0.992994, 0.100305, -0.00967683, -0.0998944, 0.994951, 0.00288975  
271, 25.4576, -121.474, 180.654, 0.998016, -0.0629617, -0.000753311, 0.0627402, 0.99335, 0.0965372, -0.00532985, -0.0963929, 0.995329, 0.0027028  
272, 24.8698, -123.077, 180.666, 0.998113, -0.0612351, -0.00464981, 0.0614011, 0.993698, 0.0937765, -0.0011219, -0.093885, 0.995582, 0.00288226  
273, 24.2564, -124.679, 180.656, 0.997982, -0.0631505, -0.00666124, 0.0634976, 0.993485, 0.0946328, 0.000641726, -0.0948648, 0.99549, 0.00286895  
274, 23.6719, -126.278, 180.679, 0.998031, -0.0616542, -0.0115185, 0.0624698, 0.993547, 0.0946724, 0.0056072, -0.0952056, 0.995442, 0.00281624  
275, 23.0903, -128.009, 180.663, 0.997928, -0.0631147, -0.01249, 0.0640246, 0.993323, 0.095969, 0.00634959, -0.0965698, 0.995306, 0.00277602  
276, 22.5142, -129.765, 180.735, 0.997818, -0.0638876, -0.0166539, 0.0651499, 0.993666, 0.091558, 0.010699, -0.0924432, 0.99566, 0.00292248  
277, 21.9369, -131.673, 180.745, 0.997567, -0.066791, -0.0199606, 0.0682699, 0.993953, 0.0860061, 0.0140955, -0.0871596, 0.996095, 0.00291305  
278, 21.5094, -133.481, 180.734, 0.997504, -0.0656052, -0.0261002, 0.0675436, 0.994338, 0.0820394, 0.0205702, -0.0835975, 0.996287, 0.00294689  
279, 21.0637, -135.276, 180.754, 0.997638, -0.0642201, -0.0243599, 0.0660515, 0.994288, 0.083836, 0.0188368, -0.0852471, 0.996182, 0.00276576  
