0, 27.354, 13.7272, 180.38, 0.999997, 0.000488031, 0.0023634, -0.000489863, 1, 0.000774793, -0.00236302, -0.000775949, 0.999997, 0.0421033  
1, 27.3397, 13.7438, 180.372, 0.999996, 8.64616e-005, 0.00296695, -8.85674e-005, 1, 0.000709642, -0.00296688, -0.000709902, 0.999995, 0.00288587  
2, 27.3298, 13.7533, 180.401, 0.999997, -0.00018232, 0.00254582, 0.000181952, 1, 0.000144976, -0.00254585, -0.000144512, 0.999997, 0.00387001  
3, 27.3295, 13.7662, 180.397, 0.999997, -4.7099e-005, 0.00243195, 4.88463e-005, 1, -0.000718425, -0.00243192, 0.000718542, 0.999997, 0.00300902  
4, 27.3227, 13.7649, 180.388, 0.999998, 0.000378826, 0.00170671, -0.000378166, 1, -0.000387087, -0.00170685, 0.000386441, 0.999998, 0.00308225  
5, 27.3236, 13.7641, 180.39, 0.999996, 0.000516382, 0.00295022, -0.000515457, 1, -0.0003142, -0.00295038, 0.000312678, 0.999996, 0.00342371  
6, 27.3289, 13.7391, 180.38, 0.999997, -6.42375e-005, 0.00256281, 6.26259e-005, 1, 0.000628908, -0.00256285, -0.000628745, 0.999997, 0.0029369  
7, 27.3177, 13.7321, 180.376, 0.999997, -1.74604e-005, 0.00237264, 1.69597e-005, 1, 0.000211039, -0.00237264, -0.000210998, 0.999997, 0.00428331  
8, 27.3451, 13.7404, 180.391, 0.999996, 0.000258517, 0.0026779, -0.000259914, 1, 0.000521115, -0.00267777, -0.000521809, 0.999996, 0.00330443  
9, 27.3576, 13.7238, 180.409, 0.999997, -7.86297e-005, 0.00242079, 7.88903e-005, 1, -0.000107566, -0.00242078, 0.000107757, 0.999997, 0.00301235  
10, 27.3245, 13.708, 180.411, 0.999994, -0.000615837, 0.00345105, 0.000616535, 1, -0.000201023, -0.00345093, 0.000203149, 0.999994, 0.00420675  
11, 27.3537, 13.742, 180.375, 0.999995, 0.000250973, 0.00310185, -0.000251367, 1, 0.000126811, -0.00310181, -0.00012759, 0.999995, 0.00357072  
12, 27.3408, 13.7254, 180.398, 0.999995, -0.000623588, 0.00293457, 0.000622886, 1, 0.0002398, -0.00293472, -0.000237971, 0.999996, 0.00293274  
13, 27.3281, 13.7535, 180.386, 0.999996, 0.000450914, 0.0028602, -0.000452425, 1, 0.000527767, -0.00285996, -0.000529059, 0.999996, 0.00295188  
14, 27.3387, 13.7487, 180.38, 0.999996, 0.0005677, 0.00275081, -0.000569374, 1, 0.000607742, -0.00275046, -0.000609305, 0.999996, 0.00292415  
15, 27.3188, 13.7247, 180.359, 0.999995, 0.000326981, 0.00313357, -0.000330742, 0.999999, 0.00119978, -0.00313317, -0.00120081, 0.999994, 0.00301235  
16, 27.3208, 13.7121, 180.382, 0.999995, 0.000121907, 0.00329991, -0.000122619, 1, 0.000215589, -0.00329988, -0.000215992, 0.999995, 0.00460452  
17, 27.3181, 13.7171, 180.377, 0.999995, 3.87647e-005, 0.00331343, -3.99163e-005, 1, 0.000347488, -0.00331342, -0.000347619, 0.999994, 0.00271611  
18, 27.3107, 13.7283, 180.383, 0.999995, 0.000783708, 0.00289751, -0.000784892, 1, 0.000407544, -0.00289719, -0.000409817, 0.999996, 0.00279045  
19, 27.3262, 13.7352, 180.372, 0.999997, 0.000480939, 0.00246393, -0.000481653, 1, 0.000289122, -0.00246379, -0.000290308, 0.999997, 0.00433157  
20, 27.3048, 13.7302, 180.396, 0.999996, 1.63762e-005, 0.00286773, -1.79402e-005, 1, 0.000545363, -0.00286772, -0.000545412, 0.999996, 0.00292248  
21, 27.3151, 13.7386, 180.386, 0.999994, -0.000127281, 0.0035995, 0.000124824, 1, 0.000682765, -0.00359959, -0.000682312, 0.999993, 0.00341871  
22, 27.3419, 13.7157, 180.401, 0.999992, -0.000249181, 0.0039436, 0.000242891, 0.999999, 0.00159538, -0.00394399, -0.00159441, 0.999991, 0.00288282  
23, 27.329, 13.7291, 180.381, 0.999997, 0.000413325, 0.00260429, -0.000414617, 1, 0.000495647, -0.00260409, -0.000496725, 0.999996, 0.00300431  
24, 27.3081, 13.714, 180.404, 0.999995, -0.00026194, 0.003064, 0.000260337, 1, 0.000523823, -0.00306414, -0.000523023, 0.999995, 0.00363701  
25, 27.3294, 13.7106, 180.373, 0.999995, 0.000485832, 0.00309976, -0.00048776, 1, 0.000621285, -0.00309946, -0.000622794, 0.999995, 0.00297518  
26, 27.3134, 13.7237, 180.387, 0.999993, 0.00024983, 0.00378077, -0.000254266, 0.999999, 0.00117284, -0.00378047, -0.00117379, 0.999992, 0.00271445  
27, 27.3287, 13.7377, 180.385, 0.999995, 0.000405133, 0.00317496, -0.000404685, 1, -0.000141638, -0.00317501, 0.000140352, 0.999995, 0.00298961  
28, 27.3471, 13.7389, 180.374, 0.999994, 0.00113897, 0.00315255, -0.00114179, 0.999999, 0.000891568, -0.00315153, -0.000895162, 0.999995, 0.00286895  
29, 27.353, 13.7538, 180.392, 0.999996, 0.000413537, 0.00271735, -0.00041409, 1, 0.000202937, -0.00271726, -0.000204062, 0.999996, 0.0029971  
30, 27.3509, 13.7439, 180.392, 0.999996, 0.000643847, 0.00261542, -0.000645786, 1, 0.000740313, -0.00261494, -0.000742, 0.999996, 0.00302206  
31, 27.3238, 13.747, 180.393, 0.999997, 0.000215049, 0.0022507, -0.000216749, 1, 0.000754851, -0.00225054, -0.000755337, 0.999997, 0.00287533  
32, 27.3213, 13.7271, 180.397, 0.999995, -0.000248284, 0.00302813, 0.000246985, 1, 0.0004291, -0.00302823, -0.00042835, 0.999995, 0.00297241  
33, 27.322, 13.7178, 180.4, 0.999995, 0.000275989, 0.00316554, -0.000280388, 0.999999, 0.0013891, -0.00316516, -0.00138998, 0.999994, 0.00288226  
34, 27.3434, 13.7258, 180.391, 0.999996, 0.000508456, 0.00260078, -0.000508854, 1, 0.000152349, -0.0026007, -0.000153672, 0.999997, 0.0030007  
35, 27.3291, 13.7373, 180.384, 0.999997, 0.000528967, 0.00221636, -0.000530718, 1, 0.000789873, -0.00221594, -0.000791047, 0.999997, 0.00308752  
36, 27.3307, 13.7265, 180.399, 0.999995, 0.000397561, 0.00322352, -0.000399238, 1, 0.000519827, -0.00322332, -0.000521111, 0.999995, 0.00294412  
37, 27.3069, 13.7358, 180.415, 0.999995, 0.000206842, 0.00309051, -0.000205389, 1, -0.000470415, -0.0030906, 0.000469778, 0.999995, 0.00290612  
38, 27.3317, 13.7686, 180.401, 0.999996, 0.00132066, 0.00234324, -0.00131954, 0.999999, -0.000475445, -0.00234387, 0.000472351, 0.999997, 0.00296242  
39, 27.3234, 13.7529, 180.397, 0.999997, 0.000619602, 0.0021972, -0.000619201, 1, -0.000183203, -0.00219731, 0.000181842, 0.999998, 0.00311831  
40, 27.3285, 13.7382, 180.397, 0.999996, 0.000532124, 0.00277125, -0.000531244, 1, -0.000318308, -0.00277142, 0.000316835, 0.999996, 0.00322788  
41, 27.3327, 13.7317, 180.394, 0.999998, 0.000433521, 0.00218489, -0.000434347, 1, 0.000377467, -0.00218473, -0.000378415, 0.999998, 0.0029455  
42, 27.3402, 13.7287, 180.388, 0.999997, 0.00112185, 0.00208779, -0.00112238, 0.999999, 0.000251192, -0.00208751, -0.000253534, 0.999998, 0.00288698  
43, 27.3519, 13.7511, 180.366, 0.999997, 0.00150437, 0.00190591, -0.00150659, 0.999998, 0.0011608, -0.00190416, -0.00116367, 0.999998, 0.0028756  
44, 27.3312, 13.7371, 180.396, 0.999996, 0.000731882, 0.00258328, -0.000731831, 1, -2.04515e-005, -0.00258329, 1.85609e-005, 0.999997, 0.00358237  
45, 27.3145, 13.7226, 180.372, 0.999994, 0.000526746, 0.0033936, -0.000531122, 0.999999, 0.00128893, -0.00339292, -0.00129072, 0.999993, 0.00444336  
46, 27.3208, 13.7356, 180.396, 0.999994, 0.000183999, 0.00342565, -0.000186643, 1, 0.000771367, -0.00342551, -0.000772002, 0.999994, 0.00305008  
47, 27.3375, 13.7294, 180.379, 0.999997, -5.22966e-005, 0.00260485, 5.06906e-005, 1, 0.000616606, -0.00260488, -0.000616472, 0.999996, 0.00299987  
48, 27.3411, 13.7263, 180.356, 0.999995, -0.000315689, 0.00310868, 0.000312806, 1, 0.000927537, -0.00310898, -0.00092656, 0.999995, 0.00289363  
49, 27.3438, 13.7396, 180.366, 0.999996, 2.64146e-005, 0.00291317, -2.89712e-005, 1, 0.000877547, -0.00291314, -0.000877628, 0.999995, 0.00293358  
50, 27.3336, 13.7458, 180.366, 0.999997, 0.000121676, 0.00260259, -0.000122161, 1, 0.000186021, -0.00260257, -0.000186338, 0.999997, 0.00292803  
51, 27.3444, 13.7431, 180.358, 0.999998, 0.00037377, 0.00201399, -0.000375127, 1, 0.000673843, -0.00201374, -0.000674597, 0.999998, 0.00363091  
52, 27.335, 13.7428, 180.378, 0.999997, 0.000417124, 0.00240044, -0.000417531, 1, 0.000169071, -0.00240037, -0.000170073, 0.999997, 0.00287533  
53, 27.3657, 13.7593, 180.38, 0.999998, 0.000472812, 0.00213037, -0.000473087, 1, 0.000128527, -0.00213031, -0.000129534, 0.999998, 0.00284121  
54, 27.3522, 13.7521, 180.395, 0.999996, 0.000100385, 0.00288516, -0.0001039, 0.999999, 0.00121816, -0.00288504, -0.00121845, 0.999995, 0.0029272  
55, 27.3632, 13.754, 180.417, 0.999997, 0.000832624, 0.00238334, -0.000833222, 1, 0.000250299, -0.00238314, -0.000252284, 0.999997, 0.0030068  
56, 27.3626, 13.7476, 180.427, 0.999997, 0.000387985, 0.0025495, -0.000389011, 1, 0.000402088, -0.00254934, -0.000403079, 0.999997, 0.00285674  
57, 27.3481, 13.731, 180.414, 0.999993, 0.000231634, 0.00368594, -0.000235467, 0.999999, 0.00103964, -0.0036857, -0.0010405, 0.999993, 0.00292082  
58, 27.3566, 13.7482, 180.41, 0.999995, 0.000677706, 0.0029549, -0.000681597, 0.999999, 0.00131593, -0.00295401, -0.00131794, 0.999995, 0.00285535  
59, 27.3533, 13.7249, 180.407, 0.999993, 0.000386998, 0.00374062, -0.000390981, 0.999999, 0.00106418, -0.0037402, -0.00106564, 0.999992, 0.00290778  
60, 27.3248, 13.7101, 180.409, 0.999993, -0.000160426, 0.00379053, 0.000160418, 1, 2.36477e-006, -0.00379053, -1.75668e-006, 0.999993, 0.00487136  
61, 27.3177, 13.7228, 180.391, 0.999997, 0.000286895, 0.00256086, -0.000288879, 1, 0.000774696, -0.00256064, -0.000775433, 0.999996, 0.00288698  
62, 27.2952, 13.6987, 180.395, 0.999994, 7.67107e-005, 0.00345542, -7.81645e-005, 1, 0.00042059, -0.00345539, -0.000420857, 0.999994, 0.00298628  
63, 27.2924, 13.6707, 180.382, 0.999994, -0.000577533, 0.00332026, 0.000578392, 1, -0.000257757, -0.00332012, 0.000259676, 0.999994, 0.00294606  
64, 27.3217, 13.7158, 180.399, 0.999998, 0.000210044, 0.00210598, -0.000210931, 1, 0.000420598, -0.00210589, -0.000421042, 0.999998, 0.00297241  
65, 27.3069, 13.7071, 180.409, 0.999995, -0.000122746, 0.00315167, 0.000120764, 1, 0.000629074, -0.00315174, -0.000628691, 0.999995, 0.00290251  
66, 27.326, 13.7349, 180.389, 0.999996, -3.04252e-005, 0.00268789, 2.99216e-005, 1, 0.000187421, -0.0026879, -0.00018734, 0.999996, 0.0029075  
67, 27.3289, 13.7106, 180.398, 0.999997, -0.00050856, 0.00253825, 0.000509343, 1, -0.000307672, -0.0025381, 0.000308964, 0.999997, 0.00290917  
68, 27.3059, 13.6927, 180.406, 0.999994, -0.000542311, 0.0035064, 0.000540436, 1, 0.0005357, -0.00350669, -0.000533802, 0.999994, 0.00297796  
69, 27.3059, 13.6878, 180.381, 0.999996, 3.0363e-005, 0.00279919, -3.22113e-005, 1, 0.000660249, -0.00279917, -0.000660336, 0.999996, 0.0029308  
70, 27.3315, 13.6934, 180.39, 0.999997, -2.58906e-005, 0.00224172, 2.59875e-005, 1, -4.31883e-005, -0.00224172, 4.32464e-005, 0.999997, 0.00301318  
71, 27.3537, 13.6984, 180.4, 0.999998, 4.83271e-005, 0.0021789, -4.88821e-005, 1, 0.000254636, -0.00217889, -0.000254742, 0.999998, 0.00308586  
72, 27.356, 13.6985, 180.411, 0.999998, 0.00031824, 0.00200038, -0.000318338, 1, 4.86854e-005, -0.00200036, -4.93221e-005, 0.999998, 0.0029039  
73, 27.3388, 13.6774, 180.4, 0.999998, 0.000593204, 0.00188404, -0.000593396, 1, 0.000101684, -0.00188398, -0.000102802, 0.999998, 0.00303898  
74, 27.3382, 13.7078, 180.393, 0.999999, 8.57572e-005, 0.00170076, -8.53893e-005, 1, -0.000216337, -0.00170078, 0.000216192, 0.999999, 0.00311304  
75, 27.3501, 13.7181, 180.384, 0.999998, 0.000306221, 0.00214243, -0.000305639, 1, -0.000272126, -0.00214251, 0.000271471, 0.999998, 0.0030326  
76, 27.3447, 13.7154, 180.362, 0.999997, 0.000747884, 0.00229042, -0.000748873, 1, 0.000431068, -0.00229009, -0.000432782, 0.999997, 0.00305729  
77, 27.338, 13.7293, 180.37, 0.999998, 0.000834852, 0.00196398, -0.00083546, 1, 0.000308977, -0.00196372, -0.000310617, 0.999998, 0.00298794  
78, 27.3617, 13.7419, 180.365, 0.999997, 0.000529504, 0.00238432, -0.000529727, 1, 9.2701e-005, -0.00238427, -9.39637e-005, 0.999997, 0.00376544  
79, 27.3615, 13.7371, 180.374, 0.999995, 0.000873047, 0.00303123, -0.000873271, 1, 7.26351e-005, -0.00303117, -7.52818e-005, 0.999995, 0.00310527  
80, 27.3529, 13.7194, 180.373, 0.999996, -7.92465e-005, 0.00285422, 7.6703e-005, 1, 0.000891224, -0.00285429, -0.000891001, 0.999996, 0.00304342  
81, 27.3432, 13.7234, 180.362, 0.999997, 0.000452657, 0.0025718, -0.000454131, 1, 0.000572453, -0.00257154, -0.000573618, 0.999997, 0.00297851  
82, 27.3211, 13.7111, 180.348, 0.999996, -0.000100154, 0.00281429, 9.98136e-005, 1, 0.000121186, -0.0028143, -0.000120905, 0.999996, 0.0030179  
83, 27.3461, 13.7286, 180.34, 0.999998, 0.000505356, 0.00207682, -0.000507681, 0.999999, 0.00111881, -0.00207625, -0.00111986, 0.999997, 0.00310833  
84, 27.3448, 13.7444, 180.337, 0.999997, 0.000291359, 0.00238443, -0.000290803, 1, -0.000233627, -0.0023845, 0.000232933, 0.999997, 0.00316769  
85, 27.3439, 13.7398, 180.358, 0.999997, 0.000631916, 0.00249432, -0.000632686, 1, 0.000307865, -0.00249413, -0.000309442, 0.999997, 0.0030498  
86, 27.3435, 13.7138, 180.36, 0.999996, 0.000206071, 0.00271863, -0.000207013, 1, 0.000346257, -0.00271856, -0.000346818, 0.999996, 0.0031136  
87, 27.3385, 13.7458, 180.364, 0.999996, 0.000310675, 0.00293807, -0.000314364, 0.999999, 0.00125524, -0.00293768, -0.00125616, 0.999995, 0.00424503  
88, 27.332, 13.715, 180.37, 0.999996, -2.6409e-006, 0.00284093, 2.26653e-006, 1, 0.000131781, -0.00284093, -0.000131774, 0.999996, 0.0029652  
89, 27.3434, 13.7047, 180.358, 0.999996, 0.000440112, 0.00281598, -0.000442485, 1, 0.000841923, -0.0028156, -0.000843165, 0.999996, 0.00307005  
90, 27.333, 13.7318, 180.373, 0.999995, 0.000208213, 0.00312487, -0.000207149, 1, -0.000340786, -0.00312494, 0.000340137, 0.999995, 0.00302594  
91, 27.3281, 13.7106, 180.366, 0.999996, 2.53487e-005, 0.0029377, -2.58455e-005, 1, 0.000169081, -0.0029377, -0.000169156, 0.999996, 0.00294023  
92, 27.34, 13.709, 180.375, 0.999993, 0.000338048, 0.00377956, -0.000340333, 1, 0.000603862, -0.00377936, -0.000605144, 0.999993, 0.0028903  
93, 27.3505, 13.7406, 180.372, 0.999996, 0.000305448, 0.00276691, -0.000308987, 0.999999, 0.00127871, -0.00276651, -0.00127956, 0.999995, 0.00292831  
94, 27.343, 13.7401, 180.36, 0.999998, 0.000413816, 0.00204591, -0.000415544, 1, 0.000843838, -0.00204556, -0.000844686, 0.999998, 0.00292886  
95, 27.3531, 13.7356, 180.357, 0.999998, 2.09258e-005, 0.00192024, -2.13607e-005, 1, 0.000226463, -0.00192023, -0.000226504, 0.999998, 0.00312663  
96, 27.33, 13.747, 180.357, 0.999999, 8.56421e-005, 0.00133021, -8.65604e-005, 1, 0.00069028, -0.00133015, -0.000690394, 0.999999, 0.00295632  
97, 27.3446, 13.7389, 180.378, 0.999997, 7.2155e-005, 0.00241438, -7.44137e-005, 1, 0.000935442, -0.00241431, -0.000935619, 0.999997, 0.0029652  
98, 27.3296, 13.7407, 180.368, 0.999998, 0.00025005, 0.00212831, -0.000251436, 1, 0.000650886, -0.00212814, -0.000651419, 0.999998, 0.00298905  
99, 27.3083, 13.736, 180.392, 0.999995, 0.000134442, 0.00330517, -0.000135392, 1, 0.000287322, -0.00330513, -0.000287768, 0.999994, 0.00311831  
100, 27.3382, 13.7211, 180.391, 0.999996, -0.000160917, 0.00280476, 0.000160777, 1, 5.02461e-005, -0.00280477, -4.97949e-005, 0.999996, 0.00292664  
101, 27.3393, 13.7342, 180.415, 0.999994, -0.00078699, 0.00338448, 0.000789147, 0.999999, -0.000636006, -0.00338398, 0.000638673, 0.999994, 0.00301402  
102, 27.339, 13.7498, 180.397, 0.999997, 1.32907e-005, 0.00238218, -1.24122e-005, 1, -0.000368789, -0.00238218, 0.000368758, 0.999997, 0.00288892  
103, 27.341, 13.727, 180.393, 0.999996, -5.47851e-005, 0.00269108, 5.61831e-005, 1, -0.000519393, -0.00269106, 0.000519542, 0.999996, 0.00288198  
104, 27.3467, 13.7486, 180.392, 0.999996, 0.000222196, 0.0028359, -0.000222374, 1, 6.27553e-005, -0.00283589, -6.33857e-005, 0.999996, 0.00300375  
105, 27.3375, 13.7372, 180.367, 0.999996, -0.000231962, 0.00291488, 0.000230141, 1, 0.000625132, -0.00291503, -0.000624459, 0.999996, 0.00298489  
106, 27.3342, 13.72, 180.39, 0.999996, 8.58798e-005, 0.00273351, -8.42168e-005, 1, -0.000608514, -0.00273357, 0.000608281, 0.999996, 0.00292082  
107, 27.3154, 13.7462, 180.38, 0.999998, -0.000481331, 0.00171594, 0.000481485, 1, -8.91396e-005, -0.0017159, 8.99657e-005, 0.999999, 0.0028659  
108, 27.3252, 13.7453, 180.375, 0.999996, 0.000155404, 0.00265912, -0.000158104, 0.999999, 0.001015, -0.00265896, -0.00101541, 0.999996, 0.00293663  
109, 27.3295, 13.7451, 180.385, 0.999998, -0.000143637, 0.00211914, 0.000143796, 1, -7.47841e-005, -0.00211913, 7.50886e-005, 0.999998, 0.0029835  
110, 27.3172, 13.7262, 180.377, 0.999996, 8.74272e-006, 0.00267159, -7.47563e-006, 1, -0.000474294, -0.0026716, 0.000474272, 0.999996, 0.00296575  
111, 27.3462, 13.7543, 180.377, 0.999997, 0.000745779, 0.00250863, -0.000746049, 1, 0.00010702, -0.00250855, -0.000108891, 0.999997, 0.00288836  
112, 27.3308, 13.7384, 180.378, 0.999997, 0.000488087, 0.00245294, -0.000488049, 1, -1.62181e-005, -0.00245294, 1.50209e-005, 0.999997, 0.00285397  
113, 27.333, 13.7271, 180.397, 0.999996, -8.19616e-005, 0.00288909, 8.06755e-005, 1, 0.000445275, -0.00288913, -0.00044504, 0.999996, 0.00288198  
114, 27.3417, 13.7428, 180.388, 0.999996, 0.000226407, 0.00281116, -0.000228786, 1, 0.000845819, -0.00281097, -0.000846459, 0.999996, 0.0029566  
115, 27.3434, 13.7175, 180.385, 0.999995, 0.000412799, 0.00312776, -0.000415722, 0.999999, 0.000933977, -0.00312737, -0.000935272, 0.999995, 0.0028781  
116, 27.3298, 13.7224, 180.385, 0.999995, 0.000820103, 0.00303934, -0.000821938, 0.999999, 0.00060244, -0.00303884, -0.000604936, 0.999995, 0.00295549  
117, 27.3176, 13.7144, 180.387, 0.999995, 0.000287496, 0.00319279, -0.000287998, 1, 0.000156845, -0.00319274, -0.000157764, 0.999995, 0.00291499  
118, 27.3291, 13.7208, 180.368, 0.999998, 0.000602152, 0.00209347, -0.000602476, 1, 0.000153909, -0.00209337, -0.00015517, 0.999998, 0.00281652  
119, 27.3134, 13.7147, 180.367, 0.999997, -6.55071e-005, 0.00234982, 6.59859e-005, 1, -0.000203687, -0.00234981, 0.000203842, 0.999997, 0.00302206  
120, 27.326, 13.7136, 180.386, 0.999996, 0.000494171, 0.00286886, -0.000495325, 1, 0.000401349, -0.00286866, -0.000402768, 0.999996, 0.00295993  
121, 27.324, 13.7113, 180.372, 0.999995, 0.00072499, 0.00310368, -0.000728609, 0.999999, 0.00116502, -0.00310283, -0.00116727, 0.999995, 0.00358181  
122, 27.3287, 13.7021, 180.368, 0.999996, 0.000149872, 0.0028109, -0.000152162, 1, 0.000814516, -0.00281078, -0.00081494, 0.999996, 0.00285563  
123, 27.33, 13.7322, 180.367, 0.999996, 0.000366288, 0.00284872, -0.000367378, 1, 0.000382124, -0.00284857, -0.000383169, 0.999996, 0.0029333  
124, 27.3402, 13.7442, 180.368, 0.999996, 0.00075316, 0.00274024, -0.000755761, 0.999999, 0.00094836, -0.00273952, -0.000950427, 0.999996, 0.00293663  
125, 27.3398, 13.7267, 180.364, 0.999995, 0.000788318, 0.00311022, -0.000790701, 0.999999, 0.000765131, -0.00310961, -0.000767587, 0.999995, 0.00291499  
126, 27.3412, 13.723, 180.373, 0.999995, 0.000124192, 0.00312356, -0.000126571, 1, 0.000761404, -0.00312346, -0.000761795, 0.999995, 0.00295549  
127, 27.3395, 13.7458, 180.381, 0.999995, 0.000740135, 0.00296163, -0.000741334, 1, 0.000403882, -0.00296133, -0.000406076, 0.999996, 0.00288892  
128, 27.3506, 13.7468, 180.376, 0.999997, 0.000392817, 0.00242421, -0.000394009, 1, 0.000491262, -0.00242402, -0.000492215, 0.999997, 0.00291028  
129, 27.3387, 13.747, 180.379, 0.999995, -0.000155109, 0.00303615, 0.000154865, 1, 8.06012e-005, -0.00303616, -8.01306e-005, 0.999995, 0.00291777  
130, 27.3436, 13.7604, 180.364, 0.999996, -8.90338e-005, 0.00283561, 8.72097e-005, 1, 0.000643381, -0.00283566, -0.000643131, 0.999996, 0.00296714  
131, 27.3437, 13.7466, 180.373, 0.999997, 0.000244037, 0.00246856, -0.00024517, 1, 0.000458917, -0.00246845, -0.000459521, 0.999997, 0.00292026  
132, 27.344, 13.7457, 180.374, 0.999998, 0.00024263, 0.00203598, -0.000242896, 1, 0.000130789, -0.00203595, -0.000131284, 0.999998, 0.00304702  
133, 27.3455, 13.7419, 180.382, 0.999996, -1.36654e-005, 0.00266616, 1.27355e-005, 1, 0.0003488, -0.00266616, -0.000348765, 0.999996, 0.00284648  
134, 27.3525, 13.7354, 180.399, 0.999997, -0.000397265, 0.00242267, 0.000396723, 1, 0.000223969, -0.00242276, -0.000223008, 0.999997, 0.00288004  
135, 27.3418, 13.7536, 180.376, 0.999996, 9.94529e-005, 0.00271571, -0.000103304, 0.999999, 0.001418, -0.00271557, -0.00141828, 0.999995, 0.00283733  
136, 27.3551, 13.7564, 180.379, 0.999996, 0.000207005, 0.00289933, -0.00020835, 1, 0.000463564, -0.00289924, -0.000464166, 0.999996, 0.00282928  
137, 27.3435, 13.7237, 180.381, 0.999996, -0.000320262, 0.00264775, 0.000319855, 1, 0.000154226, -0.0026478, -0.000153379, 0.999996, 0.0028548  
138, 27.3459, 13.7345, 180.385, 0.999995, 0.000175327, 0.00308405, -0.000177401, 1, 0.000672223, -0.00308394, -0.000672767, 0.999995, 0.00287533  
139, 27.3474, 13.7418, 180.379, 0.999995, 0.000596196, 0.00312022, -0.000598513, 1, 0.000741714, -0.00311977, -0.000743578, 0.999995, 0.00287394  
140, 27.3409, 13.7418, 180.366, 0.999995, -0.000206963, 0.00315327, 0.000203438, 0.999999, 0.00111828, -0.0031535, -0.00111763, 0.999994, 0.0028229  
141, 27.361, 13.7635, 180.369, 0.999997, -0.000103328, 0.0026043, 0.000100848, 1, 0.000952318, -0.0026044, -0.000952052, 0.999996, 0.00375185  
142, 27.3492, 13.7682, 180.376, 0.999997, -0.000232931, 0.00238912, 0.000229594, 0.999999, 0.00139702, -0.00238944, -0.00139647, 0.999996, 0.00285563  
143, 27.3524, 13.7823, 180.386, 0.999997, 5.35805e-005, 0.00252311, -5.98868e-005, 0.999997, 0.0024994, -0.00252297, -0.00249954, 0.999994, 0.00379068  
144, 27.3738, 13.8204, 180.384, 0.999996, -9.00999e-005, 0.00267023, 8.1787e-005, 0.999995, 0.00311311, -0.0026705, -0.00311288, 0.999992, 0.00270918  
145, 27.3419, 13.8522, 180.388, 0.999997, 0.00010882, 0.00244378, -0.000119759, 0.99999, 0.00447683, -0.00244326, -0.0044771, 0.999987, 0.00288864  
146, 27.3337, 13.9021, 180.419, 0.999996, 0.000412283, 0.0027809, -0.000428353, 0.999983, 0.00578047, -0.00277847, -0.00578164, 0.999979, 0.0028573  
147, 27.3343, 13.9261, 180.397, 0.999993, 0.000340899, 0.00362862, -0.000369951, 0.999968, 0.00800876, -0.00362578, -0.00801005, 0.999961, 0.00286395  
148, 27.324, 13.9799, 180.409, 0.999993, 0.00017769, 0.0036833, -0.000215548, 0.999947, 0.0102804, -0.00368128, -0.0102811, 0.99994, 0.002834  
149, 27.3201, 14.0132, 180.413, 0.999994, -0.000161277, 0.00357605, 0.000116998, 0.999923, 0.0123788, -0.00357777, -0.0123783, 0.999917, 0.00301207  
150, 27.3318, 14.0886, 180.382, 0.999997, 0.000246046, 0.00232123, -0.000277442, 0.999908, 0.0135349, -0.00231769, -0.0135356, 0.999906, 0.00468274  
151, 27.326, 14.1377, 180.385, 0.999996, 0.000347508, 0.00276883, -0.000392056, 0.99987, 0.0161046, -0.00276287, -0.0161056, 0.999866, 0.00286895  
152, 27.3354, 14.1585, 180.385, 0.999996, 0.000271934, 0.00283987, -0.000321043, 0.99985, 0.0173066, -0.00283474, -0.0173074, 0.999846, 0.0029505  
153, 27.3395, 14.1825, 180.408, 0.999996, 3.05566e-005, 0.00286127, -8.74524e-005, 0.999802, 0.0198868, -0.0028601, -0.0198869, 0.999798, 0.0028229  
154, 27.3338, 14.2287, 180.437, 0.999996, 7.28587e-005, 0.00297388, -0.000136815, 0.999769, 0.0215114, -0.00297162, -0.0215118, 0.999764, 0.00288531  
155, 27.3404, 14.2704, 180.44, 0.999997, 0.000180687, 0.00224567, -0.000232742, 0.999731, 0.0232016, -0.00224088, -0.0232021, 0.999728, 0.00282068  
156, 27.3325, 14.3036, 180.462, 0.999998, -3.11625e-005, 0.00204627, -2.0603e-005, 0.99968, 0.0252926, -0.00204641, -0.0252926, 0.999678, 0.00270474  
157, 27.3107, 14.3645, 180.488, 0.999996, 0.00118274, 0.00269728, -0.00125963, 0.999588, 0.0286861, -0.00266224, -0.0286894, 0.999585, 0.00286368  
158, 27.3029, 14.3671, 180.483, 0.999993, 0.00101971, 0.00366247, -0.00113447, 0.999504, 0.0314695, -0.00362856, -0.0314734, 0.999498, 0.00379567  
159, 27.3059, 14.3993, 180.487, 0.999997, 0.000134667, 0.00251746, -0.000216457, 0.999471, 0.0325168, -0.00251175, -0.0325173, 0.999468, 0.00433823  
160, 27.3059, 14.3797, 180.488, 0.999998, 0.000362475, 0.00200643, -0.000427826, 0.999466, 0.0326665, -0.00199352, -0.0326673, 0.999464, 0.00288087  
161, 27.2869, 14.4234, 180.5, 0.999995, 0.00105343, 0.0029362, -0.00115713, 0.999368, 0.0355421, -0.0028969, -0.0355454, 0.999364, 0.00391023  
162, 27.2939, 14.3984, 180.504, 0.999996, 0.000720773, 0.00256308, -0.000816789, 0.99929, 0.0376595, -0.00253412, -0.0376615, 0.999287, 0.00290861  
163, 27.2924, 14.3879, 180.514, 0.999997, 0.00122327, 0.00206325, -0.00130181, 0.999258, 0.0385026, -0.00201462, -0.0385051, 0.999256, 0.00288809  
164, 27.2866, 14.3788, 180.534, 0.999995, 0.0016662, 0.00250298, -0.00176639, 0.999175, 0.0405736, -0.00243332, -0.0405779, 0.999173, 0.00285924  
165, 27.2784, 14.4159, 180.54, 0.999999, 0.0011956, 0.000440913, -0.001213, 0.999124, 0.0418265, -0.000390519, -0.041827, 0.999125, 0.00300653  
166, 27.2801, 14.4207, 180.536, 0.999999, 0.00125195, -0.000503075, -0.00122826, 0.999003, 0.0446251, 0.000558442, -0.0446244, 0.999004, 0.00296908  
167, 27.2475, 14.4637, 180.558, 0.999999, 0.0010981, 0.000138825, -0.00110337, 0.998919, 0.0464661, -8.76508e-005, -0.0464662, 0.99892, 0.00284315  
168, 27.2158, 14.5155, 180.581, 0.999999, 0.00140779, -0.000190395, -0.00139682, 0.998807, 0.0488027, 0.000258872, -0.0488024, 0.998808, 0.00294523  
169, 27.2286, 14.5628, 180.568, 0.999998, 0.00200053, -0.000537011, -0.00197093, 0.998728, 0.0503903, 0.000637135, -0.0503891, 0.998729, 0.00302234  
170, 27.1892, 14.615, 180.586, 0.999997, 0.00209375, -0.00148151, -0.00201063, 0.998537, 0.0540394, 0.00159249, -0.0540363, 0.998538, 0.00288698  
171, 27.1746, 14.6116, 180.587, 0.999994, 0.00254357, -0.00250281, -0.00240427, 0.998529, 0.0541691, 0.00263691, -0.0541627, 0.998529, 0.00291444  
172, 27.1433, 14.6681, 180.598, 0.999995, 0.0031273, -0.000816572, -0.00307346, 0.99824, 0.0592171, 0.00100032, -0.0592143, 0.998245, 0.0030498  
173, 27.1305, 14.6949, 180.601, 0.999994, 0.00238652, -0.00248881, -0.00222974, 0.998123, 0.0611986, 0.00263019, -0.0611927, 0.998123, 0.00296548  
174, 27.1093, 14.7234, 180.589, 0.999989, 0.00344357, -0.00321549, -0.00323099, 0.997949, 0.0639275, 0.00342904, -0.0639164, 0.997949, 0.00303593  
175, 27.0387, 14.7864, 180.62, 0.999992, 0.00305802, -0.00249187, -0.00288854, 0.997855, 0.0653925, 0.0026865, -0.0653848, 0.997857, 0.003062  
176, 27.0291, 14.7852, 180.635, 0.999988, 0.00284807, -0.0040539, -0.00256587, 0.997683, 0.0679921, 0.00423815, -0.0679809, 0.997678, 0.00301346  
177, 27.0117, 14.771, 180.629, 0.999987, 0.00264082, -0.00425055, -0.00233891, 0.997577, 0.0695311, 0.00442387, -0.0695203, 0.997571, 0.0030767  
178, 27.0002, 14.7417, 180.597, 0.999986, 0.00331211, -0.00422463, -0.00300175, 0.997438, 0.0714666, 0.00445051, -0.0714529, 0.997434, 0.00302234  
179, 26.9439, 14.7357, 180.602, 0.999985, 0.00263866, -0.00474532, -0.00227807, 0.997222, 0.0744513, 0.00492859, -0.0744394, 0.997213, 0.00311249  
180, 26.9406, 14.6971, 180.619, 0.999977, 0.00320629, -0.00592254, -0.00274141, 0.997035, 0.0768998, 0.00615155, -0.0768818, 0.997021, 0.00309945  
181, 26.891, 14.7246, 180.616, 0.999977, 0.00321885, -0.0060033, -0.0027295, 0.996806, 0.0798115, 0.00624103, -0.0797932, 0.996792, 0.00299405  
182, 26.847, 14.6682, 180.625, 0.999972, 0.0038009, -0.00643047, -0.00326623, 0.996692, 0.0812056, 0.00671786, -0.0811823, 0.996677, 0.00304314  
183, 26.8444, 14.5984, 180.628, 0.999974, 0.00318096, -0.00652286, -0.0026319, 0.996586, 0.08252, 0.00676308, -0.0825006, 0.996568, 0.00300542  
184, 26.7967, 14.5549, 180.623, 0.999964, 0.0038207, -0.0075264, -0.00317143, 0.996421, 0.0844641, 0.00782218, -0.0844372, 0.996398, 0.00398041  
185, 26.7516, 14.5078, 180.639, 0.999968, 0.00380806, -0.0071005, -0.00316782, 0.996107, 0.0880951, 0.00740832, -0.0880698, 0.996087, 0.00300209  
186, 26.715, 14.4103, 180.635, 0.999961, 0.00364547, -0.00801474, -0.00290415, 0.99588, 0.0906349, 0.00831212, -0.0906081, 0.995852, 0.00393242  
187, 26.6865, 14.2987, 180.615, 0.999964, 0.00391141, -0.00752522, -0.00320823, 0.99582, 0.0912856, 0.00785081, -0.0912582, 0.995796, 0.0028462  
188, 26.6083, 14.1721, 180.617, 0.999959, 0.00365149, -0.00823195, -0.00285516, 0.995497, 0.0947522, 0.00854087, -0.0947249, 0.995467, 0.00281014  
189, 26.5596, 14.0067, 180.652, 0.999957, 0.0030144, -0.00871767, -0.00215776, 0.995316, 0.0966558, 0.0089682, -0.0966329, 0.99528, 0.0028487  
190, 26.5072, 13.8045, 180.621, 0.999959, 0.00317515, -0.00848249, -0.00231106, 0.994985, 0.100001, 0.00875746, -0.0999768, 0.994951, 0.00278823  
191, 26.4644, 13.6129, 180.63, 0.999968, 0.0028093, -0.00743885, -0.00203392, 0.994755, 0.102262, 0.00768713, -0.102244, 0.99473, 0.00282262  
192, 26.4045, 13.3756, 180.644, 0.999957, 0.00242426, -0.00891691, -0.00150213, 0.994783, 0.102003, 0.00911767, -0.101986, 0.994744, 0.00286395  
193, 26.3072, 13.1129, 180.618, 0.999953, 0.00234745, -0.00943956, -0.0013481, 0.994523, 0.104513, 0.00963319, -0.104495, 0.994479, 0.00280986  
194, 26.2316, 12.837, 180.621, 0.999961, 0.00268163, -0.00845245, -0.00174931, 0.994102, 0.108439, 0.00869339, -0.10842, 0.994067, 0.0028756  
195, 26.1211, 12.5615, 180.634, 0.999959, 0.00249921, -0.00869547, -0.00152282, 0.993871, 0.110533, 0.00891842, -0.110515, 0.993834, 0.00282568  
196, 26.045, 12.1984, 180.62, 0.999946, 0.00189019, -0.0101987, -0.000734428, 0.99369, 0.112159, 0.0103463, -0.112145, 0.993638, 0.0028143  
197, 25.9876, 11.7808, 180.643, 0.99994, 0.00277779, -0.0106249, -0.00157269, 0.99373, 0.111792, 0.0108688, -0.111768, 0.993675, 0.00282984  
198, 25.8618, 11.3287, 180.63, 0.99994, 0.00300752, -0.0105303, -0.00179556, 0.993563, 0.113266, 0.0108031, -0.11324, 0.993509, 0.00276105  
199, 25.7914, 10.8442, 180.614, 0.999932, 0.00375843, -0.0110118, -0.00248047, 0.993495, 0.113848, 0.0113681, -0.113813, 0.993437, 0.00284149  
200, 25.6869, 10.3631, 180.622, 0.999914, 0.00435923, -0.0123365, -0.00293126, 0.993535, 0.113487, 0.0127514, -0.113442, 0.993463, 0.00285868  
201, 25.6093, 9.79526, 180.577, 0.999927, 0.0056273, -0.0106679, -0.00437016, 0.993425, 0.114404, 0.0112416, -0.114349, 0.993377, 0.00285425  
202, 25.5729, 9.16822, 180.578, 0.999898, 0.00653202, -0.0127394, -0.00506436, 0.993694, 0.112014, 0.0133907, -0.111938, 0.993625, 0.00285591  
203, 25.5387, 8.51149, 180.536, 0.999906, 0.00661418, -0.0120047, -0.00521862, 0.993607, 0.11277, 0.0126738, -0.112696, 0.993549, 0.00278379  
204, 25.5401, 7.84624, 180.494, 0.999888, 0.00895248, -0.0119758, -0.00759241, 0.993996, 0.109151, 0.012881, -0.109048, 0.993953, 0.00283982  
205, 25.5493, 7.05372, 180.501, 0.999913, 0.00812373, -0.0103809, -0.00695493, 0.994121, 0.108049, 0.0111976, -0.107968, 0.994091, 0.00282207  
206, 25.6245, 6.26538, 180.486, 0.999897, 0.0098066, -0.0104954, -0.00864696, 0.994398, 0.105342, 0.0114696, -0.105241, 0.994381, 0.00287616  
207, 25.7138, 5.41455, 180.487, 0.99992, 0.00882774, -0.00908062, -0.00783341, 0.994521, 0.104244, 0.0099511, -0.104164, 0.99451, 0.00289918  
208, 25.8355, 4.6804, 180.568, 0.999919, 0.0082428, -0.00972375, -0.00717098, 0.99439, 0.105532, 0.0105391, -0.105453, 0.994368, 0.00282845  
209, 26.0097, 3.94517, 180.669, 0.999891, 0.00769321, -0.0126409, -0.00631368, 0.994371, 0.105762, 0.0133834, -0.10567, 0.994311, 0.00288226  
210, 26.1856, 3.11074, 180.749, 0.999889, 0.00550666, -0.0138251, -0.00400817, 0.99434, 0.106167, 0.0143314, -0.1061, 0.994252, 0.00319043  
211, 26.3897, 2.21248, 180.78, 0.999897, 0.00368767, -0.0139059, -0.00218076, 0.994271, 0.106863, 0.0142203, -0.106821, 0.994177, 0.00393714  
212, 26.5547, 1.18507, 180.772, 0.999935, 0.00333044, -0.0108671, -0.00218192, 0.994571, 0.104037, 0.0111546, -0.104007, 0.994514, 0.00292942  
213, 26.7938, 0.00827238, 180.676, 0.99994, 0.00319049, -0.0104762, -0.00214286, 0.995132, 0.0985306, 0.0107396, -0.0985022, 0.995079, 0.00285425  
214, 26.9179, -1.11625, 180.64, 0.999966, 0.00406457, -0.00722367, -0.00335271, 0.995379, 0.0959622, 0.00758034, -0.0959347, 0.995359, 0.00288975  
215, 27.1302, -2.25012, 180.582, 0.999958, 0.00533017, -0.00743543, -0.00462167, 0.995725, 0.0922485, 0.00789535, -0.0922103, 0.995708, 0.00292415  
216, 27.2592, -3.44904, 180.542, 0.999979, 0.00421732, -0.00499631, -0.00375486, 0.996006, 0.0892044, 0.00535256, -0.0891837, 0.996001, 0.00296742  
217, 27.3749, -4.60084, 180.524, 0.999967, 0.00523279, -0.00628692, -0.00468422, 0.996429, 0.0843078, 0.00670563, -0.0842755, 0.99642, 0.00289946  
218, 27.4461, -5.78447, 180.517, 0.999979, 0.00363887, -0.00543795, -0.00317822, 0.996591, 0.0824429, 0.00571941, -0.0824239, 0.996581, 0.002867  
219, 27.5538, -7.02171, 180.51, 0.999979, 0.00342201, -0.00550809, -0.00298233, 0.996953, 0.0779436, 0.00575803, -0.0779256, 0.996943, 0.00306616  
220, 27.589, -8.16203, 180.46, 0.999983, 0.00345291, -0.00476466, -0.00305801, 0.996747, 0.0805343, 0.00502724, -0.0805183, 0.99674, 0.00291915  
221, 27.6641, -9.48803, 180.423, 0.999986, 0.0040109, -0.00335276, -0.00373873, 0.996979, 0.07758, 0.0036538, -0.0775664, 0.99698, 0.00299848  
222, 27.7328, -10.8339, 180.365, 0.999991, 0.00344352, -0.00260681, -0.00324254, 0.997288, 0.0735302, 0.00285294, -0.0735211, 0.99729, 0.00304813  
223, 27.7321, -12.2503, 180.335, 0.999996, 0.00277482, -7.08003e-005, -0.00276321, 0.997583, 0.069423, 0.000263266, -0.0694225, 0.997587, 0.00300098  
224, 27.8444, -13.6212, 180.254, 0.999991, 0.00365726, -0.00236477, -0.00350181, 0.998027, 0.0626959, 0.0025894, -0.062687, 0.99803, 0.00282568  
225, 27.8373, -14.9907, 180.176, 0.999991, 0.00408693, -0.00111206, -0.00401206, 0.998156, 0.0605745, 0.00135757, -0.0605695, 0.998163, 0.00297629  
226, 27.9698, -16.3797, 180.189, 0.999991, 0.00412604, -0.000758111, -0.00407621, 0.998371, 0.0569156, 0.000991712, -0.056912, 0.998379, 0.00292248  
227, 28.0312, -17.7771, 180.236, 0.99999, 0.00380666, -0.00219237, -0.00368185, 0.998514, 0.0543685, 0.00239607, -0.0543599, 0.998519, 0.00296298  
228, 28.1573, -19.1421, 180.349, 0.999985, 0.00299173, -0.00448183, -0.00276739, 0.998783, 0.0492516, 0.00462372, -0.0492385, 0.998776, 0.00291832  
229, 28.2265, -20.5919, 180.415, 0.99999, 0.00259904, -0.00353821, -0.00243198, 0.998919, 0.0464291, 0.00365506, -0.04642, 0.998915, 0.00365366  
230, 28.2634, -21.9981, 180.435, 0.999992, 0.00293198, -0.00254356, -0.00281598, 0.999007, 0.0444658, 0.0026714, -0.0444583, 0.999008, 0.00291666  
231, 28.3785, -23.4122, 180.438, 0.999993, 0.00344681, -0.00133743, -0.0033912, 0.999211, 0.0395643, 0.00147275, -0.0395595, 0.999216, 0.0029627  
232, 28.4561, -24.9068, 180.395, 0.999991, 0.00375265, -0.00177968, -0.00369147, 0.999441, 0.0332139, 0.00190333, -0.0332071, 0.999447, 0.00287338  
233, 28.511, -26.3713, 180.311, 0.999992, 0.00401925, -0.000879541, -0.00399324, 0.999605, 0.0278065, 0.000990955, -0.0278028, 0.999613, 0.00281486  
234, 28.5819, -27.8639, 180.26, 0.999985, 0.00555142, -0.000316055, -0.0055431, 0.999741, 0.0220532, 0.0004384, -0.0220511, 0.999757, 0.00299682  
235, 28.5747, -29.3072, 180.296, 0.999987, 0.00496976, -0.000699827, -0.00495796, 0.99986, 0.0159567, 0.00077903, -0.015953, 0.999872, 0.00294828  
236, 28.7332, -30.8184, 180.306, 0.999987, 0.0050257, -0.0011107, -0.00501189, 0.999914, 0.0121051, 0.00117145, -0.0120994, 0.999926, 0.00292304  
237, 28.622, -32.2784, 180.594, 0.999993, 0.00105799, -0.00344957, -0.00102636, 0.999958, 0.00915962, 0.00345912, -0.00915602, 0.999952, 0.00296853  
238, 28.8398, -33.6821, 180.62, 0.999998, 0.000213927, -0.00198205, -0.000193387, 0.999946, 0.0103575, 0.00198416, -0.0103571, 0.999944, 0.00388028  
239, 28.9954, -35.3436, 180.605, 0.999995, 0.00134021, -0.00298976, -0.00133426, 0.999997, 0.00199188, 0.00299242, -0.00198788, 0.999994, 0.00284176  
240, 29.1311, -36.88, 180.555, 0.999992, 0.00302192, -0.00259841, -0.00302672, 0.999994, -0.0018423, 0.00259283, 0.00185015, 0.999995, 0.00288004  
241, 29.2111, -38.4304, 180.52, 0.999993, 0.00362825, -0.000664402, -0.00363263, 0.999971, -0.0067173, 0.000640011, 0.00671967, 0.999977, 0.00294939  
242, 29.2975, -39.9828, 180.49, 0.999988, 0.00493623, 0.000677355, -0.00492881, 0.999932, -0.010544, -0.000729357, 0.0105405, 0.999944, 0.00287782  
243, 29.433, -41.5437, 180.381, 0.999966, 0.00737739, 0.00378887, -0.00733536, 0.999913, -0.0109914, -0.00386963, 0.0109632, 0.999932, 0.00294994  
244, 29.5547, -42.9115, 180.351, 0.999984, 0.004729, 0.0031678, -0.00468204, 0.999881, -0.0146703, -0.0032368, 0.0146553, 0.999887, 0.00307254  
245, 29.6354, -44.4794, 180.336, 0.999992, 0.00311086, 0.00249316, -0.00306022, 0.999794, -0.020065, -0.00255507, 0.0200572, 0.999796, 0.00296187  
246, 29.7176, -45.9645, 180.429, 0.999993, 0.00325289, 0.00171908, -0.00321146, 0.999717, -0.0235788, -0.00179529, 0.0235731, 0.999721, 0.00297185  
247, 29.831, -47.3486, 180.432, 0.999995, 0.0011371, 0.00286926, -0.00106212, 0.999661, -0.0260009, -0.00289785, 0.0259977, 0.999658, 0.00287616  
248, 29.9229, -48.6136, 180.456, 0.999999, 0.00107638, 0.00079335, -0.00105371, 0.999606, -0.0280463, -0.000823226, 0.0280454, 0.999606, 0.00312247  
249, 29.9211, -50.1492, 180.474, 0.999999, -0.000630776, 0.00146977, 0.00068007, 0.999429, -0.033783, -0.00144762, 0.0337839, 0.999428, 0.00303676  
250, 29.9289, -51.5608, 180.526, 0.999996, 0.000317375, 0.00282023, -0.000217787, 0.999379, -0.0352425, -0.00282966, 0.0352418, 0.999375, 0.00304481  
251, 29.9004, -52.8958, 180.584, 0.999991, 0.000720453, 0.00422746, -0.000569981, 0.99937, -0.0354877, -0.00425036, 0.0354849, 0.999361, 0.00293358  
252, 29.9186, -54.141, 180.526, 0.999982, 0.00295202, 0.00527106, -0.00275126, 0.999285, -0.0376965, -0.00537857, 0.0376813, 0.999275, 0.00283843  
253, 29.9267, -55.398, 180.541, 0.99998, 0.00190117, 0.0060497, -0.00164575, 0.999118, -0.0419502, -0.00612412, 0.0419394, 0.999101, 0.00278046  
254, 30.0039, -56.4941, 180.541, 0.999981, 0.00360103, 0.00497561, -0.00338019, 0.999039, -0.0437032, -0.0051282, 0.0436855, 0.999032, 0.00286201  
255, 30.0621, -57.6194, 180.471, 0.999974, 0.0044934, 0.00563097, -0.00424123, 0.999022, -0.0440216, -0.00582327, 0.0439966, 0.999015, 0.00309862  
256, 30.1431, -58.7407, 180.445, 0.999975, 0.00568784, 0.00422, -0.00549274, 0.998977, -0.0448843, -0.00447098, 0.04486, 0.998983, 0.00295993  
257, 30.1871, -59.8211, 180.364, 0.999968, 0.0048179, 0.00633076, -0.00454233, 0.999071, -0.0428455, -0.00653131, 0.0428154, 0.999062, 0.00288642  
258, 30.289, -60.7903, 180.325, 0.999972, 0.00487133, 0.00567728, -0.00463186, 0.99913, -0.0414559, -0.00587428, 0.0414285, 0.999124, 0.0029272  
259, 30.2804, -61.8741, 180.34, 0.999972, 0.00502781, 0.0055137, -0.00478273, 0.999038, -0.0435965, -0.00572759, 0.0435689, 0.999034, 0.0030265  
260, 30.4451, -62.8841, 180.297, 0.999972, 0.00493467, 0.00566441, -0.00467853, 0.999004, -0.044374, -0.00587774, 0.0443463, 0.998999, 0.0029014  
261, 30.5583, -63.9541, 180.315, 0.999976, 0.00310715, 0.00611642, -0.00282056, 0.998923, -0.04632, -0.00625375, 0.0463017, 0.998908, 0.00298767  
262, 30.5837, -64.9621, 180.3, 0.999984, 0.00284599, 0.00488889, -0.00260629, 0.998827, -0.048355, -0.00502077, 0.0483414, 0.998818, 0.00282706  
263, 30.7265, -65.9157, 180.267, 0.99998, 0.00331966, 0.00543435, -0.00305141, 0.998811, -0.0486473, -0.00558938, 0.0486298, 0.998801, 0.0029738  
264, 30.769, -66.8851, 180.235, 0.99998, 0.00311967, 0.00558738, -0.00282998, 0.998688, -0.0511262, -0.00573955, 0.0511093, 0.998677, 0.00293163  
265, 30.9127, -67.8929, 180.268, 0.999964, 0.00502456, 0.00680961, -0.00466136, 0.998618, -0.0523419, -0.00706319, 0.0523083, 0.998606, 0.00287865  
266, 30.9449, -68.7042, 180.222, 0.999968, 0.00408864, 0.00686212, -0.00373042, 0.99867, -0.0514274, -0.00706326, 0.0514002, 0.998653, 0.00297796  
267, 31.0637, -69.5479, 180.199, 0.999968, 0.00395478, 0.00688293, -0.00356267, 0.99842, -0.0560757, -0.00709383, 0.0560494, 0.998403, 0.00283511  
268, 31.0761, -70.4238, 180.191, 0.999966, 0.00396463, 0.00728015, -0.00354121, 0.998352, -0.0572807, -0.00749525, 0.0572529, 0.998332, 0.00279877  
269, 31.0701, -71.2987, 180.239, 0.99995, 0.00498119, 0.00871111, -0.00451763, 0.998613, -0.052448, -0.00896028, 0.052406, 0.998586, 0.00295383  
270, 31.1879, -72.238, 180.198, 0.999952, 0.00362086, 0.00909163, -0.00309652, 0.998367, -0.0570384, -0.00928332, 0.0570075, 0.998331, 0.00307199  
271, 31.2127, -73.0384, 180.243, 0.999954, 0.00274496, 0.00916288, -0.00223172, 0.998453, -0.055561, -0.00930122, 0.055538, 0.998413, 0.00292609  
