0, 0, 0, 0, 0, 0, 0, 0, 0, 0, 0, 0, 0, 0.00661608  
1, 0, 0, 0, 0, 0, 0, 0, 0, 0, 0, 0, 0, 0.00303981  
2, 19.7646, 26.6272, 180.15, 0.999657, -0.0239286, 0.0106861, 0.0240621, 0.999632, -0.0125398, -0.0103822, 0.0127926, 0.999864, 0.00262291  
3, 19.7485, 26.594, 180.143, 0.999677, -0.022965, 0.0108568, 0.0231037, 0.999651, -0.0128222, -0.0105585, 0.0130689, 0.999859, 0.00282457  
4, 19.7167, 26.5978, 180.152, 0.999675, -0.0228985, 0.0112111, 0.0230429, 0.999651, -0.0129249, -0.0109112, 0.013179, 0.999854, 0.00269531  
5, 19.7126, 26.6012, 180.144, 0.99969, -0.0227972, 0.0100572, 0.02293, 0.999649, -0.0132927, -0.00975066, 0.0135192, 0.999861, 0.00295272  
6, 19.7384, 26.5973, 180.139, 0.999691, -0.0227314, 0.0100707, 0.0228637, 0.999651, -0.0132144, -0.00976684, 0.0134406, 0.999862, 0.00289946  
7, 19.7196, 26.6186, 180.16, 0.999681, -0.0230002, 0.0104611, 0.0231359, 0.999647, -0.0130421, -0.0101574, 0.01328, 0.99986, 0.00282568  
8, 19.7172, 26.592, 180.147, 0.999679, -0.022646, 0.0113513, 0.0227891, 0.99966, -0.0126392, -0.0110612, 0.0128939, 0.999856, 0.00287283  
9, 19.7062, 26.5847, 180.151, 0.999684, -0.022707, 0.0107779, 0.0228418, 0.99966, -0.0125554, -0.0104892, 0.0127976, 0.999863, 0.00282346  
10, 19.6937, 26.5803, 180.182, 0.999675, -0.023394, 0.0100821, 0.0235288, 0.999632, -0.0134648, -0.00976335, 0.0136977, 0.999859, 0.00291971  
11, 19.6814, 26.5744, 180.145, 0.999668, -0.0229117, 0.0117675, 0.0230715, 0.999641, -0.0136287, -0.011451, 0.0138957, 0.999838, 0.0032043  
12, 19.6986, 26.6177, 180.166, 0.999675, -0.0231989, 0.0105995, 0.0233339, 0.999646, -0.0127972, -0.0102988, 0.0130404, 0.999862, 0.00281208  
13, 19.6752, 26.5758, 180.156, 0.999667, -0.0229281, 0.0118102, 0.0230744, 0.999657, -0.0124057, -0.0115217, 0.0126741, 0.999853, 0.00288282  
14, 19.6798, 26.5777, 180.163, 0.999677, -0.0230841, 0.0105981, 0.0232191, 0.999649, -0.0127947, -0.010299, 0.0130367, 0.999862, 0.00270002  
15, 19.6547, 26.5817, 180.151, 0.999696, -0.0226951, 0.00960944, 0.022835, 0.999631, -0.0147091, -0.00927207, 0.014924, 0.999846, 0.00302511  
16, 19.6596, 26.6178, 180.156, 0.999671, -0.0234284, 0.0104806, 0.0235636, 0.999638, -0.0129715, -0.0101729, 0.0132142, 0.999861, 0.00304092  
17, 19.6612, 26.6112, 180.15, 0.999683, -0.0230049, 0.010269, 0.0231336, 0.999653, -0.0125938, -0.00997569, 0.0128274, 0.999868, 0.00289197  
18, 19.6509, 26.627, 180.148, 0.999688, -0.022875, 0.00998464, 0.0230134, 0.999638, -0.013965, -0.00966158, 0.0141904, 0.999853, 0.00287255  
19, 19.6678, 26.6246, 180.134, 0.999685, -0.0228984, 0.0103214, 0.0230265, 0.999657, -0.0124682, -0.0100324, 0.0127019, 0.999869, 0.00269614  
20, 19.6416, 26.607, 180.165, 0.999661, -0.0235234, 0.0111336, 0.0236539, 0.999651, -0.0117354, -0.0108536, 0.0119948, 0.999869, 0.003685  
21, 19.6378, 26.6452, 180.176, 0.999688, -0.0232841, 0.00908723, 0.0234094, 0.999629, -0.013935, -0.00875939, 0.0141434, 0.999862, 0.00286368  
22, 19.6559, 26.6701, 180.184, 0.999657, -0.0241303, 0.0101619, 0.0242583, 0.999626, -0.0126628, -0.0098525, 0.0129049, 0.999868, 0.00288393  
23, 19.6406, 26.6745, 180.177, 0.999669, -0.0234523, 0.0105774, 0.0235979, 0.999626, -0.013855, -0.0102485, 0.0141001, 0.999848, 0.00275605  
24, 19.668, 26.7145, 180.162, 0.999671, -0.0235356, 0.0102118, 0.0236723, 0.999629, -0.0134747, -0.00989089, 0.013712, 0.999857, 0.00304924  
25, 19.6649, 26.7239, 180.178, 0.999673, -0.0235098, 0.0100835, 0.0236292, 0.99965, -0.011885, -0.00980051, 0.0121194, 0.999879, 0.00323342  
26, 19.6848, 26.7243, 180.157, 0.999647, -0.0238066, 0.0118068, 0.0239465, 0.999643, -0.0118579, -0.0115203, 0.0121364, 0.99986, 0.0027727  
27, 19.6825, 26.7264, 180.164, 0.99968, -0.0230541, 0.010436, 0.0231864, 0.99965, -0.0127395, -0.0101387, 0.0129774, 0.999864, 0.00288087  
28, 19.7145, 26.725, 180.158, 0.999673, -0.0231403, 0.0108753, 0.0232747, 0.999652, -0.0124046, -0.0105844, 0.0126537, 0.999864, 0.00271389  
29, 19.7097, 26.7342, 180.196, 0.999671, -0.0235509, 0.0101965, 0.0236825, 0.999635, -0.0129876, -0.00988688, 0.0132248, 0.999864, 0.00325256  
30, 19.699, 26.7099, 180.162, 0.999671, -0.0234202, 0.0105013, 0.0235598, 0.999633, -0.0133689, -0.0101844, 0.0136119, 0.999855, 0.00310028  
31, 19.6943, 26.7376, 180.177, 0.999671, -0.0235678, 0.0101086, 0.023704, 0.999627, -0.0135716, -0.00978496, 0.0138068, 0.999857, 0.00286506  
32, 19.7036, 26.7256, 180.155, 0.999687, -0.0229014, 0.0100531, 0.0230306, 0.999651, -0.0129361, -0.00975329, 0.0131636, 0.999866, 0.00283289  
33, 19.7012, 26.7196, 180.174, 0.999673, -0.0234633, 0.0102079, 0.0235933, 0.99964, -0.0128057, -0.00990373, 0.0130423, 0.999866, 0.002753  
34, 19.6994, 26.7285, 180.173, 0.999676, -0.0234431, 0.00990521, 0.0235721, 0.999636, -0.0131117, -0.00959423, 0.0133409, 0.999865, 0.0030523  
35, 19.7213, 26.7011, 180.16, 0.999675, -0.0231575, 0.0106672, 0.0232963, 0.999643, -0.0130779, -0.0103605, 0.0133221, 0.999858, 0.00316463  
36, 19.7358, 26.7285, 180.166, 0.999694, -0.0226058, 0.0100467, 0.0227326, 0.999661, -0.0126917, -0.00975644, 0.0129162, 0.999869, 0.00275633  
37, 19.7612, 26.7288, 180.182, 0.999668, -0.0235085, 0.0105799, 0.0236478, 0.999633, -0.0132395, -0.0102647, 0.0134853, 0.999856, 0.00299405  
38, 19.8002, 26.7292, 180.168, 0.999664, -0.0241456, 0.00938171, 0.0242789, 0.999602, -0.0143657, -0.00903111, 0.0145887, 0.999853, 0.00278462  
39, 19.7904, 26.6937, 180.153, 0.999665, -0.0236268, 0.0105824, 0.0237723, 0.999622, -0.0138393, -0.0102514, 0.0140863, 0.999848, 0.00303898  
40, 19.8143, 26.6915, 180.147, 0.99967, -0.0231937, 0.0110673, 0.0233472, 0.99963, -0.0139514, -0.0107397, 0.0142052, 0.999841, 0.00328779  
41, 19.8352, 26.692, 180.144, 0.999671, -0.0230869, 0.0112026, 0.023242, 0.999633, -0.0139195, -0.0108771, 0.0141753, 0.99984, 0.00284759  
42, 19.8839, 26.6972, 180.16, 0.999668, -0.0234031, 0.0108171, 0.0235511, 0.999628, -0.0137672, -0.0104908, 0.0140173, 0.999847, 0.00290417  
43, 19.8953, 26.7333, 180.162, 0.999693, -0.0227595, 0.00977246, 0.0228989, 0.999634, -0.0143942, -0.00944128, 0.0146136, 0.999849, 0.00275106  
44, 19.8996, 26.6988, 180.156, 0.999665, -0.0230218, 0.011791, 0.023171, 0.999651, -0.0126706, -0.0114952, 0.0129396, 0.99985, 0.0029308  
45, 19.8942, 26.6801, 180.135, 0.999668, -0.0225382, 0.0124615, 0.022708, 0.999649, -0.0136533, -0.0121494, 0.0139317, 0.999829, 0.00299155  
46, 19.9697, 26.6709, 180.15, 0.999669, -0.0228001, 0.0118966, 0.0229447, 0.999663, -0.0121638, -0.0116153, 0.0124327, 0.999855, 0.00279683  
47, 19.9511, 26.6944, 180.169, 0.999663, -0.0230693, 0.0119298, 0.023223, 0.999647, -0.0129084, -0.0116278, 0.0131811, 0.999846, 0.00291832  
48, 19.995, 26.6407, 180.143, 0.999664, -0.0230196, 0.0118856, 0.0231799, 0.99964, -0.0135286, -0.0115699, 0.0137995, 0.999838, 0.00275578  
49, 20.0096, 26.6603, 180.163, 0.999659, -0.0230748, 0.0122259, 0.0232306, 0.999649, -0.0127618, -0.0119272, 0.0130415, 0.999844, 0.00315881  
50, 20.0404, 26.6506, 180.128, 0.999664, -0.0229415, 0.0120665, 0.0230976, 0.999649, -0.0129615, -0.0117649, 0.0132358, 0.999843, 0.00345921  
51, 20.0537, 26.6502, 180.142, 0.999651, -0.0227501, 0.013409, 0.022914, 0.999663, -0.0121933, -0.013127, 0.0124963, 0.999836, 0.00274468  
52, 20.0649, 26.6692, 180.149, 0.99966, -0.0227807, 0.0126916, 0.0229499, 0.999647, -0.0133495, -0.012383, 0.0136362, 0.99983, 0.00297823  
53, 20.0895, 26.6751, 180.143, 0.999666, -0.0226962, 0.0123457, 0.0228649, 0.999645, -0.0137019, -0.0120303, 0.0139796, 0.99983, 0.00278296  
54, 20.1071, 26.6727, 180.151, 0.999665, -0.0227176, 0.012381, 0.022884, 0.999647, -0.0134696, -0.0120706, 0.0137484, 0.999833, 0.00305951  
55, 20.1085, 26.671, 180.178, 0.999633, -0.0236815, 0.0131814, 0.0238525, 0.999631, -0.0129677, -0.0128695, 0.0132774, 0.999829, 0.00314078  
56, 20.1357, 26.6526, 180.15, 0.999663, -0.0230472, 0.0119511, 0.0232098, 0.999637, -0.0136459, -0.0116323, 0.0139187, 0.999835, 0.00279156  
57, 20.1088, 26.6631, 180.116, 0.999678, -0.0223467, 0.0120418, 0.022508, 0.999656, -0.0134347, -0.0117374, 0.0137014, 0.999837, 0.00276909  
58, 20.1683, 26.6863, 180.122, 0.999687, -0.0229929, 0.00981428, 0.0231268, 0.999638, -0.0137581, -0.00949439, 0.0139807, 0.999857, 0.00272804  
59, 20.1284, 26.6544, 180.142, 0.999663, -0.0225985, 0.0127468, 0.0227554, 0.999665, -0.0122972, -0.0124646, 0.0125831, 0.999843, 0.00303149  
60, 20.1072, 26.6694, 180.135, 0.999649, -0.0235651, 0.0121021, 0.0237186, 0.999638, -0.0126995, -0.0117984, 0.0129821, 0.999846, 0.003105  
61, 20.1161, 26.6662, 180.115, 0.999661, -0.0228997, 0.0123822, 0.0230627, 0.999647, -0.0131794, -0.012076, 0.0134605, 0.999836, 0.00285591  
62, 20.0959, 26.6546, 180.132, 0.999647, -0.0232037, 0.0129083, 0.0233721, 0.999642, -0.0130572, -0.0126007, 0.0133543, 0.999831, 0.00306228  
63, 20.0829, 26.6831, 180.154, 0.999653, -0.023216, 0.0124692, 0.0233869, 0.999632, -0.0137444, -0.0121455, 0.0140312, 0.999828, 0.00280765  
64, 20.0815, 26.7074, 180.165, 0.999654, -0.0230301, 0.0127208, 0.0232026, 0.999639, -0.0135758, -0.0124036, 0.0138663, 0.999827, 0.00311332  
65, 20.0563, 26.6906, 180.179, 0.999622, -0.0241091, 0.013241, 0.0242735, 0.999628, -0.0123966, -0.0129372, 0.0127133, 0.999835, 0.00316852  
66, 20.0248, 26.6778, 180.121, 0.999651, -0.0229704, 0.0130473, 0.0231477, 0.99964, -0.0136021, -0.0127301, 0.0138994, 0.999822, 0.00277436  
67, 20.009, 26.6699, 180.124, 0.999645, -0.0231107, 0.0132363, 0.0232855, 0.999642, -0.0132107, -0.0129263, 0.0135143, 0.999825, 0.00283705  
68, 19.9789, 26.6695, 180.157, 0.999649, -0.0233097, 0.0125751, 0.0234739, 0.999639, -0.0130715, -0.0122659, 0.0133621, 0.999835, 0.00273109  
69, 19.9726, 26.6932, 180.132, 0.999649, -0.0231307, 0.0128969, 0.0232864, 0.999656, -0.0120556, -0.0126136, 0.0123517, 0.999844, 0.00308558  
70, 19.9698, 26.6923, 180.144, 0.999665, -0.0231222, 0.0115896, 0.0232671, 0.999651, -0.0125347, -0.0112957, 0.0128002, 0.999854, 0.00314716  
71, 19.9576, 26.7186, 180.146, 0.999676, -0.0228383, 0.0112764, 0.0229923, 0.999642, -0.0137178, -0.010959, 0.0139726, 0.999842, 0.00274829  
72, 19.9265, 26.7307, 180.148, 0.99969, -0.0225505, 0.0105384, 0.0226942, 0.999648, -0.0137143, -0.0102255, 0.0139492, 0.99985, 0.00301624  
73, 19.8974, 26.7208, 180.166, 0.999665, -0.023033, 0.011836, 0.023195, 0.999637, -0.0137357, -0.0115153, 0.0140056, 0.999836, 0.0026892  
74, 19.8792, 26.7334, 180.172, 0.999661, -0.0232575, 0.0117206, 0.0234191, 0.99963, -0.0138399, -0.0113944, 0.0141097, 0.999836, 0.00294412  
75, 19.8721, 26.7286, 180.193, 0.999657, -0.0236556, 0.011279, 0.0238096, 0.999622, -0.0137145, -0.0109503, 0.0139783, 0.999842, 0.00308586  
76, 19.8451, 26.7149, 180.163, 0.99967, -0.0227097, 0.0119674, 0.0228743, 0.999643, -0.0137971, -0.0116498, 0.0140663, 0.999833, 0.00274135  
77, 19.8531, 26.7378, 180.182, 0.999679, -0.0227962, 0.0110644, 0.0229415, 0.99965, -0.0131913, -0.0107598, 0.0134409, 0.999852, 0.00306062  
78, 19.8608, 26.7294, 180.195, 0.999663, -0.0234057, 0.0112579, 0.0235421, 0.999649, -0.0121375, -0.0109699, 0.0123985, 0.999863, 0.00269281  
79, 19.824, 26.7273, 180.152, 0.999681, -0.022845, 0.0107878, 0.0229991, 0.999632, -0.0143849, -0.0104552, 0.0146284, 0.999838, 0.00325728  
80, 19.8336, 26.7497, 180.178, 0.999684, -0.0229331, 0.0102761, 0.0230761, 0.999635, -0.0140202, -0.0099508, 0.0142529, 0.999849, 0.00294495  
81, 19.8295, 26.7374, 180.178, 0.999674, -0.0233, 0.0104105, 0.023439, 0.999635, -0.0134342, -0.0100937, 0.0136738, 0.999856, 0.00272027  
82, 19.8138, 26.7334, 180.161, 0.999688, -0.0228728, 0.0100828, 0.0230099, 0.999641, -0.0136935, -0.00976599, 0.0139212, 0.999855, 0.0027727  
83, 19.8149, 26.6952, 180.151, 0.999681, -0.0228394, 0.0107427, 0.0229826, 0.999646, -0.0133944, -0.0104329, 0.0136371, 0.999853, 0.00273331  
84, 19.8096, 26.7111, 180.175, 0.999678, -0.0230251, 0.0106499, 0.023165, 0.999644, -0.0132014, -0.0103422, 0.0134439, 0.999856, 0.00314577  
85, 19.8133, 26.6931, 180.152, 0.999657, -0.0240509, 0.010405, 0.0241875, 0.99962, -0.0132046, -0.0100835, 0.0134517, 0.999859, 0.00290279  
86, 19.8115, 26.7066, 180.171, 0.999666, -0.0235683, 0.0105887, 0.0237087, 0.99963, -0.0133281, -0.0102707, 0.0135747, 0.999855, 0.00276216  
87, 19.8119, 26.6988, 180.184, 0.999665, -0.0234422, 0.0109801, 0.0235834, 0.999638, -0.012914, -0.0106734, 0.0131686, 0.999856, 0.0027824  
88, 19.7959, 26.7125, 180.195, 0.99968, -0.0227975, 0.0109684, 0.0229393, 0.999653, -0.01298, -0.0106687, 0.0132275, 0.999856, 0.00286007  
89, 19.7958, 26.6789, 180.163, 0.999682, -0.022488, 0.0114474, 0.0226405, 0.999654, -0.0133741, -0.0111427, 0.013629, 0.999845, 0.00281652  
90, 19.7828, 26.6881, 180.198, 0.999663, -0.023516, 0.0110086, 0.0236559, 0.999639, -0.0127593, -0.0107045, 0.0130154, 0.999858, 0.0029419  
91, 19.7756, 26.6814, 180.187, 0.999655, -0.0235793, 0.0115753, 0.0237256, 0.999638, -0.0126678, -0.0112724, 0.012938, 0.999853, 0.00281458  
92, 19.8109, 26.682, 180.177, 0.999659, -0.0236855, 0.0109615, 0.0238263, 0.999633, -0.012899, -0.010652, 0.0131558, 0.999857, 0.00282651  
93, 19.8053, 26.6659, 180.195, 0.999675, -0.0229287, 0.0111599, 0.023075, 0.999647, -0.0131576, -0.0108543, 0.0134108, 0.999851, 0.00280792  
94, 19.8184, 26.6637, 180.165, 0.999696, -0.0222354, 0.0106288, 0.0223778, 0.999659, -0.0134688, -0.0103257, 0.0137025, 0.999853, 0.00283372  
95, 19.8411, 26.6523, 180.21, 0.999669, -0.0228324, 0.011842, 0.0229852, 0.999652, -0.012933, -0.0115426, 0.013201, 0.999846, 0.00260377  
96, 19.8545, 26.6689, 180.184, 0.999663, -0.0233495, 0.0113436, 0.0234952, 0.999641, -0.0128868, -0.0110386, 0.013149, 0.999853, 0.00271334  
97, 19.83, 26.6386, 180.174, 0.999666, -0.0229615, 0.0118572, 0.0231175, 0.999646, -0.0131974, -0.0115499, 0.0134671, 0.999843, 0.0030387  
98, 19.8421, 26.6486, 180.182, 0.999671, -0.0230712, 0.0112515, 0.0232228, 0.999639, -0.0135347, -0.0109352, 0.0137916, 0.999845, 0.00325922  
99, 19.8606, 26.6458, 180.159, 0.999671, -0.0229907, 0.0113936, 0.0231313, 0.999656, -0.0123676, -0.0111053, 0.0126271, 0.999859, 0.0027261  
100, 19.8807, 26.6565, 180.167, 0.999678, -0.0228251, 0.0110919, 0.0229671, 0.999654, -0.0128433, -0.0107949, 0.0130939, 0.999856, 0.00282013  
101, 19.8916, 26.6619, 180.179, 0.999683, -0.0226663, 0.0109938, 0.0228096, 0.999654, -0.013087, -0.0106933, 0.0133336, 0.999854, 0.00278268  
102, 19.8928, 26.6576, 180.169, 0.999675, -0.0225889, 0.0117994, 0.0227415, 0.999657, -0.0129662, -0.0115025, 0.0132304, 0.999846, 0.00305424  
103, 19.8875, 26.6437, 180.17, 0.999652, -0.0234267, 0.0121376, 0.0235848, 0.999637, -0.0130516, -0.0118274, 0.0133333, 0.999841, 0.00287838  
104, 19.9354, 26.6758, 180.185, 0.999667, -0.0231037, 0.0115055, 0.0232502, 0.999648, -0.0127608, -0.0112066, 0.0130241, 0.999852, 0.00278462  
105, 19.9498, 26.6611, 180.184, 0.999666, -0.0230374, 0.0116736, 0.0231895, 0.999646, -0.0130627, -0.0113685, 0.013329, 0.999847, 0.00305812  
106, 19.9736, 26.6656, 180.174, 0.999663, -0.0231092, 0.0117986, 0.0232673, 0.999639, -0.0134474, -0.0114835, 0.0137174, 0.99984, 0.00290612  
107, 19.975, 26.6525, 180.161, 0.999655, -0.0227792, 0.0130977, 0.0229475, 0.999654, -0.0128471, -0.0128006, 0.0131432, 0.999832, 0.00301429  
108, 19.9961, 26.6679, 180.176, 0.999664, -0.022677, 0.0125423, 0.0228292, 0.999666, -0.0121274, -0.0122631, 0.0124096, 0.999848, 0.00297574  
109, 20.0161, 26.6848, 180.169, 0.999652, -0.02347, 0.0120443, 0.0236271, 0.999635, -0.0130714, -0.0117331, 0.0133514, 0.999842, 0.00274718  
110, 20.0231, 26.6791, 180.176, 0.999656, -0.0228192, 0.0129556, 0.0229981, 0.99964, -0.0138323, -0.0126353, 0.0141255, 0.99982, 0.00288559  
111, 20.0268, 26.7015, 180.153, 0.999667, -0.0229363, 0.0118338, 0.0230937, 0.999644, -0.0133429, -0.0115235, 0.0136118, 0.999841, 0.00285591  
112, 20.0636, 26.6968, 180.156, 0.999666, -0.0226964, 0.012321, 0.0228542, 0.999657, -0.012825, -0.0120257, 0.0131024, 0.999842, 0.00306866  
113, 20.0629, 26.7025, 180.156, 0.999653, -0.0227058, 0.013388, 0.022872, 0.999662, -0.0123956, -0.013102, 0.0126975, 0.999834, 0.00314993  
114, 20.0719, 26.7022, 180.162, 0.999672, -0.0223675, 0.012448, 0.0225236, 0.999668, -0.0125432, -0.0121633, 0.0128195, 0.999844, 0.00277852  
115, 20.0956, 26.7569, 180.181, 0.999655, -0.023351, 0.0120056, 0.0235068, 0.999639, -0.0130055, -0.0116976, 0.0132832, 0.999843, 0.00287061  
116, 20.0994, 26.7257, 180.178, 0.999627, -0.0234771, 0.0139803, 0.0236422, 0.999651, -0.0117672, -0.0136992, 0.0120933, 0.999833, 0.00292609  
117, 20.106, 26.7253, 180.169, 0.999643, -0.023168, 0.0133446, 0.0233301, 0.999654, -0.0121242, -0.0130591, 0.0124312, 0.999837, 0.00310749  
118, 20.0757, 26.7354, 180.155, 0.999639, -0.0233714, 0.013245, 0.0235423, 0.99964, -0.0128942, -0.0129389, 0.0132013, 0.999829, 0.00300986  
119, 20.0706, 26.7342, 180.175, 0.999637, -0.0234704, 0.0132646, 0.023632, 0.999647, -0.0121637, -0.0129744, 0.0124728, 0.999838, 0.00283538  
120, 20.0517, 26.7533, 180.169, 0.999652, -0.0230547, 0.0128018, 0.0232169, 0.99965, -0.0126646, -0.0125054, 0.0129575, 0.999838, 0.00289502  
121, 20.0584, 26.7446, 180.161, 0.999647, -0.0232863, 0.0127742, 0.0234441, 0.999649, -0.012349, -0.0124822, 0.0126441, 0.999842, 0.00273137  
122, 20.0518, 26.7459, 180.175, 0.999657, -0.0229632, 0.0125663, 0.0231213, 0.999654, -0.0125775, -0.0122732, 0.0128637, 0.999842, 0.00306977  
123, 20.0331, 26.7379, 180.191, 0.999651, -0.0233972, 0.0122811, 0.0235435, 0.999652, -0.0119021, -0.0119984, 0.0121871, 0.999854, 0.00293635  
124, 20.0258, 26.7508, 180.196, 0.999648, -0.0235121, 0.012282, 0.0236749, 0.999631, -0.0132808, -0.0119652, 0.0135669, 0.999836, 0.00273553  
125, 20.0142, 26.7223, 180.161, 0.999642, -0.0234, 0.012944, 0.0235692, 0.999637, -0.0130777, -0.0126333, 0.0133781, 0.999831, 0.00297352  
126, 20.0148, 26.7224, 180.184, 0.999654, -0.0234343, 0.011927, 0.0235873, 0.999639, -0.0128574, -0.0116214, 0.0131343, 0.999846, 0.00283289  
127, 19.979, 26.7043, 180.154, 0.999648, -0.0231951, 0.0128445, 0.0233614, 0.999643, -0.0129553, -0.0125394, 0.0132508, 0.999834, 0.00290861  
128, 19.9761, 26.7093, 180.16, 0.999644, -0.0237351, 0.0122003, 0.0238881, 0.999636, -0.0125513, -0.0118979, 0.0128383, 0.999847, 0.0032251  
129, 19.9448, 26.7099, 180.161, 0.999673, -0.0227786, 0.011594, 0.0229353, 0.999645, -0.0135628, -0.0112809, 0.0138243, 0.999841, 0.00287588  
130, 19.9642, 26.7344, 180.174, 0.999658, -0.0236799, 0.0110911, 0.0238226, 0.999633, -0.0129202, -0.0107811, 0.01318, 0.999855, 0.00290306  
131, 19.9253, 26.7157, 180.171, 0.999665, -0.0233401, 0.0111835, 0.0234849, 0.99964, -0.0129978, -0.0108761, 0.0132561, 0.999853, 0.0028401  
132, 19.9299, 26.7203, 180.171, 0.99968, -0.0229152, 0.0107213, 0.0230489, 0.999656, -0.0125199, -0.0104307, 0.012763, 0.999864, 0.00301207  
133, 19.9119, 26.6956, 180.165, 0.999675, -0.023006, 0.0109527, 0.023155, 0.999638, -0.0136761, -0.0106341, 0.0139253, 0.999846, 0.00305008  
134, 19.8997, 26.7198, 180.185, 0.999662, -0.0236353, 0.0108205, 0.0237882, 0.999616, -0.0142223, -0.0104802, 0.0144749, 0.99984, 0.00281624  
135, 19.8783, 26.69, 180.157, 0.999697, -0.0223196, 0.0103414, 0.0224703, 0.999639, -0.0146974, -0.0100096, 0.0149253, 0.999839, 0.0029308  
136, 19.8757, 26.6964, 180.178, 0.99966, -0.0235458, 0.0111995, 0.0237042, 0.999618, -0.0142256, -0.0108603, 0.0144862, 0.999836, 0.00290057  
137, 19.8764, 26.6844, 180.134, 0.999677, -0.0228725, 0.0110415, 0.0230268, 0.999636, -0.0140541, -0.010716, 0.0143039, 0.99984, 0.00302872  
138, 19.8593, 26.6762, 180.178, 0.99965, -0.023749, 0.0116382, 0.0239062, 0.999622, -0.0135523, -0.0113119, 0.0138258, 0.99984, 0.00317046  
139, 19.8608, 26.6761, 180.157, 0.999686, -0.0225805, 0.010876, 0.0227276, 0.999649, -0.0135988, -0.0105652, 0.0138417, 0.999848, 0.00277963  
140, 19.8448, 26.6758, 180.168, 0.999675, -0.0228462, 0.0113354, 0.0229921, 0.999652, -0.0129155, -0.0110364, 0.0131719, 0.999852, 0.00296603  
141, 19.8619, 26.7259, 180.158, 0.999692, -0.0223394, 0.0107906, 0.0224608, 0.999684, -0.0112662, -0.0105355, 0.0115051, 0.999878, 0.00286978  
142, 19.8289, 26.7526, 180.177, 0.99967, -0.0229898, 0.0114527, 0.0231115, 0.999677, -0.0106164, -0.0112049, 0.0108776, 0.999878, 0.00304647  
143, 19.8195, 26.7736, 180.164, 0.999689, -0.0224486, 0.0108692, 0.022566, 0.999687, -0.0107939, -0.0106235, 0.0110359, 0.999883, 0.00307976  
144, 19.8015, 26.7762, 180.176, 0.999678, -0.0227137, 0.0112898, 0.0228177, 0.999698, -0.00917362, -0.011078, 0.00942827, 0.999894, 0.00295133  
145, 19.7992, 26.8209, 180.178, 0.999669, -0.0234361, 0.010598, 0.0235306, 0.999684, -0.00888672, -0.0103864, 0.00913316, 0.999904, 0.0029824  
146, 19.8355, 26.824, 180.166, 0.999677, -0.0228043, 0.0111894, 0.0228712, 0.999721, -0.00588168, -0.0110521, 0.0061357, 0.99992, 0.00272277  
147, 19.8407, 26.8584, 180.17, 0.999656, -0.0234978, 0.0116182, 0.0235426, 0.999716, -0.00373119, -0.0115273, 0.00400343, 0.999926, 0.00312219  
148, 19.8239, 26.8854, 180.164, 0.999667, -0.022725, 0.0121954, 0.0227461, 0.99974, -0.0015951, -0.012156, 0.00187197, 0.999924, 0.00301762  
149, 19.8427, 26.9216, 180.158, 0.999681, -0.0226693, 0.0111062, 0.0226848, 0.999742, -0.00127869, -0.0110744, 0.00153022, 0.999938, 0.00290279  
150, 19.8354, 26.9407, 180.182, 0.999662, -0.0228575, 0.012372, 0.022848, 0.999739, 0.000913543, -0.0123897, -0.000630559, 0.999923, 0.00304592  
151, 19.8472, 26.9789, 180.167, 0.999685, -0.022454, 0.0111978, 0.0224265, 0.999745, 0.00257609, -0.0112528, -0.00232415, 0.999934, 0.00290972  
152, 19.8238, 27.0024, 180.234, 0.999651, -0.0232348, 0.0125488, 0.0231694, 0.999717, 0.00533093, -0.0126691, -0.00503832, 0.999907, 0.00314355  
153, 19.8462, 27.0023, 180.209, 0.999681, -0.0223277, 0.011804, 0.0222544, 0.999732, 0.00630286, -0.0119416, -0.00603816, 0.99991, 0.0030584  
154, 19.8473, 27.067, 180.245, 0.999676, -0.0229414, 0.0110288, 0.0228668, 0.999715, 0.00684494, -0.0111827, -0.00659052, 0.999916, 0.00273137  
155, 19.8486, 27.055, 180.255, 0.999689, -0.0219759, 0.0118212, 0.0218436, 0.999699, 0.0112054, -0.0120639, -0.0109437, 0.999867, 0.00266258  
156, 19.8288, 27.0622, 180.295, 0.99968, -0.022694, 0.0111511, 0.022567, 0.999681, 0.0113816, -0.0114058, -0.0111263, 0.999873, 0.00291777  
157, 19.854, 27.0611, 180.294, 0.999681, -0.0224169, 0.0115994, 0.022246, 0.999645, 0.0146588, -0.0119239, -0.0143961, 0.999825, 0.0029161  
158, 19.8384, 27.0745, 180.264, 0.999669, -0.022216, 0.0129754, 0.0219887, 0.999607, 0.0174057, -0.013357, -0.0171146, 0.999764, 0.00294606  
159, 19.8664, 27.1199, 180.305, 0.999682, -0.0222305, 0.0119301, 0.0220228, 0.999608, 0.0172702, -0.0123093, -0.017002, 0.99978, 0.00274773  
160, 19.8569, 27.1061, 180.359, 0.999677, -0.0226252, 0.0115421, 0.0223849, 0.999538, 0.0205423, -0.0120016, -0.0202773, 0.999722, 0.00296215  
161, 19.8389, 27.0558, 180.357, 0.999681, -0.0219088, 0.0125605, 0.0216201, 0.999509, 0.0226826, -0.0130513, -0.0224038, 0.999664, 0.00294439  
162, 19.8465, 27.0555, 180.375, 0.999675, -0.0222111, 0.0125315, 0.0218803, 0.999424, 0.0259421, -0.0131005, -0.0256594, 0.999585, 0.00316297  
163, 19.8329, 27.043, 180.411, 0.999671, -0.0224406, 0.0123828, 0.0220886, 0.999368, 0.0278688, -0.0130004, -0.0275861, 0.999535, 0.00298212  
164, 19.8566, 27.0804, 180.446, 0.999706, -0.0214303, 0.0113724, 0.0210992, 0.999372, 0.0284766, -0.0119755, -0.0282283, 0.99953, 0.00294911  
165, 19.8572, 27.081, 180.479, 0.999702, -0.0218308, 0.0109422, 0.0214735, 0.999265, 0.0317692, -0.0116277, -0.0315248, 0.999435, 0.00297823  
166, 19.8536, 27.0835, 180.491, 0.999664, -0.0229072, 0.0121511, 0.0224763, 0.999152, 0.0344856, -0.0129307, -0.0342009, 0.999331, 0.00295161  
167, 19.8502, 27.0445, 180.507, 0.999696, -0.0220569, 0.0110365, 0.0216412, 0.999101, 0.036466, -0.0118309, -0.036216, 0.999274, 0.00290806  
168, 19.8407, 26.989, 180.516, 0.999666, -0.0228346, 0.0121273, 0.0223256, 0.998927, 0.0405672, -0.0130406, -0.0402829, 0.999103, 0.00303177  
169, 19.8557, 26.9545, 180.535, 0.9997, -0.0225197, 0.00960479, 0.0221121, 0.99893, 0.0406179, -0.0105092, -0.0403933, 0.999129, 0.002791  
170, 19.8326, 26.9119, 180.545, 0.999694, -0.0225972, 0.0100372, 0.02215, 0.998845, 0.0426286, -0.0109889, -0.0423932, 0.999041, 0.00304869  
171, 19.8244, 26.9216, 180.584, 0.999679, -0.0233971, 0.00974679, 0.0229276, 0.998688, 0.0457835, -0.0108052, -0.0455454, 0.998904, 0.00276437  
172, 19.7825, 26.8457, 180.566, 0.999683, -0.0230704, 0.0100942, 0.0225483, 0.998539, 0.0491009, -0.0112123, -0.0488577, 0.998743, 0.00318544  
173, 19.7197, 26.798, 180.58, 0.999705, -0.0225659, 0.00895703, 0.0220854, 0.998478, 0.0505387, -0.0100838, -0.050326, 0.998682, 0.00311942  
174, 19.7081, 26.7216, 180.599, 0.999704, -0.0230986, 0.0076892, 0.0226648, 0.99837, 0.0523824, -0.00888663, -0.0521926, 0.998597, 0.0029946  
175, 19.7016, 26.6029, 180.565, 0.999719, -0.0226857, 0.00689543, 0.0222757, 0.998258, 0.0546351, -0.00812285, -0.0544661, 0.998483, 0.00285258  
176, 19.7006, 26.4964, 180.591, 0.999721, -0.0225788, 0.0069179, 0.022162, 0.998222, 0.0553387, -0.00815508, -0.0551699, 0.998444, 0.00295022  
177, 19.6651, 26.3698, 180.623, 0.999709, -0.0236593, 0.00469118, 0.0233628, 0.998186, 0.0554874, -0.00599546, -0.0553616, 0.998448, 0.00296326  
178, 19.6407, 26.2015, 180.597, 0.999729, -0.0223497, 0.00650308, 0.0219337, 0.998062, 0.0582323, -0.00779196, -0.0580738, 0.998282, 0.00314022  
179, 19.6539, 26.1277, 180.625, 0.99972, -0.023061, 0.00521798, 0.0227076, 0.997948, 0.0598683, -0.0065879, -0.0597331, 0.998193, 0.0028695  
180, 19.6416, 25.9626, 180.624, 0.999721, -0.0230652, 0.00510107, 0.0227046, 0.997815, 0.0620421, -0.00652094, -0.0619089, 0.998061, 0.00288226  
181, 19.6515, 25.8647, 180.578, 0.999731, -0.0229119, 0.00367191, 0.0226359, 0.997764, 0.0628781, -0.00510436, -0.0627781, 0.998014, 0.00276216  
182, 19.6142, 25.6379, 180.58, 0.999723, -0.022874, 0.00547911, 0.0224549, 0.99749, 0.0671483, -0.0070013, -0.0670067, 0.997728, 0.00291832  
183, 19.6273, 25.4078, 180.566, 0.999717, -0.0233286, 0.00471445, 0.0229654, 0.99754, 0.0662337, -0.00624799, -0.0661067, 0.997793, 0.00299238  
184, 19.6173, 25.1401, 180.557, 0.999717, -0.0234188, 0.00409479, 0.0230987, 0.997564, 0.0658158, -0.00562614, -0.0657026, 0.997823, 0.00287449  
185, 19.5751, 24.8484, 180.565, 0.999716, -0.0234966, 0.00387669, 0.0231898, 0.99755, 0.0659945, -0.00541785, -0.0658859, 0.997812, 0.00285064  
186, 19.5424, 24.4893, 180.566, 0.999705, -0.0238141, 0.00469959, 0.0234538, 0.997558, 0.0657813, -0.00625464, -0.0656517, 0.997823, 0.00282429  
187, 19.5123, 24.1018, 180.577, 0.999718, -0.0233434, 0.00428411, 0.023003, 0.997474, 0.0672051, -0.00584208, -0.0670876, 0.99773, 0.00302844  
188, 19.5119, 23.7392, 180.527, 0.99972, -0.0232796, 0.00418678, 0.0229504, 0.997528, 0.066419, -0.00572264, -0.0663043, 0.997783, 0.00301984  
189, 19.504, 23.3991, 180.535, 0.999717, -0.0234685, 0.00388523, 0.0231465, 0.99737, 0.0686785, -0.0054868, -0.0685692, 0.997631, 0.00286811  
190, 19.4907, 23.0125, 180.523, 0.99972, -0.0233958, 0.00344088, 0.0230938, 0.997224, 0.0707836, -0.00508737, -0.0706843, 0.997486, 0.00290501  
191, 19.4447, 22.6252, 180.516, 0.999727, -0.0228828, 0.00473876, 0.0224832, 0.997158, 0.0718997, -0.00637056, -0.0717736, 0.997401, 0.00274024  
192, 19.5125, 22.1299, 180.489, 0.999749, -0.0221848, 0.00297585, 0.0219215, 0.997295, 0.0701588, -0.00452426, -0.070076, 0.997531, 0.00301818  
193, 19.5273, 21.6569, 180.514, 0.999753, -0.0218713, 0.00396299, 0.0215348, 0.997241, 0.0710396, -0.00550578, -0.0709367, 0.997466, 0.00306395  
194, 19.5669, 21.0715, 180.521, 0.999766, -0.0210685, 0.00488254, 0.0206675, 0.997245, 0.0712408, -0.00637003, -0.0711232, 0.997447, 0.00284592  
195, 19.6427, 20.5664, 180.545, 0.999785, -0.0204816, 0.00321197, 0.020204, 0.997302, 0.070568, -0.00464865, -0.0704879, 0.997502, 0.00286423  
196, 19.7061, 19.9524, 180.554, 0.999771, -0.0207891, 0.0050797, 0.0203701, 0.997201, 0.0719438, -0.00656112, -0.0718239, 0.997396, 0.00278989  
197, 19.7895, 19.2858, 180.584, 0.999774, -0.0204475, 0.00575385, 0.0199968, 0.997365, 0.0697339, -0.00716457, -0.0696032, 0.997549, 0.00308059  
198, 19.909, 18.651, 180.577, 0.999767, -0.0207318, 0.00594223, 0.0202701, 0.997386, 0.0693616, -0.00736469, -0.069225, 0.997574, 0.00319598  
199, 19.9784, 18.0934, 180.602, 0.999755, -0.0213545, 0.00579344, 0.0208882, 0.997242, 0.0712162, -0.00729825, -0.0710777, 0.997444, 0.00274607  
200, 20.0359, 17.4946, 180.616, 0.999753, -0.0217488, 0.00451533, 0.0213621, 0.997111, 0.072889, -0.00608754, -0.0727745, 0.99733, 0.00288226  
201, 20.0674, 16.8139, 180.68, 0.999731, -0.0227838, 0.00428703, 0.0224031, 0.99699, 0.074223, -0.00596521, -0.074107, 0.997232, 0.00268227  
202, 20.1578, 16.1718, 180.686, 0.999722, -0.0233166, 0.00362327, 0.022978, 0.996899, 0.0752593, -0.00536682, -0.0751551, 0.997157, 0.00302123  
203, 20.1638, 15.4031, 180.706, 0.999705, -0.0239353, 0.00400886, 0.0235732, 0.996979, 0.0740117, -0.00576824, -0.0738954, 0.997249, 0.00319182  
204, 20.258, 14.6179, 180.655, 0.999694, -0.0244414, 0.00377269, 0.0241057, 0.997101, 0.0721698, -0.00552568, -0.0720568, 0.997385, 0.0027494  
205, 20.2861, 13.877, 180.609, 0.999725, -0.0233718, 0.00189864, 0.0231834, 0.997311, 0.0695184, -0.00351831, -0.0694553, 0.997579, 0.00276964  
206, 20.3311, 13.023, 180.613, 0.999701, -0.0243972, 0.00172982, 0.0242262, 0.997451, 0.0671092, -0.00336269, -0.0670472, 0.997744, 0.00285008  
207, 20.2919, 12.1824, 180.587, 0.999733, -0.0229927, 0.00247588, 0.022768, 0.99737, 0.0688144, -0.00405159, -0.0687396, 0.997626, 0.00302151  
208, 20.3147, 11.3882, 180.578, 0.999728, -0.023074, 0.0034481, 0.0227938, 0.997526, 0.0664975, -0.00497394, -0.0664008, 0.997781, 0.00320791  
209, 20.2978, 10.4814, 180.548, 0.999734, -0.0227577, 0.00371357, 0.0224588, 0.99751, 0.0668576, -0.00522585, -0.0667565, 0.997756, 0.00273358  
210, 20.2507, 9.56983, 180.552, 0.999747, -0.0221282, 0.00410465, 0.0218205, 0.997712, 0.0639839, -0.00551111, -0.0638781, 0.997942, 0.00268449  
211, 20.2389, 8.5643, 180.571, 0.999753, -0.0218622, 0.00397195, 0.0215696, 0.99779, 0.0628495, -0.00533721, -0.0627483, 0.998015, 0.00273109  
212, 20.198, 6.56405, 180.607, 0.999746, -0.0221881, 0.00403794, 0.0218983, 0.997871, 0.0614403, -0.00539258, -0.0613363, 0.998103, 0.00265481  
213, 20.1494, 5.61478, 180.577, 0.999728, -0.0230037, 0.00391123, 0.0227187, 0.997836, 0.0617078, -0.00532227, -0.0616021, 0.998087, 0.00271112  
214, 20.1935, 4.62239, 180.592, 0.999721, -0.0235748, 0.00154247, 0.0234387, 0.9979, 0.0603782, -0.00296263, -0.0603252, 0.998174, 0.00279489  
215, 20.1346, 3.63624, 180.587, 0.999732, -0.0229274, 0.00321156, 0.0226965, 0.997979, 0.0593478, -0.00456576, -0.059259, 0.998232, 0.00274884  
216, 20.1551, 2.68306, 180.551, 0.999758, -0.0219729, 0.00145664, 0.0218527, 0.998103, 0.0575592, -0.00271862, -0.0575134, 0.998341, 0.00305646  
217, 20.1638, 1.61833, 180.521, 0.99976, -0.0218935, 0.000781301, 0.021814, 0.998154, 0.0566779, -0.00202074, -0.0566473, 0.998392, 0.00343397  
218, 20.1759, 0.561234, 180.48, 0.999762, -0.0217953, 0.00105488, 0.021705, 0.998268, 0.0546834, -0.00224489, -0.0546475, 0.998503, 0.00273636  
219, 20.174, -0.537117, 180.472, 0.999745, -0.0225446, 0.00104939, 0.0224591, 0.998385, 0.052185, -0.00222418, -0.0521481, 0.998637, 0.00287976  
220, 20.2277, -1.68641, 180.457, 0.999748, -0.0224139, 0.00146643, 0.0223083, 0.998417, 0.051629, -0.00262131, -0.0515833, 0.998665, 0.00275467  
221, 20.1846, -2.68637, 180.492, 0.999778, -0.020936, 0.00257377, 0.0207854, 0.99859, 0.0488445, -0.00359275, -0.0487801, 0.998803, 0.00283233  
222, 20.2052, -3.77637, 180.474, 0.999767, -0.0208484, 0.00561067, 0.0205456, 0.998563, 0.0494979, -0.00663456, -0.0493711, 0.998758, 0.00282623  
223, 20.2001, -4.88496, 180.53, 0.999762, -0.020841, 0.00647224, 0.0205255, 0.998754, 0.0454961, -0.00741236, -0.0453524, 0.998944, 0.00272942  
224, 20.2824, -6.01748, 180.496, 0.999755, -0.0211675, 0.00652652, 0.0208659, 0.998847, 0.0432452, -0.00743439, -0.0430984, 0.999043, 0.00291804  
225, 20.2958, -7.18201, 180.503, 0.999735, -0.0212663, 0.00880211, 0.0208804, 0.998907, 0.0418231, -0.00968191, -0.0416282, 0.999086, 0.00269364  
226, 20.4503, -8.27166, 180.543, 0.99975, -0.0213343, 0.00673951, 0.0210367, 0.998917, 0.0415002, -0.00761759, -0.041348, 0.999116, 0.00311609  
227, 20.5927, -9.29445, 180.566, 0.999736, -0.0220496, 0.00651952, 0.0217748, 0.998979, 0.0395865, -0.00738573, -0.0394341, 0.999195, 0.00323232  
228, 20.8169, -10.4077, 180.64, 0.999726, -0.0226799, 0.00585803, 0.0224327, 0.998976, 0.0392862, -0.00674304, -0.039144, 0.999211, 0.00274357  
229, 21.0631, -11.5514, 180.661, 0.999701, -0.0234851, 0.0067522, 0.0232101, 0.998998, 0.0382742, -0.00764431, -0.0381061, 0.999244, 0.00291638  
230, 21.3359, -12.7017, 180.69, 0.99971, -0.0236018, 0.00479009, 0.0234143, 0.999077, 0.036008, -0.00563553, -0.0358854, 0.99934, 0.00290584  
231, 21.4842, -13.8203, 180.712, 0.999674, -0.0244344, 0.00733934, 0.0241731, 0.999136, 0.0337986, -0.00815885, -0.0336102, 0.999402, 0.00281292  
232, 21.6411, -14.9708, 180.714, 0.999694, -0.0232435, 0.00850064, 0.0229711, 0.99926, 0.0308467, -0.00921133, -0.030642, 0.999488, 0.0030989  
233, 21.788, -15.9021, 180.682, 0.999738, -0.0213592, 0.00818606, 0.0211011, 0.999315, 0.0304149, -0.00883008, -0.0302343, 0.999504, 0.00274024  
234, 21.9504, -17.0794, 180.666, 0.999705, -0.0224559, 0.00921642, 0.0221816, 0.999338, 0.0288508, -0.00985819, -0.0286379, 0.999541, 0.0029419  
235, 22.1107, -18.1449, 180.689, 0.999704, -0.0229254, 0.0081239, 0.0227242, 0.999453, 0.0240408, -0.00867059, -0.0238491, 0.999678, 0.00273137  
236, 22.2564, -19.2461, 180.704, 0.999647, -0.0243884, 0.0105096, 0.0241025, 0.999357, 0.0265268, -0.0111498, -0.0262641, 0.999593, 0.00310306  
237, 22.3849, -20.386, 180.699, 0.999658, -0.0241074, 0.0101159, 0.0238679, 0.999447, 0.0231642, -0.0106687, -0.0229148, 0.99968, 0.00307754  
238, 22.4367, -21.5054, 180.771, 0.9996, -0.0260912, 0.0109123, 0.0258572, 0.999444, 0.0210642, -0.0114558, -0.0207736, 0.999719, 0.00275605  
239, 22.524, -22.703, 180.775, 0.999616, -0.0261534, 0.00911505, 0.0259948, 0.999516, 0.0171074, -0.00955805, -0.0168639, 0.999812, 0.00278684  
240, 22.6286, -23.8107, 180.757, 0.999611, -0.025769, 0.0106524, 0.0255697, 0.999503, 0.0184418, -0.0111224, -0.0181623, 0.999773, 0.00269087  
241, 22.7455, -25.1239, 180.7, 0.999559, -0.0277757, 0.0105158, 0.0276068, 0.999493, 0.0158798, -0.0109516, -0.0155825, 0.999819, 0.00282484  
242, 22.8819, -26.2875, 180.669, 0.999582, -0.0263166, 0.0119824, 0.0261158, 0.999521, 0.0166151, -0.012414, -0.0162952, 0.99979, 0.00309141  
243, 22.9679, -27.5646, 180.652, 0.999526, -0.0272618, 0.0142813, 0.027031, 0.999505, 0.0161151, -0.0147136, -0.0157214, 0.999768, 0.00273996  
244, 23.0636, -28.7522, 180.611, 0.999584, -0.0252316, 0.0139461, 0.0250363, 0.999588, 0.0140074, -0.0142938, -0.0136524, 0.999805, 0.00298905  
245, 23.1709, -29.9665, 180.593, 0.999531, -0.0264786, 0.0154116, 0.0262728, 0.999565, 0.0134029, -0.0157598, -0.0129917, 0.999791, 0.00273747  
246, 23.3398, -31.1244, 180.616, 0.999588, -0.0252043, 0.0137003, 0.025091, 0.99965, 0.00838579, -0.0139069, -0.00803859, 0.999871, 0.0029308  
247, 23.49, -32.3478, 180.655, 0.9996, -0.0252783, 0.0126813, 0.025216, 0.999669, 0.00504829, -0.0128047, -0.0047265, 0.999907, 0.00296991  
248, 23.6945, -33.623, 180.675, 0.999583, -0.0259796, 0.0126229, 0.0259668, 0.999662, 0.00118042, -0.0126493, -0.000852148, 0.99992, 0.00275938  
249, 23.9131, -34.8841, 180.66, 0.999577, -0.0261488, 0.0127294, 0.0261808, 0.999654, -0.00235158, -0.0126635, 0.00268385, 0.999916, 0.00279572  
250, 24.0619, -36.1192, 180.632, 0.999596, -0.0248156, 0.0138757, 0.0248387, 0.99969, -0.00149658, -0.0138343, 0.00184063, 0.999903, 0.00270058  
251, 24.2, -37.3042, 180.608, 0.999581, -0.0246786, 0.0150967, 0.0247107, 0.999693, -0.00194475, -0.0150441, 0.00231698, 0.999884, 0.00322455  
252, 24.3706, -38.4263, 180.61, 0.999582, -0.024957, 0.0146229, 0.024989, 0.999686, -0.00200647, -0.0145682, 0.00237104, 0.999891, 0.00312885  
253, 24.5876, -39.489, 180.588, 0.999556, -0.0255578, 0.0153138, 0.025596, 0.99967, -0.00230322, -0.0152499, 0.00269417, 0.99988, 0.00274385  
254, 24.7693, -40.6828, 180.63, 0.999502, -0.0269612, 0.0164181, 0.0270639, 0.999615, -0.00606562, -0.0162482, 0.00650694, 0.999847, 0.00302012  
255, 25.0277, -41.7546, 180.589, 0.999483, -0.0271964, 0.0171293, 0.0273338, 0.999596, -0.00783699, -0.0169093, 0.00830115, 0.999823, 0.00268948  
256, 25.2775, -42.8619, 180.637, 0.999427, -0.0278966, 0.0191485, 0.0280667, 0.999568, -0.00866912, -0.0188984, 0.00920159, 0.999779, 0.00319903  
257, 25.55, -43.7453, 180.67, 0.999415, -0.0283061, 0.0192121, 0.02849, 0.99955, -0.00936547, -0.0189384, 0.00990734, 0.999772, 0.0029247  
258, 25.8684, -44.72, 180.721, 0.999377, -0.0293668, 0.0195507, 0.0295376, 0.999527, -0.00850941, -0.0192916, 0.0090816, 0.999773, 0.00274496  
259, 26.1518, -45.6355, 180.688, 0.999428, -0.0273933, 0.0198502, 0.0275889, 0.999573, -0.00964643, -0.0195775, 0.0101886, 0.999756, 0.00303316  
260, 26.4053, -46.5185, 180.701, 0.999392, -0.0281318, 0.0206007, 0.0282825, 0.999575, -0.00705844, -0.0203933, 0.00763678, 0.999763, 0.00278656  
261, 26.7889, -47.5809, 180.673, 0.999367, -0.0278949, 0.022101, 0.0281278, 0.999551, -0.0102954, -0.0218039, 0.0109105, 0.999703, 0.00292775  
262, 27.2318, -48.5058, 180.633, 0.999296, -0.0283205, 0.0246148, 0.0284984, 0.99957, -0.00690963, -0.0244086, 0.00760625, 0.999673, 0.00320846  
263, 27.7371, -49.329, 180.574, 0.999233, -0.0284184, 0.0269569, 0.0285445, 0.999583, -0.00430301, -0.0268234, 0.00506917, 0.999627, 0.00278823  
264, 28.1224, -50.1985, 180.564, 0.999207, -0.0282373, 0.0280802, 0.0283756, 0.999587, -0.00454096, -0.0279404, 0.00533415, 0.999595, 0.00291277  
265, 28.611, -51.0892, 180.502, 0.999199, -0.0266169, 0.0298833, 0.0267871, 0.999627, -0.00530875, -0.0297309, 0.00610498, 0.999539, 0.00272915  
266, 29.0618, -51.9633, 180.449, 0.999105, -0.0282009, 0.0315244, 0.0283909, 0.999581, -0.00559722, -0.0313533, 0.00648722, 0.999487, 0.00292304  
267, 29.5432, -52.8581, 180.437, 0.999136, -0.0270264, 0.03157, 0.0273396, 0.999581, -0.00953242, -0.0312992, 0.0103873, 0.999456, 0.00312747  
268, 29.9693, -53.6876, 180.399, 0.998983, -0.0288648, 0.0346342, 0.0291315, 0.999549, -0.00722205, -0.0344101, 0.00822365, 0.999374, 0.00273053  
269, 30.4662, -54.5515, 180.391, 0.998966, -0.0288938, 0.0351144, 0.0292409, 0.999528, -0.00941159, -0.0348259, 0.0104286, 0.999339, 0.00288781  
270, 30.9012, -55.4587, 180.401, 0.998815, -0.0301722, 0.038174, 0.030585, 0.999479, -0.0102765, -0.037844, 0.0114319, 0.999218, 0.00279211  
271, 31.2136, -56.2422, 180.406, 0.998823, -0.029704, 0.0383496, 0.0301045, 0.999498, -0.00990734, -0.0380361, 0.0110502, 0.999215, 0.0029358  
272, 31.7671, -56.9748, 180.336, 0.998547, -0.0321225, 0.0432579, 0.0326523, 0.999399, -0.0115976, -0.0428593, 0.0129932, 0.998997, 0.00309335  
273, 31.8697, -57.8155, 180.397, 0.998677, -0.0300679, 0.0417201, 0.0304004, 0.999511, -0.00735865, -0.0414784, 0.00861722, 0.999102, 0.00279211  
274, 32.1778, -58.7757, 180.44, 0.998548, -0.0295026, 0.0450769, 0.0297785, 0.999542, -0.00546298, -0.0448951, 0.00679737, 0.998969, 0.00290889  
275, 32.4019, -59.6539, 180.452, 0.998375, -0.030509, 0.0481352, 0.0306622, 0.999527, -0.0024483, -0.0480377, 0.00392025, 0.998838, 0.00280182  
276, 32.5369, -60.4097, 180.427, 0.998395, -0.0308465, 0.0474981, 0.0307953, 0.999524, 0.00180835, -0.0475313, -0.000342733, 0.99887, 0.00300237  
277, 32.8091, -61.3103, 180.408, 0.998238, -0.0319814, 0.0499737, 0.0318685, 0.999487, 0.00305563, -0.0500459, -0.00145765, 0.998746, 0.00313301  
278, 33.0205, -62.0256, 180.372, 0.998224, -0.0319414, 0.0502898, 0.0316031, 0.999472, 0.00750797, -0.0505031, -0.00590532, 0.998706, 0.00277908  
279, 33.0688, -62.7567, 180.342, 0.998162, -0.0331789, 0.0507125, 0.0327377, 0.999419, 0.00950818, -0.0509985, -0.00783049, 0.998668, 0.00291804  
