0, 0, 0, 0, 0, 0, 0, 0, 0, 0, 0, 0, 0, 0.00629293  
1, 15.5853, 5.90697, 180.393, 0.999915, -0.0121771, 0.00472782, 0.0121643, 0.999922, 0.00271583, -0.00476052, -0.00265809, 0.999985, 0.00261598  
2, 15.584, 5.91372, 180.381, 0.999923, -0.0116731, 0.0041611, 0.0116616, 0.999928, 0.00275752, -0.00419299, -0.00270878, 0.999988, 0.00285619  
3, 15.6068, 5.9159, 180.39, 0.999923, -0.0117939, 0.00387846, 0.0117823, 0.999926, 0.0030056, -0.00391362, -0.00295967, 0.999988, 0.00297851  
4, 15.5994, 5.93268, 180.386, 0.999923, -0.011605, 0.00450346, 0.0115966, 0.999931, 0.0019023, -0.00452522, -0.00184992, 0.999988, 0.00283705  
5, 15.6002, 5.90659, 180.381, 0.999925, -0.0116022, 0.00383965, 0.0115948, 0.999931, 0.00194206, -0.00386192, -0.00189739, 0.999991, 0.00292886  
6, 15.5718, 5.91888, 180.401, 0.999925, -0.0117182, 0.00368475, 0.0117106, 0.999929, 0.00206984, -0.00370874, -0.00202654, 0.999991, 0.00290362  
7, 15.5722, 5.90579, 180.413, 0.99992, -0.0120224, 0.00394613, 0.0120139, 0.999925, 0.00216814, -0.0039719, -0.00212056, 0.99999, 0.00309307  
8, 15.5861, 5.90975, 180.407, 0.999924, -0.0115675, 0.00421527, 0.0115579, 0.999931, 0.00229428, -0.00424152, -0.00224538, 0.999988, 0.00310666  
9, 15.6035, 5.90664, 180.407, 0.999925, -0.0117659, 0.00348082, 0.0117599, 0.999929, 0.00173687, -0.00350101, -0.0016958, 0.999992, 0.00279932  
10, 15.6075, 5.92134, 180.427, 0.999921, -0.0122391, 0.0027202, 0.012236, 0.999924, 0.00114754, -0.00273404, -0.00111416, 0.999996, 0.002986  
11, 15.5868, 5.91038, 180.401, 0.999929, -0.0111494, 0.00428506, 0.0111407, 0.999936, 0.00204196, -0.00430755, -0.00199407, 0.999989, 0.00276188  
12, 15.5968, 5.91715, 180.415, 0.999928, -0.0115721, 0.00329756, 0.0115676, 0.999932, 0.00137259, -0.00331322, -0.00133434, 0.999994, 0.00298378  
13, 15.5862, 5.89417, 180.407, 0.999922, -0.0118391, 0.00391037, 0.0118329, 0.999929, 0.00161048, -0.00392916, -0.00156409, 0.999991, 0.00325534  
14, 15.581, 5.91356, 180.39, 0.999929, -0.0112881, 0.0038468, 0.0112788, 0.999933, 0.00244406, -0.00387413, -0.0024005, 0.99999, 0.00269392  
15, 15.5847, 5.91419, 180.386, 0.99992, -0.0119065, 0.00415823, 0.0118947, 0.999925, 0.00285199, -0.00419188, -0.0028023, 0.999987, 0.00293607  
16, 15.5908, 5.91458, 180.403, 0.999918, -0.0122435, 0.00375145, 0.0122368, 0.999924, 0.00178992, -0.00377308, -0.00174387, 0.999991, 0.00273664  
17, 15.5943, 5.91374, 180.386, 0.999924, -0.0117465, 0.00371487, 0.0117353, 0.999927, 0.00301144, -0.00374998, -0.00296762, 0.999989, 0.00300403  
18, 15.59, 5.90038, 180.387, 0.999921, -0.0118639, 0.00421776, 0.0118565, 0.999928, 0.00177567, -0.00423852, -0.00172552, 0.99999, 0.00309945  
19, 15.6099, 5.92515, 180.379, 0.999925, -0.0116056, 0.00392758, 0.0115968, 0.99993, 0.0022519, -0.00395344, -0.00220619, 0.99999, 0.00281319  
20, 15.599, 5.91983, 180.394, 0.999927, -0.0114632, 0.00373109, 0.0114525, 0.99993, 0.00285227, -0.00376353, -0.00280933, 0.999989, 0.00298628  
21, 15.6085, 5.92341, 180.388, 0.999921, -0.0118376, 0.00421976, 0.0118282, 0.999928, 0.00224233, -0.004246, -0.00219225, 0.999989, 0.00288836  
22, 15.5867, 5.92992, 180.39, 0.999927, -0.0115922, 0.00327832, 0.011585, 0.99993, 0.00222331, -0.00330387, -0.00218517, 0.999992, 0.00288448  
23, 15.613, 5.94577, 180.358, 0.999928, -0.0116621, 0.00295369, 0.0116569, 0.99993, 0.00179385, -0.00297441, -0.00175929, 0.999994, 0.00320097  
24, 15.5739, 5.90383, 180.386, 0.999921, -0.0118389, 0.00413581, 0.0118273, 0.999926, 0.0028195, -0.00416889, -0.00277036, 0.999987, 0.00280238  
25, 15.6072, 5.90907, 180.392, 0.999925, -0.0118293, 0.00324964, 0.0118215, 0.999927, 0.00239441, -0.00327773, -0.00235581, 0.999992, 0.00302539  
26, 15.5982, 5.92189, 180.405, 0.999919, -0.0122359, 0.00362748, 0.0122279, 0.999923, 0.00221509, -0.00365431, -0.00217056, 0.999991, 0.00277103  
27, 15.5956, 5.90285, 180.374, 0.999922, -0.0118458, 0.00386138, 0.011837, 0.999927, 0.00230626, -0.00388842, -0.00226038, 0.99999, 0.00312025  
28, 15.603, 5.91805, 180.38, 0.999929, -0.0115632, 0.00295923, 0.0115568, 0.999931, 0.00216753, -0.00298409, -0.00213318, 0.999993, 0.0030964  
29, 15.5964, 5.89628, 180.402, 0.999926, -0.0116716, 0.00351421, 0.0116663, 0.999931, 0.0015107, -0.0035316, -0.00146959, 0.999993, 0.00266812  
30, 15.6005, 5.91921, 180.394, 0.999918, -0.012344, 0.00334417, 0.0123357, 0.999921, 0.00249186, -0.00337466, -0.0024504, 0.999991, 0.00292359  
31, 15.6059, 5.91194, 180.402, 0.999922, -0.011887, 0.00370963, 0.0118787, 0.999927, 0.00223335, -0.0037359, -0.00218911, 0.999991, 0.00275688  
32, 15.5878, 5.91331, 180.416, 0.999917, -0.0124695, 0.00337528, 0.0124636, 0.999921, 0.00175822, -0.00339694, -0.001716, 0.999993, 0.00311914  
33, 15.5944, 5.91158, 180.392, 0.99992, -0.0122691, 0.00314079, 0.012262, 0.999922, 0.00227428, -0.00316845, -0.00223559, 0.999992, 0.00325783  
34, 15.5762, 5.90981, 180.401, 0.999922, -0.0118705, 0.0039174, 0.011861, 0.999927, 0.00245484, -0.00394626, -0.00240818, 0.999989, 0.00286839  
35, 15.5956, 5.91538, 180.374, 0.999927, -0.0115403, 0.00353896, 0.0115341, 0.999932, 0.00174843, -0.0035589, -0.00170748, 0.999992, 0.00286839  
36, 15.5856, 5.91479, 180.387, 0.999927, -0.0115365, 0.00356071, 0.0115276, 0.99993, 0.00251765, -0.00358951, -0.00247642, 0.99999, 0.00275217  
37, 15.6044, 5.93895, 180.385, 0.999924, -0.0118796, 0.00341374, 0.0118747, 0.999928, 0.0014627, -0.00343087, -0.00142206, 0.999993, 0.00299599  
38, 15.6115, 5.93152, 180.374, 0.999928, -0.011524, 0.00324313, 0.0115174, 0.999932, 0.0020381, -0.00326639, -0.0020006, 0.999993, 0.00321872  
39, 15.6082, 5.9286, 180.361, 0.99993, -0.0112929, 0.00363485, 0.011285, 0.999934, 0.0021664, -0.00365907, -0.00212523, 0.999991, 0.00278906  
40, 15.5961, 5.91023, 180.377, 0.999922, -0.0117308, 0.004242, 0.0117206, 0.999928, 0.00242696, -0.00427017, -0.00237705, 0.999988, 0.00298767  
41, 15.6152, 5.91774, 180.379, 0.99992, -0.0122772, 0.00295102, 0.0122743, 0.999924, 0.00100809, -0.00296318, -0.000971792, 0.999995, 0.00276548  
42, 15.5998, 5.94072, 180.37, 0.999927, -0.0117588, 0.00267647, 0.0117553, 0.99993, 0.00130097, -0.00269158, -0.00126941, 0.999996, 0.00311554  
43, 15.6128, 5.92431, 180.38, 0.999925, -0.0117157, 0.00365349, 0.011709, 0.99993, 0.00184672, -0.00367487, -0.0018038, 0.999992, 0.00306367  
44, 15.5909, 5.9086, 180.383, 0.999919, -0.0120233, 0.00413471, 0.0120117, 0.999924, 0.00283619, -0.00416849, -0.00278629, 0.999987, 0.0029136  
45, 15.618, 5.92825, 180.381, 0.999925, -0.011571, 0.00406126, 0.0115623, 0.999931, 0.00214497, -0.0040858, -0.00209785, 0.999989, 0.00300736  
46, 15.6128, 5.92107, 180.386, 0.999922, -0.0120686, 0.00324583, 0.0120623, 0.999925, 0.00195581, -0.00326919, -0.00191651, 0.999993, 0.00297823  
47, 15.6243, 5.9283, 180.384, 0.999927, -0.0117283, 0.00296702, 0.0117221, 0.999929, 0.00207151, -0.0029911, -0.00203658, 0.999993, 0.00306117  
48, 15.6138, 5.93683, 180.381, 0.999924, -0.011681, 0.00392579, 0.0116708, 0.999929, 0.00259034, -0.00395577, -0.00254433, 0.999989, 0.00296825  
49, 15.6157, 5.94017, 180.391, 0.99993, -0.011202, 0.00380477, 0.0111939, 0.999935, 0.00214355, -0.00382854, -0.00210081, 0.99999, 0.00294301  
50, 15.6012, 5.91503, 180.374, 0.999928, -0.0116003, 0.00310141, 0.0115947, 0.999931, 0.00182082, -0.00312231, -0.00178473, 0.999994, 0.00288503  
51, 15.6049, 5.92081, 180.374, 0.999926, -0.0115837, 0.00361973, 0.0115813, 0.999933, 0.000672706, -0.00362728, -0.000630735, 0.999993, 0.00275688  
52, 15.5944, 5.93953, 180.374, 0.999925, -0.0116953, 0.00359543, 0.0116914, 0.999931, 0.00108686, -0.00360789, -0.00104474, 0.999993, 0.00291194  
53, 15.6176, 5.94701, 180.393, 0.999927, -0.0117697, 0.0028949, 0.0117666, 0.99993, 0.0010924, -0.00290755, -0.00105826, 0.999995, 0.00322566  
54, 15.5877, 5.92215, 180.411, 0.99992, -0.0120094, 0.00404204, 0.0120021, 0.999926, 0.00184122, -0.00406385, -0.00179256, 0.99999, 0.0028548  
55, 15.6106, 5.91467, 180.394, 0.999922, -0.0118773, 0.003897, 0.01187, 0.999928, 0.00189112, -0.00391918, -0.00184471, 0.999991, 0.00294439  
56, 15.6027, 5.91518, 180.379, 0.99992, -0.0120984, 0.00368297, 0.0120918, 0.999925, 0.00180269, -0.00370451, -0.00175801, 0.999992, 0.00279877  
57, 15.6194, 5.90588, 180.364, 0.999922, -0.0119379, 0.00379063, 0.0119288, 0.999926, 0.00241078, -0.00381912, -0.00236537, 0.99999, 0.00299959  
58, 15.6116, 5.91556, 180.378, 0.999922, -0.011885, 0.00383162, 0.0118746, 0.999926, 0.0027443, -0.00386396, -0.00269859, 0.999989, 0.00313246  
59, 15.6066, 5.92169, 180.373, 0.999926, -0.0116486, 0.00345818, 0.0116435, 0.999931, 0.00150657, -0.00347549, -0.00146619, 0.999993, 0.00287172  
60, 15.6107, 5.91538, 180.391, 0.999923, -0.0117085, 0.00402437, 0.0116974, 0.999928, 0.00276479, -0.00405645, -0.0027175, 0.999988, 0.00294301  
61, 15.6121, 5.90679, 180.353, 0.999932, -0.010874, 0.0042954, 0.0108635, 0.999938, 0.00245417, -0.00432182, -0.00240734, 0.999988, 0.0029455  
62, 15.6089, 5.91947, 180.37, 0.999917, -0.0121336, 0.0043255, 0.0121243, 0.999924, 0.00218647, -0.0043517, -0.00213385, 0.999988, 0.00459009  
63, 15.612, 5.92289, 180.368, 0.999926, -0.0115838, 0.00379281, 0.0115748, 0.99993, 0.002383, -0.00382015, -0.00233892, 0.99999, 0.00362509  
64, 15.6381, 5.93214, 180.382, 0.999927, -0.0114925, 0.00374013, 0.0114831, 0.999931, 0.00252476, -0.00376889, -0.00248162, 0.99999, 0.00283427  
65, 15.6214, 5.93369, 180.364, 0.999931, -0.0111089, 0.00383151, 0.0110995, 0.999935, 0.0024597, -0.00385859, -0.002417, 0.99999, 0.002872  
66, 15.6258, 5.92467, 180.385, 0.999925, -0.0115863, 0.00391492, 0.0115762, 0.99993, 0.00259232, -0.00394468, -0.00254681, 0.999989, 0.00278268  
67, 15.6112, 5.93057, 180.387, 0.999921, -0.0121684, 0.00320818, 0.0121633, 0.999925, 0.00158654, -0.00322725, -0.0015474, 0.999994, 0.0027383  
68, 15.6131, 5.91983, 180.376, 0.999919, -0.0120756, 0.00393887, 0.0120671, 0.999925, 0.00217182, -0.0039648, -0.00212412, 0.99999, 0.00274107  
69, 15.6348, 5.9232, 180.354, 0.999929, -0.0114093, 0.00348846, 0.0114015, 0.999932, 0.0022519, -0.00351392, -0.00221196, 0.999991, 0.00284925  
70, 15.6024, 5.90755, 180.37, 0.999916, -0.0121977, 0.00433104, 0.012186, 0.999922, 0.00270532, -0.00436371, -0.00265232, 0.999987, 0.00297491  
71, 15.5845, 5.90603, 180.377, 0.999918, -0.0121643, 0.00410581, 0.0121541, 0.999923, 0.00251051, -0.00413603, -0.0024604, 0.999988, 0.00300986  
72, 15.582, 5.90684, 180.358, 0.999921, -0.0119514, 0.00378726, 0.0119423, 0.999926, 0.00243188, -0.00381605, -0.00238646, 0.99999, 0.00468551  
73, 15.5775, 5.91346, 180.39, 0.999921, -0.0118366, 0.00416175, 0.0118276, 0.999928, 0.00218501, -0.00418732, -0.00213561, 0.999989, 0.00281125  
74, 15.6053, 5.91482, 180.365, 0.999918, -0.0122267, 0.00370678, 0.0122186, 0.999923, 0.00217937, -0.00373314, -0.0021339, 0.999991, 0.00284759  
75, 15.6057, 5.92684, 180.384, 0.999924, -0.0118976, 0.00330867, 0.0118921, 0.999928, 0.00169289, -0.00332857, -0.00165341, 0.999993, 0.00276188  
76, 15.5985, 5.90924, 180.363, 0.99992, -0.0119895, 0.00391981, 0.011979, 0.999925, 0.00269945, -0.00395188, -0.00265228, 0.999989, 0.00294051  
77, 15.5964, 5.91594, 180.374, 0.999921, -0.011952, 0.00378714, 0.0119421, 0.999925, 0.0026145, -0.00381811, -0.00256906, 0.999989, 0.00353133  
78, 15.5912, 5.90831, 180.397, 0.999922, -0.0118568, 0.00382811, 0.01185, 0.999928, 0.001797, -0.00384915, -0.0017515, 0.999991, 0.00278573  
79, 15.602, 5.90454, 180.37, 0.999927, -0.0114641, 0.00376441, 0.0114544, 0.999931, 0.00259316, -0.00379388, -0.00254986, 0.99999, 0.00304758  
80, 15.6145, 5.92125, 180.357, 0.999925, -0.0115301, 0.00401002, 0.0115219, 0.999931, 0.00205957, -0.00403349, -0.00201321, 0.99999, 0.00271056  
81, 15.6086, 5.91613, 180.358, 0.999925, -0.0116879, 0.00366203, 0.0116801, 0.99993, 0.00213657, -0.00368675, -0.00209363, 0.999991, 0.00296437  
82, 15.6338, 5.92133, 180.346, 0.999929, -0.01145, 0.00337667, 0.0114426, 0.999932, 0.00221899, -0.00340185, -0.0021802, 0.999992, 0.00352135  
83, 15.6276, 5.93606, 180.365, 0.999929, -0.0114837, 0.00319932, 0.0114781, 0.999933, 0.00174281, -0.00321912, -0.00170597, 0.999993, 0.00276132  
84, 15.6325, 5.92273, 180.345, 0.999932, -0.0111516, 0.00349892, 0.0111461, 0.999937, 0.00158143, -0.00351633, -0.00154232, 0.999993, 0.00290195  
85, 15.6324, 5.93216, 180.382, 0.999923, -0.0118454, 0.00364826, 0.0118379, 0.999928, 0.00207367, -0.00367256, -0.00203032, 0.999991, 0.00276493  
86, 15.6076, 5.92783, 180.372, 0.999927, -0.0115906, 0.0035023, 0.0115849, 0.999932, 0.00166164, -0.00352132, -0.00162094, 0.999992, 0.00296381  
87, 15.599, 5.92185, 180.376, 0.999929, -0.0114294, 0.00348915, 0.0114223, 0.999933, 0.00205057, -0.00351235, -0.00201057, 0.999992, 0.00330027  
88, 15.5995, 5.92564, 180.376, 0.999924, -0.011829, 0.00354441, 0.0118208, 0.999927, 0.00232221, -0.00357162, -0.00228013, 0.999991, 0.00279572  
89, 15.5995, 5.92362, 180.378, 0.999921, -0.0118475, 0.00414208, 0.0118392, 0.999928, 0.00203619, -0.00416591, -0.00198699, 0.999989, 0.00292359  
90, 15.6004, 5.9268, 180.384, 0.999926, -0.0115299, 0.00380851, 0.0115268, 0.999933, 0.000846556, -0.00381802, -0.000802594, 0.999992, 0.00273137  
91, 15.5952, 5.91196, 180.388, 0.999922, -0.0119089, 0.00372977, 0.0119046, 0.999928, 0.0011791, -0.00374354, -0.00113461, 0.999992, 0.00298212  
92, 15.6047, 5.92243, 180.365, 0.999931, -0.011136, 0.00381106, 0.0111283, 0.999936, 0.00203817, -0.00383351, -0.00199562, 0.999991, 0.00322954  
93, 15.6023, 5.92689, 180.376, 0.999929, -0.01104, 0.00455147, 0.0110302, 0.999937, 0.00217661, -0.00457522, -0.00212625, 0.999987, 0.00278989  
94, 15.6138, 5.93887, 180.397, 0.999922, -0.0119402, 0.00358729, 0.011935, 0.999928, 0.00145831, -0.00360445, -0.00141538, 0.999993, 0.00291111  
95, 15.602, 5.93179, 180.405, 0.999917, -0.012173, 0.00425847, 0.0121672, 0.999925, 0.00137998, -0.00427494, -0.00132805, 0.99999, 0.00279073  
96, 15.6096, 5.92109, 180.391, 0.999925, -0.0116156, 0.00395043, 0.011608, 0.999931, 0.00194011, -0.00397269, -0.00189411, 0.99999, 0.00302456  
97, 15.5987, 5.90992, 180.401, 0.999926, -0.011377, 0.00430862, 0.0113664, 0.999932, 0.00248965, -0.00433666, -0.00244049, 0.999988, 0.00329223  
98, 15.6067, 5.92099, 180.423, 0.999919, -0.0120725, 0.00402094, 0.0120652, 0.999925, 0.0018547, -0.00404303, -0.00180604, 0.99999, 0.00297768  
99, 15.6255, 5.93645, 180.416, 0.999924, -0.0118849, 0.0032348, 0.011879, 0.999928, 0.00185243, -0.00325658, -0.00181387, 0.999993, 0.00302012  
100, 15.6359, 5.93426, 180.385, 0.999925, -0.0117775, 0.00325263, 0.0117704, 0.999928, 0.0022019, -0.00327833, -0.00216345, 0.999992, 0.00290112  
101, 15.6108, 5.92001, 180.398, 0.999924, -0.0117833, 0.00372951, 0.0117776, 0.999929, 0.00153756, -0.00374736, -0.00149352, 0.999992, 0.00296492  
102, 15.6094, 5.93599, 180.406, 0.999926, -0.0116411, 0.0034506, 0.011634, 0.99993, 0.00206917, -0.00347445, -0.00202887, 0.999992, 0.00311887  
103, 15.6052, 5.91726, 180.392, 0.999927, -0.0114464, 0.00390292, 0.0114364, 0.999931, 0.00256114, -0.00393197, -0.00251632, 0.999989, 0.00299793  
104, 15.6082, 5.92997, 180.396, 0.999925, -0.0115526, 0.00412686, 0.0115454, 0.999932, 0.0017716, -0.00414704, -0.00172383, 0.99999, 0.00305507  
105, 15.6144, 5.91976, 180.404, 0.999918, -0.0117911, 0.00493644, 0.0117771, 0.999927, 0.00283799, -0.00496954, -0.00277963, 0.999984, 0.00312247  
106, 15.6289, 5.92557, 180.394, 0.99992, -0.0118866, 0.00440012, 0.0118759, 0.999927, 0.00243964, -0.0044288, -0.00238718, 0.999987, 0.00310222  
107, 15.6245, 5.92376, 180.386, 0.999917, -0.0121587, 0.00430416, 0.012148, 0.999923, 0.00249743, -0.00433419, -0.00244494, 0.999988, 0.00304203  
108, 15.6413, 5.94678, 180.386, 0.999928, -0.0116052, 0.00297005, 0.0116023, 0.999932, 0.00100122, -0.00298147, -0.00096669, 0.999995, 0.00275661  
109, 15.6129, 5.92438, 180.389, 0.999923, -0.0119169, 0.00345739, 0.0119099, 0.999927, 0.00202363, -0.00348126, -0.0019823, 0.999992, 0.00292942  
110, 15.6179, 5.93653, 180.396, 0.999922, -0.0120085, 0.00343901, 0.0120028, 0.999927, 0.00166529, -0.00345876, -0.00162389, 0.999993, 0.00274995  
111, 15.6386, 5.94511, 180.372, 0.999934, -0.0110689, 0.00312095, 0.0110607, 0.999935, 0.00261908, -0.00314974, -0.00258438, 0.999992, 0.00293635  
112, 15.6219, 5.9216, 180.386, 0.999924, -0.0117593, 0.00372666, 0.0117521, 0.999929, 0.00195769, -0.00374941, -0.00191374, 0.999991, 0.00297185  
113, 15.59, 5.92972, 180.359, 0.999924, -0.0115227, 0.00439512, 0.0115114, 0.99993, 0.00257998, -0.00442455, -0.00252919, 0.999987, 0.00281541  
114, 15.6245, 5.9578, 180.378, 0.999925, -0.0117465, 0.00350806, 0.0117395, 0.999929, 0.00200759, -0.00353139, -0.00196626, 0.999992, 0.00282651  
115, 15.5987, 5.91997, 180.388, 0.999918, -0.0123631, 0.00346879, 0.0123591, 0.999923, 0.00114958, -0.00348274, -0.00110661, 0.999993, 0.00274218  
116, 15.5985, 5.92281, 180.371, 0.999923, -0.0117573, 0.003918, 0.0117469, 0.999928, 0.00264614, -0.00394883, -0.00259992, 0.999989, 0.00296603  
117, 15.6077, 5.92402, 180.38, 0.999922, -0.0115877, 0.00468216, 0.0115749, 0.999929, 0.00276692, -0.00471389, -0.00271251, 0.999985, 0.00310195  
118, 15.5962, 5.91183, 180.375, 0.999919, -0.0119429, 0.004286, 0.0119327, 0.999926, 0.00238329, -0.00431415, -0.00233195, 0.999988, 0.0027408  
119, 15.6164, 5.907, 180.372, 0.999919, -0.0118512, 0.00462271, 0.0118414, 0.999928, 0.00214703, -0.00464782, -0.00209212, 0.999987, 0.00300486  
120, 15.6189, 5.91842, 180.367, 0.99993, -0.011463, 0.00304942, 0.0114581, 0.999933, 0.00162906, -0.00306789, -0.00159401, 0.999994, 0.0027494  
121, 15.6208, 5.91888, 180.349, 0.999928, -0.0117015, 0.00268439, 0.0116979, 0.999931, 0.00135652, -0.00270007, -0.00132502, 0.999995, 0.00313357  
122, 15.617, 5.90258, 180.349, 0.999923, -0.0117665, 0.00396734, 0.0117543, 0.999926, 0.00308276, -0.00400332, -0.00303589, 0.999987, 0.00321373  
123, 15.6186, 5.92573, 180.358, 0.999925, -0.0116457, 0.00366091, 0.0116362, 0.999929, 0.00260442, -0.00369098, -0.00256163, 0.99999, 0.00285979  
124, 15.6017, 5.93282, 180.363, 0.999927, -0.0115131, 0.00378154, 0.0115061, 0.999932, 0.00187204, -0.00380283, -0.00182839, 0.999991, 0.0028168  
125, 15.6058, 5.92931, 180.348, 0.999926, -0.0114728, 0.00404904, 0.011462, 0.999931, 0.00267414, -0.00407944, -0.00262753, 0.999988, 0.00292831  
126, 15.5871, 5.92077, 180.373, 0.999925, -0.0117246, 0.00354776, 0.0117209, 0.999931, 0.0010686, -0.00356004, -0.00102693, 0.999993, 0.00316741  
127, 15.5837, 5.90615, 180.398, 0.999924, -0.0116429, 0.00405612, 0.0116337, 0.99993, 0.00228272, -0.00408241, -0.00223536, 0.999989, 0.00346254  
128, 15.5774, 5.90845, 180.391, 0.999919, -0.0119651, 0.00427253, 0.0119548, 0.999926, 0.00242566, -0.00430124, -0.00237438, 0.999988, 0.00297102  
129, 15.578, 5.90098, 180.354, 0.999921, -0.0119656, 0.00390946, 0.01196, 0.999927, 0.0014718, -0.00392679, -0.00142493, 0.999991, 0.00287338  
130, 15.5865, 5.91445, 180.38, 0.99992, -0.0119794, 0.00397106, 0.0119724, 0.999927, 0.00177428, -0.00399202, -0.0017266, 0.999991, 0.00280182  
131, 15.6108, 5.90742, 180.379, 0.999929, -0.0114067, 0.00347521, 0.0113991, 0.999933, 0.00221355, -0.00350023, -0.00217377, 0.999992, 0.00278989  
132, 15.6028, 5.9023, 180.389, 0.999925, -0.0115404, 0.00398275, 0.0115324, 0.999931, 0.00201309, -0.00400571, -0.00196701, 0.99999, 0.00308475  
133, 15.6018, 5.92162, 180.379, 0.999923, -0.0117635, 0.00382632, 0.0117534, 0.999927, 0.00264862, -0.0038572, -0.00260344, 0.999989, 0.00274163  
134, 15.5816, 5.92252, 180.401, 0.999922, -0.0118211, 0.00406892, 0.0118115, 0.999927, 0.00237405, -0.00409668, -0.0023258, 0.999989, 0.00299266  
135, 15.5874, 5.90831, 180.368, 0.999921, -0.0117036, 0.00447756, 0.011691, 0.999928, 0.00283452, -0.00451041, -0.00278195, 0.999986, 0.00319681  
136, 15.5867, 5.91106, 180.364, 0.999919, -0.0120537, 0.00399918, 0.0120466, 0.999926, 0.0018026, -0.00402061, -0.00175427, 0.99999, 0.00269614  
137, 15.5721, 5.88921, 180.359, 0.99992, -0.0118894, 0.00436186, 0.0118757, 0.999924, 0.00315722, -0.00439907, -0.00310516, 0.999986, 0.0026598  
138, 15.6006, 5.90835, 180.356, 0.999923, -0.0118175, 0.00379893, 0.0118079, 0.999927, 0.0025308, -0.00382856, -0.00248574, 0.99999, 0.00260322  
139, 15.6033, 5.90208, 180.36, 0.999921, -0.0117342, 0.00445455, 0.0117232, 0.999928, 0.00248112, -0.00448335, -0.0024287, 0.999987, 0.00285868  
140, 15.6213, 5.93178, 180.358, 0.999927, -0.0115288, 0.00350574, 0.0115194, 0.99993, 0.00268575, -0.00353645, -0.00264517, 0.99999, 0.003029  
141, 15.6333, 5.93632, 180.365, 0.999922, -0.0116152, 0.00450612, 0.0116022, 0.999928, 0.00291282, -0.00453963, -0.00286031, 0.999986, 0.002791  
142, 15.6262, 5.92666, 180.364, 0.999924, -0.011688, 0.00384569, 0.0116777, 0.999928, 0.00266525, -0.00387657, -0.00262014, 0.999989, 0.00285924  
143, 15.6108, 5.91576, 180.36, 0.99992, -0.0118012, 0.00457692, 0.0117899, 0.999927, 0.00248728, -0.00460594, -0.00243312, 0.999986, 0.0027996  
144, 15.6135, 5.91111, 180.363, 0.999922, -0.0118174, 0.00395639, 0.0118079, 0.999927, 0.00241599, -0.00398465, -0.00236908, 0.999989, 0.00289086  
145, 15.6301, 5.91717, 180.385, 0.999932, -0.0113098, 0.00294794, 0.0113053, 0.999935, 0.00156364, -0.00296543, -0.00153021, 0.999994, 0.00317934  
146, 15.6023, 5.90269, 180.37, 0.999925, -0.0114743, 0.00424626, 0.0114604, 0.999929, 0.00326185, -0.00428339, -0.00321295, 0.999986, 0.00287228  
147, 15.5972, 5.92063, 180.384, 0.999926, -0.0115502, 0.00386962, 0.0115437, 0.999932, 0.00171662, -0.00388918, -0.00167183, 0.999991, 0.00292387  
148, 15.6187, 5.92725, 180.356, 0.999925, -0.0116413, 0.00373232, 0.0116353, 0.999931, 0.00163201, -0.00375107, -0.00158846, 0.999992, 0.00284065  
149, 15.6305, 5.90577, 180.366, 0.999926, -0.0113738, 0.00420223, 0.011366, 0.999934, 0.00187912, -0.00422332, -0.00183122, 0.999989, 0.00296076  
150, 15.6123, 5.91656, 180.364, 0.999925, -0.0117309, 0.00348917, 0.0117237, 0.999929, 0.00205975, -0.00351309, -0.00201869, 0.999992, 0.0031258  
151, 15.6008, 5.90093, 180.382, 0.999926, -0.0115963, 0.00364132, 0.0115879, 0.99993, 0.002313, -0.00366788, -0.00227064, 0.999991, 0.00287477  
152, 15.6274, 5.89311, 180.383, 0.999926, -0.011475, 0.00401844, 0.0114651, 0.999931, 0.00247024, -0.00404651, -0.00242399, 0.999989, 0.00289502  
153, 15.6122, 5.90914, 180.387, 0.999925, -0.0118828, 0.00308288, 0.0118785, 0.999928, 0.00140338, -0.00309933, -0.00136666, 0.999994, 0.002834  
154, 15.6155, 5.90541, 180.386, 0.999932, -0.0111628, 0.00338504, 0.0111559, 0.999936, 0.00204841, -0.00340769, -0.00201051, 0.999992, 0.00298101  
155, 15.6192, 5.89676, 180.375, 0.999934, -0.0111397, 0.00296189, 0.0111342, 0.999936, 0.00187041, -0.00298254, -0.00183731, 0.999994, 0.00312691  
156, 15.6073, 5.91312, 180.377, 0.999932, -0.0111131, 0.00347832, 0.0111043, 0.999935, 0.00254754, -0.00350641, -0.00250874, 0.999991, 0.00290695  
157, 15.6187, 5.90114, 180.389, 0.999933, -0.0111446, 0.00306125, 0.0111379, 0.999936, 0.00218275, -0.00308538, -0.00214851, 0.999993, 0.00305119  
158, 15.5947, 5.92111, 180.378, 0.999932, -0.0113605, 0.00272084, 0.0113551, 0.999933, 0.00202084, -0.00274362, -0.00198981, 0.999994, 0.00304647  
159, 15.611, 5.90971, 180.388, 0.999934, -0.0110192, 0.00320764, 0.0110131, 0.999938, 0.00190758, -0.00322846, -0.00187212, 0.999993, 0.00310361  
160, 15.5797, 5.92491, 180.39, 0.999934, -0.0107809, 0.00387558, 0.0107742, 0.99994, 0.00175114, -0.00389423, -0.00170927, 0.999991, 0.00329001  
161, 15.6098, 5.92072, 180.389, 0.999943, -0.0101677, 0.00334562, 0.0101576, 0.999944, 0.00301725, -0.00337611, -0.00298309, 0.99999, 0.00277963  
162, 15.6053, 5.91152, 180.4, 0.99993, -0.0113745, 0.00325693, 0.0113681, 0.999933, 0.00195504, -0.00327895, -0.00191788, 0.999993, 0.00282318  
163, 15.5872, 5.90054, 180.396, 0.999931, -0.0112585, 0.00326761, 0.011253, 0.999935, 0.00167876, -0.0032863, -0.00164188, 0.999993, 0.00274995  
164, 15.5718, 5.88937, 180.394, 0.99992, -0.0120242, 0.00384623, 0.0120153, 0.999925, 0.00233984, -0.00387407, -0.00229344, 0.99999, 0.00306256  
165, 15.5773, 5.88754, 180.4, 0.999924, -0.0116998, 0.00400446, 0.0116934, 0.99993, 0.00163819, -0.00402335, -0.00159124, 0.999991, 0.00319626  
166, 15.6111, 5.90525, 180.383, 0.999926, -0.0116998, 0.00325765, 0.0116978, 0.999931, 0.000643123, -0.00326495, -0.000604968, 0.999994, 0.00278712  
167, 15.5858, 5.89534, 180.374, 0.999922, -0.0120886, 0.00327551, 0.012086, 0.999927, 0.000805912, -0.00328501, -0.000766261, 0.999994, 0.00294634  
168, 15.5846, 5.87382, 180.357, 0.999919, -0.0119857, 0.00435565, 0.0119786, 0.999927, 0.00163968, -0.00437498, -0.00158737, 0.999989, 0.00278407  
169, 15.5909, 5.8695, 180.327, 0.99993, -0.0112273, 0.00385519, 0.0112181, 0.999934, 0.00241184, -0.00388201, -0.00236842, 0.99999, 0.00295077  
170, 15.5855, 5.88183, 180.351, 0.999926, -0.0116401, 0.00350936, 0.011635, 0.999931, 0.00147194, -0.00352625, -0.001431, 0.999993, 0.00325783  
171, 15.5992, 5.86182, 180.333, 0.999924, -0.0117731, 0.00361341, 0.0117686, 0.99993, 0.00128128, -0.00362824, -0.00123866, 0.999993, 0.00282457  
172, 15.6087, 5.8459, 180.336, 0.999917, -0.0122771, 0.00387241, 0.0122695, 0.999923, 0.00197122, -0.00389631, -0.00192354, 0.999991, 0.00290612  
173, 15.576, 5.84443, 180.372, 0.999923, -0.0115398, 0.00454782, 0.011531, 0.999932, 0.00195819, -0.00457011, -0.0019056, 0.999988, 0.00274302  
174, 15.5932, 5.90367, 180.364, 0.999925, -0.0117688, 0.00334539, 0.0117578, 0.999925, 0.00329253, -0.00338389, -0.00325294, 0.999989, 0.00287644  
175, 15.5695, 5.97443, 180.388, 0.999916, -0.0124254, 0.00359533, 0.0124066, 0.999909, 0.00521247, -0.00365977, -0.00516743, 0.99998, 0.00316047  
176, 15.5898, 6.04, 180.358, 0.999926, -0.0118687, 0.00277307, 0.0118523, 0.999912, 0.00588229, -0.00284264, -0.00584899, 0.999979, 0.00275023  
177, 15.5964, 6.11493, 180.34, 0.999928, -0.0115552, 0.00334597, 0.0115242, 0.999892, 0.00914559, -0.00345129, -0.00910637, 0.999953, 0.00288503  
178, 15.607, 6.17573, 180.333, 0.999928, -0.0115721, 0.00307913, 0.0115381, 0.999875, 0.0108289, -0.00320406, -0.0107926, 0.999937, 0.00279322  
179, 15.621, 6.29336, 180.337, 0.999926, -0.0117189, 0.00330237, 0.0116702, 0.999828, 0.0144144, -0.00347073, -0.0143748, 0.999891, 0.00310527  
180, 15.6503, 6.42816, 180.323, 0.999929, -0.011492, 0.00316486, 0.0114348, 0.999781, 0.0175472, -0.00336582, -0.0175098, 0.999841, 0.0032423  
181, 15.6122, 6.52238, 180.309, 0.999931, -0.011199, 0.00341562, 0.0111241, 0.999713, 0.0212165, -0.00365225, -0.0211771, 0.999769, 0.00296215  
182, 15.6089, 6.63071, 180.316, 0.999932, -0.011384, 0.00237726, 0.0113231, 0.999642, 0.0242283, -0.00265223, -0.0241997, 0.999704, 0.00297213  
183, 15.6204, 6.71954, 180.32, 0.999929, -0.0115216, 0.00312559, 0.011433, 0.99957, 0.0270111, -0.00343546, -0.0269734, 0.99963, 0.00271139  
184, 15.6106, 6.80494, 180.343, 0.999922, -0.0120134, 0.00343152, 0.0119033, 0.999465, 0.0304675, -0.0037957, -0.0304243, 0.99953, 0.00310611  
185, 15.5812, 6.87088, 180.328, 0.99992, -0.0121748, 0.00351391, 0.0120512, 0.999373, 0.0332901, -0.00391701, -0.0332451, 0.99944, 0.00320347  
186, 15.5789, 6.9088, 180.356, 0.999914, -0.0125424, 0.00387585, 0.012396, 0.999285, 0.0357237, -0.00432114, -0.0356726, 0.999354, 0.00278157  
187, 15.5661, 6.96261, 180.383, 0.999907, -0.0129116, 0.00450334, 0.0127275, 0.999167, 0.0387628, -0.00500008, -0.0387019, 0.999238, 0.00294439  
188, 15.5667, 6.93336, 180.354, 0.999922, -0.0118582, 0.00395363, 0.0116908, 0.999132, 0.0399723, -0.0044242, -0.0399229, 0.999193, 0.00271916  
189, 15.5747, 6.99766, 180.391, 0.999915, -0.0123252, 0.00421504, 0.0121318, 0.998994, 0.0431752, -0.00474295, -0.0431204, 0.999059, 0.00312469  
190, 15.5742, 7.0469, 180.362, 0.999915, -0.0123691, 0.00422456, 0.012161, 0.99886, 0.0461676, -0.00479079, -0.0461123, 0.998925, 0.00307088  
191, 15.5637, 7.1072, 180.377, 0.999924, -0.011931, 0.00314268, 0.0117639, 0.998745, 0.0486789, -0.00371953, -0.0486383, 0.99881, 0.00281624  
192, 15.5517, 7.16156, 180.353, 0.999935, -0.0109007, 0.00331946, 0.0107086, 0.998525, 0.0532254, -0.00389476, -0.0531864, 0.998577, 0.00292082  
193, 15.5589, 7.15854, 180.354, 0.999932, -0.011273, 0.00297104, 0.0110917, 0.99841, 0.0552641, -0.00358931, -0.0552274, 0.998467, 0.00294162  
194, 15.5358, 7.16886, 180.353, 0.999938, -0.0106641, 0.0032742, 0.0104554, 0.998248, 0.0582295, -0.00388943, -0.0581917, 0.998298, 0.00311803  
195, 15.4973, 7.17319, 180.333, 0.999926, -0.0114758, 0.003968, 0.0112031, 0.99795, 0.0630128, -0.00468299, -0.0629637, 0.998005, 0.0031982  
196, 15.485, 7.14711, 180.338, 0.999945, -0.0104094, 0.00147279, 0.0102919, 0.997841, 0.0648651, -0.00214482, -0.0648464, 0.997893, 0.00284703  
197, 15.4538, 7.1712, 180.307, 0.999941, -0.0104581, 0.00280695, 0.010237, 0.997513, 0.0697296, -0.00352921, -0.0696968, 0.997562, 0.00291305  
198, 15.4281, 7.12174, 180.328, 0.999942, -0.0104072, 0.00287254, 0.010172, 0.997324, 0.0724004, -0.00361834, -0.0723669, 0.997372, 0.00272637  
199, 15.4361, 7.09201, 180.307, 0.999936, -0.0109457, 0.0027753, 0.010704, 0.997069, 0.0757577, -0.00359639, -0.0757232, 0.997122, 0.00293996  
200, 15.3624, 7.02473, 180.344, 0.999936, -0.0107929, 0.00334185, 0.0105036, 0.996976, 0.0769963, -0.00416276, -0.0769562, 0.997026, 0.00295882  
201, 15.3769, 6.96422, 180.298, 0.999943, -0.0103443, 0.0025525, 0.0101016, 0.996613, 0.0816117, -0.00338807, -0.0815812, 0.996661, 0.00282651  
202, 15.3402, 6.92198, 180.292, 0.999949, -0.00985722, 0.00196442, 0.00965661, 0.996395, 0.0842842, -0.00278815, -0.084261, 0.99644, 0.00294883  
203, 15.3308, 6.83719, 180.319, 0.999951, -0.00977491, 0.0014891, 0.00960726, 0.996123, 0.0874458, -0.00233811, -0.0874272, 0.996168, 0.00291222  
204, 15.2774, 6.7031, 180.352, 0.999953, -0.00952269, 0.00186047, 0.00931877, 0.995969, 0.0892101, -0.0027025, -0.0891885, 0.996011, 0.00320069  
205, 15.2302, 6.53626, 180.373, 0.999955, -0.0091137, 0.00255377, 0.00884105, 0.995745, 0.0917312, -0.00337891, -0.0917045, 0.995781, 0.00312164  
206, 15.1852, 6.38503, 180.381, 0.999955, -0.00946368, 0.00107277, 0.00932213, 0.995585, 0.0934016, -0.00195195, -0.0933874, 0.995628, 0.00278268  
207, 15.1685, 6.22583, 180.38, 0.999958, -0.00914344, 0.00111259, 0.00899585, 0.99541, 0.0952764, -0.00197864, -0.0952623, 0.99545, 0.00279128  
208, 15.1162, 6.05165, 180.429, 0.999958, -0.00917265, 0.000898308, 0.00903805, 0.995013, 0.0993371, -0.00180501, -0.0993247, 0.995053, 0.00293912  
209, 15.0921, 5.84221, 180.434, 0.999965, -0.00832764, 0.000162424, 0.00826897, 0.994885, 0.10068, -0.00100002, -0.100675, 0.994919, 0.0030645  
210, 15.0197, 5.66449, 180.495, 0.999956, -0.00928129, 0.0014933, 0.0090769, 0.994588, 0.103505, -0.00244587, -0.103486, 0.994628, 0.00304758  
211, 14.9916, 5.42688, 180.519, 0.999961, -0.00886163, -0.000280898, 0.0088416, 0.994346, 0.10582, -0.000658426, -0.105818, 0.994385, 0.00278407  
212, 14.9636, 5.1254, 180.506, 0.999959, -0.00900845, 0.000362911, 0.00891558, 0.994031, 0.108731, -0.00134025, -0.108724, 0.994071, 0.00283427  
213, 14.9088, 4.84118, 180.522, 0.999964, -0.00846143, 0.00107237, 0.00828913, 0.993731, 0.11149, -0.00200901, -0.111477, 0.993765, 0.00282096  
214, 14.8522, 4.4718, 180.526, 0.999963, -0.00858763, 0.00093796, 0.00842388, 0.993394, 0.11444, -0.00191453, -0.114428, 0.99343, 0.00316075  
215, 14.7769, 3.98852, 180.526, 0.999961, -0.00880688, 0.00059584, 0.0086828, 0.993533, 0.113215, -0.00158906, -0.113206, 0.99357, 0.00309446  
216, 14.711, 3.56633, 180.532, 0.999963, -0.0086363, -0.00050388, 0.00863725, 0.993399, 0.11438, -0.000487268, -0.11438, 0.993437, 0.00282401  
217, 14.6808, 3.11749, 180.501, 0.999969, -0.00775442, -0.00151128, 0.00787711, 0.993271, 0.115547, 0.000605108, -0.115556, 0.993301, 0.00284204  
218, 14.6289, 2.57581, 180.51, 0.999976, -0.00685129, -0.000794848, 0.0068972, 0.992929, 0.118508, -2.27051e-005, -0.118511, 0.992953, 0.00275661  
219, 14.6146, 2.02192, 180.508, 0.999974, -0.00706485, -0.00150532, 0.00719386, 0.992856, 0.119106, 0.000653099, -0.119113, 0.99288, 0.00317434  
220, 14.5808, 1.44399, 180.518, 0.999978, -0.00655137, -0.00132734, 0.00666244, 0.992945, 0.118385, 0.00054239, -0.118392, 0.992967, 0.0031871  
221, 14.5634, 0.650532, 180.493, 0.99997, -0.00755684, -0.00171972, 0.0077058, 0.993152, 0.116573, 0.000827024, -0.116582, 0.993181, 0.00285702  
222, 14.6442, -0.0605335, 180.485, 0.999971, -0.00751274, -0.00115812, 0.00759666, 0.993097, 0.117054, 0.000270728, -0.117059, 0.993125, 0.00286922  
223, 14.711, -0.848428, 180.423, 0.999977, -0.00662441, -0.00170896, 0.00677814, 0.9932, 0.116222, 0.000927435, -0.116231, 0.993222, 0.00276576  
224, 14.8013, -1.71235, 180.446, 0.999972, -0.00731573, -0.00134511, 0.00742294, 0.993086, 0.11715, 0.000478766, -0.117157, 0.993113, 0.0031749  
225, 14.9222, -2.55742, 180.42, 0.999977, -0.00657481, -0.00146577, 0.00670017, 0.993273, 0.1156, 0.00069586, -0.115608, 0.993295, 0.0030706  
226, 15.1192, -3.40712, 180.426, 0.999971, -0.00745397, -0.00140759, 0.00756608, 0.993403, 0.114429, 0.000545354, -0.114436, 0.99343, 0.00287838  
227, 15.2714, -4.44535, 180.429, 0.999968, -0.00797449, -7.40053e-005, 0.00793378, 0.993837, 0.110564, -0.000808146, -0.110562, 0.993869, 0.00288171  
228, 15.5201, -5.406, 180.358, 0.999964, -0.00820245, -0.0023106, 0.00840507, 0.994036, 0.10873, 0.00140496, -0.108746, 0.994069, 0.00279183  
229, 15.6568, -6.55554, 180.361, 0.999965, -0.00840603, -0.000233018, 0.00838371, 0.994385, 0.105488, -0.000655027, -0.105486, 0.994421, 0.00313079  
230, 15.8587, -7.60436, 180.39, 0.999956, -0.00934017, 8.40478e-005, 0.0092824, 0.994694, 0.102463, -0.00104062, -0.102458, 0.994737, 0.00311526  
231, 16.014, -8.68627, 180.366, 0.99996, -0.00882684, 0.0016885, 0.00860894, 0.994761, 0.101868, -0.00257883, -0.101849, 0.994797, 0.00285397  
232, 16.2398, -9.82305, 180.318, 0.999958, -0.00832711, 0.0039523, 0.00789003, 0.994952, 0.100039, -0.00476539, -0.100004, 0.994976, 0.00290445  
233, 16.5289, -10.8016, 180.234, 0.999979, -0.00609014, 0.0023489, 0.00582074, 0.994834, 0.101351, -0.00295401, -0.101335, 0.994848, 0.00278546  
234, 16.7492, -12.0926, 180.202, 0.999976, -0.00514586, 0.00468722, 0.00466088, 0.995158, 0.0981761, -0.00516973, -0.0981519, 0.995158, 0.00296381  
235, 17.0055, -13.2925, 180.204, 0.999975, -0.00343987, 0.00621011, 0.00281439, 0.995177, 0.0980602, -0.00651747, -0.0980403, 0.995161, 0.0031086  
236, 17.268, -14.656, 180.191, 0.999964, -0.00430435, 0.0073419, 0.00360029, 0.995627, 0.0933499, -0.0077116, -0.09332, 0.995606, 0.00284814  
237, 17.6047, -16.0869, 180.192, 0.999954, -0.0049306, 0.00823966, 0.00416715, 0.995912, 0.0902328, -0.00865087, -0.0901943, 0.995887, 0.00295383  
238, 17.8933, -17.5056, 180.181, 0.999938, -0.00670692, 0.00888544, 0.00593006, 0.996385, 0.0847433, -0.00942169, -0.0846854, 0.996363, 0.00285286  
239, 18.1645, -18.901, 180.168, 0.999912, -0.00864712, 0.0100971, 0.00777597, 0.996491, 0.0833403, -0.0107823, -0.0832544, 0.99647, 0.00318488  
240, 18.3643, -20.233, 180.246, 0.999863, -0.0103687, 0.0128679, 0.0092806, 0.996596, 0.0819152, -0.0136735, -0.0817846, 0.996556, 0.0031663  
241, 18.5465, -21.5452, 180.282, 0.999857, -0.0110622, 0.0127928, 0.00996956, 0.996539, 0.0825321, -0.0136615, -0.0823928, 0.996506, 0.00287255  
242, 18.7053, -23.0964, 180.317, 0.9998, -0.0114853, 0.0163876, 0.0101649, 0.996863, 0.0784968, -0.0172377, -0.0783145, 0.99678, 0.0029333  
243, 18.9817, -24.6187, 180.352, 0.999757, -0.011404, 0.0188526, 0.0100249, 0.997376, 0.0716928, -0.0196207, -0.0714864, 0.997249, 0.00279794  
244, 19.183, -26.1739, 180.333, 0.999717, -0.0119023, 0.0205833, 0.0104953, 0.997687, 0.0671662, -0.0213351, -0.0669312, 0.997529, 0.00306894  
245, 19.4155, -27.4352, 180.32, 0.999725, -0.0119261, 0.0201766, 0.0105881, 0.997818, 0.0651683, -0.0209098, -0.0649368, 0.99767, 0.00306838  
246, 19.6181, -29.0531, 180.327, 0.999698, -0.0123612, 0.0212229, 0.0110709, 0.998144, 0.0598778, -0.0219237, -0.0596247, 0.99798, 0.00279821  
247, 19.8795, -30.4606, 180.362, 0.999762, -0.0120157, 0.0182056, 0.0109564, 0.998302, 0.0572052, -0.018862, -0.0569921, 0.998196, 0.00288337  
248, 20.0258, -32.0847, 180.334, 0.999721, -0.0123257, 0.0201429, 0.0112192, 0.99847, 0.054151, -0.0207795, -0.0539099, 0.99833, 0.00284787  
249, 20.1785, -33.7128, 180.422, 0.999723, -0.0126702, 0.0198241, 0.0116991, 0.998762, 0.048355, -0.0204122, -0.0481097, 0.998633, 0.00301679  
250, 20.3207, -35.3714, 180.438, 0.999684, -0.0142957, 0.020672, 0.0133829, 0.998958, 0.0436416, -0.0212744, -0.0433511, 0.998833, 0.00328724  
251, 20.4162, -36.9478, 180.479, 0.999728, -0.0132689, 0.0191806, 0.0125198, 0.999174, 0.0386569, -0.0196776, -0.0384063, 0.999068, 0.00280182  
252, 20.5925, -38.5845, 180.463, 0.999721, -0.0139339, 0.0190471, 0.0132851, 0.999341, 0.0337704, -0.0195051, -0.033508, 0.999248, 0.00291111  
253, 20.7552, -40.2088, 180.441, 0.999738, -0.013407, 0.0185658, 0.0128675, 0.9995, 0.0288814, -0.0189437, -0.0286349, 0.99941, 0.00273747  
254, 20.8888, -41.7276, 180.342, 0.99963, -0.0148519, 0.0227688, 0.0140956, 0.999355, 0.0330259, -0.0232446, -0.0326928, 0.999195, 0.00306811  
255, 21.0093, -43.4214, 180.332, 0.999643, -0.0148917, 0.0221976, 0.0142939, 0.999537, 0.0268516, -0.0225872, -0.0265247, 0.999393, 0.00329195  
256, 21.119, -45.0898, 180.37, 0.999636, -0.01555, 0.0220463, 0.0150815, 0.99966, 0.0212611, -0.0223694, -0.0209209, 0.999531, 0.00278934  
257, 21.2556, -46.6691, 180.385, 0.999648, -0.0148324, 0.0220137, 0.0144264, 0.999725, 0.0184889, -0.0222819, -0.0181648, 0.999587, 0.00290057  
258, 21.3901, -48.3651, 180.407, 0.999703, -0.0138675, 0.0200468, 0.0136651, 0.999855, 0.0101951, -0.0201853, -0.00991811, 0.999747, 0.00277935  
259, 21.4956, -49.9947, 180.437, 0.999653, -0.0129726, 0.0229474, 0.012765, 0.999877, 0.0091669, -0.0230635, -0.00887079, 0.999695, 0.00299266  
260, 21.5896, -51.6792, 180.419, 0.999576, -0.0132396, 0.0259354, 0.0131235, 0.999903, 0.00464177, -0.0259944, -0.00429944, 0.999653, 0.00305368  
261, 21.7199, -53.4342, 180.391, 0.999466, -0.0132594, 0.0298601, 0.0132229, 0.999912, 0.00141999, -0.0298763, -0.00102439, 0.999553, 0.00273996  
262, 21.8892, -55.1131, 180.358, 0.999411, -0.0133902, 0.031584, 0.0134655, 0.999907, -0.00217327, -0.031552, 0.00259728, 0.999499, 0.00293912  
263, 22.0449, -56.7125, 180.325, 0.999382, -0.0146198, 0.0319721, 0.0148354, 0.999869, -0.00651679, -0.0318726, 0.00698708, 0.999468, 0.00275494  
264, 22.2456, -58.5348, 180.261, 0.999395, -0.0149704, 0.0314005, 0.0154217, 0.999781, -0.0141773, -0.0311814, 0.014653, 0.999406, 0.00300653  
265, 22.306, -59.9603, 180.37, 0.999428, -0.0152888, 0.030179, 0.0157513, 0.999761, -0.0151484, -0.0299402, 0.0156151, 0.99943, 0.00323953  
266, 22.3193, -61.6161, 180.393, 0.999428, -0.0167142, 0.0294051, 0.0172914, 0.999661, -0.0194854, -0.0290694, 0.0199827, 0.999378, 0.00280709  
267, 22.2567, -63.2107, 180.4, 0.999544, -0.0161253, 0.02553, 0.0167542, 0.999557, -0.0246161, -0.0251218, 0.0250327, 0.999371, 0.00284925  
268, 22.214, -64.8483, 180.347, 0.999502, -0.0169883, 0.0265902, 0.0176671, 0.999519, -0.0255033, -0.0261441, 0.0259603, 0.999321, 0.00276243  
269, 22.1102, -66.34, 180.245, 0.999535, -0.0162078, 0.0258442, 0.016869, 0.999531, -0.0255746, -0.0254175, 0.0259986, 0.999339, 0.00310611  
270, 22.07, -67.9243, 180.245, 0.999567, -0.016124, 0.0246117, 0.0168667, 0.999399, -0.030271, -0.0241088, 0.030673, 0.999239, 0.00315576  
271, 21.9134, -69.3898, 180.188, 0.999621, -0.0170872, 0.0215981, 0.0178127, 0.999268, -0.033854, -0.0210038, 0.0342259, 0.999193, 0.00276659  
272, 21.7735, -71.0059, 180.256, 0.999607, -0.0184061, 0.0211493, 0.0192494, 0.998999, -0.0403891, -0.0203847, 0.0407803, 0.99896, 0.00280099  
273, 21.74, -72.3566, 180.346, 0.999603, -0.0194652, 0.0203781, 0.0203347, 0.998852, -0.0433697, -0.0195105, 0.0437669, 0.998851, 0.00273553  
274, 21.6095, -73.7477, 180.355, 0.999623, -0.0199079, 0.0189334, 0.0207637, 0.998719, -0.0461353, -0.0179907, 0.046511, 0.998756, 0.00329084  
