0, 0, 0, 0, 0, 0, 0, 0, 0, 0, 0, 0, 0, 0.00650485  
1, 0, 0, 0, 0, 0, 0, 0, 0, 0, 0, 0, 0, 0.00294356  
2, 15.7747, 43.9061, 180.414, 0.999958, -0.00269441, -0.00876836, 0.00300738, 0.999352, 0.0358781, 0.008666, -0.035903, 0.999318, 0.002753  
3, 15.7536, 43.892, 180.423, 0.99996, -0.00311045, -0.00833455, 0.00341391, 0.999322, 0.0366455, 0.00821492, -0.0366725, 0.999294, 0.00279156  
4, 15.7729, 43.8996, 180.416, 0.999959, -0.00268301, -0.00864197, 0.00299604, 0.999332, 0.0364142, 0.0085385, -0.0364386, 0.999299, 0.00287338  
5, 15.7733, 43.909, 180.42, 0.999962, -0.00257919, -0.00835084, 0.00287489, 0.999362, 0.035594, 0.00825371, -0.0356167, 0.999331, 0.0027408  
6, 15.7707, 43.9069, 180.415, 0.99996, -0.0028039, -0.00852, 0.00310826, 0.99935, 0.0359229, 0.00841373, -0.0359479, 0.999318, 0.00290584  
7, 15.7834, 43.9213, 180.427, 0.999957, -0.00291331, -0.00884921, 0.00322377, 0.999373, 0.0352734, 0.0087409, -0.0353004, 0.999339, 0.00266951  
8, 15.7731, 43.9118, 180.405, 0.999959, -0.00307593, -0.00853857, 0.00338199, 0.999344, 0.036064, 0.00842204, -0.0360914, 0.999313, 0.00297463  
9, 15.7876, 43.9279, 180.395, 0.999954, -0.00314296, -0.00909984, 0.00346642, 0.999355, 0.0357513, 0.0089816, -0.0357812, 0.999319, 0.00304286  
10, 15.7662, 43.8978, 180.406, 0.999958, -0.00323174, -0.00856108, 0.00352919, 0.999382, 0.0349609, 0.00844281, -0.0349897, 0.999352, 0.00272915  
11, 15.7753, 43.9173, 180.425, 0.999954, -0.0034699, -0.00896362, 0.00378844, 0.999353, 0.0357678, 0.00883371, -0.0358001, 0.99932, 0.00290944  
12, 15.7818, 43.9122, 180.417, 0.999961, -0.00229408, -0.00847995, 0.00259975, 0.999341, 0.036213, 0.00839128, -0.0362336, 0.999308, 0.00277048  
13, 15.7605, 43.8976, 180.411, 0.999957, -0.00273064, -0.0088423, 0.00304887, 0.999341, 0.0361785, 0.00873768, -0.0362039, 0.999306, 0.00296159  
14, 15.7813, 43.905, 180.408, 0.999956, -0.00301343, -0.00886728, 0.00333182, 0.999342, 0.0361136, 0.00875262, -0.0361415, 0.999308, 0.00442117  
15, 15.7715, 43.8953, 180.422, 0.999959, -0.00265934, -0.00870962, 0.00297482, 0.999332, 0.0364118, 0.00860697, -0.0364362, 0.999299, 0.00276521  
16, 15.7801, 43.9192, 180.419, 0.999957, -0.00300787, -0.00873748, 0.00331857, 0.999355, 0.0357661, 0.00862426, -0.0357936, 0.999322, 0.00276021  
17, 15.7803, 43.9196, 180.398, 0.999954, -0.00254747, -0.00924676, 0.00287875, 0.999348, 0.0359921, 0.00914904, -0.036017, 0.999309, 0.00268588  
18, 15.7664, 43.8963, 180.411, 0.999959, -0.0025285, -0.00868123, 0.00283964, 0.999347, 0.0360164, 0.0085845, -0.0360396, 0.999313, 0.00299654  
19, 15.7725, 43.92, 180.417, 0.99996, -0.00287688, -0.00841355, 0.00318226, 0.999328, 0.0365106, 0.00830287, -0.0365359, 0.999298, 0.00304897  
20, 15.7482, 43.92, 180.429, 0.999961, -0.00294323, -0.00832411, 0.00324671, 0.999322, 0.0366823, 0.0082105, -0.0367079, 0.999292, 0.00272443  
21, 15.7665, 43.9092, 180.407, 0.999957, -0.00237767, -0.00897914, 0.00270103, 0.999342, 0.0361733, 0.00888722, -0.0361959, 0.999305, 0.0030068  
22, 15.7734, 43.8919, 180.423, 0.99996, -0.00303315, -0.00835873, 0.0033325, 0.999345, 0.0360349, 0.00824395, -0.0360613, 0.999316, 0.00267755  
23, 15.7609, 43.9073, 180.408, 0.999957, -0.00253222, -0.00895757, 0.00285908, 0.999323, 0.0366673, 0.00885866, -0.0366913, 0.999287, 0.00299183  
24, 15.769, 43.9167, 180.42, 0.999958, -0.00246666, -0.00879838, 0.00278582, 0.999332, 0.0364492, 0.00870259, -0.0364722, 0.999297, 0.00288531  
25, 15.7728, 43.9047, 180.413, 0.999964, -0.00240462, -0.00814653, 0.00269922, 0.999336, 0.0363465, 0.00805371, -0.0363671, 0.999306, 0.00254053  
26, 15.7732, 43.9069, 180.431, 0.999965, -0.00254023, -0.00794699, 0.00282712, 0.999337, 0.0363003, 0.00784951, -0.0363215, 0.999309, 0.00303926  
27, 15.7783, 43.9177, 180.413, 0.999956, -0.00267126, -0.00896264, 0.00299552, 0.999334, 0.0363627, 0.00885954, -0.036388, 0.999298, 0.00267145  
28, 15.7691, 43.9126, 180.416, 0.999956, -0.00263635, -0.00903674, 0.00296245, 0.999338, 0.0362648, 0.00893514, -0.03629, 0.999301, 0.00295077  
29, 15.7698, 43.916, 180.409, 0.99996, -0.00262662, -0.00853635, 0.00293009, 0.999357, 0.0357346, 0.008437, -0.0357581, 0.999325, 0.00298406  
30, 15.7705, 43.9233, 180.399, 0.999958, -0.00291222, -0.0087141, 0.00322336, 0.99935, 0.0359074, 0.00860387, -0.035934, 0.999317, 0.00274662  
31, 15.7593, 43.918, 180.429, 0.999967, -0.00280228, -0.00764664, 0.00308063, 0.999324, 0.0366359, 0.0075388, -0.0366582, 0.999299, 0.00276326  
32, 15.7764, 43.9015, 180.422, 0.999957, -0.00286207, -0.00879715, 0.00318251, 0.999324, 0.03663, 0.00868637, -0.0366564, 0.99929, 0.00271278  
33, 15.748, 43.9159, 180.417, 0.99996, -0.00264604, -0.00855132, 0.0029587, 0.99932, 0.0367593, 0.00844824, -0.0367831, 0.999288, 0.00277575  
34, 15.7901, 43.9238, 180.421, 0.99996, -0.00283954, -0.00850732, 0.00314382, 0.999348, 0.0359698, 0.00839963, -0.0359951, 0.999317, 0.0030473  
35, 15.7754, 43.9013, 180.416, 0.999959, -0.00254813, -0.00869444, 0.00286413, 0.999329, 0.0365284, 0.00859552, -0.0365518, 0.999295, 0.00274773  
36, 15.7725, 43.9216, 180.402, 0.99996, -0.00291574, -0.0084912, 0.0032202, 0.999344, 0.0360656, 0.00838047, -0.0360915, 0.999313, 0.00300292  
37, 15.7686, 43.9012, 180.404, 0.999965, -0.00254894, -0.00798682, 0.00283551, 0.999345, 0.0360761, 0.00788964, -0.0360975, 0.999317, 0.00267977  
38, 15.745, 43.9079, 180.413, 0.999963, -0.00278693, -0.00809137, 0.003078, 0.99934, 0.0361862, 0.00798519, -0.0362098, 0.999312, 0.00280765  
39, 15.7564, 43.9023, 180.403, 0.999963, -0.00194948, -0.00832997, 0.00225242, 0.999331, 0.0365147, 0.00825321, -0.0365321, 0.999298, 0.0030412  
40, 15.7663, 43.9117, 180.417, 0.99995, -0.00263978, -0.00961794, 0.0029784, 0.99937, 0.035365, 0.00951853, -0.0353919, 0.999328, 0.00273525  
41, 15.7563, 43.9046, 180.424, 0.999963, -0.00277937, -0.00816378, 0.00307392, 0.999336, 0.0362928, 0.00805749, -0.0363166, 0.999308, 0.00304786  
42, 15.7668, 43.9056, 180.415, 0.99996, -0.00311185, -0.00839269, 0.00341349, 0.99934, 0.0361696, 0.00827459, -0.0361968, 0.99931, 0.00270807  
43, 15.7632, 43.9133, 180.423, 0.999952, -0.00318045, -0.0092825, 0.00350884, 0.999361, 0.0355787, 0.00916341, -0.0356096, 0.999324, 0.00277824  
44, 15.7533, 43.9035, 180.42, 0.99996, -0.00323675, -0.008332, 0.00353917, 0.999326, 0.0365411, 0.00820811, -0.0365691, 0.999297, 0.00276243  
45, 15.7681, 43.922, 180.408, 0.99996, -0.00261033, -0.00855037, 0.00292011, 0.999332, 0.0364198, 0.0084496, -0.0364433, 0.9993, 0.00268227  
46, 15.7647, 43.8895, 180.41, 0.999966, -0.00250943, -0.00780696, 0.0027886, 0.999349, 0.0359559, 0.00771165, -0.0359764, 0.999323, 0.00297324  
47, 15.774, 43.915, 180.405, 0.99996, -0.00237701, -0.00864082, 0.00268975, 0.999335, 0.0363641, 0.00854864, -0.0363859, 0.999301, 0.00273164  
48, 15.77, 43.9053, 180.41, 0.999961, -0.00283353, -0.00839428, 0.00313649, 0.999336, 0.0363013, 0.00828584, -0.0363262, 0.999306, 0.00291527  
49, 15.7712, 43.9204, 180.414, 0.99996, -0.0025855, -0.00854328, 0.00289444, 0.999335, 0.0363493, 0.00844362, -0.0363726, 0.999303, 0.00278962  
50, 15.7561, 43.9083, 180.421, 0.999955, -0.00335182, -0.00892948, 0.00366623, 0.999365, 0.0354293, 0.00880506, -0.0354604, 0.999332, 0.0027358  
51, 15.7526, 43.9169, 180.42, 0.999959, -0.00275404, -0.00860634, 0.00306654, 0.999329, 0.036511, 0.00850001, -0.0365359, 0.999296, 0.00283205  
52, 15.7581, 43.9421, 180.407, 0.999959, -0.00313015, -0.00845575, 0.00343182, 0.999349, 0.0359003, 0.00833787, -0.0359279, 0.99932, 0.00279794  
53, 15.7583, 43.9038, 180.421, 0.999965, -0.00305858, -0.00772366, 0.00333128, 0.999363, 0.0355443, 0.00761003, -0.0355688, 0.999338, 0.00291749  
54, 15.764, 43.9154, 180.413, 0.999956, -0.00265916, -0.00901929, 0.00297458, 0.999378, 0.0351398, 0.00892023, -0.035165, 0.999342, 0.0029824  
55, 15.7649, 43.9029, 180.409, 0.999961, -0.00241401, -0.00846968, 0.00272472, 0.999316, 0.0368671, 0.0083749, -0.0368888, 0.999284, 0.00289613  
56, 15.7511, 43.9121, 180.413, 0.999953, -0.00301337, -0.00919578, 0.00334167, 0.99935, 0.0358964, 0.00908163, -0.0359255, 0.999313, 0.00278296  
57, 15.7457, 43.9112, 180.424, 0.999962, -0.00288839, -0.00823775, 0.00318333, 0.999346, 0.0360182, 0.00812833, -0.036043, 0.999317, 0.00270723  
58, 15.7455, 43.9072, 180.417, 0.999965, -0.0029285, -0.00782671, 0.00321064, 0.999336, 0.0362824, 0.00771526, -0.0363063, 0.999311, 0.00285203  
59, 15.7648, 43.8962, 180.403, 0.99996, -0.00257704, -0.00858638, 0.00289266, 0.999313, 0.0369512, 0.00848526, -0.0369745, 0.99928, 0.00310916  
60, 15.7745, 43.912, 180.415, 0.999961, -0.00259243, -0.00846356, 0.00289788, 0.999337, 0.0362791, 0.0083639, -0.0363022, 0.999306, 0.00283538  
61, 15.7802, 43.8961, 180.421, 0.999963, -0.00272819, -0.00811611, 0.00302363, 0.999325, 0.0366148, 0.00801074, -0.036638, 0.999296, 0.00282151  
62, 15.7657, 43.9025, 180.416, 0.999959, -0.00258303, -0.00869317, 0.00289496, 0.999345, 0.0360622, 0.00859433, -0.0360859, 0.999312, 0.00271861  
63, 15.7631, 43.9192, 180.406, 0.999957, -0.00266585, -0.0088414, 0.00299033, 0.999315, 0.0368923, 0.00873699, -0.0369172, 0.99928, 0.00280876  
64, 15.771, 43.9185, 180.413, 0.999958, -0.00301425, -0.00865864, 0.00332551, 0.99934, 0.0361618, 0.00854393, -0.036189, 0.999308, 0.00273913  
65, 15.7646, 43.9191, 180.4, 0.999957, -0.00287293, -0.00877913, 0.00318715, 0.999347, 0.0359898, 0.00867, -0.0360162, 0.999314, 0.00272471  
66, 15.7776, 43.932, 180.425, 0.99996, -0.00264195, -0.00856194, 0.00295083, 0.999338, 0.0362658, 0.00846046, -0.0362896, 0.999306, 0.00282595  
67, 15.7747, 43.9178, 180.416, 0.999963, -0.00296717, -0.00812844, 0.00325441, 0.999362, 0.0355554, 0.00801776, -0.0355805, 0.999335, 0.0027788  
68, 15.7788, 43.9252, 180.418, 0.999957, -0.00279557, -0.0087913, 0.00310872, 0.999354, 0.0358113, 0.0086855, -0.0358372, 0.99932, 0.00276604  
69, 15.7679, 43.9204, 180.432, 0.999962, -0.00302843, -0.00818806, 0.00332305, 0.999339, 0.0362112, 0.00807299, -0.036237, 0.999311, 0.0028143  
70, 15.759, 43.9162, 180.411, 0.999961, -0.00290108, -0.00833411, 0.00320193, 0.999335, 0.036315, 0.00822321, -0.0363402, 0.999306, 0.00276465  
71, 15.767, 43.911, 180.426, 0.999961, -0.00279769, -0.00831698, 0.00309708, 0.99934, 0.0362051, 0.0082102, -0.0362294, 0.99931, 0.00290085  
72, 15.7648, 43.9049, 180.41, 0.99996, -0.00327055, -0.00836685, 0.00357154, 0.999338, 0.0362161, 0.00824286, -0.0362445, 0.999309, 0.00273192  
73, 15.7673, 43.9137, 180.426, 0.999961, -0.00271302, -0.00837268, 0.00301725, 0.999328, 0.0365403, 0.00826792, -0.0365642, 0.999297, 0.00283261  
74, 15.7551, 43.9162, 180.433, 0.999964, -0.00287014, -0.00804095, 0.00316017, 0.999336, 0.0362911, 0.00793145, -0.0363152, 0.999309, 0.00455597  
75, 15.7666, 43.901, 180.425, 0.999966, -0.00262043, -0.00781986, 0.00290525, 0.999324, 0.0366363, 0.00771857, -0.0366578, 0.999298, 0.00285341  
76, 15.7593, 43.8949, 180.414, 0.999962, -0.00297489, -0.00825047, 0.00327483, 0.999325, 0.0365822, 0.00813607, -0.0366078, 0.999297, 0.00279572  
77, 15.7684, 43.9232, 180.419, 0.999957, -0.00296513, -0.00884064, 0.00328376, 0.999337, 0.0362477, 0.00872731, -0.0362751, 0.999304, 0.00295105  
78, 15.7674, 43.9267, 180.427, 0.999958, -0.0032751, -0.00856989, 0.0035864, 0.999325, 0.036566, 0.00844435, -0.0365952, 0.999294, 0.00273636  
79, 15.7433, 43.907, 180.429, 0.999959, -0.00296487, -0.00850564, 0.00327427, 0.999325, 0.0365962, 0.00839139, -0.0366225, 0.999294, 0.00290833  
80, 15.7413, 43.904, 180.429, 0.999965, -0.00264965, -0.00795878, 0.00293996, 0.999322, 0.036689, 0.00785618, -0.0367111, 0.999295, 0.00283483  
81, 15.7524, 43.9118, 180.424, 0.999958, -0.0026672, -0.00877385, 0.00298387, 0.999337, 0.0362788, 0.00867127, -0.0363035, 0.999303, 0.00448607  
82, 15.7525, 43.9109, 180.419, 0.999963, -0.00261068, -0.00823956, 0.00290608, 0.999346, 0.0360454, 0.00814007, -0.036068, 0.999316, 0.00271167  
83, 15.7595, 43.9138, 180.398, 0.999966, -0.00237712, -0.00793889, 0.00266881, 0.999314, 0.0369356, 0.00784564, -0.0369555, 0.999286, 0.00289447  
84, 15.7654, 43.9016, 180.409, 0.999956, -0.0024715, -0.0090624, 0.00279652, 0.999347, 0.0360296, 0.00896743, -0.0360534, 0.99931, 0.00270557  
85, 15.7478, 43.9139, 180.428, 0.999961, -0.00298673, -0.0083153, 0.00328653, 0.999336, 0.0362768, 0.00820143, -0.0363027, 0.999307, 0.00281458  
86, 15.7519, 43.9054, 180.427, 0.999959, -0.00335797, -0.00844476, 0.0036644, 0.999326, 0.0365368, 0.00831637, -0.0365663, 0.999297, 0.0027824  
87, 15.7447, 43.9167, 180.414, 0.999959, -0.00334071, -0.00838669, 0.00363554, 0.999367, 0.0353891, 0.00826315, -0.0354182, 0.999338, 0.00255356  
88, 15.756, 43.9196, 180.414, 0.999961, -0.0027993, -0.00836196, 0.00310304, 0.999328, 0.0365341, 0.00825407, -0.0365586, 0.999297, 0.00280598  
89, 15.7622, 43.9194, 180.414, 0.999955, -0.00272216, -0.00908722, 0.0030465, 0.999352, 0.0358712, 0.00898368, -0.0358972, 0.999315, 0.00273802  
90, 15.7727, 43.9093, 180.414, 0.999959, -0.0027485, -0.00860024, 0.00306079, 0.999329, 0.036512, 0.00849412, -0.0365368, 0.999296, 0.00300264  
91, 15.75, 43.8846, 180.421, 0.999962, -0.00324952, -0.0081062, 0.00354135, 0.999336, 0.03625, 0.00798303, -0.0362774, 0.99931, 0.00279461  
92, 15.7622, 43.8992, 180.435, 0.999956, -0.00287583, -0.00887463, 0.00318577, 0.999378, 0.0351105, 0.00876814, -0.0351373, 0.999344, 0.00271167  
93, 15.768, 43.9158, 180.419, 0.999958, -0.00260193, -0.00881644, 0.00292079, 0.999335, 0.036348, 0.008716, -0.0363722, 0.9993, 0.00286645  
94, 15.7595, 43.9155, 180.427, 0.99996, -0.00302022, -0.00839364, 0.00332162, 0.999342, 0.0361298, 0.00827899, -0.0361562, 0.999312, 0.00268754  
95, 15.7501, 43.9053, 180.401, 0.999961, -0.00255615, -0.0083957, 0.00286067, 0.999331, 0.0364625, 0.00829688, -0.0364852, 0.9993, 0.00297463  
96, 15.7588, 43.919, 180.42, 0.999957, -0.00289274, -0.00879893, 0.00321071, 0.999334, 0.036341, 0.00868795, -0.0363677, 0.999301, 0.00278795  
97, 15.7519, 43.8993, 180.423, 0.999961, -0.00286248, -0.00830475, 0.00316014, 0.999345, 0.0360537, 0.0081961, -0.0360786, 0.999315, 0.00273664  
98, 15.7509, 43.9305, 180.422, 0.999954, -0.00319726, -0.00906635, 0.00351656, 0.999366, 0.0354243, 0.00894734, -0.0354545, 0.999331, 0.00285286  
99, 15.7689, 43.9295, 180.423, 0.999955, -0.00308475, -0.00902626, 0.00340851, 0.999343, 0.0360769, 0.00890904, -0.036106, 0.999308, 0.00267117  
100, 15.7591, 43.9201, 180.42, 0.999959, -0.00294782, -0.00861301, 0.00325672, 0.999344, 0.0360728, 0.00850103, -0.0360993, 0.999312, 0.0030756  
101, 15.78, 43.9176, 180.405, 0.999954, -0.00316122, -0.00906814, 0.00348835, 0.999335, 0.0362887, 0.0089474, -0.0363187, 0.9993, 0.0028953  
102, 15.75, 43.918, 180.417, 0.999962, -0.00284779, -0.00826338, 0.00314665, 0.999333, 0.036383, 0.00815426, -0.0364076, 0.999304, 0.00273719  
103, 15.759, 43.9149, 180.419, 0.999954, -0.00213149, -0.00930041, 0.00246449, 0.999351, 0.0359414, 0.00921777, -0.0359627, 0.999311, 0.00295937  
104, 15.7546, 43.9364, 180.423, 0.999959, -0.00282228, -0.00863691, 0.00313105, 0.999349, 0.0359482, 0.00852983, -0.0359738, 0.999316, 0.00269614  
105, 15.7622, 43.9109, 180.447, 0.999957, -0.00282974, -0.00886065, 0.00313876, 0.99938, 0.0350578, 0.00875595, -0.0350841, 0.999346, 0.00299155  
106, 15.762, 43.9205, 180.419, 0.999956, -0.00245426, -0.00902229, 0.00277845, 0.999344, 0.0360963, 0.00892779, -0.0361198, 0.999308, 0.00285702  
107, 15.7453, 43.9191, 180.403, 0.999961, -0.00282016, -0.00838544, 0.00312276, 0.999336, 0.0362954, 0.00827752, -0.0363201, 0.999306, 0.00273275  
108, 15.7658, 43.9193, 180.419, 0.99996, -0.00298713, -0.00838587, 0.00328933, 0.999337, 0.0362569, 0.00827201, -0.036283, 0.999307, 0.00299571  
109, 15.7638, 43.907, 180.414, 0.999959, -0.00248824, -0.00870322, 0.00280301, 0.999335, 0.0363442, 0.00860701, -0.0363671, 0.999301, 0.00268116  
110, 15.7785, 43.9125, 180.417, 0.999957, -0.00263352, -0.00889009, 0.00295576, 0.999332, 0.0364305, 0.00878821, -0.0364552, 0.999297, 0.0030179  
111, 15.748, 43.8981, 180.414, 0.999958, -0.00306311, -0.00861917, 0.00337836, 0.999317, 0.0368024, 0.00850055, -0.0368299, 0.999285, 0.00294911  
112, 15.7491, 43.9121, 180.416, 0.999956, -0.00342199, -0.00876543, 0.00373385, 0.999352, 0.0358126, 0.0086372, -0.0358437, 0.99932, 0.00283095  
113, 15.7512, 43.8836, 180.435, 0.999964, -0.00308539, -0.00792961, 0.0033712, 0.999336, 0.0362854, 0.00781239, -0.0363108, 0.99931, 0.00277381  
114, 15.744, 43.9145, 180.427, 0.999962, -0.00277806, -0.00829705, 0.0030786, 0.999331, 0.036433, 0.00819029, -0.0364572, 0.999302, 0.00272554  
115, 15.7544, 43.8915, 180.43, 0.999965, -0.00305205, -0.00776472, 0.00333084, 0.999341, 0.0361496, 0.00764927, -0.0361742, 0.999316, 0.00295493  
116, 15.7788, 43.919, 180.435, 0.999961, -0.00297494, -0.00834065, 0.00327433, 0.999342, 0.0361146, 0.00822773, -0.0361405, 0.999313, 0.00311776  
117, 15.7695, 43.8928, 180.43, 0.999964, -0.00307173, -0.007874, 0.00335722, 0.999328, 0.0365051, 0.00775657, -0.0365303, 0.999302, 0.00273137  
118, 15.7698, 43.9141, 180.433, 0.999961, -0.00314024, -0.00822994, 0.00343375, 0.99935, 0.0358961, 0.00811186, -0.035923, 0.999322, 0.00276798  
119, 15.7803, 43.9096, 180.413, 0.999958, -0.00266485, -0.00877859, 0.00297931, 0.999347, 0.0360048, 0.00867691, -0.0360294, 0.999313, 0.0027236  
120, 15.7656, 43.9127, 180.426, 0.99996, -0.00267917, -0.00857212, 0.00298584, 0.999349, 0.0359647, 0.00847018, -0.0359889, 0.999316, 0.00308697  
121, 15.7363, 43.8892, 180.408, 0.999962, -0.00314706, -0.00813926, 0.00344029, 0.999336, 0.0362675, 0.00801972, -0.0362942, 0.999309, 0.00310833  
122, 15.7531, 43.9097, 180.409, 0.999962, -0.00301552, -0.00817664, 0.00330405, 0.999364, 0.0355071, 0.00806436, -0.0355328, 0.999336, 0.00274468  
123, 15.7536, 43.9177, 180.425, 0.999951, -0.00323691, -0.00933362, 0.00356628, 0.999364, 0.0354908, 0.0092128, -0.0355224, 0.999326, 0.00297962  
124, 15.7596, 43.8948, 180.44, 0.999962, -0.00271774, -0.00832748, 0.00300936, 0.999375, 0.0352094, 0.00822659, -0.0352332, 0.999345, 0.00271722  
125, 15.7648, 43.9202, 180.423, 0.999963, -0.00267388, -0.00820007, 0.00297292, 0.999323, 0.0366759, 0.00809645, -0.0366989, 0.999294, 0.00277602  
126, 15.7744, 43.9194, 180.433, 0.999964, -0.00276908, -0.00798972, 0.00305596, 0.999343, 0.0361197, 0.00788445, -0.0361429, 0.999316, 0.00286451  
127, 15.7669, 43.9211, 180.44, 0.999959, -0.00260787, -0.0086746, 0.00291092, 0.999379, 0.0351081, 0.00857766, -0.0351319, 0.999346, 0.00274413  
128, 15.7682, 43.8965, 180.431, 0.999965, -0.00263386, -0.00798488, 0.00292414, 0.999327, 0.0365625, 0.00788321, -0.0365845, 0.999299, 0.00300847  
129, 15.7614, 43.9041, 180.423, 0.99996, -0.00289747, -0.0085177, 0.00320493, 0.999336, 0.0363077, 0.00840684, -0.0363336, 0.999304, 0.00269697  
130, 15.7694, 43.9173, 180.415, 0.999961, -0.00243514, -0.00847902, 0.00274114, 0.999338, 0.0362665, 0.0083851, -0.0362883, 0.999306, 0.00299571  
131, 15.7382, 43.907, 180.428, 0.999959, -0.00269523, -0.00866004, 0.00301051, 0.999325, 0.0366023, 0.00855555, -0.0366268, 0.999292, 0.00291582  
132, 15.7627, 43.9085, 180.418, 0.999966, -0.00247578, -0.0078437, 0.00275747, 0.999344, 0.0361084, 0.00774916, -0.0361288, 0.999317, 0.00274468  
133, 15.7682, 43.9285, 180.426, 0.999959, -0.0034307, -0.0084187, 0.0037377, 0.999318, 0.0367258, 0.00828697, -0.0367557, 0.99929, 0.00282512  
134, 15.7602, 43.9183, 180.419, 0.999953, -0.00295598, -0.00928038, 0.00328584, 0.999356, 0.0357326, 0.00916878, -0.0357614, 0.999318, 0.0027028  
135, 15.7374, 43.9031, 180.436, 0.999958, -0.00314092, -0.00863312, 0.00344888, 0.99935, 0.0358919, 0.00851477, -0.0359201, 0.999318, 0.00298434  
136, 15.7501, 43.9115, 180.446, 0.999957, -0.00302634, -0.00870882, 0.00333299, 0.999367, 0.0354151, 0.00859613, -0.0354426, 0.999335, 0.00265287  
137, 15.7682, 43.9188, 180.427, 0.999964, -0.00248618, -0.00815008, 0.00278274, 0.999327, 0.0365797, 0.00805365, -0.0366011, 0.999298, 0.00269226  
138, 15.7546, 43.9071, 180.418, 0.999955, -0.00278837, -0.00909007, 0.00311271, 0.999352, 0.0358643, 0.00898417, -0.035891, 0.999315, 0.00275716  
139, 15.7565, 43.8969, 180.431, 0.99996, -0.00329262, -0.00837175, 0.00358947, 0.999356, 0.0356939, 0.00824883, -0.0357225, 0.999328, 0.00270696  
140, 15.7629, 43.906, 180.438, 0.999961, -0.00296282, -0.00835288, 0.00326731, 0.999322, 0.0366779, 0.00823854, -0.0367038, 0.999292, 0.00299349  
141, 15.7723, 43.9356, 180.437, 0.999957, -0.00249088, -0.00898653, 0.00280781, 0.999368, 0.0354292, 0.0088926, -0.0354529, 0.999332, 0.00289863  
142, 15.7752, 43.9407, 180.417, 0.999955, -0.00280451, -0.00909145, 0.00313449, 0.999329, 0.0364863, 0.00898303, -0.0365131, 0.999293, 0.00269226  
143, 15.7731, 43.9172, 180.425, 0.99996, -0.00301116, -0.00843681, 0.00331425, 0.999341, 0.0361437, 0.00832242, -0.0361702, 0.999311, 0.00292387  
144, 15.7688, 43.9137, 180.435, 0.999955, -0.00318603, -0.00897599, 0.0035052, 0.999354, 0.0357693, 0.00885623, -0.0357992, 0.99932, 0.00293441  
145, 15.776, 43.9147, 180.425, 0.999955, -0.002619, -0.00913612, 0.00294961, 0.999334, 0.0363635, 0.0090348, -0.0363888, 0.999297, 0.00288864  
146, 15.7748, 43.9139, 180.433, 0.999955, -0.00219899, -0.00920488, 0.00252268, 0.999374, 0.0353019, 0.00912149, -0.0353235, 0.999334, 0.00285896  
147, 15.763, 43.9261, 180.425, 0.999958, -0.00256417, -0.00885458, 0.00288316, 0.99934, 0.036203, 0.00875591, -0.036227, 0.999305, 0.00286479  
148, 15.7691, 43.9008, 180.418, 0.999959, -0.00292162, -0.00857087, 0.00323371, 0.999324, 0.0366275, 0.00845806, -0.0366537, 0.999292, 0.00305174  
149, 15.7812, 43.9138, 180.399, 0.999958, -0.00240573, -0.0087901, 0.00272666, 0.999323, 0.036683, 0.0086959, -0.0367054, 0.999288, 0.00268754  
150, 15.7644, 43.9099, 180.416, 0.999962, -0.00261112, -0.00836519, 0.00291996, 0.999306, 0.0371231, 0.00826245, -0.0371461, 0.999276, 0.00288365  
151, 15.7792, 43.9288, 180.419, 0.999954, -0.00289017, -0.00911108, 0.00321616, 0.999348, 0.0359697, 0.00900118, -0.0359974, 0.999311, 0.00285452  
152, 15.7528, 43.9009, 180.406, 0.999961, -0.00273316, -0.00837551, 0.00303435, 0.999341, 0.0361615, 0.00827116, -0.0361855, 0.999311, 0.00271417  
153, 15.7708, 43.9281, 180.43, 0.999949, -0.0034245, -0.00949445, 0.0037588, 0.999365, 0.0354188, 0.00936714, -0.0354527, 0.999327, 0.00268976  
154, 15.7595, 43.928, 180.427, 0.999957, -0.00258428, -0.00890623, 0.00290121, 0.999356, 0.0357583, 0.00880809, -0.0357826, 0.999321, 0.00272887  
155, 15.7782, 43.9216, 180.414, 0.999959, -0.00302027, -0.00858406, 0.0033282, 0.999343, 0.0360875, 0.00846943, -0.0361146, 0.999312, 0.00293718  
156, 15.7704, 43.899, 180.411, 0.999957, -0.00308172, -0.00876098, 0.00339971, 0.999327, 0.0365164, 0.00864255, -0.0365446, 0.999295, 0.00286922  
157, 15.7743, 43.9091, 180.416, 0.999965, -0.0028987, -0.00789313, 0.00319043, 0.999303, 0.0372018, 0.00777979, -0.0372257, 0.999277, 0.00300042  
158, 15.7607, 43.9094, 180.4, 0.999956, -0.00230864, -0.00912796, 0.00263801, 0.99934, 0.0362375, 0.00903827, -0.03626, 0.999302, 0.00296159  
159, 15.7646, 43.9273, 180.417, 0.99996, -0.00255605, -0.00855143, 0.002866, 0.999332, 0.0364315, 0.0084526, -0.0364545, 0.9993, 0.0029136  
160, 15.7586, 43.8969, 180.403, 0.99996, -0.00245608, -0.00857517, 0.00276447, 0.999343, 0.0361382, 0.00848077, -0.0361605, 0.99931, 0.00285674  
161, 15.7478, 43.9145, 180.42, 0.999954, -0.00300237, -0.00908566, 0.00332944, 0.999339, 0.0362001, 0.00897097, -0.0362287, 0.999303, 0.00275799  
162, 15.7633, 43.9124, 180.424, 0.999962, -0.00261557, -0.00828131, 0.00291684, 0.999326, 0.0365796, 0.00818006, -0.0366024, 0.999296, 0.00287255  
163, 15.7606, 43.9012, 180.412, 0.999956, -0.00240486, -0.00905178, 0.00273139, 0.99934, 0.036235, 0.00895866, -0.0362582, 0.999302, 0.00289197  
164, 15.7643, 43.9114, 180.424, 0.999957, -0.00286136, -0.00880489, 0.00318521, 0.999311, 0.0369892, 0.00869298, -0.0370156, 0.999277, 0.0028892  
165, 15.7557, 43.8977, 180.438, 0.999956, -0.00306616, -0.00883376, 0.00338014, 0.999355, 0.0357508, 0.00871845, -0.0357791, 0.999322, 0.00283649  
166, 15.767, 43.9246, 180.429, 0.999957, -0.00274533, -0.00881814, 0.00305833, 0.999359, 0.0356798, 0.00871453, -0.0357052, 0.999324, 0.00277464  
167, 15.7692, 43.9054, 180.416, 0.999957, -0.00307705, -0.00869218, 0.00339462, 0.999318, 0.0367598, 0.00857315, -0.0367877, 0.999286, 0.00293718  
168, 15.7685, 43.9108, 180.399, 0.99996, -0.00253996, -0.00856138, 0.00285144, 0.999327, 0.0365682, 0.00846274, -0.0365912, 0.999294, 0.00288476  
169, 15.7773, 43.9225, 180.43, 0.999958, -0.0028615, -0.00872425, 0.00317355, 0.999348, 0.0359665, 0.00861564, -0.0359927, 0.999315, 0.00292276  
170, 15.7713, 43.8926, 180.415, 0.999961, -0.00274489, -0.00841136, 0.00304857, 0.999336, 0.0363066, 0.00830612, -0.0363308, 0.999305, 0.00282401  
171, 15.7725, 43.921, 180.413, 0.999961, -0.00264179, -0.00848011, 0.00294937, 0.999331, 0.0364655, 0.0083781, -0.0364891, 0.999299, 0.00302234  
172, 15.7634, 43.9082, 180.419, 0.999956, -0.00236938, -0.00908816, 0.00269168, 0.999362, 0.0356165, 0.00899797, -0.0356394, 0.999324, 0.00290362  
173, 15.766, 43.92, 180.424, 0.999956, -0.00266624, -0.00898513, 0.00298786, 0.999348, 0.035974, 0.00888336, -0.0359993, 0.999312, 0.00270474  
174, 15.7602, 43.9164, 180.426, 0.999952, -0.00245461, -0.00947677, 0.00279007, 0.999364, 0.0355491, 0.00938348, -0.0355738, 0.999323, 0.00297158  
175, 15.7659, 43.9112, 180.417, 0.999953, -0.00253929, -0.00932783, 0.00286642, 0.999375, 0.0352254, 0.00923256, -0.0352505, 0.999336, 0.00302012  
176, 15.7585, 43.9162, 180.412, 0.999957, -0.00254743, -0.00888185, 0.00286466, 0.999352, 0.0358892, 0.00878466, -0.0359131, 0.999316, 0.00272471  
177, 15.7773, 43.9056, 180.414, 0.999957, -0.00283185, -0.00886601, 0.00314898, 0.999348, 0.0359618, 0.0087584, -0.0359882, 0.999314, 0.00291998  
178, 15.766, 43.9203, 180.398, 0.999956, -0.00232158, -0.00909862, 0.00264426, 0.999362, 0.035615, 0.00901014, -0.0356375, 0.999324, 0.00270391  
179, 15.7638, 43.9171, 180.417, 0.99996, -0.00284297, -0.00851948, 0.00315404, 0.99932, 0.036724, 0.00840929, -0.0367494, 0.999289, 0.00291915  
180, 15.7635, 43.9197, 180.417, 0.999963, -0.00249562, -0.00820356, 0.00279156, 0.999338, 0.0362635, 0.00810763, -0.0362851, 0.999309, 0.00285147  
181, 15.7807, 43.9158, 180.422, 0.999959, -0.00245027, -0.00873865, 0.0027637, 0.999347, 0.0360376, 0.00864464, -0.0360602, 0.999312, 0.00273802  
182, 15.7518, 43.8974, 180.43, 0.999964, -0.00306669, -0.00794786, 0.00335221, 0.99934, 0.0361632, 0.00783171, -0.0361885, 0.999314, 0.00293663  
183, 15.7658, 43.9165, 180.405, 0.999958, -0.00272086, -0.00878001, 0.00303413, 0.999352, 0.0358667, 0.00867673, -0.0358918, 0.999318, 0.00266618  
184, 15.7653, 43.9166, 180.415, 0.999959, -0.00289247, -0.00854396, 0.00319373, 0.999366, 0.0354596, 0.00843598, -0.0354855, 0.999335, 0.00300875  
185, 15.7775, 43.8927, 180.405, 0.999961, -0.00268983, -0.00842801, 0.0029945, 0.999335, 0.0363474, 0.00832463, -0.0363712, 0.999304, 0.00292914  
186, 15.7607, 43.9307, 180.413, 0.999958, -0.00269823, -0.00872334, 0.00300854, 0.999356, 0.035757, 0.00862124, -0.0357817, 0.999322, 0.00272859  
187, 15.7579, 43.9301, 180.413, 0.999961, -0.00251268, -0.00842272, 0.00281924, 0.999327, 0.0365845, 0.00832512, -0.0366068, 0.999295, 0.00292165  
188, 15.7675, 43.9211, 180.407, 0.99996, -0.00277023, -0.00848405, 0.00306936, 0.999367, 0.0354497, 0.00838048, -0.0354744, 0.999335, 0.00270723  
189, 15.771, 43.8998, 180.411, 0.999962, -0.00237884, -0.0083344, 0.00268127, 0.999331, 0.0364657, 0.00824209, -0.0364866, 0.9993, 0.00295022  
190, 15.7707, 43.9196, 180.409, 0.999964, -0.00265547, -0.00810917, 0.0029546, 0.999307, 0.0371013, 0.00800503, -0.0371239, 0.999279, 0.0030351  
191, 15.7587, 43.9146, 180.414, 0.99996, -0.00230577, -0.0086391, 0.00262247, 0.999318, 0.036828, 0.0085483, -0.0368492, 0.999284, 0.00273497  
192, 15.7658, 43.9409, 180.431, 0.999961, -0.00263448, -0.00843446, 0.00294294, 0.999319, 0.0367705, 0.00833185, -0.0367939, 0.999288, 0.00289419  
193, 15.7642, 43.9438, 180.429, 0.999961, -0.00250623, -0.00847946, 0.0028189, 0.999309, 0.037066, 0.00838071, -0.0370884, 0.999277, 0.00273414  
194, 15.7491, 43.9621, 180.415, 0.999959, -0.00281407, -0.00863097, 0.00313604, 0.999291, 0.0375204, 0.00851927, -0.0375459, 0.999259, 0.00298295  
195, 15.7702, 43.963, 180.401, 0.999961, -0.00237531, -0.00853968, 0.00271307, 0.999206, 0.0397602, 0.00843846, -0.0397818, 0.999173, 0.00287838  
196, 15.7808, 44.0148, 180.424, 0.999946, -0.00229596, -0.0101803, 0.0026908, 0.999238, 0.0389426, 0.0100831, -0.0389678, 0.99919, 0.00271334  
197, 15.7605, 44.0083, 180.431, 0.999953, -0.00187956, -0.00955658, 0.00225666, 0.999213, 0.0396039, 0.00947462, -0.0396236, 0.99917, 0.00298656  
198, 15.7731, 44.0313, 180.432, 0.999949, -0.00182727, -0.00997227, 0.00224123, 0.999129, 0.0416589, 0.00988747, -0.0416791, 0.999082, 0.00271001  
199, 15.7413, 44.0457, 180.441, 0.999956, -0.00225438, -0.0091547, 0.00264621, 0.999071, 0.0430174, 0.00904921, -0.0430398, 0.999032, 0.00301929  
200, 15.7685, 44.0519, 180.443, 0.999954, -0.00197759, -0.009406, 0.00238843, 0.999034, 0.04387, 0.00931016, -0.0438905, 0.998993, 0.0030154  
201, 15.749, 44.0566, 180.455, 0.999957, -0.00237302, -0.00899737, 0.00278206, 0.99895, 0.0457261, 0.00887942, -0.0457492, 0.998913, 0.00273608  
202, 15.7602, 44.0911, 180.465, 0.999949, -0.00252083, -0.00974084, 0.00296012, 0.998967, 0.0453501, 0.00961646, -0.0453766, 0.998924, 0.00298711  
203, 15.7593, 44.1297, 180.45, 0.999949, -0.00153818, -0.010014, 0.00201038, 0.998878, 0.047316, 0.00992999, -0.0473337, 0.99883, 0.00270335  
204, 15.7436, 44.1371, 180.464, 0.999953, -0.00159781, -0.00955825, 0.00206611, 0.998787, 0.0491869, 0.00946807, -0.0492043, 0.998744, 0.00298323  
205, 15.7379, 44.135, 180.475, 0.999952, -0.00149586, -0.00963724, 0.00197492, 0.998753, 0.0498934, 0.00955059, -0.0499101, 0.998708, 0.00292886  
206, 15.7429, 44.1625, 180.465, 0.999955, -0.00101232, -0.00947307, 0.00149927, 0.99867, 0.0515377, 0.0094083, -0.0515496, 0.998626, 0.00273248  
207, 15.7163, 44.1745, 180.477, 0.999958, -0.00176353, -0.00896621, 0.00224077, 0.998565, 0.0534984, 0.008859, -0.0535163, 0.998528, 0.00303066  
208, 15.6856, 44.1963, 180.496, 0.999956, -0.00163936, -0.00928723, 0.00214624, 0.998493, 0.0548333, 0.00918335, -0.0548508, 0.998452, 0.00266369  
209, 15.6721, 44.2226, 180.492, 0.99996, -0.00175437, -0.00874692, 0.00224205, 0.998425, 0.0560604, 0.00863479, -0.0560778, 0.998389, 0.00271861  
210, 15.6741, 44.2431, 180.507, 0.999954, -0.00172447, -0.00941561, 0.0022702, 0.998299, 0.0582606, 0.00929912, -0.0582793, 0.998257, 0.00275966  
211, 15.6452, 44.2571, 180.522, 0.999945, -0.00163257, -0.0103227, 0.0022471, 0.998208, 0.059804, 0.0102066, -0.0598239, 0.998157, 0.002715  
212, 15.6616, 44.2895, 180.519, 0.999939, -0.00132993, -0.0109474, 0.00199365, 0.998145, 0.0608431, 0.0108462, -0.0608613, 0.998087, 0.00301596  
213, 15.641, 44.3042, 180.538, 0.999945, -0.000973506, -0.0104673, 0.00164225, 0.997944, 0.0640714, 0.0103834, -0.064085, 0.99789, 0.0026978  
214, 15.6226, 44.3373, 180.544, 0.999934, -0.000872529, -0.0114757, 0.00160723, 0.997938, 0.0641695, 0.0113961, -0.0641837, 0.997873, 0.00296104  
215, 15.5837, 44.3654, 180.542, 0.999924, -0.000782257, -0.0122957, 0.00160624, 0.997742, 0.0671478, 0.0122154, -0.0671625, 0.997667, 0.0026598  
216, 15.5173, 44.3856, 180.545, 0.99992, -1.30962e-005, -0.0126875, 0.000889943, 0.997609, 0.069108, 0.0126562, -0.0691137, 0.997529, 0.00266896  
217, 15.4889, 44.339, 180.571, 0.999916, -0.00032666, -0.0129877, 0.00122175, 0.997618, 0.0689705, 0.0129342, -0.0689805, 0.997534, 0.00276437  
218, 15.4801, 44.3082, 180.563, 0.999921, -0.000612089, -0.0125625, 0.00149898, 0.997496, 0.0707111, 0.0124877, -0.0707244, 0.997418, 0.00271084  
219, 15.4715, 44.2646, 180.569, 0.999912, -0.000350466, -0.0132259, 0.00128904, 0.997474, 0.0710234, 0.0131676, -0.0710342, 0.997387, 0.00298212  
220, 15.4602, 44.2185, 180.593, 0.999906, -0.000471783, -0.013689, 0.00145619, 0.997404, 0.0719915, 0.0136195, -0.0720047, 0.997311, 0.00283816  
221, 15.4411, 44.1719, 180.612, 0.999905, -0.000550697, -0.0137564, 0.00155663, 0.997314, 0.0732216, 0.0136792, -0.0732361, 0.997221, 0.00277519  
222, 15.4374, 44.1474, 180.604, 0.999898, 0.000226828, -0.0142943, 0.000828716, 0.997273, 0.0737947, 0.014272, -0.073799, 0.997171, 0.00299626  
223, 15.4226, 44.1792, 180.619, 0.9999, 0.000313455, -0.0141585, 0.000782125, 0.997007, 0.0773076, 0.0141404, -0.077311, 0.996907, 0.00271056  
224, 15.4041, 44.2621, 180.589, 0.999903, 0.00106082, -0.0138672, 5.0065e-005, 0.996806, 0.0798639, 0.0139076, -0.0798569, 0.996709, 0.00295272  
225, 15.3836, 44.3053, 180.613, 0.999889, -1.82986e-005, -0.0149308, 0.00123761, 0.99666, 0.0816589, 0.0148794, -0.0816683, 0.996548, 0.00279128  
226, 15.3495, 44.2691, 180.61, 0.999888, 0.000450858, -0.0149656, 0.00079748, 0.996524, 0.0833031, 0.0149511, -0.0833057, 0.996412, 0.00274413  
227, 15.3172, 44.3001, 180.6, 0.99989, 0.000746326, -0.0147864, 0.000531339, 0.996276, 0.0862164, 0.0147957, -0.0862148, 0.996167, 0.00281874  
228, 15.291, 44.2852, 180.605, 0.999891, -2.24777e-005, -0.0147828, 0.00132764, 0.996094, 0.0882858, 0.014723, -0.0882958, 0.995985, 0.00282262  
229, 15.2707, 44.2785, 180.603, 0.999887, 0.00136797, -0.0149805, -3.30965e-006, 0.995876, 0.0907195, 0.0150428, -0.0907092, 0.995764, 0.00283178  
230, 15.2237, 44.2348, 180.606, 0.999895, 0.0003002, -0.0144903, 0.00103937, 0.995726, 0.0923498, 0.0144561, -0.0923551, 0.995621, 0.00285757  
231, 15.1945, 44.193, 180.574, 0.999898, 0.00142723, -0.0142221, -5.74892e-005, 0.995396, 0.095849, 0.0142934, -0.0958384, 0.995294, 0.00286839  
232, 15.1349, 44.142, 180.582, 0.999893, 0.000909698, -0.0146026, 0.000508266, 0.995303, 0.0968071, 0.0146221, -0.0968042, 0.995196, 0.0028989  
233, 15.0802, 44.1028, 180.577, 0.999885, 0.00170381, -0.0150458, -0.000210986, 0.99512, 0.0986681, 0.0151405, -0.0986536, 0.995007, 0.0028193  
234, 14.9794, 44.0587, 180.57, 0.99988, 0.000740185, -0.0154664, 0.000802585, 0.995037, 0.099506, 0.0154633, -0.0995065, 0.994917, 0.00288115  
235, 14.8751, 44.0276, 180.582, 0.999894, 0.000865865, -0.0145531, 0.000639354, 0.99467, 0.103107, 0.0145648, -0.103106, 0.994564, 0.00298045  
236, 14.775, 44.0188, 180.564, 0.99989, 0.000302189, -0.0148024, 0.00128212, 0.994268, 0.106904, 0.0147498, -0.106912, 0.994159, 0.0028204  
237, 14.6905, 43.9459, 180.528, 0.999896, 0.000490725, -0.0144177, 0.00109947, 0.993922, 0.11008, 0.0143841, -0.110084, 0.993818, 0.002829  
238, 14.6163, 43.8117, 180.506, 0.999895, 0.00106294, -0.0144502, 0.000555151, 0.993763, 0.111514, 0.0144786, -0.111511, 0.993658, 0.00282512  
239, 14.501, 43.7406, 180.483, 0.999878, 0.000796213, -0.0156149, 0.00096656, 0.993645, 0.112558, 0.0156053, -0.11256, 0.993522, 0.00288115  
240, 14.3742, 43.5722, 180.478, 0.999883, 0.000991906, -0.0152497, 0.00076322, 0.993405, 0.114658, 0.0152628, -0.114656, 0.993288, 0.0028867  
241, 14.2037, 43.4208, 180.473, 0.99988, -0.000165211, -0.0154635, 0.00197379, 0.993128, 0.117016, 0.0153379, -0.117033, 0.99301, 0.00270557  
242, 14.0727, 43.2754, 180.505, 0.999866, 0.000355181, -0.0163955, 0.00158498, 0.992992, 0.11817, 0.0163225, -0.11818, 0.992858, 0.00290639  
243, 13.9215, 43.1064, 180.473, 0.99986, 0.00102795, -0.0166774, 0.000990849, 0.992702, 0.120591, 0.0166797, -0.120591, 0.992562, 0.00294218  
244, 13.7224, 42.9086, 180.506, 0.99986, 0.000810783, -0.0167142, 0.00123874, 0.992499, 0.122247, 0.016688, -0.122251, 0.992359, 0.00293746  
245, 13.5425, 42.6558, 180.47, 0.99986, 0.00167508, -0.0166203, 0.000429827, 0.99205, 0.125842, 0.0166989, -0.125832, 0.991911, 0.00295272  
246, 13.3985, 42.4541, 180.465, 0.999844, 0.00166844, -0.0175989, 0.000611126, 0.991679, 0.128734, 0.0176673, -0.128725, 0.991523, 0.00274995  
247, 13.1975, 42.0707, 180.499, 0.999828, 0.000831029, -0.0185135, 0.00155285, 0.991724, 0.128379, 0.0184669, -0.128385, 0.991552, 0.00296048  
248, 13.0545, 41.7286, 180.487, 0.999799, 0.00144934, -0.0200159, 0.00115124, 0.991604, 0.129306, 0.0200352, -0.129303, 0.991403, 0.00286284  
249, 12.849, 41.3374, 180.54, 0.99975, 0.00165652, -0.0222769, 0.00120715, 0.991783, 0.127924, 0.0223058, -0.127919, 0.991534, 0.00292082  
250, 12.7488, 40.8285, 180.509, 0.999736, 0.00398018, -0.0226381, -0.00102405, 0.991628, 0.129122, 0.0229625, -0.129065, 0.99137, 0.00308697  
251, 12.5588, 40.3928, 180.557, 0.999697, 0.00429187, -0.0242273, -0.00111435, 0.991556, 0.129673, 0.0245792, -0.129606, 0.991261, 0.00279932  
252, 12.4326, 39.8007, 180.549, 0.999659, 0.00448913, -0.0257142, -0.00112202, 0.99158, 0.129488, 0.026079, -0.129415, 0.991247, 0.00287949  
253, 12.2586, 39.1832, 180.617, 0.999651, 0.00374192, -0.0261462, -0.000306135, 0.991489, 0.130193, 0.0264109, -0.130139, 0.991144, 0.00285702  
254, 12.2106, 38.5853, 180.662, 0.999603, 0.00509628, -0.0277115, -0.00146179, 0.991562, 0.129624, 0.0281383, -0.129532, 0.991176, 0.0028806  
255, 12.1559, 37.993, 180.629, 0.999589, 0.00673324, -0.0278561, -0.00297791, 0.99115, 0.132716, 0.0285032, -0.132579, 0.990763, 0.00283178  
256, 12.1236, 37.2559, 180.626, 0.999614, 0.00637695, -0.0270377, -0.00270396, 0.991009, 0.133765, 0.0276476, -0.13364, 0.990644, 0.00273331  
257, 12.2147, 36.3973, 180.6, 0.999531, 0.00768026, -0.0296478, -0.0037699, 0.991538, 0.129761, 0.0303935, -0.129589, 0.991102, 0.00285535  
258, 12.2122, 35.6519, 180.587, 0.999552, 0.00774852, -0.0289151, -0.00392963, 0.991524, 0.129862, 0.0296763, -0.12969, 0.99111, 0.00273164  
259, 12.445, 34.629, 180.608, 0.999565, 0.00786972, -0.0284108, -0.00416888, 0.99176, 0.128043, 0.0291844, -0.127869, 0.991362, 0.00301346  
260, 12.4914, 33.7891, 180.641, 0.999546, 0.00712621, -0.0292882, -0.00335668, 0.991924, 0.126792, 0.0299552, -0.126636, 0.991497, 0.0029333  
261, 12.6559, 32.817, 180.696, 0.999601, 0.00740635, -0.0272408, -0.0039472, 0.99216, 0.12491, 0.0279523, -0.124753, 0.991794, 0.00270141  
262, 12.8974, 31.734, 180.63, 0.999591, 0.00704432, -0.0277002, -0.00359061, 0.992424, 0.122808, 0.0283554, -0.122659, 0.992044, 0.0029136  
263, 13.197, 30.7205, 180.673, 0.999649, 0.0070363, -0.0255585, -0.00388173, 0.992591, 0.121439, 0.0262236, -0.121297, 0.99227, 0.00270002  
264, 13.5702, 29.5931, 180.707, 0.999718, 0.00564199, -0.023062, -0.00279777, 0.992582, 0.121549, 0.0235766, -0.12145, 0.992318, 0.00281153  
265, 14.0056, 28.4298, 180.676, 0.999705, 0.00475174, -0.023829, -0.00190351, 0.992993, 0.118155, 0.0242234, -0.118074, 0.992709, 0.00294717  
266, 14.4647, 27.1899, 180.591, 0.999724, 0.00572545, -0.0227997, -0.00306263, 0.993343, 0.115157, 0.0233072, -0.115055, 0.993086, 0.00276465  
267, 14.9167, 25.9159, 180.557, 0.999788, 0.00522939, -0.0199225, -0.00298851, 0.993828, 0.110891, 0.0203795, -0.110808, 0.993633, 0.00291666  
268, 15.4011, 24.5199, 180.52, 0.99984, 0.00552852, -0.0170254, -0.00373627, 0.994617, 0.103556, 0.0175063, -0.103476, 0.994478, 0.00265204  
269, 15.9666, 23.0864, 180.503, 0.999865, 0.00572804, -0.0153857, -0.00418098, 0.995102, 0.0987648, 0.0158761, -0.0986871, 0.994992, 0.00297629  
270, 16.538, 21.7005, 180.486, 0.999907, 0.00512862, -0.0126663, -0.00387512, 0.995269, 0.0970768, 0.0131042, -0.0970186, 0.995196, 0.00293746  
271, 17.0603, 20.3735, 180.533, 0.999912, 0.00459954, -0.0124746, -0.00341688, 0.995639, 0.0932226, 0.012849, -0.0931717, 0.995567, 0.0027727  
272, 17.4796, 18.9384, 180.549, 0.99996, 0.0044073, -0.00780921, -0.00366153, 0.995653, 0.0930649, 0.00818543, -0.0930326, 0.995629, 0.00292692  
273, 17.9985, 17.4914, 180.526, 0.999965, 0.00567316, -0.00618952, -0.00510181, 0.996044, 0.0887136, 0.00666832, -0.0886789, 0.996038, 0.00269891  
274, 18.423, 15.9733, 180.493, 0.999986, 0.00406749, -0.0033794, -0.00376359, 0.996329, 0.0855229, 0.00371486, -0.085509, 0.99633, 0.00298489  
275, 18.7808, 14.3711, 180.482, 0.999986, 0.00465505, -0.00232942, -0.00445842, 0.996921, 0.0782844, 0.00268667, -0.0782729, 0.996928, 0.00304897  
