0, 0, 0, 0, 0, 0, 0, 0, 0, 0, 0, 0, 0, 0.00621693  
1, 21.0652, 22.3741, 180.572, 0.999582, -0.0266971, 0.0110502, 0.0261818, 0.99867, 0.0444063, -0.012221, -0.0440984, 0.998952, 0.0031136  
2, 21.0458, 22.3809, 180.587, 0.999584, -0.0265351, 0.0113344, 0.0260059, 0.998669, 0.0445338, -0.012501, -0.0442205, 0.998944, 0.00281181  
3, 21.0504, 22.3842, 180.591, 0.999591, -0.0263584, 0.0111004, 0.0258358, 0.99866, 0.0448505, -0.0122677, -0.0445453, 0.998932, 0.00279516  
4, 21.0569, 22.3822, 180.583, 0.999574, -0.026943, 0.0112581, 0.0264183, 0.998664, 0.0444107, -0.0124396, -0.0440943, 0.99895, 0.00272499  
5, 21.0534, 22.3927, 180.597, 0.999593, -0.0263154, 0.0110155, 0.0257975, 0.998664, 0.0447719, -0.012179, -0.0444695, 0.998937, 0.00305812  
6, 21.0523, 22.3907, 180.588, 0.999581, -0.0266311, 0.0113096, 0.0260936, 0.998634, 0.0452794, -0.0125, -0.0449654, 0.99891, 0.00316158  
7, 21.0646, 22.4221, 180.6, 0.999566, -0.0272457, 0.0112275, 0.0267163, 0.998635, 0.0448777, -0.0124349, -0.0445583, 0.998929, 0.00278629  
8, 21.0562, 22.4251, 180.594, 0.999597, -0.0262782, 0.0107484, 0.0257712, 0.998661, 0.0448609, -0.0119129, -0.0445658, 0.998935, 0.0027469  
9, 21.0449, 22.4098, 180.576, 0.999583, -0.0265058, 0.0114157, 0.0259644, 0.99864, 0.0452178, -0.0125987, -0.0449026, 0.998912, 0.00269281  
10, 21.0448, 22.4194, 180.594, 0.99957, -0.0271212, 0.0111532, 0.026595, 0.998638, 0.0448959, -0.0123556, -0.0445799, 0.998929, 0.00279322  
11, 21.0806, 22.4391, 180.59, 0.999576, -0.0270744, 0.0107159, 0.0265539, 0.998586, 0.0460507, -0.0119476, -0.0457466, 0.998882, 0.00296853  
12, 21.0493, 22.4365, 180.589, 0.999576, -0.0269067, 0.0111509, 0.0263663, 0.99859, 0.0460678, -0.0123748, -0.0457542, 0.998876, 0.00430605  
13, 21.0446, 22.4233, 180.587, 0.999577, -0.0269305, 0.0109875, 0.0264054, 0.998619, 0.0454218, -0.0121955, -0.0451125, 0.998907, 0.00286506  
14, 21.0598, 22.4313, 180.58, 0.999573, -0.0269404, 0.011356, 0.0263858, 0.998572, 0.0464478, -0.0125912, -0.0461283, 0.998856, 0.00282595  
15, 21.0551, 22.4661, 180.593, 0.999588, -0.0265138, 0.0109803, 0.0259882, 0.998625, 0.0455232, -0.0121722, -0.0452191, 0.998903, 0.00280903  
16, 21.056, 22.4675, 180.601, 0.999573, -0.0270712, 0.0110387, 0.0265394, 0.998599, 0.0457754, -0.0122624, -0.0454629, 0.998891, 0.00310527  
17, 21.0585, 22.4534, 180.586, 0.999581, -0.0266446, 0.01133, 0.0261085, 0.998642, 0.0450845, -0.0125158, -0.0447698, 0.998919, 0.00292581  
18, 21.0765, 22.4743, 180.586, 0.999594, -0.0265064, 0.0104663, 0.0260087, 0.998643, 0.0451178, -0.0116481, -0.0448273, 0.998927, 0.00298794  
19, 21.0927, 22.4845, 180.609, 0.999577, -0.0269722, 0.0108974, 0.0264509, 0.998617, 0.0454452, -0.0121081, -0.0451378, 0.998907, 0.00270224  
20, 21.0629, 22.4632, 180.587, 0.999593, -0.0262927, 0.0110464, 0.0257616, 0.998621, 0.0457411, -0.0122338, -0.0454379, 0.998892, 0.00305451  
21, 21.0929, 22.5007, 180.598, 0.999583, -0.0270104, 0.010245, 0.0265167, 0.998608, 0.0456024, -0.0114625, -0.0453117, 0.998907, 0.00284898  
22, 21.0892, 22.4818, 180.585, 0.999587, -0.0267635, 0.0104872, 0.0262595, 0.998616, 0.0455593, -0.011692, -0.0452651, 0.998907, 0.00271334  
23, 21.0726, 22.4944, 180.583, 0.999589, -0.0267407, 0.0103316, 0.0262485, 0.998635, 0.0451487, -0.0115248, -0.044859, 0.998927, 0.00274801  
24, 21.0836, 22.489, 180.583, 0.999601, -0.0262626, 0.0104238, 0.0257662, 0.998646, 0.0451918, -0.0115965, -0.0449052, 0.998924, 0.0027211  
25, 21.0802, 22.4966, 180.582, 0.999589, -0.0267279, 0.0104035, 0.0262252, 0.998607, 0.0457782, -0.0116126, -0.0454865, 0.998897, 0.00305202  
26, 21.061, 22.4843, 180.583, 0.999594, -0.0261637, 0.0113054, 0.0256233, 0.998633, 0.0455558, -0.0124818, -0.0452476, 0.998898, 0.00311665  
27, 21.0724, 22.4711, 180.576, 0.999588, -0.026543, 0.0109427, 0.026022, 0.998635, 0.0452845, -0.0121298, -0.0449811, 0.998914, 0.00291333  
28, 21.0796, 22.4656, 180.579, 0.999586, -0.0267903, 0.0105098, 0.0262918, 0.998641, 0.0450015, -0.0117012, -0.0447065, 0.998932, 0.00297102  
29, 21.0616, 22.4884, 180.605, 0.999576, -0.0267778, 0.011437, 0.0262262, 0.998601, 0.0459186, -0.0126506, -0.0455992, 0.99888, 0.00270834  
30, 21.0645, 22.4818, 180.586, 0.999593, -0.0264241, 0.0107969, 0.0259083, 0.998633, 0.0454067, -0.0119819, -0.0451085, 0.99891, 0.00282789  
31, 21.0857, 22.4767, 180.572, 0.999589, -0.0265725, 0.0107979, 0.026058, 0.998634, 0.0452787, -0.0119864, -0.0449787, 0.998916, 0.00306089  
32, 21.0706, 22.444, 180.581, 0.999586, -0.0263755, 0.011479, 0.025819, 0.998599, 0.0461946, -0.0126814, -0.0458791, 0.998867, 0.00274357  
33, 21.0742, 22.4584, 180.572, 0.999591, -0.0267899, 0.00999269, 0.0263112, 0.998627, 0.0453, -0.0111926, -0.0450186, 0.998923, 0.00276049  
34, 21.0687, 22.4717, 180.577, 0.999595, -0.026388, 0.0106263, 0.0258683, 0.998589, 0.0463809, -0.0118352, -0.0460872, 0.998867, 0.00272998  
35, 21.0775, 22.4578, 180.591, 0.999577, -0.026976, 0.0108669, 0.0264574, 0.998622, 0.0453279, -0.0120747, -0.0450213, 0.998913, 0.0028781  
36, 21.065, 22.4527, 180.574, 0.99958, -0.0269099, 0.0107253, 0.0263938, 0.998608, 0.0456595, -0.0119391, -0.0453573, 0.998899, 0.00312109  
37, 21.0581, 22.4244, 180.589, 0.999584, -0.0265337, 0.0112935, 0.0259978, 0.998639, 0.0452117, -0.0124778, -0.0448993, 0.998914, 0.00290362  
38, 21.0565, 22.413, 180.575, 0.999575, -0.0267821, 0.0114745, 0.0262393, 0.998638, 0.0450948, -0.0126666, -0.0447746, 0.998917, 0.00278851  
39, 21.0529, 22.4413, 180.589, 0.999579, -0.0268439, 0.0110503, 0.0263161, 0.998622, 0.0454154, -0.0122542, -0.0451054, 0.998907, 0.00276826  
40, 21.0801, 22.3983, 180.586, 0.999587, -0.0265823, 0.0109465, 0.0260609, 0.998633, 0.0452992, -0.0121357, -0.0449952, 0.998913, 0.00287338  
41, 21.0705, 22.4024, 180.576, 0.999582, -0.0265419, 0.0114265, 0.0260036, 0.998652, 0.0449261, -0.0126036, -0.0446102, 0.998925, 0.00304397  
42, 21.0669, 22.4097, 180.58, 0.999584, -0.0267307, 0.0107846, 0.026226, 0.998665, 0.0444993, -0.0119597, -0.0441979, 0.998951, 0.00295272  
43, 21.0762, 22.4013, 180.575, 0.999606, -0.0257304, 0.0112187, 0.0252018, 0.998671, 0.044956, -0.0123606, -0.0446556, 0.998926, 0.00276909  
44, 21.088, 22.3914, 180.6, 0.999581, -0.0266746, 0.0112807, 0.0261453, 0.998658, 0.0447108, -0.0124582, -0.0443971, 0.998936, 0.00270196  
45, 21.0784, 22.4144, 180.592, 0.999581, -0.0267161, 0.0111124, 0.0262022, 0.998685, 0.0440726, -0.0122753, -0.043763, 0.998967, 0.00279294  
46, 21.0875, 22.4009, 180.57, 0.999589, -0.0264268, 0.0110842, 0.0259105, 0.998678, 0.0443878, -0.0122426, -0.0440823, 0.998953, 0.00300292  
47, 21.0625, 22.3689, 180.56, 0.999594, -0.0260975, 0.0114195, 0.025561, 0.998667, 0.0448393, -0.0125745, -0.0445292, 0.998929, 0.00299044  
48, 21.0847, 22.4001, 180.567, 0.999608, -0.0259628, 0.0105018, 0.0254661, 0.998665, 0.0449454, -0.0116547, -0.0446603, 0.998934, 0.00282512  
49, 21.0681, 22.3811, 180.575, 0.999597, -0.02633, 0.0105739, 0.0258424, 0.998703, 0.0438732, -0.0117153, -0.0435823, 0.998981, 0.0029541  
50, 21.0694, 22.3864, 180.559, 0.999589, -0.026462, 0.0110626, 0.0259451, 0.998672, 0.0445139, -0.0122259, -0.0442086, 0.998948, 0.00296853  
51, 21.0748, 22.3923, 180.57, 0.99958, -0.0269186, 0.0107769, 0.026405, 0.998626, 0.0452614, -0.0119804, -0.0449578, 0.998917, 0.0028806  
52, 21.0589, 22.3826, 180.575, 0.999592, -0.0264686, 0.0107765, 0.025961, 0.998659, 0.0447941, -0.0119477, -0.044496, 0.998938, 0.00277325  
53, 21.057, 22.3798, 180.566, 0.999586, -0.0263104, 0.0116452, 0.0257617, 0.998655, 0.0449992, -0.0128135, -0.0446805, 0.998919, 0.00279683  
54, 21.0719, 22.4086, 180.577, 0.999586, -0.0267049, 0.0107223, 0.0261989, 0.99865, 0.0448441, -0.0119054, -0.0445446, 0.998936, 0.00296853  
55, 21.0767, 22.4103, 180.583, 0.99958, -0.0267791, 0.0111096, 0.0262546, 0.998645, 0.0449382, -0.0122979, -0.0446277, 0.998928, 0.00298406  
56, 21.064, 22.4318, 180.594, 0.999563, -0.0276615, 0.0104645, 0.0271693, 0.998637, 0.0445656, -0.011683, -0.0442618, 0.998952, 0.00295133  
57, 21.0634, 22.4391, 180.577, 0.999592, -0.0266491, 0.0102735, 0.0261628, 0.99865, 0.0448679, -0.0114553, -0.0445808, 0.99894, 0.00281874  
58, 21.0622, 22.4034, 180.57, 0.999594, -0.0263983, 0.0107131, 0.0258951, 0.998667, 0.0446613, -0.0118778, -0.0443657, 0.998945, 0.00280099  
59, 21.0537, 22.4443, 180.566, 0.999583, -0.0267772, 0.0108456, 0.0262599, 0.998627, 0.0453179, -0.0120442, -0.0450142, 0.998914, 0.00284898  
60, 21.0596, 22.4421, 180.588, 0.99957, -0.027087, 0.0112127, 0.0265512, 0.998613, 0.0454596, -0.0124285, -0.0451423, 0.998903, 0.00305507  
61, 21.0721, 22.4478, 180.585, 0.999577, -0.0270621, 0.0106892, 0.0265573, 0.998641, 0.0448361, -0.0118881, -0.0445333, 0.998937, 0.00303593  
62, 21.0323, 22.4214, 180.574, 0.999577, -0.0266762, 0.0115565, 0.0261159, 0.998592, 0.0461824, -0.0127722, -0.0458611, 0.998866, 0.00295521  
63, 21.0876, 22.465, 180.577, 0.999595, -0.0263077, 0.010836, 0.0257954, 0.998655, 0.0449767, -0.0120047, -0.0446789, 0.998929, 0.00294523  
64, 21.0736, 22.4568, 180.586, 0.999592, -0.0264393, 0.0108469, 0.0259159, 0.998612, 0.0458472, -0.012044, -0.0455474, 0.99889, 0.00280043  
65, 21.0516, 22.4491, 180.578, 0.999592, -0.0264016, 0.0109165, 0.0258765, 0.998619, 0.0457324, -0.0121088, -0.0454312, 0.998894, 0.00308641  
66, 21.0673, 22.4644, 180.592, 0.999568, -0.0273075, 0.0108851, 0.0267728, 0.998556, 0.046565, -0.0121409, -0.0462535, 0.998856, 0.00292525  
67, 21.0816, 22.4609, 180.586, 0.999588, -0.0265207, 0.0110001, 0.0259915, 0.998615, 0.0457447, -0.012198, -0.0454399, 0.998893, 0.00277519  
68, 21.0745, 22.4974, 180.613, 0.99957, -0.0272137, 0.0109095, 0.0266963, 0.998628, 0.0450602, -0.0121208, -0.0447496, 0.998925, 0.00285452  
69, 21.0868, 22.4866, 180.592, 0.999594, -0.0264808, 0.0104986, 0.0259746, 0.998616, 0.0457283, -0.011695, -0.045437, 0.998899, 0.00276576  
70, 21.0962, 22.4961, 180.58, 0.999593, -0.02651, 0.0105276, 0.0260126, 0.998654, 0.0448649, -0.0117028, -0.0445728, 0.998938, 0.00303149  
71, 21.0849, 22.4691, 180.574, 0.999589, -0.0264232, 0.0111312, 0.0259012, 0.998665, 0.0446857, -0.0122971, -0.044379, 0.998939, 0.00295022  
72, 21.0719, 22.4732, 180.584, 0.999584, -0.0267949, 0.0106935, 0.0262811, 0.998614, 0.0455998, -0.0119005, -0.0452998, 0.998903, 0.00278601  
73, 21.077, 22.4637, 180.584, 0.999579, -0.0268063, 0.0111182, 0.0262742, 0.998618, 0.0455227, -0.0123231, -0.0452114, 0.998901, 0.00289391  
74, 21.0846, 22.4542, 180.611, 0.999573, -0.0268455, 0.0114994, 0.0262975, 0.998622, 0.0454152, -0.0127028, -0.0450935, 0.998902, 0.00280737  
75, 21.077, 22.4888, 180.602, 0.999597, -0.0261486, 0.0110163, 0.0256268, 0.998653, 0.0451085, -0.012181, -0.044808, 0.998921, 0.00298683  
76, 21.0826, 22.479, 180.586, 0.999597, -0.0262637, 0.01079, 0.0257437, 0.998619, 0.045796, -0.0119779, -0.0454998, 0.998893, 0.00276299  
77, 21.0929, 22.4681, 180.585, 0.999583, -0.0267897, 0.0107666, 0.0262742, 0.99862, 0.0454655, -0.0119698, -0.0451636, 0.998908, 0.00283927  
78, 21.0662, 22.471, 180.596, 0.999571, -0.0271126, 0.0110921, 0.0265827, 0.998614, 0.0454196, -0.0123082, -0.0451053, 0.998906, 0.00275328  
79, 21.0718, 22.4843, 180.581, 0.999587, -0.0267682, 0.0104969, 0.0262658, 0.998624, 0.0453875, -0.0116974, -0.045093, 0.998914, 0.00281791  
80, 21.0617, 22.4408, 180.578, 0.999586, -0.0265753, 0.0110051, 0.0260494, 0.998627, 0.0454549, -0.012198, -0.0451494, 0.998906, 0.0030068  
81, 21.0817, 22.467, 180.575, 0.999588, -0.02672, 0.0104634, 0.0262181, 0.998621, 0.045484, -0.0116643, -0.0451909, 0.99891, 0.0031552  
82, 21.0483, 22.4807, 180.587, 0.999583, -0.0266231, 0.0111941, 0.0260923, 0.998639, 0.045153, -0.012381, -0.0448421, 0.998917, 0.00282706  
83, 21.0622, 22.4604, 180.586, 0.999593, -0.0263128, 0.0110213, 0.0257833, 0.998622, 0.0457046, -0.0122088, -0.0454018, 0.998894, 0.00285314  
84, 21.0803, 22.4408, 180.576, 0.999564, -0.0271988, 0.0114815, 0.0266352, 0.998555, 0.0466803, -0.0127345, -0.0463541, 0.998844, 0.00267672  
85, 21.069, 22.4459, 180.574, 0.999579, -0.0269465, 0.0107858, 0.0264184, 0.998572, 0.0464315, -0.0120215, -0.046127, 0.998863, 0.00299099  
86, 21.0678, 22.4385, 180.576, 0.999583, -0.0265477, 0.0113867, 0.0260139, 0.998661, 0.044709, -0.0125583, -0.0443941, 0.998935, 0.00322261  
87, 21.0618, 22.4495, 180.585, 0.999588, -0.0265806, 0.0107855, 0.0260651, 0.998628, 0.0454101, -0.0119778, -0.0451103, 0.99891, 0.00285896  
88, 21.0562, 22.4475, 180.594, 0.999583, -0.0269772, 0.0103333, 0.026493, 0.998661, 0.0444273, -0.011518, -0.044135, 0.998959, 0.00299654  
89, 21.0734, 22.423, 180.573, 0.999579, -0.026728, 0.0112541, 0.0261916, 0.998626, 0.0453784, -0.0124515, -0.0450645, 0.998906, 0.00285619  
90, 21.0691, 22.4325, 180.579, 0.999572, -0.026973, 0.0112833, 0.0264393, 0.998635, 0.0450392, -0.0124828, -0.0447216, 0.998921, 0.00284787  
91, 21.0678, 22.4256, 180.586, 0.999583, -0.0269188, 0.0104676, 0.0264256, 0.998651, 0.0446965, -0.0116567, -0.0444012, 0.998946, 0.00275467  
92, 21.0847, 22.4361, 180.586, 0.999581, -0.0270986, 0.0102137, 0.0266219, 0.998667, 0.044227, -0.0113986, -0.0439365, 0.998969, 0.00273996  
93, 21.0754, 22.4121, 180.579, 0.999584, -0.0268958, 0.0103776, 0.0264092, 0.998661, 0.0444776, -0.01156, -0.044185, 0.998956, 0.00294689  
94, 21.0755, 22.4118, 180.577, 0.999586, -0.026537, 0.0111624, 0.0260138, 0.998663, 0.0446663, -0.0123328, -0.0443574, 0.99894, 0.00284925  
95, 21.0562, 22.4222, 180.586, 0.999588, -0.0264669, 0.0111031, 0.0259497, 0.998677, 0.0443842, -0.0122631, -0.0440778, 0.998953, 0.00268255  
96, 21.0714, 22.4134, 180.571, 0.999587, -0.0265904, 0.0109297, 0.0260847, 0.998688, 0.0440623, -0.012087, -0.043759, 0.998969, 0.00272887  
97, 21.0623, 22.3913, 180.574, 0.999588, -0.0267545, 0.0104002, 0.0262698, 0.998675, 0.0442406, -0.01157, -0.0439492, 0.998967, 0.00269642  
98, 21.0863, 22.4111, 180.583, 0.999586, -0.0265562, 0.0110766, 0.0260408, 0.998677, 0.0443382, -0.0122394, -0.0440314, 0.998955, 0.00306727  
99, 21.0816, 22.4136, 180.575, 0.999595, -0.0263426, 0.0108075, 0.0258302, 0.998649, 0.0450843, -0.0119806, -0.0447869, 0.998925, 0.00311276  
100, 21.0715, 22.4213, 180.58, 0.99958, -0.027073, 0.0103317, 0.0265895, 0.998661, 0.0443686, -0.0115191, -0.0440752, 0.998962, 0.00281014  
101, 21.0563, 22.4002, 180.57, 0.999597, -0.0263106, 0.0106216, 0.0258058, 0.998647, 0.0451558, -0.0117953, -0.0448635, 0.998923, 0.00300375  
102, 21.0589, 22.4391, 180.593, 0.999586, -0.0267511, 0.0106315, 0.0262502, 0.998653, 0.0447521, -0.0118143, -0.0444545, 0.998942, 0.00271944  
103, 21.0447, 22.3906, 180.575, 0.999583, -0.026615, 0.0112087, 0.0260871, 0.998652, 0.0448636, -0.0123876, -0.0445525, 0.99893, 0.003029  
104, 21.0714, 22.4186, 180.577, 0.999582, -0.0267706, 0.0108785, 0.0262661, 0.99868, 0.0441343, -0.0120456, -0.0438302, 0.998966, 0.00298822  
105, 21.0526, 22.4096, 180.576, 0.999569, -0.0274551, 0.0104088, 0.026965, 0.99864, 0.0446148, -0.0116196, -0.0443148, 0.99895, 0.00273886  
106, 21.0494, 22.4262, 180.589, 0.999582, -0.0266993, 0.0110867, 0.0261786, 0.998657, 0.0447191, -0.0122658, -0.0444102, 0.998938, 0.00289252  
107, 21.0716, 22.442, 180.588, 0.999578, -0.0267927, 0.0112289, 0.0262594, 0.998632, 0.045216, -0.012425, -0.044902, 0.998914, 0.00266285  
108, 21.0727, 22.4344, 180.58, 0.999586, -0.0264354, 0.0113201, 0.0258876, 0.998603, 0.0460732, -0.0125222, -0.0457611, 0.998874, 0.00290944  
109, 21.0618, 22.43, 180.575, 0.999589, -0.0265257, 0.0108278, 0.0260115, 0.998642, 0.0451484, -0.0120107, -0.0448482, 0.998922, 0.00303316  
110, 21.0656, 22.4543, 180.579, 0.999594, -0.0263627, 0.0107738, 0.0258435, 0.998617, 0.0457804, -0.0119658, -0.0454834, 0.998893, 0.00276132  
111, 21.0766, 22.4774, 180.579, 0.999603, -0.0260797, 0.0106267, 0.0255682, 0.998627, 0.0457191, -0.0118045, -0.0454292, 0.998898, 0.00276216  
112, 21.0701, 22.5164, 180.57, 0.999602, -0.0259448, 0.0110483, 0.0254097, 0.998614, 0.0460971, -0.012229, -0.045798, 0.998876, 0.00281597  
113, 21.0496, 22.5557, 180.599, 0.99961, -0.0260096, 0.0101801, 0.025519, 0.998631, 0.0456682, -0.011354, -0.0453906, 0.998905, 0.00309779  
114, 21.0721, 22.5913, 180.584, 0.999617, -0.0257551, 0.0101131, 0.0252342, 0.998497, 0.0486416, -0.0113507, -0.0483678, 0.998765, 0.00296686  
115, 21.0866, 22.6589, 180.592, 0.999615, -0.0260648, 0.00952501, 0.0255717, 0.998488, 0.048662, -0.010779, -0.0483997, 0.99877, 0.00268948  
116, 21.1035, 22.7014, 180.594, 0.999622, -0.0257679, 0.00958292, 0.0252589, 0.998435, 0.0498982, -0.0108537, -0.0496373, 0.998708, 0.00298129  
117, 21.0862, 22.7249, 180.608, 0.999605, -0.0263742, 0.00971146, 0.0258456, 0.998363, 0.0510322, -0.0110415, -0.050761, 0.99865, 0.0026978  
118, 21.0921, 22.7861, 180.605, 0.999625, -0.0258352, 0.00912683, 0.0253176, 0.998279, 0.0528885, -0.0104775, -0.0526376, 0.998559, 0.00283677  
119, 21.097, 22.8147, 180.621, 0.999597, -0.0266943, 0.00968648, 0.0261458, 0.998257, 0.0529146, -0.0110821, -0.05264, 0.998552, 0.0030326  
120, 21.0926, 22.8692, 180.594, 0.999626, -0.0258578, 0.00888963, 0.0253261, 0.99814, 0.0554599, -0.0103072, -0.055214, 0.998421, 0.00273469  
121, 21.0709, 22.8853, 180.607, 0.999615, -0.0260859, 0.00945396, 0.0254983, 0.998008, 0.057697, -0.0109402, -0.0574337, 0.998289, 0.00275605  
122, 21.0821, 22.9285, 180.618, 0.999629, -0.0255976, 0.00935289, 0.0249978, 0.99792, 0.0594262, -0.0108546, -0.0591703, 0.998189, 0.00265731  
123, 21.081, 22.9258, 180.616, 0.999617, -0.025863, 0.00984311, 0.0252152, 0.997816, 0.0610566, -0.0114007, -0.060785, 0.998086, 0.00280238  
124, 21.1035, 22.9526, 180.628, 0.999619, -0.0257931, 0.00986422, 0.0251321, 0.997753, 0.0621047, -0.0114439, -0.0618331, 0.998021, 0.00303343  
125, 21.0746, 22.9625, 180.642, 0.999613, -0.0259354, 0.010105, 0.0252444, 0.997671, 0.0633734, -0.011725, -0.0630938, 0.997939, 0.00271861  
126, 21.0778, 22.9809, 180.633, 0.999621, -0.0257459, 0.0097292, 0.0250576, 0.997554, 0.0652563, -0.0113855, -0.0649878, 0.997821, 0.0030032  
127, 21.0435, 22.9895, 180.652, 0.99961, -0.0261615, 0.00974287, 0.0254581, 0.997468, 0.0664095, -0.0114556, -0.0661355, 0.997745, 0.00266036  
128, 21.089, 23.0127, 180.662, 0.999621, -0.0261984, 0.0084703, 0.0255738, 0.997429, 0.066942, -0.0102023, -0.0667, 0.997721, 0.00305313  
129, 21.0503, 23.0297, 180.682, 0.999614, -0.0261229, 0.00944938, 0.0254072, 0.997276, 0.069248, -0.0112326, -0.0689812, 0.997555, 0.00306034  
130, 21.0621, 23.0076, 180.667, 0.999645, -0.02498, 0.00930099, 0.0242674, 0.997242, 0.0701406, -0.0110275, -0.06989, 0.997494, 0.0027236  
131, 21.0423, 22.9896, 180.687, 0.999635, -0.0256629, 0.00849112, 0.0249964, 0.997163, 0.0709994, -0.0102891, -0.0707613, 0.99744, 0.00276437  
132, 21.0395, 23.0159, 180.69, 0.999613, -0.0261974, 0.00931428, 0.02544, 0.996949, 0.0737907, -0.011219, -0.0735252, 0.99723, 0.00277075  
133, 21.0253, 23.0044, 180.722, 0.999621, -0.0259564, 0.00915755, 0.025197, 0.99686, 0.0750678, -0.0110773, -0.0748087, 0.997136, 0.00298156  
134, 21.0347, 23.0003, 180.693, 0.999608, -0.0262364, 0.00980525, 0.0253979, 0.996662, 0.0775904, -0.0118082, -0.0773109, 0.996937, 0.00279405  
135, 21.0067, 22.9896, 180.724, 0.999605, -0.0264911, 0.00933728, 0.0256577, 0.996444, 0.0802525, -0.0114301, -0.0799812, 0.996731, 0.00273719  
136, 21.013, 22.9892, 180.715, 0.999598, -0.0269198, 0.00893828, 0.0261102, 0.996383, 0.0808621, -0.0110827, -0.0805961, 0.996685, 0.00280848  
137, 20.991, 22.9389, 180.689, 0.999614, -0.0263366, 0.00881818, 0.0255213, 0.99627, 0.0824256, -0.0109561, -0.0821687, 0.996558, 0.00269336  
138, 20.9666, 22.8916, 180.739, 0.999591, -0.027132, 0.00909041, 0.0262782, 0.996151, 0.0836203, -0.0113242, -0.0833472, 0.996456, 0.0029627  
139, 20.9514, 22.874, 180.747, 0.99961, -0.0265644, 0.00858662, 0.0257345, 0.996009, 0.0854624, -0.0108226, -0.0852081, 0.996304, 0.00292387  
140, 20.9261, 22.8487, 180.767, 0.999585, -0.0276506, 0.00808052, 0.0268458, 0.995863, 0.0868168, -0.0104476, -0.0865638, 0.996192, 0.00278296  
141, 20.8941, 22.8282, 180.758, 0.999576, -0.0276683, 0.00902316, 0.0267467, 0.995594, 0.0898782, -0.0114702, -0.0895988, 0.995912, 0.00286728  
142, 20.8469, 22.8034, 180.79, 0.999575, -0.0280117, 0.00807216, 0.027149, 0.995368, 0.0922267, -0.0106182, -0.0919684, 0.995705, 0.00275467  
143, 20.8293, 22.7882, 180.774, 0.999563, -0.0282305, 0.00877729, 0.027261, 0.995025, 0.0958182, -0.0114386, -0.095537, 0.99536, 0.0029358  
144, 20.8066, 22.7683, 180.751, 0.999566, -0.0282041, 0.00855196, 0.0272382, 0.994871, 0.0974165, -0.0112556, -0.0971412, 0.995207, 0.00337433  
145, 20.7913, 22.7632, 180.762, 0.999545, -0.0293194, 0.00710661, 0.0284504, 0.994455, 0.101237, -0.0100354, -0.100989, 0.994837, 0.00278573  
146, 20.7811, 22.6938, 180.764, 0.999533, -0.0298308, 0.00667358, 0.0289823, 0.994223, 0.103348, -0.00971798, -0.103106, 0.994623, 0.00268809  
147, 20.7108, 22.6583, 180.781, 0.99954, -0.0297097, 0.00606489, 0.0288958, 0.993895, 0.106481, -0.00919138, -0.106257, 0.994296, 0.00275383  
148, 20.6772, 22.5854, 180.814, 0.999531, -0.0299237, 0.00651929, 0.0290265, 0.993514, 0.109947, -0.00976702, -0.109706, 0.993916, 0.00292498  
149, 20.6246, 22.5248, 180.811, 0.999523, -0.0303793, 0.00547553, 0.0295877, 0.993419, 0.110646, -0.00880085, -0.110431, 0.993845, 0.00287311  
150, 20.5502, 22.3853, 180.844, 0.999539, -0.0297979, 0.00581795, 0.0289458, 0.993117, 0.113495, -0.00915982, -0.113274, 0.993522, 0.00280903  
151, 20.4914, 22.29, 180.858, 0.999519, -0.030659, 0.0046039, 0.0299165, 0.992769, 0.116253, -0.00813482, -0.11606, 0.993209, 0.00289141  
152, 20.3811, 22.1483, 180.861, 0.999491, -0.0316779, 0.00390023, 0.0309971, 0.992535, 0.117957, -0.00760775, -0.117776, 0.993011, 0.00278462  
153, 20.3158, 21.9827, 180.89, 0.99952, -0.0307408, 0.00372255, 0.0300881, 0.992573, 0.11787, -0.00731832, -0.117702, 0.993022, 0.0029835  
154, 20.2226, 21.7907, 180.891, 0.999498, -0.0315179, 0.0032323, 0.0308919, 0.992109, 0.121513, -0.00703663, -0.121352, 0.992585, 0.00293274  
155, 20.1508, 21.5929, 180.869, 0.999508, -0.0312784, 0.00233296, 0.0307547, 0.991941, 0.122908, -0.00615852, -0.122776, 0.992415, 0.0028168  
156, 20.0724, 21.4295, 180.877, 0.999504, -0.0314464, 0.00184999, 0.030975, 0.991809, 0.123915, -0.00573151, -0.123796, 0.992291, 0.00285979  
157, 19.9165, 21.2189, 180.861, 0.999495, -0.0317062, 0.00191734, 0.0312068, 0.991425, 0.126894, -0.00592422, -0.12677, 0.991914, 0.0027788  
158, 19.7729, 20.9269, 180.917, 0.999498, -0.0316273, 0.00171123, 0.0311523, 0.991374, 0.127305, -0.0057228, -0.127188, 0.991862, 0.00289807  
159, 19.6149, 20.6306, 180.906, 0.999522, -0.0308822, 0.00167928, 0.0304109, 0.991253, 0.128425, -0.00563063, -0.128312, 0.991718, 0.00281846  
160, 19.4844, 20.3279, 180.902, 0.999506, -0.0314105, -0.000781234, 0.0312513, 0.991249, 0.128249, -0.00325398, -0.12821, 0.991742, 0.0028143  
161, 19.3492, 19.963, 180.879, 0.999514, -0.0311284, -0.00172328, 0.0310891, 0.991078, 0.129606, -0.00232651, -0.129596, 0.991564, 0.00287838  
162, 19.21, 19.5503, 180.853, 0.999485, -0.0317049, -0.00489515, 0.0320701, 0.991366, 0.127143, 0.000821834, -0.127234, 0.991872, 0.00275051  
163, 19.0044, 19.1603, 180.824, 0.99954, -0.0299944, -0.00450248, 0.030325, 0.991102, 0.129604, 0.000575015, -0.129681, 0.991556, 0.00309612  
164, 18.8318, 18.6965, 180.796, 0.999558, -0.0290597, -0.0062456, 0.0296291, 0.990859, 0.131605, 0.00236411, -0.131732, 0.991283, 0.00292886  
165, 18.6547, 18.1662, 180.792, 0.999535, -0.0294627, -0.00782235, 0.0302349, 0.990888, 0.131251, 0.00388408, -0.131426, 0.991318, 0.00269863  
166, 18.437, 17.6057, 180.75, 0.999511, -0.0298803, -0.00924684, 0.0308299, 0.991027, 0.130057, 0.00527774, -0.130278, 0.991463, 0.00287449  
167, 18.2213, 17.0078, 180.756, 0.999501, -0.0298917, -0.0101712, 0.0309673, 0.990902, 0.130972, 0.00616365, -0.131222, 0.991334, 0.0026745  
168, 18.0608, 16.3932, 180.765, 0.999486, -0.029612, -0.0123104, 0.0309834, 0.990702, 0.132476, 0.00827309, -0.132789, 0.99111, 0.00290251  
169, 17.8648, 15.7601, 180.777, 0.999466, -0.0298314, -0.0133496, 0.0313624, 0.99035, 0.13499, 0.00919386, -0.135337, 0.990757, 0.0030118  
170, 17.6379, 14.9997, 180.812, 0.999417, -0.0313641, -0.0134718, 0.0328926, 0.990375, 0.134446, 0.00912533, -0.134811, 0.990829, 0.00273497  
171, 17.5515, 14.1675, 180.826, 0.999398, -0.0311897, -0.0152227, 0.0329477, 0.990475, 0.133694, 0.0109078, -0.134115, 0.990906, 0.00287755  
172, 17.44, 13.3117, 180.863, 0.999384, -0.0311617, -0.0161168, 0.0330287, 0.990598, 0.132761, 0.0118282, -0.133211, 0.991017, 0.00270113  
173, 17.3991, 12.4883, 180.819, 0.999371, -0.0309833, -0.0172535, 0.0330059, 0.990572, 0.132956, 0.0129715, -0.133441, 0.990972, 0.00290417  
174, 17.347, 11.55, 180.796, 0.999369, -0.0312438, -0.0169094, 0.0332111, 0.99064, 0.132402, 0.0126143, -0.13288, 0.991052, 0.00302234  
175, 17.3344, 10.4687, 180.784, 0.999385, -0.0301754, -0.017839, 0.0322382, 0.991029, 0.129697, 0.0137653, -0.130192, 0.991393, 0.00267228  
176, 17.3329, 9.51968, 180.756, 0.999403, -0.0296, -0.0178444, 0.0316462, 0.991254, 0.128117, 0.0138961, -0.128605, 0.991599, 0.00287533  
177, 17.3294, 8.43904, 180.69, 0.999438, -0.0283243, -0.0179434, 0.0303438, 0.991739, 0.124634, 0.014265, -0.125108, 0.992041, 0.00272277  
178, 17.378, 7.31216, 180.632, 0.999442, -0.028422, -0.0175738, 0.0303698, 0.991957, 0.122878, 0.01394, -0.123343, 0.992266, 0.0029541  
179, 17.4187, 6.15627, 180.598, 0.999429, -0.0284035, -0.0182751, 0.0303958, 0.992305, 0.120031, 0.0147251, -0.120518, 0.992602, 0.00300237  
180, 17.4708, 4.93061, 180.616, 0.999457, -0.0284125, -0.0166713, 0.0301537, 0.992828, 0.115685, 0.0132648, -0.116125, 0.993146, 0.00275661  
181, 17.603, 3.69854, 180.612, 0.999463, -0.027344, -0.0180401, 0.0291942, 0.993295, 0.111857, 0.0148606, -0.112324, 0.993561, 0.0029358  
182, 17.7682, 2.48515, 180.626, 0.999437, -0.0290056, -0.0168379, 0.0306542, 0.993708, 0.107725, 0.0136073, -0.10818, 0.994038, 0.00270391  
183, 17.9617, 1.15797, 180.687, 0.999472, -0.0282759, -0.0159972, 0.0297805, 0.994202, 0.103322, 0.0129829, -0.103743, 0.994519, 0.00294051  
184, 18.2423, -0.223132, 180.682, 0.99953, -0.0281548, -0.0120904, 0.0292347, 0.994444, 0.101123, 0.00917614, -0.101429, 0.994801, 0.00294689  
185, 18.5729, -1.55569, 180.617, 0.999542, -0.0287089, -0.00952492, 0.0295301, 0.994371, 0.10176, 0.00654987, -0.101995, 0.994763, 0.00270918  
186, 19.0307, -3.04173, 180.582, 0.999523, -0.0299521, -0.00746937, 0.0305431, 0.99466, 0.0985835, 0.00447669, -0.0987646, 0.995101, 0.00291749  
187, 19.4765, -4.49992, 180.574, 0.999512, -0.030449, -0.00699829, 0.0309749, 0.995035, 0.0945796, 0.00408369, -0.0947502, 0.995493, 0.00285841  
188, 19.976, -5.99947, 180.595, 0.999523, -0.0302846, -0.00611412, 0.0307166, 0.995351, 0.0912874, 0.00332109, -0.0914316, 0.995806, 0.00303981  
189, 20.5004, -7.62639, 180.625, 0.999552, -0.0297122, -0.00353572, 0.0299042, 0.996019, 0.083972, 0.00102665, -0.0840402, 0.996462, 0.00287616  
190, 21.0784, -9.25791, 180.68, 0.999525, -0.0307467, -0.00215549, 0.0308204, 0.996261, 0.080704, -0.000333951, -0.0807321, 0.996736, 0.00270113  
191, 21.6331, -10.854, 180.716, 0.999539, -0.0303734, -0.000368692, 0.0303139, 0.996663, 0.0757901, -0.00193454, -0.0757663, 0.997124, 0.00302511  
192, 22.1432, -12.4266, 180.809, 0.999461, -0.0326479, 0.00331266, 0.0323334, 0.996988, 0.0704937, -0.00560415, -0.0703486, 0.997507, 0.00310111  
193, 22.7442, -13.9797, 180.765, 0.999454, -0.0326758, 0.00494541, 0.032272, 0.997234, 0.0669532, -0.00711948, -0.066757, 0.997744, 0.00264316  
194, 23.347, -15.4544, 180.728, 0.999459, -0.0319344, 0.00791452, 0.0313189, 0.997162, 0.0684611, -0.0100783, -0.0681761, 0.997622, 0.00288115  
195, 23.9424, -17.0814, 180.733, 0.999395, -0.032736, 0.0117857, 0.0319002, 0.99736, 0.0652284, -0.0138899, -0.0648129, 0.997801, 0.00265259  
196, 24.5268, -18.7714, 180.717, 0.999386, -0.0327935, 0.0123182, 0.0320338, 0.997832, 0.0574913, -0.0141769, -0.0570614, 0.99827, 0.0029799  
197, 25.7881, -22.1278, 180.656, 0.999344, -0.032818, 0.0153148, 0.0321268, 0.998542, 0.0433823, -0.0167162, -0.0428618, 0.998941, 0.00265786  
198, 26.3354, -23.8547, 180.646, 0.999264, -0.033959, 0.0178374, 0.03327, 0.998739, 0.0375972, -0.0190917, -0.0369761, 0.999134, 0.00439842  
199, 26.9425, -25.4403, 180.639, 0.999217, -0.034004, 0.0202037, 0.033301, 0.998861, 0.0341654, -0.0213424, -0.0334659, 0.999212, 0.0026942  
200, 27.4686, -27.0785, 180.64, 0.999102, -0.0350442, 0.0238153, 0.0343016, 0.998934, 0.0309056, -0.024873, -0.0300609, 0.999239, 0.00303427  
201, 27.9242, -28.7595, 180.647, 0.999008, -0.0360478, 0.0261471, 0.0353724, 0.99904, 0.0258472, -0.0270537, -0.0248967, 0.999324, 0.00273248  
202, 28.3362, -30.3925, 180.65, 0.998878, -0.0371509, 0.0293559, 0.0364335, 0.999033, 0.0246077, -0.0302417, -0.0235106, 0.999266, 0.00293469  
203, 28.6718, -32.0966, 180.636, 0.998687, -0.0379833, 0.0343647, 0.0371499, 0.999008, 0.0245724, -0.035264, -0.0232635, 0.999107, 0.00309806  
204, 29.1, -33.8384, 180.63, 0.998715, -0.036912, 0.0347113, 0.0363186, 0.999186, 0.0175743, -0.0353318, -0.0162911, 0.999243, 0.002834  
205, 29.4096, -35.4368, 180.587, 0.998675, -0.0364122, 0.036364, 0.0358335, 0.999223, 0.0164419, -0.0369344, -0.0151171, 0.999203, 0.00422034  
206, 29.6897, -37.1621, 180.545, 0.998629, -0.0367308, 0.0372863, 0.0363717, 0.999286, 0.0102652, -0.0376367, -0.00889493, 0.999252, 0.0028401  
207, 29.9859, -38.8425, 180.607, 0.998632, -0.0373167, 0.0366277, 0.0371807, 0.999299, 0.00438915, -0.0367658, -0.0030213, 0.999319, 0.0030767  
208, 30.1598, -40.5656, 180.612, 0.998567, -0.0380388, 0.0376549, 0.0381422, 0.99927, -0.00203152, -0.0375502, 0.00346485, 0.999289, 0.00292886  
209, 30.3122, -42.3046, 180.647, 0.998632, -0.037331, 0.0366158, 0.0375379, 0.999283, -0.00497835, -0.0364037, 0.00634603, 0.999317, 0.00294356  
210, 30.4931, -43.9953, 180.638, 0.998501, -0.0387127, 0.0387024, 0.0391834, 0.999166, -0.0114768, -0.0382259, 0.0129761, 0.999185, 0.00294717  
211, 30.6001, -45.7023, 180.613, 0.998497, -0.0388648, 0.0386456, 0.0395742, 0.999059, -0.0177636, -0.0379189, 0.0192663, 0.999095, 0.00293358  
212, 30.6486, -47.3726, 180.631, 0.998448, -0.0402784, 0.038454, 0.0411428, 0.998912, -0.0219586, -0.0375277, 0.0235066, 0.999019, 0.00298933  
213, 30.6229, -49.1984, 180.633, 0.998526, -0.0389075, 0.0378484, 0.0399122, 0.998861, -0.0261614, -0.0367874, 0.0276335, 0.998941, 0.0031491  
214, 30.5703, -50.8889, 180.68, 0.998575, -0.0385675, 0.036888, 0.0395843, 0.998845, -0.0272426, -0.0357947, 0.028664, 0.998948, 0.00305895  
215, 30.4744, -52.5117, 180.694, 0.99871, -0.038005, 0.0336784, 0.038942, 0.99886, -0.0276186, -0.0325904, 0.0288945, 0.999051, 0.00295632  
216, 30.4092, -54.2027, 180.674, 0.998741, -0.038443, 0.032233, 0.0395219, 0.998656, -0.033533, -0.0309005, 0.0347647, 0.998918, 0.00291943  
217, 30.3277, -55.6562, 180.622, 0.998808, -0.0391748, 0.0291099, 0.0403793, 0.998301, -0.0420099, -0.0274147, 0.0431353, 0.998693, 0.0029541  
218, 30.2464, -57.1936, 180.503, 0.998726, -0.0411224, 0.029237, 0.042555, 0.997832, -0.0501948, -0.0271095, 0.051375, 0.998311, 0.00319487  
219, 30.1385, -58.7221, 180.365, 0.998653, -0.0409011, 0.0319209, 0.0424316, 0.997905, -0.0488402, -0.0298564, 0.0501289, 0.998296, 0.00308558  
220, 29.8484, -60.2237, 180.295, 0.998548, -0.0427474, 0.0327739, 0.0443497, 0.997773, -0.0498288, -0.0305708, 0.05121, 0.99822, 0.00278878  
221, 29.4841, -61.8176, 180.343, 0.998699, -0.0424525, 0.0282499, 0.0439989, 0.997428, -0.0565783, -0.0257753, 0.0577476, 0.997998, 0.00269586  
222, 29.0335, -63.2726, 180.396, 0.998726, -0.0431594, 0.026164, 0.0445367, 0.997516, -0.0545666, -0.023744, 0.0556623, 0.998167, 0.00278546  
223, 28.6163, -64.9043, 180.399, 0.998837, -0.0433869, 0.0210509, 0.0446364, 0.997012, -0.0630518, -0.0182524, 0.0639181, 0.997788, 0.0030351  
224, 28.1139, -66.3911, 180.476, 0.998841, -0.0435336, 0.0205439, 0.0447961, 0.996838, -0.0656294, -0.0176218, 0.0664736, 0.997633, 0.00281846  
225, 27.626, -67.7749, 180.503, 0.998878, -0.043655, 0.0183374, 0.044723, 0.997039, -0.062551, -0.0155525, 0.0633009, 0.997873, 0.00276659  
226, 27.1377, -69.1905, 180.544, 0.998843, -0.0456775, 0.0150387, 0.0465494, 0.99687, -0.0639005, -0.0120729, 0.0645267, 0.997843, 0.0027003  
227, 26.6, -70.6224, 180.538, 0.998834, -0.0457465, 0.0154466, 0.046647, 0.996853, -0.0640947, -0.0124659, 0.0647405, 0.997824, 0.00289169  
228, 26.179, -72.027, 180.499, 0.998826, -0.0468889, 0.0121725, 0.0475909, 0.996696, -0.0658118, -0.00904649, 0.0663138, 0.997758, 0.00286839  
229, 25.7037, -73.4251, 180.512, 0.998848, -0.0469981, 0.00973363, 0.0475582, 0.996492, -0.0688574, -0.00646332, 0.0692409, 0.997579, 0.00276659  
230, 25.3107, -74.676, 180.566, 0.998811, -0.0482284, 0.00709063, 0.0486065, 0.996373, -0.0698493, -0.00369619, 0.0701109, 0.997532, 0.00286368  
231, 24.8748, -75.9331, 180.635, 0.998751, -0.0497137, 0.00505366, 0.0499435, 0.996393, -0.0686048, -0.00162483, 0.0687715, 0.997631, 0.00270918  
232, 24.5283, -77.1368, 180.705, 0.998794, -0.0490057, 0.00308729, 0.0491015, 0.996328, -0.0701329, 0.000360957, 0.0701999, 0.997533, 0.00283289  
233, 24.093, -78.273, 180.709, 0.998671, -0.0515299, -4.63807e-006, 0.051404, 0.996238, -0.0697695, 0.00359983, 0.0696765, 0.997563, 0.00299515  
234, 23.6347, -79.421, 180.719, 0.998651, -0.0518391, -0.00295747, 0.0514934, 0.996089, -0.0718004, 0.00666796, 0.0715512, 0.997415, 0.00274773  
235, 23.2067, -80.5142, 180.686, 0.998651, -0.0516241, -0.00553628, 0.051088, 0.996058, -0.0725166, 0.00925806, 0.0721359, 0.997352, 0.00284398  
236, 22.7479, -81.5524, 180.701, 0.998589, -0.0526582, -0.00688315, 0.0520276, 0.996045, -0.0720225, 0.0106485, 0.0715628, 0.997379, 0.00280598  
237, 22.3033, -82.6148, 180.653, 0.998557, -0.052705, -0.0103469, 0.051834, 0.996092, -0.0715069, 0.0140753, 0.0708674, 0.997386, 0.00310694  
238, 21.8411, -83.6522, 180.622, 0.99853, -0.0522447, -0.014463, 0.0510928, 0.996167, -0.0709947, 0.0181167, 0.0701514, 0.997372, 0.00294689  
239, 21.371, -84.6631, 180.625, 0.998412, -0.0533604, -0.0180373, 0.051981, 0.996204, -0.0698203, 0.0216944, 0.0687719, 0.997397, 0.00274385  
240, 20.982, -85.5726, 180.616, 0.998297, -0.0538346, -0.0224503, 0.0522111, 0.996351, -0.0675208, 0.0260033, 0.0662337, 0.997465, 0.00284759  
241, 20.5845, -86.5236, 180.575, 0.998307, -0.0529114, -0.0241717, 0.0512928, 0.996677, -0.0632814, 0.0274397, 0.0619344, 0.997703, 0.00270973  
242, 20.3044, -87.4023, 180.56, 0.998333, -0.0517443, -0.02558, 0.0500777, 0.99682, -0.0619831, 0.028706, 0.0605988, 0.997749, 0.00293413  
243, 19.9842, -88.2514, 180.578, 0.998284, -0.0519473, -0.027018, 0.0502244, 0.996876, -0.0609518, 0.0300999, 0.0594903, 0.997775, 0.0028609  
244, 19.7821, -88.9538, 180.588, 0.998292, -0.0509646, -0.0285719, 0.04923, 0.997076, -0.0584397, 0.0314667, 0.0569333, 0.997882, 0.00281819  
245, 19.567, -89.7324, 180.641, 0.998228, -0.0515076, -0.0297932, 0.0496831, 0.997018, -0.05904, 0.0327454, 0.0574551, 0.997811, 0.00281874  
246, 19.3986, -90.3196, 180.654, 0.998221, -0.0512629, -0.0304419, 0.0494364, 0.997092, -0.0579938, 0.0333263, 0.0563857, 0.997853, 0.00272748  
247, 19.2949, -91.0844, 180.673, 0.998142, -0.0519854, -0.0317812, 0.050135, 0.997144, -0.0564803, 0.0346266, 0.054782, 0.997898, 0.00294994  
248, 19.2727, -91.6762, 180.76, 0.998079, -0.0517333, -0.0340866, 0.0498372, 0.99728, -0.0543071, 0.0368034, 0.052504, 0.997942, 0.0029738  
249, 19.1503, -92.2187, 180.805, 0.998052, -0.0521666, -0.0342158, 0.0505136, 0.997592, -0.0475151, 0.0366121, 0.0456942, 0.998284, 0.00296548  
250, 19.142, -92.7803, 180.869, 0.997968, -0.0529247, -0.0354718, 0.0514098, 0.99778, -0.0423401, 0.0376339, 0.0404305, 0.998473, 0.00288781  
251, 19.1104, -93.3488, 180.861, 0.998056, -0.0531762, -0.0325148, 0.0519941, 0.997992, -0.036182, 0.0343735, 0.034421, 0.998816, 0.00288115  
252, 19.3488, -94.0142, 180.892, 0.99805, -0.0525316, -0.0337183, 0.0513513, 0.998068, -0.0349656, 0.03549, 0.033166, 0.99882, 0.00290806  
253, 19.5572, -94.3697, 180.961, 0.997952, -0.0544013, -0.0336516, 0.0534774, 0.998183, -0.0277744, 0.0351014, 0.025918, 0.999048, 0.00304924  
254, 19.753, -94.9392, 180.983, 0.997996, -0.0538837, -0.0331643, 0.0530983, 0.998298, -0.0241246, 0.0344078, 0.0223153, 0.999159, 0.00272998  
255, 20.0565, -95.4564, 180.975, 0.99801, -0.0528019, -0.034479, 0.052014, 0.998373, -0.0233614, 0.0356564, 0.0215215, 0.999132, 0.00291693  
256, 20.2632, -96.0303, 180.968, 0.99807, -0.0534782, -0.0315496, 0.0529179, 0.998431, -0.0183359, 0.0324806, 0.016631, 0.999334, 0.00266563  
257, 20.5787, -96.4095, 181.023, 0.998265, -0.0507742, -0.0298312, 0.050453, 0.998661, -0.0114226, 0.0303712, 0.00989771, 0.99949, 0.00294939  
258, 20.9058, -96.9085, 181.024, 0.998431, -0.0493953, -0.0263649, 0.0492708, 0.998771, -0.00535038, 0.0265968, 0.00404297, 0.999638, 0.00294661  
259, 21.3277, -97.4894, 181.025, 0.998472, -0.04891, -0.0257065, 0.048822, 0.998799, -0.00404097, 0.0258733, 0.00277976, 0.999661, 0.00279627  
260, 21.775, -97.868, 180.997, 0.998549, -0.0481709, -0.0240742, 0.0482501, 0.998832, 0.00272077, 0.023915, -0.00387841, 0.999706, 0.00288254  
261, 22.2108, -98.1656, 181.033, 0.9987, -0.0462333, -0.0214544, 0.0464078, 0.998893, 0.00770971, 0.0210742, -0.00869534, 0.99974, 0.0028254  
262, 22.8035, -98.6687, 181.029, 0.998757, -0.0454878, -0.0203972, 0.0456873, 0.998911, 0.00942382, 0.0199463, -0.010344, 0.999748, 0.00325423  
263, 23.3774, -99.1138, 181.002, 0.998769, -0.0458162, -0.0190156, 0.0460946, 0.998832, 0.0144682, 0.0183306, -0.0153269, 0.999714, 0.002867  
264, 23.9343, -99.5415, 181.002, 0.998841, -0.0454359, -0.0159024, 0.0457533, 0.998749, 0.0201954, 0.0149649, -0.0208995, 0.99967, 0.00268588  
265, 24.6544, -100.029, 180.965, 0.998855, -0.04554, -0.0146764, 0.0458489, 0.998718, 0.0214531, 0.0136807, -0.0221014, 0.999662, 0.00290528  
266, 25.271, -100.38, 180.951, 0.99894, -0.0453162, -0.00806518, 0.0455347, 0.998531, 0.0293618, 0.00672277, -0.0296979, 0.999536, 0.00265536  
267, 25.9872, -100.984, 180.878, 0.99894, -0.0455236, -0.0068544, 0.045743, 0.998295, 0.036257, 0.00519217, -0.0365321, 0.999319, 0.00289391  
268, 26.5428, -101.4, 180.887, 0.998911, -0.046631, -0.00171469, 0.0466618, 0.998018, 0.0422286, -0.00025787, -0.0422626, 0.999107, 0.00301707  
269, 27.1825, -101.883, 180.835, 0.998911, -0.0466432, 0.000529505, 0.046563, 0.997743, 0.0483803, -0.00278492, -0.048303, 0.998829, 0.00285341  
270, 27.6601, -102.295, 180.885, 0.999018, -0.0439038, 0.00595067, 0.0435585, 0.997836, 0.0492602, -0.00810051, -0.0489526, 0.998768, 0.00289641  
271, 28.1808, -102.761, 180.808, 0.998946, -0.0450614, 0.00876399, 0.0445035, 0.997445, 0.0558796, -0.0112596, -0.0554307, 0.998399, 0.00267228  
272, 28.7077, -103.27, 180.743, 0.998966, -0.0445765, 0.00891963, 0.0439794, 0.997312, 0.0586101, -0.0115083, -0.0581573, 0.998241, 0.00296769  
273, 29.1544, -103.897, 180.672, 0.998993, -0.043633, 0.0104467, 0.0429117, 0.997188, 0.0614352, -0.0130979, -0.060925, 0.998056, 0.002829  
274, 29.4863, -104.435, 180.59, 0.999013, -0.0432095, 0.0103179, 0.0424325, 0.996893, 0.0663568, -0.0131531, -0.0658535, 0.997743, 0.00278546  
275, 29.8317, -105.123, 180.531, 0.999091, -0.0417535, 0.00864649, 0.0411187, 0.997115, 0.0638047, -0.0112856, -0.0633912, 0.997925, 0.00289141  
276, 30.0672, -105.819, 180.468, 0.999067, -0.042018, 0.0100143, 0.0412393, 0.996816, 0.0682483, -0.0128501, -0.0677716, 0.997618, 0.0027297  
277, 30.2971, -106.629, 180.428, 0.999098, -0.0408668, 0.0115786, 0.0399028, 0.996467, 0.0739, -0.0145577, -0.0733713, 0.997198, 0.00286506  
278, 30.5288, -107.437, 180.399, 0.999053, -0.0416915, 0.012414, 0.0406127, 0.996188, 0.0772014, -0.0155854, -0.0766242, 0.996938, 0.00297574  
279, 30.7026, -108.369, 180.36, 0.99905, -0.0415656, 0.0131046, 0.0403918, 0.995993, 0.0797871, -0.0163685, -0.079182, 0.996726, 0.00291471  
