0, 0, 0, 0, 0, 0, 0, 0, 0, 0, 0, 0, 0, 0.00628433  
1, 0, 0, 0, 0, 0, 0, 0, 0, 0, 0, 0, 0, 0.00261986  
2, 22.7637, 17.4953, 180.2, 0.999743, 0.00360539, 0.0223874, -0.00270138, 0.999185, -0.0402799, -0.0225144, 0.040209, 0.998938, 0.00279405  
3, 22.7545, 17.5056, 180.202, 0.999741, 0.00366067, 0.0224675, -0.00274766, 0.999174, -0.0405342, -0.0225974, 0.0404619, 0.998926, 0.00283122  
4, 22.7438, 17.4782, 180.225, 0.999733, 0.00347382, 0.0228454, -0.00258037, 0.999235, -0.0390223, -0.0229634, 0.0389529, 0.998977, 0.002753  
5, 22.7452, 17.4798, 180.211, 0.999745, 0.00345037, 0.0223386, -0.00252017, 0.999134, -0.041536, -0.0224625, 0.0414691, 0.998887, 0.00288226  
6, 22.7756, 17.4927, 180.209, 0.999719, 0.00420048, 0.023318, -0.00326946, 0.999201, -0.0398226, -0.0234666, 0.0397352, 0.998935, 0.00296991  
7, 22.7605, 17.4829, 180.219, 0.999736, 0.00340919, 0.0227168, -0.00247217, 0.99915, -0.041149, -0.0228378, 0.041082, 0.998895, 0.00278906  
8, 22.7953, 17.5043, 180.197, 0.999724, 0.00345416, 0.0232354, -0.00251189, 0.999178, -0.040461, -0.023356, 0.0403915, 0.998911, 0.00271833  
9, 22.7363, 17.5029, 180.224, 0.999743, 0.00364354, 0.0223765, -0.00271737, 0.999144, -0.0412822, -0.0225078, 0.0412108, 0.998897, 0.00276437  
10, 22.768, 17.4986, 180.201, 0.999721, 0.00376233, 0.0233205, -0.00285422, 0.999241, -0.0388525, -0.0234489, 0.0387751, 0.998973, 0.00289558  
11, 22.777, 17.4922, 180.189, 0.999745, 0.00389381, 0.0222499, -0.00297488, 0.999147, -0.0411853, -0.0223913, 0.0411086, 0.998904, 0.00285646  
12, 22.7665, 17.499, 180.214, 0.999752, 0.00339679, 0.0220255, -0.00247976, 0.999134, -0.0415295, -0.0221475, 0.0414645, 0.998894, 0.00288393  
13, 22.759, 17.4983, 180.212, 0.999751, 0.00383151, 0.0219843, -0.00291245, 0.999126, -0.0416864, -0.0221248, 0.041612, 0.998889, 0.00283899  
14, 22.7995, 17.4922, 180.188, 0.999721, 0.00381428, 0.0233065, -0.00289616, 0.999223, -0.0393006, -0.0234383, 0.0392221, 0.998956, 0.00280737  
15, 22.7544, 17.473, 180.196, 0.999723, 0.00342246, 0.023297, -0.00247141, 0.999167, -0.0407298, -0.023417, 0.040661, 0.998899, 0.00282013  
16, 22.8004, 17.501, 180.184, 0.999736, 0.00424878, 0.0225669, -0.00331872, 0.99915, -0.0410921, -0.0227223, 0.0410064, 0.9989, 0.00291416  
17, 22.7554, 17.4943, 180.211, 0.999749, 0.00286406, 0.0222317, -0.00193023, 0.999119, -0.0419129, -0.0223322, 0.0418594, 0.998874, 0.00292636  
18, 22.7742, 17.4856, 180.194, 0.99973, 0.00398599, 0.0229053, -0.0030637, 0.999189, -0.0401607, -0.0230467, 0.0400797, 0.998931, 0.00290612  
19, 22.7848, 17.4958, 180.183, 0.999724, 0.00445362, 0.023046, -0.00352341, 0.999184, -0.0402477, -0.0232064, 0.0401554, 0.998924, 0.00279322  
20, 22.7608, 17.5091, 180.202, 0.99975, 0.0038309, 0.0220467, -0.00292322, 0.999153, -0.0410567, -0.0221853, 0.040982, 0.998914, 0.00289558  
21, 22.7593, 17.4828, 180.206, 0.999738, 0.00279911, 0.0227349, -0.00185908, 0.999147, -0.0412641, -0.022831, 0.041211, 0.99889, 0.00303843  
22, 22.7448, 17.493, 180.215, 0.999745, 0.00364601, 0.0222949, -0.00272227, 0.999142, -0.0413238, -0.0224264, 0.0412526, 0.998897, 0.00286839  
23, 22.7537, 17.4816, 180.213, 0.99973, 0.0036567, 0.0229608, -0.00272379, 0.999175, -0.0405312, -0.0230901, 0.0404577, 0.998914, 0.00294939  
24, 22.7514, 17.5071, 180.21, 0.999742, 0.00353114, 0.0224265, -0.00260211, 0.999143, -0.0413202, -0.0225532, 0.0412512, 0.998894, 0.00287394  
25, 22.7576, 17.4964, 180.217, 0.999738, 0.00387853, 0.0225652, -0.0029419, 0.999139, -0.0413937, -0.0227063, 0.0413164, 0.998888, 0.00294218  
26, 22.7459, 17.4861, 180.212, 0.999741, 0.00400271, 0.0224063, -0.003065, 0.999124, -0.0417291, -0.0225537, 0.0416496, 0.998878, 0.00303482  
27, 22.7488, 17.4934, 180.207, 0.999734, 0.00327784, 0.0228102, -0.00236348, 0.999197, -0.0399974, -0.022923, 0.0399329, 0.998939, 0.00285841  
28, 22.7521, 17.4854, 180.223, 0.999743, 0.00348095, 0.0224149, -0.00255535, 0.999148, -0.0411909, -0.0225392, 0.041123, 0.9989, 0.00296714  
29, 22.7467, 17.495, 180.203, 0.99971, 0.00395141, 0.0237484, -0.00300868, 0.999211, -0.0396021, -0.0238861, 0.0395192, 0.998933, 0.00300042  
30, 22.7609, 17.5039, 180.194, 0.999726, 0.00381193, 0.0231051, -0.0028929, 0.999208, -0.0396797, -0.023238, 0.039602, 0.998945, 0.00291582  
31, 22.7913, 17.505, 180.185, 0.999742, 0.00360102, 0.0224463, -0.00266749, 0.999136, -0.0414812, -0.0225763, 0.0414106, 0.998887, 0.00306256  
32, 22.77, 17.5072, 180.199, 0.999755, 0.00396671, 0.0217982, -0.00306677, 0.999148, -0.0411644, -0.0219429, 0.0410875, 0.998915, 0.00291499  
33, 22.7769, 17.5121, 180.207, 0.999722, 0.00420573, 0.0231859, -0.00327818, 0.999198, -0.039899, -0.0233351, 0.0398119, 0.998935, 0.0029455  
34, 22.7653, 17.4977, 180.188, 0.999741, 0.003586, 0.0224643, -0.00267916, 0.999185, -0.0402689, -0.0225904, 0.0401983, 0.998936, 0.00280543  
35, 22.7641, 17.5094, 180.207, 0.999727, 0.0034496, 0.0230987, -0.00252102, 0.999192, -0.0401095, -0.0232184, 0.0400403, 0.998928, 0.00294606  
36, 22.7846, 17.5074, 180.209, 0.999753, 0.00374988, 0.0218858, -0.00283293, 0.999123, -0.0417787, -0.0220232, 0.0417064, 0.998887, 0.00298073  
37, 22.738, 17.476, 180.213, 0.999719, 0.00369428, 0.0234252, -0.00273092, 0.999154, -0.0410243, -0.023557, 0.0409488, 0.998884, 0.00282678  
38, 22.7659, 17.4948, 180.188, 0.999705, 0.00331358, 0.0240514, -0.00237445, 0.999238, -0.038971, -0.0241622, 0.0389024, 0.998951, 0.00294578  
39, 22.7682, 17.4844, 180.208, 0.99975, 0.00383515, 0.0220421, -0.00293857, 0.999173, -0.0405653, -0.0221794, 0.0404904, 0.998934, 0.00292525  
40, 22.7878, 17.509, 180.186, 0.99973, 0.00392182, 0.0229051, -0.00300787, 0.999203, -0.0398004, -0.023043, 0.0397208, 0.998945, 0.002791  
41, 22.7734, 17.5062, 180.203, 0.999751, 0.00344798, 0.0220299, -0.00254625, 0.999163, -0.0408296, -0.0221523, 0.0407633, 0.998923, 0.0030731  
42, 22.7675, 17.4871, 180.205, 0.999748, 0.00414992, 0.0220772, -0.00324311, 0.999156, -0.040953, -0.0222286, 0.0408711, 0.998917, 0.0028523  
43, 22.7596, 17.5085, 180.218, 0.999736, 0.00377857, 0.0226548, -0.00284107, 0.999144, -0.0412723, -0.0227913, 0.0411971, 0.998891, 0.00290473  
44, 22.7808, 17.5082, 180.203, 0.999739, 0.00335994, 0.0226036, -0.00245013, 0.99919, -0.040159, -0.0227202, 0.0400931, 0.998938, 0.0028609  
45, 22.756, 17.4922, 180.212, 0.999755, 0.00370737, 0.0218181, -0.00279816, 0.999132, -0.0415564, -0.0219532, 0.0414852, 0.998898, 0.00288171  
46, 22.7706, 17.4921, 180.195, 0.999742, 0.00354551, 0.0224413, -0.00263472, 0.999177, -0.0404855, -0.0225663, 0.0404159, 0.998928, 0.00305146  
47, 22.7817, 17.5049, 180.192, 0.999724, 0.00364284, 0.0232302, -0.00273337, 0.999233, -0.0390628, -0.0233547, 0.0389886, 0.998967, 0.00281846  
48, 22.7767, 17.5075, 180.218, 0.999746, 0.003693, 0.0222127, -0.0027826, 0.99916, -0.0408777, -0.022345, 0.0408055, 0.998917, 0.00295771  
49, 22.791, 17.5238, 180.184, 0.999729, 0.00429052, 0.0228823, -0.00338695, 0.999219, -0.0393812, -0.0230334, 0.039293, 0.998962, 0.00288559  
50, 22.7716, 17.4887, 180.204, 0.999742, 0.0037302, 0.0224148, -0.00279895, 0.999137, -0.0414349, -0.02255, 0.0413614, 0.99889, 0.00291416  
51, 22.7852, 17.5102, 180.205, 0.999739, 0.00379544, 0.0225482, -0.00285613, 0.999133, -0.0415451, -0.0226863, 0.0414698, 0.998882, 0.00292747  
52, 22.7679, 17.5186, 180.189, 0.999727, 0.003842, 0.0230637, -0.00291834, 0.999197, -0.0399491, -0.0231987, 0.0398709, 0.998935, 0.00287089  
53, 22.7836, 17.5062, 180.179, 0.999724, 0.0043708, 0.0230916, -0.003453, 0.999208, -0.0396372, -0.0232465, 0.0395466, 0.998947, 0.00296326  
54, 22.7433, 17.5003, 180.217, 0.999735, 0.00353068, 0.0227485, -0.0026052, 0.999173, -0.040585, -0.022873, 0.040515, 0.998917, 0.00285425  
55, 22.7635, 17.4967, 180.222, 0.999721, 0.00391071, 0.0233, -0.00298714, 0.999213, -0.0395418, -0.0234364, 0.0394612, 0.998946, 0.00352606  
56, 22.7753, 17.5063, 180.207, 0.999747, 0.00372125, 0.0221631, -0.0028079, 0.999151, -0.0410995, -0.0222972, 0.0410269, 0.998909, 0.0029075  
57, 22.7905, 17.4962, 180.182, 0.999713, 0.00410394, 0.0236197, -0.00318848, 0.999247, -0.0386665, -0.0237606, 0.0385801, 0.998973, 0.00289197  
58, 22.7712, 17.5181, 180.211, 0.999754, 0.00376523, 0.0218352, -0.00284325, 0.999109, -0.0421032, -0.0219743, 0.0420308, 0.998875, 0.00293053  
59, 22.7711, 17.5011, 180.205, 0.999737, 0.00440964, 0.0225227, -0.00348445, 0.999155, -0.0409531, -0.0226843, 0.0408638, 0.998907, 0.00285286  
60, 22.7373, 17.4993, 180.21, 0.999724, 0.00357564, 0.0232165, -0.00266147, 0.999224, -0.039288, -0.023339, 0.0392154, 0.998958, 0.00304286  
61, 22.7611, 17.4958, 180.202, 0.999725, 0.00398848, 0.0231082, -0.00305561, 0.999184, -0.0402656, -0.0232499, 0.0401839, 0.998922, 0.00310222  
62, 22.7581, 17.4822, 180.196, 0.999711, 0.00373769, 0.0237394, -0.00280334, 0.999225, -0.0392706, -0.0238678, 0.0391927, 0.998947, 0.00298323  
63, 22.7637, 17.4924, 180.205, 0.999747, 0.00317213, 0.0222838, -0.00226567, 0.999173, -0.0405863, -0.0223941, 0.0405255, 0.998928, 0.0027996  
64, 22.8001, 17.5238, 180.186, 0.999723, 0.00400377, 0.0231768, -0.00308563, 0.999214, -0.0395159, -0.0233168, 0.0394335, 0.99895, 0.00289086  
65, 22.7736, 17.4879, 180.202, 0.999745, 0.00386992, 0.0222679, -0.00294888, 0.999145, -0.041247, -0.0224084, 0.0411708, 0.998901, 0.00275245  
66, 22.7421, 17.517, 180.218, 0.999742, 0.00312047, 0.0224849, -0.00218602, 0.999138, -0.0414643, -0.0225949, 0.0414045, 0.998887, 0.00275189  
67, 22.8052, 17.5112, 180.202, 0.999746, 0.00355212, 0.0222766, -0.00265141, 0.999183, -0.0403329, -0.0224017, 0.0402636, 0.998938, 0.00314383  
68, 22.7748, 17.4973, 180.215, 0.999763, 0.0037035, 0.0214694, -0.00281186, 0.999138, -0.0414133, -0.0216043, 0.0413431, 0.998911, 0.00278573  
69, 22.7602, 17.5033, 180.226, 0.999747, 0.00380381, 0.0221797, -0.00288275, 0.999138, -0.0414121, -0.0223181, 0.0413377, 0.998896, 0.00282623  
70, 22.7787, 17.5308, 180.225, 0.999744, 0.00393592, 0.0222864, -0.00302402, 0.999163, -0.040804, -0.0224284, 0.0407262, 0.998919, 0.00271944  
71, 22.7682, 17.4984, 180.203, 0.999742, 0.00377408, 0.022415, -0.00286306, 0.999174, -0.0405372, -0.0225495, 0.0404626, 0.998927, 0.00277575  
72, 22.7707, 17.4873, 180.202, 0.999722, 0.00398463, 0.023234, -0.00305218, 0.999194, -0.0400313, -0.0233748, 0.0399493, 0.998928, 0.00278934  
73, 22.7477, 17.4937, 180.199, 0.999714, 0.00297798, 0.0237108, -0.0020386, 0.999216, -0.0395443, -0.02381, 0.0394847, 0.998936, 0.00274302  
74, 22.7433, 17.493, 180.233, 0.999738, 0.00383939, 0.0225737, -0.00290423, 0.999142, -0.0413146, -0.0227129, 0.0412382, 0.998891, 0.00289668  
75, 22.7845, 17.4892, 180.198, 0.999736, 0.00392416, 0.0226203, -0.00300576, 0.999175, -0.0404927, -0.0227606, 0.040414, 0.998924, 0.00290501  
76, 22.7553, 17.5048, 180.217, 0.999731, 0.00344046, 0.0229362, -0.0025034, 0.999166, -0.0407592, -0.0230573, 0.0406908, 0.998906, 0.00277353  
77, 22.7502, 17.4945, 180.206, 0.999731, 0.0033347, 0.0229677, -0.00239306, 0.99916, -0.0409047, -0.0230848, 0.0408387, 0.998899, 0.00288115  
78, 22.7667, 17.4975, 180.229, 0.999764, 0.00346793, 0.0214363, -0.00256566, 0.999115, -0.041976, -0.0215629, 0.0419111, 0.998889, 0.00293996  
79, 22.7783, 17.5002, 180.194, 0.999714, 0.00387161, 0.0236073, -0.00294934, 0.999236, -0.0389778, -0.0237401, 0.0388971, 0.998961, 0.00275772  
80, 22.7808, 17.5043, 180.197, 0.999764, 0.00352967, 0.0214354, -0.00263866, 0.999137, -0.0414539, -0.0215633, 0.0413875, 0.99891, 0.00272443  
81, 22.7742, 17.5118, 180.22, 0.999742, 0.00402629, 0.0223603, -0.00309467, 0.999132, -0.0415434, -0.0225082, 0.0414634, 0.998886, 0.003062  
82, 22.778, 17.5038, 180.203, 0.999734, 0.0040375, 0.0227049, -0.00311411, 0.999172, -0.0405582, -0.0228499, 0.0404767, 0.998919, 0.00420259  
83, 22.7366, 17.5053, 180.23, 0.999748, 0.00374757, 0.0221115, -0.00284731, 0.999171, -0.0406063, -0.0222454, 0.0405332, 0.998931, 0.00292886  
84, 22.7706, 17.491, 180.207, 0.999734, 0.00353615, 0.0228048, -0.002625, 0.999202, -0.039861, -0.0229275, 0.0397905, 0.998945, 0.00277686  
85, 22.7582, 17.5049, 180.206, 0.999706, 0.00424505, 0.0238891, -0.00332227, 0.999252, -0.0385359, -0.0240348, 0.0384451, 0.998972, 0.0027641  
86, 22.7426, 17.4995, 180.213, 0.999719, 0.00396568, 0.0233762, -0.0030282, 0.999195, -0.040004, -0.023516, 0.0399219, 0.998926, 0.00276465  
87, 22.784, 17.4951, 180.179, 0.999718, 0.00391533, 0.0234125, -0.0029999, 0.999234, -0.0390082, -0.0235473, 0.038927, 0.998965, 0.00274912  
88, 22.7349, 17.4865, 180.196, 0.999735, 0.00374021, 0.0227303, -0.00281128, 0.999165, -0.0407626, -0.0228637, 0.0406879, 0.99891, 0.00274829  
89, 22.7837, 17.5248, 180.209, 0.999737, 0.00422603, 0.0225413, -0.00332672, 0.999203, -0.0397853, -0.0226915, 0.0396999, 0.998954, 0.00276216  
90, 22.7546, 17.4993, 180.198, 0.999724, 0.00366512, 0.0231939, -0.00273199, 0.99919, -0.0401361, -0.0233223, 0.0400617, 0.998925, 0.00272554  
91, 22.7638, 17.4923, 180.197, 0.999744, 0.00423006, 0.0222189, -0.00332715, 0.999173, -0.040518, -0.0223719, 0.0404338, 0.998932, 0.0029358  
92, 22.777, 17.5065, 180.199, 0.999723, 0.00389425, 0.0232022, -0.00296002, 0.999189, -0.0401641, -0.0233397, 0.0400843, 0.998924, 0.0027591  
93, 22.7719, 17.5126, 180.181, 0.99972, 0.0037563, 0.0233776, -0.0028463, 0.999241, -0.0388382, -0.0235058, 0.0387607, 0.998972, 0.00299515  
94, 22.7678, 17.4897, 180.216, 0.999746, 0.00326167, 0.0222969, -0.0023467, 0.999159, -0.0409395, -0.0224116, 0.0408767, 0.998913, 0.00290723  
95, 22.7831, 17.5094, 180.206, 0.999732, 0.00404562, 0.0227885, -0.00313225, 0.999196, -0.0399747, -0.0229318, 0.0398926, 0.998941, 0.0030007  
96, 22.7938, 17.4973, 180.209, 0.999734, 0.00362055, 0.0227585, -0.0027016, 0.999185, -0.0402801, -0.0228858, 0.0402079, 0.998929, 0.00312497  
97, 22.75, 17.508, 180.201, 0.999738, 0.00331534, 0.0226377, -0.00239438, 0.999173, -0.040589, -0.0227535, 0.0405242, 0.998919, 0.00292858  
98, 22.7334, 17.4689, 180.21, 0.999723, 0.00316627, 0.0233324, -0.00221404, 0.999168, -0.040725, -0.0234419, 0.040662, 0.998898, 0.00301956  
99, 22.7585, 17.5043, 180.226, 0.99974, 0.00325546, 0.0225597, -0.00233082, 0.999161, -0.0408919, -0.0226739, 0.0408287, 0.998909, 0.0028057  
100, 22.7433, 17.4987, 180.226, 0.999751, 0.00333791, 0.0220861, -0.00241019, 0.999119, -0.0418987, -0.0222065, 0.041835, 0.998878, 0.00302456  
101, 22.7556, 17.4868, 180.205, 0.999742, 0.00383497, 0.0223903, -0.00290289, 0.999134, -0.0415135, -0.0225301, 0.0414378, 0.998887, 0.00286423  
102, 22.7566, 17.4946, 180.19, 0.999721, 0.00366327, 0.0233176, -0.00273827, 0.999213, -0.0395788, -0.0234442, 0.039504, 0.998944, 0.0028082  
103, 22.7511, 17.4941, 180.199, 0.999713, 0.00373712, 0.0236671, -0.00279937, 0.999214, -0.0395322, -0.0237963, 0.0394545, 0.998938, 0.00304619  
104, 22.7903, 17.5171, 180.189, 0.999715, 0.00410985, 0.0235014, -0.00319984, 0.999249, -0.0386288, -0.0236425, 0.0385426, 0.998977, 0.00280459  
105, 22.783, 17.511, 180.204, 0.99974, 0.00340946, 0.0225339, -0.00249134, 0.99917, -0.040647, -0.0226538, 0.0405803, 0.998919, 0.00289974  
106, 22.7529, 17.4995, 180.207, 0.999729, 0.00381201, 0.0229492, -0.00288228, 0.999179, -0.0404102, -0.0230844, 0.0403331, 0.99892, 0.00287283  
107, 22.7711, 17.4849, 180.207, 0.999729, 0.00370115, 0.0229887, -0.00277824, 0.999194, -0.0400489, -0.0231184, 0.0399741, 0.998933, 0.00286007  
108, 22.7565, 17.4948, 180.203, 0.999713, 0.0035083, 0.0237069, -0.00257811, 0.99923, -0.0391543, -0.023826, 0.039082, 0.998952, 0.00306811  
109, 22.7882, 17.5276, 180.219, 0.999755, 0.00367521, 0.0218049, -0.00278583, 0.999168, -0.0406791, -0.0219363, 0.0406084, 0.998934, 0.00281652  
110, 22.7938, 17.5031, 180.193, 0.999724, 0.00422256, 0.0231028, -0.00330516, 0.99921, -0.0396044, -0.0232518, 0.0395172, 0.998948, 0.00287172  
111, 22.7529, 17.5081, 180.221, 0.999731, 0.00308964, 0.0229755, -0.0021557, 0.999175, -0.0405633, -0.0230819, 0.0405029, 0.998913, 0.00288226  
112, 22.7682, 17.497, 180.212, 0.999744, 0.00319121, 0.0224204, -0.00224614, 0.999113, -0.0420515, -0.0225347, 0.0419903, 0.998864, 0.00283455  
113, 22.7742, 17.5172, 180.2, 0.999727, 0.00395948, 0.023027, -0.00301886, 0.999165, -0.0407407, -0.0231691, 0.0406601, 0.998904, 0.00290778  
114, 22.7709, 17.4983, 180.217, 0.999724, 0.00386692, 0.0231877, -0.00291839, 0.999163, -0.0408015, -0.023326, 0.0407226, 0.998898, 0.00283205  
115, 22.7939, 17.5239, 180.207, 0.999732, 0.00388451, 0.022803, -0.00295006, 0.99916, -0.0408708, -0.0229426, 0.0407926, 0.998904, 0.00292359  
116, 22.7735, 17.4849, 180.213, 0.999731, 0.00406969, 0.0228274, -0.00312815, 0.999149, -0.0411312, -0.0229754, 0.0410487, 0.998893, 0.00296464  
117, 22.7857, 17.5054, 180.211, 0.99975, 0.00320231, 0.0221219, -0.00228188, 0.999136, -0.0415076, -0.0222357, 0.0414468, 0.998893, 0.00282984  
118, 22.7673, 17.513, 180.202, 0.999728, 0.00308285, 0.0231072, -0.0021591, 0.999202, -0.0398957, -0.0232117, 0.039835, 0.998937, 0.00292054  
119, 22.7536, 17.4978, 180.18, 0.999706, 0.00397033, 0.0239194, -0.00304496, 0.99925, -0.0386001, -0.0240547, 0.0385159, 0.998968, 0.00287699  
120, 22.7874, 17.5013, 180.191, 0.999761, 0.00409137, 0.0214733, -0.00319309, 0.999125, -0.0417016, -0.0216251, 0.041623, 0.998899, 0.00290667  
121, 22.747, 17.5055, 180.206, 0.999757, 0.00354304, 0.0217558, -0.00262891, 0.999118, -0.0419038, -0.0218851, 0.0418365, 0.998885, 0.00293025  
122, 22.7524, 17.5054, 180.222, 0.99976, 0.0036959, 0.0216046, -0.00281145, 0.999162, -0.0408259, -0.0217374, 0.0407554, 0.998933, 0.0028609  
123, 22.804, 17.4958, 180.188, 0.999712, 0.00414868, 0.0236205, -0.00323115, 0.999244, -0.0387512, -0.0237634, 0.0386637, 0.99897, 0.00294245  
124, 22.7778, 17.4938, 180.194, 0.99972, 0.00410204, 0.0233163, -0.00317919, 0.999215, -0.0394797, -0.02346, 0.0393945, 0.998948, 0.00292304  
125, 22.7919, 17.5171, 180.214, 0.999716, 0.00375531, 0.0235156, -0.00283861, 0.999239, -0.0388955, -0.0236438, 0.0388177, 0.998967, 0.00277935  
126, 22.7639, 17.4965, 180.21, 0.999742, 0.00378131, 0.0224173, -0.00285385, 0.999144, -0.0412611, -0.0225541, 0.0411864, 0.998897, 0.00301346  
127, 22.7747, 17.4899, 180.189, 0.999723, 0.00380632, 0.0232148, -0.00287629, 0.999197, -0.0399643, -0.0233483, 0.0398864, 0.998931, 0.00285508  
128, 22.7844, 17.5124, 180.231, 0.999755, 0.00317772, 0.0219023, -0.00226588, 0.999135, -0.0415319, -0.0220153, 0.0414721, 0.998897, 0.0029308  
129, 22.7743, 17.5, 180.218, 0.99972, 0.003938, 0.0233172, -0.00300947, 0.999206, -0.0397239, -0.0234552, 0.0396426, 0.998939, 0.00287449  
130, 22.763, 17.4855, 180.215, 0.999743, 0.00392034, 0.0223268, -0.00301352, 0.999175, -0.0405054, -0.0224672, 0.0404277, 0.99893, 0.00291971  
131, 22.7911, 17.4994, 180.206, 0.99974, 0.00401251, 0.0224499, -0.00308518, 0.999147, -0.0411896, -0.0225961, 0.0411097, 0.998899, 0.00293358  
132, 22.7581, 17.4945, 180.19, 0.999709, 0.0037025, 0.0238476, -0.00277606, 0.999245, -0.0387648, -0.0239731, 0.0386873, 0.998964, 0.00296631  
133, 22.7565, 17.4766, 180.201, 0.99974, 0.00388001, 0.0224746, -0.0029568, 0.999156, -0.0409661, -0.0226146, 0.040889, 0.998908, 0.0029358  
134, 22.8018, 17.4968, 180.208, 0.999737, 0.00359492, 0.0226345, -0.00267704, 0.999178, -0.0404527, -0.0227614, 0.0403815, 0.998925, 0.00291721  
135, 22.7524, 17.5147, 180.21, 0.999739, 0.00337201, 0.0226021, -0.00245807, 0.999183, -0.0403427, -0.0227196, 0.0402766, 0.99893, 0.00292415  
136, 22.7759, 17.5108, 180.219, 0.99975, 0.00392291, 0.0220293, -0.00303366, 0.999185, -0.040256, -0.0221692, 0.0401791, 0.998947, 0.00296104  
137, 22.7481, 17.4864, 180.222, 0.99973, 0.00383741, 0.0229233, -0.00290105, 0.999165, -0.0407419, -0.0230605, 0.0406644, 0.998907, 0.00284232  
138, 22.7814, 17.4852, 180.192, 0.999727, 0.00397855, 0.0230341, -0.00306606, 0.999214, -0.0395156, -0.0231732, 0.0394342, 0.998953, 0.00292886  
139, 22.7623, 17.4962, 180.225, 0.99974, 0.00392608, 0.0224693, -0.00300832, 0.999165, -0.0407342, -0.0226105, 0.040656, 0.998917, 0.00286063  
140, 22.7559, 17.4916, 180.221, 0.999726, 0.00365932, 0.0231305, -0.00272536, 0.999185, -0.0402811, -0.0232591, 0.040207, 0.998921, 0.00293774  
141, 22.7892, 17.4888, 180.192, 0.999731, 0.00396729, 0.0228343, -0.00304177, 0.999178, -0.0404251, -0.0229759, 0.0403448, 0.998922, 0.00308475  
142, 22.7831, 17.5258, 180.199, 0.999739, 0.00380303, 0.0225276, -0.00289147, 0.999181, -0.0403598, -0.0226626, 0.0402841, 0.998931, 0.0028204  
143, 22.7357, 17.4867, 180.196, 0.999718, 0.00293154, 0.0235513, -0.0020107, 0.999236, -0.0390283, -0.0236477, 0.03897, 0.998961, 0.00293441  
144, 22.7483, 17.5018, 180.204, 0.999745, 0.00344489, 0.0223338, -0.00253351, 0.999168, -0.0407081, -0.0224555, 0.0406411, 0.998921, 0.0028487  
145, 22.7613, 17.5089, 180.208, 0.99974, 0.00303937, 0.0225902, -0.00210743, 0.99915, -0.0411643, -0.0226961, 0.041106, 0.998897, 0.00290667  
146, 22.7501, 17.5124, 180.207, 0.999735, 0.00352826, 0.0227693, -0.00262054, 0.999205, -0.0397734, -0.0228915, 0.0397032, 0.998949, 0.00295965  
147, 22.7516, 17.4921, 180.188, 0.999738, 0.00349766, 0.022599, -0.00259059, 0.999195, -0.040043, -0.0227209, 0.0399739, 0.998942, 0.00288781  
148, 22.7639, 17.4915, 180.179, 0.999719, 0.00361992, 0.0234196, -0.00269816, 0.999225, -0.0392712, -0.0235436, 0.039197, 0.998954, 0.00290806  
149, 22.7617, 17.5019, 180.232, 0.999737, 0.00328982, 0.0226996, -0.00236109, 0.999164, -0.0408203, -0.0228149, 0.0407559, 0.998909, 0.00287255  
150, 22.7681, 17.5056, 180.214, 0.999753, 0.00387698, 0.0218741, -0.00296666, 0.999134, -0.0414965, -0.022016, 0.0414213, 0.998899, 0.00280626  
151, 22.7682, 17.5115, 180.211, 0.999725, 0.00346756, 0.0232042, -0.00254756, 0.999214, -0.0395606, -0.0233231, 0.0394906, 0.998948, 0.00287505  
152, 22.7725, 17.4933, 180.205, 0.999733, 0.00303893, 0.0229275, -0.00211858, 0.999195, -0.0400598, -0.0230307, 0.0400005, 0.998934, 0.00273858  
153, 22.7482, 17.4845, 180.212, 0.999727, 0.00372547, 0.0230729, -0.00280216, 0.999199, -0.0399212, -0.0232031, 0.0398456, 0.998936, 0.00296658  
154, 22.7443, 17.469, 180.219, 0.999717, 0.00396443, 0.0234689, -0.00303889, 0.999221, -0.0393419, -0.0236066, 0.0392595, 0.99895, 0.00284759  
155, 22.7862, 17.4701, 180.194, 0.999753, 0.00353433, 0.0219441, -0.00262733, 0.999146, -0.0412245, -0.022071, 0.0411567, 0.998909, 0.00300625  
156, 22.7742, 17.4753, 180.192, 0.999735, 0.00378585, 0.0227192, -0.00287628, 0.999198, -0.0399353, -0.0228522, 0.0398594, 0.998944, 0.00300764  
157, 22.7837, 17.4619, 180.208, 0.999754, 0.0037697, 0.0218794, -0.0028601, 0.999136, -0.0414567, -0.0220168, 0.0413839, 0.998901, 0.0029566  
158, 22.759, 17.4747, 180.199, 0.999752, 0.00392513, 0.0219349, -0.00303531, 0.999177, -0.0404535, -0.0220756, 0.0403769, 0.998941, 0.00295715  
159, 22.7069, 17.5818, 180.235, 0.999755, 0.00297651, 0.0219561, -0.00215123, 0.999294, -0.0375161, -0.0220523, 0.0374597, 0.999055, 0.00279294  
160, 22.7242, 17.6449, 180.238, 0.999749, 0.00399754, 0.0220643, -0.00319811, 0.999341, -0.0361486, -0.0221943, 0.0360689, 0.999103, 0.00285064  
161, 22.696, 17.7457, 180.261, 0.999764, 0.00360289, 0.0214082, -0.00286621, 0.999406, -0.0343429, -0.0215192, 0.0342734, 0.999181, 0.00274191  
162, 22.7221, 17.834, 180.213, 0.99975, 0.00376465, 0.0220329, -0.00310631, 0.99955, -0.0298382, -0.0221354, 0.0297623, 0.999312, 0.00268615  
163, 22.6983, 17.9158, 180.226, 0.999727, 0.00405366, 0.0230139, -0.00342596, 0.999623, -0.027249, -0.0231157, 0.0271627, 0.999364, 0.00267506  
164, 22.7353, 18.0073, 180.248, 0.999729, 0.00439026, 0.0228457, -0.00381926, 0.999681, -0.0249779, -0.022948, 0.0248839, 0.999427, 0.00258269  
165, 22.7252, 18.0804, 180.25, 0.999724, 0.0040258, 0.0231506, -0.00349681, 0.999733, -0.0228452, -0.0232364, 0.0227579, 0.999471, 0.00438483  
166, 22.725, 18.1792, 180.244, 0.999716, 0.00351055, 0.0235652, -0.00308643, 0.999833, -0.01801, -0.0236245, 0.0179322, 0.99956, 0.00290417  
167, 22.7189, 18.2378, 180.264, 0.999724, 0.00295303, 0.0233256, -0.00253042, 0.999832, -0.0181269, -0.0233753, 0.0180629, 0.999564, 0.00293524  
168, 22.7286, 18.3217, 180.256, 0.999701, 0.0030024, 0.0242498, -0.0026904, 0.999913, -0.0128882, -0.0242864, 0.0128191, 0.999623, 0.00292664  
169, 22.7358, 18.341, 180.253, 0.999718, 0.00320513, 0.0235284, -0.00292931, 0.999927, -0.0117479, -0.0235643, 0.0116757, 0.999654, 0.00298656  
170, 22.6864, 18.4056, 180.237, 0.999733, 0.00245748, 0.0229734, -0.00225799, 0.99996, -0.00870515, -0.0229939, 0.00865096, 0.999698, 0.00285619  
171, 22.6577, 18.4447, 180.254, 0.999713, 0.00251602, 0.0238367, -0.00237499, 0.99998, -0.0059428, -0.0238512, 0.00588448, 0.999698, 0.00310611  
172, 22.6409, 18.5636, 180.226, 0.999697, 0.00269942, 0.0244729, -0.00266071, 0.999995, -0.00161391, -0.0244771, 0.00154831, 0.999699, 0.00287172  
173, 22.6754, 18.6332, 180.239, 0.999696, 0.00282984, 0.0245045, -0.00287202, 0.999994, 0.00168608, -0.0244996, -0.00175595, 0.999698, 0.00271278  
174, 22.6581, 18.681, 180.251, 0.999735, 0.00250213, 0.0228806, -0.00258737, 0.99999, 0.00369636, -0.0228711, -0.00375459, 0.999731, 0.0027702  
175, 22.6469, 18.726, 180.259, 0.999754, 0.0025924, 0.0220214, -0.00272943, 0.999977, 0.00619469, -0.0220048, -0.00625327, 0.999738, 0.00300847  
176, 22.6214, 18.7591, 180.26, 0.99973, 0.00293647, 0.0230408, -0.00316224, 0.999947, 0.00976845, -0.0230109, -0.00983867, 0.999687, 0.00300431  
177, 22.6484, 18.7699, 180.25, 0.99971, 0.00243522, 0.0239404, -0.00276218, 0.999903, 0.0136336, -0.0239049, -0.0136958, 0.99962, 0.00292109  
178, 22.6467, 18.72, 180.257, 0.999732, 0.00250172, 0.0230121, -0.00283558, 0.999891, 0.0144865, -0.0229734, -0.0145479, 0.99963, 0.00282956  
179, 22.6601, 18.7286, 180.241, 0.999746, 0.00280134, 0.0223803, -0.00318846, 0.999846, 0.0172805, -0.0223284, -0.0173474, 0.9996, 0.00275356  
180, 22.5561, 18.6579, 180.27, 0.999726, 0.00345618, 0.0231666, -0.00393356, 0.99978, 0.0205925, -0.0230903, -0.020678, 0.99952, 0.00278546  
181, 22.5261, 18.6402, 180.285, 0.999734, 0.0034588, 0.0227972, -0.00398285, 0.999728, 0.0229824, -0.0227115, -0.023067, 0.999476, 0.00289336  
182, 22.4814, 18.6578, 180.314, 0.999726, 0.00315682, 0.0231978, -0.00382905, 0.999572, 0.0289914, -0.0230964, -0.0290723, 0.99931, 0.0028462  
183, 22.4522, 18.5975, 180.311, 0.99976, 0.00374635, 0.0215667, -0.00441649, 0.999506, 0.0311094, -0.0214395, -0.0311972, 0.999283, 0.00300708  
184, 22.3873, 18.5539, 180.356, 0.99976, 0.0035118, 0.0216064, -0.00423062, 0.999436, 0.0333138, -0.0214772, -0.0333972, 0.999211, 0.00300153  
185, 22.3791, 18.4956, 180.337, 0.999754, 0.00366223, 0.0218812, -0.00453271, 0.999195, 0.0398656, -0.0217176, -0.039955, 0.998965, 0.00306949  
186, 22.2952, 18.3216, 180.382, 0.999751, 0.00311571, 0.0220901, -0.00400127, 0.999185, 0.0401583, -0.021947, -0.0402367, 0.998949, 0.00291055  
187, 22.241, 18.202, 180.434, 0.999796, 0.00339741, 0.0199217, -0.00424651, 0.999077, 0.0427357, -0.0197581, -0.0428115, 0.998888, 0.00279516  
188, 22.1794, 18.0744, 180.424, 0.999794, 0.00365078, 0.0199828, -0.00455118, 0.998968, 0.0452005, -0.0197971, -0.0452821, 0.998778, 0.00285203  
189, 22.1359, 17.8918, 180.388, 0.999795, 0.00446802, 0.0197365, -0.00542958, 0.998787, 0.0489381, -0.0194939, -0.0490352, 0.998607, 0.00292054  
190, 21.9565, 17.7418, 180.449, 0.999816, 0.00336374, 0.0188824, -0.0043419, 0.998638, 0.0520027, -0.0186818, -0.0520751, 0.998468, 0.00287477  
191, 21.9071, 17.5668, 180.453, 0.999803, 0.00298019, 0.0196223, -0.00407762, 0.998415, 0.0561273, -0.019424, -0.0561962, 0.998231, 0.00294328  
192, 21.7842, 17.352, 180.479, 0.999835, 0.00349434, 0.0178161, -0.0045373, 0.998257, 0.05884, -0.0175795, -0.0589112, 0.998108, 0.00281292  
193, 21.7049, 17.1519, 180.518, 0.999851, 0.00342988, 0.0169135, -0.00446825, 0.998082, 0.0617424, -0.0166693, -0.0618087, 0.997949, 0.00284787  
194, 21.601, 16.9319, 180.507, 0.999876, 0.00370227, 0.0153318, -0.00468275, 0.997912, 0.0644174, -0.0150613, -0.0644812, 0.997805, 0.00287727  
195, 21.4633, 16.6587, 180.543, 0.999877, 0.00326016, 0.015348, -0.0042675, 0.997806, 0.0660653, -0.0150989, -0.0661227, 0.997697, 0.00284149  
196, 21.4017, 16.2815, 180.535, 0.999872, 0.00295465, 0.0157094, -0.00401335, 0.997691, 0.0677941, -0.0154728, -0.0678485, 0.997576, 0.0030792  
197, 21.2833, 15.9454, 180.546, 0.9999, 0.00218708, 0.0139405, -0.00314043, 0.99763, 0.0687365, -0.0137571, -0.0687734, 0.997537, 0.00283178  
198, 21.2412, 15.6759, 180.512, 0.999894, 0.00224375, 0.0143889, -0.00328247, 0.997357, 0.0725768, -0.0141881, -0.0726163, 0.997259, 0.00296908  
199, 21.1614, 15.5444, 180.502, 0.999901, 0.00296082, 0.0137217, -0.00401307, 0.997, 0.0773036, -0.0134517, -0.077351, 0.996913, 0.00264149  
200, 20.9986, 15.2846, 180.475, 0.999898, 0.00273553, 0.0140347, -0.00386847, 0.996679, 0.0813437, -0.0137655, -0.0813897, 0.996587, 0.00271278  
201, 20.8804, 15.0454, 180.507, 0.999903, 0.00304066, 0.0135556, -0.00416007, 0.996513, 0.0833322, -0.013255, -0.0833806, 0.99643, 0.00283566  
202, 20.7529, 14.8121, 180.526, 0.99991, 0.00339475, 0.0129533, -0.00449689, 0.996283, 0.0860287, -0.0126131, -0.0860792, 0.996208, 0.00274829  
203, 20.6541, 14.5546, 180.482, 0.99992, 0.00345487, 0.012176, -0.00448944, 0.996286, 0.0859928, -0.0118337, -0.0860406, 0.996221, 0.00296714  
204, 20.5738, 14.3082, 180.463, 0.999921, 0.0040113, 0.011906, -0.00506207, 0.995967, 0.0895807, -0.0114986, -0.0896339, 0.995908, 0.00288254  
205, 20.4163, 14.1317, 180.463, 0.999945, 0.00523073, 0.0091057, -0.00604436, 0.995764, 0.091751, -0.00858721, -0.0918009, 0.99574, 0.00290556  
206, 20.3801, 13.9615, 180.392, 0.999938, 0.00554657, 0.00965534, -0.00643973, 0.995449, 0.0950771, -0.00908405, -0.0951334, 0.995423, 0.00297241  
207, 20.2702, 13.8099, 180.386, 0.999932, 0.00681962, 0.00942164, -0.00770082, 0.995264, 0.0969022, -0.00871619, -0.0969682, 0.995249, 0.00283538  
208, 20.1283, 13.6358, 180.38, 0.99994, 0.00770818, 0.00778153, -0.00844079, 0.995053, 0.0989814, -0.00698007, -0.0990411, 0.995059, 0.00291888  
209, 20.0012, 13.4333, 180.373, 0.999937, 0.00886456, 0.00693876, -0.00951499, 0.994929, 0.10013, -0.00601596, -0.10019, 0.99495, 0.00287893  
210, 19.8802, 13.298, 180.384, 0.999935, 0.0103401, 0.00473614, -0.0107639, 0.994877, 0.100513, -0.00367256, -0.100558, 0.994924, 0.00296631  
211, 19.7231, 13.1657, 180.391, 0.999947, 0.00978623, 0.00308411, -0.0100519, 0.994629, 0.103019, -0.00205938, -0.103044, 0.994675, 0.00293053  
212, 19.5509, 13.0614, 180.382, 0.999939, 0.0108228, 0.002358, -0.0110135, 0.994149, 0.107453, -0.00118126, -0.107472, 0.994207, 0.00288282  
213, 19.3773, 12.9684, 180.365, 0.999934, 0.0113269, 0.00198953, -0.011478, 0.993725, 0.111265, -0.000716762, -0.11128, 0.993789, 0.00294939  
214, 19.1835, 12.8075, 180.361, 0.999937, 0.0109059, 0.00277745, -0.0111537, 0.993247, 0.115481, -0.00149927, -0.115505, 0.993306, 0.0028989  
215, 19.0222, 12.6848, 180.353, 0.99994, 0.0106127, 0.00268223, -0.0108586, 0.992649, 0.12054, -0.00138327, -0.120561, 0.992705, 0.00280487  
216, 18.7538, 12.5045, 180.379, 0.999939, 0.0109219, 0.00131312, -0.0110005, 0.992348, 0.122981, 4.01149e-005, -0.122988, 0.992408, 0.0029652  
217, 18.5474, 12.3528, 180.388, 0.999938, 0.0111237, 0.000806767, -0.0111345, 0.991513, 0.129526, 0.000640892, -0.129527, 0.991576, 0.00273386  
218, 18.3145, 12.1567, 180.428, 0.999935, 0.0112182, -0.00215571, -0.0108361, 0.991213, 0.131834, 0.00361571, -0.131802, 0.99127, 0.00294994  
219, 18.0747, 12.053, 180.499, 0.999946, 0.00959451, -0.00407579, -0.00894423, 0.990491, 0.137284, 0.0053542, -0.13724, 0.990523, 0.00289641  
220, 17.8745, 11.8999, 180.528, 0.999925, 0.00997729, -0.00712145, -0.00886353, 0.989799, 0.142197, 0.00846754, -0.142123, 0.989813, 0.00291388  
221, 17.6024, 11.6483, 180.584, 0.999924, 0.00961674, -0.00776798, -0.00838465, 0.989326, 0.145479, 0.00908409, -0.145403, 0.989331, 0.00295632  
222, 17.367, 11.2663, 180.582, 0.999894, 0.0106782, -0.00993441, -0.00908614, 0.988885, 0.148403, 0.0114087, -0.148297, 0.988877, 0.00360012  
223, 17.0349, 10.8976, 180.618, 0.999867, 0.0116093, -0.0114642, -0.00973361, 0.988344, 0.151925, 0.0130943, -0.151793, 0.988326, 0.00281597  
224, 16.7072, 10.4777, 180.646, 0.999843, 0.0111942, -0.013732, -0.00896326, 0.988194, 0.152943, 0.015282, -0.152796, 0.98814, 0.00284953  
225, 16.385, 10.0124, 180.688, 0.99979, 0.0121523, -0.0165228, -0.00944238, 0.98784, 0.15519, 0.0182077, -0.155001, 0.987747, 0.00279294  
226, 16.1293, 9.43901, 180.695, 0.999766, 0.0130847, -0.017248, -0.0101991, 0.987405, 0.157884, 0.0190966, -0.157671, 0.987307, 0.00299904  
227, 15.7176, 8.80625, 180.661, 0.99975, 0.0136584, -0.0177135, -0.0106289, 0.986886, 0.161067, 0.0196811, -0.160838, 0.986785, 0.00275106  
228, 15.3679, 8.16803, 180.571, 0.999693, 0.014088, -0.0203627, -0.0105377, 0.986239, 0.164991, 0.0224069, -0.164726, 0.986085, 0.0029591  
229, 14.9655, 7.46886, 180.546, 0.999668, 0.0144721, -0.0213086, -0.0107602, 0.986232, 0.165015, 0.0234034, -0.164731, 0.986061, 0.00286423  
230, 14.5283, 6.61469, 180.55, 0.999648, 0.0139508, -0.0225538, -0.0100681, 0.986424, 0.163912, 0.0245343, -0.163628, 0.986217, 0.00292858  
231, 14.1395, 5.83115, 180.597, 0.999614, 0.0156554, -0.0229451, -0.0116852, 0.9864, 0.16395, 0.0251997, -0.163618, 0.986202, 0.00297324  
232, 13.7389, 4.98304, 180.536, 0.999569, 0.0163819, -0.0243809, -0.012165, 0.986381, 0.164026, 0.0267359, -0.163659, 0.986155, 0.00294162  
233, 13.4078, 3.94958, 180.59, 0.999512, 0.0168793, -0.0262895, -0.0124192, 0.986809, 0.161414, 0.0286673, -0.161009, 0.986537, 0.00290612  
234, 13.0945, 2.93946, 180.589, 0.999488, 0.0179335, -0.0264922, -0.0135293, 0.987355, 0.157949, 0.0289898, -0.157509, 0.987092, 0.00286312  
235, 12.8231, 1.84328, 180.628, 0.999425, 0.0183744, -0.0285023, -0.0137998, 0.988112, 0.153115, 0.0309768, -0.152633, 0.987797, 0.002986  
236, 12.6307, 0.724032, 180.665, 0.999299, 0.0178902, -0.0328988, -0.0127319, 0.988483, 0.150798, 0.0352177, -0.150274, 0.988017, 0.00302567  
237, 12.5175, -0.437379, 180.651, 0.999249, 0.0177584, -0.0344357, -0.0124475, 0.9888, 0.148725, 0.0366911, -0.148184, 0.988279, 0.00300264  
238, 12.3705, -1.72352, 180.629, 0.999174, 0.0186654, -0.0360918, -0.0132329, 0.989301, 0.145288, 0.0384175, -0.144691, 0.988731, 0.00277769  
239, 12.3236, -3.02737, 180.667, 0.999161, 0.0179669, -0.0367987, -0.0124694, 0.989424, 0.144516, 0.039006, -0.143936, 0.988818, 0.00287893  
240, 12.296, -4.42193, 180.64, 0.999121, 0.0196616, -0.037029, -0.0141572, 0.989557, 0.143443, 0.0394626, -0.142793, 0.988966, 0.00296631  
241, 12.3319, -5.90748, 180.598, 0.999108, 0.020825, -0.0367233, -0.0153907, 0.989676, 0.142497, 0.0393116, -0.141805, 0.989114, 0.00311304  
242, 12.3769, -7.36951, 180.559, 0.999179, 0.0219247, -0.0340588, -0.0168159, 0.989488, 0.143637, 0.03685, -0.142947, 0.989044, 0.00282124  
243, 12.4581, -9.00495, 180.493, 0.999212, 0.0212229, -0.0335279, -0.0164102, 0.990324, 0.137804, 0.0361281, -0.137145, 0.989892, 0.00289946  
244, 12.6028, -10.6196, 180.47, 0.999287, 0.0199459, -0.0320685, -0.0154983, 0.990941, 0.1334, 0.0344387, -0.132807, 0.990543, 0.00291028  
245, 12.8222, -12.2987, 180.451, 0.999271, 0.0217086, -0.0314019, -0.0174229, 0.991251, 0.130836, 0.0339674, -0.130193, 0.990907, 0.00300098  
246, 12.9629, -14.1504, 180.498, 0.999269, 0.0237863, -0.0299276, -0.0198743, 0.99198, 0.124825, 0.0326567, -0.124139, 0.991727, 0.00292082  
247, 13.309, -16.0239, 180.549, 0.999268, 0.024424, -0.0294505, -0.0207326, 0.992592, 0.119713, 0.0321562, -0.119015, 0.992372, 0.00295743  
248, 13.6244, -17.8232, 180.475, 0.999298, 0.0251495, -0.0277716, -0.0217863, 0.993082, 0.115388, 0.0304815, -0.114702, 0.992932, 0.00304148  
249, 14.0504, -19.6376, 180.309, 0.999496, 0.0230232, -0.0218393, -0.0204437, 0.993525, 0.111757, 0.0242709, -0.111254, 0.993496, 0.00298767  
250, 14.4987, -21.3653, 180.363, 0.999556, 0.0186565, -0.0232526, -0.0161715, 0.994569, 0.102818, 0.0250445, -0.102396, 0.994428, 0.002796  
251, 14.9048, -23.3889, 180.522, 0.999564, 0.018775, -0.0228016, -0.0165284, 0.995339, 0.0950081, 0.0244791, -0.0945897, 0.995215, 0.00309723  
252, 15.5268, -25.3496, 180.411, 0.999562, 0.0199578, -0.0218632, -0.0179382, 0.995873, 0.0889647, 0.0235485, -0.0885336, 0.995795, 0.00302927  
253, 16.0965, -27.2335, 180.423, 0.999636, 0.0203323, -0.017739, -0.0186716, 0.995836, 0.0892298, 0.0194794, -0.0888661, 0.995853, 0.00300986  
254, 16.6743, -29.2264, 180.469, 0.999629, 0.0213032, -0.0169688, -0.0197975, 0.996232, 0.0844332, 0.0187036, -0.084066, 0.996285, 0.00300514  
255, 17.3405, -31.3797, 180.474, 0.999667, 0.0214287, -0.0143547, -0.0202744, 0.996884, 0.0762301, 0.0159435, -0.0759137, 0.996987, 0.00299377  
256, 18.011, -33.4706, 180.502, 0.999735, 0.0205708, -0.0103188, -0.0197758, 0.997209, 0.0719882, 0.0117708, -0.0717651, 0.997352, 0.00309418  
257, 18.6699, -35.6314, 180.496, 0.999735, 0.0218603, -0.00717477, -0.0213359, 0.997562, 0.0664411, 0.0086097, -0.0662704, 0.997765, 0.00286506  
258, 19.3858, -37.8764, 180.524, 0.999812, 0.019318, -0.00190266, -0.0191698, 0.998028, 0.0597758, 0.00305365, -0.0597281, 0.99821, 0.00296603  
259, 19.9853, -39.8576, 180.622, 0.999829, 0.0183861, 0.00195276, -0.0184653, 0.998338, 0.0545918, -0.00094579, -0.0546185, 0.998507, 0.00294523  
260, 20.6822, -42.1825, 180.574, 0.999837, 0.0172253, 0.00538512, -0.0174601, 0.998738, 0.0470979, -0.00456705, -0.0471843, 0.998876, 0.0030057  
261, 21.2521, -44.3896, 180.639, 0.999823, 0.0163461, 0.0093596, -0.0167152, 0.999027, 0.0408127, -0.00868337, -0.040962, 0.999123, 0.00274468  
262, 21.8436, -46.6782, 180.663, 0.999723, 0.0168663, 0.0164182, -0.0174305, 0.999241, 0.0348472, -0.015818, -0.0351238, 0.999258, 0.00282817  
263, 22.3799, -48.7621, 180.566, 0.999625, 0.0196013, 0.0191137, -0.0201607, 0.999361, 0.0295268, -0.0185227, -0.0299011, 0.999381, 0.00300264  
264, 22.9812, -50.9325, 180.706, 0.999534, 0.018813, 0.0240554, -0.0192234, 0.999672, 0.016944, -0.0237287, -0.0173985, 0.999567, 0.00279738  
265, 23.5664, -53.1497, 180.773, 0.999433, 0.0189166, 0.027852, -0.0192376, 0.999751, 0.011301, -0.0276312, -0.0118304, 0.999548, 0.00298378  
266, 24.1048, -55.5016, 180.743, 0.999372, 0.0182272, 0.0304007, -0.0183933, 0.999817, 0.00519293, -0.0303005, -0.00574883, 0.999524, 0.00291194  
267, 24.7067, -57.8566, 180.704, 0.999229, 0.0184519, 0.0346646, -0.018339, 0.999825, -0.00357288, -0.0347245, 0.00293441, 0.999393, 0.00281541  
268, 25.2259, -60.1174, 180.67, 0.999071, 0.0172017, 0.0395047, -0.0169572, 0.999835, -0.00651506, -0.0396102, 0.00583912, 0.999198, 0.00286451  
269, 25.7005, -62.3313, 180.685, 0.999038, 0.0159544, 0.0408433, -0.015351, 0.999769, -0.0150449, -0.0410739, 0.0144034, 0.999052, 0.00278934  
270, 26.2016, -64.5877, 180.712, 0.99893, 0.016671, 0.0431362, -0.0157278, 0.999632, -0.0221125, -0.0434889, 0.0214104, 0.998824, 0.00284204  
271, 26.5568, -66.8672, 180.721, 0.998734, 0.0163069, 0.0475824, -0.0151704, 0.999593, -0.0241488, -0.0479568, 0.0233964, 0.998575, 0.00287505  
272, 26.9626, -69.0287, 180.726, 0.998697, 0.0163465, 0.0483344, -0.0148529, 0.999406, -0.0311004, -0.0488141, 0.030342, 0.998347, 0.00282429  
273, 27.4338, -71.2757, 180.655, 0.998565, 0.0154805, 0.0512593, -0.0134429, 0.999115, -0.0398599, -0.051831, 0.0391137, 0.99789, 0.00305978  
274, 27.7945, -73.3439, 180.53, 0.998493, 0.0136525, 0.0531489, -0.0111918, 0.998864, -0.0463224, -0.0537209, 0.0456578, 0.997512, 0.00281763  
275, 28.1822, -75.3756, 180.469, 0.998443, 0.0123136, 0.0544021, -0.00964456, 0.99875, -0.0490541, -0.0549381, 0.048453, 0.997313, 0.00284731  
276, 28.3668, -77.6786, 180.438, 0.99845, 0.0118382, 0.0543871, -0.00871506, 0.998319, -0.057307, -0.054974, 0.0567442, 0.996874, 0.00275688  
277, 28.549, -79.7373, 180.432, 0.998392, 0.0105665, 0.0556853, -0.0070723, 0.998015, -0.0625769, -0.056236, 0.0620825, 0.996485, 0.00290889  
278, 28.6446, -81.8223, 180.437, 0.998243, 0.0114097, 0.0581426, -0.00753259, 0.99776, -0.0664703, -0.0587708, 0.0659155, 0.996093, 0.00306034  
