0, 0, 0, 0, 0, 0, 0, 0, 0, 0, 0, 0, 0, 0.0062688  
1, 9.85772, 23.4112, 180.285, 0.999936, -0.00527097, 0.0100028, 0.00556132, 0.999557, -0.0292247, -0.00984429, 0.0292784, 0.999523, 0.00261348  
2, 9.76675, 23.3753, 180.319, 0.999915, -0.00597106, 0.0115779, 0.00630345, 0.999563, -0.0288886, -0.0114004, 0.0289591, 0.999516, 0.00273802  
3, 9.80141, 23.3927, 180.306, 0.999923, -0.00553944, 0.0111445, 0.00586697, 0.999545, -0.0295749, -0.0109756, 0.029638, 0.9995, 0.00280321  
4, 9.76331, 23.3638, 180.314, 0.999912, -0.00592346, 0.011851, 0.00626493, 0.99956, -0.0289877, -0.011674, 0.0290594, 0.99951, 0.00276493  
5, 9.78528, 23.3851, 180.321, 0.99991, -0.00592773, 0.0120139, 0.00626962, 0.999571, -0.0286232, -0.0118391, 0.0286959, 0.999518, 0.0027824  
6, 9.7844, 23.3617, 180.321, 0.999927, -0.00549447, 0.0107192, 0.00580291, 0.999564, -0.0289595, -0.0105554, 0.0290196, 0.999523, 0.00288393  
7, 9.76612, 23.3828, 180.309, 0.999934, -0.00517268, 0.0102118, 0.00546446, 0.999572, -0.0287546, -0.0100587, 0.0288085, 0.999534, 0.00291971  
8, 9.77558, 23.3782, 180.331, 0.999928, -0.00524296, 0.0107628, 0.00555315, 0.999564, -0.0289959, -0.0106061, 0.0290536, 0.999522, 0.00281042  
9, 9.78921, 23.3744, 180.314, 0.999931, -0.00552145, 0.0104118, 0.00581761, 0.999573, -0.0286328, -0.0102492, 0.0286914, 0.999536, 0.00278795  
10, 9.78352, 23.373, 180.332, 0.999922, -0.00543054, 0.0112153, 0.00575302, 0.999565, -0.0289236, -0.0110534, 0.0289859, 0.999519, 0.00275217  
11, 9.76295, 23.3732, 180.334, 0.999924, -0.00570053, 0.010961, 0.00601495, 0.999565, -0.02887, -0.0107916, 0.0289337, 0.999523, 0.00286451  
12, 9.77826, 23.3763, 180.319, 0.999926, -0.00563355, 0.0107649, 0.00594417, 0.99956, -0.0290443, -0.0105966, 0.0291061, 0.99952, 0.00450272  
13, 9.77142, 23.3644, 180.308, 0.999926, -0.00598098, 0.0106347, 0.00627869, 0.999583, -0.0281853, -0.0104617, 0.02825, 0.999546, 0.00286257  
14, 9.81797, 23.3721, 180.299, 0.999926, -0.00545253, 0.010849, 0.00576828, 0.999554, -0.0292887, -0.0106844, 0.0293491, 0.999512, 0.00279766  
15, 9.76657, 23.3595, 180.332, 0.999919, -0.00561757, 0.0113851, 0.00594867, 0.999554, -0.0292599, -0.0112156, 0.0293253, 0.999507, 0.00280931  
16, 9.78239, 23.3457, 180.316, 0.999921, -0.00517291, 0.0114713, 0.00550433, 0.999563, -0.0290498, -0.011316, 0.0291107, 0.999512, 0.00288087  
17, 9.77398, 23.3559, 180.329, 0.999932, -0.00544712, 0.0103108, 0.00574471, 0.999561, -0.0290561, -0.010148, 0.0291134, 0.999525, 0.00305729  
18, 9.78796, 23.3738, 180.325, 0.999928, -0.00583966, 0.0105096, 0.00614663, 0.999548, -0.0294172, -0.0103331, 0.0294796, 0.999512, 0.00272748  
19, 9.77214, 23.3562, 180.325, 0.99993, -0.00548884, 0.0104351, 0.00579609, 0.999544, -0.0296448, -0.0102677, 0.0297032, 0.999506, 0.00259684  
20, 9.84508, 23.3852, 180.284, 0.999933, -0.00523829, 0.0103469, 0.00553947, 0.999555, -0.0292974, -0.0101888, 0.0293527, 0.999517, 0.00273802  
21, 9.7855, 23.3616, 180.307, 0.999927, -0.00553912, 0.0107761, 0.00584653, 0.999571, -0.0287081, -0.0106125, 0.028769, 0.99953, 0.00284093  
22, 9.77295, 23.3792, 180.306, 0.999924, -0.00528315, 0.0111074, 0.00560699, 0.999554, -0.0293294, -0.0109475, 0.0293894, 0.999508, 0.00289058  
23, 9.75117, 23.3714, 180.312, 0.999917, -0.00577708, 0.0115493, 0.00610088, 0.999584, -0.0282003, -0.0113815, 0.0282684, 0.999536, 0.00282068  
24, 9.8009, 23.3742, 180.305, 0.999915, -0.00607146, 0.0115075, 0.00640361, 0.999557, -0.0290501, -0.011326, 0.0291213, 0.999512, 0.00297185  
25, 9.80174, 23.376, 180.307, 0.999917, -0.00578077, 0.0114938, 0.00610591, 0.999576, -0.0284574, -0.0113244, 0.0285252, 0.999529, 0.00285036  
26, 9.82577, 23.3614, 180.308, 0.99992, -0.00559061, 0.0113693, 0.00591291, 0.999576, -0.0285144, -0.0112051, 0.0285794, 0.999529, 0.00282235  
27, 9.81594, 23.3663, 180.302, 0.99993, -0.00545316, 0.0104542, 0.00575444, 0.999563, -0.0290088, -0.0102914, 0.029067, 0.999524, 0.0030204  
28, 9.86073, 23.3847, 180.281, 0.99993, -0.00503081, 0.0107145, 0.00533093, 0.999589, -0.0281682, -0.0105684, 0.0282234, 0.999546, 0.00267312  
29, 9.78912, 23.3729, 180.323, 0.999926, -0.00525397, 0.0109953, 0.00557096, 0.999564, -0.0290001, -0.0108382, 0.0290592, 0.999519, 0.00276687  
30, 9.79991, 23.3847, 180.29, 0.999922, -0.00534875, 0.01132, 0.00567316, 0.999568, -0.0288225, -0.0111609, 0.0288844, 0.99952, 0.00277242  
31, 9.76896, 23.383, 180.299, 0.999923, -0.00564781, 0.0110468, 0.00596565, 0.999563, -0.0289543, -0.0108785, 0.0290179, 0.99952, 0.00281403  
32, 9.77113, 23.3819, 180.32, 0.999924, -0.00539934, 0.0110816, 0.00571184, 0.999581, -0.0283642, -0.0109238, 0.0284254, 0.999536, 0.0030817  
33, 9.80382, 23.3637, 180.319, 0.999929, -0.00545181, 0.0106213, 0.00575369, 0.999574, -0.0286017, -0.0104608, 0.0286608, 0.999534, 0.00284925  
34, 9.79841, 23.36, 180.295, 0.999919, -0.0057404, 0.0113316, 0.00606235, 0.999573, -0.0285841, -0.0111626, 0.0286505, 0.999527, 0.00290695  
35, 9.79212, 23.3825, 180.312, 0.999932, -0.00537023, 0.0103106, 0.00567099, 0.999553, -0.0293656, -0.0101483, 0.0294221, 0.999516, 0.00280848  
36, 9.81724, 23.3776, 180.307, 0.999928, -0.00543049, 0.0107152, 0.0057391, 0.999563, -0.0289835, -0.0105532, 0.0290429, 0.999522, 0.00283788  
37, 9.80595, 23.3884, 180.307, 0.999938, -0.00500887, 0.00992481, 0.00529765, 0.999557, -0.029288, -0.00977371, 0.0293387, 0.999522, 0.00291194  
38, 9.77422, 23.3784, 180.327, 0.999923, -0.00514376, 0.0113115, 0.00545472, 0.999603, -0.0276338, -0.0111648, 0.0276934, 0.999554, 0.00282151  
39, 9.80592, 23.3816, 180.293, 0.99993, -0.00497082, 0.0107202, 0.00528195, 0.99956, -0.0291927, -0.0105703, 0.0292473, 0.999516, 0.00282762  
40, 9.78259, 23.3938, 180.323, 0.999925, -0.00564, 0.0108416, 0.00595118, 0.999565, -0.0288877, -0.010674, 0.0289501, 0.999524, 0.00285508  
41, 9.80455, 23.3847, 180.307, 0.999929, -0.00528003, 0.0106742, 0.00558273, 0.999577, -0.0285299, -0.0105191, 0.0285875, 0.999536, 0.00298378  
42, 9.81043, 23.376, 180.326, 0.999919, -0.00574148, 0.0113709, 0.00606981, 0.999559, -0.0290531, -0.0111991, 0.0291197, 0.999513, 0.0028781  
43, 9.81942, 23.3653, 180.319, 0.999919, -0.00496542, 0.0117249, 0.00529509, 0.999587, -0.0282551, -0.0115798, 0.0283149, 0.999532, 0.00275716  
44, 9.80786, 23.392, 180.333, 0.999931, -0.00483206, 0.0106986, 0.00512789, 0.9996, -0.0277989, -0.01056, 0.0278518, 0.999556, 0.002834  
45, 9.84148, 23.3655, 180.297, 0.99993, -0.00511256, 0.0106823, 0.00541758, 0.999573, -0.0287225, -0.0105309, 0.0287784, 0.99953, 0.00285508  
46, 9.79861, 23.3788, 180.344, 0.999922, -0.00474379, 0.0115965, 0.00507656, 0.999571, -0.0288363, -0.0114548, 0.0288929, 0.999517, 0.0029652  
47, 9.8107, 23.3774, 180.35, 0.999923, -0.0054021, 0.0111527, 0.00573105, 0.999543, -0.029677, -0.0109873, 0.0297387, 0.999497, 0.00304065  
48, 9.83898, 23.4129, 180.322, 0.999937, -0.00518568, 0.00998187, 0.00547701, 0.999553, -0.0293833, -0.00982504, 0.0294361, 0.999518, 0.00285508  
49, 9.82579, 23.4008, 180.324, 0.999925, -0.00519694, 0.0111291, 0.00551826, 0.999563, -0.029039, -0.0109733, 0.0290982, 0.999516, 0.00289835  
50, 9.81922, 23.3934, 180.304, 0.999926, -0.00474249, 0.0111595, 0.00506452, 0.999566, -0.0290072, -0.0110171, 0.0290616, 0.999517, 0.00277048  
51, 9.83507, 23.3819, 180.287, 0.999928, -0.004922, 0.0109045, 0.00524477, 0.999543, -0.0297716, -0.0107529, 0.0298267, 0.999497, 0.00309196  
52, 9.82966, 23.3951, 180.284, 0.999938, -0.00493905, 0.0100292, 0.00523272, 0.999552, -0.0294693, -0.00987913, 0.0295199, 0.999515, 0.00294606  
53, 9.82889, 23.3803, 180.297, 0.999931, -0.00522055, 0.0105031, 0.0055252, 0.999559, -0.0291891, -0.0103461, 0.0292451, 0.999519, 0.00277464  
54, 9.80792, 23.3816, 180.305, 0.999921, -0.00510235, 0.0114477, 0.00542649, 0.99958, -0.0284649, -0.0112977, 0.0285248, 0.999529, 0.00283344  
55, 9.81515, 23.3797, 180.299, 0.999929, -0.00499312, 0.0108217, 0.00531274, 0.999544, -0.029711, -0.0106684, 0.0297664, 0.9995, 0.00269087  
56, 9.81163, 23.3828, 180.294, 0.99993, -0.00508237, 0.0106554, 0.005389, 0.999566, -0.0289485, -0.0105036, 0.0290039, 0.999524, 0.00317601  
57, 9.8229, 23.3912, 180.308, 0.999927, -0.00516623, 0.010956, 0.00549048, 0.999542, -0.0297757, -0.0107971, 0.0298337, 0.999497, 0.0042331  
58, 9.77649, 23.3883, 180.309, 0.999927, -0.00454207, 0.0111816, 0.00486612, 0.999564, -0.0291258, -0.0110444, 0.0291781, 0.999513, 0.00284676  
59, 9.80195, 23.3793, 180.298, 0.999911, -0.00555675, 0.0121315, 0.00590702, 0.999561, -0.0290306, -0.0119648, 0.0290997, 0.999505, 0.00280654  
60, 9.76393, 23.3875, 180.308, 0.99993, -0.00527731, 0.0106194, 0.00558595, 0.999557, -0.0292479, -0.0104603, 0.0293052, 0.999516, 0.00269863  
61, 9.80075, 23.3605, 180.288, 0.999916, -0.00543422, 0.0117623, 0.00576946, 0.999573, -0.0286575, -0.0116015, 0.028723, 0.99952, 0.00277436  
62, 9.80999, 23.3721, 180.289, 0.999928, -0.00468971, 0.0110491, 0.00501118, 0.99956, -0.0292488, -0.0109071, 0.0293021, 0.999511, 0.00291638  
63, 9.82985, 23.3796, 180.3, 0.999928, -0.00509678, 0.0108383, 0.00541167, 0.999558, -0.0292257, -0.0106845, 0.0292822, 0.999514, 0.00271972  
64, 9.73333, 23.3592, 180.312, 0.999922, -0.00558211, 0.0111889, 0.00589492, 0.999587, -0.0281219, -0.0110273, 0.0281857, 0.999542, 0.00275883  
65, 9.77871, 23.3563, 180.31, 0.999923, -0.00518514, 0.011264, 0.00550323, 0.999582, -0.0283952, -0.0111121, 0.028455, 0.999533, 0.00288393  
66, 9.77688, 23.3929, 180.311, 0.999928, -0.00506316, 0.0109016, 0.00537862, 0.999562, -0.0291056, -0.0107494, 0.0291621, 0.999517, 0.00274829  
67, 9.79524, 23.3873, 180.325, 0.99993, -0.00555113, 0.0104345, 0.0058572, 0.999547, -0.0295346, -0.0102658, 0.0295936, 0.999509, 0.00292692  
68, 9.79597, 23.3963, 180.302, 0.99993, -0.00559149, 0.0104175, 0.00589202, 0.999561, -0.0290451, -0.0102505, 0.0291044, 0.999524, 0.00275106  
69, 9.77832, 23.3866, 180.339, 0.999929, -0.00527279, 0.0107268, 0.00558602, 0.999553, -0.0293834, -0.0105671, 0.0294412, 0.999511, 0.00276049  
70, 9.80538, 23.3779, 180.301, 0.99993, -0.00492837, 0.0107512, 0.00524167, 0.999557, -0.0293101, -0.010602, 0.0293644, 0.999513, 0.0027003  
71, 9.80194, 23.3733, 180.32, 0.999935, -0.00498405, 0.0102888, 0.00528192, 0.999562, -0.02913, -0.0101391, 0.0291824, 0.999523, 0.00283511  
72, 9.8063, 23.3718, 180.3, 0.999934, -0.00478216, 0.0104464, 0.00508265, 0.999569, -0.0289305, -0.0103035, 0.0289817, 0.999527, 0.00327725  
73, 9.7922, 23.3702, 180.313, 0.999935, -0.00493125, 0.0102358, 0.00523443, 0.999542, -0.0298072, -0.0100841, 0.0298588, 0.999503, 0.00271112  
74, 9.78304, 23.3651, 180.318, 0.999932, -0.00509981, 0.0105343, 0.00540536, 0.999559, -0.029183, -0.0103808, 0.029238, 0.999519, 0.0027408  
75, 9.76759, 23.384, 180.297, 0.999932, -0.00517412, 0.0104111, 0.00547489, 0.999562, -0.0290711, -0.0102562, 0.0291261, 0.999523, 0.00273691  
76, 9.76912, 23.3981, 180.301, 0.999935, -0.00519658, 0.010167, 0.00548641, 0.999573, -0.0286903, -0.0100135, 0.0287442, 0.999537, 0.00284149  
77, 9.7577, 23.3936, 180.288, 0.999935, -0.00551881, 0.00999431, 0.00581064, 0.999551, -0.0294101, -0.00982751, 0.0294663, 0.999517, 0.00290972  
78, 9.74596, 23.3672, 180.318, 0.999912, -0.0056255, 0.0119953, 0.00596788, 0.99957, -0.0287008, -0.0118287, 0.0287699, 0.999516, 0.00278878  
79, 9.76772, 23.3886, 180.294, 0.999928, -0.00531875, 0.0107148, 0.00563069, 0.999555, -0.0292972, -0.0105542, 0.0293555, 0.999513, 0.0027616  
80, 9.77947, 23.3806, 180.3, 0.999925, -0.00505942, 0.0111512, 0.00537791, 0.999573, -0.0287183, -0.0110012, 0.0287761, 0.999525, 0.00271528  
81, 9.77988, 23.3853, 180.304, 0.999925, -0.00501856, 0.0112087, 0.00534372, 0.99956, -0.0291702, -0.0110574, 0.0292279, 0.999512, 0.00287311  
82, 9.78172, 23.3941, 180.288, 0.999932, -0.00514801, 0.0104494, 0.00545063, 0.99956, -0.0291416, -0.0102948, 0.0291966, 0.999521, 0.00289502  
83, 9.78761, 23.3867, 180.318, 0.999925, -0.00514779, 0.0111396, 0.00547256, 0.999555, -0.0293232, -0.0109837, 0.0293819, 0.999508, 0.00279211  
84, 9.76352, 23.3791, 180.303, 0.999927, -0.00527512, 0.0108588, 0.00558976, 0.999559, -0.0291524, -0.0107002, 0.0292109, 0.999516, 0.00278185  
85, 9.77273, 23.3856, 180.31, 0.999925, -0.00492516, 0.011238, 0.00524861, 0.999567, -0.0289356, -0.0110906, 0.0289924, 0.999518, 0.00272166  
86, 9.78732, 23.3795, 180.305, 0.999928, -0.004954, 0.0109652, 0.0052684, 0.99957, -0.0288313, -0.0108177, 0.028887, 0.999524, 0.00294495  
87, 9.80057, 23.3716, 180.294, 0.999932, -0.00464321, 0.0107227, 0.00495061, 0.999572, -0.0288217, -0.0105843, 0.0288729, 0.999527, 0.00283316  
88, 9.79453, 23.3676, 180.325, 0.99993, -0.00485696, 0.0107982, 0.00516523, 0.999575, -0.0287064, -0.0106541, 0.0287602, 0.99953, 0.00274829  
89, 9.8103, 23.3537, 180.322, 0.999911, -0.00546637, 0.0122071, 0.00581016, 0.999582, -0.0283071, -0.0120473, 0.0283755, 0.999525, 0.00286867  
90, 9.75464, 23.3557, 180.323, 0.99992, -0.00571116, 0.0113094, 0.00602985, 0.99958, -0.0283479, -0.0111427, 0.0284138, 0.999534, 0.0027089  
91, 9.78563, 23.3637, 180.313, 0.999916, -0.00520598, 0.0118648, 0.00554143, 0.999581, -0.0284179, -0.0117119, 0.0284813, 0.999526, 0.00293136  
92, 9.81184, 23.3608, 180.305, 0.999924, -0.00543188, 0.0110476, 0.00574912, 0.999566, -0.0288901, -0.0108859, 0.0289514, 0.999522, 0.00283289  
93, 9.80635, 23.3717, 180.302, 0.999923, -0.00500717, 0.0113372, 0.00533263, 0.999569, -0.0288616, -0.0111878, 0.0289199, 0.999519, 0.00281541  
94, 9.78776, 23.379, 180.302, 0.999925, -0.00561867, 0.0109127, 0.00592769, 0.999576, -0.028494, -0.010748, 0.0285565, 0.999534, 0.00278629  
95, 9.77855, 23.3831, 180.324, 0.999917, -0.00544005, 0.0116811, 0.00577556, 0.999566, -0.0288835, -0.0115189, 0.0289485, 0.999515, 0.00268171  
96, 9.80627, 23.3864, 180.299, 0.999929, -0.00574463, 0.0104693, 0.0060454, 0.999563, -0.028927, -0.0102985, 0.0289883, 0.999527, 0.00297463  
97, 9.80268, 23.3715, 180.316, 0.999918, -0.00563088, 0.0115108, 0.00596318, 0.99956, -0.0290411, -0.0113422, 0.0291074, 0.999512, 0.00314633  
98, 9.80404, 23.3491, 180.318, 0.999922, -0.00551629, 0.0111728, 0.00584814, 0.999536, -0.02989, -0.0110027, 0.029953, 0.999491, 0.00301124  
99, 9.78076, 23.3725, 180.336, 0.999921, -0.00526085, 0.0114443, 0.00558414, 0.999581, -0.0284027, -0.0112901, 0.0284644, 0.999531, 0.00289169  
100, 9.78377, 23.3646, 180.318, 0.999918, -0.0054511, 0.0115891, 0.00577713, 0.999583, -0.0282879, -0.0114301, 0.0283525, 0.999533, 0.00267284  
101, 9.763, 23.3554, 180.325, 0.999917, -0.00578859, 0.0115116, 0.00612329, 0.999553, -0.0292555, -0.0113371, 0.0293236, 0.999506, 0.00275799  
102, 9.83266, 23.371, 180.289, 0.999921, -0.00549462, 0.0113005, 0.00581614, 0.999573, -0.0286182, -0.0111384, 0.0286817, 0.999527, 0.00279627  
103, 9.7839, 23.3497, 180.333, 0.999904, -0.00572989, 0.0125786, 0.00608808, 0.999572, -0.0286248, -0.0124092, 0.0286986, 0.999511, 0.00274107  
104, 9.76175, 23.3843, 180.313, 0.99991, -0.00563253, 0.0121386, 0.0059671, 0.999598, -0.0277044, -0.0119777, 0.0277744, 0.999542, 0.00282151  
105, 9.75758, 23.379, 180.327, 0.999914, -0.00555685, 0.0118881, 0.00588556, 0.999596, -0.027797, -0.0117288, 0.0278645, 0.999543, 0.00280931  
106, 9.81041, 23.3755, 180.305, 0.999906, -0.005876, 0.0123665, 0.00623722, 0.999549, -0.0293771, -0.0121883, 0.0294515, 0.999492, 0.00277048  
107, 9.82158, 23.3698, 180.291, 0.999916, -0.00594941, 0.0114856, 0.00627495, 0.999574, -0.0285185, -0.011311, 0.0285881, 0.999527, 0.0028107  
108, 9.80592, 23.3585, 180.314, 0.999915, -0.00577756, 0.0116638, 0.00611107, 0.999568, -0.0287638, -0.0114926, 0.0288326, 0.999518, 0.00275522  
109, 9.80906, 23.3832, 180.304, 0.999922, -0.00517549, 0.011391, 0.00550809, 0.999554, -0.0293633, -0.011234, 0.0294238, 0.999504, 0.00269586  
110, 9.80855, 23.35, 180.309, 0.99991, -0.00559378, 0.0121842, 0.00594327, 0.999566, -0.0288393, -0.0120176, 0.0289091, 0.99951, 0.00261098  
111, 9.80316, 23.3441, 180.324, 0.999926, -0.00537009, 0.0109506, 0.00568157, 0.999574, -0.0286145, -0.0107922, 0.0286746, 0.999531, 0.00268782  
112, 9.77927, 23.3471, 180.348, 0.999916, -0.00577144, 0.0116066, 0.00610679, 0.999559, -0.0290685, -0.0114337, 0.0291369, 0.99951, 0.00273525  
113, 9.80363, 23.368, 180.303, 0.999932, -0.00521897, 0.0104189, 0.00551064, 0.999588, -0.0281646, -0.0102676, 0.0282201, 0.999549, 0.00276992  
114, 9.80822, 23.4004, 180.3, 0.999922, -0.00539002, 0.0112727, 0.00569941, 0.999603, -0.0275962, -0.0111194, 0.0276583, 0.999556, 0.00286562  
115, 9.80544, 23.4457, 180.305, 0.999935, -0.00582895, 0.00975396, 0.00608441, 0.999634, -0.0263688, -0.00959668, 0.0264265, 0.999605, 0.00284176  
116, 9.86267, 23.4927, 180.264, 0.999939, -0.00585645, 0.00932082, 0.00609071, 0.999661, -0.0253062, -0.00916945, 0.0253615, 0.999636, 0.00276715  
117, 9.79968, 23.4949, 180.305, 0.999941, -0.00548158, 0.00941218, 0.00570497, 0.999699, -0.0238731, -0.00927848, 0.0239254, 0.999671, 0.00277408  
118, 9.81272, 23.5405, 180.319, 0.99994, -0.00522537, 0.00967501, 0.00544782, 0.999718, -0.0231095, -0.00955153, 0.0231608, 0.999686, 0.00277602  
119, 9.81964, 23.581, 180.305, 0.999942, -0.00537953, 0.00934762, 0.00558125, 0.999749, -0.0216896, -0.0092286, 0.0217405, 0.999721, 0.00282956  
120, 9.81489, 23.6135, 180.316, 0.999942, -0.00537851, 0.00932904, 0.00557358, 0.999764, -0.0210117, -0.00921382, 0.0210625, 0.999736, 0.00285064  
121, 9.82567, 23.645, 180.338, 0.999952, -0.00538585, 0.00812669, 0.0055486, 0.999782, -0.0201387, -0.00801645, 0.0201829, 0.999764, 0.00283205  
122, 9.80765, 23.6976, 180.333, 0.999953, -0.00530098, 0.00817864, 0.00545214, 0.999813, -0.0185714, -0.00807866, 0.0186152, 0.999794, 0.0028168  
123, 9.77973, 23.7256, 180.358, 0.999947, -0.0063057, 0.00819537, 0.0064427, 0.999838, -0.0167992, -0.00808811, 0.0168511, 0.999825, 0.00277824  
124, 9.74062, 23.8275, 180.357, 0.999958, -0.00446151, 0.00799759, 0.00457651, 0.999886, -0.0144183, -0.00793234, 0.0144543, 0.999864, 0.00293053  
125, 9.75851, 23.8651, 180.359, 0.999954, -0.00469558, 0.00838901, 0.00480346, 0.999905, -0.0128869, -0.00832771, 0.0129266, 0.999882, 0.00300625  
126, 9.7397, 23.9068, 180.356, 0.999951, -0.00434756, 0.00890342, 0.00444041, 0.999936, -0.010435, -0.00885748, 0.010474, 0.999906, 0.00278601  
127, 9.71228, 23.9346, 180.368, 0.999961, -0.00395472, 0.0079524, 0.00402447, 0.999953, -0.00877423, -0.00791733, 0.00880588, 0.99993, 0.00281292  
128, 9.70758, 23.9551, 180.386, 0.99996, -0.0038519, 0.00812786, 0.00390894, 0.999968, -0.00701333, -0.00810059, 0.00704482, 0.999942, 0.00280931  
129, 9.72921, 23.9892, 180.368, 0.999966, -0.00399085, 0.00720589, 0.00402422, 0.999981, -0.00462292, -0.0071873, 0.00465176, 0.999963, 0.00285286  
130, 9.66818, 23.9978, 180.41, 0.999967, -0.00365995, 0.00722989, 0.0036837, 0.999988, -0.00327502, -0.00721782, 0.00330154, 0.999969, 0.00294023  
131, 9.7257, 24.0116, 180.384, 0.999965, -0.00302604, 0.00776952, 0.00303111, 0.999995, -0.000641184, -0.00776755, 0.000664712, 0.99997, 0.00279655  
132, 9.68417, 24.0163, 180.411, 0.999967, -0.00336072, 0.00741276, 0.00335432, 0.999994, 0.000875459, -0.00741566, -0.000850565, 0.999972, 0.00283733  
133, 9.66039, 24.028, 180.448, 0.999969, -0.00325588, 0.00717978, 0.00323945, 0.999992, 0.00229963, -0.00718721, -0.0022763, 0.999972, 0.00272499  
134, 9.6813, 24.0433, 180.439, 0.999978, -0.00300095, 0.0059947, 0.00297671, 0.999987, 0.00404912, -0.00600677, -0.00403119, 0.999974, 0.00297685  
135, 9.63327, 24.0504, 180.434, 0.999974, -0.00254082, 0.00675402, 0.00250031, 0.999979, 0.00599866, -0.00676912, -0.00598162, 0.999959, 0.00277713  
136, 9.64867, 24.073, 180.434, 0.999975, -0.0023842, 0.0066944, 0.00232647, 0.99996, 0.00861852, -0.00671468, -0.00860272, 0.99994, 0.00278407  
137, 9.59693, 24.0318, 180.454, 0.999973, -0.00201634, 0.00710627, 0.00194428, 0.999947, 0.0101329, -0.00712633, -0.0101188, 0.999923, 0.00275633  
138, 9.59944, 24.0185, 180.492, 0.999978, -0.0023464, 0.00613586, 0.00227514, 0.99993, 0.0115936, -0.00616263, -0.0115793, 0.999914, 0.0029774  
139, 9.55215, 24.0126, 180.484, 0.999977, -0.00213156, 0.00642277, 0.00204667, 0.999911, 0.0131941, -0.00645032, -0.0131806, 0.999892, 0.00296658  
140, 9.52481, 24.0031, 180.498, 0.99998, -0.00251838, 0.00584735, 0.00242626, 0.999874, 0.0157079, -0.00588617, -0.0156934, 0.99986, 0.00276354  
141, 9.44981, 24.0093, 180.495, 0.999981, -0.00208212, 0.00579975, 0.00197737, 0.999836, 0.0180094, -0.0058363, -0.0179975, 0.999821, 0.00278934  
142, 9.38145, 24.0259, 180.501, 0.999985, -0.00121323, 0.00530878, 0.00110054, 0.999775, 0.0211793, -0.00533328, -0.0211731, 0.999762, 0.00275439  
143, 9.38363, 24.0823, 180.484, 0.999989, -0.000635473, 0.0045774, 0.000527003, 0.99972, 0.0236592, -0.00459115, -0.0236565, 0.99971, 0.00273386  
144, 9.32814, 24.0769, 180.485, 0.999989, -0.000242699, 0.00462503, 0.000123097, 0.999666, 0.0258423, -0.00462976, -0.0258415, 0.999655, 0.0028695  
145, 9.28847, 24.0665, 180.477, 0.999989, -4.2503e-005, 0.00461487, -9.0647e-005, 0.999584, 0.0288483, -0.00461418, -0.0288484, 0.999573, 0.00294412  
146, 9.21106, 24.0133, 180.471, 0.999986, -0.000633655, 0.00520974, 0.000471057, 0.999515, 0.0311527, -0.00522695, -0.0311498, 0.999501, 0.00274884  
147, 9.16866, 24.0442, 180.479, 0.999986, -7.65067e-005, 0.0052984, -0.000108546, 0.99939, 0.0349171, -0.00529784, -0.0349172, 0.999376, 0.002791  
148, 9.13244, 24.0501, 180.464, 0.999993, 5.31642e-005, 0.00371283, -0.000188396, 0.999336, 0.036432, -0.00370843, -0.0364324, 0.999329, 0.00273775  
149, 9.11486, 24.0372, 180.431, 0.999997, 0.00122087, 0.00231244, -0.00130877, 0.999262, 0.0384005, -0.00226385, -0.0384034, 0.99926, 0.00273497  
150, 9.02624, 24.001, 180.482, 0.999996, 0.00127623, 0.00255825, -0.00138137, 0.999136, 0.0415295, -0.00250304, -0.0415328, 0.999134, 0.00300708  
151, 8.87339, 23.9543, 180.519, 0.999998, 0.00120788, 0.00149892, -0.00127082, 0.999086, 0.0427263, -0.00144595, -0.0427281, 0.999086, 0.00275661  
152, 8.82064, 23.9342, 180.471, 0.999997, 0.00201162, 0.00141988, -0.00207479, 0.99894, 0.0459934, -0.00132586, -0.0459962, 0.998941, 0.00276049  
153, 8.73741, 23.9244, 180.488, 0.999997, 0.00232382, 0.000232493, -0.0023324, 0.998804, 0.0488327, -0.000118736, -0.0488332, 0.998807, 0.00272915  
154, 8.62698, 23.9445, 180.475, 0.999999, 0.00157137, 0.000591572, -0.00160034, 0.998611, 0.0526547, -0.00050801, -0.0526556, 0.998613, 0.00287422  
155, 8.561, 23.8725, 180.491, 0.999998, 0.00200569, -0.000586593, -0.00197086, 0.998521, 0.0543269, 0.000694689, -0.0543256, 0.998523, 0.00288587  
156, 8.51664, 23.8453, 180.464, 0.999995, 0.00275331, -0.00155586, -0.00266071, 0.998389, 0.0566743, 0.0017094, -0.0566699, 0.998392, 0.00274773  
157, 8.44281, 23.7527, 180.455, 0.999998, 0.00181346, -0.000708127, -0.00176735, 0.998171, 0.0604319, 0.000816422, -0.0604305, 0.998172, 0.00287533  
158, 8.37056, 23.6798, 180.477, 0.999997, 0.00238457, -0.00103547, -0.00231551, 0.998059, 0.0622313, 0.00118185, -0.0622287, 0.998061, 0.00273053  
159, 8.33302, 23.5562, 180.473, 0.999998, 0.00200663, 0.00038447, -0.00202736, 0.997887, 0.0649425, -0.000253342, -0.0649432, 0.997889, 0.00286756  
160, 8.27652, 23.4748, 180.478, 0.999995, 0.0029134, -0.00106401, -0.00283648, 0.997797, 0.0662775, 0.00125476, -0.0662742, 0.997801, 0.00284981  
161, 8.21836, 23.4434, 180.49, 0.999998, 0.00178356, -0.000769181, -0.00172478, 0.997501, 0.0706322, 0.000893236, -0.0706308, 0.997502, 0.00276132  
162, 8.22716, 23.3143, 180.456, 0.999995, 0.00208415, -0.00233388, -0.00190716, 0.997299, 0.0734269, 0.0024806, -0.0734221, 0.997298, 0.00288892  
163, 8.22786, 23.174, 180.475, 1, 0.000888168, 0.000279601, -0.00090706, 0.997031, 0.0770002, -0.000210381, -0.0770004, 0.997031, 0.00270945  
164, 8.22205, 23.0052, 180.474, 0.999999, 0.00113512, -0.000652299, -0.00107994, 0.996864, 0.0791327, 0.000740078, -0.0791319, 0.996864, 0.00295133  
165, 8.23965, 22.8036, 180.489, 1, 0.000601392, -0.000681709, -0.000543293, 0.996613, 0.0822373, 0.000728857, -0.0822369, 0.996613, 0.00281569  
166, 8.30362, 22.5745, 180.48, 0.999999, 0.00127022, -0.000487241, -0.0012246, 0.996435, 0.0843495, 0.000592646, -0.0843488, 0.996436, 0.00282789  
167, 8.36444, 22.3308, 180.474, 0.999996, 0.000835211, -0.00253857, -0.000615921, 0.996365, 0.0851878, 0.0026005, -0.0851859, 0.996362, 0.00272748  
168, 8.38471, 22.0097, 180.479, 0.999998, 0.00115236, -0.00171677, -0.000999608, 0.996255, 0.0864616, 0.00180998, -0.0864597, 0.996254, 0.00274496  
169, 8.43989, 21.7196, 180.488, 1, -9.13621e-006, -0.000985552, 9.64983e-005, 0.99606, 0.0886793, 0.000980859, -0.0886794, 0.99606, 0.00276798  
170, 8.4667, 21.3795, 180.489, 0.999999, 6.83523e-005, -0.00168191, 8.17028e-005, 0.996027, 0.0890555, 0.00168131, -0.0890555, 0.996025, 0.0028487  
171, 8.51923, 21.0266, 180.491, 0.999997, -0.000116644, -0.00257132, 0.000353607, 0.995727, 0.0923495, 0.00254956, -0.0923501, 0.995723, 0.00275189  
172, 8.4805, 20.6796, 180.498, 0.999999, 0.000257757, -0.00146777, -0.000119, 0.995595, 0.0937629, 0.00148547, -0.0937626, 0.995593, 0.00275716  
173, 8.54343, 20.1559, 180.543, 0.999995, 0.00014571, -0.00328052, 0.000158431, 0.995711, 0.0925204, 0.00327993, -0.0925204, 0.995705, 0.00273053  
174, 8.64422, 19.6349, 180.493, 0.999998, 0.000187, -0.00199926, 5.41945e-006, 0.995399, 0.0958148, 0.00200798, -0.0958147, 0.995397, 0.00276881  
175, 8.63507, 19.0783, 180.514, 1, -0.000631411, 0.000143772, 0.000614754, 0.99541, 0.0956994, -0.000203538, -0.0956993, 0.99541, 0.0029566  
176, 8.71557, 18.4547, 180.494, 1, -0.000346128, -0.000383013, 0.000381302, 0.99538, 0.0960095, 0.000348012, -0.0960096, 0.99538, 0.00278878  
177, 8.80001, 17.8851, 180.463, 1, -0.000614662, -0.000288213, 0.000640115, 0.995114, 0.0987297, 0.000226119, -0.0987299, 0.995114, 0.00444419  
178, 8.85849, 17.2793, 180.509, 1, -0.000588343, 0.000144765, 0.000571085, 0.99507, 0.0991734, -0.000202399, -0.0991733, 0.99507, 0.00275051  
179, 8.87554, 16.6608, 180.507, 0.999997, -0.00205078, 0.00113713, 0.00192282, 0.994685, 0.102946, -0.00134221, -0.102944, 0.994686, 0.00277297  
180, 8.93639, 15.992, 180.448, 0.999999, -1.31168e-005, 0.0015627, -0.000149556, 0.994572, 0.104051, -0.00155558, -0.104051, 0.994571, 0.00279988  
181, 8.91683, 15.3487, 180.516, 0.999998, -0.000594671, 0.00192079, 0.000389395, 0.994456, 0.105154, -0.00197268, -0.105153, 0.994454, 0.00277297  
182, 8.9427, 14.5455, 180.521, 0.999993, -0.00151147, 0.00339092, 0.00115019, 0.994564, 0.10412, -0.00352986, -0.104116, 0.994559, 0.00284149  
183, 9.15634, 13.8204, 180.465, 0.999995, -0.00141471, 0.00282369, 0.00111412, 0.994603, 0.103748, -0.00295523, -0.103744, 0.9946, 0.00273497  
184, 9.23792, 13.0378, 180.482, 0.999982, -0.00182117, 0.00578912, 0.00119317, 0.994292, 0.106687, -0.00595037, -0.106679, 0.994276, 0.00289003  
185, 9.3495, 12.3934, 180.427, 0.999997, -0.0013705, 0.00203873, 0.00114233, 0.994151, 0.107991, -0.0021748, -0.107988, 0.99415, 0.0028229  
186, 9.3315, 11.5273, 180.48, 0.999998, -0.00153157, 0.0016189, 0.00135286, 0.994456, 0.105148, -0.00177097, -0.105145, 0.994455, 0.00280127  
187, 9.51963, 10.6665, 180.406, 0.999998, -0.00203868, 2.00664e-005, 0.00202554, 0.994575, 0.104, -0.000231981, -0.104, 0.994577, 0.00285535  
188, 9.62756, 9.64433, 180.329, 0.999998, -0.00173188, 0.000786377, 0.00164307, 0.994829, 0.101551, -0.000958184, -0.101549, 0.99483, 0.00272415  
189, 9.67775, 8.62056, 180.304, 0.999997, -0.00183827, 0.00147859, 0.00168507, 0.995218, 0.0976669, -0.00165105, -0.0976641, 0.995218, 0.00275661  
190, 9.81096, 7.56832, 180.25, 0.999993, -0.002501, 0.00294556, 0.00220167, 0.995226, 0.0975745, -0.00317554, -0.0975673, 0.995224, 0.00284565  
191, 9.84177, 6.4651, 180.291, 0.999995, -0.00150023, 0.00290453, 0.00121922, 0.995529, 0.0944433, -0.00303323, -0.0944393, 0.995526, 0.00276105  
192, 9.9842, 5.40899, 180.254, 0.999988, -0.00173016, 0.00465574, 0.00127058, 0.995287, 0.0969637, -0.00480156, -0.0969566, 0.995277, 0.00279433  
193, 10.0613, 4.3036, 180.29, 0.999987, -0.00115535, 0.0050589, 0.000671684, 0.995517, 0.0945841, -0.0051455, -0.0945794, 0.995504, 0.00276299  
194, 10.1905, 3.1716, 180.324, 0.999992, -0.000576113, 0.00407286, 0.000202453, 0.995837, 0.0911553, -0.00410842, -0.0911537, 0.995828, 0.00282096  
195, 10.3573, 2.11869, 180.25, 0.999972, 0.000143698, 0.00742759, -0.000841678, 0.995567, 0.0940539, -0.00738115, -0.0940576, 0.995539, 0.00280931  
196, 10.5542, 0.959385, 180.275, 0.999975, -0.000118923, 0.00710181, -0.000540219, 0.99569, 0.0927392, -0.00708223, -0.0927407, 0.995665, 0.00277325  
197, 10.6945, -0.232785, 180.294, 0.999971, 0.00023492, 0.00765075, -0.000938743, 0.995747, 0.092121, -0.00759658, -0.0921255, 0.995718, 0.00275688  
198, 10.8125, -1.46921, 180.326, 0.999961, -0.000908157, 0.0087388, 0.00011584, 0.99592, 0.090243, -0.0087851, -0.0902385, 0.995881, 0.00278213  
199, 10.9175, -2.76601, 180.401, 0.999967, -0.00136759, 0.00801264, 0.000675104, 0.996312, 0.0857978, -0.00810043, -0.0857895, 0.99628, 0.00282678  
200, 11.0657, -4.03528, 180.369, 0.999965, -0.00245996, 0.00799183, 0.00178427, 0.996508, 0.0834802, -0.00816928, -0.083463, 0.996477, 0.00286506  
201, 11.131, -5.36393, 180.427, 0.999946, -0.00286152, 0.00996478, 0.00202813, 0.996576, 0.0826606, -0.0101672, -0.0826359, 0.996528, 0.00281763  
202, 11.2875, -6.74688, 180.416, 0.99994, -0.00288016, 0.0105559, 0.00203443, 0.996851, 0.0792712, -0.010751, -0.079245, 0.996797, 0.00279433  
203, 11.4165, -8.08281, 180.467, 0.999933, -0.00333264, 0.011071, 0.00246504, 0.996991, 0.0774767, -0.0112959, -0.0774442, 0.996933, 0.00285841  
204, 11.4238, -9.32262, 180.528, 0.999919, -0.0029853, 0.0123565, 0.00203087, 0.997064, 0.0765453, -0.0125487, -0.076514, 0.99699, 0.00286007  
205, 11.5362, -10.6789, 180.526, 0.9999, -0.00361293, 0.0136712, 0.00260527, 0.997327, 0.0730198, -0.0138984, -0.0729769, 0.997237, 0.00298267  
206, 11.6203, -11.9746, 180.577, 0.99991, -0.00374597, 0.0129024, 0.00285543, 0.997657, 0.0683611, -0.0131282, -0.0683181, 0.997577, 0.0028437  
207, 11.7624, -13.2659, 180.522, 0.999908, -0.00340921, 0.0130908, 0.00254216, 0.997837, 0.065688, -0.0132865, -0.0656487, 0.997754, 0.0029591  
208, 11.8405, -14.6954, 180.529, 0.999923, -0.00336065, 0.0119733, 0.00261424, 0.998084, 0.0618193, -0.0121581, -0.0617832, 0.998016, 0.00276299  
209, 11.8737, -16.1444, 180.5, 0.999917, -0.00307975, 0.0124888, 0.00234675, 0.998297, 0.0582882, -0.0126471, -0.0582541, 0.998222, 0.00285702  
210, 11.983, -17.6428, 180.428, 0.999923, -0.00167889, 0.01229, 0.000982961, 0.998407, 0.056414, -0.0123651, -0.0563976, 0.998332, 0.00284842  
211, 12.058, -19.2537, 180.363, 0.999905, -0.00212366, 0.0136248, 0.00139567, 0.998582, 0.0532197, -0.0137185, -0.0531956, 0.99849, 0.0027616  
212, 12.0586, -20.7456, 180.362, 0.999888, -0.00255544, 0.0147566, 0.00176485, 0.998575, 0.0533422, -0.0148719, -0.0533102, 0.998467, 0.00287394  
213, 12.1168, -22.3825, 180.328, 0.999887, -0.00264561, 0.0148154, 0.00189011, 0.998708, 0.050778, -0.0149306, -0.0507442, 0.9986, 0.00273414  
214, 12.137, -24.0023, 180.384, 0.999894, -0.00347997, 0.0141484, 0.00283785, 0.998976, 0.0451542, -0.014291, -0.0451093, 0.99888, 0.00284287  
215, 12.1367, -25.3872, 180.324, 0.999871, -0.00547556, 0.0150824, 0.00480813, 0.999023, 0.0439386, -0.0153083, -0.0438604, 0.99892, 0.00287533  
216, 11.9722, -27.0052, 180.396, 0.999916, -0.00598429, 0.0115342, 0.00557043, 0.999351, 0.0355857, -0.0117396, -0.0355184, 0.9993, 0.00277186  
217, 11.9693, -28.5124, 180.324, 0.999913, -0.00448144, 0.0124108, 0.004094, 0.999509, 0.0310691, -0.0125439, -0.0310156, 0.99944, 0.00287061  
218, 11.7922, -30.1228, 180.341, 0.999915, -0.00325994, 0.0126376, 0.00291518, 0.999626, 0.0272032, -0.0127215, -0.0271641, 0.99955, 0.00279544  
219, 11.6517, -31.6716, 180.331, 0.999925, -0.00229127, 0.0119972, 0.00201347, 0.999731, 0.0231162, -0.0120469, -0.0230903, 0.999661, 0.00286451  
220, 11.4776, -33.2692, 180.424, 0.999941, -0.00311707, 0.0103846, 0.00292819, 0.999831, 0.0181542, -0.0104395, -0.0181227, 0.999781, 0.00298018  
221, 11.3314, -34.8029, 180.466, 0.99995, -0.00464863, 0.00885971, 0.00447288, 0.999795, 0.0197547, -0.00894972, -0.0197141, 0.999766, 0.00275106  
222, 11.1977, -36.4593, 180.511, 0.99997, -0.0055066, 0.00550555, 0.00541731, 0.999856, 0.0161029, -0.00559343, -0.0160726, 0.999855, 0.00276521  
223, 11.0725, -38.0407, 180.543, 0.99997, -0.00510997, 0.00586572, 0.00502569, 0.999885, 0.0142935, -0.00593809, -0.0142636, 0.999881, 0.00271084  
224, 10.86, -39.6028, 180.522, 0.999972, -0.0056556, 0.00487023, 0.00558436, 0.999879, 0.0145205, -0.00495176, -0.0144929, 0.999883, 0.00285008  
225, 10.6048, -41.2084, 180.471, 0.999977, -0.00567103, 0.00377931, 0.00562222, 0.999902, 0.0128045, -0.00385155, -0.012783, 0.999911, 0.0028057  
226, 10.3639, -42.6849, 180.448, 0.999986, -0.00517896, 0.0011405, 0.0051685, 0.999946, 0.00899144, -0.001187, -0.00898542, 0.999959, 0.00275383  
227, 10.0459, -44.325, 180.461, 0.999979, -0.00645038, -0.000859616, 0.00645452, 0.999967, 0.00490517, 0.000827947, -0.00491062, 0.999988, 0.00276604  
228, 9.7948, -45.9274, 180.492, 0.999959, -0.00706567, -0.00557585, 0.00702178, 0.999945, -0.00785109, 0.00563101, 0.00781161, 0.999954, 0.00277159  
229, 9.53369, -47.494, 180.45, 0.999956, -0.00670633, -0.00649934, 0.00664319, 0.999931, -0.00968747, 0.00656386, 0.00964387, 0.999932, 0.00285785  
230, 9.3783, -49.0929, 180.44, 0.999967, -0.00455055, -0.00675197, 0.00449085, 0.999951, -0.00883082, 0.00679182, 0.00880021, 0.999938, 0.00279073  
231, 9.23352, -50.6105, 180.417, 0.99997, -0.00240177, -0.0073737, 0.00234435, 0.999967, -0.00778641, 0.00739216, 0.00776889, 0.999942, 0.0027089  
232, 9.06636, -52.1785, 180.402, 0.999949, -0.00185415, -0.00991698, 0.00172603, 0.999915, -0.0129123, 0.00994008, 0.0128945, 0.999867, 0.00278213  
233, 8.88828, -53.7389, 180.4, 0.999944, -0.000919744, -0.0105718, 0.000740067, 0.999855, -0.0169873, 0.0105859, 0.0169785, 0.9998, 0.00273636  
234, 8.68354, -55.1478, 180.369, 0.999961, -0.00148404, -0.00865654, 0.00135993, 0.999896, -0.0143257, 0.0086769, 0.0143134, 0.99986, 0.00291305  
235, 8.46151, -56.5734, 180.367, 0.99996, -0.00219225, -0.00862534, 0.0020649, 0.999889, -0.0147464, 0.00865671, 0.0147281, 0.999854, 0.00282928  
236, 8.31206, -58.1445, 180.388, 0.99995, -0.00254286, -0.00971361, 0.00236702, 0.999834, -0.0180719, 0.00975795, 0.018048, 0.99979, 0.00277658  
237, 8.20332, -59.6729, 180.367, 0.999953, -0.00212947, -0.00948679, 0.00195803, 0.999835, -0.0180434, 0.00952365, 0.018024, 0.999792, 0.00285508  
238, 8.22021, -61.0759, 180.361, 0.999945, -0.00172174, -0.0103364, 0.00152824, 0.999824, -0.018699, 0.0103668, 0.0186822, 0.999772, 0.00275467  
239, 8.26917, -62.5253, 180.313, 0.999936, -0.00130851, -0.0112651, 0.00106066, 0.999758, -0.0219798, 0.0112911, 0.0219665, 0.999695, 0.00285258  
240, 8.42355, -63.9009, 180.283, 0.999931, -0.000437081, -0.0117286, 0.000148734, 0.999698, -0.0245746, 0.0117358, 0.0245712, 0.999629, 0.00283178  
241, 8.51279, -65.2705, 180.248, 0.999932, -0.00250782, -0.0113985, 0.00220101, 0.999637, -0.0268496, 0.0114617, 0.0268227, 0.999574, 0.0027383  
242, 8.72986, -66.7066, 180.196, 0.999917, -0.000612538, -0.0129075, 0.000207612, 0.999508, -0.0313494, 0.0129203, 0.0313441, 0.999425, 0.00287949  
243, 8.85068, -67.9255, 180.229, 0.999926, -0.00234939, -0.0119683, 0.00198211, 0.999529, -0.030608, 0.0120345, 0.030582, 0.99946, 0.00270585  
244, 9.04631, -69.1563, 180.269, 0.999931, -0.00094676, -0.0117428, 0.000601663, 0.999569, -0.0293567, 0.0117655, 0.0293476, 0.9995, 0.00283427  
245, 9.24331, -70.3729, 180.308, 0.999924, -0.000456152, -0.0123081, 9.4318e-005, 0.999568, -0.0293826, 0.0123162, 0.0293792, 0.999492, 0.00298711  
246, 9.38296, -71.5385, 180.428, 0.999957, -0.00114115, -0.0092477, 0.000877407, 0.999594, -0.0284743, 0.00927644, 0.0284649, 0.999552, 0.00276853  
247, 9.63377, -72.8126, 180.496, 0.999958, -0.000250591, -0.00917827, -4.42009e-005, 0.999485, -0.0321042, 0.00918158, 0.0321033, 0.999442, 0.00280293  
248, 9.8506, -73.9351, 180.551, 0.999982, -0.00112543, -0.00586611, 0.000943258, 0.99952, -0.0309654, 0.00589815, 0.0309593, 0.999503, 0.00263955  
249, 10.1985, -75.1091, 180.533, 0.999969, -0.00142784, -0.00772637, 0.00114378, 0.999328, -0.0366461, 0.0077735, 0.0366361, 0.999298, 0.00286728  
250, 10.5659, -76.1186, 180.499, 0.999974, -0.00371989, -0.00612261, 0.00346528, 0.99915, -0.0410821, 0.00627022, 0.0410598, 0.999137, 0.00284093  
251, 10.95, -77.2949, 180.406, 0.999986, -0.00428506, -0.00307567, 0.00415017, 0.999084, -0.0425986, 0.00325539, 0.0425853, 0.999088, 0.00275245  
252, 11.2869, -78.3989, 180.222, 0.999992, -0.00316928, 0.00259233, 0.00326108, 0.999339, -0.0362116, -0.00247585, 0.0362198, 0.999341, 0.00274302  
253, 11.4936, -79.4071, 180.217, 0.999989, -0.0017725, 0.00428268, 0.00192332, 0.999369, -0.0354722, -0.00421711, 0.03548, 0.999361, 0.00274413  
254, 11.6925, -80.523, 180.238, 0.99998, -0.0031678, 0.00547867, 0.00336633, 0.999324, -0.0366143, -0.00535898, 0.036632, 0.999314, 0.0028892  
255, 11.9073, -81.6435, 180.246, 0.999995, -0.000985103, 0.00305377, 0.0011025, 0.999251, -0.038682, -0.00301338, 0.0386851, 0.999247, 0.00279572  
256, 12.0248, -82.7625, 180.294, 0.999991, -0.00173877, 0.0037715, 0.00187708, 0.999314, -0.0369847, -0.00370461, 0.0369915, 0.999309, 0.00277353  
257, 12.1552, -83.7661, 180.319, 0.999995, -0.000148981, 0.00304861, 0.000251653, 0.999432, -0.0337057, -0.00304186, 0.0337063, 0.999427, 0.00274496  
258, 12.2388, -84.8956, 180.355, 0.999994, -0.0014582, 0.00317045, 0.00155804, 0.999496, -0.0317196, -0.0031226, 0.0317243, 0.999492, 0.00273137  
259, 12.3576, -86.0628, 180.314, 0.999997, -0.000456988, 0.00255136, 0.000534918, 0.999531, -0.0306278, -0.00253617, 0.0306291, 0.999528, 0.00308197  
260, 12.3973, -87.1379, 180.315, 0.999989, -0.000781998, 0.00466856, 0.000916562, 0.999582, -0.0288913, -0.00464402, 0.0288952, 0.999572, 0.00282346  
261, 12.3818, -88.1946, 180.324, 0.999991, 0.000464923, 0.00426323, -0.000343888, 0.999598, -0.0283474, -0.0042747, 0.0283457, 0.999589, 0.00277048  
262, 12.3423, -89.103, 180.344, 0.999988, 0.000621325, 0.00485568, -0.000499104, 0.999684, -0.0251314, -0.00486977, 0.0251287, 0.999672, 0.00286368  
263, 12.3429, -90.2423, 180.402, 0.99999, -0.000635414, 0.00452334, 0.000743282, 0.999714, -0.0238853, -0.00450687, 0.0238884, 0.999704, 0.0027641  
264, 12.2299, -90.9999, 180.462, 0.999991, -0.00090134, 0.00413202, 0.000986652, 0.999785, -0.0206912, -0.00411248, 0.0206951, 0.999777, 0.00306062  
265, 12.2416, -91.9827, 180.504, 0.99999, -0.00294175, 0.00349997, 0.00301229, 0.999789, -0.0203234, -0.00343945, 0.0203337, 0.999787, 0.00289058  
266, 12.28, -92.7801, 180.512, 0.999993, -0.00302335, 0.00240022, 0.00306344, 0.999853, -0.0168769, -0.00234884, 0.0168842, 0.999855, 0.00274523  
267, 12.2573, -93.7633, 180.48, 0.999993, -0.00274737, 0.00270151, 0.00278309, 0.999908, -0.0133057, -0.0026647, 0.0133132, 0.999908, 0.0027677  
268, 12.2867, -94.6692, 180.426, 0.999999, -0.001048, -0.000160263, 0.00104613, 0.999936, -0.0112454, 0.000172038, 0.0112453, 0.999937, 0.00272831  
269, 12.3102, -95.6013, 180.355, 0.999999, -0.00116632, 0.000460006, 0.00117054, 0.999956, -0.00928213, -0.00044916, 0.00928266, 0.999957, 0.00287671  
270, 12.3016, -96.3982, 180.342, 1, -0.000348305, -0.000683153, 0.000345295, 0.99999, -0.00440119, 0.000684679, 0.00440095, 0.99999, 0.00279849  
271, 12.2524, -97.2443, 180.373, 1, 0.000440443, 0.000657338, -0.000438344, 0.999995, -0.00319012, -0.00065874, 0.00318983, 0.999995, 0.00278407  
272, 12.352, -98.0709, 180.439, 1, -0.000356238, 0.000350434, 0.000358056, 0.999986, -0.00519965, -0.000348577, 0.00519978, 0.999986, 0.00276632  
273, 12.4109, -98.8529, 180.463, 0.999994, -0.00206577, 0.00260554, 0.00207066, 0.999996, -0.00187776, -0.00260165, 0.00188314, 0.999995, 0.00273858  
