0, 0, 0, 0, 0, 0, 0, 0, 0, 0, 0, 0, 0, 0.00640999  
1, 0, 0, 0, 0, 0, 0, 0, 0, 0, 0, 0, 0, 0.00263539  
2, 11.9303, 24.3138, 180.38, 0.999547, -0.0279057, 0.01124, 0.027765, 0.999536, 0.0124905, -0.0115834, -0.0121727, 0.999859, 0.00262874  
3, 11.9616, 24.3131, 180.383, 0.999552, -0.027978, 0.0106721, 0.0278489, 0.999539, 0.0120596, -0.0110046, -0.0117569, 0.99987, 0.00279516  
4, 11.9413, 24.3199, 180.41, 0.999547, -0.0284753, 0.00975925, 0.0283775, 0.999547, 0.0100169, -0.0100401, -0.00973541, 0.999902, 0.00286784  
5, 11.9403, 24.3009, 180.383, 0.999556, -0.0278488, 0.0106368, 0.0277342, 0.999557, 0.0107712, -0.0109321, -0.0104714, 0.999885, 0.00299765  
6, 11.9456, 24.3052, 180.393, 0.99956, -0.0279078, 0.0100669, 0.0277972, 0.999554, 0.0109557, -0.0103681, -0.010671, 0.999889, 0.00286867  
7, 11.9438, 24.3114, 180.404, 0.999545, -0.0283364, 0.0103474, 0.0282253, 0.999544, 0.010735, -0.0106469, -0.0104381, 0.999889, 0.00323925  
8, 11.9412, 24.3021, 180.402, 0.999553, -0.0281068, 0.0101499, 0.0280001, 0.999553, 0.0105092, -0.0104408, -0.0102203, 0.999893, 0.00273358  
9, 11.9436, 24.2887, 180.4, 0.999558, -0.0279101, 0.010209, 0.0278036, 0.999559, 0.0104317, -0.0104957, -0.0101432, 0.999893, 0.00291388  
10, 11.9255, 24.2883, 180.388, 0.999557, -0.0276294, 0.0110566, 0.0275072, 0.99956, 0.0110617, -0.0113573, -0.0107526, 0.999878, 0.00282678  
11, 11.9508, 24.3033, 180.372, 0.999555, -0.0276585, 0.0111693, 0.0275205, 0.999545, 0.0123313, -0.0115053, -0.0120185, 0.999862, 0.00300348  
12, 11.9411, 24.2911, 180.405, 0.999549, -0.0280085, 0.0107927, 0.0278912, 0.999552, 0.010871, -0.0110923, -0.0105651, 0.999883, 0.00310361  
13, 11.9394, 24.3082, 180.412, 0.999549, -0.0282747, 0.0101272, 0.0281693, 0.999549, 0.0104011, -0.0104167, -0.0101111, 0.999895, 0.00285646  
14, 11.9631, 24.3122, 180.386, 0.999545, -0.0279135, 0.0113887, 0.0277608, 0.999525, 0.0133524, -0.011756, -0.0130302, 0.999846, 0.00272887  
15, 11.9582, 24.311, 180.391, 0.999537, -0.0285232, 0.0106065, 0.028412, 0.999541, 0.0104913, -0.0109009, -0.0101851, 0.999889, 0.00278046  
16, 11.9425, 24.3226, 180.397, 0.999546, -0.0279856, 0.0111571, 0.0278572, 0.999546, 0.0115017, -0.0114739, -0.0111857, 0.999872, 0.00308003  
17, 11.9369, 24.3081, 180.396, 0.999564, -0.0277294, 0.0101798, 0.0276172, 0.999558, 0.0110031, -0.0104804, -0.0107171, 0.999888, 0.00276798  
18, 11.9185, 24.2998, 180.396, 0.999534, -0.0283897, 0.0112116, 0.0282659, 0.999539, 0.0110485, -0.0115201, -0.0107264, 0.999876, 0.0028806  
19, 11.9394, 24.2955, 180.383, 0.999552, -0.0279616, 0.0106715, 0.0278354, 0.999543, 0.0117943, -0.0109964, -0.011492, 0.999873, 0.0029136  
20, 11.9371, 24.3303, 180.409, 0.999537, -0.0283404, 0.0110748, 0.0282095, 0.999532, 0.011802, -0.0114041, -0.0114841, 0.999869, 0.00285785  
21, 11.9599, 24.2865, 180.361, 0.999539, -0.0278618, 0.0120773, 0.0277125, 0.99954, 0.0123506, -0.0124159, -0.0120102, 0.999851, 0.00275578  
22, 11.9318, 24.3079, 180.4, 0.999544, -0.0281824, 0.0108724, 0.0280532, 0.999536, 0.0118605, -0.0112016, -0.0115501, 0.999871, 0.00282623  
23, 11.9376, 24.322, 180.391, 0.999542, -0.0280245, 0.0114047, 0.0278972, 0.999548, 0.0111698, -0.0117126, -0.0108465, 0.999873, 0.00286118  
24, 11.9489, 24.3196, 180.412, 0.999533, -0.028618, 0.0107147, 0.0284997, 0.999533, 0.0110405, -0.0110256, -0.01073, 0.999882, 0.00288365  
25, 11.9506, 24.3301, 180.409, 0.99953, -0.0289303, 0.0101649, 0.0288147, 0.99952, 0.011343, -0.0104882, -0.0110448, 0.999884, 0.00276604  
26, 11.9384, 24.3029, 180.389, 0.999546, -0.0281045, 0.0108239, 0.0279899, 0.999552, 0.0105957, -0.0111168, -0.010288, 0.999885, 0.00287006  
27, 11.9476, 24.3269, 180.392, 0.999537, -0.0285253, 0.0106037, 0.0284034, 0.999531, 0.0114776, -0.0109261, -0.0111711, 0.999878, 0.00309224  
28, 11.9394, 24.3361, 180.372, 0.999541, -0.0281212, 0.011249, 0.0279841, 0.999534, 0.0121616, -0.0115858, -0.0118412, 0.999863, 0.00308003  
29, 11.9375, 24.3107, 180.404, 0.999538, -0.0285086, 0.0105813, 0.0283893, 0.999533, 0.0112635, -0.0108975, -0.0109579, 0.999881, 0.00295022  
30, 11.9442, 24.3096, 180.384, 0.999553, -0.0280703, 0.0103215, 0.0279658, 0.999558, 0.0101336, -0.0106014, -0.00984046, 0.999895, 0.00292165  
31, 11.9446, 24.3124, 180.38, 0.999528, -0.0284592, 0.0115415, 0.0283222, 0.999528, 0.0118683, -0.0118738, -0.0115358, 0.999863, 0.00312219  
32, 11.9468, 24.3419, 180.383, 0.999534, -0.0282959, 0.0114656, 0.0281624, 0.999536, 0.011645, -0.0117897, -0.0113166, 0.999866, 0.00299099  
33, 11.9649, 24.3354, 180.388, 0.99955, -0.0281424, 0.0103426, 0.0280194, 0.999537, 0.0118516, -0.0106714, -0.0115565, 0.999876, 0.00302567  
34, 11.9447, 24.3175, 180.38, 0.999541, -0.0281932, 0.0110453, 0.0280689, 0.999543, 0.0112516, -0.0113575, -0.0109364, 0.999876, 0.00289696  
35, 11.9464, 24.3459, 180.422, 0.999538, -0.0286763, 0.0101204, 0.0285664, 0.999533, 0.0108418, -0.0104266, -0.0105477, 0.99989, 0.00286229  
36, 11.9552, 24.3185, 180.413, 0.999553, -0.0279445, 0.0106369, 0.0278282, 0.999553, 0.0109318, -0.0109377, -0.0106309, 0.999884, 0.00282956  
37, 11.9509, 24.331, 180.407, 0.999526, -0.0288823, 0.0107018, 0.0287591, 0.99952, 0.0114917, -0.0110286, -0.0111784, 0.999877, 0.00284953  
38, 11.9213, 24.3156, 180.42, 0.999539, -0.0283412, 0.0109103, 0.0282229, 0.999543, 0.0108539, -0.0112129, -0.010541, 0.999882, 0.00291749  
39, 11.9464, 24.3138, 180.369, 0.999545, -0.0280974, 0.0109584, 0.027963, 0.999534, 0.0122319, -0.011297, -0.0119199, 0.999865, 0.00279378  
40, 11.9485, 24.3272, 180.42, 0.999544, -0.0285292, 0.00986012, 0.0284278, 0.999543, 0.010279, -0.0101489, -0.00999406, 0.999899, 0.00275411  
41, 11.9442, 24.3133, 180.401, 0.999553, -0.028003, 0.0104695, 0.0278949, 0.999557, 0.0103323, -0.0107542, -0.0100356, 0.999892, 0.00284287  
42, 11.9139, 24.3186, 180.382, 0.999545, -0.0281373, 0.0108924, 0.0280173, 0.999547, 0.0110098, -0.0111972, -0.0106996, 0.99988, 0.00300653  
43, 11.9439, 24.3233, 180.389, 0.999545, -0.0280616, 0.0110797, 0.027919, 0.999528, 0.012821, -0.0114343, -0.0125058, 0.999856, 0.00298739  
44, 11.9434, 24.3234, 180.379, 0.999555, -0.0281253, 0.00993751, 0.0280246, 0.999556, 0.0101319, -0.0102181, -0.00984887, 0.999899, 0.00285785  
45, 11.9359, 24.3218, 180.407, 0.999554, -0.0283138, 0.00951325, 0.028209, 0.999542, 0.0109808, -0.0098198, -0.0107075, 0.999894, 0.00285813  
46, 11.9124, 24.323, 180.428, 0.999545, -0.0283486, 0.01027, 0.0282376, 0.999543, 0.0107924, -0.0105713, -0.0104975, 0.999889, 0.00278684  
47, 11.9181, 24.2991, 180.416, 0.999543, -0.0283787, 0.0104519, 0.0282696, 0.999546, 0.0104427, -0.0107435, -0.0101424, 0.999891, 0.00281902  
48, 11.9681, 24.3178, 180.391, 0.999568, -0.0275079, 0.0103106, 0.0273803, 0.999549, 0.0123125, -0.0106446, -0.0120249, 0.999871, 0.00287921  
49, 11.9259, 24.3103, 180.414, 0.999549, -0.0281743, 0.0104023, 0.0280603, 0.999546, 0.0109437, -0.0107059, -0.0106468, 0.999886, 0.00276909  
50, 11.9302, 24.2961, 180.405, 0.999558, -0.0276931, 0.0108314, 0.0275784, 0.999563, 0.0105987, -0.0111201, -0.0102953, 0.999885, 0.00286368  
51, 11.92, 24.2915, 180.387, 0.999546, -0.0281195, 0.0108004, 0.0280078, 0.999554, 0.0103561, -0.0110868, -0.0100489, 0.999888, 0.00283622  
52, 11.9182, 24.3056, 180.397, 0.99956, -0.0277951, 0.0103991, 0.0276829, 0.999559, 0.0107837, -0.0106942, -0.0104911, 0.999888, 0.00302262  
53, 11.91, 24.2995, 180.391, 0.99953, -0.0286089, 0.0110313, 0.0284822, 0.999528, 0.011479, -0.0113545, -0.0111594, 0.999873, 0.00297629  
54, 11.9294, 24.2903, 180.41, 0.999567, -0.0277974, 0.0096769, 0.0276972, 0.999563, 0.0103417, -0.00996014, -0.0100692, 0.9999, 0.00290168  
55, 11.9403, 24.3017, 180.397, 0.999547, -0.0283168, 0.0101703, 0.0281999, 0.999537, 0.0114535, -0.0104899, -0.0111615, 0.999883, 0.00290695  
56, 11.9483, 24.2982, 180.392, 0.999551, -0.028085, 0.0104529, 0.027972, 0.99955, 0.0108049, -0.0107516, -0.0105077, 0.999887, 0.00305673  
57, 11.9299, 24.2825, 180.407, 0.999544, -0.0281923, 0.0108487, 0.0280691, 0.999542, 0.0113489, -0.0111636, -0.0110392, 0.999877, 0.00275161  
58, 11.926, 24.2965, 180.407, 0.999537, -0.0284239, 0.0108945, 0.028293, 0.999528, 0.0119796, -0.0112298, -0.0116659, 0.999869, 0.00294495  
59, 11.9272, 24.2937, 180.407, 0.999548, -0.0281447, 0.0105585, 0.0280283, 0.999546, 0.0110159, -0.0108637, -0.010715, 0.999884, 0.00380677  
60, 11.9091, 24.2775, 180.395, 0.999539, -0.0281942, 0.0112977, 0.0280682, 0.999544, 0.0111636, -0.0116073, -0.0108414, 0.999874, 0.00294883  
61, 11.9356, 24.3159, 180.406, 0.999555, -0.0279435, 0.010415, 0.0278267, 0.99955, 0.0111906, -0.010723, -0.0108958, 0.999883, 0.00283622  
62, 11.9499, 24.3246, 180.402, 0.999556, -0.0280971, 0.00995444, 0.0279878, 0.999548, 0.0109534, -0.0102577, -0.0106699, 0.99989, 0.00275578  
63, 11.9322, 24.2974, 180.402, 0.999553, -0.0278998, 0.0107233, 0.0277811, 0.999553, 0.0110712, -0.0110274, -0.0107683, 0.999881, 0.00265398  
64, 11.9473, 24.3148, 180.394, 0.999541, -0.0282478, 0.0109406, 0.0281158, 0.999532, 0.0120352, -0.0112755, -0.0117221, 0.999868, 0.00269392  
65, 11.9361, 24.2991, 180.383, 0.999541, -0.0282836, 0.0108465, 0.0281633, 0.999542, 0.0110887, -0.0111551, -0.0107782, 0.99988, 0.00279183  
66, 11.9427, 24.3166, 180.394, 0.999529, -0.0284575, 0.0114525, 0.0283318, 0.999538, 0.0109924, -0.0117601, -0.0106627, 0.999874, 0.0028609  
67, 11.9567, 24.3048, 180.416, 0.999557, -0.0280728, 0.00993577, 0.0279664, 0.999552, 0.0106941, -0.0102315, -0.0104115, 0.999893, 0.00281125  
68, 11.9381, 24.3077, 180.398, 0.999551, -0.0280865, 0.0104558, 0.0279648, 0.999541, 0.0116138, -0.0107772, -0.0113162, 0.999878, 0.00275161  
69, 11.9408, 24.3012, 180.385, 0.999549, -0.0279794, 0.0108721, 0.0278495, 0.999541, 0.0119234, -0.0112007, -0.0116153, 0.99987, 0.00291804  
70, 11.9392, 24.3036, 180.419, 0.999544, -0.0281114, 0.0110696, 0.0279886, 0.999547, 0.0110978, -0.0113766, -0.0107829, 0.999877, 0.0029369  
71, 11.929, 24.3145, 180.406, 0.999547, -0.0280257, 0.0110096, 0.0278938, 0.999539, 0.0119597, -0.0113397, -0.0116472, 0.999868, 0.00414656  
72, 11.9484, 24.3206, 180.364, 0.999549, -0.0275376, 0.0120196, 0.0273817, 0.999541, 0.0129446, -0.0123706, -0.0126096, 0.999844, 0.00271139  
73, 11.9378, 24.3065, 180.388, 0.999532, -0.0285446, 0.0110436, 0.0284207, 0.999533, 0.0112232, -0.0113588, -0.0109041, 0.999876, 0.00269836  
74, 11.9405, 24.309, 180.405, 0.999547, -0.0279147, 0.0112818, 0.0277985, 0.99956, 0.0103242, -0.0115651, -0.0100059, 0.999883, 0.00435598  
75, 11.9451, 24.3249, 180.399, 0.999544, -0.0282681, 0.0106551, 0.0281421, 0.999534, 0.011801, -0.0109838, -0.0114958, 0.999874, 0.00279544  
76, 11.9301, 24.3272, 180.402, 0.999531, -0.0285504, 0.0110471, 0.0284299, 0.999536, 0.0109081, -0.0113534, -0.0105889, 0.999879, 0.00287172  
77, 11.9411, 24.3207, 180.382, 0.99954, -0.0279475, 0.0118036, 0.0278059, 0.999541, 0.0119964, -0.0121335, -0.0116627, 0.999858, 0.00274052  
78, 11.9375, 24.3125, 180.398, 0.999554, -0.0278422, 0.0107644, 0.0277087, 0.99954, 0.0123588, -0.0111036, -0.012055, 0.999866, 0.00305784  
79, 11.95, 24.3296, 180.371, 0.999542, -0.0281259, 0.0111541, 0.027981, 0.999525, 0.0129435, -0.0115128, -0.0126255, 0.999854, 0.00280765  
80, 11.9343, 24.3221, 180.403, 0.999556, -0.0282583, 0.00940463, 0.0281547, 0.999543, 0.0109691, -0.0097103, -0.0106994, 0.999896, 0.0027175  
81, 11.9552, 24.3167, 180.371, 0.999563, -0.0276115, 0.0105913, 0.0274874, 0.999554, 0.0116924, -0.0109094, -0.0113961, 0.999876, 0.00285064  
82, 11.943, 24.3074, 180.371, 0.999548, -0.028179, 0.0104798, 0.0280631, 0.999545, 0.0110464, -0.0107863, -0.0107474, 0.999884, 0.00280543  
83, 11.9388, 24.3158, 180.4, 0.999545, -0.0281168, 0.0109029, 0.0280014, 0.999552, 0.0105992, -0.011196, -0.010289, 0.999884, 0.00293524  
84, 11.9593, 24.3402, 180.383, 0.999541, -0.0281828, 0.0111129, 0.0280404, 0.999525, 0.0127714, -0.0114675, -0.0124539, 0.999857, 0.00274662  
85, 11.9372, 24.3077, 180.403, 0.999546, -0.0280685, 0.0109626, 0.0279436, 0.999545, 0.0113827, -0.0112771, -0.0110712, 0.999875, 0.00291139  
86, 11.9486, 24.3327, 180.375, 0.999554, -0.0278812, 0.0107241, 0.0277553, 0.999546, 0.0117147, -0.0110458, -0.0114118, 0.999874, 0.00281458  
87, 11.9372, 24.3141, 180.405, 0.999556, -0.0279943, 0.0102045, 0.0278867, 0.999555, 0.0105422, -0.0104951, -0.010253, 0.999892, 0.00274745  
88, 11.9342, 24.3187, 180.396, 0.999549, -0.0280292, 0.0107922, 0.0278975, 0.999537, 0.0121741, -0.0111285, -0.0118675, 0.999868, 0.00292636  
89, 11.9332, 24.3456, 180.405, 0.999546, -0.0280825, 0.0109609, 0.0279455, 0.999532, 0.012461, -0.0113057, -0.0121491, 0.999862, 0.00276077  
90, 11.9507, 24.338, 180.406, 0.999552, -0.0279434, 0.0107059, 0.0278163, 0.999543, 0.0118445, -0.0110319, -0.0115414, 0.999873, 0.00282151  
91, 11.9408, 24.3255, 180.408, 0.999559, -0.028059, 0.00975446, 0.0279503, 0.999548, 0.0110974, -0.0100614, -0.0108198, 0.999891, 0.0028659  
92, 11.9553, 24.3275, 180.388, 0.999549, -0.0279172, 0.0110912, 0.0277866, 0.999545, 0.0117604, -0.0114145, -0.0114469, 0.999869, 0.00304508  
93, 11.9485, 24.3277, 180.412, 0.999558, -0.0280391, 0.00983405, 0.0279215, 0.999539, 0.0119023, -0.0101632, -0.0116225, 0.999881, 0.00297907  
94, 11.9362, 24.331, 180.396, 0.999542, -0.02829, 0.0107608, 0.0281628, 0.999534, 0.0117959, -0.0110894, -0.0114875, 0.999873, 0.00278851  
95, 11.9479, 24.3152, 180.415, 0.999545, -0.0284279, 0.0101093, 0.0283153, 0.999537, 0.0111173, -0.0104207, -0.010826, 0.999887, 0.00302067  
96, 11.953, 24.3144, 180.423, 0.999543, -0.0284627, 0.0102073, 0.0283509, 0.999538, 0.01094, -0.010514, -0.0106456, 0.999888, 0.00301013  
97, 11.9409, 24.3196, 180.411, 0.999568, -0.0275052, 0.0103493, 0.027396, 0.999569, 0.0105509, -0.0106351, -0.0102629, 0.999891, 0.00280238  
98, 11.9312, 24.3376, 180.422, 0.999555, -0.027891, 0.0105459, 0.0277667, 0.999545, 0.0117552, -0.0108689, -0.0114571, 0.999875, 0.00288614  
99, 11.9389, 24.3296, 180.413, 0.999546, -0.0282039, 0.0106274, 0.0280743, 0.999532, 0.0121537, -0.0109652, -0.0118498, 0.99987, 0.00277353  
100, 11.9246, 24.3682, 180.393, 0.99954, -0.0282585, 0.0110544, 0.0281149, 0.999521, 0.0129389, -0.0114148, -0.0126221, 0.999855, 0.0028193  
101, 11.9344, 24.4235, 180.405, 0.999536, -0.0285908, 0.0104705, 0.0284402, 0.999494, 0.0142668, -0.0108731, -0.0139624, 0.999843, 0.00278767  
102, 11.9547, 24.4768, 180.42, 0.99955, -0.0285049, 0.0093777, 0.0283594, 0.999481, 0.0153029, -0.00980904, -0.0150301, 0.999839, 0.00278851  
103, 11.9093, 24.4684, 180.401, 0.999532, -0.0282075, 0.0118407, 0.0280001, 0.999458, 0.0173306, -0.0123231, -0.016991, 0.99978, 0.00292442  
104, 11.9296, 24.5491, 180.437, 0.99953, -0.0289895, 0.0100169, 0.0287956, 0.999405, 0.018988, -0.0105614, -0.0186907, 0.99977, 0.00278435  
105, 11.9213, 24.5872, 180.428, 0.999542, -0.0285315, 0.0100376, 0.0283315, 0.999408, 0.0195346, -0.010589, -0.0192413, 0.999759, 0.00310527  
106, 11.914, 24.6165, 180.45, 0.999516, -0.0291814, 0.0108046, 0.0289489, 0.999358, 0.0210891, -0.011413, -0.0207661, 0.999719, 0.0028781  
107, 11.9126, 24.6475, 180.443, 0.999527, -0.0290957, 0.00999487, 0.0288715, 0.999343, 0.0218922, -0.0106253, -0.0215933, 0.99971, 0.00278102  
108, 11.9015, 24.7009, 180.441, 0.999527, -0.0287983, 0.0107617, 0.0285191, 0.999274, 0.0252491, -0.011481, -0.0249303, 0.999623, 0.00294661  
109, 11.8979, 24.7336, 180.462, 0.999538, -0.0285897, 0.0103297, 0.0283117, 0.999258, 0.0261245, -0.011069, -0.0258199, 0.999605, 0.0028376  
110, 11.8839, 24.8066, 180.488, 0.999532, -0.029122, 0.00934706, 0.0288561, 0.999207, 0.0274225, -0.0101382, -0.0271399, 0.99958, 0.00434267  
111, 11.8745, 24.8469, 180.506, 0.999523, -0.0293755, 0.0095259, 0.0290766, 0.999123, 0.0301247, -0.0104025, -0.0298333, 0.999501, 0.00286978  
112, 11.8833, 24.893, 180.542, 0.999515, -0.0295346, 0.00991625, 0.0291983, 0.999045, 0.0325043, -0.0108668, -0.0321989, 0.999422, 0.00276493  
113, 11.8949, 24.9256, 180.532, 0.999543, -0.0289706, 0.00867741, 0.0286521, 0.998983, 0.034814, -0.00967717, -0.0345495, 0.999356, 0.0029247  
114, 11.8779, 24.9103, 180.559, 0.999526, -0.029521, 0.00869938, 0.0291944, 0.998942, 0.0355393, -0.00973933, -0.0352685, 0.99933, 0.00279156  
115, 11.8733, 24.9756, 180.594, 0.999529, -0.0297408, 0.00752064, 0.0294449, 0.998889, 0.036797, -0.00860666, -0.0365583, 0.999294, 0.00288864  
116, 11.8652, 25.0323, 180.618, 0.999532, -0.0295203, 0.00805308, 0.0291775, 0.998782, 0.0397968, -0.00921809, -0.0395432, 0.999175, 0.00299765  
117, 11.875, 25.094, 180.609, 0.999517, -0.0302355, 0.00722764, 0.029892, 0.998599, 0.0436587, -0.00853755, -0.0434216, 0.99902, 0.00296104  
118, 11.8591, 25.1087, 180.634, 0.99954, -0.0294655, 0.00722658, 0.0291083, 0.998547, 0.0453529, -0.00855243, -0.0451217, 0.998945, 0.00280487  
119, 11.8558, 25.1053, 180.642, 0.99955, -0.0292699, 0.00652147, 0.0289371, 0.998507, 0.0463291, -0.00786778, -0.0461195, 0.998905, 0.00284121  
120, 11.8456, 25.124, 180.667, 0.999554, -0.0292011, 0.00623802, 0.0288494, 0.998306, 0.050517, -0.00770261, -0.0503145, 0.998704, 0.0028426  
121, 11.8462, 25.1329, 180.669, 0.999557, -0.0290003, 0.00673952, 0.0286182, 0.99828, 0.0511762, -0.00821205, -0.0509606, 0.998667, 0.00291388  
122, 11.8483, 25.1548, 180.687, 0.999562, -0.0288898, 0.00638485, 0.0285033, 0.998132, 0.0540393, -0.00793411, -0.0538336, 0.998518, 0.00286728  
123, 11.8285, 25.1336, 180.686, 0.999572, -0.0286161, 0.00611248, 0.0282265, 0.998009, 0.0563959, -0.00771414, -0.0561992, 0.99839, 0.00295549  
124, 11.8355, 25.1597, 180.703, 0.999568, -0.0289507, 0.00496877, 0.028609, 0.997861, 0.0587746, -0.0066597, -0.0586071, 0.998259, 0.0028953  
125, 11.8202, 25.1449, 180.719, 0.999561, -0.0291453, 0.00524559, 0.0287648, 0.997664, 0.0619604, -0.00703919, -0.0617824, 0.998065, 0.00287782  
126, 11.8082, 25.1489, 180.72, 0.999546, -0.029792, 0.00446704, 0.0294487, 0.997548, 0.063488, -0.00634752, -0.0633276, 0.997973, 0.00292969  
127, 11.7968, 25.0662, 180.722, 0.99956, -0.0292462, 0.00488715, 0.0288704, 0.997499, 0.0645199, -0.00676188, -0.0643505, 0.997904, 0.00284925  
128, 11.7959, 24.9971, 180.712, 0.99957, -0.028794, 0.00557829, 0.0283529, 0.997321, 0.0674242, -0.00750476, -0.0672371, 0.997709, 0.00281486  
129, 11.8005, 24.9654, 180.695, 0.999584, -0.0284486, 0.0047594, 0.0280532, 0.997225, 0.0689538, -0.00670783, -0.0687916, 0.997609, 0.00290029  
130, 11.7754, 24.9685, 180.701, 0.999579, -0.0286159, 0.00488889, 0.0281978, 0.997085, 0.0708956, -0.00690338, -0.0707279, 0.997472, 0.00277741  
131, 11.7549, 24.9108, 180.689, 0.999595, -0.0279703, 0.00522894, 0.0275066, 0.996872, 0.074086, -0.0072848, -0.0739122, 0.997238, 0.00301624  
132, 11.7466, 24.8965, 180.656, 0.999612, -0.0274984, 0.00448867, 0.0270741, 0.996693, 0.0766106, -0.0065805, -0.0764593, 0.997051, 0.00286895  
133, 11.7641, 24.9029, 180.652, 0.999609, -0.0277481, 0.00333476, 0.0274007, 0.996534, 0.0785463, -0.00550271, -0.0784242, 0.996905, 0.00292498  
134, 11.7305, 24.8612, 180.649, 0.999614, -0.0276307, 0.00303829, 0.0272955, 0.996362, 0.0807266, -0.00525777, -0.0806125, 0.996732, 0.00290723  
135, 11.7007, 24.7788, 180.627, 0.999621, -0.0272027, 0.00433309, 0.026748, 0.99617, 0.083248, -0.00658106, -0.0831005, 0.996519, 0.00338404  
136, 11.6633, 24.6712, 180.636, 0.999633, -0.0268974, 0.00314147, 0.0265379, 0.996101, 0.0841371, -0.00539229, -0.0840228, 0.996449, 0.00290833  
137, 11.6348, 24.5786, 180.657, 0.999635, -0.0269251, 0.00218131, 0.0266369, 0.99592, 0.0862151, -0.00449377, -0.0861256, 0.996274, 0.00297518  
138, 11.5945, 24.4614, 180.646, 0.999635, -0.0268521, 0.00313132, 0.0264718, 0.995755, 0.0881562, -0.00548521, -0.0880411, 0.996102, 0.0029136  
139, 11.5343, 24.3698, 180.623, 0.99964, -0.0267116, 0.00257627, 0.0263702, 0.995569, 0.0902593, -0.00497583, -0.0901588, 0.995915, 0.00281874  
140, 11.5189, 24.3545, 180.627, 0.99967, -0.0256824, 0.000948397, 0.0254855, 0.995411, 0.0922337, -0.00331283, -0.0921791, 0.995737, 0.00342204  
141, 11.4617, 24.2746, 180.617, 0.999657, -0.0262076, -0.000177208, 0.0261059, 0.995135, 0.0950014, -0.00231341, -0.0949734, 0.995477, 0.00298877  
142, 11.4056, 24.1319, 180.572, 0.999653, -0.0263441, 0.000257651, 0.0261892, 0.99474, 0.0990226, -0.00286496, -0.0989815, 0.995085, 0.00291582  
143, 11.3677, 24.0107, 180.608, 0.999658, -0.0261494, -0.000943714, 0.0261109, 0.994539, 0.101043, -0.00170366, -0.101033, 0.994882, 0.00296215  
144, 11.2727, 23.827, 180.601, 0.999651, -0.0263733, -0.0012329, 0.0263588, 0.994254, 0.103749, -0.00151037, -0.103745, 0.994603, 0.00284842  
145, 11.1846, 23.6355, 180.602, 0.999664, -0.0258568, -0.00201281, 0.0259246, 0.994048, 0.10581, -0.000735079, -0.105827, 0.994384, 0.00296381  
146, 11.0973, 23.4401, 180.628, 0.99967, -0.0255707, -0.00231571, 0.0256713, 0.993829, 0.107912, -0.000457958, -0.107935, 0.994158, 0.00291943  
147, 10.992, 23.224, 180.608, 0.999686, -0.0249351, -0.00259855, 0.0250693, 0.993425, 0.111707, -0.000203972, -0.111738, 0.993738, 0.00288282  
148, 10.9239, 22.9561, 180.618, 0.999685, -0.0245806, -0.00508588, 0.0249938, 0.993486, 0.111181, 0.00231985, -0.111273, 0.993787, 0.00293469  
149, 10.8281, 22.6919, 180.644, 0.999669, -0.0246246, -0.00741854, 0.0253068, 0.993244, 0.113253, 0.0045796, -0.113403, 0.993538, 0.00295161  
150, 10.7255, 22.4149, 180.61, 0.999668, -0.0244911, -0.008061, 0.0252689, 0.992758, 0.117445, 0.00512625, -0.11761, 0.993047, 0.00284093  
151, 10.5686, 22.0715, 180.602, 0.999689, -0.0233838, -0.00863886, 0.024249, 0.992541, 0.119474, 0.00578067, -0.119647, 0.9928, 0.00299072  
152, 10.4182, 21.6421, 180.582, 0.999715, -0.0218725, -0.00957792, 0.0228754, 0.992321, 0.121557, 0.0068456, -0.121742, 0.992538, 0.00296575  
153, 10.2973, 21.1404, 180.583, 0.999703, -0.0221883, -0.0100413, 0.0232538, 0.992168, 0.122731, 0.00723951, -0.122928, 0.992389, 0.00270723  
154, 10.1426, 20.6523, 180.582, 0.999704, -0.0220064, -0.0103295, 0.0231148, 0.99207, 0.123543, 0.00752883, -0.123745, 0.992285, 0.00286867  
155, 9.99236, 20.0776, 180.569, 0.999695, -0.0216484, -0.0118501, 0.0229522, 0.992014, 0.124025, 0.00907054, -0.124259, 0.992208, 0.00294079  
156, 9.81555, 19.4951, 180.537, 0.999698, -0.0214421, -0.0120126, 0.0227676, 0.992018, 0.12402, 0.00925744, -0.124256, 0.992207, 0.002872  
157, 9.66752, 18.9208, 180.486, 0.999711, -0.0208133, -0.0120632, 0.0221622, 0.991869, 0.125318, 0.00935683, -0.125549, 0.992043, 0.00280709  
158, 9.54021, 18.2353, 180.496, 0.999699, -0.0206418, -0.0132869, 0.0221387, 0.991952, 0.124665, 0.0106067, -0.124921, 0.99211, 0.00298739  
159, 9.44571, 17.5799, 180.468, 0.999714, -0.0202132, -0.0128097, 0.0216489, 0.992024, 0.124176, 0.0101976, -0.124418, 0.992177, 0.0027641  
160, 9.38365, 16.7811, 180.462, 0.999733, -0.0194386, -0.0124632, 0.0208338, 0.992082, 0.123855, 0.00995697, -0.124082, 0.992222, 0.00297768  
161, 9.41084, 15.9647, 180.468, 0.999706, -0.0200837, -0.0136078, 0.0216085, 0.99215, 0.123172, 0.0110273, -0.12343, 0.992292, 0.0029358  
162, 9.43274, 15.1307, 180.501, 0.999707, -0.0205557, -0.0127536, 0.0219861, 0.991963, 0.124605, 0.0100897, -0.124849, 0.992124, 0.0027763  
163, 9.53365, 14.3127, 180.551, 0.999622, -0.0217506, -0.016798, 0.023643, 0.992224, 0.122197, 0.0140095, -0.122548, 0.992364, 0.00300597  
164, 9.68673, 13.3949, 180.598, 0.999651, -0.022223, -0.0142731, 0.0238181, 0.992053, 0.123547, 0.011414, -0.123844, 0.992236, 0.00296853  
165, 9.8742, 12.4119, 180.582, 0.999666, -0.0213137, -0.0146351, 0.0229654, 0.992023, 0.123948, 0.0118765, -0.124243, 0.992181, 0.00281791  
166, 10.0763, 11.4513, 180.609, 0.999647, -0.0226656, -0.0138972, 0.024219, 0.991951, 0.124288, 0.0109682, -0.124581, 0.992149, 0.00306117  
167, 10.2804, 10.2794, 180.634, 0.999688, -0.021887, -0.0120177, 0.0231824, 0.992371, 0.121089, 0.0092757, -0.12133, 0.992569, 0.00297047  
168, 10.5306, 9.25066, 180.622, 0.999705, -0.02107, -0.0121048, 0.0223475, 0.992824, 0.117481, 0.00954259, -0.117717, 0.993001, 0.00293607  
169, 10.6752, 7.99222, 180.622, 0.999723, -0.0213649, -0.00987207, 0.0223381, 0.993439, 0.112159, 0.00741103, -0.112349, 0.993641, 0.00278851  
170, 10.9299, 6.77346, 180.561, 0.999746, -0.0203442, -0.009693, 0.0212592, 0.994119, 0.106182, 0.0074758, -0.106362, 0.994299, 0.00296353  
171, 11.0851, 5.61533, 180.573, 0.999774, -0.0202162, -0.00655054, 0.020785, 0.994434, 0.103295, 0.00442584, -0.103408, 0.994629, 0.00290473  
172, 11.2255, 4.54341, 180.576, 0.99978, -0.0195998, -0.00747406, 0.0202427, 0.994901, 0.0988024, 0.00549945, -0.0989319, 0.995079, 0.00289641  
173, 11.3669, 3.36054, 180.657, 0.999731, -0.0211934, -0.00939576, 0.0219892, 0.995256, 0.0947774, 0.00734253, -0.0949585, 0.995454, 0.00284981  
174, 11.5806, 2.17372, 180.778, 0.999696, -0.0218517, -0.0114054, 0.0228201, 0.995393, 0.0931288, 0.0093178, -0.0933608, 0.995589, 0.00296825  
175, 11.7383, 0.840881, 180.822, 0.999687, -0.0229038, -0.0100813, 0.0237444, 0.995367, 0.0931683, 0.00790071, -0.0933785, 0.995599, 0.00286395  
176, 11.9964, -0.748819, 180.789, 0.99973, -0.0209528, -0.0100581, 0.0217571, 0.995887, 0.0879556, 0.00817383, -0.0881507, 0.996074, 0.00289474  
177, 12.2233, -2.30433, 180.695, 0.999754, -0.021532, -0.00528947, 0.0219184, 0.995767, 0.0892581, 0.00334517, -0.0893521, 0.995994, 0.00277769  
178, 12.5183, -3.87649, 180.7, 0.999779, -0.0207273, -0.00351265, 0.0209534, 0.996035, 0.086455, 0.00170675, -0.0865095, 0.99625, 0.00298988  
179, 12.8249, -5.48228, 180.691, 0.999806, -0.0196507, -0.00130117, 0.0196913, 0.996451, 0.0818401, -0.00031166, -0.0818499, 0.996645, 0.00275633  
180, 13.2218, -7.2076, 180.723, 0.99982, -0.0189498, -2.4186e-005, 0.0188987, 0.997024, 0.0747372, -0.00139214, -0.0747242, 0.997203, 0.00290778  
181, 13.6737, -8.81324, 180.737, 0.999828, -0.0183223, 0.00273576, 0.0180849, 0.997365, 0.0702625, -0.00401592, -0.070201, 0.997525, 0.00278324  
182, 14.1979, -10.3968, 180.704, 0.999817, -0.0188219, 0.00342133, 0.0185499, 0.997572, 0.0671262, -0.00467647, -0.0670505, 0.997739, 0.00291693  
183, 14.6954, -12.0026, 180.741, 0.999768, -0.0208102, 0.00547524, 0.0204315, 0.997871, 0.0619368, -0.0067525, -0.0618106, 0.998065, 0.00294911  
184, 15.2279, -13.4768, 180.775, 0.999712, -0.022804, 0.00754175, 0.0223287, 0.998065, 0.0580298, -0.00885047, -0.0578446, 0.998286, 0.00277075  
185, 15.7885, -14.9371, 180.744, 0.999698, -0.0232737, 0.00788711, 0.0228018, 0.998204, 0.0554055, -0.00916243, -0.0552089, 0.998433, 0.00305646  
186, 16.2861, -16.4835, 180.751, 0.99969, -0.0233845, 0.00855872, 0.0229418, 0.998555, 0.0486035, -0.00968292, -0.0483921, 0.998781, 0.00309057  
187, 16.8141, -18.1509, 180.728, 0.999662, -0.0236231, 0.0108209, 0.0231376, 0.998808, 0.0429817, -0.0118234, -0.0427168, 0.999017, 0.00277991  
188, 17.3193, -19.718, 180.701, 0.99963, -0.0239118, 0.0129517, 0.0234125, 0.999025, 0.0374161, -0.0138338, -0.037099, 0.999216, 0.00285508  
189, 17.8498, -21.4066, 180.643, 0.999615, -0.0229947, 0.0154978, 0.0225266, 0.999304, 0.0297312, -0.0161707, -0.0293707, 0.999438, 0.00271334  
190, 18.3429, -23.0651, 180.647, 0.999583, -0.0227114, 0.0178362, 0.022232, 0.999398, 0.0266304, -0.0184303, -0.0262228, 0.999486, 0.00284759  
191, 18.8391, -24.7201, 180.628, 0.999496, -0.0232781, 0.0216008, 0.0227658, 0.999461, 0.0236645, -0.0221401, -0.0231608, 0.999487, 0.00305119  
192, 19.3216, -26.3385, 180.681, 0.999431, -0.0246413, 0.0230122, 0.0242072, 0.999527, 0.0189565, -0.0234684, -0.0183886, 0.999555, 0.00277547  
193, 20.0009, -27.9934, 180.564, 0.999219, -0.0254259, 0.0302572, 0.0248457, 0.999503, 0.0193987, -0.0307353, -0.0186317, 0.999354, 0.00278462  
194, 20.657, -29.5728, 180.494, 0.999101, -0.024779, 0.0344101, 0.0242221, 0.99957, 0.0165074, -0.0348044, -0.015659, 0.999271, 0.00281375  
195, 21.2134, -31.2981, 180.488, 0.998904, -0.0262215, 0.0387675, 0.0258602, 0.999618, 0.0097926, -0.0390094, -0.00877934, 0.9992, 0.00291832  
196, 21.9216, -32.9083, 180.442, 0.998811, -0.0261816, 0.0411312, 0.0260629, 0.999654, 0.00342022, -0.0412065, -0.00234415, 0.999148, 0.00280515  
197, 22.6393, -34.4358, 180.414, 0.998642, -0.0274921, 0.0442628, 0.0275153, 0.999621, 8.64139e-005, -0.0442484, 0.00113161, 0.99902, 0.00290417  
198, 23.409, -36.036, 180.331, 0.998547, -0.0264893, 0.0469178, 0.0267629, 0.999628, -0.00521267, -0.0467623, 0.00646075, 0.998885, 0.00302733  
199, 24.0675, -37.7153, 180.382, 0.998342, -0.0262166, 0.051249, 0.0267766, 0.999589, -0.0102715, -0.0509587, 0.0116267, 0.998633, 0.00296658  
200, 24.7607, -39.3562, 180.393, 0.998307, -0.0262207, 0.0519255, 0.0270317, 0.999522, -0.0149775, -0.051508, 0.0163557, 0.998539, 0.00290695  
201, 25.3914, -40.9843, 180.381, 0.998095, -0.0270688, 0.0554446, 0.0281863, 0.999413, -0.0194731, -0.0548849, 0.0209987, 0.998272, 0.00286451  
202, 25.9476, -42.5925, 180.264, 0.997771, -0.0291716, 0.0600181, 0.0304948, 0.999309, -0.0212503, -0.0593568, 0.0230332, 0.997971, 0.00285646  
203, 26.4859, -44.0777, 180.272, 0.997562, -0.0290633, 0.0634527, 0.0306188, 0.999251, -0.02368, -0.0627169, 0.0255651, 0.997704, 0.00292747  
204, 26.9986, -45.6011, 180.213, 0.997372, -0.0298776, 0.0660085, 0.0314862, 0.999229, -0.0234652, -0.0652565, 0.0254819, 0.997543, 0.00290944  
205, 27.4855, -47.1597, 180.17, 0.997311, -0.029209, 0.0672158, 0.0311304, 0.999131, -0.0277186, -0.0663478, 0.0297365, 0.997353, 0.00293053  
206, 27.903, -48.8042, 180.207, 0.997098, -0.0296683, 0.070109, 0.0319191, 0.999003, -0.0312059, -0.0691133, 0.0333532, 0.997051, 0.00299099  
207, 28.3149, -50.3105, 180.16, 0.997072, -0.0281542, 0.0710907, 0.0308211, 0.998851, -0.0367, -0.0699758, 0.0387836, 0.996794, 0.0027727  
208, 28.6487, -51.8304, 180.174, 0.996969, -0.0287814, 0.0722775, 0.0317482, 0.998686, -0.0402396, -0.0710243, 0.0424123, 0.996572, 0.00292165  
209, 28.9555, -53.2011, 180.08, 0.996701, -0.0285686, 0.0759605, 0.0314347, 0.998828, -0.0368072, -0.0748199, 0.0390736, 0.996431, 0.00282318  
210, 29.2652, -54.6222, 180.055, 0.996586, -0.0283507, 0.0775391, 0.0316562, 0.998627, -0.041738, -0.0762493, 0.0440501, 0.996115, 0.00292165  
211, 29.5466, -55.9295, 180, 0.996508, -0.0286042, 0.0784468, 0.0323245, 0.998392, -0.0465725, -0.0769884, 0.0489456, 0.99583, 0.00291055  
212, 29.9011, -57.4453, 179.911, 0.996317, -0.0300453, 0.0803048, 0.0344507, 0.997944, -0.0540487, -0.0785158, 0.0566162, 0.995304, 0.00287533  
213, 30.3426, -58.7743, 179.82, 0.996146, -0.0306551, 0.0821819, 0.035233, 0.997873, -0.0548452, -0.0803258, 0.0575294, 0.995107, 0.00293163  
214, 30.6115, -59.983, 179.779, 0.99608, -0.0331964, 0.0819913, 0.0372865, 0.998109, -0.0488676, -0.080214, 0.0517332, 0.995434, 0.00285841  
215, 30.8336, -61.3775, 179.74, 0.99601, -0.0336101, 0.0826707, 0.0378501, 0.998018, -0.0502659, -0.0808174, 0.0531945, 0.995308, 0.00304231  
216, 31.0377, -62.6568, 179.783, 0.996037, -0.0331678, 0.082524, 0.0376042, 0.997897, -0.0527992, -0.0805993, 0.0556932, 0.995189, 0.00288809  
217, 31.239, -63.9247, 179.823, 0.995734, -0.0323574, 0.0864051, 0.037374, 0.997669, -0.0570871, -0.0843565, 0.0600729, 0.994623, 0.00286395  
218, 31.421, -65.1224, 179.815, 0.99581, -0.0309074, 0.0860605, 0.0361663, 0.997529, -0.060233, -0.0839862, 0.0630932, 0.994467, 0.00282429  
219, 31.5548, -66.3004, 179.804, 0.995786, -0.0322623, 0.085847, 0.0376609, 0.997364, -0.0620284, -0.0836195, 0.065, 0.994376, 0.00288642  
220, 31.675, -67.5172, 179.81, 0.995733, -0.0341805, 0.0857216, 0.0397007, 0.997189, -0.0635405, -0.0833088, 0.0666726, 0.994291, 0.00293053  
221, 31.7409, -68.7937, 179.804, 0.995558, -0.0349707, 0.0874162, 0.0406502, 0.997118, -0.0640576, -0.0849241, 0.0673266, 0.99411, 0.00291333  
222, 31.83, -69.9704, 179.831, 0.995527, -0.0363431, 0.0872031, 0.0419792, 0.997086, -0.063694, -0.0846341, 0.0670698, 0.994152, 0.00295133  
223, 31.8543, -71.0606, 179.767, 0.995671, -0.0372492, 0.085157, 0.0425147, 0.997239, -0.0608793, -0.0826542, 0.0642362, 0.994506, 0.00293247  
224, 31.8597, -72.1367, 179.791, 0.995744, -0.0357216, 0.084958, 0.0407644, 0.997462, -0.0583821, -0.0826569, 0.0615968, 0.994673, 0.00289141  
225, 31.8545, -73.259, 179.81, 0.995755, -0.0357115, 0.0848318, 0.0407429, 0.997465, -0.058339, -0.0825334, 0.0615477, 0.994686, 0.0029039  
226, 31.7258, -74.2696, 179.839, 0.995887, -0.0377905, 0.0823468, 0.0427344, 0.997335, -0.0591254, -0.079893, 0.0624013, 0.994848, 0.00296575  
227, 31.6169, -75.3197, 179.845, 0.995892, -0.0384699, 0.0819736, 0.0434197, 0.997285, -0.059482, -0.0794628, 0.0627969, 0.994858, 0.00296686  
228, 31.51, -76.2633, 179.818, 0.996041, -0.0378734, 0.0804272, 0.0427354, 0.997306, -0.0596173, -0.0779526, 0.0628183, 0.994976, 0.00280848  
229, 31.3525, -77.1179, 179.814, 0.996073, -0.03803, 0.0799458, 0.0423747, 0.997675, -0.0533704, -0.0777303, 0.0565485, 0.995369, 0.00289974  
230, 31.1926, -78.108, 179.816, 0.996274, -0.0386075, 0.0771166, 0.0428681, 0.9976, -0.0543795, -0.0748321, 0.0574827, 0.995538, 0.00291527  
231, 31.0131, -78.982, 179.851, 0.996334, -0.0384015, 0.0764483, 0.0424695, 0.997727, -0.0523184, -0.0742654, 0.0553734, 0.9957, 0.00294162  
232, 30.7241, -79.7787, 179.959, 0.99648, -0.0391352, 0.0741327, 0.0430653, 0.997709, -0.0521788, -0.0719209, 0.0551877, 0.995882, 0.00297075  
233, 30.4282, -80.6181, 180.004, 0.996503, -0.0387898, 0.0740014, 0.0425215, 0.997867, -0.0495363, -0.071922, 0.0525098, 0.996027, 0.00293385  
234, 30.1001, -81.4265, 180.037, 0.996718, -0.0397265, 0.0705319, 0.0433484, 0.997779, -0.0505861, -0.0683656, 0.0534775, 0.996226, 0.00294412  
235, 29.733, -82.0607, 180.088, 0.996811, -0.0404153, 0.0688138, 0.0437225, 0.997926, -0.0472515, -0.0667614, 0.0501095, 0.99651, 0.0029885  
236, 29.4082, -82.9789, 180.057, 0.996883, -0.0409291, 0.0674501, 0.0441096, 0.997951, -0.0463588, -0.0654144, 0.0491895, 0.996645, 0.00288115  
237, 29.0759, -83.5431, 180.076, 0.996919, -0.042424, 0.0659724, 0.0452537, 0.998092, -0.042005, -0.0640645, 0.0448611, 0.996937, 0.00289252  
238, 28.5905, -84.3059, 180.079, 0.996823, -0.0444329, 0.066099, 0.0469859, 0.998188, -0.0375836, -0.0643093, 0.0405699, 0.997105, 0.00296492  
239, 28.143, -85.0067, 180.064, 0.997029, -0.0431069, 0.0638298, 0.0453264, 0.998402, -0.0337425, -0.0622732, 0.0365355, 0.99739, 0.0029125  
240, 27.6904, -85.6888, 180.008, 0.997037, -0.0455393, 0.062, 0.0473966, 0.99846, -0.0288231, -0.060592, 0.0316763, 0.99766, 0.00291527  
241, 27.1959, -86.2678, 180.027, 0.997289, -0.0435187, 0.0593357, 0.0449185, 0.998738, -0.0224645, -0.0582832, 0.0250688, 0.997985, 0.00295882  
242, 26.6042, -86.8718, 180.088, 0.997385, -0.0441231, 0.0572344, 0.0453, 0.998784, -0.019429, -0.0563076, 0.0219709, 0.998172, 0.00277408  
243, 26.1309, -87.3024, 180.129, 0.997749, -0.0435994, 0.0509461, 0.0443549, 0.998921, -0.0137948, -0.0502897, 0.0160235, 0.998606, 0.00284065  
244, 25.5137, -87.8386, 180.166, 0.998076, -0.0425834, 0.0450622, 0.0431649, 0.998996, -0.0120093, -0.0445055, 0.0139313, 0.998912, 0.00291971  
245, 24.9421, -88.2731, 180.203, 0.998218, -0.0428127, 0.0415624, 0.0431718, 0.999037, -0.0077818, -0.0411893, 0.00956226, 0.999106, 0.00299488  
246, 24.1573, -88.8304, 180.183, 0.998458, -0.0416766, 0.0366643, 0.0417941, 0.999123, -0.00244466, -0.0365303, 0.00397324, 0.999325, 0.00294134  
247, 23.4906, -89.3555, 180.224, 0.998588, -0.0414473, 0.0332364, 0.0414637, 0.99914, 0.000194827, -0.0332159, 0.00118355, 0.999447, 0.00279544  
248, 22.8159, -89.9374, 180.245, 0.998709, -0.0419543, 0.0286286, 0.041874, 0.999117, 0.00339769, -0.0287459, -0.00219451, 0.999584, 0.00303676  
249, 22.1393, -90.3819, 180.293, 0.998887, -0.0405487, 0.0240974, 0.0403274, 0.99914, 0.00959949, -0.0244659, -0.00861702, 0.999664, 0.00292747  
250, 21.4583, -90.9357, 180.323, 0.998946, -0.0413618, 0.0199141, 0.0410639, 0.999042, 0.0151415, -0.0205213, -0.0143078, 0.999687, 0.00287338  
251, 20.7614, -91.6724, 180.431, 0.999006, -0.0410794, 0.0172933, 0.0407888, 0.999026, 0.0168336, -0.0179679, -0.0161115, 0.999709, 0.0030179  
252, 20.1063, -92.2306, 180.417, 0.999074, -0.0407215, 0.0139081, 0.0404301, 0.998969, 0.0206295, -0.0147338, -0.0200481, 0.99969, 0.00332829  
253, 19.4678, -92.7339, 180.432, 0.999095, -0.0410893, 0.0109559, 0.0407667, 0.998771, 0.0281994, -0.0121011, -0.0277273, 0.999542, 0.00278407  
254, 18.8597, -93.4289, 180.448, 0.999128, -0.041093, 0.00743048, 0.0408526, 0.998713, 0.0300413, -0.00865541, -0.0297115, 0.999521, 0.00279766  
255, 18.2951, -94.0033, 180.475, 0.999144, -0.0413096, 0.00227689, 0.0412147, 0.998628, 0.0323035, -0.00360821, -0.032182, 0.999476, 0.00300597  
256, 17.7367, -94.5846, 180.51, 0.999047, -0.0436375, -0.000409902, 0.043623, 0.998369, 0.0368398, -0.00119837, -0.0368226, 0.999321, 0.00304619  
257, 17.2768, -95.1581, 180.494, 0.999078, -0.0423929, -0.00681323, 0.0426204, 0.998379, 0.0377117, 0.00520348, -0.0379673, 0.999265, 0.00279128  
258, 16.7973, -95.6505, 180.475, 0.999096, -0.0418334, -0.00753466, 0.0421374, 0.998046, 0.0461463, 0.00558947, -0.0464221, 0.998906, 0.003029  
259, 16.4387, -96.4199, 180.501, 0.999122, -0.0406107, -0.0103239, 0.0410523, 0.998054, 0.0469373, 0.00839762, -0.0473199, 0.998844, 0.00294328  
260, 16.0183, -96.9865, 180.486, 0.999161, -0.040326, -0.00714313, 0.040658, 0.997664, 0.0548873, 0.00491306, -0.0551316, 0.998467, 0.00295383  
261, 15.7663, -97.6006, 180.536, 0.999141, -0.0401126, -0.0104221, 0.0406515, 0.997487, 0.0580354, 0.00806791, -0.0584092, 0.99826, 0.00304092  
262, 15.5634, -98.1889, 180.498, 0.999118, -0.0402634, -0.0119308, 0.0409219, 0.997277, 0.0613588, 0.00942777, -0.0617929, 0.998044, 0.00277408  
263, 15.4318, -98.8785, 180.524, 0.999123, -0.0399453, -0.0125345, 0.0406678, 0.997123, 0.0639643, 0.00994338, -0.064418, 0.997873, 0.00288503  
264, 15.3054, -99.4031, 180.552, 0.999102, -0.0396422, -0.0149466, 0.0405794, 0.99681, 0.0687287, 0.0121744, -0.0692735, 0.997523, 0.00280598  
265, 15.2428, -100.067, 180.657, 0.999071, -0.0403015, -0.015294, 0.0412982, 0.996572, 0.0716898, 0.0123523, -0.0722548, 0.99731, 0.00299238  
266, 15.2907, -100.618, 180.715, 0.999042, -0.0399723, -0.0178189, 0.0412066, 0.996306, 0.0753438, 0.0147414, -0.0760058, 0.996998, 0.00277159  
267, 15.2983, -101.362, 180.749, 0.999039, -0.0402046, -0.0174823, 0.0414331, 0.996189, 0.0767565, 0.0143297, -0.077407, 0.996897, 0.00281292  
268, 15.3507, -102.155, 180.77, 0.999087, -0.0395341, -0.0161803, 0.0406984, 0.996011, 0.0794045, 0.0129766, -0.0799905, 0.996711, 0.00300098  
269, 15.4887, -102.821, 180.751, 0.999051, -0.0404411, -0.01617, 0.0416751, 0.995498, 0.085123, 0.0126548, -0.0857161, 0.996239, 0.00280376  
270, 15.6987, -103.789, 180.774, 0.999083, -0.0401966, -0.0147227, 0.0413164, 0.995444, 0.0859312, 0.0112015, -0.0864608, 0.996192, 0.00284454  
271, 15.942, -104.598, 180.763, 0.999146, -0.0383637, -0.0153647, 0.0395536, 0.995459, 0.0865818, 0.0119734, -0.0871156, 0.996126, 0.00286229  
272, 16.1999, -105.431, 180.725, 0.999144, -0.0396597, -0.0117962, 0.0405735, 0.994991, 0.0913624, 0.00811373, -0.0917628, 0.995748, 0.00276465  
273, 16.5617, -106.285, 180.718, 0.999259, -0.0371282, -0.0101808, 0.0379424, 0.994553, 0.0970771, 0.00652108, -0.0973915, 0.995225, 0.00285175  
274, 16.8829, -107.289, 180.73, 0.999266, -0.0378534, -0.00585566, 0.0382438, 0.994518, 0.097319, 0.0021397, -0.0974715, 0.995236, 0.00303732  
275, 17.3766, -108.208, 180.731, 0.999334, -0.0359045, -0.0064424, 0.0363623, 0.99456, 0.0976167, 0.00290246, -0.097786, 0.995203, 0.00274302  
276, 17.8706, -109.152, 180.726, 0.999243, -0.0387004, -0.0040469, 0.0389111, 0.994221, 0.100048, 0.000151612, -0.10013, 0.994974, 0.00284703  
277, 18.3979, -110.133, 180.731, 0.999266, -0.0381916, -0.00313318, 0.0383129, 0.994176, 0.100728, -0.000732027, -0.100774, 0.994909, 0.00284315  
278, 19.0205, -111.205, 180.709, 0.999234, -0.0390771, -0.00228988, 0.0391097, 0.99419, 0.100279, -0.00164203, -0.100291, 0.994957, 0.00305035  
279, 19.562, -112.16, 180.713, 0.999238, -0.0389717, 0.00215392, 0.0385346, 0.993798, 0.104315, -0.00620588, -0.104152, 0.994542, 0.00280792  
