0, 0, 0, 0, 0, 0, 0, 0, 0, 0, 0, 0, 0, 0.00668515  
1, 0, 0, 0, 0, 0, 0, 0, 0, 0, 0, 0, 0, 0.00286035  
2, 8.14471, 6.75888, 180.595, 0.999652, -0.0160405, -0.020931, 0.0154445, 0.999479, -0.0283346, 0.0213746, 0.0280015, 0.999379, 0.00265204  
3, 8.1416, 6.73304, 180.611, 0.999635, -0.0165145, -0.0213827, 0.0158968, 0.99946, -0.0287439, 0.0218459, 0.0283935, 0.999358, 0.00277464  
4, 8.11061, 6.73268, 180.606, 0.999652, -0.0164139, -0.0206692, 0.0158101, 0.999453, -0.0290426, 0.0211346, 0.0287057, 0.999364, 0.00279017  
5, 8.17523, 6.67016, 180.536, 0.999588, -0.0167117, -0.0233158, 0.0160572, 0.999479, -0.0279846, 0.0237713, 0.0275987, 0.999336, 0.00298933  
6, 8.16434, 6.67364, 180.511, 0.999589, -0.0170148, -0.0230804, 0.0163885, 0.9995, -0.0270565, 0.0235292, 0.0266672, 0.999367, 0.00287061  
7, 8.12425, 6.72299, 180.605, 0.999651, -0.0160978, -0.0209274, 0.0154935, 0.999467, -0.0287259, 0.0213786, 0.0283917, 0.999368, 0.00270807  
8, 8.16317, 6.68802, 180.553, 0.999609, -0.0172025, -0.0220324, 0.0165932, 0.999483, -0.0275457, 0.0224949, 0.0271694, 0.999378, 0.00295022  
9, 8.14971, 6.73926, 180.581, 0.99964, -0.0159346, -0.0215685, 0.01532, 0.99948, -0.0283687, 0.0220093, 0.0280281, 0.999365, 0.00278962  
10, 8.12939, 6.74052, 180.604, 0.999663, -0.0162218, -0.0202892, 0.0156618, 0.9995, -0.0274622, 0.0207246, 0.0271352, 0.999417, 0.00298711  
11, 8.12365, 6.74302, 180.592, 0.999656, -0.015985, -0.0207977, 0.0154001, 0.99949, -0.0279863, 0.0212345, 0.0276563, 0.999392, 0.00290723  
12, 8.13661, 6.75082, 180.596, 0.999647, -0.0162029, -0.0210769, 0.0156093, 0.999485, -0.0280271, 0.0215201, 0.0276882, 0.999385, 0.00280182  
13, 8.1421, 6.73569, 180.599, 0.999647, -0.0165479, -0.02077, 0.0159519, 0.999465, -0.0285392, 0.0212311, 0.0281978, 0.999377, 0.00412465  
14, 8.12461, 6.73841, 180.624, 0.999652, -0.016041, -0.0209214, 0.0154457, 0.99948, -0.0283121, 0.0213647, 0.0279791, 0.99938, 0.00280432  
15, 8.11875, 6.73532, 180.614, 0.999653, -0.0161625, -0.0208235, 0.015582, 0.999494, -0.0277415, 0.0212613, 0.0274074, 0.999398, 0.00286312  
16, 8.12301, 6.73694, 180.599, 0.999635, -0.0160481, -0.0217305, 0.0154195, 0.999466, -0.0287922, 0.022181, 0.0284466, 0.999349, 0.00300986  
17, 8.14405, 6.76096, 180.596, 0.999641, -0.0158846, -0.0215929, 0.0152614, 0.999471, -0.0287231, 0.0220378, 0.0283832, 0.999354, 0.00273858  
18, 8.12281, 6.72341, 180.609, 0.999654, -0.0161927, -0.0207253, 0.0156066, 0.999482, -0.0281374, 0.0211702, 0.0278042, 0.999389, 0.00295771  
19, 8.13822, 6.74932, 180.594, 0.99965, -0.0159628, -0.0211004, 0.0153636, 0.999482, -0.0282614, 0.0215406, 0.0279273, 0.999378, 0.00277242  
20, 8.14225, 6.75137, 180.591, 0.999628, -0.0158714, -0.0221835, 0.0152337, 0.999474, -0.0286269, 0.0226262, 0.0282784, 0.999344, 0.0030498  
21, 8.13816, 6.74417, 180.597, 0.999631, -0.016032, -0.0219295, 0.015392, 0.999459, -0.0290496, 0.0223834, 0.0287013, 0.999337, 0.00292248  
22, 8.15664, 6.73425, 180.578, 0.999637, -0.0159788, -0.0216943, 0.0153704, 0.999492, -0.0279275, 0.0221295, 0.0275839, 0.999375, 0.00274329  
23, 8.12984, 6.74534, 180.61, 0.999639, -0.0162051, -0.021444, 0.0155915, 0.999473, -0.0284744, 0.0218941, 0.0281298, 0.999364, 0.00285785  
24, 8.1305, 6.73443, 180.582, 0.999651, -0.0158776, -0.0211312, 0.0152777, 0.999484, -0.0282556, 0.021569, 0.0279229, 0.999377, 0.00271805  
25, 8.16743, 6.67821, 180.568, 0.999593, -0.01743, -0.0225993, 0.0167945, 0.999467, -0.028009, 0.0230754, 0.027618, 0.999352, 0.00299488  
26, 8.13019, 6.72405, 180.591, 0.999663, -0.0156202, -0.0207472, 0.0150442, 0.999505, -0.0276313, 0.0211686, 0.0273099, 0.999403, 0.00285425  
27, 8.11465, 6.74062, 180.607, 0.999658, -0.0160872, -0.0206014, 0.0155025, 0.999481, -0.028231, 0.0210449, 0.027902, 0.999389, 0.00269336  
28, 8.13825, 6.73543, 180.588, 0.999658, -0.015943, -0.0207501, 0.0153582, 0.999489, -0.0280455, 0.0211866, 0.0277172, 0.999391, 0.00286617  
29, 8.13077, 6.73552, 180.591, 0.999644, -0.0161355, -0.0212705, 0.0155562, 0.999511, -0.0271274, 0.0216978, 0.0267869, 0.999406, 0.00272721  
30, 8.13171, 6.70901, 180.614, 0.999658, -0.0159171, -0.0207609, 0.0153259, 0.999481, -0.0283332, 0.0212011, 0.0280053, 0.999383, 0.00297962  
31, 8.1703, 6.67534, 180.545, 0.999601, -0.0169894, -0.0225728, 0.016368, 0.99949, -0.0274346, 0.0230274, 0.0270542, 0.999369, 0.00297768  
32, 8.14573, 6.73785, 180.6, 0.999655, -0.0157238, -0.021046, 0.0151276, 0.999488, -0.028196, 0.0214785, 0.0278679, 0.999381, 0.00274995  
33, 8.11738, 6.71624, 180.621, 0.999666, -0.0158508, -0.0203945, 0.0152769, 0.999491, -0.0279943, 0.0208278, 0.0276734, 0.9994, 0.00284232  
34, 8.11742, 6.72808, 180.631, 0.999657, -0.0162726, -0.0205171, 0.0156779, 0.999462, -0.0288208, 0.020975, 0.0284893, 0.999374, 0.00275023  
35, 8.17371, 6.67133, 180.538, 0.999583, -0.0171813, -0.023226, 0.0165363, 0.99948, -0.0276854, 0.0236896, 0.0272898, 0.999347, 0.00290001  
36, 8.13399, 6.72632, 180.61, 0.999646, -0.0165046, -0.020855, 0.0159062, 0.999466, -0.0285426, 0.0213149, 0.0282007, 0.999375, 0.00302594  
37, 8.12479, 6.71038, 180.604, 0.999654, -0.0161691, -0.0207574, 0.015589, 0.999492, -0.0278068, 0.0211964, 0.0274736, 0.999398, 0.00275383  
38, 8.12801, 6.72279, 180.61, 0.99964, -0.0165526, -0.0211024, 0.0159417, 0.999458, -0.0287976, 0.0215677, 0.0284508, 0.999362, 0.00287644  
39, 8.18773, 6.66995, 180.562, 0.999598, -0.0173134, -0.0224444, 0.0166773, 0.999462, -0.0282268, 0.022921, 0.0278412, 0.99935, 0.00273026  
40, 8.16793, 6.6748, 180.569, 0.999594, -0.0174842, -0.0224969, 0.0168458, 0.999459, -0.0282606, 0.0229788, 0.0278701, 0.999347, 0.00290528  
41, 8.13342, 6.73425, 180.599, 0.99964, -0.0161971, -0.0213964, 0.0155693, 0.999453, -0.0291897, 0.0218575, 0.0288461, 0.999345, 0.00287588  
42, 8.11346, 6.71094, 180.606, 0.999663, -0.0165657, -0.0199818, 0.0159966, 0.999471, -0.0283094, 0.0204402, 0.0279802, 0.999399, 0.00274773  
43, 8.18779, 6.69202, 180.563, 0.999582, -0.0177116, -0.0228648, 0.0170606, 0.999452, -0.0283558, 0.0233545, 0.0279539, 0.999336, 0.00293108  
44, 8.18917, 6.65281, 180.543, 0.999576, -0.0173808, -0.0233504, 0.0167408, 0.999486, -0.0273302, 0.0238134, 0.0269277, 0.999354, 0.00276271  
45, 8.18993, 6.67272, 180.541, 0.999577, -0.0171168, -0.0234964, 0.0164548, 0.99947, -0.0280859, 0.0239647, 0.0276874, 0.999329, 0.00297907  
46, 8.12031, 6.72155, 180.615, 0.999648, -0.0159991, -0.0211804, 0.0153964, 0.99948, -0.0283203, 0.0216225, 0.0279842, 0.999374, 0.00324785  
47, 8.1467, 6.73956, 180.61, 0.999646, -0.0162264, -0.0210649, 0.0156116, 0.999457, -0.0290307, 0.0215246, 0.0286916, 0.999357, 0.00273858  
48, 8.20732, 6.67465, 180.533, 0.999588, -0.0171947, -0.0229988, 0.0165631, 0.999488, -0.0273759, 0.0234578, 0.0269837, 0.999361, 0.00285813  
49, 8.15085, 6.73098, 180.597, 0.999641, -0.0163114, -0.0212659, 0.0157011, 0.999469, -0.0285566, 0.0217204, 0.0282125, 0.999366, 0.00272554  
50, 8.12774, 6.71027, 180.598, 0.999665, -0.0158168, -0.0204707, 0.0152587, 0.999515, -0.0271356, 0.02089, 0.0268142, 0.999422, 0.00308697  
51, 8.13555, 6.73273, 180.603, 0.999661, -0.0164613, -0.0201906, 0.0158873, 0.999474, -0.0282678, 0.0206453, 0.0279375, 0.999396, 0.00294717  
52, 8.18252, 6.67317, 180.57, 0.999613, -0.0170588, -0.0219867, 0.0164287, 0.999458, -0.0285268, 0.0224614, 0.0281546, 0.999351, 0.00268671  
53, 8.14224, 6.73276, 180.606, 0.999626, -0.0165012, -0.0218025, 0.0158623, 0.999449, -0.0291607, 0.0222716, 0.0288039, 0.999337, 0.00287838  
54, 8.1368, 6.71731, 180.6, 0.999663, -0.0160304, -0.0204336, 0.015449, 0.99948, -0.0282973, 0.0208766, 0.0279721, 0.999391, 0.00272804  
55, 8.13975, 6.73439, 180.592, 0.99963, -0.0161263, -0.0219041, 0.0154919, 0.999464, -0.0288311, 0.0223573, 0.0284811, 0.999344, 0.00301651  
56, 8.10776, 6.73317, 180.596, 0.999648, -0.0160347, -0.0211339, 0.0154106, 0.99945, -0.0293699, 0.0215932, 0.0290339, 0.999345, 0.00294162  
57, 8.15355, 6.6635, 180.565, 0.999614, -0.0172439, -0.0217947, 0.0166346, 0.999474, -0.0278344, 0.0222632, 0.0274611, 0.999375, 0.00273664  
58, 8.1684, 6.66932, 180.508, 0.999552, -0.0172746, -0.0244453, 0.0165974, 0.99948, -0.0276388, 0.0249101, 0.0272207, 0.999319, 0.0029136  
59, 8.1714, 6.68871, 180.556, 0.999576, -0.0177257, -0.0230991, 0.0170715, 0.999456, -0.0282202, 0.0235868, 0.0278139, 0.999335, 0.00282762  
60, 8.18089, 6.67499, 180.535, 0.999603, -0.0171341, -0.0223635, 0.0165321, 0.999503, -0.0268326, 0.0228122, 0.0264522, 0.99939, 0.00284509  
61, 8.17325, 6.67775, 180.539, 0.999586, -0.0174366, -0.0228891, 0.016801, 0.999476, -0.0276731, 0.0233596, 0.0272771, 0.999355, 0.00296769  
62, 8.10887, 6.74169, 180.625, 0.999647, -0.016021, -0.0212173, 0.0154213, 0.999485, -0.0281335, 0.0216571, 0.0277964, 0.999379, 0.00280154  
63, 8.10467, 6.73073, 180.607, 0.99966, -0.0160532, -0.0205638, 0.0154691, 0.999481, -0.0282586, 0.0210068, 0.0279309, 0.999389, 0.00273137  
64, 8.12523, 6.73683, 180.62, 0.999635, -0.0167295, -0.0211957, 0.0161074, 0.999444, -0.0291878, 0.0216722, 0.0288357, 0.999349, 0.00268477  
65, 8.12328, 6.73912, 180.588, 0.999657, -0.015725, -0.0209556, 0.0151173, 0.999469, -0.0288503, 0.0213982, 0.0285236, 0.999364, 0.00297407  
66, 8.17338, 6.66224, 180.569, 0.999614, -0.0170538, -0.0219181, 0.0164615, 0.999502, -0.0269285, 0.0223664, 0.0265573, 0.999397, 0.00298739  
67, 8.11183, 6.75327, 180.622, 0.999638, -0.0161158, -0.021548, 0.0155008, 0.999476, -0.0284109, 0.0219946, 0.0280666, 0.999364, 0.00275439  
68, 8.12847, 6.72976, 180.592, 0.999642, -0.0156164, -0.0217443, 0.0150084, 0.999499, -0.0278496, 0.0221683, 0.0275132, 0.999376, 0.00276049  
69, 8.13909, 6.75483, 180.606, 0.999638, -0.0162216, -0.021479, 0.015624, 0.999494, -0.027704, 0.0219176, 0.0273583, 0.999385, 0.00269142  
70, 8.12564, 6.74786, 180.623, 0.999638, -0.0165561, -0.0212189, 0.0159325, 0.999446, -0.0292292, 0.0216911, 0.0288805, 0.999347, 0.00275994  
71, 8.12108, 6.72921, 180.622, 0.999646, -0.016102, -0.0211718, 0.0154915, 0.999468, -0.0286891, 0.0216225, 0.028351, 0.999364, 0.0029186  
72, 8.12915, 6.73825, 180.607, 0.999639, -0.0158379, -0.0216991, 0.0152131, 0.999473, -0.028661, 0.0221416, 0.0283205, 0.999354, 0.00275383  
73, 8.11416, 6.7203, 180.613, 0.999657, -0.0159644, -0.0207481, 0.0153598, 0.999462, -0.0289792, 0.0211995, 0.0286506, 0.999365, 0.00275272  
74, 8.11972, 6.72951, 180.588, 0.999638, -0.0157861, -0.0217886, 0.0151836, 0.999505, -0.0275453, 0.0222126, 0.0272045, 0.999383, 0.00271528  
75, 8.10839, 6.72495, 180.616, 0.999645, -0.016377, -0.0209988, 0.0157531, 0.99944, -0.0295382, 0.0214708, 0.0291969, 0.999343, 0.00297574  
76, 8.15013, 6.67893, 180.561, 0.999605, -0.0171368, -0.0222527, 0.0165016, 0.99946, -0.0284254, 0.0227278, 0.028047, 0.999348, 0.00292969  
77, 8.12994, 6.74453, 180.618, 0.999673, -0.0157106, -0.0201877, 0.0151285, 0.999474, -0.0286734, 0.0206275, 0.0283586, 0.999385, 0.00274801  
78, 8.13152, 6.77797, 180.577, 0.999638, -0.0154469, -0.0220461, 0.0148559, 0.999532, -0.0267237, 0.0224486, 0.0263865, 0.9994, 0.00275272  
79, 8.11965, 6.77671, 180.619, 0.999658, -0.0158221, -0.0208065, 0.0152899, 0.999558, -0.0254911, 0.0212006, 0.0251643, 0.999458, 0.00269891  
80, 8.10999, 6.81992, 180.615, 0.999682, -0.0149478, -0.0203266, 0.0144469, 0.999594, -0.0245667, 0.0206856, 0.0242652, 0.999492, 0.00277131  
81, 8.1358, 6.81598, 180.59, 0.999635, -0.0159464, -0.0218072, 0.0154179, 0.999588, -0.0241918, 0.022184, 0.0238468, 0.999469, 0.00296464  
82, 8.10555, 6.88402, 180.621, 0.999643, -0.016413, -0.0211024, 0.0159208, 0.999602, -0.0232855, 0.0214762, 0.0229412, 0.999506, 0.00269364  
83, 8.12343, 6.92969, 180.631, 0.999647, -0.0157095, -0.0214378, 0.0152469, 0.999651, -0.0215744, 0.0217693, 0.02124, 0.999537, 0.00275605  
84, 8.11761, 6.969, 180.613, 0.999644, -0.0155289, -0.0216792, 0.0150982, 0.999688, -0.0198923, 0.0219814, 0.0195579, 0.999567, 0.00273192  
85, 8.09223, 7.02892, 180.654, 0.999648, -0.0157538, -0.0213584, 0.0153724, 0.999721, -0.0179088, 0.0216346, 0.0175742, 0.999611, 0.00279683  
86, 8.10909, 7.0672, 180.619, 0.99962, -0.0161781, -0.0223336, 0.0158156, 0.999742, -0.0163142, 0.0225918, 0.0159548, 0.999617, 0.00284398  
87, 8.10807, 7.05301, 180.594, 0.999585, -0.0175725, -0.0228263, 0.0172546, 0.999752, -0.014051, 0.0230676, 0.0136513, 0.999641, 0.00278518  
88, 8.12226, 7.09232, 180.561, 0.999547, -0.0166617, -0.0250452, 0.016368, 0.999795, -0.0118847, 0.0252381, 0.0114694, 0.999616, 0.00275217  
89, 8.11107, 7.14161, 180.599, 0.999565, -0.0170521, -0.0240599, 0.0168345, 0.999816, -0.00922069, 0.0242127, 0.00881164, 0.999668, 0.00274052  
90, 8.10286, 7.16189, 180.592, 0.999541, -0.0169885, -0.0251026, 0.0167938, 0.999827, -0.00794578, 0.0252332, 0.00752056, 0.999653, 0.0029308  
91, 8.0736, 7.28232, 180.701, 0.999631, -0.0153887, -0.0223857, 0.0152216, 0.999855, -0.0076185, 0.0224997, 0.00727494, 0.99972, 0.00297241  
92, 8.07783, 7.32728, 180.754, 0.999633, -0.0153911, -0.0222899, 0.0152687, 0.999867, -0.00565402, 0.0223739, 0.00531161, 0.999736, 0.00282789  
93, 8.09036, 7.36389, 180.764, 0.999611, -0.0157144, -0.0230561, 0.0156153, 0.999868, -0.00447333, 0.0231233, 0.00411156, 0.999724, 0.00289668  
94, 8.11359, 7.40655, 180.778, 0.999609, -0.0158218, -0.0230654, 0.0157662, 0.999872, -0.00258847, 0.0231034, 0.0022238, 0.999731, 0.00281236  
95, 8.12381, 7.44034, 180.768, 0.999612, -0.0155619, -0.0231047, 0.0155603, 0.999879, -0.000246308, 0.0231057, -0.000113305, 0.999733, 0.00309723  
96, 8.09874, 7.48864, 180.809, 0.999638, -0.0145861, -0.0226298, 0.014614, 0.999893, 0.00107089, 0.0226117, -0.00140121, 0.999743, 0.00311249  
97, 8.09827, 7.49459, 180.811, 0.99963, -0.0157733, -0.0221559, 0.0158732, 0.999865, 0.0043397, 0.0220844, -0.00468978, 0.999745, 0.00280765  
98, 8.17651, 7.46085, 180.8, 0.999642, -0.0151351, -0.0220785, 0.0152504, 0.999871, 0.00506293, 0.021999, -0.00539782, 0.999743, 0.00293663  
99, 8.20285, 7.42383, 180.783, 0.999645, -0.0144345, -0.0223745, 0.0145853, 0.999872, 0.00659458, 0.0222764, -0.00691859, 0.999728, 0.00278795  
100, 8.29098, 7.38662, 180.797, 0.999626, -0.0151973, -0.022749, 0.0153763, 0.999852, 0.00771532, 0.0226283, -0.00806223, 0.999711, 0.00299488  
101, 8.34449, 7.3651, 180.793, 0.999642, -0.015023, -0.0221529, 0.0152503, 0.999832, 0.0101263, 0.0219971, -0.0104605, 0.999703, 0.00303593  
102, 8.37522, 7.33859, 180.817, 0.999614, -0.0162072, -0.0225829, 0.0164381, 0.999814, 0.0100756, 0.0224154, -0.0104429, 0.999694, 0.00277575  
103, 8.43375, 7.34062, 180.799, 0.99963, -0.01514, -0.0225797, 0.0154326, 0.999798, 0.0128404, 0.0223807, -0.0131841, 0.999663, 0.00280487  
104, 8.51033, 7.3492, 180.805, 0.99964, -0.0152199, -0.0221051, 0.0155961, 0.999735, 0.0169445, 0.0218414, -0.0172831, 0.999612, 0.0028204  
105, 8.55182, 7.38161, 180.833, 0.999664, -0.0153342, -0.0209085, 0.0157696, 0.999659, 0.0208197, 0.0205821, -0.0211424, 0.999565, 0.00301124  
106, 8.62446, 7.32247, 180.828, 0.999665, -0.014776, -0.0212505, 0.015234, 0.999652, 0.0215565, 0.0209245, -0.0218731, 0.999542, 0.00305978  
107, 8.66616, 7.26391, 180.819, 0.999642, -0.0153387, -0.0219441, 0.015863, 0.999588, 0.0239225, 0.0215682, -0.024262, 0.999473, 0.00271112  
108, 8.72242, 7.21069, 180.821, 0.999669, -0.0151017, -0.0208395, 0.0156648, 0.999509, 0.027129, 0.0204196, -0.0274464, 0.999415, 0.0029222  
109, 8.7575, 7.16328, 180.825, 0.999686, -0.0144638, -0.0204389, 0.0150472, 0.999475, 0.0286849, 0.0200133, -0.0289835, 0.99938, 0.00279821  
110, 8.80746, 7.07649, 180.829, 0.999669, -0.0158025, -0.0202792, 0.016414, 0.999405, 0.0303508, 0.0197875, -0.0306736, 0.999334, 0.00296353  
111, 8.82684, 7.02191, 180.834, 0.999684, -0.0154637, -0.0198198, 0.0161157, 0.99932, 0.033169, 0.0192934, -0.0334779, 0.999253, 0.00312525  
112, 8.8286, 6.97982, 180.841, 0.999719, -0.0145248, -0.0187431, 0.0152125, 0.999196, 0.0370874, 0.0181893, -0.0373621, 0.999136, 0.00273996  
113, 8.84711, 6.91252, 180.836, 0.999708, -0.0148452, -0.0190444, 0.0155951, 0.999084, 0.0398519, 0.0184353, -0.0401372, 0.999024, 0.00287422  
114, 8.8598, 6.84428, 180.833, 0.999705, -0.0149364, -0.0191666, 0.0157276, 0.999001, 0.0418208, 0.0185228, -0.0421099, 0.998941, 0.00271528  
115, 8.90213, 6.78081, 180.774, 0.99971, -0.015769, -0.0181882, 0.016601, 0.998778, 0.0465396, 0.0174321, -0.046828, 0.998751, 0.00298156  
116, 8.87762, 6.71023, 180.76, 0.999705, -0.0152288, -0.0188955, 0.0161454, 0.998651, 0.0493471, 0.0181185, -0.0496376, 0.998603, 0.00303205  
117, 8.84891, 6.60509, 180.77, 0.999685, -0.016087, -0.0192732, 0.0170323, 0.998608, 0.0499273, 0.0184431, -0.0502398, 0.998567, 0.00278296  
118, 8.79305, 6.48307, 180.775, 0.999721, -0.0169454, -0.0164297, 0.0178185, 0.998353, 0.0545389, 0.0154784, -0.0548165, 0.998376, 0.00288365  
119, 8.74008, 6.33007, 180.78, 0.999706, -0.0161622, -0.0180826, 0.0171461, 0.998303, 0.0556484, 0.0171525, -0.0559421, 0.998287, 0.00273026  
120, 8.6622, 6.21686, 180.74, 0.999711, -0.0167954, -0.0172092, 0.0177905, 0.998076, 0.0594025, 0.0161784, -0.0596915, 0.998086, 0.00296686  
121, 8.56386, 6.105, 180.7, 0.999684, -0.0173932, -0.0181638, 0.0185051, 0.997845, 0.0629587, 0.0170296, -0.0632749, 0.997851, 0.00308308  
122, 8.51959, 6.01281, 180.679, 0.99965, -0.0180955, -0.0193234, 0.0193342, 0.997634, 0.0659689, 0.018084, -0.0663194, 0.997635, 0.00274496  
123, 8.40535, 5.83251, 180.676, 0.999643, -0.0193201, -0.0184591, 0.0205494, 0.997412, 0.0689054, 0.0170801, -0.0692601, 0.997452, 0.00287505  
124, 8.31198, 5.64158, 180.675, 0.999581, -0.0206143, -0.0203128, 0.021946, 0.997466, 0.0676795, 0.0188662, -0.068097, 0.9975, 0.00272665  
125, 8.2578, 5.40301, 180.656, 0.999557, -0.0205716, -0.0215065, 0.0220386, 0.997278, 0.0703653, 0.0200004, -0.0708081, 0.997289, 0.00295854  
126, 8.18349, 5.13138, 180.655, 0.999549, -0.0205234, -0.0219387, 0.022061, 0.997138, 0.0723125, 0.0203918, -0.0727639, 0.997141, 0.00290861  
127, 8.06695, 4.86568, 180.662, 0.999528, -0.0218761, -0.0215908, 0.0234106, 0.997014, 0.0735868, 0.0199166, -0.0740574, 0.997055, 0.00275439  
128, 8.01735, 4.57233, 180.628, 0.999518, -0.0213398, -0.0225671, 0.0229816, 0.996904, 0.0751886, 0.0208927, -0.075671, 0.996914, 0.00287699  
129, 7.97916, 4.16795, 180.589, 0.999495, -0.0213991, -0.0234747, 0.0231758, 0.996666, 0.0782248, 0.0217225, -0.0787294, 0.996659, 0.00271805  
130, 7.96867, 3.87809, 180.591, 0.999478, -0.023405, -0.0222534, 0.0251019, 0.996534, 0.0793067, 0.0203201, -0.0798239, 0.996602, 0.00306755  
131, 8.00118, 3.55714, 180.555, 0.999463, -0.0232528, -0.023083, 0.0250557, 0.996386, 0.0811653, 0.0211123, -0.0817001, 0.996433, 0.00316463  
132, 8.00535, 3.08888, 180.549, 0.999455, -0.0234995, -0.0231838, 0.0253403, 0.996261, 0.0825943, 0.0211562, -0.0831368, 0.996314, 0.00275189  
133, 8.05895, 2.59103, 180.552, 0.999479, -0.0239995, -0.0215808, 0.0257331, 0.996132, 0.0840114, 0.0194811, -0.084523, 0.996231, 0.00285397  
134, 8.14233, 2.08588, 180.585, 0.999475, -0.024523, -0.0211742, 0.0262419, 0.996024, 0.0851315, 0.0190023, -0.0856425, 0.996145, 0.00280848  
135, 8.29903, 1.59278, 180.529, 0.999489, -0.0237352, -0.0213904, 0.025489, 0.995983, 0.0858394, 0.019267, -0.0863408, 0.996079, 0.0026218  
136, 8.44561, 1.04864, 180.566, 0.999496, -0.0246334, -0.0200072, 0.026291, 0.995834, 0.0873173, 0.0177729, -0.0877993, 0.99598, 0.00268199  
137, 8.67809, 0.466524, 180.543, 0.999489, -0.0252242, -0.019626, 0.0268565, 0.995766, 0.0879151, 0.0173253, -0.0883973, 0.995935, 0.00272138  
138, 8.90254, -0.162112, 180.535, 0.999497, -0.0256342, -0.0186846, 0.0271706, 0.995817, 0.0872357, 0.0163702, -0.0876994, 0.996012, 0.0028609  
139, 9.13053, -0.863546, 180.585, 0.999478, -0.0264169, -0.0186133, 0.0279279, 0.995883, 0.0862387, 0.0162585, -0.0867135, 0.996101, 0.00272443  
140, 9.31836, -1.55129, 180.591, 0.999456, -0.0280188, -0.0173848, 0.0294066, 0.995903, 0.08551, 0.0149177, -0.0859748, 0.996186, 0.00318322  
141, 9.51795, -2.19892, 180.605, 0.999484, -0.028332, -0.0151212, 0.0295364, 0.995816, 0.0864764, 0.0126079, -0.0868784, 0.996139, 0.00296187  
142, 9.61932, -2.93982, 180.649, 0.999498, -0.0281126, -0.0146353, 0.0293125, 0.995553, 0.0895244, 0.0120534, -0.0899084, 0.995877, 0.00269669  
143, 9.79576, -3.68145, 180.624, 0.999497, -0.028179, -0.0145605, 0.0293581, 0.995655, 0.0883746, 0.0120069, -0.0887576, 0.995981, 0.00286201  
144, 9.95275, -4.54555, 180.652, 0.99948, -0.0279538, -0.0160524, 0.029209, 0.996023, 0.0841735, 0.0136356, -0.0845987, 0.996322, 0.00272249  
145, 10.0972, -5.3481, 180.621, 0.999462, -0.0285978, -0.016066, 0.0298563, 0.995976, 0.0844952, 0.013585, -0.0849294, 0.996294, 0.00308974  
146, 10.1131, -6.20002, 180.63, 0.9995, -0.0274499, -0.0157027, 0.0286908, 0.995952, 0.0851812, 0.0133009, -0.0855891, 0.996242, 0.00299072  
147, 10.149, -7.1397, 180.636, 0.999479, -0.0278804, -0.0162853, 0.0291403, 0.996117, 0.0830792, 0.0139058, -0.0835105, 0.99641, 0.00271223  
148, 10.1219, -8.08239, 180.658, 0.999451, -0.0289071, -0.0162023, 0.0301654, 0.996033, 0.0837188, 0.013718, -0.0841616, 0.996358, 0.00275023  
149, 10.0573, -9.00914, 180.653, 0.999449, -0.029382, -0.015459, 0.0305358, 0.996277, 0.0806248, 0.0130325, -0.0810524, 0.996625, 0.00267228  
150, 9.94706, -9.95942, 180.667, 0.999434, -0.0303394, -0.014546, 0.0314037, 0.996333, 0.0795926, 0.0120779, -0.0800044, 0.996721, 0.00323426  
151, 9.87014, -11.0512, 180.661, 0.999419, -0.0312212, -0.0136758, 0.0321739, 0.996581, 0.0761005, 0.0112531, -0.0764963, 0.997006, 0.00286395  
152, 9.80186, -12.1795, 180.629, 0.999462, -0.0295886, -0.014146, 0.0305514, 0.996824, 0.0735409, 0.0119251, -0.0739335, 0.997192, 0.00280043  
153, 9.66083, -13.3188, 180.606, 0.99945, -0.0300448, -0.0140146, 0.0309831, 0.996895, 0.0723885, 0.0117962, -0.0727829, 0.997278, 0.00286839  
154, 9.59621, -14.4755, 180.587, 0.999503, -0.0276268, -0.0151979, 0.0286156, 0.99719, 0.0692336, 0.0132425, -0.0696341, 0.997485, 0.0027444  
155, 9.45384, -15.6417, 180.582, 0.999443, -0.0288494, -0.0167967, 0.0298924, 0.9974, 0.0655725, 0.0148613, -0.0660381, 0.997706, 0.00282207  
156, 9.33515, -16.693, 180.649, 0.999333, -0.0302633, -0.0204171, 0.0315251, 0.997413, 0.0646043, 0.0184092, -0.0652049, 0.997702, 0.00293496  
157, 9.22729, -17.7318, 180.685, 0.999242, -0.0317191, -0.0225649, 0.0331316, 0.997319, 0.0652506, 0.0204347, -0.0659488, 0.997614, 0.00272027  
158, 9.1579, -18.8771, 180.713, 0.999168, -0.032709, -0.0243745, 0.0341303, 0.997592, 0.0603761, 0.0223409, -0.0611578, 0.997878, 0.00286479  
159, 9.08181, -20.0994, 180.699, 0.999201, -0.0319113, -0.0240727, 0.0332646, 0.997757, 0.0580858, 0.0221651, -0.0588401, 0.998021, 0.00273053  
160, 8.98058, -21.2392, 180.705, 0.999198, -0.0310244, -0.0252952, 0.0324091, 0.997887, 0.0563062, 0.0234949, -0.0570809, 0.998093, 0.00280043  
161, 8.9063, -22.4636, 180.71, 0.999171, -0.031273, -0.0260474, 0.0327054, 0.997866, 0.0565154, 0.0242244, -0.0573205, 0.998062, 0.00290168  
162, 8.81362, -23.7152, 180.784, 0.999131, -0.0319301, -0.0267725, 0.0333899, 0.997873, 0.0559799, 0.0249282, -0.0568252, 0.998073, 0.00278324  
163, 8.76914, -25.0062, 180.765, 0.999072, -0.0312882, -0.0295866, 0.0328423, 0.998023, 0.0535907, 0.0278514, -0.0545127, 0.998125, 0.00287644  
164, 8.73184, -26.316, 180.809, 0.999013, -0.0324568, -0.0303185, 0.0339691, 0.998132, 0.0507742, 0.0286139, -0.0517539, 0.99825, 0.00273691  
165, 8.77756, -27.7398, 180.806, 0.999112, -0.0311002, -0.0284423, 0.0325104, 0.998193, 0.0505408, 0.0268191, -0.0514206, 0.998317, 0.00287893  
166, 8.86651, -29.0938, 180.76, 0.999124, -0.0306718, -0.0284655, 0.0320535, 0.998263, 0.0494249, 0.0269001, -0.050294, 0.998372, 0.00293163  
167, 9.03076, -30.5966, 180.717, 0.99913, -0.0305676, -0.0283871, 0.0318492, 0.998441, 0.0458486, 0.0269413, -0.0467128, 0.998545, 0.00271999  
168, 9.17222, -32.0804, 180.729, 0.999145, -0.0299739, -0.0284744, 0.0310296, 0.998819, 0.0373865, 0.0273202, -0.0382381, 0.998895, 0.00286867  
169, 9.34507, -33.5288, 180.739, 0.999224, -0.0283067, -0.0273859, 0.029217, 0.999014, 0.0334341, 0.0264125, -0.0342083, 0.999066, 0.00272332  
170, 9.58108, -34.8872, 180.77, 0.99918, -0.028406, -0.0288356, 0.0292367, 0.999157, 0.028809, 0.0279929, -0.0296284, 0.999169, 0.00288753  
171, 9.85133, -36.2604, 180.783, 0.999217, -0.0277864, -0.0281495, 0.0285043, 0.99927, 0.0254307, 0.0274223, -0.0262132, 0.99928, 0.00293885  
172, 10.1695, -37.6326, 180.721, 0.999324, -0.0268212, -0.0251429, 0.0275507, 0.999196, 0.0291337, 0.0243413, -0.0298067, 0.999259, 0.00276937  
173, 10.5627, -39.1237, 180.696, 0.999331, -0.0270501, -0.0246279, 0.0276475, 0.999324, 0.0242492, 0.0239553, -0.0249139, 0.999403, 0.00284898  
174, 11.0105, -40.5018, 180.614, 0.999443, -0.0248557, -0.0222848, 0.0253783, 0.999402, 0.0234827, 0.0216878, -0.0240352, 0.999476, 0.00274135  
175, 11.4154, -41.8404, 180.588, 0.999494, -0.0252881, -0.0193119, 0.025667, 0.999478, 0.0196314, 0.0188054, -0.0201172, 0.999621, 0.00299072  
176, 11.8518, -43.153, 180.572, 0.999527, -0.0254126, -0.0173183, 0.0256936, 0.999539, 0.0162026, 0.0168985, -0.0166399, 0.999719, 0.00297213  
177, 12.2579, -44.5886, 180.55, 0.999568, -0.0249388, -0.0155216, 0.0251477, 0.999594, 0.0134084, 0.0151809, -0.013793, 0.99979, 0.00274135  
178, 12.5858, -45.7398, 180.674, 0.999571, -0.0249968, -0.0152734, 0.0251986, 0.999596, 0.013167, 0.0149381, -0.0135462, 0.999797, 0.00287644  
179, 13.0066, -47.2986, 180.6, 0.99953, -0.0273725, -0.0138236, 0.0275244, 0.999561, 0.010924, 0.0135185, -0.0112994, 0.999845, 0.00277048  
180, 13.3153, -48.4831, 180.706, 0.999613, -0.0254883, -0.0111536, 0.025565, 0.99965, 0.0067948, 0.0109765, -0.00707731, 0.999915, 0.00296187  
181, 13.6104, -49.8843, 180.641, 0.999586, -0.0274857, -0.00848665, 0.0275325, 0.999606, 0.0054523, 0.00833344, -0.00568371, 0.999949, 0.00301513  
182, 13.8813, -51.106, 180.692, 0.999577, -0.028481, -0.00595945, 0.0284998, 0.999589, 0.00310333, 0.00586861, -0.00327186, 0.999977, 0.00286146  
183, 14.129, -52.3902, 180.667, 0.999525, -0.0306073, -0.00346781, 0.0306094, 0.999531, 0.000552519, 0.00344927, -0.000658404, 0.999994, 0.00285397  
184, 14.3817, -53.6135, 180.66, 0.999527, -0.0306013, -0.00319068, 0.030596, 0.99953, -0.00170779, 0.00324144, 0.00160936, 0.999993, 0.00279516  
185, 14.6219, -54.9984, 180.677, 0.999457, -0.0328754, -0.00233627, 0.0328614, 0.999443, -0.00581204, 0.00252604, 0.00573211, 0.99998, 0.00293774  
186, 14.8971, -56.3856, 180.667, 0.999434, -0.0334328, -0.00362355, 0.0333905, 0.99938, -0.0111537, 0.00399421, 0.0110264, 0.999931, 0.00314938  
187, 15.0818, -57.6172, 180.674, 0.999361, -0.0355223, -0.00388646, 0.0354736, 0.999299, -0.0119604, 0.0043086, 0.0118149, 0.999921, 0.00284121  
188, 15.3752, -59.014, 180.669, 0.999353, -0.0358575, -0.0026134, 0.0358181, 0.999263, -0.0138317, 0.00310744, 0.0137291, 0.999901, 0.00293829  
189, 15.5939, -60.2873, 180.656, 0.999343, -0.0361555, -0.00260444, 0.0361167, 0.999254, -0.0136573, 0.00309628, 0.0135543, 0.999903, 0.00278296  
190, 15.7754, -61.6191, 180.619, 0.999316, -0.0369638, -0.000786555, 0.0369483, 0.99921, -0.0146434, 0.00132721, 0.0146044, 0.999892, 0.00295993  
191, 15.9777, -62.9594, 180.584, 0.999331, -0.0365798, -0.000390348, 0.0365687, 0.9992, -0.0161826, 0.000981993, 0.0161575, 0.999869, 0.00303704  
192, 16.0888, -64.1514, 180.596, 0.999287, -0.0376323, 0.00299885, 0.0376692, 0.9992, -0.0134001, -0.00249218, 0.0135035, 0.999906, 0.0028204  
193, 16.3063, -65.53, 180.512, 0.999206, -0.0396117, 0.00421602, 0.0396762, 0.999076, -0.0165004, -0.00355851, 0.0166546, 0.999855, 0.00291527  
194, 16.4361, -66.7767, 180.45, 0.999156, -0.0409036, 0.00376327, 0.0409707, 0.998961, -0.0199397, -0.00294375, 0.020077, 0.999794, 0.00279267  
195, 16.6217, -67.91, 180.466, 0.99899, -0.0446133, 0.005341, 0.0447123, 0.998797, -0.0201221, -0.00443686, 0.0203405, 0.999783, 0.00313884  
196, 16.8091, -69.2363, 180.462, 0.998853, -0.0477827, 0.00307369, 0.0478526, 0.99842, -0.02945, -0.00166163, 0.0295633, 0.999562, 0.00303316  
197, 16.8676, -70.3956, 180.505, 0.998818, -0.0485038, 0.00313953, 0.0485791, 0.998314, -0.0317607, -0.00159373, 0.0318756, 0.999491, 0.00286201  
198, 16.9361, -71.5157, 180.441, 0.998706, -0.05074, 0.00340009, 0.0508185, 0.998272, -0.0295189, -0.00189643, 0.0296535, 0.999558, 0.00276021  
199, 17.0022, -72.6801, 180.393, 0.998751, -0.0498264, 0.00379948, 0.0499149, 0.998344, -0.0285801, -0.00236914, 0.0287341, 0.999584, 0.00276715  
200, 17.0683, -73.859, 180.327, 0.998685, -0.0512456, 0.00170148, 0.0512733, 0.998282, -0.0283699, -0.000244723, 0.0284198, 0.999596, 0.00289502  
201, 17.1099, -75.0155, 180.369, 0.998594, -0.0530001, 0.0012696, 0.0530144, 0.998144, -0.0299766, 0.000321524, 0.0300017, 0.99955, 0.0031086  
202, 17.0782, -76.1311, 180.37, 0.99854, -0.0539803, 0.00196972, 0.0540145, 0.998138, -0.0283203, -0.000437312, 0.0283854, 0.999597, 0.00271167  
203, 17.0907, -77.1762, 180.403, 0.998365, -0.0571515, 0.00128259, 0.0571646, 0.997935, -0.0292916, 0.000394118, 0.029317, 0.99957, 0.00294939  
204, 17.0879, -78.2078, 180.386, 0.998177, -0.0603126, 0.00205581, 0.0603471, 0.997732, -0.029833, -0.000251843, 0.0299027, 0.999553, 0.00273386  
205, 17.0952, -79.0859, 180.458, 0.997965, -0.0637512, 0.000924172, 0.0637509, 0.997536, -0.0292769, 0.000944542, 0.0292762, 0.999571, 0.00304065  
206, 17.0354, -80.0768, 180.489, 0.997778, -0.0666156, 0.00124415, 0.0666234, 0.997346, -0.0293716, 0.00071576, 0.0293892, 0.999568, 0.00299599  
207, 16.965, -80.9316, 180.495, 0.997459, -0.071234, -0.00117556, 0.0711647, 0.996994, -0.0306201, 0.00335322, 0.0304587, 0.99953, 0.00277408  
208, 16.8893, -81.907, 180.572, 0.997237, -0.0742169, -0.00313069, 0.074084, 0.996765, -0.0311581, 0.00543302, 0.03084, 0.99951, 0.00293053  
209, 16.7883, -82.8738, 180.552, 0.997093, -0.0760159, -0.00519171, 0.0758053, 0.996579, -0.0329242, 0.00767671, 0.0324349, 0.999444, 0.00270751  
210, 16.817, -83.8016, 180.629, 0.996865, -0.0788659, -0.00634483, 0.0786226, 0.996383, -0.0322329, 0.00886396, 0.0316331, 0.99946, 0.0030032  
211, 16.7312, -84.8183, 180.619, 0.996758, -0.0799458, -0.00908347, 0.0795785, 0.9962, -0.0353939, 0.0118785, 0.0345563, 0.999332, 0.00295161  
212, 16.5962, -85.8225, 180.591, 0.99644, -0.0837428, -0.00975604, 0.0833435, 0.995873, -0.0359168, 0.0127236, 0.0349759, 0.999307, 0.00270807  
213, 16.4477, -86.6859, 180.594, 0.996419, -0.0839485, -0.0100749, 0.0835841, 0.995976, -0.0323386, 0.0127491, 0.0313807, 0.999426, 0.00285979  
214, 16.2327, -87.4835, 180.611, 0.996204, -0.086275, -0.0115872, 0.0859262, 0.995913, -0.0278214, 0.0139402, 0.0267201, 0.999546, 0.00284703  
215, 16.0931, -88.3805, 180.63, 0.99603, -0.0878986, -0.0140784, 0.0874479, 0.995719, -0.0299472, 0.0166504, 0.0285972, 0.999452, 0.00272998  
216, 15.903, -89.2715, 180.588, 0.995839, -0.0897091, -0.0160248, 0.0891989, 0.995558, -0.0301345, 0.0186569, 0.0285797, 0.999417, 0.00376932  
217, 15.6367, -90.07, 180.587, 0.995668, -0.0913166, -0.0174944, 0.0908307, 0.995506, -0.0268061, 0.0198636, 0.0251009, 0.999488, 0.0027408  
218, 15.3753, -90.8809, 180.549, 0.995575, -0.0918965, -0.0196472, 0.0913811, 0.995484, -0.0256937, 0.0219196, 0.0237846, 0.999477, 0.0029419  
219, 15.0418, -91.6853, 180.568, 0.995365, -0.0938534, -0.020955, 0.0933518, 0.99535, -0.0237552, 0.023087, 0.021689, 0.999498, 0.00272249  
220, 14.8317, -92.4355, 180.596, 0.995174, -0.0955027, -0.0225512, 0.095037, 0.995254, -0.0208919, 0.0244394, 0.0186478, 0.999527, 0.00288614  
221, 14.5978, -93.3179, 180.635, 0.994899, -0.0978766, -0.0244281, 0.0973326, 0.994997, -0.022545, 0.0265125, 0.0200523, 0.999447, 0.00290833  
222, 14.3774, -94.0262, 180.672, 0.994662, -0.099826, -0.0261373, 0.0993829, 0.994891, -0.01774, 0.0277747, 0.0150476, 0.999501, 0.0029505  
223, 14.1766, -94.7129, 180.692, 0.994206, -0.103513, -0.0289842, 0.103027, 0.994519, -0.0177863, 0.0306665, 0.0146971, 0.999422, 0.00448885  
224, 14.0638, -95.3234, 180.696, 0.99397, -0.105479, -0.0299667, 0.105145, 0.994378, -0.0125102, 0.0311177, 0.00928388, 0.999473, 0.00288115  
225, 14.0153, -96.0211, 180.712, 0.993503, -0.108896, -0.0330812, 0.108516, 0.994009, -0.0130885, 0.0343083, 0.00941361, 0.999367, 0.00283067  
226, 13.8899, -96.6514, 180.721, 0.993268, -0.110494, -0.0347908, 0.110214, 0.993859, -0.00987522, 0.0356683, 0.00597432, 0.999346, 0.00344618  
227, 13.949, -97.4665, 180.742, 0.992976, -0.112901, -0.0353752, 0.112538, 0.993574, -0.0121098, 0.0365151, 0.00804367, 0.999301, 0.00286756  
228, 14.0294, -98.0116, 180.698, 0.992748, -0.11507, -0.0347901, 0.114825, 0.993345, -0.0089876, 0.0355928, 0.00492766, 0.999354, 0.00261819  
229, 14.0952, -98.6187, 180.672, 0.992454, -0.117761, -0.0341768, 0.117568, 0.993036, -0.0076023, 0.034834, 0.00352682, 0.999387, 0.00265647  
230, 14.3068, -99.2709, 180.653, 0.992425, -0.117981, -0.0342421, 0.117865, 0.993015, -0.00538878, 0.0346387, 0.00131202, 0.999399, 0.00306395  
231, 14.3955, -99.8844, 180.64, 0.992159, -0.120754, -0.0322172, 0.12076, 0.99268, -0.00177682, 0.032196, -0.00212766, 0.999479, 0.00297518  
232, 14.5656, -100.471, 180.598, 0.991951, -0.122721, -0.0311786, 0.122824, 0.992428, 0.00140082, 0.0307706, -0.00521901, 0.999513, 0.00274967  
233, 14.8407, -101.037, 180.569, 0.991724, -0.124579, -0.0310525, 0.124782, 0.992173, 0.00469198, 0.0302249, -0.00852794, 0.999507, 0.00288004  
234, 15.1201, -101.553, 180.606, 0.991431, -0.127365, -0.0290286, 0.127631, 0.991793, 0.0075216, 0.0278323, -0.0111621, 0.99955, 0.00297657  
235, 15.4659, -102.161, 180.563, 0.991204, -0.128912, -0.0299302, 0.129246, 0.991567, 0.00950889, 0.028452, -0.0132936, 0.999507, 0.00265509  
236, 15.8901, -102.524, 180.549, 0.990866, -0.13148, -0.0299715, 0.131994, 0.991124, 0.0158586, 0.0276204, -0.0196698, 0.999425, 0.00286395  
237, 16.2979, -103.017, 180.482, 0.990753, -0.132818, -0.0277255, 0.133458, 0.990795, 0.0226585, 0.0244608, -0.0261491, 0.999359, 0.00278074  
238, 16.7986, -103.515, 180.468, 0.990488, -0.134752, -0.0278492, 0.135446, 0.990476, 0.0247409, 0.02425, -0.0282776, 0.999306, 0.00276105  
239, 17.3021, -104.012, 180.444, 0.990322, -0.136557, -0.0247735, 0.13728, 0.990069, 0.0303058, 0.020389, -0.0334134, 0.999234, 0.00270779  
240, 17.8666, -104.489, 180.403, 0.990164, -0.137887, -0.0237128, 0.13866, 0.989729, 0.0347795, 0.0186736, -0.0377255, 0.999114, 0.00292193  
241, 18.4918, -105.099, 180.406, 0.989697, -0.141701, -0.020503, 0.142365, 0.989171, 0.0356724, 0.0152261, -0.0382237, 0.999153, 0.0028523  
242, 19.1342, -105.494, 180.379, 0.989339, -0.144367, -0.0191509, 0.145052, 0.988564, 0.0412374, 0.0129786, -0.0435756, 0.998966, 0.00279073  
243, 19.7547, -106.139, 180.444, 0.988918, -0.14737, -0.018007, 0.147983, 0.988199, 0.0395446, 0.0119668, -0.0417711, 0.999056, 0.00279766  
244, 20.4638, -106.642, 180.431, 0.988766, -0.14866, -0.0155453, 0.149223, 0.987763, 0.045346, 0.00861389, -0.0471563, 0.99885, 0.00268837  
245, 21.0002, -107.22, 180.48, 0.988218, -0.152481, -0.0132219, 0.152951, 0.987017, 0.0490169, 0.00557612, -0.0504616, 0.99871, 0.00317074  
246, 21.6066, -107.844, 180.479, 0.987776, -0.155448, -0.0116091, 0.155839, 0.986491, 0.0504887, 0.00360396, -0.0516806, 0.998657, 0.00294356  
247, 22.1727, -108.377, 180.48, 0.987293, -0.158692, -0.00830507, 0.158908, 0.985678, 0.0564581, -0.000773346, -0.0570605, 0.99837, 0.00278712  
248, 22.5979, -108.896, 180.49, 0.986942, -0.160883, -0.00792166, 0.161063, 0.985003, 0.0618679, -0.00215061, -0.0623359, 0.998053, 0.00287838  
249, 22.9136, -109.514, 180.498, 0.98618, -0.165559, -0.00621041, 0.165605, 0.983983, 0.0659647, -0.00481011, -0.0660816, 0.997803, 0.00272471  
250, 23.4277, -110.227, 180.458, 0.986155, -0.165681, -0.00686833, 0.165774, 0.98401, 0.0651375, -0.00403353, -0.0653743, 0.997853, 0.00286839  
251, 23.6388, -110.884, 180.533, 0.985467, -0.169826, -0.00364443, 0.169645, 0.982878, 0.0719082, -0.00862983, -0.0714814, 0.997405, 0.00291194  
252, 23.9015, -111.577, 180.514, 0.98543, -0.170021, -0.0045623, 0.169887, 0.982657, 0.0743202, -0.00815283, -0.0740124, 0.997224, 0.00275772  
253, 24.1044, -112.286, 180.447, 0.984918, -0.172929, -0.00574028, 0.172842, 0.981814, 0.078524, -0.00794319, -0.0783318, 0.996896, 0.00276853  
254, 24.3112, -113.115, 180.393, 0.984552, -0.17496, -0.00675226, 0.174909, 0.981048, 0.08338, -0.00796384, -0.083273, 0.996495, 0.00276299  
255, 24.4434, -113.936, 180.391, 0.984119, -0.177306, -0.00855529, 0.177393, 0.980553, 0.0839466, -0.00649532, -0.0841311, 0.996434, 0.00301596  
256, 24.4249, -114.821, 180.414, 0.983663, -0.17988, -0.00710787, 0.179809, 0.979823, 0.087271, -0.00873387, -0.0871233, 0.996159, 0.00293996  
257, 24.4797, -115.6, 180.444, 0.983444, -0.180908, -0.0105477, 0.18113, 0.979544, 0.0876684, -0.00552798, -0.0881274, 0.996094, 0.00280376  
258, 24.4778, -116.599, 180.541, 0.982807, -0.184418, -0.00895805, 0.184504, 0.979121, 0.0853309, -0.00696551, -0.0855166, 0.996312, 0.0027874  
259, 24.5405, -117.516, 180.532, 0.982626, -0.18523, -0.0116713, 0.185541, 0.978838, 0.0863202, -0.00456474, -0.086986, 0.996199, 0.00271223  
260, 24.5042, -118.546, 180.457, 0.982022, -0.188145, -0.0153169, 0.188762, 0.978126, 0.0873972, -0.00146145, -0.0887172, 0.996056, 0.00282068  
261, 24.5978, -119.604, 180.489, 0.981851, -0.18908, -0.0147452, 0.189628, 0.977444, 0.0929779, -0.00316767, -0.0940866, 0.995559, 0.00292858  
262, 24.6014, -120.655, 180.446, 0.981333, -0.191572, -0.0169192, 0.192312, 0.976832, 0.0938902, -0.00145949, -0.0953913, 0.995439, 0.00274829  
263, 24.6684, -121.655, 180.467, 0.981013, -0.193002, -0.0190624, 0.19394, 0.976052, 0.0985413, -0.000412752, -0.100367, 0.99495, 0.00277519  
264, 24.6681, -122.899, 180.48, 0.980329, -0.196377, -0.0197873, 0.197371, 0.975468, 0.0974997, 0.000155218, -0.0994872, 0.995039, 0.002753  
265, 24.641, -124.065, 180.481, 0.979603, -0.199597, -0.0232152, 0.200917, 0.974783, 0.0971064, 0.00324761, -0.09979, 0.995003, 0.00294218  
266, 24.623, -125.247, 180.495, 0.978889, -0.203182, -0.0222336, 0.204392, 0.973611, 0.101513, 0.00102129, -0.103914, 0.994586, 0.00290251  
267, 24.6678, -126.517, 180.512, 0.978581, -0.204436, -0.0241901, 0.205845, 0.973257, 0.101978, 0.00269528, -0.104773, 0.994493, 0.0027616  
268, 24.6956, -127.824, 180.535, 0.977774, -0.208125, -0.0253555, 0.209632, 0.972533, 0.101159, 0.00360532, -0.104226, 0.994547, 0.00281957  
269, 24.6889, -128.889, 180.545, 0.977314, -0.209929, -0.0280476, 0.211741, 0.971437, 0.10713, 0.00475678, -0.110639, 0.993849, 0.00272665  
270, 24.8167, -130.179, 180.616, 0.976197, -0.21495, -0.028908, 0.216792, 0.97098, 0.100992, 0.00636084, -0.104855, 0.994467, 0.00315604  
271, 24.7959, -131.451, 180.584, 0.975578, -0.217538, -0.0304128, 0.219519, 0.970432, 0.100362, 0.00768107, -0.104587, 0.994486, 0.00308725  
272, 24.9925, -132.932, 180.567, 0.974384, -0.222711, -0.0312275, 0.224681, 0.970028, 0.0925467, 0.00968039, -0.0971922, 0.995219, 0.00281819  
273, 24.9875, -134.169, 180.557, 0.973864, -0.224491, -0.0345392, 0.226757, 0.96969, 0.0910058, 0.0130624, -0.0964593, 0.995251, 0.00280099  
274, 25.0574, -135.615, 180.55, 0.972905, -0.228442, -0.0356269, 0.230742, 0.969097, 0.0872263, 0.0145998, -0.0930836, 0.995551, 0.00276354  
275, 25.2028, -136.991, 180.648, 0.97223, -0.230976, -0.0376692, 0.233404, 0.968737, 0.084085, 0.0170699, -0.0905421, 0.995746, 0.00297712  
276, 25.4394, -138.575, 180.604, 0.971717, -0.233244, -0.0369309, 0.235549, 0.968466, 0.081178, 0.0168321, -0.087581, 0.996015, 0.00299876  
277, 25.7021, -139.985, 180.629, 0.971559, -0.233531, -0.0392074, 0.236026, 0.968392, 0.0806802, 0.0191268, -0.0876394, 0.995969, 0.00272055  
278, 26.0271, -141.634, 180.607, 0.970677, -0.237395, -0.0378032, 0.239692, 0.967776, 0.0771863, 0.0182613, -0.0839841, 0.9963, 0.00285646  
279, 26.3931, -143.041, 180.692, 0.970068, -0.239341, -0.041043, 0.241805, 0.967604, 0.0726194, 0.0223326, -0.0803702, 0.996515, 0.00280321  
