0, 0, 0, 0, 0, 0, 0, 0, 0, 0, 0, 0, 0, 0.00626769  
1, 21.954, 72.8881, 180.646, 0.99992, -0.0125754, 0.000930525, 0.0126091, 0.997946, -0.062804, -0.000138826, 0.0628107, 0.998025, 0.00264954  
2, 21.9944, 72.8624, 180.655, 0.999917, -0.0128212, 0.000992164, 0.0128584, 0.99787, -0.0639471, -0.000170171, 0.0639546, 0.997953, 0.00283899  
3, 21.9638, 72.8292, 180.634, 0.999927, -0.0120988, 0.000712473, 0.0121197, 0.99793, -0.0631553, 5.31077e-005, 0.0631593, 0.998003, 0.00292442  
4, 21.9781, 72.8216, 180.637, 0.99992, -0.0126422, 0.000948642, 0.0126769, 0.99792, -0.0632096, -0.000147559, 0.0632165, 0.998, 0.00292525  
5, 21.9887, 72.7907, 180.656, 0.999921, -0.0125266, 0.000602951, 0.0125395, 0.997886, -0.0637662, 0.000197095, 0.0637687, 0.997965, 0.00286035  
6, 21.9671, 72.7721, 180.651, 0.999926, -0.0121226, 0.000821225, 0.0121503, 0.997875, -0.0640102, -4.35104e-005, 0.0640155, 0.997949, 0.00298572  
7, 21.9746, 72.7446, 180.644, 0.999927, -0.0119907, 0.00124241, 0.0120455, 0.997895, -0.0637216, -0.000475723, 0.0637319, 0.997967, 0.00278795  
8, 22.013, 72.7385, 180.641, 0.999923, -0.0123932, 0.000802948, 0.0124192, 0.997847, -0.0643906, -3.21617e-006, 0.0643956, 0.997924, 0.00296936  
9, 21.9994, 72.7328, 180.656, 0.999923, -0.0123565, 0.000976826, 0.0123937, 0.997871, -0.0640308, -0.00018355, 0.0640379, 0.997947, 0.00291638  
10, 21.9984, 72.7126, 180.651, 0.999921, -0.0125473, 0.000752977, 0.0125697, 0.997803, -0.0650485, 6.48636e-005, 0.0650529, 0.997882, 0.00282845  
11, 22.0059, 72.702, 180.638, 0.999919, -0.0127076, 0.00104636, 0.0127485, 0.997868, -0.0640024, -0.000230812, 0.0640105, 0.997949, 0.00288337  
12, 21.9923, 72.6993, 180.659, 0.999915, -0.0129063, 0.00168118, 0.0129871, 0.997887, -0.0636593, -0.000856029, 0.0636758, 0.99797, 0.00320985  
13, 22.0391, 72.7029, 180.648, 0.999923, -0.0123965, 0.000292704, 0.0123893, 0.997812, -0.0649432, 0.000513004, 0.0649418, 0.997889, 0.00285175  
14, 22.0244, 72.6719, 180.637, 0.999925, -0.0121867, 0.001437, 0.0122539, 0.997857, -0.064269, -0.000650691, 0.0642818, 0.997932, 0.00302678  
15, 22.0135, 72.6849, 180.671, 0.99992, -0.0126288, 0.000675874, 0.0126461, 0.997834, -0.0645524, 0.000140812, 0.0645558, 0.997914, 0.00286562  
16, 22.0481, 72.6953, 180.632, 0.999924, -0.0122755, 0.000635855, 0.0122907, 0.997756, -0.0658218, 0.000173566, 0.0658247, 0.997831, 0.00298156  
17, 22.0293, 72.7149, 180.647, 0.999929, -0.0118694, 0.000429682, 0.0118724, 0.997841, -0.0645883, 0.000337872, 0.0645888, 0.997912, 0.00284204  
18, 22.0352, 72.7187, 180.653, 0.999923, -0.0124381, 0.000195613, 0.0124241, 0.997762, -0.0656996, 0.000622001, 0.0656969, 0.997839, 0.00277713  
19, 22.0297, 72.7095, 180.651, 0.999924, -0.0122198, 0.00177482, 0.0123093, 0.99781, -0.0649957, -0.000976695, 0.0650126, 0.997884, 0.00301097  
20, 22.0176, 72.7613, 180.661, 0.999926, -0.012121, 0.000658003, 0.0121383, 0.997893, -0.0637355, 0.000115924, 0.0637388, 0.997967, 0.0028204  
21, 22.0255, 72.7619, 180.644, 0.999927, -0.0120579, 0.00113498, 0.0121058, 0.997877, -0.0639883, -0.000361005, 0.0639973, 0.99795, 0.00290223  
22, 22.0271, 72.7735, 180.614, 0.999931, -0.0117518, 0.00057823, 0.0117647, 0.997889, -0.0638625, 0.000173487, 0.0638649, 0.997959, 0.00280515  
23, 22.0179, 72.7902, 180.632, 0.99992, -0.0126183, 0.00109078, 0.0126622, 0.997863, -0.0640959, -0.000279673, 0.0641046, 0.997943, 0.00303454  
24, 22.0021, 72.8429, 180.631, 0.999923, -0.0123875, 0.000364897, 0.0123857, 0.99791, -0.0634199, 0.000421481, 0.0634195, 0.997987, 0.00292747  
25, 21.991, 72.8304, 180.647, 0.999919, -0.0126682, 0.00147603, 0.0127357, 0.997963, -0.0625052, -0.000681201, 0.0625189, 0.998044, 0.00273358  
26, 21.9946, 72.876, 180.653, 0.999919, -0.0127071, 0.000776683, 0.0127308, 0.997858, -0.0641623, 4.02983e-005, 0.064167, 0.997939, 0.00270668  
27, 21.9782, 72.8895, 180.654, 0.999921, -0.0125828, 0.000684942, 0.0126009, 0.997904, -0.0634787, 0.000115236, 0.0634823, 0.997983, 0.00293413  
28, 21.9654, 72.9167, 180.652, 0.999914, -0.0131184, 0.000809639, 0.0131433, 0.997924, -0.0630536, 1.92027e-005, 0.0630588, 0.99801, 0.00292914  
29, 21.9796, 72.9206, 180.642, 0.999922, -0.012434, 0.000721103, 0.0124547, 0.997922, -0.0632121, 6.63749e-005, 0.0632162, 0.998, 0.00280986  
30, 21.982, 72.9694, 180.656, 0.999923, -0.0123981, 0.000417332, 0.0123997, 0.997934, -0.0630394, 0.000365097, 0.0630397, 0.998011, 0.002796  
31, 21.9632, 72.973, 180.67, 0.999922, -0.01248, 0.000817283, 0.0125067, 0.997925, -0.0631615, -2.73296e-005, 0.0631668, 0.998003, 0.00300459  
32, 21.9723, 72.9658, 180.63, 0.999928, -0.0120122, 0.000824941, 0.0120403, 0.997941, -0.0629997, -6.64753e-005, 0.0630051, 0.998013, 0.00283483  
33, 21.9774, 72.988, 180.637, 0.999933, -0.0115347, 0.000632008, 0.0115515, 0.997923, -0.0633781, 0.00010035, 0.0633812, 0.997989, 0.00299821  
34, 21.9858, 73.0156, 180.646, 0.999916, -0.0129021, 0.00142568, 0.012966, 0.997959, -0.0625242, -0.000616081, 0.0625374, 0.998042, 0.00291  
35, 21.9791, 73.0436, 180.645, 0.999923, -0.0123765, 0.00103097, 0.0124169, 0.997929, -0.0631198, -0.000247628, 0.0631277, 0.998005, 0.00289474  
36, 22.0116, 73.0704, 180.624, 0.999924, -0.0123511, 0.000170349, 0.0123371, 0.997916, -0.0633284, 0.000612182, 0.0633257, 0.997993, 0.00433573  
37, 21.9816, 73.0746, 180.653, 0.999921, -0.0125375, 0.000374736, 0.0125366, 0.997987, -0.0621596, 0.000405346, 0.0621594, 0.998066, 0.00273747  
38, 21.9924, 73.0695, 180.646, 0.999919, -0.0126767, 0.00113194, 0.0127226, 0.997979, -0.0622505, -0.000340522, 0.0622599, 0.99806, 0.00305535  
39, 22.0145, 73.0903, 180.637, 0.999923, -0.0123684, 0.0012171, 0.0124202, 0.997974, -0.0623924, -0.000442942, 0.0624027, 0.998051, 0.00293163  
40, 22.019, 73.0703, 180.629, 0.999928, -0.011929, 0.000949341, 0.011965, 0.997983, -0.062351, -0.000203642, 0.0623579, 0.998054, 0.00287422  
41, 22.0217, 73.0865, 180.628, 0.999926, -0.0120731, 0.00137182, 0.0121346, 0.998028, -0.0615886, -0.000625551, 0.0616007, 0.998101, 0.00290223  
42, 22.0129, 73.0856, 180.638, 0.999918, -0.0127505, 0.000698206, 0.0127691, 0.997899, -0.0635163, 0.000113124, 0.06352, 0.997981, 0.00280043  
43, 22.0216, 73.0754, 180.619, 0.999927, -0.0120132, 0.00150072, 0.0120828, 0.998027, -0.0616148, -0.000757574, 0.0616284, 0.998099, 0.00283871  
44, 22.0299, 73.0867, 180.62, 0.999922, -0.0124417, 0.000747916, 0.0124642, 0.997987, -0.0621899, 2.73398e-005, 0.0621944, 0.998064, 0.00289252  
45, 22.0181, 73.0887, 180.632, 0.99992, -0.0124687, 0.00193957, 0.0125641, 0.998041, -0.0612841, -0.00117164, 0.0613036, 0.998118, 0.00293219  
46, 22.0055, 73.0902, 180.651, 0.999919, -0.0126235, 0.00137658, 0.0126844, 0.998009, -0.0617773, -0.000593996, 0.0617898, 0.998089, 0.00293774  
47, 21.9931, 73.1016, 180.656, 0.999922, -0.0124296, 0.000866492, 0.0124595, 0.997936, -0.0629928, -8.17284e-005, 0.0629987, 0.998014, 0.00284176  
48, 22.0131, 73.074, 180.642, 0.999921, -0.0125331, 0.000976244, 0.0125696, 0.99798, -0.0622654, -0.000193891, 0.0622727, 0.998059, 0.00299821  
49, 22.0132, 73.0665, 180.653, 0.999912, -0.0132174, 0.00108595, 0.0132597, 0.997911, -0.0632358, -0.000247862, 0.0632447, 0.997998, 0.00294745  
50, 22.0091, 73.0504, 180.642, 0.999921, -0.0125234, 0.000717345, 0.0125437, 0.997941, -0.0628962, 7.1805e-005, 0.0629002, 0.99802, 0.00285369  
51, 21.997, 73.0337, 180.664, 0.99992, -0.0126246, 0.001077, 0.0126672, 0.997966, -0.0624793, -0.000286036, 0.0624879, 0.998046, 0.00296326  
52, 22.0062, 73.0126, 180.648, 0.999922, -0.0124289, 0.000885826, 0.01246, 0.997922, -0.0632228, -9.81967e-005, 0.063229, 0.997999, 0.0028892  
53, 21.9949, 72.9863, 180.644, 0.999921, -0.0125733, 0.000503805, 0.0125799, 0.997912, -0.0633524, 0.000293795, 0.0633537, 0.997991, 0.00298933  
54, 21.9764, 72.9733, 180.658, 0.999926, -0.0121641, 0.000472267, 0.0121693, 0.997854, -0.0643383, 0.000311367, 0.0643393, 0.997928, 0.00298295  
55, 21.9785, 72.9641, 180.639, 0.999928, -0.0119827, 0.000715502, 0.012004, 0.99791, -0.0635005, 4.69043e-005, 0.0635045, 0.997982, 0.00289225  
56, 21.9771, 72.9434, 180.637, 0.99992, -0.0126238, 0.000655771, 0.01264, 0.997922, -0.0631781, 0.000143139, 0.0631814, 0.998002, 0.00294467  
57, 21.9718, 72.9047, 180.629, 0.999924, -0.0122815, 0.00117961, 0.0123314, 0.997948, -0.062826, -0.000405588, 0.0628358, 0.998024, 0.00288004  
58, 21.9802, 72.8868, 180.653, 0.999916, -0.0129708, 0.000259607, 0.0129608, 0.997872, -0.0638988, 0.00056976, 0.0638968, 0.997956, 0.00301568  
59, 21.9756, 72.8703, 180.641, 0.999918, -0.0128267, 0.000662061, 0.0128428, 0.99788, -0.0638065, 0.000157772, 0.0638097, 0.997962, 0.00289835  
60, 21.9776, 72.8487, 180.662, 0.99992, -0.0126549, 0.000879243, 0.0126852, 0.997884, -0.0637689, -7.03938e-005, 0.0637749, 0.997964, 0.00638419  
61, 21.9936, 72.8319, 180.626, 0.999928, -0.0119661, 0.00125963, 0.0120217, 0.99795, -0.062854, -0.000504933, 0.0628646, 0.998022, 0.00286756  
62, 22.0002, 72.8263, 180.632, 0.999925, -0.0122872, -1.23979e-005, 0.0122614, 0.997885, -0.063843, 0.000796826, 0.0638381, 0.99796, 0.00283122  
63, 22.0029, 72.7992, 180.642, 0.999924, -0.0123134, 0.000437888, 0.0123163, 0.997893, -0.0636958, 0.000347347, 0.0636963, 0.997969, 0.00291693  
64, 21.9905, 72.8117, 180.658, 0.999918, -0.0127553, 0.00062979, 0.0127694, 0.997835, -0.0645111, 0.000194432, 0.0645138, 0.997917, 0.00284731  
65, 22.0009, 72.7812, 180.647, 0.999921, -0.0125341, 0.00066481, 0.0125508, 0.997819, -0.0648119, 0.000148995, 0.0648151, 0.997897, 0.00284343  
66, 22.0044, 72.7515, 180.635, 0.999916, -0.012902, 0.000817018, 0.0129278, 0.997847, -0.0643005, 1.43468e-005, 0.0643057, 0.99793, 0.00285092  
67, 22.0191, 72.7519, 180.654, 0.99992, -0.0125568, 0.00143673, 0.0126229, 0.997886, -0.0637588, -0.00063308, 0.0637719, 0.997964, 0.00288892  
68, 22.0186, 72.746, 180.651, 0.999918, -0.0127611, 0.0006973, 0.0127796, 0.997886, -0.0637143, 0.000117239, 0.063718, 0.997968, 0.00434655  
69, 22.0093, 72.733, 180.657, 0.999926, -0.0121238, 0.000869616, 0.0121547, 0.997819, -0.0648788, -8.11422e-005, 0.0648846, 0.997893, 0.00284565  
70, 22.001, 72.7256, 180.661, 0.999924, -0.0122632, 0.000982641, 0.0123011, 0.99784, -0.0645271, -0.000189206, 0.0645344, 0.997915, 0.00280293  
71, 22.0229, 72.7509, 180.657, 0.999921, -0.0125395, 0.00108689, 0.0125833, 0.997887, -0.0637492, -0.000285205, 0.0637578, 0.997965, 0.00282984  
72, 22.0069, 72.7375, 180.65, 0.999925, -0.0121993, 0.000739281, 0.0122216, 0.997892, -0.0637308, 3.97497e-005, 0.063735, 0.997967, 0.00287727  
73, 22.031, 72.7511, 180.632, 0.999921, -0.0125735, 0.000902778, 0.0126055, 0.997876, -0.0639052, -9.7346e-005, 0.0639115, 0.997956, 0.00290029  
74, 22.028, 72.7383, 180.623, 0.999925, -0.0122243, 0.000774126, 0.0122487, 0.997776, -0.065524, 2.85782e-005, 0.0655286, 0.997851, 0.002872  
75, 22.009, 72.7294, 180.65, 0.999921, -0.0125374, 0.00112524, 0.0125839, 0.997838, -0.064508, -0.000314048, 0.064517, 0.997917, 0.00278268  
76, 22.0155, 72.7544, 180.643, 0.999918, -0.0127742, 0.00130721, 0.0128319, 0.997841, -0.0644025, -0.0004817, 0.064414, 0.997923, 0.00284509  
77, 21.9947, 72.7642, 180.637, 0.999917, -0.0128416, 0.0010804, 0.0128845, 0.997857, -0.0641525, -0.000254264, 0.0641611, 0.99794, 0.00290778  
78, 21.9856, 72.7865, 180.652, 0.999921, -0.0125721, 0.000158077, 0.0125564, 0.99787, -0.0640142, 0.000647052, 0.0640111, 0.997949, 0.00278962  
79, 21.984, 72.7777, 180.631, 0.999922, -0.0124326, 0.00139918, 0.0124966, 0.997881, -0.0638611, -0.000602257, 0.0638736, 0.997958, 0.00278629  
80, 21.9796, 72.7925, 180.667, 0.99992, -0.0126048, 0.00106612, 0.0126473, 0.997826, -0.0646734, -0.000248611, 0.0646817, 0.997906, 0.00278102  
81, 21.9824, 72.8252, 180.668, 0.999918, -0.0127712, 0.00089296, 0.0128021, 0.997922, -0.0631503, -8.46003e-005, 0.0631566, 0.998004, 0.00285064  
82, 21.9884, 72.8455, 180.635, 0.999924, -0.012295, 0.000286028, 0.0122881, 0.997872, -0.064035, 0.00050189, 0.0640336, 0.997948, 0.00295604  
83, 21.9891, 72.8721, 180.638, 0.999923, -0.0123843, 0.000753633, 0.0124072, 0.997908, -0.0634561, 3.38031e-005, 0.0634605, 0.997984, 0.00293441  
84, 21.9928, 72.9073, 180.647, 0.999925, -0.0122661, 0.000296139, 0.0122602, 0.99791, -0.0634485, 0.000482748, 0.0634474, 0.997985, 0.0028659  
85, 21.9715, 72.8981, 180.645, 0.999924, -0.0122994, 0.000819693, 0.0123266, 0.997877, -0.0639472, -3.14432e-005, 0.0639524, 0.997953, 0.00276715  
86, 21.9708, 72.9116, 180.645, 0.999915, -0.0130472, 0.000759726, 0.0130691, 0.997881, -0.0637336, 7.34293e-005, 0.0637381, 0.997967, 0.00284176  
87, 21.9822, 72.9421, 180.642, 0.999922, -0.0124921, 0.000231604, 0.0124813, 0.997872, -0.0639996, 0.000568376, 0.0639975, 0.99795, 0.00292997  
88, 21.9813, 72.9423, 180.63, 0.999924, -0.012348, 0.000508922, 0.0123555, 0.997932, -0.0630866, 0.000271127, 0.0630881, 0.998008, 0.00300902  
89, 21.9852, 72.9742, 180.659, 0.999919, -0.0126761, 0.00128986, 0.0127323, 0.997908, -0.0633775, -0.00048378, 0.0633888, 0.997989, 0.00288587  
90, 21.9878, 72.9897, 180.642, 0.999925, -0.0122246, 0.000577362, 0.0122367, 0.997929, -0.0631527, 0.000195853, 0.063155, 0.998004, 0.00276715  
91, 21.9927, 72.9841, 180.646, 0.999928, -0.0120042, 5.72415e-005, 0.0119837, 0.99791, -0.0635017, 0.000705168, 0.0634978, 0.997982, 0.00293358  
92, 21.9847, 73.0221, 180.666, 0.999923, -0.0123864, 0.000701773, 0.012406, 0.997926, -0.0631726, 8.2161e-005, 0.0631764, 0.998002, 0.00282373  
93, 21.9815, 73.0214, 180.654, 0.999927, -0.0119457, 0.00188934, 0.0120391, 0.998042, -0.0613708, -0.00115253, 0.0613891, 0.998113, 0.00285813  
94, 21.9832, 73.0447, 180.66, 0.999922, -0.0124783, 0.00105167, 0.0125196, 0.997978, -0.0623078, -0.000272047, 0.0623161, 0.998056, 0.00287616  
95, 21.9892, 73.0528, 180.649, 0.999915, -0.0129747, 0.00143153, 0.0130391, 0.997927, -0.0630172, -0.000610931, 0.0630305, 0.998011, 0.00287865  
96, 22.0014, 73.0409, 180.648, 0.999926, -0.0120837, 0.00156078, 0.0121577, 0.997964, -0.0626051, -0.000801099, 0.0626194, 0.998037, 0.0029333  
97, 22.0118, 73.0544, 180.643, 0.999921, -0.0125501, 0.00106618, 0.0125923, 0.997952, -0.0627193, -0.000276862, 0.0627277, 0.998031, 0.00298461  
98, 22.0021, 73.0668, 180.649, 0.999923, -0.0123361, 0.0013311, 0.0123953, 0.997959, -0.0626449, -0.000555592, 0.0626565, 0.998035, 0.00306838  
99, 22.0092, 73.0775, 180.647, 0.999916, -0.0129665, 0.000882016, 0.0129963, 0.997927, -0.0630252, -6.29741e-005, 0.0630313, 0.998012, 0.0030645  
100, 21.9903, 73.0593, 180.645, 0.999927, -0.0120625, 0.00113398, 0.0121098, 0.997965, -0.0625959, -0.00037661, 0.062605, 0.998038, 0.00284398  
101, 22.0047, 73.0576, 180.649, 0.99992, -0.0126621, 0.000651193, 0.0126778, 0.997899, -0.0635323, 0.000154624, 0.0635354, 0.99798, 0.00304175  
102, 22.011, 73.0661, 180.647, 0.999927, -0.01212, 0.000146936, 0.0121052, 0.997947, -0.0628932, 0.000615628, 0.0628903, 0.99802, 0.00294828  
103, 22.0051, 73.044, 180.647, 0.999921, -0.0125197, 0.00121646, 0.0125713, 0.997955, -0.0626762, -0.000429283, 0.0626865, 0.998033, 0.00291194  
104, 21.9871, 73.0478, 180.647, 0.999926, -0.0120516, 0.00148711, 0.0121205, 0.998013, -0.0618328, -0.000738974, 0.0618462, 0.998085, 0.0030118  
105, 21.9765, 73.0308, 180.661, 0.999915, -0.0128629, 0.0019358, 0.0129579, 0.998008, -0.0617467, -0.0011377, 0.0617666, 0.99809, 0.00281708  
106, 21.9847, 73.0233, 180.624, 0.99992, -0.0125681, 0.00171266, 0.0126499, 0.998009, -0.061787, -0.000932709, 0.0618037, 0.998088, 0.00289779  
107, 21.9668, 73.003, 180.641, 0.999919, -0.0127132, 0.000868014, 0.0127426, 0.997959, -0.0625659, -7.08314e-005, 0.0625719, 0.99804, 0.00282429  
108, 21.9965, 73.0107, 180.64, 0.999922, -0.0124363, 0.000778623, 0.0124607, 0.997953, -0.0627299, 3.10075e-006, 0.0627348, 0.99803, 0.00286506  
109, 21.9808, 72.9996, 180.653, 0.999919, -0.0127269, -8.27208e-005, 0.0126954, 0.997855, -0.0642131, 0.000899779, 0.0642068, 0.997936, 0.00299765  
110, 21.9844, 72.9986, 180.644, 0.999927, -0.0121005, -4.42599e-005, 0.0120737, 0.997943, -0.0629629, 0.000806052, 0.0629577, 0.998016, 0.00282179  
111, 21.9739, 72.9548, 180.63, 0.999923, -0.0123759, 0.000399323, 0.0123762, 0.997902, -0.0635414, 0.000387895, 0.0635415, 0.997979, 0.0027824  
112, 21.9782, 72.9603, 180.654, 0.999924, -0.0122863, 0.000279602, 0.0122791, 0.997882, -0.0638759, 0.000505792, 0.0638745, 0.997958, 0.00274191  
113, 21.9648, 72.9586, 180.651, 0.99992, -0.0126149, 2.78595e-005, 0.0125912, 0.997905, -0.0634626, 0.000772772, 0.0634579, 0.997984, 0.00323842  
114, 21.9741, 72.9187, 180.654, 0.999921, -0.012541, 0.000752619, 0.0125634, 0.997883, -0.0638082, 4.91907e-005, 0.0638126, 0.997962, 0.00298683  
115, 21.9781, 72.927, 180.659, 0.999929, -0.0119135, -0.000176789, 0.0118771, 0.99783, -0.0647559, 0.000947877, 0.0647492, 0.997901, 0.00271417  
116, 21.9789, 72.8905, 180.659, 0.999919, -0.0127128, 0.000553894, 0.0127224, 0.997919, -0.0632171, 0.000250925, 0.063219, 0.998, 0.00289308  
117, 22.0078, 72.8995, 180.638, 0.999922, -0.0124518, 0.00138377, 0.0125141, 0.99795, -0.0627577, -0.000599489, 0.06277, 0.998028, 0.00279239  
118, 21.9852, 72.8781, 180.647, 0.999921, -0.0125645, 0.000595077, 0.0125768, 0.997879, -0.0638685, 0.00020866, 0.0638709, 0.997958, 0.00307282  
119, 21.9823, 72.8586, 180.666, 0.999919, -0.0127238, 0.000493153, 0.0127293, 0.997865, -0.0640637, 0.000323037, 0.0640648, 0.997946, 0.00301235  
120, 21.9865, 72.8376, 180.638, 0.999918, -0.0128074, 0.000638279, 0.0128221, 0.997902, -0.0634604, 0.000175824, 0.0634634, 0.997984, 0.00294301  
121, 21.9929, 72.8209, 180.655, 0.999922, -0.0124785, 0.000823856, 0.0125057, 0.99789, -0.0637046, -2.71776e-005, 0.0637099, 0.997968, 0.0029014  
122, 22.0224, 72.8061, 180.63, 0.999924, -0.012314, 0.000416264, 0.0123154, 0.997873, -0.06401, 0.000372839, 0.0640103, 0.997949, 0.00295688  
123, 22.0025, 72.7985, 180.619, 0.999918, -0.0128354, -0.000203319, 0.012796, 0.997865, -0.0640475, 0.00102496, 0.0640397, 0.997947, 0.00297796  
124, 22.0128, 72.7787, 180.652, 0.999921, -0.0125243, 0.00115295, 0.0125724, 0.997886, -0.0637654, -0.000351895, 0.0637749, 0.997964, 0.00289391  
125, 22.0122, 72.773, 180.651, 0.999923, -0.0123706, 0.000754789, 0.0123935, 0.997873, -0.0639961, 3.84858e-005, 0.0640006, 0.99795, 0.00288864  
126, 22.0286, 72.7745, 180.627, 0.999919, -0.0127023, 0.00111606, 0.0127476, 0.997882, -0.0637814, -0.000303525, 0.0637904, 0.997963, 0.00288337  
127, 21.9996, 72.7611, 180.641, 0.999925, -0.0122185, 0.00088721, 0.0122503, 0.997863, -0.0641839, -0.00010108, 0.06419, 0.997938, 0.00285813  
128, 22.0137, 72.7709, 180.64, 0.999925, -0.0122311, 0.000855757, 0.0122608, 0.997865, -0.0641509, -6.9296e-005, 0.0641566, 0.99794, 0.00287394  
129, 22.0073, 72.7691, 180.656, 0.99992, -0.0125665, 0.00174353, 0.0126514, 0.99793, -0.063057, -0.000947522, 0.063074, 0.998008, 0.00285147  
130, 21.9923, 72.7666, 180.659, 0.999917, -0.0127892, 0.00158692, 0.0128645, 0.997871, -0.0639412, -0.000765784, 0.0639563, 0.997952, 0.00283733  
131, 22.0262, 72.7744, 180.675, 0.999917, -0.0128516, 0.000549359, 0.0128602, 0.997823, -0.0646845, 0.000283136, 0.0646862, 0.997906, 0.00294218  
132, 22.0058, 72.7445, 180.659, 0.999928, -0.0119644, 0.00115203, 0.0120137, 0.99786, -0.0642749, -0.000380554, 0.0642841, 0.997932, 0.00284232  
133, 22.0181, 72.7739, 180.639, 0.999918, -0.0128376, 8.20165e-006, 0.0128109, 0.997799, -0.0650674, 0.000827123, 0.0650621, 0.997881, 0.00302983  
134, 21.9895, 72.7488, 180.659, 0.999922, -0.0124358, 0.00121017, 0.0124877, 0.997883, -0.0638222, -0.000413933, 0.0638323, 0.997961, 0.00288809  
135, 21.9926, 72.7592, 180.655, 0.999921, -0.0125644, 0.000698525, 0.0125834, 0.997877, -0.0638918, 0.000105719, 0.0638955, 0.997957, 0.0029186  
136, 21.9623, 72.7559, 180.661, 0.999921, -0.0125644, 0.00104049, 0.0126052, 0.997882, -0.0638206, -0.00023642, 0.0638286, 0.997961, 0.00295244  
137, 21.985, 72.7732, 180.64, 0.999918, -0.0127904, -0.000487946, 0.0127317, 0.997803, -0.0650087, 0.00131836, 0.0649972, 0.997885, 0.00282318  
138, 21.9935, 72.7821, 180.649, 0.999926, -0.0121497, 0.000374832, 0.0121489, 0.997895, -0.0637001, 0.000399893, 0.0636999, 0.997969, 0.00298517  
139, 21.9847, 72.8493, 180.632, 0.999919, -0.012658, 0.00101172, 0.0126962, 0.998038, -0.0613073, -0.000233708, 0.0613152, 0.998118, 0.00287006  
140, 22.0163, 72.9737, 180.641, 0.999923, -0.0124151, 0.000798651, 0.0124405, 0.998217, -0.0583734, -7.25166e-005, 0.0583788, 0.998295, 0.00289807  
141, 22.0348, 73.0951, 180.663, 0.999932, -0.0115618, 0.00130576, 0.0116159, 0.998437, -0.0546756, -0.000671578, 0.054687, 0.998503, 0.00296437  
142, 22.0194, 73.2512, 180.666, 0.999928, -0.0118612, 0.00181284, 0.0119373, 0.998664, -0.050271, -0.00121415, 0.050289, 0.998734, 0.00295493  
143, 22.0224, 73.3277, 180.666, 0.999931, -0.0116265, 0.00145659, 0.0116831, 0.998774, -0.0480967, -0.000895606, 0.0481104, 0.998842, 0.00350165  
144, 22.0383, 73.4963, 180.659, 0.999937, -0.0110893, 0.00147521, 0.011142, 0.999032, -0.0425662, -0.00100175, 0.04258, 0.999093, 0.00294439  
145, 22.0345, 73.6481, 180.666, 0.999931, -0.0116223, 0.00164218, 0.0116778, 0.999162, -0.0392393, -0.00118475, 0.0392558, 0.999228, 0.0029075  
146, 22.0552, 73.7377, 180.656, 0.999931, -0.0116295, 0.00152714, 0.0116777, 0.99926, -0.0366563, -0.00109971, 0.0366716, 0.999327, 0.00281208  
147, 21.9931, 73.7721, 180.678, 0.999923, -0.0122611, 0.00195879, 0.01232, 0.999362, -0.0335332, -0.00154638, 0.0335548, 0.999436, 0.00284592  
148, 22.1114, 73.8325, 180.661, 0.999938, -0.0110275, 0.00159195, 0.0110715, 0.999459, -0.0309552, -0.00124973, 0.0309709, 0.99952, 0.00293774  
149, 22.0306, 73.9317, 180.696, 0.999938, -0.0111571, -0.000133575, 0.011149, 0.999551, -0.0278078, 0.000443769, 0.0278046, 0.999613, 0.00292082  
150, 22.0285, 73.9471, 180.684, 0.999945, -0.0104445, 0.000280139, 0.0104482, 0.999651, -0.0242439, -2.68263e-005, 0.0242455, 0.999706, 0.00291888  
151, 22.0574, 74.0272, 180.707, 0.999943, -0.010623, 0.000927715, 0.0106384, 0.99977, -0.0186224, -0.000729677, 0.0186312, 0.999826, 0.0029921  
152, 21.9786, 74.0963, 180.711, 0.999942, -0.0107102, 0.00123516, 0.0107259, 0.999852, -0.0134542, -0.00109088, 0.0134667, 0.999909, 0.00291777  
153, 21.9938, 74.1458, 180.689, 0.999948, -0.0101582, 0.000451284, 0.0101627, 0.999883, -0.01143, -0.000335123, 0.011434, 0.999935, 0.00302622  
154, 21.9452, 74.2204, 180.692, 0.999951, -0.00993581, 0.000272718, 0.00993722, 0.999934, -0.00581133, -0.00021496, 0.00581375, 0.999983, 0.00298184  
155, 21.9602, 74.2163, 180.713, 0.999954, -0.00956098, 0.000829282, 0.00956208, 0.999953, -0.00133124, -0.000816515, 0.00133911, 0.999999, 0.00285591  
156, 21.9213, 74.2437, 180.69, 0.99995, -0.00990998, 0.00133645, 0.00990468, 0.999943, 0.00391076, -0.00137513, -0.00389733, 0.999991, 0.00293885  
157, 21.9377, 74.3255, 180.685, 0.999955, -0.00947059, 0.000495074, 0.00946564, 0.999913, 0.00918051, -0.000581976, -0.00917541, 0.999958, 0.00284481  
158, 21.9243, 74.3838, 180.727, 0.999954, -0.00959158, -0.00039031, 0.00959637, 0.999841, 0.0150438, 0.000245954, -0.0150468, 0.999887, 0.00295188  
159, 21.9081, 74.4248, 180.725, 0.999957, -0.00927442, -4.02258e-005, 0.00927337, 0.999757, 0.0199827, -0.000145112, -0.0199822, 0.9998, 0.00291111  
160, 21.9158, 74.4927, 180.741, 0.999949, -0.0100048, -0.00134568, 0.0100343, 0.999661, 0.0240214, 0.00110489, -0.0240337, 0.999711, 0.00279544  
161, 21.9326, 74.509, 180.762, 0.999948, -0.0101834, -0.000264126, 0.0101867, 0.999506, 0.029718, -3.86346e-005, -0.0297191, 0.999558, 0.0028254  
162, 21.9482, 74.4942, 180.757, 0.999949, -0.0100559, 0.000472188, 0.0100319, 0.99928, 0.0365784, -0.000839678, -0.0365719, 0.999331, 0.00281125  
163, 21.9674, 74.5423, 180.761, 0.999948, -0.0102198, -0.000441553, 0.0102293, 0.999053, 0.0422844, 8.99896e-006, -0.0422867, 0.999106, 0.00292387  
164, 21.9829, 74.5493, 180.733, 0.999947, -0.0103254, 0.000339538, 0.0102969, 0.998778, 0.0483444, -0.000838299, -0.0483384, 0.998831, 0.00295993  
165, 21.9906, 74.4841, 180.755, 0.999948, -0.010178, 0.000414571, 0.0101419, 0.998555, 0.0527782, -0.000951149, -0.0527713, 0.998606, 0.00288947  
166, 22.0231, 74.3777, 180.738, 0.999948, -0.0101838, 6.34775e-005, 0.0101638, 0.998337, 0.0567415, -0.000641217, -0.0567379, 0.998389, 0.00293912  
167, 22.0353, 74.2337, 180.755, 0.999947, -0.0102712, 0.000596621, 0.0102159, 0.9981, 0.0607663, -0.00121963, -0.060757, 0.998152, 0.00293385  
168, 22.0802, 74.1474, 180.766, 0.999954, -0.00953811, 0.00102025, 0.0094473, 0.997667, 0.0676127, -0.00166277, -0.0676, 0.997711, 0.00280487  
169, 22.1026, 73.9981, 180.813, 0.999949, -0.0100639, 0.000634392, 0.00999216, 0.997358, 0.0719508, -0.00135682, -0.0719408, 0.997408, 0.00294523  
170, 22.1637, 73.7343, 180.809, 0.999956, -0.00930854, 0.000646781, 0.00923429, 0.997167, 0.0746519, -0.00133985, -0.0746426, 0.997209, 0.00283372  
171, 22.1983, 73.5286, 180.826, 0.999943, -0.0105228, 0.00173919, 0.010349, 0.996713, 0.0803537, -0.00257901, -0.0803311, 0.996765, 0.00302622  
172, 22.2712, 73.2373, 180.801, 0.999949, -0.0100465, 0.00118605, 0.00991211, 0.996445, 0.0836596, -0.00202233, -0.0836436, 0.996494, 0.00301651  
173, 22.3007, 73.1062, 180.799, 0.99994, -0.0107013, 0.00238192, 0.0104346, 0.995641, 0.0926845, -0.00336339, -0.092654, 0.995693, 0.00297934  
174, 22.3102, 72.6704, 180.762, 0.999945, -0.00988518, 0.00363779, 0.00948294, 0.995179, 0.097618, -0.00458522, -0.097578, 0.995217, 0.00297796  
175, 22.2563, 72.2788, 180.792, 0.999925, -0.0111605, 0.0050302, 0.0105831, 0.994624, 0.103013, -0.00615284, -0.102952, 0.994667, 0.00286312  
176, 22.2831, 71.8778, 180.851, 0.999924, -0.0114217, 0.00468755, 0.0108544, 0.994195, 0.107047, -0.00588299, -0.106988, 0.994243, 0.00297213  
177, 22.2913, 71.605, 180.803, 0.999918, -0.0121576, 0.00390032, 0.0116404, 0.993554, 0.112758, -0.00524605, -0.112704, 0.993615, 0.00293885  
178, 22.281, 71.2495, 180.75, 0.999891, -0.0140696, 0.00440226, 0.0134395, 0.992677, 0.120049, -0.00605907, -0.119977, 0.992758, 0.00282457  
179, 22.3906, 70.733, 180.699, 0.999942, -0.00995092, 0.00402387, 0.00938023, 0.992355, 0.123056, -0.00521763, -0.123011, 0.992392, 0.0030154  
180, 22.332, 70.2681, 180.718, 0.999933, -0.0102287, 0.00541612, 0.00946735, 0.992031, 0.125634, -0.00665803, -0.125574, 0.992062, 0.00282124  
181, 22.3689, 69.6428, 180.691, 0.999954, -0.00828481, 0.00484632, 0.00760354, 0.991899, 0.126798, -0.00585756, -0.126756, 0.991917, 0.00301124  
182, 22.3573, 69.2661, 180.615, 0.999959, -0.00733817, 0.00536851, 0.00655136, 0.990931, 0.134214, -0.00630471, -0.134174, 0.990938, 0.00310527  
183, 22.3512, 68.4782, 180.589, 0.999975, -0.00541546, 0.00458434, 0.00473922, 0.990633, 0.136471, -0.00528045, -0.136446, 0.990633, 0.00294023  
184, 22.3205, 67.7648, 180.652, 0.999954, -0.00792911, 0.00539077, 0.00710494, 0.99031, 0.138693, -0.00643824, -0.138648, 0.990321, 0.0029566  
185, 22.2901, 66.8433, 180.704, 0.999948, -0.0089007, 0.00503855, 0.00813048, 0.990623, 0.136384, -0.00620522, -0.136336, 0.990643, 0.00282706  
186, 22.2341, 66.0996, 180.645, 0.999941, -0.00901618, 0.00605972, 0.00807352, 0.990009, 0.140774, -0.00726842, -0.140717, 0.990023, 0.00301624  
187, 22.1967, 64.943, 180.571, 0.99991, -0.00990103, 0.00908212, 0.00851331, 0.989856, 0.141822, -0.0103942, -0.141732, 0.989851, 0.00285979  
188, 22.2624, 63.9051, 180.492, 0.999934, -0.00805358, 0.00817995, 0.00679551, 0.989609, 0.143623, -0.00925163, -0.143558, 0.989599, 0.0028229  
189, 22.1918, 62.7984, 180.484, 0.999902, -0.0102844, 0.009539, 0.0087692, 0.989074, 0.147157, -0.0109482, -0.147059, 0.989067, 0.0030204  
190, 22.2429, 61.9357, 180.531, 0.999937, -0.0102476, 0.00451604, 0.00942914, 0.988004, 0.154142, -0.00604145, -0.15409, 0.988038, 0.00278601  
191, 22.0125, 60.9218, 180.758, 0.999917, -0.0128858, -0.000564287, 0.0128164, 0.987711, 0.155768, -0.00144984, -0.155762, 0.987794, 0.00301207  
192, 21.9486, 59.7188, 180.665, 0.999933, -0.0115095, -0.00126313, 0.0115656, 0.987667, 0.156144, -0.000549594, -0.156148, 0.987734, 0.00302289  
193, 21.6817, 58.335, 180.659, 0.999904, -0.0137695, 0.00174801, 0.013326, 0.987576, 0.156575, -0.00388226, -0.156537, 0.987664, 0.00316879  
194, 21.5329, 57.0509, 180.585, 0.999929, -0.0116799, 0.00220133, 0.0112017, 0.988009, 0.153988, -0.0039735, -0.153952, 0.98807, 0.00288282  
195, 21.3695, 55.5063, 180.548, 0.999941, -0.0102876, 0.00361858, 0.00961812, 0.988332, 0.15201, -0.00514018, -0.151966, 0.988372, 0.0028229  
196, 21.3143, 54.091, 180.513, 0.999973, -0.00739498, 0.000484789, 0.00723425, 0.988248, 0.152689, -0.00160822, -0.152681, 0.988274, 0.00289974  
197, 21.1906, 52.5813, 180.588, 0.999962, -0.00863108, -0.00110513, 0.00869891, 0.988439, 0.151366, -0.000214098, -0.15137, 0.988477, 0.00281846  
198, 21.0921, 51.0315, 180.615, 0.999957, -0.00879021, -0.00294804, 0.00913782, 0.98818, 0.153025, 0.00156808, -0.153045, 0.988218, 0.00287172  
199, 20.9828, 49.3085, 180.597, 0.999948, -0.00938531, -0.00393981, 0.00987058, 0.988611, 0.150172, 0.00248553, -0.150203, 0.988652, 0.00298045  
200, 20.8786, 47.5687, 180.495, 0.999953, -0.00804902, -0.0054337, 0.00876275, 0.989016, 0.147548, 0.00418641, -0.147588, 0.98904, 0.00290085  
201, 20.6868, 45.6816, 180.455, 0.999965, -0.00596884, -0.00579559, 0.00674055, 0.989577, 0.14385, 0.00487657, -0.143884, 0.989583, 0.00300791  
202, 20.4284, 44.0751, 180.528, 0.999938, -0.00859511, -0.0071145, 0.00954796, 0.989086, 0.147032, 0.0057731, -0.14709, 0.989106, 0.00303482  
203, 20.2558, 42.1834, 180.603, 0.999931, -0.00590972, -0.0101545, 0.00732938, 0.989256, 0.146009, 0.0091825, -0.146073, 0.989231, 0.00284093  
204, 19.9688, 40.4109, 180.617, 0.999953, -0.00563669, -0.00794296, 0.00676665, 0.988618, 0.150297, 0.00700538, -0.150344, 0.988609, 0.00284787  
205, 19.8042, 38.2665, 180.603, 0.999958, -0.00336375, -0.00853087, 0.00455723, 0.989568, 0.143993, 0.00795752, -0.144026, 0.989542, 0.00282318  
206, 19.6361, 36.3402, 180.56, 0.999939, -0.0017692, -0.0109135, 0.0033004, 0.989872, 0.141926, 0.0105519, -0.141954, 0.989817, 0.00290944  
207, 19.3117, 34.0358, 180.659, 0.999931, -0.00106651, -0.0116835, 0.00266952, 0.99042, 0.138062, 0.0114243, -0.138083, 0.990355, 0.00282706  
208, 19.0408, 32.0893, 180.661, 0.999896, -0.00189692, -0.0142795, 0.00386345, 0.990288, 0.138979, 0.0138772, -0.13902, 0.990192, 0.00286895  
209, 18.7765, 30.0259, 180.881, 0.999821, -0.0044999, -0.0183929, 0.00707972, 0.98974, 0.142703, 0.017562, -0.142807, 0.989595, 0.00288365  
210, 18.5969, 27.7188, 180.826, 0.999871, -0.00376593, -0.0156451, 0.00590458, 0.990276, 0.13899, 0.0149695, -0.139065, 0.99017, 0.00289363  
211, 18.4505, 25.2266, 180.818, 0.999914, -0.00264729, -0.0128473, 0.00434215, 0.991006, 0.133748, 0.0123777, -0.133792, 0.990932, 0.00303565  
212, 18.4517, 22.8472, 180.784, 0.999877, 0.000461643, -0.0156532, 0.00151644, 0.992014, 0.126122, 0.0155864, -0.12613, 0.991891, 0.00303121  
213, 18.2877, 20.366, 180.761, 0.9999, 6.19114e-007, -0.0141516, 0.00172809, 0.992511, 0.122144, 0.0140456, -0.122157, 0.992411, 0.00303482  
214, 18.344, 17.9799, 180.756, 0.999827, 0.00169076, -0.0185214, 0.000460379, 0.993304, 0.115528, 0.0185927, -0.115516, 0.993132, 0.00292803  
215, 18.2715, 15.6672, 180.83, 0.999828, -0.00365744, -0.0181786, 0.00573315, 0.993293, 0.11548, 0.0176343, -0.115564, 0.993143, 0.00279683  
216, 18.2445, 12.8684, 180.857, 0.999779, -0.00246609, -0.0208793, 0.00463053, 0.994539, 0.10426, 0.0205082, -0.104334, 0.994331, 0.00305285  
217, 18.2285, 10.3302, 180.837, 0.999782, -0.00101387, -0.0208715, 0.00318737, 0.994533, 0.104369, 0.0206516, -0.104413, 0.99432, 0.0028107  
218, 18.2428, 7.59359, 180.854, 0.999833, -0.00406565, -0.0178342, 0.00584196, 0.994899, 0.100709, 0.0173338, -0.100797, 0.994756, 0.00284537  
219, 18.381, 4.93441, 180.85, 0.999841, -0.00336957, -0.0174853, 0.00503448, 0.995362, 0.0960654, 0.0170806, -0.0961381, 0.995221, 0.00286922  
220, 18.3456, 2.16415, 180.873, 0.999833, -0.0022898, -0.0181583, 0.00388621, 0.99608, 0.0883746, 0.0178847, -0.0884303, 0.995922, 0.00282928  
221, 18.4215, -0.464122, 180.736, 0.999805, -0.00038331, -0.0197444, 0.00201784, 0.996562, 0.0828315, 0.0196448, -0.0828552, 0.996368, 0.00298656  
222, 18.4829, -3.38936, 180.678, 0.999851, -0.00234767, -0.0170861, 0.00363486, 0.997124, 0.0756988, 0.0168593, -0.0757496, 0.996984, 0.00298988  
223, 18.6346, -6.27217, 180.707, 0.999874, -0.000302355, -0.0158629, 0.0014796, 0.997238, 0.074255, 0.0157966, -0.0742691, 0.997113, 0.00279211  
224, 18.6015, -9.13755, 180.815, 0.999896, -0.00484274, -0.0135659, 0.00585806, 0.997103, 0.0758329, 0.0131594, -0.0759045, 0.997028, 0.00288698  
225, 18.8884, -12.179, 180.78, 0.999914, -0.00263945, -0.0128779, 0.00352061, 0.997618, 0.0688883, 0.0126654, -0.0689277, 0.997541, 0.00295632  
226, 19.0737, -15.1752, 180.809, 0.999927, -0.00405508, -0.011406, 0.00474618, 0.998112, 0.0612309, 0.0111362, -0.0612805, 0.998058, 0.00294328  
227, 19.1692, -18.2199, 180.779, 0.999934, -0.00723194, -0.00888643, 0.00771979, 0.998392, 0.0561505, 0.00846607, -0.0562154, 0.998383, 0.00399428  
228, 19.5024, -21.1412, 180.772, 0.999949, -0.0050701, -0.00869857, 0.00548967, 0.998788, 0.0489084, 0.00844006, -0.0489537, 0.998765, 0.00286451  
229, 19.7286, -24.0505, 180.746, 0.999968, -0.00513497, -0.00612616, 0.00537862, 0.999167, 0.0404419, 0.00591339, -0.0404736, 0.999163, 0.00289696  
230, 20.1915, -26.832, 180.693, 0.999985, -0.0018324, -0.00509699, 0.00201369, 0.999357, 0.0357936, 0.00502813, -0.0358034, 0.999346, 0.00287144  
231, 20.6919, -29.9035, 180.676, 0.999982, -0.00510199, -0.00306584, 0.00520087, 0.999437, 0.0331586, 0.00289494, -0.033174, 0.999445, 0.0029247  
232, 21.0817, -32.8799, 180.699, 0.999991, -0.00397322, -0.00120018, 0.00400761, 0.999537, 0.0301585, 0.0010798, -0.030163, 0.999544, 0.00303648  
233, 21.502, -36.0937, 180.792, 0.99999, -0.00367844, 0.00263928, 0.00363076, 0.999834, 0.0178504, -0.00270451, -0.0178406, 0.999837, 0.0028756  
234, 21.8565, -38.9514, 180.967, 0.999981, -0.000306456, 0.00612202, 0.000229965, 0.999922, 0.0124911, -0.00612537, -0.0124894, 0.999903, 0.00293635  
235, 22.3761, -42.3668, 181.022, 0.999967, -0.00238202, 0.00778828, 0.00235758, 0.999992, 0.00314615, -0.00779572, -0.00312769, 0.999965, 0.00294745  
236, 22.7929, -45.0775, 181.053, 0.999936, -0.00179902, 0.0111314, 0.00172131, 0.999974, 0.00698646, -0.0111437, -0.00696686, 0.999914, 0.00296492  
237, 23.2066, -48.4322, 181.019, 0.999905, -0.000874006, 0.0137861, 0.000941543, 0.999988, -0.00489314, -0.0137817, 0.00490566, 0.999893, 0.00316547  
238, 23.6252, -51.4189, 181.033, 0.999874, -0.000584911, 0.0158828, 0.000686848, 0.999979, -0.00641334, -0.0158787, 0.00642344, 0.999853, 0.0026451  
239, 23.9432, -54.5073, 180.936, 0.999856, 0.000627256, 0.0169541, -0.00051379, 0.999977, -0.00669609, -0.0169579, 0.00668642, 0.999834, 0.00266174  
240, 24.3846, -57.8104, 180.923, 0.999829, 0.00105484, 0.0184499, -0.000760603, 0.999873, -0.0159477, -0.0184643, 0.015931, 0.999703, 0.00287422  
241, 24.655, -60.6834, 180.884, 0.999747, -0.00179901, 0.022408, 0.00223607, 0.999807, -0.0194948, -0.0223687, 0.0195399, 0.999559, 0.0029358  
242, 25.0368, -63.692, 180.877, 0.999689, -0.00133462, 0.0248994, 0.00193562, 0.999707, -0.0241286, -0.0248599, 0.0241693, 0.999399, 0.0028892  
243, 25.3044, -66.8806, 180.927, 0.999647, -0.000981688, 0.0265511, 0.00176764, 0.99956, -0.0295942, -0.0265103, 0.0296307, 0.999209, 0.00305091  
244, 25.5569, -69.5243, 180.947, 0.999528, -0.000646201, 0.0307275, 0.00147632, 0.999634, -0.0270006, -0.0306988, 0.0270332, 0.999163, 0.00296104  
245, 25.8047, -72.7416, 180.942, 0.999642, 0.00120634, 0.026728, -8.40303e-005, 0.99912, -0.0419513, -0.026755, 0.0419341, 0.998762, 0.00288171  
246, 25.7079, -75.4227, 181.03, 0.999657, -0.00139793, 0.0261532, 0.00247347, 0.99915, -0.0411377, -0.0260734, 0.0411883, 0.998811, 0.00295493  
247, 25.8292, -78.8104, 181.025, 0.999529, -0.00201892, 0.0306127, 0.00340016, 0.998975, -0.0451353, -0.0304902, 0.0452181, 0.998512, 0.00290639  
248, 25.9142, -81.5981, 181.005, 0.99952, -0.00101012, 0.0309679, 0.00229272, 0.99914, -0.0414096, -0.0308994, 0.0414607, 0.998662, 0.00292664  
249, 25.8665, -84.456, 181.056, 0.999588, -0.00415202, 0.0283849, 0.00547192, 0.998899, -0.0465818, -0.0281603, 0.046718, 0.998511, 0.00296658  
250, 25.88, -87.13, 180.998, 0.999691, -0.000859544, 0.0248281, 0.00214483, 0.998656, -0.0517872, -0.0247502, 0.0518245, 0.998349, 0.00295077  
251, 25.7365, -90.0245, 180.948, 0.999502, -0.000545228, 0.0315579, 0.00215971, 0.998689, -0.0511479, -0.0314886, 0.0511906, 0.998192, 0.00295743  
252, 25.5675, -92.8526, 180.998, 0.999563, -0.00204999, 0.0294885, 0.00377289, 0.998281, -0.0584898, -0.0293179, 0.0585755, 0.997852, 0.00297075  
253, 25.2807, -95.7855, 181.041, 0.999593, -0.00557678, 0.0279947, 0.00738445, 0.997865, -0.0648897, -0.0275731, 0.0650699, 0.9975, 0.00289363  
254, 25.172, -98.4729, 181.016, 0.999777, -0.00421518, 0.020713, 0.00557227, 0.99781, -0.0659041, -0.0203898, 0.0660048, 0.997611, 0.00297269  
255, 24.8072, -101.216, 180.958, 0.999746, -0.00350976, 0.022249, 0.00496536, 0.997826, -0.0657095, -0.0219701, 0.0658033, 0.997591, 0.00299016  
256, 24.5471, -103.985, 180.987, 0.999654, -0.00355476, 0.0260758, 0.00531733, 0.997682, -0.0678396, -0.0257742, 0.0679547, 0.997355, 0.00294467  
257, 24.1459, -106.554, 181.004, 0.999661, -0.00382682, 0.0257575, 0.00553504, 0.997766, -0.0665787, -0.0254451, 0.0666987, 0.997449, 0.00304065  
258, 23.7787, -109.325, 181.081, 0.999764, -0.00384534, 0.0213905, 0.00527923, 0.997713, -0.0673867, -0.0210825, 0.0674837, 0.997498, 0.00295133  
259, 23.4546, -111.927, 181.086, 0.99983, -0.00443425, 0.0179158, 0.00565997, 0.997604, -0.0689548, -0.0175671, 0.0690445, 0.997459, 0.00297269  
260, 22.9754, -114.507, 180.993, 0.999847, -0.00378984, 0.0170751, 0.00500887, 0.997397, -0.0719251, -0.016758, 0.0719997, 0.997264, 0.00280543  
261, 22.5836, -117.129, 180.888, 0.999943, 0.000244477, 0.0106458, 0.000591603, 0.996917, -0.0784623, -0.0106321, 0.0784641, 0.99686, 0.00298628  
262, 22.0617, -119.625, 180.856, 0.999968, -0.00227123, 0.00762896, 0.00286263, 0.996916, -0.078426, -0.00742731, 0.0784453, 0.996891, 0.00278795  
263, 21.4788, -121.918, 180.89, 0.999979, -0.00589093, 0.00287012, 0.00608727, 0.997237, -0.0740342, -0.00242606, 0.07405, 0.997252, 0.00291888  
264, 20.902, -124.545, 180.849, 0.999994, -0.00359952, 5.52321e-005, 0.00359346, 0.997153, -0.075325, 0.000216059, 0.0753247, 0.997159, 0.00295882  
265, 20.2515, -127.003, 180.964, 0.999995, -0.00114216, -0.00304693, 0.000908136, 0.997128, -0.0757317, 0.00312467, 0.0757286, 0.997124, 0.00280182  
266, 19.5946, -129.465, 181.035, 0.999978, -0.00446207, -0.00492895, 0.00407244, 0.997068, -0.0764135, 0.00525546, 0.0763917, 0.997064, 0.00300819  
267, 19.0056, -132, 181.014, 0.999905, -0.00124003, -0.0137371, 0.000148834, 0.996863, -0.0791519, 0.0137921, 0.0791423, 0.996768, 0.00281513  
268, 18.4971, -134.005, 180.894, 0.999933, -0.00323534, -0.0111344, 0.00243371, 0.997454, -0.0712706, 0.0113366, 0.0712388, 0.997395, 0.0028315  
269, 18.064, -136.621, 180.826, 0.999885, -0.0031345, -0.0148375, 0.00197541, 0.996991, -0.0774982, 0.0150358, 0.07746, 0.996882, 0.00295715  
270, 17.3213, -138.773, 180.875, 0.999852, -0.00308341, -0.0169182, 0.00186749, 0.997444, -0.0714216, 0.0170952, 0.0713794, 0.997303, 0.00279627  
271, 16.9916, -141.501, 180.872, 0.999766, -0.00158798, -0.0215886, -0.0001058, 0.996935, -0.0782305, 0.0216467, 0.0782145, 0.996702, 0.00283788  
272, 16.4679, -143.551, 180.75, 0.999715, -0.000599831, -0.0238479, -0.00122618, 0.99707, -0.0764806, 0.023824, 0.076488, 0.996786, 0.00287921  
273, 16.1992, -145.805, 180.681, 0.99965, 0.00049067, -0.0264652, -0.00255945, 0.996935, -0.0781928, 0.0263457, 0.0782331, 0.996587, 0.00298378  
274, 15.652, -147.853, 180.757, 0.999645, 0.00252011, -0.0265223, -0.00452266, 0.997119, -0.0757174, 0.0262551, 0.0758105, 0.996777, 0.00300209  
