0, 0, 0, 0, 0, 0, 0, 0, 0, 0, 0, 0, 0, 0.0062283  
1, 6.33085, 66.6247, 180.652, 0.999925, -0.012122, 0.00182332, 0.0121271, 0.999923, -0.00277137, -0.00178958, 0.00279327, 0.999994, 0.00264538  
2, 6.32732, 66.6279, 180.662, 0.999927, -0.0120019, 0.00169466, 0.0120063, 0.999925, -0.00260827, -0.00166323, 0.00262843, 0.999995, 0.00277824  
3, 6.32884, 66.6168, 180.655, 0.999923, -0.0121716, 0.00225875, 0.0121778, 0.999922, -0.00274867, -0.00222512, 0.00277596, 0.999994, 0.0028376  
4, 6.27016, 66.6279, 180.721, 0.999904, -0.0138394, -0.000194655, 0.0138373, 0.999871, -0.00814804, 0.000307393, 0.00814457, 0.999967, 0.00293108  
5, 6.26514, 66.63, 180.639, 0.999904, -0.0138439, -3.32911e-005, 0.013843, 0.999864, -0.00898215, 0.000157634, 0.00898083, 0.99996, 0.00279905  
6, 6.28127, 66.6043, 180.672, 0.999904, -0.0138451, -0.000291385, 0.0138424, 0.999873, -0.00788371, 0.000400499, 0.00787892, 0.999969, 0.00274912  
7, 6.32566, 66.6186, 180.65, 0.999922, -0.0122873, 0.00234792, 0.0122957, 0.999918, -0.00360287, -0.00230345, 0.00363146, 0.999991, 0.00282817  
8, 6.279, 66.6173, 180.686, 0.999917, -0.0128867, -0.000219012, 0.0128849, 0.999893, -0.00692103, 0.000308178, 0.00691763, 0.999976, 0.00307116  
9, 6.30193, 66.6338, 180.653, 0.999917, -0.0125952, 0.00269072, 0.0126018, 0.999918, -0.0024466, -0.00265968, 0.00248031, 0.999993, 0.00297158  
10, 6.24862, 66.6233, 180.709, 0.999904, -0.0138363, 0.000571526, 0.0138406, 0.999869, -0.00842028, -0.000454945, 0.00842739, 0.999964, 0.00288836  
11, 6.27632, 66.5999, 180.677, 0.999908, -0.0135611, 0.000673304, 0.0135655, 0.999884, -0.00696808, -0.000578731, 0.00697657, 0.999975, 0.00290279  
12, 6.37983, 66.6424, 180.609, 0.999919, -0.0124197, 0.0027433, 0.0124241, 0.999922, -0.00157991, -0.00272346, 0.00161387, 0.999995, 0.00271972  
13, 6.26752, 66.5821, 180.682, 0.999909, -0.0134634, 0.00117466, 0.0134715, 0.999884, -0.00717281, -0.00107795, 0.00718798, 0.999974, 0.00277769  
14, 6.33994, 66.6349, 180.619, 0.999915, -0.0125121, 0.00378028, 0.0125213, 0.999919, -0.00242176, -0.00374967, 0.00246889, 0.99999, 0.00289613  
15, 6.29317, 66.6251, 180.682, 0.999914, -0.0131133, -1.06231e-005, 0.0131128, 0.999883, -0.00785412, 0.000113615, 0.0078533, 0.999969, 0.00291666  
16, 6.36656, 66.6291, 180.598, 0.99993, -0.0116698, 0.00218535, 0.0116769, 0.999926, -0.00329885, -0.0021467, 0.00332414, 0.999992, 0.00291832  
17, 6.30892, 66.6177, 180.638, 0.999917, -0.0127332, 0.00216787, 0.012741, 0.999912, -0.00361459, -0.00212165, 0.00364191, 0.999991, 0.00283982  
18, 6.3708, 66.6226, 180.598, 0.999917, -0.0126391, 0.00231428, 0.0126466, 0.999915, -0.00325216, -0.00227297, 0.00328116, 0.999992, 0.00285341  
19, 6.33677, 66.6311, 180.606, 0.999926, -0.0120211, 0.00189482, 0.0120263, 0.999924, -0.0027706, -0.00186137, 0.00279318, 0.999994, 0.00293912  
20, 6.30578, 66.6028, 180.614, 0.999925, -0.012076, 0.00185841, 0.0120816, 0.999922, -0.00303227, -0.00182165, 0.0030545, 0.999994, 0.00291194  
21, 6.34251, 66.6058, 180.622, 0.999916, -0.0126297, 0.00292174, 0.0126391, 0.999915, -0.00322214, -0.00288079, 0.0032588, 0.999991, 0.00304647  
22, 6.2811, 66.61, 180.697, 0.999911, -0.0133623, 0.000405519, 0.0133649, 0.999884, -0.00727885, -0.00030821, 0.00728362, 0.999973, 0.00281846  
23, 6.34612, 66.6186, 180.63, 0.999925, -0.0121219, 0.00183552, 0.0121283, 0.99992, -0.00346801, -0.00179333, 0.00349001, 0.999992, 0.00333994  
24, 6.31321, 66.5914, 180.623, 0.999932, -0.0115135, 0.00167592, 0.011519, 0.999928, -0.00327001, -0.00163815, 0.0032891, 0.999993, 0.00314771  
25, 6.2528, 66.5759, 180.683, 0.999915, -0.0129835, 0.00147346, 0.0129925, 0.999896, -0.00628576, -0.0013917, 0.00630437, 0.999979, 0.002834  
26, 6.34007, 66.5924, 180.622, 0.999929, -0.011831, 0.00152197, 0.011834, 0.999928, -0.00195631, -0.00149872, 0.00197418, 0.999997, 0.00289779  
27, 6.29369, 66.5552, 180.632, 0.999922, -0.0122706, 0.00222374, 0.0122765, 0.999921, -0.00266724, -0.00219084, 0.00269433, 0.999994, 0.0028437  
28, 6.33393, 66.5929, 180.622, 0.99993, -0.0117264, 0.00166357, 0.0117306, 0.999928, -0.00254192, -0.00163364, 0.00256126, 0.999995, 0.00287699  
29, 6.35213, 66.5754, 180.629, 0.999918, -0.0125053, 0.00268503, 0.0125105, 0.99992, -0.00193798, -0.00266058, 0.00197142, 0.999995, 0.00294107  
30, 6.31752, 66.5865, 180.632, 0.999921, -0.0123255, 0.00236758, 0.0123325, 0.99992, -0.00295771, -0.00233093, 0.00298667, 0.999993, 0.00292636  
31, 6.34047, 66.5816, 180.625, 0.999919, -0.0125055, 0.00224689, 0.0125125, 0.999917, -0.00311492, -0.00220775, 0.00314279, 0.999993, 0.00293469  
32, 6.37618, 66.5701, 180.595, 0.999929, -0.0117258, 0.00234373, 0.0117331, 0.999926, -0.00313248, -0.00230682, 0.00315976, 0.999992, 0.00286146  
33, 6.2976, 66.5665, 180.674, 0.999898, -0.0142486, 0.000512092, 0.0142524, 0.999864, -0.00835277, -0.000393007, 0.00835922, 0.999965, 0.00296298  
34, 6.27613, 66.5494, 180.672, 0.99991, -0.0133827, 0.000756603, 0.0133883, 0.999879, -0.00790873, -0.000650672, 0.00791814, 0.999968, 0.00297352  
35, 6.32668, 66.5768, 180.633, 0.999927, -0.0118292, 0.00261016, 0.0118355, 0.999927, -0.00240378, -0.00258153, 0.0024345, 0.999994, 0.00285147  
36, 6.29568, 66.5617, 180.665, 0.99992, -0.0123636, 0.00264608, 0.0123699, 0.999921, -0.00239213, -0.00261629, 0.00242467, 0.999994, 0.00293053  
37, 6.32767, 66.5483, 180.63, 0.999922, -0.012205, 0.00260976, 0.0122133, 0.99992, -0.00318017, -0.00257074, 0.00321179, 0.999992, 0.00280903  
38, 6.29754, 66.5905, 180.593, 0.999908, -0.013031, 0.00388803, 0.0130414, 0.999911, -0.00264038, -0.00385328, 0.00269084, 0.999989, 0.00295826  
39, 6.36975, 66.553, 180.605, 0.99992, -0.0123095, 0.00288393, 0.0123173, 0.999921, -0.0026931, -0.00285055, 0.00272841, 0.999992, 0.00297352  
40, 6.33692, 66.5579, 180.613, 0.999921, -0.0123589, 0.00234311, 0.0123641, 0.999921, -0.00220869, -0.00231563, 0.00223748, 0.999995, 0.00292997  
41, 6.27187, 66.5464, 180.694, 0.99991, -0.0134422, -0.000101184, 0.0134411, 0.999882, -0.00743179, 0.000201071, 0.00742976, 0.999972, 0.00297962  
42, 6.35206, 66.5696, 180.613, 0.999918, -0.0123796, 0.00317384, 0.0123864, 0.999921, -0.00213095, -0.00314721, 0.00217008, 0.999993, 0.00282568  
43, 6.34626, 66.5347, 180.62, 0.99992, -0.0121795, 0.00328176, 0.0121885, 0.999922, -0.00272234, -0.00324835, 0.00276212, 0.999991, 0.00292193  
44, 6.33395, 66.5597, 180.615, 0.999923, -0.0121676, 0.00260911, 0.0121719, 0.999925, -0.00164482, -0.0025889, 0.00167645, 0.999995, 0.00297296  
45, 6.31258, 66.5479, 180.623, 0.999924, -0.0121722, 0.00203853, 0.0121782, 0.999921, -0.00298732, -0.00200201, 0.00301192, 0.999993, 0.00296742  
46, 6.32605, 66.55, 180.633, 0.999917, -0.0124928, 0.0031204, 0.0125006, 0.999919, -0.00246509, -0.00308935, 0.00250389, 0.999992, 0.0030964  
47, 6.34026, 66.5645, 180.618, 0.999921, -0.0122808, 0.00278694, 0.0122881, 0.999921, -0.00261573, -0.0027546, 0.00264977, 0.999993, 0.00288337  
48, 6.35229, 66.5622, 180.615, 0.999918, -0.0125063, 0.00283462, 0.0125135, 0.999918, -0.0025331, -0.0028027, 0.00256837, 0.999993, 0.00293607  
49, 6.32642, 66.5739, 180.613, 0.999924, -0.0119662, 0.00282836, 0.0119746, 0.999924, -0.00294514, -0.0027929, 0.00297879, 0.999992, 0.00289835  
50, 6.25363, 66.5455, 180.695, 0.999903, -0.0139058, 1.49394e-005, 0.0139055, 0.999877, -0.00718508, 8.49764e-005, 0.00718459, 0.999974, 0.00283622  
51, 6.30451, 66.556, 180.683, 0.999902, -0.0139496, 0.00135475, 0.0139587, 0.999878, -0.00699305, -0.00125704, 0.00701127, 0.999975, 0.00283483  
52, 6.33298, 66.5509, 180.639, 0.99992, -0.0122486, 0.00316104, 0.0122571, 0.999921, -0.00269564, -0.00312777, 0.00273417, 0.999991, 0.00290972  
53, 6.31454, 66.5384, 180.626, 0.999919, -0.0123218, 0.0030337, 0.0123303, 0.99992, -0.00279354, -0.00299903, 0.00283072, 0.999991, 0.00293025  
54, 6.32338, 66.5585, 180.616, 0.999919, -0.0123834, 0.00292445, 0.012391, 0.99992, -0.00259872, -0.00289203, 0.00263475, 0.999992, 0.00303759  
55, 6.31828, 66.5458, 180.615, 0.999918, -0.0122377, 0.00378111, 0.012247, 0.999922, -0.00243998, -0.00375096, 0.00248608, 0.99999, 0.00297629  
56, 6.26682, 66.5332, 180.683, 0.999914, -0.0131235, 0.000179759, 0.0131245, 0.999885, -0.00755478, -8.0593e-005, 0.00755649, 0.999971, 0.00293663  
57, 6.27409, 66.5363, 180.682, 0.999912, -0.0132542, 0.000268143, 0.0132558, 0.999885, -0.00735631, -0.00017061, 0.00735922, 0.999973, 0.00302927  
58, 6.3236, 66.572, 180.629, 0.99993, -0.0117126, 0.00165095, 0.0117165, 0.999929, -0.00235668, -0.00162322, 0.00237585, 0.999996, 0.00299294  
59, 6.33327, 66.584, 180.635, 0.999918, -0.0125846, 0.00249684, 0.0125904, 0.999918, -0.00228891, -0.00246783, 0.00232016, 0.999994, 0.00378264  
60, 6.36828, 66.5512, 180.592, 0.999923, -0.0120643, 0.00303262, 0.0120718, 0.999924, -0.00248575, -0.0030024, 0.00252217, 0.999992, 0.00295521  
61, 6.34048, 66.5817, 180.622, 0.999923, -0.0122231, 0.00197938, 0.0122296, 0.99992, -0.00333256, -0.00193849, 0.00335651, 0.999992, 0.002796  
62, 6.3707, 66.5708, 180.576, 0.999916, -0.01248, 0.00344588, 0.0124868, 0.99992, -0.00196288, -0.00342111, 0.00200574, 0.999992, 0.00286506  
63, 6.31978, 66.5754, 180.626, 0.999913, -0.0129032, 0.00275296, 0.012912, 0.999911, -0.00320776, -0.00271132, 0.00324303, 0.999991, 0.00277935  
64, 6.36745, 66.597, 180.599, 0.999923, -0.0120066, 0.00311531, 0.0120146, 0.999925, -0.00257548, -0.00308415, 0.00261271, 0.999992, 0.00294745  
65, 6.34796, 66.5884, 180.631, 0.999923, -0.0122433, 0.00186435, 0.0122485, 0.999921, -0.00281373, -0.00182976, 0.00283635, 0.999994, 0.00276743  
66, 6.32189, 66.5993, 180.622, 0.999926, -0.012037, 0.0016949, 0.012043, 0.999921, -0.00357001, -0.00165179, 0.00359016, 0.999992, 0.00282346  
67, 6.27728, 66.5595, 180.674, 0.999911, -0.0133391, 0.00100328, 0.0133456, 0.999888, -0.00673081, -0.000913385, 0.0067436, 0.999977, 0.00282484  
68, 6.28064, 66.5865, 180.684, 0.99991, -0.0133894, -0.00032055, 0.0133864, 0.999878, -0.00801116, 0.000427776, 0.00800615, 0.999968, 0.00279183  
69, 6.34628, 66.6003, 180.63, 0.999924, -0.0120647, 0.00245824, 0.0120693, 0.999925, -0.00186986, -0.00243549, 0.00189939, 0.999995, 0.00284592  
70, 6.26193, 66.5857, 180.686, 0.999908, -0.0135597, -0.000495227, 0.0135553, 0.999877, -0.00792439, 0.000602618, 0.00791695, 0.999968, 0.0028806  
71, 6.33137, 66.6165, 180.633, 0.999916, -0.0127214, 0.002513, 0.0127284, 0.999915, -0.00281534, -0.00247697, 0.00284709, 0.999993, 0.00288947  
72, 6.32941, 66.6031, 180.629, 0.999923, -0.0121269, 0.00278558, 0.0121333, 0.999924, -0.00229207, -0.00275757, 0.00232569, 0.999993, 0.00289363  
73, 6.33148, 66.5879, 180.644, 0.999926, -0.0120689, 0.00171521, 0.0120744, 0.999922, -0.0032179, -0.00167624, 0.00323837, 0.999993, 0.0027996  
74, 6.31808, 66.6112, 180.634, 0.999919, -0.0124653, 0.00265692, 0.0124744, 0.999916, -0.00342787, -0.00261397, 0.00346074, 0.999991, 0.00287699  
75, 6.34239, 66.6244, 180.62, 0.999925, -0.0120859, 0.00213398, 0.0120923, 0.999922, -0.00298366, -0.00209776, 0.00300924, 0.999993, 0.00287089  
76, 6.34512, 66.6138, 180.613, 0.999921, -0.0123044, 0.00258611, 0.0123131, 0.999918, -0.00338563, -0.00254424, 0.00341721, 0.999991, 0.00283483  
77, 6.26012, 66.5897, 180.69, 0.999909, -0.0134934, 0.000375451, 0.0134955, 0.999888, -0.00645897, -0.000288256, 0.00646345, 0.999979, 0.00288309  
78, 6.29051, 66.6191, 180.651, 0.999919, -0.0124538, 0.00264718, 0.0124587, 0.999921, -0.00185156, -0.00262391, 0.00188439, 0.999995, 0.00286035  
79, 6.32511, 66.5994, 180.624, 0.999928, -0.0118868, 0.00164641, 0.0118911, 0.999926, -0.0026094, -0.00161527, 0.00262879, 0.999995, 0.00288864  
80, 6.34129, 66.6137, 180.639, 0.999923, -0.0121451, 0.00252437, 0.0121503, 0.999924, -0.00203628, -0.00249945, 0.00206679, 0.999995, 0.00284759  
81, 6.3116, 66.6126, 180.655, 0.999922, -0.0122217, 0.00271022, 0.0122272, 0.999923, -0.00200704, -0.00268549, 0.00204003, 0.999994, 0.00301735  
82, 6.28256, 66.6146, 180.65, 0.999922, -0.0123627, 0.00202074, 0.0123686, 0.999919, -0.00297645, -0.00198378, 0.00300121, 0.999994, 0.00259489  
83, 6.2512, 66.5993, 180.706, 0.999906, -0.0137173, 3.06067e-006, 0.0137168, 0.999871, -0.00833202, 0.000111232, 0.00833128, 0.999965, 0.00261986  
84, 6.29754, 66.5996, 180.65, 0.999912, -0.013129, 0.00187985, 0.0131375, 0.999903, -0.00460285, -0.00181924, 0.00462715, 0.999988, 0.00292858  
85, 6.25494, 66.5963, 180.7, 0.999911, -0.0133709, 0.000369729, 0.0133732, 0.999886, -0.00707892, -0.000275035, 0.00708323, 0.999975, 0.0029272  
86, 6.30559, 66.5893, 180.661, 0.99992, -0.0124119, 0.00224744, 0.0124211, 0.999914, -0.00409709, -0.00219639, 0.00412468, 0.999989, 0.00291  
87, 6.28264, 66.5978, 180.671, 0.999907, -0.0135953, 0.000698827, 0.0136005, 0.999875, -0.00803178, -0.000589545, 0.00804054, 0.999968, 0.00301235  
88, 6.36008, 66.6492, 180.612, 0.999925, -0.0119559, 0.0026886, 0.0119628, 0.999925, -0.00254483, -0.00265797, 0.0025768, 0.999993, 0.00290362  
89, 6.33774, 66.6193, 180.633, 0.99992, -0.0124849, 0.00190806, 0.0124902, 0.999918, -0.00282526, -0.00187263, 0.00284887, 0.999994, 0.00294689  
90, 6.29614, 66.6253, 180.664, 0.999927, -0.0119302, 0.00178914, 0.0119353, 0.999925, -0.00287741, -0.00175468, 0.00289855, 0.999994, 0.00280543  
91, 6.32824, 66.6146, 180.623, 0.999925, -0.0119857, 0.00238233, 0.0119913, 0.999925, -0.00232874, -0.00235424, 0.00235713, 0.999994, 0.00305063  
92, 6.32807, 66.6274, 180.649, 0.999922, -0.0123716, 0.00196495, 0.0123771, 0.999919, -0.00282091, -0.00192989, 0.00284501, 0.999994, 0.00299765  
93, 6.33627, 66.6051, 180.611, 0.999924, -0.0121146, 0.00241034, 0.0121206, 0.999924, -0.00245668, -0.0023804, 0.0024857, 0.999994, 0.00311138  
94, 6.28752, 66.6065, 180.649, 0.99992, -0.0123221, 0.00284186, 0.0123306, 0.99992, -0.00296452, -0.0028051, 0.00299932, 0.999992, 0.00306173  
95, 6.3263, 66.5972, 180.643, 0.999922, -0.0122253, 0.0026239, 0.0122336, 0.99992, -0.00315553, -0.00258511, 0.00318738, 0.999992, 0.002791  
96, 6.35023, 66.6274, 180.626, 0.999922, -0.0122978, 0.00225884, 0.0123022, 0.999922, -0.0019252, -0.00223499, 0.00195284, 0.999996, 0.0029566  
97, 6.35583, 66.6207, 180.617, 0.999915, -0.0126833, 0.00289403, 0.0126923, 0.999915, -0.00311503, -0.00285428, 0.00315149, 0.999991, 0.00284592  
98, 6.28944, 66.5647, 180.648, 0.999914, -0.0128854, 0.00260957, 0.0128925, 0.999913, -0.00271222, -0.00257439, 0.00274563, 0.999993, 0.00304453  
99, 6.33107, 66.5964, 180.645, 0.999927, -0.0117488, 0.00265295, 0.0117557, 0.999928, -0.00259748, -0.00262224, 0.00262848, 0.999993, 0.00308253  
100, 6.35956, 66.6157, 180.61, 0.999919, -0.0124886, 0.00242922, 0.0124938, 0.99992, -0.00210964, -0.00240268, 0.00213982, 0.999995, 0.00294245  
101, 6.29176, 66.5832, 180.659, 0.999924, -0.0119942, 0.00294903, 0.0120026, 0.999924, -0.00286667, -0.00291442, 0.00290185, 0.999992, 0.00311554  
102, 6.26918, 66.5745, 180.679, 0.999906, -0.013705, 0.000847307, 0.0137099, 0.999888, -0.00608031, -0.000763881, 0.00609136, 0.999981, 0.00281292  
103, 6.27033, 66.5522, 180.667, 0.99991, -0.0134161, 0.00070841, 0.0134211, 0.999881, -0.00764526, -0.000605756, 0.00765408, 0.999971, 0.00278379  
104, 6.32252, 66.5673, 180.604, 0.999922, -0.0120504, 0.00320609, 0.0120572, 0.999925, -0.00211528, -0.00318036, 0.00215377, 0.999993, 0.00308308  
105, 6.34105, 66.5651, 180.609, 0.999933, -0.0114305, 0.001995, 0.0114381, 0.999927, -0.00382126, -0.00195118, 0.00384383, 0.999991, 0.00282817  
106, 6.27772, 66.5434, 180.669, 0.999909, -0.0134183, 0.0011863, 0.0134267, 0.999883, -0.00735508, -0.00108747, 0.00737034, 0.999972, 0.00302927  
107, 6.32231, 66.5795, 180.64, 0.999924, -0.0119737, 0.0029729, 0.0119827, 0.999924, -0.00302142, -0.0029365, 0.00305681, 0.999991, 0.00311387  
108, 6.2914, 66.5562, 180.64, 0.999922, -0.0121836, 0.00272254, 0.0121931, 0.99992, -0.00347796, -0.00267995, 0.00351088, 0.99999, 0.00285563  
109, 6.35931, 66.5717, 180.604, 0.999915, -0.0126106, 0.00318093, 0.0126166, 0.999919, -0.00186838, -0.00315711, 0.00190836, 0.999993, 0.00292775  
110, 6.31293, 66.5759, 180.621, 0.99992, -0.0123628, 0.00281833, 0.01237, 0.99992, -0.00254476, -0.00278665, 0.00257942, 0.999993, 0.00281985  
111, 6.34966, 66.5772, 180.595, 0.999923, -0.0119797, 0.00338504, 0.0119836, 0.999928, -0.00113584, -0.00337119, 0.00117632, 0.999994, 0.00294855  
112, 6.306, 66.581, 180.634, 0.999916, -0.0127038, 0.00248614, 0.0127111, 0.999915, -0.00294677, -0.00244849, 0.00297813, 0.999993, 0.00282179  
113, 6.25328, 66.5412, 180.704, 0.999914, -0.0131104, 0.000757532, 0.0131152, 0.999892, -0.0066759, -0.000669926, 0.00668526, 0.999977, 0.00306228  
114, 6.36016, 66.57, 180.628, 0.999927, -0.0116481, 0.00322092, 0.011658, 0.999927, -0.00307562, -0.00318486, 0.00311295, 0.99999, 0.00291582  
115, 6.34863, 66.569, 180.596, 0.999927, -0.0117894, 0.00269403, 0.0117949, 0.999928, -0.00203942, -0.00266979, 0.00207104, 0.999994, 0.00293385  
116, 6.31828, 66.5364, 180.612, 0.999925, -0.011719, 0.00358454, 0.0117243, 0.99993, -0.00146352, -0.00356714, 0.00150543, 0.999993, 0.00286922  
117, 6.32982, 66.5582, 180.612, 0.999925, -0.0118462, 0.00300572, 0.0118524, 0.999928, -0.00207373, -0.00298093, 0.0021092, 0.999993, 0.00282762  
118, 6.33346, 66.5606, 180.642, 0.99992, -0.0124325, 0.00231061, 0.0124405, 0.999916, -0.00351056, -0.00226677, 0.00353903, 0.999991, 0.0027935  
119, 6.33313, 66.5674, 180.609, 0.999924, -0.0120123, 0.0029243, 0.0120177, 0.999926, -0.00183633, -0.00290203, 0.00187133, 0.999994, 0.00280238  
120, 6.28674, 66.5391, 180.674, 0.999907, -0.0136674, 0.000435444, 0.0136704, 0.999875, -0.00797507, -0.000326391, 0.00798028, 0.999968, 0.00282956  
121, 6.31843, 66.5547, 180.62, 0.999922, -0.0121017, 0.00308596, 0.0121087, 0.999924, -0.00224428, -0.00305857, 0.00228147, 0.999993, 0.00304758  
122, 6.29062, 66.5567, 180.668, 0.999913, -0.0132, 0.000401384, 0.0132027, 0.999882, -0.00779729, -0.000298413, 0.0078019, 0.99997, 0.00279794  
123, 6.31139, 66.553, 180.636, 0.999923, -0.0121389, 0.00261593, 0.0121443, 0.999924, -0.00207615, -0.00259053, 0.00210776, 0.999994, 0.00288836  
124, 6.3218, 66.55, 180.681, 0.999911, -0.0132387, 0.00142974, 0.0132476, 0.999892, -0.00641924, -0.0013446, 0.00643762, 0.999978, 0.00311887  
125, 6.32688, 66.5513, 180.623, 0.999921, -0.0123512, 0.0025309, 0.0123592, 0.999919, -0.00314723, -0.00249183, 0.00317826, 0.999992, 0.00292997  
126, 6.32974, 66.5698, 180.601, 0.99993, -0.011517, 0.00278743, 0.0115236, 0.999931, -0.00233655, -0.00276032, 0.00236851, 0.999993, 0.00294495  
127, 6.28094, 66.5578, 180.635, 0.999908, -0.0135421, 0.000649513, 0.0135477, 0.999862, -0.00956923, -0.000519836, 0.00957715, 0.999954, 0.00282096  
128, 6.32035, 66.5645, 180.632, 0.999918, -0.012537, 0.00274529, 0.0125438, 0.999918, -0.00247079, -0.00271408, 0.00250503, 0.999993, 0.002948  
129, 6.32628, 66.5707, 180.632, 0.999919, -0.0123958, 0.00293907, 0.0124029, 0.99992, -0.00242167, -0.00290882, 0.00245793, 0.999993, 0.00297934  
130, 6.31498, 66.5734, 180.627, 0.999923, -0.0120944, 0.00266533, 0.0121013, 0.999924, -0.00255748, -0.0026342, 0.00258954, 0.999993, 0.00283233  
131, 6.34059, 66.5738, 180.624, 0.999915, -0.0127052, 0.00301484, 0.0127132, 0.999916, -0.00266803, -0.00298069, 0.00270614, 0.999992, 0.00296825  
132, 6.33878, 66.5602, 180.611, 0.999918, -0.0124358, 0.00295624, 0.0124432, 0.99992, -0.00247501, -0.00292522, 0.0025116, 0.999993, 0.00292248  
133, 6.36539, 66.5614, 180.618, 0.999929, -0.0114525, 0.00314076, 0.0114616, 0.99993, -0.00286885, -0.00310769, 0.00290465, 0.999991, 0.00301013  
134, 6.30106, 66.5586, 180.66, 0.999916, -0.0129798, 0.000475909, 0.0129827, 0.999892, -0.0068999, -0.000386298, 0.0069055, 0.999976, 0.00298656  
135, 6.34263, 66.5472, 180.615, 0.999913, -0.0126264, 0.00374717, 0.0126304, 0.99992, -0.00103943, -0.00373374, 0.00108667, 0.999992, 0.00285092  
136, 6.31558, 66.5943, 180.596, 0.999916, -0.0127311, 0.00260347, 0.0127421, 0.99991, -0.00424483, -0.0025492, 0.00427764, 0.999988, 0.002791  
137, 6.32382, 66.5834, 180.631, 0.999923, -0.0121524, 0.00251695, 0.0121587, 0.999923, -0.00252089, -0.00248612, 0.0025513, 0.999994, 0.00290417  
138, 6.34249, 66.5863, 180.615, 0.999926, -0.011815, 0.00276215, 0.0118193, 0.999929, -0.00154508, -0.00274369, 0.00157761, 0.999995, 0.00295799  
139, 6.26583, 66.5442, 180.689, 0.999912, -0.0132643, 0.000757855, 0.0132689, 0.999891, -0.00645168, -0.000672196, 0.00646117, 0.999979, 0.00295161  
140, 6.29293, 66.5779, 180.642, 0.999925, -0.0120443, 0.00231685, 0.0120535, 0.999919, -0.00401601, -0.00226829, 0.00404363, 0.999989, 0.00283788  
141, 6.3367, 66.588, 180.623, 0.999925, -0.0120309, 0.00221745, 0.0120381, 0.999922, -0.00324626, -0.00217822, 0.00327271, 0.999992, 0.00296104  
142, 6.26913, 66.5577, 180.696, 0.99992, -0.012605, -0.000397693, 0.0126016, 0.999892, -0.00761195, 0.000493599, 0.00760634, 0.999971, 0.00288004  
143, 6.34741, 66.5874, 180.615, 0.999916, -0.0126891, 0.00259461, 0.0126961, 0.999916, -0.00267238, -0.00256048, 0.0027051, 0.999993, 0.00293136  
144, 6.28462, 66.5919, 180.696, 0.999901, -0.0140527, 0.000332645, 0.0140548, 0.999872, -0.00760069, -0.000225792, 0.00760462, 0.999971, 0.00301984  
145, 6.33906, 66.5897, 180.589, 0.999931, -0.0113501, 0.00296561, 0.0113543, 0.999935, -0.00141315, -0.00294938, 0.00144673, 0.999995, 0.00298295  
146, 6.29867, 66.5653, 180.674, 0.999912, -0.0132241, 0.00101544, 0.0132305, 0.999891, -0.00658672, -0.000928223, 0.00659958, 0.999978, 0.00299876  
147, 6.32929, 66.5901, 180.608, 0.999929, -0.0115336, 0.00308417, 0.0115405, 0.999931, -0.00221934, -0.00305836, 0.00225478, 0.999993, 0.0028928  
148, 6.30632, 66.5861, 180.65, 0.999923, -0.0122306, 0.00222092, 0.0122372, 0.999921, -0.00297074, -0.00218441, 0.00299768, 0.999993, 0.00293496  
149, 6.28579, 66.572, 180.696, 0.999902, -0.0140062, -0.000567753, 0.0140002, 0.999857, -0.00949763, 0.000700698, 0.00948875, 0.999955, 0.00305063  
150, 6.37362, 66.6042, 180.599, 0.999922, -0.0122637, 0.00232612, 0.0122693, 0.999922, -0.00241283, -0.00229635, 0.00244119, 0.999994, 0.00289807  
151, 6.33368, 66.6367, 180.617, 0.999927, -0.0119126, 0.00215077, 0.0119181, 0.999926, -0.00255869, -0.00212013, 0.00258413, 0.999994, 0.00293413  
152, 6.31047, 66.6014, 180.631, 0.999925, -0.0120153, 0.00235889, 0.0120203, 0.999926, -0.00211895, -0.00233325, 0.00214715, 0.999995, 0.00289974  
153, 6.26113, 66.5683, 180.671, 0.999901, -0.0140868, -0.000392281, 0.0140829, 0.999864, -0.00859234, 0.000513266, 0.00858597, 0.999963, 0.00291416  
154, 6.27879, 66.5794, 180.68, 0.999913, -0.013218, 0.000235599, 0.0132193, 0.999887, -0.0072148, -0.000140208, 0.00721728, 0.999974, 0.00303815  
155, 6.27765, 66.6128, 180.695, 0.999911, -0.0133061, 0.000184371, 0.013307, 0.999891, -0.00645208, -9.84985e-005, 0.00645396, 0.999979, 0.00288448  
156, 6.31887, 66.6013, 180.632, 0.999925, -0.0119911, 0.00241814, 0.0119966, 0.999925, -0.00228116, -0.0023906, 0.00231, 0.999994, 0.0029566  
157, 6.33342, 66.6001, 180.641, 0.99992, -0.0124056, 0.00254239, 0.0124149, 0.999916, -0.00365072, -0.00249688, 0.00368199, 0.99999, 0.00306422  
158, 6.30263, 66.5839, 180.668, 0.999901, -0.0140308, 0.000545225, 0.0140345, 0.999873, -0.00759375, -0.000438609, 0.00760066, 0.999971, 0.00328086  
159, 6.32981, 66.6006, 180.614, 0.999927, -0.0116713, 0.0030064, 0.011674, 0.999931, -0.000886099, -0.00299585, 0.000921131, 0.999995, 0.00302567  
160, 6.2664, 66.5938, 180.683, 0.999906, -0.0136857, 0.00108886, 0.0136927, 0.999883, -0.00674813, -0.000996377, 0.00676241, 0.999977, 0.00299682  
161, 6.34761, 66.6133, 180.614, 0.999926, -0.0119285, 0.00249424, 0.0119331, 0.999927, -0.00185464, -0.00247194, 0.00188427, 0.999995, 0.0030093  
162, 6.33489, 66.6171, 180.621, 0.999928, -0.0117559, 0.00236273, 0.0117602, 0.999929, -0.00180587, -0.00234133, 0.00183352, 0.999996, 0.00293136  
163, 6.25805, 66.582, 180.695, 0.999909, -0.013473, 0.000963133, 0.0134799, 0.999881, -0.00755877, -0.000861179, 0.00757106, 0.999971, 0.00291998  
164, 6.29395, 66.5951, 180.659, 0.999921, -0.0124439, 0.00198323, 0.0124511, 0.999916, -0.00364398, -0.00193771, 0.00366838, 0.999991, 0.00308835  
165, 6.30176, 66.5946, 180.631, 0.999925, -0.0119285, 0.00284306, 0.0119336, 0.999927, -0.00180016, -0.00282138, 0.00183396, 0.999994, 0.00453517  
166, 6.33133, 66.6149, 180.629, 0.999924, -0.0122426, 0.00167968, 0.0122471, 0.999921, -0.00266835, -0.00164688, 0.00268871, 0.999995, 0.00284287  
167, 6.30622, 66.6014, 180.654, 0.999911, -0.0132976, 0.000707114, 0.0133024, 0.999885, -0.00731051, -0.000609821, 0.00731927, 0.999973, 0.00295854  
168, 6.32531, 66.6093, 180.632, 0.999922, -0.0122929, 0.00211078, 0.0122982, 0.999921, -0.00250355, -0.00207984, 0.00252931, 0.999995, 0.00300153  
169, 6.26817, 66.5691, 180.696, 0.9999, -0.0140914, 0.00106391, 0.0140983, 0.999878, -0.00676873, -0.000968396, 0.00678305, 0.999977, 0.00304314  
170, 6.29939, 66.5745, 180.697, 0.999915, -0.013, 7.80841e-005, 0.0130003, 0.999893, -0.00677297, 9.97303e-006, 0.00677341, 0.999977, 0.0028057  
171, 6.34149, 66.598, 180.611, 0.999923, -0.0121082, 0.00283204, 0.0121112, 0.999926, -0.00103735, -0.00281927, 0.00107157, 0.999995, 0.00305202  
172, 6.30208, 66.5822, 180.691, 0.999914, -0.0131469, 5.21644e-005, 0.0131469, 0.999889, -0.00699942, 3.98617e-005, 0.0069995, 0.999976, 0.00288282  
173, 6.27754, 66.58, 180.67, 0.999915, -0.0130433, 0.000777054, 0.0130486, 0.999889, -0.00721878, -0.000682811, 0.0072283, 0.999974, 0.00296409  
174, 6.32912, 66.5817, 180.63, 0.999921, -0.0123627, 0.00244912, 0.0123677, 0.999921, -0.00206756, -0.00242337, 0.00209769, 0.999995, 0.00304342  
175, 6.3251, 66.5745, 180.618, 0.99992, -0.0123538, 0.00266593, 0.0123625, 0.999918, -0.00327272, -0.00262528, 0.00330542, 0.999991, 0.002986  
176, 6.29242, 66.5719, 180.593, 0.999921, -0.0122913, 0.00278928, 0.0122995, 0.99992, -0.00294483, -0.00275286, 0.00297891, 0.999992, 0.00305923  
177, 6.36143, 66.5974, 180.616, 0.999924, -0.0121653, 0.00212187, 0.0121687, 0.999925, -0.00157927, -0.00210249, 0.00160497, 0.999997, 0.00282762  
178, 6.30839, 66.5728, 180.583, 0.99992, -0.0123189, 0.00297413, 0.0123242, 0.999922, -0.00178741, -0.00295188, 0.00182392, 0.999994, 0.00301845  
179, 6.30244, 66.5523, 180.651, 0.999913, -0.0131295, 0.00127425, 0.0131371, 0.999894, -0.00621275, -0.00119255, 0.00622895, 0.99998, 0.00306727  
180, 6.32423, 66.554, 180.597, 0.999923, -0.0119357, 0.00348438, 0.0119426, 0.999927, -0.00196037, -0.00346072, 0.00200184, 0.999992, 0.00280238  
181, 6.34715, 66.5729, 180.61, 0.999928, -0.0115598, 0.00319235, 0.0115657, 0.999931, -0.00182348, -0.00317105, 0.00186027, 0.999993, 0.00303482  
182, 6.26196, 66.5569, 180.708, 0.999902, -0.0139838, -0.000353511, 0.0139807, 0.999874, -0.00757014, 0.000459326, 0.00756446, 0.999971, 0.00302761  
183, 6.32324, 66.5861, 180.63, 0.99991, -0.0130074, 0.00326925, 0.0130156, 0.999912, -0.00250208, -0.00323642, 0.00254441, 0.999992, 0.0030007  
184, 6.31885, 66.5717, 180.634, 0.999918, -0.0126377, 0.002233, 0.0126457, 0.999914, -0.00358945, -0.00218745, 0.0036174, 0.999991, 0.00308003  
185, 6.30309, 66.5513, 180.634, 0.999923, -0.0122476, 0.00191924, 0.0122548, 0.999918, -0.00379202, -0.00187264, 0.00381525, 0.999991, 0.00279849  
186, 6.32107, 66.542, 180.651, 0.999913, -0.0131648, -0.000151369, 0.0131632, 0.999881, -0.0080562, 0.000257409, 0.00805351, 0.999968, 0.00286811  
187, 6.32452, 66.5596, 180.633, 0.999919, -0.012221, 0.00356579, 0.0122249, 0.999925, -0.00107992, -0.00355232, 0.00112342, 0.999993, 0.00285924  
188, 6.29047, 66.5448, 180.647, 0.999918, -0.0124483, 0.00298922, 0.0124597, 0.999915, -0.00383547, -0.00294122, 0.0038724, 0.999988, 0.00296936  
189, 6.28072, 66.5543, 180.686, 0.999904, -0.0138794, 0.000343594, 0.0138819, 0.999867, -0.00851722, -0.000225334, 0.00852117, 0.999964, 0.00310888  
190, 6.277, 66.5245, 180.651, 0.999915, -0.0130318, 0.000430271, 0.0130348, 0.999883, -0.00803257, -0.000325542, 0.00803749, 0.999968, 0.00279156  
191, 6.34301, 66.5569, 180.628, 0.99992, -0.0120006, 0.00388067, 0.0120027, 0.999928, -0.000509624, -0.00387428, 0.000556162, 0.999992, 0.00302317  
192, 6.33791, 66.5699, 180.607, 0.999919, -0.0124477, 0.00272872, 0.0124541, 0.99992, -0.00236496, -0.00269906, 0.00239875, 0.999993, 0.00284149  
193, 6.28783, 66.5398, 180.693, 0.99991, -0.0133602, 0.000983852, 0.0133656, 0.999894, -0.0057293, -0.000907203, 0.00574193, 0.999983, 0.00285119  
194, 6.34546, 66.5546, 180.599, 0.999918, -0.0124217, 0.00322743, 0.0124268, 0.999922, -0.0015554, -0.00320785, 0.00159538, 0.999994, 0.00289363  
195, 6.3574, 66.5518, 180.605, 0.999924, -0.0119211, 0.00306712, 0.0119296, 0.999925, -0.0027818, -0.00303373, 0.00281818, 0.999991, 0.002834  
196, 6.26456, 66.52, 180.704, 0.99991, -0.0133938, 0.000808012, 0.0133982, 0.999894, -0.00571702, -0.000731354, 0.00572733, 0.999983, 0.00300403  
197, 6.3428, 66.5458, 180.6, 0.999926, -0.0115391, 0.00393536, 0.011545, 0.999932, -0.00148225, -0.00391799, 0.00152758, 0.999991, 0.00279405  
198, 6.28978, 66.5521, 180.667, 0.99991, -0.0133305, 0.00127207, 0.013339, 0.999887, -0.00693185, -0.00117952, 0.00694819, 0.999975, 0.00295466  
199, 6.27096, 66.5647, 180.692, 0.999903, -0.0139486, 2.52419e-005, 0.0139483, 0.999874, -0.00763737, 8.12916e-005, 0.00763698, 0.999971, 0.00312025  
200, 6.3411, 66.583, 180.628, 0.999918, -0.0123458, 0.00350777, 0.0123483, 0.999924, -0.000672898, -0.00349919, 0.000716157, 0.999994, 0.00286201  
201, 6.31737, 66.5758, 180.62, 0.999924, -0.0120952, 0.0023254, 0.0121002, 0.999924, -0.00215058, -0.00229922, 0.00217855, 0.999995, 0.00287893  
202, 6.31137, 66.5456, 180.65, 0.999916, -0.0125617, 0.00317174, 0.0125705, 0.999917, -0.00279397, -0.00313638, 0.00283361, 0.999991, 0.00281347  
203, 6.30538, 66.5704, 180.623, 0.999918, -0.0124984, 0.00293186, 0.0125066, 0.999918, -0.00279681, -0.00289667, 0.00283325, 0.999992, 0.00309362  
204, 6.2595, 66.533, 180.682, 0.999912, -0.0132706, 0.000399596, 0.013273, 0.999888, -0.00691372, -0.000307803, 0.00691842, 0.999976, 0.00290944  
205, 6.3218, 66.5579, 180.627, 0.999926, -0.0117608, 0.00302635, 0.0117645, 0.99993, -0.00118853, -0.00301216, 0.00122405, 0.999995, 0.00280404  
206, 6.31073, 66.5493, 180.612, 0.999923, -0.0120381, 0.00310678, 0.0120452, 0.999925, -0.00227947, -0.00307911, 0.00231671, 0.999993, 0.00304813  
207, 6.30149, 66.5419, 180.666, 0.999912, -0.0132498, 0.000412193, 0.0132525, 0.999885, -0.00731608, -0.000315209, 0.0073209, 0.999973, 0.00302761  
208, 6.32074, 66.5788, 180.628, 0.999914, -0.0128814, 0.00258376, 0.0128887, 0.999913, -0.00283008, -0.00254708, 0.00286314, 0.999993, 0.00287755  
209, 6.34894, 66.5636, 180.614, 0.999921, -0.0121897, 0.00293418, 0.0121936, 0.999925, -0.00131223, -0.00291796, 0.0013479, 0.999995, 0.00310805  
210, 6.2811, 66.5581, 180.693, 0.999914, -0.013143, 0.000373162, 0.0131454, 0.999886, -0.0074631, -0.000275032, 0.00746737, 0.999972, 0.00282457  
211, 6.33865, 66.6047, 180.57, 0.999918, -0.0124297, 0.00315582, 0.0124407, 0.999917, -0.00349209, -0.00311215, 0.00353106, 0.999989, 0.00290001  
212, 6.34284, 66.5747, 180.608, 0.999923, -0.0121793, 0.00220512, 0.0121884, 0.999917, -0.00416573, -0.0021542, 0.00419228, 0.999989, 0.0028204  
213, 6.3542, 66.5772, 180.598, 0.999922, -0.0120474, 0.00323698, 0.0120541, 0.999925, -0.00205216, -0.00321201, 0.00209102, 0.999993, 0.00283649  
214, 6.29615, 66.5573, 180.613, 0.999919, -0.0125181, 0.0022872, 0.0125241, 0.999918, -0.00264005, -0.00225396, 0.00266848, 0.999994, 0.00290251  
215, 6.28945, 66.577, 180.663, 0.999923, -0.0121517, 0.00268054, 0.012157, 0.999924, -0.00194828, -0.00265666, 0.00198071, 0.999995, 0.00281652  
216, 6.29633, 66.5559, 180.647, 0.999913, -0.0128076, 0.00315304, 0.0128159, 0.999914, -0.00264094, -0.00311894, 0.00268112, 0.999992, 0.00294134  
217, 6.24524, 66.5389, 180.687, 0.999909, -0.0134919, 0.000679469, 0.013497, 0.999876, -0.00810981, -0.000569967, 0.00811824, 0.999967, 0.00286146  
218, 6.32688, 66.573, 180.648, 0.999915, -0.0126856, 0.00286819, 0.0126936, 0.999916, -0.0027954, -0.00283248, 0.00283157, 0.999992, 0.00291222  
219, 6.24838, 66.5973, 180.678, 0.999904, -0.0138189, 0.000879175, 0.0138259, 0.999869, -0.0084725, -0.000761979, 0.00848385, 0.999964, 0.00290168  
220, 6.35219, 66.5989, 180.646, 0.99992, -0.0122537, 0.00298917, 0.0122612, 0.999922, -0.00249287, -0.00295839, 0.00252933, 0.999992, 0.00281569  
221, 6.36762, 66.5989, 180.605, 0.999928, -0.0118834, 0.00154956, 0.0118887, 0.999923, -0.00348607, -0.00150801, 0.00350424, 0.999993, 0.00293053  
222, 6.32087, 66.5848, 180.608, 0.99992, -0.0123055, 0.00290236, 0.0123091, 0.999923, -0.00123322, -0.00288696, 0.00126884, 0.999995, 0.00285092  
223, 6.33402, 66.5978, 180.628, 0.999925, -0.0121293, 0.00185732, 0.0121346, 0.999922, -0.00287256, -0.00182233, 0.00289488, 0.999994, 0.00289141  
224, 6.34746, 66.604, 180.609, 0.999919, -0.0125108, 0.00222348, 0.0125186, 0.999915, -0.00352384, -0.0021792, 0.00355139, 0.999991, 0.00299016  
225, 6.25289, 66.5838, 180.694, 0.999907, -0.0136072, 0.000411952, 0.0136101, 0.999875, -0.00808703, -0.000301858, 0.00809188, 0.999967, 0.00292082  
226, 6.31377, 66.5863, 180.607, 0.999926, -0.0119138, 0.00230596, 0.0119202, 0.999925, -0.00280576, -0.00227236, 0.00283304, 0.999993, 0.00294717  
227, 6.32231, 66.5673, 180.62, 0.999918, -0.0125852, 0.00233198, 0.0125915, 0.999917, -0.00267665, -0.0022981, 0.00270579, 0.999994, 0.00294273  
228, 6.28064, 66.5934, 180.698, 0.999914, -0.0131217, 0.000171297, 0.0131224, 0.999899, -0.00550952, -9.89855e-005, 0.00551129, 0.999985, 0.00295355  
229, 6.32079, 66.6204, 180.639, 0.99992, -0.0123904, 0.00236791, 0.0124001, 0.999915, -0.00411697, -0.00231669, 0.004146, 0.999989, 0.00301929  
230, 6.32976, 66.6069, 180.65, 0.999922, -0.0122858, 0.00222313, 0.0122905, 0.999922, -0.00212824, -0.00219681, 0.0021554, 0.999995, 0.00283344  
231, 6.36116, 66.6548, 180.62, 0.999922, -0.0121231, 0.00287687, 0.0121271, 0.999926, -0.00137473, -0.00285999, 0.00140951, 0.999995, 0.00298212  
232, 6.3029, 66.6757, 180.694, 0.999901, -0.0140427, 7.07068e-005, 0.0140428, 0.999891, -0.00452491, -7.15732e-006, 0.00452546, 0.99999, 0.00291416  
233, 6.30739, 66.7172, 180.641, 0.999924, -0.0121663, 0.00173009, 0.0121684, 0.999925, -0.00123601, -0.00171492, 0.00125697, 0.999998, 0.00288642  
234, 6.24364, 66.7454, 180.672, 0.999915, -0.0130034, 0.00105136, 0.0130063, 0.999911, -0.00284426, -0.00101428, 0.0028577, 0.999995, 0.00298295  
235, 6.36903, 66.8517, 180.593, 0.999933, -0.011355, 0.00238238, 0.0113447, 0.999926, 0.0043091, -0.00243113, -0.00428178, 0.999988, 0.00290223  
236, 6.29818, 66.9086, 180.651, 0.999916, -0.0129205, 0.000676901, 0.0129192, 0.999915, 0.00188634, -0.000701216, -0.00187744, 0.999998, 0.00270529  
237, 6.2895, 67.0512, 180.691, 0.999909, -0.0133136, 0.00215465, 0.013297, 0.999883, 0.00755704, -0.00225501, -0.0075277, 0.999969, 0.00280265  
238, 6.29817, 67.2173, 180.708, 0.999901, -0.0139616, 0.00179424, 0.0139378, 0.999823, 0.0126527, -0.00197057, -0.0126264, 0.999918, 0.00277935  
239, 6.32018, 67.2523, 180.707, 0.999908, -0.0133237, 0.00270357, 0.0132845, 0.999813, 0.0140313, -0.00289001, -0.0139941, 0.999898, 0.00283788  
240, 6.36418, 67.2929, 180.714, 0.999917, -0.0127171, 0.00209546, 0.0126795, 0.999774, 0.0170724, -0.0023121, -0.0170444, 0.999852, 0.00285147  
241, 6.28067, 67.3559, 180.721, 0.999904, -0.0136694, 0.00219834, 0.013621, 0.999693, 0.0206928, -0.00248053, -0.0206608, 0.999783, 0.00287921  
242, 6.26946, 67.3881, 180.746, 0.999897, -0.0140593, 0.00291725, 0.0139872, 0.999628, 0.0234159, -0.00324538, -0.0233727, 0.999722, 0.00306922  
243, 6.3445, 67.4616, 180.645, 0.999923, -0.0113858, 0.00497228, 0.0112169, 0.9994, 0.0327598, -0.0053423, -0.0327015, 0.999451, 0.00301457  
244, 6.37324, 67.4835, 180.667, 0.999931, -0.0108194, 0.00460447, 0.0106591, 0.999382, 0.0335076, -0.00496416, -0.0334562, 0.999428, 0.00291444  
245, 6.26655, 67.4153, 180.756, 0.999906, -0.0135515, 0.00214132, 0.0134828, 0.999477, 0.0293781, -0.00253832, -0.0293464, 0.999566, 0.00275439  
246, 6.31588, 67.4847, 180.705, 0.999926, -0.0111214, 0.00485977, 0.0109302, 0.999228, 0.0377432, -0.00527577, -0.0376873, 0.999276, 0.00287533  
247, 6.33249, 67.513, 180.692, 0.99992, -0.011221, 0.00577919, 0.0109549, 0.998963, 0.0441813, -0.00626895, -0.0441145, 0.999007, 0.00292942  
248, 6.23325, 67.543, 180.776, 0.999913, -0.0126714, 0.00373323, 0.0124968, 0.998971, 0.0435865, -0.0042817, -0.043536, 0.999043, 0.00295188  
249, 6.25369, 67.5433, 180.648, 0.999926, -0.0103547, 0.00636543, 0.0100245, 0.998704, 0.0498902, -0.00687378, -0.0498227, 0.998734, 0.00295577  
250, 6.27916, 67.5399, 180.65, 0.999924, -0.0107092, 0.00608467, 0.0103741, 0.998558, 0.0526661, -0.00663991, -0.052599, 0.998594, 0.00291028  
251, 6.21131, 67.4813, 180.644, 0.999933, -0.0101747, 0.00556416, 0.00984396, 0.998352, 0.0565397, -0.00613026, -0.0564811, 0.998385, 0.00295466  
252, 6.23167, 67.3856, 180.732, 0.99994, -0.00955176, 0.00539169, 0.00920733, 0.998117, 0.0606476, -0.00596082, -0.0605944, 0.998145, 0.00300847  
253, 6.18855, 67.3361, 180.695, 0.999931, -0.00969414, 0.00668823, 0.00924341, 0.99788, 0.0644142, -0.0072985, -0.0643479, 0.997901, 0.0028487  
254, 6.21035, 67.2964, 180.693, 0.999945, -0.00889649, 0.00556762, 0.00849519, 0.997624, 0.0683651, -0.0061626, -0.068314, 0.997645, 0.00296242  
255, 6.21482, 67.1929, 180.757, 0.99995, -0.0084951, 0.00528588, 0.00807934, 0.997207, 0.0742431, -0.00590182, -0.0741967, 0.997226, 0.00283178  
256, 6.2289, 67.2327, 180.781, 0.999952, -0.00890633, 0.00407825, 0.00855441, 0.996805, 0.079414, -0.00477251, -0.0793753, 0.996833, 0.00294634  
257, 6.2498, 67.2459, 180.702, 0.999943, -0.00959913, 0.0047603, 0.00916634, 0.996437, 0.0838428, -0.00554815, -0.0837943, 0.996468, 0.00304231  
258, 6.20452, 67.0711, 180.795, 0.999925, -0.0110933, 0.00524657, 0.0106015, 0.996243, 0.0859491, -0.00618031, -0.085887, 0.996286, 0.00279988  
259, 6.19503, 67.0652, 180.837, 0.999912, -0.0119551, 0.00571078, 0.0113865, 0.995792, 0.0909325, -0.00677385, -0.0908595, 0.995841, 0.00301513  
260, 6.25022, 67.0271, 180.861, 0.999906, -0.0126778, 0.00516533, 0.0121219, 0.995283, 0.0962581, -0.0063613, -0.0961865, 0.995343, 0.00283122  
261, 6.33774, 66.9497, 180.883, 0.999918, -0.0117166, 0.005136, 0.0111329, 0.99474, 0.101826, -0.00630204, -0.101761, 0.994789, 0.00301207  
262, 6.2683, 66.883, 180.888, 0.999889, -0.0132272, 0.00689157, 0.0124369, 0.994471, 0.104271, -0.00823268, -0.104174, 0.994525, 0.00304037  
263, 6.32115, 66.8393, 180.88, 0.999876, -0.0145283, 0.00611052, 0.0137853, 0.994077, 0.1078, -0.00764048, -0.107703, 0.994154, 0.00280127  
264, 6.39416, 66.6994, 180.886, 0.999875, -0.0146617, 0.00588342, 0.0139106, 0.993606, 0.11204, -0.0074885, -0.111944, 0.993686, 0.00303482  
265, 6.50265, 66.5261, 180.853, 0.999872, -0.0142327, 0.0073299, 0.0132914, 0.99322, 0.115485, -0.00892386, -0.115372, 0.993282, 0.00294301  
266, 6.63635, 66.3937, 180.863, 0.999873, -0.0147482, 0.00608428, 0.0139139, 0.992708, 0.119736, -0.0078058, -0.119636, 0.992787, 0.00297518  
267, 6.73995, 66.2811, 180.799, 0.999884, -0.0137735, 0.00652171, 0.0128253, 0.991684, 0.128059, -0.0082313, -0.12796, 0.991745, 0.00312996  
268, 6.84586, 66.0592, 180.835, 0.999883, -0.013316, 0.00747892, 0.01221, 0.991137, 0.132284, -0.00917412, -0.132177, 0.991184, 0.0028989  
269, 6.95826, 65.7157, 180.814, 0.999876, -0.013197, 0.00853974, 0.0119349, 0.990918, 0.133934, -0.0102297, -0.133815, 0.990953, 0.00293163  
270, 7.03221, 65.3964, 180.796, 0.999879, -0.0121397, 0.00972142, 0.0106603, 0.990101, 0.139954, -0.0113242, -0.139833, 0.99011, 0.00279988  
271, 7.18839, 65.1129, 180.786, 0.999891, -0.011808, 0.00888216, 0.010409, 0.989559, 0.143753, -0.0104868, -0.143645, 0.989574, 0.00297491  
272, 7.31796, 64.764, 180.756, 0.999878, -0.011804, 0.0102408, 0.0101646, 0.989004, 0.147538, -0.0118697, -0.147416, 0.989003, 0.00304092  
