0, 0, 0, 0, 0, 0, 0, 0, 0, 0, 0, 0, 0, 0.00623496  
1, 21.0972, 53.0698, 180.687, 0.995926, -0.0901475, -0.00223845, 0.0901214, 0.995882, -0.00983051, 0.00311543, 0.00958873, 0.999949, 0.00263095  
2, 21.0682, 53.0351, 180.671, 0.996012, -0.0892027, -0.00156957, 0.0891878, 0.995984, -0.00785327, 0.0022638, 0.00768197, 0.999968, 0.00292803  
3, 21.1211, 53.0624, 180.684, 0.995944, -0.089956, -0.00192009, 0.0899349, 0.995906, -0.00914474, 0.00273485, 0.00893497, 0.999956, 0.00289502  
4, 21.1169, 53.0649, 180.677, 0.995963, -0.0897486, -0.00152165, 0.0897322, 0.995928, -0.00866791, 0.00229339, 0.00849638, 0.999961, 0.0027125  
5, 21.103, 53.0512, 180.661, 0.996004, -0.0892825, -0.00220844, 0.0892599, 0.99597, -0.0087837, 0.00298377, 0.00855147, 0.999959, 0.00275245  
6, 21.127, 53.0589, 180.662, 0.995955, -0.0898392, -0.00186068, 0.0898205, 0.995922, -0.00845333, 0.00261253, 0.00825201, 0.999963, 0.00303537  
7, 21.1047, 53.0467, 180.697, 0.996008, -0.0892493, -0.00147284, 0.0892348, 0.995978, -0.00800201, 0.00218109, 0.00783864, 0.999967, 0.00309806  
8, 21.1121, 53.0821, 180.671, 0.995969, -0.0896546, -0.00290509, 0.0896258, 0.995936, -0.00886756, 0.00368831, 0.00857144, 0.999956, 0.0028953  
9, 21.145, 53.0568, 180.662, 0.995966, -0.0896826, -0.00291665, 0.0896524, 0.995931, -0.00920683, 0.00373047, 0.00890821, 0.999953, 0.00278351  
10, 21.1182, 53.0503, 180.677, 0.995971, -0.0896545, -0.00175146, 0.089638, 0.995943, -0.00794076, 0.00245628, 0.00775178, 0.999967, 0.0031172  
11, 21.1163, 53.0709, 180.68, 0.995976, -0.0896015, -0.00191669, 0.089579, 0.995933, -0.00966743, 0.00277512, 0.00945684, 0.999951, 0.00295632  
12, 21.1051, 53.0786, 180.659, 0.995971, -0.0896585, -0.00180399, 0.0896395, 0.995936, -0.00874243, 0.00258049, 0.0085455, 0.99996, 0.00296409  
13, 21.1131, 53.0442, 180.687, 0.995928, -0.090118, -0.00251432, 0.0900905, 0.995888, -0.00950487, 0.00336054, 0.00923965, 0.999952, 0.00293912  
14, 21.0933, 53.0556, 180.666, 0.995965, -0.0897274, -0.00141398, 0.0897139, 0.995938, -0.0077334, 0.00210214, 0.00757535, 0.999969, 0.00280321  
15, 21.1249, 53.0646, 180.65, 0.996007, -0.0892304, -0.00283911, 0.089199, 0.995966, -0.00973679, 0.00369648, 0.00944466, 0.999949, 0.00290806  
16, 21.0956, 53.0626, 180.682, 0.995937, -0.0900496, -0.00124278, 0.0900349, 0.995898, -0.00898265, 0.00204656, 0.00883426, 0.999959, 0.00292609  
17, 21.1161, 53.0833, 180.673, 0.995927, -0.0901325, -0.00250373, 0.0901069, 0.995892, -0.00894358, 0.00329955, 0.00868154, 0.999957, 0.00288836  
18, 21.1266, 53.0682, 180.691, 0.995968, -0.089676, -0.00256862, 0.0896508, 0.995936, -0.00863518, 0.00333254, 0.00837008, 0.999959, 0.0029369  
19, 21.1137, 53.0799, 180.675, 0.995945, -0.0899457, -0.00181, 0.0899276, 0.995913, -0.00835023, 0.00255367, 0.0081536, 0.999963, 0.00288393  
20, 21.1326, 53.0402, 180.662, 0.995982, -0.0895278, -0.00229259, 0.0895046, 0.995948, -0.00876419, 0.00306794, 0.00852378, 0.999959, 0.00290306  
21, 21.1076, 53.0443, 180.685, 0.99599, -0.0894517, -0.00179204, 0.0894348, 0.995961, -0.0079609, 0.00249692, 0.0077687, 0.999967, 0.0029921  
22, 21.1014, 53.0531, 180.671, 0.995945, -0.0899335, -0.00246192, 0.0899034, 0.995896, -0.0104171, 0.00338866, 0.0101535, 0.999943, 0.00288614  
23, 21.101, 53.0587, 180.68, 0.99599, -0.0894491, -0.00179002, 0.0894324, 0.995962, -0.00787341, 0.00248706, 0.00768175, 0.999967, 0.0028953  
24, 21.0885, 53.0346, 180.661, 0.995994, -0.0894073, -0.00158128, 0.0893935, 0.99597, -0.00729617, 0.00222724, 0.00712559, 0.999972, 0.00286895  
25, 21.1033, 53.0542, 180.687, 0.995938, -0.0900299, -0.0015286, 0.0900135, 0.995903, -0.0086406, 0.00230025, 0.00846791, 0.999962, 0.00291888  
26, 21.119, 53.0697, 180.661, 0.995948, -0.0899009, -0.00214212, 0.089879, 0.995914, -0.00874447, 0.0029195, 0.00851651, 0.999959, 0.00298129  
27, 21.1169, 53.0731, 180.679, 0.995963, -0.0897529, -0.0016732, 0.089733, 0.99592, -0.00955565, 0.00252402, 0.00936693, 0.999953, 0.00278684  
28, 21.1233, 53.0573, 180.681, 0.995963, -0.0897333, -0.00255849, 0.0897068, 0.995927, -0.00906866, 0.00336183, 0.00880253, 0.999956, 0.00297463  
29, 21.1102, 53.062, 180.692, 0.995928, -0.0901364, -0.00147138, 0.0901182, 0.995884, -0.00964854, 0.00233501, 0.00947666, 0.999952, 0.00281347  
30, 21.0877, 53.0439, 180.659, 0.995947, -0.0899306, -0.00114935, 0.0899181, 0.995915, -0.0082833, 0.00188958, 0.00814639, 0.999965, 0.00295355  
31, 21.1326, 53.0775, 180.654, 0.99602, -0.0891209, -0.00156522, 0.0891076, 0.995996, -0.00716898, 0.00219786, 0.00700097, 0.999973, 0.003024  
32, 21.113, 53.07, 180.652, 0.996041, -0.0888859, -0.00154457, 0.0888724, 0.996016, -0.00727002, 0.00218462, 0.00710397, 0.999972, 0.0029738  
33, 21.0702, 53.0694, 180.687, 0.995957, -0.0897862, -0.00271571, 0.0897562, 0.995917, -0.00964736, 0.00357082, 0.0093646, 0.99995, 0.00296769  
34, 21.1157, 53.0758, 180.675, 0.995927, -0.0901311, -0.00259948, 0.0901039, 0.99589, -0.0091397, 0.00341256, 0.00886825, 0.999955, 0.00285591  
35, 21.1183, 53.0679, 180.667, 0.99596, -0.0897713, -0.00211305, 0.08975, 0.995927, -0.00864203, 0.00288025, 0.00841747, 0.99996, 0.00292026  
36, 21.1346, 53.0526, 180.695, 0.995952, -0.0898607, -0.00214782, 0.0898405, 0.995923, -0.00812091, 0.00286881, 0.00789508, 0.999965, 0.00296131  
37, 21.0904, 53.0735, 180.676, 0.995931, -0.0900926, -0.00225649, 0.0900713, 0.995901, -0.00822997, 0.0029887, 0.00799323, 0.999964, 0.00284398  
38, 21.1291, 53.0795, 180.676, 0.995983, -0.0895231, -0.00178836, 0.0895055, 0.995952, -0.00827148, 0.00252161, 0.00807818, 0.999964, 0.00288254  
39, 21.1288, 53.0765, 180.658, 0.996053, -0.0887416, -0.00196096, 0.0887246, 0.996028, -0.00751683, 0.00262023, 0.00731317, 0.99997, 0.00287144  
40, 21.1039, 53.0678, 180.66, 0.995949, -0.0899023, -0.00202037, 0.0898806, 0.995911, -0.00904814, 0.00282556, 0.00882989, 0.999957, 0.00295355  
41, 21.1166, 53.0477, 180.649, 0.995973, -0.0896408, -0.00129708, 0.0896284, 0.995946, -0.00763002, 0.00197578, 0.00748305, 0.99997, 0.00298961  
42, 21.0954, 53.0582, 180.676, 0.995969, -0.0896913, -0.00109904, 0.0896791, 0.995936, -0.00831421, 0.00184029, 0.00818213, 0.999965, 0.00279905  
43, 21.106, 53.0593, 180.669, 0.995948, -0.0898784, -0.00294044, 0.089845, 0.995906, -0.0100013, 0.00382731, 0.00969662, 0.999946, 0.00296492  
44, 21.1329, 53.0461, 180.652, 0.995958, -0.0897958, -0.00194695, 0.0897768, 0.995927, -0.00831151, 0.00268536, 0.00810313, 0.999964, 0.00283095  
45, 21.116, 53.0844, 180.679, 0.995946, -0.0899265, -0.00196473, 0.0899067, 0.995913, -0.00856206, 0.00272666, 0.00835071, 0.999961, 0.00290445  
46, 21.139, 53.0925, 180.706, 0.995933, -0.0900462, -0.00315461, 0.0900089, 0.995886, -0.0104433, 0.00408201, 0.0101169, 0.99994, 0.00298295  
47, 21.0989, 53.0544, 180.679, 0.995924, -0.0901781, -0.00185898, 0.0901589, 0.99589, -0.00864812, 0.00263121, 0.00844526, 0.999961, 0.00288476  
48, 21.1306, 53.0765, 180.677, 0.995982, -0.0895236, -0.00236859, 0.0894993, 0.995947, -0.00888659, 0.00315455, 0.00863889, 0.999958, 0.00295604  
49, 21.1123, 53.0961, 180.676, 0.995999, -0.0893405, -0.0021321, 0.0893184, 0.995964, -0.00886006, 0.00291505, 0.00863417, 0.999958, 0.00298933  
50, 21.1131, 53.0368, 180.699, 0.995919, -0.0902387, -0.00173173, 0.0902213, 0.995887, -0.0083487, 0.00247798, 0.00815839, 0.999964, 0.00433768  
51, 21.0908, 53.081, 180.679, 0.995952, -0.0898635, -0.00180468, 0.0898449, 0.995919, -0.00858193, 0.00256852, 0.00838505, 0.999962, 0.00302733  
52, 21.1185, 53.0553, 180.67, 0.995949, -0.0898916, -0.00233452, 0.0898699, 0.99592, -0.00816276, 0.00305876, 0.00791989, 0.999964, 0.00290334  
53, 21.1212, 53.075, 180.641, 0.99596, -0.0897834, -0.0018216, 0.0897649, 0.995927, -0.00851097, 0.00257832, 0.00831307, 0.999962, 0.00295105  
54, 21.1098, 53.0749, 180.662, 0.995893, -0.0905162, -0.00178482, 0.0904967, 0.995856, -0.00896503, 0.0025889, 0.0087667, 0.999958, 0.0028229  
55, 21.1151, 53.0885, 180.673, 0.995968, -0.0896727, -0.00241815, 0.0896526, 0.995945, -0.00743013, 0.00307462, 0.00718338, 0.999969, 0.00292137  
56, 21.116, 53.0567, 180.665, 0.995966, -0.0897142, -0.00160682, 0.089698, 0.995934, -0.0082966, 0.00234461, 0.00811901, 0.999964, 0.00297712  
57, 21.101, 53.0641, 180.685, 0.995924, -0.0901814, -0.00181256, 0.0901621, 0.995888, -0.0088197, 0.00260048, 0.00862032, 0.999959, 0.00279932  
58, 21.1272, 53.0701, 180.646, 0.995924, -0.0901739, -0.00201165, 0.0901515, 0.995885, -0.00929447, 0.00284149, 0.00907523, 0.999955, 0.00297823  
59, 21.0911, 53.0541, 180.677, 0.995916, -0.0902736, -0.00143313, 0.0902587, 0.995884, -0.00832067, 0.00217837, 0.00815734, 0.999964, 0.00292137  
60, 21.1098, 53.0633, 180.665, 0.995924, -0.0901808, -0.00181383, 0.0901625, 0.995891, -0.00844067, 0.00256756, 0.00824272, 0.999963, 0.00289863  
61, 21.0946, 53.0889, 180.659, 0.995946, -0.0899264, -0.00218544, 0.0899017, 0.995905, -0.00958329, 0.00303828, 0.00934796, 0.999952, 0.00376572  
62, 21.1177, 53.0525, 180.663, 0.995956, -0.0898312, -0.00132381, 0.0898165, 0.995921, -0.00864237, 0.00209476, 0.00848853, 0.999962, 0.00406751  
63, 21.0936, 53.0517, 180.671, 0.995965, -0.0897198, -0.00207392, 0.0896979, 0.995929, -0.00893084, 0.00286675, 0.00870877, 0.999958, 0.00294051  
64, 21.0932, 53.0746, 180.683, 0.995964, -0.0897402, -0.00158062, 0.0897216, 0.995923, -0.00934201, 0.00241253, 0.00916249, 0.999955, 0.00299821  
65, 21.1263, 53.0688, 180.657, 0.99588, -0.090663, -0.00197938, 0.0906408, 0.99584, -0.00933897, 0.00281784, 0.00912107, 0.999954, 0.00278102  
66, 21.1016, 53.0537, 180.672, 0.995971, -0.0896627, -0.0017305, 0.0896465, 0.995943, -0.0078611, 0.00242833, 0.0076743, 0.999968, 0.00292886  
67, 21.0986, 53.0739, 180.684, 0.995901, -0.0904104, -0.00252265, 0.09038, 0.995854, -0.010315, 0.00344478, 0.0100447, 0.999944, 0.00299099  
68, 21.1039, 53.058, 180.681, 0.995953, -0.0898635, -0.00154663, 0.0898484, 0.995923, -0.00798946, 0.00225829, 0.00781817, 0.999967, 0.00297574  
69, 21.0943, 53.0671, 180.658, 0.995941, -0.089973, -0.0026293, 0.0899399, 0.995889, -0.0107611, 0.0035867, 0.0104809, 0.999939, 0.00295355  
70, 21.1303, 53.0792, 180.667, 0.995986, -0.089481, -0.00229381, 0.0894593, 0.995956, -0.00828027, 0.00302546, 0.00804183, 0.999963, 0.00288781  
71, 21.1097, 53.0612, 180.675, 0.995944, -0.0899556, -0.00198213, 0.0899359, 0.995912, -0.00845748, 0.00273482, 0.00824491, 0.999962, 0.00293274  
72, 21.1074, 53.0801, 180.674, 0.995965, -0.0896979, -0.00275202, 0.0896718, 0.995935, -0.00847503, 0.00350103, 0.00819406, 0.99996, 0.00298739  
73, 21.1216, 53.0739, 180.667, 0.995923, -0.0901873, -0.0021415, 0.0901623, 0.995879, -0.00979777, 0.00301631, 0.00956474, 0.99995, 0.0029186  
74, 21.116, 53.062, 180.671, 0.995956, -0.0898277, -0.00161928, 0.0898108, 0.995922, -0.00854545, 0.0023803, 0.00836547, 0.999962, 0.00297712  
75, 21.1134, 53.0511, 180.682, 0.995993, -0.0894067, -0.00195945, 0.0893877, 0.995963, -0.00826406, 0.0026904, 0.0080558, 0.999964, 0.00275051  
76, 21.1118, 53.0752, 180.678, 0.995915, -0.0902436, -0.00319678, 0.0902032, 0.995862, -0.0110882, 0.00418419, 0.0107546, 0.999933, 0.00278046  
77, 21.124, 53.0461, 180.683, 0.995948, -0.0899047, -0.00235209, 0.0898777, 0.995905, -0.00977171, 0.00322098, 0.00952071, 0.999949, 0.0032484  
78, 21.0902, 53.0584, 180.675, 0.995904, -0.0904055, -0.00113386, 0.0903927, 0.99587, -0.00853454, 0.00190075, 0.0083971, 0.999963, 0.00296104  
79, 21.1018, 53.0756, 180.688, 0.995974, -0.0896178, -0.00194492, 0.0895952, 0.995932, -0.00963433, 0.00280041, 0.00942129, 0.999952, 0.00266979  
80, 21.1087, 53.0641, 180.669, 0.995945, -0.0899361, -0.00206659, 0.0899147, 0.995911, -0.00878043, 0.00284782, 0.00855901, 0.999959, 0.00262041  
81, 21.1065, 53.0701, 180.667, 0.995953, -0.0898488, -0.00199974, 0.0898294, 0.995923, -0.00826629, 0.0027343, 0.00805321, 0.999964, 0.00278268  
82, 21.0971, 53.0627, 180.677, 0.995926, -0.0901489, -0.002043, 0.0901242, 0.99588, -0.0100178, 0.00293768, 0.0097929, 0.999948, 0.00284232  
83, 21.1166, 53.0467, 180.664, 0.995931, -0.0901136, -0.00139288, 0.0901002, 0.995902, -0.00776252, 0.00208668, 0.00760543, 0.999969, 0.00278351  
84, 21.0767, 53.083, 180.675, 0.995991, -0.0894369, -0.00166862, 0.0894213, 0.995963, -0.00781449, 0.00236079, 0.00763395, 0.999968, 0.00293302  
85, 21.125, 53.0658, 180.668, 0.995972, -0.0896396, -0.00204184, 0.0896193, 0.99594, -0.00850031, 0.00279551, 0.00828308, 0.999962, 0.00278213  
86, 21.0994, 53.055, 180.688, 0.995985, -0.0894816, -0.00255333, 0.0894576, 0.995956, -0.00831486, 0.00328703, 0.00805306, 0.999962, 0.00308114  
87, 21.0872, 53.0462, 180.691, 0.995916, -0.0902647, -0.00207306, 0.0902399, 0.995871, -0.009934, 0.00296119, 0.00970636, 0.999949, 0.00284565  
88, 21.0889, 53.0572, 180.678, 0.995967, -0.0897048, -0.00152779, 0.0896887, 0.995933, -0.00851639, 0.00228554, 0.00834502, 0.999963, 0.00278684  
89, 21.1278, 53.0832, 180.648, 0.996035, -0.0889488, -0.00144085, 0.0889364, 0.996012, -0.00708874, 0.00206564, 0.00693249, 0.999974, 0.00277769  
90, 21.088, 53.0593, 180.669, 0.996008, -0.0892535, -0.00138621, 0.0892373, 0.995969, -0.00910387, 0.00219317, 0.00894383, 0.999958, 0.00275827  
91, 21.0883, 53.0669, 180.671, 0.995967, -0.0896897, -0.00232529, 0.0896645, 0.995929, -0.00930175, 0.0031501, 0.00905574, 0.999954, 0.0027935  
92, 21.1278, 53.0655, 180.647, 0.99598, -0.0895549, -0.00182103, 0.089538, 0.995952, -0.00786944, 0.00251841, 0.00767475, 0.999967, 0.0029136  
93, 21.119, 53.06, 180.663, 0.995941, -0.0899872, -0.00219034, 0.0899648, 0.995906, -0.00876674, 0.00297027, 0.0085341, 0.999959, 0.00299876  
94, 21.1033, 53.0623, 180.678, 0.995973, -0.0896526, -0.000970302, 0.0896399, 0.995931, -0.00927385, 0.00179778, 0.00914952, 0.999957, 0.00281735  
95, 21.096, 53.0891, 180.675, 0.995996, -0.0893915, -0.0012457, 0.0893797, 0.995969, -0.00751529, 0.00191248, 0.00737386, 0.999971, 0.00285092  
96, 21.0945, 53.0591, 180.671, 0.99597, -0.0896627, -0.00213987, 0.0896384, 0.995928, -0.00957932, 0.00299006, 0.0093489, 0.999952, 0.00316325  
97, 21.11, 53.0438, 180.677, 0.995969, -0.0896946, -0.00122084, 0.0896831, 0.995942, -0.0074596, 0.00188497, 0.00732004, 0.999971, 0.00280515  
98, 21.1221, 53.0673, 180.657, 0.995903, -0.0903941, -0.00240371, 0.0903673, 0.995862, -0.00959736, 0.00326131, 0.00934082, 0.999951, 0.0028695  
99, 21.1149, 53.0615, 180.657, 0.99601, -0.0892105, -0.00241768, 0.0891839, 0.99597, -0.00950583, 0.00325596, 0.00925229, 0.999952, 0.00303815  
100, 21.1389, 53.0444, 180.657, 0.995991, -0.0894324, -0.00202731, 0.0894111, 0.995955, -0.00890836, 0.0028158, 0.00869138, 0.999958, 0.00291222  
101, 21.1009, 53.0859, 180.685, 0.995922, -0.0901893, -0.00208999, 0.09017, 0.995894, -0.00799238, 0.00280224, 0.00777134, 0.999966, 0.00295688  
102, 21.0709, 53.1537, 180.699, 0.995945, -0.0899449, -0.00191467, 0.0899307, 0.995927, -0.00651653, 0.002493, 0.00631792, 0.999977, 0.00292415  
103, 21.0787, 53.2442, 180.669, 0.995964, -0.0897328, -0.00215922, 0.0897187, 0.995949, -0.00593406, 0.00268295, 0.00571639, 0.99998, 0.00288004  
104, 21.078, 53.3394, 180.658, 0.995905, -0.0903336, -0.00366946, 0.0903189, 0.995905, -0.00399843, 0.00401562, 0.00365063, 0.999985, 0.00303288  
105, 21.0529, 53.371, 180.718, 0.996032, -0.0889606, -0.00267564, 0.0889563, 0.996034, -0.00170768, 0.00281695, 0.00146289, 0.999995, 0.00292387  
106, 21.0724, 53.4969, 180.716, 0.996004, -0.0892676, -0.00281982, 0.0892719, 0.996006, 0.00142372, 0.00268146, -0.00166976, 0.999995, 0.00290473  
107, 21.0665, 53.5646, 180.684, 0.996031, -0.088972, -0.00237731, 0.0889806, 0.996026, 0.00379942, 0.00202982, -0.00399588, 0.99999, 0.00298073  
108, 21.0692, 53.624, 180.69, 0.996093, -0.0882736, -0.00262344, 0.0882904, 0.996069, 0.00715583, 0.00198145, -0.00735949, 0.999971, 0.00287699  
109, 21.0568, 53.6999, 180.709, 0.996, -0.0893365, -0.00173042, 0.0893488, 0.995956, 0.00935837, 0.000887375, -0.00947555, 0.999955, 0.00307282  
110, 21.0142, 53.8192, 180.699, 0.996081, -0.0883895, -0.00327028, 0.0884231, 0.996009, 0.0121757, 0.00218102, -0.0124172, 0.999921, 0.00289336  
111, 21.0012, 53.9422, 180.682, 0.996083, -0.0883874, -0.00265322, 0.0884188, 0.995954, 0.0160623, 0.00122278, -0.016234, 0.999867, 0.0029885  
112, 21.0137, 54.0817, 180.702, 0.996188, -0.0871323, -0.0042559, 0.0871966, 0.996019, 0.0185155, 0.00262566, -0.018816, 0.99982, 0.00289058  
113, 20.9562, 54.1782, 180.733, 0.996251, -0.0863967, -0.00443263, 0.0864757, 0.995994, 0.0227734, 0.00244733, -0.0230713, 0.999731, 0.00294717  
114, 20.952, 54.2143, 180.801, 0.99621, -0.0868855, -0.004132, 0.0869617, 0.995902, 0.0248366, 0.00195713, -0.0251018, 0.999683, 0.00287644  
115, 20.967, 54.2837, 180.784, 0.996277, -0.0860317, -0.00554808, 0.0861485, 0.995936, 0.0262762, 0.00326495, -0.0266563, 0.999639, 0.00291194  
116, 20.9178, 54.3666, 180.819, 0.996303, -0.0856901, -0.00618317, 0.0858343, 0.995888, 0.0289695, 0.00367535, -0.0293931, 0.999561, 0.00294966  
117, 20.9278, 54.4306, 180.837, 0.996362, -0.0849959, -0.00627852, 0.0851582, 0.995816, 0.0331541, 0.00343429, -0.0335681, 0.999431, 0.002834  
118, 20.9279, 54.492, 180.886, 0.996369, -0.084915, -0.00611094, 0.0850833, 0.995693, 0.0368328, 0.00295696, -0.037219, 0.999303, 0.00294467  
119, 20.9529, 54.5184, 180.896, 0.996357, -0.0850513, -0.00632295, 0.0852397, 0.995518, 0.0409698, 0.00281008, -0.0413594, 0.99914, 0.00304314  
120, 20.8964, 54.5749, 180.934, 0.996354, -0.0850777, -0.00631957, 0.0852708, 0.995441, 0.0427372, 0.00265478, -0.0431203, 0.999066, 0.00292997  
121, 20.9037, 54.6038, 180.925, 0.996373, -0.0848292, -0.00665866, 0.0850498, 0.995256, 0.0472487, 0.002619, -0.0476436, 0.998861, 0.00284481  
122, 20.8887, 54.561, 180.971, 0.996362, -0.0848899, -0.007574, 0.0851594, 0.995172, 0.0487828, 0.00339627, -0.0492503, 0.998781, 0.00287921  
123, 20.8311, 54.5997, 180.877, 0.996374, -0.0844118, -0.0106854, 0.0848683, 0.99493, 0.0539688, 0.0060756, -0.05468, 0.998485, 0.00295771  
124, 20.7942, 54.5264, 180.945, 0.996363, -0.0845534, -0.010569, 0.0850173, 0.994784, 0.0563662, 0.00574791, -0.0570597, 0.998354, 0.00296353  
125, 20.7611, 54.4897, 180.971, 0.99632, -0.0848909, -0.0118045, 0.085456, 0.994475, 0.0609591, 0.00656439, -0.0617435, 0.99807, 0.00286895  
126, 20.7852, 54.4164, 181.079, 0.996508, -0.0829688, -0.00935312, 0.0834015, 0.994417, 0.0646471, 0.00393721, -0.0652014, 0.997864, 0.00296076  
127, 20.7416, 54.3677, 181.12, 0.996459, -0.0836042, -0.00894307, 0.0840182, 0.994181, 0.0674185, 0.00325456, -0.0679311, 0.997685, 0.00296769  
128, 20.7151, 54.306, 181.102, 0.996508, -0.083071, -0.00840888, 0.0834617, 0.993907, 0.0719898, 0.00237738, -0.0724402, 0.99737, 0.00295715  
129, 20.6774, 54.2895, 181.098, 0.996531, -0.0828343, -0.00802838, 0.0832033, 0.993726, 0.0747421, 0.0017868, -0.0751508, 0.997171, 0.00293191  
130, 20.622, 54.2124, 181.13, 0.996537, -0.0829614, -0.00567025, 0.0831472, 0.993197, 0.0815297, -0.00113214, -0.0817188, 0.996655, 0.00297518  
131, 20.5834, 54.1452, 181.143, 0.996538, -0.0827089, -0.00838946, 0.083117, 0.993255, 0.0808447, 0.0016463, -0.0812622, 0.996691, 0.00306006  
132, 20.5354, 53.9597, 181.184, 0.996459, -0.0838232, -0.00659576, 0.0840809, 0.992908, 0.084051, -0.000496447, -0.084308, 0.99644, 0.00287727  
133, 20.4756, 53.8188, 181.167, 0.996433, -0.0841854, -0.00581275, 0.0843684, 0.992461, 0.0888999, -0.00171514, -0.0890732, 0.996024, 0.00293912  
134, 20.4607, 53.6365, 181.137, 0.996487, -0.0833793, -0.00779806, 0.0837426, 0.992488, 0.08919, 0.000302885, -0.0895297, 0.995984, 0.00296936  
135, 20.39, 53.4337, 181.118, 0.996525, -0.0830227, -0.00670203, 0.083283, 0.991943, 0.0954605, -0.00127735, -0.0956869, 0.995411, 0.0029247  
136, 20.3331, 53.3661, 181.112, 0.99655, -0.0826174, -0.00796134, 0.0829988, 0.991391, 0.101267, -0.000473588, -0.101578, 0.994827, 0.00302095  
137, 20.301, 53.0662, 181.048, 0.996614, -0.0815539, -0.0105031, 0.0822012, 0.991363, 0.102188, 0.00207856, -0.102705, 0.99471, 0.00286728  
138, 20.2312, 52.8383, 181.039, 0.996727, -0.0801254, -0.0107712, 0.0808142, 0.991196, 0.104882, 0.00227261, -0.105409, 0.994426, 0.0027935  
139, 20.1447, 52.5549, 180.983, 0.996677, -0.0809312, -0.00924871, 0.0814579, 0.990162, 0.113773, -5.00251e-005, -0.114148, 0.993464, 0.00289863  
140, 20.1524, 52.1337, 180.997, 0.996792, -0.079106, -0.0121979, 0.0799701, 0.990684, 0.110225, 0.00336488, -0.110847, 0.993832, 0.00278074  
141, 20.0855, 51.7882, 180.941, 0.996737, -0.0796731, -0.0129556, 0.0806329, 0.990195, 0.114072, 0.00374003, -0.114745, 0.993388, 0.00299793  
142, 19.9387, 51.3577, 180.915, 0.996848, -0.0781999, -0.0133395, 0.0792429, 0.989435, 0.121402, 0.00370493, -0.122076, 0.992514, 0.00292165  
143, 19.8979, 50.8844, 180.881, 0.996902, -0.0774575, -0.0136788, 0.0785671, 0.988869, 0.126356, 0.00373937, -0.127039, 0.991891, 0.00292415  
144, 19.8147, 50.3046, 180.874, 0.996919, -0.0769431, -0.0152598, 0.0782625, 0.988782, 0.127219, 0.00530004, -0.128021, 0.991757, 0.00296936  
145, 19.742, 49.6861, 180.861, 0.996947, -0.0762744, -0.0167002, 0.0778063, 0.988381, 0.130573, 0.00654679, -0.131473, 0.991298, 0.00293053  
146, 19.7571, 48.9625, 180.898, 0.99688, -0.077139, -0.0167539, 0.0786604, 0.988516, 0.129028, 0.00660839, -0.129943, 0.991499, 0.00300542  
147, 19.6926, 48.3438, 180.865, 0.996849, -0.0773597, -0.0175169, 0.0789954, 0.988181, 0.131369, 0.00714722, -0.132338, 0.991179, 0.00285646  
148, 19.6856, 47.5586, 180.906, 0.996701, -0.0791076, -0.0181217, 0.0808206, 0.987813, 0.13302, 0.00737791, -0.134046, 0.990948, 0.00296215  
149, 19.6348, 46.7154, 180.897, 0.996678, -0.079241, -0.0188055, 0.0810491, 0.987719, 0.133577, 0.0079898, -0.134657, 0.99086, 0.00291388  
150, 19.6855, 45.8228, 180.883, 0.996722, -0.0784483, -0.0197573, 0.0803879, 0.987828, 0.133165, 0.0090702, -0.134317, 0.990897, 0.00301873  
151, 19.7353, 44.7992, 180.866, 0.996665, -0.0790904, -0.0201068, 0.0810821, 0.987615, 0.134323, 0.00923411, -0.135505, 0.990734, 0.0029946  
152, 19.8634, 43.8369, 180.885, 0.996606, -0.0793365, -0.0219642, 0.081569, 0.987682, 0.13353, 0.0110998, -0.134868, 0.990801, 0.00294439  
153, 19.9446, 42.7999, 180.904, 0.996745, -0.0781054, -0.0199497, 0.0801223, 0.987124, 0.138443, 0.00887963, -0.139591, 0.990169, 0.00304897  
154, 20.0941, 41.7947, 180.853, 0.996849, -0.0772083, -0.0181823, 0.0790013, 0.986943, 0.140367, 0.00710739, -0.141361, 0.989933, 0.00280681  
155, 20.2919, 40.6068, 180.896, 0.996944, -0.0756597, -0.0194562, 0.0776211, 0.987487, 0.137277, 0.00882642, -0.138368, 0.990342, 0.00289391  
156, 20.472, 39.4234, 180.809, 0.996881, -0.0775256, -0.014736, 0.0788198, 0.987287, 0.13803, 0.00384782, -0.138761, 0.990318, 0.0030523  
157, 20.6264, 38.1329, 180.809, 0.997067, -0.0757349, -0.0110602, 0.0765366, 0.987515, 0.137679, 0.000495032, -0.138121, 0.990415, 0.00275411  
158, 20.8333, 36.8194, 180.801, 0.997081, -0.0755186, -0.0112799, 0.0763502, 0.987937, 0.134726, 0.000969552, -0.135194, 0.990819, 0.00306422  
159, 21.1347, 35.3721, 180.778, 0.997193, -0.0743213, -0.00910116, 0.0748688, 0.987959, 0.135391, -0.00107086, -0.135692, 0.99075, 0.00310278  
160, 21.5004, 34.0199, 180.719, 0.997219, -0.07368, -0.011217, 0.0745187, 0.988219, 0.133682, 0.00123519, -0.134146, 0.990961, 0.00297185  
161, 21.886, 32.5945, 180.709, 0.997118, -0.0752447, -0.00968789, 0.0758634, 0.987903, 0.135246, -0.000605839, -0.135591, 0.990765, 0.00306561  
162, 22.3039, 31.0677, 180.712, 0.997109, -0.0749801, -0.0122978, 0.0759506, 0.988201, 0.133005, 0.00218001, -0.133554, 0.991039, 0.00288365  
163, 22.6859, 29.646, 180.725, 0.996957, -0.0770605, -0.011796, 0.0779459, 0.988002, 0.133327, 0.00138017, -0.133841, 0.991002, 0.00302345  
164, 23.1688, 28.0233, 180.821, 0.996927, -0.0774452, -0.01179, 0.0783093, 0.989257, 0.123443, 0.00210334, -0.123986, 0.992282, 0.00281513  
165, 23.4782, 26.4131, 180.868, 0.997117, -0.0754177, -0.00840482, 0.0758697, 0.988599, 0.130064, -0.00150014, -0.130327, 0.99147, 0.00283899  
166, 23.8798, 24.8015, 180.87, 0.997007, -0.0770164, -0.00681678, 0.0772673, 0.989302, 0.123736, -0.00278581, -0.123892, 0.992292, 0.00309779  
167, 24.2402, 23.0713, 180.898, 0.997011, -0.0771431, -0.00413054, 0.077098, 0.990188, 0.116549, -0.00490091, -0.116519, 0.993176, 0.00309279  
168, 24.6101, 21.2621, 180.825, 0.996931, -0.0782618, 0.00191603, 0.0774602, 0.989673, 0.120616, -0.0113358, -0.120097, 0.992697, 0.00276521  
169, 25.0105, 19.4055, 180.869, 0.996744, -0.0806113, 0.00155956, 0.0799219, 0.990402, 0.11277, -0.0106351, -0.112278, 0.99362, 0.00297934  
170, 25.4379, 17.3755, 180.909, 0.996782, -0.0801362, 0.00212463, 0.0793845, 0.990426, 0.112937, -0.0111546, -0.112404, 0.9936, 0.00298822  
171, 25.911, 15.4902, 180.898, 0.996616, -0.082186, 0.00125745, 0.081481, 0.98985, 0.116441, -0.0108145, -0.115945, 0.993197, 0.00315215  
172, 26.3342, 13.533, 180.913, 0.996546, -0.0830341, 0.000697752, 0.0824578, 0.990551, 0.109591, -0.00979099, -0.109155, 0.993976, 0.00295383  
173, 26.6425, 11.7729, 180.885, 0.996577, -0.0826598, 0.00139051, 0.0820309, 0.990804, 0.107599, -0.0102718, -0.107116, 0.994193, 0.00280348  
174, 27.0224, 9.64821, 180.842, 0.996632, -0.0818518, 0.0049257, 0.080896, 0.991264, 0.104174, -0.0134095, -0.103425, 0.994547, 0.00280071  
175, 27.3525, 7.52353, 180.902, 0.996739, -0.0803653, 0.00725031, 0.0793, 0.992202, 0.0961581, -0.0149215, -0.0952696, 0.99534, 0.00299405  
176, 27.6704, 5.42042, 180.97, 0.996517, -0.0828034, 0.00986404, 0.0814913, 0.992095, 0.0954282, -0.0176878, -0.094292, 0.995387, 0.0031871  
177, 28.0479, 3.20364, 180.995, 0.996346, -0.0849887, 0.00841319, 0.083931, 0.992616, 0.0875737, -0.0157938, -0.0865476, 0.996123, 0.0028143  
178, 28.394, 0.946001, 180.982, 0.996346, -0.0850966, 0.00724483, 0.0842034, 0.992971, 0.0831814, -0.0142724, -0.0822674, 0.996508, 0.00285369  
179, 28.6525, -1.34671, 180.993, 0.996396, -0.0843794, 0.00863846, 0.0834267, 0.993314, 0.0797912, -0.0153134, -0.0787829, 0.996774, 0.00281791  
180, 28.8965, -3.81272, 180.998, 0.996498, -0.083038, 0.00978206, 0.0820649, 0.993744, 0.0757489, -0.0160109, -0.0746809, 0.997079, 0.00283871  
181, 29.1239, -6.29801, 180.906, 0.996713, -0.0806497, 0.00765945, 0.0799594, 0.994544, 0.0669919, -0.0130205, -0.0661593, 0.997724, 0.00290889  
182, 29.237, -8.43885, 180.889, 0.996591, -0.0815981, 0.0121477, 0.0805713, 0.994347, 0.0691578, -0.0177222, -0.0679433, 0.997532, 0.00278684  
183, 29.4212, -10.8846, 180.965, 0.99658, -0.0819955, 0.0102522, 0.0811851, 0.994673, 0.0635235, -0.0154063, -0.0624739, 0.997928, 0.00298961  
184, 29.5132, -13.1355, 180.965, 0.996373, -0.0842679, 0.0118231, 0.0833881, 0.994612, 0.0615914, -0.0169496, -0.0603821, 0.998031, 0.0029774  
185, 29.7546, -15.8539, 181.004, 0.996306, -0.0853362, 0.00956509, 0.0847442, 0.995101, 0.0509067, -0.0138624, -0.049908, 0.998658, 0.00305091  
186, 29.7484, -18.107, 181.048, 0.996203, -0.086193, 0.0122664, 0.0853961, 0.994826, 0.0550378, -0.0169468, -0.0537813, 0.998409, 0.00294467  
187, 29.9725, -20.6504, 181.036, 0.9961, -0.0879382, 0.00720878, 0.0875179, 0.995104, 0.0459251, -0.0112121, -0.0451151, 0.998919, 0.00280681  
188, 30.0838, -23.1861, 181.013, 0.99614, -0.0872763, 0.00942935, 0.0867691, 0.995212, 0.0449979, -0.0133115, -0.044006, 0.998943, 0.0028842  
189, 30.153, -25.7205, 181.049, 0.996285, -0.0854371, 0.0108369, 0.0849448, 0.995591, 0.0397912, -0.0141888, -0.0387229, 0.999149, 0.00298905  
190, 30.1159, -28.1706, 181.095, 0.996308, -0.0854549, 0.00818579, 0.0851047, 0.995708, 0.0363597, -0.0112578, -0.0355288, 0.999305, 0.00295993  
191, 30.137, -30.881, 181.087, 0.996138, -0.0875076, 0.00714952, 0.0872894, 0.995828, 0.0266023, -0.00944759, -0.0258755, 0.999621, 0.00299821  
192, 30.0313, -33.4012, 180.976, 0.996276, -0.0859881, 0.00634588, 0.0858293, 0.996065, 0.0220847, -0.00821993, -0.0214578, 0.999736, 0.00294966  
193, 29.8304, -36.0497, 180.921, 0.996271, -0.0860852, 0.00572476, 0.0859812, 0.996161, 0.016437, -0.00711777, -0.0158835, 0.999849, 0.00292415  
194, 29.7156, -38.701, 180.886, 0.996256, -0.0864514, 0.000733174, 0.0864289, 0.996132, 0.0158636, -0.00210177, -0.0157409, 0.999874, 0.00286506  
195, 29.4355, -41.2067, 180.931, 0.996071, -0.0885511, -0.000558876, 0.0885512, 0.995994, 0.0124486, -0.000545705, -0.0124492, 0.999922, 0.00290833  
196, 29.305, -43.9154, 180.886, 0.996205, -0.0870294, -0.000755536, 0.0870326, 0.996163, 0.00921298, -4.91622e-005, -0.00924377, 0.999957, 0.00296242  
197, 29.199, -46.4488, 180.706, 0.996165, -0.0874763, -0.00153084, 0.0874807, 0.996161, 0.0031009, 0.00125371, -0.00322292, 0.999994, 0.00282429  
198, 28.9584, -48.8473, 180.731, 0.995941, -0.0900047, -0.001068, 0.0900027, 0.99594, -0.00182186, 0.00122764, 0.00171834, 0.999998, 0.00299072  
199, 28.8529, -51.4347, 180.726, 0.995683, -0.0926695, -0.00531415, 0.092628, 0.995672, -0.00759657, 0.00599512, 0.00707153, 0.999957, 0.00297546  
200, 28.7098, -53.9625, 180.744, 0.995803, -0.0914823, -0.00267121, 0.0914316, 0.995696, -0.0151894, 0.00404927, 0.0148814, 0.999881, 0.00295771  
201, 28.6802, -56.4303, 180.704, 0.996098, -0.0880463, -0.00610238, 0.0878503, 0.995763, -0.0271589, 0.00846777, 0.0265169, 0.999613, 0.00296131  
202, 28.7622, -58.9807, 180.742, 0.996077, -0.0882296, -0.00681723, 0.0880197, 0.995763, -0.0266085, 0.00913601, 0.0259041, 0.999623, 0.0028867  
203, 28.8425, -61.3526, 180.971, 0.995926, -0.0896327, -0.00988012, 0.0893318, 0.995621, -0.0275552, 0.0123067, 0.0265603, 0.999571, 0.00272277  
204, 28.8821, -63.9196, 181.077, 0.995633, -0.092792, -0.0102708, 0.092483, 0.99534, -0.0273064, 0.0127567, 0.0262373, 0.999574, 0.00287865  
205, 28.8617, -66.4382, 181.19, 0.995556, -0.0931138, -0.0140959, 0.09261, 0.995157, -0.0329517, 0.0170959, 0.0314999, 0.999358, 0.00296215  
206, 28.9384, -69.0099, 181.108, 0.995387, -0.0948537, -0.0144013, 0.0942292, 0.99478, -0.039165, 0.0180411, 0.0376273, 0.999129, 0.00298489  
207, 28.8879, -71.1382, 181.163, 0.995087, -0.0971185, -0.019222, 0.0962405, 0.99446, -0.0422831, 0.023222, 0.0402254, 0.998921, 0.00286811  
208, 28.9491, -73.7312, 181.199, 0.995096, -0.097314, -0.0177386, 0.0963635, 0.994175, -0.0482711, 0.0223327, 0.046325, 0.998677, 0.00298572  
209, 29.0287, -76.1913, 181.19, 0.995352, -0.0943078, -0.0194919, 0.093092, 0.994084, -0.055949, 0.024653, 0.0538744, 0.998243, 0.00287061  
210, 29.1106, -78.3915, 181.117, 0.995313, -0.0949189, -0.0184841, 0.0937462, 0.993998, -0.0563933, 0.0237259, 0.0543962, 0.998238, 0.00291388  
211, 29.2334, -80.9843, 181.03, 0.995586, -0.0922676, -0.0171725, 0.0909946, 0.993785, -0.0641232, 0.0229823, 0.0622776, 0.997794, 0.00297019  
212, 29.3972, -83.1032, 181.085, 0.995544, -0.0927196, -0.017169, 0.091586, 0.994108, -0.0579739, 0.0224432, 0.0561432, 0.99817, 0.00309473  
213, 29.6178, -85.2937, 181.226, 0.995565, -0.0921511, -0.0189366, 0.091063, 0.994488, -0.0519656, 0.0236209, 0.0500107, 0.998469, 0.00296908  
214, 29.9167, -87.7393, 181.247, 0.995564, -0.0921546, -0.0189928, 0.0908897, 0.9941, -0.0592041, 0.0243366, 0.0572152, 0.998065, 0.00295604  
215, 30.1633, -89.8244, 181.15, 0.995652, -0.0915114, -0.0174068, 0.0903833, 0.994262, -0.0572195, 0.0225432, 0.0553974, 0.99821, 0.00281513  
216, 30.5116, -92.3365, 181.115, 0.995594, -0.0925459, -0.0151209, 0.0913843, 0.993699, -0.0648882, 0.0210307, 0.0632205, 0.997778, 0.00304009  
217, 30.8239, -94.3759, 181.086, 0.995504, -0.0934003, -0.0157293, 0.0922024, 0.993635, -0.064715, 0.0216736, 0.0629737, 0.99778, 0.00300597  
218, 31.0641, -96.4612, 181.062, 0.995468, -0.0938283, -0.0154657, 0.0926807, 0.993694, -0.0631036, 0.021289, 0.0613842, 0.997887, 0.00286395  
219, 31.3185, -98.4802, 181.025, 0.995602, -0.0923616, -0.0157099, 0.0911406, 0.993653, -0.0659256, 0.0216991, 0.0642038, 0.997701, 0.00287006  
220, 31.4881, -100.648, 180.98, 0.995721, -0.0911415, -0.0152486, 0.0899316, 0.993698, -0.0669097, 0.0212508, 0.065252, 0.997643, 0.00291028  
221, 31.8391, -102.653, 181.025, 0.995735, -0.0906128, -0.0173252, 0.0891777, 0.993498, -0.0707789, 0.023626, 0.0689321, 0.997342, 0.00296492  
222, 32.0778, -104.732, 180.985, 0.995978, -0.089038, -0.0100132, 0.088211, 0.994, -0.0646729, 0.0157115, 0.0635295, 0.997856, 0.0029186  
223, 32.3978, -106.754, 180.956, 0.995887, -0.0899708, -0.0106818, 0.0890828, 0.993856, -0.0656819, 0.0165256, 0.0644602, 0.997783, 0.00294855  
224, 32.78, -108.803, 181.034, 0.996008, -0.0889512, -0.00741785, 0.0883166, 0.994123, -0.062604, 0.012943, 0.061699, 0.998011, 0.00292609  
225, 33.2353, -110.847, 181.038, 0.996076, -0.0880477, -0.00890318, 0.087299, 0.994106, -0.0642786, 0.0145103, 0.0632492, 0.997892, 0.00288476  
226, 33.7601, -112.717, 180.999, 0.996086, -0.0879848, -0.00847811, 0.087295, 0.994251, -0.0620003, 0.0138845, 0.0610175, 0.99804, 0.00288531  
227, 34.2953, -114.634, 180.967, 0.996115, -0.0878053, -0.00672507, 0.0872459, 0.994372, -0.0601017, 0.0119645, 0.0592815, 0.99817, 0.00294994  
228, 34.6393, -116.452, 180.982, 0.995981, -0.0894209, -0.00503874, 0.0889873, 0.994382, -0.0573254, 0.0101365, 0.0566466, 0.998343, 0.00294023  
229, 34.9938, -118.354, 181.027, 0.996046, -0.0887935, -0.00270969, 0.0885034, 0.9945, -0.0560002, 0.00766724, 0.0555389, 0.998427, 0.00290556  
230, 35.3795, -119.954, 181.045, 0.995919, -0.090242, -0.00144603, 0.0900365, 0.994507, -0.0533829, 0.00625547, 0.0530348, 0.998573, 0.00282762  
231, 35.9066, -121.816, 181.023, 0.995877, -0.0907139, 6.35523e-005, 0.0905931, 0.994514, -0.0522883, 0.00468007, 0.0520784, 0.998632, 0.003029  
232, 36.3663, -123.553, 181.054, 0.995974, -0.0896291, 0.00178073, 0.0896132, 0.994859, -0.0471676, 0.00245601, 0.0471373, 0.998885, 0.00279128  
233, 36.7691, -125.276, 181.037, 0.995854, -0.0909054, 0.00317504, 0.0909559, 0.994832, -0.0451329, 0.000944197, 0.0452346, 0.998976, 0.00301679  
234, 37.2265, -126.919, 181.083, 0.996074, -0.088109, 0.0085413, 0.0883689, 0.995384, -0.0374257, -0.00520434, 0.0380335, 0.999263, 0.00282873  
235, 37.5626, -128.831, 181.047, 0.99605, -0.0881312, 0.0108424, 0.0884755, 0.995392, -0.0369842, -0.00753296, 0.0377974, 0.999257, 0.00282651  
236, 38.0092, -130.329, 181.097, 0.996156, -0.0870256, 0.00999469, 0.0873056, 0.99566, -0.0322235, -0.00714704, 0.0329723, 0.999431, 0.00303815  
237, 38.4497, -132.061, 181.075, 0.995992, -0.0889452, 0.00945855, 0.089201, 0.995519, -0.031371, -0.00662587, 0.0320889, 0.999463, 0.00290057  
238, 38.9586, -133.92, 181.069, 0.996046, -0.0882675, 0.0101042, 0.0885634, 0.995489, -0.0340258, -0.00705524, 0.0347861, 0.99937, 0.0029652  
239, 39.3669, -135.203, 181.059, 0.995964, -0.0887423, 0.0134552, 0.0890479, 0.995735, -0.024129, -0.0112565, 0.0252298, 0.999618, 0.00295327  
240, 39.8209, -137.099, 181.08, 0.996018, -0.0879399, 0.0146636, 0.0882685, 0.995819, -0.0235107, -0.0125348, 0.0247114, 0.999616, 0.00298822  
241, 40.0713, -138.432, 181.136, 0.995939, -0.0889185, 0.0141024, 0.0891397, 0.995892, -0.015921, -0.0126288, 0.0171134, 0.999774, 0.00357405  
242, 40.5265, -140.289, 181.176, 0.995856, -0.089819, 0.0142632, 0.0900913, 0.995738, -0.0197529, -0.0124282, 0.0209561, 0.999703, 0.00268837  
243, 41.1545, -143.355, 180.975, 0.995935, -0.0885322, 0.016606, 0.0886568, 0.996038, -0.00692237, -0.0159274, 0.00836647, 0.999838, 0.00295993  
244, 41.4755, -144.916, 180.842, 0.996075, -0.0869305, 0.0166798, 0.0869521, 0.996212, -0.00056972, -0.0165671, 0.00201782, 0.999861, 0.00274551  
245, 41.8202, -146.752, 180.715, 0.995999, -0.0873221, 0.0189819, 0.0872809, 0.996179, 0.00298913, -0.0191704, -0.00132041, 0.999815, 0.00316574  
246, 42.1121, -148.124, 180.728, 0.996109, -0.0860185, 0.019151, 0.0858589, 0.996267, 0.00900891, -0.0198545, -0.00732958, 0.999776, 0.00281403  
247, 42.3247, -149.754, 180.713, 0.99578, -0.0891639, 0.0217236, 0.088911, 0.995963, 0.0123421, -0.0227364, -0.0103586, 0.999688, 0.0029971  
248, 42.5737, -151.235, 180.806, 0.995665, -0.0907101, 0.0205827, 0.090501, 0.995837, 0.0108744, -0.0214834, -0.00896451, 0.999729, 0.00282512  
249, 42.7267, -152.737, 180.841, 0.9955, -0.0918908, 0.0231414, 0.0913968, 0.995581, 0.0215709, -0.0250213, -0.0193588, 0.999499, 0.00289946  
250, 42.9385, -154.472, 180.951, 0.995735, -0.0895724, 0.0220888, 0.0890139, 0.995714, 0.025092, -0.0242417, -0.0230188, 0.999441, 0.00311443  
251, 42.9824, -156.1, 181.018, 0.995524, -0.0915707, 0.0233975, 0.0908373, 0.995393, 0.0306917, -0.0261002, -0.0284289, 0.999255, 0.00303094  
252, 43.1098, -157.966, 181.113, 0.995533, -0.0918405, 0.0218912, 0.0912106, 0.995432, 0.0282208, -0.024383, -0.0260981, 0.999362, 0.00278573  
253, 43.1732, -159.436, 181.048, 0.995488, -0.0925546, 0.0209285, 0.0917381, 0.995092, 0.0370903, -0.0242587, -0.035003, 0.999093, 0.00276881  
254, 43.2917, -161.271, 181.093, 0.995445, -0.0934687, 0.0187978, 0.0927672, 0.995064, 0.0352502, -0.0219998, -0.0333459, 0.999202, 0.00291832  
255, 43.2653, -162.82, 181.139, 0.995779, -0.0903022, 0.0164174, 0.0895565, 0.995114, 0.0415741, -0.0200914, -0.0399283, 0.999001, 0.00316047  
256, 43.3009, -164.453, 181.133, 0.995706, -0.0911892, 0.0159459, 0.0903034, 0.994685, 0.0494724, -0.0203725, -0.04782, 0.998648, 0.00301624  
257, 43.3406, -166.443, 181.123, 0.995766, -0.0905206, 0.0160077, 0.0896827, 0.994861, 0.0470042, -0.0201803, -0.0453696, 0.998766, 0.0030767  
258, 43.2568, -167.998, 181.12, 0.995395, -0.094092, 0.0183426, 0.0929523, 0.99413, 0.0553596, -0.0234438, -0.0533996, 0.998298, 0.0028168  
259, 43.3812, -170.067, 181.128, 0.995554, -0.0930147, 0.0148304, 0.0921155, 0.994348, 0.0527958, -0.0196573, -0.051195, 0.998495, 0.00284953  
260, 43.2895, -171.537, 181.103, 0.995386, -0.0948593, 0.0144156, 0.0937794, 0.993607, 0.0628552, -0.0202858, -0.0612133, 0.997919, 0.00307504  
261, 43.4203, -173.663, 181.121, 0.995489, -0.0941711, 0.0115948, 0.0933482, 0.993939, 0.0580645, -0.0169925, -0.0567202, 0.998245, 0.00290917  
262, 43.3783, -175.229, 181.069, 0.995388, -0.0952156, 0.0116541, 0.0942188, 0.993249, 0.0676648, -0.0180182, -0.0662548, 0.99764, 0.00285868  
263, 43.446, -177.117, 181.092, 0.995393, -0.0953058, 0.010502, 0.0943889, 0.993248, 0.0674442, -0.016859, -0.0661422, 0.997668, 0.00277741  
264, 43.4973, -179.036, 181.023, 0.995479, -0.0944788, 0.0097751, 0.0935526, 0.993074, 0.0710824, -0.0164232, -0.0698466, 0.997423, 0.00285314  
265, 43.5608, -180.829, 181.032, 0.995483, -0.0943955, 0.0101073, 0.0933705, 0.992762, 0.0755319, -0.017164, -0.0742471, 0.997092, 0.0028204  
266, 43.6506, -182.79, 181.1, 0.995509, -0.0942706, 0.00862486, 0.0933738, 0.992847, 0.0744116, -0.015578, -0.0732721, 0.99719, 0.00302067  
267, 43.6871, -184.707, 181.205, 0.995379, -0.0956629, 0.00826452, 0.0947318, 0.992437, 0.0780714, -0.0156705, -0.0769277, 0.996914, 0.00303399  
268, 43.8375, -186.608, 181.218, 0.995333, -0.0963302, 0.00565026, 0.0956076, 0.992407, 0.0773827, -0.0130616, -0.0764814, 0.996985, 0.00285868  
269, 43.8807, -188.463, 181.224, 0.995171, -0.0980428, 0.00480121, 0.097341, 0.991989, 0.0805095, -0.0126561, -0.0796533, 0.996742, 0.00284898  
270, 44.0369, -190.528, 181.258, 0.995206, -0.0976582, 0.00522355, 0.0969182, 0.991995, 0.0809535, -0.0130875, -0.0800591, 0.996704, 0.00314855  
271, 44.1787, -192.451, 181.177, 0.995367, -0.0959233, 0.00657652, 0.0949885, 0.991648, 0.0872413, -0.0148901, -0.0862124, 0.996165, 0.00314827  
272, 44.2792, -194.564, 181.171, 0.995286, -0.0968399, 0.00530318, 0.0960184, 0.991593, 0.0867403, -0.0136585, -0.0858221, 0.996217, 0.00294301  
273, 44.4194, -196.357, 181.151, 0.995147, -0.098326, 0.00374613, 0.0976026, 0.991223, 0.0891667, -0.0124807, -0.0883683, 0.99601, 0.00281819  
274, 44.6428, -198.682, 181.172, 0.995, -0.0998115, 0.00343703, 0.0991518, 0.991375, 0.0856987, -0.0119611, -0.0849294, 0.996315, 0.00285119  
275, 44.7626, -200.629, 181.106, 0.995008, -0.0996745, 0.0048967, 0.0987677, 0.990603, 0.0946072, -0.0142806, -0.0936513, 0.995503, 0.00293496  
276, 44.9414, -203.057, 181.127, 0.995117, -0.0985536, 0.00548057, 0.0976339, 0.990952, 0.092101, -0.0145079, -0.0911162, 0.995735, 0.00292886  
