0, 0, 0, 0, 0, 0, 0, 0, 0, 0, 0, 0, 0, 0.006324  
1, 0, 0, 0, 0, 0, 0, 0, 0, 0, 0, 0, 0, 0.00292914  
2, 9.39715, -3.07195, 180.785, 0.998489, -0.0548449, -0.00335097, 0.054701, 0.997932, -0.0337683, 0.00519606, 0.033534, 0.999424, 0.00278018  
3, 9.33329, -3.06226, 180.808, 0.998499, -0.0546938, -0.00293074, 0.0545669, 0.997959, -0.0331775, 0.00473936, 0.0329677, 0.999445, 0.00271389  
4, 9.34529, -3.06265, 180.809, 0.998491, -0.054859, -0.00259404, 0.0547432, 0.99795, -0.0331576, 0.00440771, 0.0329656, 0.999447, 0.00301263  
5, 9.40791, -3.04483, 180.761, 0.998488, -0.0548133, -0.00413997, 0.054648, 0.997963, -0.0329154, 0.00593574, 0.0326394, 0.99945, 0.00322011  
6, 9.33295, -3.05327, 180.812, 0.998492, -0.0547883, -0.00341215, 0.0546428, 0.997938, -0.033671, 0.00524989, 0.0334338, 0.999427, 0.00290334  
7, 9.36041, -3.1022, 180.794, 0.998495, -0.0547949, -0.00207375, 0.0546948, 0.997941, -0.0335055, 0.00390541, 0.0333417, 0.999436, 0.00297047  
8, 9.43157, -3.0384, 180.775, 0.998488, -0.0548076, -0.00429774, 0.0546365, 0.99796, -0.0330233, 0.0060989, 0.0327386, 0.999445, 0.00277713  
9, 9.33062, -3.05732, 180.827, 0.998502, -0.0546716, -0.00206728, 0.0545769, 0.99799, -0.0321983, 0.00382345, 0.0320372, 0.999479, 0.00302123  
10, 9.36038, -3.07814, 180.791, 0.998482, -0.0549694, -0.00341532, 0.0548255, 0.99794, -0.0333302, 0.00524042, 0.0330923, 0.999439, 0.00298212  
11, 9.40501, -3.05109, 180.767, 0.998481, -0.0548569, -0.0051477, 0.0546585, 0.997962, -0.03294, 0.00694419, 0.0326086, 0.999444, 0.00284426  
12, 9.331, -3.05915, 180.823, 0.998505, -0.0545832, -0.00291364, 0.0544559, 0.997958, -0.0333927, 0.00473037, 0.0331841, 0.999438, 0.00302067  
13, 9.34408, -3.0377, 180.823, 0.998508, -0.0545319, -0.00269639, 0.0544147, 0.997982, -0.0327371, 0.00447616, 0.0325416, 0.99946, 0.00283871  
14, 9.35382, -3.05886, 180.804, 0.99851, -0.0544842, -0.00289388, 0.0543578, 0.997965, -0.0333477, 0.00470491, 0.0331407, 0.99944, 0.00292997  
15, 9.35011, -3.04985, 180.802, 0.998502, -0.0546455, -0.00287399, 0.0545132, 0.997909, -0.0347144, 0.00476496, 0.0345057, 0.999393, 0.00297685  
16, 9.36031, -3.06591, 180.789, 0.998519, -0.0542782, -0.00356416, 0.0541314, 0.997987, -0.0330289, 0.00534973, 0.0327871, 0.999448, 0.0027763  
17, 9.37287, -3.06008, 180.818, 0.998488, -0.0548819, -0.00305928, 0.0547502, 0.997946, -0.0332643, 0.00487861, 0.0330465, 0.999442, 0.00287588  
18, 9.33314, -3.07388, 180.805, 0.998514, -0.0544449, -0.00220326, 0.0543413, 0.997965, -0.0333649, 0.00401533, 0.0331956, 0.999441, 0.0027125  
19, 9.3426, -3.06974, 180.812, 0.998489, -0.0549009, -0.00243011, 0.0547895, 0.99794, -0.0333753, 0.00425744, 0.0331917, 0.99944, 0.00266923  
20, 9.32285, -3.07244, 180.816, 0.998484, -0.0549939, -0.00226542, 0.0548879, 0.997934, -0.0333793, 0.0040964, 0.0332044, 0.99944, 0.00322427  
21, 9.35917, -3.07422, 180.811, 0.998516, -0.0543979, -0.00249034, 0.0542878, 0.997991, -0.03267, 0.00426251, 0.0324863, 0.999463, 0.00287117  
22, 9.37825, -3.03257, 180.797, 0.998488, -0.0548275, -0.00384166, 0.0546718, 0.997961, -0.0329459, 0.00564017, 0.0326861, 0.99945, 0.00285535  
23, 9.40286, -3.05916, 180.773, 0.998517, -0.0542762, -0.00428945, 0.0541123, 0.998025, -0.0319164, 0.00601328, 0.031637, 0.999481, 0.00276909  
24, 9.34042, -3.0804, 180.808, 0.998496, -0.0548123, -0.00144617, 0.0547364, 0.99797, -0.0325441, 0.00322705, 0.032416, 0.999469, 0.0029222  
25, 9.33879, -3.08816, 180.799, 0.998523, -0.0542894, -0.00197494, 0.0541982, 0.998014, -0.032107, 0.00371409, 0.0319526, 0.999482, 0.00287422  
26, 9.33112, -3.0773, 180.801, 0.998506, -0.054566, -0.00289292, 0.0544355, 0.997932, -0.034194, 0.00475276, 0.0339854, 0.999411, 0.00274302  
27, 9.31789, -3.06262, 180.806, 0.998497, -0.0547492, -0.00269345, 0.0546309, 0.997962, -0.0329774, 0.00449344, 0.0327807, 0.999452, 0.00284343  
28, 9.33662, -3.08562, 180.811, 0.998525, -0.0542485, -0.00223538, 0.0541426, 0.997965, -0.0336941, 0.00405868, 0.0335234, 0.99943, 0.00290944  
29, 9.40814, -3.08899, 180.753, 0.998539, -0.0538969, -0.00398756, 0.0537413, 0.998036, -0.0321801, 0.00571414, 0.0319188, 0.999474, 0.00307227  
30, 9.39914, -3.04421, 180.776, 0.998523, -0.054098, -0.00493008, 0.053909, 0.998011, -0.0326641, 0.00668734, 0.0323501, 0.999454, 0.00311582  
31, 9.36918, -3.06189, 180.789, 0.998476, -0.0550565, -0.00381551, 0.0549043, 0.997964, -0.0324481, 0.00559422, 0.0321891, 0.999466, 0.00290334  
32, 9.36015, -3.07521, 180.793, 0.998508, -0.0545408, -0.00268103, 0.0544227, 0.997971, -0.0330408, 0.00447766, 0.0328456, 0.99945, 0.0029014  
33, 9.33758, -3.07327, 180.796, 0.99852, -0.05433, -0.00240368, 0.0542231, 0.997998, -0.0325703, 0.00416841, 0.0323917, 0.999467, 0.00276299  
34, 9.34158, -3.05213, 180.818, 0.998487, -0.0548856, -0.00325974, 0.0547492, 0.997958, -0.0328865, 0.00505808, 0.0326583, 0.999454, 0.00310444  
35, 9.35536, -3.09679, 180.825, 0.998518, -0.0543919, -0.00174841, 0.0543051, 0.997982, -0.0329071, 0.00353476, 0.0327634, 0.999457, 0.00330915  
36, 9.35345, -3.06658, 180.803, 0.998528, -0.0541847, -0.0025701, 0.0540685, 0.997975, -0.0334948, 0.0043798, 0.0333065, 0.999436, 0.00284953  
37, 9.32894, -3.0667, 180.82, 0.998489, -0.0549064, -0.0024366, 0.0547987, 0.99797, -0.0324544, 0.0042136, 0.0322718, 0.99947, 0.00281846  
38, 9.35449, -3.06621, 180.787, 0.998536, -0.0539626, -0.00363931, 0.0538184, 0.998034, -0.0321313, 0.00536604, 0.0318884, 0.999477, 0.00272277  
39, 9.32933, -3.05499, 180.822, 0.9985, -0.0547204, -0.00191015, 0.0546313, 0.997993, -0.0320365, 0.00365937, 0.0318841, 0.999485, 0.00299099  
40, 9.33117, -3.07391, 180.823, 0.998516, -0.0543897, -0.00258735, 0.0542743, 0.997976, -0.0331525, 0.00438526, 0.0329629, 0.999447, 0.00293469  
41, 9.34586, -3.03965, 180.825, 0.998488, -0.0548759, -0.00311414, 0.0547422, 0.997945, -0.0333006, 0.00493514, 0.0330798, 0.999441, 0.00279877  
42, 9.3513, -3.04917, 180.82, 0.998485, -0.0549512, -0.00285981, 0.0548262, 0.997943, -0.0332386, 0.00468043, 0.0330315, 0.999443, 0.00291915  
43, 9.34759, -3.05551, 180.813, 0.998502, -0.054612, -0.00334697, 0.0544707, 0.99796, -0.0333046, 0.00515897, 0.0330724, 0.99944, 0.00293191  
44, 9.34718, -3.07054, 180.814, 0.99851, -0.0544945, -0.00271507, 0.0543772, 0.997987, -0.0326296, 0.00448774, 0.0324334, 0.999464, 0.00315687  
45, 9.36605, -3.05563, 180.791, 0.998518, -0.0543602, -0.00248293, 0.0542501, 0.99799, -0.0327421, 0.00425781, 0.0325589, 0.999461, 0.00302123  
46, 9.34615, -3.07074, 180.828, 0.998481, -0.0550259, -0.00281998, 0.0549001, 0.997924, -0.0336663, 0.00466664, 0.0334603, 0.999429, 0.00275994  
47, 9.35881, -3.06811, 180.802, 0.998503, -0.0545983, -0.00317921, 0.0544574, 0.997926, -0.0343171, 0.00504627, 0.0340926, 0.999406, 0.00279489  
48, 9.34364, -3.06728, 180.791, 0.998544, -0.0538777, -0.00268497, 0.0537639, 0.998036, -0.0321361, 0.00441112, 0.0319449, 0.99948, 0.00275023  
49, 9.34905, -3.08136, 180.783, 0.998516, -0.0544003, -0.00247568, 0.0542903, 0.997988, -0.032764, 0.00425306, 0.032581, 0.99946, 0.00298711  
50, 9.39958, -3.08149, 180.741, 0.998539, -0.0538517, -0.00442268, 0.0536804, 0.99803, -0.0324725, 0.00616267, 0.0321876, 0.999463, 0.00315409  
51, 9.3365, -3.06537, 180.794, 0.998508, -0.0545633, -0.00235769, 0.0544601, 0.998003, -0.032007, 0.00409939, 0.0318308, 0.999485, 0.00276465  
52, 9.32737, -3.06271, 180.813, 0.998494, -0.0547904, -0.00280685, 0.0546629, 0.99792, -0.0341649, 0.00467292, 0.03396, 0.999412, 0.00296575  
53, 9.39187, -3.07455, 180.785, 0.998506, -0.0545143, -0.00383166, 0.0543567, 0.997964, -0.0333611, 0.00564252, 0.033103, 0.999436, 0.00273969  
54, 9.33017, -3.07213, 180.808, 0.99851, -0.054512, -0.00231484, 0.0544076, 0.997985, -0.0326535, 0.00409019, 0.0324789, 0.999464, 0.00324091  
55, 9.36484, -3.07108, 180.805, 0.998513, -0.054426, -0.00320805, 0.0542882, 0.997962, -0.033542, 0.00502707, 0.033318, 0.999432, 0.00318655  
56, 9.33485, -3.06677, 180.843, 0.998491, -0.0548652, -0.00240476, 0.0547562, 0.997953, -0.0330253, 0.00421178, 0.0328437, 0.999452, 0.00292747  
57, 9.34588, -3.05904, 180.827, 0.998471, -0.0551855, -0.0032367, 0.0550461, 0.997919, -0.0335905, 0.00508367, 0.0333609, 0.99943, 0.00280959  
58, 9.39003, -3.07371, 180.752, 0.998524, -0.0541545, -0.00407358, 0.0539982, 0.998034, -0.0318075, 0.00578809, 0.0315406, 0.999486, 0.00273275  
59, 9.36715, -3.08233, 180.769, 0.998522, -0.0542584, -0.00312954, 0.0541272, 0.997997, -0.0327514, 0.00490031, 0.0325336, 0.999459, 0.00290806  
60, 9.37317, -3.08939, 180.761, 0.998516, -0.0543632, -0.00316022, 0.0542339, 0.998011, -0.032135, 0.0049009, 0.0319159, 0.999479, 0.00319071  
61, 9.34545, -3.07661, 180.811, 0.998515, -0.0543975, -0.00300588, 0.0542689, 0.99798, -0.0330232, 0.00479619, 0.0328111, 0.99945, 0.00288698  
62, 9.36684, -3.05556, 180.794, 0.998515, -0.0543938, -0.00317908, 0.0542581, 0.997971, -0.0333125, 0.00498463, 0.0330905, 0.99944, 0.00283733  
63, 9.31607, -3.07756, 180.83, 0.998451, -0.0555777, -0.00259676, 0.0554602, 0.997901, -0.0334294, 0.00444924, 0.0332336, 0.999438, 0.00274801  
64, 9.36033, -3.10062, 180.79, 0.998506, -0.0545747, -0.00261991, 0.0544561, 0.997951, -0.0336024, 0.00444838, 0.0334095, 0.999432, 0.00308031  
65, 9.42292, -3.06426, 180.765, 0.998514, -0.0542628, -0.00506615, 0.0540701, 0.998007, -0.0325465, 0.00682211, 0.0322242, 0.999457, 0.00356295  
66, 9.3666, -3.1033, 180.787, 0.998514, -0.0544327, -0.00274575, 0.0543131, 0.99798, -0.0329425, 0.00453336, 0.0327445, 0.999453, 0.00277436  
67, 9.34828, -3.0728, 180.796, 0.998515, -0.0544529, -0.00169692, 0.0543712, 0.99801, -0.0319205, 0.00343171, 0.0317808, 0.999489, 0.00279405  
68, 9.37247, -3.05582, 180.795, 0.998508, -0.0545392, -0.00282071, 0.0544129, 0.997945, -0.0338355, 0.00466027, 0.0336315, 0.999423, 0.00287255  
69, 9.34421, -3.05673, 180.824, 0.998482, -0.0549745, -0.00334906, 0.0548279, 0.997908, -0.0342617, 0.00522557, 0.0340261, 0.999407, 0.00281902  
70, 9.33337, -3.05335, 180.807, 0.998508, -0.0545436, -0.00277392, 0.0544172, 0.997933, -0.0341906, 0.00463307, 0.0339886, 0.999411, 0.00368694  
71, 9.32436, -3.08523, 180.793, 0.998523, -0.0542768, -0.00236073, 0.0541692, 0.997983, -0.0331146, 0.00415332, 0.0329378, 0.999449, 0.0027591  
72, 9.34216, -3.06279, 180.81, 0.998521, -0.0542748, -0.00325822, 0.0541389, 0.997993, -0.0328588, 0.00503509, 0.0326338, 0.999455, 0.00279073  
73, 9.3919, -3.06989, 180.75, 0.998522, -0.0540932, -0.00530183, 0.0538869, 0.997988, -0.0334041, 0.0070981, 0.033069, 0.999428, 0.00271112  
74, 9.3685, -3.05819, 180.789, 0.998451, -0.0554904, -0.00403953, 0.0553252, 0.99791, -0.0333936, 0.00588411, 0.0331184, 0.999434, 0.00281624  
75, 9.36571, -3.04287, 180.812, 0.998457, -0.0554109, -0.00361132, 0.0552591, 0.997909, -0.0335367, 0.00546207, 0.0332854, 0.999431, 0.00350859  
76, 9.34067, -3.05675, 180.806, 0.998469, -0.0552151, -0.00338296, 0.0550692, 0.997907, -0.0339001, 0.00524768, 0.0336619, 0.99942, 0.00274912  
77, 9.34198, -3.05646, 180.824, 0.998488, -0.0548807, -0.00318394, 0.0547434, 0.997936, -0.0335718, 0.00501982, 0.0333467, 0.999431, 0.00297546  
78, 9.33964, -3.07132, 180.816, 0.998527, -0.0541911, -0.00267043, 0.0540684, 0.997952, -0.0341937, 0.00451796, 0.033999, 0.999412, 0.00268782  
79, 9.36792, -3.06445, 180.791, 0.998485, -0.0549339, -0.00305437, 0.0548009, 0.997934, -0.0335484, 0.004891, 0.0333302, 0.999432, 0.00284204  
80, 9.31343, -3.07392, 180.812, 0.998519, -0.0543613, -0.00216337, 0.0542615, 0.997989, -0.0327741, 0.00394066, 0.0326082, 0.99946, 0.00321151  
81, 9.33497, -3.0626, 180.808, 0.998513, -0.0544223, -0.00301326, 0.0542961, 0.997997, -0.0324683, 0.00477422, 0.0322564, 0.999468, 0.00276132  
82, 9.36782, -3.06594, 180.812, 0.998513, -0.05443, -0.00312666, 0.0542966, 0.997972, -0.0332131, 0.00492811, 0.0329939, 0.999443, 0.00282124  
83, 9.36446, -3.05862, 180.814, 0.998498, -0.0546837, -0.00323938, 0.0545423, 0.997932, -0.0340228, 0.00509318, 0.033795, 0.999416, 0.00269725  
84, 9.3438, -3.06452, 180.797, 0.998507, -0.0545677, -0.00256888, 0.0544531, 0.997968, -0.0330928, 0.00436946, 0.0329035, 0.999449, 0.00287893  
85, 9.37623, -3.06414, 180.783, 0.998511, -0.0544442, -0.00327947, 0.0543065, 0.997977, -0.0330637, 0.00507296, 0.0328364, 0.999448, 0.00277075  
86, 9.34502, -3.04775, 180.81, 0.998491, -0.054829, -0.00298433, 0.0547037, 0.997975, -0.0324488, 0.00475742, 0.0322366, 0.999469, 0.00339431  
87, 9.33162, -3.08273, 180.794, 0.998491, -0.0548502, -0.00278134, 0.0547275, 0.997945, -0.0333138, 0.00460289, 0.0331113, 0.999441, 0.0028193  
88, 9.33577, -3.05427, 180.809, 0.998523, -0.0542349, -0.00316764, 0.0541038, 0.998007, -0.0324843, 0.00492311, 0.0322649, 0.999467, 0.00277658  
89, 9.37834, -3.092, 180.773, 0.998512, -0.054429, -0.00325161, 0.0542858, 0.997936, -0.0343123, 0.00511248, 0.0340848, 0.999406, 0.00290445  
90, 9.36072, -3.08922, 180.788, 0.998557, -0.0536496, -0.00238883, 0.0535424, 0.998025, -0.0328638, 0.00414724, 0.0326885, 0.999457, 0.00357044  
91, 9.3516, -3.07001, 180.824, 0.998495, -0.0547903, -0.00240784, 0.0546781, 0.997934, -0.033746, 0.00425182, 0.0335636, 0.999428, 0.00286534  
92, 9.37811, -3.08764, 180.792, 0.998521, -0.0543108, -0.00252289, 0.0541964, 0.997971, -0.0334276, 0.00433325, 0.0332414, 0.999438, 0.00297851  
93, 9.3346, -3.08191, 180.805, 0.99852, -0.05435, -0.00214223, 0.0542527, 0.998005, -0.0323043, 0.0038937, 0.0321402, 0.999476, 0.00282346  
94, 9.35014, -3.05873, 180.811, 0.998496, -0.0547575, -0.00274355, 0.0546333, 0.997931, -0.0339072, 0.00459454, 0.0337063, 0.999421, 0.00302927  
95, 9.41542, -3.05642, 180.751, 0.998517, -0.0541948, -0.00520491, 0.0539889, 0.99797, -0.0337936, 0.00702578, 0.0334624, 0.999415, 0.00336657  
96, 9.38908, -3.05816, 180.79, 0.998533, -0.0539416, -0.00474796, 0.0537595, 0.998024, -0.032528, 0.00649319, 0.032225, 0.99946, 0.0028523  
97, 9.32827, -3.06024, 180.808, 0.998533, -0.0540853, -0.00243276, 0.0539757, 0.997996, -0.0330231, 0.00421394, 0.0328433, 0.999452, 0.00287422  
98, 9.36714, -3.03777, 180.782, 0.998498, -0.0547027, -0.00298866, 0.0545782, 0.997988, -0.0322655, 0.00474766, 0.032054, 0.999475, 0.0028229  
99, 9.35142, -3.05364, 180.795, 0.998511, -0.0545018, -0.00235908, 0.0543965, 0.997989, -0.0325397, 0.00412781, 0.032363, 0.999468, 0.00307365  
100, 9.35101, -3.0823, 180.799, 0.998541, -0.0539249, -0.00295129, 0.0538012, 0.998024, -0.0324428, 0.00469493, 0.0322366, 0.999469, 0.00332746  
101, 9.35149, -3.05078, 180.829, 0.99848, -0.0550138, -0.00347441, 0.0548644, 0.997915, -0.0339922, 0.00533721, 0.0337499, 0.999416, 0.00275023  
102, 9.33998, -3.06998, 180.829, 0.998504, -0.0545786, -0.00335025, 0.0544319, 0.997927, -0.0343363, 0.00521734, 0.0341026, 0.999405, 0.00286035  
103, 9.32888, -3.05948, 180.837, 0.998486, -0.0548747, -0.00384314, 0.0547155, 0.997938, -0.0335481, 0.00567616, 0.033287, 0.99943, 0.00280432  
104, 9.33174, -3.07112, 180.819, 0.998483, -0.0549989, -0.00274099, 0.0548782, 0.997943, -0.0331276, 0.00455733, 0.0329269, 0.999447, 0.00311249  
105, 9.34062, -3.06759, 180.804, 0.998493, -0.0548423, -0.00223055, 0.0547384, 0.99795, -0.033164, 0.00404477, 0.0329919, 0.999447, 0.00327254  
106, 9.34867, -3.05537, 180.801, 0.998501, -0.0546867, -0.00224966, 0.0545849, 0.997979, -0.0325267, 0.00402389, 0.0323552, 0.999468, 0.00279294  
107, 9.35427, -3.02973, 180.779, 0.998519, -0.0543371, -0.00281096, 0.0542125, 0.997965, -0.0335669, 0.00462917, 0.0333648, 0.999433, 0.00288226  
108, 9.3527, -3.07125, 180.786, 0.998497, -0.0547893, -0.00142496, 0.0547137, 0.997968, -0.0326512, 0.00321101, 0.0325242, 0.999466, 0.00278573  
109, 9.38537, -3.0583, 180.74, 0.99851, -0.0544376, -0.00381762, 0.0542895, 0.99802, -0.0317639, 0.00553921, 0.0315093, 0.999488, 0.00310195  
110, 9.43644, -3.08148, 180.735, 0.998517, -0.0543051, -0.0038762, 0.0541509, 0.998003, -0.0325111, 0.00563398, 0.032253, 0.999464, 0.00319709  
111, 9.32861, -3.06408, 180.805, 0.998502, -0.0546399, -0.00282346, 0.0545133, 0.997939, -0.0338592, 0.0046677, 0.0336546, 0.999423, 0.00280432  
112, 9.35859, -3.05908, 180.821, 0.998515, -0.0543953, -0.00308307, 0.0542646, 0.997983, -0.032939, 0.00486857, 0.0327228, 0.999453, 0.00287921  
113, 9.31908, -3.06761, 180.844, 0.998532, -0.0540382, -0.00360084, 0.0538894, 0.997995, -0.0331936, 0.00538734, 0.0329509, 0.999442, 0.00273775  
114, 9.34111, -3.06644, 180.847, 0.998518, -0.0543318, -0.00321074, 0.0541937, 0.997965, -0.0336068, 0.00503013, 0.033383, 0.99943, 0.00309252  
115, 9.35142, -3.01909, 180.817, 0.998452, -0.0555502, -0.00287329, 0.0554209, 0.997885, -0.0339685, 0.00475417, 0.0337566, 0.999419, 0.00321179  
116, 9.39529, -3.04749, 180.749, 0.998506, -0.0544291, -0.00475337, 0.0542446, 0.997988, -0.0328241, 0.0065304, 0.0325172, 0.99945, 0.00277159  
117, 9.35128, -3.04521, 180.759, 0.998515, -0.0544287, -0.00210047, 0.0543349, 0.998018, -0.03173, 0.00382333, 0.0315688, 0.999494, 0.00297102  
118, 9.38721, -3.01707, 180.759, 0.998529, -0.05411, -0.00332789, 0.0539793, 0.998048, -0.0314072, 0.00502084, 0.0311814, 0.999501, 0.00272526  
119, 9.35987, -2.98857, 180.765, 0.998512, -0.0544624, -0.00283103, 0.0543464, 0.998024, -0.0315329, 0.00454279, 0.0313321, 0.999499, 0.00307754  
120, 9.33562, -2.99308, 180.807, 0.998539, -0.0539932, -0.0022981, 0.0539029, 0.998116, -0.0293124, 0.00387645, 0.0291457, 0.999568, 0.00330249  
121, 9.35089, -2.95124, 180.815, 0.998525, -0.0542097, -0.00305287, 0.0540973, 0.998105, -0.0293103, 0.00463599, 0.029102, 0.999566, 0.00277824  
122, 9.3802, -2.92806, 180.821, 0.99848, -0.055045, -0.00271088, 0.0549492, 0.998105, -0.0276948, 0.0042302, 0.0275038, 0.999613, 0.00294328  
123, 9.34413, -2.8926, 180.839, 0.998489, -0.0548909, -0.0026477, 0.0548056, 0.99817, -0.0255415, 0.00404485, 0.0253578, 0.99967, 0.00274607  
124, 9.36934, -2.83091, 180.859, 0.998457, -0.0554, -0.00381598, 0.0552856, 0.998147, -0.025416, 0.00521695, 0.0251658, 0.99967, 0.00315798  
125, 9.33371, -2.79778, 180.82, 0.998507, -0.0545466, -0.00274193, 0.054472, 0.998265, -0.0223657, 0.00395715, 0.022183, 0.999746, 0.00314494  
126, 9.31994, -2.74972, 180.799, 0.998533, -0.0540752, -0.00291056, 0.0540106, 0.99836, -0.0189616, 0.00393114, 0.0187765, 0.999816, 0.00276354  
127, 9.32465, -2.71675, 180.789, 0.998558, -0.0536675, -0.00141287, 0.0536351, 0.998411, -0.0172993, 0.00233903, 0.0171986, 0.999849, 0.00289114  
128, 9.31402, -2.66661, 180.76, 0.998532, -0.0541192, -0.00243724, 0.0540734, 0.998409, -0.0160023, 0.00329939, 0.015847, 0.999869, 0.00271139  
129, 9.31226, -2.6116, 180.781, 0.998526, -0.0542004, -0.00288078, 0.0541547, 0.998433, -0.0141008, 0.00364053, 0.0139241, 0.999896, 0.00307892  
130, 9.33618, -2.58982, 180.788, 0.998563, -0.0535263, -0.00273612, 0.0534931, 0.998507, -0.0110427, 0.00332311, 0.0108804, 0.999935, 0.00320485  
131, 9.31818, -2.49496, 180.846, 0.998565, -0.053506, -0.00202876, 0.053488, 0.998536, -0.00805859, 0.00245697, 0.00793852, 0.999965, 0.00277436  
132, 9.30943, -2.40452, 180.876, 0.998512, -0.0545167, -0.00117181, 0.054509, 0.998496, -0.00581021, 0.00148681, 0.00573769, 0.999982, 0.00292969  
133, 9.3424, -2.39074, 180.921, 0.998601, -0.0528461, -0.00195868, 0.0528458, 0.998603, -0.000199032, 0.00196646, 9.52457e-005, 0.999998, 0.00271861  
134, 9.30067, -2.31525, 180.922, 0.998554, -0.0537561, -0.000906587, 0.0537572, 0.998553, 0.00130091, 0.000835343, -0.00134777, 0.999999, 0.00293857  
135, 9.29623, -2.26254, 180.923, 0.998515, -0.0544649, -0.000951099, 0.0544691, 0.998502, 0.00509305, 0.000672282, -0.00513729, 0.999987, 0.00323703  
136, 9.283, -2.2336, 180.91, 0.998571, -0.0533971, -0.00217285, 0.053414, 0.998535, 0.00863914, 0.00170836, -0.00874285, 0.99996, 0.00277741  
137, 9.26751, -2.27182, 180.92, 0.998567, -0.0535134, -0.000540622, 0.053516, 0.998489, 0.0124405, -0.000125931, -0.0124516, 0.999922, 0.0030706  
138, 9.29293, -2.29462, 180.892, 0.998591, -0.0530246, -0.00226268, 0.0530521, 0.998485, 0.0146004, 0.00148507, -0.0146999, 0.999891, 0.00274607  
139, 9.25284, -2.34, 180.867, 0.998624, -0.0523918, -0.00218132, 0.0524224, 0.998466, 0.0178413, 0.00124324, -0.0179311, 0.999838, 0.00315326  
140, 9.23394, -2.28624, 180.885, 0.998596, -0.0529352, -0.00170842, 0.0529596, 0.99837, 0.0212593, 0.000580266, -0.02132, 0.999773, 0.00325451  
141, 9.22149, -2.32012, 180.908, 0.998632, -0.0522793, -0.000667152, 0.052278, 0.99826, 0.0272866, -0.000760532, -0.0272841, 0.999627, 0.00276853  
142, 9.20877, -2.35154, 180.957, 0.99864, -0.0520875, -0.00212723, 0.0521275, 0.998212, 0.0292402, 0.000600377, -0.0293113, 0.99957, 0.00314189  
143, 9.19224, -2.39875, 180.958, 0.998576, -0.0533332, -0.00147385, 0.0533517, 0.997931, 0.0358856, -0.00044309, -0.0359131, 0.999355, 0.00274107  
144, 9.24992, -2.56777, 180.941, 0.998633, -0.0522011, -0.00275142, 0.0522666, 0.997975, 0.036247, 0.000853719, -0.0363412, 0.999339, 0.00272415  
145, 9.25845, -2.67473, 180.959, 0.998628, -0.0523185, -0.00232449, 0.0523697, 0.997823, 0.0400849, 0.000222253, -0.0401516, 0.999194, 0.00270696  
146, 9.30054, -2.79199, 180.939, 0.99865, -0.0518915, -0.00242629, 0.0519478, 0.99773, 0.0428623, 0.000196592, -0.0429304, 0.999078, 0.00282789  
147, 9.27945, -2.84404, 180.926, 0.998615, -0.0525015, -0.0033588, 0.0526014, 0.997511, 0.046962, 0.000884857, -0.0470737, 0.998891, 0.00299266  
148, 9.26096, -3.04556, 180.954, 0.998637, -0.0521539, -0.00224641, 0.0522008, 0.997369, 0.0502937, -0.000382509, -0.0503424, 0.998732, 0.00289308  
149, 9.2652, -3.16797, 180.923, 0.998687, -0.0509894, -0.00493611, 0.0511785, 0.997308, 0.0525134, 0.0022452, -0.052697, 0.998608, 0.0028168  
150, 9.23586, -3.35391, 180.902, 0.99865, -0.0517269, -0.00477959, 0.0519174, 0.996962, 0.0580551, 0.00176206, -0.0582249, 0.998302, 0.00301984  
151, 9.27238, -3.65703, 180.968, 0.99869, -0.0508101, -0.0061011, 0.0510867, 0.996858, 0.0605326, 0.00300626, -0.060765, 0.998148, 0.00276604  
152, 9.22439, -3.79441, 181.013, 0.998695, -0.0507155, -0.00597402, 0.0509974, 0.996572, 0.0651487, 0.00264949, -0.0653684, 0.997858, 0.00284565  
153, 9.22125, -4.08596, 180.98, 0.998761, -0.0492189, -0.00729843, 0.0496039, 0.996419, 0.0684765, 0.00390195, -0.0687537, 0.997626, 0.0027641  
154, 9.21606, -4.29276, 181.007, 0.99875, -0.0492389, -0.0086192, 0.0497292, 0.996215, 0.0712895, 0.00507636, -0.071629, 0.997418, 0.00293968  
155, 9.1523, -4.64782, 180.957, 0.998692, -0.0503442, -0.0089177, 0.0508715, 0.995898, 0.0748241, 0.00511416, -0.0751799, 0.997157, 0.00325589  
156, 9.13472, -5.06928, 180.933, 0.998806, -0.0482754, -0.00742923, 0.0487187, 0.995535, 0.0808532, 0.00349283, -0.0811187, 0.996698, 0.0030204  
157, 9.0429, -5.47918, 180.958, 0.99882, -0.0481766, -0.00611121, 0.0485208, 0.995249, 0.0844066, 0.00201575, -0.0846036, 0.996413, 0.00281486  
158, 9.06763, -5.91964, 180.879, 0.998862, -0.0470828, -0.0075722, 0.0475631, 0.995088, 0.0868196, 0.00344729, -0.087081, 0.996195, 0.0027064  
159, 8.9918, -6.24785, 180.787, 0.998879, -0.0469084, -0.0063685, 0.0472992, 0.994469, 0.0937766, 0.00193437, -0.0939727, 0.995573, 0.00295604  
160, 8.9603, -6.8512, 180.737, 0.998873, -0.0464213, -0.00988946, 0.0471396, 0.994574, 0.092738, 0.00553079, -0.0930997, 0.995641, 0.00301596  
161, 8.93825, -7.35526, 180.728, 0.998911, -0.0456552, -0.00965445, 0.0463677, 0.994386, 0.0951154, 0.00525773, -0.0954595, 0.995419, 0.00277048  
162, 8.88934, -7.93223, 180.761, 0.998964, -0.0449661, -0.00693662, 0.0454277, 0.994235, 0.0971214, 0.00252945, -0.0973359, 0.995248, 0.00292304  
163, 8.86225, -8.40996, 180.785, 0.998992, -0.0442507, -0.0075886, 0.0447969, 0.993694, 0.102787, 0.00299234, -0.103024, 0.994674, 0.00281181  
164, 8.76195, -8.85764, 180.795, 0.999039, -0.0435227, -0.00516132, 0.0438271, 0.992666, 0.112661, 0.000220158, -0.112779, 0.99362, 0.0029971  
165, 8.81773, -9.58725, 180.85, 0.999059, -0.0426407, -0.00793357, 0.0432601, 0.992818, 0.111542, 0.00312035, -0.11178, 0.993728, 0.00305729  
166, 8.7666, -10.0825, 180.915, 0.999007, -0.0438651, -0.00782331, 0.0444756, 0.992311, 0.1155, 0.00269676, -0.115733, 0.993277, 0.00289252  
167, 8.7602, -10.6628, 180.971, 0.999019, -0.0433997, -0.00879719, 0.0441432, 0.991765, 0.120222, 0.00350714, -0.120493, 0.992708, 0.00287671  
168, 8.73646, -11.2222, 180.979, 0.998997, -0.0435421, -0.0104139, 0.0444903, 0.991489, 0.122351, 0.00499791, -0.122691, 0.992432, 0.00281125  
169, 8.63777, -11.9537, 181.029, 0.999019, -0.0433542, -0.0089856, 0.0441427, 0.991005, 0.126336, 0.00342758, -0.126609, 0.991947, 0.00303759  
170, 8.56261, -12.6747, 180.993, 0.998981, -0.0438581, -0.0106273, 0.044858, 0.99078, 0.127838, 0.00492255, -0.128185, 0.991738, 0.00322455  
171, 8.46699, -13.5842, 180.986, 0.998959, -0.0439966, -0.0120157, 0.0451639, 0.990957, 0.12635, 0.00634813, -0.126761, 0.991913, 0.00291471  
172, 8.30409, -14.2181, 180.939, 0.998869, -0.0454978, -0.0137841, 0.0469245, 0.990088, 0.132377, 0.00762459, -0.132874, 0.991104, 0.0029971  
173, 8.16529, -15.129, 180.913, 0.998863, -0.0454359, -0.0144105, 0.0469441, 0.990125, 0.13209, 0.00826658, -0.132616, 0.991133, 0.00278989  
174, 8.017, -16.0264, 180.919, 0.998858, -0.0449858, -0.0160745, 0.0467332, 0.989941, 0.133538, 0.00990549, -0.134137, 0.990913, 0.00294439  
175, 7.84717, -17.0989, 180.88, 0.998816, -0.0453128, -0.0177299, 0.0472627, 0.990109, 0.132102, 0.0115686, -0.132783, 0.991078, 0.00324452  
176, 7.65278, -18.0256, 180.823, 0.998756, -0.0455611, -0.0202413, 0.0479098, 0.989427, 0.136887, 0.0137905, -0.137687, 0.99038, 0.00284953  
177, 7.54272, -19.2242, 180.76, 0.998843, -0.0437843, -0.019865, 0.0461353, 0.98913, 0.139619, 0.0135359, -0.140374, 0.990006, 0.00289502  
178, 7.30064, -20.3924, 180.798, 0.99876, -0.04469, -0.0219502, 0.0472939, 0.989354, 0.13763, 0.0155658, -0.138498, 0.99024, 0.00280876  
179, 7.09687, -21.7475, 180.745, 0.998811, -0.043643, -0.0217362, 0.0462803, 0.988921, 0.141045, 0.0153397, -0.141883, 0.989765, 0.00306145  
180, 6.99127, -23.0504, 180.728, 0.99887, -0.041325, -0.0234871, 0.0442513, 0.988871, 0.142044, 0.0173557, -0.142923, 0.989582, 0.00330638  
181, 6.78866, -24.2727, 180.705, 0.998886, -0.0421394, -0.021221, 0.044816, 0.988043, 0.14752, 0.0147509, -0.148307, 0.988831, 0.00284953  
182, 6.68554, -25.8991, 180.783, 0.998886, -0.0394281, -0.0259345, 0.042683, 0.989223, 0.140054, 0.020133, -0.141005, 0.989804, 0.0029039  
183, 6.53308, -27.2982, 180.767, 0.998908, -0.0396189, -0.024746, 0.04281, 0.988415, 0.145613, 0.0186903, -0.146513, 0.989032, 0.00280737  
184, 6.49962, -28.7874, 180.82, 0.998902, -0.0383014, -0.0269626, 0.041818, 0.988549, 0.144987, 0.0211007, -0.145956, 0.989066, 0.00294689  
185, 6.43436, -30.4078, 180.872, 0.998949, -0.0363037, -0.0279893, 0.0399432, 0.988933, 0.142886, 0.0224922, -0.143853, 0.989343, 0.00303038  
186, 6.43774, -31.9496, 180.936, 0.998983, -0.0353201, -0.0280435, 0.0389705, 0.989014, 0.142595, 0.022699, -0.143543, 0.989384, 0.00276687  
187, 6.48742, -33.5928, 180.897, 0.999035, -0.0353764, -0.0260385, 0.038751, 0.988936, 0.143194, 0.0206847, -0.144064, 0.989352, 0.00289641  
188, 6.58763, -35.3249, 180.941, 0.999058, -0.0343548, -0.0265121, 0.0377473, 0.989377, 0.140388, 0.0214074, -0.141257, 0.989741, 0.00282346  
189, 6.70882, -37.0417, 180.923, 0.999082, -0.0336083, -0.0265759, 0.036963, 0.989755, 0.137909, 0.0216687, -0.138765, 0.990088, 0.00299515  
190, 6.90873, -38.89, 180.957, 0.999118, -0.032159, -0.0270086, 0.0355581, 0.989985, 0.136619, 0.0223446, -0.137458, 0.990255, 0.00317823  
191, 7.12745, -40.7468, 181.006, 0.999077, -0.0339067, -0.0263754, 0.0371513, 0.990251, 0.134249, 0.0215663, -0.135105, 0.990597, 0.00280459  
192, 7.39138, -42.7996, 181, 0.999124, -0.0330656, -0.0256331, 0.0362173, 0.990286, 0.134247, 0.0209452, -0.135057, 0.990616, 0.00299405  
193, 7.66688, -44.8448, 180.995, 0.999222, -0.0319708, -0.0231036, 0.0348112, 0.990186, 0.135352, 0.0185495, -0.136051, 0.990528, 0.00275688  
194, 7.92678, -46.9112, 181.008, 0.999263, -0.031666, -0.021691, 0.0342119, 0.991011, 0.129331, 0.0174006, -0.129977, 0.991364, 0.00311582  
195, 8.17151, -49.0529, 181.028, 0.99938, -0.0303459, -0.0178551, 0.0323456, 0.991614, 0.125121, 0.0139085, -0.125621, 0.991981, 0.00318572  
196, 8.49339, -51.1138, 180.924, 0.999398, -0.0293349, -0.0184979, 0.0313911, 0.991916, 0.122955, 0.0147415, -0.123462, 0.99224, 0.00280598  
197, 8.76419, -53.2893, 180.921, 0.999453, -0.0270341, -0.01907, 0.029102, 0.992571, 0.118132, 0.0157348, -0.118622, 0.992815, 0.00299016  
198, 8.99936, -55.6167, 180.925, 0.999526, -0.025963, -0.0165436, 0.0276536, 0.99334, 0.111853, 0.0135294, -0.112257, 0.993587, 0.00281403  
199, 9.30051, -58.0348, 180.87, 0.999616, -0.0230001, -0.0154272, 0.0245176, 0.993987, 0.106717, 0.0128799, -0.107055, 0.99417, 0.00284398  
200, 9.45527, -60.175, 180.864, 0.999589, -0.0241624, -0.0154273, 0.0256882, 0.993832, 0.107883, 0.0127254, -0.108235, 0.994044, 0.00269614  
201, 9.9706, -64.985, 180.891, 0.999614, -0.0243949, -0.0133201, 0.025603, 0.99469, 0.0996824, 0.0108176, -0.0999849, 0.99493, 0.00271666  
202, 10.237, -67.3151, 180.883, 0.999562, -0.0272992, -0.0114299, 0.0283103, 0.994543, 0.100411, 0.00862639, -0.100691, 0.99488, 0.00263012  
203, 10.4068, -69.7366, 180.918, 0.999441, -0.0308779, -0.0128058, 0.0319294, 0.995225, 0.0922324, 0.00989669, -0.0925898, 0.995655, 0.00337378  
204, 10.7352, -72.3214, 180.735, 0.999448, -0.0311348, -0.0115843, 0.0320347, 0.995609, 0.0879625, 0.00879471, -0.088285, 0.996056, 0.00301374  
205, 11.0795, -74.9386, 180.711, 0.999436, -0.0312981, -0.012171, 0.0322025, 0.996026, 0.0830323, 0.00952387, -0.0833774, 0.996473, 0.00274107  
206, 11.3766, -77.6235, 180.744, 0.999458, -0.0313218, -0.0100987, 0.0320125, 0.996469, 0.0776255, 0.00763169, -0.0779067, 0.996931, 0.00290473  
207, 11.6037, -80.2232, 180.806, 0.999527, -0.0289685, -0.0103421, 0.0296587, 0.996789, 0.0743732, 0.00815445, -0.0746447, 0.997177, 0.0027175  
208, 11.8059, -82.8618, 180.782, 0.999587, -0.027693, -0.0076311, 0.028171, 0.997009, 0.0719726, 0.00561513, -0.0721579, 0.997377, 0.00311221  
209, 12.0277, -85.8598, 180.736, 0.999608, -0.0265755, -0.00886376, 0.0270667, 0.997778, 0.0608801, 0.00722615, -0.0610961, 0.998106, 0.00295521  
210, 12.2856, -88.3011, 180.72, 0.999589, -0.0271852, -0.00911418, 0.0276619, 0.997988, 0.0570562, 0.00754475, -0.0572849, 0.998329, 0.00264482  
211, 12.5333, -91.0671, 180.798, 0.999604, -0.0271017, -0.007567, 0.0274722, 0.998156, 0.054135, 0.0060859, -0.0543214, 0.998505, 0.00399983  
212, 12.6938, -93.8087, 180.86, 0.999636, -0.0267077, -0.00373866, 0.0268626, 0.998363, 0.0504918, 0.00238402, -0.0505739, 0.998717, 0.00275883  
213, 12.9126, -96.495, 180.913, 0.999594, -0.0283561, -0.00264081, 0.028448, 0.998523, 0.0462904, 0.00132429, -0.0463467, 0.998925, 0.00312219  
214, 13.1891, -99.0746, 180.983, 0.999626, -0.0270382, -0.00402134, 0.0271871, 0.998692, 0.0433044, 0.00284521, -0.0433975, 0.999054, 0.00310971  
215, 13.3768, -102.056, 181.03, 0.999622, -0.0271715, -0.00419914, 0.0273021, 0.999013, 0.0350395, 0.00324292, -0.0351409, 0.999377, 0.00280737  
216, 13.6033, -104.703, 181.032, 0.999718, -0.0234862, -0.00351577, 0.0235956, 0.999101, 0.0352233, 0.00268534, -0.0352963, 0.999373, 0.00301929  
217, 13.6558, -107.368, 180.988, 0.999711, -0.0240116, 0.000797646, 0.0239686, 0.99909, 0.0352682, -0.00164377, -0.0352389, 0.999378, 0.00270501  
218, 13.8516, -110.414, 180.997, 0.9997, -0.0242915, -0.00318476, 0.0243388, 0.99958, 0.0157533, 0.00280075, -0.0158261, 0.999871, 0.00308142  
219, 13.935, -112.833, 180.908, 0.999571, -0.0292761, -0.000244976, 0.029276, 0.999429, 0.0168434, -0.000248272, -0.0168434, 0.999858, 0.00301318  
220, 14.2086, -115.85, 180.88, 0.999593, -0.0284883, -0.00170013, 0.0284941, 0.999588, 0.00345293, 0.00160106, -0.00349996, 0.999993, 0.00275494  
221, 14.294, -118.537, 180.847, 0.999644, -0.0265963, 0.00224973, 0.026565, 0.999563, 0.012958, -0.00259338, -0.0128936, 0.999914, 0.00301818  
222, 14.472, -121.569, 180.886, 0.999636, -0.0268761, -0.00218504, 0.0268775, 0.999639, 0.000649732, 0.00216679, -0.000708224, 0.999997, 0.00272554  
223, 14.5125, -124.277, 180.858, 0.999643, -0.0266997, -7.99873e-005, 0.0266984, 0.999616, -0.00738917, 0.000277245, 0.0073844, 0.999973, 0.00321734  
224, 14.5447, -127.106, 180.943, 0.999558, -0.0297191, -0.000711042, 0.0297071, 0.999471, -0.0132334, 0.00110395, 0.0132064, 0.999912, 0.0029455  
225, 14.5969, -129.579, 180.984, 0.999505, -0.031409, 0.00165032, 0.0314247, 0.999451, -0.0105228, -0.0013189, 0.0105695, 0.999943, 0.00275051  
226, 14.6079, -132.503, 181.018, 0.99951, -0.031304, 0.000875671, 0.0313151, 0.999323, -0.0193237, -0.000270168, 0.0193417, 0.999813, 0.00293829  
227, 14.6727, -135.064, 181.032, 0.999537, -0.0304019, 0.0014126, 0.0304193, 0.999431, -0.0145676, -0.000968914, 0.0146039, 0.999893, 0.00272776  
228, 14.6416, -137.883, 181.11, 0.999535, -0.0304876, 0.000923305, 0.0305, 0.999331, -0.0201763, -0.000307561, 0.020195, 0.999796, 0.00313329  
229, 14.7392, -140.399, 181.027, 0.999527, -0.0306606, 0.00256991, 0.0306998, 0.999385, -0.0169557, -0.00204846, 0.0170266, 0.999853, 0.00311859  
230, 14.6942, -143.244, 180.957, 0.99944, -0.0328824, 0.00624516, 0.0330185, 0.999187, -0.0231248, -0.00547969, 0.023318, 0.999713, 0.00282179  
231, 14.6328, -145.925, 180.934, 0.999509, -0.0309506, 0.00493951, 0.0310761, 0.999132, -0.0277475, -0.00407642, 0.0278873, 0.999603, 0.00300375  
232, 14.6117, -148.54, 180.932, 0.99949, -0.0316127, 0.00446643, 0.0317287, 0.999079, -0.0288738, -0.00354954, 0.0290008, 0.999573, 0.00278629  
233, 14.7401, -151.287, 180.945, 0.999514, -0.0311875, 0.000255328, 0.0311775, 0.998908, -0.0347921, 0.000830032, 0.0347832, 0.999395, 0.00320042  
234, 14.9127, -153.9, 180.774, 0.999526, -0.0307719, -0.000271915, 0.0307452, 0.998958, -0.0337277, 0.0013095, 0.0337034, 0.999431, 0.00311332  
235, 15.0091, -156.449, 180.749, 0.999531, -0.0306089, 0.000243379, 0.0305997, 0.998961, -0.0337669, 0.000790441, 0.0337585, 0.99943, 0.00278518  
236, 15.1597, -159.269, 180.772, 0.999559, -0.0295252, -0.00314266, 0.0293725, 0.998734, -0.0408364, 0.00434439, 0.0407261, 0.999161, 0.00281513  
237, 15.2335, -161.63, 180.796, 0.999578, -0.0289828, -0.00201527, 0.0288949, 0.998972, -0.0349278, 0.0030255, 0.0348548, 0.999388, 0.00280071  
238, 15.368, -164.369, 180.825, 0.999491, -0.0317954, -0.00265285, 0.0316343, 0.998377, -0.0473485, 0.00415401, 0.0472404, 0.998875, 0.00291804  
239, 15.4239, -166.487, 180.867, 0.999453, -0.0327311, -0.00463069, 0.0324806, 0.998388, -0.0465446, 0.00614668, 0.0463688, 0.998905, 0.00321429  
240, 15.3618, -169.117, 180.922, 0.999445, -0.0332665, -0.00169517, 0.0331444, 0.998261, -0.0487417, 0.00331369, 0.0486585, 0.99881, 0.00280154  
241, 15.3407, -171.525, 180.912, 0.99947, -0.0324782, -0.00215437, 0.032347, 0.998445, -0.0454076, 0.00362577, 0.0453139, 0.998966, 0.00310389  
242, 15.2728, -173.907, 181.04, 0.999483, -0.0320648, -0.00217149, 0.031926, 0.998367, -0.0473715, 0.0036869, 0.0472777, 0.998875, 0.00270501  
243, 15.2666, -176.363, 181.077, 0.999472, -0.0323363, -0.00301559, 0.0321361, 0.998131, -0.0519716, 0.00469053, 0.0518473, 0.998644, 0.00296603  
244, 15.2176, -178.672, 181.134, 0.9994, -0.0346079, -0.00124246, 0.0345055, 0.998203, -0.048987, 0.00293556, 0.0489148, 0.998799, 0.00314328  
245, 15.3117, -181.071, 181.152, 0.99947, -0.0325402, -0.000919454, 0.0324592, 0.998332, -0.0477519, 0.00247178, 0.0476967, 0.998859, 0.00278046  
246, 15.2451, -183.468, 181.167, 0.99945, -0.0331122, 0.00177399, 0.0331588, 0.9984, -0.0457948, -0.000254779, 0.0458285, 0.998949, 0.00291943  
247, 15.3361, -185.753, 181.155, 0.999413, -0.0342656, 0.00030897, 0.0342429, 0.998331, -0.0464976, 0.00128481, 0.0464809, 0.998918, 0.0027677  
248, 15.4627, -188.086, 181.084, 0.999457, -0.0329055, -0.00153701, 0.0327956, 0.998337, -0.0474133, 0.00309461, 0.0473371, 0.998874, 0.00294772  
249, 15.5917, -190.423, 181.011, 0.999509, -0.0312962, -0.00159498, 0.031191, 0.998473, -0.0455939, 0.00301947, 0.0455218, 0.998959, 0.00313828  
250, 15.5994, -192.719, 181.046, 0.999458, -0.0327017, -0.00377877, 0.0324937, 0.998414, -0.0459793, 0.00527638, 0.0458316, 0.998935, 0.00277186  
251, 15.6623, -194.914, 181.019, 0.999457, -0.0328732, -0.00210743, 0.0327338, 0.998305, -0.0481274, 0.00368596, 0.0480323, 0.998839, 0.00271472  
252, 15.7486, -197.083, 180.887, 0.999564, -0.0295155, -0.000632164, 0.0294592, 0.998601, -0.0439221, 0.00192766, 0.0438844, 0.999035, 0.00271417  
253, 15.7719, -199.126, 180.909, 0.999502, -0.0315495, 7.19961e-005, 0.0315234, 0.998577, -0.0430212, 0.0012854, 0.0430021, 0.999074, 0.00351524  
254, 15.9, -201.141, 180.917, 0.999472, -0.0324902, -0.000386768, 0.0324468, 0.998628, -0.0411089, 0.00172187, 0.0410746, 0.999155, 0.00306173  
255, 16.0385, -203.431, 180.963, 0.999511, -0.0311621, -0.00253118, 0.0310254, 0.998603, -0.0427838, 0.00386088, 0.0426843, 0.999081, 0.00276216  
256, 16.1662, -205.553, 180.892, 0.999556, -0.0297772, -0.00128098, 0.0297035, 0.99878, -0.0394537, 0.00245424, 0.0393981, 0.999221, 0.00287144  
257, 16.1664, -207.892, 180.915, 0.999459, -0.0328467, -0.00180186, 0.0327327, 0.998454, -0.0449272, 0.00327478, 0.0448439, 0.998989, 0.00286146  
258, 16.3743, -209.732, 180.925, 0.999487, -0.0319766, -0.00202192, 0.0318737, 0.998733, -0.0389489, 0.00326481, 0.0388645, 0.999239, 0.00305313  
259, 16.6302, -211.911, 180.894, 0.999486, -0.0320532, -0.000679859, 0.0319966, 0.998609, -0.0419098, 0.00202225, 0.0418665, 0.999121, 0.0031896  
260, 16.7763, -213.966, 180.964, 0.999546, -0.0300975, -0.00105324, 0.0300385, 0.998873, -0.0367446, 0.00215797, 0.0366963, 0.999324, 0.0028143  
261, 17.0069, -215.806, 180.911, 0.999448, -0.0329312, 0.00444447, 0.0330663, 0.998846, -0.0348453, -0.00329184, 0.034973, 0.999383, 0.00285314  
262, 17.069, -218.042, 180.989, 0.999565, -0.0293819, 0.00272527, 0.029463, 0.998872, -0.0372283, -0.00162836, 0.0372924, 0.999303, 0.0027727  
263, 17.144, -219.815, 181.012, 0.999527, -0.029872, 0.00728404, 0.030057, 0.999189, -0.0267786, -0.0064782, 0.0269849, 0.999615, 0.0029505  
264, 17.4301, -221.919, 180.938, 0.999511, -0.0305531, 0.00671414, 0.0307533, 0.999012, -0.0320697, -0.00572768, 0.0322605, 0.999463, 0.00315687  
265, 17.4601, -223.898, 181.037, 0.999496, -0.0310193, 0.00669469, 0.0311746, 0.999214, -0.0245026, -0.00592937, 0.024699, 0.999677, 0.00288448  
266, 17.6665, -225.924, 181.117, 0.999496, -0.0312827, 0.0054357, 0.0314062, 0.99921, -0.0243525, -0.00466959, 0.024511, 0.999689, 0.00289308  
267, 17.9099, -227.902, 181.028, 0.99951, -0.0306304, 0.00637888, 0.0307548, 0.999318, -0.0204233, -0.00574896, 0.0206095, 0.999771, 0.00278324  
268, 18.1166, -229.974, 181.074, 0.999506, -0.0298224, 0.00992915, 0.0299988, 0.999386, -0.0181185, -0.00938271, 0.0184074, 0.999787, 0.00302872  
269, 18.3018, -231.749, 181.132, 0.999507, -0.0298278, 0.00980089, 0.029948, 0.999475, -0.012358, -0.00942714, 0.0126454, 0.999876, 0.00320069  
270, 18.4934, -233.718, 181.121, 0.999485, -0.0299698, 0.0114265, 0.0300749, 0.999506, -0.00913245, -0.0111471, 0.00947141, 0.999893, 0.00284315  
271, 18.7278, -235.502, 181.146, 0.999531, -0.0285914, 0.0109516, 0.0286627, 0.999569, -0.00641072, -0.0107635, 0.00672161, 0.999919, 0.00294772  
272, 18.9519, -237.477, 181.136, 0.99949, -0.0296532, 0.0118862, 0.0296961, 0.999553, -0.00344667, -0.0117787, 0.00379788, 0.999923, 0.00280487  
273, 19.2083, -239.26, 181.151, 0.999492, -0.029104, 0.0130258, 0.0291091, 0.999576, -0.000202111, -0.0130144, 0.000581176, 0.999915, 0.00308225  
274, 19.3193, -241.324, 181.13, 0.999339, -0.0323574, 0.0165809, 0.032289, 0.999469, 0.00437607, -0.0167137, -0.00383779, 0.999853, 0.00311165  
275, 19.6584, -243.352, 181.129, 0.999395, -0.0307416, 0.0162966, 0.0306825, 0.999522, 0.00386008, -0.0164075, -0.00335772, 0.99986, 0.00276216  
276, 19.9412, -245.044, 180.994, 0.999383, -0.029987, 0.0182752, 0.0297919, 0.999497, 0.010853, -0.0185915, -0.0103018, 0.999774, 0.00289003  
