0, 0, 0, 0, 0, 0, 0, 0, 0, 0, 0, 0, 0, 0.00686461  
1, 0, 0, 0, 0, 0, 0, 0, 0, 0, 0, 0, 0, 0.00292581  
2, 22.5415, 29.9595, 180.835, 0.999771, -0.0204671, -0.00624787, 0.0203128, 0.99951, -0.0238359, 0.00673266, 0.0237036, 0.999696, 0.00278962  
3, 22.5263, 29.9471, 180.799, 0.99978, -0.0203856, -0.00496756, 0.0202726, 0.999556, -0.0218301, 0.00541037, 0.0217246, 0.999749, 0.00312663  
4, 22.513, 29.9621, 180.843, 0.999783, -0.0201176, -0.00536426, 0.0199938, 0.999553, -0.0222091, 0.00580866, 0.0220971, 0.999739, 0.0032251  
5, 22.5508, 29.9555, 180.845, 0.999769, -0.0208021, -0.00546397, 0.0206869, 0.999579, -0.0203442, 0.00588487, 0.0202265, 0.999778, 0.00291305  
6, 22.5372, 29.9605, 180.878, 0.99977, -0.0206065, -0.00588936, 0.02048, 0.999574, -0.0207883, 0.00631522, 0.0206629, 0.999767, 0.00293219  
7, 22.5236, 29.9701, 180.859, 0.999772, -0.0208082, -0.00479197, 0.0206974, 0.999541, -0.0221156, 0.00524995, 0.0220114, 0.999744, 0.00272443  
8, 22.5234, 29.9597, 180.876, 0.999775, -0.0208046, -0.00404089, 0.0207289, 0.999624, -0.0179475, 0.00441276, 0.0178597, 0.999831, 0.00307282  
9, 22.5552, 29.9703, 180.855, 0.999768, -0.020988, -0.00475989, 0.0208905, 0.999588, -0.0196807, 0.00517099, 0.0195767, 0.999795, 0.00317351  
10, 22.5566, 29.964, 180.826, 0.99977, -0.0209508, -0.00450971, 0.0208561, 0.99958, -0.0201184, 0.00492932, 0.0200197, 0.999787, 0.00282595  
11, 22.4969, 29.9765, 180.826, 0.999784, -0.0201514, -0.00504161, 0.0200371, 0.999562, -0.0217875, 0.00547844, 0.0216817, 0.99975, 0.00295327  
12, 22.5229, 29.9928, 180.824, 0.999772, -0.0208178, -0.00476379, 0.0207125, 0.999561, -0.0211702, 0.00520242, 0.0210667, 0.999765, 0.00276604  
13, 22.5342, 29.9752, 180.819, 0.999766, -0.020952, -0.00534494, 0.0208236, 0.999518, -0.0230393, 0.00582508, 0.0229226, 0.99972, 0.00304869  
14, 22.5011, 29.9719, 180.821, 0.999776, -0.0206889, -0.00440549, 0.020595, 0.99958, -0.0203996, 0.00482568, 0.0203043, 0.999782, 0.00319237  
15, 22.5121, 29.954, 180.847, 0.999764, -0.021132, -0.00495947, 0.0210153, 0.999526, -0.0225085, 0.00543277, 0.022399, 0.999734, 0.00283816  
16, 22.5225, 29.9843, 180.84, 0.999772, -0.0207, -0.00529673, 0.0205789, 0.999547, -0.0219696, 0.0057491, 0.0218556, 0.999745, 0.00293413  
17, 22.5355, 29.9771, 180.843, 0.999786, -0.0202935, -0.00411406, 0.0202062, 0.999591, -0.0202412, 0.00452314, 0.0201538, 0.999787, 0.0029688  
18, 22.5299, 29.9691, 180.865, 0.999769, -0.0209686, -0.00464427, 0.0208745, 0.999593, -0.0194656, 0.00505055, 0.0193642, 0.9998, 0.00317878  
19, 22.515, 29.9658, 180.828, 0.999789, -0.0201891, -0.00389561, 0.0201085, 0.999603, -0.0197193, 0.00429218, 0.0196368, 0.999798, 0.00314355  
20, 22.4882, 29.9682, 180.859, 0.999772, -0.021052, -0.00370929, 0.0209685, 0.999554, -0.0212511, 0.00415501, 0.0211685, 0.999767, 0.00298739  
21, 22.5182, 29.9579, 180.818, 0.999769, -0.0210623, -0.00422687, 0.0209655, 0.999543, -0.021767, 0.00468341, 0.0216733, 0.999754, 0.00291333  
22, 22.5096, 29.9775, 180.847, 0.99977, -0.0209294, -0.00469018, 0.020825, 0.999557, -0.0212845, 0.00513357, 0.0211819, 0.999762, 0.00273608  
23, 22.4981, 29.9717, 180.814, 0.999763, -0.021399, -0.00401766, 0.0213183, 0.999589, -0.0191552, 0.00442591, 0.019065, 0.999808, 0.00308475  
24, 22.5605, 29.9583, 180.826, 0.99978, -0.0203524, -0.00513958, 0.0202439, 0.999588, -0.0203361, 0.00555135, 0.0202276, 0.99978, 0.00300403  
25, 22.5695, 29.9382, 180.867, 0.999771, -0.0203957, -0.00650109, 0.0202466, 0.999548, -0.0222257, 0.00695146, 0.022089, 0.999732, 0.00300126  
26, 22.5426, 29.949, 180.859, 0.999771, -0.0209491, -0.00443724, 0.0208597, 0.999596, -0.0193197, 0.00484017, 0.0192227, 0.999804, 0.00283733  
27, 22.5244, 29.9675, 180.846, 0.999767, -0.0209992, -0.00504124, 0.0208839, 0.999542, -0.0219156, 0.00549914, 0.0218052, 0.999747, 0.00274662  
28, 22.509, 29.9443, 180.834, 0.999785, -0.0203029, -0.0043016, 0.0202056, 0.999563, -0.0215756, 0.00473776, 0.021484, 0.999758, 0.00305507  
29, 22.5139, 29.9662, 180.847, 0.999779, -0.0204676, -0.00482472, 0.0203563, 0.999549, -0.0220804, 0.00527448, 0.0219773, 0.999745, 0.00301013  
30, 22.5257, 29.9723, 180.872, 0.999767, -0.0205878, -0.00651673, 0.0204265, 0.999505, -0.0239142, 0.00700584, 0.0237755, 0.999693, 0.00279267  
31, 22.5368, 29.9523, 180.873, 0.999774, -0.0205344, -0.00559016, 0.0204035, 0.999537, -0.0225506, 0.00605064, 0.0224314, 0.99973, 0.00301235  
32, 22.5614, 29.9716, 180.844, 0.999761, -0.0209716, -0.00621393, 0.0208137, 0.999484, -0.0244676, 0.00672385, 0.0243324, 0.999681, 0.00276354  
33, 22.5473, 29.9491, 180.807, 0.999795, -0.0198384, -0.00404016, 0.0197501, 0.999588, -0.0208329, 0.00445179, 0.0207489, 0.999775, 0.00298073  
34, 22.5362, 29.9488, 180.857, 0.999764, -0.0212731, -0.0043876, 0.021185, 0.999591, -0.0192267, 0.00479482, 0.0191293, 0.999806, 0.00314133  
35, 22.5571, 29.9516, 180.811, 0.999778, -0.0206816, -0.00397815, 0.020597, 0.999583, -0.0202361, 0.00439501, 0.0201496, 0.999787, 0.00288337  
36, 22.5, 29.9448, 180.843, 0.999781, -0.0206132, -0.00373527, 0.0205321, 0.999577, -0.0205892, 0.0041581, 0.0205079, 0.999781, 0.00299932  
37, 22.5223, 29.9365, 180.828, 0.999769, -0.0206608, -0.00585113, 0.0205168, 0.999509, -0.023686, 0.00633763, 0.0235605, 0.999702, 0.00275189  
38, 22.5065, 29.9525, 180.866, 0.999772, -0.0206883, -0.00532686, 0.0205625, 0.999531, -0.022679, 0.00579355, 0.0225642, 0.999729, 0.00318266  
39, 22.564, 29.9278, 180.866, 0.999758, -0.0211213, -0.00613134, 0.0209776, 0.999524, -0.0226291, 0.00660637, 0.022495, 0.999725, 0.00315964  
40, 22.5237, 29.9592, 180.841, 0.999774, -0.0208264, -0.00415948, 0.0207338, 0.99956, -0.0211914, 0.00459899, 0.0211004, 0.999767, 0.00280432  
41, 22.5476, 29.9719, 180.834, 0.999779, -0.0206565, -0.00394522, 0.0205708, 0.999576, -0.0206307, 0.0043697, 0.020545, 0.999779, 0.00292442  
42, 22.5922, 29.9516, 180.869, 0.999764, -0.020706, -0.00661466, 0.0205518, 0.999534, -0.0225838, 0.0070792, 0.0224425, 0.999723, 0.00277436  
43, 22.5415, 29.9542, 180.851, 0.999774, -0.0209923, -0.00346061, 0.0209201, 0.999587, -0.0197225, 0.0038732, 0.0196457, 0.9998, 0.00288254  
44, 22.5303, 29.9611, 180.878, 0.999747, -0.0217183, -0.00578242, 0.021591, 0.999541, -0.0212357, 0.00624097, 0.0211054, 0.999758, 0.00318766  
45, 22.5372, 29.9512, 180.864, 0.999778, -0.0203683, -0.0054113, 0.0202543, 0.999588, -0.0203514, 0.0058236, 0.0202373, 0.999778, 0.00281208  
46, 22.5071, 29.9665, 180.834, 0.999776, -0.0205672, -0.00494324, 0.020456, 0.999558, -0.0215933, 0.00538517, 0.0214874, 0.999755, 0.00292525  
47, 22.5788, 29.9638, 180.843, 0.999774, -0.0203145, -0.0061949, 0.0201707, 0.999544, -0.0224491, 0.00664812, 0.0223191, 0.999729, 0.00279211  
48, 22.5165, 29.9491, 180.853, 0.999771, -0.0206318, -0.00559787, 0.020503, 0.999544, -0.0221648, 0.00605262, 0.0220449, 0.999739, 0.00331997  
49, 22.545, 29.9677, 180.833, 0.999772, -0.0205669, -0.00568956, 0.020436, 0.999545, -0.0221863, 0.00614327, 0.0220649, 0.999738, 0.00312747  
50, 22.537, 29.9371, 180.855, 0.999779, -0.0201469, -0.00601487, 0.0199994, 0.99952, -0.0236562, 0.00648859, 0.0235307, 0.999702, 0.00279322  
51, 22.5332, 29.9673, 180.867, 0.999763, -0.0209118, -0.00605857, 0.0207658, 0.999515, -0.0232245, 0.0065413, 0.0230932, 0.999712, 0.00299099  
52, 22.5611, 29.9755, 180.847, 0.999769, -0.0206822, -0.00587236, 0.0205569, 0.999576, -0.0206399, 0.00629674, 0.0205144, 0.99977, 0.00278684  
53, 22.5264, 29.9585, 180.821, 0.999779, -0.0205579, -0.00429696, 0.0204693, 0.999596, -0.0197301, 0.00470084, 0.0196378, 0.999796, 0.00299238  
54, 22.5757, 29.961, 180.828, 0.999777, -0.0204509, -0.00531241, 0.02033, 0.999554, -0.0218907, 0.00575772, 0.0217779, 0.999746, 0.00309224  
55, 22.5683, 29.97, 180.851, 0.999767, -0.0209269, -0.00519709, 0.0208196, 0.999585, -0.0199212, 0.00561182, 0.0198084, 0.999788, 0.00282235  
56, 22.5317, 29.9637, 180.828, 0.999772, -0.0208839, -0.00445451, 0.0207826, 0.999549, -0.0216761, 0.00490518, 0.0215786, 0.999755, 0.00288365  
57, 22.5148, 29.9685, 180.833, 0.999765, -0.0210234, -0.00530103, 0.0208973, 0.999521, -0.0228055, 0.00577794, 0.0226893, 0.999726, 0.00279294  
58, 22.517, 29.9536, 180.802, 0.999778, -0.0205751, -0.00451244, 0.0204793, 0.999583, -0.0203458, 0.00492917, 0.0202489, 0.999783, 0.00296409  
59, 22.5406, 29.9819, 180.805, 0.999787, -0.0200636, -0.00481323, 0.0199599, 0.999587, -0.0206971, 0.0052265, 0.0205966, 0.999774, 0.00324896  
60, 22.5373, 29.973, 180.839, 0.999777, -0.0206085, -0.0045221, 0.0205147, 0.999592, -0.0198976, 0.00493031, 0.0198004, 0.999792, 0.00316103  
61, 22.5664, 29.9585, 180.853, 0.999797, -0.0192259, -0.00608667, 0.0190989, 0.999612, -0.020269, 0.006474, 0.0201486, 0.999776, 0.00295077  
62, 22.5188, 29.9681, 180.853, 0.999779, -0.0202607, -0.0056833, 0.0201349, 0.999568, -0.0213881, 0.00611419, 0.021269, 0.999755, 0.00278435  
63, 22.5438, 29.9667, 180.87, 0.99977, -0.0205065, -0.00628132, 0.0203724, 0.999578, -0.0207229, 0.00670362, 0.0205901, 0.999766, 0.00291998  
64, 22.5271, 29.9815, 180.849, 0.999784, -0.0199645, -0.00579971, 0.0198267, 0.999541, -0.022919, 0.00625461, 0.022799, 0.999721, 0.00274163  
65, 22.5349, 29.9815, 180.839, 0.999768, -0.0207311, -0.00578608, 0.0205932, 0.999525, -0.0229492, 0.00625909, 0.0228247, 0.99972, 0.00285203  
66, 22.5381, 29.9605, 180.832, 0.999792, -0.0196821, -0.0052572, 0.019558, 0.999551, -0.0226924, 0.00570147, 0.0225849, 0.999729, 0.00276382  
67, 22.5302, 29.9847, 180.809, 0.999773, -0.0206922, -0.00512594, 0.0205762, 0.999552, -0.0217347, 0.00557338, 0.0216243, 0.999751, 0.0029505  
68, 22.5188, 29.957, 180.838, 0.999774, -0.0205384, -0.0055545, 0.0204076, 0.999535, -0.0226616, 0.00601735, 0.0225431, 0.999728, 0.00339236  
69, 22.5254, 29.9715, 180.82, 0.999778, -0.0205777, -0.00454406, 0.0204797, 0.999577, -0.0206618, 0.00496731, 0.0205642, 0.999776, 0.002872  
70, 22.5051, 29.9703, 180.856, 0.999772, -0.0204704, -0.00615217, 0.0203306, 0.999552, -0.0219762, 0.00659928, 0.0218461, 0.99974, 0.00289141  
71, 22.5509, 29.9424, 180.849, 0.999777, -0.0203744, -0.00552481, 0.0202575, 0.999586, -0.0204393, 0.00593896, 0.0203228, 0.999776, 0.00283705  
72, 22.5344, 29.9535, 180.86, 0.999773, -0.0208509, -0.00428816, 0.0207681, 0.999613, -0.0185245, 0.00467275, 0.0184312, 0.999819, 0.00296936  
73, 22.5114, 29.9552, 180.837, 0.999764, -0.0210936, -0.00524798, 0.0209716, 0.999531, -0.0223176, 0.00571628, 0.0222023, 0.999737, 0.00364644  
74, 22.5489, 29.9394, 180.858, 0.999777, -0.0205152, -0.00507843, 0.0204075, 0.999583, -0.0204271, 0.00549538, 0.0203189, 0.999778, 0.00276299  
75, 22.5267, 29.9618, 180.833, 0.999784, -0.0203118, -0.00445284, 0.0202143, 0.999576, -0.0209498, 0.00487648, 0.0208552, 0.999771, 0.00282318  
76, 22.5627, 29.9638, 180.902, 0.999753, -0.0207427, -0.0079227, 0.0205606, 0.999537, -0.0224071, 0.00838382, 0.0222386, 0.999718, 0.00281097  
77, 22.5397, 29.9465, 180.855, 0.999762, -0.0208587, -0.00635152, 0.0207194, 0.999559, -0.0212569, 0.00679211, 0.0211203, 0.999754, 0.00297851  
78, 22.5171, 29.9574, 180.813, 0.999784, -0.0202654, -0.00454043, 0.0201685, 0.999587, -0.0204467, 0.00495292, 0.0203507, 0.999781, 0.00342565  
79, 22.5281, 29.9585, 180.823, 0.999776, -0.0206612, -0.00451906, 0.020561, 0.999564, -0.0211976, 0.00495506, 0.0211, 0.999765, 0.00279544  
80, 22.552, 29.9574, 180.854, 0.999784, -0.020235, -0.00479507, 0.020144, 0.999629, -0.0183185, 0.00516397, 0.018218, 0.999821, 0.00289641  
81, 22.5296, 29.9459, 180.827, 0.999784, -0.0202065, -0.00487483, 0.0201, 0.999578, -0.0209864, 0.00529684, 0.0208839, 0.999768, 0.00282013  
82, 22.525, 29.9504, 180.783, 0.999779, -0.0206471, -0.00393467, 0.0205644, 0.999589, -0.0199983, 0.00434596, 0.019913, 0.999792, 0.00292109  
83, 22.5146, 29.9599, 180.808, 0.999775, -0.0207301, -0.0044818, 0.0206297, 0.999558, -0.0213876, 0.00492319, 0.0212903, 0.999761, 0.00347613  
84, 22.5338, 29.9605, 180.845, 0.999781, -0.0204469, -0.00448661, 0.020348, 0.999571, -0.0210699, 0.0049155, 0.020974, 0.999768, 0.00276132  
85, 22.5475, 29.9591, 180.852, 0.999764, -0.0211831, -0.00489906, 0.0210838, 0.999588, -0.0194973, 0.00531005, 0.0193894, 0.999798, 0.00289558  
86, 22.5349, 29.9615, 180.84, 0.999776, -0.0205874, -0.00481714, 0.0204777, 0.999552, -0.0218118, 0.00526404, 0.0217083, 0.99975, 0.00270751  
87, 22.5219, 29.945, 180.859, 0.99975, -0.021437, -0.0064007, 0.0212826, 0.999502, -0.0232918, 0.00689682, 0.0231498, 0.999708, 0.00413491  
88, 22.5133, 29.9358, 180.857, 0.999781, -0.0202069, -0.00546659, 0.0200798, 0.999548, -0.0223921, 0.00591659, 0.0222774, 0.999734, 0.00325867  
89, 22.5156, 29.9514, 180.818, 0.999783, -0.0204184, -0.00416412, 0.0203236, 0.999559, -0.0216581, 0.00460451, 0.0215687, 0.999757, 0.00280071  
90, 22.5592, 29.9519, 180.853, 0.999765, -0.0207091, -0.0064511, 0.0205712, 0.999573, -0.0207586, 0.00687823, 0.020621, 0.999764, 0.00290334  
91, 22.5736, 29.9527, 180.844, 0.999773, -0.0203792, -0.0062173, 0.020238, 0.999553, -0.0219868, 0.00666259, 0.021856, 0.999739, 0.00271611  
92, 22.5122, 29.9601, 180.807, 0.999767, -0.0209836, -0.00515509, 0.020872, 0.999565, -0.0208361, 0.00559006, 0.0207236, 0.99977, 0.00309335  
93, 22.5147, 29.9385, 180.838, 0.999766, -0.0208397, -0.00572703, 0.0207015, 0.999516, -0.0232189, 0.00620814, 0.0230949, 0.999714, 0.00319237  
94, 22.5357, 29.9516, 180.83, 0.999764, -0.0208363, -0.00620972, 0.0206856, 0.999512, -0.0234173, 0.00669462, 0.0232833, 0.999706, 0.00280459  
95, 22.504, 29.9607, 180.845, 0.999772, -0.020634, -0.00544738, 0.0205038, 0.999526, -0.022956, 0.00591847, 0.0228391, 0.999722, 0.00293746  
96, 22.5125, 29.9608, 180.827, 0.999778, -0.0206432, -0.00411298, 0.0205535, 0.999573, -0.0207744, 0.00454007, 0.0206853, 0.999776, 0.00273525  
97, 22.5035, 29.9628, 180.86, 0.999766, -0.0208944, -0.00563219, 0.0207626, 0.99953, -0.0225322, 0.00610035, 0.02241, 0.99973, 0.00303038  
98, 22.5114, 29.9689, 180.82, 0.999783, -0.0205143, -0.00356176, 0.0204363, 0.999577, -0.0206971, 0.00398483, 0.0206198, 0.999779, 0.00343342  
99, 22.526, 29.9637, 180.845, 0.999763, -0.0208501, -0.00618451, 0.0206981, 0.999505, -0.0237064, 0.00667573, 0.0235728, 0.9997, 0.00280626  
100, 22.5161, 29.9641, 180.842, 0.999778, -0.0207338, -0.00378679, 0.0206518, 0.999575, -0.0205524, 0.00421131, 0.0204696, 0.999782, 0.00300403  
101, 22.5218, 29.9668, 180.814, 0.999776, -0.0208549, -0.00372507, 0.0207771, 0.999588, -0.0198226, 0.00413693, 0.0197407, 0.999797, 0.00278546  
102, 22.4985, 29.9535, 180.825, 0.999773, -0.0210782, -0.00315814, 0.0210132, 0.999592, -0.0193665, 0.00356506, 0.0192957, 0.999807, 0.00310333  
103, 22.5568, 29.9571, 180.868, 0.999787, -0.019969, -0.00525691, 0.0198657, 0.999622, -0.0190103, 0.00563454, 0.0189018, 0.999805, 0.00307088  
104, 22.5352, 29.9862, 180.819, 0.999764, -0.0211937, -0.00476524, 0.0210829, 0.999531, -0.0222115, 0.00523375, 0.0221058, 0.999742, 0.00278878  
105, 22.54, 29.9649, 180.883, 0.999762, -0.0211153, -0.00553647, 0.0209929, 0.999552, -0.0213119, 0.005984, 0.0211906, 0.999758, 0.00316352  
106, 22.5257, 29.9584, 180.863, 0.999769, -0.0206214, -0.00604299, 0.020478, 0.999528, -0.0228883, 0.00651213, 0.0227592, 0.99972, 0.00274024  
107, 22.549, 29.9731, 180.876, 0.999762, -0.0210079, -0.00589566, 0.0208721, 0.999535, -0.0222273, 0.00635987, 0.0220989, 0.999736, 0.00302372  
108, 22.5343, 29.9668, 180.81, 0.999783, -0.0203925, -0.00421609, 0.0203033, 0.99959, -0.0202014, 0.00462631, 0.0201114, 0.999787, 0.00329722  
109, 22.5075, 29.9571, 180.849, 0.999756, -0.0213551, -0.00571159, 0.0212242, 0.999531, -0.0220824, 0.00618048, 0.0219558, 0.99974, 0.00280459  
110, 22.5251, 29.9825, 180.836, 0.99977, -0.0210941, -0.00391359, 0.0210073, 0.999558, -0.0210282, 0.00435543, 0.0209411, 0.999771, 0.00301013  
111, 22.5094, 29.981, 180.818, 0.999773, -0.0208143, -0.00459507, 0.0207178, 0.999583, -0.0201321, 0.00501219, 0.0200323, 0.999787, 0.00274107  
112, 22.516, 29.9831, 180.864, 0.999756, -0.0212694, -0.00602525, 0.0211274, 0.999519, -0.0227201, 0.00650559, 0.0225873, 0.999724, 0.0030964  
113, 22.5309, 29.9793, 180.837, 0.999756, -0.0215534, -0.00476455, 0.0214436, 0.999528, -0.0220075, 0.00523663, 0.0219, 0.999746, 0.00316796  
114, 22.5264, 29.9664, 180.848, 0.999761, -0.0206316, -0.00720243, 0.0204504, 0.999493, -0.0243851, 0.00770189, 0.024232, 0.999677, 0.00279932  
115, 22.5291, 29.9777, 180.829, 0.999777, -0.0207119, -0.00403456, 0.020626, 0.999582, -0.0202705, 0.00445271, 0.0201828, 0.999786, 0.00300597  
116, 22.5588, 29.9605, 180.881, 0.999772, -0.0202361, -0.00688771, 0.0200787, 0.999552, -0.0222027, 0.00733392, 0.0220593, 0.99973, 0.0027408  
117, 22.5545, 29.9496, 180.877, 0.999784, -0.0201364, -0.00506633, 0.0200304, 0.999596, -0.0201706, 0.00547045, 0.0200648, 0.999784, 0.00321262  
118, 22.5553, 29.9925, 180.843, 0.999779, -0.0201432, -0.0059612, 0.0200017, 0.999537, -0.0229166, 0.00642006, 0.0227923, 0.99972, 0.0032018  
119, 22.5068, 29.9642, 180.836, 0.999782, -0.0205417, -0.00385136, 0.0204578, 0.999577, -0.0206837, 0.00427461, 0.0206004, 0.999779, 0.00279794  
120, 22.5767, 29.9653, 180.834, 0.999782, -0.0202113, -0.00528236, 0.0201045, 0.999607, -0.0195492, 0.0056754, 0.0194387, 0.999795, 0.00297407  
121, 22.4954, 29.9576, 180.854, 0.99978, -0.0204719, -0.00458528, 0.0203709, 0.99957, -0.0210873, 0.005015, 0.0209892, 0.999767, 0.00275688  
122, 22.5633, 29.9596, 180.866, 0.999773, -0.0205405, -0.00564425, 0.020417, 0.999568, -0.0211299, 0.00607584, 0.0210099, 0.999761, 0.00297296  
123, 22.5026, 29.962, 180.857, 0.999761, -0.0210563, -0.00584926, 0.0209156, 0.999513, -0.0231451, 0.00633377, 0.0230172, 0.999715, 0.00314938  
124, 22.557, 29.9668, 180.873, 0.999781, -0.0203532, -0.00481312, 0.0202523, 0.999592, -0.020162, 0.00522152, 0.0200601, 0.999785, 0.00278102  
125, 22.5044, 29.9581, 180.838, 0.999789, -0.0201503, -0.00390906, 0.020066, 0.999588, -0.0205168, 0.00432087, 0.020434, 0.999782, 0.00281708  
126, 22.5129, 29.961, 180.849, 0.999779, -0.0203691, -0.00513379, 0.0202533, 0.99956, -0.0216713, 0.00557295, 0.0215625, 0.999752, 0.00275799  
127, 22.529, 29.9572, 180.855, 0.999771, -0.0206612, -0.0055997, 0.0205193, 0.999494, -0.0243177, 0.0060993, 0.0241973, 0.999689, 0.00320208  
128, 22.5343, 29.9701, 180.859, 0.999759, -0.0210057, -0.00644701, 0.020847, 0.9995, -0.0237753, 0.0069432, 0.0236352, 0.999697, 0.00318044  
129, 22.5038, 29.9772, 180.844, 0.999772, -0.0209985, -0.00398347, 0.0209114, 0.999566, -0.0207613, 0.00441769, 0.0206732, 0.999777, 0.00283344  
130, 22.5316, 29.9631, 180.847, 0.999788, -0.019897, -0.00536119, 0.0197719, 0.999552, -0.022465, 0.00580578, 0.0223542, 0.999733, 0.00315354  
131, 22.5052, 29.9563, 180.845, 0.999759, -0.0213385, -0.00514417, 0.0212197, 0.99953, -0.0221471, 0.00561434, 0.0220326, 0.999741, 0.00276853  
132, 22.5082, 29.9523, 180.829, 0.999775, -0.0209604, -0.00325586, 0.0208933, 0.999592, -0.019451, 0.00366224, 0.0193786, 0.999806, 0.00298018  
133, 22.5315, 29.9628, 180.864, 0.999767, -0.0210114, -0.00488068, 0.0209136, 0.999595, -0.0192941, 0.0052841, 0.0191875, 0.999802, 0.00319043  
134, 22.5177, 29.958, 180.839, 0.999777, -0.0204377, -0.00527571, 0.0203112, 0.999529, -0.0230087, 0.00574347, 0.0228964, 0.999721, 0.00285452  
135, 22.5405, 29.9411, 180.852, 0.999773, -0.0207387, -0.00485788, 0.0206381, 0.999589, -0.0199138, 0.00526886, 0.019809, 0.99979, 0.00314799  
136, 22.5588, 29.9614, 180.866, 0.999772, -0.0207913, -0.00483133, 0.0206905, 0.999585, -0.0200467, 0.00524612, 0.0199422, 0.999787, 0.00278351  
137, 22.5165, 29.975, 180.858, 0.999758, -0.0210978, -0.0062091, 0.0209442, 0.999497, -0.0238305, 0.00670875, 0.0236947, 0.999697, 0.00285979  
138, 22.4946, 29.9594, 180.864, 0.999775, -0.0206035, -0.0050002, 0.0204855, 0.999535, -0.0226031, 0.00546358, 0.0224956, 0.999732, 0.00319015  
139, 22.5184, 29.9871, 180.85, 0.999777, -0.0206633, -0.00430731, 0.0205699, 0.999574, -0.0206951, 0.00473311, 0.0206019, 0.999777, 0.00281319  
140, 22.5576, 29.9643, 180.854, 0.99978, -0.0202881, -0.00531366, 0.0201678, 0.999559, -0.0217937, 0.00575347, 0.0216817, 0.999748, 0.00290473  
141, 22.5224, 29.9677, 180.831, 0.99978, -0.0203989, -0.00478525, 0.0202939, 0.999572, -0.0210556, 0.00521271, 0.0209539, 0.999767, 0.0028143  
142, 22.5594, 29.9788, 180.871, 0.999756, -0.0209664, -0.00691332, 0.0208002, 0.999512, -0.0232867, 0.00739818, 0.0231372, 0.999705, 0.00303787  
143, 22.5268, 29.9782, 180.823, 0.999777, -0.0207379, -0.00401267, 0.0206578, 0.999605, -0.0190688, 0.00440654, 0.0189817, 0.99981, 0.00315104  
144, 22.53, 29.9839, 180.863, 0.999777, -0.0207209, -0.00410639, 0.0206366, 0.999595, -0.0196006, 0.00451086, 0.0195115, 0.999799, 0.00281874  
145, 22.5117, 29.9566, 180.836, 0.999779, -0.0206907, -0.00378683, 0.0206106, 0.999586, -0.0201001, 0.00420114, 0.0200176, 0.999791, 0.00289835  
146, 22.5515, 29.9668, 180.877, 0.99975, -0.0213093, -0.00678369, 0.0211537, 0.999529, -0.0222371, 0.00725435, 0.0220881, 0.99973, 0.00283205  
147, 22.5469, 29.9735, 180.822, 0.999779, -0.0202498, -0.00560939, 0.0201181, 0.999542, -0.0226081, 0.00606464, 0.0224903, 0.999729, 0.00306866  
148, 22.5077, 29.9743, 180.847, 0.999782, -0.0203959, -0.00446206, 0.0202988, 0.999577, -0.0208106, 0.00488462, 0.0207155, 0.999773, 0.00324813  
149, 22.554, 29.9615, 180.856, 0.999785, -0.020019, -0.00537599, 0.0199086, 0.999604, -0.0198631, 0.0057715, 0.0197518, 0.999788, 0.0028487  
150, 22.5531, 29.9733, 180.895, 0.999752, -0.0213089, -0.00646264, 0.0211566, 0.999517, -0.0227804, 0.00694494, 0.022638, 0.99972, 0.00289474  
151, 22.5163, 29.956, 180.856, 0.999769, -0.0207722, -0.00544413, 0.0206488, 0.999549, -0.0218172, 0.00589486, 0.0216998, 0.999747, 0.00290723  
152, 22.5495, 29.9668, 180.804, 0.999782, -0.0203165, -0.00482223, 0.0202071, 0.99956, -0.0217304, 0.00526159, 0.0216282, 0.999752, 0.0030437  
153, 22.5269, 29.9613, 180.826, 0.99978, -0.0203578, -0.00506326, 0.0202443, 0.999563, -0.0215284, 0.00549932, 0.0214211, 0.999755, 0.00318072  
154, 22.577, 29.9785, 180.862, 0.999778, -0.0204399, -0.00515962, 0.0203311, 0.999587, -0.0203244, 0.00557291, 0.020215, 0.99978, 0.00286811  
155, 22.5329, 30.0017, 180.816, 0.999776, -0.0205607, -0.00509931, 0.0204483, 0.999566, -0.0212083, 0.00553315, 0.0210992, 0.999762, 0.00291277  
156, 22.5128, 29.9699, 180.833, 0.999774, -0.020685, -0.00485371, 0.0205752, 0.999553, -0.0216699, 0.00529978, 0.0215652, 0.999753, 0.00279794  
157, 22.5222, 29.9682, 180.844, 0.99978, -0.0204166, -0.00474139, 0.0203029, 0.999532, -0.0228894, 0.00520649, 0.0227881, 0.999727, 0.00306395  
158, 22.5492, 29.9921, 180.851, 0.99978, -0.0199191, -0.00657019, 0.0197641, 0.999543, -0.0228764, 0.00702287, 0.0227415, 0.999717, 0.00292165  
159, 22.5354, 29.9608, 180.852, 0.99976, -0.0207527, -0.00696336, 0.0205781, 0.999494, -0.0242729, 0.00746357, 0.0241238, 0.999681, 0.00294911  
160, 22.5378, 29.9567, 180.861, 0.99977, -0.0204896, -0.0063154, 0.0203324, 0.999505, -0.0240233, 0.0068045, 0.0238894, 0.999691, 0.00269115  
161, 22.5504, 29.95, 180.862, 0.999779, -0.0204561, -0.00489953, 0.0203523, 0.999585, -0.0203639, 0.00531406, 0.0202597, 0.999781, 0.00259406  
162, 22.5, 29.9732, 180.856, 0.999774, -0.0206547, -0.00498708, 0.0205416, 0.999552, -0.0217622, 0.00543434, 0.0216549, 0.999751, 0.00290528  
163, 22.5364, 29.9565, 180.874, 0.999774, -0.0209234, -0.00379292, 0.0208446, 0.999588, -0.0197448, 0.00420448, 0.0196613, 0.999798, 0.00330776  
164, 22.5386, 29.9688, 180.871, 0.999782, -0.0202948, -0.00481138, 0.0201994, 0.999613, -0.0191078, 0.00519731, 0.0190065, 0.999806, 0.0028903  
165, 22.526, 29.9913, 180.82, 0.999786, -0.0202961, -0.00397091, 0.0202128, 0.999596, -0.0199938, 0.0043751, 0.0199092, 0.999792, 0.00295438  
166, 22.5205, 29.9696, 180.818, 0.999771, -0.0210173, -0.00394146, 0.0209328, 0.999573, -0.020382, 0.00436815, 0.0202948, 0.999784, 0.0028523  
167, 22.4941, 29.9606, 180.85, 0.999758, -0.0214132, -0.00504593, 0.0212937, 0.999517, -0.0226486, 0.00552847, 0.0225356, 0.999731, 0.00294245  
168, 22.5175, 29.9565, 180.877, 0.999767, -0.0207828, -0.00581966, 0.0206408, 0.999511, -0.0234891, 0.00630499, 0.0233635, 0.999707, 0.00322566  
169, 22.5031, 29.9476, 180.85, 0.999773, -0.0210833, -0.00312172, 0.0210187, 0.99959, -0.0194523, 0.00353056, 0.0193823, 0.999806, 0.00282124  
170, 22.571, 29.9683, 180.877, 0.999781, -0.0200447, -0.00599366, 0.0199168, 0.999587, -0.020692, 0.00640595, 0.0205681, 0.999768, 0.00290889  
171, 22.5446, 29.9707, 180.816, 0.999779, -0.0203847, -0.00523333, 0.0202652, 0.999554, -0.0219567, 0.00567858, 0.0218458, 0.999745, 0.00283594  
172, 22.5455, 29.9276, 180.874, 0.999773, -0.020404, -0.00618683, 0.0202665, 0.999563, -0.021534, 0.00662351, 0.0214037, 0.999749, 0.00307088  
173, 22.5232, 29.9601, 180.838, 0.999779, -0.0207191, -0.00367296, 0.0206375, 0.999566, -0.0209993, 0.00410645, 0.0209188, 0.999773, 0.00323786  
174, 22.5038, 29.9745, 180.861, 0.99977, -0.0208988, -0.00483064, 0.0207862, 0.999535, -0.0222892, 0.00529421, 0.0221837, 0.99974, 0.00277852  
175, 22.5358, 29.9707, 180.841, 0.999774, -0.0207738, -0.00448257, 0.0206712, 0.999548, -0.0218476, 0.0049344, 0.0217501, 0.999751, 0.00291693  
176, 22.5261, 29.9512, 180.815, 0.999768, -0.0209412, -0.00505535, 0.0208254, 0.999542, -0.0219564, 0.00551283, 0.021846, 0.999746, 0.0029455  
177, 22.5244, 29.9531, 180.824, 0.999769, -0.0212088, -0.00343019, 0.0211359, 0.999575, -0.020059, 0.00385416, 0.0199819, 0.999793, 0.00311138  
178, 22.5393, 29.959, 180.828, 0.999776, -0.0205851, -0.00487407, 0.0204791, 0.999572, -0.0208869, 0.00530194, 0.0207824, 0.99977, 0.00303343  
179, 22.5589, 29.9516, 180.855, 0.999772, -0.0207966, -0.0048858, 0.0206977, 0.999596, -0.0194833, 0.00528902, 0.0193778, 0.999798, 0.00285092  
180, 22.515, 29.9804, 180.836, 0.999762, -0.0212927, -0.00476639, 0.0211878, 0.999554, -0.021065, 0.00521279, 0.020959, 0.999767, 0.0029272  
181, 22.5375, 29.9544, 180.855, 0.99977, -0.0210263, -0.00417176, 0.0209423, 0.999595, -0.0192631, 0.00457511, 0.0191713, 0.999806, 0.00277491  
182, 22.5323, 29.9746, 180.829, 0.99978, -0.0203682, -0.00495737, 0.0202581, 0.999568, -0.0213138, 0.00538935, 0.0212087, 0.999761, 0.00307476  
183, 22.5042, 29.9596, 180.85, 0.999777, -0.0207763, -0.00370395, 0.0206935, 0.999563, -0.0211294, 0.00414132, 0.0210481, 0.99977, 0.00311332  
184, 22.51, 29.9568, 180.846, 0.999769, -0.0206227, -0.00606933, 0.0204787, 0.999528, -0.0229143, 0.00653901, 0.0227847, 0.999719, 0.00281486  
185, 22.5137, 29.9456, 180.826, 0.999778, -0.0206209, -0.00424161, 0.0205258, 0.999561, -0.0213543, 0.00468009, 0.0212625, 0.999763, 0.0029455  
186, 22.5503, 29.9946, 180.83, 0.999761, -0.0212039, -0.0052582, 0.021083, 0.999534, -0.0220822, 0.00572397, 0.0219661, 0.999742, 0.00275106  
187, 22.5343, 29.9716, 180.838, 0.999781, -0.0204926, -0.00415295, 0.0204028, 0.999579, -0.0206274, 0.00457391, 0.0205381, 0.999779, 0.00313801  
188, 22.5283, 29.9451, 180.872, 0.999785, -0.0202478, -0.00451656, 0.0201564, 0.999608, -0.0194446, 0.0049085, 0.0193494, 0.999801, 0.00306145  
189, 22.5408, 29.9799, 180.828, 0.999778, -0.0205409, -0.00465807, 0.0204365, 0.999561, -0.0214429, 0.00509648, 0.0213429, 0.999759, 0.00275883  
190, 22.5357, 29.9637, 180.824, 0.999775, -0.0207066, -0.0045396, 0.0206083, 0.999573, -0.0207219, 0.00496674, 0.0206237, 0.999775, 0.00296631  
191, 22.5205, 29.9667, 180.86, 0.999768, -0.0210641, -0.00455445, 0.0209645, 0.999562, -0.0209101, 0.00499291, 0.0208097, 0.999771, 0.00274884  
192, 22.528, 29.9671, 180.831, 0.999784, -0.0202716, -0.00462779, 0.0201732, 0.999588, -0.0204034, 0.00503949, 0.0203057, 0.999781, 0.00316047  
193, 22.5322, 29.9524, 180.832, 0.999777, -0.0205776, -0.00482994, 0.0204762, 0.999587, -0.020185, 0.00524331, 0.0200816, 0.999785, 0.00330804  
194, 22.5299, 29.9637, 180.836, 0.999775, -0.0205555, -0.00521878, 0.0204372, 0.999554, -0.0217858, 0.00566426, 0.0216742, 0.999749, 0.00278989  
195, 22.5602, 29.9522, 180.828, 0.999779, -0.0201481, -0.00606534, 0.0200032, 0.999534, -0.0230689, 0.0065273, 0.0229424, 0.999715, 0.0030559  
196, 22.5324, 29.9284, 180.826, 0.999787, -0.0202847, -0.00376758, 0.0202051, 0.999594, -0.0200838, 0.00417345, 0.0200034, 0.999791, 0.00277963  
197, 22.5793, 29.9013, 180.845, 0.999769, -0.0209305, -0.00482259, 0.0208325, 0.999592, -0.0195539, 0.0052299, 0.0194489, 0.999797, 0.0030767  
198, 22.5668, 29.9022, 180.847, 0.999771, -0.020575, -0.00580031, 0.0204524, 0.999582, -0.0204519, 0.00621868, 0.0203286, 0.999774, 0.00322122  
199, 22.5434, 29.9751, 180.823, 0.999771, -0.0206647, -0.00553605, 0.0205485, 0.999583, -0.0202793, 0.0059528, 0.0201609, 0.999779, 0.00279045  
200, 22.5268, 29.9837, 180.839, 0.999785, -0.0201517, -0.00497579, 0.0200618, 0.999646, -0.0175029, 0.00532674, 0.0173993, 0.999834, 0.00299349  
201, 22.5418, 30.0269, 180.86, 0.999776, -0.0208574, -0.0036909, 0.0208072, 0.999697, -0.0131565, 0.00396419, 0.0130767, 0.999907, 0.00266646  
202, 22.537, 30.0965, 180.873, 0.999775, -0.0208973, -0.00365809, 0.0208567, 0.999724, -0.0108049, 0.00388287, 0.0107262, 0.999935, 0.00300597  
203, 22.5159, 30.3251, 180.869, 0.999787, -0.0203704, -0.00321919, 0.0203532, 0.999779, -0.00526868, 0.0033258, 0.00520204, 0.999981, 0.00312109  
204, 22.533, 30.3386, 180.919, 0.999794, -0.0199904, -0.00343642, 0.0199833, 0.999798, -0.00208522, 0.00347741, 0.00201612, 0.999992, 0.00283816  
205, 22.5154, 30.493, 180.88, 0.999791, -0.0202383, -0.00296879, 0.0202419, 0.999794, 0.00117258, 0.00294444, -0.00123243, 0.999995, 0.00295715  
206, 22.495, 30.5942, 180.829, 0.999802, -0.0197558, -0.00234785, 0.0197692, 0.999788, 0.00582242, 0.00223233, -0.00586768, 0.99998, 0.00275994  
207, 22.4744, 30.6619, 180.832, 0.999814, -0.0192466, -0.00121791, 0.0192597, 0.999744, 0.0119106, 0.000988354, -0.0119319, 0.999928, 0.00322926  
208, 22.5184, 30.7902, 180.855, 0.999795, -0.0202633, -0.000103803, 0.0202625, 0.999683, 0.0149532, -0.00019923, -0.0149522, 0.999888, 0.00317268  
209, 22.5044, 30.9007, 180.831, 0.999818, -0.0190694, -0.000860344, 0.0190831, 0.999604, 0.0206577, 0.000466072, -0.0206704, 0.999786, 0.00281042  
210, 22.5346, 30.9835, 180.87, 0.999818, -0.0190191, -0.00175159, 0.0190553, 0.999538, 0.0236856, 0.00130031, -0.0237146, 0.999718, 0.00300459  
211, 22.5512, 31.0878, 180.833, 0.999823, -0.0186495, -0.00265477, 0.0187121, 0.999488, 0.0259413, 0.00216962, -0.0259864, 0.99966, 0.00274856  
212, 22.5666, 31.1775, 180.88, 0.99982, -0.0187542, -0.00294094, 0.0188363, 0.999344, 0.0309405, 0.00235874, -0.0309903, 0.999517, 0.00303399  
213, 22.5959, 31.2775, 180.933, 0.999812, -0.0191802, -0.00291724, 0.0192722, 0.999177, 0.0356849, 0.0022304, -0.0357345, 0.999359, 0.00310749  
214, 22.5851, 31.3655, 180.943, 0.999824, -0.018713, -0.00136005, 0.0187523, 0.999029, 0.0398607, 0.000612822, -0.0398792, 0.999204, 0.00279183  
215, 22.633, 31.4589, 180.939, 0.999833, -0.0180939, -0.00253665, 0.0181891, 0.998838, 0.0446384, 0.00172602, -0.0446771, 0.999, 0.0030853  
216, 22.65, 31.5332, 180.98, 0.99982, -0.0188862, -0.00151091, 0.0189394, 0.998442, 0.0524845, 0.000517327, -0.0525037, 0.998621, 0.00274052  
217, 22.6044, 31.51, 180.981, 0.999809, -0.0194599, -0.00181859, 0.0195296, 0.998361, 0.0537952, 0.000768756, -0.0538205, 0.99855, 0.00319986  
218, 22.516, 31.5422, 181.054, 0.9998, -0.0199992, -0.000345712, 0.0199849, 0.998069, 0.0588133, -0.000831176, -0.0588085, 0.998269, 0.00324813  
219, 22.4762, 31.6924, 181.067, 0.999807, -0.0193802, -0.00313413, 0.0195399, 0.997797, 0.0633928, 0.00189866, -0.0634418, 0.997984, 0.00279378  
220, 22.4729, 31.7153, 181.045, 0.999801, -0.0199141, -0.00131305, 0.0199571, 0.997325, 0.0703172, -9.07612e-005, -0.0703294, 0.997524, 0.00286035  
221, 22.4744, 31.767, 181.065, 0.999796, -0.019909, -0.00331679, 0.0200984, 0.997116, 0.0731795, 0.00185029, -0.0732313, 0.997313, 0.00275994  
222, 22.4471, 31.7488, 181.086, 0.999811, -0.0192635, -0.0027508, 0.0194197, 0.996749, 0.0781922, 0.0012356, -0.0782308, 0.996935, 0.00341095  
223, 22.4132, 31.8389, 181.063, 0.999829, -0.0179355, -0.00444066, 0.0182416, 0.996402, 0.0827687, 0.00294019, -0.0828355, 0.996559, 0.00304175  
224, 22.3618, 31.7751, 181.078, 0.99982, -0.0184039, -0.00458512, 0.0187311, 0.996093, 0.0862981, 0.00297899, -0.0863685, 0.996259, 0.00279544  
225, 22.3637, 31.7918, 181.087, 0.99983, -0.0172826, -0.00645646, 0.0177919, 0.995819, 0.0895945, 0.00488104, -0.0896941, 0.995957, 0.00289391  
226, 22.2932, 31.8175, 181.074, 0.999833, -0.017427, -0.0055739, 0.0178894, 0.99503, 0.0979572, 0.0038391, -0.0980406, 0.995175, 0.00278601  
227, 22.24, 31.7489, 181.058, 0.999843, -0.0164718, -0.00647323, 0.0170454, 0.994661, 0.101783, 0.00476213, -0.101877, 0.994786, 0.00295826  
228, 22.1445, 31.7104, 181.087, 0.999829, -0.0170842, -0.00707732, 0.0177394, 0.994189, 0.106175, 0.00522228, -0.106282, 0.994322, 0.00316519  
229, 22.0631, 31.6658, 181.072, 0.99983, -0.0168657, -0.00750195, 0.0176012, 0.993531, 0.112192, 0.00556123, -0.112305, 0.993658, 0.00289141  
230, 21.9575, 31.4967, 181.05, 0.999836, -0.0166369, -0.00714007, 0.0173623, 0.99289, 0.117763, 0.0051301, -0.117867, 0.993016, 0.00303288  
231, 21.771, 31.4337, 181.066, 0.999828, -0.0170003, -0.00741479, 0.0177816, 0.992292, 0.122641, 0.00527272, -0.122751, 0.992423, 0.00283316  
232, 21.6588, 31.3099, 181.067, 0.99983, -0.0161632, -0.00890483, 0.0171757, 0.991527, 0.128759, 0.00674823, -0.12889, 0.991636, 0.00304175  
233, 21.5183, 31.0802, 181.048, 0.999812, -0.0169626, -0.00942362, 0.0180805, 0.990674, 0.135052, 0.0070449, -0.135197, 0.990794, 0.00322427  
234, 21.3746, 30.8298, 181.079, 0.999828, -0.0149969, -0.010887, 0.0164022, 0.989557, 0.143202, 0.00862571, -0.143356, 0.989634, 0.00280182  
235, 21.1594, 30.619, 181.038, 0.999794, -0.0162466, -0.0121658, 0.0178551, 0.989043, 0.146541, 0.00965171, -0.146728, 0.98913, 0.00290168  
236, 20.9088, 30.2766, 181.08, 0.999804, -0.0156506, -0.0120943, 0.0172878, 0.988549, 0.149905, 0.00960965, -0.150085, 0.988626, 0.00283067  
237, 20.713, 29.8972, 181.043, 0.999806, -0.0146403, -0.013174, 0.016498, 0.987898, 0.154222, 0.0107568, -0.15441, 0.987948, 0.0029799  
238, 20.529, 29.4869, 181.061, 0.999741, -0.0147272, -0.0173779, 0.0172667, 0.987536, 0.156443, 0.0148573, -0.156703, 0.987534, 0.00322067  
239, 20.3153, 29.0071, 181.012, 0.99969, -0.0157509, -0.0192699, 0.0186148, 0.987129, 0.158839, 0.01652, -0.159148, 0.987116, 0.00288171  
240, 20.0999, 28.4113, 181.003, 0.999672, -0.0155473, -0.0203364, 0.0186087, 0.986901, 0.160253, 0.0175785, -0.160579, 0.986866, 0.00293108  
241, 19.903, 27.7723, 180.996, 0.999651, -0.0152461, -0.0215641, 0.0185331, 0.986692, 0.161541, 0.0188142, -0.161885, 0.98663, 0.00281236  
242, 19.7597, 27.0599, 180.939, 0.99962, -0.0159943, -0.0224623, 0.0195244, 0.985771, 0.166957, 0.0194723, -0.167332, 0.985708, 0.00302622  
243, 19.677, 26.2561, 180.95, 0.999616, -0.0156548, -0.0228635, 0.0192804, 0.985577, 0.168127, 0.0199018, -0.168504, 0.9855, 0.00326477  
244, 19.5391, 25.3689, 180.948, 0.999632, -0.0151582, -0.0225068, 0.0188047, 0.984944, 0.171848, 0.019563, -0.172208, 0.984866, 0.0028573  
245, 19.479, 24.4954, 180.894, 0.999658, -0.0144636, -0.0217708, 0.0180488, 0.984452, 0.174726, 0.0189051, -0.175059, 0.984376, 0.00293885  
246, 19.4522, 23.5878, 180.873, 0.999626, -0.0146136, -0.023095, 0.0184603, 0.984166, 0.176283, 0.0201532, -0.176644, 0.984069, 0.00290085  
247, 19.5733, 22.5382, 180.828, 0.999705, -0.0122945, -0.020946, 0.0158447, 0.983758, 0.178801, 0.0184075, -0.17908, 0.983662, 0.0030154  
248, 19.6679, 21.4751, 180.804, 0.999677, -0.0117438, -0.0225565, 0.0156012, 0.983673, 0.179289, 0.0200827, -0.179583, 0.983538, 0.00321234  
249, 19.7963, 20.2834, 180.85, 0.999728, -0.010827, -0.0206412, 0.0144416, 0.982833, 0.183933, 0.0182954, -0.184181, 0.982722, 0.0028695  
250, 20.0164, 19.0866, 180.94, 0.999706, -0.00975537, -0.0221969, 0.0137279, 0.982351, 0.186541, 0.0199854, -0.186791, 0.982196, 0.00292747  
251, 20.2575, 17.8463, 180.844, 0.999734, -0.00955165, -0.0209735, 0.013318, 0.982169, 0.187528, 0.0188083, -0.187758, 0.982035, 0.0028928  
252, 20.5162, 16.4214, 180.887, 0.999743, -0.011332, -0.0196449, 0.0147798, 0.982556, 0.185377, 0.0172016, -0.185619, 0.982471, 0.00306256  
253, 20.7589, 14.9639, 180.83, 0.999774, -0.0128048, -0.0169447, 0.0156937, 0.982957, 0.183162, 0.0143105, -0.183387, 0.982937, 0.00331969  
254, 21.1905, 13.4725, 180.764, 0.999766, -0.0159833, -0.0145504, 0.0183756, 0.982974, 0.182824, 0.0113805, -0.183049, 0.983038, 0.00362203  
255, 21.7493, 11.7044, 180.71, 0.999739, -0.0156856, -0.0166384, 0.018385, 0.98404, 0.176997, 0.0135966, -0.177257, 0.984071, 0.0029186  
256, 22.271, 9.95962, 180.642, 0.999804, -0.0154134, -0.0124197, 0.0174078, 0.98333, 0.180996, 0.00942286, -0.181177, 0.983405, 0.00280598  
257, 22.6588, 8.20341, 180.669, 0.999834, -0.0165994, -0.00753707, 0.0176904, 0.983299, 0.181138, 0.0044044, -0.181241, 0.983429, 0.00297241  
258, 23.0445, 6.28713, 180.674, 0.999852, -0.0163621, -0.00540017, 0.017061, 0.983965, 0.177543, 0.00240861, -0.177609, 0.984098, 0.00328197  
259, 23.496, 4.40396, 180.646, 0.999869, -0.0158468, -0.00340566, 0.0161969, 0.984832, 0.172754, 0.000616397, -0.172787, 0.984959, 0.00280598  
260, 23.8173, 2.41218, 180.607, 0.99987, -0.0160974, -0.000876536, 0.0160092, 0.985048, 0.171535, -0.00189785, -0.171527, 0.985178, 0.00292276  
261, 24.1498, 0.341024, 180.714, 0.999843, -0.0175166, 0.00256676, 0.0168477, 0.985985, 0.165979, -0.00543818, -0.16591, 0.986126, 0.00275883  
262, 24.56, -1.81548, 180.699, 0.999832, -0.0182441, 0.00152074, 0.0177516, 0.986442, 0.163149, -0.00447662, -0.163094, 0.9866, 0.00308725  
263, 24.8351, -3.77539, 180.862, 0.99979, -0.0203481, 0.00232602, 0.0196846, 0.986069, 0.16517, -0.00565452, -0.16509, 0.986262, 0.0032301  
264, 25.1069, -6.15786, 180.931, 0.999725, -0.0227596, 0.00563858, 0.0215094, 0.985909, 0.165894, -0.00933481, -0.165727, 0.986127, 0.00285979  
265, 25.6033, -8.54318, 180.789, 0.999758, -0.0204409, 0.00817955, 0.0188519, 0.986684, 0.161553, -0.0113729, -0.16136, 0.98683, 0.0029566  
266, 25.9597, -11.01, 180.677, 0.999683, -0.0226284, 0.0110293, 0.0206511, 0.987742, 0.154722, -0.0143952, -0.154445, 0.987896, 0.00274468  
267, 26.2425, -13.3016, 180.76, 0.999653, -0.0232189, 0.0124233, 0.0210969, 0.988481, 0.149868, -0.0157599, -0.149554, 0.988628, 0.00315298  
268, 26.4839, -15.6635, 180.824, 0.999608, -0.0244131, 0.0137254, 0.0221497, 0.989033, 0.146027, -0.0171399, -0.145666, 0.989185, 0.00323232  
269, 26.8917, -18.22, 180.754, 0.999584, -0.0247278, 0.0148481, 0.0224896, 0.990512, 0.135572, -0.0180596, -0.135182, 0.990656, 0.00278851  
270, 27.1623, -20.9053, 180.587, 0.999583, -0.023607, 0.0166205, 0.0212328, 0.991175, 0.13085, -0.0195628, -0.130443, 0.991263, 0.00282956  
271, 27.6352, -23.7092, 180.502, 0.999551, -0.022439, 0.0198556, 0.0196584, 0.991242, 0.130587, -0.0226119, -0.130138, 0.991238, 0.00272859  
272, 27.9296, -26.4674, 180.626, 0.999492, -0.0225171, 0.022549, 0.01947, 0.991678, 0.127262, -0.025227, -0.126758, 0.991613, 0.00308225  
273, 28.0729, -29.0451, 180.728, 0.999379, -0.0254381, 0.0243878, 0.0222337, 0.992072, 0.123692, -0.027341, -0.123073, 0.992021, 0.00323426  
274, 28.2972, -31.947, 180.886, 0.999302, -0.0272831, 0.0255067, 0.0241828, 0.993092, 0.114821, -0.0284632, -0.114124, 0.993059, 0.00278573  
275, 28.4918, -35.0483, 180.934, 0.999331, -0.0268036, 0.0248876, 0.0239895, 0.993948, 0.107201, -0.0276104, -0.106533, 0.993926, 0.00296381  
276, 28.5852, -37.7004, 180.975, 0.999409, -0.0262007, 0.0222559, 0.0236966, 0.994067, 0.106156, -0.0249052, -0.105566, 0.9941, 0.00275272  
277, 28.6692, -40.6397, 180.996, 0.999291, -0.0304217, 0.0221767, 0.0280951, 0.994732, 0.0985838, -0.0250589, -0.0978908, 0.994882, 0.00313274  
278, 28.68, -43.7406, 180.884, 0.999332, -0.0280423, 0.0234219, 0.025831, 0.995616, 0.0898989, -0.0258402, -0.0892338, 0.995675, 0.0032423  
