0, 0, 0, 0, 0, 0, 0, 0, 0, 0, 0, 0, 0, 0.00624273  
1, 16.2889, 49.8265, 180.604, 0.998879, -0.0472974, 0.00199966, 0.0473366, 0.998404, -0.0308099, -0.00053924, 0.03087, 0.999523, 0.00287172  
2, 16.2738, 49.7993, 180.595, 0.998869, -0.0474059, 0.00371792, 0.0474932, 0.99846, -0.0286776, -0.00235271, 0.0288217, 0.999582, 0.00290944  
3, 16.2717, 49.8095, 180.607, 0.998845, -0.0479018, 0.00375524, 0.0479916, 0.998416, -0.0293628, -0.00234277, 0.0295091, 0.999562, 0.00279239  
4, 16.284, 49.8431, 180.59, 0.998869, -0.0475148, 0.00167894, 0.047544, 0.9984, -0.0305985, -0.000222369, 0.0306437, 0.99953, 0.00288614  
5, 16.2847, 49.8144, 180.562, 0.998906, -0.0466441, 0.00321163, 0.0467169, 0.9985, -0.0285422, -0.00187548, 0.0286611, 0.999587, 0.00283261  
6, 16.2923, 49.8282, 180.567, 0.998876, -0.047362, 0.00203229, 0.0474014, 0.998437, -0.0296066, -0.00062689, 0.0296696, 0.99956, 0.00296631  
7, 16.2768, 49.8156, 180.59, 0.998859, -0.0477334, 0.00173188, 0.0477642, 0.998371, -0.0312207, -0.000238788, 0.0312678, 0.999511, 0.00293968  
8, 16.2974, 49.823, 180.611, 0.998842, -0.0479796, 0.00355777, 0.0480656, 0.998383, -0.0303453, -0.00209606, 0.0304812, 0.999533, 0.00289252  
9, 16.2627, 49.8406, 180.617, 0.998877, -0.0472747, 0.00318278, 0.0473496, 0.998417, -0.0303511, -0.0017429, 0.0304677, 0.999534, 0.0030118  
10, 16.2851, 49.8586, 180.582, 0.998897, -0.0469138, 0.00179398, 0.0469468, 0.998425, -0.0307206, -0.000349933, 0.0307709, 0.999526, 0.00305368  
11, 16.263, 49.8166, 180.601, 0.998886, -0.0471168, 0.00264392, 0.047176, 0.99841, -0.0308387, -0.00118669, 0.0309291, 0.999521, 0.0029222  
12, 16.29, 49.8313, 180.585, 0.998901, -0.0468033, 0.00230818, 0.0468518, 0.998443, -0.0302843, -0.000887183, 0.0303592, 0.999539, 0.00291028  
13, 16.2567, 49.8135, 180.579, 0.998863, -0.0475903, 0.00287903, 0.0476525, 0.998468, -0.0281066, -0.00153702, 0.0282118, 0.999601, 0.00283261  
14, 16.2697, 49.8082, 180.596, 0.998885, -0.0470868, 0.00335165, 0.0471662, 0.998437, -0.029969, -0.00193527, 0.0300937, 0.999545, 0.00293247  
15, 16.2659, 49.8162, 180.604, 0.998862, -0.0476306, 0.00247815, 0.0476839, 0.9984, -0.030383, -0.00102703, 0.0304665, 0.999535, 0.00300181  
16, 16.2676, 49.8262, 180.61, 0.998885, -0.0469561, 0.004802, 0.0470757, 0.998473, -0.0289105, -0.00343714, 0.0291043, 0.99957, 0.0030351  
17, 16.2808, 49.842, 180.608, 0.998859, -0.0476891, 0.00243299, 0.0477404, 0.998418, -0.0296877, -0.00101336, 0.02977, 0.999556, 0.00295771  
18, 16.2746, 49.8128, 180.576, 0.998881, -0.0472154, 0.00260828, 0.047271, 0.998467, -0.0288016, -0.0012444, 0.0288927, 0.999582, 0.00287061  
19, 16.2964, 49.8204, 180.593, 0.998864, -0.0475562, 0.00294152, 0.0476233, 0.998413, -0.0300628, -0.00150718, 0.0301687, 0.999544, 0.00298628  
20, 16.2757, 49.8088, 180.575, 0.998909, -0.0466105, 0.00278198, 0.0466724, 0.998473, -0.0295477, -0.0014005, 0.0296453, 0.99956, 0.00297657  
21, 16.2784, 49.8164, 180.587, 0.998888, -0.0470651, 0.00270683, 0.0471242, 0.998463, -0.0291715, -0.00132971, 0.0292666, 0.999571, 0.00286229  
22, 16.2918, 49.8766, 180.613, 0.998846, -0.0479562, 0.00259563, 0.0480132, 0.998378, -0.0306103, -0.00112346, 0.0306996, 0.999528, 0.0029824  
23, 16.2862, 49.8136, 180.591, 0.998885, -0.0471041, 0.00308298, 0.0471754, 0.998437, -0.0299525, -0.00166728, 0.0300645, 0.999547, 0.00291832  
24, 16.2979, 49.805, 180.576, 0.998867, -0.0474984, 0.00301198, 0.0475674, 0.998418, -0.0299668, -0.00158384, 0.0300761, 0.999546, 0.00279128  
25, 16.2867, 49.8214, 180.611, 0.998838, -0.0481122, 0.00287331, 0.0481763, 0.9984, -0.0296047, -0.00144436, 0.0297087, 0.999558, 0.00305424  
26, 16.2744, 49.8015, 180.583, 0.998875, -0.0473282, 0.00299308, 0.0473951, 0.998457, -0.0289299, -0.00161927, 0.0290392, 0.999577, 0.00285757  
27, 16.2784, 49.8144, 180.567, 0.998893, -0.0469677, 0.00256411, 0.0470232, 0.998453, -0.0296867, -0.00116583, 0.0297744, 0.999556, 0.00290972  
28, 16.2731, 49.8233, 180.589, 0.9989, -0.0468595, 0.00141325, 0.0468808, 0.998414, -0.0311764, 4.99027e-005, 0.0312083, 0.999513, 0.00288642  
29, 16.2764, 49.8052, 180.606, 0.998858, -0.0476796, 0.00314242, 0.0477512, 0.998432, -0.0292073, -0.0017449, 0.029324, 0.999568, 0.00438788  
30, 16.3032, 49.8396, 180.601, 0.998829, -0.0483066, 0.00253369, 0.0483613, 0.998369, -0.0303502, -0.00106344, 0.0304372, 0.999536, 0.00286063  
31, 16.2674, 49.8288, 180.604, 0.998897, -0.0469115, 0.00217352, 0.046956, 0.998429, -0.0305826, -0.000735432, 0.030651, 0.99953, 0.00288614  
32, 16.2756, 49.8312, 180.598, 0.99884, -0.0480674, 0.00271896, 0.0481285, 0.998364, -0.0308638, -0.00123098, 0.0309588, 0.99952, 0.00290195  
33, 16.2605, 49.8488, 180.592, 0.998887, -0.0471104, 0.00213379, 0.0471535, 0.998427, -0.0303178, -0.000702151, 0.0303847, 0.999538, 0.00286756  
34, 16.2849, 49.8154, 180.591, 0.998863, -0.0476102, 0.00232, 0.0476589, 0.998396, -0.0305675, -0.000860957, 0.0306433, 0.99953, 0.00280265  
35, 16.298, 49.8372, 180.604, 0.998862, -0.0476287, 0.00237424, 0.0476795, 0.998382, -0.030988, -0.000894477, 0.0310659, 0.999517, 0.00294218  
36, 16.2824, 49.8302, 180.588, 0.998909, -0.046617, 0.0027461, 0.046679, 0.998448, -0.0303711, -0.00132603, 0.0304662, 0.999535, 0.00290889  
37, 16.2777, 49.8323, 180.579, 0.998896, -0.046935, 0.00190593, 0.046971, 0.998446, -0.0299944, -0.000495178, 0.0300508, 0.999548, 0.0029222  
38, 16.2804, 49.8419, 180.577, 0.998902, -0.0468009, 0.00203846, 0.0468408, 0.998464, -0.0295841, -0.000650767, 0.0296471, 0.99956, 0.00285813  
39, 16.2838, 49.8368, 180.582, 0.998876, -0.0473384, 0.00232481, 0.0473862, 0.998446, -0.0293128, -0.000933575, 0.02939, 0.999568, 0.00297102  
40, 16.2638, 49.8487, 180.589, 0.998843, -0.0480211, 0.00249416, 0.048074, 0.998403, -0.0296639, -0.00106569, 0.0297495, 0.999557, 0.00298184  
41, 16.2804, 49.8341, 180.591, 0.998894, -0.0469193, 0.00291216, 0.046985, 0.998458, -0.0295587, -0.00152079, 0.0296628, 0.999559, 0.00294439  
42, 16.2932, 49.8362, 180.58, 0.998914, -0.0465534, 0.00185332, 0.046588, 0.998467, -0.0299021, -0.000458434, 0.029956, 0.999551, 0.00304037  
43, 16.2887, 49.8333, 180.612, 0.998881, -0.0472223, 0.00243232, 0.0472741, 0.998431, -0.0300015, -0.00101176, 0.0300829, 0.999547, 0.0029455  
44, 16.2839, 49.8111, 180.576, 0.998886, -0.0470842, 0.00315892, 0.0471576, 0.998442, -0.0298156, -0.00175016, 0.0299313, 0.99955, 0.00296464  
45, 16.287, 49.8238, 180.589, 0.998872, -0.0473373, 0.00364426, 0.0474227, 0.99846, -0.0287799, -0.00227629, 0.0289203, 0.999579, 0.00296381  
46, 16.2775, 49.8083, 180.591, 0.998867, -0.0474797, 0.00312058, 0.0475507, 0.998442, -0.0292085, -0.00172891, 0.0293238, 0.999568, 0.00294939  
47, 16.2762, 49.8305, 180.602, 0.998882, -0.0472495, 0.00138651, 0.0472698, 0.998417, -0.0304648, 5.51317e-005, 0.0304963, 0.999535, 0.00299044  
48, 16.2707, 49.8216, 180.586, 0.998915, -0.0465078, 0.00233579, 0.0465564, 0.998484, -0.0293575, -0.000966897, 0.0294344, 0.999566, 0.002829  
49, 16.2932, 49.8217, 180.593, 0.998888, -0.0470719, 0.00282118, 0.0471349, 0.998449, -0.0296189, -0.00142258, 0.0297189, 0.999557, 0.00290584  
50, 16.2817, 49.8442, 180.562, 0.998915, -0.0465176, 0.00224529, 0.0465646, 0.998446, -0.0306303, -0.00081695, 0.0307016, 0.999528, 0.00306062  
51, 16.292, 49.8148, 180.59, 0.998883, -0.0471627, 0.00288328, 0.0472265, 0.998464, -0.0289731, -0.0015124, 0.0290769, 0.999576, 0.00301346  
52, 16.2703, 49.8092, 180.562, 0.998859, -0.047658, 0.00292795, 0.0477231, 0.998439, -0.0290347, -0.00153964, 0.0291413, 0.999574, 0.00297324  
53, 16.2739, 49.8023, 180.589, 0.998864, -0.0474601, 0.00435469, 0.0475672, 0.998442, -0.0291643, -0.00296376, 0.0293383, 0.999565, 0.00281819  
54, 16.278, 49.8083, 180.584, 0.998859, -0.0476675, 0.00297386, 0.047733, 0.998455, -0.0284539, -0.00161293, 0.0285634, 0.999591, 0.00287394  
55, 16.2739, 49.8534, 180.584, 0.998899, -0.0468793, 0.00194144, 0.0469168, 0.998431, -0.0305707, -0.000505263, 0.0306281, 0.999531, 0.002948  
56, 16.2942, 49.7976, 180.592, 0.998867, -0.0474412, 0.00364292, 0.0475253, 0.998472, -0.0281899, -0.00229999, 0.0283311, 0.999596, 0.00312636  
57, 16.2885, 49.8416, 180.586, 0.998897, -0.0469101, 0.00206951, 0.0469513, 0.998441, -0.0302015, -0.000649526, 0.0302653, 0.999542, 0.00274413  
58, 16.2769, 49.8368, 180.611, 0.998888, -0.0470746, 0.00276201, 0.0471369, 0.998425, -0.0304192, -0.00132569, 0.0305155, 0.999533, 0.00465223  
59, 16.2741, 49.8376, 180.6, 0.998888, -0.0471036, 0.00222467, 0.0471496, 0.998421, -0.0305485, -0.000782211, 0.0306194, 0.999531, 0.00298101  
60, 16.2695, 49.7928, 180.59, 0.998857, -0.0477411, 0.00240177, 0.047792, 0.998398, -0.0302915, -0.000951778, 0.0303716, 0.999538, 0.00282595  
61, 16.284, 49.8053, 180.584, 0.998879, -0.047276, 0.00222042, 0.0473219, 0.998408, -0.0306891, -0.000766028, 0.0307598, 0.999527, 0.00282817  
62, 16.247, 49.8438, 180.616, 0.998905, -0.046678, 0.00317689, 0.0467522, 0.998461, -0.0298445, -0.00177891, 0.0299604, 0.99955, 0.00281347  
63, 16.2939, 49.8336, 180.6, 0.998877, -0.0473153, 0.00228386, 0.0473638, 0.998383, -0.0314352, -0.000792795, 0.0315081, 0.999503, 0.00275994  
64, 16.302, 49.8168, 180.572, 0.998884, -0.047181, 0.00220765, 0.0472259, 0.998437, -0.0298944, -0.00079375, 0.0299653, 0.999551, 0.00283205  
65, 16.2891, 49.8304, 180.597, 0.998847, -0.0479412, 0.00261938, 0.0479983, 0.998398, -0.0299666, -0.00117854, 0.0300578, 0.999547, 0.00283954  
66, 16.2881, 49.8288, 180.578, 0.998907, -0.0466776, 0.00241229, 0.046728, 0.998488, -0.028946, -0.00105751, 0.0290271, 0.999578, 0.00436597  
67, 16.304, 49.825, 180.592, 0.998852, -0.0477934, 0.00332467, 0.0478698, 0.998433, -0.0289914, -0.00193386, 0.0291173, 0.999574, 0.00277103  
68, 16.3, 49.857, 180.588, 0.998872, -0.0473979, 0.00277089, 0.0474589, 0.998442, -0.0293388, -0.00137598, 0.0294372, 0.999566, 0.00296492  
69, 16.2892, 49.827, 180.597, 0.998876, -0.0473229, 0.00259812, 0.0473798, 0.998422, -0.0301581, -0.00116685, 0.0302473, 0.999542, 0.00305784  
70, 16.2741, 49.8156, 180.567, 0.998871, -0.0474558, 0.00232386, 0.0475046, 0.998408, -0.0304165, -0.00087672, 0.0304925, 0.999535, 0.00287505  
71, 16.2768, 49.8224, 180.592, 0.998866, -0.0475136, 0.00306683, 0.0475851, 0.998404, -0.0304117, -0.00161696, 0.0305231, 0.999533, 0.00294855  
72, 16.2833, 49.822, 180.606, 0.998888, -0.0470483, 0.00308803, 0.0471191, 0.998454, -0.0294875, -0.00169592, 0.0296002, 0.99956, 0.00296298  
73, 16.3001, 49.8313, 180.568, 0.998866, -0.0475877, 0.00174809, 0.0476184, 0.998436, -0.0292752, -0.000352217, 0.0293253, 0.99957, 0.00279461  
74, 16.2693, 49.8322, 180.609, 0.998903, -0.0466372, 0.00413219, 0.0467379, 0.998484, -0.0290821, -0.00276962, 0.0292433, 0.999568, 0.00308225  
75, 16.2817, 49.816, 180.581, 0.998889, -0.0469792, 0.00377147, 0.0470703, 0.998456, -0.0294935, -0.00238006, 0.0296383, 0.999558, 0.00284149  
76, 16.3018, 49.8046, 180.579, 0.998868, -0.0474736, 0.00298815, 0.0475418, 0.998422, -0.0298773, -0.00156505, 0.0299855, 0.999549, 0.00281541  
77, 16.2919, 49.8522, 180.614, 0.998889, -0.0470957, 0.0018003, 0.0471291, 0.998388, -0.031616, -0.000308421, 0.0316657, 0.999498, 0.00280931  
78, 16.2949, 49.82, 180.581, 0.99887, -0.0473917, 0.00355906, 0.0474764, 0.998435, -0.0295491, -0.00215311, 0.0296847, 0.999557, 0.00276659  
79, 16.2772, 49.8477, 180.603, 0.998873, -0.0473769, 0.002731, 0.0474382, 0.998409, -0.030477, -0.00128275, 0.0305722, 0.999532, 0.00283733  
80, 16.2947, 49.8247, 180.592, 0.998872, -0.0474052, 0.00255161, 0.0474608, 0.998416, -0.0301989, -0.00111598, 0.030286, 0.999541, 0.00285119  
81, 16.2664, 49.8182, 180.598, 0.998877, -0.0472616, 0.00341476, 0.0473409, 0.998458, -0.0290073, -0.00203856, 0.0291364, 0.999573, 0.00271528  
82, 16.2778, 49.8634, 180.597, 0.998891, -0.0469576, 0.00338077, 0.0470379, 0.998445, -0.0299247, -0.00197032, 0.0300505, 0.999546, 0.00276326  
83, 16.2835, 49.8286, 180.57, 0.998907, -0.0466974, 0.00225581, 0.0467443, 0.998451, -0.0301895, -0.000842539, 0.0302619, 0.999542, 0.00278268  
84, 16.2864, 49.8214, 180.578, 0.99886, -0.0476071, 0.00341099, 0.0476851, 0.998456, -0.0285087, -0.00204851, 0.0286388, 0.999588, 0.00299349  
85, 16.2742, 49.8292, 180.582, 0.998861, -0.0476279, 0.00273022, 0.0476885, 0.998411, -0.0300355, -0.00129536, 0.0301315, 0.999545, 0.0028634  
86, 16.2858, 49.8397, 180.588, 0.998859, -0.047656, 0.00303065, 0.0477256, 0.99841, -0.0300057, -0.00159588, 0.0301161, 0.999545, 0.00284731  
87, 16.27, 49.7928, 180.584, 0.998872, -0.0473982, 0.00284681, 0.0474622, 0.998425, -0.0299115, -0.00142457, 0.0300129, 0.999548, 0.00282817  
88, 16.2726, 49.8291, 180.598, 0.998895, -0.0469172, 0.00259311, 0.0469748, 0.998424, -0.0307163, -0.0011479, 0.0308042, 0.999525, 0.00280265  
89, 16.2937, 49.8152, 180.616, 0.998861, -0.0476334, 0.00273331, 0.0476944, 0.998403, -0.0302839, -0.00128642, 0.0303797, 0.999538, 0.00291  
90, 16.276, 49.8051, 180.581, 0.998895, -0.0468928, 0.00300075, 0.0469604, 0.998473, -0.0290845, -0.00163231, 0.0291933, 0.999572, 0.00279766  
91, 16.3035, 49.8438, 180.598, 0.998837, -0.0481592, 0.00208555, 0.0482006, 0.998366, -0.0306836, -0.000604444, 0.0307484, 0.999527, 0.00305008  
92, 16.2929, 49.8313, 180.596, 0.998873, -0.0474473, 0.00151673, 0.0474715, 0.9984, -0.0307288, -5.63026e-005, 0.0307661, 0.999527, 0.0029075  
93, 16.2794, 49.8272, 180.592, 0.998878, -0.0472932, 0.00265137, 0.0473523, 0.99841, -0.0305837, -0.00120075, 0.0306749, 0.999529, 0.00310167  
94, 16.2593, 49.815, 180.589, 0.998875, -0.0472561, 0.00385159, 0.0473469, 0.998472, -0.0284845, -0.00249964, 0.0286348, 0.999587, 0.00301097  
95, 16.283, 49.8317, 180.566, 0.998889, -0.0470754, 0.00208866, 0.0471173, 0.998424, -0.0304952, -0.000649798, 0.0305597, 0.999533, 0.00303926  
96, 16.2714, 49.8256, 180.589, 0.998905, -0.0467148, 0.0026134, 0.0467727, 0.998443, -0.030383, -0.00119, 0.030472, 0.999535, 0.00286284  
97, 16.2846, 49.8247, 180.594, 0.99888, -0.0472448, 0.00239339, 0.0472953, 0.998431, -0.0299697, -0.000973724, 0.0300493, 0.999548, 0.00285397  
98, 16.2692, 49.8226, 180.613, 0.998862, -0.0476209, 0.00265938, 0.0476808, 0.998373, -0.0312836, -0.0011653, 0.0313748, 0.999507, 0.00293108  
99, 16.2943, 49.8194, 180.579, 0.998897, -0.0469126, 0.0021557, 0.0469562, 0.998445, -0.0300435, -0.000742927, 0.0301116, 0.999546, 0.00298822  
100, 16.2855, 49.821, 180.585, 0.998883, -0.0472019, 0.00229725, 0.0472487, 0.998463, -0.0289832, -0.000925658, 0.0290594, 0.999577, 0.0030057  
101, 16.2654, 49.8444, 180.602, 0.998873, -0.0473811, 0.0028787, 0.0474455, 0.998437, -0.0295382, -0.00147464, 0.0296415, 0.99956, 0.0030204  
102, 16.296, 49.8505, 180.591, 0.998905, -0.0467522, 0.00199094, 0.0467908, 0.99846, -0.0298146, -0.000593974, 0.0298751, 0.999553, 0.00290612  
103, 16.2839, 49.8195, 180.574, 0.998885, -0.0471395, 0.00273315, 0.0472006, 0.998428, -0.0302114, -0.0013047, 0.0303067, 0.99954, 0.00291305  
104, 16.2956, 49.8157, 180.6, 0.998877, -0.0473218, 0.00232995, 0.0473705, 0.998424, -0.030105, -0.000901659, 0.0301816, 0.999544, 0.00326255  
105, 16.2717, 49.8399, 180.573, 0.9989, -0.0468581, 0.00189971, 0.0468945, 0.998423, -0.0308492, -0.000451175, 0.0309043, 0.999522, 0.00296769  
106, 16.2702, 49.816, 180.569, 0.998899, -0.0468372, 0.00275493, 0.0468989, 0.998447, -0.0300535, -0.00134303, 0.0301496, 0.999544, 0.00300181  
107, 16.2902, 49.805, 180.59, 0.998865, -0.0475701, 0.00255351, 0.0476272, 0.998363, -0.031663, -0.00104312, 0.0317487, 0.999495, 0.0028756  
108, 16.2744, 49.8399, 180.578, 0.998876, -0.0473189, 0.00259546, 0.047374, 0.998465, -0.028705, -0.00123319, 0.0287957, 0.999585, 0.00300015  
109, 16.2698, 49.8121, 180.581, 0.998895, -0.0469009, 0.00313067, 0.0469719, 0.998479, -0.0288693, -0.00177191, 0.0289845, 0.999578, 0.00302123  
110, 16.2635, 49.8366, 180.577, 0.998911, -0.046603, 0.00213083, 0.0466462, 0.998449, -0.0303868, -0.000711407, 0.0304531, 0.999536, 0.00280265  
111, 16.2831, 49.8426, 180.6, 0.998864, -0.0476276, 0.00130468, 0.0476451, 0.998378, -0.0311554, 0.000181295, 0.0311821, 0.999514, 0.00302151  
112, 16.2882, 49.8269, 180.616, 0.998853, -0.0478062, 0.00262349, 0.0478622, 0.998434, -0.0289782, -0.00123405, 0.0290705, 0.999577, 0.00289641  
113, 16.2742, 49.85, 180.587, 0.998868, -0.0474785, 0.00277787, 0.0475389, 0.998454, -0.0288125, -0.0014056, 0.028912, 0.999581, 0.00293774  
114, 16.2695, 49.8311, 180.588, 0.998862, -0.0476713, 0.00141307, 0.0476922, 0.99837, -0.0313394, 8.32196e-005, 0.0313711, 0.999508, 0.00306367  
115, 16.2891, 49.8271, 180.603, 0.998883, -0.0471766, 0.0024792, 0.0472293, 0.998448, -0.0294973, -0.00108377, 0.0295814, 0.999562, 0.00287505  
116, 16.2789, 49.8414, 180.593, 0.998848, -0.0478562, 0.0034555, 0.0479371, 0.99842, -0.0293264, -0.00204659, 0.0294583, 0.999564, 0.00299405  
117, 16.2957, 49.8362, 180.625, 0.998865, -0.047542, 0.0028623, 0.0476061, 0.998426, -0.0296426, -0.00144853, 0.0297452, 0.999556, 0.00294107  
118, 16.2878, 49.8316, 180.587, 0.998862, -0.0475996, 0.00294439, 0.0476658, 0.998429, -0.0294375, -0.00153855, 0.0295443, 0.999562, 0.00295216  
119, 16.3022, 49.8471, 180.598, 0.998872, -0.0474719, 0.000755468, 0.0474724, 0.998389, -0.0310789, 0.000721126, 0.0310798, 0.999517, 0.00303038  
120, 16.3042, 49.7941, 180.578, 0.998858, -0.0476371, 0.00357958, 0.0477194, 0.998461, -0.0282652, -0.00222759, 0.0284038, 0.999594, 0.0028462  
121, 16.2752, 49.8189, 180.581, 0.998893, -0.0469627, 0.00264507, 0.0470205, 0.998456, -0.0295795, -0.00125186, 0.0296711, 0.999559, 0.00296048  
122, 16.2937, 49.8507, 180.597, 0.998877, -0.0473278, 0.00227274, 0.0473752, 0.998407, -0.0306341, -0.000819279, 0.0307074, 0.999528, 0.00294772  
123, 16.2684, 49.822, 180.608, 0.998885, -0.0470878, 0.00351629, 0.0471707, 0.998458, -0.0292678, -0.00213271, 0.029401, 0.999565, 0.00294439  
124, 16.2786, 49.8367, 180.596, 0.998873, -0.0474066, 0.00225962, 0.0474538, 0.998396, -0.0308672, -0.000792681, 0.0309397, 0.999521, 0.00298434  
125, 16.3018, 49.828, 180.603, 0.998857, -0.0477202, 0.00277497, 0.0477837, 0.998368, -0.0312661, -0.00127842, 0.031363, 0.999507, 0.00294467  
126, 16.2923, 49.8153, 180.58, 0.998878, -0.0472448, 0.00324025, 0.0473191, 0.998457, -0.0290611, -0.00186227, 0.0291818, 0.999572, 0.00293829  
127, 16.2803, 49.8213, 180.58, 0.998892, -0.0469815, 0.00265193, 0.0470397, 0.998447, -0.0298305, -0.00124633, 0.0299222, 0.999551, 0.00285535  
128, 16.2715, 49.8052, 180.576, 0.998885, -0.0471264, 0.00267015, 0.0471853, 0.998438, -0.0299077, -0.00125654, 0.0300003, 0.999549, 0.00285674  
129, 16.2881, 49.8405, 180.575, 0.998872, -0.0474229, 0.00258587, 0.0474784, 0.998442, -0.0293084, -0.00119195, 0.0293981, 0.999567, 0.00299432  
130, 16.2714, 49.7967, 180.57, 0.998886, -0.0471382, 0.00212975, 0.0471814, 0.998411, -0.0308019, -0.000674421, 0.0308681, 0.999523, 0.00284842  
131, 16.2778, 49.8307, 180.605, 0.998877, -0.047348, 0.0014138, 0.047369, 0.998369, -0.0318567, 9.68583e-005, 0.0318879, 0.999491, 0.0029713  
132, 16.3016, 49.8225, 180.6, 0.998878, -0.047308, 0.00214894, 0.047351, 0.998437, -0.0296839, -0.000741298, 0.0297523, 0.999557, 0.00289779  
133, 16.2786, 49.8055, 180.598, 0.998853, -0.0478188, 0.00251278, 0.0478726, 0.998408, -0.0298162, -0.001083, 0.0299023, 0.999552, 0.00300153  
134, 16.2679, 49.8492, 180.566, 0.998896, -0.0469408, 0.0017624, 0.0469725, 0.998451, -0.0298286, -0.00035949, 0.0298785, 0.999553, 0.00302733  
135, 16.2744, 49.8168, 180.6, 0.998865, -0.0475255, 0.00311221, 0.0475971, 0.998425, -0.0297065, -0.00169549, 0.029821, 0.999554, 0.00291166  
136, 16.2898, 49.8318, 180.613, 0.998847, -0.0478867, 0.00332757, 0.0479644, 0.998411, -0.0295927, -0.00190519, 0.0297182, 0.999557, 0.00295493  
137, 16.2764, 49.8103, 180.589, 0.998888, -0.0470051, 0.00369898, 0.0470926, 0.998473, -0.0288936, -0.00233518, 0.0290357, 0.999576, 0.00293829  
138, 16.2691, 49.8226, 180.608, 0.998886, -0.0469978, 0.004301, 0.0471049, 0.998451, -0.0296142, -0.00290253, 0.0297838, 0.999552, 0.00435182  
139, 16.2772, 49.8585, 180.591, 0.998881, -0.0472172, 0.0028691, 0.0472814, 0.998447, -0.0294732, -0.001473, 0.0295759, 0.999561, 0.00295771  
140, 16.3069, 49.9067, 180.599, 0.998881, -0.0472818, 0.00121501, 0.0472971, 0.998441, -0.0296313, 0.000187907, 0.0296556, 0.99956, 0.00302456  
141, 16.2892, 49.9589, 180.62, 0.998889, -0.047073, 0.00204229, 0.0471117, 0.998497, -0.0280173, -0.000720362, 0.0280824, 0.999605, 0.00304841  
142, 16.2831, 50.038, 180.6, 0.998896, -0.0468024, 0.00394312, 0.046888, 0.998574, -0.0255181, -0.00274319, 0.0256748, 0.999667, 0.00293302  
143, 16.2684, 50.0764, 180.611, 0.99888, -0.0471106, 0.00443144, 0.0471993, 0.998628, -0.0226671, -0.00335751, 0.0228508, 0.999733, 0.00305562  
144, 16.244, 50.1555, 180.612, 0.998873, -0.0472581, 0.00441006, 0.047341, 0.998656, -0.0211114, -0.00340645, 0.0212964, 0.999767, 0.00317351  
145, 16.2448, 50.2113, 180.564, 0.998857, -0.0476137, 0.00423016, 0.0476837, 0.998694, -0.018371, -0.00334993, 0.0185517, 0.999822, 0.00309141  
146, 16.2342, 50.2757, 180.576, 0.998901, -0.0466615, 0.00445834, 0.0467282, 0.998775, -0.0162561, -0.00369435, 0.0164465, 0.999858, 0.00307171  
147, 16.2315, 50.3435, 180.546, 0.998859, -0.0476352, 0.00330991, 0.0476764, 0.998769, -0.0137243, -0.00265207, 0.0138665, 0.9999, 0.00297907  
148, 16.1887, 50.417, 180.593, 0.998895, -0.0467899, 0.00446115, 0.0468425, 0.998824, -0.0125238, -0.00386992, 0.012719, 0.999912, 0.00307143  
149, 16.1809, 50.4601, 180.635, 0.998889, -0.0468433, 0.0051167, 0.0468869, 0.998862, -0.00876134, -0.00470046, 0.00899152, 0.999949, 0.00312136  
150, 16.2064, 50.5033, 180.63, 0.998888, -0.0469429, 0.00426157, 0.0469681, 0.998878, -0.00602952, -0.00397375, 0.00622297, 0.999973, 0.00294384  
151, 16.1458, 50.5986, 180.662, 0.998901, -0.0465627, 0.00542529, 0.046582, 0.998908, -0.0034785, -0.0052574, 0.0037274, 0.999979, 0.00280071  
152, 16.1582, 50.6658, 180.647, 0.998939, -0.0458109, 0.00473764, 0.0458177, 0.998949, -0.00133562, -0.00467147, 0.00155127, 0.999988, 0.00286146  
153, 16.1638, 50.7439, 180.68, 0.998887, -0.0469098, 0.00490702, 0.0468932, 0.998894, 0.00344493, -0.00506319, -0.00321099, 0.999982, 0.00308114  
154, 16.1714, 50.7936, 180.679, 0.998907, -0.0464692, 0.00504779, 0.0464374, 0.998902, 0.00624073, -0.00533225, -0.0059995, 0.999968, 0.00312109  
155, 16.161, 50.8232, 180.652, 0.99896, -0.0453204, 0.00507495, 0.0452676, 0.998924, 0.0100645, -0.00552562, -0.00982435, 0.999936, 0.00280404  
156, 16.1697, 50.8606, 180.711, 0.998905, -0.0465627, 0.00458939, 0.046496, 0.998825, 0.0136884, -0.00522136, -0.01346, 0.999896, 0.0030731  
157, 16.1502, 50.9137, 180.666, 0.998974, -0.0449898, 0.00525063, 0.0448943, 0.998846, 0.0170888, -0.00601339, -0.0168355, 0.99984, 0.00301402  
158, 16.1173, 50.9453, 180.705, 0.99893, -0.0459181, 0.00553685, 0.0457967, 0.998743, 0.0203667, -0.0064651, -0.0200913, 0.999777, 0.00293912  
159, 16.133, 50.9891, 180.69, 0.998994, -0.044603, 0.00463035, 0.044491, 0.998768, 0.0219871, -0.00560533, -0.0217589, 0.999748, 0.00312857  
160, 16.0859, 50.9731, 180.725, 0.998991, -0.0446023, 0.00533786, 0.0444526, 0.998687, 0.0254664, -0.00646671, -0.0252034, 0.999661, 0.00285508  
161, 16.0611, 50.9964, 180.716, 0.998954, -0.0451626, 0.00714864, 0.0449257, 0.998527, 0.0304134, -0.00851167, -0.0300605, 0.999512, 0.00286784  
162, 16.0231, 51.0363, 180.697, 0.999011, -0.0440323, 0.00619257, 0.0437856, 0.998409, 0.0355152, -0.00774654, -0.0352089, 0.99935, 0.00280959  
163, 15.9819, 51.0834, 180.725, 0.999052, -0.0430651, 0.00637913, 0.0427964, 0.998379, 0.0375319, -0.0079851, -0.0372233, 0.999275, 0.0028756  
164, 15.9723, 51.1596, 180.709, 0.999047, -0.0432037, 0.00617867, 0.0428864, 0.998085, 0.0445744, -0.00809262, -0.044267, 0.998987, 0.00293912  
165, 15.9397, 51.1185, 180.762, 0.999101, -0.0419975, 0.00570908, 0.0416782, 0.997991, 0.0477174, -0.00770162, -0.0474365, 0.998845, 0.00281652  
166, 15.8994, 51.0301, 180.774, 0.99914, -0.0412292, 0.00440911, 0.040962, 0.997941, 0.0493488, -0.00643465, -0.0491257, 0.998772, 0.00288087  
167, 15.9328, 50.9991, 180.772, 0.999176, -0.0402306, 0.00530759, 0.0398614, 0.997563, 0.0572639, -0.00759841, -0.0570051, 0.998345, 0.00281236  
168, 15.9874, 50.9982, 180.83, 0.999174, -0.0405003, 0.00329724, 0.0402163, 0.997243, 0.0623631, -0.00581387, -0.0621789, 0.998048, 0.00282512  
169, 15.9864, 51.0705, 180.84, 0.999173, -0.04049, 0.00374389, 0.0401183, 0.996624, 0.071634, -0.00663172, -0.0714246, 0.997424, 0.00292747  
170, 15.976, 51.0574, 180.861, 0.999154, -0.04103, 0.00275678, 0.0407114, 0.996396, 0.0744178, -0.0058002, -0.0742426, 0.997223, 0.00280459  
171, 15.9611, 50.8638, 180.863, 0.999164, -0.0408462, 0.00182269, 0.0405823, 0.996166, 0.0774976, -0.00498118, -0.0773588, 0.996991, 0.0029824  
172, 15.9903, 50.7272, 180.854, 0.999182, -0.0403801, 0.00218637, 0.0400497, 0.995596, 0.0847634, -0.0055995, -0.0846065, 0.996399, 0.0028315  
173, 16.0002, 50.4614, 180.841, 0.999194, -0.0400964, 0.00183184, 0.0397853, 0.995415, 0.0869781, -0.00531095, -0.0868352, 0.996209, 0.00287117  
174, 15.9767, 50.2444, 180.81, 0.999191, -0.0401979, 0.000712227, 0.0399636, 0.994991, 0.0916239, -0.00439175, -0.0915214, 0.995793, 0.00294495  
175, 15.9634, 49.9902, 180.778, 0.999227, -0.0393018, 4.79662e-005, 0.0391154, 0.994605, 0.096076, -0.00382367, -0.0959999, 0.995374, 0.00296381  
176, 15.9641, 49.752, 180.772, 0.999242, -0.0389154, -0.000730862, 0.0387946, 0.994269, 0.0996245, -0.00315025, -0.0995774, 0.995025, 0.00289613  
177, 15.9009, 49.3409, 180.704, 0.999273, -0.0380978, -0.00147964, 0.0380474, 0.993947, 0.103059, -0.00245565, -0.103041, 0.994674, 0.00288198  
178, 15.8438, 48.9418, 180.716, 0.999354, -0.0358776, -0.00224219, 0.0359138, 0.993772, 0.105491, -0.00155653, -0.105503, 0.994418, 0.0029419  
179, 15.7823, 48.4693, 180.64, 0.999324, -0.036741, -0.00140374, 0.0366685, 0.993093, 0.111451, -0.00270078, -0.111427, 0.993769, 0.00283427  
180, 15.7371, 48.0367, 180.611, 0.999367, -0.0353775, -0.0038145, 0.0355815, 0.992742, 0.114883, -0.000277472, -0.114946, 0.993372, 0.00285092  
181, 15.6677, 47.3172, 180.591, 0.999391, -0.0348061, -0.00250173, 0.034856, 0.992256, 0.119216, -0.00166707, -0.11923, 0.992865, 0.00284592  
182, 15.6236, 46.6914, 180.597, 0.999456, -0.0328303, -0.0030311, 0.0329545, 0.991948, 0.122281, -0.00100783, -0.122315, 0.992491, 0.00285841  
183, 15.589, 45.9287, 180.533, 0.999417, -0.0340552, -0.00221803, 0.0340674, 0.991704, 0.123948, -0.00202144, -0.123952, 0.992286, 0.0028928  
184, 15.6365, 45.1741, 180.556, 0.999535, -0.0300536, -0.00518492, 0.0304636, 0.991913, 0.123206, 0.00144019, -0.123307, 0.992368, 0.00295466  
185, 15.5347, 44.4332, 180.557, 0.999528, -0.030481, -0.00381731, 0.0307189, 0.991295, 0.128025, -0.000118258, -0.128082, 0.991764, 0.00301291  
186, 15.5496, 43.5133, 180.506, 0.999524, -0.0299695, -0.00727407, 0.030648, 0.991542, 0.126117, 0.00343286, -0.12628, 0.991989, 0.00282568  
187, 15.5816, 42.5831, 180.494, 0.999579, -0.0283813, -0.00609853, 0.0289281, 0.991378, 0.1278, 0.00241883, -0.127923, 0.991781, 0.00287366  
188, 15.5894, 41.643, 180.485, 0.99956, -0.0289145, -0.00667206, 0.0295387, 0.990984, 0.130681, 0.00283333, -0.13082, 0.991402, 0.00290085  
189, 15.6695, 40.7936, 180.461, 0.999624, -0.026582, -0.0067231, 0.0272385, 0.990816, 0.132445, 0.0031407, -0.132578, 0.991168, 0.00293996  
190, 15.6188, 39.6917, 180.442, 0.999589, -0.0282466, -0.00483625, 0.0286394, 0.990645, 0.133428, 0.00102212, -0.133512, 0.991047, 0.0029039  
191, 15.6492, 38.7134, 180.511, 0.999632, -0.0264126, -0.00622435, 0.0270048, 0.990811, 0.132534, 0.0026666, -0.132653, 0.991159, 0.0029591  
192, 15.6202, 37.6668, 180.494, 0.999631, -0.0267233, -0.00493807, 0.0271438, 0.990638, 0.133793, 0.00131646, -0.133877, 0.990997, 0.00295244  
193, 15.695, 36.6306, 180.527, 0.999712, -0.0229465, -0.00701786, 0.0236867, 0.990473, 0.135657, 0.00383815, -0.135784, 0.990731, 0.0029799  
194, 15.6583, 35.3444, 180.599, 0.999741, -0.0225478, -0.00320963, 0.0227751, 0.989868, 0.140153, 1.69634e-005, -0.14019, 0.990125, 0.00304952  
195, 15.7344, 34.1586, 180.603, 0.999761, -0.0214604, -0.00427893, 0.0218506, 0.989621, 0.14203, 0.00118651, -0.142089, 0.989853, 0.00284898  
196, 15.8011, 32.8483, 180.589, 0.99978, -0.0204747, -0.00452747, 0.0209085, 0.989799, 0.140926, 0.00159588, -0.140989, 0.99001, 0.0029566  
197, 15.8336, 31.4016, 180.548, 0.999817, -0.0188604, -0.00306298, 0.0191045, 0.989553, 0.142897, 0.000335895, -0.142929, 0.989733, 0.002867  
198, 15.9349, 29.9013, 180.511, 0.999829, -0.0176587, -0.00552194, 0.0182613, 0.989827, 0.141096, 0.0029742, -0.141173, 0.98998, 0.00299432  
199, 15.9855, 28.3898, 180.479, 0.999837, -0.01779, -0.00318278, 0.0180637, 0.989212, 0.145373, 0.000562263, -0.145407, 0.989372, 0.00303482  
200, 16.0138, 26.916, 180.573, 0.999848, -0.0164133, -0.00585865, 0.0170854, 0.989457, 0.143818, 0.00343635, -0.143896, 0.989587, 0.00290417  
201, 16.0709, 25.1304, 180.527, 0.999874, -0.015838, -0.00116442, 0.0158448, 0.989991, 0.140241, -0.00106838, -0.140242, 0.990117, 0.00297019  
202, 16.1611, 23.7378, 180.57, 0.999925, -0.0111168, -0.00518901, 0.0117214, 0.990562, 0.13656, 0.00362193, -0.136611, 0.990618, 0.00292082  
203, 16.1894, 22.0593, 180.615, 0.99991, -0.0126643, -0.00442018, 0.0131496, 0.990533, 0.136641, 0.00264787, -0.136687, 0.990611, 0.00290085  
204, 16.2435, 20.431, 180.64, 0.999907, -0.0121428, -0.00624303, 0.0128706, 0.990881, 0.134122, 0.00455749, -0.13419, 0.990945, 0.00303094  
205, 16.1389, 18.505, 180.632, 0.999903, -0.0137368, -0.0023062, 0.0139213, 0.99106, 0.132687, 0.000462898, -0.132706, 0.991155, 0.0029014  
206, 16.1556, 16.6431, 180.615, 0.999902, -0.0123004, -0.00670935, 0.0130426, 0.992077, 0.124949, 0.00511927, -0.125024, 0.99214, 0.00296104  
207, 16.0964, 14.5872, 180.619, 0.99986, -0.0163886, -0.00342832, 0.016694, 0.991498, 0.129048, 0.00128427, -0.129087, 0.991632, 0.00284953  
208, 16.2327, 12.3734, 180.646, 0.999919, -0.0127137, 0.000426866, 0.012557, 0.991848, 0.126809, -0.0020356, -0.126793, 0.991927, 0.00290223  
209, 16.2769, 10.4766, 180.714, 0.999917, -0.0127524, 0.00204554, 0.0123824, 0.991582, 0.128889, -0.00367197, -0.128853, 0.991657, 0.0030989  
210, 16.2841, 8.39251, 180.747, 0.99992, -0.0123801, -0.00240881, 0.0125799, 0.992674, 0.120164, 0.00090352, -0.120184, 0.992751, 0.00288282  
211, 16.187, 6.19059, 180.716, 0.999924, -0.0122514, -0.00132296, 0.0123219, 0.992869, 0.118573, -0.000139168, -0.118581, 0.992944, 0.00295022  
212, 16.1658, 3.82267, 180.558, 0.999964, -0.00844265, 0.000905671, 0.00828663, 0.993584, 0.112791, -0.00185212, -0.11278, 0.993618, 0.00290112  
213, 16.1075, 1.64344, 180.455, 0.999973, -0.00727379, -0.00102625, 0.00734173, 0.994282, 0.106537, 0.000245457, -0.106542, 0.994308, 0.00296964  
214, 16.1423, -0.51419, 180.482, 0.999963, -0.00840706, -0.00173945, 0.00854315, 0.994446, 0.104904, 0.00084786, -0.104915, 0.994481, 0.00285425  
215, 16.1418, -2.8705, 180.681, 0.999929, -0.0103106, -0.00591718, 0.0108545, 0.994852, 0.100756, 0.00484787, -0.100813, 0.994894, 0.00287893  
216, 16.2031, -5.08583, 180.747, 0.999914, -0.0110305, -0.0071606, 0.0116848, 0.995029, 0.098895, 0.00603415, -0.0989701, 0.995072, 0.00295355  
217, 16.3292, -7.57743, 180.734, 0.999927, -0.00988733, -0.00688484, 0.0104724, 0.995806, 0.0908906, 0.0059573, -0.0909561, 0.995837, 0.00298656  
218, 16.3469, -10.445, 180.716, 0.999964, -0.00837237, -0.00115313, 0.00844072, 0.996218, 0.0864754, 0.000424761, -0.086482, 0.996253, 0.00272027  
219, 16.4772, -12.605, 180.665, 0.999991, -0.00411951, 0.000746842, 0.00403355, 0.995768, 0.0918097, -0.00112189, -0.0918059, 0.995776, 0.00259933  
220, 16.591, -15.0606, 180.827, 0.999974, -0.00712487, 0.00143796, 0.00697056, 0.99609, 0.0880692, -0.00205982, -0.0880568, 0.996113, 0.00328113  
221, 16.7288, -17.4777, 180.816, 0.999979, -0.00651636, -0.000302598, 0.00651937, 0.996663, 0.0813709, -0.000228654, -0.0813711, 0.996684, 0.00299432  
222, 16.8544, -20.0974, 180.755, 0.999969, -0.00632064, 0.0046227, 0.00594323, 0.996971, 0.0775416, -0.00509881, -0.0775118, 0.996978, 0.00291666  
223, 17.0349, -22.6655, 180.69, 0.999955, -0.00197732, 0.00927762, 0.00124519, 0.996932, 0.0782661, -0.00940391, -0.078251, 0.996889, 0.00287727  
224, 17.1736, -25.4343, 180.601, 0.999972, 0.000575828, 0.00742575, -0.00107615, 0.997715, 0.0675494, -0.00736989, -0.0675555, 0.997688, 0.00303066  
225, 17.2303, -27.8504, 180.842, 0.999983, 0.000418811, 0.00574924, -0.000802656, 0.997758, 0.0669255, -0.00570832, -0.066929, 0.997741, 0.0028437  
226, 17.2834, -30.3895, 180.879, 0.999962, -0.0017679, 0.00854201, 0.00122421, 0.997998, 0.0632409, -0.00863671, -0.063228, 0.997962, 0.00292525  
227, 17.4448, -33.2685, 180.906, 0.999976, -0.00243467, 0.00651489, 0.00209975, 0.9987, 0.0509298, -0.00663041, -0.0509149, 0.998681, 0.00283095  
228, 17.5979, -35.7925, 180.929, 0.999961, -0.000878626, 0.00875689, 0.0003862, 0.998426, 0.0560768, -0.00879238, -0.0560713, 0.998388, 0.00298572  
229, 17.7327, -38.6627, 180.897, 0.999952, -0.00178083, 0.00967914, 0.00128702, 0.998709, 0.050787, -0.00975708, -0.0507721, 0.998663, 0.0030387  
230, 17.9632, -41.3273, 180.827, 0.999947, -0.00104783, 0.0102177, 0.000563224, 0.99888, 0.0473162, -0.0102558, -0.0473079, 0.998828, 0.00297075  
231, 18.0855, -44.1582, 180.782, 0.999902, -0.000449341, 0.0139892, -0.000187055, 0.998966, 0.0454576, -0.0139951, -0.0454558, 0.998868, 0.00308281  
232, 18.2508, -46.9874, 180.825, 0.999917, 0.0022362, 0.012658, -0.002685, 0.999364, 0.0355504, -0.0125705, -0.0355814, 0.999288, 0.00284592  
233, 18.4852, -49.4991, 180.907, 0.9999, -0.00218711, 0.013941, 0.00169771, 0.999385, 0.0350203, -0.014009, -0.0349931, 0.999289, 0.00308669  
234, 18.7349, -52.3267, 180.999, 0.999901, -0.00174085, 0.0139955, 0.00129067, 0.999483, 0.032111, -0.0140441, -0.0320897, 0.999386, 0.00305951  
235, 18.9426, -55.1041, 180.974, 0.999839, -0.00269301, 0.0177294, 0.00225839, 0.999698, 0.0244883, -0.01779, -0.0244443, 0.999543, 0.00294107  
236, 19.1284, -57.6983, 180.944, 0.999784, -0.00335318, 0.0205333, 0.00291254, 0.999766, 0.0214524, -0.0206004, -0.0213879, 0.999559, 0.0030645  
237, 19.4415, -60.5907, 180.887, 0.999699, -0.00338829, 0.0243059, 0.00304269, 0.999894, 0.0142415, -0.0243516, -0.0141633, 0.999603, 0.00283927  
238, 19.7726, -63.3724, 180.852, 0.999747, -0.00232953, 0.0223603, 0.00208034, 0.999936, 0.0111613, -0.0223849, -0.011112, 0.999688, 0.00303898  
239, 20.0918, -66.0774, 180.751, 0.999655, -0.00282842, 0.0261093, 0.00252467, 0.999929, 0.0116593, -0.0261404, -0.0115894, 0.999591, 0.00309057  
240, 20.3368, -68.9255, 180.7, 0.999646, -0.00136424, 0.0265569, 0.00124739, 0.999989, 0.00441631, -0.0265627, -0.00438162, 0.999638, 0.00289114  
241, 20.5741, -71.5508, 180.691, 0.999613, -0.00453132, 0.0274293, 0.00453208, 0.99999, 3.42779e-005, -0.0274291, 9.00471e-005, 0.999624, 0.00305701  
242, 20.6837, -74.325, 180.713, 0.999483, -0.00265587, 0.0320384, 0.00257289, 0.999993, 0.0026309, -0.0320452, -0.00254711, 0.999483, 0.00281403  
243, 20.8881, -76.939, 180.68, 0.999537, -0.00307171, 0.0302859, 0.00319414, 0.999987, -0.00399504, -0.0302733, 0.00408993, 0.999533, 0.0030118  
244, 21.0477, -79.7814, 180.71, 0.999444, -0.00449129, 0.0330253, 0.0047045, 0.999969, -0.00638096, -0.0329956, 0.00653278, 0.999434, 0.00307698  
245, 21.1937, -82.7114, 180.71, 0.999484, -0.00220774, 0.0320368, 0.00259561, 0.999924, -0.0120706, -0.0320077, 0.0121475, 0.999414, 0.00288337  
246, 21.2543, -85.4323, 180.635, 0.999432, -0.00311922, 0.0335676, 0.00352753, 0.99992, -0.0121115, -0.0335272, 0.012223, 0.999363, 0.00304453  
247, 21.3039, -88.403, 180.624, 0.999439, -0.00192201, 0.0334294, 0.00266561, 0.99975, -0.0222138, -0.0333783, 0.0222905, 0.999194, 0.00283178  
248, 21.4261, -91.3225, 180.588, 0.999403, -0.00294878, 0.0344233, 0.00377091, 0.999709, -0.0238427, -0.0343429, 0.0239583, 0.999123, 0.0028806  
249, 21.4775, -93.7487, 180.616, 0.999241, -0.00284873, 0.0388502, 0.00363424, 0.99979, -0.0201635, -0.0387847, 0.0202894, 0.999042, 0.00307976  
250, 21.6395, -96.5357, 180.677, 0.999298, -0.00534263, 0.0370781, 0.00641451, 0.999563, -0.0288502, -0.0369078, 0.0290678, 0.998896, 0.00305174  
251, 21.6366, -98.8428, 180.742, 0.999353, -0.0056788, 0.0355266, 0.00651475, 0.999704, -0.023459, -0.0353828, 0.0236752, 0.999093, 0.00303232  
252, 21.6002, -101.519, 180.754, 0.999347, -0.00652303, 0.0355471, 0.00753833, 0.999565, -0.0285035, -0.0353457, 0.0287528, 0.998961, 0.00284898  
253, 21.6058, -104.008, 180.776, 0.999334, -0.00760925, 0.0356863, 0.00862148, 0.999562, -0.0282971, -0.0354554, 0.0285859, 0.998962, 0.00301097  
254, 21.4829, -106.82, 180.857, 0.999367, -0.00776449, 0.0347264, 0.00900809, 0.999318, -0.0357997, -0.0344247, 0.0360899, 0.998755, 0.00301429  
255, 21.4655, -109.222, 180.809, 0.999312, -0.00895224, 0.0359845, 0.0100888, 0.999452, -0.0315295, -0.0356825, 0.0318709, 0.998855, 0.00308974  
256, 21.3684, -112.053, 180.825, 0.999387, -0.0118358, 0.0329593, 0.0131889, 0.999066, -0.041143, -0.0324415, 0.0415525, 0.99861, 0.00273996  
257, 21.345, -114.451, 180.801, 0.99939, -0.0123546, 0.032666, 0.0135511, 0.999236, -0.0366649, -0.032188, 0.0370852, 0.998794, 0.0028168  
258, 21.2462, -117.078, 180.82, 0.999517, -0.0106659, 0.0291979, 0.0118618, 0.999085, -0.0410955, -0.0287328, 0.0414219, 0.998729, 0.00291804  
259, 21.0703, -119.497, 180.821, 0.999585, -0.011108, 0.0265818, 0.0122388, 0.99901, -0.0427634, -0.0260805, 0.043071, 0.998732, 0.00292969  
260, 20.8595, -122.018, 180.713, 0.999557, -0.0120738, 0.0272037, 0.0132915, 0.998897, -0.045034, -0.02663, 0.0453756, 0.998615, 0.00305313  
261, 20.6782, -124.637, 180.736, 0.999596, -0.0108362, 0.0262888, 0.0120207, 0.9989, -0.0453231, -0.0257688, 0.0456208, 0.998626, 0.0030584  
262, 20.4388, -126.832, 180.729, 0.999597, -0.0140451, 0.0246606, 0.015103, 0.99895, -0.0432499, -0.0240272, 0.0436049, 0.99876, 0.00301818  
263, 20.1185, -129.41, 180.732, 0.999669, -0.0154688, 0.0205686, 0.016477, 0.998624, -0.0497857, -0.0197701, 0.0501081, 0.998548, 0.00279073  
264, 19.7877, -131.69, 180.821, 0.999631, -0.0179921, 0.020371, 0.018916, 0.998757, -0.0461078, -0.0195161, 0.0464761, 0.998729, 0.00318655  
265, 19.4593, -134.226, 180.874, 0.999668, -0.0189722, 0.0174583, 0.019822, 0.998559, -0.0498653, -0.0164871, 0.0501948, 0.998603, 0.00297102  
266, 19.2035, -136.482, 180.836, 0.999696, -0.0187665, 0.015973, 0.0194622, 0.998816, -0.0445763, -0.0151175, 0.0448736, 0.998878, 0.00291804  
267, 18.8797, -139.242, 180.722, 0.999738, -0.0182265, 0.0138104, 0.0188991, 0.998558, -0.0502517, -0.0128746, 0.0504996, 0.998641, 0.00305174  
268, 18.5309, -141.107, 180.835, 0.999748, -0.0185575, 0.012639, 0.0190533, 0.999006, -0.0403062, -0.0118784, 0.0405369, 0.999107, 0.00294079  
269, 18.3391, -143.662, 180.874, 0.999795, -0.0186614, 0.00789548, 0.0190162, 0.998688, -0.0475406, -0.00699795, 0.047681, 0.998838, 0.00322039  
270, 18.0594, -145.804, 180.845, 0.999827, -0.0179879, 0.00483039, 0.0181948, 0.998734, -0.046894, -0.00398076, 0.0469737, 0.998888, 0.00288171  
271, 17.8628, -148.042, 180.819, 0.999817, -0.0186725, 0.00420591, 0.0188419, 0.998823, -0.0446847, -0.00336659, 0.0447557, 0.998992, 0.00295438  
272, 17.5735, -150.418, 180.78, 0.999875, -0.0158347, 0.000417628, 0.0158373, 0.99884, -0.0454828, 0.000303063, 0.0454838, 0.998965, 0.00286173  
273, 17.1237, -152.517, 180.914, 0.999828, -0.0185232, 0.000346458, 0.0185207, 0.998876, -0.0436342, 0.000462177, 0.0436331, 0.999048, 0.00295715  
274, 16.9934, -154.971, 180.874, 0.999887, -0.0149476, -0.00136749, 0.0148727, 0.998916, -0.0441112, 0.00202536, 0.0440859, 0.999026, 0.00299405  
275, 16.513, -156.838, 180.97, 0.999828, -0.0184307, -0.00216867, 0.0183375, 0.999141, -0.0371601, 0.00285169, 0.0371139, 0.999307, 0.00303981  
276, 16.2136, -159.088, 180.957, 0.999835, -0.0169988, -0.00632582, 0.016735, 0.999074, -0.0396433, 0.00699384, 0.0395309, 0.999194, 0.00300486  
