0, 0, 0, 0, 0, 0, 0, 0, 0, 0, 0, 0, 0, 0.00648072  
1, 0, 0, 0, 0, 0, 0, 0, 0, 0, 0, 0, 0, 0.00258768  
2, 21.2128, 58.9507, 180.77, 0.998719, -0.0505886, 0.00075597, 0.0505935, 0.998672, -0.00970205, -0.000264153, 0.00972787, 0.999953, 0.00281097  
3, 21.1945, 58.974, 180.799, 0.998671, -0.0515216, 0.00124886, 0.0515311, 0.998627, -0.00942147, -0.000761734, 0.0094733, 0.999955, 0.00271694  
4, 21.188, 58.966, 180.786, 0.998701, -0.0509378, 0.00133483, 0.0509486, 0.998651, -0.010015, -0.000822884, 0.01007, 0.999949, 0.00298045  
5, 21.2029, 58.9843, 180.793, 0.998688, -0.0511976, 0.000433906, 0.0511994, 0.998639, -0.00995881, 7.65525e-005, 0.00996797, 0.99995, 0.00283788  
6, 21.2051, 58.988, 180.79, 0.998672, -0.0515154, 0.000660101, 0.0515194, 0.998623, -0.00986283, -0.000151104, 0.00988374, 0.999951, 0.00286479  
7, 21.2104, 59.0184, 180.813, 0.998653, -0.0518933, -5.64142e-005, 0.0518901, 0.998603, -0.00994766, 0.000572552, 0.00993133, 0.999951, 0.00294051  
8, 21.2414, 58.9841, 180.794, 0.998708, -0.0508175, 0.000543702, 0.0508204, 0.998657, -0.0100414, -3.26936e-005, 0.0100561, 0.999949, 0.0030437  
9, 21.1944, 59.0085, 180.777, 0.998678, -0.0513847, 0.00103277, 0.0513923, 0.998633, -0.00954236, -0.000541029, 0.00958282, 0.999954, 0.0027824  
10, 21.2434, 58.9858, 180.775, 0.99868, -0.0513718, 0.000301238, 0.0513722, 0.998629, -0.0100583, 0.00021589, 0.0100605, 0.999949, 0.00282207  
11, 21.2595, 59.0004, 180.778, 0.998673, -0.0514978, 0.00100566, 0.0515051, 0.998625, -0.00976751, -0.00050127, 0.00980634, 0.999952, 0.00306395  
12, 21.2257, 59.0414, 180.808, 0.99866, -0.0517467, 0.000611122, 0.0517502, 0.998617, -0.00925094, -0.000131571, 0.00927017, 0.999957, 0.00290889  
13, 21.2184, 59.0534, 180.769, 0.99868, -0.0513522, 0.000701355, 0.0513567, 0.998629, -0.0101132, -0.00018106, 0.0101358, 0.999949, 0.00275328  
14, 21.2327, 59.0451, 180.788, 0.998661, -0.0517298, 0.000700998, 0.0517343, 0.998608, -0.0102966, -0.000167382, 0.0103191, 0.999947, 0.00293746  
15, 21.256, 59.061, 180.801, 0.998638, -0.0521686, 0.000368322, 0.0521698, 0.998593, -0.00947813, 0.000126657, 0.00948444, 0.999955, 0.00284759  
16, 21.227, 59.0469, 180.783, 0.998672, -0.0515141, 0.000950678, 0.0515211, 0.99862, -0.0101799, -0.000424958, 0.0102154, 0.999948, 0.0028806  
17, 21.2358, 59.0243, 180.802, 0.998667, -0.0515959, 0.00113227, 0.0516045, 0.998619, -0.00981006, -0.000624552, 0.00985542, 0.999951, 0.0029627  
18, 21.2279, 59.0817, 180.798, 0.99868, -0.0513578, 0.00106285, 0.0513658, 0.998631, -0.00984387, -0.000555841, 0.00988547, 0.999951, 0.00279183  
19, 21.2535, 59.0912, 180.78, 0.998681, -0.0513429, 0.000650506, 0.0513469, 0.998627, -0.0103882, -0.000116251, 0.0104079, 0.999946, 0.00298933  
20, 21.2521, 59.0708, 180.757, 0.998691, -0.0511527, 0.000785377, 0.0511578, 0.998646, -0.00939938, -0.000303511, 0.00942725, 0.999956, 0.00287311  
21, 21.2631, 59.0899, 180.769, 0.998669, -0.051571, 0.000771515, 0.0515761, 0.998621, -0.00983552, -0.000263223, 0.00986222, 0.999951, 0.00303732  
22, 21.2575, 59.0846, 180.776, 0.998651, -0.0519007, 0.00129389, 0.0519109, 0.998604, -0.00975741, -0.00078567, 0.00981142, 0.999952, 0.0028806  
23, 21.2633, 59.0682, 180.768, 0.99869, -0.0511604, 0.000610147, 0.0511639, 0.998638, -0.0102307, -8.59105e-005, 0.0102485, 0.999947, 0.00300042  
24, 21.2544, 59.1012, 180.778, 0.998663, -0.0516929, 0.000538931, 0.0516957, 0.998618, -0.00946341, -4.89947e-005, 0.00947861, 0.999955, 0.00295493  
25, 21.2894, 59.1033, 180.747, 0.99866, -0.0517566, 0.000238493, 0.0517564, 0.998609, -0.0100515, 0.000282072, 0.0100504, 0.999949, 0.00284204  
26, 21.2713, 59.0814, 180.772, 0.998693, -0.0511056, 0.000729632, 0.0511104, 0.998642, -0.010105, -0.000212217, 0.0101291, 0.999949, 0.00303482  
27, 21.288, 59.0948, 180.786, 0.99869, -0.0511677, 0.000538723, 0.0511705, 0.998628, -0.0110998, 2.99654e-005, 0.0111128, 0.999938, 0.00290861  
28, 21.2766, 59.1053, 180.794, 0.998667, -0.0516131, 0.000508436, 0.0516156, 0.998612, -0.0105218, 3.53316e-005, 0.010534, 0.999945, 0.00271944  
29, 21.2587, 59.0632, 180.786, 0.998672, -0.0515034, 0.00106976, 0.0515114, 0.998623, -0.00989054, -0.000558889, 0.00993251, 0.999951, 0.00287838  
30, 21.305, 59.0778, 180.773, 0.99866, -0.0517465, 0.000808874, 0.0517516, 0.998623, -0.00862941, -0.000361218, 0.00865971, 0.999962, 0.00273386  
31, 21.2719, 59.0687, 180.782, 0.998655, -0.0518235, 0.00136669, 0.051834, 0.998612, -0.00930771, -0.000882439, 0.00936603, 0.999956, 0.00292553  
32, 21.2829, 59.0751, 180.792, 0.998658, -0.0517794, 0.000703075, 0.0517838, 0.998608, -0.00999576, -0.000184522, 0.0100188, 0.99995, 0.00283427  
33, 21.2641, 59.0605, 180.787, 0.998678, -0.0513884, 0.000914584, 0.051395, 0.998629, -0.00994399, -0.000402324, 0.00997785, 0.99995, 0.00275772  
34, 21.2714, 59.0798, 180.766, 0.998655, -0.0518489, 0.000675555, 0.051853, 0.998608, -0.0096746, -0.000172997, 0.00969661, 0.999953, 0.00280293  
35, 21.2741, 59.009, 180.758, 0.998697, -0.0510096, 0.00177726, 0.0510239, 0.998655, -0.00923816, -0.00130363, 0.00931681, 0.999956, 0.00275439  
36, 21.2772, 59.0368, 180.761, 0.998685, -0.0512586, 0.000449483, 0.0512605, 0.998634, -0.0101586, 7.18445e-005, 0.0101682, 0.999948, 0.00313801  
37, 21.268, 59.046, 180.755, 0.998678, -0.0513884, 0.00102879, 0.0513965, 0.998621, -0.0107369, -0.00047562, 0.0107756, 0.999942, 0.00291499  
38, 21.2338, 59.0386, 180.771, 0.998663, -0.05167, 0.00141494, 0.0516808, 0.998623, -0.00904372, -0.0009457, 0.00910475, 0.999958, 0.00296742  
39, 21.2251, 59.0404, 180.782, 0.998682, -0.0513215, 0.000815537, 0.0513273, 0.998627, -0.010482, -0.000276465, 0.01051, 0.999945, 0.00279711  
40, 21.2406, 59.0327, 180.781, 0.998681, -0.051327, 0.00127321, 0.0513363, 0.998642, -0.00892517, -0.000813378, 0.00897876, 0.999959, 0.00274801  
41, 21.2494, 59.0379, 180.791, 0.998661, -0.05173, -3.70779e-005, 0.051727, 0.99861, -0.0100924, 0.000559107, 0.010077, 0.999949, 0.00300597  
42, 21.2312, 59.0252, 180.791, 0.99867, -0.05153, 0.00163151, 0.051543, 0.998628, -0.00928261, -0.00115094, 0.00935436, 0.999956, 0.002986  
43, 21.2362, 59.0225, 180.807, 0.998653, -0.051885, 0.000645161, 0.0518888, 0.998605, -0.00975013, -0.000138376, 0.00977047, 0.999952, 0.00279461  
44, 21.2416, 59.0447, 180.781, 0.998683, -0.0513088, -0.000251277, 0.0513039, 0.998636, -0.00971098, 0.000749193, 0.0096853, 0.999953, 0.0029333  
45, 21.2548, 58.9993, 180.78, 0.998698, -0.0510032, 0.00105371, 0.0510107, 0.998657, -0.00902881, -0.000591799, 0.0090708, 0.999959, 0.00289585  
46, 21.2588, 59.0211, 180.797, 0.998672, -0.0515241, -0.000554348, 0.0515155, 0.998617, -0.0105144, 0.00109532, 0.0104718, 0.999945, 0.00321012  
47, 21.2246, 59.0027, 180.792, 0.998681, -0.0513385, 0.00025954, 0.0513386, 0.998634, -0.00967961, 0.000237751, 0.00968017, 0.999953, 0.00293663  
48, 21.2491, 58.9894, 180.77, 0.998665, -0.0516566, 0.00071164, 0.0516611, 0.998619, -0.00954438, -0.000217627, 0.0095684, 0.999954, 0.0027591  
49, 21.2268, 59.0042, 180.771, 0.99867, -0.0515537, 0.00086256, 0.0515597, 0.99862, -0.00994305, -0.000348769, 0.0099743, 0.99995, 0.00286728  
50, 21.1976, 58.9811, 180.787, 0.998685, -0.0512412, 0.0013761, 0.0512518, 0.998643, -0.00922243, -0.000901668, 0.00928084, 0.999957, 0.0027824  
51, 21.2193, 58.9999, 180.786, 0.998673, -0.0515071, 0.000220799, 0.0515069, 0.998628, -0.00943949, 0.000265705, 0.00943833, 0.999955, 0.00299183  
52, 21.234, 58.9657, 180.767, 0.998731, -0.0503451, 0.00100348, 0.050352, 0.998693, -0.00879352, -0.000559461, 0.00883289, 0.999961, 0.00287394  
53, 21.2374, 59.0113, 180.803, 0.998686, -0.0512456, -0.000576229, 0.051236, 0.998625, -0.0111213, 0.00114535, 0.0110772, 0.999938, 0.00276881  
54, 21.2034, 58.9746, 180.784, 0.998709, -0.0507695, 0.00174134, 0.0507824, 0.998674, -0.00845109, -0.00130997, 0.0085286, 0.999963, 0.00280265  
55, 21.2075, 58.9881, 180.772, 0.99868, -0.051335, 0.00142138, 0.0513467, 0.998631, -0.0100217, -0.000904976, 0.0100814, 0.999949, 0.00289668  
56, 21.2098, 58.9924, 180.778, 0.998706, -0.0508482, 0.00133102, 0.0508578, 0.998669, -0.00860794, -0.000891552, 0.00866449, 0.999962, 0.00300653  
57, 21.2148, 58.9521, 180.763, 0.998708, -0.0508128, 0.000756996, 0.0508175, 0.998668, -0.00890098, -0.000303705, 0.00892795, 0.99996, 0.00294772  
58, 21.2345, 58.9471, 180.783, 0.998682, -0.0513136, 0.00144942, 0.0513249, 0.998639, -0.00928702, -0.000970898, 0.00934916, 0.999956, 0.00283649  
59, 21.2112, 58.961, 180.761, 0.998683, -0.0512884, 0.00121997, 0.051297, 0.998647, -0.00855444, -0.000779573, 0.00860576, 0.999963, 0.00283289  
60, 21.2026, 58.9549, 180.777, 0.998699, -0.0509861, 0.00120903, 0.0509953, 0.998654, -0.00945712, -0.000725217, 0.00950646, 0.999955, 0.00292969  
61, 21.1994, 58.9871, 180.785, 0.998707, -0.0508144, 0.00111541, 0.0508218, 0.998674, -0.0081985, -0.000697328, 0.00824459, 0.999966, 0.00431604  
62, 21.2144, 58.9356, 180.791, 0.998694, -0.051056, 0.00161941, 0.0510687, 0.998653, -0.00914538, -0.00115031, 0.00921614, 0.999957, 0.00407694  
63, 21.2141, 58.9769, 180.801, 0.998683, -0.0512953, 0.00112108, 0.0513027, 0.99865, -0.00816118, -0.000700933, 0.00820795, 0.999966, 0.00274302  
64, 21.2118, 58.9642, 180.771, 0.998713, -0.050698, 0.00128859, 0.0507078, 0.998671, -0.00925931, -0.000817452, 0.00931274, 0.999956, 0.00279766  
65, 21.1944, 58.9818, 180.788, 0.998694, -0.0510746, 0.00159587, 0.051086, 0.998661, -0.00818411, -0.00117573, 0.00825494, 0.999965, 0.00270002  
66, 21.2242, 58.9863, 180.786, 0.998681, -0.0513397, 0.000461646, 0.0513417, 0.998637, -0.00943556, 2.34018e-005, 0.00944682, 0.999955, 0.00280404  
67, 21.2353, 58.9971, 180.772, 0.998666, -0.0516328, 0.000687602, 0.0516368, 0.998629, -0.0085854, -0.000243372, 0.00860945, 0.999963, 0.00284759  
68, 21.2442, 59.0127, 180.785, 0.998658, -0.0517914, 0.000475334, 0.0517936, 0.998604, -0.0103857, 6.32196e-005, 0.0103964, 0.999946, 0.00278351  
69, 21.2413, 58.9989, 180.767, 0.998676, -0.051429, 0.00125711, 0.0514388, 0.99863, -0.00963957, -0.000759633, 0.00969147, 0.999953, 0.00278795  
70, 21.2587, 59.0035, 180.787, 0.998683, -0.051306, 0.000382771, 0.0513072, 0.998631, -0.0101959, 0.000140865, 0.0102021, 0.999948, 0.00274274  
71, 21.2483, 59.0078, 180.799, 0.998663, -0.0516883, 0.000475433, 0.0516905, 0.99861, -0.010322, 5.87548e-005, 0.0103328, 0.999947, 0.00303343  
72, 21.2402, 59.0082, 180.801, 0.998669, -0.0515816, 0.000350298, 0.0515825, 0.998618, -0.0100668, 0.000169448, 0.0100715, 0.999949, 0.00300597  
73, 21.2704, 58.9926, 180.78, 0.998674, -0.0514775, 0.00033996, 0.0514784, 0.998625, -0.00991055, 0.000170678, 0.00991491, 0.999951, 0.00299377  
74, 21.2744, 59.0062, 180.779, 0.99869, -0.0511705, 0.00018704, 0.0511698, 0.998639, -0.0100672, 0.000328356, 0.0100636, 0.999949, 0.00261292  
75, 21.2539, 59.0114, 180.778, 0.998657, -0.051787, 0.00122948, 0.0517964, 0.998611, -0.00960846, -0.000730182, 0.00965925, 0.999953, 0.00273636  
76, 21.2442, 59.051, 180.773, 0.998677, -0.0514098, 0.000897477, 0.0514164, 0.998624, -0.0103416, -0.000364584, 0.010374, 0.999946, 0.00283788  
77, 21.2282, 59.0261, 180.781, 0.998679, -0.0513548, 0.00150246, 0.0513668, 0.998635, -0.00945463, -0.00101487, 0.00951932, 0.999954, 0.00304536  
78, 21.2544, 59.0688, 180.79, 0.998645, -0.0520316, 0.000597026, 0.052035, 0.998585, -0.0109337, -2.72841e-005, 0.01095, 0.99994, 0.00287949  
79, 21.2272, 59.0607, 180.797, 0.998669, -0.0515677, 0.00113505, 0.0515765, 0.998618, -0.0100802, -0.000613668, 0.0101253, 0.999949, 0.00286201  
80, 21.2767, 59.0225, 180.784, 0.998692, -0.0511071, 0.00118596, 0.0511161, 0.998647, -0.00952321, -0.000697652, 0.00957138, 0.999954, 0.00279073  
81, 21.2537, 59.0776, 180.771, 0.99867, -0.0515422, 0.00129055, 0.0515523, 0.998624, -0.00959941, -0.000793998, 0.00965318, 0.999953, 0.00287394  
82, 21.2644, 59.0701, 180.799, 0.998698, -0.0510085, 0.000334877, 0.0510092, 0.998641, -0.0106503, 0.000208835, 0.0106535, 0.999943, 0.0030032  
83, 21.2344, 59.0702, 180.768, 0.998701, -0.0509159, 0.00194391, 0.0509316, 0.998661, -0.00911984, -0.00147696, 0.009207, 0.999957, 0.00282512  
84, 21.2087, 59.0589, 180.783, 0.998664, -0.0516508, 0.00133568, 0.051661, 0.998622, -0.00926073, -0.000855516, 0.00931736, 0.999956, 0.00279766  
85, 21.2913, 59.0539, 180.78, 0.998684, -0.0512864, 0.000422396, 0.0512881, 0.998632, -0.0101535, 9.89197e-005, 0.0101618, 0.999948, 0.00281846  
86, 21.2541, 59.0573, 180.772, 0.998683, -0.0513026, 0.000939821, 0.0513089, 0.998644, -0.00884671, -0.000484687, 0.00888327, 0.99996, 0.00290612  
87, 21.2471, 59.0972, 180.798, 0.998676, -0.0514461, 0.000230577, 0.0514457, 0.998621, -0.0104783, 0.000308808, 0.0104763, 0.999945, 0.00314328  
88, 21.2912, 59.0437, 180.758, 0.998697, -0.0510293, 0.0011104, 0.0510379, 0.998647, -0.00994972, -0.000601167, 0.00999343, 0.99995, 0.00282873  
89, 21.2416, 59.0698, 180.779, 0.998674, -0.0514654, 0.00116865, 0.0514743, 0.998628, -0.00962481, -0.000671701, 0.0096722, 0.999953, 0.0030057  
90, 21.2543, 59.0747, 180.776, 0.998671, -0.0515312, 0.000720953, 0.0515359, 0.99862, -0.0101399, -0.000197436, 0.0101636, 0.999948, 0.00280681  
91, 21.2776, 59.0623, 180.785, 0.998685, -0.0512612, 0.000924735, 0.0512674, 0.998646, -0.00878731, -0.000473035, 0.00882316, 0.999961, 0.00287033  
92, 21.2817, 59.0276, 180.779, 0.998689, -0.0511656, 0.00119695, 0.0511748, 0.998643, -0.00969328, -0.000699365, 0.00974184, 0.999952, 0.00314383  
93, 21.2507, 59.0741, 180.792, 0.998691, -0.0511547, 0.000617731, 0.0511583, 0.998648, -0.00920728, -0.000145899, 0.00922683, 0.999957, 0.00277159  
94, 21.2965, 59.0925, 180.784, 0.998668, -0.0515984, -0.000142494, 0.0515949, 0.998625, -0.00925266, 0.00061972, 0.00923299, 0.999957, 0.00288198  
95, 21.266, 59.1039, 180.756, 0.998673, -0.0514928, 0.000842347, 0.051498, 0.998639, -0.00830468, -0.000413569, 0.00833704, 0.999965, 0.00278046  
96, 21.2376, 59.1169, 180.786, 0.998703, -0.0508925, 0.00158655, 0.050902, 0.998681, -0.00671196, -0.00124287, 0.00678401, 0.999976, 0.00309473  
97, 21.2784, 59.1873, 180.765, 0.998696, -0.051049, 0.00101427, 0.0510544, 0.998676, -0.00633235, -0.000689672, 0.00637587, 0.999979, 0.00317545  
98, 21.2638, 59.2191, 180.754, 0.998709, -0.050801, 0.000736429, 0.0508044, 0.998692, -0.00578836, -0.000441411, 0.0058183, 0.999983, 0.00274523  
99, 21.2728, 59.2585, 180.782, 0.998699, -0.0509873, 0.000910936, 0.0509895, 0.998696, -0.00266974, -0.000773625, 0.00271272, 0.999996, 0.00286811  
100, 21.2522, 59.2541, 180.757, 0.99877, -0.0495684, 0.000718456, 0.0495691, 0.99877, -0.000983535, -0.00066882, 0.00101794, 0.999999, 0.00277242  
101, 21.2657, 59.3155, 180.764, 0.998712, -0.0507273, 0.000853185, 0.0507269, 0.998712, 0.000477854, -0.000876327, -0.000433959, 1, 0.00289863  
102, 21.2396, 59.3624, 180.765, 0.998763, -0.0497145, 0.000610024, 0.0497139, 0.998763, 0.00102206, -0.000660081, -0.00099047, 0.999999, 0.00303121  
103, 21.2643, 59.4316, 180.792, 0.998734, -0.0503085, 0.000220539, 0.0503073, 0.998726, 0.00390592, -0.00041676, -0.00388988, 0.999992, 0.00275522  
104, 21.2393, 59.4476, 180.807, 0.998739, -0.0501977, 0.000290304, 0.0501952, 0.998722, 0.00586587, -0.000584387, -0.0058439, 0.999983, 0.00291804  
105, 21.2471, 59.4892, 180.843, 0.998721, -0.0505512, 0.000551414, 0.0505445, 0.998684, 0.00865865, -0.000988394, -0.00861971, 0.999962, 0.00274579  
106, 21.2593, 59.5588, 180.823, 0.998782, -0.049315, 0.0015049, 0.0492923, 0.998706, 0.0125356, -0.00212114, -0.0124461, 0.99992, 0.00294994  
107, 21.2508, 59.6245, 180.839, 0.99879, -0.0491143, 0.00246598, 0.0490641, 0.998644, 0.0174059, -0.00331751, -0.0172638, 0.999845, 0.00319875  
108, 21.2353, 59.6914, 180.798, 0.998788, -0.0492071, 0.00146405, 0.0491729, 0.998629, 0.0179745, -0.00234652, -0.0178807, 0.999837, 0.00274385  
109, 21.2176, 59.7218, 180.818, 0.998832, -0.0482827, 0.0019135, 0.0482308, 0.998607, 0.0214086, -0.0029445, -0.0212913, 0.999769, 0.00290473  
110, 21.2175, 59.703, 180.798, 0.998836, -0.0482078, 0.0016213, 0.0481604, 0.998596, 0.0220523, -0.00268212, -0.0219485, 0.999756, 0.00272804  
111, 21.1856, 59.7041, 180.783, 0.998848, -0.047865, 0.00327756, 0.0477582, 0.998486, 0.0272805, -0.00457838, -0.0270926, 0.999622, 0.00311637  
112, 21.1582, 59.7075, 180.78, 0.998872, -0.0474196, 0.0026058, 0.0473227, 0.998447, 0.0293969, -0.00399574, -0.0292404, 0.999564, 0.00291971  
113, 21.1186, 59.7512, 180.836, 0.998864, -0.0475366, 0.00320189, 0.0474008, 0.998298, 0.0339606, -0.00481082, -0.0337703, 0.999418, 0.00279572  
114, 21.0713, 59.6516, 180.793, 0.998893, -0.0469237, 0.00337441, 0.0467666, 0.998216, 0.0371113, -0.00510979, -0.0369124, 0.999305, 0.00292553  
115, 21.0375, 59.6527, 180.854, 0.998851, -0.0478228, 0.00325169, 0.0476645, 0.998136, 0.0381204, -0.00506865, -0.0379216, 0.999268, 0.00275827  
116, 20.986, 59.693, 180.8, 0.998902, -0.0466822, 0.00393182, 0.0464647, 0.997952, 0.0439633, -0.00597607, -0.0437323, 0.999025, 0.00299654  
117, 20.945, 59.7444, 180.818, 0.998863, -0.0474362, 0.00468431, 0.047145, 0.997647, 0.0497782, -0.00703458, -0.0495008, 0.998749, 0.00302567  
118, 20.8918, 59.7103, 180.812, 0.998846, -0.0478116, 0.00465995, 0.0474905, 0.997407, 0.054072, -0.00723313, -0.0537883, 0.998526, 0.00273886  
119, 20.8354, 59.6645, 180.823, 0.998861, -0.0475205, 0.00434304, 0.047168, 0.997024, 0.0609737, -0.00722761, -0.0606994, 0.99813, 0.00279849  
120, 20.7396, 59.556, 180.799, 0.998865, -0.0473734, 0.0048759, 0.0469678, 0.996866, 0.0636547, -0.00787616, -0.0633535, 0.99796, 0.00279516  
121, 20.6706, 59.4952, 180.817, 0.998882, -0.0471524, 0.00351394, 0.0468081, 0.996619, 0.0675177, -0.00668568, -0.0672777, 0.997712, 0.00312469  
122, 20.5549, 59.4913, 180.829, 0.998803, -0.0488796, 0.00193832, 0.0486135, 0.99622, 0.0719933, -0.00545, -0.0718129, 0.997403, 0.00316769  
123, 20.4943, 59.5588, 180.947, 0.998791, -0.049146, -0.00140221, 0.0491027, 0.995653, 0.0791495, -0.00249376, -0.0791226, 0.996862, 0.0027591  
124, 20.4862, 59.7034, 181.018, 0.998724, -0.0504174, -0.00295251, 0.0504784, 0.99466, 0.0900234, -0.00160201, -0.0900576, 0.995935, 0.0029713  
125, 20.4243, 59.4515, 181.099, 0.998694, -0.0507972, -0.00543657, 0.0510817, 0.994484, 0.091606, 0.000753261, -0.091764, 0.99578, 0.00282789  
126, 20.3761, 59.3507, 181.088, 0.998664, -0.0512643, -0.00644292, 0.0516471, 0.993987, 0.0965507, 0.00145457, -0.0967545, 0.995307, 0.0029125  
127, 20.2877, 59.1448, 181.111, 0.998622, -0.0519927, -0.00715982, 0.0524478, 0.993639, 0.0996534, 0.00193302, -0.0998916, 0.994996, 0.00288226  
128, 20.2009, 58.8575, 181.094, 0.998674, -0.0508107, -0.00827012, 0.0513916, 0.9934, 0.102545, 0.00300514, -0.102834, 0.994694, 0.00272776  
129, 20.0516, 58.6969, 181.012, 0.998702, -0.0502294, -0.00841334, 0.0508472, 0.992765, 0.108779, 0.00288856, -0.109066, 0.99403, 0.00287755  
130, 19.9257, 58.3386, 181.021, 0.998737, -0.0495114, -0.00850932, 0.0501541, 0.992421, 0.112183, 0.0028905, -0.112468, 0.993651, 0.00417596  
131, 19.8107, 57.9547, 180.976, 0.998839, -0.0473669, -0.0087255, 0.0480544, 0.992287, 0.114267, 0.00324573, -0.114554, 0.993412, 0.00300015  
132, 19.6705, 57.4207, 180.973, 0.998767, -0.0490122, -0.00794397, 0.0496047, 0.991936, 0.116631, 0.00216357, -0.116881, 0.993144, 0.00292692  
133, 19.5638, 57.0699, 180.911, 0.998843, -0.0475849, -0.00695386, 0.0480779, 0.991373, 0.121937, 0.00109148, -0.122131, 0.992513, 0.00263817  
134, 19.3839, 56.7321, 180.87, 0.998832, -0.0476641, -0.00790998, 0.0482842, 0.990644, 0.127648, 0.00175174, -0.127881, 0.991788, 0.00292054  
135, 19.2824, 56.2033, 180.865, 0.998861, -0.0467482, -0.0095187, 0.0475902, 0.990349, 0.130167, 0.00334175, -0.130472, 0.991446, 0.00271112  
136, 19.1447, 55.6657, 180.837, 0.99886, -0.0463919, -0.0112482, 0.0474819, 0.989849, 0.133955, 0.00491957, -0.134336, 0.990924, 0.00307781  
137, 18.9941, 55.1113, 180.829, 0.998784, -0.0476706, -0.012593, 0.0489507, 0.989302, 0.137427, 0.00590702, -0.137876, 0.990432, 0.0029738  
138, 18.9058, 54.4694, 180.745, 0.998793, -0.0465928, -0.0155285, 0.0483381, 0.988538, 0.143028, 0.00868645, -0.143606, 0.989597, 0.00273275  
139, 18.8059, 53.74, 180.653, 0.998788, -0.0470855, -0.0143652, 0.0486871, 0.987961, 0.146842, 0.00727815, -0.147363, 0.989056, 0.00295438  
140, 18.7339, 52.9572, 180.554, 0.998847, -0.0453611, -0.0157296, 0.0471902, 0.987906, 0.147695, 0.00883975, -0.148267, 0.988908, 0.00272055  
141, 18.658, 52.0724, 180.47, 0.99888, -0.0452359, -0.0138651, 0.0468332, 0.986973, 0.153921, 0.00672174, -0.154398, 0.987986, 0.0031136  
142, 18.6019, 51.1311, 180.4, 0.998907, -0.0442119, -0.0151722, 0.0460032, 0.987384, 0.151516, 0.00828198, -0.152048, 0.988338, 0.00299294  
143, 18.5718, 50.0344, 180.324, 0.998935, -0.0441811, -0.0132787, 0.0457025, 0.986974, 0.154253, 0.00629065, -0.154696, 0.987942, 0.00273469  
144, 18.5728, 48.9621, 180.363, 0.998965, -0.0433909, -0.0136075, 0.0449551, 0.987405, 0.151691, 0.00685408, -0.152145, 0.988334, 0.00289419  
145, 18.6383, 47.9328, 180.378, 0.998967, -0.0435428, -0.0129667, 0.0450199, 0.987097, 0.153666, 0.00610834, -0.154091, 0.988038, 0.0027358  
146, 18.7358, 46.9493, 180.525, 0.998949, -0.0436696, -0.0139263, 0.0453132, 0.986639, 0.156497, 0.00690609, -0.156963, 0.98758, 0.00316796  
147, 18.9038, 45.6768, 180.669, 0.998869, -0.0446791, -0.0162809, 0.0466366, 0.987305, 0.151835, 0.00929035, -0.152423, 0.988272, 0.00290334  
148, 19.1752, 44.527, 180.688, 0.998933, -0.0428935, -0.0171297, 0.0450327, 0.986911, 0.154851, 0.0102634, -0.155457, 0.987789, 0.00280099  
149, 19.4639, 43.0939, 180.617, 0.998975, -0.043012, -0.014117, 0.0446762, 0.98704, 0.154133, 0.00730447, -0.154605, 0.987949, 0.00301735  
150, 19.8243, 41.6753, 180.566, 0.999066, -0.0410831, -0.0134052, 0.0426593, 0.987152, 0.153986, 0.00690678, -0.154414, 0.987982, 0.00276909  
151, 20.0878, 40.2165, 180.5, 0.999072, -0.0424561, -0.00719765, 0.0430607, 0.98622, 0.159736, 0.000316675, -0.159898, 0.987133, 0.00301346  
152, 20.4599, 38.7274, 180.546, 0.999143, -0.0405898, -0.00808153, 0.0413571, 0.986577, 0.157975, 0.00156088, -0.158174, 0.98741, 0.00300653  
153, 20.7221, 37.6162, 180.749, 0.998898, -0.0455557, -0.0112782, 0.0468005, 0.984838, 0.167042, 0.00349744, -0.167386, 0.985885, 0.00283871  
154, 21.0978, 35.949, 180.845, 0.998888, -0.0451196, -0.0136464, 0.04673, 0.985849, 0.160991, 0.00618945, -0.16145, 0.986861, 0.00296464  
155, 21.379, 34.2497, 180.832, 0.998891, -0.046449, -0.00773185, 0.0470881, 0.985492, 0.163057, 4.58498e-005, -0.16324, 0.986586, 0.00276326  
156, 21.7789, 32.4059, 180.721, 0.998992, -0.0447258, -0.0036978, 0.044751, 0.986568, 0.157103, -0.00337841, -0.15711, 0.987575, 0.00294162  
157, 22.0804, 30.5839, 180.627, 0.998929, -0.0462618, -0.00123629, 0.0458843, 0.986594, 0.156611, -0.0060254, -0.1565, 0.98766, 0.00287449  
158, 22.4124, 28.6646, 180.59, 0.998941, -0.0460097, -0.000743887, 0.0455801, 0.987136, 0.153251, -0.00631673, -0.153123, 0.988187, 0.00279544  
159, 22.714, 26.7425, 180.666, 0.998929, -0.0462515, -0.00146723, 0.0459547, 0.987797, 0.148813, -0.00543352, -0.148721, 0.988864, 0.00296603  
160, 23.0704, 24.9324, 180.701, 0.998718, -0.0505604, -0.00234379, 0.0503575, 0.987916, 0.146584, -0.00509587, -0.146514, 0.989195, 0.00271361  
161, 23.4023, 22.7598, 180.755, 0.998702, -0.0508354, -0.00304506, 0.0507486, 0.98844, 0.142866, -0.00425276, -0.142835, 0.989737, 0.00320125  
162, 23.6936, 20.5727, 180.738, 0.998686, -0.0511937, -0.0023961, 0.0510195, 0.988685, 0.141061, -0.00485243, -0.140998, 0.989998, 0.00299321  
163, 23.8564, 18.3412, 180.704, 0.9987, -0.0509718, -0.000789082, 0.0505828, 0.988918, 0.139578, -0.00633422, -0.139437, 0.990211, 0.00275161  
164, 23.9616, 15.7126, 180.713, 0.99873, -0.0503402, 0.00217094, 0.0495938, 0.98971, 0.134222, -0.00890533, -0.133943, 0.990949, 0.00282845  
165, 24.1038, 13.5814, 180.703, 0.998788, -0.0491984, 0.00167632, 0.0485364, 0.98989, 0.133278, -0.00821642, -0.133035, 0.991077, 0.00280071  
166, 24.2673, 11.2512, 180.725, 0.998671, -0.0515188, 0.00158679, 0.05088, 0.990275, 0.129486, -0.00824234, -0.129233, 0.99158, 0.00297685  
167, 24.4748, 8.6824, 180.732, 0.998792, -0.0491371, -8.46429e-005, 0.048788, 0.991487, 0.120717, -0.00584774, -0.120575, 0.992687, 0.00318766  
168, 24.5589, 6.12061, 180.694, 0.998657, -0.0517245, 0.00283337, 0.0510083, 0.991423, 0.120331, -0.00903311, -0.120025, 0.99273, 0.00286118  
169, 24.666, 3.69167, 180.735, 0.998799, -0.0488513, 0.00371975, 0.0480813, 0.991966, 0.11701, -0.00940594, -0.11669, 0.993124, 0.00297102  
170, 24.8033, 0.930005, 180.722, 0.998693, -0.0508257, 0.00531108, 0.0499162, 0.992492, 0.111659, -0.0109464, -0.111248, 0.993732, 0.00278546  
171, 24.8334, -1.63694, 180.744, 0.99877, -0.0492333, 0.00595314, 0.0483038, 0.992975, 0.108015, -0.0112293, -0.107595, 0.994131, 0.00318766  
172, 24.9035, -4.23229, 180.722, 0.99869, -0.0507756, 0.00632889, 0.0498116, 0.993036, 0.106765, -0.0117059, -0.10631, 0.994264, 0.00292636  
173, 25.0478, -7.15476, 180.757, 0.998692, -0.0506787, 0.00676563, 0.049748, 0.993726, 0.100172, -0.0117998, -0.0997049, 0.994947, 0.00281458  
174, 25.2337, -9.91133, 180.787, 0.998676, -0.0511388, 0.00549382, 0.0504235, 0.994533, 0.091444, -0.0101401, -0.091046, 0.995795, 0.00295826  
175, 25.3234, -12.7234, 180.824, 0.998649, -0.0515023, 0.00688258, 0.0506844, 0.994719, 0.0892519, -0.0114429, -0.0887825, 0.995985, 0.00286146  
176, 25.533, -15.543, 180.745, 0.998912, -0.0464451, 0.00421939, 0.045938, 0.995517, 0.0826773, -0.00804044, -0.0823935, 0.996567, 0.00290001  
177, 25.5975, -18.3503, 180.777, 0.998674, -0.0511295, 0.00602074, 0.0505041, 0.995661, 0.078157, -0.00999075, -0.0777492, 0.996923, 0.00308336  
178, 25.7777, -21.3927, 180.84, 0.998684, -0.0511793, 0.00328411, 0.050809, 0.996094, 0.0722196, -0.00696742, -0.0719577, 0.997383, 0.00273636  
179, 25.8768, -24.3057, 180.793, 0.998618, -0.0522249, 0.00588748, 0.0517123, 0.996396, 0.0672322, -0.00937746, -0.0668348, 0.99772, 0.0028523  
180, 25.9279, -27.2138, 180.875, 0.9987, -0.0507221, 0.00500171, 0.0503144, 0.996799, 0.0621329, -0.00813721, -0.0618005, 0.998055, 0.00279294  
181, 25.983, -30.0702, 180.894, 0.998731, -0.0500341, 0.00567832, 0.0496517, 0.99728, 0.0544706, -0.00838826, -0.0541196, 0.998499, 0.00309945  
182, 26.0525, -33.1112, 180.987, 0.998634, -0.0518834, 0.00625832, 0.0515185, 0.997484, 0.0486935, -0.00876896, -0.0483046, 0.998794, 0.00307976  
183, 26.1152, -36.0023, 180.902, 0.99858, -0.0530791, 0.00457878, 0.0527939, 0.997416, 0.0487179, -0.00715286, -0.048407, 0.998802, 0.00275023  
184, 26.1582, -39.2914, 180.902, 0.99862, -0.0523464, 0.00426911, 0.0521655, 0.998024, 0.0350132, -0.0060935, -0.0347422, 0.999378, 0.00288032  
185, 26.2975, -42.0232, 180.808, 0.998693, -0.05074, 0.00611266, 0.0504861, 0.998065, 0.0362829, -0.00794183, -0.0359269, 0.999323, 0.00282124  
186, 26.2776, -45.3157, 180.961, 0.998745, -0.0497986, 0.00541725, 0.0496656, 0.998515, 0.0224049, -0.00652494, -0.0221077, 0.999734, 0.00303038  
187, 26.23, -48.3222, 180.925, 0.99861, -0.0520735, 0.0081241, 0.0518495, 0.998324, 0.0257007, -0.00944881, -0.0252437, 0.999637, 0.00322122  
188, 26.2429, -51.4329, 180.963, 0.998581, -0.052876, 0.00634251, 0.0527565, 0.99845, 0.0177125, -0.00726924, -0.0173528, 0.999823, 0.00277436  
189, 26.1816, -54.6046, 180.922, 0.998573, -0.0530995, 0.00571509, 0.0530207, 0.998507, 0.0131425, -0.00640441, -0.0128207, 0.999897, 0.0029541  
190, 26.0112, -57.6878, 180.996, 0.998552, -0.0534699, 0.0059791, 0.0534102, 0.998525, 0.00974488, -0.00649134, -0.00941142, 0.999935, 0.00275023  
191, 25.9838, -60.4659, 181.052, 0.998368, -0.0567506, 0.00633029, 0.0567255, 0.998381, 0.00408789, -0.00655203, -0.00372213, 0.999972, 0.00301069  
192, 25.9989, -63.6068, 180.992, 0.998625, -0.0521582, 0.00523793, 0.0521683, 0.998637, -0.00181701, -0.00513602, 0.00208777, 0.999985, 0.00305285  
193, 25.8488, -66.4159, 180.988, 0.998668, -0.0515229, 0.00262016, 0.0515264, 0.998671, -0.00128416, -0.00255052, 0.00141746, 0.999996, 0.00273886  
194, 25.6565, -69.838, 181.048, 0.99853, -0.054145, -0.00249451, 0.054093, 0.998381, -0.0175623, 0.00344139, 0.0174016, 0.999843, 0.00288781  
195, 25.3835, -72.6728, 181.129, 0.998563, -0.0534961, 0.00319221, 0.0535151, 0.998548, -0.00620921, -0.0028554, 0.00637111, 0.999976, 0.00273303  
196, 25.2418, -75.9199, 181.084, 0.998476, -0.0551555, -0.00161198, 0.0551187, 0.998325, -0.0175889, 0.00257941, 0.0174732, 0.999844, 0.00293746  
197, 25.0308, -78.6372, 180.965, 0.998545, -0.0535236, -0.0065584, 0.0533628, 0.998319, -0.0226294, 0.00775858, 0.0222465, 0.999722, 0.00321623  
198, 24.8717, -81.6984, 180.803, 0.998637, -0.0519227, -0.00526708, 0.0518093, 0.998462, -0.0197563, 0.00628478, 0.0194565, 0.999791, 0.00276826  
199, 24.6674, -84.612, 180.793, 0.998468, -0.0546422, -0.00872984, 0.0543813, 0.998134, -0.0277575, 0.0102303, 0.0272402, 0.999577, 0.00298489  
200, 24.563, -87.8567, 180.776, 0.998413, -0.0548926, -0.0125419, 0.0543963, 0.997835, -0.036974, 0.0145444, 0.0362331, 0.999238, 0.00286811  
201, 24.442, -90.8812, 180.851, 0.998508, -0.0520167, -0.0166311, 0.0513144, 0.997874, -0.0401846, 0.018686, 0.0392713, 0.999054, 0.00311304  
202, 24.3252, -94.0751, 180.909, 0.998511, -0.051436, -0.0181517, 0.0505041, 0.997544, -0.0485239, 0.020603, 0.0475349, 0.998657, 0.00297102  
203, 24.1329, -96.7474, 181.015, 0.998541, -0.051919, -0.0148435, 0.0510543, 0.997253, -0.0536593, 0.0175886, 0.0528232, 0.998449, 0.00276576  
204, 24.2509, -99.3688, 180.986, 0.99849, -0.0535031, -0.0124481, 0.0528629, 0.997492, -0.04706, 0.0149347, 0.0463309, 0.998814, 0.00297796  
205, 24.1949, -102.4, 181.071, 0.998482, -0.052879, -0.0153931, 0.0519659, 0.997152, -0.0546604, 0.0182397, 0.0537775, 0.998386, 0.00275467  
206, 24.1268, -105.222, 181.123, 0.998442, -0.0529497, -0.0176146, 0.0518859, 0.997072, -0.0561804, 0.0205377, 0.0551789, 0.998265, 0.00303787  
207, 24.139, -108.265, 181.087, 0.998415, -0.0526552, -0.0198667, 0.051189, 0.996356, -0.0682285, 0.0233869, 0.0671034, 0.997472, 0.00310306  
208, 24.212, -110.991, 181.074, 0.998513, -0.0514416, -0.0180417, 0.0501115, 0.996445, -0.0677166, 0.021461, 0.0667118, 0.997541, 0.0177352  
209, 24.3041, -113.639, 181.15, 0.998291, -0.0554323, -0.0185041, 0.054043, 0.996178, -0.0686195, 0.0222371, 0.0675022, 0.997471, 0.00273664  
210, 24.5131, -116.491, 181.199, 0.998327, -0.0540651, -0.0204818, 0.0524752, 0.996059, -0.0715056, 0.0242671, 0.0703112, 0.99723, 0.00292359  
211, 24.795, -119.184, 181.16, 0.998542, -0.0505088, -0.0190608, 0.0491392, 0.996574, -0.0665315, 0.022356, 0.0654979, 0.997602, 0.00303732  
212, 25.1943, -122.022, 181.135, 0.998547, -0.0506633, -0.0183373, 0.0491855, 0.996072, -0.0736322, 0.0219957, 0.0726233, 0.997117, 0.00294994  
213, 25.5838, -124.556, 181.083, 0.998478, -0.0523571, -0.0173177, 0.0508665, 0.995692, -0.077521, 0.0213018, 0.0765222, 0.99684, 0.0027444  
214, 25.8279, -127.434, 181.012, 0.998565, -0.0514248, -0.0149151, 0.0500968, 0.995631, -0.0787958, 0.018902, 0.0779356, 0.996779, 0.0028867  
215, 26.2275, -129.889, 181.029, 0.998591, -0.0512189, -0.0138716, 0.0500437, 0.995941, -0.0748181, 0.0176474, 0.0740185, 0.997101, 0.00275938  
216, 26.6463, -132.729, 181.032, 0.998489, -0.0531627, -0.0138998, 0.051811, 0.995105, -0.0841554, 0.0183057, 0.0833081, 0.996356, 0.00293247  
217, 27.1407, -135.036, 181.012, 0.998411, -0.0547935, -0.0131574, 0.0535366, 0.995195, -0.0819823, 0.0175862, 0.0811476, 0.996547, 0.00300264  
218, 27.7121, -137.693, 180.925, 0.998391, -0.0559786, -0.00903497, 0.0550023, 0.994805, -0.0856652, 0.0137834, 0.0850305, 0.996283, 0.00277741  
219, 28.2262, -140.048, 180.934, 0.998463, -0.054917, -0.00745927, 0.0540748, 0.994828, -0.0859782, 0.0121424, 0.0854427, 0.996269, 0.00287976  
220, 28.7174, -142.599, 180.966, 0.998577, -0.0533376, 0.000144767, 0.0531671, 0.99516, -0.0826411, 0.00426381, 0.0825312, 0.996579, 0.00271278  
221, 29.2408, -145.125, 180.918, 0.998608, -0.0527352, 0.000603055, 0.0525847, 0.994754, -0.0877446, 0.00402734, 0.0876542, 0.996143, 0.00309723  
222, 29.6768, -147.371, 180.939, 0.998517, -0.0542883, 0.00403164, 0.0544364, 0.995219, -0.0810898, 0.000389855, 0.081189, 0.996699, 0.00320569  
223, 30.1939, -149.879, 180.878, 0.998515, -0.0541939, 0.00556905, 0.0544725, 0.994769, -0.0864095, -0.000857054, 0.0865845, 0.996244, 0.00277436  
224, 30.6003, -151.944, 180.943, 0.998399, -0.0558947, 0.00861743, 0.056409, 0.995137, -0.0807544, -0.00406177, 0.0811113, 0.996697, 0.00297296  
225, 31.1381, -154.446, 180.944, 0.998541, -0.0534317, 0.00776732, 0.0538976, 0.994965, -0.0844921, -0.00321365, 0.0847875, 0.996394, 0.00278102  
226, 31.4906, -156.61, 180.902, 0.998483, -0.0542354, 0.0095368, 0.0548368, 0.995111, -0.0821409, -0.00503522, 0.0825393, 0.996575, 0.00309973  
227, 31.9154, -159.136, 180.828, 0.998481, -0.0542006, 0.00989598, 0.0548672, 0.994527, -0.0889142, -0.00502262, 0.0893221, 0.99599, 0.00293469  
228, 32.2696, -161.234, 180.809, 0.998269, -0.057077, 0.0141744, 0.0580709, 0.994762, -0.0841236, -0.00929859, 0.0848011, 0.996355, 0.00275578  
229, 32.5838, -163.716, 180.842, 0.998174, -0.0590452, 0.0127615, 0.0599451, 0.994279, -0.0884024, -0.00746876, 0.0890059, 0.996003, 0.00284537  
230, 32.914, -165.566, 180.903, 0.998371, -0.0560427, 0.010748, 0.0567582, 0.994721, -0.0854911, -0.00590006, 0.0859619, 0.996281, 0.00276437  
231, 33.1223, -167.913, 180.969, 0.998419, -0.0540236, 0.0155444, 0.0551739, 0.994695, -0.0868237, -0.0107714, 0.087544, 0.996102, 0.00284398  
232, 33.3517, -169.957, 180.975, 0.998377, -0.0539748, 0.0181557, 0.0552912, 0.995082, -0.0821813, -0.0136307, 0.0830518, 0.996452, 0.0029774  
233, 33.4973, -172.07, 181.025, 0.99824, -0.0556346, 0.0205554, 0.0570794, 0.995311, -0.0780917, -0.0161144, 0.0791276, 0.996734, 0.00273608  
234, 33.6816, -174.248, 180.935, 0.998222, -0.0561252, 0.0200812, 0.0575512, 0.995181, -0.0793831, -0.0155291, 0.0803977, 0.996642, 0.00308752  
235, 33.8447, -175.982, 181.018, 0.99811, -0.0577699, 0.0209357, 0.0591369, 0.995654, -0.0719498, -0.0166882, 0.0730519, 0.997189, 0.00272277  
236, 33.9954, -178.158, 181.015, 0.998225, -0.0560143, 0.0202097, 0.0573476, 0.99569, -0.072883, -0.0160401, 0.0739126, 0.997136, 0.0030412  
237, 34.0393, -179.824, 181.066, 0.998138, -0.0564139, 0.0232086, 0.0577769, 0.996341, -0.0629868, -0.0195703, 0.0642104, 0.997744, 0.00299515  
238, 34.2525, -182.042, 181.029, 0.998183, -0.0559379, 0.022395, 0.0573421, 0.99604, -0.0679396, -0.0185059, 0.0691003, 0.997438, 0.00283677  
239, 34.266, -183.678, 180.993, 0.998127, -0.0565216, 0.0234171, 0.0578257, 0.99656, -0.0593684, -0.019981, 0.0606113, 0.997961, 0.00309279  
240, 34.3716, -185.769, 180.924, 0.998027, -0.0588032, 0.0220221, 0.0601435, 0.995994, -0.0661653, -0.0180431, 0.0673592, 0.997566, 0.00268754  
241, 34.3263, -187.531, 180.868, 0.998043, -0.0590062, 0.0207009, 0.0601297, 0.996465, -0.0586676, -0.017166, 0.0597975, 0.998063, 0.00276743  
242, 34.37, -189.322, 180.718, 0.997893, -0.0609406, 0.022275, 0.06204, 0.99669, -0.0525429, -0.0189992, 0.0538141, 0.99837, 0.00274052  
243, 34.1672, -193.19, 180.836, 0.997957, -0.060919, 0.0192757, 0.0617215, 0.997114, -0.0442158, -0.0165265, 0.0453152, 0.998836, 0.00271084  
244, 34.1665, -195.066, 180.94, 0.998058, -0.0601439, 0.0162103, 0.0608496, 0.997027, -0.0472758, -0.0133188, 0.0481704, 0.99875, 0.00268282  
245, 34.0292, -196.86, 181.04, 0.998069, -0.0602463, 0.015148, 0.0608736, 0.997127, -0.0450711, -0.0123891, 0.0459062, 0.998869, 0.00313967  
246, 33.7762, -198.512, 181.076, 0.998167, -0.0586294, 0.0150252, 0.0591413, 0.997591, -0.036249, -0.0128637, 0.0370712, 0.99923, 0.0030204  
247, 33.4961, -200.445, 181.115, 0.998183, -0.0590382, 0.0120514, 0.0594377, 0.997581, -0.0360422, -0.00989438, 0.036693, 0.999278, 0.00276992  
248, 33.1508, -202.172, 181.223, 0.998169, -0.0599508, 0.00799481, 0.0601723, 0.997701, -0.0311641, -0.00610812, 0.0315881, 0.999482, 0.00282678  
249, 32.8111, -204.146, 181.189, 0.998029, -0.0619618, 0.00993952, 0.0621993, 0.997733, -0.0257027, -0.00832439, 0.0262703, 0.99962, 0.00302816  
250, 32.5227, -205.89, 181.262, 0.997926, -0.0640879, 0.00607789, 0.0642287, 0.997575, -0.0268017, -0.00434549, 0.0271364, 0.999622, 0.00280265  
251, 32.1486, -207.393, 181.307, 0.997957, -0.0638403, 0.00238776, 0.0638726, 0.997802, -0.0176475, -0.00125589, 0.017764, 0.999841, 0.00283011  
252, 31.7644, -209.241, 181.291, 0.998096, -0.0616739, -0.0012117, 0.0616381, 0.997903, -0.0197375, 0.00242644, 0.0196252, 0.999804, 0.00279433  
253, 31.4383, -210.784, 181.312, 0.998269, -0.0587082, -0.00355017, 0.0586665, 0.998218, -0.0108935, 0.00418338, 0.0106663, 0.999934, 0.0028204  
254, 31.1123, -212.746, 181.298, 0.998294, -0.0582125, -0.00440866, 0.0581476, 0.998215, -0.0136432, 0.00519499, 0.0133636, 0.999897, 0.00274773  
255, 30.7254, -214.283, 181.18, 0.998258, -0.0588688, -0.0038112, 0.0588283, 0.998218, -0.009977, 0.00439174, 0.00973542, 0.999943, 0.0030265  
256, 30.2535, -216.254, 181.163, 0.997968, -0.0636559, -0.00263272, 0.0636272, 0.997925, -0.00986012, 0.00325491, 0.00967257, 0.999948, 0.00313329  
257, 29.9647, -217.522, 181.417, 0.997629, -0.0679697, -0.0107563, 0.0680184, 0.997675, 0.00423747, 0.0104432, -0.00495904, 0.999933, 0.00284065  
258, 29.7342, -219.507, 181.391, 0.997751, -0.0655061, -0.0142029, 0.0656088, 0.997822, 0.0068872, 0.0137208, -0.00780355, 0.999875, 0.00287727  
259, 29.424, -221.093, 181.311, 0.997982, -0.0612887, -0.0166195, 0.0614986, 0.99803, 0.0124294, 0.015825, -0.0134264, 0.999785, 0.00271195  
260, 29.1133, -222.787, 181.286, 0.997885, -0.0625547, -0.0176552, 0.0628418, 0.997892, 0.0162021, 0.0166044, -0.0172773, 0.999713, 0.00306284  
261, 28.7255, -224.679, 181.348, 0.997856, -0.0614552, -0.0225206, 0.0617754, 0.997995, 0.0138055, 0.021627, -0.0151671, 0.999651, 0.00302123  
262, 28.3664, -226.271, 181.344, 0.997944, -0.0597336, -0.0232355, 0.0601978, 0.99799, 0.0198191, 0.0220049, -0.021177, 0.999534, 0.00277464  
263, 28.161, -228.45, 181.348, 0.997963, -0.0574491, -0.0277566, 0.0579228, 0.998183, 0.0165738, 0.026754, -0.0181478, 0.999477, 0.00296658  
264, 27.923, -229.78, 181.271, 0.998108, -0.0554475, -0.0265704, 0.0562574, 0.997942, 0.0307671, 0.0248097, -0.0322037, 0.999173, 0.00281763  
265, 27.8575, -231.905, 181.315, 0.998019, -0.0542, -0.0319496, 0.0550246, 0.998159, 0.0255206, 0.0305076, -0.027228, 0.999164, 0.00310583  
266, 27.6367, -233.2, 181.458, 0.997952, -0.0545616, -0.0333885, 0.0559099, 0.997599, 0.0408797, 0.0310779, -0.0426627, 0.998606, 0.00314577  
267, 27.5147, -235.238, 181.456, 0.997777, -0.0553657, -0.0370974, 0.0569109, 0.997496, 0.0419779, 0.0346804, -0.0439958, 0.99843, 0.0027727  
268, 27.3132, -236.809, 181.411, 0.997838, -0.0551069, -0.035804, 0.0569059, 0.997059, 0.0513348, 0.0328698, -0.0532613, 0.998039, 0.00281735  
269, 27.2035, -238.937, 181.367, 0.997993, -0.053297, -0.0341985, 0.0549958, 0.997192, 0.0508221, 0.0313938, -0.0526009, 0.998122, 0.0028057  
270, 27.136, -240.582, 181.247, 0.99817, -0.0511743, -0.0322006, 0.0529148, 0.997042, 0.0557469, 0.0292525, -0.0573488, 0.997926, 0.00303316  
271, 27.1181, -242.736, 181.347, 0.998084, -0.0545435, -0.0292165, 0.0560589, 0.996975, 0.0538404, 0.0261914, -0.0553751, 0.998122, 0.00307643  
272, 27.3047, -244.344, 181.302, 0.998154, -0.0527943, -0.03002, 0.0543743, 0.997032, 0.054507, 0.0270532, -0.0560387, 0.998062, 0.00275966  
273, 27.4508, -246.322, 181.348, 0.997972, -0.0562563, -0.0297927, 0.0578848, 0.996697, 0.0569578, 0.0264901, -0.0585669, 0.997932, 0.00289003  
274, 27.6384, -248.244, 181.451, 0.997975, -0.0557093, -0.0307068, 0.0573268, 0.996862, 0.0545887, 0.0275693, -0.0562384, 0.998037, 0.00281874  
275, 27.8497, -250.011, 181.453, 0.998109, -0.0555159, -0.0263886, 0.057131, 0.996248, 0.0650065, 0.0226807, -0.0663912, 0.997536, 0.00301069  
276, 28.1783, -252.233, 181.436, 0.998282, -0.050815, -0.0291641, 0.0524814, 0.996845, 0.059546, 0.0260463, -0.0609742, 0.997799, 0.0030154  
