0, 0, 0, 0, 0, 0, 0, 0, 0, 0, 0, 0, 0, 0.00638197  
1, 0, 0, 0, 0, 0, 0, 0, 0, 0, 0, 0, 0, 0.00267922  
2, 31.4556, 24.2632, 180.785, 0.99935, -0.0360197, -0.00139343, 0.0359878, 0.999182, -0.0184613, 0.00205726, 0.0183992, 0.999829, 0.00295937  
3, 31.4373, 24.2753, 180.785, 0.999332, -0.0365083, -0.00142584, 0.0364733, 0.999141, -0.0196746, 0.0021429, 0.0196095, 0.999805, 0.00284232  
4, 31.4559, 24.2757, 180.784, 0.999359, -0.0357917, -0.00111776, 0.0357652, 0.999191, -0.018383, 0.00177482, 0.0183312, 0.99983, 0.00300098  
5, 31.4414, 24.2576, 180.777, 0.99936, -0.0357528, -0.000615364, 0.0357367, 0.999209, -0.0174407, 0.00123843, 0.0174075, 0.999848, 0.00283899  
6, 31.4561, 24.291, 180.756, 0.999372, -0.0353872, -0.00176626, 0.0353475, 0.999196, -0.0189393, 0.00243505, 0.018865, 0.999819, 0.00284592  
7, 31.4535, 24.2865, 180.758, 0.999347, -0.0360974, -0.00143401, 0.0360644, 0.999175, -0.0186855, 0.00210733, 0.0186216, 0.999824, 0.00337988  
8, 31.4365, 24.2781, 180.778, 0.999347, -0.0360379, -0.00254447, 0.0359791, 0.999147, -0.0202644, 0.00327259, 0.0201596, 0.999791, 0.002829  
9, 31.4753, 24.2855, 180.749, 0.999345, -0.0361748, -0.00134632, 0.0361438, 0.999175, -0.0184939, 0.00201423, 0.0184331, 0.999828, 0.00281513  
10, 31.4641, 24.2769, 180.761, 0.999347, -0.0360952, -0.00190475, 0.0360524, 0.999168, -0.0190537, 0.00259092, 0.0189726, 0.999817, 0.00278435  
11, 31.4553, 24.2929, 180.756, 0.999331, -0.0365505, -0.000959084, 0.0365262, 0.999157, -0.018714, 0.00164228, 0.0186664, 0.999824, 0.00280931  
12, 31.4428, 24.2897, 180.767, 0.99936, -0.035739, -0.00179849, 0.0356958, 0.999161, -0.0200764, 0.00251449, 0.0199994, 0.999797, 0.00277159  
13, 31.4553, 24.2734, 180.772, 0.999345, -0.0361548, -0.00149569, 0.0361173, 0.999144, -0.0201843, 0.00222417, 0.0201171, 0.999795, 0.00280598  
14, 31.4241, 24.2831, 180.788, 0.999348, -0.0360632, -0.00191146, 0.0360188, 0.999158, -0.0196254, 0.0026176, 0.0195438, 0.999806, 0.00282429  
15, 31.4496, 24.2702, 180.768, 0.999369, -0.0354776, -0.00153509, 0.0354417, 0.999188, -0.0191376, 0.00221279, 0.0190711, 0.999816, 0.00288004  
16, 31.4573, 24.2581, 180.764, 0.99936, -0.0357678, -0.00111333, 0.0357413, 0.999192, -0.0183744, 0.00176965, 0.0183228, 0.999831, 0.00294079  
17, 31.46, 24.2904, 180.759, 0.999338, -0.0363421, -0.00181287, 0.0363005, 0.999155, -0.0192912, 0.00251243, 0.0192126, 0.999812, 0.00315936  
18, 31.4647, 24.2482, 180.753, 0.99936, -0.0357718, -0.000566291, 0.0357554, 0.999192, -0.018371, 0.001223, 0.018339, 0.999831, 0.00306284  
19, 31.4723, 24.2888, 180.759, 0.999359, -0.0357579, -0.00195197, 0.0357143, 0.999181, -0.0190377, 0.00263112, 0.0189558, 0.999817, 0.00283594  
20, 31.4453, 24.294, 180.749, 0.999363, -0.0356521, -0.0016853, 0.0356146, 0.999192, -0.0186523, 0.00234893, 0.0185804, 0.999825, 0.00279711  
21, 31.4477, 24.2731, 180.766, 0.999357, -0.0358484, -0.00113027, 0.0358228, 0.999201, -0.0177402, 0.00176533, 0.0176883, 0.999842, 0.00315326  
22, 31.447, 24.3054, 180.765, 0.999353, -0.0359593, -0.00119232, 0.0359305, 0.999177, -0.0188267, 0.00186833, 0.0187717, 0.999822, 0.00294162  
23, 31.4334, 24.2816, 180.772, 0.999367, -0.0355454, -0.0012259, 0.0355159, 0.99919, -0.0189117, 0.00189713, 0.0188562, 0.99982, 0.00296215  
24, 31.4215, 24.2554, 180.767, 0.999368, -0.0355163, -0.00153362, 0.0354805, 0.999187, -0.019164, 0.002213, 0.0190975, 0.999815, 0.00285841  
25, 31.4422, 24.2784, 180.766, 0.999365, -0.035589, -0.00177705, 0.0355492, 0.99919, -0.0188816, 0.00244759, 0.0188065, 0.99982, 0.00288309  
26, 31.4632, 24.2684, 180.755, 0.999361, -0.0357187, -0.000935975, 0.0356959, 0.999199, -0.0180918, 0.00158144, 0.0180468, 0.999836, 0.00295216  
27, 31.4476, 24.2768, 180.775, 0.999348, -0.0360723, -0.00165008, 0.0360321, 0.99915, -0.0199997, 0.00237012, 0.0199272, 0.999799, 0.00304231  
28, 31.425, 24.2809, 180.774, 0.999358, -0.0357845, -0.00163627, 0.0357459, 0.999171, -0.0194901, 0.00233236, 0.0194191, 0.999809, 0.00291971  
29, 31.4342, 24.2698, 180.757, 0.999349, -0.0360498, -0.00110738, 0.0360236, 0.999184, -0.0182539, 0.00176453, 0.0182021, 0.999833, 0.00282151  
30, 31.4423, 24.2837, 180.749, 0.999361, -0.035732, -0.000859439, 0.0357103, 0.999195, -0.0182737, 0.0015117, 0.0182313, 0.999833, 0.00436347  
31, 31.4433, 24.2638, 180.78, 0.999358, -0.0358246, -0.000957051, 0.0358014, 0.999195, -0.0181065, 0.00160494, 0.0180606, 0.999836, 0.00298656  
32, 31.4582, 24.2779, 180.75, 0.999349, -0.0360576, -0.00106066, 0.0360319, 0.99918, -0.0184544, 0.00172521, 0.0184042, 0.999829, 0.00313523  
33, 31.4428, 24.3052, 180.775, 0.999335, -0.0363532, -0.00275611, 0.0362882, 0.999125, -0.0208159, 0.00351042, 0.0207021, 0.99978, 0.00308253  
34, 31.4395, 24.2841, 180.764, 0.999356, -0.0357865, -0.00256923, 0.0357272, 0.999156, -0.0202599, 0.0032921, 0.0201551, 0.999791, 0.00285813  
35, 31.4269, 24.2672, 180.756, 0.999358, -0.0358113, -0.00125618, 0.0357802, 0.999171, -0.01941, 0.00195023, 0.0193525, 0.999811, 0.00295161  
36, 31.4589, 24.3031, 180.758, 0.99934, -0.0362737, -0.00186273, 0.0362307, 0.999154, -0.0194512, 0.00256672, 0.0193709, 0.999809, 0.00316963  
37, 31.441, 24.2723, 180.76, 0.999341, -0.0362756, -0.00138963, 0.0362414, 0.999151, -0.0195925, 0.00209918, 0.0195292, 0.999807, 0.00314161  
38, 31.4231, 24.2558, 180.77, 0.999345, -0.0361712, -0.00136141, 0.0361382, 0.99916, -0.0193148, 0.0020589, 0.0192529, 0.999813, 0.00301624  
39, 31.458, 24.2733, 180.76, 0.999367, -0.0355226, -0.00205828, 0.035477, 0.999189, -0.0190505, 0.00273334, 0.0189654, 0.999816, 0.00289391  
40, 31.4456, 24.2908, 180.769, 0.999335, -0.0364355, -0.00146936, 0.0364004, 0.999151, -0.01932, 0.00217205, 0.0192537, 0.999812, 0.00303121  
41, 31.4438, 24.2738, 180.768, 0.999348, -0.0360987, -0.0011723, 0.0360703, 0.999171, -0.0188495, 0.00185177, 0.0187949, 0.999822, 0.0030068  
42, 31.4393, 24.2904, 180.762, 0.999346, -0.0361238, -0.00135474, 0.0360906, 0.999159, -0.0194632, 0.00205668, 0.0194016, 0.99981, 0.0028842  
43, 31.4264, 24.2514, 180.779, 0.999343, -0.0362155, -0.00136728, 0.0361842, 0.999175, -0.0184453, 0.00203416, 0.0183837, 0.999829, 0.00299654  
44, 31.4101, 24.2632, 180.788, 0.999361, -0.035693, -0.00174182, 0.0356556, 0.9992, -0.0181353, 0.00238772, 0.0180616, 0.999834, 0.00287338  
45, 31.4454, 24.268, 180.757, 0.999346, -0.0361476, -0.000866273, 0.036124, 0.99916, -0.0193715, 0.00156578, 0.0193275, 0.999812, 0.0029738  
46, 31.4305, 24.2779, 180.775, 0.999359, -0.0357774, -0.00125609, 0.0357484, 0.999193, -0.0183406, 0.00191126, 0.018284, 0.999831, 0.00298101  
47, 31.4265, 24.2527, 180.782, 0.999349, -0.0360768, -0.000649556, 0.0360591, 0.999185, -0.0181483, 0.00130376, 0.0181131, 0.999835, 0.00297851  
48, 31.4387, 24.2937, 180.762, 0.999359, -0.0357503, -0.00173058, 0.0357118, 0.999188, -0.0186729, 0.00239674, 0.0185991, 0.999824, 0.00294939  
49, 31.441, 24.2689, 180.772, 0.999349, -0.0360495, -0.00104231, 0.0360244, 0.999183, -0.0183186, 0.00170184, 0.0182692, 0.999832, 0.00292692  
50, 31.4327, 24.2729, 180.794, 0.99933, -0.0365408, -0.00186619, 0.0364979, 0.999147, -0.0193333, 0.00257105, 0.0192522, 0.999811, 0.00295466  
51, 31.4474, 24.2782, 180.764, 0.999338, -0.0363765, -0.000903994, 0.0363529, 0.99916, -0.0189223, 0.00159156, 0.0188769, 0.999821, 0.00297962  
52, 31.4755, 24.3109, 180.788, 0.999343, -0.0362227, -0.00140722, 0.0361888, 0.999158, -0.0193235, 0.00210598, 0.0192599, 0.999812, 0.0030534  
53, 31.4421, 24.2667, 180.81, 0.999341, -0.0362801, -0.00122978, 0.0362506, 0.999166, -0.018792, 0.00191053, 0.018735, 0.999823, 0.00304092  
54, 31.4516, 24.2837, 180.78, 0.99935, -0.0360523, -0.000331616, 0.0360402, 0.999184, -0.0182452, 0.000989126, 0.0182214, 0.999833, 0.0029885  
55, 31.442, 24.2754, 180.787, 0.999355, -0.0358976, -0.00066652, 0.0358783, 0.999173, -0.0191196, 0.00135231, 0.0190833, 0.999817, 0.00291943  
56, 31.4592, 24.3028, 180.792, 0.999347, -0.03611, -0.00108596, 0.0360825, 0.999165, -0.0191855, 0.00177784, 0.0191338, 0.999815, 0.00300736  
57, 31.4423, 24.3005, 180.786, 0.99934, -0.0363069, -0.00137321, 0.0362721, 0.99914, -0.0200694, 0.00210069, 0.0200063, 0.999798, 0.00292442  
58, 31.4445, 24.2901, 180.766, 0.999343, -0.0362104, -0.00134195, 0.0361783, 0.999163, -0.0190833, 0.00203184, 0.0190222, 0.999817, 0.00299183  
59, 31.4337, 24.2857, 180.803, 0.999349, -0.0360845, -0.000651461, 0.0360669, 0.999186, -0.0180609, 0.00130265, 0.0180257, 0.999837, 0.00294356  
60, 31.4425, 24.2926, 180.799, 0.999335, -0.0364466, -0.00141753, 0.036415, 0.999173, -0.0181076, 0.00207632, 0.0180439, 0.999835, 0.00299377  
61, 31.4348, 24.3034, 180.807, 0.999352, -0.0359771, -0.000809918, 0.0359562, 0.999185, -0.0183687, 0.00147011, 0.0183277, 0.999831, 0.00428359  
62, 31.4533, 24.2926, 180.791, 0.99936, -0.0357725, -0.000900428, 0.0357518, 0.999214, -0.0171174, 0.00151205, 0.0170742, 0.999853, 0.00315936  
63, 31.451, 24.3095, 180.806, 0.999339, -0.0363462, -0.000554077, 0.03633, 0.999172, -0.0182931, 0.0012185, 0.0182609, 0.999833, 0.00290029  
64, 31.4534, 24.2851, 180.795, 0.999339, -0.0363512, -0.000554164, 0.0363348, 0.999169, -0.0184431, 0.00122413, 0.0184108, 0.99983, 0.00286035  
65, 31.4556, 24.3065, 180.798, 0.999341, -0.0362993, -0.000931223, 0.0362758, 0.999169, -0.0185622, 0.00160424, 0.0185162, 0.999827, 0.00292914  
66, 31.4457, 24.271, 180.79, 0.999347, -0.0361228, -0.000510459, 0.0361083, 0.999194, -0.0175251, 0.0011431, 0.0174952, 0.999846, 0.00355574  
67, 31.4503, 24.2902, 180.785, 0.999347, -0.0361278, -0.000815717, 0.036107, 0.999182, -0.0181948, 0.00147239, 0.0181534, 0.999834, 0.00290168  
68, 31.4362, 24.2777, 180.775, 0.999338, -0.036363, -0.00116571, 0.0363358, 0.999175, -0.0181631, 0.00182522, 0.0181087, 0.999834, 0.00292747  
69, 31.4451, 24.2819, 180.773, 0.999349, -0.0360645, -0.00097489, 0.0360403, 0.999179, -0.018487, 0.00164082, 0.0184399, 0.999829, 0.00327115  
70, 31.4672, 24.2977, 180.739, 0.99935, -0.0360155, -0.00173137, 0.0359764, 0.999173, -0.0189405, 0.00241209, 0.0188659, 0.999819, 0.00378125  
71, 31.4553, 24.2792, 180.759, 0.999363, -0.0356608, -0.00125435, 0.0356313, 0.999191, -0.0186589, 0.00191873, 0.0186024, 0.999825, 0.00291666  
72, 31.4672, 24.2879, 180.755, 0.999337, -0.0363801, -0.00146565, 0.0363435, 0.999139, -0.0200307, 0.00219311, 0.0199642, 0.999798, 0.00279683  
73, 31.4515, 24.2924, 180.767, 0.999333, -0.0364765, -0.00193344, 0.0364309, 0.999138, -0.0198971, 0.00265755, 0.0198134, 0.9998, 0.00279128  
74, 31.4641, 24.2992, 180.741, 0.999362, -0.0356711, -0.0015406, 0.0356373, 0.9992, -0.01816, 0.00218715, 0.0180935, 0.999834, 0.00283677  
75, 31.4639, 24.279, 180.772, 0.999352, -0.0359794, -0.000537699, 0.0359637, 0.999187, -0.0182294, 0.00119314, 0.0181982, 0.999834, 0.00276964  
76, 31.4524, 24.2899, 180.746, 0.999345, -0.0361393, -0.00161943, 0.0361019, 0.999167, -0.0190408, 0.0023062, 0.0189698, 0.999817, 0.00284315  
77, 31.4671, 24.261, 180.751, 0.999358, -0.0358172, -0.00109235, 0.0357911, 0.99919, -0.0184032, 0.00175061, 0.0183523, 0.99983, 0.00293912  
78, 31.4504, 24.2894, 180.758, 0.999358, -0.0357609, -0.00194036, 0.0357171, 0.999177, -0.0192079, 0.00262565, 0.0191263, 0.999814, 0.00290612  
79, 31.4776, 24.2801, 180.762, 0.999341, -0.0362718, -0.00120586, 0.0362424, 0.999162, -0.0190094, 0.00189435, 0.0189532, 0.999819, 0.00281624  
80, 31.4512, 24.2553, 180.761, 0.999355, -0.0358827, -0.00132419, 0.0358519, 0.999183, -0.0186287, 0.00199155, 0.0185692, 0.999826, 0.00289807  
81, 31.4372, 24.2561, 180.767, 0.999362, -0.0356943, -0.00157012, 0.0356571, 0.999175, -0.0194258, 0.00226222, 0.0193574, 0.99981, 0.00297934  
82, 31.4526, 24.2986, 180.765, 0.999347, -0.0360586, -0.00209007, 0.0360128, 0.999173, -0.0188732, 0.00276888, 0.0187856, 0.99982, 0.00293247  
83, 31.4469, 24.2717, 180.767, 0.999334, -0.0364426, -0.00167809, 0.0364039, 0.999154, -0.0191302, 0.00237383, 0.0190564, 0.999816, 0.00285674  
84, 31.4224, 24.2486, 180.77, 0.999327, -0.0366531, -0.0013586, 0.0366215, 0.999156, -0.0186259, 0.00204015, 0.0185636, 0.999826, 0.00279211  
85, 31.4432, 24.2637, 180.769, 0.999346, -0.0361488, -0.00116144, 0.0361217, 0.999181, -0.0182301, 0.00181948, 0.0181762, 0.999833, 0.00295355  
86, 31.4376, 24.2686, 180.773, 0.999345, -0.036155, -0.00182873, 0.036111, 0.999145, -0.0201245, 0.00255477, 0.0200453, 0.999796, 0.00299349  
87, 31.4275, 24.2701, 180.772, 0.999342, -0.0362212, -0.00172006, 0.0361806, 0.999153, -0.0196132, 0.00242902, 0.019538, 0.999806, 0.00282124  
88, 31.4413, 24.2629, 180.763, 0.999359, -0.0357837, -0.00124147, 0.0357542, 0.999185, -0.0187475, 0.00191132, 0.0186911, 0.999823, 0.00290306  
89, 31.4307, 24.2562, 180.783, 0.999343, -0.0362109, -0.00156702, 0.0361738, 0.999158, -0.0193818, 0.00226753, 0.0193124, 0.999811, 0.00296964  
90, 31.4433, 24.2637, 180.739, 0.999336, -0.0363923, -0.00156755, 0.036354, 0.999141, -0.0198987, 0.00229037, 0.0198285, 0.999801, 0.00297047  
91, 31.4235, 24.2635, 180.785, 0.999338, -0.0363797, -0.000830238, 0.036357, 0.999153, -0.0192597, 0.0015302, 0.0192167, 0.999814, 0.00300902  
92, 31.4349, 24.2649, 180.751, 0.99934, -0.0363015, -0.00131445, 0.0362708, 0.999169, -0.0185696, 0.00198746, 0.0185096, 0.999827, 0.00278351  
93, 31.4374, 24.2712, 180.751, 0.999356, -0.0358488, -0.00134767, 0.0358175, 0.999184, -0.0186796, 0.00201622, 0.0186193, 0.999825, 0.0027211  
94, 31.4353, 24.2606, 180.752, 0.99936, -0.0357476, -0.00148716, 0.0357143, 0.999193, -0.0183594, 0.00214226, 0.0182945, 0.99983, 0.00298711  
95, 31.4452, 24.2666, 180.78, 0.999345, -0.0361551, -0.00143551, 0.0361214, 0.999167, -0.0189788, 0.0021205, 0.0189146, 0.999819, 0.00293191  
96, 31.4461, 24.2806, 180.758, 0.999343, -0.036232, -0.000979071, 0.0362078, 0.999173, -0.0184813, 0.00164788, 0.0184337, 0.999829, 0.003029  
97, 31.4302, 24.2616, 180.748, 0.999356, -0.0358126, -0.00205781, 0.0357673, 0.999181, -0.018945, 0.00273459, 0.0188592, 0.999818, 0.00296131  
98, 31.4432, 24.2697, 180.776, 0.999353, -0.0358895, -0.0023082, 0.0358369, 0.999162, -0.0197881, 0.00301645, 0.0196926, 0.999802, 0.00297768  
99, 31.4526, 24.2692, 180.748, 0.999358, -0.0358158, -0.00072272, 0.0357974, 0.999202, -0.0177346, 0.00135732, 0.0176974, 0.999842, 0.00306727  
100, 31.4371, 24.2634, 180.765, 0.999359, -0.0357722, -0.00154724, 0.0357363, 0.99918, -0.0190326, 0.00222681, 0.0189651, 0.999818, 0.0027641  
101, 31.4415, 24.2879, 180.768, 0.999309, -0.0371229, -0.001751, 0.0370786, 0.999096, -0.0207813, 0.00252088, 0.020702, 0.999783, 0.00277214  
102, 31.4549, 24.2657, 180.758, 0.999362, -0.0357, -0.00125211, 0.0356707, 0.999191, -0.0185715, 0.00191409, 0.0185149, 0.999827, 0.00287727  
103, 31.4603, 24.2773, 180.767, 0.999358, -0.0357914, -0.00165039, 0.0357559, 0.999197, -0.0180598, 0.00229545, 0.0179892, 0.999836, 0.0043901  
104, 31.4832, 24.2512, 180.766, 0.999383, -0.0350857, -0.00127117, 0.0350563, 0.999215, -0.0184526, 0.0019176, 0.0183967, 0.999829, 0.00286645  
105, 31.4504, 24.27, 180.779, 0.99934, -0.0363148, -0.00109376, 0.036288, 0.999166, -0.0187096, 0.00177229, 0.0186576, 0.999824, 0.00331803  
106, 31.4556, 24.2731, 180.75, 0.999369, -0.0354864, -0.00170306, 0.0354447, 0.999166, -0.0202707, 0.00242097, 0.0201975, 0.999793, 0.00293912  
107, 31.4458, 24.2583, 180.753, 0.999361, -0.0357272, -0.00120146, 0.035699, 0.999193, -0.0184356, 0.00185914, 0.0183809, 0.999829, 0.00311914  
108, 31.4504, 24.2689, 180.771, 0.999345, -0.0361544, -0.00159208, 0.036116, 0.999153, -0.0197364, 0.00230428, 0.0196659, 0.999804, 0.00292415  
109, 31.4466, 24.2838, 180.745, 0.999369, -0.0354856, -0.00128931, 0.0354538, 0.999181, -0.0194787, 0.00197946, 0.0194207, 0.999809, 0.00282512  
110, 31.48, 24.2803, 180.766, 0.999345, -0.0361551, -0.0013941, 0.0361236, 0.999179, -0.0183256, 0.00205552, 0.0182633, 0.999831, 0.00305119  
111, 31.4558, 24.2884, 180.768, 0.999327, -0.0366215, -0.00208718, 0.0365734, 0.999137, -0.0196817, 0.00280615, 0.0195921, 0.999804, 0.00301291  
112, 31.4654, 24.273, 180.757, 0.999355, -0.0359021, -0.00113065, 0.0358751, 0.999185, -0.018496, 0.00179378, 0.0184435, 0.999828, 0.00295882  
113, 31.4686, 24.2859, 180.753, 0.999338, -0.0363571, -0.00116641, 0.0363295, 0.99917, -0.0184342, 0.00183566, 0.0183796, 0.999829, 0.00296631  
114, 31.4599, 24.2712, 180.763, 0.999345, -0.036152, -0.00154199, 0.0361149, 0.999156, -0.0195948, 0.00224908, 0.0195263, 0.999807, 0.0029627  
115, 31.4603, 24.2734, 180.747, 0.999354, -0.0358985, -0.00155656, 0.0358597, 0.999152, -0.0202483, 0.00228212, 0.0201794, 0.999794, 0.00287144  
116, 31.4404, 24.2602, 180.786, 0.999346, -0.0361115, -0.00166162, 0.0360714, 0.999151, -0.0199093, 0.00237916, 0.0198363, 0.9998, 0.00317185  
117, 31.4692, 24.2601, 180.733, 0.999353, -0.0359742, -0.000623954, 0.0359569, 0.999188, -0.0181614, 0.00127679, 0.0181272, 0.999835, 0.00299294  
118, 31.46, 24.2699, 180.743, 0.999359, -0.0357794, -0.00154091, 0.0357454, 0.999194, -0.0182421, 0.00219236, 0.0181753, 0.999832, 0.00307587  
119, 31.476, 24.2497, 180.749, 0.999356, -0.0358743, -0.00125231, 0.0358455, 0.999191, -0.0182481, 0.00190593, 0.0181914, 0.999833, 0.00286035  
120, 31.4494, 24.2681, 180.772, 0.999359, -0.0357598, -0.00178418, 0.0357175, 0.999166, -0.0197979, 0.00249066, 0.0197215, 0.999802, 0.00299044  
121, 31.4643, 24.2647, 180.741, 0.999346, -0.036152, -0.000863103, 0.0361276, 0.999148, -0.0199328, 0.00158298, 0.0198886, 0.999801, 0.00314827  
122, 31.4608, 24.2557, 180.751, 0.999339, -0.0363019, -0.00176509, 0.036261, 0.999154, -0.0193827, 0.00246722, 0.0193059, 0.999811, 0.00295383  
123, 31.472, 24.2794, 180.73, 0.999331, -0.0365382, -0.00177824, 0.0364968, 0.999145, -0.0194404, 0.00248704, 0.0193624, 0.999809, 0.00296326  
124, 31.4484, 24.2676, 180.76, 0.999343, -0.0362382, -0.000666498, 0.0362183, 0.999152, -0.0195774, 0.00137538, 0.0195404, 0.999808, 0.00290639  
125, 31.4431, 24.2556, 180.756, 0.999339, -0.0363048, -0.00178839, 0.0362617, 0.999141, -0.0200685, 0.00251543, 0.0199904, 0.999797, 0.00295466  
126, 31.4384, 24.2734, 180.772, 0.999349, -0.0360604, -0.000895076, 0.0360376, 0.999177, -0.0186053, 0.00156525, 0.0185609, 0.999827, 0.00300209  
127, 31.469, 24.2796, 180.745, 0.999341, -0.0362755, -0.00158272, 0.0362368, 0.999144, -0.0199494, 0.00230504, 0.0198789, 0.9998, 0.00292609  
128, 31.4824, 24.2807, 180.74, 0.999328, -0.0366359, -0.00145203, 0.0365991, 0.999126, -0.0201971, 0.0021907, 0.0201303, 0.999795, 0.00294911  
129, 31.4478, 24.2791, 180.769, 0.999341, -0.0362984, -0.000850858, 0.0362766, 0.999172, -0.0184053, 0.00151824, 0.0183623, 0.99983, 0.00282373  
130, 31.4627, 24.2872, 180.765, 0.999356, -0.0358453, -0.00172638, 0.0358054, 0.999173, -0.0192644, 0.00241549, 0.0191902, 0.999813, 0.00295715  
131, 31.4485, 24.2808, 180.766, 0.999368, -0.0355237, -0.00111606, 0.0354977, 0.999206, -0.0181043, 0.00175831, 0.0180533, 0.999835, 0.00310777  
132, 31.4555, 24.246, 180.767, 0.999354, -0.035919, -0.00112935, 0.0358924, 0.999188, -0.018287, 0.00178528, 0.0182347, 0.999832, 0.00286035  
133, 31.4684, 24.2715, 180.753, 0.999353, -0.0359668, -0.000968705, 0.0359428, 0.999183, -0.0184627, 0.00163196, 0.0184159, 0.999829, 0.00299099  
134, 31.4802, 24.2911, 180.781, 0.999313, -0.037032, -0.00131164, 0.0369993, 0.999123, -0.0196002, 0.00203633, 0.0195382, 0.999807, 0.00297879  
135, 31.4569, 24.2717, 180.763, 0.999366, -0.0355944, -0.000719838, 0.0355747, 0.999191, -0.0187785, 0.00138766, 0.018741, 0.999823, 0.00294689  
136, 31.4424, 24.2642, 180.773, 0.999347, -0.0361204, -0.000701024, 0.0361029, 0.999198, -0.017338, 0.00132672, 0.0173013, 0.999849, 0.00295077  
137, 31.4831, 24.2884, 180.765, 0.999329, -0.0366094, -0.000712184, 0.0365894, 0.999153, -0.0188533, 0.00140179, 0.0188146, 0.999822, 0.00286395  
138, 31.4802, 24.2809, 180.765, 0.999365, -0.0356286, -0.000922084, 0.0356065, 0.999206, -0.0178636, 0.00155781, 0.0178194, 0.99984, 0.00298572  
139, 31.4639, 24.2833, 180.771, 0.999367, -0.0355425, -0.00122078, 0.035514, 0.9992, -0.0183896, 0.00187342, 0.0183347, 0.99983, 0.00287283  
140, 31.4434, 24.2778, 180.76, 0.999344, -0.0361933, -0.000840395, 0.0361713, 0.999171, -0.0186849, 0.00151597, 0.0186422, 0.999825, 0.0029946  
141, 31.4466, 24.2599, 180.773, 0.999369, -0.035446, -0.00210582, 0.0353989, 0.999188, -0.0192518, 0.00278651, 0.0191651, 0.999812, 0.00305202  
142, 31.4421, 24.2707, 180.763, 0.999354, -0.0359219, -0.00121448, 0.0358928, 0.99918, -0.0187552, 0.00188721, 0.0186995, 0.999823, 0.00295493  
143, 31.4585, 24.2804, 180.773, 0.999336, -0.0363942, -0.00190404, 0.0363505, 0.999151, -0.0194138, 0.00260897, 0.0193317, 0.99981, 0.00303482  
144, 31.456, 24.2671, 180.753, 0.999368, -0.0355115, -0.00137167, 0.0354797, 0.999196, -0.0186665, 0.00203345, 0.0186061, 0.999825, 0.0028892  
145, 31.4638, 24.2808, 180.758, 0.999347, -0.0361054, -0.00135585, 0.0360719, 0.999157, -0.0196232, 0.00206321, 0.0195614, 0.999807, 0.00299821  
146, 31.4557, 24.2705, 180.769, 0.99937, -0.0354827, -0.000881023, 0.0354612, 0.999211, -0.0179021, 0.00151554, 0.0178596, 0.999839, 0.00294384  
147, 31.4183, 24.238, 180.777, 0.999367, -0.0355657, -0.000522618, 0.0355495, 0.99919, -0.0188612, 0.001193, 0.0188306, 0.999822, 0.00301124  
148, 31.48, 24.2824, 180.744, 0.999334, -0.0364653, -0.00145892, 0.036433, 0.999172, -0.0181001, 0.00211774, 0.0180349, 0.999835, 0.00291499  
149, 31.4561, 24.2782, 180.77, 0.999352, -0.0359661, -0.00139882, 0.0359337, 0.999179, -0.0187119, 0.00207067, 0.0186495, 0.999824, 0.00289141  
150, 31.4755, 24.2829, 180.758, 0.999351, -0.0359711, -0.00163483, 0.0359341, 0.999177, -0.0188004, 0.00230976, 0.0187294, 0.999822, 0.00333051  
151, 31.4613, 24.2751, 180.778, 0.999349, -0.0360576, -0.00100813, 0.0360324, 0.999174, -0.0187617, 0.0016838, 0.0187132, 0.999823, 0.00302206  
152, 31.4554, 24.2974, 180.781, 0.999348, -0.0360884, -0.00147171, 0.0360537, 0.999167, -0.0191267, 0.00216073, 0.0190612, 0.999816, 0.00281597  
153, 31.4615, 24.288, 180.777, 0.999359, -0.0357842, -0.000636732, 0.0357675, 0.999206, -0.0175656, 0.0012648, 0.0175315, 0.999846, 0.0030068  
154, 31.4362, 24.2823, 180.777, 0.999344, -0.0362061, -0.00108037, 0.0361799, 0.999174, -0.0185174, 0.00174992, 0.0184661, 0.999828, 0.00282484  
155, 31.4406, 24.2723, 180.793, 0.999361, -0.0357369, -0.00109667, 0.0357107, 0.999192, -0.0184302, 0.00175442, 0.0183793, 0.99983, 0.00304092  
156, 31.4532, 24.2615, 180.759, 0.999351, -0.0360216, -0.000618622, 0.0360045, 0.999187, -0.0181531, 0.00127202, 0.0181191, 0.999835, 0.00306727  
157, 31.4417, 24.2591, 180.76, 0.999356, -0.0358594, -0.00101092, 0.0358342, 0.999182, -0.0187218, 0.00168145, 0.0186735, 0.999824, 0.00294218  
158, 31.454, 24.2863, 180.754, 0.999342, -0.0362359, -0.00160037, 0.0361973, 0.99915, -0.0197199, 0.00231358, 0.019649, 0.999804, 0.00299321  
159, 31.4673, 24.2844, 180.792, 0.999342, -0.0362362, -0.00149079, 0.0362008, 0.999159, -0.0192643, 0.0021876, 0.0191976, 0.999813, 0.00285646  
160, 31.434, 24.279, 180.76, 0.999361, -0.0356885, -0.0017951, 0.0356477, 0.999181, -0.0191236, 0.00247612, 0.0190474, 0.999816, 0.00445584  
161, 31.4626, 24.2647, 180.747, 0.999375, -0.0353433, -0.000828132, 0.0353216, 0.9992, -0.0187555, 0.00149035, 0.0187145, 0.999824, 0.00297352  
162, 31.4678, 24.2838, 180.77, 0.99936, -0.0357283, -0.00198465, 0.0356821, 0.999167, -0.0198047, 0.00269058, 0.0197212, 0.999802, 0.00293829  
163, 31.4424, 24.2935, 180.776, 0.999355, -0.0358823, -0.00111677, 0.0358532, 0.999161, -0.0198077, 0.00182657, 0.0197549, 0.999803, 0.00298961  
164, 31.4338, 24.2539, 180.783, 0.999366, -0.0355865, -0.000451967, 0.0355728, 0.999208, -0.017806, 0.00108526, 0.0177786, 0.999841, 0.00285841  
165, 31.4411, 24.2733, 180.766, 0.999339, -0.0363252, -0.0011606, 0.0362953, 0.999147, -0.0197055, 0.00187541, 0.0196504, 0.999805, 0.00297907  
166, 31.4516, 24.2711, 180.77, 0.999353, -0.0359467, -0.00111323, 0.0359179, 0.999161, -0.0196729, 0.00181947, 0.0196202, 0.999806, 0.00310444  
167, 31.4607, 24.2829, 180.762, 0.999344, -0.0361693, -0.00174507, 0.0361274, 0.999148, -0.0199529, 0.00246527, 0.0198767, 0.999799, 0.00299515  
168, 31.4312, 24.2571, 180.768, 0.999358, -0.0358157, -0.00118444, 0.0357877, 0.999188, -0.0185287, 0.0018471, 0.0184745, 0.999828, 0.00302789  
169, 31.4279, 24.2617, 180.787, 0.999375, -0.035331, -0.00141967, 0.0352998, 0.999215, -0.017954, 0.00205288, 0.0178926, 0.999838, 0.00292609  
170, 31.4745, 24.2703, 180.763, 0.999357, -0.0358472, -0.0010284, 0.0358227, 0.999195, -0.0180813, 0.00167573, 0.0180328, 0.999836, 0.00307088  
171, 31.4547, 24.2723, 180.769, 0.999364, -0.0356584, -0.000983567, 0.0356353, 0.999207, -0.0177871, 0.00161705, 0.0177408, 0.999841, 0.00310694  
172, 31.4775, 24.2689, 180.778, 0.999346, -0.0361406, -0.00106613, 0.0361137, 0.999166, -0.0190766, 0.00175468, 0.0190256, 0.999817, 0.00309751  
173, 31.4485, 24.266, 180.778, 0.99935, -0.0360592, -0.000462375, 0.0360454, 0.999194, -0.0176888, 0.00109985, 0.0176607, 0.999843, 0.00308641  
174, 31.4628, 24.2656, 180.751, 0.999367, -0.0355478, -0.000980242, 0.0355242, 0.999205, -0.018088, 0.00162245, 0.0180418, 0.999836, 0.00285841  
175, 31.4351, 24.2739, 180.785, 0.999359, -0.0357538, -0.00166471, 0.0357175, 0.999195, -0.018257, 0.00231613, 0.0181859, 0.999832, 0.00302483  
176, 31.4567, 24.2944, 180.794, 0.999353, -0.0359297, -0.00134865, 0.0358961, 0.999161, -0.0197392, 0.00205674, 0.0196781, 0.999804, 0.00312081  
177, 31.4829, 24.2861, 180.773, 0.999327, -0.0366632, -0.00109562, 0.0366359, 0.999149, -0.01895, 0.00178946, 0.0188971, 0.99982, 0.00291555  
178, 31.4618, 24.2889, 180.787, 0.999355, -0.0358949, -0.00143141, 0.0358628, 0.999189, -0.0182888, 0.00208673, 0.0182257, 0.999832, 0.0029652  
179, 31.4449, 24.2818, 180.801, 0.999337, -0.0363957, -0.00118338, 0.0363654, 0.999145, -0.019664, 0.00189806, 0.019608, 0.999806, 0.0028193  
180, 31.4169, 24.2242, 180.811, 0.999332, -0.0365322, -0.000233979, 0.0365216, 0.999161, -0.0185446, 0.000911259, 0.0185237, 0.999828, 0.00285841  
181, 31.4633, 24.2855, 180.787, 0.999329, -0.0366032, -0.00155028, 0.0365647, 0.999129, -0.0200953, 0.00228448, 0.0200251, 0.999797, 0.00313912  
182, 31.4512, 24.272, 180.76, 0.999351, -0.0359849, -0.00181379, 0.0359429, 0.999164, -0.0194649, 0.00251272, 0.0193871, 0.999809, 0.00292636  
183, 31.4634, 24.2835, 180.793, 0.999335, -0.0364527, -0.00113398, 0.0364243, 0.999153, -0.0191663, 0.00183169, 0.0191122, 0.999816, 0.00304952  
184, 31.4624, 24.2961, 180.751, 0.999355, -0.0358872, -0.00142308, 0.0358533, 0.999173, -0.0191682, 0.0021098, 0.0191048, 0.999815, 0.00300098  
185, 31.4543, 24.2712, 180.78, 0.999361, -0.0357118, -0.00125365, 0.0356838, 0.999204, -0.0178142, 0.00188883, 0.0177581, 0.999841, 0.00305951  
186, 31.4562, 24.2777, 180.77, 0.999363, -0.0356602, -0.00122595, 0.0356309, 0.999188, -0.018784, 0.0018948, 0.0187284, 0.999823, 0.00312081  
187, 31.4577, 24.2673, 180.78, 0.999354, -0.0359286, -0.000779042, 0.0359084, 0.999188, -0.0182744, 0.00143498, 0.0182347, 0.999833, 0.00286229  
188, 31.4535, 24.2754, 180.781, 0.999353, -0.0359508, -0.000983769, 0.035926, 0.999177, -0.0188184, 0.0016595, 0.0187709, 0.999822, 0.002867  
189, 31.4591, 24.2846, 180.774, 0.999352, -0.0359954, -0.000923198, 0.0359732, 0.999194, -0.0178234, 0.00156401, 0.0177787, 0.999841, 0.00283871  
190, 31.4621, 24.3149, 180.8, 0.999334, -0.0364208, -0.00212873, 0.0363737, 0.999156, -0.0190733, 0.0028216, 0.0189832, 0.999816, 0.00303898  
191, 31.4753, 24.3255, 180.82, 0.999334, -0.0364688, -0.00104517, 0.0364471, 0.999204, -0.0162277, 0.00163615, 0.0161788, 0.999868, 0.00320374  
192, 31.48, 24.3664, 180.782, 0.999338, -0.0363431, -0.00147353, 0.0363171, 0.999229, -0.0149207, 0.00201466, 0.0148573, 0.999888, 0.00293801  
193, 31.4957, 24.3602, 180.8, 0.999346, -0.036099, -0.0018983, 0.0360681, 0.999246, -0.0143659, 0.00241546, 0.0142881, 0.999895, 0.00283316  
194, 31.4787, 24.3845, 180.803, 0.999366, -0.035594, -0.000891963, 0.0355793, 0.999281, -0.0130949, 0.00135742, 0.0130549, 0.999914, 0.00284232  
195, 31.518, 24.4583, 180.802, 0.999354, -0.0359392, -0.000748111, 0.0359269, 0.999275, -0.0125766, 0.00119956, 0.0125416, 0.999921, 0.0028659  
196, 31.4906, 24.4588, 180.817, 0.999357, -0.0358455, -0.00116476, 0.0358331, 0.999315, -0.00927994, 0.00149661, 0.00923224, 0.999956, 0.00291666  
197, 31.565, 24.5699, 180.834, 0.999331, -0.0364932, -0.00224573, 0.0364697, 0.999287, -0.00974759, 0.00259985, 0.00965917, 0.99995, 0.00312747  
198, 31.5656, 24.627, 180.852, 0.999328, -0.0366223, -0.00163434, 0.036609, 0.999301, -0.00755296, 0.0019098, 0.00748806, 0.99997, 0.00308447  
199, 31.5626, 24.6777, 180.871, 0.99933, -0.0365545, -0.00170343, 0.0365452, 0.999318, -0.00520893, 0.00189268, 0.00514319, 0.999985, 0.00283843  
200, 31.5547, 24.7127, 180.926, 0.999331, -0.0365398, -0.00147745, 0.0365347, 0.999327, -0.00333014, 0.00159814, 0.00327393, 0.999993, 0.00280043  
201, 31.5801, 24.7922, 180.909, 0.999302, -0.0373519, -0.000637936, 0.0373508, 0.999301, -0.00162633, 0.000698236, 0.00160136, 0.999998, 0.00318599  
202, 31.6307, 24.8468, 180.909, 0.99936, -0.0357553, -0.000821833, 0.0357569, 0.999359, 0.00195608, 0.000751366, -0.00198421, 0.999998, 0.0028548  
203, 31.6163, 24.9018, 180.948, 0.999337, -0.0363976, -0.000239453, 0.0363984, 0.999324, 0.00513802, 5.22799e-005, -0.00514333, 0.999987, 0.00283205  
204, 31.6436, 24.9646, 180.969, 0.999336, -0.0364133, -0.00105908, 0.0364205, 0.999306, 0.00783872, 0.000772907, -0.00787209, 0.999969, 0.0028573  
205, 31.613, 25.0161, 180.997, 0.999354, -0.0359323, -0.000412583, 0.0359346, 0.999303, 0.010129, 4.8339e-005, -0.0101372, 0.999949, 0.00293885  
206, 31.6186, 25.0561, 180.993, 0.999387, -0.0349964, -8.68274e-005, 0.0349946, 0.999303, 0.0130202, -0.000368892, -0.0130152, 0.999915, 0.00293496  
207, 31.608, 25.1273, 181.046, 0.999395, -0.0347679, -0.000501571, 0.0347714, 0.99926, 0.0164572, -7.09819e-005, -0.0164647, 0.999864, 0.00295826  
208, 31.649, 25.2382, 181.052, 0.999402, -0.0345572, -0.00111678, 0.0345722, 0.999221, 0.0190078, 0.000459051, -0.0190351, 0.999819, 0.00312857  
209, 31.6636, 25.2347, 181.042, 0.999394, -0.0347887, -0.00126185, 0.0348084, 0.999139, 0.0225569, 0.000476039, -0.0225872, 0.999745, 0.00291832  
210, 31.615, 25.2105, 181.084, 0.999412, -0.0342669, -0.00125551, 0.0342874, 0.999116, 0.0243277, 0.00042076, -0.0243565, 0.999703, 0.00300348  
211, 31.5993, 25.2229, 181.095, 0.999423, -0.0339371, -0.00130997, 0.0339601, 0.999056, 0.0271029, 0.00038894, -0.0271318, 0.999632, 0.00302872  
212, 31.5189, 25.3138, 181.068, 0.999421, -0.0338887, -0.00319129, 0.0339667, 0.999009, 0.0287767, 0.00221292, -0.0288685, 0.999581, 0.00301651  
213, 31.4905, 25.3877, 181.101, 0.999399, -0.0345879, -0.0020896, 0.0346387, 0.998831, 0.0337159, 0.00092099, -0.033768, 0.999429, 0.00299349  
214, 31.4782, 25.5064, 181.083, 0.999411, -0.0341952, -0.00290451, 0.0342821, 0.998662, 0.0387102, 0.00157692, -0.038787, 0.999246, 0.00289058  
215, 31.4335, 25.5549, 181.09, 0.999419, -0.0339123, -0.0032796, 0.0340212, 0.998515, 0.0425432, 0.00183199, -0.0426301, 0.999089, 0.00297851  
216, 31.3952, 25.6063, 181.097, 0.999402, -0.0343159, -0.00419413, 0.0344682, 0.998423, 0.0443071, 0.00266707, -0.0444251, 0.999009, 0.00311887  
217, 31.3395, 25.6575, 181.098, 0.999416, -0.0339409, -0.00397125, 0.0340958, 0.998198, 0.0493727, 0.00228834, -0.0494793, 0.998773, 0.00295715  
218, 31.3295, 25.7006, 181.112, 0.999419, -0.0337015, -0.00516522, 0.0339259, 0.998054, 0.0523166, 0.00339202, -0.0524614, 0.998617, 0.0030093  
219, 31.2578, 25.7441, 181.146, 0.999429, -0.033432, -0.00482854, 0.0336482, 0.9979, 0.0553425, 0.00296819, -0.0554734, 0.998456, 0.00287311  
220, 31.2475, 25.8581, 181.119, 0.999412, -0.0339582, -0.00480807, 0.0341887, 0.997546, 0.0610955, 0.00272158, -0.0612239, 0.99812, 0.00278573  
221, 31.2024, 25.8554, 181.125, 0.999461, -0.032505, -0.00470081, 0.032741, 0.997374, 0.0645938, 0.00258884, -0.0647129, 0.997901, 0.00302289  
222, 31.1958, 25.9425, 181.085, 0.99945, -0.0327704, -0.00515252, 0.0330493, 0.99704, 0.0694233, 0.00286224, -0.0695554, 0.997574, 0.0028989  
223, 31.1498, 25.9949, 181.07, 0.999467, -0.0323941, -0.00414876, 0.0326183, 0.99646, 0.0774815, 0.00162414, -0.0775755, 0.996985, 0.00299515  
224, 31.1054, 26.0599, 181.072, 0.999489, -0.0316393, -0.00447007, 0.0319007, 0.996065, 0.0826877, 0.00183629, -0.0827881, 0.996565, 0.00290639  
225, 31.1108, 26.1042, 181.079, 0.999501, -0.0313168, -0.00412032, 0.0315561, 0.995741, 0.0866273, 0.00138988, -0.0867141, 0.996232, 0.00298461  
226, 31.0722, 26.1727, 181.062, 0.999518, -0.0308897, -0.00310447, 0.0310448, 0.995073, 0.0941635, 0.000180485, -0.0942145, 0.995552, 0.00300348  
227, 31.0722, 26.2777, 181.044, 0.999497, -0.0316169, -0.00247318, 0.0317065, 0.994593, 0.0988954, -0.000666962, -0.0989241, 0.995095, 0.00292054  
228, 31.0561, 26.2927, 181.039, 0.999516, -0.0309575, -0.00302677, 0.0311046, 0.994237, 0.102594, -0.000166719, -0.102638, 0.994719, 0.00298905  
229, 31.048, 26.3789, 181.006, 0.999525, -0.0306483, -0.00337905, 0.030834, 0.993579, 0.10886, 2.09604e-005, -0.108913, 0.994051, 0.0028953  
230, 31.0433, 26.4395, 181.009, 0.999545, -0.0300623, -0.00265512, 0.0301685, 0.992966, 0.114488, -0.000805315, -0.114516, 0.993421, 0.00304702  
231, 31.0199, 26.5537, 180.996, 0.999532, -0.0303481, -0.00379026, 0.0305834, 0.992467, 0.118634, 0.000161385, -0.118695, 0.992931, 0.00311498  
232, 31.0267, 26.5688, 180.968, 0.999536, -0.0301724, -0.00407909, 0.0304454, 0.991786, 0.124232, 0.00029722, -0.124298, 0.992245, 0.00293385  
233, 31.0404, 26.6219, 180.94, 0.999564, -0.0293667, -0.00305451, 0.0295151, 0.991162, 0.129329, -0.000770438, -0.129362, 0.991597, 0.00300348  
234, 31.0361, 26.7104, 180.897, 0.999564, -0.0292853, -0.00387992, 0.0295409, 0.990351, 0.135396, -0.000122627, -0.135451, 0.990784, 0.00289558  
235, 31.0531, 26.7822, 180.896, 0.999571, -0.0288727, -0.00481619, 0.0292628, 0.98971, 0.14006, 0.000722703, -0.140141, 0.990131, 0.00444585  
236, 31.0219, 26.8162, 180.9, 0.999545, -0.0298306, -0.0045118, 0.0301697, 0.988811, 0.146089, 0.000103397, -0.146159, 0.989261, 0.00287949  
237, 31.0864, 26.8979, 180.831, 0.999551, -0.0293838, -0.0058721, 0.0299345, 0.987999, 0.151535, 0.00134895, -0.151643, 0.988434, 0.00297463  
238, 31.1037, 26.9734, 180.793, 0.999563, -0.0292919, -0.00406016, 0.0295645, 0.98677, 0.15941, -0.000662969, -0.15946, 0.987204, 0.00301485  
239, 31.1514, 26.972, 180.771, 0.999562, -0.0289681, -0.00611582, 0.0295775, 0.986206, 0.16286, 0.00131371, -0.16297, 0.98663, 0.00288781  
240, 31.1491, 26.9409, 180.761, 0.999587, -0.0282802, -0.00517752, 0.0287487, 0.985078, 0.169691, 0.000301362, -0.16977, 0.985484, 0.00288254  
241, 31.2019, 26.9001, 180.723, 0.999598, -0.0278744, -0.00521703, 0.0283572, 0.98419, 0.174831, 0.000261234, -0.174909, 0.984585, 0.00307227  
242, 31.2783, 26.8593, 180.697, 0.999627, -0.0267488, -0.00545462, 0.0272945, 0.983046, 0.181316, 0.000512157, -0.181397, 0.98341, 0.00299848  
243, 31.3019, 26.7955, 180.698, 0.99962, -0.0272216, -0.00444201, 0.0275711, 0.981739, 0.188225, -0.000762903, -0.188276, 0.982116, 0.00295715  
244, 31.4141, 26.5971, 180.673, 0.99963, -0.0266211, -0.00565165, 0.0272108, 0.981085, 0.191656, 0.000442656, -0.191739, 0.981446, 0.0029591  
245, 31.4768, 26.38, 180.639, 0.999607, -0.0275225, -0.00529038, 0.0280251, 0.979796, 0.198025, -0.000266652, -0.198096, 0.980183, 0.00302511  
246, 31.5072, 26.1724, 180.598, 0.999625, -0.0270003, -0.00450849, 0.0273558, 0.979281, 0.200651, -0.00100258, -0.200699, 0.979652, 0.00308475  
247, 31.6289, 25.8834, 180.613, 0.999619, -0.0274325, -0.00295891, 0.0274505, 0.977939, 0.207078, -0.00278704, -0.20708, 0.97832, 0.0029455  
248, 31.6949, 25.4649, 180.608, 0.9996, -0.0281934, -0.00234661, 0.0280582, 0.977346, 0.209782, -0.003621, -0.209763, 0.977745, 0.00298572  
249, 31.8583, 25.0364, 180.562, 0.999627, -0.0272362, -0.00191432, 0.0270116, 0.97629, 0.214777, -0.00398077, -0.214748, 0.976661, 0.00292997  
250, 31.9806, 24.4779, 180.541, 0.999646, -0.026587, 0.00053687, 0.025823, 0.975347, 0.21916, -0.00635044, -0.219069, 0.975689, 0.00291943  
251, 32.0834, 23.8247, 180.546, 0.999651, -0.0264069, -0.000742201, 0.0259326, 0.975565, 0.218174, -0.00503722, -0.218117, 0.97591, 0.00293108  
252, 32.2383, 23.171, 180.507, 0.999637, -0.0268102, 0.00259747, 0.025525, 0.973666, 0.226545, -0.00860278, -0.226396, 0.973997, 0.00283289  
253, 32.4699, 22.4082, 180.455, 0.999672, -0.0254437, 0.00297153, 0.0240969, 0.973377, 0.22794, -0.00869206, -0.227794, 0.973671, 0.00298073  
254, 32.6172, 21.4891, 180.44, 0.999672, -0.0253715, 0.00336666, 0.02392, 0.972963, 0.22972, -0.00910397, -0.229564, 0.973251, 0.00290584  
255, 32.7353, 20.5845, 180.388, 0.999637, -0.026503, 0.00491032, 0.0246384, 0.972342, 0.232259, -0.0109301, -0.232054, 0.972642, 0.00302816  
256, 32.8828, 19.4878, 180.389, 0.999574, -0.0284795, 0.00635226, 0.0262236, 0.97225, 0.232471, -0.0127966, -0.232206, 0.972583, 0.00307837  
257, 32.9642, 18.2842, 180.333, 0.999584, -0.0282865, 0.00570579, 0.0261921, 0.972366, 0.231986, -0.0121102, -0.23174, 0.972702, 0.0029591  
258, 33.2182, 16.9837, 180.305, 0.999516, -0.0300886, 0.00786668, 0.0274412, 0.97228, 0.232202, -0.0146353, -0.231874, 0.972636, 0.00294606  
259, 33.4618, 15.5657, 180.291, 0.99956, -0.0287896, 0.00714272, 0.0263514, 0.972413, 0.231774, -0.0136183, -0.231484, 0.972743, 0.00298961  
260, 33.6158, 13.9628, 180.339, 0.999442, -0.0312763, 0.0117213, 0.0276933, 0.972154, 0.2327, -0.0186729, -0.232245, 0.972478, 0.00306894  
261, 33.82, 12.3294, 180.384, 0.999491, -0.0303134, 0.00995389, 0.0272581, 0.97342, 0.227398, -0.0165825, -0.227011, 0.973751, 0.00309141  
262, 33.9772, 10.5963, 180.332, 0.999423, -0.0315097, 0.0127117, 0.0277232, 0.972542, 0.231071, -0.0196436, -0.230585, 0.972854, 0.00306616  
263, 34.1528, 8.82653, 180.33, 0.99952, -0.0287158, 0.0116063, 0.0253624, 0.973923, 0.225455, -0.0177778, -0.225052, 0.974184, 0.00314439  
264, 34.2323, 6.89805, 180.391, 0.999476, -0.0298104, 0.0126366, 0.0262713, 0.974774, 0.221644, -0.0189252, -0.221196, 0.975046, 0.00300375  
265, 34.2757, 4.88207, 180.451, 0.999515, -0.028956, 0.0114865, 0.025821, 0.976385, 0.214489, -0.017426, -0.214088, 0.976659, 0.0028168  
266, 34.2617, 2.77652, 180.365, 0.99945, -0.0302979, 0.013495, 0.026739, 0.976764, 0.212643, -0.0196241, -0.212165, 0.977037, 0.00311609  
267, 34.3557, 0.636159, 180.352, 0.99949, -0.0288813, 0.0136038, 0.0254052, 0.977602, 0.208921, -0.019333, -0.208469, 0.977838, 0.00297629  
268, 34.4433, -1.51495, 180.31, 0.999517, -0.0292525, 0.0105004, 0.0264968, 0.978602, 0.204049, -0.0162446, -0.203673, 0.978904, 0.00306838  
269, 34.4182, -3.90693, 180.267, 0.999495, -0.0295764, 0.0116222, 0.0266349, 0.979176, 0.201257, -0.0173326, -0.200846, 0.979469, 0.00302289  
270, 34.4316, -6.50158, 180.175, 0.999553, -0.0287543, 0.00822689, 0.026555, 0.979805, 0.198184, -0.0137594, -0.197877, 0.98013, 0.00305202  
271, 34.2595, -8.84011, 180.339, 0.999499, -0.0292623, 0.0120907, 0.0264184, 0.981249, 0.190925, -0.0174508, -0.19051, 0.98153, 0.00315881  
272, 34.1647, -11.5262, 180.547, 0.999567, -0.027355, 0.0108079, 0.0249743, 0.983458, 0.179408, -0.0155368, -0.17906, 0.983715, 0.00308669  
273, 34.0292, -14.121, 180.633, 0.999586, -0.0271722, 0.00948169, 0.0251228, 0.984587, 0.173079, -0.0140385, -0.172769, 0.984862, 0.00293607  
274, 33.8983, -16.863, 180.598, 0.999599, -0.0275477, 0.00648459, 0.0260149, 0.984631, 0.172699, -0.0111424, -0.172461, 0.984953, 0.00281042  
275, 33.7409, -19.7934, 180.66, 0.999669, -0.0253058, 0.00470269, 0.024187, 0.986062, 0.164609, -0.00880272, -0.164441, 0.986348, 0.00302594  
276, 33.5889, -22.6269, 180.774, 0.999642, -0.0262332, 0.00519766, 0.025131, 0.987927, 0.152867, -0.00914511, -0.152682, 0.988233, 0.00318904  
277, 33.3872, -25.4384, 180.913, 0.999633, -0.0265898, 0.00526973, 0.025547, 0.989128, 0.144821, -0.0090632, -0.144633, 0.989444, 0.0027383  
