0, 0, 0, 0, 0, 0, 0, 0, 0, 0, 0, 0, 0, 0.00628433  
1, 0, 0, 0, 0, 0, 0, 0, 0, 0, 0, 0, 0, 0.00263539  
2, 11.6004, 63.1568, 180.564, 0.99962, -0.0275181, 0.00131347, 0.0274997, 0.999545, 0.0124249, -0.00165479, -0.0123841, 0.999922, 0.00269364  
3, 11.6158, 63.1698, 180.58, 0.999623, -0.0274384, 0.000639792, 0.0274288, 0.999553, 0.0119071, -0.000966218, -0.0118851, 0.999929, 0.00280376  
4, 11.6341, 63.1716, 180.59, 0.99963, -0.0271993, 0.000640549, 0.0271903, 0.999566, 0.011312, -0.000947948, -0.0112904, 0.999936, 0.00289613  
5, 11.6133, 63.1814, 180.573, 0.999618, -0.0276073, 0.00101316, 0.0275931, 0.999547, 0.0120411, -0.00134513, -0.0120086, 0.999927, 0.00271833  
6, 11.6063, 63.1591, 180.581, 0.999615, -0.0277328, 0.0012967, 0.0277145, 0.999538, 0.0124653, -0.0016418, -0.0124245, 0.999921, 0.00277797  
7, 11.6483, 63.1764, 180.564, 0.999619, -0.0275874, 0.00104518, 0.0275739, 0.999557, 0.0112137, -0.00135407, -0.0111806, 0.999937, 0.00274745  
8, 11.6035, 63.1583, 180.581, 0.99963, -0.0271753, 0.000967176, 0.027161, 0.999552, 0.0125382, -0.00130747, -0.0125072, 0.999921, 0.00276132  
9, 11.6304, 63.1694, 180.575, 0.999602, -0.0281617, 0.00152252, 0.0281406, 0.999526, 0.0125002, -0.00187383, -0.0124523, 0.999921, 0.00276909  
10, 11.6238, 63.1646, 180.579, 0.999617, -0.0276322, 0.00164837, 0.0276094, 0.99954, 0.0125321, -0.0019939, -0.0124818, 0.99992, 0.00273747  
11, 11.6384, 63.1776, 180.564, 0.999641, -0.0267896, 0.000706475, 0.0267791, 0.999568, 0.0120972, -0.00103025, -0.012074, 0.999927, 0.00283067  
12, 11.5786, 63.1537, 180.589, 0.999602, -0.0281441, 0.00213313, 0.0281141, 0.99952, 0.0130003, -0.00249798, -0.0129351, 0.999913, 0.00293469  
13, 11.6024, 63.1538, 180.566, 0.999611, -0.0278166, 0.00224485, 0.0277857, 0.999532, 0.0128031, -0.00259994, -0.0127358, 0.999916, 0.00276937  
14, 11.6004, 63.1754, 180.557, 0.999613, -0.0277715, 0.00178724, 0.0277456, 0.999529, 0.0131459, -0.00215148, -0.0130913, 0.999912, 0.00280515  
15, 11.5863, 63.154, 180.579, 0.999622, -0.0274372, 0.00201143, 0.0274104, 0.999548, 0.0123132, -0.00234836, -0.0122534, 0.999922, 0.00278018  
16, 11.6139, 63.1666, 180.57, 0.999618, -0.0276343, 0.000823343, 0.0276229, 0.999551, 0.0116283, -0.00114431, -0.0116011, 0.999932, 0.00301818  
17, 11.6088, 63.1666, 180.571, 0.999617, -0.0276519, 0.0010122, 0.0276374, 0.999543, 0.0122183, -0.00134959, -0.0121856, 0.999925, 0.00283843  
18, 11.6025, 63.1747, 180.582, 0.999632, -0.0271279, 0.000805649, 0.0271164, 0.999562, 0.0118831, -0.00112766, -0.0118569, 0.999929, 0.00283427  
19, 11.6158, 63.1581, 180.585, 0.999614, -0.0277657, 0.0010287, 0.0277522, 0.999551, 0.0113302, -0.00134283, -0.0112973, 0.999935, 0.00277048  
20, 11.6124, 63.1731, 180.568, 0.99962, -0.027525, 0.00144523, 0.0275031, 0.999532, 0.0134171, -0.00181386, -0.0133723, 0.999909, 0.00280265  
21, 11.6292, 63.1722, 180.584, 0.999623, -0.0274507, 0.000368375, 0.0274445, 0.999555, 0.0116709, -0.000688585, -0.0116564, 0.999932, 0.0028426  
22, 11.6127, 63.1483, 180.575, 0.999619, -0.0275973, 0.000541563, 0.0275884, 0.999542, 0.0124414, -0.000884665, -0.0124218, 0.999922, 0.00280293  
23, 11.5848, 63.1646, 180.589, 0.999621, -0.0274633, 0.00170831, 0.0274396, 0.999544, 0.012609, -0.00205381, -0.0125574, 0.999919, 0.00282207  
24, 11.5918, 63.1447, 180.586, 0.999612, -0.027761, 0.00223868, 0.0277295, 0.999531, 0.0130231, -0.00259916, -0.0129559, 0.999913, 0.00288087  
25, 11.5983, 63.1423, 180.596, 0.999621, -0.0274783, 0.00147899, 0.0274587, 0.999552, 0.0119451, -0.00180656, -0.0119, 0.999928, 0.00303648  
26, 11.5863, 63.1889, 180.566, 0.999609, -0.027931, 0.000950067, 0.0279169, 0.999531, 0.012567, -0.00130063, -0.0125355, 0.999921, 0.00287394  
27, 11.6099, 63.1541, 180.582, 0.999614, -0.0277603, 0.000620752, 0.0277505, 0.999538, 0.0123591, -0.000963557, -0.0123371, 0.999923, 0.00281181  
28, 11.5889, 63.154, 180.6, 0.999616, -0.0277025, 0.00107242, 0.0276864, 0.999534, 0.0128846, -0.00142885, -0.0128499, 0.999916, 0.00296353  
29, 11.5892, 63.1661, 180.603, 0.999608, -0.0279758, 0.000791106, 0.0279634, 0.999526, 0.0128439, -0.00115005, -0.0128167, 0.999917, 0.00293801  
30, 11.6255, 63.1371, 180.586, 0.999615, -0.0277627, -2.05289e-005, 0.0277611, 0.99955, 0.0114034, -0.000296068, -0.0113995, 0.999935, 0.00282373  
31, 11.5769, 63.1605, 180.592, 0.999622, -0.027418, 0.00177053, 0.0273929, 0.999541, 0.0129445, -0.00212463, -0.0128911, 0.999915, 0.00295493  
32, 11.6038, 63.1612, 180.605, 0.99962, -0.0275514, 0.00104617, 0.0275375, 0.999554, 0.0115409, -0.00136367, -0.0115077, 0.999933, 0.0028695  
33, 11.6218, 63.16, 180.585, 0.99961, -0.0278992, 0.00131569, 0.027881, 0.999536, 0.0122829, -0.00165776, -0.0122414, 0.999924, 0.00296326  
34, 11.61, 63.1501, 180.583, 0.999618, -0.0275788, 0.00175891, 0.0275551, 0.999544, 0.0123471, -0.00209863, -0.012294, 0.999922, 0.00286007  
35, 11.6149, 63.169, 180.586, 0.999623, -0.0274397, 0.00121091, 0.027422, 0.999543, 0.0127416, -0.00155999, -0.0127036, 0.999918, 0.00284592  
36, 11.6116, 63.1692, 180.598, 0.999626, -0.0273311, 0.00129413, 0.0273142, 0.999559, 0.0116408, -0.00161172, -0.0116011, 0.999931, 0.00298212  
37, 11.5919, 63.1782, 180.591, 0.999611, -0.0278613, 0.00151988, 0.0278389, 0.999525, 0.0132107, -0.00188722, -0.0131632, 0.999912, 0.0030387  
38, 11.6101, 63.1416, 180.579, 0.999604, -0.028114, 0.00146613, 0.0280931, 0.999525, 0.0126969, -0.0018224, -0.0126507, 0.999918, 0.00279211  
39, 11.6107, 63.1699, 180.57, 0.99963, -0.0271704, 0.00110549, 0.0271549, 0.999557, 0.012184, -0.00143604, -0.0121494, 0.999925, 0.00285175  
40, 11.5969, 63.1532, 180.605, 0.999623, -0.0274427, 0.000929677, 0.0274298, 0.999553, 0.0118833, -0.00125537, -0.0118533, 0.999929, 0.00290223  
41, 11.6135, 63.1734, 180.587, 0.999609, -0.0279393, 0.0010576, 0.027925, 0.999541, 0.0117729, -0.00138604, -0.0117387, 0.99993, 0.0030767  
42, 11.6, 63.1601, 180.588, 0.999605, -0.0280803, 0.00117469, 0.0280638, 0.99953, 0.0123143, -0.00151993, -0.0122765, 0.999923, 0.0029824  
43, 11.6377, 63.1517, 180.555, 0.999628, -0.0272594, 0.000817796, 0.0272475, 0.999556, 0.0120562, -0.00114608, -0.0120294, 0.999927, 0.00293996  
44, 11.6211, 63.1748, 180.583, 0.999621, -0.027496, 0.00104532, 0.0274819, 0.999553, 0.0117434, -0.00136775, -0.0117102, 0.99993, 0.00289946  
45, 11.6171, 63.1687, 180.57, 0.999613, -0.0277832, 0.00129944, 0.0277641, 0.999531, 0.0129075, -0.00165744, -0.0128664, 0.999916, 0.00290889  
46, 11.6012, 63.1504, 180.565, 0.999613, -0.0276808, 0.00277526, 0.0276396, 0.999521, 0.0139222, -0.00315931, -0.0138401, 0.999899, 0.00302151  
47, 11.6251, 63.1678, 180.569, 0.999621, -0.0275003, 0.00127896, 0.0274827, 0.999548, 0.0122225, -0.00161451, -0.0121827, 0.999924, 0.00297546  
48, 11.5936, 63.1668, 180.581, 0.999622, -0.0274356, 0.00176431, 0.0274114, 0.999546, 0.0125253, -0.00210714, -0.0124722, 0.99992, 0.00299238  
49, 11.6163, 63.1547, 180.562, 0.999619, -0.0274829, 0.00243054, 0.0274481, 0.999534, 0.0133794, -0.00279711, -0.0133076, 0.999908, 0.00292969  
50, 11.6263, 63.1786, 180.583, 0.999622, -0.0274471, 0.00144902, 0.0274277, 0.999551, 0.012072, -0.00177971, -0.0120277, 0.999926, 0.00283566  
51, 11.5966, 63.1575, 180.574, 0.999616, -0.0276804, 0.00128855, 0.0276621, 0.999539, 0.0125172, -0.00163443, -0.0124767, 0.999921, 0.00307171  
52, 11.6021, 63.1697, 180.618, 0.999623, -0.0274432, 0.00031062, 0.027438, 0.999561, 0.0111677, -0.000616962, -0.011155, 0.999938, 0.00288587  
53, 11.6168, 63.1274, 180.567, 0.999607, -0.0279881, 0.00166645, 0.0279647, 0.999528, 0.0127046, -0.00202124, -0.012653, 0.999918, 0.00295133  
54, 11.6248, 63.1674, 180.568, 0.999629, -0.0272251, 0.00106291, 0.0272114, 0.999566, 0.0112836, -0.00136965, -0.0112505, 0.999936, 0.00286007  
55, 11.5974, 63.1645, 180.588, 0.999606, -0.0279673, 0.00233342, 0.0279342, 0.999523, 0.0131908, -0.00270121, -0.0131204, 0.99991, 0.0028462  
56, 11.6045, 63.1763, 180.561, 0.999621, -0.0275199, 0.000575923, 0.0275121, 0.999563, 0.0107806, -0.000872352, -0.0107606, 0.999942, 0.0029186  
57, 11.628, 63.1755, 180.58, 0.999609, -0.0279207, 0.00149489, 0.0279008, 0.999539, 0.0120136, -0.00182963, -0.0119672, 0.999927, 0.00292359  
58, 11.6181, 63.175, 180.566, 0.999617, -0.0276806, 0.00078935, 0.0276687, 0.999541, 0.0123783, -0.00113163, -0.0123517, 0.999923, 0.00295216  
59, 11.6211, 63.172, 180.588, 0.999618, -0.0275743, 0.001592, 0.0275533, 0.999548, 0.0120026, -0.00192225, -0.0119542, 0.999927, 0.00306949  
60, 11.6012, 63.1757, 180.574, 0.999615, -0.0276983, 0.00163591, 0.0276744, 0.99953, 0.0132133, -0.00200113, -0.013163, 0.999911, 0.00304037  
61, 11.5985, 63.1762, 180.568, 0.999611, -0.0278734, 0.000958391, 0.0278599, 0.99954, 0.0120231, -0.00129307, -0.0119917, 0.999927, 0.00268033  
62, 11.6058, 63.1858, 180.565, 0.999624, -0.0273959, 0.000889492, 0.0273823, 0.999544, 0.0127597, -0.00123865, -0.0127306, 0.999918, 0.0028107  
63, 11.5974, 63.1831, 180.577, 0.99963, -0.0271761, 0.00108189, 0.0271613, 0.99956, 0.0119197, -0.00140535, -0.0118859, 0.999928, 0.00282124  
64, 11.5822, 63.1566, 180.567, 0.999608, -0.0278423, 0.0028756, 0.027801, 0.999522, 0.0135388, -0.00325117, -0.0134536, 0.999904, 0.00289807  
65, 11.6247, 63.1958, 180.556, 0.999618, -0.0276477, 9.73654e-005, 0.0276447, 0.999549, 0.0116897, -0.000420515, -0.0116825, 0.999932, 0.00294606  
66, 11.59, 63.1512, 180.554, 0.999616, -0.0276741, 0.0014254, 0.0276535, 0.999535, 0.0128727, -0.00178098, -0.0128284, 0.999916, 0.00279378  
67, 11.5951, 63.159, 180.58, 0.999619, -0.0275757, 0.00126521, 0.0275594, 0.999554, 0.0114719, -0.00158099, -0.0114326, 0.999933, 0.0028903  
68, 11.5887, 63.1614, 180.588, 0.999621, -0.0274337, 0.00237668, 0.0273987, 0.999531, 0.0136798, -0.00275086, -0.0136095, 0.999904, 0.0028204  
69, 11.6184, 63.162, 180.549, 0.999629, -0.0272256, 0.000478433, 0.0272178, 0.999556, 0.0121202, -0.000808201, -0.0121027, 0.999926, 0.00283316  
70, 11.5854, 63.175, 180.571, 0.999629, -0.0272438, 0.000717337, 0.0272331, 0.999556, 0.0121276, -0.00104742, -0.0121035, 0.999926, 0.00298184  
71, 11.6063, 63.1866, 180.6, 0.999601, -0.0282296, 0.00116608, 0.0282131, 0.999526, 0.0123214, -0.00151336, -0.0122836, 0.999923, 0.00295965  
72, 11.6074, 63.1883, 180.577, 0.999605, -0.0280575, 0.00138472, 0.0280379, 0.999528, 0.0125545, -0.00173631, -0.0125107, 0.99992, 0.00287117  
73, 11.5769, 63.1637, 180.578, 0.999606, -0.0280318, 0.00172096, 0.0280084, 0.999531, 0.0123827, -0.00206726, -0.0123296, 0.999922, 0.00280986  
74, 11.6123, 63.1781, 180.578, 0.999618, -0.0276035, 0.00165484, 0.0275826, 0.999553, 0.0115659, -0.00197336, -0.0115158, 0.999932, 0.00296964  
75, 11.5884, 63.1544, 180.597, 0.999606, -0.0280188, 0.00161192, 0.0279962, 0.999528, 0.0126682, -0.00196611, -0.0126181, 0.999918, 0.00303815  
76, 11.5924, 63.1501, 180.574, 0.999624, -0.0273843, 0.00142724, 0.0273612, 0.999525, 0.0142109, -0.00181572, -0.0141665, 0.999898, 0.00298877  
77, 11.6062, 63.17, 180.572, 0.999624, -0.0273927, 0.00134185, 0.0273746, 0.999553, 0.0120014, -0.00167, -0.0119602, 0.999927, 0.00290528  
78, 11.6136, 63.1539, 180.567, 0.999615, -0.0277504, 0.000668158, 0.0277407, 0.999547, 0.0116785, -0.000991938, -0.0116554, 0.999932, 0.00278046  
79, 11.6097, 63.144, 180.586, 0.999629, -0.0271569, 0.00219481, 0.0271268, 0.999551, 0.0127341, -0.00253964, -0.0126698, 0.999917, 0.00439232  
80, 11.5861, 63.1372, 180.58, 0.999609, -0.0278726, 0.00213876, 0.0278403, 0.999516, 0.0138955, -0.00252503, -0.0138305, 0.999901, 0.00297019  
81, 11.6216, 63.1709, 180.589, 0.999618, -0.0276403, 0.000856213, 0.0276286, 0.999551, 0.0115733, -0.00117572, -0.0115452, 0.999933, 0.00287144  
82, 11.6007, 63.1492, 180.596, 0.999616, -0.0276662, 0.00179522, 0.0276408, 0.999535, 0.0129072, -0.00215147, -0.0128526, 0.999915, 0.00291915  
83, 11.6202, 63.1587, 180.587, 0.99962, -0.0275364, 0.00131443, 0.0275166, 0.999534, 0.0132269, -0.00167803, -0.0131857, 0.999912, 0.00281763  
84, 11.6141, 63.155, 180.577, 0.999622, -0.0275035, 0.000518961, 0.0274962, 0.999563, 0.0108584, -0.000817377, -0.01084, 0.999941, 0.00285619  
85, 11.6177, 63.1499, 180.604, 0.999619, -0.027589, 0.000972212, 0.0275763, 0.999556, 0.0112945, -0.00128338, -0.0112634, 0.999936, 0.00291804  
86, 11.602, 63.1563, 180.58, 0.99962, -0.0275117, 0.00172295, 0.0274875, 0.99954, 0.0128005, -0.00207433, -0.0127483, 0.999917, 0.00292858  
87, 11.6214, 63.1569, 180.561, 0.99962, -0.0275138, 0.00156876, 0.0274909, 0.999536, 0.0130825, -0.00192798, -0.0130344, 0.999913, 0.00302983  
88, 11.6091, 63.1549, 180.583, 0.999617, -0.0276411, 0.0012357, 0.0276235, 0.99954, 0.012554, -0.00158214, -0.0125151, 0.99992, 0.00295715  
89, 11.6139, 63.1504, 180.56, 0.999627, -0.027296, 0.00130215, 0.0272766, 0.999541, 0.0131502, -0.0016605, -0.0131097, 0.999913, 0.00280903  
90, 11.6229, 63.1595, 180.56, 0.999612, -0.0278333, 0.000918077, 0.0278197, 0.999535, 0.0125217, -0.00126617, -0.0124913, 0.999921, 0.00316963  
91, 11.6193, 63.1511, 180.595, 0.999624, -0.0274083, 0.00115267, 0.0273929, 0.999556, 0.0117441, -0.00147405, -0.0117081, 0.99993, 0.0029308  
92, 11.6318, 63.165, 180.57, 0.999632, -0.0271133, 0.000625375, 0.0271035, 0.999556, 0.0123934, -0.000961123, -0.0123719, 0.999923, 0.002829  
93, 11.6039, 63.1566, 180.582, 0.999601, -0.0281739, 0.0021979, 0.0281439, 0.999524, 0.0126565, -0.00255343, -0.0125895, 0.999917, 0.00280986  
94, 11.6342, 63.1591, 180.587, 0.999607, -0.0280451, 0.000253729, 0.0280401, 0.999535, 0.0119616, -0.000589076, -0.0119498, 0.999928, 0.00305867  
95, 11.6185, 63.1471, 180.58, 0.999626, -0.0272903, 0.00161857, 0.0272681, 0.999551, 0.0124261, -0.00195695, -0.0123774, 0.999921, 0.00312608  
96, 11.6114, 63.1612, 180.605, 0.999598, -0.0283082, 0.00177195, 0.0282836, 0.99952, 0.012642, -0.00212897, -0.0125867, 0.999919, 0.00281985  
97, 11.6143, 63.1537, 180.583, 0.99962, -0.027529, 0.00117932, 0.0275124, 0.999546, 0.0122912, -0.00151715, -0.0122541, 0.999924, 0.00304342  
98, 11.6198, 63.158, 180.579, 0.999626, -0.0273135, 0.00115495, 0.0272959, 0.99954, 0.013197, -0.00151487, -0.0131606, 0.999912, 0.00281541  
99, 11.6018, 63.1591, 180.583, 0.999616, -0.0277076, 0.0009165, 0.0276951, 0.999548, 0.0116754, -0.00123958, -0.0116455, 0.999931, 0.00289918  
100, 11.6212, 63.141, 180.584, 0.999621, -0.0275314, 0.000772182, 0.0275205, 0.999552, 0.0117374, -0.00109498, -0.0117116, 0.999931, 0.00275938  
101, 11.5997, 63.1577, 180.587, 0.999627, -0.0272829, 0.00100691, 0.0272681, 0.999549, 0.0125445, -0.00134871, -0.0125124, 0.999921, 0.00282151  
102, 11.6065, 63.1539, 180.586, 0.999599, -0.0282254, 0.00210106, 0.0281942, 0.999509, 0.0136476, -0.00248524, -0.0135829, 0.999905, 0.00293829  
103, 11.585, 63.1373, 180.591, 0.9996, -0.0282291, 0.00142672, 0.0282082, 0.999518, 0.0129883, -0.00179268, -0.0129429, 0.999915, 0.0028437  
104, 11.6136, 63.1664, 180.58, 0.999619, -0.0275907, 5.5789e-005, 0.0275883, 0.999556, 0.0112742, -0.000366828, -0.0112684, 0.999936, 0.0030523  
105, 11.6025, 63.1495, 180.577, 0.99962, -0.027518, 0.00152913, 0.027498, 0.999552, 0.0118471, -0.00185445, -0.0118006, 0.999929, 0.0029247  
106, 11.6105, 63.1695, 180.603, 0.999598, -0.028322, 0.0013456, 0.028303, 0.999521, 0.0125041, -0.0016991, -0.012461, 0.999921, 0.00295549  
107, 11.6278, 63.1856, 180.589, 0.999626, -0.0273543, 0.000233042, 0.0273496, 0.999556, 0.0118314, -0.000556577, -0.0118206, 0.99993, 0.0029591  
108, 11.5989, 63.1549, 180.578, 0.999618, -0.0275929, 0.00126737, 0.027576, 0.99955, 0.0118378, -0.00159344, -0.0117984, 0.999929, 0.0029222  
109, 11.6198, 63.1864, 180.584, 0.999618, -0.0276494, 0.000470707, 0.0276421, 0.999551, 0.0116041, -0.000791341, -0.0115866, 0.999933, 0.00295826  
110, 11.5798, 63.171, 180.589, 0.999625, -0.0273665, 0.000590866, 0.0273574, 0.999552, 0.0120993, -0.000921716, -0.0120786, 0.999927, 0.00299876  
111, 11.5804, 63.1586, 180.58, 0.999622, -0.0273889, 0.00242484, 0.0273526, 0.999529, 0.0139265, -0.00280513, -0.0138549, 0.9999, 0.0028634  
112, 11.5881, 63.1749, 180.582, 0.999618, -0.0275907, 0.00168322, 0.0275672, 0.99954, 0.0126694, -0.002032, -0.0126182, 0.999918, 0.00290279  
113, 11.6048, 63.1751, 180.57, 0.999631, -0.0271303, 0.0014414, 0.0271095, 0.999549, 0.0128863, -0.00179036, -0.0128424, 0.999916, 0.00282235  
114, 11.5937, 63.1744, 180.579, 0.999605, -0.0280493, 0.00201809, 0.0280197, 0.999517, 0.0134352, -0.00239396, -0.0133733, 0.999908, 0.00289086  
115, 11.5877, 63.1864, 180.586, 0.99962, -0.0275479, 0.00137488, 0.027528, 0.999538, 0.0128691, -0.00172876, -0.0128264, 0.999916, 0.00278795  
116, 11.6212, 63.1923, 180.591, 0.999612, -0.0278331, 0.000632472, 0.0278243, 0.99955, 0.0112143, -0.000944317, -0.0111924, 0.999937, 0.00296187  
117, 11.5802, 63.1695, 180.592, 0.999631, -0.0271268, 0.00137988, 0.0271075, 0.999555, 0.0124752, -0.00171768, -0.0124332, 0.999921, 0.00293302  
118, 11.6149, 63.1604, 180.557, 0.999616, -0.0276749, 0.00158741, 0.0276538, 0.999544, 0.0120874, -0.0019212, -0.0120389, 0.999926, 0.00283427  
119, 11.5902, 63.1793, 180.593, 0.999615, -0.027709, 0.00103499, 0.027695, 0.999548, 0.0117157, -0.00135915, -0.0116825, 0.999931, 0.0029713  
120, 11.6303, 63.1821, 180.577, 0.999629, -0.0272224, -0.000119261, 0.027222, 0.999565, 0.0113643, -0.000190154, -0.0113633, 0.999935, 0.00285563  
121, 11.5971, 63.174, 180.572, 0.99961, -0.0278543, 0.00200794, 0.0278255, 0.999526, 0.0131809, -0.00237413, -0.0131199, 0.999911, 0.00283011  
122, 11.5979, 63.1693, 180.587, 0.999613, -0.0277582, 0.00157489, 0.0277367, 0.999539, 0.0123321, -0.00191648, -0.0122836, 0.999923, 0.00285341  
123, 11.5933, 63.1832, 180.588, 0.999617, -0.0276029, 0.00206255, 0.0275739, 0.999536, 0.0129634, -0.00241942, -0.0129016, 0.999914, 0.00288836  
124, 11.6209, 63.1374, 180.595, 0.999621, -0.0274989, 0.00099681, 0.0274854, 0.999554, 0.0117052, -0.00131825, -0.0116734, 0.999931, 0.00292664  
125, 11.6322, 63.1766, 180.585, 0.999614, -0.0277672, 0.000843225, 0.027755, 0.999542, 0.0120975, -0.00117875, -0.0120694, 0.999926, 0.00296242  
126, 11.6087, 63.1716, 180.598, 0.999616, -0.0276744, 0.00137116, 0.0276556, 0.999543, 0.0122171, -0.00170864, -0.0121745, 0.999924, 0.00297962  
127, 11.5953, 63.1783, 180.579, 0.99961, -0.0278751, 0.00191608, 0.0278468, 0.999521, 0.0135037, -0.00229158, -0.013445, 0.999907, 0.00291305  
128, 11.5975, 63.1667, 180.589, 0.999611, -0.0278754, 0.000710515, 0.0278656, 0.999548, 0.011253, -0.00102388, -0.0112288, 0.999936, 0.00282457  
129, 11.6114, 63.1768, 180.581, 0.999606, -0.0280354, 0.00141711, 0.0280169, 0.999539, 0.0117104, -0.00174476, -0.011666, 0.99993, 0.00300486  
130, 11.6092, 63.1653, 180.58, 0.999614, -0.0277651, 0.000801062, 0.0277547, 0.999555, 0.0109411, -0.00110448, -0.0109146, 0.99994, 0.00304314  
131, 11.6227, 63.1694, 180.572, 0.999604, -0.0281127, 0.000931042, 0.0280999, 0.999537, 0.0116957, -0.00125941, -0.011665, 0.999931, 0.00289668  
132, 11.6167, 63.1654, 180.584, 0.999616, -0.027689, 0.00113844, 0.0276738, 0.999548, 0.0117347, -0.00146284, -0.0116986, 0.99993, 0.00293663  
133, 11.603, 63.1757, 180.594, 0.999615, -0.0277154, 0.00164301, 0.0276935, 0.999543, 0.0121457, -0.00197888, -0.0120955, 0.999925, 0.00282124  
134, 11.6217, 63.1668, 180.572, 0.999616, -0.0276629, 0.00170343, 0.0276373, 0.999526, 0.0135355, -0.00207705, -0.0134832, 0.999907, 0.00293718  
135, 11.6235, 63.1543, 180.574, 0.999627, -0.0272955, 0.00103535, 0.0272812, 0.999556, 0.0119411, -0.00136083, -0.0119084, 0.999928, 0.00303981  
136, 11.6087, 63.1768, 180.594, 0.999615, -0.0277453, 0.000659165, 0.0277356, 0.999546, 0.0118058, -0.00098642, -0.0117829, 0.99993, 0.00290417  
137, 11.6253, 63.1792, 180.586, 0.999626, -0.027295, 0.00167217, 0.0272736, 0.99956, 0.0116796, -0.00199023, -0.0116296, 0.99993, 0.00293524  
138, 11.6328, 63.1815, 180.582, 0.999612, -0.0278456, 0.000627942, 0.0278366, 0.999548, 0.011384, -0.000944651, -0.0113621, 0.999935, 0.00292165  
139, 11.613, 63.1432, 180.575, 0.999619, -0.0275286, 0.00175099, 0.0275039, 0.999539, 0.012836, -0.00210355, -0.012783, 0.999916, 0.00280348  
140, 11.6129, 63.1567, 180.581, 0.999613, -0.0277711, 0.0018571, 0.0277448, 0.999531, 0.0129493, -0.00221585, -0.0128927, 0.999914, 0.00303732  
141, 11.6167, 63.1535, 180.578, 0.999616, -0.0276434, 0.00192041, 0.027617, 0.999538, 0.0126552, -0.00226935, -0.0125973, 0.999918, 0.00293801  
142, 11.6122, 63.1827, 180.578, 0.999614, -0.0277495, 0.00121489, 0.0277323, 0.999538, 0.0124305, -0.00155927, -0.012392, 0.999922, 0.00297435  
143, 11.6056, 63.1512, 180.567, 0.999616, -0.0276067, 0.00254675, 0.0275687, 0.999523, 0.0138952, -0.00292914, -0.0138196, 0.9999, 0.00290861  
144, 11.6294, 63.1497, 180.572, 0.999621, -0.0274989, 0.00126156, 0.027481, 0.999544, 0.0125151, -0.00160513, -0.0124757, 0.999921, 0.00293108  
145, 11.6348, 63.1615, 180.561, 0.999618, -0.0276305, 0.000670525, 0.0276207, 0.999549, 0.0117585, -0.000995116, -0.0117355, 0.999931, 0.00297685  
146, 11.6225, 63.1652, 180.597, 0.999627, -0.0273035, 0.00089854, 0.0272898, 0.999546, 0.0127381, -0.00124593, -0.0127088, 0.999918, 0.00297296  
147, 11.6253, 63.152, 180.581, 0.999637, -0.0269423, 0.000499481, 0.0269349, 0.999573, 0.0112942, -0.00080356, -0.0112766, 0.999936, 0.00297879  
148, 11.6005, 63.168, 180.576, 0.99962, -0.027511, 0.0014723, 0.0274898, 0.999539, 0.0128714, -0.00182573, -0.0128261, 0.999916, 0.00283649  
149, 11.6057, 63.1461, 180.581, 0.999626, -0.0272878, 0.00162414, 0.0272641, 0.999542, 0.013128, -0.00198163, -0.0130788, 0.999913, 0.00330582  
150, 11.5789, 63.1508, 180.584, 0.999613, -0.0277739, 0.00173673, 0.0277475, 0.999521, 0.0137079, -0.00211662, -0.0136544, 0.999905, 0.00295577  
151, 11.5906, 63.1518, 180.568, 0.999627, -0.0272203, 0.00220966, 0.0271862, 0.999529, 0.0142329, -0.00259604, -0.0141675, 0.999896, 0.00304397  
152, 11.6111, 63.1669, 180.577, 0.999621, -0.0275234, 0.000961669, 0.0275082, 0.999533, 0.0133308, -0.00132813, -0.0132993, 0.999911, 0.00294911  
153, 11.6247, 63.1601, 180.58, 0.999623, -0.0274405, 0.000672807, 0.0274312, 0.99956, 0.0113032, -0.000982678, -0.0112805, 0.999936, 0.00282346  
154, 11.6305, 63.1425, 180.585, 0.999629, -0.0272272, 0.000960584, 0.0272148, 0.999567, 0.0111586, -0.00126399, -0.0111283, 0.999937, 0.00295577  
155, 11.6224, 63.1466, 180.599, 0.99961, -0.0279375, 0.000494405, 0.0279305, 0.999551, 0.0108235, -0.000796564, -0.0108054, 0.999941, 0.00290861  
156, 11.605, 63.1443, 180.568, 0.999617, -0.027638, 0.00151772, 0.027616, 0.999535, 0.0129529, -0.001875, -0.012906, 0.999915, 0.00296991  
157, 11.6266, 63.1651, 180.567, 0.99962, -0.02755, 0.00079089, 0.0275376, 0.999538, 0.0128688, -0.00114506, -0.0128421, 0.999917, 0.00300597  
158, 11.6241, 63.1478, 180.598, 0.99961, -0.0279123, 0.000915226, 0.027899, 0.999535, 0.0123065, -0.0012583, -0.0122762, 0.999924, 0.00282651  
159, 11.6183, 63.1474, 180.569, 0.999609, -0.0279452, 0.00103989, 0.0279309, 0.999539, 0.0119406, -0.00137309, -0.0119069, 0.999928, 0.0030057  
160, 11.6098, 63.1586, 180.576, 0.999612, -0.0278395, 0.000887555, 0.0278275, 0.999547, 0.0114761, -0.00120664, -0.0114469, 0.999934, 0.00310084  
161, 11.6219, 63.1556, 180.591, 0.999615, -0.0277308, 0.0005226, 0.0277228, 0.999548, 0.0116153, -0.000844466, -0.0115964, 0.999932, 0.00288753  
162, 11.6074, 63.1518, 180.575, 0.99962, -0.0274871, 0.00218715, 0.0274564, 0.999538, 0.0130214, -0.00254406, -0.0129564, 0.999913, 0.00306894  
163, 11.6319, 63.1662, 180.571, 0.99962, -0.0275579, 0.00061943, 0.0275488, 0.999553, 0.0116132, -0.000939189, -0.0115918, 0.999932, 0.00298545  
164, 11.6284, 63.1659, 180.57, 0.999611, -0.0278952, 0.000661592, 0.0278851, 0.999538, 0.0121145, -0.000999224, -0.0120914, 0.999926, 0.00308558  
165, 11.6079, 63.1518, 180.574, 0.999617, -0.0276693, 0.0010859, 0.0276525, 0.99953, 0.0132412, -0.00145176, -0.013206, 0.999912, 0.00317434  
166, 11.6328, 63.1753, 180.563, 0.999633, -0.0270853, 0.000207348, 0.0270812, 0.999568, 0.0114314, -0.000516882, -0.0114216, 0.999935, 0.00299654  
167, 11.6084, 63.157, 180.574, 0.999604, -0.0281255, 0.00106213, 0.0281102, 0.999528, 0.0124027, -0.00141047, -0.012368, 0.999923, 0.00299044  
168, 11.6155, 63.1735, 180.572, 0.999614, -0.0277688, 0.000658001, 0.0277586, 0.999539, 0.0123005, -0.000999268, -0.0122775, 0.999924, 0.00278379  
169, 11.6275, 63.16, 180.575, 0.999608, -0.0279884, 0.000571161, 0.0279804, 0.999547, 0.0110919, -0.000881346, -0.0110715, 0.999938, 0.00272665  
170, 11.6005, 63.1533, 180.586, 0.999606, -0.027971, 0.00235594, 0.0279356, 0.999513, 0.0139266, -0.00274433, -0.0138553, 0.9999, 0.00318793  
171, 11.6109, 63.1588, 180.593, 0.9996, -0.0282309, 0.00174056, 0.0282052, 0.999513, 0.0133531, -0.00211669, -0.0132987, 0.999909, 0.00294051  
172, 11.5852, 63.1481, 180.579, 0.999605, -0.0279312, 0.00304698, 0.0278893, 0.999526, 0.0130228, -0.00340927, -0.0129327, 0.999911, 0.00289474  
173, 11.6288, 63.1805, 180.552, 0.999593, -0.0284696, 0.00196459, 0.0284404, 0.999503, 0.0135713, -0.00234998, -0.0135099, 0.999906, 0.00282568  
174, 11.6335, 63.1467, 180.584, 0.999626, -0.0273137, 0.000973161, 0.0273013, 0.999567, 0.010979, -0.00127262, -0.0109483, 0.999939, 0.00300542  
175, 11.6115, 63.1817, 180.597, 0.999623, -0.0274301, 0.00116491, 0.0274153, 0.999561, 0.0112343, -0.00147255, -0.0111981, 0.999936, 0.0029272  
176, 11.6283, 63.154, 180.552, 0.999614, -0.0277648, 0.000696483, 0.0277553, 0.999552, 0.0112105, -0.00100743, -0.0111868, 0.999937, 0.00286201  
177, 11.6101, 63.1462, 180.588, 0.999617, -0.0276153, 0.00200918, 0.0275857, 0.999528, 0.0135312, -0.0023819, -0.0134706, 0.999906, 0.00302123  
178, 11.6253, 63.165, 180.568, 0.999626, -0.0273546, 0.000746717, 0.0273439, 0.999557, 0.0117791, -0.0010686, -0.0117543, 0.99993, 0.0029369  
179, 11.6173, 63.1819, 180.586, 0.999606, -0.0280435, 0.00110943, 0.0280283, 0.999535, 0.0119777, -0.00144481, -0.0119419, 0.999928, 0.00286673  
180, 11.6302, 63.1744, 180.566, 0.999629, -0.0272363, 0.000673722, 0.0272256, 0.999548, 0.0127222, -0.00101992, -0.0126992, 0.999919, 0.00298489  
181, 11.6174, 63.1683, 180.574, 0.999623, -0.0274301, 0.00110701, 0.0274142, 0.999547, 0.0124233, -0.00144728, -0.0123882, 0.999922, 0.0028426  
182, 11.613, 63.1747, 180.58, 0.99961, -0.0278903, 0.0016717, 0.0278682, 0.999539, 0.0120413, -0.00200676, -0.01199, 0.999926, 0.00289058  
183, 11.6169, 63.1572, 180.56, 0.999628, -0.0272573, 0.000859819, 0.0272455, 0.999561, 0.0115974, -0.00117556, -0.0115697, 0.999932, 0.00282928  
184, 11.6049, 63.1596, 180.573, 0.999612, -0.0278068, 0.00183991, 0.0277832, 0.999544, 0.0118083, -0.00216742, -0.0117526, 0.999929, 0.00278462  
185, 11.6239, 63.1765, 180.582, 0.999603, -0.0281548, 0.000404952, 0.0281485, 0.999541, 0.0112151, -0.000720526, -0.0111993, 0.999937, 0.00290251  
186, 11.6115, 63.185, 180.586, 0.999616, -0.0276735, 0.00166862, 0.0276499, 0.999535, 0.01282, -0.00202262, -0.0127689, 0.999916, 0.00283205  
187, 11.6195, 63.159, 180.589, 0.999621, -0.0275161, 0.000427235, 0.0275088, 0.999546, 0.0122928, -0.000765291, -0.0122764, 0.999924, 0.00301429  
188, 11.6225, 63.1679, 180.573, 0.999633, -0.0270816, 0.000377179, 0.0270756, 0.999569, 0.0113271, -0.000683772, -0.0113127, 0.999936, 0.00286007  
189, 11.6189, 63.167, 180.565, 0.999621, -0.0275248, 0.000793003, 0.027514, 0.999556, 0.0114083, -0.00110666, -0.0113821, 0.999935, 0.00443864  
190, 11.6002, 63.1852, 180.571, 0.999607, -0.0280018, 0.00115009, 0.0279847, 0.999526, 0.0128622, -0.00150971, -0.012825, 0.999917, 0.00296631  
191, 11.6063, 63.1817, 180.567, 0.99962, -0.0275043, 0.00172006, 0.0274798, 0.999539, 0.0129334, -0.002075, -0.0128812, 0.999915, 0.00297352  
192, 11.6191, 63.1825, 180.578, 0.999614, -0.0277303, 0.00162588, 0.0277095, 0.999548, 0.0116856, -0.00194919, -0.011636, 0.99993, 0.00301374  
193, 11.6265, 63.1788, 180.58, 0.999621, -0.0275279, 0.000442276, 0.0275209, 0.999554, 0.011624, -0.000762064, -0.0116075, 0.999932, 0.00268976  
194, 11.6054, 63.1722, 180.569, 0.999619, -0.0275587, 0.00180909, 0.0275329, 0.999536, 0.0130036, -0.00216661, -0.0129488, 0.999914, 0.00264676  
195, 11.6176, 63.1644, 180.575, 0.999625, -0.0273638, 0.00122388, 0.0273468, 0.999551, 0.01222, -0.00155772, -0.012182, 0.999925, 0.00287089  
196, 11.6129, 63.1776, 180.569, 0.999621, -0.0274696, 0.00170151, 0.0274439, 0.999531, 0.0136223, -0.00207491, -0.0135704, 0.999906, 0.00292415  
197, 11.6014, 63.1743, 180.621, 0.999623, -0.0274388, 0.000902004, 0.0274268, 0.999559, 0.0113682, -0.00121354, -0.0113391, 0.999935, 0.00292304  
198, 11.605, 63.1492, 180.594, 0.999602, -0.0281759, 0.00151344, 0.0281549, 0.999526, 0.0124316, -0.001863, -0.012384, 0.999922, 0.00282151  
199, 11.6064, 63.1591, 180.566, 0.999612, -0.0277932, 0.00166561, 0.0277699, 0.999534, 0.0126607, -0.00201672, -0.0126095, 0.999918, 0.0029566  
200, 11.6138, 63.1783, 180.572, 0.9996, -0.0282391, 0.00156193, 0.0282166, 0.999518, 0.0129241, -0.00192614, -0.0128749, 0.999915, 0.00305562  
201, 11.6137, 63.1681, 180.569, 0.999625, -0.0272943, 0.00217895, 0.0272616, 0.999532, 0.0138523, -0.00255601, -0.0137877, 0.999902, 0.00295493  
202, 11.6272, 63.1719, 180.588, 0.999633, -0.0270702, 0.000277083, 0.0270647, 0.999557, 0.0123777, -0.000612027, -0.0123657, 0.999923, 0.00298961  
203, 11.6376, 63.1916, 180.581, 0.999607, -0.0280174, 0.00116889, 0.0279993, 0.999519, 0.0133261, -0.00154169, -0.0132881, 0.999911, 0.00290251  
204, 11.6342, 63.1733, 180.567, 0.999626, -0.0273269, 0.000919753, 0.0273125, 0.99954, 0.0131559, -0.00127884, -0.0131258, 0.999913, 0.00291777  
205, 11.6199, 63.22, 180.594, 0.999614, -0.0277425, 0.00112369, 0.0277234, 0.999511, 0.0144419, -0.0015238, -0.0144052, 0.999895, 0.00304564  
206, 11.6224, 63.2072, 180.585, 0.999616, -0.0276939, 0.00129076, 0.0276709, 0.9995, 0.0153153, -0.00171426, -0.0152737, 0.999882, 0.0028989  
207, 11.6125, 63.2517, 180.597, 0.999621, -0.0275009, 0.00159181, 0.0274711, 0.999488, 0.0164212, -0.00204259, -0.0163712, 0.999864, 0.00291055  
208, 11.6109, 63.2356, 180.592, 0.999619, -0.0275818, 0.00106517, 0.027559, 0.999468, 0.0174697, -0.00154645, -0.0174337, 0.999847, 0.00285924  
209, 11.6128, 63.238, 180.574, 0.999624, -0.0273973, 0.00137624, 0.027368, 0.999462, 0.0180941, -0.00187123, -0.0180496, 0.999835, 0.00297712  
210, 11.6015, 63.3163, 180.601, 0.999619, -0.0275854, 0.00087548, 0.0275637, 0.999437, 0.0191251, -0.00140256, -0.0190937, 0.999817, 0.00299016  
211, 11.5957, 63.3301, 180.581, 0.999625, -0.0273736, 0.00111885, 0.0273449, 0.999416, 0.020507, -0.00167954, -0.0204687, 0.999789, 0.0029738  
212, 11.5654, 63.4304, 180.576, 0.999623, -0.0274218, 0.00126616, 0.0273826, 0.999325, 0.024505, -0.00193728, -0.0244611, 0.999699, 0.00298101  
213, 11.5314, 63.5277, 180.602, 0.999621, -0.027532, 0.000300024, 0.0275142, 0.999263, 0.0267545, -0.00103641, -0.0267361, 0.999642, 0.0029247  
214, 11.539, 63.6516, 180.613, 0.999643, -0.0266968, -0.000513345, 0.0267003, 0.999207, 0.029549, -0.000275924, -0.0295521, 0.999563, 0.00294328  
215, 11.5313, 63.7036, 180.622, 0.99964, -0.0268329, 0.000414616, 0.0268056, 0.999121, 0.0322191, -0.00127878, -0.0321964, 0.999481, 0.00299626  
216, 11.5509, 63.7674, 180.636, 0.999677, -0.0254215, 9.98981e-005, 0.025401, 0.999016, 0.0363481, -0.00102382, -0.0363338, 0.999339, 0.00292193  
217, 11.5292, 63.811, 180.677, 0.999655, -0.0262658, 3.87859e-005, 0.0262454, 0.998934, 0.0379855, -0.00103646, -0.0379713, 0.999278, 0.00298073  
218, 11.5264, 63.8736, 180.694, 0.999648, -0.0265363, -0.000690427, 0.0265426, 0.998845, 0.0400409, -0.000372906, -0.0400451, 0.999198, 0.00286811  
219, 11.5138, 63.9871, 180.681, 0.999637, -0.0269314, 1.67417e-005, 0.026904, 0.998648, 0.0444712, -0.00121439, -0.0444546, 0.999011, 0.003024  
220, 11.5519, 63.9623, 180.701, 0.999664, -0.0258997, -0.00116289, 0.0259257, 0.99858, 0.0465302, -4.38746e-005, -0.0465447, 0.998916, 0.00303843  
221, 11.5482, 63.9627, 180.694, 0.999674, -0.0255157, -0.00116602, 0.0255422, 0.998466, 0.0491328, -8.94311e-005, -0.0491465, 0.998792, 0.00294689  
222, 11.5411, 63.9593, 180.673, 0.999673, -0.0255548, -0.000275712, 0.0255334, 0.998267, 0.0530111, -0.00107945, -0.0530009, 0.998594, 0.00295826  
223, 11.525, 63.9089, 180.683, 0.99969, -0.0248835, 0.000818588, 0.0247964, 0.998066, 0.0570117, -0.00223566, -0.0569738, 0.998373, 0.0029272  
224, 11.5023, 63.8826, 180.68, 0.999678, -0.0253496, 0.0013326, 0.0252206, 0.997808, 0.0611817, -0.00288061, -0.0611284, 0.998126, 0.00304286  
225, 11.5097, 63.8814, 180.708, 0.999686, -0.0250337, 0.000772131, 0.0249309, 0.997582, 0.0648741, -0.0023943, -0.0648345, 0.997893, 0.0030068  
226, 11.4812, 63.821, 180.691, 0.999676, -0.0253947, 0.0018492, 0.0252084, 0.997331, 0.068527, -0.00358449, -0.0684582, 0.997648, 0.00280986  
227, 11.4831, 63.8029, 180.672, 0.99969, -0.0247592, 0.00247275, 0.0245104, 0.996991, 0.0735339, -0.00428595, -0.0734505, 0.99729, 0.00294079  
228, 11.4799, 63.7526, 180.658, 0.999719, -0.0236149, 0.00199601, 0.0233832, 0.996593, 0.0790983, -0.00385711, -0.0790294, 0.996865, 0.00280654  
229, 11.4459, 63.6442, 180.683, 0.999705, -0.0243005, -4.97529e-005, 0.0242283, 0.996572, 0.0790986, -0.00187255, -0.0790764, 0.996867, 0.00279932  
230, 11.4271, 63.558, 180.666, 0.999709, -0.0240847, 0.00118343, 0.0238995, 0.99616, 0.0842307, -0.00320756, -0.0841779, 0.996446, 0.00299682  
231, 11.3827, 63.3783, 180.663, 0.999703, -0.0243236, 0.00177116, 0.0240826, 0.996033, 0.0856641, -0.00384779, -0.085596, 0.996323, 0.00298545  
232, 11.3166, 63.2238, 180.695, 0.999697, -0.0245925, 0.00129787, 0.0243814, 0.995782, 0.0884514, -0.00346764, -0.0883929, 0.99608, 0.00295549  
233, 11.2658, 63.0775, 180.665, 0.99968, -0.0252549, 0.00126304, 0.0250341, 0.995508, 0.0913099, -0.00356339, -0.0912491, 0.995822, 0.00293274  
234, 11.1932, 63.0114, 180.687, 0.99968, -0.0252948, 0.000560051, 0.0251244, 0.99507, 0.0959433, -0.00298415, -0.0958985, 0.995387, 0.00301097  
235, 11.1182, 62.9158, 180.678, 0.999664, -0.0259318, -0.00037763, 0.0258418, 0.994752, 0.0990012, -0.00219164, -0.0989777, 0.995087, 0.00305673  
236, 11.1018, 62.5809, 180.676, 0.999692, -0.024822, -0.000168318, 0.0247126, 0.994605, 0.100747, -0.00233333, -0.10072, 0.994912, 0.00292747  
237, 11.0649, 62.3829, 180.649, 0.99968, -0.0252628, -0.000884523, 0.0252197, 0.994367, 0.102949, -0.00172125, -0.102939, 0.994686, 0.00299737  
238, 10.9769, 62.0877, 180.654, 0.999652, -0.0263336, -0.00169738, 0.0263665, 0.99415, 0.10474, -0.00107073, -0.104749, 0.994498, 0.0029602  
239, 10.8806, 61.7968, 180.658, 0.999666, -0.0255592, -0.00385516, 0.0258238, 0.994041, 0.105905, 0.00112533, -0.105969, 0.994369, 0.0029602  
240, 10.7785, 61.5375, 180.659, 0.999643, -0.0264515, -0.00364412, 0.0266919, 0.993571, 0.110024, 0.000710403, -0.110082, 0.993922, 0.00307005  
241, 10.6965, 61.2343, 180.624, 0.999644, -0.0261879, -0.00505204, 0.0265945, 0.993055, 0.114603, 0.00201574, -0.114697, 0.993399, 0.00299959  
242, 10.5823, 60.778, 180.662, 0.99964, -0.0263133, -0.00525054, 0.0267476, 0.99274, 0.117271, 0.00212663, -0.117369, 0.993086, 0.00306367  
243, 10.4816, 60.4368, 180.623, 0.999629, -0.0265842, -0.00598268, 0.0271198, 0.991976, 0.123482, 0.00265199, -0.123599, 0.992329, 0.00293108  
244, 10.3702, 59.8317, 180.644, 0.999672, -0.0250867, -0.00513209, 0.0255351, 0.991597, 0.126821, 0.00190745, -0.126911, 0.991912, 0.00293441  
245, 10.2036, 59.3017, 180.635, 0.999695, -0.0243144, -0.00431671, 0.0246705, 0.991064, 0.131083, 0.00109093, -0.13115, 0.991362, 0.00286811  
246, 10.0899, 58.7259, 180.577, 0.999703, -0.0235192, -0.00636927, 0.0241548, 0.990939, 0.132121, 0.00320417, -0.132236, 0.991213, 0.00303704  
247, 9.92232, 58.0457, 180.56, 0.999695, -0.0238036, -0.00651296, 0.0244668, 0.990473, 0.135515, 0.00322519, -0.135633, 0.990754, 0.0030645  
248, 9.73315, 57.3237, 180.572, 0.999709, -0.023056, -0.00716201, 0.0238145, 0.990479, 0.135587, 0.00396773, -0.135718, 0.99074, 0.00303981  
249, 9.61404, 56.4659, 180.534, 0.999711, -0.0222053, -0.00916947, 0.0232447, 0.990481, 0.135674, 0.00606951, -0.135848, 0.990711, 0.00299876  
250, 9.42089, 55.7049, 180.489, 0.999725, -0.021754, -0.00880519, 0.0227625, 0.990147, 0.138168, 0.00571272, -0.138331, 0.99037, 0.00284065  
251, 9.30912, 54.8087, 180.49, 0.999732, -0.0208275, -0.0101459, 0.0220217, 0.99033, 0.136976, 0.00719492, -0.137163, 0.990522, 0.00285702  
252, 9.21359, 53.8258, 180.451, 0.999761, -0.0192978, -0.010254, 0.020521, 0.990368, 0.13693, 0.00751283, -0.137108, 0.990528, 0.00303288  
253, 9.16991, 52.7504, 180.425, 0.999732, -0.0204219, -0.0109066, 0.0217304, 0.990231, 0.137735, 0.00798719, -0.137935, 0.990409, 0.00280903  
254, 9.18396, 51.7615, 180.375, 0.999755, -0.0191839, -0.0110692, 0.0205587, 0.989713, 0.141581, 0.00823923, -0.141773, 0.989865, 0.00290528  
255, 9.19012, 50.42, 180.279, 0.999759, -0.0198207, -0.00941158, 0.0209586, 0.989609, 0.142252, 0.00649425, -0.142415, 0.989786, 0.00313717  
256, 9.35391, 49.288, 180.233, 0.999773, -0.0182977, -0.0109191, 0.0196575, 0.989778, 0.141256, 0.00822282, -0.141439, 0.989913, 0.00294717  
257, 9.49017, 48.1495, 180.224, 0.999769, -0.0200307, -0.00774732, 0.0209422, 0.989227, 0.144882, 0.00476177, -0.145011, 0.989419, 0.00304203  
258, 9.73623, 46.9066, 180.22, 0.999739, -0.0203613, -0.0104021, 0.0216229, 0.989821, 0.140664, 0.0074321, -0.140852, 0.990003, 0.00282013  
259, 10.0061, 45.4783, 180.168, 0.999735, -0.0215557, -0.0080475, 0.0224767, 0.98972, 0.141241, 0.00492021, -0.141385, 0.989942, 0.00298295  
260, 10.2454, 44.0857, 180.131, 0.999759, -0.0207978, -0.00709772, 0.021586, 0.989952, 0.139747, 0.00411997, -0.139866, 0.990162, 0.00319847  
261, 10.5616, 42.6242, 180.216, 0.999746, -0.0206675, -0.008957, 0.0216962, 0.990427, 0.136325, 0.00605377, -0.136484, 0.990624, 0.00288198  
262, 10.8071, 41.2488, 180.302, 0.999707, -0.022589, -0.00870587, 0.0235658, 0.990377, 0.136378, 0.00554145, -0.136543, 0.990619, 0.00304592  
263, 11.06, 39.6635, 180.409, 0.99969, -0.0237028, -0.00762081, 0.0245144, 0.99056, 0.13487, 0.00435207, -0.135015, 0.990834, 0.00283039  
264, 11.3506, 38.057, 180.483, 0.999683, -0.0244186, -0.00620691, 0.0250334, 0.990521, 0.135064, 0.00284999, -0.135177, 0.990817, 0.00298517  
265, 11.5664, 36.1657, 180.512, 0.999667, -0.025681, -0.0026402, 0.0258037, 0.990734, 0.133344, -0.000808651, -0.133367, 0.991066, 0.00293053  
266, 11.934, 34.5682, 180.47, 0.999743, -0.0226244, -0.00141071, 0.02261, 0.990769, 0.133665, -0.0016264, -0.133662, 0.991026, 0.00292331  
267, 12.1813, 32.6641, 180.535, 0.999726, -0.0233872, -0.000230057, 0.0232128, 0.990971, 0.13205, -0.0028603, -0.132019, 0.991243, 0.00290833  
268, 12.465, 31.0817, 180.545, 0.999649, -0.0264873, 0.000548532, 0.0261782, 0.990742, 0.133207, -0.00407174, -0.133146, 0.991088, 0.00296492  
269, 12.7586, 29.0417, 180.548, 0.999636, -0.0269586, 0.00127286, 0.0265783, 0.991534, 0.127099, -0.0046885, -0.127019, 0.991889, 0.00298461  
270, 13.0607, 27.288, 180.519, 0.99968, -0.0252921, 0.000277873, 0.0250674, 0.992145, 0.122558, -0.00337544, -0.122512, 0.992461, 0.00301873  
271, 13.314, 25.1977, 180.498, 0.999681, -0.0251607, 0.00214662, 0.0247386, 0.992863, 0.116663, -0.00506664, -0.116573, 0.993169, 0.00285619  
272, 13.4842, 23.2255, 180.518, 0.999623, -0.0272307, 0.00341446, 0.0266685, 0.993197, 0.11335, -0.00647782, -0.113216, 0.993549, 0.00294828  
273, 13.7676, 21.1652, 180.519, 0.999602, -0.0280048, 0.00352054, 0.0274436, 0.993481, 0.110643, -0.00659614, -0.110503, 0.993854, 0.002829  
274, 13.9997, 19.0397, 180.501, 0.999597, -0.0279452, 0.00495701, 0.0272602, 0.993957, 0.106332, -0.00789852, -0.106154, 0.994318, 0.00289086  
275, 14.1917, 16.8511, 180.554, 0.999467, -0.0312871, 0.00931449, 0.0301416, 0.994046, 0.104707, -0.012535, -0.104371, 0.994459, 0.00286756  
276, 14.4621, 14.66, 180.598, 0.999533, -0.029453, 0.00808289, 0.0285158, 0.994737, 0.0984182, -0.0109391, -0.0981418, 0.995112, 0.00286146  
277, 14.7261, 12.4169, 180.595, 0.99945, -0.0317407, 0.00959603, 0.0306683, 0.99486, 0.096508, -0.0126099, -0.0961607, 0.995286, 0.0028892  
