0, 0, 0, 0, 0, 0, 0, 0, 0, 0, 0, 0, 0, 0.00617921  
1, 12.0414, 63.6256, 180.508, 0.998623, -0.0523135, -0.00386001, 0.0521946, 0.998291, -0.026265, 0.00522743, 0.0260274, 0.999648, 0.00282346  
2, 12.036, 63.6383, 180.542, 0.998592, -0.052944, -0.00336989, 0.0528389, 0.998265, -0.0259934, 0.00474024, 0.0257787, 0.999656, 0.00305757  
3, 12.0498, 63.6313, 180.515, 0.998618, -0.0524532, -0.00331519, 0.0523514, 0.998299, -0.0256425, 0.00465458, 0.0254335, 0.999666, 0.00279766  
4, 12.0385, 63.6136, 180.518, 0.998619, -0.0524475, -0.00294419, 0.0523552, 0.9983, -0.0256107, 0.0042824, 0.0254212, 0.999668, 0.0029014  
5, 12.0333, 63.6269, 180.53, 0.998579, -0.0531794, -0.00354506, 0.0530652, 0.998228, -0.0269094, 0.0049698, 0.026683, 0.999632, 0.00287033  
6, 12.057, 63.6424, 180.486, 0.998627, -0.0522212, -0.00405221, 0.0521016, 0.998317, -0.0254622, 0.00537506, 0.0252161, 0.999668, 0.0028168  
7, 12.06, 63.6315, 180.504, 0.998601, -0.0528065, -0.0027256, 0.0527176, 0.998268, -0.0261286, 0.00410064, 0.0259484, 0.999655, 0.00327975  
8, 12.0252, 63.6148, 180.504, 0.998612, -0.0525887, -0.00306549, 0.0524948, 0.998301, -0.0252686, 0.00438912, 0.0250726, 0.999676, 0.00277852  
9, 12.0356, 63.6393, 180.532, 0.998586, -0.053042, -0.00347792, 0.0529312, 0.998244, -0.026602, 0.00488284, 0.0263803, 0.99964, 0.0029014  
10, 12.0452, 63.624, 180.516, 0.998604, -0.0527495, -0.00271683, 0.0526616, 0.998276, -0.0259205, 0.00407944, 0.0257413, 0.99966, 0.00274912  
11, 12.049, 63.6495, 180.527, 0.998624, -0.0523462, -0.00320393, 0.0522419, 0.998275, -0.0267941, 0.00460097, 0.0265899, 0.999636, 0.00313107  
12, 12.0712, 63.6569, 180.503, 0.998604, -0.0526753, -0.00389068, 0.0525591, 0.99829, -0.0255728, 0.00523109, 0.0253326, 0.999665, 0.00311055  
13, 12.0443, 63.6302, 180.529, 0.998613, -0.0525258, -0.00355906, 0.0524155, 0.998284, -0.0260953, 0.00492363, 0.0258726, 0.999653, 0.00278712  
14, 12.0567, 63.6217, 180.511, 0.998603, -0.052759, -0.00305548, 0.0526619, 0.998273, -0.0260347, 0.00442377, 0.0258374, 0.999656, 0.00284204  
15, 12.0618, 63.6356, 180.516, 0.998596, -0.052853, -0.00349357, 0.0527469, 0.998281, -0.0255648, 0.00483874, 0.0253446, 0.999667, 0.00281985  
16, 12.0518, 63.6456, 180.503, 0.998579, -0.0531798, -0.00334638, 0.0530728, 0.998239, -0.0265086, 0.00475021, 0.0262934, 0.999643, 0.00307338  
17, 12.0375, 63.6634, 180.505, 0.998616, -0.0525048, -0.00315228, 0.052404, 0.998279, -0.0263288, 0.00452924, 0.0261272, 0.999648, 0.00298461  
18, 12.0373, 63.6166, 180.514, 0.998592, -0.0529551, -0.00310381, 0.0528594, 0.998278, -0.0254239, 0.00444479, 0.025224, 0.999672, 0.00280737  
19, 12.0445, 63.6462, 180.512, 0.998641, -0.0520531, -0.00256628, 0.0519699, 0.998316, -0.0257813, 0.00390395, 0.0256129, 0.999664, 0.00298434  
20, 12.0463, 63.6194, 180.498, 0.998621, -0.0524012, -0.00325707, 0.0523019, 0.998308, -0.0253996, 0.00458253, 0.0251943, 0.999672, 0.00278046  
21, 12.0544, 63.635, 180.537, 0.998614, -0.0525448, -0.00309713, 0.0524468, 0.998285, -0.0260218, 0.00445913, 0.0258233, 0.999657, 0.00312996  
22, 12.05, 63.6384, 180.522, 0.998609, -0.0526169, -0.00341261, 0.0525087, 0.99827, -0.0264423, 0.00479802, 0.0262263, 0.999645, 0.00319626  
23, 12.0598, 63.6257, 180.51, 0.998592, -0.0529079, -0.00393987, 0.0527904, 0.998278, -0.0255848, 0.00528673, 0.0253408, 0.999665, 0.00293718  
24, 12.027, 63.6403, 180.524, 0.998591, -0.0529704, -0.00325009, 0.0528709, 0.998277, -0.0254463, 0.00459239, 0.0252386, 0.999671, 0.00291  
25, 12.0572, 63.6543, 180.523, 0.998602, -0.0527354, -0.00370478, 0.0526219, 0.998277, -0.0259742, 0.00506815, 0.0257429, 0.999656, 0.00277852  
26, 12.0765, 63.6443, 180.505, 0.998568, -0.0533574, -0.00387054, 0.0532397, 0.998245, -0.0259241, 0.00524699, 0.0256809, 0.999656, 0.00316713  
27, 12.0573, 63.6226, 180.498, 0.998601, -0.0527651, -0.00333321, 0.0526618, 0.998278, -0.0258248, 0.00469012, 0.0256132, 0.999661, 0.0030939  
28, 12.0431, 63.6432, 180.514, 0.998621, -0.0523638, -0.00384681, 0.0522455, 0.99829, -0.0262137, 0.00521289, 0.0259766, 0.999649, 0.00278407  
29, 12.0533, 63.6235, 180.489, 0.998617, -0.0525115, -0.00244774, 0.0524298, 0.998283, -0.0261362, 0.00381598, 0.0259717, 0.999655, 0.00297657  
30, 12.0371, 63.6261, 180.524, 0.99861, -0.0526554, -0.00226789, 0.0525804, 0.998289, -0.0255861, 0.00361126, 0.0254313, 0.99967, 0.00274052  
31, 12.067, 63.6527, 180.515, 0.998623, -0.0523657, -0.00317204, 0.052271, 0.998323, -0.0248609, 0.00446858, 0.0246609, 0.999686, 0.0029921  
32, 12.0279, 63.6445, 180.522, 0.998636, -0.0521045, -0.00349633, 0.0519935, 0.998293, -0.0265977, 0.00487622, 0.0263796, 0.99964, 0.00307032  
33, 12.0796, 63.644, 180.5, 0.998623, -0.0522647, -0.0044276, 0.0521278, 0.99828, -0.0268209, 0.00582178, 0.0265532, 0.99963, 0.00275883  
34, 12.054, 63.6351, 180.499, 0.998629, -0.0521907, -0.00402278, 0.0520663, 0.998292, -0.0265105, 0.00539951, 0.0262647, 0.99964, 0.00300902  
35, 12.0721, 63.6648, 180.514, 0.998606, -0.0525628, -0.00475193, 0.0524173, 0.998265, -0.0268069, 0.00615273, 0.0265204, 0.999629, 0.00273358  
36, 12.0371, 63.6394, 180.534, 0.998627, -0.0523274, -0.00255572, 0.0522476, 0.998322, -0.024955, 0.00385726, 0.0247872, 0.999685, 0.00314439  
37, 12.0666, 63.6593, 180.511, 0.998615, -0.0525229, -0.00312971, 0.0524249, 0.998291, -0.0258298, 0.00448102, 0.02563, 0.999661, 0.00309252  
38, 12.0662, 63.6328, 180.488, 0.998633, -0.0521495, -0.00362514, 0.0520391, 0.998312, -0.0257958, 0.00496426, 0.0255719, 0.999661, 0.00273414  
39, 12.086, 63.6459, 180.511, 0.998576, -0.0532395, -0.00333125, 0.0531346, 0.998245, -0.0261492, 0.00471757, 0.025935, 0.999653, 0.00311859  
40, 12.0316, 63.6181, 180.523, 0.998589, -0.0530393, -0.00259916, 0.052955, 0.998265, -0.0257559, 0.00396073, 0.0255819, 0.999665, 0.00277686  
41, 12.0333, 63.6243, 180.525, 0.998622, -0.052428, -0.00251641, 0.052346, 0.998296, -0.0257894, 0.00386421, 0.0256221, 0.999664, 0.0032068  
42, 12.035, 63.6196, 180.516, 0.998602, -0.0527723, -0.00307253, 0.0526742, 0.998269, -0.0261583, 0.00444764, 0.0259599, 0.999653, 0.00317739  
43, 12.0557, 63.6387, 180.487, 0.99864, -0.0519574, -0.00441322, 0.0518224, 0.998302, -0.0265918, 0.00578737, 0.0263269, 0.999637, 0.00283289  
44, 12.0471, 63.6065, 180.501, 0.998637, -0.0520939, -0.00312964, 0.0519935, 0.998299, -0.0263891, 0.00449902, 0.0261904, 0.999647, 0.00281819  
45, 12.0615, 63.6354, 180.504, 0.998597, -0.0528753, -0.00299428, 0.0527829, 0.998285, -0.0253184, 0.00432786, 0.0251248, 0.999675, 0.00296131  
46, 12.0337, 63.6467, 180.528, 0.998626, -0.0523386, -0.00262534, 0.0522545, 0.998305, -0.0256093, 0.00396124, 0.0254369, 0.999669, 0.0032398  
47, 12.0609, 63.6339, 180.501, 0.998613, -0.0525631, -0.00291718, 0.0524722, 0.998299, -0.0254209, 0.00424842, 0.0252326, 0.999673, 0.00311776  
48, 12.0611, 63.6539, 180.491, 0.998623, -0.0523224, -0.00390246, 0.0522071, 0.998314, -0.025357, 0.00522263, 0.0251183, 0.999671, 0.00270113  
49, 12.0542, 63.6475, 180.518, 0.998579, -0.0531608, -0.00376556, 0.0530455, 0.998254, -0.0259759, 0.00513989, 0.0257392, 0.999655, 0.00273886  
50, 12.048, 63.6496, 180.509, 0.998602, -0.0527388, -0.00361575, 0.0526282, 0.998279, -0.0258536, 0.00497302, 0.0256272, 0.999659, 0.002715  
51, 12.0343, 63.6556, 180.536, 0.998603, -0.0527274, -0.00333065, 0.0526258, 0.998289, -0.0254823, 0.00466857, 0.0252714, 0.99967, 0.00299987  
52, 12.0518, 63.6296, 180.525, 0.998585, -0.0530401, -0.00396733, 0.0529196, 0.99826, -0.0260103, 0.00534002, 0.0257635, 0.999654, 0.00317573  
53, 12.0593, 63.6467, 180.511, 0.998611, -0.0525569, -0.00375908, 0.0524378, 0.998265, -0.0267994, 0.00516105, 0.0265651, 0.999634, 0.00281486  
54, 12.0337, 63.6335, 180.534, 0.998589, -0.052994, -0.00328155, 0.0528917, 0.998265, -0.0258823, 0.00464746, 0.0256722, 0.99966, 0.00284731  
55, 12.0416, 63.6291, 180.508, 0.998643, -0.0519637, -0.00336119, 0.0518563, 0.9983, -0.0266073, 0.00473809, 0.0263969, 0.99964, 0.00291638  
56, 12.0283, 63.6464, 180.53, 0.998568, -0.0534149, -0.00312269, 0.0533167, 0.998243, -0.025864, 0.00449873, 0.0256605, 0.999661, 0.00317323  
57, 12.0392, 63.6352, 180.528, 0.998604, -0.0527321, -0.00299687, 0.0526424, 0.998308, -0.0246947, 0.00429401, 0.0245025, 0.999691, 0.00295216  
58, 12.0126, 63.6505, 180.528, 0.998609, -0.0526664, -0.00249381, 0.0525869, 0.998298, -0.0252313, 0.0038184, 0.025065, 0.999679, 0.00275855  
59, 12.0431, 63.6422, 180.477, 0.998603, -0.0526839, -0.00400282, 0.0525608, 0.998271, -0.0263188, 0.00538248, 0.0260716, 0.999646, 0.00302067  
60, 12.0552, 63.6529, 180.521, 0.998614, -0.0524798, -0.00388092, 0.0523661, 0.998311, -0.0251515, 0.00519431, 0.0249134, 0.999676, 0.00296991  
61, 12.0213, 63.6422, 180.485, 0.998653, -0.0517876, -0.00330892, 0.0516865, 0.998336, -0.0255569, 0.00462694, 0.0253515, 0.999668, 0.0031663  
62, 12.057, 63.6395, 180.481, 0.998628, -0.0521978, -0.00416499, 0.0520747, 0.998315, -0.0255919, 0.00549381, 0.0253399, 0.999664, 0.00301984  
63, 12.0375, 63.634, 180.522, 0.998623, -0.0523436, -0.00346184, 0.0522347, 0.998287, -0.0263471, 0.00483502, 0.02613, 0.999647, 0.00282845  
64, 12.0388, 63.6113, 180.508, 0.998615, -0.0525298, -0.00308421, 0.0524307, 0.998277, -0.0263361, 0.00446232, 0.0261379, 0.999648, 0.00281708  
65, 12.0617, 63.6323, 180.486, 0.998636, -0.0520863, -0.00365585, 0.0519728, 0.998303, -0.0262585, 0.00501735, 0.0260326, 0.999649, 0.00304314  
66, 12.0597, 63.6447, 180.503, 0.998658, -0.0516483, -0.00392585, 0.0515334, 0.998353, -0.0252199, 0.00522195, 0.0249838, 0.999674, 0.00294107  
67, 12.0443, 63.659, 180.5, 0.998608, -0.0525889, -0.00401035, 0.0524704, 0.998299, -0.0254321, 0.00534097, 0.0251862, 0.999669, 0.00295466  
68, 12.0305, 63.6298, 180.522, 0.998586, -0.0530689, -0.0030064, 0.0529749, 0.998267, -0.0256198, 0.00436081, 0.0254243, 0.999667, 0.00289807  
69, 12.0378, 63.6281, 180.514, 0.998584, -0.0531215, -0.00297458, 0.0530306, 0.998278, -0.0250778, 0.00430163, 0.0248846, 0.999681, 0.00290417  
70, 12.0302, 63.6557, 180.526, 0.998629, -0.0522436, -0.00341296, 0.0521395, 0.998311, -0.0256122, 0.00474527, 0.0253991, 0.999666, 0.0028903  
71, 12.0408, 63.6371, 180.515, 0.998585, -0.0530962, -0.00303114, 0.0529967, 0.998238, -0.0266898, 0.00444292, 0.0264914, 0.999639, 0.00299876  
72, 12.045, 63.6428, 180.508, 0.998616, -0.0524412, -0.00396557, 0.0523232, 0.998303, -0.0255707, 0.0052998, 0.0253279, 0.999665, 0.00314688  
73, 12.042, 63.6013, 180.486, 0.998607, -0.052693, -0.00281581, 0.0526051, 0.998294, -0.0253216, 0.00414528, 0.0251382, 0.999675, 0.00291028  
74, 12.0382, 63.6422, 180.507, 0.998618, -0.0524136, -0.00377697, 0.0523013, 0.998308, -0.025392, 0.00510146, 0.0251594, 0.99967, 0.00288448  
75, 12.0363, 63.6099, 180.482, 0.998612, -0.0525938, -0.00291033, 0.052502, 0.99829, -0.025688, 0.00425638, 0.0254995, 0.999666, 0.00284814  
76, 12.0184, 63.6338, 180.485, 0.998642, -0.0519572, -0.00370924, 0.0518433, 0.998315, -0.0260718, 0.00505761, 0.0258441, 0.999653, 0.00306034  
77, 12.0548, 63.6311, 180.497, 0.998617, -0.0524444, -0.00368966, 0.0523315, 0.998293, -0.0259461, 0.00504409, 0.0257172, 0.999657, 0.00314328  
78, 12.0558, 63.6169, 180.502, 0.998612, -0.0525377, -0.00379716, 0.0524173, 0.998264, -0.0268624, 0.00520186, 0.0266261, 0.999632, 0.00277297  
79, 12.0419, 63.6503, 180.502, 0.998633, -0.0521095, -0.00414448, 0.0519886, 0.998327, -0.025301, 0.00545597, 0.0250509, 0.999671, 0.00289974  
80, 12.0185, 63.6562, 180.526, 0.998615, -0.0525455, -0.00275102, 0.0524578, 0.998293, -0.025681, 0.00409575, 0.0255011, 0.999666, 0.00278962  
81, 12.0683, 63.6569, 180.504, 0.998605, -0.0526653, -0.00371733, 0.0525562, 0.998304, -0.0250401, 0.00502977, 0.0248098, 0.99968, 0.00302816  
82, 12.0576, 63.6395, 180.52, 0.998584, -0.0531219, -0.00282454, 0.0530306, 0.998253, -0.0260438, 0.00420311, 0.0258572, 0.999657, 0.00316463  
83, 12.0429, 63.654, 180.536, 0.998594, -0.0529284, -0.00285657, 0.052835, 0.998255, -0.0263578, 0.00424666, 0.0261698, 0.999648, 0.00286284  
84, 12.0456, 63.6577, 180.52, 0.998609, -0.0526137, -0.00352232, 0.052509, 0.998304, -0.0251329, 0.00483868, 0.0249129, 0.999678, 0.00291028  
85, 12.0512, 63.6213, 180.509, 0.998582, -0.053159, -0.0028645, 0.0530702, 0.998273, -0.0252081, 0.00419959, 0.0250204, 0.999678, 0.00279378  
86, 12.0684, 63.6247, 180.51, 0.998614, -0.0525533, -0.00276459, 0.0524668, 0.998302, -0.025289, 0.00408892, 0.0251089, 0.999676, 0.00310999  
87, 12.0619, 63.6452, 180.529, 0.998634, -0.0521332, -0.00361184, 0.0520232, 0.998313, -0.0257878, 0.00495015, 0.0255647, 0.999661, 0.00301235  
88, 12.0413, 63.6278, 180.526, 0.998609, -0.0526212, -0.00321667, 0.0525217, 0.99829, -0.0256612, 0.00456149, 0.0254566, 0.999666, 0.00287533  
89, 12.0256, 63.6499, 180.575, 0.998617, -0.0524977, -0.00279335, 0.0524119, 0.998313, -0.0249706, 0.00409953, 0.0247896, 0.999684, 0.00291055  
90, 12.046, 63.6531, 180.538, 0.998586, -0.0530715, -0.00309065, 0.0529747, 0.998264, -0.0257581, 0.0044523, 0.0255579, 0.999663, 0.00282817  
91, 12.0297, 63.6318, 180.519, 0.998601, -0.052822, -0.00255524, 0.0527376, 0.998267, -0.0261186, 0.00393046, 0.0259473, 0.999656, 0.00306173  
92, 12.0301, 63.673, 180.549, 0.998577, -0.0532645, -0.00277213, 0.0531727, 0.998234, -0.0264896, 0.00417819, 0.0263045, 0.999645, 0.00321456  
93, 12.0431, 63.6442, 180.521, 0.998647, -0.0519321, -0.00254906, 0.0518498, 0.998325, -0.0256577, 0.00387725, 0.0254908, 0.999668, 0.00288531  
94, 12.0417, 63.6624, 180.52, 0.998596, -0.0528534, -0.00346051, 0.0527497, 0.998289, -0.0252469, 0.00478898, 0.0250289, 0.999675, 0.0029186  
95, 12.0663, 63.6409, 180.49, 0.998633, -0.0521592, -0.00344945, 0.0520544, 0.998317, -0.0255631, 0.004777, 0.0253486, 0.999667, 0.00277991  
96, 12.0356, 63.6402, 180.54, 0.9986, -0.0528156, -0.00307783, 0.0527169, 0.998264, -0.0262748, 0.0044602, 0.0260757, 0.99965, 0.00307227  
97, 12.046, 63.6524, 180.534, 0.998615, -0.0525095, -0.00327195, 0.0524026, 0.998262, -0.0269529, 0.00468154, 0.0267441, 0.999631, 0.00321262  
98, 12.0505, 63.6372, 180.502, 0.998604, -0.0527123, -0.00350207, 0.0526052, 0.998284, -0.0257322, 0.00485247, 0.025512, 0.999663, 0.00275467  
99, 12.0413, 63.6307, 180.521, 0.998605, -0.0527039, -0.00306683, 0.0526067, 0.998277, -0.0260055, 0.00443214, 0.0258079, 0.999657, 0.00292997  
100, 12.0187, 63.6195, 180.534, 0.998594, -0.0529817, -0.00177394, 0.0529189, 0.99827, -0.0256409, 0.00312937, 0.025511, 0.99967, 0.00276493  
101, 12.0433, 63.6296, 180.501, 0.99863, -0.0522345, -0.00315048, 0.0521366, 0.998309, -0.025708, 0.004488, 0.0255086, 0.999665, 0.00301929  
102, 12.0056, 63.6459, 180.515, 0.998607, -0.052645, -0.00358306, 0.0525325, 0.99827, -0.0264187, 0.00496767, 0.0261937, 0.999645, 0.00299543  
103, 12.0383, 63.6548, 180.524, 0.998596, -0.0528332, -0.00374048, 0.0527231, 0.998293, -0.0251285, 0.00506171, 0.024896, 0.999677, 0.00280238  
104, 12.0386, 63.6365, 180.483, 0.998633, -0.0521516, -0.0036491, 0.0520419, 0.998319, -0.0255281, 0.00497429, 0.0253033, 0.999667, 0.00292359  
105, 12.0377, 63.6382, 180.51, 0.998631, -0.0522205, -0.00301354, 0.0521268, 0.998314, -0.0255431, 0.00434233, 0.0253511, 0.999669, 0.00273164  
106, 12.0539, 63.6489, 180.521, 0.998604, -0.0526865, -0.00365235, 0.0525787, 0.998302, -0.0250899, 0.00496805, 0.0248629, 0.999679, 0.00305424  
107, 12.0578, 63.6375, 180.531, 0.998565, -0.0534154, -0.00390705, 0.0532943, 0.99823, -0.0263839, 0.00530944, 0.0261378, 0.999644, 0.00311776  
108, 12.0481, 63.6508, 180.529, 0.998589, -0.0529859, -0.00342615, 0.0528781, 0.998256, -0.0262594, 0.00481155, 0.0260412, 0.999649, 0.0027641  
109, 12.0542, 63.649, 180.523, 0.99858, -0.0531393, -0.00365017, 0.0530271, 0.998256, -0.0259551, 0.00502304, 0.0257247, 0.999656, 0.00297185  
110, 12.0407, 63.6667, 180.521, 0.998635, -0.0520794, -0.00392194, 0.0519639, 0.998328, -0.0253165, 0.00523385, 0.0250782, 0.999672, 0.00305646  
111, 12.0543, 63.6431, 180.505, 0.998646, -0.0519183, -0.00324246, 0.0518212, 0.998343, -0.0250297, 0.00453658, 0.0248278, 0.999681, 0.00356878  
112, 12.0124, 63.6276, 180.515, 0.998616, -0.0525374, -0.00247282, 0.0524603, 0.998316, -0.0247731, 0.00377017, 0.0246091, 0.99969, 0.0029774  
113, 12.0469, 63.6412, 180.499, 0.998612, -0.0525506, -0.00352351, 0.0524416, 0.998285, -0.0260074, 0.00488417, 0.0257865, 0.999656, 0.00280182  
114, 12.0491, 63.6203, 180.497, 0.998599, -0.0528162, -0.00333063, 0.0527116, 0.998268, -0.0261188, 0.00470436, 0.0259067, 0.999653, 0.00292553  
115, 12.054, 63.6358, 180.519, 0.998602, -0.0526932, -0.00409086, 0.052569, 0.998276, -0.0261086, 0.00545955, 0.025857, 0.999651, 0.00272804  
116, 12.035, 63.6308, 180.524, 0.998616, -0.0525132, -0.00288027, 0.052421, 0.998288, -0.0259591, 0.00423853, 0.0257722, 0.999659, 0.0030093  
117, 12.0315, 63.6382, 180.508, 0.998625, -0.0523537, -0.0028081, 0.0522634, 0.998296, -0.0259736, 0.00416313, 0.0257911, 0.999659, 0.00317407  
118, 12.0402, 63.6507, 180.502, 0.998647, -0.0518869, -0.00340473, 0.0517799, 0.998313, -0.0262725, 0.00476218, 0.0260607, 0.999649, 0.00286562  
119, 12.0266, 63.6465, 180.532, 0.998617, -0.0524919, -0.00301683, 0.0523988, 0.998304, -0.0253771, 0.0043438, 0.0251839, 0.999673, 0.00295299  
120, 12.0671, 63.6442, 180.501, 0.998609, -0.0525873, -0.00393195, 0.0524709, 0.998299, -0.0254268, 0.00526239, 0.0251851, 0.999669, 0.00274163  
121, 12.0385, 63.6517, 180.519, 0.998592, -0.0529496, -0.00334451, 0.0528481, 0.99828, -0.0253661, 0.00468188, 0.0251536, 0.999673, 0.00310805  
122, 12.0457, 63.6102, 180.516, 0.998593, -0.0529531, -0.00289384, 0.0528575, 0.998246, -0.0266544, 0.0043002, 0.0264639, 0.999641, 0.00316741  
123, 12.0614, 63.6655, 180.512, 0.998627, -0.0522586, -0.00356195, 0.052151, 0.998312, -0.0255449, 0.00489088, 0.0253241, 0.999667, 0.00280654  
124, 12.0295, 63.6369, 180.502, 0.99861, -0.0526488, -0.00261195, 0.0525605, 0.99826, -0.0267288, 0.00401465, 0.0265544, 0.999639, 0.00297907  
125, 12.0453, 63.6359, 180.515, 0.998612, -0.0525644, -0.00333963, 0.0524616, 0.998292, -0.0257066, 0.00468518, 0.0254957, 0.999664, 0.00272887  
126, 12.0626, 63.6193, 180.491, 0.998641, -0.0520071, -0.00346478, 0.0519009, 0.998319, -0.0257935, 0.0048004, 0.0255787, 0.999661, 0.00311249  
127, 12.037, 63.6253, 180.492, 0.998607, -0.0526488, -0.00355583, 0.0525404, 0.998288, -0.02572, 0.00490387, 0.0254974, 0.999663, 0.00318294  
128, 12.0692, 63.643, 180.491, 0.998619, -0.0523988, -0.00374115, 0.0522868, 0.998306, -0.0255099, 0.0050715, 0.0252791, 0.999668, 0.00276576  
129, 12.0242, 63.631, 180.499, 0.998639, -0.0520901, -0.00269978, 0.0520041, 0.998319, -0.0256047, 0.004029, 0.0254295, 0.999668, 0.00294412  
130, 12.016, 63.637, 180.533, 0.998626, -0.052335, -0.00251641, 0.0522549, 0.998314, -0.0252859, 0.0038355, 0.0251197, 0.999677, 0.00276521  
131, 12.0507, 63.6413, 180.49, 0.998604, -0.0526775, -0.00385376, 0.0525619, 0.998289, -0.0256304, 0.00519731, 0.0253921, 0.999664, 0.00311443  
132, 12.0274, 63.6527, 180.517, 0.998642, -0.0520231, -0.00294416, 0.0519314, 0.998325, -0.0255132, 0.0042665, 0.0253256, 0.99967, 0.00317823  
133, 12.056, 63.646, 180.501, 0.998605, -0.0526997, -0.0032536, 0.0525975, 0.998276, -0.0260491, 0.00462077, 0.0258416, 0.999655, 0.00278546  
134, 12.0337, 63.6442, 180.525, 0.998601, -0.0527776, -0.00315305, 0.0526797, 0.998282, -0.0256524, 0.0045015, 0.0254504, 0.999666, 0.002834  
135, 12.0491, 63.6421, 180.526, 0.998599, -0.0528383, -0.00286669, 0.0527466, 0.998272, -0.0258974, 0.00423011, 0.0257099, 0.99966, 0.00273691  
136, 12.0603, 63.6445, 180.525, 0.998595, -0.0528178, -0.00435316, 0.0526856, 0.998264, -0.0263235, 0.00573595, 0.0260571, 0.999644, 0.00292775  
137, 12.0349, 63.6218, 180.508, 0.998634, -0.052166, -0.00292139, 0.0520736, 0.99831, -0.0258064, 0.00426267, 0.025619, 0.999663, 0.00314577  
138, 12.0404, 63.6347, 180.507, 0.998613, -0.0524922, -0.00395913, 0.0523756, 0.998306, -0.0253393, 0.00528254, 0.0250968, 0.999671, 0.00279128  
139, 12.0399, 63.637, 180.495, 0.998619, -0.052422, -0.00354679, 0.0523155, 0.998308, -0.0253962, 0.00487211, 0.0251755, 0.999671, 0.00285646  
140, 12.0746, 63.6717, 180.502, 0.998606, -0.0526314, -0.00399137, 0.0525144, 0.998301, -0.025243, 0.00531317, 0.0249982, 0.999673, 0.00272776  
141, 12.0497, 63.6737, 180.516, 0.998588, -0.0529761, -0.00390501, 0.052858, 0.998268, -0.0258446, 0.00526739, 0.0256017, 0.999658, 0.00317046  
142, 12.0431, 63.6361, 180.502, 0.998595, -0.0528941, -0.00308091, 0.0527957, 0.998262, -0.0261771, 0.00446017, 0.0259776, 0.999653, 0.00336906  
143, 12.0669, 63.6477, 180.501, 0.99862, -0.0523992, -0.00365195, 0.0522859, 0.998288, -0.0262171, 0.00501946, 0.02599, 0.99965, 0.00274801  
144, 12.0475, 63.6343, 180.501, 0.998623, -0.0523226, -0.0037054, 0.0522124, 0.998315, -0.0253372, 0.00502486, 0.0251089, 0.999672, 0.00306866  
145, 12.0621, 63.6304, 180.5, 0.998649, -0.0518265, -0.0037575, 0.0517114, 0.998322, -0.0260735, 0.0051025, 0.025844, 0.999653, 0.00271944  
146, 12.0428, 63.641, 180.543, 0.998604, -0.0527164, -0.00331544, 0.0526106, 0.998264, -0.0264617, 0.00470466, 0.0262504, 0.999644, 0.00298129  
147, 12.0454, 63.6295, 180.516, 0.998612, -0.0525282, -0.00377152, 0.0524137, 0.998291, -0.0258512, 0.005123, 0.0256177, 0.999659, 0.00311165  
148, 12.0513, 63.6567, 180.538, 0.998593, -0.0528748, -0.00403707, 0.0527489, 0.998251, -0.026681, 0.00544076, 0.0264305, 0.999636, 0.0027763  
149, 12.0383, 63.656, 180.509, 0.998619, -0.052403, -0.0037309, 0.0522836, 0.998267, -0.0270248, 0.00514062, 0.0267924, 0.999628, 0.00294717  
150, 12.0351, 63.6249, 180.515, 0.998603, -0.0527746, -0.00258277, 0.0526935, 0.998295, -0.0250919, 0.00390258, 0.0249207, 0.999682, 0.00278046  
151, 12.0573, 63.6366, 180.486, 0.998596, -0.052864, -0.00349352, 0.0527574, 0.998278, -0.0256483, 0.00484338, 0.0254279, 0.999665, 0.00314466  
152, 12.0419, 63.6025, 180.496, 0.99863, -0.0522109, -0.00349156, 0.0521013, 0.998295, -0.0263226, 0.00485993, 0.0261047, 0.999647, 0.00321151  
153, 12.0305, 63.6283, 180.52, 0.998605, -0.0527218, -0.00287272, 0.0526325, 0.998293, -0.0253139, 0.0042024, 0.0251273, 0.999675, 0.00280903  
154, 12.0437, 63.6143, 180.498, 0.998601, -0.0528068, -0.00263121, 0.0527215, 0.998275, -0.0258308, 0.00399072, 0.025656, 0.999663, 0.00291471  
155, 12.0654, 63.6288, 180.503, 0.998639, -0.0520765, -0.00303055, 0.0519841, 0.998331, -0.0251589, 0.00433568, 0.0249671, 0.999679, 0.00272831  
156, 12.0348, 63.635, 180.513, 0.998608, -0.0526579, -0.00302506, 0.0525621, 0.998281, -0.0259307, 0.00438531, 0.0257356, 0.999659, 0.00296686  
157, 12.0602, 63.6368, 180.515, 0.998595, -0.0528215, -0.00428044, 0.0526914, 0.998265, -0.0262873, 0.00566154, 0.0260248, 0.999645, 0.0030559  
158, 12.0342, 63.6706, 180.529, 0.998607, -0.0526594, -0.00324915, 0.0525585, 0.998285, -0.0257692, 0.00460057, 0.0255625, 0.999663, 0.00280099  
159, 12.0368, 63.6029, 180.537, 0.998582, -0.0532046, -0.0020389, 0.0531354, 0.998261, -0.0255355, 0.00339396, 0.0253909, 0.999672, 0.00283677  
160, 12.0284, 63.6501, 180.523, 0.998608, -0.052634, -0.00356077, 0.0525212, 0.998266, -0.0265854, 0.00495389, 0.0263613, 0.99964, 0.00276077  
161, 12.0524, 63.646, 180.514, 0.998619, -0.0523971, -0.00390987, 0.0522776, 0.998291, -0.0261134, 0.00527146, 0.0258729, 0.999651, 0.00301818  
162, 12.0394, 63.6351, 180.495, 0.998602, -0.0527522, -0.00330278, 0.0526509, 0.998285, -0.0255732, 0.00464616, 0.0253635, 0.999667, 0.00308087  
163, 12.0334, 63.6299, 180.506, 0.9986, -0.0528236, -0.00276245, 0.0527353, 0.998277, -0.0257486, 0.00411782, 0.0255668, 0.999665, 0.00285203  
164, 12.0363, 63.6226, 180.506, 0.998614, -0.0525151, -0.00344948, 0.0524076, 0.998284, -0.0261182, 0.00481516, 0.0259012, 0.999653, 0.00289613  
165, 12.0304, 63.6493, 180.51, 0.998619, -0.0524576, -0.00281495, 0.0523673, 0.998292, -0.0259176, 0.00416971, 0.0257344, 0.99966, 0.00286839  
166, 12.0634, 63.633, 180.495, 0.998639, -0.0520292, -0.00349675, 0.0519226, 0.998321, -0.0256857, 0.00482728, 0.0254692, 0.999664, 0.00294439  
167, 12.0742, 63.6272, 180.498, 0.998594, -0.0528812, -0.00369567, 0.0527674, 0.998266, -0.0260813, 0.00506847, 0.0258496, 0.999653, 0.00312441  
168, 12.0503, 63.6365, 180.517, 0.998586, -0.0530362, -0.00353029, 0.0529305, 0.998278, -0.0252817, 0.00486505, 0.0250591, 0.999674, 0.0029014  
169, 12.0288, 63.6685, 180.507, 0.998624, -0.0523153, -0.00366284, 0.0522002, 0.998284, -0.0265428, 0.00504515, 0.0263151, 0.999641, 0.00289696  
170, 12.0475, 63.6156, 180.521, 0.99863, -0.0522562, -0.00260096, 0.0521726, 0.998309, -0.0256325, 0.00393602, 0.0254617, 0.999668, 0.0027358  
171, 12.0711, 63.6339, 180.51, 0.998621, -0.0523434, -0.00414839, 0.0522188, 0.998299, -0.0259313, 0.00549866, 0.0256789, 0.999655, 0.00307365  
172, 12.0099, 63.6462, 180.518, 0.998613, -0.0525535, -0.00323069, 0.0524552, 0.998302, -0.0253156, 0.00455563, 0.0251111, 0.999674, 0.00297574  
173, 12.0413, 63.631, 180.519, 0.998617, -0.0524526, -0.0034555, 0.0523439, 0.998282, -0.0263302, 0.00483066, 0.026113, 0.999647, 0.00276105  
174, 12.0462, 63.6169, 180.49, 0.998623, -0.0523641, -0.00320285, 0.052268, 0.99832, -0.025001, 0.00450663, 0.0247991, 0.999682, 0.00290168  
175, 12.0409, 63.6484, 180.513, 0.998625, -0.0522914, -0.0036694, 0.0521815, 0.998313, -0.0254591, 0.0049945, 0.0252327, 0.999669, 0.00286756  
176, 12.0403, 63.629, 180.507, 0.99863, -0.0522258, -0.0032913, 0.0521194, 0.998282, -0.0267725, 0.00468387, 0.0265643, 0.999636, 0.00306949  
177, 12.069, 63.6608, 180.51, 0.9986, -0.052787, -0.00342875, 0.0526813, 0.998278, -0.0258087, 0.00478521, 0.0255919, 0.999661, 0.00327642  
178, 12.0576, 63.6458, 180.483, 0.998628, -0.0522381, -0.00374049, 0.0521258, 0.998313, -0.025579, 0.00507038, 0.0253489, 0.999666, 0.00285841  
179, 12.0361, 63.6587, 180.519, 0.998619, -0.0524488, -0.00313778, 0.0523514, 0.998299, -0.0256619, 0.00447838, 0.0254622, 0.999666, 0.00292054  
180, 12.054, 63.6567, 180.505, 0.998658, -0.0516953, -0.00310531, 0.0516019, 0.998355, -0.0249965, 0.0043924, 0.0248027, 0.999683, 0.00280321  
181, 12.0604, 63.6404, 180.51, 0.998622, -0.0523493, -0.00358683, 0.0522397, 0.9983, -0.0258294, 0.00493288, 0.0256064, 0.99966, 0.00303676  
182, 12.0301, 63.6313, 180.528, 0.998627, -0.0522666, -0.00340811, 0.0521591, 0.998291, -0.0263545, 0.00477974, 0.0261405, 0.999647, 0.00308225  
183, 12.0361, 63.6601, 180.525, 0.998624, -0.0523703, -0.00276398, 0.0522803, 0.99829, -0.0261604, 0.00412928, 0.0259799, 0.999654, 0.00274967  
184, 12.0442, 63.6414, 180.499, 0.998613, -0.0525822, -0.00284546, 0.0524905, 0.998281, -0.0260588, 0.0042108, 0.0258733, 0.999656, 0.00280765  
185, 12.0455, 63.6524, 180.516, 0.998595, -0.0528639, -0.00358818, 0.0527481, 0.998242, -0.0270283, 0.00501069, 0.0268011, 0.999628, 0.0027494  
186, 12.034, 63.6432, 180.5, 0.99865, -0.0518127, -0.00373188, 0.0516922, 0.998291, -0.0272559, 0.00513771, 0.0270262, 0.999622, 0.00303232  
187, 12.0274, 63.6342, 180.525, 0.998609, -0.0526306, -0.00312209, 0.0525293, 0.998265, -0.0266109, 0.00451722, 0.0264099, 0.999641, 0.0032534  
188, 12.0589, 63.6455, 180.501, 0.998611, -0.0525609, -0.00370721, 0.0524478, 0.998288, -0.0258846, 0.00506138, 0.0256542, 0.999658, 0.00278546  
189, 12.039, 63.6463, 180.509, 0.99861, -0.0525991, -0.00348734, 0.0524889, 0.998271, -0.0264704, 0.00487363, 0.0262505, 0.999644, 0.00293829  
190, 12.0461, 63.6405, 180.506, 0.998616, -0.0525043, -0.00302859, 0.0524081, 0.998287, -0.0260226, 0.0043897, 0.0258278, 0.999657, 0.00279544  
191, 12.0561, 63.6319, 180.489, 0.998649, -0.0518561, -0.00339547, 0.0517521, 0.998329, -0.0257022, 0.00472261, 0.0254918, 0.999664, 0.00293801  
192, 12.0302, 63.6479, 180.532, 0.998607, -0.0527077, -0.00252598, 0.0526233, 0.998268, -0.0262919, 0.00390739, 0.0261223, 0.999651, 0.00320569  
193, 12.0423, 63.6098, 180.526, 0.998609, -0.0526847, -0.00227425, 0.052611, 0.998297, -0.0251842, 0.0035972, 0.0250295, 0.99968, 0.00283039  
194, 12.0332, 63.6491, 180.536, 0.998606, -0.0526755, -0.00348544, 0.0525704, 0.998294, -0.0254114, 0.00481805, 0.0251928, 0.999671, 0.00292636  
195, 12.075, 63.6483, 180.497, 0.998616, -0.0524818, -0.00341612, 0.052375, 0.998286, -0.0261214, 0.00478116, 0.0259063, 0.999653, 0.00275134  
196, 12.0512, 63.6472, 180.522, 0.998592, -0.0529524, -0.00321368, 0.0528466, 0.998237, -0.0270249, 0.00463905, 0.026817, 0.99963, 0.00299626  
197, 12.0639, 63.6379, 180.5, 0.998632, -0.0521766, -0.0033939, 0.0520741, 0.998321, -0.0253665, 0.00471174, 0.025155, 0.999672, 0.00318211  
198, 12.0349, 63.6458, 180.505, 0.998629, -0.0522455, -0.0033387, 0.0521428, 0.998309, -0.0257063, 0.00467609, 0.0254969, 0.999664, 0.00280376  
199, 12.034, 63.6402, 180.516, 0.998618, -0.0524541, -0.00333786, 0.0523526, 0.998305, -0.0254297, 0.0046661, 0.0252199, 0.999671, 0.00297047  
200, 12.0211, 63.622, 180.532, 0.998661, -0.0516797, -0.00230662, 0.0516058, 0.998352, -0.0250982, 0.00359989, 0.0249456, 0.999682, 0.00272443  
201, 12.0038, 63.5919, 180.511, 0.998593, -0.0529944, -0.00212289, 0.052922, 0.998264, -0.0258372, 0.00348843, 0.0256885, 0.999664, 0.0030817  
202, 12.0195, 63.6271, 180.502, 0.998632, -0.0522222, -0.00264344, 0.0521393, 0.998322, -0.0252006, 0.00395504, 0.0250283, 0.999679, 0.0030437  
203, 12.0657, 63.6809, 180.515, 0.998587, -0.0530001, -0.00395719, 0.0528758, 0.998243, -0.0267514, 0.00536807, 0.0265044, 0.999634, 0.00275578  
204, 12.0219, 63.6339, 180.53, 0.998591, -0.0530048, -0.00267269, 0.0529163, 0.998251, -0.0263543, 0.00406492, 0.0261757, 0.999649, 0.00299072  
205, 12.0354, 63.6389, 180.53, 0.998585, -0.0530871, -0.00298671, 0.0529885, 0.998236, -0.0267764, 0.00440293, 0.0265803, 0.999637, 0.00271666  
206, 12.0345, 63.6371, 180.51, 0.998619, -0.0524506, -0.00297107, 0.0523572, 0.998297, -0.025719, 0.00431499, 0.0255279, 0.999665, 0.00308974  
207, 12.0544, 63.6271, 180.503, 0.998643, -0.0519959, -0.00298689, 0.0519069, 0.998348, -0.0246255, 0.00426238, 0.0244371, 0.999692, 0.0033355  
208, 12.0259, 63.6496, 180.526, 0.998648, -0.0519041, -0.00296831, 0.0518094, 0.998316, -0.0260794, 0.00431694, 0.0258903, 0.999655, 0.00279267  
209, 12.0102, 63.6104, 180.501, 0.99863, -0.0522577, -0.00265542, 0.0521745, 0.99832, -0.0251831, 0.00396697, 0.0250101, 0.999679, 0.00305951  
210, 12.0385, 63.6578, 180.522, 0.998615, -0.0524526, -0.00413684, 0.0523277, 0.99829, -0.0260402, 0.00549565, 0.0257877, 0.999652, 0.00276326  
211, 12.0417, 63.6488, 180.514, 0.998586, -0.0530474, -0.00334283, 0.0529375, 0.998229, -0.0271445, 0.00477685, 0.0269292, 0.999626, 0.00310833  
212, 12.0205, 63.6693, 180.516, 0.998623, -0.0523136, -0.0038066, 0.0521976, 0.998299, -0.0259746, 0.00515896, 0.0257402, 0.999655, 0.00304647  
213, 12.0304, 63.6291, 180.521, 0.998619, -0.0524632, -0.00285233, 0.0523745, 0.998307, -0.0253116, 0.00417542, 0.0251273, 0.999676, 0.0028021  
214, 12.0351, 63.6494, 180.527, 0.998609, -0.0526307, -0.00308749, 0.0525343, 0.998288, -0.0257071, 0.00443519, 0.0255092, 0.999665, 0.00302594  
215, 12.0629, 63.6431, 180.499, 0.99861, -0.0525731, -0.00370116, 0.0524615, 0.998294, -0.0256223, 0.00504189, 0.0253925, 0.999665, 0.00273192  
216, 12.0558, 63.6426, 180.515, 0.998624, -0.0523475, -0.00302653, 0.0522545, 0.998313, -0.0253064, 0.00434616, 0.0251134, 0.999675, 0.00317379  
217, 12.0549, 63.6387, 180.5, 0.998606, -0.0526445, -0.00381152, 0.0525266, 0.998273, -0.0263083, 0.00518993, 0.0260714, 0.999647, 0.00321096  
218, 12.0549, 63.6137, 180.523, 0.998609, -0.0526197, -0.00340266, 0.0525154, 0.99829, -0.0256869, 0.00474848, 0.0254724, 0.999664, 0.00303232  
219, 12.0608, 63.6226, 180.488, 0.998638, -0.052004, -0.00412209, 0.0518781, 0.998307, -0.0263191, 0.00548381, 0.0260695, 0.999645, 0.00311082  
220, 12.0497, 63.6409, 180.525, 0.998612, -0.0525313, -0.00379023, 0.052419, 0.998304, -0.0253239, 0.0051141, 0.02509, 0.999672, 0.00272027  
221, 12.0177, 63.6346, 180.514, 0.99863, -0.0522052, -0.00343929, 0.0520973, 0.998297, -0.0262572, 0.00480419, 0.026042, 0.999649, 0.00325756  
222, 12.0455, 63.6612, 180.51, 0.998615, -0.0524638, -0.00401694, 0.0523407, 0.998284, -0.0262686, 0.0053882, 0.0260219, 0.999647, 0.0031663  
223, 12.0454, 63.6221, 180.492, 0.998652, -0.0518114, -0.0031539, 0.0517162, 0.998346, -0.0251254, 0.00445046, 0.0249284, 0.999679, 0.00275772  
224, 12.0176, 63.6338, 180.529, 0.998582, -0.0531467, -0.00299781, 0.0530514, 0.998255, -0.0259379, 0.00437109, 0.0257421, 0.999659, 0.00306783  
225, 12.0317, 63.6415, 180.527, 0.998603, -0.052734, -0.00329045, 0.0526327, 0.998285, -0.0256363, 0.00463671, 0.0254273, 0.999666, 0.00273137  
226, 12.0534, 63.6643, 180.522, 0.998583, -0.053052, -0.00425113, 0.052917, 0.998227, -0.0272672, 0.00569018, 0.0270036, 0.999619, 0.00305867  
227, 12.0396, 63.6365, 180.522, 0.998641, -0.0520554, -0.00245948, 0.0519773, 0.998331, -0.02516, 0.00376509, 0.0249979, 0.99968, 0.00325229  
228, 12.027, 63.6151, 180.535, 0.998612, -0.0526433, -0.00181919, 0.052579, 0.998284, -0.0257943, 0.00317396, 0.0256628, 0.999666, 0.0028057  
229, 12.0432, 63.6232, 180.524, 0.998569, -0.0533926, -0.00291894, 0.0532968, 0.998226, -0.0265246, 0.00432998, 0.026331, 0.999644, 0.00302872  
230, 12.0223, 63.6309, 180.533, 0.998613, -0.052567, -0.00283847, 0.052477, 0.998291, -0.0256984, 0.0041845, 0.0255138, 0.999666, 0.00271805  
231, 12.0653, 63.6399, 180.502, 0.998597, -0.0528407, -0.00356398, 0.0527337, 0.998286, -0.0253718, 0.00489853, 0.0251483, 0.999672, 0.00317906  
232, 12.0507, 63.6278, 180.501, 0.998601, -0.0526947, -0.00446064, 0.0525629, 0.998285, -0.025772, 0.00581104, 0.0255015, 0.999658, 0.00330998  
233, 12.0404, 63.6495, 180.489, 0.998633, -0.0521704, -0.00335613, 0.0520626, 0.998287, -0.0266942, 0.00474302, 0.0264829, 0.999638, 0.00275938  
234, 12.0496, 63.6753, 180.51, 0.998634, -0.0520692, -0.00427396, 0.0519395, 0.998304, -0.0262773, 0.00563495, 0.0260194, 0.999646, 0.00285952  
235, 11.9911, 63.6181, 180.514, 0.998614, -0.0525937, -0.00208659, 0.0525246, 0.998302, -0.025188, 0.00340778, 0.0250435, 0.999681, 0.00276743  
236, 12.064, 63.6353, 180.49, 0.998629, -0.0522223, -0.00355698, 0.0521174, 0.998328, -0.025019, 0.00485758, 0.0247993, 0.999681, 0.00294855  
237, 12.0708, 63.6345, 180.498, 0.998613, -0.0524995, -0.00398889, 0.0523752, 0.998272, -0.0266282, 0.00537997, 0.0263824, 0.999637, 0.00319348  
238, 12.0457, 63.6288, 180.501, 0.998605, -0.0526984, -0.00343424, 0.0525961, 0.998301, -0.0250842, 0.00475031, 0.0248686, 0.999679, 0.00276216  
239, 12.0705, 63.66, 180.51, 0.998568, -0.05336, -0.00376121, 0.0532442, 0.99824, -0.026107, 0.00514767, 0.0258694, 0.999652, 0.0028903  
240, 12.0505, 63.6451, 180.51, 0.998603, -0.0527646, -0.00294498, 0.0526727, 0.998287, -0.025487, 0.00428475, 0.0252962, 0.999671, 0.00271334  
241, 12.0411, 63.6423, 180.523, 0.998597, -0.0528091, -0.00382769, 0.0526893, 0.998258, -0.0265582, 0.00522353, 0.0263193, 0.99964, 0.00304592  
242, 12.055, 63.6245, 180.481, 0.998593, -0.0529443, -0.00307534, 0.0528474, 0.998268, -0.0258669, 0.00443951, 0.025668, 0.999661, 0.00325118  
243, 12.0694, 63.6408, 180.487, 0.998645, -0.0519056, -0.00365297, 0.0517949, 0.998327, -0.0257164, 0.00498168, 0.0254923, 0.999663, 0.00280238  
244, 12.0355, 63.6259, 180.487, 0.998631, -0.0522159, -0.00300341, 0.0521201, 0.9983, -0.026087, 0.00436046, 0.0258948, 0.999655, 0.00290223  
245, 12.0158, 63.6188, 180.513, 0.998606, -0.0527077, -0.00269906, 0.052623, 0.998295, -0.0252598, 0.00402584, 0.0250825, 0.999677, 0.00274218  
246, 12.0381, 63.6422, 180.505, 0.998623, -0.052346, -0.00333275, 0.0522438, 0.998305, -0.0256338, 0.00466893, 0.0254244, 0.999666, 0.00302428  
247, 12.0362, 63.6552, 180.517, 0.998629, -0.0522028, -0.00387765, 0.0520797, 0.998278, -0.0269873, 0.00527979, 0.0267484, 0.999628, 0.00310306  
248, 12.0566, 63.6477, 180.502, 0.998615, -0.0524519, -0.00403222, 0.0523318, 0.9983, -0.0256536, 0.00537095, 0.0254071, 0.999663, 0.00278518  
249, 12.0624, 63.6537, 180.509, 0.998632, -0.0520681, -0.0047855, 0.051928, 0.998317, -0.0258028, 0.00612095, 0.025519, 0.999656, 0.00293247  
250, 12.0476, 63.6582, 180.491, 0.99865, -0.0517869, -0.00406583, 0.051672, 0.998362, -0.0245571, 0.00533091, 0.0243138, 0.99969, 0.00282595  
251, 12.0285, 63.6992, 180.512, 0.998634, -0.0521697, -0.00306035, 0.0520896, 0.998398, -0.0221087, 0.00420885, 0.0219191, 0.999751, 0.00302345  
252, 12.0478, 63.7443, 180.508, 0.998634, -0.0521575, -0.00314772, 0.0520815, 0.998428, -0.0207044, 0.00422266, 0.0205121, 0.999781, 0.0029946  
253, 12.0466, 63.7939, 180.535, 0.998652, -0.0518205, -0.00304155, 0.0517496, 0.99846, -0.0199849, 0.00407249, 0.0198006, 0.999796, 0.00282873  
254, 12.0205, 63.8502, 180.551, 0.998608, -0.0527276, -0.00134969, 0.0526961, 0.998458, -0.0174528, 0.00226786, 0.0173574, 0.999847, 0.00293496  
255, 12.0231, 63.9301, 180.542, 0.998641, -0.0520558, -0.00258976, 0.0520122, 0.998538, -0.0147294, 0.00335272, 0.0145747, 0.999888, 0.00288087  
256, 12.0378, 63.9763, 180.543, 0.998654, -0.0517708, -0.00309121, 0.051719, 0.99855, -0.0149622, 0.00386133, 0.0147822, 0.999883, 0.00304675  
257, 11.9923, 64.0529, 180.557, 0.998685, -0.0512291, -0.00174382, 0.0512048, 0.998617, -0.0118991, 0.00235098, 0.0117942, 0.999928, 0.00279738  
258, 11.9975, 64.122, 180.576, 0.998683, -0.0512525, -0.00244909, 0.0512287, 0.998647, -0.00895724, 0.00290485, 0.00881998, 0.999957, 0.00287228  
259, 11.9954, 64.1724, 180.601, 0.99866, -0.0517197, -0.00163205, 0.0517052, 0.998631, -0.00794014, 0.00204048, 0.00784511, 0.999967, 0.00305146  
260, 11.9832, 64.2393, 180.652, 0.998684, -0.0512304, -0.00233272, 0.0512217, 0.998681, -0.00364684, 0.00251648, 0.00352256, 0.999991, 0.00282845  
261, 11.9916, 64.3109, 180.7, 0.998669, -0.0514904, -0.00299113, 0.0514836, 0.998671, -0.00230122, 0.00310565, 0.00214416, 0.999993, 0.00305978  
262, 11.9847, 64.3897, 180.729, 0.99873, -0.0502571, -0.00365954, 0.0502537, 0.998736, -0.00100083, 0.00370521, 0.000815652, 0.999993, 0.00297407  
263, 12.014, 64.4064, 180.73, 0.99873, -0.0503024, -0.00281572, 0.0503073, 0.998732, 0.00168765, 0.00272725, -0.00182716, 0.999995, 0.00286534  
264, 12.0069, 64.4921, 180.766, 0.998722, -0.0504165, -0.00341801, 0.0504319, 0.998717, 0.00457278, 0.00318309, -0.00473931, 0.999984, 0.00290917  
265, 11.983, 64.5639, 180.812, 0.998722, -0.0504756, -0.00272098, 0.0504914, 0.998706, 0.00609095, 0.00241001, -0.00622055, 0.999978, 0.00279045  
266, 11.9758, 64.5982, 180.852, 0.998764, -0.0496321, -0.00269748, 0.049658, 0.99871, 0.0105684, 0.00216947, -0.0106893, 0.999941, 0.0030437  
267, 11.9843, 64.6314, 180.854, 0.998746, -0.0499629, -0.00313784, 0.0499988, 0.998669, 0.0126804, 0.00250012, -0.0128214, 0.999915, 0.00321956  
268, 12.0031, 64.7459, 180.9, 0.998751, -0.0497401, -0.00469451, 0.0498135, 0.998613, 0.0170698, 0.00383894, -0.0172824, 0.999843, 0.00281597  
269, 12.0031, 64.7763, 180.929, 0.998775, -0.0491309, -0.00584175, 0.0492425, 0.99857, 0.0208024, 0.00481135, -0.0210646, 0.999767, 0.00290695  
270, 12.0368, 64.7687, 180.956, 0.998772, -0.0492022, -0.00576552, 0.0493193, 0.998534, 0.0223208, 0.00465884, -0.0225777, 0.999734, 0.00271528  
271, 11.9823, 64.7224, 180.947, 0.998775, -0.0492039, -0.00531389, 0.0493226, 0.998466, 0.0251677, 0.00406739, -0.025399, 0.999669, 0.00298489  
272, 12.0207, 64.8431, 181.009, 0.998775, -0.049009, -0.0068507, 0.0491964, 0.998321, 0.0305639, 0.00534129, -0.0308635, 0.999509, 0.00302483  
273, 12.0092, 64.8511, 180.993, 0.998778, -0.0489148, -0.00707078, 0.049135, 0.998167, 0.035325, 0.0053299, -0.0356293, 0.999351, 0.00279489  
274, 12.0284, 64.8113, 181.05, 0.998797, -0.0483287, -0.00835193, 0.0486248, 0.99802, 0.0398951, 0.00640732, -0.0402532, 0.999169, 0.00290445  
275, 12.0182, 64.7712, 181.046, 0.998788, -0.0487999, -0.00641737, 0.0490424, 0.997756, 0.0455863, 0.00417836, -0.0458457, 0.99894, 0.00273109  
276, 11.989, 64.7298, 181.036, 0.99882, -0.0478856, -0.00808056, 0.048214, 0.997728, 0.0470664, 0.0058084, -0.0474004, 0.998859, 0.0030498  
