0, 0, 0, 0, 0, 0, 0, 0, 0, 0, 0, 0, 0, 0.00662607  
1, 0, 0, 0, 0, 0, 0, 0, 0, 0, 0, 0, 0, 0.00281624  
2, 18.8656, 83.0105, 180.792, 0.999866, 0.00818612, 0.0141669, -0.00837674, 0.999874, 0.0134484, -0.0140551, -0.0135652, 0.999809, 0.00274551  
3, 18.9138, 83.0282, 180.787, 0.999882, 0.00723403, 0.0135311, -0.00741625, 0.999882, 0.013466, -0.013432, -0.0135648, 0.999818, 0.00286063  
4, 18.9181, 83.051, 180.768, 0.99987, 0.00761753, 0.0142329, -0.00780933, 0.999879, 0.0134695, -0.0141285, -0.0135789, 0.999808, 0.00280515  
5, 18.8694, 83.0253, 180.767, 0.999867, 0.00841115, 0.0140023, -0.00860093, 0.999871, 0.0135489, -0.0138865, -0.0136675, 0.99981, 0.00293885  
6, 18.8627, 83.0046, 180.743, 0.999836, 0.0090176, 0.0157331, -0.00927149, 0.999827, 0.0161396, -0.0155848, -0.0162829, 0.999746, 0.00280376  
7, 18.8932, 83.0385, 180.735, 0.999849, 0.00802626, 0.0153935, -0.00827805, 0.999832, 0.0163634, -0.0152595, -0.0164883, 0.999748, 0.00305174  
8, 18.8817, 83.0455, 180.778, 0.999859, 0.00820386, 0.0146734, -0.00841977, 0.999856, 0.0147136, -0.0145506, -0.0148351, 0.999784, 0.00289058  
9, 18.8882, 83.0249, 180.758, 0.999857, 0.00820236, 0.0147939, -0.0084298, 0.999846, 0.015378, -0.0146655, -0.0155005, 0.999772, 0.00284093  
10, 18.8866, 83.0575, 180.782, 0.99986, 0.00831462, 0.0145311, -0.00855155, 0.99983, 0.0163196, -0.0143929, -0.0164416, 0.999761, 0.00291471  
11, 18.9076, 83.0542, 180.785, 0.999877, 0.00786831, 0.0135619, -0.00805446, 0.999873, 0.0137268, -0.0134521, -0.0138343, 0.999814, 0.0028193  
12, 18.8561, 82.9915, 180.758, 0.999824, 0.00857974, 0.0167106, -0.00888027, 0.999799, 0.0179942, -0.0165529, -0.0181394, 0.999698, 0.00295577  
13, 18.9073, 83.0382, 180.771, 0.999861, 0.00761151, 0.0148015, -0.00784611, 0.999843, 0.0158563, -0.0146785, -0.0159702, 0.999765, 0.00311887  
14, 18.8834, 83.0005, 180.77, 0.999843, 0.00861112, 0.0154989, -0.00884904, 0.999843, 0.0153482, -0.0153643, -0.015483, 0.999762, 0.0029419  
15, 18.8964, 83.0102, 180.787, 0.999868, 0.00778281, 0.0142448, -0.00799383, 0.999858, 0.0148176, -0.0141275, -0.0149295, 0.999789, 0.0028953  
16, 18.9175, 83.0793, 180.762, 0.999862, 0.00757387, 0.0147642, -0.00779104, 0.999861, 0.0147075, -0.0146508, -0.0148205, 0.999783, 0.00283233  
17, 18.8934, 83.0344, 180.757, 0.999851, 0.00858563, 0.0149623, -0.00882791, 0.99983, 0.0162032, -0.0148206, -0.0163329, 0.999757, 0.00295771  
18, 18.8884, 83.0517, 180.757, 0.99984, 0.00795815, 0.0160174, -0.00823805, 0.999813, 0.0174852, -0.0158753, -0.0176144, 0.999719, 0.0031638  
19, 18.8796, 83.0352, 180.751, 0.999862, 0.00770596, 0.014688, -0.00793464, 0.999847, 0.0155748, -0.0145657, -0.0156892, 0.999771, 0.0028401  
20, 18.881, 83.0281, 180.792, 0.999905, 0.00737005, 0.0116706, -0.00749219, 0.999917, 0.0104565, -0.0115925, -0.0105429, 0.999877, 0.00282346  
21, 18.9015, 83.0371, 180.773, 0.999861, 0.00828012, 0.0144372, -0.00848891, 0.999859, 0.0144614, -0.0143155, -0.0145819, 0.999791, 0.00279794  
22, 18.88, 83.0285, 180.781, 0.999877, 0.00818292, 0.013391, -0.00835829, 0.999879, 0.0130925, -0.0132823, -0.0132028, 0.999825, 0.00300126  
23, 18.8707, 83.0116, 180.788, 0.999857, 0.00785806, 0.0149627, -0.00808521, 0.999852, 0.0151819, -0.0148412, -0.0153007, 0.999773, 0.00297907  
24, 18.9082, 83.0408, 180.778, 0.999856, 0.00827164, 0.0148108, -0.008493, 0.999852, 0.0149458, -0.014685, -0.0150694, 0.999779, 0.00292415  
25, 18.8946, 83.044, 180.778, 0.999862, 0.00791762, 0.0145994, -0.00812899, 0.999862, 0.0144758, -0.0144827, -0.0145925, 0.999789, 0.00295299  
26, 18.9024, 83.0412, 180.756, 0.99986, 0.00831116, 0.0145047, -0.00852588, 0.999854, 0.0148053, -0.0143795, -0.0149269, 0.999785, 0.00285757  
27, 18.8855, 83.0186, 180.76, 0.999825, 0.00869582, 0.0165537, -0.00896145, 0.999831, 0.0160404, -0.0164114, -0.016186, 0.999734, 0.00296991  
28, 18.8992, 83.0317, 180.782, 0.999866, 0.00733955, 0.0146456, -0.00755018, 0.999868, 0.0143782, -0.0145381, -0.0144868, 0.999789, 0.00298156  
29, 18.8926, 83.0325, 180.761, 0.999842, 0.0087632, 0.015436, -0.00901832, 0.999823, 0.0165367, -0.0152884, -0.0166733, 0.999744, 0.00289391  
30, 18.8651, 83.0101, 180.811, 0.99985, 0.00789565, 0.01541, -0.00813809, 0.999843, 0.0157338, -0.0152833, -0.0158569, 0.999757, 0.00301956  
31, 18.8618, 83.0231, 180.766, 0.999848, 0.00794382, 0.0155509, -0.00819498, 0.999836, 0.0161545, -0.01542, -0.0162795, 0.999749, 0.00279461  
32, 18.8571, 83.0303, 180.782, 0.999852, 0.00828111, 0.0150657, -0.00851015, 0.999848, 0.0152022, -0.0149376, -0.0153282, 0.999771, 0.00295244  
33, 18.8816, 83.0156, 180.764, 0.999834, 0.00889971, 0.0158976, -0.0091795, 0.999803, 0.0176139, -0.0157377, -0.0177569, 0.999718, 0.00300153  
34, 18.8768, 83.024, 180.776, 0.999869, 0.00807349, 0.0140203, -0.00827168, 0.999866, 0.0141355, -0.0139043, -0.0142496, 0.999802, 0.00287477  
35, 18.8778, 83.0282, 180.783, 0.99987, 0.0079427, 0.0140645, -0.00816128, 0.999846, 0.0155525, -0.0139388, -0.0156653, 0.99978, 0.00298489  
36, 18.8644, 83.0236, 180.765, 0.999846, 0.00829585, 0.0154685, -0.00854072, 0.999838, 0.0158319, -0.0153346, -0.0159616, 0.999755, 0.00283289  
37, 18.9176, 83.0532, 180.779, 0.99987, 0.0077486, 0.0141578, -0.00796033, 0.999856, 0.0149604, -0.0140399, -0.0150711, 0.999788, 0.0030032  
38, 18.8919, 83.0486, 180.799, 0.999869, 0.00816143, 0.0139644, -0.00834902, 0.999875, 0.0134276, -0.013853, -0.0135425, 0.999812, 0.0030326  
39, 18.8963, 83.041, 180.766, 0.99987, 0.00808343, 0.0139519, -0.00828729, 0.999859, 0.0146157, -0.0138318, -0.0147294, 0.999796, 0.00302789  
40, 18.8884, 83.0358, 180.765, 0.999859, 0.00835653, 0.0145815, -0.00857683, 0.999849, 0.0151114, -0.0144531, -0.0152344, 0.999779, 0.00291943  
41, 18.8836, 83.0236, 180.767, 0.999859, 0.00827902, 0.0145824, -0.00849402, 0.999855, 0.014744, -0.0144582, -0.0148658, 0.999785, 0.00283677  
42, 18.9034, 83.0511, 180.771, 0.999853, 0.00784368, 0.0152162, -0.00809482, 0.999831, 0.0165141, -0.0150841, -0.0166348, 0.999748, 0.00292109  
43, 18.895, 83.0293, 180.799, 0.999871, 0.00828757, 0.0137447, -0.00847241, 0.999874, 0.0134448, -0.0136316, -0.0135595, 0.999815, 0.00297435  
44, 18.8906, 83.0258, 180.756, 0.999855, 0.00790487, 0.0150921, -0.00813995, 0.999846, 0.015579, -0.0149666, -0.0156996, 0.999765, 0.00296159  
45, 18.8908, 83.017, 180.785, 0.999861, 0.00787363, 0.014666, -0.00808694, 0.999862, 0.0145428, -0.0145495, -0.0146594, 0.999787, 0.00295771  
46, 18.8836, 83.0417, 180.783, 0.999864, 0.00785683, 0.0145002, -0.00806869, 0.999861, 0.0146107, -0.0143834, -0.0147257, 0.999788, 0.0029394  
47, 18.8959, 83.047, 180.805, 0.999877, 0.00775325, 0.013667, -0.00794522, 0.99987, 0.0140482, -0.0135563, -0.0141551, 0.999808, 0.00292636  
48, 18.9013, 83.0306, 180.789, 0.999849, 0.00833106, 0.0152396, -0.00856191, 0.999849, 0.0151458, -0.0151111, -0.015274, 0.999769, 0.00309307  
49, 18.8921, 83.0329, 180.785, 0.999882, 0.00754845, 0.0134164, -0.00772702, 0.999882, 0.0133082, -0.0133144, -0.0134103, 0.999821, 0.00292803  
50, 18.8632, 83.0287, 180.805, 0.999891, 0.00781651, 0.0125022, -0.00796357, 0.999899, 0.0117569, -0.012409, -0.0118552, 0.999853, 0.00288892  
51, 18.8864, 83.0225, 180.762, 0.99987, 0.00766941, 0.0141819, -0.00787923, 0.999859, 0.0147982, -0.0140665, -0.014908, 0.99979, 0.0036445  
52, 18.8613, 83.0318, 180.775, 0.999872, 0.0083137, 0.0136923, -0.00850682, 0.999864, 0.0141065, -0.0135732, -0.0142212, 0.999807, 0.00409109  
53, 18.8881, 83.0294, 180.772, 0.999868, 0.00822221, 0.013992, -0.00841155, 0.999873, 0.0135267, -0.013879, -0.0136426, 0.999811, 0.00291222  
54, 18.8842, 83.0442, 180.749, 0.99986, 0.0082124, 0.0145681, -0.00842356, 0.999859, 0.0144933, -0.014447, -0.014614, 0.999789, 0.00286811  
55, 18.9131, 83.0314, 180.772, 0.999867, 0.00798914, 0.0141851, -0.00819142, 0.999865, 0.0142599, -0.0140692, -0.0143742, 0.999798, 0.00288587  
56, 18.8928, 83.0552, 180.762, 0.999875, 0.00728191, 0.0140121, -0.00746872, 0.999883, 0.0133262, -0.0139134, -0.0134292, 0.999813, 0.00289779  
57, 18.9006, 83.0277, 180.768, 0.999839, 0.00851149, 0.0157979, -0.00876272, 0.999835, 0.0159025, -0.0156599, -0.0160384, 0.999749, 0.00282124  
58, 18.8875, 83.0493, 180.776, 0.999854, 0.00760873, 0.0152782, -0.00785063, 0.999844, 0.0158359, -0.0151553, -0.0159536, 0.999758, 0.00273608  
59, 18.8881, 83.0284, 180.799, 0.999851, 0.00749278, 0.015579, -0.00772368, 0.99986, 0.0148139, -0.0154658, -0.014932, 0.999769, 0.00266812  
60, 18.8854, 83.0223, 180.779, 0.999871, 0.00808314, 0.0138673, -0.00827487, 0.99987, 0.0138243, -0.0137538, -0.0139373, 0.999808, 0.00351219  
61, 18.8825, 83.0092, 180.754, 0.999851, 0.00883707, 0.0148165, -0.00907221, 0.999833, 0.0158794, -0.0146737, -0.0160114, 0.999764, 0.00266535  
62, 18.8727, 83.0518, 180.784, 0.999872, 0.00754456, 0.0140842, -0.00774242, 0.999871, 0.0140467, -0.0139764, -0.014154, 0.999802, 0.00267561  
63, 18.912, 83.0542, 180.762, 0.999865, 0.007076, 0.0148073, -0.00727778, 0.999881, 0.0136181, -0.0147091, -0.013724, 0.999798, 0.00281236  
64, 18.8893, 83.0365, 180.776, 0.999868, 0.0082243, 0.0140053, -0.00843141, 0.999855, 0.0147936, -0.0138816, -0.0149097, 0.999792, 0.00282457  
65, 18.8775, 83.0308, 180.802, 0.999877, 0.00769306, 0.0136992, -0.00787638, 0.999879, 0.0133789, -0.0135946, -0.0134851, 0.999817, 0.002753  
66, 18.8835, 83.026, 180.763, 0.999835, 0.00844195, 0.0160824, -0.00872406, 0.999808, 0.0175527, -0.0159312, -0.0176901, 0.999717, 0.00277519  
67, 18.8813, 83.0341, 180.754, 0.999852, 0.00740611, 0.0155515, -0.00763981, 0.999858, 0.0150226, -0.0154381, -0.0151392, 0.999766, 0.00289225  
68, 18.8907, 83.0307, 180.795, 0.999879, 0.00775441, 0.0134575, -0.00793584, 0.999878, 0.0134815, -0.0133513, -0.0135866, 0.999819, 0.00277325  
69, 18.8837, 83.0328, 180.779, 0.99984, 0.00784904, 0.0160603, -0.00810563, 0.99984, 0.0159748, -0.0159323, -0.0161025, 0.999743, 0.00284093  
70, 18.8984, 83.0176, 180.778, 0.999847, 0.00856205, 0.0152442, -0.00878859, 0.999851, 0.014856, -0.0151147, -0.0149878, 0.999773, 0.00288503  
71, 18.8823, 83.0083, 180.77, 0.999853, 0.00796874, 0.0152036, -0.00819858, 0.999852, 0.0151157, -0.0150809, -0.0152381, 0.99977, 0.00294578  
72, 18.8779, 83.0422, 180.755, 0.999852, 0.00805138, 0.0151868, -0.0082964, 0.999835, 0.0161406, -0.0150543, -0.0162642, 0.999754, 0.0028695  
73, 18.8755, 83.0241, 180.769, 0.999874, 0.00843583, 0.013479, -0.00861332, 0.999876, 0.0131645, -0.0133663, -0.013279, 0.999822, 0.00293385  
74, 18.8766, 83.0099, 180.732, 0.999836, 0.00832521, 0.01607, -0.00858017, 0.999837, 0.015862, -0.0159354, -0.0159973, 0.999745, 0.00282151  
75, 18.9045, 83.0377, 180.762, 0.999862, 0.00830725, 0.0143919, -0.0085185, 0.999856, 0.0146798, -0.0142679, -0.0148004, 0.999789, 0.00288282  
76, 18.8885, 83.0425, 180.799, 0.999857, 0.0076934, 0.015043, -0.00792197, 0.999853, 0.0151945, -0.0149239, -0.0153115, 0.999771, 0.00275411  
77, 18.869, 83.0212, 180.776, 0.999868, 0.00826523, 0.0139919, -0.00845787, 0.999869, 0.0137654, -0.0138763, -0.0138819, 0.999807, 0.00295438  
78, 18.8579, 83.0137, 180.752, 0.999859, 0.00786169, 0.0148319, -0.00807126, 0.999868, 0.0141232, -0.0147189, -0.0142409, 0.99979, 0.00286257  
79, 18.8743, 83.0275, 180.788, 0.999863, 0.00782187, 0.0145718, -0.00802308, 0.999873, 0.0138009, -0.014462, -0.0139159, 0.999799, 0.00277575  
80, 18.8919, 83.0432, 180.784, 0.99987, 0.00815809, 0.013907, -0.00835538, 0.999864, 0.0141872, -0.0137893, -0.0143016, 0.999803, 0.00277963  
81, 18.8898, 83.0255, 180.766, 0.999829, 0.00837734, 0.0164883, -0.00866105, 0.999814, 0.0172107, -0.0163411, -0.0173506, 0.999716, 0.00301429  
82, 18.8896, 83.0396, 180.78, 0.99987, 0.00838733, 0.0138, -0.00858702, 0.999858, 0.0144755, -0.0136766, -0.0145921, 0.9998, 0.00289058  
83, 18.901, 83.0485, 180.797, 0.999902, 0.00790968, 0.0115263, -0.0080291, 0.999914, 0.0103513, -0.0114434, -0.0104429, 0.99988, 0.00282651  
84, 18.8776, 83.0307, 180.805, 0.999862, 0.00832481, 0.0143716, -0.00853995, 0.999851, 0.0149733, -0.0142448, -0.015094, 0.999785, 0.00275661  
85, 18.9036, 83.0279, 180.762, 0.999855, 0.00798577, 0.0150512, -0.00821542, 0.99985, 0.0152588, -0.0149271, -0.0153802, 0.99977, 0.00271278  
86, 18.8831, 83.009, 180.76, 0.999831, 0.00858327, 0.0162384, -0.00883335, 0.999843, 0.015392, -0.0161037, -0.0155329, 0.99975, 0.0027089  
87, 18.9085, 83.052, 180.777, 0.999873, 0.00801961, 0.0137898, -0.00822853, 0.999851, 0.015161, -0.0136662, -0.0152726, 0.99979, 0.00270363  
88, 18.893, 83.0269, 180.785, 0.999869, 0.0076851, 0.0142264, -0.00789203, 0.999863, 0.0145472, -0.0141126, -0.0146575, 0.999793, 0.00281458  
89, 18.8562, 83.0136, 180.828, 0.999896, 0.00708036, 0.0125387, -0.00721949, 0.999912, 0.0110859, -0.0124591, -0.0111753, 0.99986, 0.00280154  
90, 18.8605, 83.0078, 180.791, 0.999876, 0.00788995, 0.0136399, -0.00807145, 0.999879, 0.0133033, -0.0135332, -0.0134117, 0.999818, 0.00291582  
91, 18.8603, 83.0163, 180.784, 0.99985, 0.00750597, 0.01558, -0.00773983, 0.999857, 0.0150043, -0.0154651, -0.0151226, 0.999766, 0.00282984  
92, 18.8741, 83.0714, 180.814, 0.999897, 0.0078009, 0.0120731, -0.00797262, 0.999867, 0.0142408, -0.0119604, -0.0143356, 0.999826, 0.00292692  
93, 18.889, 83.11, 180.806, 0.999863, 0.00739956, 0.0148061, -0.00766134, 0.999814, 0.0177022, -0.0146723, -0.0178132, 0.999734, 0.00282429  
94, 18.8868, 83.1799, 180.766, 0.999862, 0.00792749, 0.0145962, -0.00820785, 0.999781, 0.0192489, -0.0144404, -0.019366, 0.999708, 0.00291111  
95, 18.9317, 83.2228, 180.76, 0.999856, 0.00881788, 0.0145221, -0.00912432, 0.999734, 0.021172, -0.0143315, -0.0213015, 0.99967, 0.00266369  
96, 18.9313, 83.3134, 180.786, 0.999869, 0.00774593, 0.0142465, -0.00806488, 0.999715, 0.022469, -0.0140684, -0.0225809, 0.999646, 0.0028609  
97, 18.8996, 83.3556, 180.787, 0.999854, 0.0079325, 0.0151302, -0.00830369, 0.999662, 0.0246299, -0.0149297, -0.0247519, 0.999582, 0.00293885  
98, 18.9236, 83.4227, 180.774, 0.999862, 0.00848692, 0.0142778, -0.008889, 0.999559, 0.0283372, -0.0140311, -0.0284602, 0.999496, 0.00282457  
99, 18.9056, 83.5063, 180.76, 0.999846, 0.00826508, 0.0154717, -0.00875862, 0.999446, 0.0321085, -0.0151978, -0.0322391, 0.999365, 0.0028842  
100, 18.9219, 83.5567, 180.744, 0.999821, 0.00898748, 0.0166322, -0.00957061, 0.99933, 0.0353192, -0.0163036, -0.035472, 0.999238, 0.00287865  
101, 18.8978, 83.6434, 180.748, 0.999811, 0.00906134, 0.0171956, -0.00973238, 0.999178, 0.0393499, -0.0168249, -0.0395098, 0.999078, 0.00279433  
102, 18.8981, 83.6689, 180.775, 0.999803, 0.00888812, 0.0177479, -0.00960277, 0.999129, 0.0405966, -0.0173716, -0.040759, 0.999018, 0.00291804  
103, 18.9961, 83.8355, 180.782, 0.99984, 0.00871825, 0.0156088, -0.00938073, 0.999036, 0.0428856, -0.0152199, -0.0430252, 0.998958, 0.00281097  
104, 18.9324, 83.8713, 180.819, 0.999829, 0.00821632, 0.016587, -0.00898643, 0.998859, 0.0469008, -0.0161827, -0.0470419, 0.998762, 0.0027555  
105, 19.0024, 83.9449, 180.799, 0.999827, 0.00832178, 0.0166293, -0.00915877, 0.998661, 0.0509068, -0.0161834, -0.0510503, 0.998565, 0.00288975  
106, 18.9584, 83.949, 180.821, 0.999804, 0.00802181, 0.0181274, -0.00898321, 0.998523, 0.053592, -0.0176707, -0.0537443, 0.998398, 0.00282013  
107, 18.9612, 83.9759, 180.832, 0.999797, 0.00782154, 0.0185762, -0.00889283, 0.998259, 0.0583055, -0.0180879, -0.0584589, 0.998126, 0.00282373  
108, 18.9162, 83.9643, 180.861, 0.99982, 0.00814217, 0.0171287, -0.00913525, 0.998233, 0.058722, -0.0166203, -0.0588679, 0.998127, 0.00288087  
109, 18.8986, 83.9927, 180.811, 0.999799, 0.00788931, 0.01843, -0.00904203, 0.997952, 0.0633241, -0.0178927, -0.0634781, 0.997823, 0.00290861  
110, 18.8771, 83.9961, 180.822, 0.999821, 0.00779818, 0.017221, -0.00890338, 0.997841, 0.0650624, -0.0166765, -0.0652041, 0.997733, 0.00291055  
111, 18.9271, 83.9808, 180.833, 0.999798, 0.0078812, 0.0184752, -0.00916357, 0.997478, 0.0703866, -0.0178739, -0.0705417, 0.997349, 0.00281902  
112, 18.8805, 83.9992, 180.822, 0.999811, 0.00822893, 0.0176187, -0.00947285, 0.997379, 0.0717246, -0.0169823, -0.0718779, 0.997269, 0.00294051  
113, 18.8883, 84.0088, 180.833, 0.999815, 0.00790078, 0.0175169, -0.00918799, 0.997166, 0.0746649, -0.0168773, -0.0748121, 0.997055, 0.00290556  
114, 18.8652, 83.9759, 180.863, 0.999802, 0.00796833, 0.0182553, -0.00935748, 0.996962, 0.0773196, -0.0175838, -0.0774751, 0.996839, 0.002872  
115, 18.8497, 83.9452, 180.852, 0.999817, 0.00784376, 0.0174301, -0.00926401, 0.99651, 0.082956, -0.0167186, -0.0831023, 0.996401, 0.00300819  
116, 18.8842, 83.9279, 180.868, 0.99984, 0.00788531, 0.0160284, -0.00916239, 0.996653, 0.0812315, -0.0153343, -0.0813654, 0.996566, 0.00288725  
117, 18.8335, 83.8267, 180.893, 0.999798, 0.00779417, 0.0185285, -0.00936961, 0.996206, 0.086522, -0.0177839, -0.0866781, 0.996078, 0.00298877  
118, 18.8428, 83.7873, 180.899, 0.999814, 0.00762175, 0.0177325, -0.00915444, 0.996076, 0.088024, -0.016992, -0.0881699, 0.995961, 0.0029136  
119, 18.7451, 83.6518, 180.93, 0.999856, 0.00709392, 0.0154463, -0.00843474, 0.996036, 0.0885465, -0.014757, -0.088664, 0.995952, 0.00289863  
120, 18.6603, 83.5735, 180.916, 0.999867, 0.00716537, 0.0146596, -0.00848274, 0.995735, 0.0918715, -0.0139388, -0.0919836, 0.995663, 0.00292914  
121, 18.62, 83.5487, 180.853, 0.999844, 0.00830613, 0.0156167, -0.00980182, 0.995111, 0.098278, -0.014724, -0.0984157, 0.995036, 0.00283372  
122, 18.5731, 83.4065, 180.828, 0.999853, 0.0076675, 0.015328, -0.00918166, 0.994815, 0.10129, -0.0144719, -0.101416, 0.994739, 0.0029505  
123, 18.5378, 83.2861, 180.82, 0.999858, 0.00783793, 0.0148895, -0.00932662, 0.994669, 0.1027, -0.0140051, -0.102824, 0.994601, 0.00287727  
124, 18.4443, 83.0828, 180.811, 0.999892, 0.00621757, 0.0133178, -0.00757343, 0.994516, 0.104307, -0.0125963, -0.104397, 0.994456, 0.00291194  
125, 18.3882, 82.8938, 180.805, 0.999893, 0.00643011, 0.0131454, -0.00778354, 0.994373, 0.105647, -0.0123921, -0.105738, 0.994317, 0.00302262  
126, 18.279, 82.6846, 180.809, 0.999899, 0.00607845, 0.0128158, -0.00743984, 0.994013, 0.109009, -0.0120764, -0.109093, 0.993958, 0.00283622  
127, 18.2298, 82.479, 180.8, 0.999892, 0.0080749, 0.0122473, -0.00940881, 0.99354, 0.11309, -0.011255, -0.113193, 0.993509, 0.00293607  
128, 18.1412, 82.1751, 180.788, 0.999892, 0.00715785, 0.0128724, -0.00860179, 0.993228, 0.115867, -0.0119559, -0.115965, 0.993181, 0.00283316  
129, 18.0567, 81.8338, 180.798, 0.999897, 0.00741536, 0.0122834, -0.00881324, 0.992978, 0.117967, -0.0113224, -0.118064, 0.992941, 0.00291832  
130, 17.9451, 81.4271, 180.743, 0.999901, 0.0079516, 0.0116236, -0.00928712, 0.992758, 0.119773, -0.010587, -0.119869, 0.992733, 0.00303981  
131, 17.8353, 81.0785, 180.732, 0.999924, 0.0078727, 0.00944339, -0.00896105, 0.992566, 0.121376, -0.00841764, -0.121452, 0.992562, 0.00290584  
132, 17.7402, 80.5816, 180.705, 0.999936, 0.00692656, 0.00890208, -0.0079635, 0.992462, 0.122292, -0.00798792, -0.122355, 0.992454, 0.00298156  
133, 17.5907, 80.0025, 180.628, 0.999915, 0.00767268, 0.010504, -0.00892786, 0.992091, 0.1252, -0.00946031, -0.125283, 0.992076, 0.00303177  
134, 17.493, 79.4383, 180.53, 0.999918, 0.00909465, 0.00898637, -0.0101637, 0.991833, 0.127136, -0.00775673, -0.127217, 0.991845, 0.00300875  
135, 17.3058, 78.7453, 180.519, 0.999929, 0.0083111, 0.00850698, -0.0093294, 0.991774, 0.127661, -0.007376, -0.127731, 0.991781, 0.00305146  
136, 17.1282, 78.0152, 180.41, 0.999928, 0.00899788, 0.00794017, -0.00994966, 0.991548, 0.129357, -0.00670912, -0.129426, 0.991566, 0.00290806  
137, 17.0042, 77.279, 180.358, 0.999927, 0.00950299, 0.00749248, -0.010402, 0.991345, 0.130867, -0.00618401, -0.130935, 0.991372, 0.00295244  
138, 16.8556, 76.4152, 180.311, 0.999951, 0.00830254, 0.00547509, -0.00893511, 0.991735, 0.127989, -0.0043672, -0.128031, 0.99176, 0.00289613  
139, 16.7356, 75.5798, 180.274, 0.999945, 0.00942063, 0.0046023, -0.00993756, 0.991523, 0.129554, -0.00334281, -0.129592, 0.991562, 0.00282179  
140, 16.6489, 74.6093, 180.34, 0.999945, 0.0097635, 0.00373351, -0.0101657, 0.991478, 0.129874, -0.00243367, -0.129905, 0.991523, 0.00302345  
141, 16.6487, 73.638, 180.362, 0.999954, 0.00921993, 0.00259828, -0.00947942, 0.991474, 0.129959, -0.00137792, -0.129977, 0.991516, 0.00280626  
142, 16.5751, 72.5692, 180.436, 0.999961, 0.00849994, 0.00240802, -0.00874183, 0.991377, 0.13075, -0.00127589, -0.130766, 0.991412, 0.0028426  
143, 16.5112, 71.4541, 180.538, 0.99996, 0.00853913, 0.00272101, -0.0088271, 0.990912, 0.134222, -0.00155014, -0.134241, 0.990947, 0.00282346  
144, 16.5367, 70.3118, 180.608, 0.999969, 0.00759543, 0.00204562, -0.0077984, 0.991296, 0.131424, -0.0010296, -0.131436, 0.991324, 0.00285591  
145, 16.5754, 69.0343, 180.6, 0.999976, 0.00679914, 0.0014498, -0.00692881, 0.991746, 0.128032, -0.00056732, -0.128039, 0.991769, 0.00304065  
146, 16.6206, 67.7494, 180.582, 0.999976, 0.00694153, 0.000123262, -0.00690497, 0.992548, 0.121655, 0.000722127, -0.121653, 0.992572, 0.00297768  
147, 16.6886, 66.3628, 180.583, 0.999972, 0.00746748, 0.000723143, -0.00750053, 0.992911, 0.118621, 0.000167779, -0.118623, 0.992939, 0.00299377  
148, 16.7859, 64.8156, 180.556, 0.999962, 0.00770476, 0.00408288, -0.00813388, 0.992938, 0.118351, -0.00314218, -0.11838, 0.992963, 0.0029419  
149, 16.9276, 63.3443, 180.534, 0.999946, 0.00952151, 0.00415367, -0.00993584, 0.993325, 0.114922, -0.00303172, -0.114957, 0.993366, 0.00299793  
150, 17.0721, 62.0688, 180.55, 0.999961, 0.00812927, 0.00343352, -0.00847378, 0.993163, 0.116432, -0.00246354, -0.116456, 0.993193, 0.00304564  
151, 17.2525, 60.5435, 180.641, 0.999963, 0.0080249, 0.00322724, -0.00833545, 0.993695, 0.11181, -0.00230962, -0.111833, 0.993724, 0.00276909  
152, 17.3942, 58.9928, 180.607, 0.999941, 0.00953047, 0.00523034, -0.0100351, 0.994219, 0.106905, -0.00418125, -0.106951, 0.994256, 0.00296326  
153, 17.4331, 57.419, 180.607, 0.999941, 0.00826407, 0.00698992, -0.00896599, 0.994197, 0.107205, -0.00606341, -0.107261, 0.994212, 0.00294689  
154, 17.5505, 55.8017, 180.684, 0.999947, 0.00891818, 0.00515731, -0.00939503, 0.994807, 0.101344, -0.00422673, -0.101387, 0.994838, 0.00297879  
155, 17.59, 54.1364, 180.747, 0.999929, 0.00932861, 0.00744498, -0.0100427, 0.994685, 0.102473, -0.00644948, -0.10254, 0.994708, 0.0029394  
156, 17.6126, 52.5096, 180.76, 0.999932, 0.00850492, 0.0079365, -0.00924965, 0.995037, 0.0990768, -0.00705447, -0.0991435, 0.995048, 0.00294356  
157, 17.6432, 50.7566, 180.804, 0.999909, 0.00861058, 0.0103578, -0.00956312, 0.995361, 0.0957361, -0.00948544, -0.0958264, 0.995353, 0.00307726  
158, 17.8254, 48.9276, 180.76, 0.999929, 0.00815887, 0.008719, -0.00890586, 0.995957, 0.0893845, -0.00795447, -0.0894558, 0.995959, 0.0029946  
159, 17.8968, 47.1338, 180.808, 0.999935, 0.00749704, 0.00855994, -0.00820782, 0.996238, 0.0862685, -0.00788098, -0.0863332, 0.996235, 0.00293912  
160, 17.9851, 45.1831, 180.949, 0.999928, 0.00598955, 0.0104001, -0.00688257, 0.99609, 0.0880704, -0.00983197, -0.0881356, 0.99606, 0.0030412  
161, 18.0964, 43.407, 180.963, 0.999939, 0.00592057, 0.00932969, -0.00670789, 0.996207, 0.0867518, -0.00878069, -0.0868091, 0.996186, 0.00302372  
162, 18.1523, 41.6133, 180.951, 0.999954, 0.00384048, 0.00876456, -0.00453449, 0.996737, 0.0805901, -0.00842646, -0.0806262, 0.996709, 0.00303843  
163, 18.221, 39.5295, 180.903, 0.99993, 0.00431087, 0.0109808, -0.00507165, 0.997518, 0.0702245, -0.0106508, -0.0702754, 0.997471, 0.00288226  
164, 18.3441, 37.6932, 180.85, 0.999939, 0.0039438, 0.0102852, -0.00463864, 0.997645, 0.0684323, -0.0099911, -0.0684759, 0.997603, 0.0041976  
165, 18.377, 35.655, 180.955, 0.999936, 0.00317671, 0.0108138, -0.00387932, 0.997839, 0.0655852, -0.0105821, -0.065623, 0.997788, 0.00292914  
166, 18.4682, 33.5785, 180.95, 0.999931, 0.00333295, 0.0112822, -0.00400295, 0.998197, 0.0598936, -0.0110623, -0.0599346, 0.998141, 0.00279045  
167, 18.5154, 31.6131, 180.935, 0.999884, 0.00159724, 0.0151423, -0.00246208, 0.998356, 0.0572691, -0.0150259, -0.0572997, 0.998244, 0.00302539  
168, 18.6364, 29.5419, 180.94, 0.999904, 0.00373184, 0.01335, -0.00441952, 0.998645, 0.0518591, -0.0131383, -0.0519131, 0.998565, 0.0029713  
169, 18.6791, 27.6454, 180.97, 0.999879, 0.00317127, 0.0152255, -0.0039693, 0.998604, 0.0526735, -0.0150372, -0.0527276, 0.998496, 0.00298822  
170, 18.7322, 25.6553, 181.019, 0.99989, 0.00322233, 0.0144594, -0.0039035, 0.998872, 0.0473305, -0.0142906, -0.0473817, 0.998775, 0.00291499  
171, 18.8313, 23.6507, 180.894, 0.999829, 0.00359577, 0.0181446, -0.00447181, 0.998814, 0.0484739, -0.0179487, -0.0485467, 0.99866, 0.00279073  
172, 19.0056, 21.5363, 180.806, 0.999785, 0.00246108, 0.0205844, -0.00333709, 0.999085, 0.0426316, -0.0204606, -0.0426911, 0.998879, 0.00286673  
173, 19.0285, 19.4359, 180.827, 0.999793, 0.00260155, 0.0202002, -0.00336175, 0.999284, 0.037691, -0.0200877, -0.0377511, 0.999085, 0.00301707  
174, 19.1192, 17.3562, 180.85, 0.999807, 0.00054529, 0.0196329, -0.00115084, 0.999523, 0.0308458, -0.0196067, -0.0308624, 0.999331, 0.00282956  
175, 19.2904, 15.2085, 180.786, 0.999798, 0.0022572, 0.0199675, -0.00280139, 0.999624, 0.0272678, -0.0198984, -0.0273182, 0.999429, 0.00289974  
176, 19.4873, 12.9623, 180.712, 0.999778, 0.00170364, 0.0210227, -0.00217558, 0.999746, 0.0224463, -0.0209791, -0.022487, 0.999527, 0.00278435  
177, 19.5656, 10.9256, 180.757, 0.999756, -0.00243411, 0.0219433, 0.00199519, 0.999798, 0.0200019, -0.0219876, -0.0199532, 0.999559, 0.00288503  
178, 19.6797, 8.69852, 180.815, 0.999753, -0.00262024, 0.0220833, 0.00232807, 0.99991, 0.0132458, -0.022116, -0.0131911, 0.999668, 0.00281624  
179, 19.8633, 6.61087, 180.896, 0.999738, -0.00170781, 0.0228398, 0.00147039, 0.999945, 0.0104078, -0.0228563, -0.0103715, 0.999685, 0.00285147  
180, 20.0758, 4.58569, 180.862, 0.99972, -0.00282045, 0.0234864, 0.00260524, 0.999954, 0.00918885, -0.0235112, -0.00912509, 0.999682, 0.00293996  
181, 20.157, 2.45946, 180.939, 0.999691, -0.00311801, 0.0246487, 0.00300509, 0.999985, 0.00461697, -0.0246628, -0.00454147, 0.999686, 0.00309085  
182, 20.1186, 0.428473, 180.892, 0.999603, -0.00131321, 0.0281574, 0.00113095, 0.999978, 0.00648754, -0.0281653, -0.00645312, 0.999582, 0.00303981  
183, 20.1999, -1.7571, 180.894, 0.999548, -0.00195138, 0.0299977, 0.0020276, 0.999995, -0.00251064, -0.0299927, 0.00257033, 0.999547, 0.0028229  
184, 20.4029, -3.90285, 180.859, 0.999496, -0.00348538, 0.0315505, 0.00377969, 0.99995, -0.00927326, -0.0315166, 0.00938784, 0.999459, 0.00284426  
185, 20.4527, -5.74306, 180.843, 0.99942, -0.00308389, 0.0339072, 0.00329608, 0.999975, -0.00620386, -0.0338872, 0.00631202, 0.999406, 0.00290195  
186, 20.6982, -7.90718, 180.876, 0.999466, -0.0016908, 0.0326428, 0.0020949, 0.999922, -0.0123491, -0.0326194, 0.0124109, 0.999391, 0.00288115  
187, 20.9374, -10.0826, 180.788, 0.999434, -0.00280863, 0.0335225, 0.00328718, 0.999893, -0.0142287, -0.033479, 0.0143309, 0.999337, 0.00297934  
188, 21.1163, -12.1214, 180.783, 0.99938, -0.00273066, 0.0351062, 0.00331777, 0.999855, -0.0166763, -0.0350555, 0.0167824, 0.999244, 0.00282096  
189, 21.3356, -14.1742, 180.716, 0.99926, -0.00409156, 0.0382395, 0.0047625, 0.999836, -0.0174711, -0.0381617, 0.0176403, 0.999116, 0.00303621  
190, 21.4452, -16.1579, 180.763, 0.999255, -0.00566371, 0.0381759, 0.00651391, 0.999733, -0.0221831, -0.03804, 0.0224153, 0.999025, 0.0029039  
191, 21.683, -18.162, 180.721, 0.999277, -0.00711874, 0.037353, 0.00822782, 0.999527, -0.0296227, -0.0371245, 0.0299086, 0.998863, 0.00282068  
192, 21.7548, -20.1181, 180.736, 0.999194, -0.00764214, 0.0394005, 0.00870486, 0.999601, -0.0268717, -0.0391794, 0.027193, 0.998862, 0.00287921  
193, 22.0063, -22.4558, 180.681, 0.99921, -0.00828063, 0.0388626, 0.00947014, 0.999489, -0.0305246, -0.0385899, 0.0308685, 0.998778, 0.00304286  
194, 21.9826, -24.4141, 180.66, 0.999148, -0.00586853, 0.0408449, 0.00707613, 0.99954, -0.0294842, -0.0406531, 0.0297481, 0.99873, 0.0136893  
195, 22.0984, -26.4774, 180.655, 0.999125, -0.00719629, 0.0411973, 0.00849959, 0.999466, -0.0315483, -0.0409482, 0.0318709, 0.998653, 0.00253248  
196, 22.0126, -28.4914, 180.729, 0.999207, -0.00937787, 0.0386871, 0.0109879, 0.999073, -0.041615, -0.038261, 0.0420071, 0.998384, 0.00280543  
197, 21.9292, -30.5639, 180.699, 0.999089, -0.0110072, 0.0412374, 0.0128254, 0.998945, -0.0440889, -0.0407086, 0.0445776, 0.998176, 0.00295549  
198, 21.8792, -32.4614, 180.669, 0.999081, -0.0111799, 0.0413802, 0.0129992, 0.998949, -0.043961, -0.0408452, 0.0444585, 0.998176, 0.00289308  
199, 21.8119, -34.1415, 180.77, 0.999128, -0.015779, 0.0386671, 0.0175049, 0.998847, -0.0447086, -0.037917, 0.0453464, 0.998251, 0.00300625  
200, 21.7676, -36.1416, 180.796, 0.999201, -0.0162421, 0.0365228, 0.0179946, 0.998677, -0.0481794, -0.0356919, 0.0487982, 0.998171, 0.00307254  
201, 21.5625, -38.0276, 180.783, 0.999265, -0.0163414, 0.034678, 0.0180141, 0.998661, -0.048486, -0.0338393, 0.0490751, 0.998222, 0.00287921  
202, 21.3868, -39.8607, 180.782, 0.999296, -0.0152686, 0.0342672, 0.0168521, 0.99878, -0.046408, -0.0335169, 0.0469528, 0.998335, 0.00297546  
203, 21.1012, -41.7312, 180.833, 0.999349, -0.0158806, 0.0323914, 0.017409, 0.998721, -0.0474643, -0.0315962, 0.0479973, 0.998348, 0.00285979  
204, 20.8132, -43.6929, 180.841, 0.999439, -0.015422, 0.0297263, 0.0168358, 0.99871, -0.047912, -0.028949, 0.0483856, 0.998409, 0.00291721  
205, 20.5395, -45.3974, 180.796, 0.999497, -0.0154302, 0.0277117, 0.0167992, 0.998615, -0.0498682, -0.0269038, 0.0503086, 0.998371, 0.00294689  
206, 20.2998, -47.0526, 180.782, 0.999487, -0.0171454, 0.0270485, 0.0184792, 0.998585, -0.0498584, -0.0261554, 0.0503327, 0.99839, 0.00293801  
207, 20.0969, -48.8687, 180.719, 0.999579, -0.0157671, 0.024365, 0.0170565, 0.998414, -0.0536499, -0.0234805, 0.0540429, 0.998263, 0.00296353  
208, 19.6902, -50.2404, 180.801, 0.999571, -0.0181666, 0.0229903, 0.0191817, 0.998815, -0.0447335, -0.0221504, 0.0451553, 0.998734, 0.00286506  
209, 19.575, -52.0894, 180.745, 0.999619, -0.0188281, 0.0201669, 0.0197832, 0.998639, -0.0482592, -0.0192308, 0.0486398, 0.998631, 0.0029541  
210, 19.3505, -53.6635, 180.6, 0.999608, -0.0196575, 0.0199281, 0.0205547, 0.998736, -0.0458647, -0.0190013, 0.0462564, 0.998749, 0.00291915  
211, 19.027, -55.4769, 180.528, 0.99969, -0.0184649, 0.0166991, 0.0192651, 0.998608, -0.0490987, -0.0157692, 0.0494052, 0.998654, 0.00288143  
212, 18.6975, -56.8521, 180.41, 0.999695, -0.0192288, 0.0155231, 0.0199409, 0.998691, -0.0471001, -0.0145971, 0.0473953, 0.99877, 0.00290612  
213, 18.5378, -58.7101, 180.403, 0.999767, -0.0175159, 0.012605, 0.0180959, 0.998709, -0.0474737, -0.0117572, 0.0476907, 0.998793, 0.00286506  
214, 18.1727, -60.2361, 180.466, 0.999765, -0.0185481, 0.0112487, 0.0190589, 0.998706, -0.0471457, -0.0103597, 0.047349, 0.998825, 0.00304675  
215, 17.9421, -61.853, 180.553, 0.999767, -0.0192059, 0.00981496, 0.0196229, 0.998824, -0.0443307, -0.00895201, 0.044513, 0.998969, 0.0029713  
216, 17.7759, -63.4691, 180.644, 0.999752, -0.0210169, 0.00742255, 0.0213264, 0.998785, -0.0444357, -0.00647963, 0.044583, 0.998985, 0.00290806  
217, 17.4745, -64.9002, 180.746, 0.999729, -0.0228691, 0.00440428, 0.0230529, 0.998602, -0.0475618, -0.00331043, 0.0476504, 0.998859, 0.00299349  
218, 17.2453, -66.4522, 180.768, 0.999754, -0.0218942, 0.00356128, 0.0220348, 0.998702, -0.0459294, -0.00255107, 0.0459966, 0.998938, 0.00289114  
219, 16.8161, -68.2437, 180.784, 0.999718, -0.0233399, 0.00438266, 0.0235083, 0.998782, -0.0433912, -0.00336457, 0.043482, 0.999049, 0.00291832  
220, 16.5457, -69.5409, 180.809, 0.999801, -0.0199418, -0.000491482, 0.0199075, 0.999043, -0.0389457, 0.00126766, 0.0389282, 0.999241, 0.00292886  
221, 16.1725, -71.2207, 180.828, 0.999768, -0.0214629, -0.00158038, 0.0213775, 0.998887, -0.042055, 0.00248124, 0.0420115, 0.999114, 0.00293607  
222, 15.8315, -72.6382, 180.808, 0.999776, -0.0208188, -0.00392376, 0.0206455, 0.998988, -0.0399624, 0.00475176, 0.0398724, 0.999193, 0.00297796  
223, 15.3535, -74.1351, 180.808, 0.999724, -0.0234432, -0.00134584, 0.0233781, 0.999054, -0.0366811, 0.00220449, 0.0366396, 0.999326, 0.00294467  
224, 15.0596, -75.6007, 180.805, 0.999762, -0.0209409, -0.00603568, 0.0206987, 0.999074, -0.0377266, 0.00682012, 0.0375927, 0.99927, 0.0029394  
225, 14.6155, -77.0859, 180.803, 0.999754, -0.0210722, -0.00690833, 0.0208206, 0.999182, -0.034677, 0.0076334, 0.0345246, 0.999375, 0.00301291  
226, 14.3154, -78.486, 180.896, 0.999745, -0.0188772, -0.0123653, 0.0184677, 0.999303, -0.0324318, 0.0129689, 0.0321952, 0.999397, 0.0029774  
227, 13.9545, -79.5378, 181.08, 0.999654, -0.0221129, -0.014219, 0.0218369, 0.999576, -0.0192814, 0.0146394, 0.0189643, 0.999713, 0.0028989  
228, 13.678, -81.0951, 181.085, 0.99957, -0.0217798, -0.0196287, 0.0213657, 0.99955, -0.0210622, 0.0200786, 0.0206337, 0.999585, 0.00289974  
229, 13.2405, -82.3735, 181.026, 0.999609, -0.0207539, -0.0187265, 0.0204645, 0.99967, -0.0155156, 0.0190424, 0.0151263, 0.999704, 0.00294218  
230, 12.8624, -83.773, 180.873, 0.999574, -0.0208814, -0.0203933, 0.0206085, 0.999696, -0.0135013, 0.020669, 0.0130753, 0.999701, 0.00299765  
231, 12.4252, -85.0573, 180.921, 0.999539, -0.0199756, -0.0228432, 0.0196811, 0.999721, -0.0130442, 0.0230974, 0.0125886, 0.999654, 0.00288587  
232, 11.9366, -86.4427, 180.955, 0.999495, -0.0210036, -0.0238383, 0.020694, 0.999699, -0.0131601, 0.0241076, 0.0126601, 0.999629, 0.00293912  
233, 11.7395, -87.6086, 180.958, 0.999381, -0.0197449, -0.0291326, 0.0195492, 0.999784, -0.0069883, 0.0292643, 0.00641445, 0.999551, 0.00283316  
234, 11.33, -89.0361, 180.974, 0.999459, -0.0207076, -0.0255702, 0.0205473, 0.999768, -0.00651475, 0.0256992, 0.00598582, 0.999652, 0.00300375  
235, 11.1675, -90.3563, 180.967, 0.999442, -0.0195637, -0.0270813, 0.0195537, 0.999809, -0.000631083, 0.0270884, 0.00010119, 0.999633, 0.0028634  
236, 10.9371, -91.6908, 180.941, 0.999425, -0.0219064, -0.0258897, 0.0219717, 0.999756, 0.00223929, 0.0258344, -0.00280684, 0.999662, 0.00283178  
237, 10.9066, -93.0187, 181.007, 0.999372, -0.0209958, -0.0285321, 0.0210818, 0.999774, 0.00271513, 0.0284686, -0.00331493, 0.999589, 0.00291943  
238, 10.8828, -94.3188, 181.006, 0.999357, -0.0228881, -0.0275934, 0.0231673, 0.999683, 0.0098421, 0.0273594, -0.010475, 0.999571, 0.00291194  
239, 11.2027, -95.5691, 180.969, 0.999295, -0.0198815, -0.0318329, 0.0203411, 0.999693, 0.0141792, 0.0315412, -0.0148167, 0.999393, 0.00295383  
240, 11.2263, -97.0039, 180.894, 0.999378, -0.0218102, -0.0277045, 0.0223557, 0.999559, 0.0195367, 0.0272662, -0.0201439, 0.999425, 0.0029835  
241, 11.3612, -98.2075, 180.975, 0.999299, -0.0211293, -0.0308978, 0.0218579, 0.999486, 0.0234361, 0.0303867, -0.024095, 0.999248, 0.00292609  
242, 11.5289, -99.5678, 180.949, 0.999392, -0.0205556, -0.0281599, 0.021365, 0.999358, 0.0287523, 0.0275508, -0.0293365, 0.99919, 0.00301762  
243, 11.5556, -100.566, 181.08, 0.99931, -0.0216137, -0.0302217, 0.0227503, 0.999027, 0.0377862, 0.0293756, -0.0384476, 0.998829, 0.00279794  
244, 11.8285, -102.039, 181.113, 0.99932, -0.0233543, -0.0285181, 0.0244912, 0.998892, 0.0401882, 0.027548, -0.0408593, 0.998785, 0.00290362  
245, 12.1347, -103.256, 181.091, 0.999393, -0.0231246, -0.0260662, 0.0242949, 0.998668, 0.0455124, 0.024979, -0.0461181, 0.998624, 0.00291582  
246, 12.5015, -104.657, 181.122, 0.999442, -0.0241116, -0.0231311, 0.0252667, 0.998378, 0.0510142, 0.0218636, -0.0515701, 0.99843, 0.00288587  
247, 12.9565, -106.046, 181.054, 0.999484, -0.0221825, -0.0232364, 0.0233914, 0.998314, 0.0531168, 0.0220189, -0.0536329, 0.998318, 0.00293302  
248, 13.2743, -107.423, 181.036, 0.999569, -0.0236858, -0.017344, 0.0247307, 0.997724, 0.0627357, 0.0158186, -0.0631375, 0.997879, 0.00297574  
249, 13.804, -108.97, 180.975, 0.999568, -0.02233, -0.0191286, 0.0234394, 0.99793, 0.0598836, 0.0177518, -0.0603061, 0.998022, 0.00296048  
250, 14.1998, -110.39, 180.915, 0.999606, -0.0237313, -0.0149931, 0.0246472, 0.997633, 0.0641894, 0.0134343, -0.0645336, 0.997825, 0.00305035  
251, 14.7503, -111.924, 180.882, 0.999631, -0.0241736, -0.0123964, 0.0249264, 0.997595, 0.0646805, 0.0108031, -0.0649656, 0.997829, 0.00310417  
252, 15.28, -113.408, 180.843, 0.999642, -0.0250877, -0.0092529, 0.0256452, 0.997485, 0.066081, 0.0075718, -0.0662947, 0.997771, 0.0030154  
253, 15.9358, -114.863, 180.854, 0.99965, -0.0257879, -0.00582432, 0.0261364, 0.997138, 0.0709454, 0.00397812, -0.0710728, 0.997463, 0.0029971  
254, 16.606, -116.252, 180.845, 0.999616, -0.0275518, -0.00304191, 0.0277038, 0.996686, 0.0764873, 0.000924467, -0.0765422, 0.997066, 0.00320069  
255, 17.2392, -117.936, 180.865, 0.999605, -0.0280882, -0.000583655, 0.0280511, 0.996703, 0.0761326, -0.00155669, -0.0761189, 0.997098, 0.00315964  
256, 17.7984, -119.359, 180.892, 0.999507, -0.031104, 0.00422645, 0.030665, 0.996303, 0.0802441, -0.00670674, -0.080075, 0.996766, 0.00286784  
257, 18.4387, -121.219, 180.874, 0.999404, -0.0333746, 0.00880937, 0.0325688, 0.996292, 0.0796278, -0.0114343, -0.0792934, 0.996786, 0.00305202  
258, 18.9672, -122.725, 180.832, 0.999452, -0.0313442, 0.0106685, 0.0303176, 0.995865, 0.0856397, -0.0133087, -0.0852693, 0.996269, 0.0029885  
259, 19.453, -124.414, 180.83, 0.999357, -0.0332056, 0.0135626, 0.0318726, 0.995534, 0.0888651, -0.0164529, -0.0883756, 0.995951, 0.00280154  
260, 20.0037, -126.171, 180.872, 0.999351, -0.0331099, 0.0142114, 0.0317656, 0.995772, 0.0861916, -0.0170051, -0.0856842, 0.996177, 0.00291888  
261, 20.4675, -127.867, 180.776, 0.999076, -0.0375367, 0.0209488, 0.0353966, 0.994889, 0.0945645, -0.0243913, -0.0937355, 0.995298, 0.00278934  
262, 20.9946, -129.757, 180.68, 0.999068, -0.0363597, 0.023267, 0.0340089, 0.994944, 0.0944969, -0.0265852, -0.0936176, 0.995253, 0.00281819  
263, 21.2907, -131.554, 180.627, 0.998885, -0.039469, 0.0259014, 0.0368416, 0.994788, 0.0950809, -0.0295192, -0.0940207, 0.995133, 0.00281985  
264, 21.774, -133.253, 180.487, 0.998836, -0.0400823, 0.0268345, 0.0372947, 0.994551, 0.0973568, -0.0305905, -0.0962427, 0.994888, 0.00288781  
265, 22.0988, -135.277, 180.451, 0.998548, -0.0420252, 0.0336909, 0.0384877, 0.99429, 0.0995337, -0.0376815, -0.0980926, 0.994464, 0.00300015  
266, 22.5145, -137.157, 180.505, 0.998554, -0.0411877, 0.0345526, 0.0376357, 0.994493, 0.0978112, -0.0383909, -0.0963693, 0.994605, 0.00299127  
267, 22.7757, -139.094, 180.678, 0.998531, -0.041281, 0.0351029, 0.0375647, 0.994214, 0.100636, -0.0390541, -0.0991692, 0.994304, 0.00305146  
268, 23.0984, -141.051, 180.722, 0.998528, -0.0405423, 0.036031, 0.0366093, 0.993923, 0.103813, -0.0400208, -0.102341, 0.993944, 0.00294245  
269, 23.3829, -143.146, 180.758, 0.99842, -0.0429077, 0.0362702, 0.0390627, 0.994142, 0.10078, -0.040382, -0.0992044, 0.994247, 0.00305396  
270, 23.4736, -145.29, 180.831, 0.998416, -0.0433751, 0.0358432, 0.039685, 0.994402, 0.0979301, -0.0398903, -0.0963525, 0.994548, 0.00290306  
271, 23.6337, -147.167, 180.796, 0.998267, -0.0452003, 0.0376859, 0.0410205, 0.993612, 0.105135, -0.0421973, -0.103407, 0.993744, 0.00278518  
272, 23.8414, -149.618, 180.769, 0.998368, -0.04367, 0.0367902, 0.0396945, 0.993929, 0.102613, -0.041048, -0.100985, 0.994041, 0.00299321  
273, 23.9421, -151.66, 180.706, 0.998251, -0.04529, 0.0379868, 0.041039, 0.993512, 0.10606, -0.0425438, -0.104316, 0.993634, 0.00284454  
274, 24.1003, -153.983, 180.744, 0.998356, -0.0453646, 0.0350391, 0.0415579, 0.993851, 0.10263, -0.0394794, -0.101005, 0.994102, 0.00306395  
275, 24.0816, -156.199, 180.753, 0.998277, -0.0470395, 0.0350648, 0.043156, 0.993609, 0.1043, -0.0397469, -0.102607, 0.993928, 0.0029161  
276, 24.0329, -158.561, 180.805, 0.998274, -0.0478119, 0.0341128, 0.0440309, 0.993593, 0.104086, -0.0388709, -0.102405, 0.993983, 0.00284287  
277, 23.9811, -161.044, 180.834, 0.998154, -0.0497847, 0.0347806, 0.0460294, 0.993771, 0.101496, -0.0396169, -0.0997075, 0.994228, 0.00302372  
