0, 0, 0, 0, 0, 0, 0, 0, 0, 0, 0, 0, 0, 0.00684769  
1, 0, 0, 0, 0, 0, 0, 0, 0, 0, 0, 0, 0, 0.00332635  
2, 13.6288, 23.5506, 180.945, 0.999685, -0.0250802, -2.15979e-005, 0.0250781, 0.99959, 0.0138465, -0.000325683, -0.0138427, 0.999904, 0.00299515  
3, 13.6192, 23.5405, 180.937, 0.999679, -0.025315, 0.000396167, 0.0253067, 0.999577, 0.014358, -0.000759473, -0.0143434, 0.999897, 0.0028193  
4, 13.6151, 23.5353, 180.954, 0.999678, -0.0253325, 0.00124478, 0.0253105, 0.999562, 0.015309, -0.00163205, -0.0152725, 0.999882, 0.00292997  
5, 13.6461, 23.5612, 180.939, 0.999666, -0.0258609, 0.000109303, 0.0258566, 0.999561, 0.0144758, -0.000483614, -0.0144682, 0.999895, 0.00305119  
6, 13.6369, 23.5265, 180.946, 0.999673, -0.0255581, 0.000749724, 0.0255449, 0.999574, 0.0141486, -0.00111101, -0.0141248, 0.9999, 0.00281957  
7, 13.627, 23.553, 180.952, 0.99968, -0.0252755, 0.0007293, 0.0252628, 0.999582, 0.0140469, -0.00108404, -0.014024, 0.999901, 0.00275633  
8, 13.6166, 23.5448, 180.955, 0.999682, -0.0251818, 0.00094062, 0.0251643, 0.999564, 0.0154341, -0.00132887, -0.0154056, 0.99988, 0.00286728  
9, 13.5955, 23.5624, 180.939, 0.999665, -0.025839, 0.00138485, 0.0258175, 0.999572, 0.0137883, -0.00174054, -0.0137479, 0.999904, 0.00289779  
10, 13.6147, 23.5448, 180.945, 0.999666, -0.0258357, 0.000430628, 0.025827, 0.999566, 0.0141759, -0.000796685, -0.01416, 0.999899, 0.00279988  
11, 13.6039, 23.5445, 180.948, 0.999676, -0.0254544, 0.000466981, 0.0254447, 0.999566, 0.0148119, -0.000843806, -0.0147952, 0.99989, 0.00289363  
12, 13.5769, 23.5256, 180.941, 0.999655, -0.0262195, 0.00142142, 0.026194, 0.999533, 0.0157222, -0.00183298, -0.0156796, 0.999875, 0.00279461  
13, 13.615, 23.5547, 180.959, 0.999664, -0.0258625, 0.00151135, 0.0258346, 0.999535, 0.0162144, -0.00192999, -0.0161699, 0.999867, 0.00288614  
14, 13.6336, 23.5482, 180.967, 0.999678, -0.0253566, 0.000670638, 0.0253435, 0.999565, 0.0151166, -0.00105365, -0.0150947, 0.999886, 0.00290195  
15, 13.6277, 23.5359, 180.969, 0.999676, -0.0254599, 0.000622611, 0.025447, 0.999554, 0.0156583, -0.00102099, -0.0156374, 0.999877, 0.00284648  
16, 13.6413, 23.5364, 180.92, 0.999686, -0.0250323, 0.00100372, 0.0250148, 0.999578, 0.0147691, -0.001373, -0.0147393, 0.99989, 0.0028695  
17, 13.623, 23.5578, 180.94, 0.999678, -0.0253782, 0.000550064, 0.0253673, 0.999568, 0.014839, -0.000926415, -0.0148203, 0.99989, 0.00276937  
18, 13.6173, 23.5624, 180.95, 0.999675, -0.0254911, 0.000610115, 0.0254791, 0.999563, 0.0149993, -0.000992198, -0.0149789, 0.999887, 0.00288642  
19, 13.6088, 23.54, 180.964, 0.999681, -0.0252306, 0.000868152, 0.0252163, 0.999587, 0.0137695, -0.00121521, -0.0137432, 0.999905, 0.00280903  
20, 13.6293, 23.5352, 180.94, 0.999686, -0.0250248, 0.00114527, 0.0250051, 0.999577, 0.0148241, -0.00151576, -0.0147908, 0.999889, 0.00280459  
21, 13.6292, 23.5679, 180.95, 0.999672, -0.0256017, 0.000133988, 0.0255969, 0.999563, 0.0147851, -0.000512452, -0.0147768, 0.999891, 0.00284454  
22, 13.6301, 23.5465, 180.937, 0.999664, -0.0259172, 0.000857189, 0.0259024, 0.999563, 0.0142775, -0.00122685, -0.0142505, 0.999898, 0.00289363  
23, 13.6122, 23.5338, 180.912, 0.999678, -0.0253841, 0.000700417, 0.025372, 0.999583, 0.0137885, -0.00105013, -0.0137662, 0.999905, 0.00285563  
24, 13.5709, 23.5499, 180.909, 0.999666, -0.0258558, 0.00053509, 0.0258461, 0.999574, 0.0135697, -0.000885717, -0.0135513, 0.999908, 0.00292747  
25, 13.6296, 23.5559, 180.954, 0.999684, -0.0251224, 0.000512387, 0.0251124, 0.999579, 0.0145062, -0.000876602, -0.0144887, 0.999895, 0.00289419  
26, 13.6001, 23.5435, 180.931, 0.999682, -0.0252135, 0.000763104, 0.0252002, 0.999583, 0.0141018, -0.00111834, -0.0140781, 0.9999, 0.00293718  
27, 13.6176, 23.5368, 180.951, 0.999676, -0.0254593, 0.000717951, 0.0254466, 0.999576, 0.0141595, -0.00107814, -0.0141366, 0.999899, 0.00289502  
28, 13.577, 23.5569, 180.938, 0.999681, -0.0252143, 0.00131689, 0.0251935, 0.999585, 0.013941, -0.00166786, -0.0139034, 0.999902, 0.00296076  
29, 13.6073, 23.5418, 180.98, 0.999674, -0.0254533, 0.00175499, 0.0254203, 0.999535, 0.0168141, -0.00218215, -0.016764, 0.999857, 0.00295882  
30, 13.6308, 23.5816, 180.939, 0.999679, -0.0253258, 0.000691043, 0.0253126, 0.999567, 0.0150235, -0.00107123, -0.0150012, 0.999887, 0.0027677  
31, 13.5887, 23.527, 180.938, 0.999667, -0.0257635, 0.0010771, 0.0257454, 0.999565, 0.0144017, -0.00144767, -0.0143692, 0.999896, 0.00293996  
32, 13.615, 23.5609, 180.953, 0.999678, -0.0253364, 0.00102024, 0.0253178, 0.999562, 0.0153128, -0.00140776, -0.0152821, 0.999882, 0.00291111  
33, 13.6551, 23.5552, 180.96, 0.999682, -0.0252054, 7.64818e-005, 0.0252021, 0.999591, 0.0134854, -0.000416356, -0.0134792, 0.999909, 0.00320596  
34, 13.6366, 23.5787, 180.975, 0.999674, -0.025523, 0.000552565, 0.0255127, 0.999575, 0.0141371, -0.000913152, -0.0141184, 0.9999, 0.00297574  
35, 13.5641, 23.5565, 180.934, 0.999675, -0.0254858, 0.000991063, 0.0254714, 0.999597, 0.0125694, -0.001311, -0.01254, 0.999921, 0.00278878  
36, 13.6236, 23.5464, 180.965, 0.99968, -0.0252894, 0.000265018, 0.0252834, 0.999587, 0.0136434, -0.000609941, -0.0136323, 0.999907, 0.00297352  
37, 13.5976, 23.5325, 180.933, 0.999679, -0.0252792, 0.00137183, 0.0252561, 0.999571, 0.0148005, -0.00174539, -0.0147611, 0.99989, 0.0029394  
38, 13.6325, 23.571, 180.975, 0.999679, -0.0253142, 0.000708803, 0.0253008, 0.999569, 0.014913, -0.00108601, -0.0148903, 0.999889, 0.002872  
39, 13.6146, 23.566, 180.959, 0.999661, -0.0260319, 7.29352e-005, 0.0260283, 0.99956, 0.0142393, -0.000443579, -0.0142325, 0.999899, 0.0029824  
40, 13.6127, 23.5837, 180.936, 0.999655, -0.0261554, 0.00227698, 0.0261198, 0.999555, 0.0144379, -0.00265359, -0.0143735, 0.999893, 0.00281042  
41, 13.6018, 23.5506, 180.945, 0.999666, -0.0258334, 0.000970586, 0.0258168, 0.999563, 0.0143833, -0.00134173, -0.0143534, 0.999896, 0.00294467  
42, 13.6263, 23.5337, 180.956, 0.99967, -0.0256706, 0.00113123, 0.0256523, 0.999574, 0.0139266, -0.00148825, -0.013893, 0.999902, 0.0028193  
43, 13.614, 23.5399, 180.96, 0.999676, -0.025461, 0.000499484, 0.025451, 0.999569, 0.0146531, -0.000872351, -0.0146356, 0.999893, 0.00297185  
44, 13.5972, 23.5403, 180.95, 0.999663, -0.0259379, 0.00144153, 0.0259137, 0.999554, 0.0148333, -0.00182563, -0.014791, 0.999889, 0.00296215  
45, 13.6376, 23.5772, 180.969, 0.999674, -0.0255266, -5.58021e-005, 0.0255248, 0.999574, 0.0141595, -0.000305667, -0.0141563, 0.9999, 0.00280792  
46, 13.6368, 23.5355, 180.899, 0.999684, -0.025109, 0.000888639, 0.0250936, 0.999582, 0.01435, -0.00124858, -0.0143232, 0.999897, 0.00292997  
47, 13.6182, 23.5441, 180.947, 0.999673, -0.0255731, 0.000122794, 0.0255684, 0.999561, 0.0149548, -0.000505181, -0.0149468, 0.999888, 0.00291194  
48, 13.6133, 23.5683, 180.956, 0.999685, -0.0250802, 0.000987798, 0.0250606, 0.999552, 0.0163933, -0.0013985, -0.0163634, 0.999865, 0.00301429  
49, 13.614, 23.5495, 180.978, 0.999671, -0.0256413, 0.000761107, 0.0256269, 0.999559, 0.0150169, -0.00114582, -0.0149924, 0.999887, 0.00302317  
50, 13.623, 23.556, 180.964, 0.999679, -0.0253445, 0.000569958, 0.0253328, 0.999561, 0.0153365, -0.000958405, -0.0153172, 0.999882, 0.00282318  
51, 13.6428, 23.5462, 180.918, 0.999681, -0.0252499, 0.000675684, 0.0252376, 0.999579, 0.0143236, -0.00103707, -0.014302, 0.999897, 0.00292387  
52, 13.6182, 23.5377, 180.949, 0.999683, -0.0251637, 0.000420878, 0.0251544, 0.999568, 0.0151951, -0.000803062, -0.0151797, 0.999884, 0.00271916  
53, 13.6131, 23.5608, 180.933, 0.999687, -0.0250045, 0.000990805, 0.0249878, 0.999586, 0.0142727, -0.00134728, -0.0142435, 0.999898, 0.00301624  
54, 13.6246, 23.535, 180.938, 0.999689, -0.0249278, 0.000901483, 0.0249111, 0.999572, 0.0153311, -0.00128327, -0.0153038, 0.999882, 0.00290445  
55, 13.6106, 23.5335, 180.926, 0.999663, -0.0259066, 0.00175736, 0.0258785, 0.99956, 0.0144665, -0.00213137, -0.0144161, 0.999894, 0.00279932  
56, 13.5826, 23.5357, 180.956, 0.999667, -0.0257776, 0.00123655, 0.0257581, 0.999573, 0.0137966, -0.00159166, -0.0137601, 0.999904, 0.00294218  
57, 13.6309, 23.5449, 180.93, 0.999672, -0.0255821, 0.00113933, 0.0255623, 0.999563, 0.0148468, -0.00151864, -0.0148128, 0.999889, 0.0027763  
58, 13.6345, 23.5664, 180.955, 0.999664, -0.0259088, 0.000104548, 0.0259041, 0.999546, 0.0154186, -0.000503977, -0.0154107, 0.999881, 0.0030498  
59, 13.6103, 23.5474, 180.957, 0.999683, -0.0251945, 3.45548e-005, 0.0251918, 0.999595, 0.013269, -0.000368847, -0.013264, 0.999912, 0.00303482  
60, 13.6471, 23.5449, 180.923, 0.999695, -0.0246857, -2.47001e-005, 0.0246838, 0.999607, 0.0133017, -0.00030367, -0.0132982, 0.999912, 0.00300126  
61, 13.624, 23.5661, 180.957, 0.999654, -0.0262874, 0.000398286, 0.0262792, 0.999556, 0.0140416, -0.000767225, -0.0140263, 0.999901, 0.00298267  
62, 13.636, 23.5458, 180.945, 0.999667, -0.0258005, 0.000703105, 0.0257878, 0.999565, 0.0143215, -0.0010723, -0.0142986, 0.999897, 0.00290334  
63, 13.6153, 23.5726, 180.966, 0.999664, -0.0259234, -0.000567226, 0.0259288, 0.999567, 0.0139385, 0.000205648, -0.0139485, 0.999903, 0.00287976  
64, 13.6248, 23.5502, 180.928, 0.999668, -0.0257281, 0.00103098, 0.0257117, 0.999577, 0.013603, -0.00138052, -0.013572, 0.999907, 0.00302483  
65, 13.6221, 23.5495, 180.949, 0.999677, -0.0254115, 0.00060978, 0.0254006, 0.999581, 0.0139065, -0.00096291, -0.0138865, 0.999903, 0.00279932  
66, 13.618, 23.544, 180.956, 0.999682, -0.0251968, 0.0011493, 0.0251772, 0.999575, 0.014694, -0.00151906, -0.0146604, 0.999891, 0.00298129  
67, 13.5979, 23.5371, 180.955, 0.99968, -0.0252584, 0.00119369, 0.0252382, 0.999573, 0.0147174, -0.00156492, -0.0146826, 0.999891, 0.00273192  
68, 13.621, 23.5539, 180.932, 0.99968, -0.0252771, 0.00067017, 0.0252647, 0.999575, 0.0145698, -0.00103817, -0.0145482, 0.999894, 0.00307171  
69, 13.6036, 23.5487, 180.964, 0.999665, -0.0258588, 0.00127207, 0.0258368, 0.999553, 0.0150451, -0.00166055, -0.0150071, 0.999886, 0.00298406  
70, 13.6423, 23.5488, 180.94, 0.999685, -0.025072, 0.000824489, 0.0250572, 0.999579, 0.0146369, -0.00119112, -0.0146116, 0.999893, 0.00275578  
71, 13.604, 23.5475, 180.966, 0.999667, -0.0257867, 0.00137415, 0.0257616, 0.999541, 0.0159406, -0.00178458, -0.0158998, 0.999872, 0.00302511  
72, 13.587, 23.5519, 180.925, 0.999682, -0.0252128, 0.000190556, 0.0252074, 0.999576, 0.0145959, -0.000558479, -0.0145865, 0.999893, 0.00273192  
73, 13.6463, 23.5702, 180.94, 0.999659, -0.0260966, 0.000411963, 0.0260885, 0.999567, 0.0136157, -0.000767108, -0.0136004, 0.999907, 0.00302289  
74, 13.5878, 23.5581, 180.91, 0.999687, -0.0250084, 0.000898837, 0.0249942, 0.999598, 0.0133662, -0.00123274, -0.0133395, 0.99991, 0.00312275  
75, 13.6206, 23.5398, 180.939, 0.999679, -0.0253388, 0.000641508, 0.0253265, 0.999569, 0.0148738, -0.00101811, -0.0148527, 0.999889, 0.00280293  
76, 13.6289, 23.5655, 180.964, 0.999675, -0.0254707, 0.000717971, 0.0254583, 0.99958, 0.0138796, -0.00107119, -0.0138568, 0.999903, 0.00307338  
77, 13.6375, 23.5519, 180.937, 0.999669, -0.025698, 0.00100956, 0.0256805, 0.999563, 0.0146488, -0.00138557, -0.014618, 0.999892, 0.00295244  
78, 13.6272, 23.5603, 180.956, 0.999681, -0.0252665, 0.000139793, 0.0252619, 0.999577, 0.014385, -0.000503191, -0.0143768, 0.999897, 0.00286312  
79, 13.6241, 23.5539, 180.955, 0.999672, -0.0255944, 0.00097888, 0.0255776, 0.999569, 0.0144377, -0.00134798, -0.014408, 0.999895, 0.0028695  
80, 13.6232, 23.5572, 180.957, 0.999669, -0.0256824, 0.0012152, 0.0256609, 0.999554, 0.0152722, -0.00160688, -0.015236, 0.999883, 0.00281957  
81, 13.648, 23.5705, 180.951, 0.999677, -0.0254255, -0.00022073, 0.025426, 0.99957, 0.0146203, -0.000151092, -0.0146212, 0.999893, 0.00282262  
82, 13.5993, 23.5426, 180.952, 0.999685, -0.0250906, 0.0010519, 0.0250719, 0.999572, 0.0150917, -0.00143011, -0.0150606, 0.999886, 0.00287366  
83, 13.6088, 23.5487, 180.949, 0.999696, -0.0246408, 0.000127891, 0.0246366, 0.9996, 0.0138926, -0.000470164, -0.0138852, 0.999903, 0.00302844  
84, 13.6213, 23.554, 180.967, 0.999676, -0.0254347, -0.000609611, 0.0254407, 0.999582, 0.0137504, 0.000259619, -0.0137615, 0.999905, 0.00290417  
85, 13.6072, 23.5526, 180.927, 0.999683, -0.0251845, 0.000288314, 0.0251787, 0.9996, 0.0128626, -0.000612137, -0.0128513, 0.999917, 0.00288143  
86, 13.6252, 23.5579, 180.976, 0.99967, -0.0256656, 0.00067541, 0.0256532, 0.999567, 0.0144141, -0.00104506, -0.014392, 0.999896, 0.00279433  
87, 13.6369, 23.5694, 180.96, 0.999674, -0.0255273, 0.000687617, 0.0255152, 0.999577, 0.0139668, -0.00104386, -0.0139447, 0.999902, 0.00271195  
88, 13.6434, 23.5409, 180.956, 0.999678, -0.0253518, 0.00144375, 0.0253262, 0.999558, 0.0155824, -0.00183815, -0.0155408, 0.999878, 0.00283566  
89, 13.6236, 23.5388, 180.942, 0.999682, -0.0252059, 0.000741011, 0.0251937, 0.999592, 0.013478, -0.00108043, -0.013455, 0.999909, 0.00272166  
90, 13.6248, 23.5483, 180.939, 0.999668, -0.0257496, 0.00119853, 0.0257279, 0.999549, 0.0155002, -0.00159712, -0.0154642, 0.999879, 0.00284121  
91, 13.6063, 23.5353, 180.962, 0.999666, -0.0257796, 0.00162497, 0.0257516, 0.999551, 0.0153469, -0.00201988, -0.0152999, 0.999881, 0.0027702  
92, 13.6299, 23.58, 180.95, 0.999669, -0.0257123, -0.000244293, 0.0257132, 0.999578, 0.0135329, -0.000103773, -0.0135347, 0.999908, 0.00286451  
93, 13.6091, 23.5388, 180.948, 0.999667, -0.0258071, 0.000441853, 0.025799, 0.999579, 0.0132383, -0.00078331, -0.0132225, 0.999912, 0.00276743  
94, 13.5924, 23.5367, 180.949, 0.999682, -0.0252228, 6.06637e-005, 0.0252195, 0.999584, 0.0140158, -0.000414156, -0.0140098, 0.999902, 0.00274246  
95, 13.5893, 23.5362, 180.971, 0.999663, -0.0259566, 0.000776026, 0.0259431, 0.999564, 0.014091, -0.00114144, -0.0140662, 0.9999, 0.00282762  
96, 13.6307, 23.5629, 180.931, 0.999687, -0.0249823, 0.000889889, 0.0249659, 0.999572, 0.015226, -0.00126989, -0.015199, 0.999884, 0.0028021  
97, 13.6103, 23.5293, 180.951, 0.999667, -0.0257653, 0.00167675, 0.0257401, 0.999576, 0.0135931, -0.00202627, -0.0135454, 0.999906, 0.00279156  
98, 13.6289, 23.5596, 180.967, 0.999664, -0.0258995, 0.00047885, 0.0258897, 0.999556, 0.0147222, -0.000859936, -0.0147049, 0.999892, 0.00287477  
99, 13.6333, 23.5279, 180.925, 0.999686, -0.0250254, 0.00128574, 0.0250039, 0.99958, 0.0146494, -0.00165181, -0.0146126, 0.999892, 0.00261181  
100, 13.6118, 23.5416, 180.978, 0.999662, -0.0259569, 0.00108888, 0.0259369, 0.999543, 0.0155066, -0.00149089, -0.0154731, 0.999879, 0.0029394  
101, 13.6446, 23.5309, 180.937, 0.999677, -0.0254065, 0.000842115, 0.0253927, 0.999584, 0.0136438, -0.00118841, -0.0136181, 0.999907, 0.00275966  
102, 13.6188, 23.5566, 180.949, 0.999667, -0.0258007, 0.000578009, 0.0257899, 0.999567, 0.0141858, -0.000943762, -0.0141662, 0.999899, 0.00293302  
103, 13.6172, 23.5581, 180.934, 0.999687, -0.0250144, 0.000995995, 0.0249963, 0.999572, 0.0152222, -0.00137634, -0.0151926, 0.999884, 0.00298212  
104, 13.6329, 23.5484, 180.955, 0.999663, -0.0259682, -0.000660361, 0.0259748, 0.999572, 0.0134922, 0.00030971, -0.0135048, 0.999909, 0.00279017  
105, 13.6438, 23.5393, 180.951, 0.999668, -0.0257675, 0.000747694, 0.0257532, 0.999554, 0.0151441, -0.00113758, -0.0151198, 0.999885, 0.0029333  
106, 13.6046, 23.5232, 180.955, 0.999676, -0.0254301, 0.000465556, 0.0254217, 0.999589, 0.0132262, -0.000801708, -0.0132101, 0.999912, 0.00284093  
107, 13.6078, 23.5435, 180.947, 0.999677, -0.025349, 0.00175061, 0.02532, 0.999568, 0.0149552, -0.00212896, -0.014906, 0.999887, 0.0029222  
108, 13.6133, 23.5565, 180.946, 0.999678, -0.0253792, -0.000217237, 0.0253797, 0.999572, 0.014583, -0.000152961, -0.0145838, 0.999894, 0.00292442  
109, 13.5945, 23.5553, 180.918, 0.999702, -0.0243989, 0.000967603, 0.0243829, 0.999603, 0.0141006, -0.00131126, -0.0140728, 0.9999, 0.00290195  
110, 13.6015, 23.5398, 180.962, 0.999666, -0.0258003, 0.00165368, 0.0257724, 0.999554, 0.015114, -0.00204288, -0.0150663, 0.999884, 0.00296548  
111, 13.6067, 23.5579, 180.957, 0.999698, -0.0245913, 0.000362214, 0.024583, 0.999585, 0.0150423, -0.000731972, -0.0150288, 0.999887, 0.00284176  
112, 13.636, 23.5491, 180.949, 0.999683, -0.0251596, 0.000899408, 0.0251454, 0.999595, 0.0133522, -0.00123498, -0.0133254, 0.99991, 0.0029419  
113, 13.6043, 23.5372, 180.967, 0.999685, -0.0250991, 0.000266779, 0.0250934, 0.999599, 0.0131371, -0.000596401, -0.0131262, 0.999914, 0.00301402  
114, 13.5907, 23.5661, 180.942, 0.999691, -0.0247792, 0.00173426, 0.0247507, 0.999583, 0.0148835, -0.00210234, -0.014836, 0.999888, 0.00282817  
115, 13.5892, 23.5637, 180.938, 0.9997, -0.024408, 0.00191158, 0.0243725, 0.999562, 0.0168015, -0.00232083, -0.0167499, 0.999857, 0.00295355  
116, 13.6136, 23.541, 180.948, 0.999673, -0.0255402, 0.00154068, 0.0255136, 0.999557, 0.0153216, -0.00193131, -0.0152773, 0.999881, 0.00291777  
117, 13.6517, 23.5578, 180.938, 0.99968, -0.0252879, 0.00101943, 0.0252692, 0.999561, 0.0154502, -0.00140969, -0.0154195, 0.99988, 0.00292498  
118, 13.6253, 23.5466, 180.932, 0.999673, -0.0255806, 0.000219975, 0.0255754, 0.999585, 0.0132783, -0.000559549, -0.0132683, 0.999912, 0.00279433  
119, 13.5765, 23.5269, 180.943, 0.999686, -0.0249971, 0.00180933, 0.024965, 0.99956, 0.0160104, -0.00220874, -0.0159602, 0.99987, 0.00285508  
120, 13.608, 23.559, 180.918, 0.999678, -0.0253391, 0.00135158, 0.0253173, 0.999578, 0.0142538, -0.00171219, -0.014215, 0.999897, 0.00288725  
121, 13.6005, 23.5446, 180.95, 0.999681, -0.0252523, 0.000610861, 0.0252416, 0.999588, 0.0136283, -0.000954755, -0.0136086, 0.999907, 0.00295383  
122, 13.6282, 23.5425, 180.939, 0.999673, -0.0255563, 0.000301891, 0.0255495, 0.999573, 0.0141784, -0.000664111, -0.0141661, 0.999899, 0.00297685  
123, 13.6239, 23.535, 180.958, 0.999677, -0.0253861, 0.000674381, 0.0253748, 0.999588, 0.013423, -0.00101486, -0.0134016, 0.99991, 0.00294245  
124, 13.6106, 23.5446, 180.933, 0.999678, -0.0253567, 0.0010286, 0.02534, 0.999583, 0.0138586, -0.00137958, -0.0138281, 0.999903, 0.00288781  
125, 13.6214, 23.5391, 180.939, 0.999679, -0.025291, 0.00120063, 0.0252697, 0.999564, 0.0152544, -0.00158591, -0.0152191, 0.999883, 0.0029774  
126, 13.6146, 23.5756, 180.961, 0.999687, -0.0250205, 0.000379751, 0.0250114, 0.999564, 0.0157022, -0.000772461, -0.0156877, 0.999877, 0.00284898  
127, 13.5628, 23.5609, 180.936, 0.999677, -0.0254092, 0.000709822, 0.0253962, 0.999572, 0.0145201, -0.00107846, -0.0144974, 0.999894, 0.00297296  
128, 13.6273, 23.5664, 180.958, 0.999685, -0.0251104, 0.000277245, 0.0251033, 0.99957, 0.015166, -0.000657951, -0.0151543, 0.999885, 0.00300015  
129, 13.604, 23.5881, 180.919, 0.999674, -0.0255256, 0.000924447, 0.025511, 0.999585, 0.0133642, -0.00126519, -0.0133363, 0.99991, 0.00275272  
130, 13.6279, 23.5807, 180.97, 0.999663, -0.025945, 0.000767222, 0.0259308, 0.999555, 0.014756, -0.00114972, -0.0147311, 0.999891, 0.0029455  
131, 13.626, 23.5549, 180.951, 0.999681, -0.0252523, 0.000956657, 0.0252351, 0.999569, 0.0150217, -0.00133558, -0.0149927, 0.999887, 0.00287228  
132, 13.5862, 23.5496, 180.963, 0.999681, -0.0252472, 0.000390583, 0.0252389, 0.999575, 0.0145696, -0.000758259, -0.0145551, 0.999894, 0.00298517  
133, 13.6188, 23.5484, 180.927, 0.999688, -0.0249453, 0.000951329, 0.0249282, 0.999576, 0.0150257, -0.00132575, -0.0149973, 0.999887, 0.00293469  
134, 13.6398, 23.5652, 180.955, 0.999676, -0.0254574, -0.000368307, 0.02546, 0.99958, 0.0138209, 1.63078e-005, -0.0138258, 0.999904, 0.00277769  
135, 13.621, 23.5338, 180.953, 0.999674, -0.0255288, 0.000598291, 0.0255168, 0.99956, 0.0151018, -0.000983557, -0.0150816, 0.999886, 0.00290445  
136, 13.6333, 23.5758, 180.954, 0.999679, -0.0253533, 1.5478e-005, 0.02535, 0.99956, 0.0153831, -0.000405484, -0.0153778, 0.999882, 0.0029541  
137, 13.6331, 23.5535, 180.966, 0.999667, -0.0257876, 0.000811157, 0.0257738, 0.999571, 0.0139381, -0.00117024, -0.0139126, 0.999903, 0.00326199  
138, 13.6108, 23.5409, 180.944, 0.999675, -0.025496, 0.000564025, 0.0254859, 0.99958, 0.0137752, -0.000915, -0.0137563, 0.999905, 0.00296964  
139, 13.5915, 23.5482, 180.948, 0.999678, -0.0253736, 0.000901964, 0.0253583, 0.999579, 0.0141049, -0.00125947, -0.0140774, 0.9999, 0.0027469  
140, 13.5694, 23.5466, 180.954, 0.999667, -0.0257664, 0.00113259, 0.025747, 0.999561, 0.0146718, -0.00151013, -0.0146378, 0.999892, 0.00291333  
141, 13.6062, 23.5444, 180.927, 0.999678, -0.0253772, 0.000487676, 0.0253676, 0.999574, 0.0144035, -0.00085299, -0.0143865, 0.999896, 0.00296159  
142, 13.6208, 23.5597, 180.921, 0.999687, -0.0250023, 0.000969194, 0.0249858, 0.999585, 0.0143392, -0.0013273, -0.0143105, 0.999897, 0.0030032  
143, 13.6242, 23.5477, 180.954, 0.999667, -0.0258086, 0.000445821, 0.0257982, 0.999538, 0.0160714, -0.000860397, -0.0160546, 0.999871, 0.00309751  
144, 13.6187, 23.5657, 180.951, 0.99967, -0.0256935, 0.00012985, 0.0256888, 0.999562, 0.0146657, -0.000506607, -0.0146575, 0.999892, 0.00279322  
145, 13.6195, 23.5533, 180.919, 0.999687, -0.0250205, 0.000769378, 0.0250071, 0.999587, 0.0141396, -0.00112284, -0.0141159, 0.9999, 0.00291416  
146, 13.625, 23.555, 180.972, 0.999676, -0.0254558, 0.000505246, 0.025445, 0.999557, 0.0154077, -0.000897238, -0.0153899, 0.999881, 0.00286284  
147, 13.6276, 23.5625, 180.946, 0.999678, -0.0253757, 0.00045413, 0.0253667, 0.999578, 0.0141555, -0.000813145, -0.0141395, 0.9999, 0.00302844  
148, 13.6377, 23.5569, 180.942, 0.999683, -0.0251728, 0.000445025, 0.0251633, 0.99957, 0.0150452, -0.000823565, -0.0150293, 0.999887, 0.00310195  
149, 13.6465, 23.5782, 180.923, 0.99968, -0.0253015, 0.000373707, 0.0252931, 0.999569, 0.0149074, -0.000750725, -0.0148932, 0.999889, 0.00299099  
150, 13.6462, 23.5657, 180.944, 0.999682, -0.0252138, 0.000994901, 0.025197, 0.99958, 0.0143163, -0.00135545, -0.0142867, 0.999897, 0.00309362  
151, 13.6059, 23.5453, 180.955, 0.999664, -0.0259018, 0.000863599, 0.0258859, 0.999551, 0.0151077, -0.00125453, -0.0150803, 0.999885, 0.0027591  
152, 13.5883, 23.5428, 180.952, 0.99968, -0.025268, 0.000806777, 0.0252545, 0.999586, 0.0138011, -0.00115517, -0.0137763, 0.999904, 0.00300736  
153, 13.5566, 23.58, 180.923, 0.999679, -0.0252824, 0.00141318, 0.0252594, 0.999577, 0.0144424, -0.00177772, -0.014402, 0.999895, 0.00307587  
154, 13.6381, 23.572, 180.928, 0.999677, -0.0253889, 0.000652841, 0.0253759, 0.999559, 0.0154103, -0.0010438, -0.0153887, 0.999881, 0.00279239  
155, 13.5991, 23.5546, 180.947, 0.999681, -0.0252306, 0.00148463, 0.0252062, 0.999575, 0.014625, -0.001853, -0.0145829, 0.999892, 0.00297796  
156, 13.5754, 23.5619, 180.936, 0.999676, -0.0254536, 9.56488e-005, 0.02545, 0.999584, 0.0135373, -0.000440183, -0.0135305, 0.999908, 0.00279738  
157, 13.6075, 23.5645, 180.966, 0.999679, -0.0253212, 0.000185112, 0.0253163, 0.999585, 0.0137652, -0.000533587, -0.0137561, 0.999905, 0.00302983  
158, 13.6206, 23.5477, 180.95, 0.999657, -0.0261553, 0.00122646, 0.0261352, 0.999557, 0.014262, -0.00159895, -0.0142251, 0.999898, 0.00298656  
159, 13.6359, 23.5474, 180.967, 0.99966, -0.0260845, -0.000168453, 0.0260844, 0.999571, 0.0133434, -0.000179675, -0.0133433, 0.999911, 0.00273996  
160, 13.6256, 23.5744, 180.97, 0.999655, -0.0262543, 0.000256001, 0.0262482, 0.999559, 0.0138763, -0.000620202, -0.0138648, 0.999904, 0.00297491  
161, 13.6143, 23.543, 180.964, 0.999673, -0.0255491, 0.00110772, 0.0255297, 0.999561, 0.0150026, -0.00149054, -0.0149694, 0.999887, 0.0027874  
162, 13.6415, 23.5457, 180.945, 0.999669, -0.0257201, 0.000508645, 0.0257104, 0.99957, 0.0141298, -0.000871846, -0.0141121, 0.9999, 0.00304175  
163, 13.6281, 23.5664, 180.937, 0.999683, -0.025166, 0.00101642, 0.025147, 0.999561, 0.0156556, -0.00140996, -0.015625, 0.999877, 0.0030853  
164, 13.6072, 23.5299, 180.95, 0.999666, -0.0258268, 0.00124466, 0.0258068, 0.999569, 0.0139957, -0.00160559, -0.0139589, 0.999901, 0.0027824  
165, 13.6086, 23.573, 180.961, 0.999667, -0.025806, 0.000544731, 0.025794, 0.999538, 0.0160575, -0.00095886, -0.0160381, 0.999871, 0.00280765  
166, 13.6411, 23.5524, 180.919, 0.99968, -0.025272, 0.000504766, 0.0252635, 0.999599, 0.0128076, -0.000828236, -0.0127907, 0.999918, 0.0028989  
167, 13.5935, 23.5528, 180.916, 0.999693, -0.024753, 0.00120995, 0.0247338, 0.999598, 0.013851, -0.00155231, -0.0138168, 0.999903, 0.00300015  
168, 13.6142, 23.5541, 180.942, 0.999667, -0.0257837, 0.000518688, 0.0257733, 0.99956, 0.0146936, -0.000897316, -0.0146754, 0.999892, 0.00289225  
169, 13.6337, 23.5701, 180.952, 0.999668, -0.0257531, 0.000833997, 0.0257369, 0.999545, 0.0157044, -0.00123805, -0.0156777, 0.999876, 0.0027358  
170, 13.6103, 23.5483, 180.964, 0.999669, -0.025688, 0.00126739, 0.0256647, 0.999545, 0.0158651, -0.00167436, -0.0158273, 0.999873, 0.00281403  
171, 13.6255, 23.5458, 180.939, 0.99968, -0.0253079, 0.000362025, 0.0253003, 0.999581, 0.0140436, -0.000717287, -0.01403, 0.999901, 0.00282179  
172, 13.5952, 23.561, 180.984, 0.99968, -0.0253005, 0.000544216, 0.0252888, 0.999556, 0.0157626, -0.000942777, -0.0157438, 0.999876, 0.00282179  
173, 13.6456, 23.5585, 180.934, 0.999685, -0.0250731, 0.000523111, 0.0250626, 0.999576, 0.0148461, -0.000895128, -0.0148283, 0.99989, 0.00282734  
174, 13.6327, 23.5564, 180.936, 0.999683, -0.0251853, 0.00025581, 0.0251794, 0.999588, 0.0137545, -0.000602117, -0.0137437, 0.999905, 0.00278407  
175, 13.6069, 23.5397, 180.963, 0.999673, -0.0255327, 0.00107028, 0.0255135, 0.999559, 0.0151963, -0.00145781, -0.0151641, 0.999884, 0.00301485  
176, 13.6102, 23.5636, 180.962, 0.999679, -0.0253291, -0.000218907, 0.0253297, 0.999588, 0.0135192, -0.000123612, -0.0135204, 0.999909, 0.00281624  
177, 13.6092, 23.571, 180.939, 0.999679, -0.0253261, -0.000429773, 0.0253296, 0.999574, 0.0145312, 6.15717e-005, -0.0145374, 0.999894, 0.00282734  
178, 13.5992, 23.5524, 180.969, 0.999664, -0.0259231, 0.000552305, 0.0259122, 0.999558, 0.0146044, -0.000930651, -0.0145852, 0.999893, 0.00289141  
179, 13.6185, 23.551, 180.946, 0.99968, -0.0252923, 0.000374055, 0.0252841, 0.999573, 0.014617, -0.000743592, -0.0146028, 0.999893, 0.00274024  
180, 13.6117, 23.5477, 180.94, 0.999669, -0.0257395, -0.000330692, 0.0257416, 0.99958, 0.0133232, -1.23805e-005, -0.0133273, 0.999911, 0.00281486  
181, 13.5497, 23.5552, 180.947, 0.999678, -0.0253654, 0.00112463, 0.0253475, 0.999584, 0.0137593, -0.00147317, -0.0137264, 0.999905, 0.00282484  
182, 13.6239, 23.5811, 180.946, 0.999674, -0.0255087, 0.00106778, 0.0254887, 0.999551, 0.0157758, -0.00146972, -0.0157435, 0.999875, 0.00280903  
183, 13.6191, 23.6217, 180.938, 0.999703, -0.0243885, 0.000168834, 0.024383, 0.999585, 0.0153476, -0.000543068, -0.0153389, 0.999882, 0.00293996  
184, 13.5781, 23.6586, 180.928, 0.999688, -0.0249812, 0.000108948, 0.0249764, 0.999565, 0.0156924, -0.000500915, -0.0156847, 0.999877, 0.00278213  
185, 13.6118, 23.7132, 180.979, 0.999691, -0.0248545, -3.38444e-005, 0.0248502, 0.999491, 0.0199859, -0.000462912, -0.0199805, 0.9998, 0.00297823  
186, 13.5847, 23.812, 180.936, 0.999705, -0.0242986, 0.000632548, 0.0242814, 0.99951, 0.0197517, -0.00111218, -0.0197305, 0.999805, 0.00282068  
187, 13.6416, 23.8679, 180.979, 0.999677, -0.0254119, 0.000590394, 0.0253909, 0.999397, 0.0236641, -0.00119139, -0.0236415, 0.99972, 0.00296991  
188, 13.6279, 23.9563, 180.929, 0.999688, -0.0249902, -0.000275151, 0.0249898, 0.999411, 0.0235164, -0.000312692, -0.023516, 0.999723, 0.00294689  
189, 13.609, 24.0174, 180.953, 0.999693, -0.0247928, -0.000426641, 0.0247955, 0.999346, 0.026327, -0.000226358, -0.0263295, 0.999653, 0.00276521  
190, 13.614, 24.063, 180.98, 0.999686, -0.0250663, 0.000469318, 0.0250407, 0.999231, 0.0301679, -0.00122516, -0.0301467, 0.999545, 0.00286562  
191, 13.5826, 24.1426, 180.959, 0.999676, -0.0254648, -2.05222e-005, 0.0254525, 0.999166, 0.0319242, -0.000792438, -0.0319144, 0.99949, 0.00288393  
192, 13.5636, 24.2441, 180.997, 0.999677, -0.0253795, 0.00143152, 0.0253061, 0.998946, 0.0382987, -0.00240202, -0.0382501, 0.999265, 0.00285064  
193, 13.6099, 24.3155, 181.024, 0.999669, -0.0255799, 0.00272274, 0.0254376, 0.998732, 0.0434525, -0.0038308, -0.0433688, 0.999052, 0.00292636  
194, 13.6877, 24.4048, 181.052, 0.999667, -0.0257881, 0.00113492, 0.025708, 0.998598, 0.0462636, -0.00232637, -0.046219, 0.998929, 0.00279794  
195, 13.6872, 24.4504, 181.09, 0.999655, -0.0262124, 0.0014337, 0.0261048, 0.998349, 0.0511577, -0.0027723, -0.0511026, 0.99869, 0.00297768  
196, 13.7084, 24.4992, 181.103, 0.999681, -0.0252063, 0.00169952, 0.0250791, 0.998249, 0.0535785, -0.00304706, -0.0535188, 0.998562, 0.00289086  
197, 13.7247, 24.5711, 181.131, 0.999631, -0.0271033, 0.00183163, 0.026951, 0.997943, 0.0581683, -0.00340442, -0.0580975, 0.998305, 0.0029308  
198, 13.7293, 24.6181, 181.098, 0.999686, -0.0249213, 0.00262082, 0.0247109, 0.997769, 0.0620136, -0.00416043, -0.0619293, 0.998072, 0.00294772  
199, 13.7031, 24.6463, 181.138, 0.999669, -0.0255331, 0.00328106, 0.0252589, 0.997471, 0.0664323, -0.00496898, -0.0663274, 0.997786, 0.00298018  
200, 13.7553, 24.7465, 181.146, 0.999673, -0.0254347, 0.00281508, 0.0251773, 0.997258, 0.0695918, -0.00457741, -0.0694981, 0.997572, 0.00297102  
201, 13.7113, 24.7696, 181.165, 0.999632, -0.0269078, 0.00339294, 0.0265851, 0.99693, 0.0736476, -0.00536421, -0.0735303, 0.997279, 0.00292054  
202, 13.7718, 24.8018, 181.196, 0.999662, -0.0259108, 0.00223965, 0.0256659, 0.996779, 0.0759757, -0.00420103, -0.0758925, 0.997107, 0.00296686  
203, 13.7723, 24.8102, 181.168, 0.999661, -0.025717, 0.00406464, 0.0253026, 0.99638, 0.081156, -0.00613702, -0.0810256, 0.996693, 0.0028315  
204, 13.8127, 24.8213, 181.184, 0.999646, -0.0262677, 0.00429503, 0.025807, 0.996034, 0.0851496, -0.00651468, -0.0850086, 0.996359, 0.00283039  
205, 13.8659, 24.8751, 181.155, 0.999667, -0.0254394, 0.0042892, 0.0249608, 0.99577, 0.0884261, -0.00652057, -0.0882896, 0.996074, 0.0030756  
206, 13.8467, 24.9198, 181.233, 0.999633, -0.0263786, 0.00609782, 0.0256982, 0.995339, 0.0929502, -0.00852129, -0.0927594, 0.995652, 0.00296298  
207, 13.8813, 24.9157, 181.217, 0.999625, -0.0267901, 0.00559274, 0.0261224, 0.994948, 0.0969351, -0.00816138, -0.0967527, 0.995275, 0.0029541  
208, 13.9492, 24.9166, 181.166, 0.999649, -0.0259008, 0.00558758, 0.0252046, 0.994568, 0.100996, -0.00817309, -0.100819, 0.994871, 0.00300181  
209, 13.9867, 24.9534, 181.17, 0.999651, -0.0258714, 0.00539298, 0.0251584, 0.994098, 0.105529, -0.00809133, -0.105356, 0.994402, 0.00287117  
210, 14.032, 24.9193, 181.12, 0.999658, -0.0255757, 0.00549928, 0.0248298, 0.993801, 0.108362, -0.00823662, -0.108188, 0.994096, 0.00296742  
211, 14.0601, 24.9434, 181.106, 0.999639, -0.0263829, 0.00516048, 0.0256477, 0.99349, 0.110991, -0.00805515, -0.110818, 0.993808, 0.00296326  
212, 14.1066, 24.9576, 181.124, 0.99962, -0.0270916, 0.00511149, 0.0263285, 0.993072, 0.114524, -0.00817872, -0.114346, 0.993407, 0.00303454  
213, 14.1881, 24.9467, 181.092, 0.99965, -0.0257445, 0.00609943, 0.024822, 0.992395, 0.120567, -0.00915699, -0.120374, 0.992686, 0.00301845  
214, 14.2909, 24.87, 181.066, 0.99964, -0.0261925, 0.0058139, 0.0252913, 0.99225, 0.121653, -0.00895524, -0.121462, 0.992556, 0.00282734  
215, 14.384, 24.9002, 181.046, 0.999644, -0.0258113, 0.00671812, 0.0247355, 0.991409, 0.128435, -0.00997549, -0.128223, 0.991695, 0.00293053  
216, 14.5434, 24.8608, 180.962, 0.99963, -0.0265153, 0.00613844, 0.0254715, 0.990891, 0.132238, -0.00958886, -0.132033, 0.991199, 0.00281375  
217, 14.6758, 24.7698, 180.912, 0.999595, -0.0274172, 0.007566, 0.0261448, 0.990488, 0.135094, -0.0111979, -0.134842, 0.990804, 0.00297879  
218, 14.8161, 24.7056, 180.877, 0.999553, -0.0280272, 0.0104222, 0.0262567, 0.989434, 0.14259, -0.0143084, -0.142252, 0.989727, 0.00306727  
219, 14.9686, 24.4707, 180.862, 0.999525, -0.0284051, 0.0119465, 0.0263565, 0.98891, 0.146159, -0.0159657, -0.145774, 0.989189, 0.00277824  
220, 15.1154, 24.2858, 180.826, 0.999475, -0.029232, 0.0140036, 0.0268047, 0.988327, 0.149973, -0.0182241, -0.149519, 0.988591, 0.00293968  
221, 15.2357, 24.0551, 180.824, 0.999448, -0.0299035, 0.0144853, 0.0273874, 0.988237, 0.150455, -0.0188141, -0.149975, 0.988511, 0.00288115  
222, 15.4267, 23.7505, 180.825, 0.999395, -0.0303752, 0.0169509, 0.0273949, 0.987601, 0.154579, -0.021436, -0.154021, 0.987835, 0.00301596  
223, 15.6936, 23.369, 180.76, 0.999374, -0.0309805, 0.0170895, 0.0279484, 0.987418, 0.155642, -0.0216964, -0.155067, 0.987666, 0.00303038  
224, 15.9912, 23.0096, 180.703, 0.999342, -0.0308069, 0.0191355, 0.0273316, 0.986583, 0.160957, -0.0238374, -0.160328, 0.986776, 0.00278962  
225, 16.0984, 22.4159, 180.722, 0.9993, -0.0313315, 0.0204499, 0.0276044, 0.986356, 0.162297, -0.0252559, -0.161619, 0.98653, 0.00296048  
226, 16.2398, 21.9655, 180.728, 0.999218, -0.0325972, 0.0223569, 0.0284272, 0.985623, 0.166549, -0.0274645, -0.165784, 0.98578, 0.00279849  
227, 16.4755, 21.4051, 180.658, 0.99912, -0.0332533, 0.0255497, 0.0283421, 0.984508, 0.173035, -0.0309078, -0.172158, 0.984584, 0.00304453  
228, 16.7042, 20.6657, 180.683, 0.999094, -0.0337227, 0.0259498, 0.028803, 0.984863, 0.170922, -0.031321, -0.17002, 0.984943, 0.00307032  
229, 16.9182, 19.9778, 180.614, 0.999016, -0.0349769, 0.0272873, 0.0296856, 0.984175, 0.174695, -0.0329657, -0.173713, 0.984244, 0.00278712  
230, 17.0978, 19.2041, 180.602, 0.999037, -0.0350675, 0.0263707, 0.0300361, 0.984715, 0.171565, -0.031984, -0.170608, 0.98482, 0.00297463  
231, 17.2595, 18.3847, 180.572, 0.99897, -0.0365971, 0.0268109, 0.0313953, 0.984285, 0.173775, -0.0327492, -0.172754, 0.98442, 0.00274274  
232, 17.3826, 17.461, 180.598, 0.998965, -0.0370079, 0.0264363, 0.0318966, 0.984439, 0.172809, -0.0324203, -0.171787, 0.9846, 0.00304758  
233, 17.4992, 16.5212, 180.612, 0.998961, -0.0385072, 0.0243875, 0.0336867, 0.984155, 0.17408, -0.0307044, -0.173077, 0.98443, 0.00290806  
234, 17.5684, 15.332, 180.631, 0.999046, -0.0363696, 0.0241629, 0.0316212, 0.984232, 0.174031, -0.0301113, -0.173101, 0.984444, 0.00278324  
235, 17.5776, 14.2276, 180.678, 0.999152, -0.0345927, 0.0223328, 0.0301666, 0.984145, 0.174779, -0.0280248, -0.173957, 0.984354, 0.00281375  
236, 17.6084, 12.8941, 180.614, 0.999148, -0.0337765, 0.0237324, 0.0290155, 0.983557, 0.17825, -0.0293628, -0.177409, 0.983699, 0.00281569  
237, 17.5638, 11.4864, 180.606, 0.999183, -0.0315002, 0.0253362, 0.0265048, 0.983715, 0.177772, -0.0305234, -0.176955, 0.983745, 0.00303704  
238, 17.4426, 9.97877, 180.576, 0.999074, -0.0329799, 0.0276284, 0.0275116, 0.983448, 0.179089, -0.0330775, -0.178163, 0.983445, 0.00293968  
239, 17.385, 8.50792, 180.538, 0.999168, -0.0303301, 0.0272579, 0.0248537, 0.982871, 0.182611, -0.0323297, -0.181782, 0.982807, 0.00279433  
240, 17.1915, 6.96199, 180.619, 0.999239, -0.0314996, 0.0230195, 0.026852, 0.98331, 0.179948, -0.0283036, -0.179192, 0.983407, 0.00309806  
241, 17.0057, 5.41211, 180.586, 0.99934, -0.030725, 0.0194034, 0.0268157, 0.983872, 0.176851, -0.0245242, -0.176214, 0.984046, 0.00287255  
242, 16.7963, 3.66589, 180.537, 0.999326, -0.0317138, 0.0184969, 0.0280798, 0.984797, 0.171422, -0.0236522, -0.170787, 0.985024, 0.00303177  
243, 16.5264, 1.92025, 180.515, 0.999437, -0.0295813, 0.0158513, 0.0266403, 0.986537, 0.161356, -0.020411, -0.160843, 0.986769, 0.00300431  
244, 16.2812, 0.0605756, 180.526, 0.99942, -0.0298213, 0.0164254, 0.0267975, 0.986629, 0.160762, -0.0209999, -0.160229, 0.986856, 0.00277408  
245, 15.9448, -1.81253, 180.641, 0.999461, -0.0288389, 0.0156838, 0.0259961, 0.987044, 0.158331, -0.0200467, -0.157838, 0.987262, 0.00298711  
246, 15.6703, -3.59203, 180.633, 0.999599, -0.026334, 0.0104531, 0.0243981, 0.987621, 0.154948, -0.0144041, -0.154631, 0.987867, 0.00279045  
247, 15.336, -5.87237, 180.661, 0.999576, -0.0270394, 0.0107615, 0.0251095, 0.988247, 0.150788, -0.0147122, -0.150454, 0.988508, 0.00300237  
248, 14.9788, -7.99398, 180.635, 0.999593, -0.0263981, 0.010787, 0.024565, 0.989207, 0.144453, -0.0144839, -0.144129, 0.989453, 0.00287172  
249, 14.8205, -10.1906, 180.508, 0.999643, -0.0248977, 0.0097169, 0.0232662, 0.989583, 0.142074, -0.013153, -0.141798, 0.989808, 0.00308281  
250, 14.5639, -12.3494, 180.467, 0.999693, -0.0239564, 0.00629108, 0.0228693, 0.990306, 0.137004, -0.00951222, -0.136818, 0.990551, 0.00302761  
251, 14.2486, -14.5726, 180.525, 0.999701, -0.024018, 0.00459787, 0.0231648, 0.990349, 0.136647, -0.00783548, -0.1365, 0.990609, 0.00299682  
252, 13.8468, -16.7241, 180.819, 0.99967, -0.0257016, 0.000377316, 0.0254337, 0.99116, 0.130208, -0.00372052, -0.130155, 0.991487, 0.00276049  
253, 13.0477, -23.8686, 180.841, 0.999676, -0.0253245, -0.00267395, 0.025462, 0.992336, 0.120921, -0.000408809, -0.12095, 0.992659, 0.00270307  
254, 12.7152, -26.4738, 180.959, 0.999675, -0.025092, -0.00457932, 0.0254528, 0.993, 0.115337, 0.00165322, -0.115416, 0.993316, 0.00269614  
255, 12.4252, -28.9856, 181.051, 0.999672, -0.0245141, -0.00739297, 0.0251741, 0.993727, 0.108962, 0.00467549, -0.109112, 0.994018, 0.00303981  
256, 12.1422, -31.7422, 181.069, 0.999641, -0.0253427, -0.00866818, 0.0260849, 0.994617, 0.100286, 0.00608, -0.100476, 0.994921, 0.00280598  
257, 12.0058, -34.4555, 181.038, 0.99964, -0.023807, -0.0123676, 0.0248657, 0.995262, 0.094, 0.0100711, -0.0942737, 0.995495, 0.00277325  
258, 11.8316, -37.1853, 181.057, 0.999631, -0.024718, -0.0112959, 0.0256062, 0.995899, 0.08677, 0.00910484, -0.0870272, 0.996164, 0.00302761  
259, 11.7824, -39.8052, 181.111, 0.999667, -0.0228287, -0.0120357, 0.0236889, 0.996751, 0.0769791, 0.0102393, -0.0772386, 0.99696, 0.00280487  
260, 11.7391, -42.4062, 181.211, 0.999659, -0.0235772, -0.0112365, 0.0243776, 0.996701, 0.0774175, 0.00937418, -0.077665, 0.996935, 0.00276881  
261, 11.6194, -45.2518, 181.345, 0.999594, -0.0245274, -0.0145206, 0.0254712, 0.997303, 0.068837, 0.0127931, -0.0691789, 0.997522, 0.00276687  
262, 11.6708, -48.1307, 181.209, 0.999619, -0.0242963, -0.0131254, 0.0250981, 0.997581, 0.0648291, 0.0115186, -0.0651338, 0.99781, 0.00276798  
263, 11.7348, -51.0174, 181.163, 0.99962, -0.0235373, -0.0143284, 0.0243355, 0.998, 0.0583483, 0.0129264, -0.0586748, 0.998193, 0.00298628  
264, 11.9319, -53.8812, 181.145, 0.999583, -0.0235124, -0.0167592, 0.0242742, 0.998609, 0.0468018, 0.0156355, -0.0471891, 0.998764, 0.00289003  
265, 11.9995, -56.4778, 181.102, 0.999556, -0.0257278, -0.0150087, 0.0263006, 0.998881, 0.0393047, 0.0139806, -0.039682, 0.999115, 0.00282845  
266, 12.1758, -59.3344, 181.112, 0.999565, -0.0285383, -0.00741569, 0.0288332, 0.998647, 0.0432869, 0.00617032, -0.0434819, 0.999035, 0.00293025  
267, 12.4988, -62.419, 181.103, 0.999613, -0.0266057, -0.00817788, 0.0268712, 0.999051, 0.0342762, 0.00725817, -0.0344827, 0.999379, 0.00281375  
268, 12.7697, -65.4014, 181.097, 0.999659, -0.0244488, -0.00913711, 0.0246519, 0.999436, 0.0228182, 0.00857408, -0.0230357, 0.999698, 0.00286728  
269, 12.964, -68.2472, 181.118, 0.999622, -0.0251494, -0.0111106, 0.0252717, 0.99962, 0.0110076, 0.0108296, -0.0112842, 0.999878, 0.00288836  
270, 13.0409, -71.0472, 181.089, 0.999571, -0.0288153, -0.00527409, 0.0288556, 0.999554, 0.00773295, 0.00504891, -0.00788182, 0.999956, 0.00283233  
271, 13.2911, -74.0456, 181.126, 0.999642, -0.0267241, -0.00152726, 0.0267181, 0.999636, -0.00380503, 0.00162839, 0.00376286, 0.999992, 0.00298323  
272, 13.5465, -76.7476, 181.123, 0.999599, -0.0282116, -0.00233448, 0.0281966, 0.999583, -0.00619318, 0.00250822, 0.00612487, 0.999978, 0.00278573  
273, 13.9487, -79.701, 181.124, 0.99955, -0.0299045, -0.00241234, 0.0298738, 0.999483, -0.0118979, 0.00276689, 0.0118204, 0.999926, 0.00291305  
274, 14.3453, -82.5641, 181.128, 0.999626, -0.0271767, -0.00309189, 0.0271235, 0.999502, -0.0161028, 0.00352797, 0.0160129, 0.999866, 0.00288642  
275, 14.6768, -85.432, 181.102, 0.999549, -0.0300209, 8.93573e-005, 0.0300158, 0.999314, -0.0216819, 0.000561615, 0.0216748, 0.999765, 0.00299904  
276, 14.9857, -88.3063, 181.047, 0.999589, -0.0286343, 0.00168206, 0.0286724, 0.999121, -0.0305801, -0.000804939, 0.0306157, 0.999531, 0.00284925  
277, 15.3234, -91.1541, 180.944, 0.999535, -0.0301446, 0.00467795, 0.0302956, 0.998874, -0.0365139, -0.00357198, 0.0366386, 0.999322, 0.00279627  
