0, 0, 0, 0, 0, 0, 0, 0, 0, 0, 0, 0, 0, 0.00682717  
1, -2.94466, 61.062, 180.732, 0.995771, -0.0916423, -0.00644704, 0.091467, 0.995528, -0.0236241, 0.00858317, 0.0229345, 0.9997, 0.00268477  
2, -2.94348, 61.0757, 180.723, 0.995811, -0.0911511, -0.00718731, 0.090961, 0.995579, -0.023407, 0.00928911, 0.0226552, 0.9997, 0.00282956  
3, -2.90958, 61.0821, 180.728, 0.995842, -0.0908232, -0.00709197, 0.0906312, 0.995599, -0.0238515, 0.00922702, 0.0231095, 0.99969, 0.00278518  
4, -2.9565, 61.1016, 180.755, 0.995841, -0.0908768, -0.0064554, 0.0906934, 0.995576, -0.0245607, 0.00865885, 0.0238731, 0.999677, 0.00284176  
5, -2.94608, 61.1014, 180.737, 0.995893, -0.090341, -0.0059152, 0.0901804, 0.995652, -0.0233417, 0.00799819, 0.0227124, 0.99971, 0.00277242  
6, -2.92398, 61.1031, 180.743, 0.995798, -0.0912859, -0.00730186, 0.0910848, 0.995547, -0.0242866, 0.00948637, 0.0235194, 0.999678, 0.00278684  
7, -2.94677, 61.0761, 180.757, 0.995778, -0.0915923, -0.00604013, 0.0914231, 0.995522, -0.0240162, 0.00821278, 0.0233626, 0.999693, 0.00283982  
8, -2.94437, 61.0658, 180.734, 0.995802, -0.091287, -0.00677587, 0.0911071, 0.995569, -0.0232912, 0.00887203, 0.022576, 0.999706, 0.00291749  
9, -2.93147, 61.0786, 180.722, 0.995844, -0.0908469, -0.00641588, 0.0906755, 0.995609, -0.0232731, 0.008502, 0.0225947, 0.999709, 0.00287865  
10, -2.92987, 61.0775, 180.721, 0.995851, -0.0907889, -0.00621637, 0.0906206, 0.99561, -0.0234323, 0.00831647, 0.0227718, 0.999706, 0.00277797  
11, -2.95692, 61.0971, 180.754, 0.995819, -0.0910333, -0.00760857, 0.0908094, 0.995532, -0.0258729, 0.00992987, 0.0250738, 0.999636, 0.00292026  
12, -2.94825, 61.0622, 180.741, 0.995824, -0.0910533, -0.00656704, 0.0908699, 0.995567, -0.0242568, 0.00874659, 0.0235588, 0.999684, 0.00290029  
13, -2.93031, 61.0949, 180.734, 0.995843, -0.0908215, -0.00697905, 0.0906226, 0.995574, -0.0248853, 0.00920828, 0.0241494, 0.999666, 0.00287283  
14, -2.92573, 61.1026, 180.741, 0.995812, -0.0911647, -0.00687927, 0.0909692, 0.995546, -0.0247724, 0.009107, 0.0240429, 0.999669, 0.0028082  
15, -2.93659, 61.0623, 180.714, 0.995877, -0.0904917, -0.00638552, 0.0903199, 0.995638, -0.0234069, 0.0084758, 0.0227336, 0.999706, 0.0029627  
16, -2.96165, 61.093, 180.751, 0.995843, -0.0909105, -0.00574216, 0.0907503, 0.99559, -0.0237856, 0.0078792, 0.0231656, 0.999701, 0.00308919  
17, -2.92684, 61.075, 180.714, 0.995857, -0.0906889, -0.00669154, 0.0905053, 0.995608, -0.023956, 0.00883469, 0.0232511, 0.999691, 0.00292054  
18, -2.92291, 61.0906, 180.728, 0.995853, -0.0906909, -0.00722445, 0.0904925, 0.995603, -0.0242075, 0.00938808, 0.0234533, 0.999681, 0.00294412  
19, -2.93543, 61.0708, 180.734, 0.995834, -0.0909484, -0.00657698, 0.0907688, 0.995588, -0.0237922, 0.00871182, 0.0230961, 0.999695, 0.00288698  
20, -2.93638, 61.0629, 180.731, 0.995797, -0.0913527, -0.00660406, 0.0911743, 0.995556, -0.0235605, 0.00872703, 0.0228593, 0.999701, 0.00289974  
21, -2.91742, 61.0892, 180.734, 0.995795, -0.0913592, -0.00673603, 0.0911734, 0.995544, -0.0240622, 0.00890432, 0.0233468, 0.999688, 0.00310417  
22, -2.92746, 61.0865, 180.724, 0.995859, -0.0906473, -0.0069654, 0.090459, 0.995617, -0.0237663, 0.00908922, 0.0230378, 0.999693, 0.00295632  
23, -2.9312, 61.0949, 180.74, 0.995795, -0.0913593, -0.00677267, 0.0911661, 0.995527, -0.0247963, 0.00900776, 0.0240746, 0.99967, 0.00291444  
24, -2.93174, 61.0829, 180.749, 0.995893, -0.0903571, -0.00565675, 0.0902046, 0.995656, -0.0230521, 0.0077151, 0.0224472, 0.999718, 0.00286756  
25, -2.94272, 61.0677, 180.74, 0.995816, -0.0911066, -0.00713822, 0.0909088, 0.995561, -0.0243561, 0.00932554, 0.0236053, 0.999678, 0.00283344  
26, -2.9212, 61.0829, 180.725, 0.995816, -0.09112, -0.00697064, 0.0909271, 0.995562, -0.0242444, 0.00914886, 0.0235092, 0.999682, 0.00304481  
27, -2.93618, 61.0851, 180.737, 0.995797, -0.0912863, -0.00741529, 0.0910809, 0.995543, -0.0244626, 0.00961534, 0.0236844, 0.999673, 0.00284592  
28, -2.93095, 61.073, 180.715, 0.995865, -0.0905919, -0.00675198, 0.0904013, 0.995602, -0.024579, 0.00894895, 0.023867, 0.999675, 0.00296298  
29, -2.9314, 61.0455, 180.714, 0.995834, -0.0909228, -0.00684893, 0.0907346, 0.995585, -0.0240558, 0.00900592, 0.0233342, 0.999687, 0.00287949  
30, -2.90211, 61.0812, 180.713, 0.995827, -0.0910229, -0.00651404, 0.0908422, 0.995574, -0.0240838, 0.00867739, 0.0233916, 0.999689, 0.00288448  
31, -2.92154, 61.0946, 180.704, 0.995806, -0.0912329, -0.00690913, 0.0910367, 0.99554, -0.0247649, 0.00913769, 0.024032, 0.999669, 0.00289835  
32, -2.92819, 61.0481, 180.717, 0.995839, -0.0909102, -0.00628455, 0.0907373, 0.99559, -0.0237973, 0.00842025, 0.023128, 0.999697, 0.00289752  
33, -2.91793, 61.0688, 180.724, 0.995776, -0.0915453, -0.0070296, 0.0913503, 0.995522, -0.0243157, 0.00922411, 0.0235709, 0.99968, 0.00303759  
34, -2.94445, 61.0689, 180.716, 0.995857, -0.0907159, -0.00632504, 0.0905423, 0.995609, -0.0237767, 0.00845419, 0.0231055, 0.999697, 0.00287838  
35, -2.93863, 61.0735, 180.724, 0.995856, -0.0906935, -0.00679019, 0.0905062, 0.995604, -0.0241147, 0.00894739, 0.0234002, 0.999686, 0.00279905  
36, -2.93637, 61.0602, 180.739, 0.995778, -0.0915441, -0.0067741, 0.0913583, 0.99553, -0.0239629, 0.00893748, 0.0232429, 0.99969, 0.00296104  
37, -2.93933, 61.0776, 180.728, 0.995849, -0.0908042, -0.00630925, 0.090633, 0.995606, -0.0235324, 0.00841837, 0.0228629, 0.999703, 0.00302483  
38, -2.93171, 61.0424, 180.709, 0.995828, -0.0910531, -0.00607513, 0.090886, 0.99558, -0.0236792, 0.00820434, 0.0230282, 0.999701, 0.0029394  
39, -2.93246, 61.0685, 180.721, 0.9958, -0.0913086, -0.00670278, 0.0911253, 0.995554, -0.0238615, 0.00885174, 0.0231505, 0.999693, 0.00290584  
40, -2.93001, 61.0808, 180.745, 0.995799, -0.0913436, -0.00630139, 0.0911642, 0.995534, -0.0245087, 0.00851196, 0.0238313, 0.99968, 0.00297712  
41, -2.9267, 61.0738, 180.726, 0.995785, -0.0914443, -0.00712214, 0.0912453, 0.995527, -0.0245208, 0.00933257, 0.0237676, 0.999674, 0.00290085  
42, -2.92518, 61.068, 180.741, 0.995856, -0.0907283, -0.00628477, 0.090559, 0.995617, -0.023368, 0.00837735, 0.022702, 0.999707, 0.00282235  
43, -2.91206, 61.0821, 180.716, 0.995859, -0.090614, -0.00731807, 0.0904159, 0.995616, -0.0239453, 0.00945577, 0.0231845, 0.999686, 0.00287671  
44, -2.93997, 61.0696, 180.716, 0.99586, -0.090688, -0.00623832, 0.0905158, 0.995609, -0.0238525, 0.00837407, 0.0231891, 0.999696, 0.00281708  
45, -2.94467, 61.075, 180.722, 0.995809, -0.0912196, -0.00659269, 0.0910436, 0.995574, -0.0233298, 0.00869165, 0.0226318, 0.999706, 0.00292304  
46, -2.93175, 61.0745, 180.753, 0.995788, -0.0914529, -0.00658983, 0.0912677, 0.995528, -0.0243708, 0.00878914, 0.0236667, 0.999681, 0.00293302  
47, -2.95567, 61.0754, 180.753, 0.995877, -0.0905054, -0.00608431, 0.0903329, 0.995614, -0.0243284, 0.00825947, 0.0236784, 0.999686, 0.00281763  
48, -2.93782, 61.0837, 180.736, 0.995827, -0.0909945, -0.00703806, 0.0908079, 0.995594, -0.023386, 0.00913505, 0.0226493, 0.999702, 0.00290445  
49, -2.94965, 61.0586, 180.738, 0.995798, -0.0913407, -0.00654741, 0.091161, 0.99555, -0.0238682, 0.00869841, 0.023171, 0.999694, 0.00279461  
50, -2.94826, 61.0928, 180.751, 0.995873, -0.0905052, -0.00678872, 0.090306, 0.995589, -0.0254374, 0.00906099, 0.0247194, 0.999653, 0.00284509  
51, -2.92734, 61.0819, 180.73, 0.995819, -0.0911013, -0.00670397, 0.0909184, 0.995573, -0.0238323, 0.00884545, 0.0231232, 0.999693, 0.00292775  
52, -2.95419, 61.1107, 180.759, 0.995853, -0.0907552, -0.00641258, 0.090573, 0.995587, -0.024542, 0.0086116, 0.0238594, 0.999678, 0.00286978  
53, -2.92338, 61.0893, 180.725, 0.995808, -0.0912314, -0.00658997, 0.0910501, 0.995559, -0.023933, 0.00874415, 0.0232327, 0.999692, 0.00288448  
54, -2.94812, 61.1121, 180.746, 0.995854, -0.090777, -0.00590527, 0.0906074, 0.995586, -0.0244794, 0.00810137, 0.0238428, 0.999683, 0.00280654  
55, -2.9213, 61.0881, 180.716, 0.995811, -0.0911843, -0.0068397, 0.0909962, 0.995561, -0.0240602, 0.00900325, 0.023337, 0.999687, 0.0027788  
56, -2.92475, 61.0841, 180.72, 0.995812, -0.0911251, -0.0074431, 0.0909205, 0.995561, -0.0243118, 0.00962548, 0.0235332, 0.999677, 0.00303482  
57, -2.98609, 61.0716, 180.766, 0.995864, -0.0906673, -0.0058261, 0.0904945, 0.99558, -0.0251065, 0.00807669, 0.0244755, 0.999668, 0.00298018  
58, -2.93539, 61.0812, 180.728, 0.995835, -0.0909322, -0.00659239, 0.0907479, 0.995578, -0.0242942, 0.00877236, 0.0235948, 0.999683, 0.00288087  
59, -2.92278, 61.1056, 180.728, 0.995777, -0.0915238, -0.00717328, 0.0913227, 0.995517, -0.0246026, 0.00939285, 0.0238436, 0.999672, 0.00309224  
60, -2.94614, 61.0901, 180.733, 0.99589, -0.0903657, -0.00604379, 0.0901924, 0.995622, -0.0245491, 0.00823572, 0.0239031, 0.99968, 0.0029774  
61, -2.94409, 61.0973, 180.733, 0.995902, -0.0902281, -0.00611172, 0.0900531, 0.995634, -0.0245602, 0.00830105, 0.0239092, 0.99968, 0.00287255  
62, -2.96474, 61.0967, 180.752, 0.995822, -0.0911405, -0.0056861, 0.0909807, 0.995566, -0.0238863, 0.0078379, 0.0232692, 0.999699, 0.0029394  
63, -2.92422, 61.0725, 180.742, 0.995778, -0.0915542, -0.00657828, 0.0913557, 0.995481, -0.0259172, 0.00892138, 0.0252068, 0.999642, 0.00275855  
64, -2.96617, 61.1091, 180.782, 0.995789, -0.0914764, -0.00608948, 0.0912997, 0.995515, -0.0247852, 0.00832944, 0.0241249, 0.999674, 0.00276188  
65, -2.9563, 61.1015, 180.758, 0.995806, -0.0913019, -0.00593313, 0.0911331, 0.995543, -0.0242853, 0.00812398, 0.0236428, 0.999687, 0.00271639  
66, -2.93545, 61.0637, 180.719, 0.995739, -0.0919824, -0.00657038, 0.0918021, 0.995491, -0.0238634, 0.00873578, 0.0231586, 0.999694, 0.00278934  
67, -2.92752, 61.0926, 180.712, 0.995785, -0.0914357, -0.00719333, 0.0912407, 0.995542, -0.0239066, 0.00934718, 0.0231495, 0.999688, 0.0027677  
68, -2.95055, 61.0917, 180.761, 0.995836, -0.0909489, -0.00617776, 0.0907749, 0.995577, -0.0242184, 0.00835307, 0.0235568, 0.999688, 0.00276715  
69, -2.96167, 61.0656, 180.734, 0.995802, -0.0912923, -0.00663658, 0.0911006, 0.995528, -0.0249885, 0.00888817, 0.024279, 0.999666, 0.0028193  
70, -2.92469, 61.0926, 180.731, 0.995802, -0.0912694, -0.00691219, 0.0910752, 0.995542, -0.0245402, 0.00912115, 0.0238077, 0.999675, 0.00429357  
71, -2.91246, 61.1022, 180.739, 0.995777, -0.0915216, -0.00718257, 0.0913224, 0.995523, -0.0243686, 0.00938067, 0.0236098, 0.999677, 0.00280709  
72, -2.97164, 61.0872, 180.739, 0.995837, -0.0909399, -0.00627729, 0.090767, 0.995587, -0.0238133, 0.00841517, 0.0231444, 0.999697, 0.00292553  
73, -2.94118, 61.063, 180.709, 0.995869, -0.0905894, -0.00626542, 0.090417, 0.995619, -0.0238106, 0.00839497, 0.0231458, 0.999697, 0.00281153  
74, -2.93616, 61.0781, 180.726, 0.995842, -0.090824, -0.00707477, 0.0906363, 0.995609, -0.0234187, 0.00917068, 0.0226801, 0.999701, 0.00279683  
75, -2.93426, 61.0649, 180.733, 0.995802, -0.0913101, -0.00643261, 0.0911321, 0.99555, -0.0239792, 0.00859352, 0.0232923, 0.999692, 0.00278213  
76, -2.94366, 61.0975, 180.766, 0.995865, -0.0906844, -0.00541917, 0.0905306, 0.995606, -0.0239277, 0.00756523, 0.0233382, 0.999699, 0.00282401  
77, -2.94968, 61.0601, 180.726, 0.995751, -0.0917983, -0.00728547, 0.0915989, 0.995503, -0.0241375, 0.00946849, 0.0233676, 0.999682, 0.0040897  
78, -2.93623, 61.0709, 180.715, 0.995876, -0.0904318, -0.00729461, 0.0902394, 0.995645, -0.0234001, 0.00937896, 0.0226454, 0.9997, 0.00274218  
79, -2.92414, 61.0834, 180.746, 0.995784, -0.0914556, -0.00705897, 0.0912571, 0.995523, -0.0246125, 0.00927832, 0.0238645, 0.999672, 0.00277575  
80, -2.93644, 61.0515, 180.74, 0.995838, -0.0908876, -0.00673329, 0.0906972, 0.995575, -0.0245911, 0.00893852, 0.0238781, 0.999675, 0.00272083  
81, -2.93733, 61.0555, 180.716, 0.995794, -0.0913906, -0.00650548, 0.0912062, 0.99553, -0.0245246, 0.00871772, 0.0238281, 0.999678, 0.00280765  
82, -2.93137, 61.0874, 180.732, 0.995794, -0.0913465, -0.00710509, 0.0911485, 0.995537, -0.0244559, 0.00930734, 0.0237054, 0.999676, 0.00277297  
83, -2.95672, 61.0459, 180.725, 0.995809, -0.0912354, -0.00642764, 0.0910594, 0.995562, -0.0237606, 0.00856693, 0.0230758, 0.999697, 0.0029505  
84, -2.95597, 61.0622, 180.734, 0.995791, -0.0914408, -0.00629246, 0.0912661, 0.995538, -0.0239749, 0.00845667, 0.0232997, 0.999693, 0.00282595  
85, -2.9405, 61.0687, 180.716, 0.99586, -0.0906629, -0.00663008, 0.0904842, 0.995619, -0.0235463, 0.00873581, 0.0228489, 0.999701, 0.00273886  
86, -2.92511, 61.0699, 180.723, 0.99584, -0.0908387, -0.00710508, 0.0906476, 0.9956, -0.0237278, 0.00922922, 0.022985, 0.999693, 0.0028057  
87, -2.92884, 61.0818, 180.73, 0.995834, -0.0909289, -0.00678494, 0.0907387, 0.995575, -0.024445, 0.00897767, 0.0237275, 0.999678, 0.00279932  
88, -2.93813, 61.084, 180.719, 0.995795, -0.0913358, -0.0071334, 0.0911343, 0.995531, -0.0247532, 0.00936236, 0.023999, 0.999668, 0.00278795  
89, -2.94186, 61.0779, 180.724, 0.99586, -0.0906565, -0.00665228, 0.0904652, 0.995588, -0.0249189, 0.00888199, 0.0242139, 0.999667, 0.00276826  
90, -2.96949, 61.0808, 180.745, 0.995822, -0.0911346, -0.00574599, 0.0909682, 0.995551, -0.0245512, 0.00795789, 0.0239259, 0.999682, 0.0027469  
91, -2.93985, 61.0835, 180.739, 0.995807, -0.091207, -0.00698644, 0.091006, 0.995534, -0.0250848, 0.00924315, 0.0243438, 0.999661, 0.00282457  
92, -2.93461, 61.0526, 180.732, 0.995792, -0.0913959, -0.00673869, 0.0912098, 0.99554, -0.0240909, 0.00891044, 0.0233749, 0.999687, 0.00279516  
93, -2.92487, 61.0888, 180.731, 0.995813, -0.0911802, -0.00651422, 0.091002, 0.995566, -0.0237905, 0.00865456, 0.0230981, 0.999696, 0.00255356  
94, -2.97861, 61.0716, 180.738, 0.995826, -0.0910748, -0.00594688, 0.090904, 0.995558, -0.0244928, 0.00815114, 0.02385, 0.999682, 0.00282013  
95, -2.94749, 61.1026, 180.74, 0.995796, -0.0913755, -0.00645543, 0.0911958, 0.995541, -0.024117, 0.00863034, 0.0234269, 0.999688, 0.00291111  
96, -2.97178, 61.1097, 180.754, 0.99593, -0.0899498, -0.00566606, 0.0897893, 0.99567, -0.0240785, 0.00780739, 0.0234718, 0.999694, 0.00296187  
97, -2.93683, 61.0797, 180.738, 0.995771, -0.0915762, -0.00736075, 0.0913652, 0.995499, -0.0251767, 0.00963321, 0.0243978, 0.999656, 0.00284898  
98, -2.93503, 61.0567, 180.706, 0.995828, -0.0909978, -0.00683961, 0.0908163, 0.995594, -0.0233302, 0.00893248, 0.0226117, 0.999704, 0.00295521  
99, -2.95782, 61.1064, 180.761, 0.995826, -0.0910332, -0.00661746, 0.0908417, 0.995551, -0.0250386, 0.00886736, 0.024333, 0.999665, 0.0029039  
100, -2.93285, 61.0901, 180.738, 0.995769, -0.0916351, -0.00684774, 0.091438, 0.995497, -0.0250111, 0.0091088, 0.0242791, 0.999664, 0.00294661  
101, -2.93868, 61.0581, 180.728, 0.995797, -0.0913551, -0.00658742, 0.0911831, 0.995571, -0.0228741, 0.0086479, 0.0221772, 0.999717, 0.00297019  
102, -2.92409, 61.0871, 180.725, 0.995817, -0.0910814, -0.0072969, 0.0908931, 0.995596, -0.0229496, 0.00935505, 0.0221903, 0.99971, 0.00292331  
103, -2.95915, 61.1237, 180.747, 0.995819, -0.0910429, -0.00747289, 0.0908511, 0.995601, -0.0229057, 0.00952542, 0.022131, 0.99971, 0.00299349  
104, -2.93984, 61.1438, 180.729, 0.995867, -0.0904966, -0.00766223, 0.090314, 0.995681, -0.0215254, 0.00957711, 0.0207444, 0.999739, 0.00292997  
105, -2.97135, 61.1527, 180.719, 0.995843, -0.0908416, -0.00662349, 0.0906957, 0.995683, -0.0197418, 0.00838828, 0.0190591, 0.999783, 0.00279378  
106, -2.97605, 61.2496, 180.711, 0.995857, -0.0905888, -0.00786893, 0.0904325, 0.995733, -0.0183554, 0.00949815, 0.0175677, 0.999801, 0.0029455  
107, -2.96625, 61.3094, 180.723, 0.995825, -0.090976, -0.00754058, 0.0908481, 0.995739, -0.0158507, 0.00895048, 0.0150995, 0.999846, 0.00290944  
108, -2.96674, 61.3406, 180.697, 0.995851, -0.0906358, -0.00817654, 0.0905152, 0.995796, -0.0140803, 0.00941834, 0.0132818, 0.999867, 0.00293025  
109, -2.96278, 61.3826, 180.708, 0.995821, -0.0909388, -0.00843345, 0.0908364, 0.995796, -0.0118165, 0.00947256, 0.011001, 0.999895, 0.00290085  
110, -2.98587, 61.4519, 180.732, 0.995868, -0.0904087, -0.00859891, 0.0903235, 0.995864, -0.00983007, 0.00945207, 0.00901276, 0.999915, 0.00289502  
111, -2.96432, 61.5258, 180.747, 0.995916, -0.0898915, -0.00845561, 0.0898213, 0.995923, -0.00834507, 0.00917129, 0.0075515, 0.999929, 0.00307199  
112, -2.99912, 61.5826, 180.778, 0.995955, -0.0895257, -0.0076927, 0.0894886, 0.995975, -0.00504195, 0.00811312, 0.00433314, 0.999958, 0.00285785  
113, -3.01947, 61.6045, 180.798, 0.99588, -0.0902614, -0.00868022, 0.0902377, 0.995915, -0.00308201, 0.00892295, 0.00228603, 0.999958, 0.00295438  
114, -2.99987, 61.6741, 180.763, 0.995863, -0.0904921, -0.00825935, 0.0905024, 0.995896, 0.000887368, 0.00814515, -0.00163119, 0.999965, 0.00300292  
115, -3.03119, 61.7488, 180.797, 0.995909, -0.0900278, -0.00778313, 0.0900687, 0.995923, 0.00508229, 0.00729385, -0.00576251, 0.999957, 0.00297768  
116, -3.01544, 61.9105, 180.839, 0.995852, -0.0906306, -0.00803553, 0.0907042, 0.995834, 0.00933146, 0.00715634, -0.0100216, 0.999924, 0.00306589  
117, -3.03382, 61.9356, 180.815, 0.995951, -0.0895877, -0.00750779, 0.0896773, 0.995891, 0.0125893, 0.0063491, -0.0132116, 0.999893, 0.00278407  
118, -3.00858, 61.9603, 180.83, 0.995939, -0.0897114, -0.00762101, 0.0898164, 0.995849, 0.01478, 0.00626344, -0.0154045, 0.999862, 0.00293358  
119, -2.99787, 61.9991, 180.835, 0.995908, -0.0900563, -0.00749687, 0.09017, 0.995789, 0.0165503, 0.00597484, -0.0171585, 0.999835, 0.00283733  
120, -2.98611, 62.0351, 180.842, 0.995929, -0.0897792, -0.00807828, 0.089924, 0.995751, 0.0198281, 0.0062638, -0.0204738, 0.999771, 0.00277908  
121, -2.98864, 62.0967, 180.854, 0.995957, -0.0895028, -0.00769328, 0.0896651, 0.995676, 0.0242862, 0.00548633, -0.0248778, 0.999675, 0.00306727  
122, -2.96279, 62.0954, 180.871, 0.995917, -0.0899158, -0.00799977, 0.0900894, 0.995622, 0.024934, 0.00572279, -0.0255529, 0.999657, 0.00297213  
123, -2.95418, 62.1464, 180.899, 0.995952, -0.0895082, -0.00829141, 0.0897045, 0.995589, 0.0274972, 0.00579361, -0.0281297, 0.999587, 0.00294911  
124, -2.94807, 62.2009, 180.865, 0.995864, -0.0904749, -0.00830674, 0.0906952, 0.995371, 0.0317849, 0.00539256, -0.0324068, 0.99946, 0.00282262  
125, -2.92537, 62.2442, 180.862, 0.995914, -0.090004, -0.00735929, 0.0902105, 0.995285, 0.0356397, 0.00411688, -0.036158, 0.999338, 0.00305701  
126, -2.88211, 62.2475, 180.877, 0.995796, -0.0912332, -0.00812135, 0.0914695, 0.995147, 0.0362623, 0.00477362, -0.0368527, 0.999309, 0.00302234  
127, -2.83621, 62.2222, 180.867, 0.995882, -0.0903392, -0.00764021, 0.0905771, 0.995053, 0.0407989, 0.00391668, -0.0413229, 0.999138, 0.00285508  
128, -2.76797, 62.1564, 180.821, 0.995897, -0.0901358, -0.00807062, 0.0904048, 0.994936, 0.0439188, 0.0040711, -0.0444682, 0.999003, 0.00299488  
129, -2.77698, 62.0495, 180.826, 0.995932, -0.0898034, -0.00745393, 0.0900515, 0.994886, 0.0457508, 0.00330723, -0.0462359, 0.998925, 0.00305535  
130, -2.72415, 62.0026, 180.805, 0.995932, -0.0898065, -0.00734406, 0.0900588, 0.994741, 0.048775, 0.00292513, -0.049238, 0.998783, 0.00298406  
131, -2.66265, 62.0596, 180.765, 0.996025, -0.0887323, -0.00783012, 0.0890309, 0.994486, 0.0554248, 0.00286897, -0.0559016, 0.998432, 0.00307032  
132, -2.63663, 62.0348, 180.737, 0.996021, -0.0887674, -0.00787674, 0.0890788, 0.994266, 0.0591628, 0.00257984, -0.0596291, 0.998217, 0.00278296  
133, -2.59688, 61.9111, 180.741, 0.996007, -0.0889059, -0.00809294, 0.0892373, 0.994087, 0.061875, 0.00254402, -0.0623502, 0.998051, 0.00285813  
134, -2.57851, 61.7753, 180.741, 0.996183, -0.0871121, -0.00551113, 0.087284, 0.993718, 0.0700474, -0.000625464, -0.0702611, 0.997528, 0.00294162  
135, -2.5405, 61.6756, 180.769, 0.996049, -0.0885047, -0.00724232, 0.0887962, 0.993486, 0.071419, 0.000874232, -0.07178, 0.99742, 0.00299682  
136, -2.52792, 61.5625, 180.724, 0.996078, -0.088148, -0.00760769, 0.0884728, 0.993047, 0.0776495, 0.000710153, -0.078018, 0.996952, 0.00307171  
137, -2.51318, 61.4278, 180.739, 0.996067, -0.0882998, -0.00738226, 0.0886079, 0.99268, 0.0820631, 8.2068e-005, -0.0823945, 0.9966, 0.0027702  
138, -2.55227, 61.3071, 180.755, 0.996014, -0.0887931, -0.00850566, 0.0891936, 0.99251, 0.0834763, 0.00102983, -0.0839022, 0.996473, 0.00305923  
139, -2.54308, 61.0916, 180.779, 0.996128, -0.0874399, -0.0091182, 0.0879059, 0.992075, 0.0897807, 0.00119552, -0.0902346, 0.99592, 0.00300264  
140, -2.54926, 60.9439, 180.72, 0.996196, -0.086753, -0.00818099, 0.0871375, 0.991513, 0.0964868, -0.00025897, -0.0968327, 0.995301, 0.00294883  
141, -2.54269, 60.6741, 180.752, 0.996249, -0.0861044, -0.00863203, 0.0865359, 0.991231, 0.0998604, -4.2076e-005, -0.100233, 0.994964, 0.00306062  
142, -2.54533, 60.4039, 180.75, 0.996346, -0.0848795, -0.00952095, 0.0854108, 0.990651, 0.106376, 0.000402754, -0.106801, 0.99428, 0.00278018  
143, -2.52651, 60.1376, 180.693, 0.99642, -0.0839544, -0.00995756, 0.084542, 0.990001, 0.112917, 0.000378151, -0.113354, 0.993555, 0.00303787  
144, -2.58278, 59.6275, 180.736, 0.996448, -0.0837272, -0.00895332, 0.0842021, 0.989954, 0.113581, -0.000646454, -0.113932, 0.993488, 0.002948  
145, -2.56825, 59.3306, 180.728, 0.996449, -0.0835719, -0.0102625, 0.0841988, 0.989552, 0.117037, 0.000374201, -0.117486, 0.993074, 0.00304841  
146, -2.60054, 58.7816, 180.708, 0.996481, -0.0830104, -0.011585, 0.0838012, 0.989257, 0.119786, 0.00151709, -0.120335, 0.992732, 0.00308614  
147, -2.59305, 58.2624, 180.682, 0.996562, -0.0820138, -0.0117812, 0.0828416, 0.988886, 0.123455, 0.00152517, -0.124007, 0.99228, 0.00280099  
148, -2.57254, 57.7479, 180.665, 0.996629, -0.0812638, -0.0112385, 0.0820354, 0.988125, 0.129923, 0.000546958, -0.130407, 0.99146, 0.00285813  
149, -2.64741, 56.9589, 180.676, 0.996633, -0.0808823, -0.0134668, 0.0819449, 0.988272, 0.128855, 0.00288676, -0.129525, 0.991572, 0.00278324  
150, -2.70437, 56.3137, 180.661, 0.996655, -0.0808744, -0.0117389, 0.08172, 0.987268, 0.136469, 0.000552655, -0.136972, 0.990575, 0.00282318  
151, -2.7141, 55.4925, 180.665, 0.996756, -0.0795178, -0.0124223, 0.0804746, 0.986838, 0.140265, 0.00110517, -0.14081, 0.990036, 0.00289696  
152, -2.6743, 54.6266, 180.671, 0.996774, -0.0790006, -0.0141856, 0.0802131, 0.986761, 0.140954, 0.00286235, -0.141637, 0.989915, 0.00300791  
153, -2.71573, 53.7046, 180.633, 0.996761, -0.0789756, -0.0151831, 0.0803307, 0.986715, 0.141209, 0.0038293, -0.141971, 0.989863, 0.00290723  
154, -2.57374, 52.7461, 180.616, 0.996936, -0.0764998, -0.0162969, 0.0780603, 0.986268, 0.145539, 0.00493945, -0.146365, 0.989218, 0.0028229  
155, -2.55243, 51.7735, 180.704, 0.996858, -0.0775716, -0.0160319, 0.0790717, 0.986506, 0.143365, 0.00469445, -0.144182, 0.98954, 0.002834  
156, -2.4297, 50.77, 180.705, 0.997023, -0.0756602, -0.0148702, 0.0770356, 0.985728, 0.149683, 0.00333297, -0.150383, 0.988622, 0.00288198  
157, -2.3549, 49.6719, 180.702, 0.996907, -0.0773608, -0.0138426, 0.0785646, 0.985441, 0.150778, 0.00197676, -0.1514, 0.988471, 0.00279655  
158, -2.24635, 48.523, 180.749, 0.996949, -0.0766554, -0.014708, 0.0779976, 0.985527, 0.15051, 0.00295779, -0.151198, 0.988499, 0.00290445  
159, -2.1772, 47.3439, 180.785, 0.996797, -0.0783659, -0.0159319, 0.0798736, 0.985378, 0.150498, 0.003905, -0.151289, 0.988482, 0.00280293  
160, -2.05462, 46.0336, 180.838, 0.996975, -0.0761169, -0.015699, 0.0776025, 0.986016, 0.147479, 0.00425387, -0.148251, 0.988941, 0.00307809  
161, -1.96114, 44.7521, 180.809, 0.996852, -0.0775121, -0.0166879, 0.0791199, 0.986161, 0.145692, 0.00516411, -0.146553, 0.989189, 0.00309224  
162, -1.85264, 43.3205, 180.795, 0.997154, -0.0734606, -0.0169543, 0.075136, 0.986821, 0.143314, 0.00620295, -0.14418, 0.989532, 0.00279738  
163, -1.7952, 41.8501, 180.802, 0.99704, -0.0756764, -0.0135534, 0.0768393, 0.986665, 0.143482, 0.00251448, -0.144098, 0.98956, 0.00301651  
164, -1.66594, 40.4036, 180.826, 0.99706, -0.0755275, -0.0129481, 0.0766051, 0.986663, 0.143624, 0.00192783, -0.144193, 0.989548, 0.0028229  
165, -1.61249, 38.8805, 180.813, 0.997047, -0.0759369, -0.0114359, 0.0767921, 0.986697, 0.143288, 0.000402931, -0.143743, 0.989615, 0.00285314  
166, -1.54359, 37.4131, 180.858, 0.996962, -0.0768639, -0.0125707, 0.0778707, 0.986813, 0.141899, 0.00149804, -0.142447, 0.989801, 0.00291083  
167, -1.47167, 35.8551, 180.865, 0.996949, -0.0770911, -0.0122672, 0.0780538, 0.986615, 0.143173, 0.00106565, -0.143693, 0.989622, 0.00286451  
168, -1.38894, 34.2835, 180.837, 0.997025, -0.0756971, -0.0145455, 0.0770048, 0.986572, 0.144034, 0.00344724, -0.144726, 0.989466, 0.00297712  
169, -1.42371, 32.5, 180.879, 0.996897, -0.0769288, -0.0166832, 0.0785114, 0.987014, 0.140138, 0.00568588, -0.141013, 0.989991, 0.00282512  
170, -1.44931, 30.6435, 180.902, 0.99688, -0.0760185, -0.0212389, 0.0781802, 0.987988, 0.133292, 0.0108511, -0.134537, 0.990849, 0.00295715  
171, -1.55112, 28.9272, 180.777, 0.996813, -0.0780332, -0.016551, 0.0795781, 0.987135, 0.138676, 0.00551668, -0.139552, 0.990199, 0.0029186  
172, -1.55319, 26.8743, 180.68, 0.996853, -0.0771867, -0.0180524, 0.0789138, 0.987856, 0.133841, 0.00750239, -0.134845, 0.990838, 0.00280709  
173, -1.65931, 24.8697, 180.697, 0.996611, -0.0801154, -0.0186728, 0.0818446, 0.98852, 0.127006, 0.00828322, -0.128104, 0.991726, 0.00294218  
174, -1.67858, 22.7406, 180.721, 0.996771, -0.0777461, -0.0200696, 0.0795587, 0.990052, 0.116051, 0.0108475, -0.117273, 0.99304, 0.00286978  
175, -1.66087, 20.8627, 180.645, 0.996824, -0.077041, -0.0201512, 0.0788792, 0.989986, 0.117069, 0.0109303, -0.118287, 0.992919, 0.00309057  
176, -1.639, 18.8935, 180.649, 0.996772, -0.077373, -0.0214397, 0.0793075, 0.990455, 0.112734, 0.0125126, -0.11407, 0.993394, 0.00287644  
177, -1.59022, 16.6878, 180.631, 0.996887, -0.0758624, -0.0214772, 0.0777638, 0.990983, 0.109114, 0.0130059, -0.110445, 0.993797, 0.00281791  
178, -1.565, 14.549, 180.598, 0.997062, -0.0742741, -0.0187388, 0.0758822, 0.991135, 0.10906, 0.0104724, -0.110161, 0.993859, 0.00285646  
179, -1.31068, 12.3569, 180.616, 0.997156, -0.0729836, -0.0188005, 0.074591, 0.991386, 0.107652, 0.0107817, -0.108749, 0.994011, 0.00286479  
180, -1.03299, 9.80241, 180.675, 0.997085, -0.0741138, -0.0181446, 0.0755763, 0.991996, 0.101151, 0.0105027, -0.102227, 0.994706, 0.00293857  
181, -0.815034, 7.61668, 180.749, 0.996981, -0.0759013, -0.0163727, 0.0771747, 0.99186, 0.101282, 0.00855202, -0.10224, 0.994723, 0.00295577  
182, -0.413151, 5.16271, 180.773, 0.997, -0.074756, -0.0200802, 0.0762755, 0.992979, 0.0904145, 0.0131802, -0.0916749, 0.995702, 0.00280654  
183, -0.0823349, 2.78471, 180.848, 0.996997, -0.0749182, -0.0196235, 0.0763334, 0.993397, 0.0856435, 0.0130777, -0.0868842, 0.996133, 0.00296298  
184, 0.321059, 0.268848, 180.946, 0.99709, -0.0740768, -0.0179776, 0.0753427, 0.993543, 0.0848316, 0.0115775, -0.0859392, 0.996233, 0.00286562  
185, 0.658354, -2.29009, 180.963, 0.997132, -0.0737956, -0.0167859, 0.0749322, 0.993796, 0.0821899, 0.0106165, -0.0832119, 0.996475, 0.00289086  
186, 1.03866, -4.98718, 180.919, 0.997137, -0.0741751, -0.014686, 0.0750767, 0.994319, 0.0754533, 0.00900584, -0.0763398, 0.997041, 0.00292692  
187, 1.43781, -7.46115, 180.862, 0.997376, -0.0709491, -0.0143815, 0.0717987, 0.994868, 0.0712905, 0.00924967, -0.0721361, 0.997352, 0.00289863  
188, 1.67003, -9.98032, 180.881, 0.997347, -0.0719521, -0.0110477, 0.072542, 0.995013, 0.0684583, 0.00606689, -0.069078, 0.997593, 0.00281486  
189, 2.02345, -12.5746, 180.891, 0.997426, -0.071195, -0.00851495, 0.0715923, 0.995425, 0.06327, 0.00397149, -0.0637167, 0.99796, 0.00292026  
190, 2.42215, -15.2691, 180.899, 0.99746, -0.0708296, -0.00747402, 0.0711448, 0.995778, 0.0580108, 0.00333358, -0.0583952, 0.998288, 0.00284121  
191, 2.88908, -17.7669, 180.746, 0.997382, -0.0718551, -0.00808385, 0.0721981, 0.995791, 0.0564601, 0.00399287, -0.056896, 0.998372, 0.00300486  
192, 3.30668, -20.6302, 180.877, 0.997356, -0.0721769, -0.00841345, 0.0724945, 0.996257, 0.0470855, 0.00498347, -0.0475709, 0.998855, 0.0028659  
193, 3.77652, -23.2321, 180.893, 0.997432, -0.071192, -0.00787125, 0.0714672, 0.996504, 0.0432657, 0.00476356, -0.0437171, 0.999033, 0.00290917  
194, 4.07707, -25.9998, 180.871, 0.997564, -0.0694538, -0.00651242, 0.0696551, 0.996816, 0.0388098, 0.00379619, -0.0391689, 0.999225, 0.00279405  
195, 4.40565, -28.8188, 180.842, 0.997672, -0.0679187, -0.00614767, 0.0680877, 0.997113, 0.0336173, 0.00384668, -0.0339576, 0.999416, 0.00291416  
196, 4.75048, -31.5132, 180.728, 0.997498, -0.0706352, -0.00278456, 0.0706894, 0.996886, 0.0349555, 0.000306805, -0.0350649, 0.999385, 0.00304758  
197, 5.12789, -34.1845, 180.686, 0.99776, -0.0667692, -0.00412174, 0.066866, 0.997266, 0.0314601, 0.0020099, -0.0316652, 0.999497, 0.00287422  
198, 5.48488, -37.3356, 180.681, 0.997796, -0.0662215, -0.00411639, 0.066288, 0.997621, 0.0189403, 0.00285234, -0.0191714, 0.999812, 0.00278379  
199, 5.91558, -39.9266, 180.62, 0.997957, -0.0636507, -0.00559199, 0.0637216, 0.997876, 0.0135614, 0.00471691, -0.01389, 0.999892, 0.00290778  
200, 6.3091, -42.6724, 180.703, 0.997877, -0.0651073, -0.00171402, 0.0651232, 0.997806, 0.0119368, 0.000933085, -0.012023, 0.999927, 0.00294134  
201, 6.75635, -45.6447, 180.643, 0.997872, -0.0651414, -0.00286531, 0.065142, 0.997876, 0.000119219, 0.00285145, -0.000305617, 0.999996, 0.00298018  
202, 7.02248, -48.3041, 180.64, 0.997845, -0.0656104, 0.00119384, 0.0656095, 0.997845, 0.000754973, -0.00124081, -0.000675018, 0.999999, 0.00289974  
203, 7.46018, -51.0674, 180.709, 0.998126, -0.0611704, 0.00140815, 0.0611783, 0.998106, -0.00648889, -0.00100855, 0.00656288, 0.999978, 0.00291555  
204, 7.83629, -53.9961, 180.691, 0.998227, -0.0594561, 0.00285898, 0.0594866, 0.998155, -0.0121359, -0.00213215, 0.0122845, 0.999922, 0.00288337  
205, 8.12196, -56.6655, 180.67, 0.998196, -0.0598166, 0.00510834, 0.0598767, 0.998127, -0.0125428, -0.0043485, 0.012826, 0.999908, 0.00293025  
206, 8.40513, -59.6489, 180.666, 0.998073, -0.0616626, 0.00698999, 0.061811, 0.997811, -0.0234904, -0.00552621, 0.0238772, 0.9997, 0.0030326  
207, 8.82072, -62.342, 180.647, 0.997934, -0.0636749, 0.00861619, 0.0638955, 0.997553, -0.0283622, -0.00678915, 0.0288542, 0.999561, 0.00289336  
208, 9.04115, -65.0824, 180.664, 0.998133, -0.0601475, 0.0105796, 0.0604575, 0.99766, -0.0319418, -0.00863362, 0.0325218, 0.999434, 0.00281846  
209, 9.40433, -67.8183, 180.671, 0.998235, -0.058337, 0.0110948, 0.0587059, 0.997608, -0.0364938, -0.00893936, 0.0370807, 0.999272, 0.00291277  
210, 9.57974, -70.35, 180.78, 0.998116, -0.0595109, 0.0149041, 0.060002, 0.997584, -0.035014, -0.0127843, 0.0358423, 0.999276, 0.00289308  
211, 10.0915, -73.2499, 180.781, 0.998259, -0.0573876, 0.0136073, 0.0578548, 0.997644, -0.0368675, -0.0114595, 0.0375906, 0.999228, 0.00303898  
212, 10.4451, -75.9118, 180.725, 0.998317, -0.0557415, 0.01598, 0.056329, 0.997649, -0.0390363, -0.0137665, 0.0398708, 0.99911, 0.00292969  
213, 10.7684, -78.5434, 180.738, 0.998219, -0.0576324, 0.0153751, 0.0582597, 0.997328, -0.0440691, -0.0127942, 0.0448864, 0.99891, 0.00296242  
214, 11.0643, -81.1291, 180.68, 0.998325, -0.0557914, 0.0153191, 0.0564611, 0.997276, -0.0474611, -0.0126295, 0.0482466, 0.998756, 0.00286867  
215, 11.3699, -83.7762, 180.632, 0.998339, -0.0554588, 0.0155853, 0.0561706, 0.997183, -0.0497035, -0.0127849, 0.0504963, 0.998642, 0.00293607  
216, 11.6908, -86.3677, 180.622, 0.998345, -0.0551019, 0.0164799, 0.0559578, 0.996805, -0.0569995, -0.0132865, 0.0578274, 0.998238, 0.00287976  
217, 11.8721, -88.9098, 180.685, 0.998335, -0.0554991, 0.0157071, 0.0563457, 0.996613, -0.0598914, -0.01233, 0.0606767, 0.998081, 0.00275051  
218, 12.2059, -91.3992, 180.718, 0.998307, -0.0559612, 0.0158861, 0.0568749, 0.996296, -0.0644977, -0.0122178, 0.065292, 0.997791, 0.00274274  
219, 12.3041, -93.9619, 180.731, 0.998495, -0.0515542, 0.0186989, 0.0526438, 0.996598, -0.0634095, -0.0153663, 0.0642985, 0.997812, 0.00276964  
220, 12.7107, -96.3351, 180.507, 0.998532, -0.0491632, 0.0227531, 0.050532, 0.996663, -0.064112, -0.0195252, 0.0651676, 0.997683, 0.00299932  
221, 12.7661, -98.7008, 180.691, 0.9986, -0.0478407, 0.0225509, 0.0491968, 0.996736, -0.0640066, -0.0194152, 0.0650265, 0.997695, 0.00302456  
222, 13.0758, -100.978, 180.811, 0.998533, -0.0498542, 0.0211451, 0.0511342, 0.99657, -0.0650723, -0.0178285, 0.066058, 0.997656, 0.00294107  
223, 13.3671, -103.475, 180.724, 0.998532, -0.0485398, 0.0240537, 0.0500435, 0.996534, -0.0664529, -0.0207447, 0.0675591, 0.9975, 0.0030412  
224, 13.8369, -105.799, 180.545, 0.998599, -0.0472702, 0.0237826, 0.0488418, 0.996313, -0.0705305, -0.0203609, 0.0715933, 0.997226, 0.00282484  
225, 13.812, -108.294, 180.489, 0.998642, -0.0452986, 0.025729, 0.0470518, 0.996279, -0.0722053, -0.0223625, 0.0733178, 0.997058, 0.00301651  
226, 13.9137, -110.476, 180.466, 0.998729, -0.043601, 0.0252878, 0.0453488, 0.996282, -0.0732477, -0.0220001, 0.0743014, 0.996993, 0.00301318  
227, 14.0117, -112.726, 180.412, 0.998639, -0.0453744, 0.0256988, 0.0470778, 0.996429, -0.0700967, -0.0224264, 0.0712112, 0.997209, 0.00282817  
228, 14.1698, -115.014, 180.501, 0.998871, -0.042262, 0.0217155, 0.0436955, 0.996558, -0.0704417, -0.0186637, 0.071311, 0.99728, 0.0030351  
229, 14.2081, -116.857, 180.449, 0.998777, -0.0438314, 0.0228642, 0.0452732, 0.996732, -0.066907, -0.0198569, 0.0678603, 0.997497, 0.00289114  
230, 14.2547, -119.139, 180.512, 0.998931, -0.0409779, 0.0213927, 0.0423543, 0.996756, -0.0684382, -0.0185189, 0.0692712, 0.997426, 0.00312996  
231, 14.0507, -121.008, 180.604, 0.998985, -0.0395301, 0.0216162, 0.0408066, 0.997229, -0.0622047, -0.0190974, 0.0630236, 0.997829, 0.00306533  
232, 14.0508, -123.349, 180.692, 0.999153, -0.0366459, 0.0187301, 0.0377968, 0.997148, -0.065318, -0.016283, 0.0659706, 0.997689, 0.00301956  
233, 13.7962, -125.405, 180.793, 0.999184, -0.0358722, 0.0185789, 0.0369602, 0.997394, -0.0619654, -0.0163077, 0.0626015, 0.997905, 0.00293496  
234, 13.6207, -127.622, 180.792, 0.999092, -0.0372036, 0.0207578, 0.0383544, 0.997573, -0.0581141, -0.0185454, 0.0588575, 0.998094, 0.00299904  
235, 13.4592, -129.747, 180.826, 0.99921, -0.0348349, 0.0191485, 0.0358968, 0.997657, -0.0582373, -0.017075, 0.0588786, 0.998119, 0.00288698  
236, 13.1885, -131.801, 180.853, 0.999246, -0.0349532, 0.0169215, 0.0358622, 0.997742, -0.0567864, -0.0148985, 0.0573504, 0.998243, 0.00288254  
237, 12.9727, -133.867, 180.799, 0.99941, -0.0312761, 0.0142014, 0.0320335, 0.997879, -0.0566688, -0.0123989, 0.0570903, 0.998292, 0.00286395  
238, 12.5394, -135.819, 180.753, 0.999319, -0.0339216, 0.0145166, 0.0346677, 0.997902, -0.0546726, -0.0126316, 0.0551387, 0.998399, 0.00304675  
239, 12.233, -137.969, 180.746, 0.999452, -0.0310914, 0.011344, 0.031668, 0.997995, -0.0547917, -0.00961772, 0.0551209, 0.998433, 0.00291693  
240, 11.7176, -139.692, 180.876, 0.999464, -0.0317636, 0.0079519, 0.0321305, 0.998166, -0.0513031, -0.00630775, 0.0515311, 0.998651, 0.0029921  
241, 11.5937, -141.971, 180.845, 0.999544, -0.0297455, 0.00515379, 0.0299727, 0.99821, -0.0517584, -0.00360499, 0.0518893, 0.998646, 0.00288836  
242, 11.4063, -143.684, 180.709, 0.999665, -0.0257211, 0.00303065, 0.0258237, 0.998827, -0.0409583, -0.00197361, 0.0410228, 0.999156, 0.0027641  
243, 10.9934, -145.801, 180.709, 0.999667, -0.0257858, 0.000360824, 0.0257776, 0.998749, -0.0428421, 0.000744346, 0.0428371, 0.999082, 0.00299099  
244, 10.7101, -147.541, 180.715, 0.999698, -0.0243796, -0.00302967, 0.0242434, 0.998949, -0.0388972, 0.00397478, 0.038812, 0.999239, 0.00411161  
245, 10.3633, -149.468, 180.721, 0.999692, -0.0247103, -0.00225082, 0.0246148, 0.999066, -0.0355277, 0.00312662, 0.0354613, 0.999366, 0.00281236  
246, 10.0055, -151.399, 180.756, 0.999694, -0.0236619, -0.0072482, 0.023389, 0.99909, -0.0356671, 0.00808555, 0.0354866, 0.999337, 0.00293136  
247, 9.63509, -153.053, 180.824, 0.999679, -0.0240601, -0.00788244, 0.0238407, 0.999355, -0.0268369, 0.00852305, 0.0266404, 0.999609, 0.00294939  
248, 9.26366, -154.888, 180.888, 0.999734, -0.02004, -0.0114431, 0.0196886, 0.999355, -0.0300295, 0.0120376, 0.0297962, 0.999484, 0.00295077  
249, 8.82536, -156.465, 180.931, 0.999715, -0.0207156, -0.0118971, 0.020441, 0.999532, -0.022756, 0.012363, 0.0225063, 0.99967, 0.00280626  
250, 8.51358, -158.487, 180.912, 0.999749, -0.0172443, -0.0143253, 0.0168396, 0.999469, -0.0279099, 0.014799, 0.0276616, 0.999508, 0.00267644  
251, 8.02683, -159.964, 180.948, 0.999745, -0.0169481, -0.0148985, 0.0166652, 0.999682, -0.0189162, 0.0152143, 0.0186631, 0.99971, 0.00287449  
252, 7.53572, -161.962, 181.034, 0.999661, -0.0173938, -0.0193973, 0.0169385, 0.999583, -0.0233957, 0.0197962, 0.0230592, 0.999538, 0.0028254  
253, 6.98828, -163.475, 181.075, 0.999652, -0.0149272, -0.0217353, 0.0146199, 0.999792, -0.014228, 0.0219432, 0.0139053, 0.999663, 0.00285896  
254, 6.58666, -165.27, 181.124, 0.999647, -0.0148679, -0.0219989, 0.0146614, 0.999847, -0.00952193, 0.0221371, 0.00919604, 0.999713, 0.00282956  
255, 6.32522, -166.855, 181.085, 0.999595, -0.0116745, -0.0259512, 0.0115984, 0.999928, -0.00308147, 0.0259853, 0.00277923, 0.999658, 0.00303038  
256, 6.02118, -168.616, 181.101, 0.999576, -0.00966993, -0.0274679, 0.00971981, 0.999951, 0.00168283, 0.0274503, -0.0019491, 0.999621, 0.00278712  
257, 5.85267, -170.437, 180.99, 0.999552, -0.00643447, -0.0292322, 0.00669568, 0.999938, 0.00884677, 0.0291735, -0.00903854, 0.999533, 0.00282984  
258, 5.53269, -172.222, 181.039, 0.999532, -0.00689458, -0.0297967, 0.00715311, 0.999938, 0.0085786, 0.0297357, -0.00878772, 0.999519, 0.00290528  
259, 5.32653, -173.846, 181.045, 0.999465, -0.00562174, -0.0322051, 0.00597572, 0.999923, 0.0109056, 0.0321413, -0.0110923, 0.999422, 0.00282235  
260, 5.18853, -175.601, 181.145, 0.999463, -0.0063855, -0.0321322, 0.00687996, 0.999859, 0.0153014, 0.0320299, -0.0155142, 0.999366, 0.00286201  
261, 5.11792, -177.343, 181.113, 0.999462, -0.00553349, -0.0323417, 0.00610934, 0.999824, 0.0177338, 0.0322379, -0.0179219, 0.99932, 0.00291527  
262, 5.0359, -179.204, 181.067, 0.999494, -0.00578895, -0.0312631, 0.00658933, 0.999652, 0.0255593, 0.0311043, -0.0257524, 0.999184, 0.00282457  
263, 5.02303, -180.999, 181.228, 0.999562, -0.00436842, -0.0292706, 0.00501288, 0.999746, 0.0219801, 0.0291672, -0.0221172, 0.99933, 0.00305035  
264, 5.01858, -182.485, 181.337, 0.999664, -0.00233321, -0.0258137, 0.00299958, 0.999662, 0.0258062, 0.0257447, -0.025875, 0.999334, 0.00280654  
265, 5.20182, -184.264, 181.3, 0.999573, 0.000342552, -0.0292325, 0.00051312, 0.999572, 0.0292588, 0.02923, -0.0292613, 0.999144, 0.00297685  
266, 5.4148, -186.006, 181.18, 0.999575, 0.00348271, -0.028944, -0.00240451, 0.999305, 0.0372026, 0.0290535, -0.0371172, 0.998888, 0.00291  
267, 5.49177, -187.918, 181.172, 0.999632, 0.0023194, -0.0270183, -0.00131188, 0.999305, 0.0372487, 0.027086, -0.0371996, 0.998941, 0.00280543  
268, 5.70275, -189.76, 181.161, 0.999706, 0.0018545, -0.0241557, -0.000954612, 0.999307, 0.037212, 0.024208, -0.037178, 0.999015, 0.00297463  
269, 5.83778, -191.903, 181.164, 0.999804, 0.00217365, -0.0196757, -0.00139631, 0.999221, 0.0394354, 0.0197461, -0.0394002, 0.999028, 0.0028523  
270, 6.22955, -193.712, 181.037, 0.99974, 0.00625975, -0.0219107, -0.00530619, 0.999048, 0.043311, 0.0221609, -0.0431835, 0.998821, 0.00295799  
271, 6.57252, -195.631, 181.033, 0.999814, 0.00457081, -0.0187421, -0.00370637, 0.998939, 0.0459012, 0.018932, -0.0458232, 0.99877, 0.00277186  
272, 6.94324, -197.567, 181.021, 0.999857, 0.00900939, -0.014331, -0.00829887, 0.99877, 0.0488884, 0.0147538, -0.0487625, 0.998701, 0.00284149  
273, 7.39231, -199.056, 180.929, 0.999877, 0.0111968, -0.0109956, -0.0105401, 0.998257, 0.0580594, 0.0116265, -0.0579363, 0.998253, 0.00291888  
274, 7.8361, -201.255, 180.862, 0.999828, 0.0151065, -0.0107179, -0.014495, 0.998381, 0.0550023, 0.0115314, -0.0548375, 0.998429, 0.00289724  
275, 8.15068, -202.942, 180.839, 0.999876, 0.0139529, -0.00723883, -0.0134738, 0.997955, 0.0624778, 0.00809577, -0.0623725, 0.99802, 0.00302428  
276, 8.63759, -205.338, 181.052, 0.999843, 0.0132143, -0.0117698, -0.0125993, 0.998625, 0.0508787, 0.012426, -0.0507224, 0.998635, 0.00299599  
