0, 0, 0, 0, 0, 0, 0, 0, 0, 0, 0, 0, 0, 0.00707043  
1, 35.1541, 22.6926, 181.134, 0.999906, -0.0132399, 0.00361608, 0.0132653, 0.999887, -0.00709544, -0.00352173, 0.00714274, 0.999968, 0.00277852  
2, 35.1613, 22.6509, 181.128, 0.999906, -0.012967, 0.00436987, 0.0129891, 0.999903, -0.00507582, -0.00430363, 0.00513211, 0.999978, 0.00323564  
3, 35.1676, 22.6561, 181.102, 0.999907, -0.0128394, 0.00462069, 0.0128688, 0.999897, -0.00638578, -0.00453822, 0.00644464, 0.999969, 0.00280376  
4, 35.161, 22.6696, 181.105, 0.999908, -0.0126984, 0.00467191, 0.0127213, 0.999907, -0.0048965, -0.0046093, 0.00495549, 0.999977, 0.00276992  
5, 35.1629, 22.6433, 181.12, 0.999906, -0.0134205, 0.00263453, 0.0134449, 0.999865, -0.00945649, -0.00250726, 0.00949102, 0.999952, 0.00271472  
6, 35.1608, 22.6484, 181.103, 0.999913, -0.0125312, 0.00402902, 0.0125533, 0.999906, -0.00551513, -0.00395953, 0.00556523, 0.999977, 0.00308808  
7, 35.1323, 22.6651, 181.173, 0.999903, -0.0136171, 0.00293333, 0.0136422, 0.999869, -0.00871466, -0.00281428, 0.00875384, 0.999958, 0.00292165  
8, 35.1394, 22.6506, 181.127, 0.999901, -0.0132659, 0.00466586, 0.0132944, 0.999893, -0.0061286, -0.00458406, 0.00619003, 0.99997, 0.00280626  
9, 35.172, 22.6655, 181.09, 0.999916, -0.0123566, 0.00391556, 0.012379, 0.999907, -0.00575229, -0.00384412, 0.00580028, 0.999976, 0.00286146  
10, 35.147, 22.6486, 181.119, 0.999903, -0.0130754, 0.00474999, 0.0131029, 0.999897, -0.00581978, -0.00467341, 0.00588146, 0.999972, 0.00275245  
11, 35.1804, 22.6477, 181.107, 0.999913, -0.0123994, 0.00453109, 0.012429, 0.999901, -0.00657383, -0.00444913, 0.00662958, 0.999968, 0.00290833  
12, 35.1585, 22.6484, 181.122, 0.999904, -0.0132165, 0.0040477, 0.0132456, 0.999886, -0.00724565, -0.00395148, 0.00729857, 0.999966, 0.00299127  
13, 35.1846, 22.6668, 181.068, 0.999915, -0.0122273, 0.00448992, 0.0122472, 0.999915, -0.0044433, -0.00443521, 0.00449792, 0.99998, 0.00285147  
14, 35.154, 22.6605, 181.114, 0.999911, -0.0127518, 0.00399782, 0.0127738, 0.999903, -0.00550469, -0.00392724, 0.00555526, 0.999977, 0.00279877  
15, 35.1705, 22.6509, 181.084, 0.999916, -0.0121636, 0.00443488, 0.0121888, 0.999909, -0.00569737, -0.00436518, 0.00575095, 0.999974, 0.00272499  
16, 35.172, 22.6645, 181.117, 0.999909, -0.0126684, 0.00453069, 0.0126933, 0.999904, -0.00550307, -0.00446054, 0.00556008, 0.999975, 0.00294273  
17, 35.1818, 22.6647, 181.101, 0.999903, -0.0132037, 0.00453827, 0.01323, 0.999896, -0.00582048, -0.00446095, 0.00587995, 0.999973, 0.00305729  
18, 35.1655, 22.685, 181.166, 0.999912, -0.0128566, 0.00317833, 0.0128686, 0.99991, -0.00376377, -0.00312965, 0.00380434, 0.999988, 0.00276576  
19, 35.1688, 22.6836, 181.104, 0.999905, -0.0131816, 0.00395045, 0.0132062, 0.999893, -0.00626387, -0.00386746, 0.00631545, 0.999973, 0.00302206  
20, 35.1553, 22.6572, 181.133, 0.999903, -0.0133234, 0.00394494, 0.0133491, 0.999889, -0.00655563, -0.00385716, 0.00660766, 0.999971, 0.00270945  
21, 35.1551, 22.6642, 181.127, 0.999907, -0.0131035, 0.00383003, 0.0131268, 0.999895, -0.00613865, -0.00374919, 0.00618835, 0.999974, 0.00292692  
22, 35.1766, 22.6678, 181.107, 0.999907, -0.0128986, 0.00433938, 0.0129252, 0.999897, -0.0061703, -0.00425935, 0.00622582, 0.999972, 0.00309141  
23, 35.1582, 22.6535, 181.106, 0.999906, -0.0132135, 0.00377125, 0.0132327, 0.999899, -0.00512107, -0.0037032, 0.00517049, 0.99998, 0.00280182  
24, 35.1669, 22.6417, 181.066, 0.999913, -0.0125748, 0.00393865, 0.0125938, 0.999909, -0.00484557, -0.00387736, 0.00489475, 0.999981, 0.00282873  
25, 35.1629, 22.6299, 181.087, 0.999907, -0.0130244, 0.00402856, 0.0130487, 0.999896, -0.00606846, -0.00394911, 0.00612047, 0.999973, 0.00274745  
26, 35.1414, 22.9498, 181.243, 0.998287, -0.0238117, 0.053436, -0.0242652, -0.999675, 0.00785516, 0.0532316, -0.00913835, -0.99854, 0.00295438  
27, 35.1423, 22.6531, 181.124, 0.99991, -0.0127618, 0.00422274, 0.0127905, 0.999895, -0.00684137, -0.00413498, 0.00689476, 0.999968, 0.00324896  
28, 35.1608, 22.6628, 181.132, 0.999901, -0.0133308, 0.00459761, 0.0133562, 0.999895, -0.00554597, -0.0045232, 0.00560682, 0.999974, 0.00282235  
29, 35.1763, 22.6692, 181.111, 0.999906, -0.0130578, 0.00418189, 0.0130834, 0.999895, -0.0061547, -0.00410109, 0.00620884, 0.999972, 0.00279128  
30, 35.1641, 22.6535, 181.097, 0.99991, -0.0124367, 0.00510705, 0.012458, 0.999914, -0.00414731, -0.00505503, 0.00421055, 0.999978, 0.00276105  
31, 35.1684, 22.6647, 181.121, 0.999899, -0.0132269, 0.00521235, 0.013254, 0.999899, -0.00518784, -0.0051432, 0.0052564, 0.999973, 0.0029799  
32, 35.1296, 22.6569, 181.114, 0.9999, -0.0132604, 0.00492041, 0.0132858, 0.999898, -0.00516707, -0.0048514, 0.00523193, 0.999975, 0.00287505  
33, 35.1498, 22.6486, 181.109, 0.999905, -0.0127158, 0.00534861, 0.0127457, 0.999903, -0.00558614, -0.00527706, 0.00565378, 0.99997, 0.00275827  
34, 35.1545, 22.67, 181.13, 0.999902, -0.0133382, 0.00428591, 0.0133652, 0.999891, -0.00633335, -0.00420096, 0.00639001, 0.999971, 0.0030964  
35, 35.1366, 22.6169, 181.095, 0.999903, -0.0127209, 0.00561037, 0.0127462, 0.999909, -0.00449248, -0.00555271, 0.00456356, 0.999974, 0.00295188  
36, 35.168, 22.6394, 181.101, 0.999909, -0.0127587, 0.00442822, 0.0127808, 0.999906, -0.00499592, -0.00436407, 0.00505206, 0.999978, 0.00286867  
37, 35.1554, 22.6995, 181.141, 0.999907, -0.0130448, 0.00409428, 0.0130691, 0.999897, -0.00596434, -0.00401605, 0.00601729, 0.999974, 0.00307643  
38, 35.1816, 22.6927, 181.11, 0.999912, -0.0125043, 0.00434534, 0.0125274, 0.999907, -0.00533689, -0.0042782, 0.00539085, 0.999976, 0.00282956  
39, 35.1501, 22.6822, 181.135, 0.999906, -0.0132573, 0.00338746, 0.0132803, 0.999888, -0.00688653, -0.00329579, 0.00693087, 0.999971, 0.0028487  
40, 35.1948, 22.6515, 181.089, 0.99991, -0.0126029, 0.00453874, 0.0126274, 0.999906, -0.00541488, -0.00447007, 0.0054717, 0.999975, 0.0027444  
41, 35.1655, 22.6464, 181.104, 0.999905, -0.0129065, 0.00474303, 0.0129341, 0.999899, -0.00584315, -0.00466713, 0.00590394, 0.999972, 0.00301457  
42, 35.1913, 22.6738, 181.102, 0.999915, -0.0127126, 0.00290117, 0.0127296, 0.999901, -0.00591692, -0.00282567, 0.00595335, 0.999978, 0.00298877  
43, 35.1777, 22.6378, 181.09, 0.999906, -0.0126026, 0.00545769, 0.0126332, 0.999904, -0.00561402, -0.00538642, 0.00568244, 0.999969, 0.00286312  
44, 35.1404, 22.658, 181.135, 0.999893, -0.0136416, 0.00527787, 0.0136634, 0.999898, -0.00411177, -0.00522124, 0.00418345, 0.999978, 0.00277908  
45, 35.177, 22.6775, 181.112, 0.999908, -0.0128539, 0.00424575, 0.0128807, 0.999897, -0.006339, -0.00416383, 0.00639311, 0.999971, 0.003029  
46, 35.1484, 22.6604, 181.121, 0.999908, -0.0130669, 0.00355446, 0.0130932, 0.999886, -0.00747175, -0.00345642, 0.0075176, 0.999966, 0.00306034  
47, 35.1888, 22.6786, 181.094, 0.999914, -0.0122763, 0.00464597, 0.0122944, 0.999917, -0.00390446, -0.00459766, 0.00396124, 0.999982, 0.00290778  
48, 35.1702, 22.6715, 181.099, 0.999917, -0.0122209, 0.0040518, 0.012248, 0.999902, -0.00672916, -0.00396917, 0.00677823, 0.999969, 0.00288032  
49, 35.1958, 22.6854, 181.105, 0.99991, -0.0126824, 0.00436108, 0.0127031, 0.999908, -0.00475221, -0.00430041, 0.00480718, 0.999979, 0.00288476  
50, 35.1466, 22.6504, 181.127, 0.999906, -0.0128553, 0.0046904, 0.0128869, 0.999894, -0.00677177, -0.00460285, 0.00683158, 0.999966, 0.00280348  
51, 35.1869, 22.678, 181.12, 0.999895, -0.0139621, 0.0038212, 0.0139824, 0.999888, -0.00535587, -0.00374599, 0.00540874, 0.999978, 0.00295688  
52, 35.1556, 22.661, 181.117, 0.999915, -0.0122815, 0.00427846, 0.012304, 0.99991, -0.00526444, -0.00421342, 0.00531664, 0.999977, 0.0028401  
53, 35.1707, 22.6565, 181.123, 0.999911, -0.0125421, 0.00464477, 0.0125612, 0.999913, -0.00411072, -0.00459281, 0.0041687, 0.999981, 0.00311526  
54, 35.1524, 22.6622, 181.131, 0.999902, -0.0134866, 0.00364497, 0.013512, 0.999884, -0.00705978, -0.00354933, 0.00710834, 0.999968, 0.00304342  
55, 35.1483, 22.6696, 181.123, 0.999909, -0.0127675, 0.00436804, 0.012789, 0.999906, -0.00492062, -0.0043048, 0.00497604, 0.999978, 0.0028634  
56, 35.1376, 22.6445, 181.12, 0.999897, -0.0136864, 0.00440442, 0.013712, 0.999889, -0.00583951, -0.00432401, 0.0058993, 0.999973, 0.00295133  
57, 35.1501, 22.6603, 181.116, 0.999901, -0.0132533, 0.00464352, 0.0132826, 0.999892, -0.00634339, -0.00455894, 0.00640444, 0.999969, 0.00329944  
58, 35.1913, 22.6883, 181.077, 0.999929, -0.0115474, 0.00301866, 0.0115653, 0.999915, -0.00597229, -0.00294944, 0.00600677, 0.999978, 0.00281458  
59, 35.1542, 22.6605, 181.135, 0.999905, -0.0130452, 0.00438526, 0.0130695, 0.999899, -0.0055641, -0.00431223, 0.00562089, 0.999975, 0.0028659  
60, 35.1652, 22.6681, 181.095, 0.999908, -0.0127949, 0.00455147, 0.0128195, 0.999903, -0.00542191, -0.00448166, 0.00547976, 0.999975, 0.00294661  
61, 35.1614, 22.6787, 181.103, 0.999903, -0.013174, 0.00457315, 0.0132001, 0.999897, -0.00571068, -0.00449744, 0.0057705, 0.999973, 0.00299266  
62, 35.1551, 22.6541, 181.115, 0.999907, -0.0130284, 0.00405687, 0.0130549, 0.999893, -0.00657858, -0.00397073, 0.00663093, 0.99997, 0.0032104  
63, 35.1789, 22.6463, 181.111, 0.999908, -0.0126079, 0.0050083, 0.0126357, 0.999905, -0.0055553, -0.00493778, 0.00561808, 0.999972, 0.00299099  
64, 35.1653, 22.6506, 181.107, 0.999898, -0.0133242, 0.0052206, 0.0133555, 0.999893, -0.00601123, -0.00513994, 0.00608034, 0.999968, 0.0028806  
65, 35.1731, 22.6851, 181.137, 0.999902, -0.0133488, 0.00432269, 0.0133704, 0.999898, -0.00501732, -0.00425527, 0.00507462, 0.999978, 0.00269974  
66, 35.2004, 22.687, 181.081, 0.999918, -0.0123641, 0.00335275, 0.0123824, 0.999908, -0.00548428, -0.00328463, 0.00552535, 0.999979, 0.00302567  
67, 35.1276, 22.6766, 181.128, 0.999907, -0.0127729, 0.00474172, 0.012795, 0.999907, -0.00467121, -0.00468162, 0.00473145, 0.999978, 0.00293718  
68, 35.1952, 22.6658, 181.097, 0.99992, -0.0120261, 0.00398892, 0.0120465, 0.999914, -0.00514194, -0.00392674, 0.00518958, 0.999979, 0.00275051  
69, 35.1406, 22.6432, 181.166, 0.999905, -0.0133822, 0.00331722, 0.0134124, 0.999867, -0.0092452, -0.00319305, 0.00928882, 0.999952, 0.00292026  
70, 35.148, 22.6584, 181.114, 0.99991, -0.012813, 0.00395839, 0.0128323, 0.999906, -0.00486674, -0.00389566, 0.00491709, 0.99998, 0.00291471  
71, 35.1748, 22.6359, 181.091, 0.999905, -0.0125735, 0.00563951, 0.0126001, 0.99991, -0.0047042, -0.00557985, 0.00477481, 0.999973, 0.00302123  
72, 35.1611, 22.6453, 181.107, 0.999916, -0.0124338, 0.00353936, 0.0124558, 0.999903, -0.00626033, -0.00346118, 0.00630389, 0.999974, 0.00308503  
73, 35.1842, 22.6557, 181.101, 0.999909, -0.0127188, 0.00451523, 0.0127446, 0.999902, -0.00574464, -0.00444172, 0.00580166, 0.999973, 0.00278934  
74, 35.1683, 22.6486, 181.113, 0.999904, -0.0129471, 0.00488525, 0.0129732, 0.999902, -0.00534804, -0.00481552, 0.00541091, 0.999974, 0.00297518  
75, 35.1682, 22.6555, 181.093, 0.99991, -0.0124259, 0.00500711, 0.0124483, 0.999913, -0.00446945, -0.00495114, 0.00453138, 0.999977, 0.0028867  
76, 35.2038, 22.6549, 181.098, 0.999915, -0.0122998, 0.00432101, 0.0123249, 0.999907, -0.00583202, -0.00424888, 0.00588478, 0.999974, 0.00267728  
77, 35.1684, 22.6629, 181.124, 0.999905, -0.0131247, 0.00427238, 0.0131509, 0.999894, -0.00616832, -0.00419097, 0.00622392, 0.999972, 0.00270335  
78, 35.1576, 22.6746, 181.12, 0.999902, -0.0132297, 0.00456795, 0.013258, 0.999893, -0.00622069, -0.00448516, 0.00628064, 0.99997, 0.00305562  
79, 35.16, 22.6719, 181.115, 0.999911, -0.0127521, 0.00399364, 0.0127764, 0.9999, -0.00611205, -0.00391529, 0.00616253, 0.999973, 0.00270474  
80, 35.1907, 22.6516, 181.159, 0.9999, -0.0131933, 0.00499853, 0.0132102, 0.999907, -0.00336592, -0.00495366, 0.00343162, 0.999982, 0.00324535  
81, 35.1852, 22.6527, 181.082, 0.999911, -0.0124848, 0.00467605, 0.0125082, 0.999909, -0.00499621, -0.00461325, 0.00505425, 0.999977, 0.00289141  
82, 35.1783, 22.6617, 181.124, 0.999913, -0.0123464, 0.00454415, 0.0123727, 0.999907, -0.00581176, -0.00447197, 0.00586748, 0.999973, 0.00270807  
83, 35.1766, 22.67, 181.101, 0.999912, -0.012746, 0.00367926, 0.0127676, 0.999901, -0.00592971, -0.00360331, 0.00597616, 0.999976, 0.0028903  
84, 35.1776, 22.6431, 181.101, 0.999905, -0.0130667, 0.0043384, 0.0130885, 0.999902, -0.00503381, -0.0042722, 0.00509012, 0.999978, 0.00279294  
85, 35.1729, 22.6662, 181.13, 0.999903, -0.0129547, 0.00512615, 0.0129763, 0.999907, -0.00419217, -0.00507136, 0.00425828, 0.999978, 0.00311415  
86, 35.1381, 22.6484, 181.098, 0.99991, -0.012745, 0.00424599, 0.0127674, 0.999905, -0.00527142, -0.0041784, 0.00532515, 0.999977, 0.00275411  
87, 35.1439, 22.6843, 181.137, 0.999909, -0.0127908, 0.00424079, 0.0128162, 0.9999, -0.00602019, -0.00416336, 0.00607399, 0.999973, 0.00277159  
88, 35.1709, 22.6763, 181.12, 0.999914, -0.0124967, 0.00409877, 0.0125231, 0.999901, -0.00647899, -0.0040174, 0.00652976, 0.999971, 0.00288004  
89, 35.1407, 22.6594, 181.131, 0.999905, -0.0128805, 0.00489348, 0.0129122, 0.999895, -0.00650154, -0.00480922, 0.00656411, 0.999967, 0.0031552  
90, 35.1864, 22.6589, 181.12, 0.999911, -0.0127306, 0.0038904, 0.0127567, 0.999896, -0.00673768, -0.00380422, 0.00678671, 0.99997, 0.00308087  
91, 35.1508, 22.6385, 181.105, 0.999907, -0.0127512, 0.00474184, 0.01278, 0.9999, -0.00608539, -0.00466377, 0.00614543, 0.99997, 0.00274135  
92, 35.16, 22.6604, 181.088, 0.999909, -0.0124993, 0.00511405, 0.0125206, 0.999913, -0.00415248, -0.0050617, 0.00421613, 0.999978, 0.00299099  
93, 35.1661, 22.6362, 181.114, 0.999912, -0.01234, 0.00487901, 0.0123592, 0.999916, -0.00392511, -0.00483017, 0.00398506, 0.99998, 0.00297435  
94, 35.1795, 22.6817, 181.131, 0.999909, -0.0130268, 0.00339414, 0.0130489, 0.999893, -0.00658399, -0.00330801, 0.00662768, 0.999973, 0.00290168  
95, 35.1542, 22.655, 181.108, 0.999898, -0.0135358, 0.00447867, 0.0135647, 0.999887, -0.00648085, -0.00439044, 0.00654094, 0.999969, 0.00312774  
96, 35.1474, 22.6714, 181.128, 0.999902, -0.0134622, 0.00395396, 0.0134876, 0.999888, -0.00647792, -0.00386631, 0.00653061, 0.999971, 0.00287644  
97, 35.1566, 22.6675, 181.098, 0.999915, -0.012514, 0.00368097, 0.0125382, 0.9999, -0.00661603, -0.00359781, 0.00666162, 0.999971, 0.00302456  
98, 35.1627, 22.6767, 181.126, 0.999902, -0.0134342, 0.00382015, 0.0134609, 0.999885, -0.0070507, -0.00372498, 0.00710143, 0.999968, 0.00276826  
99, 35.1557, 22.6849, 181.124, 0.999901, -0.0133565, 0.00438168, 0.0133799, 0.999896, -0.00535402, -0.00430972, 0.00541212, 0.999976, 0.00310111  
100, 35.152, 22.6575, 181.113, 0.999907, -0.013034, 0.00406793, 0.0130606, 0.999893, -0.00658088, -0.00398172, 0.00663339, 0.99997, 0.00315964  
101, 35.1519, 22.6799, 181.133, 0.999903, -0.013329, 0.0040069, 0.0133553, 0.999889, -0.00659864, -0.0039185, 0.00665151, 0.99997, 0.00295355  
102, 35.159, 22.6645, 181.121, 0.999904, -0.0131256, 0.00444299, 0.0131419, 0.999907, -0.00365063, -0.00439466, 0.00370867, 0.999983, 0.00296104  
103, 35.1737, 22.6759, 181.115, 0.999904, -0.0132094, 0.00427727, 0.013234, 0.999896, -0.00575958, -0.00420075, 0.00581563, 0.999974, 0.00278157  
104, 35.1473, 22.6468, 181.101, 0.999905, -0.0126163, 0.00561382, 0.0126409, 0.999911, -0.00436728, -0.00555822, 0.00443783, 0.999975, 0.00313939  
105, 35.1758, 22.6695, 181.101, 0.999909, -0.0127911, 0.00424338, 0.0128153, 0.999902, -0.0057225, -0.00416977, 0.00577636, 0.999975, 0.00292553  
106, 35.1363, 22.6698, 181.115, 0.99991, -0.0128223, 0.00401656, 0.0128443, 0.999902, -0.00550249, -0.00394562, 0.00555358, 0.999977, 0.00275356  
107, 35.1482, 22.6579, 181.124, 0.999908, -0.0128427, 0.00427976, 0.0128685, 0.999899, -0.00605241, -0.0042016, 0.00610693, 0.999973, 0.00301041  
108, 35.1786, 22.6585, 181.128, 0.999911, -0.0125155, 0.00455785, 0.0125429, 0.999903, -0.00604804, -0.00448172, 0.00610467, 0.999971, 0.00291277  
109, 35.1556, 22.6736, 181.126, 0.999908, -0.0131026, 0.00349098, 0.0131258, 0.999891, -0.00668816, -0.00340297, 0.00673337, 0.999972, 0.00285425  
110, 35.161, 22.6528, 181.144, 0.99991, -0.012728, 0.00435137, 0.0127508, 0.999905, -0.00525081, -0.00428412, 0.00530582, 0.999977, 0.00279766  
111, 35.1667, 22.7062, 181.136, 0.999912, -0.0126771, 0.00389799, 0.0126995, 0.999903, -0.00576128, -0.00382458, 0.00581027, 0.999976, 0.00294994  
112, 35.148, 22.667, 181.133, 0.999907, -0.0130629, 0.00379284, 0.0130877, 0.999893, -0.00659217, -0.00370632, 0.0066412, 0.999971, 0.00277741  
113, 35.1551, 22.673, 181.117, 0.999902, -0.0133774, 0.00420877, 0.0134046, 0.999889, -0.00649483, -0.00412142, 0.00655061, 0.99997, 0.00283289  
114, 35.135, 22.6405, 181.124, 0.999905, -0.0131528, 0.00405568, 0.0131818, 0.999887, -0.00721254, -0.00396035, 0.00726531, 0.999966, 0.00294772  
115, 35.1607, 22.6725, 181.11, 0.99991, -0.0125069, 0.00478694, 0.012532, 0.999908, -0.0052358, -0.00472101, 0.00529532, 0.999975, 0.00302178  
116, 35.1484, 22.6611, 181.104, 0.999908, -0.0129773, 0.00399522, 0.0130012, 0.999897, -0.00601954, -0.00391669, 0.00607092, 0.999974, 0.00280376  
117, 35.1592, 22.6503, 181.103, 0.999907, -0.0129836, 0.00414273, 0.0130094, 0.999896, -0.00624875, -0.00406117, 0.00630207, 0.999972, 0.00283899  
118, 35.1778, 22.6772, 181.094, 0.999912, -0.01261, 0.00408709, 0.0126328, 0.999905, -0.00559801, -0.00401611, 0.00564915, 0.999976, 0.00281181  
119, 35.132, 22.6797, 181.175, 0.999899, -0.0140677, 0.00192572, 0.0140864, 0.99985, -0.010062, -0.00178388, 0.0100881, 0.999948, 0.00294495  
120, 35.1232, 22.6603, 181.135, 0.999908, -0.0129284, 0.0041524, 0.0129555, 0.999894, -0.00658509, -0.00406682, 0.00663828, 0.99997, 0.00295577  
121, 35.1646, 22.6635, 181.132, 0.999907, -0.0130072, 0.00413216, 0.0130293, 0.999901, -0.00534971, -0.00406216, 0.00540305, 0.999977, 0.00284204  
122, 35.1683, 22.6534, 181.122, 0.999907, -0.0129505, 0.00415682, 0.0129767, 0.999896, -0.00632651, -0.00407446, 0.00637987, 0.999971, 0.00289585  
123, 35.1698, 22.6851, 181.137, 0.999911, -0.0124982, 0.00469098, 0.0125226, 0.999908, -0.00520857, -0.00462545, 0.00526684, 0.999975, 0.00279849  
124, 35.1455, 22.6753, 181.145, 0.999903, -0.0130967, 0.00472209, 0.0131206, 0.999901, -0.00506582, -0.00465528, 0.00512728, 0.999976, 0.00298767  
125, 35.1537, 22.6608, 181.118, 0.999899, -0.0133983, 0.00470233, 0.013426, 0.999892, -0.00590481, -0.00462271, 0.00596735, 0.999972, 0.00288531  
126, 35.1408, 22.9648, 181.212, 0.998307, -0.0245406, 0.0527373, -0.0248595, -0.999676, 0.00539856, 0.0525878, -0.00670044, -0.998594, 0.00271639  
127, 35.158, 22.6835, 181.103, 0.999905, -0.0132182, 0.00393763, 0.0132393, 0.999898, -0.00537101, -0.00386623, 0.00542263, 0.999978, 0.0028609  
128, 35.1393, 22.6632, 181.116, 0.999916, -0.0121365, 0.00461398, 0.0121609, 0.999912, -0.00530707, -0.00454917, 0.00536273, 0.999975, 0.00280487  
129, 35.1349, 22.6581, 181.127, 0.999914, -0.0125464, 0.00383, 0.0125703, 0.999901, -0.00626757, -0.00375098, 0.00631517, 0.999973, 0.00304092  
130, 35.1424, 22.6707, 181.12, 0.999911, -0.012484, 0.00462588, 0.0125048, 0.999912, -0.00449356, -0.00456938, 0.00455101, 0.999979, 0.0029627  
131, 35.149, 22.6455, 181.103, 0.99991, -0.0127948, 0.00415056, 0.0128214, 0.999897, -0.00644587, -0.00406766, 0.00649851, 0.999971, 0.00280321  
132, 35.1586, 22.6596, 181.103, 0.999915, -0.012423, 0.00385338, 0.012442, 0.99991, -0.00495994, -0.00379142, 0.00500746, 0.99998, 0.00286506  
133, 35.1511, 22.671, 181.128, 0.99991, -0.0127203, 0.00415274, 0.0127463, 0.999899, -0.00628932, -0.00407232, 0.00634169, 0.999972, 0.00280654  
134, 35.1707, 22.6832, 181.104, 0.999902, -0.0133668, 0.00413566, 0.0133935, 0.999889, -0.00651701, -0.00404809, 0.00657177, 0.99997, 0.00307587  
135, 35.1786, 22.6655, 181.093, 0.999911, -0.012592, 0.00447463, 0.0126156, 0.999906, -0.00527978, -0.00440773, 0.00533576, 0.999976, 0.00299072  
136, 35.1411, 22.6494, 181.141, 0.999909, -0.0130261, 0.00364341, 0.0130576, 0.999876, -0.00875707, -0.00352889, 0.00880384, 0.999955, 0.00287976  
137, 35.148, 22.6774, 181.113, 0.999907, -0.0129124, 0.00437713, 0.0129374, 0.9999, -0.00573132, -0.00430269, 0.00578742, 0.999974, 0.00286506  
138, 35.1787, 22.6518, 181.102, 0.999915, -0.0124379, 0.00394658, 0.0124639, 0.9999, -0.00661438, -0.00386392, 0.006663, 0.99997, 0.00279378  
139, 35.1405, 22.667, 181.11, 0.999903, -0.0133353, 0.00396633, 0.0133617, 0.999888, -0.00668985, -0.00387667, 0.0067422, 0.99997, 0.00317934  
140, 35.1787, 22.6837, 181.129, 0.999908, -0.0128361, 0.00444778, 0.0128636, 0.999898, -0.00621415, -0.00436756, 0.0062708, 0.999971, 0.00294328  
141, 35.1666, 22.6812, 181.106, 0.999901, -0.0134785, 0.00406699, 0.0135023, 0.999892, -0.00586836, -0.00398745, 0.0059227, 0.999975, 0.00275023  
142, 35.1759, 22.6786, 181.117, 0.999902, -0.0132283, 0.00448277, 0.013254, 0.999896, -0.00575251, -0.0044062, 0.00581137, 0.999973, 0.00285591  
143, 35.1559, 22.6673, 181.125, 0.999909, -0.0129668, 0.00374224, 0.0129905, 0.999895, -0.00639133, -0.00365897, 0.00643936, 0.999973, 0.0028989  
144, 35.1403, 22.6731, 181.127, 0.999909, -0.0131473, 0.0030465, 0.0131679, 0.99989, -0.00684119, -0.00295622, 0.00688068, 0.999972, 0.00299099  
145, 35.1555, 22.6825, 181.102, 0.99991, -0.0126376, 0.00447364, 0.0126603, 0.999907, -0.00507036, -0.00440915, 0.00512655, 0.999977, 0.0031405  
146, 35.1349, 22.652, 181.164, 0.999904, -0.013479, 0.00311056, 0.0135074, 0.999866, -0.00929896, -0.0029848, 0.00934009, 0.999952, 0.00284398  
147, 35.1424, 22.6785, 181.136, 0.999894, -0.0137228, 0.00496454, 0.013755, 0.999884, -0.00651753, -0.00487452, 0.00658513, 0.999966, 0.00288337  
148, 35.1658, 22.6688, 181.127, 0.999898, -0.0137097, 0.00403589, 0.0137322, 0.99989, -0.00559041, -0.0039588, 0.00564526, 0.999976, 0.00282207  
149, 35.1609, 22.6745, 181.133, 0.999907, -0.0130043, 0.00417953, 0.013027, 0.9999, -0.00546099, -0.0041081, 0.00551493, 0.999976, 0.00301984  
150, 35.1554, 22.6807, 181.153, 0.999901, -0.0138146, 0.00255454, 0.0138393, 0.999855, -0.00992097, -0.00241712, 0.00995535, 0.999948, 0.00315853  
151, 35.1412, 22.6752, 181.129, 0.99991, -0.0129859, 0.0033272, 0.0130098, 0.999889, -0.00725496, -0.00323262, 0.0072976, 0.999968, 0.00284038  
152, 35.1359, 22.6612, 181.124, 0.999907, -0.0128027, 0.00464634, 0.0128246, 0.999907, -0.00472661, -0.00458539, 0.00478576, 0.999978, 0.00291915  
153, 35.177, 22.6686, 181.106, 0.99991, -0.0128371, 0.00392885, 0.012852, 0.99991, -0.00378717, -0.00387988, 0.00383732, 0.999985, 0.00286895  
154, 35.1547, 22.6952, 181.137, 0.9999, -0.0137447, 0.00324332, 0.0137653, 0.999885, -0.00642246, -0.00315467, 0.00646646, 0.999974, 0.00288836  
155, 35.1418, 22.6624, 181.121, 0.999911, -0.0127475, 0.00385777, 0.0127725, 0.999897, -0.00651634, -0.00377431, 0.00656503, 0.999971, 0.00314827  
156, 35.1712, 22.6581, 181.127, 0.999907, -0.0129667, 0.00432034, 0.0129941, 0.999895, -0.00637626, -0.0042372, 0.00643181, 0.99997, 0.00287865  
157, 35.1786, 22.6737, 181.136, 0.999901, -0.0133088, 0.00451638, 0.0133377, 0.99989, -0.00644161, -0.00443016, 0.00650121, 0.999969, 0.00292442  
158, 35.1636, 22.6719, 181.093, 0.99991, -0.0127599, 0.00417337, 0.0127812, 0.999905, -0.0051079, -0.0041078, 0.00516078, 0.999978, 0.00271861  
159, 35.1356, 22.6968, 181.125, 0.999894, -0.0139613, 0.00412533, 0.0139887, 0.99988, -0.00669201, -0.00403141, 0.00674901, 0.999969, 0.0030534  
160, 35.1588, 22.6509, 181.116, 0.999909, -0.0127779, 0.00437329, 0.0128068, 0.999896, -0.00665003, -0.00428786, 0.00670543, 0.999968, 0.00319182  
161, 35.168, 22.6646, 181.137, 0.999905, -0.0131848, 0.00409545, 0.0132133, 0.999888, -0.00702018, -0.00400243, 0.00707362, 0.999967, 0.00287449  
162, 35.1383, 22.664, 181.11, 0.999905, -0.0129016, 0.00490789, 0.0129267, 0.999903, -0.00512586, -0.00484128, 0.00518882, 0.999975, 0.00290168  
163, 35.1428, 22.6341, 181.111, 0.999907, -0.012584, 0.00518132, 0.0126091, 0.999909, -0.00484012, -0.00511994, 0.004905, 0.999975, 0.00289585  
164, 35.1659, 22.6562, 181.117, 0.999912, -0.0125787, 0.0041895, 0.012604, 0.999902, -0.00606153, -0.00411284, 0.0061138, 0.999973, 0.00300348  
165, 35.1518, 22.6555, 181.09, 0.999912, -0.0127898, 0.00343531, 0.0128113, 0.999898, -0.00632178, -0.00335411, 0.00636523, 0.999974, 0.00308364  
166, 35.1634, 22.6635, 181.106, 0.999906, -0.0126363, 0.00527432, 0.0126625, 0.999908, -0.00496478, -0.00521109, 0.0050311, 0.999974, 0.0029541  
167, 35.1365, 22.6692, 181.134, 0.999909, -0.0131052, 0.00328722, 0.0131263, 0.999893, -0.00647293, -0.00320204, 0.00651548, 0.999974, 0.00297712  
168, 35.2065, 22.6541, 181.121, 0.99991, -0.0126883, 0.00434519, 0.0127057, 0.999911, -0.00399816, -0.00429408, 0.00405301, 0.999983, 0.00278296  
169, 35.1666, 22.6452, 181.088, 0.999911, -0.0124718, 0.00473502, 0.0124966, 0.999908, -0.00523237, -0.00466933, 0.00529108, 0.999975, 0.00307643  
170, 35.1566, 22.6689, 181.106, 0.999905, -0.0132168, 0.00402226, 0.0132414, 0.999893, -0.00616302, -0.00394038, 0.00621569, 0.999973, 0.00307948  
171, 35.1698, 22.641, 181.081, 0.999912, -0.0121893, 0.00522976, 0.0122127, 0.999915, -0.00446283, -0.00517492, 0.00452631, 0.999976, 0.0027555  
172, 35.139, 22.6643, 181.117, 0.999905, -0.0130826, 0.00433281, 0.0131102, 0.999894, -0.00639206, -0.00424872, 0.00644826, 0.99997, 0.00296853  
173, 35.1696, 22.662, 181.126, 0.999911, -0.0129087, 0.00348983, 0.0129315, 0.999895, -0.00658427, -0.00340447, 0.00662881, 0.999972, 0.00291444  
174, 35.1555, 22.6647, 181.109, 0.99991, -0.0126366, 0.0045055, 0.012662, 0.999904, -0.00566057, -0.00443354, 0.00571711, 0.999974, 0.00303621  
175, 35.1568, 22.6528, 181.096, 0.99991, -0.0126072, 0.00459991, 0.0126261, 0.999912, -0.00410398, -0.00454776, 0.00416169, 0.999981, 0.00311526  
176, 35.1508, 22.6609, 181.114, 0.99991, -0.0129445, 0.00344956, 0.0129697, 0.999889, -0.00737605, -0.0033537, 0.00742012, 0.999967, 0.00295937  
177, 35.1801, 22.6949, 181.127, 0.999909, -0.0129469, 0.00390922, 0.0129684, 0.999901, -0.00551922, -0.00383738, 0.00556941, 0.999977, 0.00294273  
178, 35.1732, 22.6543, 181.095, 0.999908, -0.0125029, 0.00529425, 0.0125267, 0.999912, -0.00447773, -0.0052378, 0.00454364, 0.999976, 0.00268726  
179, 35.177, 22.6562, 181.131, 0.99991, -0.0124781, 0.00485964, 0.0125024, 0.999909, -0.00501307, -0.00479664, 0.00507337, 0.999976, 0.00307892  
180, 35.1657, 22.6465, 181.117, 0.999908, -0.0128855, 0.00412358, 0.0129112, 0.999897, -0.00625133, -0.00404261, 0.006304, 0.999972, 0.00312219  
181, 35.1677, 22.6876, 181.126, 0.999908, -0.0128949, 0.00420467, 0.0129168, 0.999903, -0.00522318, -0.00413691, 0.00527701, 0.999978, 0.00295299  
182, 35.1655, 22.6605, 181.094, 0.999915, -0.0121235, 0.00473594, 0.0121483, 0.999912, -0.00524956, -0.00467188, 0.00530664, 0.999975, 0.00280043  
183, 35.143, 22.6503, 181.125, 0.999906, -0.0129277, 0.0044597, 0.0129496, 0.999904, -0.00491562, -0.00439572, 0.00497291, 0.999978, 0.00271361  
184, 35.163, 22.6659, 181.095, 0.999905, -0.0130797, 0.00435738, 0.013102, 0.999901, -0.00511946, -0.00428999, 0.00517607, 0.999977, 0.00297241  
185, 35.1489, 22.6732, 181.133, 0.999914, -0.0123027, 0.00461883, 0.012319, 0.999918, -0.00351854, -0.00457517, 0.00357513, 0.999983, 0.00310472  
186, 35.1751, 22.6602, 181.101, 0.999914, -0.0124327, 0.0040619, 0.0124543, 0.999908, -0.00533824, -0.00399515, 0.00538837, 0.999978, 0.00293163  
187, 35.1475, 22.6416, 181.149, 0.99991, -0.0132015, 0.00248596, 0.0132226, 0.999875, -0.00869372, -0.00237088, 0.0087258, 0.999959, 0.0027824  
188, 35.1342, 22.6841, 181.175, 0.999895, -0.0143623, 0.00210391, 0.0143836, 0.999842, -0.0104812, -0.00195304, 0.0105104, 0.999943, 0.00273192  
189, 35.158, 22.6824, 181.135, 0.999906, -0.01345, 0.00262557, 0.0134727, 0.99987, -0.00883385, -0.00250641, 0.00886839, 0.999958, 0.00316852  
190, 35.1763, 22.685, 181.109, 0.999913, -0.0125105, 0.0042246, 0.0125345, 0.999905, -0.00569296, -0.00415298, 0.00574541, 0.999975, 0.00304758  
191, 35.1526, 22.6852, 181.111, 0.999901, -0.0130259, 0.00535443, 0.0130474, 0.999907, -0.00399927, -0.00530184, 0.00406873, 0.999978, 0.00294412  
192, 35.1637, 22.6789, 181.118, 0.999912, -0.012545, 0.00435138, 0.0125713, 0.999903, -0.00607466, -0.00427475, 0.00612882, 0.999972, 0.00281319  
193, 35.1814, 22.6579, 181.09, 0.999912, -0.012662, 0.00391667, 0.0126822, 0.999906, -0.00518539, -0.00385064, 0.0052346, 0.999979, 0.00272859  
194, 35.1871, 22.6741, 181.098, 0.999908, -0.0126662, 0.00479311, 0.0126897, 0.999908, -0.00488747, -0.00473076, 0.00494784, 0.999977, 0.00298988  
195, 35.1511, 22.6487, 181.112, 0.999918, -0.0120835, 0.00432888, 0.0121053, 0.999914, -0.00504086, -0.0042676, 0.00509285, 0.999978, 0.00293912  
196, 35.164, 22.6677, 181.121, 0.999904, -0.013246, 0.00394245, 0.0132723, 0.999889, -0.00670772, -0.00385316, 0.00675941, 0.99997, 0.00275633  
197, 35.1717, 22.675, 181.133, 0.9999, -0.0135461, 0.00394952, 0.0135697, 0.99989, -0.00600423, -0.00386775, 0.00605722, 0.999974, 0.00278989  
198, 35.1676, 22.6579, 181.111, 0.999912, -0.0125299, 0.00437656, 0.012551, 0.99991, -0.00482287, -0.00431573, 0.00487738, 0.999979, 0.00294079  
199, 35.1379, 22.6657, 181.122, 0.999907, -0.0130665, 0.0038806, 0.0130922, 0.999892, -0.00668672, -0.00379281, 0.0067369, 0.99997, 0.00290556  
200, 35.1534, 22.6706, 181.103, 0.999908, -0.0126264, 0.00502153, 0.0126496, 0.999909, -0.00462173, -0.00496272, 0.00468483, 0.999977, 0.00315714  
201, 35.1649, 22.6747, 181.109, 0.999915, -0.0123861, 0.00406128, 0.0124047, 0.999912, -0.00459768, -0.00400398, 0.00464767, 0.999981, 0.00300542  
202, 35.183, 22.6672, 181.118, 0.99991, -0.0127041, 0.00419583, 0.012724, 0.999908, -0.00474166, -0.0041352, 0.00479462, 0.99998, 0.00285397  
203, 35.174, 22.6652, 181.118, 0.999908, -0.0128127, 0.0044169, 0.0128348, 0.999905, -0.00500241, -0.00435238, 0.00505864, 0.999978, 0.00278268  
204, 35.1406, 22.6265, 181.114, 0.999901, -0.0132418, 0.00483869, 0.0132698, 0.999895, -0.00581002, -0.00476125, 0.00587365, 0.999971, 0.00294107  
205, 35.1729, 22.6528, 181.13, 0.999904, -0.0129266, 0.00492982, 0.0129528, 0.999902, -0.00531664, -0.00486061, 0.00537999, 0.999974, 0.00317212  
206, 35.17, 22.6708, 181.117, 0.999916, -0.0125591, 0.00327618, 0.0125746, 0.99991, -0.00475351, -0.00321618, 0.00479431, 0.999983, 0.00278823  
207, 35.1686, 22.7171, 181.126, 0.999899, -0.0134943, 0.00447892, 0.0135149, 0.999898, -0.00459555, -0.00441645, 0.00465562, 0.999979, 0.00285425  
208, 35.137, 22.7642, 181.141, 0.999901, -0.0137075, 0.00327894, 0.0137137, 0.999904, -0.00186569, -0.00325305, 0.00191047, 0.999993, 0.00283982  
209, 35.1628, 22.8447, 181.13, 0.999899, -0.0134586, 0.00459797, 0.013456, 0.999909, 0.00058881, -0.00460548, -0.00052688, 0.999989, 0.00300348  
210, 35.1502, 22.8693, 181.132, 0.999902, -0.013215, 0.0046405, 0.0132069, 0.999911, 0.00177757, -0.00466358, -0.00171611, 0.999988, 0.00274912  
211, 35.1421, 22.9596, 181.133, 0.999895, -0.0131805, 0.00601292, 0.0131554, 0.999905, 0.00419157, -0.00606759, -0.00411203, 0.999973, 0.00283871  
212, 35.1263, 23.0217, 181.174, 0.999894, -0.0136077, 0.00516268, 0.013581, 0.999894, 0.00517916, -0.00523261, -0.0051085, 0.999973, 0.00289807  
213, 35.1684, 23.1161, 181.149, 0.999912, -0.012574, 0.00432339, 0.0125427, 0.999895, 0.00719213, -0.00441337, -0.00713727, 0.999965, 0.00283816  
214, 35.1388, 23.146, 181.218, 0.999901, -0.013139, 0.00504678, 0.0130787, 0.999845, 0.0117836, -0.00520083, -0.0117165, 0.999918, 0.00295549  
215, 35.1348, 23.2288, 181.201, 0.9999, -0.013573, 0.00393698, 0.013531, 0.999853, 0.0105079, -0.00407902, -0.0104536, 0.999937, 0.00311027  
216, 35.1546, 23.2768, 181.249, 0.999891, -0.0139413, 0.0048555, 0.0138583, 0.999764, 0.0167219, -0.00508748, -0.0166528, 0.999848, 0.00288476  
217, 35.1978, 23.3738, 181.263, 0.999896, -0.0141241, 0.00282267, 0.0140739, 0.999755, 0.0170663, -0.00306302, -0.0170248, 0.99985, 0.0028573  
218, 35.2003, 23.4102, 181.267, 0.999898, -0.0138305, 0.00353071, 0.0137502, 0.999667, 0.0218432, -0.00383164, -0.0217924, 0.999755, 0.00270529  
219, 35.1725, 23.4582, 181.299, 0.999906, -0.0133007, 0.00331582, 0.0132198, 0.999641, 0.0233172, -0.00362477, -0.0232712, 0.999723, 0.00302289  
220, 35.1886, 23.5481, 181.302, 0.999905, -0.0134936, 0.00293406, 0.0134108, 0.999556, 0.026609, -0.0032918, -0.0265671, 0.999642, 0.00302428  
221, 35.1889, 23.6739, 181.275, 0.999892, -0.0142949, 0.00352858, 0.0141784, 0.999416, 0.031094, -0.00397101, -0.0310406, 0.99951, 0.00284232  
222, 35.2771, 23.7, 181.313, 0.999906, -0.0132604, 0.00337069, 0.0131314, 0.999273, 0.0357796, -0.00384269, -0.035732, 0.999354, 0.00286146  
223, 35.2309, 23.6974, 181.327, 0.999898, -0.0139574, 0.00289369, 0.0138376, 0.999184, 0.0379494, -0.003421, -0.0379055, 0.999275, 0.00288337  
224, 35.2845, 23.7445, 181.332, 0.999913, -0.0128914, 0.00290482, 0.0127598, 0.999056, 0.0415178, -0.0034373, -0.0414771, 0.999134, 0.00304481  
225, 35.2369, 23.7287, 181.373, 0.999915, -0.0125574, 0.00353799, 0.0123819, 0.998869, 0.0459041, -0.00411043, -0.0458564, 0.99894, 0.00300375  
226, 35.2433, 23.7418, 181.377, 0.999898, -0.0137705, 0.00381968, 0.0135611, 0.998642, 0.0502932, -0.00450706, -0.0502363, 0.998727, 0.00282013  
227, 35.2706, 23.7862, 181.393, 0.999911, -0.0128189, 0.003767, 0.0126036, 0.998542, 0.0524931, -0.00443441, -0.0524409, 0.998614, 0.0028867  
228, 35.2508, 23.7581, 181.374, 0.99991, -0.0128864, 0.00382749, 0.0126637, 0.998493, 0.0534036, -0.0045099, -0.0533503, 0.998566, 0.00280376  
229, 35.28, 23.8009, 181.381, 0.999906, -0.0130443, 0.00419596, 0.0127639, 0.998053, 0.0610562, -0.00498422, -0.0609969, 0.998126, 0.00304286  
230, 35.3171, 23.894, 181.367, 0.999907, -0.0129194, 0.00445885, 0.0126, 0.997775, 0.0654679, -0.00529474, -0.0654056, 0.997845, 0.00297463  
231, 35.3584, 23.8552, 181.341, 0.99992, -0.0117721, 0.00453579, 0.0114304, 0.997541, 0.0691415, -0.00533858, -0.0690841, 0.997597, 0.00281819  
232, 35.3846, 23.9777, 181.318, 0.999927, -0.0110864, 0.00486466, 0.0106811, 0.997001, 0.0766545, -0.00569989, -0.0765969, 0.997046, 0.00284759  
233, 35.3807, 23.942, 181.282, 0.999919, -0.0115178, 0.00540955, 0.0110657, 0.996951, 0.0772377, -0.00628266, -0.0771716, 0.996998, 0.00271805  
234, 35.4846, 23.8917, 181.233, 0.999924, -0.0106649, 0.00611577, 0.0101065, 0.996328, 0.0850235, -0.00700008, -0.0849552, 0.99636, 0.0029971  
235, 35.5015, 23.918, 181.212, 0.999917, -0.0108722, 0.00696958, 0.0101956, 0.995827, 0.0906923, -0.00792652, -0.0906137, 0.995855, 0.00310999  
236, 35.5851, 23.942, 181.16, 0.999921, -0.0107793, 0.00639959, 0.0101243, 0.995445, 0.0948034, -0.00739235, -0.0947312, 0.995475, 0.00297435  
237, 35.6576, 23.9052, 181.1, 0.999923, -0.0106345, 0.00640006, 0.00995189, 0.995078, 0.0985932, -0.00741705, -0.0985219, 0.995107, 0.00303454  
238, 35.6802, 23.8968, 181.129, 0.999921, -0.0113108, 0.0054199, 0.0106791, 0.994411, 0.105035, -0.00657763, -0.104969, 0.994454, 0.00284176  
239, 35.7433, 23.8594, 181.06, 0.999914, -0.0115104, 0.00628641, 0.0107815, 0.994336, 0.105734, -0.00746785, -0.105657, 0.994375, 0.00288836  
240, 35.8461, 23.7764, 181.01, 0.999905, -0.0117046, 0.00729863, 0.0108283, 0.993837, 0.110325, -0.00854495, -0.110235, 0.993869, 0.00297435  
241, 35.9744, 23.6717, 180.973, 0.999881, -0.0127293, 0.0086596, 0.0116156, 0.992905, 0.118342, -0.0101046, -0.118228, 0.992935, 0.00280765  
242, 36.1361, 23.6525, 180.915, 0.999886, -0.0132682, 0.00726689, 0.0122803, 0.992417, 0.122303, -0.00883453, -0.1222, 0.992466, 0.00285314  
243, 36.1207, 23.3132, 180.967, 0.999855, -0.0146102, 0.0087613, 0.0134322, 0.992432, 0.12206, -0.0104783, -0.121925, 0.992484, 0.00283483  
244, 36.2906, 23.0861, 180.874, 0.99986, -0.0132348, 0.0102193, 0.0117794, 0.991276, 0.131278, -0.0118676, -0.131139, 0.991293, 0.00301956  
245, 36.4256, 22.8697, 180.821, 0.99984, -0.0136249, 0.0115543, 0.0119144, 0.990499, 0.137001, -0.0133111, -0.136841, 0.990504, 0.00312747  
246, 36.5573, 22.5099, 180.883, 0.999847, -0.0138894, 0.010613, 0.0123134, 0.990584, 0.136351, -0.0124069, -0.136199, 0.990604, 0.00287033  
247, 36.6671, 22.1876, 180.871, 0.999823, -0.0146489, 0.0117811, 0.0128233, 0.989729, 0.142378, -0.0137457, -0.142202, 0.989742, 0.00291471  
248, 36.7958, 21.7141, 180.837, 0.999741, -0.0162049, 0.0159877, 0.0137012, 0.989207, 0.145883, -0.0181791, -0.145626, 0.989173, 0.00289141  
249, 36.9775, 21.23, 180.817, 0.999782, -0.0150682, 0.0144746, 0.0127955, 0.989206, 0.145971, -0.0165179, -0.145754, 0.989183, 0.0030559  
250, 37.2213, 20.5826, 180.822, 0.999739, -0.0149367, 0.0172685, 0.0121295, 0.98822, 0.152556, -0.0193437, -0.152306, 0.988144, 0.00309584  
251, 37.416, 20.0907, 180.772, 0.999766, -0.0148987, 0.0156914, 0.0123076, 0.988006, 0.153926, -0.0177965, -0.153697, 0.987958, 0.00289696  
252, 37.5976, 19.5267, 180.783, 0.999745, -0.0152265, 0.0166606, 0.0123592, 0.986977, 0.160388, -0.0188858, -0.160141, 0.986913, 0.00296242  
253, 37.7483, 18.6619, 180.826, 0.999779, -0.0132804, 0.0162751, 0.0105277, 0.987244, 0.158868, -0.0181773, -0.158661, 0.987166, 0.00287311  
254, 37.8646, 17.8496, 180.795, 0.999753, -0.0127392, 0.0182008, 0.00962975, 0.986789, 0.161723, -0.0200205, -0.161508, 0.986668, 0.00311304  
255, 37.9913, 16.9888, 180.822, 0.999733, -0.0128035, 0.0192336, 0.00945721, 0.986255, 0.16496, -0.0210813, -0.164734, 0.986113, 0.00304619  
256, 38.0595, 16.1832, 180.836, 0.999722, -0.0141051, 0.0189069, 0.010752, 0.985901, 0.166984, -0.0209956, -0.166734, 0.985778, 0.00290833  
257, 38.106, 15.4002, 180.926, 0.999714, -0.015932, 0.0178574, 0.0125872, 0.984692, 0.173849, -0.0203538, -0.173574, 0.98461, 0.0030437  
258, 38.1541, 14.1437, 181.019, 0.999719, -0.0162818, 0.0172453, 0.0130727, 0.984988, 0.172125, -0.0197889, -0.171851, 0.984924, 0.00288226  
259, 38.1226, 13.0247, 180.897, 0.999666, -0.0178332, 0.0186908, 0.0143329, 0.984811, 0.173037, -0.0214928, -0.172712, 0.984738, 0.0030326  
260, 38.0302, 11.8003, 180.848, 0.999686, -0.0165334, 0.0188478, 0.0130049, 0.984664, 0.173974, -0.0214351, -0.173675, 0.98457, 0.00294606  
261, 37.9757, 10.5219, 180.819, 0.999735, -0.0150177, 0.017473, 0.0117571, 0.984735, 0.173663, -0.0198143, -0.173412, 0.98465, 0.00277575  
262, 37.8379, 9.14001, 180.8, 0.999703, -0.0160998, 0.0182926, 0.0126857, 0.984764, 0.173431, -0.0208061, -0.173147, 0.984676, 0.00303759  
263, 37.7146, 7.74494, 180.775, 0.999734, -0.0163532, 0.0162822, 0.0133914, 0.985731, 0.167792, -0.0187938, -0.16753, 0.985688, 0.00272748  
264, 37.4467, 6.29959, 180.716, 0.999694, -0.0178298, 0.0171309, 0.0147141, 0.985789, 0.167343, -0.0198711, -0.16704, 0.98575, 0.0030473  
265, 37.2343, 4.80964, 180.725, 0.99981, -0.0142416, 0.0133148, 0.011893, 0.98667, 0.162298, -0.0154487, -0.162109, 0.986652, 0.00308447  
266, 37.0103, 3.2664, 180.736, 0.999807, -0.0158381, 0.011605, 0.0137718, 0.986945, 0.160466, -0.013995, -0.160275, 0.986973, 0.00294745  
267, 36.6118, 1.59271, 180.796, 0.999825, -0.0144801, 0.0118492, 0.0124268, 0.987358, 0.158018, -0.0139875, -0.157843, 0.987365, 0.00299571  
268, 36.2792, -0.126246, 180.789, 0.999841, -0.0141951, 0.0108262, 0.0123216, 0.987538, 0.156901, -0.0129185, -0.156742, 0.987555, 0.00279766  
269, 35.995, -1.75501, 180.802, 0.999874, -0.0145299, 0.00645363, 0.0133539, 0.987817, 0.155045, -0.0086278, -0.154939, 0.987886, 0.00286368  
270, 35.6087, -3.77946, 180.914, 0.99987, -0.0156977, 0.00375476, 0.0149515, 0.988436, 0.150899, -0.00608011, -0.150824, 0.988542, 0.00289863  
271, 35.2672, -5.54055, 180.912, 0.99993, -0.0118571, -0.000626232, 0.0118107, 0.987827, 0.15511, -0.00122055, -0.155107, 0.987897, 0.00290029  
272, 34.6456, -7.41277, 181.054, 0.99989, -0.0147592, -0.00116732, 0.0147637, 0.988079, 0.153238, -0.00110826, -0.153238, 0.988189, 0.00301818  
273, 34.2833, -9.47212, 181.065, 0.999933, -0.0102164, -0.00549203, 0.010909, 0.989219, 0.146034, 0.00394088, -0.146084, 0.989264, 0.0026892  
274, 33.7528, -11.3447, 181.094, 0.999924, -0.0104314, -0.0065507, 0.0112564, 0.989795, 0.142052, 0.00500205, -0.142115, 0.989838, 0.00290972  
275, 33.3472, -13.2976, 181.028, 0.999943, -0.00874192, -0.00607568, 0.00952074, 0.989686, 0.142938, 0.00476346, -0.142987, 0.989713, 0.00309723  
