0, 0, 0, 0, 0, 0, 0, 0, 0, 0, 0, 0, 0, 0.00620417  
1, 13.4455, 10.7383, 180.504, 0.998084, -0.0516145, 0.0341257, 0.052215, 0.998492, -0.0169444, -0.0331996, 0.0186938, 0.999274, 0.00259018  
2, 13.4961, 10.7931, 180.482, 0.998136, -0.0510744, 0.0334132, 0.0516437, 0.998531, -0.0164019, -0.0325264, 0.0180969, 0.999307, 0.00282623  
3, 13.4351, 10.763, 180.511, 0.998078, -0.0521737, 0.0334502, 0.0527458, 0.998472, -0.0164534, -0.0325406, 0.0181861, 0.999305, 0.00281375  
4, 13.4623, 10.7717, 180.521, 0.998126, -0.0513881, 0.0332234, 0.0519611, 0.998511, -0.0166183, -0.0323199, 0.0183135, 0.99931, 0.00269475  
5, 13.4633, 10.7388, 180.49, 0.998161, -0.0510476, 0.0327068, 0.0516423, 0.998511, -0.017602, -0.0317595, 0.0192587, 0.99931, 0.00279766  
6, 13.4344, 10.7518, 180.493, 0.998179, -0.0507778, 0.0325579, 0.0513434, 0.99854, -0.0167769, -0.0316585, 0.018418, 0.999329, 0.0027788  
7, 13.4707, 10.781, 180.487, 0.998157, -0.0511773, 0.0326043, 0.0517651, 0.998507, -0.0174468, -0.0316627, 0.0191025, 0.999316, 0.0028659  
8, 13.4439, 10.7516, 180.496, 0.99813, -0.0513563, 0.0331523, 0.0519528, 0.998498, -0.0173885, -0.0322095, 0.0190784, 0.999299, 0.00283427  
9, 13.457, 10.7756, 180.494, 0.998126, -0.0513961, 0.0332049, 0.0519826, 0.998502, -0.0170498, -0.0322789, 0.0187439, 0.999303, 0.0028229  
10, 13.3959, 10.74, 180.507, 0.998101, -0.0516724, 0.0335347, 0.0522561, 0.998493, -0.0167691, -0.0326177, 0.0184896, 0.999297, 0.00288087  
11, 13.4323, 10.7515, 180.509, 0.998074, -0.0519368, 0.0339316, 0.0525209, 0.998483, -0.0165554, -0.0330203, 0.0183056, 0.999287, 0.00282262  
12, 13.4349, 10.7462, 180.497, 0.998087, -0.0516804, 0.033921, 0.0522511, 0.998503, -0.0161574, -0.0330353, 0.0178989, 0.999294, 0.00285036  
13, 13.4698, 10.764, 180.486, 0.998144, -0.0511431, 0.0330485, 0.0517078, 0.998527, -0.0164649, -0.0321577, 0.0181432, 0.999318, 0.00307837  
14, 13.4529, 10.7598, 180.508, 0.99814, -0.0510442, 0.0333206, 0.0516239, 0.998526, -0.0167733, -0.0324153, 0.0184623, 0.999304, 0.00289003  
15, 13.4756, 10.7566, 180.5, 0.998108, -0.0514884, 0.0336014, 0.0520793, 0.998499, -0.0169528, -0.032678, 0.0186707, 0.999292, 0.00301429  
16, 13.4638, 10.7689, 180.499, 0.998144, -0.051046, 0.0331988, 0.0516338, 0.99852, -0.0170978, -0.0322769, 0.0187803, 0.999303, 0.00296159  
17, 13.4591, 10.7499, 180.512, 0.998103, -0.0515854, 0.0336058, 0.0521513, 0.998508, -0.0161874, -0.0327206, 0.0179093, 0.999304, 0.00291055  
18, 13.4624, 10.742, 180.503, 0.998136, -0.0512743, 0.0331094, 0.0518647, 0.998506, -0.0172262, -0.0321766, 0.0189113, 0.999303, 0.00284065  
19, 13.4493, 10.7378, 180.503, 0.998119, -0.0515448, 0.033199, 0.0521551, 0.998481, -0.0177855, -0.0322318, 0.0194835, 0.999291, 0.00283594  
20, 13.4597, 10.7467, 180.49, 0.998138, -0.0510105, 0.0334476, 0.0515994, 0.998523, -0.0169866, -0.0325317, 0.0186808, 0.999296, 0.00280709  
21, 13.4517, 10.7378, 180.467, 0.99816, -0.0507488, 0.0331962, 0.0513273, 0.99854, -0.0168139, -0.0322945, 0.0184868, 0.999307, 0.00276521  
22, 13.4662, 10.768, 180.498, 0.99813, -0.0515002, 0.0329354, 0.0520764, 0.9985, -0.0168843, -0.0320165, 0.0185679, 0.999315, 0.0029125  
23, 13.4601, 10.7588, 180.493, 0.998126, -0.0511756, 0.0335384, 0.0517602, 0.998518, -0.0167996, -0.0326289, 0.0185041, 0.999296, 0.0030792  
24, 13.4516, 10.7711, 180.519, 0.998098, -0.0515028, 0.0338834, 0.0520616, 0.998519, -0.0158213, -0.0330183, 0.0175552, 0.999301, 0.00296964  
25, 13.4407, 10.7592, 180.522, 0.998095, -0.0518181, 0.0334919, 0.0523883, 0.998492, -0.0163771, -0.0325927, 0.0181004, 0.999305, 0.00280654  
26, 13.4911, 10.7675, 180.477, 0.998152, -0.0512296, 0.0326767, 0.0518076, 0.998511, -0.0170947, -0.0317523, 0.0187561, 0.99932, 0.00271361  
27, 13.478, 10.7622, 180.503, 0.99811, -0.0512051, 0.0339726, 0.0518097, 0.99851, -0.0171614, -0.0330432, 0.0188891, 0.999275, 0.00307143  
28, 13.4461, 10.7513, 180.514, 0.998096, -0.0513322, 0.0341906, 0.0519209, 0.998514, -0.016557, -0.0332898, 0.0183006, 0.999278, 0.00286146  
29, 13.4837, 10.7587, 180.483, 0.998169, -0.0508781, 0.0327078, 0.0514281, 0.998545, -0.0161988, -0.0318361, 0.0178513, 0.999334, 0.00279932  
30, 13.4476, 10.7465, 180.498, 0.998116, -0.0515216, 0.0333156, 0.0521268, 0.998486, -0.0175585, -0.0323605, 0.019262, 0.999291, 0.0027935  
31, 13.4534, 10.7506, 180.502, 0.998118, -0.0517149, 0.0329591, 0.0522742, 0.998499, -0.0163409, -0.0320645, 0.018033, 0.999323, 0.00276465  
32, 13.4511, 10.7588, 180.517, 0.998094, -0.0514911, 0.0340084, 0.0520852, 0.998501, -0.0168181, -0.0330914, 0.0185574, 0.99928, 0.00285286  
33, 13.4524, 10.7509, 180.476, 0.998138, -0.0512485, 0.0330866, 0.0518295, 0.998512, -0.0169471, -0.0321689, 0.0186304, 0.999309, 0.00288809  
34, 13.4805, 10.7574, 180.491, 0.998127, -0.0512745, 0.0333571, 0.0518454, 0.998519, -0.0164801, -0.0324627, 0.0181787, 0.999308, 0.00273164  
35, 13.4771, 10.7678, 180.497, 0.99808, -0.0517995, 0.0339442, 0.052399, 0.998481, -0.0170149, -0.0330113, 0.0187609, 0.999279, 0.00289668  
36, 13.4614, 10.7675, 180.518, 0.998124, -0.0514322, 0.0332288, 0.0520153, 0.998503, -0.0169288, -0.0323084, 0.0186254, 0.999304, 0.00272083  
37, 13.4525, 10.7819, 180.505, 0.9981, -0.0515715, 0.0337171, 0.0521439, 0.998506, -0.0163224, -0.0328249, 0.0180496, 0.999298, 0.002796  
38, 13.4898, 10.7676, 180.497, 0.998143, -0.0509688, 0.0333613, 0.0515478, 0.99853, -0.0167322, -0.0324594, 0.0184208, 0.999303, 0.00291638  
39, 13.463, 10.757, 180.493, 0.998101, -0.0515226, 0.0337653, 0.0521467, 0.99848, -0.0178708, -0.0327932, 0.0195977, 0.99927, 0.00282678  
40, 13.454, 10.7498, 180.496, 0.998121, -0.051212, 0.033641, 0.0518365, 0.998494, -0.0179599, -0.0326705, 0.01967, 0.999273, 0.0029566  
41, 13.4477, 10.7577, 180.488, 0.998134, -0.0512996, 0.0331068, 0.0518534, 0.998525, -0.0160911, -0.0322325, 0.0177778, 0.999322, 0.00276299  
42, 13.44, 10.7397, 180.504, 0.998111, -0.0516938, 0.0331974, 0.0522672, 0.998494, -0.0166412, -0.0322872, 0.0183449, 0.99931, 0.0027996  
43, 13.4558, 10.738, 180.488, 0.998128, -0.0515966, 0.0328236, 0.0521798, 0.99849, -0.0171668, -0.0318883, 0.0188474, 0.999314, 0.00303759  
44, 13.4368, 10.7471, 180.517, 0.998103, -0.0518161, 0.033242, 0.0523829, 0.998492, -0.0164111, -0.0323415, 0.0181212, 0.999313, 0.00280654  
45, 13.4568, 10.744, 180.497, 0.998124, -0.0513944, 0.0332826, 0.0519669, 0.998511, -0.0165706, -0.0323814, 0.0182691, 0.999309, 0.00281153  
46, 13.4409, 10.7377, 180.517, 0.998065, -0.0517899, 0.0343997, 0.0523408, 0.998512, -0.015309, -0.0335556, 0.0170799, 0.999291, 0.00284426  
47, 13.4641, 10.7668, 180.507, 0.998123, -0.0513355, 0.033385, 0.0518953, 0.998522, -0.0161233, -0.032508, 0.0178256, 0.999313, 0.00283982  
48, 13.4784, 10.757, 180.524, 0.998091, -0.0519186, 0.033442, 0.0524963, 0.998483, -0.0166352, -0.0325276, 0.0183591, 0.999302, 0.00308697  
49, 13.4775, 10.7677, 180.511, 0.998117, -0.051419, 0.0334327, 0.0520177, 0.998496, -0.0172908, -0.0324933, 0.0189973, 0.999291, 0.00291971  
50, 13.4666, 10.7659, 180.494, 0.998128, -0.050938, 0.0338406, 0.0515035, 0.998544, -0.016053, -0.0329736, 0.0177658, 0.999298, 0.00323814  
51, 13.4831, 10.7514, 180.458, 0.998155, -0.0509845, 0.0329737, 0.0515718, 0.998521, -0.0172134, -0.0320473, 0.0188821, 0.999308, 0.00298656  
52, 13.4456, 10.7508, 180.497, 0.998113, -0.0512699, 0.0337991, 0.0518784, 0.998502, -0.0173788, -0.0328575, 0.0190995, 0.999278, 0.00274801  
53, 13.4652, 10.7527, 180.491, 0.998147, -0.0507141, 0.0336166, 0.0512898, 0.998548, -0.01649, -0.0327315, 0.0181837, 0.999299, 0.00282068  
54, 13.4475, 10.7519, 180.514, 0.998118, -0.0517608, 0.032897, 0.0523286, 0.998491, -0.0166406, -0.0319861, 0.0183308, 0.99932, 0.00293247  
55, 13.4513, 10.7364, 180.506, 0.998118, -0.0514117, 0.0334336, 0.0520069, 0.998499, -0.0171818, -0.0325001, 0.0188883, 0.999293, 0.00301097  
56, 13.4666, 10.7571, 180.497, 0.998099, -0.0517081, 0.0335249, 0.0523197, 0.998475, -0.0176291, -0.0325622, 0.0193496, 0.999282, 0.00299987  
57, 13.4671, 10.7652, 180.504, 0.998153, -0.0511214, 0.0328233, 0.0517108, 0.998511, -0.0173676, -0.0318866, 0.0190328, 0.99931, 0.00295965  
58, 13.461, 10.7456, 180.511, 0.998096, -0.0518883, 0.033352, 0.0524938, 0.998467, -0.0175428, -0.0323906, 0.0192601, 0.99929, 0.00289308  
59, 13.4514, 10.7469, 180.497, 0.998119, -0.0511989, 0.0337322, 0.0517593, 0.998532, -0.015954, -0.0328658, 0.0176699, 0.999304, 0.0028573  
60, 13.4608, 10.7293, 180.483, 0.998127, -0.0514036, 0.0331569, 0.0519664, 0.998515, -0.0163413, -0.0322676, 0.0180338, 0.999317, 0.0028892  
61, 13.451, 10.7555, 180.502, 0.998133, -0.0514434, 0.032913, 0.0520055, 0.998511, -0.016454, -0.0320176, 0.018135, 0.999323, 0.00287699  
62, 13.4528, 10.7688, 180.478, 0.998169, -0.0507229, 0.0329393, 0.0513164, 0.99853, -0.017431, -0.0320067, 0.0190894, 0.999305, 0.00295466  
63, 13.4461, 10.7712, 180.51, 0.998144, -0.0515303, 0.0324517, 0.0520963, 0.9985, -0.0168414, -0.0315352, 0.0185008, 0.999331, 0.00284731  
64, 13.4554, 10.7521, 180.49, 0.998138, -0.0510547, 0.0333907, 0.0516353, 0.998525, -0.0167623, -0.0324857, 0.0184552, 0.999302, 0.00286284  
65, 13.4687, 10.7482, 180.488, 0.998167, -0.0508208, 0.0328716, 0.0514034, 0.998531, -0.0171284, -0.0319528, 0.0187867, 0.999313, 0.00302761  
66, 13.4576, 10.7631, 180.503, 0.998169, -0.0508932, 0.0326947, 0.0514358, 0.998549, -0.0159749, -0.0318342, 0.0176273, 0.999338, 0.00286395  
67, 13.4556, 10.774, 180.509, 0.998122, -0.0514992, 0.0331687, 0.0520971, 0.99849, -0.0174197, -0.0322216, 0.019115, 0.999298, 0.00284093  
68, 13.4663, 10.7786, 180.53, 0.998161, -0.0510986, 0.0326083, 0.0516818, 0.998514, -0.0172996, -0.0316759, 0.0189531, 0.999318, 0.00284065  
69, 13.4598, 10.7647, 180.502, 0.998132, -0.0511174, 0.033474, 0.0516958, 0.998524, -0.0166474, -0.0325737, 0.0183467, 0.999301, 0.00288698  
70, 13.4782, 10.7533, 180.492, 0.998142, -0.0508905, 0.0335079, 0.0514285, 0.998558, -0.0153926, -0.0326763, 0.0170872, 0.99932, 0.00294745  
71, 13.4502, 10.7661, 180.503, 0.998096, -0.0516781, 0.0336831, 0.052275, 0.998486, -0.0170899, -0.032749, 0.0188181, 0.999286, 0.00287394  
72, 13.462, 10.777, 180.493, 0.998126, -0.0512971, 0.0333719, 0.0518472, 0.99853, -0.0158315, -0.0325107, 0.017532, 0.999318, 0.00281735  
73, 13.4721, 10.7573, 180.507, 0.99811, -0.0514436, 0.0336214, 0.0520044, 0.998518, -0.0160242, -0.0327472, 0.0177424, 0.999306, 0.00279128  
74, 13.4636, 10.7652, 180.486, 0.998096, -0.0517135, 0.0336021, 0.0522891, 0.998496, -0.0164823, -0.0326992, 0.0182079, 0.999299, 0.00291055  
75, 13.4636, 10.7666, 180.488, 0.998166, -0.0505169, 0.0333613, 0.0510929, 0.998555, -0.0166455, -0.0324722, 0.0183195, 0.999305, 0.0029075  
76, 13.4616, 10.7802, 180.48, 0.998157, -0.0514513, 0.03217, 0.0520377, 0.998489, -0.0176625, -0.0312126, 0.019304, 0.999326, 0.00285147  
77, 13.4573, 10.7735, 180.506, 0.99812, -0.0514403, 0.0333077, 0.0519784, 0.998528, -0.0154967, -0.0324615, 0.0171988, 0.999325, 0.00282734  
78, 13.4511, 10.7534, 180.512, 0.998109, -0.0514369, 0.0336686, 0.0520216, 0.998506, -0.0167273, -0.0327579, 0.0184472, 0.999293, 0.00286118  
79, 13.4786, 10.7803, 180.501, 0.998117, -0.0515904, 0.0331729, 0.052171, 0.998495, -0.0168813, -0.0322521, 0.0185802, 0.999307, 0.002872  
80, 13.4734, 10.7577, 180.494, 0.998121, -0.0508242, 0.0342208, 0.0514005, 0.998547, -0.0161768, -0.0333489, 0.0179054, 0.999283, 0.00293247  
81, 13.4834, 10.779, 180.504, 0.998128, -0.0510267, 0.0337138, 0.0516229, 0.998521, -0.0170567, -0.0327936, 0.0187651, 0.999286, 0.00289114  
82, 13.4749, 10.7501, 180.49, 0.998143, -0.0509703, 0.0333626, 0.0515431, 0.998534, -0.01654, -0.0324707, 0.0182289, 0.999306, 0.00291777  
83, 13.4643, 10.7445, 180.502, 0.998129, -0.0513443, 0.0331907, 0.0519405, 0.998499, -0.0173576, -0.0322497, 0.0190491, 0.999298, 0.00300764  
84, 13.4703, 10.7476, 180.489, 0.998132, -0.0513207, 0.0331498, 0.0518968, 0.998512, -0.0167564, -0.0322405, 0.0184455, 0.99931, 0.00295521  
85, 13.446, 10.7487, 180.522, 0.99811, -0.0515213, 0.0335017, 0.0520969, 0.998505, -0.0165409, -0.0325994, 0.018255, 0.999302, 0.00288309  
86, 13.4633, 10.7766, 180.471, 0.998163, -0.0509064, 0.0328478, 0.0514744, 0.998535, -0.016685, -0.0319503, 0.0183452, 0.999321, 0.0028168  
87, 13.4637, 10.7714, 180.498, 0.998194, -0.0501699, 0.0330456, 0.0507501, 0.998567, -0.0169594, -0.0321474, 0.0186059, 0.99931, 0.00299016  
88, 13.4464, 10.7728, 180.504, 0.998146, -0.0511059, 0.0330697, 0.0516835, 0.998521, -0.0168531, -0.0321596, 0.018531, 0.999311, 0.0029946  
89, 13.4296, 10.7526, 180.487, 0.998083, -0.0514666, 0.0343853, 0.0520756, 0.998497, -0.0170561, -0.0334558, 0.018814, 0.999263, 0.00284232  
90, 13.4462, 10.7569, 180.51, 0.99814, -0.0509254, 0.0335057, 0.0515044, 0.998534, -0.0166507, -0.0326087, 0.0183454, 0.9993, 0.00293413  
91, 13.4471, 10.7686, 180.495, 0.998149, -0.0511257, 0.0329256, 0.0516668, 0.998539, -0.0157981, -0.0320698, 0.01747, 0.999333, 0.00287449  
92, 13.462, 10.7654, 180.512, 0.998136, -0.0511255, 0.0333383, 0.0517165, 0.998515, -0.0171111, -0.032414, 0.0188033, 0.999298, 0.00285425  
93, 13.4553, 10.7587, 180.51, 0.998102, -0.0513957, 0.0339324, 0.0519826, 0.998509, -0.0166475, -0.0330262, 0.0183798, 0.999285, 0.00283344  
94, 13.4907, 10.7629, 180.508, 0.998126, -0.0511089, 0.0336581, 0.0516971, 0.998521, -0.0168408, -0.0327476, 0.0185493, 0.999292, 0.00292498  
95, 13.4614, 10.7752, 180.489, 0.998112, -0.0511676, 0.0339811, 0.0517245, 0.998538, -0.0157182, -0.0331272, 0.0174462, 0.999299, 0.00283122  
96, 13.473, 10.7589, 180.49, 0.998114, -0.0513574, 0.0336277, 0.0519344, 0.998514, -0.016515, -0.0327295, 0.0182303, 0.999298, 0.00284676  
97, 13.4558, 10.7733, 180.519, 0.998136, -0.0511609, 0.0332814, 0.0517451, 0.998517, -0.0169337, -0.0323657, 0.0186242, 0.999303, 0.00279405  
98, 13.4509, 10.7813, 180.501, 0.998116, -0.0516391, 0.0331487, 0.0521993, 0.998504, -0.016264, -0.0322593, 0.0179637, 0.999318, 0.00282068  
99, 13.4603, 10.7889, 180.501, 0.998108, -0.0511711, 0.0340964, 0.0517553, 0.998524, -0.016478, -0.0332029, 0.0182115, 0.999283, 0.00291222  
100, 13.4365, 10.7535, 180.505, 0.998114, -0.0516106, 0.0332408, 0.0521842, 0.998499, -0.0166254, -0.0323329, 0.0183286, 0.999309, 0.0028989  
101, 13.4713, 10.7744, 180.495, 0.998128, -0.0511922, 0.0334764, 0.0517947, 0.998506, -0.0173853, -0.0325364, 0.0190867, 0.999288, 0.00286811  
102, 13.4648, 10.7836, 180.492, 0.998124, -0.0512509, 0.0334963, 0.0518364, 0.998513, -0.0168514, -0.0325829, 0.0185561, 0.999297, 0.00280848  
103, 13.5015, 10.7853, 180.496, 0.998148, -0.051202, 0.0328452, 0.0517857, 0.998511, -0.0171726, -0.031917, 0.0188417, 0.999313, 0.00274607  
104, 13.4806, 10.7891, 180.501, 0.99811, -0.0517804, 0.0330865, 0.0523929, 0.998466, -0.0179214, -0.0321077, 0.019621, 0.999292, 0.00291832  
105, 13.4666, 10.7656, 180.501, 0.998139, -0.0511641, 0.0331712, 0.0517797, 0.998497, -0.0179717, -0.0322019, 0.0196559, 0.999288, 0.00293968  
106, 13.4686, 10.7784, 180.52, 0.998144, -0.0509312, 0.0333957, 0.0515193, 0.998527, -0.0169924, -0.0324811, 0.0186814, 0.999298, 0.00278462  
107, 13.4598, 10.76, 180.513, 0.998103, -0.0516401, 0.0335302, 0.0522113, 0.998502, -0.0163902, -0.0326335, 0.0181098, 0.999303, 0.00292137  
108, 13.4509, 10.7426, 180.501, 0.998111, -0.0516179, 0.0333023, 0.0521925, 0.998499, -0.0166221, -0.0323944, 0.0183288, 0.999307, 0.00273553  
109, 13.4612, 10.7754, 180.478, 0.998186, -0.0506673, 0.0325097, 0.0512535, 0.998533, -0.0174599, -0.0315773, 0.0190944, 0.999319, 0.00293191  
110, 13.4817, 10.7553, 180.514, 0.998103, -0.0515738, 0.033621, 0.0521842, 0.998483, -0.0175373, -0.0326655, 0.0192585, 0.999281, 0.00298461  
111, 13.4706, 10.7748, 180.479, 0.998154, -0.0506547, 0.033492, 0.0512401, 0.998544, -0.0168587, -0.0325893, 0.0185437, 0.999297, 0.00278324  
112, 13.4698, 10.7809, 180.499, 0.998157, -0.0510444, 0.0328235, 0.0515947, 0.998538, -0.0161409, -0.0319516, 0.0178046, 0.999331, 0.00287838  
113, 13.4699, 10.7699, 180.5, 0.998108, -0.0515195, 0.0335452, 0.0520789, 0.998514, -0.0160205, -0.03267, 0.0177372, 0.999309, 0.00275966  
114, 13.4986, 10.8149, 180.491, 0.9982, -0.0502068, 0.0327885, 0.0507499, 0.998584, -0.0159461, -0.0319414, 0.0175814, 0.999335, 0.0028928  
115, 13.4776, 10.8332, 180.508, 0.998125, -0.0512875, 0.0334011, 0.0518256, 0.998537, -0.0154483, -0.0325599, 0.0171504, 0.999323, 0.00301235  
116, 13.4589, 10.8732, 180.551, 0.998122, -0.0511704, 0.0336682, 0.0516634, 0.998567, -0.0139389, -0.0329067, 0.0156522, 0.999336, 0.00287976  
117, 13.4915, 10.9062, 180.536, 0.998148, -0.0511154, 0.0329746, 0.0515899, 0.998574, -0.0137005, -0.0322273, 0.0153763, 0.999362, 0.0028082  
118, 13.5058, 10.9483, 180.54, 0.998164, -0.0511575, 0.0324351, 0.0516018, 0.998583, -0.0130112, -0.0317235, 0.014661, 0.999389, 0.00278268  
119, 13.5025, 10.9948, 180.537, 0.998117, -0.0516719, 0.033064, 0.0520339, 0.998593, -0.0101827, -0.0324913, 0.011884, 0.999401, 0.00299682  
120, 13.4704, 11.0378, 180.542, 0.998114, -0.0513842, 0.0335979, 0.0516732, 0.998634, -0.00779004, -0.0331517, 0.00951145, 0.999405, 0.00282179  
121, 13.4751, 11.1129, 180.541, 0.998174, -0.0509575, 0.0324261, 0.0512329, 0.998657, -0.0077202, -0.0319892, 0.0093674, 0.999444, 0.00271972  
122, 13.4934, 11.1839, 180.535, 0.998105, -0.0519272, 0.0330274, 0.0521778, 0.998615, -0.0067708, -0.0326301, 0.00848127, 0.999432, 0.00279655  
123, 13.4791, 11.23, 180.535, 0.998161, -0.0505815, 0.0334154, 0.0507514, 0.998702, -0.00425779, -0.0331567, 0.00594584, 0.999432, 0.0027641  
124, 13.5222, 11.3364, 180.573, 0.998172, -0.0507087, 0.032872, 0.0508222, 0.998704, -0.00262725, -0.0326961, 0.00429307, 0.999456, 0.00298572  
125, 13.5336, 11.3855, 180.58, 0.998206, -0.0501932, 0.0326372, 0.0502356, 0.998737, -0.000482369, -0.0325717, 0.00212105, 0.999467, 0.00282318  
126, 13.5576, 11.4674, 180.608, 0.998172, -0.050942, 0.032529, 0.0508781, 0.998701, 0.00279041, -0.0326289, -0.0011303, 0.999467, 0.00276326  
127, 13.5816, 11.5229, 180.652, 0.998134, -0.0509559, 0.0336348, 0.0507867, 0.998692, 0.00586632, -0.0338897, -0.00414718, 0.999417, 0.00286423  
128, 13.5746, 11.5323, 180.645, 0.998208, -0.0507119, 0.0317687, 0.0505237, 0.9987, 0.00669836, -0.0320671, -0.00508129, 0.999473, 0.00276853  
129, 13.5715, 11.6408, 180.696, 0.998201, -0.0504181, 0.0324512, 0.0500985, 0.998688, 0.0105866, -0.0329424, -0.00894184, 0.999417, 0.00298129  
130, 13.557, 11.6745, 180.689, 0.998213, -0.0505552, 0.0318453, 0.0501576, 0.998655, 0.0131632, -0.0324679, -0.0115424, 0.999406, 0.00285646  
131, 13.5536, 11.7352, 180.717, 0.998191, -0.0506378, 0.0324206, 0.0501264, 0.998608, 0.016397, -0.0332058, -0.0147422, 0.99934, 0.00279794  
132, 13.5505, 11.7785, 180.747, 0.998229, -0.0502049, 0.0319198, 0.0496333, 0.998597, 0.0184554, -0.0328016, -0.0168384, 0.99932, 0.0029369  
133, 13.5444, 11.8097, 180.784, 0.998224, -0.0508229, 0.0310648, 0.0501595, 0.998504, 0.021774, -0.0321249, -0.0201772, 0.99928, 0.00274107  
134, 13.5123, 11.817, 180.765, 0.998207, -0.0508467, 0.0315966, 0.0501137, 0.998465, 0.0235747, -0.0327468, -0.021949, 0.999223, 0.00279073  
135, 13.5448, 11.8081, 180.777, 0.998252, -0.050373, 0.0309027, 0.0495886, 0.99844, 0.0256451, -0.0321463, -0.0240678, 0.999193, 0.00290778  
136, 13.537, 11.8424, 180.789, 0.998278, -0.0503605, 0.0300717, 0.0494707, 0.998336, 0.0296348, -0.0315141, -0.0280961, 0.999108, 0.00280543  
137, 13.5193, 11.837, 180.78, 0.998239, -0.0504993, 0.0311269, 0.0494839, 0.998244, 0.0325719, -0.0327171, -0.0309743, 0.998985, 0.0028168  
138, 13.4991, 11.8577, 180.807, 0.998305, -0.0494305, 0.0307191, 0.0483115, 0.998178, 0.0361616, -0.0324506, -0.0346162, 0.998874, 0.00276826  
139, 13.5231, 11.8361, 180.838, 0.998185, -0.0505531, 0.0327211, 0.0492225, 0.997976, 0.0402688, -0.0346906, -0.0385851, 0.998653, 0.00300042  
140, 13.5341, 11.8776, 180.805, 0.9983, -0.0489151, 0.0316787, 0.0474469, 0.997835, 0.04555, -0.0338382, -0.0439696, 0.99846, 0.00289696  
141, 13.5475, 11.8376, 180.787, 0.998279, -0.0490108, 0.0321949, 0.0474681, 0.997764, 0.0470531, -0.034429, -0.0454439, 0.998373, 0.00290833  
142, 13.5481, 11.8023, 180.775, 0.998332, -0.0490977, 0.030363, 0.0475136, 0.997575, 0.0508615, -0.0327865, -0.049334, 0.998244, 0.00282706  
143, 13.5385, 11.7143, 180.765, 0.998268, -0.0503361, 0.0304457, 0.0486625, 0.997386, 0.0534174, -0.033055, -0.0518434, 0.998108, 0.00275439  
144, 13.619, 11.5529, 180.748, 0.998309, -0.0496515, 0.0302464, 0.0479139, 0.997298, 0.0556899, -0.0329298, -0.0541465, 0.99799, 0.00280348  
145, 13.5641, 11.4705, 180.759, 0.998272, -0.0502423, 0.0304635, 0.0483122, 0.996962, 0.0610902, -0.0334402, -0.0595129, 0.997667, 0.00289668  
146, 13.5728, 11.4097, 180.75, 0.998248, -0.0503709, 0.031055, 0.0482491, 0.996675, 0.0656525, -0.0342587, -0.064039, 0.997359, 0.00283178  
147, 13.5843, 11.1414, 180.769, 0.998171, -0.051737, 0.0312601, 0.0495498, 0.996515, 0.0670991, -0.0346227, -0.0654275, 0.997256, 0.00282845  
148, 13.6265, 11.0123, 180.753, 0.998195, -0.0523916, 0.0293734, 0.0502005, 0.996217, 0.0709325, -0.0329786, -0.0693299, 0.997049, 0.00279849  
149, 13.6246, 10.8091, 180.761, 0.998187, -0.0524753, 0.0294694, 0.0501666, 0.995976, 0.0742615, -0.0332477, -0.0726485, 0.996803, 0.00289225  
150, 13.6008, 10.5238, 180.763, 0.998264, -0.0516394, 0.0283415, 0.049373, 0.995918, 0.0755556, -0.0321275, -0.0740251, 0.996739, 0.00289197  
151, 13.6594, 10.2493, 180.773, 0.99826, -0.0513871, 0.0289096, 0.0489379, 0.995605, 0.0798512, -0.0328859, -0.0782975, 0.996387, 0.00283594  
152, 13.6306, 9.88594, 180.775, 0.998249, -0.0519397, 0.0283067, 0.0494537, 0.995372, 0.082391, -0.032455, -0.0808469, 0.996198, 0.00278878  
153, 13.6693, 9.59181, 180.76, 0.998189, -0.0530963, 0.0282825, 0.0505238, 0.9951, 0.084995, -0.0326568, -0.0834121, 0.99598, 0.00278157  
154, 13.6951, 9.20096, 180.762, 0.998226, -0.0529772, 0.0271851, 0.0504199, 0.994895, 0.0874147, -0.0316773, -0.085889, 0.995801, 0.00288171  
155, 13.7005, 8.68807, 180.747, 0.998203, -0.0531757, 0.0276127, 0.0504839, 0.994624, 0.0904168, -0.0322722, -0.0888604, 0.995521, 0.00299959  
156, 13.7044, 8.21588, 180.736, 0.998179, -0.053419, 0.0280185, 0.0505527, 0.994232, 0.0945869, -0.0329096, -0.0929983, 0.995122, 0.00285425  
157, 13.6654, 7.70974, 180.748, 0.998119, -0.0545441, 0.0279804, 0.0515704, 0.99387, 0.0977952, -0.033143, -0.0961683, 0.994813, 0.00300209  
158, 13.6549, 7.19968, 180.75, 0.998147, -0.0551862, 0.0256503, 0.0525085, 0.994054, 0.095393, -0.0307622, -0.0938693, 0.995109, 0.00280099  
159, 13.6345, 6.59544, 180.723, 0.997982, -0.0565376, 0.0289143, 0.0532455, 0.993135, 0.104151, -0.0346042, -0.102401, 0.994141, 0.00286035  
160, 13.6248, 6.02295, 180.729, 0.998124, -0.0549947, 0.0269008, 0.051929, 0.993244, 0.103776, -0.0324262, -0.102185, 0.994237, 0.003029  
161, 13.6052, 5.37441, 180.722, 0.998133, -0.0558723, 0.0246789, 0.0530125, 0.993128, 0.104335, -0.0303388, -0.102832, 0.994236, 0.00278906  
162, 13.528, 4.62312, 180.741, 0.998095, -0.0562609, 0.0253232, 0.0532342, 0.99278, 0.107489, -0.0311878, -0.105936, 0.993884, 0.00451076  
163, 13.5055, 3.84651, 180.702, 0.998107, -0.0563154, 0.0247184, 0.0532874, 0.992546, 0.109601, -0.0307064, -0.108077, 0.993668, 0.00275272  
164, 13.4407, 2.99615, 180.668, 0.998148, -0.0560083, 0.023746, 0.0530039, 0.992251, 0.112379, -0.0298561, -0.110912, 0.993382, 0.00285064  
165, 13.3225, 2.26121, 180.664, 0.998154, -0.0565528, 0.0221562, 0.0536628, 0.99198, 0.114437, -0.0284502, -0.113037, 0.993183, 0.00304065  
166, 13.1759, 1.22643, 180.683, 0.998103, -0.0568281, 0.0236849, 0.053759, 0.991958, 0.114587, -0.0300062, -0.113097, 0.993131, 0.00282373  
167, 13.0999, 0.324369, 180.683, 0.998227, -0.0557672, 0.0208247, 0.0530008, 0.99188, 0.115611, -0.0271029, -0.114302, 0.993076, 0.00285563  
168, 12.9181, -0.75885, 180.703, 0.998226, -0.0560254, 0.0201325, 0.0532561, 0.991511, 0.118617, -0.0266071, -0.117335, 0.992736, 0.00271195  
169, 12.8236, -1.7374, 180.696, 0.998211, -0.05629, 0.0201418, 0.0534515, 0.991202, 0.121084, -0.0267804, -0.119791, 0.992438, 0.00287255  
170, 12.7227, -2.71895, 180.71, 0.998257, -0.0556598, 0.0196281, 0.052816, 0.990903, 0.123779, -0.0263391, -0.122527, 0.992116, 0.00297518  
171, 12.6413, -3.82618, 180.723, 0.998224, -0.0563804, 0.0192227, 0.0535721, 0.990821, 0.124116, -0.0260439, -0.122865, 0.992082, 0.0028315  
172, 12.6046, -4.90242, 180.776, 0.99818, -0.057304, 0.0187969, 0.0545403, 0.990763, 0.124152, -0.0257376, -0.122901, 0.992085, 0.00287699  
173, 12.5652, -6.06664, 180.722, 0.998334, -0.0548914, 0.0178007, 0.0522234, 0.990659, 0.125965, -0.0245488, -0.124826, 0.991875, 0.00274801  
174, 12.4442, -7.04761, 180.786, 0.998138, -0.0581369, 0.0184362, 0.0552818, 0.990081, 0.129166, -0.0257627, -0.127906, 0.991452, 0.00290334  
175, 12.4632, -8.29333, 180.778, 0.998236, -0.0571584, 0.0160847, 0.0546468, 0.990307, 0.127696, -0.0232277, -0.126591, 0.991683, 0.00304203  
176, 12.4434, -9.43287, 180.781, 0.998207, -0.057758, 0.0157348, 0.0552385, 0.990008, 0.12974, -0.0230711, -0.128639, 0.991423, 0.00298156  
177, 12.4623, -10.7216, 180.659, 0.998177, -0.0578881, 0.0171044, 0.0551694, 0.989895, 0.13063, -0.0244935, -0.129448, 0.991284, 0.00288559  
178, 12.4857, -12.0017, 180.604, 0.998215, -0.0578232, 0.0149603, 0.0553806, 0.98987, 0.13073, -0.0223679, -0.129668, 0.991305, 0.00277852  
179, 12.554, -13.4215, 180.533, 0.998121, -0.0595273, 0.0145362, 0.0571308, 0.989802, 0.130489, -0.0221556, -0.129414, 0.991343, 0.00293302  
180, 12.5493, -15.0533, 180.536, 0.998172, -0.0589754, 0.013194, 0.0568559, 0.990432, 0.125747, -0.0204837, -0.124767, 0.991975, 0.00292387  
181, 12.5854, -16.6007, 180.523, 0.998228, -0.0579357, 0.0136083, 0.0557818, 0.990549, 0.125303, -0.0207392, -0.124322, 0.992025, 0.00281208  
182, 12.6916, -18.166, 180.358, 0.998346, -0.0556095, 0.0145922, 0.053248, 0.990077, 0.130049, -0.0216793, -0.129056, 0.9914, 0.00291555  
183, 12.7295, -19.835, 180.39, 0.998409, -0.0547663, 0.0134321, 0.0526105, 0.99042, 0.127672, -0.0202955, -0.126762, 0.991726, 0.00272193  
184, 12.823, -21.5947, 180.478, 0.998493, -0.0537604, 0.0109895, 0.0520299, 0.991213, 0.121616, -0.017431, -0.120861, 0.992516, 0.00290445  
185, 12.8137, -23.4306, 180.622, 0.998488, -0.0541188, 0.00964134, 0.0525655, 0.991311, 0.120579, -0.0160831, -0.11989, 0.992657, 0.0030326  
186, 12.8171, -25.2544, 180.706, 0.998427, -0.0547457, 0.0120629, 0.0529222, 0.991451, 0.119265, -0.018489, -0.118439, 0.992789, 0.00298323  
187, 12.8605, -27.079, 180.753, 0.998493, -0.0533314, 0.0129206, 0.0514227, 0.99157, 0.118927, -0.0191543, -0.118084, 0.992819, 0.00289863  
188, 12.8107, -28.8328, 180.863, 0.998437, -0.0544129, 0.0127239, 0.052542, 0.991649, 0.117779, -0.0190263, -0.116926, 0.992958, 0.00275799  
189, 12.887, -30.6533, 180.882, 0.998462, -0.0540381, 0.0124065, 0.0522366, 0.991852, 0.116196, -0.0185844, -0.11537, 0.993149, 0.0029222  
190, 12.9156, -32.4713, 180.842, 0.998475, -0.0531787, 0.014793, 0.0511541, 0.992166, 0.113971, -0.020738, -0.113041, 0.993374, 0.00281208  
191, 12.8935, -34.7147, 180.816, 0.998362, -0.054451, 0.0175864, 0.0522457, 0.992785, 0.107928, -0.0233363, -0.106832, 0.994003, 0.00275411  
192, 12.925, -36.4244, 180.8, 0.998384, -0.0542824, 0.0168415, 0.0521646, 0.992823, 0.10762, -0.0225625, -0.106567, 0.994049, 0.00279183  
193, 13.1179, -38.4783, 180.754, 0.998534, -0.0523054, 0.0139615, 0.0505794, 0.993305, 0.103856, -0.0193003, -0.102998, 0.994494, 0.00276826  
194, 13.3185, -40.4201, 180.704, 0.998689, -0.0499476, 0.0112447, 0.0485871, 0.993861, 0.0993935, -0.0161401, -0.0987169, 0.994985, 0.00293136  
195, 13.4192, -42.7597, 180.718, 0.99875, -0.0487441, 0.0110902, 0.0474732, 0.994338, 0.0950649, -0.0156613, -0.0944195, 0.995409, 0.00296409  
196, 13.5124, -44.8373, 180.779, 0.998707, -0.0498744, 0.00986328, 0.0486936, 0.994143, 0.0964809, -0.0146174, -0.0958758, 0.995286, 0.00271028  
197, 13.5338, -47.1446, 180.795, 0.998548, -0.0523165, 0.0128174, 0.0508425, 0.99404, 0.096429, -0.0177859, -0.0956373, 0.995257, 0.00278462  
198, 13.7364, -49.3942, 180.677, 0.998659, -0.0498589, 0.0139657, 0.048388, 0.994677, 0.0909699, -0.018427, -0.0901721, 0.995756, 0.00276326  
199, 13.772, -51.8131, 180.684, 0.998612, -0.0505246, 0.0149109, 0.0490825, 0.995176, 0.0849396, -0.0191305, -0.0840898, 0.996275, 0.00297546  
200, 13.7498, -54.1231, 180.74, 0.998793, -0.0474378, 0.0127439, 0.0462613, 0.995673, 0.0805916, -0.0165118, -0.0799048, 0.996666, 0.00295438  
201, 13.7632, -56.6692, 180.816, 0.998884, -0.0456913, 0.0119876, 0.0445953, 0.995824, 0.079661, -0.0155773, -0.0790375, 0.99675, 0.00277214  
202, 13.7237, -58.8186, 180.84, 0.998849, -0.0469068, 0.0100501, 0.0459686, 0.995809, 0.0790609, -0.0137164, -0.0785079, 0.996819, 0.00288171  
203, 13.6425, -61.4189, 180.876, 0.99884, -0.0471281, 0.00986524, 0.0462642, 0.996141, 0.0745802, -0.013342, -0.0740373, 0.997166, 0.00274967  
204, 13.7212, -63.8161, 180.771, 0.999083, -0.0419686, 0.00848119, 0.041293, 0.996808, 0.0683328, -0.0113219, -0.0679199, 0.997627, 0.00316769  
205, 13.6133, -66.4681, 180.724, 0.998994, -0.0429574, 0.0128583, 0.042066, 0.997125, 0.0630178, -0.0155284, -0.0624135, 0.99793, 0.00290223  
206, 13.5454, -68.8246, 180.798, 0.999019, -0.0432881, 0.00933152, 0.0426626, 0.997336, 0.0591604, -0.0118676, -0.0587042, 0.998205, 0.00282845  
207, 13.6402, -71.4783, 180.725, 0.999052, -0.0422726, 0.0104367, 0.041555, 0.997248, 0.0613893, -0.0130031, -0.0608974, 0.998059, 0.00286895  
208, 13.8146, -74.2542, 180.718, 0.999222, -0.0386121, 0.00799476, 0.0381297, 0.997835, 0.0535868, -0.0100465, -0.0532403, 0.998531, 0.00275661  
209, 13.7293, -76.8265, 180.67, 0.999275, -0.0372663, 0.00779873, 0.036846, 0.998146, 0.0484542, -0.00958998, -0.0481317, 0.998795, 0.00276659  
210, 13.7049, -79.5023, 180.703, 0.99928, -0.0363535, 0.0108913, 0.0357855, 0.998184, 0.0484547, -0.012633, -0.04803, 0.998766, 0.00298406  
211, 13.7149, -81.7233, 180.752, 0.999251, -0.0377015, 0.00869942, 0.0372781, 0.998311, 0.044563, -0.0103648, -0.0442054, 0.998969, 0.00276881  
212, 13.8121, -84.4225, 180.859, 0.999263, -0.0377445, 0.00702307, 0.0374455, 0.998549, 0.0387066, -0.00847384, -0.038415, 0.999226, 0.00299016  
213, 13.884, -86.9837, 180.916, 0.99941, -0.0340252, 0.00462315, 0.0338565, 0.998893, 0.0326562, -0.00572917, -0.0324805, 0.999456, 0.00275883  
214, 13.7802, -89.6352, 180.932, 0.999351, -0.0354593, 0.00631922, 0.0352752, 0.999008, 0.0271814, -0.00727679, -0.0269409, 0.999611, 0.00279627  
215, 13.8463, -92.2858, 180.916, 0.999413, -0.0336869, 0.00623916, 0.0335132, 0.999097, 0.0261208, -0.00711345, -0.0258963, 0.999639, 0.00293774  
216, 13.829, -94.8981, 180.975, 0.999473, -0.0315499, 0.00763932, 0.0313413, 0.99917, 0.0260384, -0.00845449, -0.0257853, 0.999632, 0.00267062  
217, 13.93, -97.5119, 181.017, 0.999562, -0.029521, 0.00220384, 0.0294742, 0.999387, 0.0188805, -0.00275986, -0.0188073, 0.999819, 0.00281236  
218, 13.9959, -100.246, 181.003, 0.999504, -0.0312043, 0.00430788, 0.0311411, 0.999417, 0.0140279, -0.00474309, -0.0138868, 0.999892, 0.00278656  
219, 14.0883, -102.875, 181.055, 0.999578, -0.0287579, 0.00401267, 0.0287076, 0.999515, 0.0120732, -0.00435793, -0.0119529, 0.999919, 0.00297463  
220, 14.1848, -105.545, 180.942, 0.999635, -0.0266696, 0.00424598, 0.0266358, 0.999614, 0.00784056, -0.00445345, -0.00772461, 0.99996, 0.00286811  
221, 14.1988, -108.272, 180.945, 0.999641, -0.0258345, 0.0071184, 0.0258516, 0.999663, -0.00231732, -0.00705614, 0.00250051, 0.999972, 0.00279655  
222, 14.1566, -110.963, 181.006, 0.99967, -0.0252842, 0.00444804, 0.0253157, 0.999654, -0.00716435, -0.00426535, 0.00727459, 0.999964, 0.00279627  
223, 14.222, -113.828, 181.07, 0.999657, -0.0259722, 0.0033952, 0.0260114, 0.999589, -0.012048, -0.00308089, 0.0121322, 0.999922, 0.00275467  
224, 14.2173, -116.456, 181.1, 0.999692, -0.0243917, 0.00468519, 0.0244348, 0.999657, -0.00937583, -0.00445489, 0.00948742, 0.999945, 0.00279627  
225, 14.2204, -119.298, 180.982, 0.999717, -0.0231992, 0.00521678, 0.0232714, 0.999628, -0.0142296, -0.00488472, 0.014347, 0.999885, 0.0029627  
226, 14.2566, -121.884, 180.982, 0.99981, -0.0193876, 0.00208413, 0.0194213, 0.999657, -0.0175632, -0.00174291, 0.0176003, 0.999844, 0.00282179  
227, 14.2579, -124.731, 180.885, 0.999808, -0.019252, 0.0037023, 0.0193231, 0.999609, -0.0202343, -0.0033113, 0.0203019, 0.999788, 0.00278795  
228, 14.1775, -127.265, 180.931, 0.999817, -0.0189884, 0.00248792, 0.0190364, 0.9996, -0.0209056, -0.00208996, 0.0209491, 0.999778, 0.00273608  
229, 14.0755, -130.227, 180.849, 0.999786, -0.0203143, 0.00389499, 0.0204002, 0.999517, -0.0234613, -0.00341651, 0.0235357, 0.999717, 0.00280459  
230, 13.9977, -132.758, 180.867, 0.999826, -0.0185644, 0.0018307, 0.0186046, 0.999511, -0.0251368, -0.00136316, 0.0251665, 0.999682, 0.00285813  
231, 13.7801, -135.445, 180.987, 0.999827, -0.0183212, 0.00315145, 0.0184091, 0.999363, -0.030573, -0.00258931, 0.0306257, 0.999528, 0.00276437  
232, 13.6406, -138.134, 181.076, 0.99988, -0.0151981, 0.00292544, 0.0152932, 0.999241, -0.0358324, -0.00237863, 0.0358729, 0.999354, 0.00289918  
233, 13.4108, -140.512, 181.13, 0.999844, -0.0173994, 0.00294275, 0.0174965, 0.999161, -0.0370211, -0.00229614, 0.0370669, 0.99931, 0.00273969  
234, 13.4256, -143.097, 181.023, 0.999917, -0.0128641, 0.000298398, 0.0128655, 0.999067, -0.041236, 0.000232343, 0.0412364, 0.999149, 0.00285425  
235, 13.3486, -145.431, 180.86, 0.999926, -0.012027, 0.00192452, 0.012086, 0.999337, -0.0343504, -0.00151011, 0.0343711, 0.999408, 0.00297435  
236, 13.1072, -148.173, 180.756, 0.999959, -0.00908565, -0.000340317, 0.0090642, 0.999126, -0.0407976, 0.000710692, 0.0407928, 0.999167, 0.00291055  
237, 12.9104, -150.723, 180.754, 0.999953, -0.00963596, -0.000456076, 0.00961293, 0.999289, -0.0364526, 0.000807007, 0.0364465, 0.999335, 0.00293885  
238, 12.8286, -153.38, 180.798, 0.999953, -0.00859645, -0.00441779, 0.00839975, 0.99905, -0.0427652, 0.00478123, 0.0427261, 0.999075, 0.00281624  
239, 12.6899, -155.881, 180.844, 0.999955, -0.00785915, -0.00534047, 0.00761493, 0.998989, -0.0443071, 0.00568328, 0.0442644, 0.999004, 0.00289363  
240, 12.6253, -158.488, 180.902, 0.999967, -0.00603806, -0.00541112, 0.00577777, 0.998883, -0.0468929, 0.00568822, 0.0468601, 0.998885, 0.00294495  
241, 12.4985, -161.02, 180.817, 0.999975, -0.00545863, -0.00441029, 0.00525493, 0.998975, -0.0449499, 0.00465113, 0.0449256, 0.99898, 0.00293247  
242, 12.4504, -163.313, 180.845, 0.99999, -0.00381883, -0.00238249, 0.00371454, 0.999096, -0.042343, 0.00254203, 0.0423338, 0.9991, 0.00285646  
243, 12.3484, -166.123, 180.953, 0.999994, -0.0025171, -0.00246085, 0.00238421, 0.998613, -0.0525886, 0.00258981, 0.0525824, 0.998613, 0.00283566  
244, 12.2778, -168.06, 180.959, 0.999973, 0.00345428, -0.00642836, -0.00372955, 0.999055, -0.0433137, 0.00627267, 0.0433365, 0.999041, 0.0028989  
245, 12.3027, -170.817, 180.928, 0.999969, 0.0029729, -0.00726662, -0.00333473, 0.998729, -0.0502992, 0.00710785, 0.0503219, 0.998708, 0.00293441  
246, 12.3298, -173.199, 180.951, 0.999969, 0.00359115, -0.00701159, -0.00393494, 0.998759, -0.0496506, 0.00682458, 0.0496766, 0.998742, 0.00289336  
247, 12.3579, -175.668, 181.004, 0.999986, 0.00485069, -0.00224334, -0.00494514, 0.99901, -0.0442119, 0.00202666, 0.0442223, 0.99902, 0.00286562  
248, 12.7227, -178.096, 180.936, 0.999979, 0.00435086, -0.00479088, -0.00459397, 0.998639, -0.0519616, 0.00455828, 0.0519825, 0.998638, 0.00278102  
249, 12.5512, -180.313, 181.054, 0.999986, 0.00533452, -0.000174223, -0.00533695, 0.998969, -0.045081, -6.64418e-005, 0.0450812, 0.998983, 0.00289058  
250, 12.6497, -182.878, 181.027, 0.999961, 0.00787173, 0.00392206, -0.00768251, 0.998906, -0.0461251, -0.00428085, 0.0460932, 0.998928, 0.00305951  
251, 12.6474, -185.073, 181.002, 0.999911, 0.0123488, 0.00503165, -0.0121196, 0.99899, -0.0432732, -0.00556094, 0.0432084, 0.999051, 0.00279294  
252, 12.7678, -187.403, 180.957, 0.999906, 0.0137094, 0.000990083, -0.0136477, 0.998801, -0.0470153, -0.00163345, 0.0469973, 0.998894, 0.00296797  
253, 12.7982, -189.706, 181.005, 0.99992, 0.0126189, -0.000549957, -0.0126307, 0.998725, -0.0488752, -6.7495e-005, 0.0488783, 0.998805, 0.00300847  
254, 12.8646, -192.014, 180.906, 0.999919, 0.0127479, 0.000621675, -0.0127075, 0.998923, -0.0446344, -0.00119, 0.0446229, 0.999003, 0.00288004  
255, 13.0599, -194.348, 180.758, 0.999876, 0.0157576, -0.000446392, -0.0157619, 0.998886, -0.0444679, -0.000254813, 0.0444694, 0.999011, 0.00303177  
256, 13.0508, -196.582, 180.644, 0.999812, 0.0179001, 0.00750749, -0.0175884, 0.999056, -0.0397169, -0.00821134, 0.0395774, 0.999183, 0.00287671  
257, 13.136, -198.909, 180.65, 0.999722, 0.0197392, 0.012876, -0.0192976, 0.99925, -0.0335567, -0.0135287, 0.0332989, 0.999354, 0.00295133  
258, 13.2006, -201, 180.79, 0.999755, 0.0188972, 0.0114889, -0.0185001, 0.999259, -0.0337373, -0.0121179, 0.0335165, 0.999365, 0.00272388  
259, 13.275, -203.052, 180.977, 0.99979, 0.0188376, 0.00810339, -0.0185572, 0.99927, -0.0333899, -0.00872647, 0.0332325, 0.99941, 0.00286839  
260, 13.3229, -205.179, 180.978, 0.99978, 0.0196147, 0.00745324, -0.0193527, 0.999244, -0.0337299, -0.0081092, 0.0335782, 0.999403, 0.00291666  
261, 13.4173, -207.51, 181.035, 0.999725, 0.022689, 0.00593777, -0.022479, 0.999192, -0.0333226, -0.00668902, 0.0331799, 0.999427, 0.00276465  
262, 13.4945, -209.501, 180.979, 0.999689, 0.0240134, 0.00666028, -0.0237751, 0.999146, -0.0338027, -0.0074663, 0.0336338, 0.999406, 0.00286922  
263, 13.4262, -211.876, 180.984, 0.999682, 0.0238056, 0.00826192, -0.0234959, 0.999085, -0.0357473, -0.00910534, 0.0355419, 0.999327, 0.00270418  
264, 13.4713, -213.719, 181.033, 0.999632, 0.026382, 0.00633914, -0.0261709, 0.999166, -0.031352, -0.00716098, 0.0311745, 0.999488, 0.00286118  
265, 13.4449, -215.756, 181.102, 0.999687, 0.0239755, 0.00716059, -0.0237753, 0.999357, -0.0268444, -0.00779959, 0.0266657, 0.999614, 0.00289419  
266, 13.4384, -217.778, 181.124, 0.999696, 0.0237483, 0.00662757, -0.0235795, 0.999422, -0.0244823, -0.00720515, 0.0243186, 0.999678, 0.00276964  
267, 13.474, -219.972, 181.025, 0.999671, 0.0247774, 0.00663925, -0.0246123, 0.999411, -0.0238938, -0.00722737, 0.0237225, 0.999692, 0.00288531  
268, 13.4228, -222.07, 181.112, 0.99965, 0.025372, 0.00744668, -0.0251926, 0.999412, -0.0232694, -0.00803269, 0.0230736, 0.999701, 0.00274413  
269, 13.3059, -224.159, 181.122, 0.999675, 0.0245884, 0.00680316, -0.0244194, 0.999416, -0.0238965, -0.00738676, 0.0237226, 0.999691, 0.00299987  
270, 13.244, -226.196, 181.059, 0.999618, 0.0272495, 0.00451392, -0.0271472, 0.999403, -0.0213571, -0.0050932, 0.0212264, 0.999762, 0.00303205  
271, 13.0092, -228.216, 180.969, 0.99963, 0.0266096, 0.00567237, -0.0265236, 0.99954, -0.014727, -0.00606164, 0.0145711, 0.999875, 0.00286035  
272, 12.7278, -230.239, 181.02, 0.999627, 0.0266585, 0.00589058, -0.0265897, 0.999581, -0.0114699, -0.00619388, 0.011309, 0.999917, 0.00277658  
273, 12.4523, -232.405, 180.955, 0.999651, 0.0260322, 0.00446908, -0.02598, 0.999598, -0.0113654, -0.00476315, 0.0112453, 0.999925, 0.00274579  
274, 12.1938, -234.318, 181.002, 0.99972, 0.0235432, 0.00226745, -0.0235182, 0.999668, -0.0104918, -0.0025137, 0.0104356, 0.999942, 0.0029161  
275, 11.8828, -236.594, 181.051, 0.999742, 0.0226127, 0.00232172, -0.0225901, 0.999701, -0.00936577, -0.00253282, 0.0093109, 0.999953, 0.00296991  
276, 11.6308, -238.286, 181.164, 0.999743, 0.0225896, 0.00211853, -0.0225805, 0.999736, -0.00420153, -0.00221288, 0.00415261, 0.999989, 0.00277325  
277, 11.4325, -240.43, 180.998, 0.999733, 0.0230122, 0.00210234, -0.0230019, 0.999724, -0.00479727, -0.00221215, 0.00474764, 0.999986, 0.00291749  
278, 11.2749, -242.301, 180.904, 0.999702, 0.024388, 0.000924345, -0.0243853, 0.999699, -0.0028751, -0.000994184, 0.0028517, 0.999995, 0.00272942  
279, 11.0304, -244.57, 180.848, 0.999699, 0.024501, 0.00150253, -0.0244985, 0.999698, -0.00166513, -0.00154287, 0.00162782, 0.999997, 0.00294661  
