0, 0, 0, 0, 0, 0, 0, 0, 0, 0, 0, 0, 0, 0.00640028  
1, 23.4174, 60.1288, 180.757, 0.999949, -0.0101349, -0.000435346, 0.0101271, 0.999834, -0.0151684, 0.000589004, 0.0151632, 0.999885, 0.00279045  
2, 23.429, 60.1242, 180.735, 0.99995, -0.0100364, 0.000124169, 0.0100372, 0.999854, -0.0138239, 1.45913e-005, 0.0138245, 0.999904, 0.00283705  
3, 23.4418, 60.1326, 180.743, 0.99995, -0.0100177, -0.000646278, 0.0100064, 0.999827, -0.0156739, 0.000803183, 0.0156666, 0.999877, 0.0026978  
4, 23.4236, 60.1267, 180.716, 0.999952, -0.00979086, 0.000602795, 0.00979783, 0.999869, -0.0128993, -0.000476421, 0.0129046, 0.999917, 0.00281846  
5, 23.4209, 60.1285, 180.738, 0.999948, -0.0101916, 0.000978793, 0.0102036, 0.999862, -0.0131321, -0.00084482, 0.0131414, 0.999913, 0.00319681  
6, 23.433, 60.1319, 180.73, 0.999949, -0.0101349, 0.000273406, 0.0101378, 0.999842, -0.0145837, -0.000125559, 0.0145857, 0.999894, 0.00292553  
7, 23.4262, 60.1247, 180.739, 0.999954, -0.00952915, -0.000996365, 0.00951219, 0.99983, -0.0158256, 0.001147, 0.0158154, 0.999874, 0.00281125  
8, 23.4218, 60.1097, 180.754, 0.99995, -0.00996129, 0.000240463, 0.00996382, 0.99983, -0.0155294, -8.57287e-005, 0.0155311, 0.999879, 0.00286201  
9, 23.4058, 60.104, 180.747, 0.999946, -0.0103285, 0.00101312, 0.0103417, 0.999847, -0.0140808, -0.000867529, 0.0140905, 0.9999, 0.00292997  
10, 23.4347, 60.1208, 180.72, 0.999951, -0.00987356, 0.000263373, 0.0098763, 0.999851, -0.0141383, -0.000123738, 0.0141402, 0.9999, 0.00298073  
11, 23.4055, 60.1178, 180.748, 0.99995, -0.00997612, 0.000460323, 0.00998155, 0.999854, -0.013882, -0.000321767, 0.0138859, 0.999904, 0.00292248  
12, 23.4292, 60.1301, 180.752, 0.999946, -0.0103065, -0.0010595, 0.0102879, 0.999815, -0.0162493, 0.00122677, 0.0162375, 0.999867, 0.00315243  
13, 23.3984, 60.1217, 180.728, 0.999954, -0.00953352, 0.00115273, 0.00954733, 0.999875, -0.0126291, -0.00103218, 0.0126395, 0.99992, 0.00275023  
14, 23.4353, 60.12, 180.733, 0.999954, -0.00959876, -0.000604644, 0.00958885, 0.999846, -0.0146814, 0.000745474, 0.0146749, 0.999892, 0.00272776  
15, 23.4358, 60.1468, 180.733, 0.999952, -0.00974992, -0.000899021, 0.00973502, 0.999835, -0.0153086, 0.00104813, 0.0152991, 0.999882, 0.00284676  
16, 23.4463, 60.1182, 180.731, 0.999952, -0.00975344, -0.000635899, 0.00974271, 0.999838, -0.0151166, 0.000783235, 0.0151097, 0.999886, 0.00285369  
17, 23.4007, 60.115, 180.756, 0.999952, -0.0097431, 0.000890369, 0.00975412, 0.999863, -0.0133497, -0.00076018, 0.0133577, 0.99991, 0.00399622  
18, 23.4274, 60.1287, 180.719, 0.999951, -0.00993374, -0.000478224, 0.00992572, 0.999845, -0.014562, 0.000622805, 0.0145565, 0.999894, 0.00281708  
19, 23.4313, 60.1352, 180.722, 0.999952, -0.00978836, 0.000137365, 0.00978932, 0.999852, -0.0141802, 1.45693e-006, 0.0141809, 0.999899, 0.00300153  
20, 23.4313, 60.141, 180.732, 0.999954, -0.00956315, -0.000503055, 0.00955468, 0.999845, -0.0147707, 0.000644231, 0.0147652, 0.999891, 0.00344063  
21, 23.4031, 60.154, 180.74, 0.999946, -0.0103964, -9.1155e-005, 0.0103941, 0.999849, -0.013958, 0.000236254, 0.0139563, 0.999903, 0.00293912  
22, 23.4105, 60.1163, 180.76, 0.999954, -0.00960551, -3.43808e-005, 0.00960413, 0.999859, -0.0137771, 0.000166712, 0.0137761, 0.999905, 0.00292775  
23, 23.4222, 60.1305, 180.727, 0.999955, -0.00947332, -0.000332869, 0.00946816, 0.99987, -0.0130674, 0.000456617, 0.0130636, 0.999915, 0.0028756  
24, 23.4212, 60.1277, 180.744, 0.999945, -0.0104116, 0.00100426, 0.0104241, 0.999858, -0.0132682, -0.000865972, 0.0132779, 0.999911, 0.00297546  
25, 23.4144, 60.1361, 180.726, 0.999952, -0.00973391, 0.000820307, 0.00974459, 0.999852, -0.0142113, -0.000681854, 0.0142186, 0.999899, 0.00288531  
26, 23.4072, 60.1387, 180.719, 0.99995, -0.00995895, 0.00078878, 0.00996897, 0.999853, -0.0139194, -0.000650042, 0.0139266, 0.999903, 0.00300847  
27, 23.4141, 60.1543, 180.733, 0.999954, -0.00962246, 0.000412226, 0.00962727, 0.999856, -0.0139497, -0.000277937, 0.013953, 0.999903, 0.00288642  
28, 23.4054, 60.1108, 180.754, 0.999957, -0.0092892, 0.000316336, 0.00929263, 0.999865, -0.0135398, -0.000190519, 0.0135421, 0.999908, 0.00439676  
29, 23.4251, 60.1534, 180.721, 0.999954, -0.00960791, 0.000421594, 0.00961273, 0.999863, -0.0134929, -0.000291897, 0.0134963, 0.999909, 0.00291527  
30, 23.4226, 60.1492, 180.71, 0.999953, -0.00962661, -0.000997576, 0.00961069, 0.999843, -0.014897, 0.00114083, 0.0148867, 0.999889, 0.00307643  
31, 23.3941, 60.1578, 180.746, 0.999947, -0.0102334, -0.00055106, 0.0102242, 0.999841, -0.0146151, 0.000700534, 0.0146087, 0.999893, 0.00299626  
32, 23.4429, 60.1469, 180.73, 0.999955, -0.0093922, -0.000889708, 0.00937845, 0.999853, -0.0143656, 0.0010245, 0.0143566, 0.999896, 0.00286063  
33, 23.4247, 60.1688, 180.707, 0.999954, -0.00956552, 0.000408994, 0.00956991, 0.999875, -0.0125823, -0.000288587, 0.0125856, 0.999921, 0.00297269  
34, 23.4307, 60.1436, 180.732, 0.999953, -0.00971758, -0.000588352, 0.00970748, 0.999836, -0.0152612, 0.000736557, 0.0152547, 0.999883, 0.00308087  
35, 23.4291, 60.1287, 180.727, 0.999955, -0.00939905, 0.00133761, 0.00941526, 0.999875, -0.0126781, -0.00121828, 0.0126901, 0.999919, 0.00313606  
36, 23.4277, 60.1377, 180.747, 0.999952, -0.00976873, -0.000889495, 0.00975342, 0.999827, -0.0158343, 0.00104402, 0.0158249, 0.999874, 0.00301124  
37, 23.4279, 60.1394, 180.692, 0.999956, -0.00938296, 0.000735516, 0.00939196, 0.999866, -0.0133761, -0.00060991, 0.0133824, 0.99991, 0.00284537  
38, 23.3934, 60.1426, 180.731, 0.999951, -0.00982944, 0.00106022, 0.00984192, 0.999874, -0.0124926, -0.000937289, 0.0125025, 0.999921, 0.00296353  
39, 23.4196, 60.1304, 180.737, 0.99995, -0.0100108, -0.000230326, 0.0100062, 0.999839, -0.014909, 0.000379539, 0.0149059, 0.999889, 0.00311554  
40, 23.3995, 60.1257, 180.737, 0.999956, -0.00932231, 0.000318883, 0.00932593, 0.999853, -0.0143553, -0.000185012, 0.0143576, 0.999897, 0.00296936  
41, 23.4542, 60.1643, 180.721, 0.999952, -0.00981614, 0.000355717, 0.00982014, 0.999855, -0.0139317, -0.000218909, 0.0139346, 0.999903, 0.00310888  
42, 23.4264, 60.1517, 180.726, 0.999951, -0.00983089, -0.000742285, 0.00981786, 0.999826, -0.0158768, 0.00089824, 0.0158688, 0.999874, 0.00289114  
43, 23.3846, 60.1463, 180.747, 0.999953, -0.00966315, -0.000264773, 0.00965825, 0.999847, -0.0146121, 0.000405931, 0.0146088, 0.999893, 0.00297352  
44, 23.4227, 60.1259, 180.756, 0.999954, -0.00954827, 0.000157199, 0.00954954, 0.999851, -0.0143999, -1.96819e-005, 0.0144007, 0.999896, 0.00305784  
45, 23.4166, 60.1651, 180.716, 0.999952, -0.00973562, 0.000832327, 0.00974637, 0.999854, -0.0140699, -0.000695226, 0.0140773, 0.999901, 0.00300126  
46, 23.4208, 60.106, 180.747, 0.999954, -0.00950608, 0.00102528, 0.0095178, 0.999881, -0.012102, -0.000910114, 0.0121112, 0.999926, 0.00298018  
47, 23.4072, 60.1536, 180.741, 0.99995, -0.010034, 0.000184652, 0.0100356, 0.999851, -0.0140359, -4.37876e-005, 0.0140371, 0.999901, 0.00284814  
48, 23.4274, 60.132, 180.713, 0.999952, -0.00973751, 0.0010551, 0.00974957, 0.999879, -0.0120966, -0.000937186, 0.0121063, 0.999926, 0.00290806  
49, 23.4344, 60.1511, 180.727, 0.999949, -0.00995848, 0.00142931, 0.00997665, 0.999861, -0.0133227, -0.00129644, 0.0133363, 0.99991, 0.00296159  
50, 23.4254, 60.1475, 180.768, 0.999946, -0.0101725, -0.00194502, 0.0101375, 0.9998, -0.0172398, 0.00212, 0.0172192, 0.999849, 0.00316242  
51, 23.4284, 60.1108, 180.761, 0.999945, -0.0105168, 0.000593584, 0.0105241, 0.999845, -0.0140838, -0.000445377, 0.0140892, 0.999901, 0.00296603  
52, 23.4084, 60.1167, 180.745, 0.999948, -0.0101543, 0.000717485, 0.0101628, 0.999863, -0.013103, -0.000584335, 0.0131096, 0.999914, 0.00280127  
53, 23.4073, 60.1378, 180.777, 0.999946, -0.0103621, 0.00027728, 0.0103651, 0.999837, -0.0147679, -0.000124209, 0.0147699, 0.999891, 0.00307587  
54, 23.4351, 60.1316, 180.728, 0.999952, -0.00975799, -0.00118972, 0.009739, 0.999839, -0.0150406, 0.00133629, 0.0150283, 0.999886, 0.0032337  
55, 23.4337, 60.1454, 180.738, 0.999954, -0.00954424, 0.000925952, 0.00955608, 0.99986, -0.0137503, -0.000794586, 0.0137585, 0.999905, 0.0031086  
56, 23.4169, 60.133, 180.724, 0.999955, -0.00939242, 0.00105745, 0.00940533, 0.999872, -0.0129508, -0.000935678, 0.0129602, 0.999916, 0.00296159  
57, 23.4193, 60.1465, 180.715, 0.999954, -0.00954597, 0.000939508, 0.00955714, 0.999874, -0.0127043, -0.000818114, 0.0127127, 0.999919, 0.00285508  
58, 23.4305, 60.1546, 180.754, 0.999952, -0.00980452, 0.000824783, 0.00981522, 0.999852, -0.0141556, -0.000685872, 0.014163, 0.999899, 0.00304037  
59, 23.4424, 60.129, 180.714, 0.999955, -0.00951923, -7.90384e-005, 0.00951734, 0.999866, -0.0132925, 0.000205562, 0.0132911, 0.999912, 0.00288282  
60, 23.4106, 60.128, 180.722, 0.999951, -0.00989921, 0.000899295, 0.00991014, 0.999865, -0.0130909, -0.000769585, 0.0130992, 0.999914, 0.0034778  
61, 23.4358, 60.1311, 180.742, 0.999951, -0.00988276, -0.000269783, 0.00987782, 0.999846, -0.0144732, 0.000412777, 0.0144699, 0.999895, 0.00404865  
62, 23.4352, 60.1604, 180.736, 0.999951, -0.0099246, 0.000557518, 0.00993089, 0.99987, -0.0127231, -0.000431174, 0.012728, 0.999919, 0.00285591  
63, 23.4312, 60.1312, 180.742, 0.999952, -0.00974946, 0.000356686, 0.00975347, 0.999856, -0.0138871, -0.000221243, 0.0138899, 0.999904, 0.00294772  
64, 23.4192, 60.1316, 180.737, 0.999949, -0.0101312, 0.000330428, 0.0101346, 0.999867, -0.012812, -0.000200583, 0.0128147, 0.999918, 0.00297158  
65, 23.4233, 60.1187, 180.745, 0.999955, -0.00952238, -2.53386e-005, 0.0095211, 0.999857, -0.0139764, 0.000158424, 0.0139755, 0.999902, 0.00279267  
66, 23.4311, 60.1426, 180.738, 0.999957, -0.00930218, -0.000414314, 0.00929495, 0.999845, -0.0149427, 0.000553249, 0.0149382, 0.999888, 0.00286867  
67, 23.4396, 60.1451, 180.713, 0.999956, -0.00938843, 0.000238427, 0.00939076, 0.999869, -0.0131758, -0.000114695, 0.0131775, 0.999913, 0.00285258  
68, 23.4142, 60.1122, 180.719, 0.99995, -0.00999429, -0.000269787, 0.00998933, 0.999845, -0.0144983, 0.000414645, 0.0144948, 0.999895, 0.00279794  
69, 23.4133, 60.1221, 180.74, 0.999952, -0.00976943, 0.000158848, 0.00977067, 0.999865, -0.0132278, -2.95986e-005, 0.0132287, 0.999912, 0.00289724  
70, 23.427, 60.1294, 180.743, 0.999949, -0.0101306, -0.00015152, 0.0101273, 0.999843, -0.0145648, 0.000299046, 0.0145625, 0.999894, 0.00282678  
71, 23.4091, 60.1415, 180.736, 0.999953, -0.00963016, 0.00104377, 0.00964281, 0.999871, -0.01288, -0.000919594, 0.0128894, 0.999917, 0.00285785  
72, 23.4255, 60.1147, 180.727, 0.999952, -0.00968501, 0.00174884, 0.00970406, 0.99989, -0.0112356, -0.00163983, 0.011252, 0.999935, 0.00279932  
73, 23.4215, 60.1107, 180.714, 0.999949, -0.00992268, 0.00163584, 0.00994163, 0.999878, -0.012016, -0.00151641, 0.0120316, 0.999926, 0.00284592  
74, 23.4336, 60.1259, 180.738, 0.99995, -0.00995665, 0.000653749, 0.00996424, 0.999867, -0.0128744, -0.000525477, 0.0128802, 0.999917, 0.00285175  
75, 23.4329, 60.138, 180.739, 0.999945, -0.0104526, 9.09114e-005, 0.0104529, 0.999846, -0.0140726, 5.61985e-005, 0.0140728, 0.999901, 0.00361621  
76, 23.4405, 60.1163, 180.747, 0.999955, -0.00948155, 8.65719e-005, 0.00948182, 0.999852, -0.0143451, 4.94547e-005, 0.0143453, 0.999897, 0.00279405  
77, 23.4152, 60.1124, 180.729, 0.999955, -0.00948484, 0.000132142, 0.00948576, 0.999846, -0.0147514, 7.79313e-006, 0.0147519, 0.999891, 0.00280543  
78, 23.4173, 60.1282, 180.732, 0.999951, -0.00977094, -0.00163681, 0.0097443, 0.999831, -0.0155667, 0.00178863, 0.01555, 0.999877, 0.00281846  
79, 23.3933, 60.1347, 180.749, 0.999947, -0.0102192, -0.000957891, 0.0102031, 0.999828, -0.0154967, 0.00111609, 0.0154861, 0.999879, 0.00296853  
80, 23.443, 60.1192, 180.696, 0.999953, -0.00956076, 0.00130844, 0.00957588, 0.999881, -0.0120784, -0.00119281, 0.0120904, 0.999926, 0.00302511  
81, 23.4266, 60.1365, 180.744, 0.999955, -0.00952422, 0.000214501, 0.0095262, 0.999871, -0.0129547, -9.10899e-005, 0.0129562, 0.999916, 0.00280931  
82, 23.3979, 60.116, 180.73, 0.999948, -0.0100707, 0.00138453, 0.0100872, 0.999872, -0.0124336, -0.00125914, 0.0124469, 0.999922, 0.00283067  
83, 23.4272, 60.1236, 180.743, 0.999948, -0.0102035, -0.00033394, 0.0101972, 0.999834, -0.0151162, 0.000488123, 0.015112, 0.999886, 0.00283954  
84, 23.4248, 60.1262, 180.749, 0.999953, -0.00962645, 0.00129311, 0.00964172, 0.999877, -0.0123681, -0.00117389, 0.01238, 0.999923, 0.00304037  
85, 23.4379, 60.1097, 180.742, 0.999951, -0.00988532, 4.26034e-005, 0.00988503, 0.999865, -0.013094, 8.68408e-005, 0.0130938, 0.999914, 0.00279156  
86, 23.4171, 60.1261, 180.748, 0.99995, -0.0100222, -0.00016268, 0.010019, 0.999853, -0.0139074, 0.000302039, 0.0139051, 0.999903, 0.00288254  
87, 23.4129, 60.126, 180.756, 0.999949, -0.010123, 0.00021325, 0.010125, 0.999851, -0.0139707, -7.17929e-005, 0.0139721, 0.999902, 0.00286756  
88, 23.4211, 60.1347, 180.745, 0.999946, -0.0103817, -0.000458361, 0.0103726, 0.999806, -0.0167625, 0.000632295, 0.0167568, 0.999859, 0.00287366  
89, 23.4074, 60.1222, 180.757, 0.999949, -0.0100993, 0.000433598, 0.0101045, 0.999843, -0.0145867, -0.000286215, 0.0145903, 0.999894, 0.0028867  
90, 23.4009, 60.1142, 180.712, 0.999954, -0.00953091, 0.000810868, 0.00954077, 0.999868, -0.0131781, -0.000685161, 0.0131853, 0.999913, 0.00282068  
91, 23.4288, 60.1187, 180.719, 0.999952, -0.00965135, 0.0014368, 0.0096695, 0.999866, -0.0132171, -0.00130904, 0.0132303, 0.999912, 0.00292609  
92, 23.4241, 60.1396, 180.748, 0.999947, -0.0103237, -0.000203029, 0.0103192, 0.999822, -0.0158086, 0.000366195, 0.0158057, 0.999875, 0.00288198  
93, 23.3905, 60.1149, 180.754, 0.99995, -0.01004, -0.000229032, 0.0100355, 0.999838, -0.0149539, 0.000379132, 0.0149509, 0.999888, 0.00296714  
94, 23.4245, 60.1228, 180.754, 0.999952, -0.00980238, -0.000500397, 0.00979362, 0.999836, -0.0152344, 0.000649648, 0.0152287, 0.999884, 0.00316963  
95, 23.4198, 60.112, 180.769, 0.99995, -0.00991987, -0.00117636, 0.00989849, 0.999807, -0.0169658, 0.00134443, 0.0169533, 0.999855, 0.00284093  
96, 23.4365, 60.142, 180.736, 0.999949, -0.0101225, 0.000312974, 0.0101259, 0.999851, -0.013952, -0.000171698, 0.0139544, 0.999903, 0.00294883  
97, 23.4239, 60.1387, 180.73, 0.99995, -0.00989449, 0.001168, 0.00990849, 0.999871, -0.0126628, -0.00104256, 0.0126738, 0.999919, 0.0029774  
98, 23.424, 60.1328, 180.715, 0.999952, -0.00977299, 0.000896333, 0.00978345, 0.999874, -0.0125248, -0.000773815, 0.012533, 0.999921, 0.0029039  
99, 23.4349, 60.1305, 180.739, 0.999953, -0.00968377, 0.00050328, 0.00968972, 0.99986, -0.0136114, -0.000371401, 0.0136156, 0.999907, 0.0030412  
100, 23.4258, 60.1351, 180.717, 0.999949, -0.0100665, 0.000966897, 0.0100779, 0.99987, -0.012611, -0.000839821, 0.0126201, 0.99992, 0.00348113  
101, 23.4106, 60.122, 180.739, 0.999949, -0.0100897, 0.000446775, 0.0100952, 0.999844, -0.0144907, -0.000300497, 0.0144945, 0.999895, 0.0030351  
102, 23.4392, 60.1193, 180.737, 0.99995, -0.00997961, 0.000390055, 0.00998398, 0.999858, -0.0135645, -0.000254631, 0.0135677, 0.999908, 0.0029161  
103, 23.4272, 60.12, 180.748, 0.999945, -0.0104639, 0.000323294, 0.0104676, 0.999834, -0.0149288, -0.000167027, 0.0149314, 0.999889, 0.00296714  
104, 23.4134, 60.1119, 180.74, 0.999953, -0.00963623, 0.000856787, 0.00964656, 0.999869, -0.0130105, -0.000731302, 0.0130181, 0.999915, 0.00304952  
105, 23.4368, 60.1356, 180.746, 0.999952, -0.0097792, 4.45357e-005, 0.00977888, 0.999856, -0.0138543, 9.09545e-005, 0.013854, 0.999904, 0.0029652  
106, 23.4272, 60.1173, 180.741, 0.99995, -0.010009, -0.000213737, 0.0100047, 0.999842, -0.0147019, 0.000360854, 0.014699, 0.999892, 0.00301762  
107, 23.4207, 60.0962, 180.752, 0.999953, -0.00964274, 0.000626623, 0.00965015, 0.999867, -0.01315, -0.000499738, 0.0131554, 0.999913, 0.00292054  
108, 23.4174, 60.1447, 180.752, 0.99995, -0.0100279, 0.000163869, 0.0100293, 0.999848, -0.014269, -2.07556e-005, 0.0142699, 0.999898, 0.00293219  
109, 23.4238, 60.1329, 180.757, 0.999952, -0.0098249, 5.87032e-005, 0.00982472, 0.999847, -0.0144807, 8.35769e-005, 0.0144805, 0.999895, 0.00306644  
110, 23.4199, 60.1177, 180.741, 0.99995, -0.00991331, 0.000951764, 0.00992534, 0.999858, -0.0135927, -0.00081688, 0.0136015, 0.999907, 0.00310527  
111, 23.4299, 60.1431, 180.73, 0.999947, -0.0102728, -0.000525975, 0.0102641, 0.999842, -0.0144839, 0.000674683, 0.0144777, 0.999895, 0.00296603  
112, 23.3933, 60.125, 180.745, 0.999945, -0.0104273, 0.00138011, 0.0104446, 0.999859, -0.0131692, -0.00124259, 0.0131828, 0.999912, 0.00285452  
113, 23.4223, 60.121, 180.722, 0.999946, -0.0101881, 0.00203492, 0.0102117, 0.999877, -0.0119379, -0.00191304, 0.011958, 0.999927, 0.00296686  
114, 23.4099, 60.1361, 180.716, 0.999948, -0.00992589, 0.00253431, 0.00995268, 0.999892, -0.0107861, -0.00242697, 0.0108107, 0.999939, 0.0031577  
115, 23.4011, 60.1203, 180.756, 0.999946, -0.0103783, 0.00111143, 0.0103916, 0.999865, -0.0127573, -0.00097888, 0.0127682, 0.999918, 0.00287477  
116, 23.4168, 60.1288, 180.74, 0.999948, -0.0101561, 0.000903742, 0.0101669, 0.999866, -0.0128407, -0.000773209, 0.0128493, 0.999917, 0.00296381  
117, 23.4393, 60.123, 180.789, 0.999953, -0.00932398, -0.00255834, 0.00927724, 0.9998, -0.0177122, 0.00272297, 0.0176876, 0.99984, 0.00284676  
118, 23.4526, 60.1105, 180.739, 0.999952, -0.00979772, -0.000135578, 0.00979462, 0.999841, -0.0148952, 0.000281496, 0.0148932, 0.999889, 0.00301429  
119, 23.4136, 60.1069, 180.791, 0.999949, -0.0101112, -0.000540633, 0.0101011, 0.999818, -0.0161878, 0.000704213, 0.0161815, 0.999869, 0.00307726  
120, 23.442, 60.1319, 180.74, 0.999954, -0.00953012, 0.000561347, 0.00953657, 0.999871, -0.0128999, -0.000438337, 0.0129047, 0.999917, 0.00292775  
121, 23.4597, 60.1219, 180.743, 0.999956, -0.00936712, -0.00110741, 0.00934759, 0.99982, -0.016487, 0.00126165, 0.016476, 0.999863, 0.00291277  
122, 23.4252, 60.097, 180.735, 0.999952, -0.00980959, -0.000751647, 0.00979715, 0.999838, -0.0150674, 0.00089933, 0.0150593, 0.999886, 0.00290889  
123, 23.418, 60.1213, 180.752, 0.999951, -0.00985255, -0.000160859, 0.00984892, 0.999834, -0.0153591, 0.000312158, 0.0153568, 0.999882, 0.00290195  
124, 23.3933, 60.1247, 180.732, 0.999952, -0.00981849, -0.000363003, 0.0098119, 0.999838, -0.0150858, 0.000511065, 0.0150816, 0.999886, 0.00305451  
125, 23.4499, 60.1407, 180.736, 0.99995, -0.00999852, 0.000834286, 0.0100089, 0.999858, -0.0135909, -0.000698278, 0.0135985, 0.999907, 0.00298711  
126, 23.4058, 60.111, 180.734, 0.999952, -0.00981733, 0.000638463, 0.0098251, 0.999859, -0.0135952, -0.000504905, 0.0136008, 0.999907, 0.00297463  
127, 23.3941, 60.134, 180.758, 0.999949, -0.0101166, 0.000273557, 0.0101194, 0.999855, -0.0137041, -0.000134878, 0.0137062, 0.999906, 0.00290334  
128, 23.406, 60.1423, 180.741, 0.999949, -0.00995457, 0.00138004, 0.0099706, 0.999877, -0.0121405, -0.00125902, 0.0121536, 0.999925, 0.00296104  
129, 23.4469, 60.1488, 180.74, 0.999947, -0.0102816, 0.00073536, 0.0102902, 0.999866, -0.0127262, -0.000604415, 0.0127331, 0.999919, 0.00291277  
130, 23.4409, 60.1261, 180.744, 0.999952, -0.00980666, 0.000658918, 0.00981462, 0.999862, -0.0134033, -0.000527385, 0.0134092, 0.99991, 0.00316824  
131, 23.4008, 60.1211, 180.758, 0.999946, -0.0103814, 0.000200144, 0.0103833, 0.999831, -0.0151966, -4.23473e-005, 0.0151979, 0.999885, 0.00297213  
132, 23.4472, 60.1155, 180.726, 0.999949, -0.0100732, -0.000741572, 0.0100605, 0.999829, -0.0154855, 0.000897434, 0.0154772, 0.99988, 0.00286173  
133, 23.4019, 60.1079, 180.739, 0.99995, -0.00997722, 0.000683624, 0.00998523, 0.999867, -0.0129253, -0.000554574, 0.0129315, 0.999916, 0.003029  
134, 23.3844, 60.1274, 180.758, 0.999941, -0.0108807, 0.000104559, 0.0108811, 0.999824, -0.0152932, 6.18608e-005, 0.0152934, 0.999883, 0.00310167  
135, 23.4204, 60.1303, 180.724, 0.999953, -0.00971336, 0.00058249, 0.00972018, 0.999866, -0.0131545, -0.000454638, 0.0131596, 0.999913, 0.00305646  
136, 23.4165, 60.1308, 180.709, 0.999956, -0.00933534, 0.00109801, 0.00934871, 0.999873, -0.0128799, -0.000977636, 0.0128896, 0.999916, 0.00298073  
137, 23.4048, 60.1181, 180.738, 0.999954, -0.00955358, 0.000467558, 0.00955915, 0.999858, -0.0138839, -0.000334851, 0.0138877, 0.999904, 0.00285785  
138, 23.3952, 60.143, 180.714, 0.999948, -0.0101139, 0.000991622, 0.0101261, 0.999862, -0.0131699, -0.000858286, 0.0131792, 0.999913, 0.00308003  
139, 23.414, 60.1277, 180.754, 0.999947, -0.0103415, -0.000213396, 0.0103374, 0.999846, -0.0142067, 0.000360281, 0.0142037, 0.999899, 0.00306089  
140, 23.4195, 60.1128, 180.758, 0.999958, -0.00917759, 0.000253535, 0.00918013, 0.999872, -0.0131164, -0.000133126, 0.0131182, 0.999914, 0.00282179  
141, 23.4213, 60.1191, 180.753, 0.999949, -0.0100854, -0.000121013, 0.0100828, 0.999853, -0.0138861, 0.000261043, 0.0138842, 0.999904, 0.00303121  
142, 23.4162, 60.1272, 180.72, 0.999952, -0.00974296, -0.000395563, 0.0097359, 0.999839, -0.0150637, 0.000542264, 0.0150591, 0.999886, 0.00281763  
143, 23.3961, 60.1193, 180.736, 0.99995, -0.0100116, 0.000607978, 0.010019, 0.999854, -0.0138162, -0.000469568, 0.0138215, 0.999904, 0.00429219  
144, 23.4144, 60.1158, 180.748, 0.999953, -0.00968733, -2.73561e-005, 0.00968603, 0.999858, -0.0137708, 0.000160755, 0.0137699, 0.999905, 0.0030437  
145, 23.4129, 60.1137, 180.731, 0.999949, -0.0100335, 0.00122521, 0.0100484, 0.999867, -0.0128662, -0.00109595, 0.0128779, 0.999916, 0.00294051  
146, 23.4268, 60.1271, 180.747, 0.999946, -0.0103802, -0.000400336, 0.0103731, 0.999837, -0.0147525, 0.000553405, 0.0147476, 0.999891, 0.00295965  
147, 23.4342, 60.1214, 180.751, 0.999952, -0.00968734, 0.00122338, 0.00970144, 0.99988, -0.0120951, -0.00110606, 0.0121063, 0.999926, 0.00293968  
148, 23.4017, 60.1039, 180.731, 0.999952, -0.00973066, 0.000952515, 0.00974266, 0.999861, -0.01353, -0.000820727, 0.0135386, 0.999908, 0.00314966  
149, 23.4194, 60.1268, 180.744, 0.999949, -0.0101082, 0.000274851, 0.010111, 0.999859, -0.0134342, -0.000139016, 0.0134363, 0.99991, 0.00298767  
150, 23.4133, 60.1192, 180.724, 0.999949, -0.0100772, 0.00114368, 0.0100908, 0.99987, -0.0125801, -0.00101675, 0.012591, 0.99992, 0.00288143  
151, 23.4341, 60.1224, 180.739, 0.999946, -0.0102413, 0.00152638, 0.0102616, 0.999851, -0.013894, -0.00138386, 0.0139089, 0.999902, 0.00284648  
152, 23.4148, 60.1207, 180.751, 0.999951, -0.00986721, 2.58721e-005, 0.00986655, 0.999847, -0.0144258, 0.000116474, 0.0144253, 0.999896, 0.00292165  
153, 23.4091, 60.125, 180.721, 0.999951, -0.0098065, 0.00120619, 0.00982134, 0.999868, -0.0129803, -0.00107874, 0.0129915, 0.999915, 0.00286451  
154, 23.4152, 60.1226, 180.742, 0.999949, -0.010056, -0.000112306, 0.0100533, 0.999844, -0.0145397, 0.0002585, 0.0145379, 0.999894, 0.00323648  
155, 23.4278, 60.1013, 180.73, 0.999951, -0.00981673, 0.00109558, 0.0098301, 0.999868, -0.0129557, -0.000968248, 0.0129659, 0.999915, 0.00293524  
156, 23.4118, 60.1275, 180.725, 0.999949, -0.0100192, 0.00148336, 0.0100377, 0.999865, -0.0130069, -0.00135284, 0.0130212, 0.999914, 0.00286201  
157, 23.4262, 60.1241, 180.723, 0.999949, -0.0100088, 0.00119626, 0.0100242, 0.999857, -0.0136411, -0.00105956, 0.0136524, 0.999906, 0.00301929  
158, 23.4359, 60.1231, 180.732, 0.999954, -0.00961197, 0.000711045, 0.00962073, 0.999862, -0.0135563, -0.000580645, 0.0135625, 0.999908, 0.00310139  
159, 23.4091, 60.1098, 180.737, 0.999952, -0.00979967, 0.00018121, 0.00980127, 0.999844, -0.0146806, -3.73172e-005, 0.0146817, 0.999892, 0.00302567  
160, 23.4341, 60.121, 180.722, 0.999953, -0.0096977, 0.000687822, 0.00970591, 0.999866, -0.0131474, -0.000560231, 0.0131535, 0.999913, 0.00290195  
161, 23.4224, 60.1404, 180.762, 0.999942, -0.0107663, -0.000189084, 0.010762, 0.999818, -0.015744, 0.000358554, 0.015741, 0.999876, 0.00286839  
162, 23.4323, 60.0963, 180.72, 0.999957, -0.00927204, 0.000455585, 0.00927749, 0.99986, -0.0139412, -0.000326258, 0.0139449, 0.999903, 0.00307421  
163, 23.4064, 60.1257, 180.736, 0.99995, -0.00998142, 3.63151e-005, 0.00998102, 0.999861, -0.0133493, 9.69345e-005, 0.013349, 0.999911, 0.00314716  
164, 23.4112, 60.1317, 180.759, 0.999954, -0.00961195, -0.000713061, 0.00959991, 0.999837, -0.0153048, 0.000860054, 0.0152972, 0.999883, 0.00290334  
165, 23.4186, 60.1016, 180.722, 0.999953, -0.0096886, 0.000241635, 0.00969099, 0.999861, -0.0135324, -0.000110492, 0.0135341, 0.999908, 0.0029602  
166, 23.4112, 60.1444, 180.749, 0.999945, -0.0105043, 9.97124e-005, 0.0105046, 0.999835, -0.0147867, 5.56283e-005, 0.014787, 0.999891, 0.00284343  
167, 23.4047, 60.1224, 180.744, 0.99995, -0.0100328, -0.000274023, 0.0100276, 0.999837, -0.0149933, 0.000424403, 0.0149898, 0.999888, 0.00309917  
168, 23.4238, 60.1483, 180.732, 0.999947, -0.0102846, -0.000393015, 0.0102774, 0.999831, -0.0152331, 0.000549615, 0.0152283, 0.999884, 0.00318627  
169, 23.4213, 60.1331, 180.717, 0.999947, -0.0102617, 0.000147317, 0.0102627, 0.999851, -0.0138631, -5.03736e-006, 0.0138638, 0.999904, 0.00294523  
170, 23.4311, 60.096, 180.76, 0.999953, -0.00972929, 1.46574e-006, 0.00972828, 0.999846, -0.01461, 0.00014068, 0.0146094, 0.999893, 0.00306589  
171, 23.4125, 60.1237, 180.744, 0.999954, -0.00957149, 0.000505557, 0.00957727, 0.999869, -0.0130301, -0.000380774, 0.0130343, 0.999915, 0.00295161  
172, 23.4367, 60.1472, 180.746, 0.999951, -0.00989208, 0.000214238, 0.00989418, 0.999839, -0.0149961, -6.58612e-005, 0.0149974, 0.999888, 0.00297712  
173, 23.4244, 60.1137, 180.749, 0.999948, -0.0102288, 0.000529337, 0.0102359, 0.999826, -0.0156257, -0.000369412, 0.0156303, 0.999878, 0.00302761  
174, 23.4489, 60.1269, 180.739, 0.999955, -0.00944087, -0.00112341, 0.00942359, 0.99985, -0.0144987, 0.00126012, 0.0144875, 0.999894, 0.00308114  
175, 23.4541, 60.1222, 180.729, 0.999951, -0.00986564, 0.000335681, 0.00986926, 0.999861, -0.0134354, -0.000203086, 0.0134381, 0.99991, 0.00299183  
176, 23.4328, 60.1314, 180.706, 0.999947, -0.0101478, 0.00155045, 0.010166, 0.999873, -0.0122332, -0.00142611, 0.0122483, 0.999924, 0.00295604  
177, 23.3944, 60.1313, 180.749, 0.999954, -0.00956114, 0.000965741, 0.00957263, 0.999874, -0.0126914, -0.000844275, 0.0127, 0.999919, 0.00301929  
178, 23.4236, 60.1245, 180.741, 0.999953, -0.00966947, 0.000304106, 0.00967266, 0.999865, -0.0132743, -0.00017571, 0.0132766, 0.999912, 0.00298794  
179, 23.4254, 60.1116, 180.757, 0.99995, -0.0100407, -0.000229327, 0.0100361, 0.999839, -0.0149021, 0.000378916, 0.014899, 0.999889, 0.0029835  
180, 23.415, 60.1153, 180.745, 0.999953, -0.00974585, -8.55124e-005, 0.0097438, 0.999861, -0.0135282, 0.000217344, 0.0135267, 0.999908, 0.0029566  
181, 23.4148, 60.1106, 180.738, 0.999948, -0.0100671, 0.00139497, 0.0100835, 0.999873, -0.0123054, -0.00127091, 0.0123188, 0.999923, 0.00290195  
182, 23.4201, 60.124, 180.722, 0.99995, -0.00995782, 0.001057, 0.00997091, 0.999863, -0.0131995, -0.000925421, 0.0132094, 0.999912, 0.00293274  
183, 23.4178, 60.1191, 180.721, 0.999948, -0.0100799, 0.00121614, 0.0100937, 0.999878, -0.0119225, -0.00109582, 0.0119342, 0.999928, 0.00291777  
184, 23.4131, 60.111, 180.726, 0.999954, -0.00940047, 0.00189447, 0.00942302, 0.99988, -0.0122681, -0.00177892, 0.0122853, 0.999923, 0.00385115  
185, 23.405, 60.1009, 180.769, 0.99995, -0.00999165, -0.000366983, 0.00998533, 0.999846, -0.0144006, 0.000510812, 0.0143962, 0.999896, 0.00286395  
186, 23.4197, 60.1191, 180.735, 0.999951, -0.00988965, -0.000637897, 0.009879, 0.999839, -0.0149618, 0.000785761, 0.0149548, 0.999888, 0.00287699  
187, 23.4262, 60.1313, 180.735, 0.999952, -0.00972168, 0.0011448, 0.00973636, 0.99986, -0.0135983, -0.00101245, 0.0136088, 0.999907, 0.00280598  
188, 23.4089, 60.1211, 180.769, 0.999949, -0.0100934, 0.0002908, 0.0100966, 0.999841, -0.0146836, -0.000142547, 0.0146857, 0.999892, 0.00307143  
189, 23.3935, 60.1233, 180.744, 0.999948, -0.0101322, 0.000773024, 0.0101421, 0.999848, -0.0141736, -0.000629297, 0.0141807, 0.999899, 0.00297574  
190, 23.4401, 60.119, 180.753, 0.999948, -0.00995559, -0.00206905, 0.00991743, 0.999794, -0.0176979, 0.00224481, 0.0176765, 0.999841, 0.00301679  
191, 23.4164, 60.1303, 180.731, 0.99995, -0.0100358, 0.000523252, 0.0100415, 0.999874, -0.0123181, -0.000399564, 0.0123227, 0.999924, 0.00289946  
192, 23.4079, 60.1281, 180.749, 0.99995, -0.00997695, -0.000148219, 0.00997382, 0.999848, -0.0142667, 0.000290535, 0.0142645, 0.999898, 0.00297934  
193, 23.4161, 60.1152, 180.733, 0.999951, -0.00985593, 0.000995662, 0.00986826, 0.999864, -0.0132461, -0.000864974, 0.0132553, 0.999912, 0.00306256  
194, 23.4233, 60.1177, 180.749, 0.999952, -0.00974821, 0.000361943, 0.00975237, 0.999851, -0.0142353, -0.000223121, 0.0142381, 0.999899, 0.0029946  
195, 23.4144, 60.1246, 180.754, 0.999948, -0.010227, -0.000175731, 0.0102234, 0.999843, -0.0144495, 0.000323477, 0.0144469, 0.999896, 0.00298877  
196, 23.3948, 60.1006, 180.773, 0.999954, -0.00956419, -0.000436844, 0.00955672, 0.999846, -0.0147201, 0.000577563, 0.0147152, 0.999892, 0.00298572  
197, 23.4316, 60.1184, 180.733, 0.999951, -0.0098401, 0.000519847, 0.00984629, 0.999858, -0.0136738, -0.000385222, 0.0136782, 0.999906, 0.00298572  
198, 23.4279, 60.1244, 180.73, 0.999952, -0.00976028, 0.000426151, 0.00976512, 0.999862, -0.0134153, -0.000295156, 0.0134188, 0.99991, 0.00304536  
199, 23.4329, 60.1332, 180.742, 0.999948, -0.0100466, 0.00166687, 0.0100661, 0.999876, -0.0121311, -0.00154479, 0.0121472, 0.999925, 0.00295383  
200, 23.4377, 60.1281, 180.74, 0.999949, -0.0101135, -0.00032663, 0.0101077, 0.999841, -0.0146783, 0.000475027, 0.0146742, 0.999892, 0.00295272  
201, 23.411, 60.1186, 180.748, 0.999953, -0.00972476, -0.000216623, 0.00972063, 0.999849, -0.0144011, 0.000356638, 0.0143983, 0.999896, 0.00296131  
202, 23.4233, 60.1241, 180.741, 0.999946, -0.0104023, 0.000146878, 0.0104034, 0.999851, -0.0137956, -3.35018e-006, 0.0137964, 0.999905, 0.00299432  
203, 23.4118, 60.1204, 180.776, 0.999951, -0.00989035, 0.000100622, 0.00989079, 0.99985, -0.0141841, 3.9679e-005, 0.0141844, 0.999899, 0.00291333  
204, 23.4312, 60.1307, 180.763, 0.999951, -0.00986215, 0.000621768, 0.00987006, 0.999848, -0.0143608, -0.000480046, 0.0143663, 0.999897, 0.00295355  
205, 23.4206, 60.1078, 180.726, 0.999951, -0.00988715, 0.00042824, 0.00989194, 0.999864, -0.0131937, -0.000297734, 0.0131973, 0.999913, 0.00298461  
206, 23.4167, 60.1097, 180.735, 0.999954, -0.00960594, 0.000270019, 0.00960873, 0.999861, -0.0136576, -0.000138787, 0.0136595, 0.999907, 0.00286506  
207, 23.4222, 60.1166, 180.743, 0.999951, -0.00984642, -0.000367199, 0.0098393, 0.999824, -0.0159799, 0.00052448, 0.0159755, 0.999872, 0.0029369  
208, 23.3895, 60.1085, 180.756, 0.999941, -0.010861, 0.000744864, 0.0108707, 0.999834, -0.014656, -0.000585561, 0.0146633, 0.999892, 0.00301485  
209, 23.424, 60.1355, 180.735, 0.999947, -0.0102171, 0.00111979, 0.0102325, 0.999839, -0.0147647, -0.00096876, 0.0147754, 0.99989, 0.0030032  
210, 23.4227, 60.1305, 180.736, 0.999947, -0.0102165, 0.00103966, 0.0102299, 0.999852, -0.0138121, -0.000898398, 0.013822, 0.999904, 0.00296464  
211, 23.4403, 60.1298, 180.736, 0.999946, -0.0104217, -0.000113442, 0.0104187, 0.999831, -0.0151205, 0.000271003, 0.0151185, 0.999886, 0.00286506  
212, 23.432, 60.1223, 180.726, 0.999953, -0.00967709, -0.000488041, 0.00966886, 0.999845, -0.014705, 0.000630267, 0.0146996, 0.999892, 0.0030068  
213, 23.4309, 60.1198, 180.714, 0.99995, -0.00997573, 0.000466342, 0.00998119, 0.999856, -0.0137401, -0.000329208, 0.0137441, 0.999905, 0.00302789  
214, 23.4478, 60.1351, 180.749, 0.999954, -0.00954385, -0.000118125, 0.00954107, 0.999846, -0.0147486, 0.000258866, 0.0147468, 0.999891, 0.00300459  
215, 23.4371, 60.1209, 180.74, 0.99995, -0.00994882, 0.00116285, 0.00996273, 0.99987, -0.0126411, -0.00103694, 0.0126521, 0.999919, 0.00296215  
216, 23.4343, 60.115, 180.751, 0.999957, -0.00928512, 0.000448848, 0.00929025, 0.999869, -0.0132439, -0.000325818, 0.0132475, 0.999912, 0.00286229  
217, 23.4169, 60.104, 180.745, 0.999953, -0.00967908, -0.000255091, 0.00967405, 0.999836, -0.0152936, 0.000403077, 0.0152904, 0.999883, 0.00287727  
218, 23.3981, 60.1296, 180.743, 0.999947, -0.0102818, 0.000948965, 0.0102939, 0.999852, -0.0137724, -0.000807219, 0.0137814, 0.999905, 0.00304342  
219, 23.4415, 60.1297, 180.736, 0.999952, -0.00974932, 6.43295e-005, 0.0097492, 0.999842, -0.0148674, 8.0628e-005, 0.0148673, 0.999889, 0.00303121  
220, 23.4016, 60.1137, 180.756, 0.99995, -0.00989427, 0.00118168, 0.00990939, 0.999859, -0.0135631, -0.00104732, 0.0135742, 0.999907, 0.00298961  
221, 23.4284, 60.1294, 180.774, 0.99995, -0.00986964, -0.00161919, 0.0098421, 0.99982, -0.0162136, 0.00177892, 0.0161968, 0.999867, 0.00286395  
222, 23.4009, 60.1114, 180.744, 0.999947, -0.0102753, 0.000234893, 0.0102776, 0.99984, -0.0146592, -8.42274e-005, 0.0146609, 0.999893, 0.00283039  
223, 23.4228, 60.1323, 180.724, 0.999951, -0.0098797, 8.88437e-005, 0.00988, 0.99986, -0.013493, 4.44754e-005, 0.0134932, 0.999909, 0.00310694  
224, 23.4063, 60.1185, 180.757, 0.99995, -0.0100193, 0.000455928, 0.0100248, 0.999851, -0.0140783, -0.000314804, 0.0140822, 0.999901, 0.0030412  
225, 23.4194, 60.1359, 180.75, 0.999952, -0.00976126, 0.000510556, 0.00976752, 0.999852, -0.0141587, -0.000372273, 0.014163, 0.9999, 0.00284898  
226, 23.4124, 60.1174, 180.777, 0.999949, -0.0100242, -0.00115915, 0.0100033, 0.999809, -0.0168122, 0.00132746, 0.0167997, 0.999858, 0.00299987  
227, 23.4064, 60.1094, 180.758, 0.999947, -0.0102417, -0.000946413, 0.0102252, 0.999819, -0.016066, 0.00111078, 0.0160555, 0.99987, 0.00307892  
228, 23.4053, 60.1206, 180.727, 0.999958, -0.00916289, 0.000171493, 0.00916433, 0.999878, -0.0126555, -5.55112e-005, 0.0126565, 0.99992, 0.00296631  
229, 23.4279, 60.1367, 180.752, 0.999957, -0.00919466, -0.00152817, 0.00917054, 0.999844, -0.0151048, 0.00166681, 0.0150901, 0.999885, 0.00307032  
230, 23.4395, 60.1204, 180.738, 0.999958, -0.00916046, 0.000353949, 0.0091644, 0.999867, -0.013471, -0.000230502, 0.0134737, 0.999909, 0.00288171  
231, 23.4421, 60.1399, 180.711, 0.999949, -0.00998645, 0.00115243, 0.010001, 0.99986, -0.0134148, -0.0010183, 0.0134256, 0.999909, 0.00282124  
232, 23.42, 60.1116, 180.738, 0.999951, -0.00992963, 0.000597159, 0.00993721, 0.999847, -0.0144095, -0.000453987, 0.0144147, 0.999896, 0.00294661  
233, 23.4285, 60.114, 180.729, 0.999948, -0.0101439, 0.000869889, 0.0101547, 0.999858, -0.0134682, -0.000733145, 0.0134764, 0.999909, 0.0030731  
234, 23.4266, 60.1125, 180.718, 0.999952, -0.00975829, 0.00110639, 0.00977222, 0.999863, -0.0133716, -0.000975757, 0.0133818, 0.99991, 0.00309917  
235, 23.3923, 60.1197, 180.742, 0.999948, -0.0101645, 0.00077029, 0.0101736, 0.999866, -0.0127875, -0.000640208, 0.0127947, 0.999918, 0.00299432  
236, 23.4488, 60.1178, 180.744, 0.99995, -0.0100168, 0.000571831, 0.0100239, 0.999852, -0.013991, -0.000431601, 0.013996, 0.999902, 0.00284509  
237, 23.4208, 60.1304, 180.733, 0.999948, -0.0101664, 8.2112e-005, 0.0101665, 0.999835, -0.0150849, 7.12613e-005, 0.015085, 0.999886, 0.0029308  
238, 23.4547, 60.1187, 180.716, 0.99995, -0.00996076, 0.000939456, 0.00997236, 0.999862, -0.0132743, -0.000807104, 0.013283, 0.999911, 0.00297407  
239, 23.3971, 60.1204, 180.77, 0.999944, -0.0105505, -0.000425062, 0.0105432, 0.999837, -0.0146296, 0.000579343, 0.0146243, 0.999893, 0.00301984  
240, 23.3979, 60.1237, 180.741, 0.999948, -0.0102154, -0.000396468, 0.0102081, 0.999831, -0.0153185, 0.000552885, 0.0153136, 0.999883, 0.00293607  
241, 23.4251, 60.1441, 180.73, 0.99995, -0.00998971, 0.000874707, 0.0100004, 0.999863, -0.0131602, -0.000743121, 0.0131683, 0.999913, 0.00301097  
242, 23.4134, 60.1093, 180.733, 0.999955, -0.00943644, 0.00123413, 0.00945163, 0.999872, -0.0129389, -0.00111187, 0.01295, 0.999916, 0.00307365  
243, 23.423, 60.1196, 180.696, 0.999952, -0.00980446, 0.000553755, 0.00981081, 0.999868, -0.0129473, -0.000426741, 0.0129521, 0.999916, 0.00315853  
244, 23.4093, 60.1211, 180.718, 0.999954, -0.00957389, 0.00110532, 0.00958659, 0.99988, -0.0121301, -0.000989051, 0.0121402, 0.999926, 0.00289668  
245, 23.414, 60.129, 180.734, 0.999947, -0.0103027, 0.000616819, 0.0103102, 0.999853, -0.0137227, -0.000475347, 0.0137284, 0.999906, 0.00279156  
246, 23.4338, 60.1341, 180.75, 0.999949, -0.0100596, -4.32838e-005, 0.0100581, 0.999862, -0.0132368, 0.000176435, 0.0132357, 0.999912, 0.00279294  
247, 23.4206, 60.1325, 180.708, 0.999953, -0.00955423, 0.00137287, 0.00957077, 0.999875, -0.012592, -0.00125239, 0.0126045, 0.99992, 0.00302844  
248, 23.407, 60.1235, 180.742, 0.999948, -0.0101006, 0.00109064, 0.0101142, 0.999861, -0.0132404, -0.000956757, 0.0132507, 0.999912, 0.00300015  
249, 23.4254, 60.1252, 180.744, 0.999949, -0.0100651, -0.000550995, 0.0100552, 0.999827, -0.0156555, 0.000708473, 0.0156492, 0.999877, 0.00310084  
250, 23.3895, 60.1187, 180.749, 0.999947, -0.0102414, 0.00114679, 0.010257, 0.999842, -0.0145138, -0.000997966, 0.0145248, 0.999894, 0.00291  
251, 23.4091, 60.1275, 180.743, 0.99995, -0.00987304, 0.00125104, 0.00988857, 0.999865, -0.013085, -0.00112169, 0.0130967, 0.999914, 0.00290917  
252, 23.4096, 60.1148, 180.732, 0.999953, -0.00964089, -0.000264957, 0.00963628, 0.999857, -0.0138921, 0.000398852, 0.0138889, 0.999903, 0.00290085  
253, 23.4132, 60.1169, 180.722, 0.999951, -0.00973802, 0.00181197, 0.00975976, 0.999875, -0.0123999, -0.001691, 0.0124169, 0.999921, 0.00317046  
254, 23.421, 60.1176, 180.712, 0.999952, -0.00975577, 0.0011526, 0.00976899, 0.999879, -0.0120809, -0.0010346, 0.0120915, 0.999926, 0.00286506  
255, 23.4008, 60.11, 180.727, 0.999947, -0.0102851, 0.000709937, 0.0102943, 0.999843, -0.0144242, -0.000561471, 0.0144308, 0.999896, 0.00290806  
256, 23.4214, 60.1147, 180.744, 0.999951, -0.00984382, 0.000503123, 0.0098499, 0.999853, -0.0140072, -0.000365165, 0.0140115, 0.999902, 0.00287311  
257, 23.4007, 60.1055, 180.77, 0.999946, -0.0103461, -0.000320411, 0.0103401, 0.999832, -0.0151362, 0.000476957, 0.015132, 0.999885, 0.00310916  
258, 23.4208, 60.1255, 180.743, 0.99995, -0.00999896, 0.000132533, 0.00999983, 0.999841, -0.0147865, 1.53374e-005, 0.0147871, 0.999891, 0.00311443  
259, 23.4128, 60.1315, 180.748, 0.999949, -0.0100699, 0.000336874, 0.0100737, 0.999844, -0.0144909, -0.000190901, 0.0144935, 0.999895, 0.0030437  
260, 23.422, 60.1268, 180.725, 0.999958, -0.00919646, -0.000315379, 0.00919117, 0.999861, -0.0139327, 0.000443466, 0.0139292, 0.999903, 0.00292969  
261, 23.4488, 60.1305, 180.76, 0.999954, -0.00954109, -0.00124176, 0.00952005, 0.999827, -0.0159682, 0.0013939, 0.0159556, 0.999872, 0.00288781  
262, 23.3898, 60.1204, 180.759, 0.999945, -0.0103795, 0.00113822, 0.010394, 0.999853, -0.0136267, -0.000996615, 0.0136378, 0.999907, 0.00296131  
263, 23.4308, 60.1345, 180.719, 0.999951, -0.0099027, 0.000483033, 0.00990811, 0.999868, -0.0129096, -0.00035513, 0.0129137, 0.999917, 0.00287366  
264, 23.3975, 60.1377, 180.736, 0.999948, -0.0101725, -1.53755e-005, 0.0101711, 0.999833, -0.0152082, 0.000170078, 0.0152072, 0.999884, 0.00296714  
265, 23.4184, 60.1215, 180.74, 0.999953, -0.00972114, -0.000339153, 0.00971515, 0.999846, -0.0146105, 0.000481131, 0.0146065, 0.999893, 0.00292276  
266, 23.4235, 60.1232, 180.74, 0.999951, -0.00986445, -0.000290951, 0.00985906, 0.999842, -0.0148116, 0.000437014, 0.0148081, 0.99989, 0.00285341  
267, 23.4265, 60.1154, 180.751, 0.999952, -0.00974047, -0.000444665, 0.00973317, 0.999852, -0.0142098, 0.000583009, 0.0142048, 0.999899, 0.00298822  
268, 23.4243, 60.1272, 180.723, 0.999953, -0.00964265, 0.000457542, 0.00964814, 0.999854, -0.0140804, -0.000321703, 0.0140842, 0.999901, 0.00307005  
269, 23.4131, 60.0996, 180.758, 0.999949, -0.0100521, 7.55418e-005, 0.0100521, 0.999844, -0.0145537, 7.07645e-005, 0.0145537, 0.999894, 0.00292581  
270, 23.4405, 60.1331, 180.705, 0.999956, -0.00934901, 0.000311431, 0.00935232, 0.999868, -0.0132581, -0.00018744, 0.0132605, 0.999912, 0.00296548  
271, 23.4026, 60.119, 180.755, 0.999949, -0.0100273, 0.000884189, 0.0100383, 0.999859, -0.0134445, -0.000749252, 0.0134527, 0.999909, 0.00294495  
