0, 0, 0, 0, 0, 0, 0, 0, 0, 0, 0, 0, 0, 0.00634425  
1, 0, 0, 0, 0, 0, 0, 0, 0, 0, 0, 0, 0, 0.00266757  
2, 15.9203, 63.1264, 180.7, 0.999788, -0.0205809, 0.000433064, 0.0205838, 0.999224, -0.0335693, 0.000258156, 0.0335711, 0.999436, 0.00280071  
3, 15.8949, 63.1037, 180.719, 0.999773, -0.021201, 0.00193228, 0.0212533, 0.999228, -0.0330514, -0.00123007, 0.033085, 0.999452, 0.00281652  
4, 15.891, 63.109, 180.691, 0.999778, -0.0208743, 0.00298876, 0.0209568, 0.999301, -0.0309482, -0.00234065, 0.0310039, 0.999517, 0.00287644  
5, 15.8964, 63.0859, 180.687, 0.999769, -0.0214409, 0.00169838, 0.0214848, 0.999239, -0.0325517, -0.000999147, 0.0325806, 0.999469, 0.00304702  
6, 15.9327, 63.1119, 180.725, 0.999766, -0.0215979, 0.000848826, 0.0216142, 0.999197, -0.0337386, -0.000119461, 0.0337491, 0.99943, 0.00359513  
7, 15.9282, 63.0649, 180.679, 0.999769, -0.0212582, 0.00317079, 0.0213454, 0.999303, -0.0306219, -0.00251762, 0.0306825, 0.999526, 0.00293912  
8, 15.9752, 63.0924, 180.668, 0.999777, -0.0210355, 0.00199185, 0.0210894, 0.999243, -0.03268, -0.0013029, 0.0327147, 0.999464, 0.00281569  
9, 15.9665, 63.0678, 180.687, 0.999776, -0.0210785, 0.00207146, 0.0211356, 0.999229, -0.0330919, -0.00137233, 0.0331283, 0.99945, 0.00289419  
10, 16.0435, 63.0852, 180.659, 0.999763, -0.0217, 0.00186955, 0.0217511, 0.999183, -0.0340531, -0.00112907, 0.0340857, 0.999418, 0.00292914  
11, 16.0231, 63.0891, 180.686, 0.999753, -0.0218023, 0.00428393, 0.0219259, 0.999269, -0.0313182, -0.00359799, 0.0314044, 0.9995, 0.00289558  
12, 16.076, 63.0827, 180.687, 0.999753, -0.0220966, 0.00236616, 0.0221652, 0.999159, -0.034505, -0.00160173, 0.0345489, 0.999402, 0.00283483  
13, 16.0755, 63.0903, 180.688, 0.999764, -0.0214674, 0.00327346, 0.0215622, 0.999244, -0.0323452, -0.00257662, 0.0324081, 0.999471, 0.0028193  
14, 16.08, 63.078, 180.704, 0.999775, -0.0210196, 0.00295538, 0.0211044, 0.999253, -0.0323832, -0.00227249, 0.0324383, 0.999471, 0.0029602  
15, 16.0572, 63.064, 180.706, 0.999772, -0.0210819, 0.00347677, 0.0211816, 0.999273, -0.0316893, -0.00280618, 0.0317558, 0.999492, 0.00308336  
16, 16.0971, 63.0909, 180.699, 0.999778, -0.0209916, 0.0018607, 0.0210439, 0.999167, -0.0349548, -0.00112539, 0.0349862, 0.999387, 0.00295937  
17, 16.0681, 63.0694, 180.694, 0.999767, -0.0213801, 0.00286823, 0.0214621, 0.999242, -0.0324878, -0.00217146, 0.0325418, 0.999468, 0.00285397  
18, 16.0675, 63.0726, 180.69, 0.999779, -0.0207584, 0.00316978, 0.02085, 0.99926, -0.0323107, -0.00249672, 0.0323697, 0.999473, 0.00288836  
19, 16.0767, 63.0612, 180.667, 0.999766, -0.0213041, 0.00380401, 0.0214151, 0.999258, -0.0320012, -0.00311943, 0.0320751, 0.999481, 0.00295216  
20, 16.0705, 63.0838, 180.681, 0.99977, -0.0212035, 0.00313077, 0.0212969, 0.999206, -0.0336707, -0.00241435, 0.0337296, 0.999428, 0.00305784  
21, 16.0547, 63.0862, 180.695, 0.999778, -0.0209246, 0.00263054, 0.0209994, 0.999245, -0.0326783, -0.00194478, 0.0327263, 0.999462, 0.00300015  
22, 16.044, 63.0687, 180.689, 0.99976, -0.0218169, 0.00211159, 0.0218747, 0.999217, -0.0329792, -0.00139043, 0.0330175, 0.999454, 0.00297657  
23, 16.0404, 63.0662, 180.661, 0.999767, -0.0214191, 0.00268213, 0.0214974, 0.9992, -0.0337306, -0.0019575, 0.0337804, 0.999427, 0.00292387  
24, 16.0299, 63.0681, 180.672, 0.999777, -0.0209484, 0.0027011, 0.0210251, 0.999252, -0.0324629, -0.00201903, 0.0325124, 0.999469, 0.00294911  
25, 15.9776, 63.0593, 180.689, 0.999778, -0.0209309, 0.00257446, 0.0210038, 0.999248, -0.0326063, -0.00189004, 0.0326531, 0.999465, 0.00306783  
26, 15.9793, 63.0691, 180.683, 0.999774, -0.0211548, 0.00184986, 0.0212051, 0.999209, -0.0336407, -0.00113674, 0.0336723, 0.999432, 0.00300819  
27, 15.9645, 63.0839, 180.692, 0.999779, -0.0208836, 0.00242182, 0.0209499, 0.999278, -0.0316997, -0.00175807, 0.0317434, 0.999495, 0.0029946  
28, 15.9264, 63.0916, 180.676, 0.999781, -0.0207907, 0.002351, 0.0208553, 0.99927, -0.0320193, -0.00168358, 0.0320614, 0.999484, 0.00293912  
29, 15.9377, 63.1132, 180.67, 0.999787, -0.0206088, 0.000781161, 0.0206234, 0.999222, -0.033602, -8.80566e-005, 0.033611, 0.999435, 0.00299099  
30, 15.9009, 63.081, 180.691, 0.99978, -0.0209511, 0.00131719, 0.0209829, 0.999245, -0.0326993, -0.000631106, 0.0327198, 0.999464, 0.00304758  
31, 15.905, 63.0832, 180.667, 0.999788, -0.020424, 0.00253583, 0.0204954, 0.999266, -0.0323631, -0.00187299, 0.0324082, 0.999473, 0.00295244  
32, 15.9151, 63.0878, 180.652, 0.99979, -0.0203396, 0.0023686, 0.0204045, 0.999288, -0.0317303, -0.00172153, 0.031772, 0.999494, 0.00294689  
33, 15.9441, 63.1036, 180.677, 0.999764, -0.0216779, 0.0017305, 0.0217234, 0.999213, -0.0331887, -0.00100967, 0.0332184, 0.999448, 0.00295993  
34, 15.944, 63.1071, 180.669, 0.999792, -0.0203301, 0.00146086, 0.020367, 0.999258, -0.0326949, -0.000795087, 0.0327178, 0.999464, 0.00297823  
35, 15.9781, 63.0936, 180.69, 0.999771, -0.021324, 0.00177681, 0.0213723, 0.999186, -0.0342182, -0.0010457, 0.0342484, 0.999413, 0.00304453  
36, 15.9882, 63.1123, 180.685, 0.999761, -0.0218595, 0.000837329, 0.0218754, 0.999165, -0.0344984, -8.25109e-005, 0.0345084, 0.999404, 0.00308447  
37, 16.0009, 63.1045, 180.717, 0.999762, -0.0214793, 0.0038224, 0.02159, 0.999262, -0.0317669, -0.00313725, 0.0318419, 0.999488, 0.00300015  
38, 16.0435, 63.1264, 180.696, 0.999767, -0.02152, 0.00155744, 0.0215605, 0.99919, -0.0339824, -0.000824875, 0.034008, 0.999421, 0.00298572  
39, 16.0331, 63.1257, 180.701, 0.999777, -0.0208942, 0.00316284, 0.0209856, 0.999258, -0.0323021, -0.00248556, 0.0323613, 0.999473, 0.0029921  
40, 16.053, 63.1487, 180.69, 0.999784, -0.0207042, 0.00178308, 0.0207522, 0.999228, -0.033347, -0.00109128, 0.0333768, 0.999442, 0.00314328  
41, 16.0861, 63.1441, 180.662, 0.999782, -0.020805, 0.00159217, 0.0208457, 0.999254, -0.0324983, -0.000914855, 0.0325244, 0.999471, 0.00298323  
42, 16.0496, 63.152, 180.707, 0.999753, -0.0219951, 0.00319874, 0.0220862, 0.999246, -0.0319369, -0.00249387, 0.0319996, 0.999485, 0.00298323  
43, 16.0604, 63.1681, 180.712, 0.999765, -0.0216148, 0.00162917, 0.0216574, 0.999202, -0.0335537, -0.000902611, 0.0335811, 0.999436, 0.00307393  
44, 16.0728, 63.1786, 180.7, 0.999769, -0.0213722, 0.00221108, 0.0214326, 0.999247, -0.0323302, -0.00151845, 0.0323701, 0.999475, 0.00291777  
45, 16.0595, 63.1677, 180.719, 0.999765, -0.021684, 0.000702764, 0.0216953, 0.999158, -0.0348367, 5.32286e-005, 0.0348438, 0.999393, 0.00310139  
46, 16.0741, 63.1836, 180.695, 0.999768, -0.0214545, 0.00185179, 0.0215041, 0.999219, -0.0331374, -0.0011394, 0.0331695, 0.999449, 0.00297269  
47, 16.0575, 63.1694, 180.681, 0.999782, -0.0207961, 0.0016964, 0.0208426, 0.999174, -0.0348702, -0.000969835, 0.034898, 0.99939, 0.00300597  
48, 16.1259, 63.1965, 180.652, 0.999792, -0.0202741, 0.0022751, 0.0203366, 0.999278, -0.0320772, -0.00162312, 0.0321168, 0.999483, 0.00296991  
49, 16.0494, 63.1635, 180.688, 0.999772, -0.0213039, 0.00154611, 0.0213443, 0.99919, -0.0341091, -0.000818204, 0.0341344, 0.999417, 0.00288753  
50, 16.0071, 63.1807, 180.698, 0.99978, -0.0208575, 0.00214388, 0.0209154, 0.99927, -0.0319583, -0.00147574, 0.0319961, 0.999487, 0.00311027  
51, 16.0019, 63.1959, 180.71, 0.999777, -0.0211082, 0.000939503, 0.0211279, 0.999203, -0.0338548, -0.000224141, 0.0338671, 0.999426, 0.00301707  
52, 15.9753, 63.1989, 180.698, 0.999788, -0.0205434, 0.00119261, 0.0205713, 0.999264, -0.032378, -0.00052658, 0.0323957, 0.999475, 0.00308392  
53, 15.9457, 63.1853, 180.705, 0.99978, -0.0206723, 0.00340954, 0.0207678, 0.999308, -0.0308537, -0.00276936, 0.0309178, 0.999518, 0.00284953  
54, 15.8937, 63.1443, 180.695, 0.999787, -0.0204837, 0.00238573, 0.0205512, 0.999246, -0.0329395, -0.00170921, 0.0329816, 0.999454, 0.00303399  
55, 15.9506, 63.1844, 180.685, 0.999775, -0.0210895, 0.00243618, 0.0211554, 0.999287, -0.0312675, -0.00177502, 0.031312, 0.999508, 0.00312441  
56, 15.918, 63.172, 180.709, 0.999765, -0.0215292, 0.00259033, 0.0216002, 0.999269, -0.0315266, -0.0019097, 0.0315752, 0.9995, 0.00298905  
57, 15.9249, 63.184, 180.657, 0.999788, -0.020444, 0.00246703, 0.0205117, 0.999293, -0.0315239, -0.00182081, 0.0315678, 0.9995, 0.00303648  
58, 15.9131, 63.1833, 180.687, 0.999789, -0.0204665, 0.00167358, 0.0205092, 0.999292, -0.0315565, -0.00102654, 0.0315842, 0.999501, 0.00296964  
59, 15.9416, 63.2008, 180.698, 0.99977, -0.0213526, 0.00180884, 0.0214001, 0.999243, -0.0324799, -0.00111394, 0.0325112, 0.999471, 0.00305535  
60, 15.9435, 63.1769, 180.666, 0.999792, -0.0203288, 0.00187756, 0.0203782, 0.999288, -0.031743, -0.00123093, 0.0317747, 0.999494, 0.00291666  
61, 15.9365, 63.1686, 180.684, 0.999779, -0.0208306, 0.00277566, 0.0209077, 0.999287, -0.031447, -0.00211862, 0.0314981, 0.999502, 0.00442838  
62, 15.94, 63.1651, 180.722, 0.999783, -0.0208178, 0.00123007, 0.0208473, 0.999224, -0.0334251, -0.000533276, 0.0334434, 0.99944, 0.00288614  
63, 15.9644, 63.1861, 180.716, 0.999778, -0.0209166, 0.00254324, 0.0209875, 0.999265, -0.0320885, -0.00187019, 0.0321348, 0.999482, 0.00284953  
64, 15.9486, 63.1455, 180.693, 0.999772, -0.0212857, 0.0015914, 0.0213275, 0.999195, -0.0339867, -0.000866689, 0.0340129, 0.999421, 0.0029799  
65, 15.9899, 63.1439, 180.671, 0.999751, -0.0219615, 0.00398673, 0.0220769, 0.999254, -0.0316785, -0.00328805, 0.0317586, 0.99949, 0.00296575  
66, 16.0139, 63.1639, 180.667, 0.999768, -0.0214094, 0.00237807, 0.0214749, 0.999252, -0.0321743, -0.00168745, 0.0322179, 0.999479, 0.00364894  
67, 16.0026, 63.1239, 180.666, 0.999786, -0.02049, 0.00298965, 0.0205758, 0.99927, -0.0321956, -0.00232778, 0.0322503, 0.999477, 0.00283178  
68, 16.0475, 63.152, 180.677, 0.999771, -0.0213327, 0.00190946, 0.0213839, 0.999233, -0.032791, -0.00120848, 0.0328243, 0.99946, 0.00294467  
69, 16.0338, 63.1577, 180.714, 0.999766, -0.0214541, 0.00285586, 0.0215345, 0.999256, -0.0320095, -0.002167, 0.0320635, 0.999483, 0.00281042  
70, 16.0565, 63.1548, 180.707, 0.999773, -0.0211968, 0.00225047, 0.0212593, 0.999236, -0.0327967, -0.00155356, 0.0328371, 0.99946, 0.00305978  
71, 16.0549, 63.1411, 180.716, 0.999755, -0.0218301, 0.00361129, 0.0219322, 0.999273, -0.031189, -0.0029278, 0.0312605, 0.999507, 0.00310084  
72, 16.0873, 63.1349, 180.7, 0.999778, -0.0209671, 0.00227975, 0.0210314, 0.999224, -0.0333104, -0.00157955, 0.0333509, 0.999442, 0.00279932  
73, 16.0617, 63.1371, 180.68, 0.999767, -0.0213906, 0.00303921, 0.0214775, 0.99925, -0.0322343, -0.00234742, 0.0322921, 0.999476, 0.00301735  
74, 16.0649, 63.1181, 180.689, 0.999769, -0.0212544, 0.00326477, 0.0213481, 0.999259, -0.0320149, -0.0025819, 0.0320772, 0.999482, 0.00283372  
75, 16.0592, 63.1146, 180.691, 0.999763, -0.0215657, 0.00291697, 0.0216492, 0.999237, -0.0325067, -0.00221371, 0.0325622, 0.999467, 0.00281097  
76, 16.0501, 63.1259, 180.682, 0.999768, -0.0213249, 0.00315864, 0.0214162, 0.999245, -0.0324173, -0.00246496, 0.0324775, 0.999469, 0.00286978  
77, 16.061, 63.1325, 180.681, 0.999787, -0.0204396, 0.00285059, 0.0205212, 0.999265, -0.0323831, -0.00218659, 0.0324347, 0.999471, 0.00306783  
78, 16.0367, 63.1046, 180.658, 0.999776, -0.0210723, 0.00180296, 0.0211202, 0.999238, -0.0328248, -0.00110989, 0.0328556, 0.999459, 0.00285952  
79, 16.017, 63.1075, 180.706, 0.999751, -0.0222268, 0.00214417, 0.022287, 0.99917, -0.0340959, -0.00138454, 0.0341352, 0.999416, 0.00279239  
80, 16.0021, 63.0931, 180.698, 0.999771, -0.0212106, 0.00274224, 0.0212884, 0.999247, -0.0324341, -0.00205223, 0.0324851, 0.99947, 0.00284315  
81, 15.9799, 63.0883, 180.682, 0.999773, -0.0212133, 0.00205225, 0.0212711, 0.99919, -0.0341517, -0.00132611, 0.0341876, 0.999415, 0.00287921  
82, 15.9661, 63.1157, 180.699, 0.999762, -0.0217891, 0.000563851, 0.0217954, 0.999136, -0.0353895, 0.000207742, 0.0353934, 0.999373, 0.002829  
83, 15.9268, 63.0433, 180.705, 0.999761, -0.0217149, 0.00251009, 0.0217851, 0.999232, -0.0325621, -0.00180108, 0.032609, 0.999467, 0.00300514  
84, 15.9473, 63.0675, 180.706, 0.999764, -0.0216613, 0.00165188, 0.0217047, 0.999199, -0.0336265, -0.000922157, 0.0336544, 0.999433, 0.00278351  
85, 15.9278, 63.0721, 180.714, 0.999775, -0.0211908, 0.00115595, 0.021218, 0.999186, -0.0343017, -0.000428127, 0.0343185, 0.999411, 0.00303149  
86, 15.9354, 63.0533, 180.667, 0.99978, -0.0209519, 0.00114829, 0.0209785, 0.999233, -0.0330773, -0.000454371, 0.0330941, 0.999452, 0.00286035  
87, 15.9213, 63.0772, 180.703, 0.999765, -0.0215483, 0.00241172, 0.021615, 0.999245, -0.0322844, -0.00171423, 0.0323289, 0.999476, 0.00284787  
88, 15.9443, 63.0866, 180.699, 0.999768, -0.0213775, 0.00250367, 0.0214482, 0.999232, -0.0327829, -0.00180093, 0.032829, 0.999459, 0.00287782  
89, 15.9385, 63.068, 180.699, 0.999762, -0.0216554, 0.00257919, 0.0217303, 0.999191, -0.0338292, -0.00184452, 0.0338772, 0.999424, 0.00282762  
90, 15.9902, 63.065, 180.687, 0.999763, -0.0213572, 0.00412609, 0.0214716, 0.999319, -0.0300152, -0.00348224, 0.0300966, 0.999541, 0.00284204  
91, 16.0001, 63.0657, 180.688, 0.999763, -0.0215758, 0.00304704, 0.0216658, 0.999203, -0.0335165, -0.00232147, 0.0335745, 0.999434, 0.00317268  
92, 16.0026, 63.0807, 180.673, 0.999772, -0.0211538, 0.0028579, 0.0212352, 0.999252, -0.0323298, -0.00217186, 0.0323831, 0.999473, 0.00284343  
93, 16.0055, 63.077, 180.684, 0.999767, -0.0214847, 0.00183198, 0.0215338, 0.999214, -0.0332919, -0.00111527, 0.0333236, 0.999444, 0.00286284  
94, 16.0311, 63.0457, 180.678, 0.999781, -0.0205387, 0.00393004, 0.0206499, 0.999314, -0.0307323, -0.00329615, 0.0308067, 0.99952, 0.00279516  
95, 16.0483, 63.0801, 180.678, 0.999769, -0.0214103, 0.00170095, 0.0214548, 0.999226, -0.0329707, -0.000993719, 0.0329996, 0.999455, 0.00292775  
96, 16.0243, 63.0661, 180.719, 0.999761, -0.0217176, 0.00257061, 0.0217903, 0.999225, -0.0327895, -0.0018565, 0.0328377, 0.999459, 0.00307976  
97, 16.0716, 63.0842, 180.675, 0.999778, -0.0209202, 0.00230595, 0.0209835, 0.999263, -0.032136, -0.00163196, 0.0321772, 0.999481, 0.00297518  
98, 16.0373, 63.0744, 180.707, 0.999769, -0.0213188, 0.00254139, 0.0213914, 0.999221, -0.0331722, -0.00183222, 0.0332189, 0.999446, 0.00286978  
99, 16.0623, 63.0832, 180.661, 0.99977, -0.0211306, 0.00378102, 0.0212385, 0.999287, -0.031216, -0.00311871, 0.0312891, 0.999506, 0.00299515  
100, 16.037, 63.1024, 180.699, 0.999768, -0.0213463, 0.00270908, 0.0214231, 0.999241, -0.0325207, -0.00201283, 0.0325712, 0.999467, 0.00301929  
101, 16.0881, 63.1187, 180.668, 0.999762, -0.0215576, 0.00342872, 0.0216551, 0.999268, -0.031542, -0.00274624, 0.0316087, 0.999497, 0.00298156  
102, 16.0643, 63.1001, 180.684, 0.999777, -0.0209755, 0.00257613, 0.0210482, 0.99925, -0.0325119, -0.00189225, 0.0325588, 0.999468, 0.0029247  
103, 16.0266, 63.079, 180.69, 0.99978, -0.0207541, 0.00291084, 0.0208389, 0.999239, -0.0329705, -0.00222436, 0.0330239, 0.999452, 0.00292942  
104, 15.9989, 63.1024, 180.721, 0.999752, -0.0219495, 0.00376345, 0.0220605, 0.999227, -0.0325462, -0.00304617, 0.0326212, 0.999463, 0.0029369  
105, 16.0038, 63.0889, 180.71, 0.99977, -0.0213336, 0.00230989, 0.0213988, 0.999213, -0.0333915, -0.00159572, 0.0334332, 0.99944, 0.00311221  
106, 16.0143, 63.1278, 180.7, 0.999765, -0.0215236, 0.00258904, 0.021595, 0.999263, -0.0317446, -0.00190388, 0.031793, 0.999493, 0.00292082  
107, 15.9824, 63.1121, 180.719, 0.999764, -0.0215546, 0.00252119, 0.021624, 0.999258, -0.0318827, -0.00183211, 0.0319297, 0.999488, 0.00292942  
108, 15.9458, 63.1047, 180.716, 0.999788, -0.0205033, 0.00186359, 0.0205548, 0.999212, -0.0339684, -0.00116566, 0.0339995, 0.999421, 0.00296603  
109, 15.9753, 63.1111, 180.667, 0.999785, -0.0206821, 0.00134894, 0.0207155, 0.999237, -0.0331226, -0.000662865, 0.0331435, 0.99945, 0.0029602  
110, 15.9489, 63.1297, 180.717, 0.999782, -0.0207499, 0.00240647, 0.0208189, 0.999222, -0.0334875, -0.00170973, 0.0335303, 0.999436, 0.00297185  
111, 15.9129, 63.1215, 180.706, 0.999772, -0.0211233, 0.00298336, 0.0212083, 0.999259, -0.0321296, -0.00230247, 0.0321856, 0.999479, 0.00292165  
112, 15.9228, 63.1223, 180.706, 0.999764, -0.0214544, 0.00331801, 0.0215477, 0.999279, -0.0312751, -0.00264463, 0.0313392, 0.999505, 0.00299626  
113, 15.9191, 63.1338, 180.684, 0.99978, -0.0207415, 0.0030391, 0.0208269, 0.999287, -0.0314862, -0.00238386, 0.0315426, 0.9995, 0.00294384  
114, 15.9241, 63.112, 180.681, 0.999787, -0.0204663, 0.00265686, 0.0205423, 0.999254, -0.0327094, -0.00198544, 0.032757, 0.999461, 0.00299016  
115, 15.9016, 63.1375, 180.709, 0.999793, -0.020184, 0.00251639, 0.0202551, 0.999269, -0.0324285, -0.00186001, 0.0324727, 0.999471, 0.00288503  
116, 15.9575, 63.1472, 180.706, 0.999781, -0.0208801, 0.00139191, 0.0209151, 0.999217, -0.033572, -0.000689838, 0.0335938, 0.999435, 0.00294634  
117, 15.9648, 63.1477, 180.674, 0.999779, -0.0207487, 0.0033324, 0.0208396, 0.999331, -0.030056, -0.00270654, 0.0301188, 0.999543, 0.0029774  
118, 15.9659, 63.1578, 180.724, 0.999767, -0.021446, 0.00261573, 0.0215222, 0.999197, -0.0337953, -0.00188886, 0.0338437, 0.999425, 0.00295743  
119, 15.9947, 63.162, 180.703, 0.999769, -0.0213662, 0.0024359, 0.0214334, 0.999255, -0.0320856, -0.00174853, 0.0321304, 0.999482, 0.00297518  
120, 16.0194, 63.1873, 180.709, 0.999768, -0.0214479, 0.00204507, 0.0215027, 0.999249, -0.0322215, -0.00135245, 0.032258, 0.999479, 0.00306589  
121, 15.9921, 63.1599, 180.718, 0.999778, -0.0208696, 0.00276936, 0.0209495, 0.999238, -0.032928, -0.00208006, 0.0329787, 0.999454, 0.00300708  
122, 16.0283, 63.1534, 180.667, 0.99977, -0.0212378, 0.00307125, 0.0213227, 0.999294, -0.0309402, -0.00241198, 0.0309985, 0.999517, 0.00298267  
123, 16.0094, 63.1542, 180.699, 0.999766, -0.0214548, 0.00291084, 0.0215361, 0.999269, -0.0315881, -0.00223099, 0.0316434, 0.999497, 0.0029799  
124, 16.05, 63.1684, 180.687, 0.999784, -0.0207116, 0.00165439, 0.020755, 0.999238, -0.0330538, -0.000968532, 0.033081, 0.999452, 0.00299848  
125, 16.0488, 63.1588, 180.686, 0.999779, -0.0208507, 0.00281578, 0.0209304, 0.999265, -0.0321231, -0.00214392, 0.032175, 0.99948, 0.00311082  
126, 16.0546, 63.1754, 180.706, 0.999778, -0.0207842, 0.00349472, 0.0208841, 0.999285, -0.0315291, -0.00283692, 0.0315951, 0.999497, 0.00296631  
127, 16.0134, 63.1636, 180.697, 0.999773, -0.0210846, 0.00320408, 0.0211752, 0.999279, -0.0315196, -0.00253719, 0.0315803, 0.999498, 0.00298822  
128, 16.0266, 63.1507, 180.686, 0.999784, -0.0207106, 0.00177666, 0.0207589, 0.999209, -0.0339196, -0.00107276, 0.0339492, 0.999423, 0.00295604  
129, 16.0374, 63.1666, 180.697, 0.99977, -0.0214209, 0.000875781, 0.0214384, 0.999184, -0.0342312, -0.000141802, 0.0342421, 0.999414, 0.00297629  
130, 16.0071, 63.1804, 180.701, 0.999771, -0.0212043, 0.00275284, 0.0212826, 0.999246, -0.0324782, -0.00206208, 0.0325294, 0.999469, 0.00306616  
131, 16.0197, 63.1471, 180.698, 0.999768, -0.021433, 0.00225988, 0.021496, 0.999224, -0.0329958, -0.00155093, 0.0330367, 0.999453, 0.00282262  
132, 16.0316, 63.1546, 180.678, 0.999772, -0.0212207, 0.00244048, 0.0212878, 0.999264, -0.0319175, -0.00176137, 0.0319621, 0.999488, 0.00295466  
133, 16.0366, 63.1659, 180.696, 0.999773, -0.0212038, 0.002156, 0.0212626, 0.999247, -0.0324479, -0.00146636, 0.0324864, 0.999471, 0.00283622  
134, 15.9788, 63.1606, 180.71, 0.999768, -0.0214302, 0.00227839, 0.021494, 0.999218, -0.033185, -0.00156545, 0.0332263, 0.999447, 0.00297879  
135, 15.9962, 63.1599, 180.671, 0.999771, -0.021251, 0.00245648, 0.0213161, 0.999307, -0.0305057, -0.0018065, 0.0305511, 0.999532, 0.00310444  
136, 15.9725, 63.1553, 180.701, 0.999786, -0.0205784, 0.00212358, 0.0206371, 0.999246, -0.0328805, -0.00144535, 0.0329173, 0.999457, 0.0030032  
137, 15.962, 63.163, 180.7, 0.999774, -0.0212562, 0.000158951, 0.0212492, 0.999189, -0.0341976, 0.000568087, 0.0341932, 0.999415, 0.00294523  
138, 15.9582, 63.1251, 180.661, 0.99979, -0.0204336, 0.00167189, 0.020477, 0.999268, -0.0323037, -0.00101058, 0.0323312, 0.999477, 0.00284925  
139, 15.9187, 63.1195, 180.721, 0.999784, -0.0206939, 0.00167048, 0.0207386, 0.999213, -0.0338205, -0.000969288, 0.0338478, 0.999427, 0.00300375  
140, 15.9357, 63.1131, 180.661, 0.999793, -0.0203127, 0.000907328, 0.0203317, 0.999228, -0.0336229, -0.000223657, 0.0336344, 0.999434, 0.00306367  
141, 15.9374, 63.1252, 180.685, 0.999775, -0.0210599, 0.00256306, 0.0211326, 0.999239, -0.0327732, -0.00187091, 0.0328199, 0.99946, 0.00282595  
142, 15.9494, 63.1216, 180.707, 0.999782, -0.0207646, 0.0021474, 0.0208235, 0.999255, -0.0325066, -0.00147081, 0.0325442, 0.999469, 0.00299016  
143, 15.9785, 63.1172, 180.697, 0.999762, -0.0216021, 0.00289365, 0.0216833, 0.999258, -0.0318229, -0.00220406, 0.0318781, 0.999489, 0.00440453  
144, 15.9913, 63.1068, 180.67, 0.999786, -0.0206358, 0.00143331, 0.0206718, 0.999242, -0.0329964, -0.00075132, 0.033019, 0.999454, 0.00269863  
145, 15.9712, 63.0976, 180.721, 0.999779, -0.0208318, 0.00292189, 0.0209166, 0.99924, -0.0328806, -0.00223471, 0.0329345, 0.999455, 0.00304092  
146, 16.0063, 63.0897, 180.695, 0.99977, -0.0211961, 0.00323948, 0.0212881, 0.999273, -0.0316404, -0.00256647, 0.0317021, 0.999494, 0.00290556  
147, 16.0084, 63.1063, 180.69, 0.999776, -0.0210254, 0.00244551, 0.0210938, 0.999248, -0.0325288, -0.00175974, 0.0325731, 0.999468, 0.0027358  
148, 16.0047, 63.0848, 180.694, 0.999764, -0.0215096, 0.00291132, 0.0215938, 0.999226, -0.0328714, -0.00220201, 0.0329265, 0.999455, 0.00292914  
149, 16.0369, 63.0962, 180.687, 0.999783, -0.0206466, 0.00281548, 0.0207277, 0.99925, -0.0327167, -0.00213788, 0.0327679, 0.999461, 0.00308697  
150, 16.0375, 63.0792, 180.705, 0.999771, -0.0212145, 0.00289955, 0.021296, 0.999268, -0.0317897, -0.00222303, 0.0318441, 0.99949, 0.00310944  
151, 16.0319, 63.1032, 180.674, 0.999771, -0.0213025, 0.00186501, 0.0213515, 0.999254, -0.0321654, -0.00117842, 0.0321979, 0.999481, 0.00303843  
152, 16.0342, 63.0935, 180.682, 0.999773, -0.0209904, 0.0036512, 0.021094, 0.999293, -0.0311183, -0.00299544, 0.0311883, 0.999509, 0.00295577  
153, 16.0662, 63.1153, 180.688, 0.999769, -0.0212991, 0.00286824, 0.0213742, 0.999341, -0.0293238, -0.00224178, 0.0293783, 0.999566, 0.00304924  
154, 16.0499, 63.1565, 180.668, 0.999764, -0.0215114, 0.00307913, 0.0215921, 0.999341, -0.0291802, -0.0024494, 0.0292398, 0.999569, 0.00272748  
155, 16.0333, 63.216, 180.707, 0.999761, -0.0217432, 0.00220788, 0.0217969, 0.999364, -0.0282311, -0.00159263, 0.0282725, 0.999599, 0.00282068  
156, 16.0729, 63.2694, 180.682, 0.999775, -0.0209543, 0.00319083, 0.0210328, 0.999414, -0.0269886, -0.00262344, 0.0270496, 0.999631, 0.00301152  
157, 16.0538, 63.3206, 180.712, 0.999775, -0.0211719, 0.00164252, 0.0212065, 0.999461, -0.0250735, -0.00111077, 0.0251027, 0.999684, 0.00311665  
158, 16.0698, 63.4266, 180.689, 0.999781, -0.0209344, -8.13527e-005, 0.0209252, 0.999442, -0.0260162, 0.00062594, 0.0260088, 0.999662, 0.00283954  
159, 16.0713, 63.4615, 180.67, 0.999799, -0.0199891, 0.00149342, 0.0200173, 0.999554, -0.0221608, -0.00104978, 0.0221862, 0.999753, 0.00303676  
160, 16.0527, 63.5788, 180.726, 0.999794, -0.0202656, 0.00128173, 0.0202866, 0.999608, -0.0193143, -0.000889813, 0.0193363, 0.999813, 0.00295216  
161, 16.0559, 63.6231, 180.68, 0.999806, -0.0196811, 0.0011721, 0.0196986, 0.999652, -0.0175329, -0.000826629, 0.0175526, 0.999846, 0.00286978  
162, 16.0837, 63.7069, 180.679, 0.9998, -0.0199792, 0.00114728, 0.019994, 0.999692, -0.0147275, -0.000852683, 0.0147475, 0.999891, 0.0029369  
163, 16.1319, 63.7234, 180.653, 0.999815, -0.0192255, 0.000312594, 0.0192279, 0.999742, -0.012105, -7.97895e-005, 0.0121087, 0.999927, 0.00286922  
164, 16.041, 63.7665, 180.721, 0.999814, -0.0192997, -8.36488e-005, 0.0192977, 0.999754, -0.0109237, 0.000294452, 0.01092, 0.99994, 0.00302317  
165, 16.05, 63.858, 180.719, 0.999817, -0.0190721, -0.00121371, 0.0190608, 0.99978, -0.00875145, 0.00138035, 0.00872672, 0.999961, 0.00323481  
166, 16.0539, 63.8282, 180.747, 0.999784, -0.0207926, -0.000196298, 0.0207912, 0.999768, -0.00555298, 0.000311714, 0.0055477, 0.999985, 0.00316408  
167, 15.9916, 63.8744, 180.738, 0.999826, -0.0186269, 0.000713024, 0.0186276, 0.999826, -0.00105368, -0.000693274, 0.00106678, 0.999999, 0.00307476  
168, 16.0264, 64.0161, 180.778, 0.999815, -0.0191289, -0.00209355, 0.0191303, 0.999817, 0.000613378, 0.00208143, -0.000653315, 0.999998, 0.00282789  
169, 16.0067, 63.9891, 180.801, 0.999799, -0.0200147, -0.00120339, 0.020018, 0.999796, 0.00279993, 0.0011471, -0.00282345, 0.999995, 0.00307116  
170, 16.0118, 64.0179, 180.812, 0.999814, -0.019286, -0.000583121, 0.0192893, 0.999793, 0.00640748, 0.000459426, -0.00641753, 0.999979, 0.00292997  
171, 16.035, 64.0773, 180.821, 0.999813, -0.0193251, -0.000810503, 0.0193324, 0.999761, 0.01016, 0.000613967, -0.0101738, 0.999948, 0.00287006  
172, 16.0294, 64.1321, 180.844, 0.999812, -0.0193979, -0.000721509, 0.019406, 0.999718, 0.0137231, 0.000455105, -0.0137345, 0.999906, 0.00303787  
173, 16.0421, 64.1531, 180.857, 0.999831, -0.0183432, -0.00126415, 0.0183627, 0.999675, 0.0176956, 0.000939144, -0.0177158, 0.999843, 0.00303066  
174, 16.0175, 64.1026, 180.899, 0.999817, -0.0191512, 0.000231119, 0.0191416, 0.999579, 0.0217907, -0.000648341, -0.0217823, 0.999763, 0.00288254  
175, 16.0337, 64.1002, 180.89, 0.99981, -0.0194502, 0.00109674, 0.0194151, 0.999472, 0.0260385, -0.00160262, -0.0260122, 0.99966, 0.00319043  
176, 16.0411, 64.0573, 180.891, 0.99982, -0.0189735, -0.000152229, 0.0189703, 0.999428, 0.027997, -0.000379059, -0.0279948, 0.999608, 0.00286728  
177, 16.0763, 64.0429, 180.865, 0.999832, -0.0183268, -0.000344155, 0.0183286, 0.999334, 0.031565, -0.000234562, -0.031566, 0.999502, 0.00295632  
178, 16.0856, 63.9997, 180.858, 0.999813, -0.019314, -0.000312241, 0.0193133, 0.999221, 0.0344124, -0.000352644, -0.034412, 0.999408, 0.00285952  
179, 16.0424, 63.8386, 180.889, 0.999818, -0.0190856, -0.000178367, 0.0190796, 0.999166, 0.0361034, -0.000510838, -0.0361003, 0.999348, 0.00280903  
180, 16.0698, 63.8347, 180.859, 0.999833, -0.0182932, 0.000418147, 0.0182588, 0.998924, 0.0426363, -0.00119765, -0.0426216, 0.999091, 0.00323592  
181, 16.0911, 63.7463, 180.844, 0.999816, -0.0191821, 0.000632284, 0.0191329, 0.998762, 0.0459226, -0.00151239, -0.045902, 0.998945, 0.00301762  
182, 16.0674, 63.4822, 180.868, 0.99982, -0.0189587, 0.000730463, 0.0189042, 0.998739, 0.0465188, -0.00161148, -0.0464966, 0.998917, 0.00296437  
183, 16.0824, 63.4183, 180.798, 0.999808, -0.0195696, 0.000335573, 0.0195306, 0.998643, 0.0482851, -0.00128004, -0.0482693, 0.998834, 0.00309141  
184, 16.0787, 63.2516, 180.746, 0.999814, -0.0192651, 0.00110368, 0.0191795, 0.998408, 0.0530345, -0.00212365, -0.0530035, 0.998592, 0.00280376  
185, 16.0996, 63.023, 180.715, 0.999824, -0.0187554, 0.000389573, 0.0187044, 0.998263, 0.0558598, -0.00143657, -0.0558427, 0.998439, 0.00272582  
186, 16.1477, 62.8059, 180.694, 0.999799, -0.0200259, -0.00041289, 0.0200163, 0.998128, 0.0577882, -0.000745143, -0.0577849, 0.998329, 0.00323315  
187, 16.1688, 62.5596, 180.619, 0.999793, -0.020339, 0.000911122, 0.0202445, 0.997903, 0.061487, -0.00215979, -0.0614558, 0.998107, 0.00282789  
188, 16.1816, 62.2386, 180.63, 0.999763, -0.0217435, -0.000939409, 0.0217607, 0.997958, 0.0600473, -0.000368147, -0.0600535, 0.998195, 0.00303565  
189, 16.1499, 61.9565, 180.619, 0.999754, -0.0221432, -0.000823322, 0.022152, 0.997864, 0.0614549, -0.000539247, -0.0614581, 0.99811, 0.00299682  
190, 16.2586, 61.6297, 180.58, 0.999753, -0.0221666, -0.00146592, 0.0222148, 0.997801, 0.0624553, 7.82808e-005, -0.0624724, 0.998047, 0.00312358  
191, 16.2471, 61.3855, 180.551, 0.999759, -0.0219135, -0.00133044, 0.0219536, 0.997647, 0.064948, -9.59337e-005, -0.0649616, 0.997888, 0.00296991  
192, 16.2611, 61.0459, 180.578, 0.999753, -0.0222166, -0.00075288, 0.0222152, 0.997328, 0.0696006, -0.000795423, -0.0696001, 0.997575, 0.00299044  
193, 16.3064, 60.6684, 180.579, 0.999754, -0.0221635, 0.000280076, 0.0220787, 0.996887, 0.0756945, -0.00195686, -0.0756697, 0.997131, 0.00288476  
194, 16.2586, 60.2411, 180.617, 0.999744, -0.0226196, -0.000438721, 0.0225848, 0.996691, 0.0780803, -0.00132888, -0.0780702, 0.996947, 0.00297574  
195, 16.2606, 59.8376, 180.555, 0.999755, -0.0220958, 0.000949209, 0.0219409, 0.996311, 0.0829679, -0.00277894, -0.0829268, 0.996552, 0.00309945  
196, 16.1801, 59.464, 180.633, 0.999752, -0.0221311, 0.00229178, 0.021844, 0.995888, 0.0879171, -0.00422806, -0.0878453, 0.996125, 0.00294606  
197, 16.269, 58.9253, 180.663, 0.999795, -0.0201726, 0.00172312, 0.0199215, 0.995375, 0.0939762, -0.0036109, -0.0939226, 0.995573, 0.00298739  
198, 16.2317, 58.4276, 180.711, 0.999801, -0.0199199, -0.000879956, 0.0199162, 0.995537, 0.0922461, -0.000961508, -0.0922453, 0.995736, 0.00294606  
199, 16.2709, 57.8677, 180.662, 0.999793, -0.0202041, 0.00226922, 0.0198901, 0.995114, 0.0967037, -0.00421195, -0.0966386, 0.995311, 0.00297962  
200, 16.3515, 57.3498, 180.607, 0.999816, -0.0190097, 0.00274307, 0.0186366, 0.994734, 0.100783, -0.00464448, -0.100713, 0.994905, 0.00293025  
201, 16.2901, 56.7227, 180.639, 0.999779, -0.0202752, 0.00553633, 0.0195808, 0.994259, 0.105192, -0.00763733, -0.10506, 0.994437, 0.00303537  
202, 16.4318, 56.0321, 180.6, 0.999792, -0.0199565, 0.00425486, 0.0194038, 0.99435, 0.104366, -0.00631362, -0.104262, 0.99453, 0.00299155  
203, 16.4763, 55.2145, 180.561, 0.999772, -0.0207888, 0.0049623, 0.0201635, 0.99442, 0.103553, -0.00708735, -0.103429, 0.994612, 0.00289724  
204, 16.6078, 54.4062, 180.548, 0.999777, -0.0204733, 0.0051243, 0.0198266, 0.994336, 0.104417, -0.00723304, -0.104293, 0.99452, 0.00289363  
205, 16.5968, 53.5466, 180.55, 0.999734, -0.0220724, 0.00668009, 0.021206, 0.993727, 0.109804, -0.00906182, -0.109633, 0.993931, 0.00309862  
206, 16.6905, 52.5999, 180.536, 0.999719, -0.0227514, 0.00662422, 0.0218656, 0.99345, 0.112156, -0.00913254, -0.111979, 0.993669, 0.00301097  
207, 16.7123, 51.4972, 180.591, 0.999753, -0.0213739, 0.00614036, 0.0205169, 0.993024, 0.116115, -0.00857937, -0.115961, 0.993217, 0.00299599  
208, 16.7346, 50.3427, 180.567, 0.99977, -0.0204717, 0.00634265, 0.0195842, 0.992867, 0.11761, -0.00870508, -0.117459, 0.99304, 0.00297629  
209, 16.6951, 49.3727, 180.579, 0.999754, -0.0214544, 0.00571012, 0.0206265, 0.992732, 0.118566, -0.00821239, -0.118419, 0.99293, 0.00298461  
210, 16.7561, 48.2853, 180.509, 0.999808, -0.0192611, 0.00357162, 0.0186875, 0.992473, 0.121026, -0.00587584, -0.120936, 0.992643, 0.00310583  
211, 16.8264, 47.1076, 180.501, 0.999825, -0.0184119, 0.00328448, 0.0178847, 0.99261, 0.120027, -0.00547012, -0.119947, 0.992765, 0.00290667  
212, 16.7431, 45.894, 180.582, 0.999788, -0.0205163, 0.00180041, 0.0201735, 0.993168, 0.114935, -0.00414616, -0.114874, 0.993371, 0.00297241  
213, 16.8061, 44.8298, 180.558, 0.999798, -0.0198726, 0.00297437, 0.0193751, 0.992651, 0.119454, -0.00532637, -0.119373, 0.992835, 0.00287089  
214, 16.7814, 43.6578, 180.566, 0.999747, -0.0216665, 0.00603927, 0.0207591, 0.992181, 0.123065, -0.00865843, -0.122908, 0.99238, 0.00301013  
215, 16.816, 42.1879, 180.546, 0.999761, -0.0212238, 0.00523933, 0.0204501, 0.992685, 0.118985, -0.00772632, -0.118849, 0.992882, 0.00304869  
216, 16.7411, 40.8045, 180.559, 0.999773, -0.0210615, 0.00334688, 0.020535, 0.993113, 0.115346, -0.00575318, -0.115251, 0.99332, 0.00283427  
217, 16.7182, 39.3878, 180.538, 0.999754, -0.0219305, 0.00327502, 0.0214091, 0.993145, 0.114915, -0.00577272, -0.114817, 0.99337, 0.00297213  
218, 16.6203, 37.8781, 180.596, 0.999811, -0.0194322, -0.000156879, 0.0193258, 0.993426, 0.112834, -0.00203677, -0.112816, 0.993614, 0.00300098  
219, 16.5283, 36.1613, 180.584, 0.999798, -0.0200729, -0.000666528, 0.0200185, 0.993313, 0.113702, -0.00162026, -0.113693, 0.993515, 0.00299543  
220, 16.4605, 34.3336, 180.529, 0.999866, -0.0162635, -0.00201148, 0.0163871, 0.993031, 0.116707, 9.94043e-005, -0.116724, 0.993164, 0.00305784  
221, 16.3015, 32.656, 180.572, 0.999849, -0.0170704, -0.00313441, 0.0173201, 0.992963, 0.117149, 0.00111258, -0.117185, 0.993109, 0.00295493  
222, 16.2272, 31.0183, 180.591, 0.9999, -0.0141053, 0.000392981, 0.0139646, 0.99316, 0.115922, -0.0020254, -0.115905, 0.993258, 0.00299016  
223, 16.1966, 29.1871, 180.604, 0.999918, -0.0127798, -0.00015088, 0.0127226, 0.994182, 0.106956, -0.00121688, -0.10695, 0.994264, 0.00296686  
224, 16.2165, 27.3805, 180.569, 0.999882, -0.0153548, 0.000229346, 0.0152514, 0.994672, 0.101952, -0.00179358, -0.101936, 0.994789, 0.00286978  
225, 16.2424, 25.6967, 180.647, 0.999864, -0.0163797, -0.00208797, 0.0165066, 0.994792, 0.100576, 0.000429696, -0.100597, 0.994927, 0.0030939  
226, 16.2123, 23.6069, 180.701, 0.999823, -0.0186486, -0.0024603, 0.0188004, 0.994943, 0.0986621, 0.000607943, -0.0986909, 0.995118, 0.00282568  
227, 16.1098, 21.4584, 180.738, 0.999859, -0.0163924, -0.00363893, 0.0166578, 0.995618, 0.0920148, 0.00211464, -0.0920625, 0.995751, 0.00291277  
228, 15.9913, 19.5281, 180.652, 0.999847, -0.0174661, -0.000836019, 0.0174652, 0.995176, 0.0965342, -0.000854093, -0.0965341, 0.995329, 0.00380483  
229, 15.9608, 17.5335, 180.662, 0.999893, -0.014548, -0.00172072, 0.0146464, 0.995135, 0.0974286, 0.000294957, -0.0974433, 0.995241, 0.00291388  
230, 15.8441, 15.2836, 180.603, 0.999856, -0.0167438, 0.00268939, 0.0164144, 0.995379, 0.0946067, -0.00426104, -0.0945489, 0.995511, 0.00310028  
231, 15.8613, 13.2007, 180.651, 0.99988, -0.0153502, -0.002029, 0.0154674, 0.996227, 0.0853927, 0.000710543, -0.0854139, 0.996345, 0.0029247  
232, 15.7287, 11.1154, 180.719, 0.999832, -0.0174093, -0.00575335, 0.0178141, 0.996635, 0.0800097, 0.00434107, -0.0800988, 0.996777, 0.00302012  
233, 15.6623, 9.02081, 180.773, 0.999812, -0.0176419, -0.0079964, 0.0182178, 0.996722, 0.0788199, 0.00657966, -0.0789508, 0.996857, 0.00301263  
234, 15.6335, 6.6868, 180.735, 0.999796, -0.017758, -0.0096736, 0.0184227, 0.997116, 0.0736208, 0.00833834, -0.073784, 0.997239, 0.00303815  
235, 15.3515, 4.46475, 180.715, 0.999779, -0.0187992, -0.00939984, 0.0194075, 0.997396, 0.069463, 0.00806951, -0.0696301, 0.99754, 0.00311304  
236, 15.1334, 2.34561, 180.691, 0.9998, -0.0185543, -0.00748484, 0.019014, 0.997578, 0.0669027, 0.00622538, -0.0670316, 0.997731, 0.00301845  
237, 14.9227, -0.0207029, 180.742, 0.9998, -0.0187391, -0.00704881, 0.0191381, 0.997918, 0.0615982, 0.00587984, -0.0617207, 0.998076, 0.00308392  
238, 14.8949, -2.39633, 180.752, 0.999808, -0.0172342, -0.00928134, 0.0177243, 0.998295, 0.0556128, 0.00830708, -0.0557667, 0.998409, 0.00283538  
239, 14.7912, -4.6767, 180.81, 0.999802, -0.0172627, -0.00991141, 0.017753, 0.998503, 0.0517288, 0.0090036, -0.0518945, 0.998612, 0.00306145  
240, 14.8494, -7.04039, 180.794, 0.999776, -0.0163125, -0.013456, 0.0169452, 0.998688, 0.0483272, 0.01265, -0.0485445, 0.998741, 0.00310389  
241, 14.7926, -9.43155, 180.808, 0.999735, -0.0195868, -0.01211, 0.0201397, 0.998675, 0.0473573, 0.0111663, -0.0475886, 0.998805, 0.00316574  
242, 14.828, -11.6887, 180.832, 0.999748, -0.0178324, -0.0136549, 0.0183936, 0.998942, 0.0421454, 0.0128889, -0.0423859, 0.999018, 0.00308725  
243, 14.9379, -14.3493, 180.827, 0.999763, -0.0182954, -0.0118093, 0.0187416, 0.999069, 0.0388475, 0.0110876, -0.0390597, 0.999175, 0.00292498  
244, 15.0688, -16.8883, 180.707, 0.999768, -0.0169186, -0.0133103, 0.0173689, 0.999255, 0.0344689, 0.0127172, -0.0346921, 0.999317, 0.00306339  
245, 15.1192, -19.3854, 180.74, 0.999794, -0.0168383, -0.0113232, 0.0172025, 0.999311, 0.0328766, 0.0107618, -0.0330646, 0.999395, 0.00317961  
246, 15.2551, -21.9038, 180.737, 0.999773, -0.0168289, -0.0130875, 0.0172014, 0.999434, 0.0288965, 0.0125938, -0.029115, 0.999497, 0.00301124  
247, 15.4654, -24.6552, 180.625, 0.999825, -0.0143988, -0.0119493, 0.0146389, 0.999688, 0.0202558, 0.011654, -0.0204272, 0.999723, 0.00294606  
248, 15.5884, -26.8742, 180.583, 0.999855, -0.0132165, -0.0107113, 0.0134052, 0.999753, 0.0177417, 0.0104741, -0.0178827, 0.999785, 0.00309612  
249, 15.651, -29.1987, 180.786, 0.999805, -0.0176989, -0.00872976, 0.0178418, 0.999703, 0.0165748, 0.00843382, -0.0167273, 0.999825, 0.00302705  
250, 15.8353, -31.756, 180.829, 0.999752, -0.0206541, -0.00828546, 0.020701, 0.99977, 0.00561176, 0.00816764, -0.00578188, 0.99995, 0.00322344  
251, 16.1021, -34.0812, 180.784, 0.99972, -0.0233347, -0.00396102, 0.02337, 0.999686, 0.00909562, 0.00374753, -0.00918564, 0.999951, 0.00301984  
252, 16.2686, -36.7047, 180.877, 0.999727, -0.0220245, -0.00776997, 0.0220143, 0.999757, -0.00138894, 0.00779867, 0.00121751, 0.999969, 0.00283705  
253, 16.3923, -39.2899, 180.86, 0.999731, -0.0215502, -0.00852571, 0.0214717, 0.999727, -0.00920051, 0.00872166, 0.00901497, 0.999921, 0.00305867  
254, 16.5532, -41.7257, 180.807, 0.999807, -0.0184665, -0.00674527, 0.0184041, 0.999788, -0.00920406, 0.0069138, 0.00907814, 0.999935, 0.00296575  
255, 16.6583, -44.493, 180.828, 0.9998, -0.0195276, -0.004394, 0.0194716, 0.999733, -0.0124454, 0.00463586, 0.0123574, 0.999913, 0.00309584  
256, 16.8652, -46.951, 180.821, 0.999839, -0.0176278, -0.00321855, 0.0175873, 0.99977, -0.0122334, 0.00343346, 0.0121748, 0.99992, 0.00282817  
257, 17.1035, -49.3547, 180.764, 0.999803, -0.0198232, -0.000424443, 0.0198177, 0.99975, -0.0103339, 0.000629188, 0.0103235, 0.999947, 0.0029627  
258, 17.1997, -51.8267, 180.777, 0.999781, -0.0208777, -0.00121095, 0.0208605, 0.999701, -0.0127593, 0.00147698, 0.0127312, 0.999918, 0.00287976  
259, 17.3851, -54.1058, 180.738, 0.999788, -0.0205176, -0.00143373, 0.0204943, 0.999682, -0.0146748, 0.00173437, 0.0146423, 0.999891, 0.00302345  
260, 17.4427, -56.4937, 180.786, 0.999814, -0.0192844, 0.000504209, 0.0192907, 0.999602, -0.0205651, -0.000107423, 0.020571, 0.999788, 0.00316935  
261, 17.618, -59.0187, 180.722, 0.999832, -0.0182563, 0.00139584, 0.0182876, 0.999458, -0.0273615, -0.000895561, 0.0273824, 0.999625, 0.0030154  
262, 17.8339, -61.237, 180.651, 0.999824, -0.0175551, 0.00663141, 0.0177278, 0.99948, -0.0269388, -0.00615504, 0.0270516, 0.999615, 0.00304508  
263, 17.8838, -63.9925, 180.783, 0.999792, -0.0197338, 0.00511128, 0.0199161, 0.999061, -0.0384821, -0.00434708, 0.0385759, 0.999246, 0.00299682  
264, 18.0497, -66.1874, 180.806, 0.999824, -0.0186121, 0.00219157, 0.018676, 0.999245, -0.0340787, -0.00155564, 0.0341136, 0.999417, 0.00291888  
265, 18.3229, -68.769, 180.932, 0.999775, -0.020559, 0.00516718, 0.0207332, 0.999126, -0.0362858, -0.00441667, 0.0363848, 0.999328, 0.00298961  
266, 18.3602, -70.9101, 181.019, 0.999651, -0.0243057, 0.010334, 0.0246504, 0.999096, -0.0346487, -0.00948245, 0.0348914, 0.999346, 0.00307754  
267, 18.6151, -73.2776, 180.954, 0.999714, -0.0226491, 0.00764843, 0.0229442, 0.998896, -0.0410005, -0.00671136, 0.0411642, 0.99913, 0.0031638  
268, 18.6754, -75.5726, 180.904, 0.999732, -0.0211871, 0.00934292, 0.0215921, 0.998726, -0.0456159, -0.00836454, 0.0458054, 0.998915, 0.0030706  
269, 18.7094, -77.9646, 180.723, 0.99972, -0.0197495, 0.0130252, 0.0203808, 0.998528, -0.0502584, -0.0120135, 0.0505098, 0.998651, 0.00278129  
270, 18.9483, -80.0714, 180.7, 0.999752, -0.0193011, 0.0111228, 0.0198173, 0.998634, -0.0483373, -0.0101746, 0.0485457, 0.998769, 0.00307282  
271, 19.1623, -82.3963, 180.838, 0.999705, -0.0229809, 0.0078735, 0.023323, 0.998645, -0.046521, -0.00679373, 0.0466909, 0.998886, 0.00304231  
272, 19.511, -84.3352, 180.862, 0.999705, -0.0228586, 0.00815227, 0.0231373, 0.999087, -0.0359087, -0.007324, 0.0360868, 0.999322, 0.00297241  
273, 19.5569, -86.5768, 180.897, 0.999704, -0.0225948, 0.00903003, 0.0229419, 0.99892, -0.0403936, -0.0081076, 0.0405888, 0.999143, 0.00285425  
274, 19.7906, -88.7077, 180.888, 0.999719, -0.0220774, 0.00865436, 0.0224242, 0.998855, -0.042256, -0.00771155, 0.0424382, 0.999069, 0.00297657  
275, 19.8623, -90.8321, 180.872, 0.999638, -0.0235959, 0.0129427, 0.0241379, 0.998764, -0.0434555, -0.0119013, 0.0437521, 0.998972, 0.00298628  
276, 20.0167, -93.0115, 180.892, 0.999555, -0.0248904, 0.0164519, 0.0256264, 0.998605, -0.0461565, -0.0152801, 0.0465576, 0.998799, 0.00289447  
