0, 0, 0, 0, 0, 0, 0, 0, 0, 0, 0, 0, 0, 0.00658307  
1, 23.6779, 71.129, 180.629, 0.999697, 0.00347278, 0.0243836, -0.00346562, 0.999994, -0.000335919, -0.0243846, 0.000251312, 0.999703, 0.00273164  
2, 23.6835, 71.1251, 180.61, 0.999716, 0.00317078, 0.0236253, -0.00314493, 0.999994, -0.00113148, -0.0236288, 0.00105685, 0.99972, 0.00455292  
3, 23.7007, 71.1361, 180.633, 0.999705, 0.00362928, 0.0240339, -0.00361108, 0.999993, -0.000800517, -0.0240367, 0.000713492, 0.999711, 0.00288282  
4, 23.6618, 71.1035, 180.636, 0.999686, 0.00258365, 0.0249108, -0.00259746, 0.999996, 0.000522303, -0.0249094, -0.000586845, 0.99969, 0.00284204  
5, 23.6905, 71.1242, 180.621, 0.99969, 0.00325453, 0.0246997, -0.00325049, 0.999995, -0.000203662, -0.0247002, 0.000123313, 0.999695, 0.00288226  
6, 23.6939, 71.0796, 180.597, 0.999691, 0.00316275, 0.0246591, -0.00315724, 0.999995, -0.000262303, -0.0246598, 0.000184367, 0.999696, 0.0027874  
7, 23.6786, 71.0963, 180.607, 0.999685, 0.00286895, 0.0249145, -0.00286557, 0.999996, -0.000171497, -0.0249149, 0.000100049, 0.99969, 0.00301873  
8, 23.6821, 71.0963, 180.616, 0.999685, 0.00296044, 0.0249213, -0.00296146, 0.999996, 4.20711e-006, -0.0249212, -7.80093e-005, 0.999689, 0.00280959  
9, 23.6743, 71.1062, 180.631, 0.999673, 0.00294807, 0.0253945, -0.00295996, 0.999996, 0.000430676, -0.0253931, -0.000505702, 0.999677, 0.00285508  
10, 23.6791, 71.0797, 180.602, 0.999695, 0.00307782, 0.0245226, -0.00306601, 0.999995, -0.000519379, -0.0245241, 0.000444034, 0.999699, 0.00284315  
11, 23.6926, 71.1103, 180.607, 0.999734, 0.00314293, 0.0228677, -0.00311609, 0.999994, -0.00120942, -0.0228714, 0.00113784, 0.999738, 0.00288226  
12, 23.6702, 71.0714, 180.616, 0.999685, 0.00246989, 0.0249819, -0.00246471, 0.999997, -0.000237843, -0.0249824, 0.000176194, 0.999688, 0.00288393  
13, 23.6858, 71.0889, 180.605, 0.999676, 0.0034717, 0.0252257, -0.0034461, 0.999994, -0.00105825, -0.0252292, 0.000970974, 0.999681, 0.0044012  
14, 23.6792, 71.0869, 180.603, 0.999686, 0.00266992, 0.0248987, -0.00265219, 0.999996, -0.000744906, -0.0249006, 0.000678636, 0.99969, 0.00277159  
15, 23.6782, 71.0682, 180.626, 0.999699, 0.00336246, 0.0242876, -0.00333174, 0.999994, -0.00130487, -0.0242918, 0.00122356, 0.999704, 0.00289502  
16, 23.653, 71.0536, 180.626, 0.999667, 0.00303896, 0.0256177, -0.00303745, 0.999995, -9.79334e-005, -0.0256179, 2.00883e-005, 0.999672, 0.00281042  
17, 23.6983, 71.089, 180.61, 0.999704, 0.002607, 0.0242056, -0.00259389, 0.999996, -0.000572771, -0.024207, 0.000509814, 0.999707, 0.00302844  
18, 23.6697, 71.0742, 180.621, 0.999677, 0.00305862, 0.0252491, -0.00305658, 0.999995, -0.000119439, -0.0252493, 4.22241e-005, 0.999681, 0.00284398  
19, 23.6932, 71.0766, 180.609, 0.999682, 0.00257667, 0.0250794, -0.00257168, 0.999997, -0.000231341, -0.0250799, 0.000166771, 0.999685, 0.00293496  
20, 23.6786, 71.0778, 180.611, 0.999695, 0.0032089, 0.0244667, -0.00317295, 0.999994, -0.00150806, -0.0244714, 0.00142997, 0.9997, 0.00287366  
21, 23.6728, 71.0827, 180.614, 0.99968, 0.00302202, 0.0251159, -0.00301235, 0.999995, -0.000422725, -0.025117, 0.000346932, 0.999684, 0.00293885  
22, 23.6873, 71.0889, 180.606, 0.999698, 0.0030552, 0.0243874, -0.00304582, 0.999995, -0.000421954, -0.0243886, 0.000347547, 0.999702, 0.00295799  
23, 23.6895, 71.0935, 180.605, 0.999706, 0.0034466, 0.023993, -0.00341196, 0.999993, -0.00148432, -0.0239979, 0.00140202, 0.999711, 0.0028634  
24, 23.6761, 71.0811, 180.617, 0.999672, 0.00334968, 0.0254088, -0.00336151, 0.999994, 0.000422866, -0.0254072, -0.000508139, 0.999677, 0.00281153  
25, 23.7001, 71.108, 180.619, 0.999699, 0.00337795, 0.0242897, -0.00337215, 0.999994, -0.000279574, -0.0242905, 0.000197581, 0.999705, 0.00280737  
26, 23.6806, 71.1184, 180.59, 0.999702, 0.00322918, 0.0242025, -0.00320564, 0.999994, -0.00101158, -0.0242056, 0.000933689, 0.999707, 0.00284315  
27, 23.6641, 71.0869, 180.603, 0.999677, 0.00277854, 0.0252622, -0.00278637, 0.999996, 0.000274775, -0.0252613, -0.000345076, 0.999681, 0.00292858  
28, 23.6769, 71.1151, 180.608, 0.999693, 0.0028421, 0.0246108, -0.00284188, 0.999996, -4.39242e-005, -0.0246108, -2.60302e-005, 0.999697, 0.00289502  
29, 23.7086, 71.1363, 180.624, 0.999698, 0.00264898, 0.0244233, -0.00260925, 0.999995, -0.00165871, -0.0244276, 0.00159448, 0.9997, 0.00276216  
30, 23.6938, 71.1351, 180.612, 0.999689, 0.00336674, 0.0247126, -0.00337659, 0.999994, 0.000356747, -0.0247112, -0.00044008, 0.999695, 0.00290778  
31, 23.6793, 71.1323, 180.599, 0.99968, 0.00327407, 0.0251033, -0.00327517, 0.999995, 2.55822e-006, -0.0251032, -8.4775e-005, 0.999685, 0.00281042  
32, 23.6725, 71.1285, 180.629, 0.999697, 0.00347095, 0.0243891, -0.00344965, 0.999994, -0.000915461, -0.0243921, 0.000831049, 0.999702, 0.00285646  
33, 23.6746, 71.1502, 180.617, 0.99969, 0.00287084, 0.0247354, -0.00286603, 0.999996, -0.000229834, -0.024736, 0.000158871, 0.999694, 0.00313523  
34, 23.6876, 71.1412, 180.604, 0.999674, 0.00325906, 0.0253153, -0.00327207, 0.999995, 0.000472505, -0.0253136, -0.000555184, 0.999679, 0.00285064  
35, 23.673, 71.1394, 180.626, 0.99968, 0.00267126, 0.0251388, -0.00267136, 0.999996, -2.95494e-005, -0.0251388, -3.76148e-005, 0.999684, 0.00291832  
36, 23.6639, 71.1489, 180.62, 0.999717, 0.00260873, 0.0236667, -0.00257365, 0.999996, -0.00151276, -0.0236706, 0.00145142, 0.999719, 0.002829  
37, 23.6804, 71.1343, 180.599, 0.999669, 0.00318831, 0.0255317, -0.00320226, 0.999995, 0.000505517, -0.0255299, -0.000587109, 0.999674, 0.00308725  
38, 23.6713, 71.1484, 180.629, 0.999704, 0.00262198, 0.0241726, -0.00258473, 0.999995, -0.00157214, -0.0241766, 0.00150919, 0.999707, 0.0029369  
39, 23.6534, 71.1511, 180.586, 0.999695, 0.00325306, 0.0244792, -0.003241, 0.999995, -0.00053223, -0.0244808, 0.000452731, 0.9997, 0.00292831  
40, 23.685, 71.1752, 180.653, 0.999672, 0.00306539, 0.025432, -0.00300173, 0.999992, -0.00254093, -0.0254396, 0.00246375, 0.999673, 0.00281819  
41, 23.6485, 71.1466, 180.598, 0.999701, 0.00335552, 0.0242099, -0.00332831, 0.999994, -0.00116387, -0.0242136, 0.00108294, 0.999706, 0.00288725  
42, 23.6442, 71.137, 180.62, 0.999692, 0.00302077, 0.0246231, -0.00299826, 0.999995, -0.000951108, -0.0246258, 0.000876989, 0.999696, 0.00299321  
43, 23.6584, 71.1756, 180.622, 0.999701, 0.00288253, 0.0242785, -0.00285913, 0.999995, -0.000998233, -0.0242812, 0.000928519, 0.999705, 0.00288282  
44, 23.6616, 71.1989, 180.602, 0.999709, 0.00299638, 0.0239363, -0.00298824, 0.999995, -0.00037606, -0.0239373, 0.000304423, 0.999713, 0.00307365  
45, 23.6494, 71.1752, 180.61, 0.9997, 0.0029783, 0.0243271, -0.00296651, 0.999995, -0.000520565, -0.0243286, 0.000448242, 0.999704, 0.00298323  
46, 23.6557, 71.1532, 180.665, 0.999669, 0.00307182, 0.0255276, -0.00301115, 0.999993, -0.00241487, -0.0255348, 0.0023372, 0.999671, 0.00289169  
47, 23.6275, 71.1619, 180.637, 0.999694, 0.00292323, 0.0245535, -0.00291374, 0.999996, -0.000422231, -0.0245546, 0.000350559, 0.999698, 0.00300181  
48, 23.6366, 71.1725, 180.619, 0.999708, 0.00269411, 0.0240117, -0.00269136, 0.999996, -0.000146952, -0.024012, 8.2285e-005, 0.999712, 0.00291471  
49, 23.6419, 71.173, 180.596, 0.999678, 0.00344395, 0.0251289, -0.00342531, 0.999994, -0.000784866, -0.0251314, 0.000698539, 0.999684, 0.00295466  
50, 23.6576, 71.1899, 180.605, 0.9997, 0.00256586, 0.0243567, -0.00254051, 0.999996, -0.00107176, -0.0243594, 0.00100956, 0.999703, 0.00292442  
51, 23.6382, 71.1799, 180.598, 0.999685, 0.00327168, 0.024898, -0.00324868, 0.999994, -0.000964235, -0.024901, 0.000883045, 0.99969, 0.00285036  
52, 23.6527, 71.1816, 180.603, 0.99968, 0.00333284, 0.0250892, -0.00334048, 0.999994, 0.000262495, -0.0250882, -0.000346221, 0.999685, 0.00296187  
53, 23.6521, 71.1675, 180.606, 0.999694, 0.00282539, 0.0245626, -0.00279297, 0.999995, -0.00135387, -0.0245663, 0.00128485, 0.999697, 0.00298295  
54, 23.64, 71.1828, 180.633, 0.999692, 0.00327659, 0.024609, -0.00325992, 0.999994, -0.000717512, -0.0246112, 0.000637068, 0.999697, 0.00300098  
55, 23.6933, 71.1841, 180.68, 0.999679, 0.00315598, 0.0251389, -0.00310698, 0.999993, -0.00198792, -0.025145, 0.00190918, 0.999682, 0.00302095  
56, 23.6568, 71.1752, 180.622, 0.999703, 0.00318477, 0.0241595, -0.00316696, 0.999995, -0.00077538, -0.0241618, 0.000698638, 0.999708, 0.00289696  
57, 23.6898, 71.1553, 180.667, 0.99966, 0.00273739, 0.0259245, -0.00271495, 0.999996, -0.00090069, -0.0259268, 0.00083, 0.999663, 0.00294356  
58, 23.6362, 71.148, 180.613, 0.999694, 0.00305787, 0.024535, -0.00305161, 0.999995, -0.000292693, -0.0245358, 0.000217732, 0.999699, 0.00305535  
59, 23.6433, 71.1843, 180.626, 0.999681, 0.00257546, 0.0251328, -0.00256249, 0.999997, -0.000548494, -0.0251342, 0.000483917, 0.999684, 0.00314688  
60, 23.7091, 71.1668, 180.649, 0.999651, 0.0030536, 0.0262385, -0.00301502, 0.999994, -0.00150976, -0.026243, 0.00143012, 0.999655, 0.0028634  
61, 23.6499, 71.1591, 180.615, 0.999687, 0.00309613, 0.0248364, -0.00309946, 0.999995, 9.5725e-005, -0.024836, -0.000172675, 0.999692, 0.00303787  
62, 23.6579, 71.1475, 180.609, 0.99969, 0.00306836, 0.0247123, -0.00304336, 0.999995, -0.00104937, -0.0247154, 0.000973841, 0.999694, 0.00377321  
63, 23.688, 71.1453, 180.646, 0.999664, 0.0029197, 0.0257404, -0.00288022, 0.999995, -0.00157075, -0.0257448, 0.00149609, 0.999667, 0.00286173  
64, 23.6732, 71.1658, 180.604, 0.999689, 0.00353789, 0.0246791, -0.00354299, 0.999994, 0.000162611, -0.0246784, -0.000249998, 0.999695, 0.00279711  
65, 23.6866, 71.1689, 180.632, 0.999728, 0.00262924, 0.0231614, -0.00258566, 0.999995, -0.00191145, -0.0231663, 0.00185104, 0.99973, 0.00290667  
66, 23.6802, 71.1464, 180.606, 0.999716, 0.00264518, 0.0236846, -0.00262476, 0.999996, -0.000893366, -0.0236869, 0.000830946, 0.999719, 0.00285508  
67, 23.6634, 71.1655, 180.613, 0.999698, 0.00278457, 0.0244212, -0.00277017, 0.999996, -0.00062355, -0.0244228, 0.000555711, 0.999702, 0.00284787  
68, 23.6735, 71.1518, 180.634, 0.999704, 0.00263607, 0.02417, -0.00262325, 0.999996, -0.00056204, -0.0241714, 0.00049847, 0.999708, 0.00281486  
69, 23.6719, 71.1309, 180.595, 0.999678, 0.00340039, 0.0251296, -0.00341166, 0.999994, 0.000405674, -0.025128, -0.000491277, 0.999684, 0.00285619  
70, 23.6646, 71.1439, 180.605, 0.999686, 0.00364357, 0.0248048, -0.00365516, 0.999993, 0.000421602, -0.0248031, -0.000512135, 0.999692, 0.00283733  
71, 23.6695, 71.1271, 180.62, 0.999693, 0.00285312, 0.024599, -0.00284505, 0.999996, -0.000362957, -0.0245999, 0.000292861, 0.999697, 0.00285314  
72, 23.6663, 71.1487, 180.607, 0.999692, 0.00348902, 0.0245797, -0.00350449, 0.999994, 0.000586339, -0.0245775, -0.000672297, 0.999698, 0.00271278  
73, 23.6562, 71.0952, 180.602, 0.999667, 0.00378323, 0.0255159, -0.00380206, 0.999993, 0.000689779, -0.0255131, -0.000786562, 0.999674, 0.00269614  
74, 23.6579, 71.0949, 180.615, 0.999664, 0.00319314, 0.0257067, -0.00318646, 0.999995, -0.000300641, -0.0257075, 0.000218627, 0.999669, 0.00276881  
75, 23.6707, 71.1024, 180.608, 0.999687, 0.00357723, 0.0247577, -0.00358098, 0.999994, 0.000107105, -0.0247572, -0.000195728, 0.999693, 0.00278989  
76, 23.6888, 71.1172, 180.606, 0.999693, 0.00328649, 0.0245409, -0.00326688, 0.999994, -0.000838813, -0.0245436, 0.000758383, 0.999698, 0.00286811  
77, 23.679, 71.0999, 180.638, 0.99969, 0.00327376, 0.0246756, -0.00327643, 0.999995, 6.78896e-005, -0.0246752, -0.000148716, 0.999696, 0.00286284  
78, 23.6842, 71.1262, 180.612, 0.999696, 0.00268514, 0.0245055, -0.00266817, 0.999996, -0.000725381, -0.0245073, 0.000659776, 0.999699, 0.00270224  
79, 23.6758, 71.0963, 180.611, 0.999689, 0.00270885, 0.0247734, -0.00270642, 0.999996, -0.000131486, -0.0247736, 6.43982e-005, 0.999693, 0.00269336  
80, 23.6827, 71.1095, 180.605, 0.999683, 0.00308377, 0.0249881, -0.00308624, 0.999995, 6.0294e-005, -0.0249878, -0.000137394, 0.999688, 0.00291693  
81, 23.6869, 71.079, 180.62, 0.999701, 0.00343344, 0.0242286, -0.0034173, 0.999994, -0.000707435, -0.0242309, 0.000624427, 0.999706, 0.00300958  
82, 23.6866, 71.0908, 180.619, 0.999701, 0.0027711, 0.0242914, -0.00276609, 0.999996, -0.000239824, -0.024292, 0.00017256, 0.999705, 0.0028806  
83, 23.6863, 71.0836, 180.641, 0.9997, 0.00346256, 0.0242463, -0.00345193, 0.999994, -0.000480103, -0.0242478, 0.000396263, 0.999706, 0.00277713  
84, 23.6772, 71.109, 180.603, 0.999707, 0.00241393, 0.0240952, -0.00238808, 0.999997, -0.00110156, -0.0240978, 0.00104369, 0.999709, 0.00277741  
85, 23.7107, 71.0842, 180.638, 0.999646, 0.00334843, 0.0264128, -0.00332476, 0.999994, -0.000940108, -0.0264158, 0.000851959, 0.999651, 0.00286312  
86, 23.6868, 71.1019, 180.632, 0.999684, 0.00260285, 0.0250217, -0.00255964, 0.999995, -0.00175887, -0.0250262, 0.00169427, 0.999685, 0.00289086  
87, 23.6746, 71.1051, 180.613, 0.999689, 0.00259452, 0.0248168, -0.00258147, 0.999997, -0.000558041, -0.0248181, 0.000493804, 0.999692, 0.00277824  
88, 23.7084, 71.1016, 180.594, 0.999676, 0.00312503, 0.0252503, -0.00313943, 0.999995, 0.000530962, -0.0252485, -0.000610061, 0.999681, 0.002829  
89, 23.7044, 71.1096, 180.632, 0.999705, 0.00236908, 0.024191, -0.00235259, 0.999997, -0.000710106, -0.0241926, 0.000652985, 0.999707, 0.00301429  
90, 23.6889, 71.0946, 180.603, 0.999676, 0.00275165, 0.0252891, -0.0027625, 0.999996, 0.000394128, -0.025288, -0.000463862, 0.99968, 0.00299654  
91, 23.682, 71.1186, 180.628, 0.9997, 0.00293396, 0.0243178, -0.00291587, 0.999995, -0.000779347, -0.02432, 0.000708206, 0.999704, 0.00311609  
92, 23.6842, 71.1088, 180.612, 0.99968, 0.00297362, 0.0251052, -0.00296498, 0.999996, -0.000381309, -0.0251062, 0.000306751, 0.999685, 0.00304203  
93, 23.6832, 71.1097, 180.594, 0.999683, 0.00303805, 0.0249777, -0.00301946, 0.999995, -0.000782136, -0.02498, 0.000706469, 0.999688, 0.00281042  
94, 23.675, 71.11, 180.605, 0.999698, 0.00252616, 0.0244646, -0.00250215, 0.999996, -0.00101198, -0.0244671, 0.000950463, 0.9997, 0.00301124  
95, 23.6816, 71.0972, 180.636, 0.999694, 0.00283735, 0.0245935, -0.00282503, 0.999996, -0.000535655, -0.0245949, 0.000466014, 0.999697, 0.0030007  
96, 23.6627, 71.1258, 180.613, 0.999718, 0.002772, 0.023596, -0.00275215, 0.999996, -0.000873638, -0.0235983, 0.000808451, 0.999721, 0.0030559  
97, 23.6762, 71.1049, 180.619, 0.999689, 0.00350529, 0.0247066, -0.00349818, 0.999994, -0.000330747, -0.0247077, 0.000244216, 0.999695, 0.0029738  
98, 23.6682, 71.1092, 180.625, 0.999689, 0.00275613, 0.0248029, -0.00277356, 0.999996, 0.000668233, -0.0248009, -0.000736817, 0.999692, 0.00279378  
99, 23.6729, 71.1249, 180.621, 0.999682, 0.00291389, 0.0250357, -0.00290516, 0.999996, -0.000385067, -0.0250367, 0.000312212, 0.999686, 0.00306117  
100, 23.6768, 71.1341, 180.628, 0.999689, 0.00274378, 0.0247737, -0.00273165, 0.999996, -0.000523798, -0.0247751, 0.000455963, 0.999693, 0.00313579  
101, 23.6484, 71.1216, 180.616, 0.999684, 0.0036018, 0.0248721, -0.00361323, 0.999993, 0.000414492, -0.0248704, -0.000504229, 0.999691, 0.00300459  
102, 23.6734, 71.1114, 180.613, 0.999674, 0.00326758, 0.0253393, -0.00328191, 0.999994, 0.000523936, -0.0253375, -0.000606927, 0.999679, 0.00308003  
103, 23.6526, 71.1268, 180.612, 0.999679, 0.00348173, 0.0251033, -0.00350156, 0.999994, 0.000746147, -0.0251006, -0.000833809, 0.999685, 0.00283538  
104, 23.6474, 71.1324, 180.615, 0.999682, 0.00303673, 0.025053, -0.00306722, 0.999995, 0.00117882, -0.0250493, -0.00125529, 0.999685, 0.00285979  
105, 23.6571, 71.1465, 180.616, 0.999702, 0.00316486, 0.0242132, -0.00312883, 0.999994, -0.00152573, -0.0242179, 0.00144951, 0.999706, 0.00303288  
106, 23.6466, 71.1468, 180.605, 0.999684, 0.00328213, 0.0249044, -0.0032714, 0.999995, -0.000471783, -0.0249058, 0.000390161, 0.99969, 0.00303565  
107, 23.6532, 71.1409, 180.601, 0.999697, 0.00295613, 0.0244393, -0.00292096, 0.999995, -0.00147468, -0.0244435, 0.00140284, 0.9997, 0.00298711  
108, 23.6368, 71.1437, 180.599, 0.999686, 0.00308524, 0.0248788, -0.00309252, 0.999995, 0.000254172, -0.0248779, -0.000331031, 0.99969, 0.00284204  
109, 23.6732, 71.1845, 180.618, 0.999724, 0.00284209, 0.0233395, -0.00278932, 0.999993, -0.00229334, -0.0233459, 0.0022276, 0.999725, 0.00286368  
110, 23.6445, 71.1464, 180.632, 0.99971, 0.00255318, 0.0239312, -0.0025241, 0.999996, -0.00124518, -0.0239343, 0.00118441, 0.999713, 0.00288975  
111, 23.6544, 71.1659, 180.613, 0.999696, 0.00313236, 0.0244615, -0.00312753, 0.999995, -0.000235353, -0.0244622, 0.000158777, 0.999701, 0.00306838  
112, 23.6665, 71.1684, 180.615, 0.999691, 0.00272993, 0.02472, -0.00272423, 0.999996, -0.000264238, -0.0247206, 0.000196813, 0.999694, 0.00289613  
113, 23.6396, 71.1567, 180.619, 0.999674, 0.00304616, 0.0253481, -0.00306881, 0.999995, 0.000854598, -0.0253454, -0.000932108, 0.999678, 0.00283982  
114, 23.659, 71.143, 180.609, 0.999698, 0.00274795, 0.0244311, -0.00269017, 0.999994, -0.00239792, -0.0244376, 0.00233147, 0.999699, 0.00280238  
115, 23.6508, 71.1586, 180.62, 0.999703, 0.00326036, 0.0241428, -0.0032272, 0.999994, -0.00141254, -0.0241472, 0.00133421, 0.999708, 0.00297629  
116, 23.6416, 71.1379, 180.615, 0.999693, 0.00261584, 0.024633, -0.00260741, 0.999997, -0.000374568, -0.0246339, 0.000310225, 0.999696, 0.00308669  
117, 23.6634, 71.1651, 180.607, 0.999703, 0.00300482, 0.0242028, -0.00297981, 0.999995, -0.00106958, -0.0242059, 0.000997139, 0.999706, 0.00288698  
118, 23.6605, 71.1465, 180.66, 0.999655, 0.00325859, 0.0260762, -0.00321693, 0.999993, -0.00163926, -0.0260814, 0.00155481, 0.999659, 0.0029835  
119, 23.6541, 71.1716, 180.629, 0.999685, 0.00299485, 0.0249264, -0.00297233, 0.999995, -0.000940478, -0.0249291, 0.000866092, 0.999689, 0.00290445  
120, 23.6494, 71.1658, 180.608, 0.999694, 0.00340918, 0.024484, -0.00340331, 0.999994, -0.000281408, -0.0244848, 0.000197996, 0.9997, 0.00288115  
121, 23.6385, 71.1605, 180.611, 0.999689, 0.0027217, 0.0247694, -0.00272769, 0.999996, 0.000208077, -0.0247687, -0.000275575, 0.999693, 0.00293663  
122, 23.6553, 71.1693, 180.626, 0.999693, 0.00313143, 0.0245807, -0.00314082, 0.999995, 0.000343441, -0.0245795, -0.000420539, 0.999698, 0.00289169  
123, 23.6541, 71.1698, 180.606, 0.999675, 0.00252846, 0.0253482, -0.00250576, 0.999996, -0.000927221, -0.0253505, 0.000863404, 0.999678, 0.00280709  
124, 23.6596, 71.1761, 180.639, 0.9997, 0.00309147, 0.024296, -0.00308624, 0.999995, -0.000252856, -0.0242967, 0.000177797, 0.999705, 0.00290806  
125, 23.6396, 71.1623, 180.604, 0.999679, 0.00269004, 0.0252057, -0.00267537, 0.999996, -0.000615812, -0.0252072, 0.00054818, 0.999682, 0.00315853  
126, 23.6542, 71.1579, 180.627, 0.999709, 0.00325955, 0.0238914, -0.00324188, 0.999994, -0.000778478, -0.0238938, 0.000700798, 0.999714, 0.00291499  
127, 23.6426, 71.1556, 180.623, 0.999695, 0.00280359, 0.0245233, -0.00280704, 0.999996, 0.000106496, -0.0245229, -0.000175302, 0.999699, 0.00273553  
128, 23.632, 71.1586, 180.633, 0.999702, 0.00256869, 0.0242887, -0.00253865, 0.999996, -0.00126737, -0.0242918, 0.00120533, 0.999704, 0.00265314  
129, 23.6312, 71.1616, 180.631, 0.999698, 0.00294778, 0.0243886, -0.00294289, 0.999996, -0.00023638, -0.0243892, 0.000164536, 0.999703, 0.00288753  
130, 23.6655, 71.161, 180.628, 0.999691, 0.00294206, 0.0246843, -0.00291812, 0.999995, -0.0010056, -0.0246872, 0.000933261, 0.999695, 0.00274662  
131, 23.6737, 71.1713, 180.6, 0.999711, 0.00279004, 0.023876, -0.00275718, 0.999995, -0.001409, -0.0238798, 0.00134276, 0.999714, 0.00313939  
132, 23.6487, 71.1527, 180.579, 0.999701, 0.00286917, 0.0242747, -0.00285158, 0.999996, -0.000759193, -0.0242768, 0.000689745, 0.999705, 0.00293774  
133, 23.6612, 71.1474, 180.592, 0.999686, 0.00292724, 0.0248884, -0.00292028, 0.999996, -0.000316176, -0.0248892, 0.000243396, 0.99969, 0.00285868  
134, 23.6534, 71.1424, 180.612, 0.999687, 0.00311083, 0.0248365, -0.00311092, 0.999995, -3.49515e-005, -0.0248365, -4.23237e-005, 0.999692, 0.00292886  
135, 23.6487, 71.1557, 180.601, 0.999681, 0.00350903, 0.0250162, -0.00351571, 0.999994, 0.00022313, -0.0250153, -0.000311009, 0.999687, 0.00292664  
136, 23.6491, 71.1357, 180.633, 0.999689, 0.0032791, 0.024719, -0.00328936, 0.999995, 0.000374327, -0.0247176, -0.00045552, 0.999694, 0.00301818  
137, 23.6657, 71.1337, 180.612, 0.999686, 0.00326699, 0.0248273, -0.00327302, 0.999995, 0.000201982, -0.0248265, -0.000283179, 0.999692, 0.00293635  
138, 23.6671, 71.1265, 180.597, 0.99968, 0.00302171, 0.0251025, -0.00303371, 0.999995, 0.000439946, -0.025101, -0.000515959, 0.999685, 0.0027125  
139, 23.6474, 71.1249, 180.602, 0.999689, 0.00290141, 0.0247568, -0.00291853, 0.999996, 0.00065547, -0.0247547, -0.00072752, 0.999693, 0.00273719  
140, 23.6836, 71.1327, 180.613, 0.999687, 0.00268415, 0.0248587, -0.00267662, 0.999996, -0.000336027, -0.0248595, 0.000269385, 0.999691, 0.00287893  
141, 23.6495, 71.1167, 180.607, 0.999688, 0.00316382, 0.0247926, -0.00314556, 0.999995, -0.000775668, -0.0247949, 0.000697439, 0.999692, 0.00306949  
142, 23.6772, 71.1376, 180.612, 0.999698, 0.00283892, 0.024404, -0.00282069, 0.999996, -0.000781442, -0.0244061, 0.00071237, 0.999702, 0.00299932  
143, 23.6601, 71.1152, 180.62, 0.999692, 0.00337121, 0.0245749, -0.00335109, 0.999994, -0.000859487, -0.0245777, 0.00077687, 0.999698, 0.0029272  
144, 23.6654, 71.1052, 180.623, 0.999701, 0.00283501, 0.024289, -0.00280647, 0.999995, -0.00120936, -0.0242923, 0.00114083, 0.999704, 0.00301069  
145, 23.6642, 71.1063, 180.614, 0.999692, 0.00267455, 0.024669, -0.00268438, 0.999996, 0.000365002, -0.0246679, -0.000431111, 0.999696, 0.00291888  
146, 23.6865, 71.096, 180.586, 0.999705, 0.00305744, 0.0241029, -0.00304052, 0.999995, -0.000738434, -0.024105, 0.00066493, 0.999709, 0.00292137  
147, 23.6797, 71.1183, 180.622, 0.999693, 0.00301132, 0.0245763, -0.00300112, 0.999995, -0.000451627, -0.0245775, 0.000377732, 0.999698, 0.00282623  
148, 23.6749, 71.1033, 180.597, 0.999679, 0.00273133, 0.0251987, -0.00271767, 0.999996, -0.000576496, -0.0252001, 0.00050783, 0.999682, 0.00282956  
149, 23.6823, 71.1091, 180.605, 0.999686, 0.00275157, 0.0249236, -0.00273946, 0.999996, -0.000520084, -0.0249249, 0.000451644, 0.999689, 0.00291471  
150, 23.6769, 71.0951, 180.594, 0.999677, 0.00314332, 0.0252324, -0.00316685, 0.999995, 0.000892398, -0.0252295, -0.000972017, 0.999681, 0.00294994  
151, 23.6735, 71.1032, 180.612, 0.999698, 0.00276301, 0.0244131, -0.00277538, 0.999996, 0.000472967, -0.0244117, -0.00054058, 0.999702, 0.00294939  
152, 23.671, 71.1086, 180.606, 0.999679, 0.00306694, 0.0251521, -0.00306808, 0.999995, 6.56981e-006, -0.0251519, -8.37363e-005, 0.999684, 0.00298545  
153, 23.6847, 71.0971, 180.6, 0.999688, 0.00313918, 0.0247719, -0.0031506, 0.999995, 0.000421836, -0.0247705, -0.000499751, 0.999693, 0.00284981  
154, 23.6695, 71.0963, 180.594, 0.999695, 0.00282924, 0.0245241, -0.00282437, 0.999996, -0.000233058, -0.0245247, 0.000163722, 0.999699, 0.00297463  
155, 23.6752, 71.0921, 180.599, 0.999686, 0.00290294, 0.0248785, -0.00290681, 0.999996, 0.000119301, -0.024878, -0.000191581, 0.99969, 0.00300098  
156, 23.6771, 71.1082, 180.616, 0.999676, 0.0034655, 0.0252184, -0.00345752, 0.999994, -0.000360038, -0.0252195, 0.000272729, 0.999682, 0.00304397  
157, 23.6888, 71.0978, 180.623, 0.999695, 0.00238126, 0.0245642, -0.00237614, 0.999997, -0.00023762, -0.0245647, 0.00017918, 0.999698, 0.00291  
158, 23.6968, 71.1114, 180.596, 0.999706, 0.00276081, 0.0240882, -0.00273891, 0.999996, -0.000942302, -0.0240907, 0.000876049, 0.999709, 0.00283316  
159, 23.6795, 71.0959, 180.62, 0.9997, 0.00287534, 0.024339, -0.00285766, 0.999996, -0.000761063, -0.0243411, 0.000691282, 0.999703, 0.00290917  
160, 23.6569, 71.0995, 180.597, 0.999685, 0.00339084, 0.0248576, -0.00338898, 0.999994, -0.00011676, -0.0248579, 3.24812e-005, 0.999691, 0.00297879  
161, 23.6793, 71.0936, 180.615, 0.999695, 0.00321087, 0.0244774, -0.00320293, 0.999995, -0.000363746, -0.0244784, 0.000285236, 0.9997, 0.00299765  
162, 23.6898, 71.1037, 180.607, 0.999688, 0.00278827, 0.0248306, -0.00274331, 0.999995, -0.00184476, -0.0248356, 0.00177607, 0.99969, 0.00295854  
163, 23.6572, 71.0974, 180.586, 0.999681, 0.00350748, 0.0250259, -0.0035176, 0.999994, 0.000360439, -0.0250245, -0.000448355, 0.999687, 0.00287255  
164, 23.6665, 71.0967, 180.583, 0.9997, 0.00350338, 0.0242382, -0.00349625, 0.999994, -0.000336407, -0.0242393, 0.000251563, 0.999706, 0.00292498  
165, 23.6672, 71.1043, 180.607, 0.999711, 0.00348706, 0.0237924, -0.00345569, 0.999993, -0.00135973, -0.023797, 0.00127712, 0.999716, 0.00305562  
166, 23.6593, 71.1139, 180.625, 0.999681, 0.00259611, 0.0251328, -0.00259991, 0.999997, 0.000118549, -0.0251324, -0.000183854, 0.999684, 0.00277797  
167, 23.6656, 71.1169, 180.605, 0.999712, 0.0028466, 0.0238343, -0.0028365, 0.999996, -0.00045768, -0.0238355, 0.000389942, 0.999716, 0.00319958  
168, 23.6667, 71.1184, 180.611, 0.999696, 0.00251844, 0.0245139, -0.00250352, 0.999997, -0.000639271, -0.0245154, 0.000577705, 0.999699, 0.00282207  
169, 23.6637, 71.1299, 180.608, 0.999696, 0.00249223, 0.0245124, -0.0024827, 0.999997, -0.00041935, -0.0245133, 0.000358366, 0.999699, 0.00291943  
170, 23.6812, 71.1284, 180.613, 0.99968, 0.00272432, 0.0251294, -0.00269234, 0.999996, -0.00130635, -0.0251328, 0.00123828, 0.999683, 0.00301124  
171, 23.6506, 71.1302, 180.633, 0.999688, 0.00291245, 0.0248221, -0.00290101, 0.999996, -0.00049703, -0.0248235, 0.000424865, 0.999692, 0.00292886  
172, 23.6566, 71.1297, 180.621, 0.999686, 0.00302548, 0.0248835, -0.00302202, 0.999995, -0.000176605, -0.0248839, 0.000101351, 0.99969, 0.00293774  
173, 23.6815, 71.1435, 180.599, 0.999701, 0.00311463, 0.0242589, -0.00309663, 0.999995, -0.000779577, -0.0242612, 0.000704223, 0.999705, 0.00293968  
174, 23.6538, 71.1316, 180.619, 0.999687, 0.00272437, 0.024874, -0.00271197, 0.999996, -0.000532242, -0.0248754, 0.000464618, 0.99969, 0.00291971  
175, 23.6922, 71.1391, 180.601, 0.999709, 0.00309865, 0.0239132, -0.00306355, 0.999994, -0.00150448, -0.0239177, 0.00143078, 0.999713, 0.00314993  
176, 23.6812, 71.159, 180.597, 0.999691, 0.00329943, 0.0246446, -0.0033017, 0.999995, 5.15412e-005, -0.0246443, -0.000132894, 0.999696, 0.00282262  
177, 23.6775, 71.149, 180.597, 0.999696, 0.0027921, 0.0245087, -0.00278739, 0.999996, -0.000226519, -0.0245093, 0.000158135, 0.9997, 0.00283871  
178, 23.6674, 71.1676, 180.63, 0.999671, 0.00306582, 0.0254509, -0.00308546, 0.999995, 0.000732335, -0.0254485, -0.000810622, 0.999676, 0.00306145  
179, 23.6548, 71.1492, 180.597, 0.999679, 0.00264921, 0.0252062, -0.0026654, 0.999996, 0.00060882, -0.0252045, -0.000675809, 0.999682, 0.00304481  
180, 23.6594, 71.1642, 180.608, 0.999697, 0.00321224, 0.024417, -0.00320231, 0.999995, -0.000445585, -0.0244183, 0.000367259, 0.999702, 0.00289863  
181, 23.6472, 71.1592, 180.625, 0.999709, 0.0029633, 0.0239347, -0.00291925, 0.999994, -0.001875, -0.0239401, 0.00180458, 0.999712, 0.00288975  
182, 23.6696, 71.1494, 180.612, 0.999693, 0.00304286, 0.0245995, -0.0030068, 0.999994, -0.00150305, -0.024604, 0.00142862, 0.999696, 0.00282457  
183, 23.653, 71.1526, 180.597, 0.999713, 0.00291955, 0.0237679, -0.00286539, 0.999993, -0.0023122, -0.0237745, 0.00224344, 0.999715, 0.00302345  
184, 23.6525, 71.1359, 180.603, 0.999688, 0.00373953, 0.0246841, -0.0037383, 0.999993, -9.58824e-005, -0.0246842, 3.57607e-006, 0.999695, 0.00320985  
185, 23.6635, 71.1704, 180.62, 0.999705, 0.0022304, 0.024183, -0.00220211, 0.999997, -0.00119657, -0.0241856, 0.00114296, 0.999707, 0.00318821  
186, 23.6367, 71.1411, 180.604, 0.999684, 0.00275815, 0.0249976, -0.00274132, 0.999996, -0.000707387, -0.0249994, 0.000638637, 0.999687, 0.0029039  
187, 23.6717, 71.1562, 180.67, 0.999635, 0.00334614, 0.0267908, -0.00329254, 0.999992, -0.00204445, -0.0267975, 0.00195549, 0.999639, 0.00294966  
188, 23.6828, 71.1671, 180.665, 0.99964, 0.00314545, 0.0266555, -0.00312428, 0.999995, -0.000836126, -0.026658, 0.000752546, 0.999644, 0.002829  
189, 23.7032, 71.1465, 180.661, 0.999663, 0.00245632, 0.0258517, -0.00239534, 0.999994, -0.00238929, -0.0258574, 0.00232656, 0.999663, 0.00308725  
190, 23.6399, 71.1623, 180.602, 0.99966, 0.00304545, 0.0258774, -0.00308447, 0.999994, 0.00146821, -0.0258728, -0.00154753, 0.999664, 0.00289169  
191, 23.6656, 71.1476, 180.606, 0.9997, 0.00265534, 0.024332, -0.00264248, 0.999996, -0.000560899, -0.0243334, 0.000496434, 0.999704, 0.00293274  
192, 23.6608, 71.153, 180.621, 0.999704, 0.00314036, 0.0241252, -0.00310844, 0.999994, -0.00136063, -0.0241294, 0.00128524, 0.999708, 0.00281708  
193, 23.6454, 71.1658, 180.634, 0.999693, 0.00312111, 0.0245844, -0.0031037, 0.999995, -0.000746183, -0.0245866, 0.000669651, 0.999697, 0.00287338  
194, 23.6574, 71.1618, 180.643, 0.999704, 0.003217, 0.0241074, -0.003205, 0.999995, -0.000536502, -0.024109, 0.000459079, 0.999709, 0.00299155  
195, 23.661, 71.1669, 180.604, 0.999691, 0.00319065, 0.024659, -0.00318899, 0.999995, -0.000106695, -0.0246592, 2.80248e-005, 0.999696, 0.00297907  
196, 23.6692, 71.1818, 180.629, 0.999694, 0.00300357, 0.0245675, -0.0029972, 0.999995, -0.000295876, -0.0245682, 0.000222152, 0.999698, 0.00292553  
197, 23.6291, 71.1542, 180.625, 0.999685, 0.00209766, 0.0250278, -0.0020748, 0.999997, -0.000939338, -0.0250297, 0.000887114, 0.999686, 0.00291804  
198, 23.6581, 71.1566, 180.6, 0.999697, 0.00256082, 0.0244903, -0.00253071, 0.999996, -0.00126038, -0.0244934, 0.00119802, 0.999699, 0.00300819  
199, 23.6543, 71.1641, 180.603, 0.999668, 0.00357692, 0.0255104, -0.0035605, 0.999993, -0.000689297, -0.0255127, 0.000598239, 0.999674, 0.00280099  
200, 23.6481, 71.1505, 180.625, 0.999692, 0.00283692, 0.0246508, -0.00284487, 0.999996, 0.000287337, -0.0246499, -0.000357377, 0.999696, 0.00304397  
201, 23.6495, 71.1551, 180.628, 0.999695, 0.00273789, 0.024551, -0.00273333, 0.999996, -0.000219644, -0.0245515, 0.000152472, 0.999699, 0.00294134  
202, 23.6756, 71.1623, 180.616, 0.999709, 0.0026804, 0.0239616, -0.00263744, 0.999995, -0.00182425, -0.0239663, 0.00176052, 0.999711, 0.00282817  
203, 23.679, 71.1661, 180.607, 0.999697, 0.00296008, 0.0244358, -0.00298384, 0.999995, 0.000935628, -0.0244329, -0.00100826, 0.999701, 0.00306256  
204, 23.6536, 71.1457, 180.622, 0.999713, 0.00242997, 0.0238339, -0.0023891, 0.999996, -0.00174308, -0.0238381, 0.00168564, 0.999714, 0.00313246  
205, 23.6622, 71.1389, 180.617, 0.999699, 0.00293073, 0.024371, -0.00289528, 0.999995, -0.00148985, -0.0243752, 0.00141884, 0.999702, 0.0030412  
206, 23.6849, 71.1475, 180.664, 0.999659, 0.00361581, 0.0258548, -0.00356298, 0.999991, -0.00208929, -0.0258621, 0.00199646, 0.999664, 0.00290778  
207, 23.6907, 71.159, 180.579, 0.999684, 0.00314582, 0.0249438, -0.00317837, 0.999994, 0.0012654, -0.0249397, -0.00134428, 0.999688, 0.00283622  
208, 23.6538, 71.1548, 180.609, 0.999682, 0.00293099, 0.0250544, -0.00293568, 0.999996, 0.000150273, -0.0250538, -0.000223777, 0.999686, 0.00278989  
209, 23.6918, 71.1289, 180.645, 0.999659, 0.00370292, 0.0258666, -0.00367475, 0.999993, -0.00113655, -0.0258706, 0.00104111, 0.999665, 0.0029308  
210, 23.6835, 71.1091, 180.597, 0.999665, 0.00291088, 0.0257244, -0.00294031, 0.999995, 0.00110616, -0.0257211, -0.00118142, 0.999668, 0.00294523  
211, 23.6806, 71.1399, 180.601, 0.999677, 0.00320946, 0.0251918, -0.00320661, 0.999995, -0.000153211, -0.0251921, 7.23814e-005, 0.999683, 0.00291998  
212, 23.6484, 71.1161, 180.632, 0.999675, 0.00266766, 0.025357, -0.00265048, 0.999996, -0.000711029, -0.0253588, 0.00064359, 0.999678, 0.0029247  
213, 23.6707, 71.1185, 180.619, 0.999707, 0.00311882, 0.0239843, -0.00311112, 0.999995, -0.000358441, -0.0239853, 0.000283718, 0.999712, 0.0029799  
214, 23.6564, 71.1223, 180.624, 0.999713, 0.00337476, 0.0237134, -0.00337121, 0.999994, -0.000189564, -0.0237139, 0.000109567, 0.999719, 0.00299266  
215, 23.6889, 71.1133, 180.618, 0.999698, 0.00373178, 0.0242834, -0.00371309, 0.999993, -0.00081476, -0.0242862, 0.000724347, 0.999705, 0.00340596  
216, 23.6759, 71.1092, 180.6, 0.999673, 0.00352373, 0.0253309, -0.00352561, 0.999994, 2.97592e-005, -0.0253306, -0.000119056, 0.999679, 0.00304786  
217, 23.6631, 71.1179, 180.624, 0.999668, 0.00300656, 0.0256029, -0.00300213, 0.999995, -0.000211268, -0.0256035, 0.000134334, 0.999672, 0.00284287  
218, 23.6761, 71.1181, 180.603, 0.999702, 0.00257315, 0.0242708, -0.00255543, 0.999996, -0.000761197, -0.0242727, 0.000698948, 0.999705, 0.00277408  
219, 23.6814, 71.1105, 180.591, 0.999679, 0.00323609, 0.0251425, -0.00326529, 0.999994, 0.00112043, -0.0251387, -0.00120217, 0.999683, 0.00293469  
220, 23.677, 71.1129, 180.603, 0.999694, 0.00328338, 0.024498, -0.00326435, 0.999994, -0.0008169, -0.0245006, 0.00073668, 0.9997, 0.00302705  
221, 23.6723, 71.104, 180.623, 0.999682, 0.00285271, 0.0250433, -0.00286349, 0.999996, 0.0003946, -0.025042, -0.000466186, 0.999686, 0.0029222  
222, 23.6687, 71.1033, 180.623, 0.99967, 0.00295346, 0.0255096, -0.00296768, 0.999995, 0.000519769, -0.025508, -0.000595302, 0.999674, 0.00283927  
223, 23.6751, 71.1131, 180.643, 0.999692, 0.00283424, 0.0246629, -0.00282872, 0.999996, -0.000258624, -0.0246635, 0.000188779, 0.999696, 0.00295632  
224, 23.6571, 71.0981, 180.617, 0.999693, 0.00308532, 0.0245923, -0.00307471, 0.999995, -0.000469429, -0.0245936, 0.000393671, 0.999697, 0.00293469  
225, 23.6801, 71.1247, 180.601, 0.999695, 0.00258119, 0.0245713, -0.00257769, 0.999997, -0.000173964, -0.0245717, 0.000110574, 0.999698, 0.00303454  
226, 23.675, 71.1326, 180.611, 0.999698, 0.00269756, 0.024437, -0.0027117, 0.999996, 0.000545722, -0.0244354, -0.000611823, 0.999701, 0.00300375  
227, 23.7033, 71.0761, 180.636, 0.999651, 0.00327355, 0.0262186, -0.0032354, 0.999994, -0.00149735, -0.0262233, 0.001412, 0.999655, 0.00294301  
228, 23.6733, 71.0941, 180.59, 0.999687, 0.00245087, 0.0248877, -0.00243107, 0.999997, -0.000825743, -0.0248896, 0.000764982, 0.99969, 0.0029369  
229, 23.6785, 71.1096, 180.618, 0.999695, 0.0034207, 0.0244468, -0.00341621, 0.999994, -0.000225337, -0.0244474, 0.000141753, 0.999701, 0.00304508  
230, 23.6785, 71.1189, 180.601, 0.999693, 0.00295498, 0.0246043, -0.00292179, 0.999995, -0.00138497, -0.0246083, 0.00131266, 0.999696, 0.00308835  
231, 23.658, 71.0869, 180.617, 0.999687, 0.00278861, 0.0248756, -0.00278129, 0.999996, -0.000328709, -0.0248764, 0.00025942, 0.999691, 0.00288809  
232, 23.6852, 71.1192, 180.618, 0.999702, 0.0029657, 0.0242261, -0.00295154, 0.999995, -0.00062042, -0.0242278, 0.000548731, 0.999706, 0.00285147  
233, 23.6764, 71.104, 180.598, 0.999693, 0.00339508, 0.0245483, -0.00340925, 0.999994, 0.00053506, -0.0245463, -0.000618587, 0.999699, 0.00291527  
234, 23.6789, 71.1076, 180.621, 0.999699, 0.00296098, 0.0243548, -0.00295643, 0.999996, -0.000222908, -0.0243554, 0.000150838, 0.999703, 0.00297158  
235, 23.6653, 71.1013, 180.606, 0.9997, 0.0029716, 0.0243301, -0.00295543, 0.999995, -0.000700163, -0.024332, 0.000628046, 0.999704, 0.00291499  
236, 23.6682, 71.1177, 180.606, 0.999683, 0.00322336, 0.0249686, -0.00324005, 0.999995, 0.000628085, -0.0249665, -0.000708786, 0.999688, 0.00293385  
237, 23.6785, 71.1272, 180.605, 0.99971, 0.00298464, 0.0239126, -0.00294655, 0.999994, -0.00162805, -0.0239173, 0.00155712, 0.999713, 0.00283289  
238, 23.6872, 71.1108, 180.661, 0.999646, 0.00297465, 0.026454, -0.00296181, 0.999995, -0.000524451, -0.0264554, 0.000445914, 0.99965, 0.00295882  
239, 23.6799, 71.0992, 180.59, 0.99971, 0.00293648, 0.0238957, -0.0029246, 0.999996, -0.000532109, -0.0238972, 0.00046207, 0.999714, 0.00315382  
240, 23.6669, 71.1152, 180.601, 0.999661, 0.00309423, 0.0258527, -0.00310669, 0.999995, 0.00044177, -0.0258512, -0.000521936, 0.999666, 0.00298156  
241, 23.682, 71.1405, 180.617, 0.999691, 0.00289359, 0.0246929, -0.00290442, 0.999996, 0.00040266, -0.0246916, -0.000474254, 0.999695, 0.00298434  
242, 23.7179, 71.1194, 180.641, 0.999662, 0.00301621, 0.0258356, -0.00297988, 0.999995, -0.0014444, -0.0258398, 0.00136692, 0.999665, 0.00282457  
243, 23.677, 71.1395, 180.612, 0.999694, 0.00304113, 0.0245477, -0.00301946, 0.999995, -0.000919769, -0.0245504, 0.000845367, 0.999698, 0.00295743  
244, 23.6597, 71.1275, 180.595, 0.999665, 0.0034043, 0.0256462, -0.00342721, 0.999994, 0.000849147, -0.0256432, -0.000936758, 0.999671, 0.0028867  
245, 23.66, 71.1379, 180.61, 0.999653, 0.00362708, 0.0260909, -0.00366799, 0.999992, 0.00152024, -0.0260852, -0.00161541, 0.999658, 0.00303399  
246, 23.6699, 71.1309, 180.592, 0.999663, 0.00324133, 0.0257413, -0.00324812, 0.999995, 0.00022178, -0.0257405, -0.000305316, 0.999669, 0.00279156  
247, 23.6698, 71.1371, 180.59, 0.999692, 0.00282962, 0.0246748, -0.00282571, 0.999996, -0.000193208, -0.0246752, 0.000123424, 0.999696, 0.00281513  
248, 23.7059, 71.147, 180.647, 0.999641, 0.00302267, 0.0266258, -0.00301785, 0.999995, -0.000221316, -0.0266264, 0.000140883, 0.999645, 0.00298323  
249, 23.6522, 71.1452, 180.616, 0.99967, 0.00311167, 0.02548, -0.0031108, 0.999995, -7.40911e-005, -0.0254801, -5.19621e-006, 0.999675, 0.0028609  
250, 23.6578, 71.1527, 180.581, 0.999677, 0.00306914, 0.0252174, -0.00308837, 0.999995, 0.000723724, -0.0252151, -0.000801371, 0.999682, 0.0030534  
251, 23.6467, 71.1194, 180.598, 0.999696, 0.00308966, 0.0244422, -0.00305844, 0.999994, -0.00131449, -0.0244462, 0.00123934, 0.9997, 0.00287644  
252, 23.6299, 71.1425, 180.635, 0.999685, 0.00227747, 0.0250016, -0.0022756, 0.999997, -0.000103373, -0.0250018, 4.64471e-005, 0.999687, 0.00290334  
253, 23.6539, 71.1528, 180.608, 0.99971, 0.00301621, 0.0238861, -0.00299321, 0.999995, -0.000998441, -0.023889, 0.000926655, 0.999714, 0.00293163  
254, 23.6442, 71.138, 180.627, 0.999692, 0.00274475, 0.0246834, -0.00272989, 0.999996, -0.000635677, -0.0246851, 0.000568098, 0.999695, 0.00310361  
255, 23.6413, 71.1582, 180.612, 0.9997, 0.00264472, 0.0243392, -0.00263135, 0.999996, -0.000581002, -0.0243407, 0.000516783, 0.999704, 0.00315881  
256, 23.6473, 71.1488, 180.615, 0.999688, 0.00298258, 0.0247975, -0.00295966, 0.999995, -0.000960929, -0.0248003, 0.000887237, 0.999692, 0.00299377  
257, 23.6662, 71.1546, 180.605, 0.999684, 0.00289232, 0.0249741, -0.00290117, 0.999996, 0.000317794, -0.024973, -0.000390147, 0.999688, 0.00284592  
258, 23.6455, 71.134, 180.6, 0.999685, 0.00324196, 0.0248691, -0.00326755, 0.999994, 0.000988274, -0.0248657, -0.00106922, 0.99969, 0.0030301  
259, 23.6712, 71.136, 180.658, 0.99964, 0.00328755, 0.0266203, -0.00324959, 0.999994, -0.00146909, -0.026625, 0.00138206, 0.999645, 0.00305895  
260, 23.6417, 71.1653, 180.611, 0.999711, 0.00260448, 0.0239069, -0.00257395, 0.999996, -0.00130773, -0.0239102, 0.00124581, 0.999713, 0.00313828  
261, 23.6453, 71.144, 180.617, 0.999707, 0.00296894, 0.0240064, -0.00295671, 0.999995, -0.000545186, -0.024008, 0.000474047, 0.999712, 0.00287727  
262, 23.6337, 71.1701, 180.617, 0.999672, 0.00289487, 0.0254522, -0.00288598, 0.999996, -0.000386051, -0.0254532, 0.000312469, 0.999676, 0.00290695  
263, 23.6335, 71.1502, 180.621, 0.999685, 0.00274208, 0.0249617, -0.00272017, 0.999996, -0.00091193, -0.0249641, 0.000843743, 0.999688, 0.00305729  
264, 23.64, 71.1526, 180.605, 0.999699, 0.00293223, 0.0243587, -0.00291082, 0.999995, -0.000914262, -0.0243612, 0.000843083, 0.999703, 0.00319015  
265, 23.662, 71.1763, 180.625, 0.999708, 0.00271418, 0.02403, -0.00268046, 0.999995, -0.0014353, -0.0240338, 0.00137047, 0.99971, 0.00294634  
266, 23.6785, 71.1736, 180.629, 0.999718, 0.00256307, 0.0236124, -0.00254111, 0.999996, -0.000959888, -0.0236148, 0.000899616, 0.999721, 0.0029455  
267, 23.6676, 71.1735, 180.611, 0.999709, 0.0027645, 0.023981, -0.00274723, 0.999996, -0.000753061, -0.023983, 0.00068696, 0.999712, 0.00281985  
268, 23.653, 71.1469, 180.601, 0.999688, 0.00349197, 0.0247346, -0.00348324, 0.999994, -0.000396269, -0.0247359, 0.000309989, 0.999694, 0.00292026  
269, 23.6533, 71.1307, 180.589, 0.999681, 0.00315907, 0.0250764, -0.00315747, 0.999995, -0.00010342, -0.0250766, 2.42087e-005, 0.999686, 0.00302428  
270, 23.671, 71.1422, 180.585, 0.999675, 0.00347119, 0.0252747, -0.00348926, 0.999994, 0.000670824, -0.0252723, -0.000758796, 0.99968, 0.0030387  
