0, 0, 0, 0, 0, 0, 0, 0, 0, 0, 0, 0, 0, 0.00680581  
1, 3.30393, -24.9081, 180.937, 0.994367, -0.105367, -0.0114762, 0.105359, 0.994433, -0.00128549, 0.0115478, 6.91335e-005, 0.999933, 0.00268865  
2, 3.2894, -24.9373, 180.928, 0.994389, -0.105312, -0.00998991, 0.105322, 0.994438, 0.000435585, 0.00988848, -0.00148529, 0.99995, 0.00290778  
3, 3.31676, -24.9257, 180.92, 0.994388, -0.105186, -0.0112896, 0.105179, 0.994453, -0.00119312, 0.0113524, -1.00502e-006, 0.999936, 0.00295022  
4, 3.30597, -24.9327, 180.932, 0.99436, -0.10543, -0.0115094, 0.105433, 0.994426, -0.000305624, 0.0114775, -0.000909574, 0.999934, 0.00311082  
5, 3.33419, -24.9244, 180.93, 0.994405, -0.104983, -0.0117192, 0.104978, 0.994474, -0.00102003, 0.0117615, -0.000215932, 0.999931, 0.00277214  
6, 3.30478, -24.9323, 180.926, 0.994368, -0.10537, -0.0113646, 0.105371, 0.994433, -0.000538236, 0.0113581, -0.000662297, 0.999935, 0.00282068  
7, 3.30369, -24.9107, 180.944, 0.994358, -0.105458, -0.0114609, 0.105451, 0.994424, -0.00115567, 0.0115188, -5.94181e-005, 0.999934, 0.00284232  
8, 3.31791, -24.9533, 180.925, 0.994446, -0.104749, -0.0102801, 0.104752, 0.994498, -0.000262395, 0.010251, -0.00081592, 0.999947, 0.0029358  
9, 3.30258, -24.9628, 180.917, 0.994421, -0.104923, -0.010903, 0.104923, 0.99448, -0.000597454, 0.0109055, -0.000549856, 0.99994, 0.00280626  
10, 3.30044, -24.936, 180.917, 0.994364, -0.105379, -0.0116598, 0.105368, 0.994432, -0.00154426, 0.0117576, 0.000306991, 0.999931, 0.00291277  
11, 3.29394, -24.9406, 180.917, 0.994396, -0.105187, -0.0105989, 0.105189, 0.994452, -0.000317561, 0.0105735, -0.000799105, 0.999944, 0.0030853  
12, 3.29279, -24.9414, 180.927, 0.994354, -0.10558, -0.0106699, 0.105578, 0.994411, -0.000716157, 0.0106859, -0.0004144, 0.999943, 0.0045091  
13, 3.31294, -24.9225, 180.944, 0.994335, -0.105631, -0.0118334, 0.105621, 0.994405, -0.00146436, 0.0119218, 0.000206215, 0.999929, 0.00302955  
14, 3.30807, -24.9124, 180.924, 0.994324, -0.105801, -0.0112332, 0.105801, 0.994387, -0.000614304, 0.0112351, -0.000577662, 0.999937, 0.00279183  
15, 3.29172, -24.9288, 180.953, 0.994354, -0.105579, -0.0106319, 0.105576, 0.994411, -0.000797399, 0.0106567, -0.000329583, 0.999943, 0.00272083  
16, 3.29927, -24.9317, 180.919, 0.994393, -0.10513, -0.0114503, 0.105128, 0.994458, -0.000743025, 0.0114649, -0.000464889, 0.999934, 0.00294051  
17, 3.29058, -24.9522, 180.929, 0.994403, -0.105029, -0.0115047, 0.105041, 0.994468, 0.000489046, 0.0113897, -0.00169477, 0.999934, 0.00292636  
18, 3.28068, -24.9397, 180.931, 0.994379, -0.105213, -0.0118324, 0.105207, 0.99445, -0.00110236, 0.0118827, -0.000148694, 0.999929, 0.00281652  
19, 3.31581, -24.9305, 180.918, 0.994408, -0.104953, -0.0117255, 0.104942, 0.994477, -0.00154533, 0.0118229, 0.000306198, 0.99993, 0.00291777  
20, 3.2779, -24.9366, 180.927, 0.994372, -0.105376, -0.0109891, 0.105382, 0.994432, -0.00012191, 0.0109408, -0.00103682, 0.99994, 0.00271722  
21, 3.29669, -24.9175, 180.939, 0.994339, -0.105615, -0.0116118, 0.105612, 0.994407, -0.000856736, 0.0116373, -0.000374452, 0.999932, 0.00281902  
22, 3.29961, -24.9356, 180.928, 0.994375, -0.105284, -0.0115901, 0.105288, 0.994442, -0.000268732, 0.011554, -0.000953076, 0.999933, 0.00292858  
23, 3.30814, -24.9341, 180.927, 0.994344, -0.105547, -0.0117839, 0.10555, 0.994414, -0.000378887, 0.0117581, -0.000867054, 0.99993, 0.00280543  
24, 3.32006, -24.9329, 180.926, 0.994365, -0.105367, -0.0116745, 0.105344, 0.994433, -0.00256902, 0.0118802, 0.0013247, 0.999929, 0.00288892  
25, 3.31246, -24.9283, 180.928, 0.994326, -0.105792, -0.0110951, 0.105794, 0.994388, -0.000421059, 0.0110774, -0.000755125, 0.999938, 0.00280321  
26, 3.28449, -24.9357, 180.936, 0.994384, -0.105295, -0.0106477, 0.105298, 0.994441, -0.000248409, 0.0106147, -0.000874175, 0.999943, 0.00292581  
27, 3.29829, -24.9357, 180.92, 0.994366, -0.105406, -0.0112154, 0.105409, 0.994429, -0.000307982, 0.0111854, -0.000875961, 0.999937, 0.00291943  
28, 3.31744, -24.9265, 180.931, 0.994443, -0.104663, -0.0113342, 0.104662, 0.994508, -0.000666601, 0.0113417, -0.000523362, 0.999936, 0.00287089  
29, 3.29101, -24.9347, 180.929, 0.994335, -0.105716, -0.0110586, 0.10571, 0.994396, -0.0010505, 0.0111077, -0.000124461, 0.999938, 0.00287006  
30, 3.31434, -24.9279, 180.947, 0.994365, -0.105418, -0.0111579, 0.105408, 0.994428, -0.00152708, 0.0112567, 0.000342348, 0.999937, 0.0027763  
31, 3.29363, -24.9155, 180.933, 0.994358, -0.105476, -0.0112684, 0.105481, 0.994421, -0.000134077, 0.0112196, -0.00105528, 0.999937, 0.00288393  
32, 3.30516, -24.8837, 180.954, 0.994374, -0.105241, -0.0120558, 0.105218, 0.994446, -0.00251638, 0.0122537, 0.00123373, 0.999924, 0.00293247  
33, 3.31553, -24.928, 180.939, 0.994345, -0.105593, -0.0113435, 0.105588, 0.994409, -0.00109503, 0.0113957, -0.000108901, 0.999935, 0.0027702  
34, 3.28428, -24.9222, 180.926, 0.994316, -0.105941, -0.0106138, 0.10594, 0.994372, -0.000663767, 0.0106244, -0.000464437, 0.999943, 0.00285064  
35, 3.28765, -24.9402, 180.944, 0.994357, -0.105581, -0.0103289, 0.105591, 0.99441, 0.000362104, 0.010233, -0.0014507, 0.999947, 0.00284398  
36, 3.31109, -24.9094, 180.937, 0.994369, -0.105391, -0.0111175, 0.10539, 0.994431, -0.000640359, 0.0111231, -0.000534918, 0.999938, 0.00284121  
37, 3.3099, -24.9162, 180.958, 0.994346, -0.105517, -0.0119233, 0.105505, 0.994417, -0.00161085, 0.0120267, 0.00034377, 0.999928, 0.0029799  
38, 3.3124, -24.9282, 180.943, 0.994349, -0.105541, -0.0114852, 0.105528, 0.994415, -0.00171412, 0.0116019, 0.000492429, 0.999933, 0.00282706  
39, 3.31132, -24.9246, 180.937, 0.994304, -0.10598, -0.0113274, 0.105968, 0.994368, -0.00162018, 0.0114353, 0.000410617, 0.999935, 0.00291638  
40, 3.30651, -24.9419, 180.944, 0.994388, -0.105206, -0.011119, 0.105202, 0.99445, -0.000945705, 0.0111568, -0.00022934, 0.999938, 0.00281874  
41, 3.3125, -24.8986, 180.899, 0.994397, -0.105146, -0.0109047, 0.105153, 0.994456, 3.47454e-005, 0.0108406, -0.00118121, 0.999941, 0.0028548  
42, 3.3058, -24.9125, 180.931, 0.994321, -0.10578, -0.0116759, 0.10577, 0.99439, -0.00143217, 0.0117619, 0.000189076, 0.999931, 0.00295993  
43, 3.32611, -24.8916, 180.918, 0.994409, -0.105008, -0.0110985, 0.105006, 0.994471, -0.000773326, 0.0111184, -0.000396408, 0.999938, 0.00288087  
44, 3.32674, -24.9191, 180.926, 0.994314, -0.105921, -0.0109251, 0.105912, 0.994374, -0.00146127, 0.0110184, 0.000295869, 0.999939, 0.00291  
45, 3.30213, -24.9266, 180.924, 0.994412, -0.104927, -0.0115981, 0.104929, 0.99448, -0.000427227, 0.0115789, -0.000792136, 0.999933, 0.00277381  
46, 3.32251, -24.9286, 180.926, 0.994375, -0.105376, -0.0106962, 0.105373, 0.994432, -0.000841622, 0.0107254, -0.000290211, 0.999942, 0.00309557  
47, 3.33359, -24.9337, 180.934, 0.994426, -0.104811, -0.0114448, 0.104824, 0.994491, 0.000558957, 0.0113231, -0.00175553, 0.999934, 0.00300708  
48, 3.3318, -24.9169, 180.904, 0.994383, -0.105214, -0.0115263, 0.105211, 0.99445, -0.000860993, 0.0115529, -0.000356535, 0.999933, 0.0030473  
49, 3.30544, -24.9201, 180.927, 0.994387, -0.10518, -0.0114579, 0.105173, 0.994453, -0.00115705, 0.011516, -5.45067e-005, 0.999934, 0.00287671  
50, 3.30625, -24.936, 180.945, 0.994312, -0.105846, -0.0118142, 0.105839, 0.994383, -0.00121515, 0.0118764, -4.21572e-005, 0.999929, 0.00276216  
51, 3.28271, -24.9379, 180.92, 0.99435, -0.105592, -0.0109041, 0.105594, 0.994409, -0.000403655, 0.0108858, -0.000750035, 0.99994, 0.00291971  
52, 3.30844, -24.8952, 180.936, 0.994307, -0.105936, -0.0114843, 0.105934, 0.994373, -0.000838896, 0.0115085, -0.000382454, 0.999934, 0.00289807  
53, 3.29087, -24.9394, 180.929, 0.994374, -0.105336, -0.0111888, 0.105334, 0.994437, -0.000722081, 0.0112026, -0.000460539, 0.999937, 0.00290417  
54, 3.30404, -24.9304, 180.936, 0.994326, -0.105784, -0.0112073, 0.105774, 0.994389, -0.00141391, 0.011294, 0.000220447, 0.999936, 0.00290861  
55, 3.30084, -24.9275, 180.928, 0.994401, -0.105091, -0.0110743, 0.105088, 0.994463, -0.000883654, 0.0111059, -0.000285068, 0.999938, 0.00272443  
56, 3.30405, -24.9288, 180.946, 0.994352, -0.105567, -0.0109575, 0.10556, 0.994412, -0.00116061, 0.0110188, -2.62034e-006, 0.999939, 0.00293413  
57, 3.32731, -24.9037, 180.921, 0.994396, -0.105048, -0.0118858, 0.105042, 0.994467, -0.00113187, 0.0119389, -0.000122977, 0.999929, 0.00298961  
58, 3.31685, -24.9066, 180.926, 0.994389, -0.105147, -0.0115907, 0.105151, 0.994456, -0.000232282, 0.0115509, -0.000987798, 0.999933, 0.00299488  
59, 3.30561, -24.9069, 180.948, 0.99435, -0.105569, -0.0111066, 0.105561, 0.994412, -0.00132089, 0.011184, 0.000140995, 0.999937, 0.0030878  
60, 3.30747, -24.9303, 180.919, 0.994415, -0.104974, -0.0109295, 0.104972, 0.994475, -0.000790267, 0.010952, -0.000361433, 0.99994, 0.00286562  
61, 3.2973, -24.9321, 180.945, 0.994379, -0.10536, -0.0104654, 0.105361, 0.994434, -0.000434763, 0.010453, -0.000670325, 0.999945, 0.00310833  
62, 3.29778, -24.9488, 180.9, 0.994387, -0.105219, -0.0111477, 0.105223, 0.994449, -0.000216766, 0.0111087, -0.000957448, 0.999938, 0.00300403  
63, 3.30543, -24.9173, 180.933, 0.994397, -0.105111, -0.0112417, 0.105109, 0.99446, -0.000817255, 0.0112654, -0.000368929, 0.999936, 0.00276604  
64, 3.30793, -24.9137, 180.905, 0.994376, -0.105266, -0.0116402, 0.105262, 0.994444, -0.00103548, 0.0116845, -0.000195608, 0.999932, 0.00293302  
65, 3.32142, -24.9332, 180.902, 0.994373, -0.105265, -0.011869, 0.105243, 0.994443, -0.0024596, 0.012062, 0.00119663, 0.999927, 0.00300375  
66, 3.2922, -24.9153, 180.947, 0.994346, -0.10555, -0.0116704, 0.105537, 0.994414, -0.00171422, 0.0117861, 0.000472873, 0.99993, 0.00298212  
67, 3.30722, -24.9338, 180.933, 0.994421, -0.104965, -0.0104496, 0.104969, 0.994475, -0.000203435, 0.0104132, -0.000894583, 0.999945, 0.00296853  
68, 3.29694, -24.9375, 180.923, 0.994417, -0.104897, -0.0114748, 0.104904, 0.994482, -9.87407e-006, 0.0114126, -0.00119394, 0.999934, 0.00289003  
69, 3.30437, -24.9389, 180.919, 0.994373, -0.105251, -0.0120065, 0.105246, 0.994446, -0.00100349, 0.0120454, -0.000265799, 0.999927, 0.00289974  
70, 3.30004, -24.9466, 180.932, 0.99434, -0.105639, -0.0113571, 0.10563, 0.994404, -0.00140303, 0.0114418, 0.000195437, 0.999935, 0.00277713  
71, 3.30241, -24.9285, 180.948, 0.994375, -0.105375, -0.010719, 0.105381, 0.994432, -1.45581e-005, 0.0106608, -0.0011151, 0.999943, 0.00293912  
72, 3.32001, -24.929, 180.918, 0.994387, -0.1052, -0.011262, 0.105187, 0.994451, -0.0017733, 0.0113861, 0.000578728, 0.999935, 0.00295632  
73, 3.3175, -24.9253, 180.924, 0.99442, -0.104837, -0.0117648, 0.104847, 0.994488, 0.000204598, 0.0116785, -0.00143696, 0.999931, 0.00277991  
74, 3.31465, -24.936, 180.939, 0.99438, -0.105298, -0.0109857, 0.1053, 0.99444, -0.000415276, 0.0109684, -0.00074385, 0.99994, 0.0029039  
75, 3.33007, -24.9247, 180.912, 0.994436, -0.104776, -0.0108912, 0.104779, 0.994496, -0.000337406, 0.0108666, -0.000805641, 0.999941, 0.00280626  
76, 3.3148, -24.9022, 180.93, 0.994359, -0.105462, -0.0113092, 0.105462, 0.994423, -0.000643904, 0.011314, -0.000552416, 0.999936, 0.00298711  
77, 3.31034, -24.9081, 180.926, 0.994311, -0.105824, -0.0121309, 0.105809, 0.994385, -0.00192482, 0.0122665, 0.000630313, 0.999925, 0.00297241  
78, 3.32506, -24.909, 180.924, 0.994439, -0.104736, -0.0110572, 0.104732, 0.9945, -0.000919527, 0.0110927, -0.000243633, 0.999938, 0.00283039  
79, 3.29243, -24.9392, 180.934, 0.994407, -0.105007, -0.0113042, 0.105014, 0.994471, 4.9869e-005, 0.0112364, -0.00123669, 0.999936, 0.00298877  
80, 3.29279, -24.937, 180.919, 0.994431, -0.104801, -0.0110847, 0.104793, 0.994493, -0.0012567, 0.0111554, 8.80979e-005, 0.999938, 0.00286312  
81, 3.31716, -24.9218, 180.924, 0.994439, -0.104767, -0.0107526, 0.104765, 0.994497, -0.000826735, 0.0107801, -0.000304357, 0.999942, 0.0030645  
82, 3.31863, -24.9324, 180.924, 0.994409, -0.104948, -0.0116551, 0.104946, 0.994478, -0.000823671, 0.0116772, -0.000404089, 0.999932, 0.00302206  
83, 3.32419, -24.9334, 180.936, 0.994424, -0.104827, -0.011502, 0.104823, 0.99449, -0.000945073, 0.0115377, -0.000265869, 0.999933, 0.0027788  
84, 3.33137, -24.9153, 180.92, 0.994384, -0.105197, -0.0115878, 0.105199, 0.994451, -0.000420696, 0.0115677, -0.000800693, 0.999933, 0.00297907  
85, 3.31103, -24.9341, 180.907, 0.9944, -0.105125, -0.0108114, 0.105114, 0.994459, -0.00159216, 0.0109189, 0.000446811, 0.99994, 0.0029272  
86, 3.3056, -24.9145, 180.929, 0.994383, -0.105292, -0.0108034, 0.105305, 0.99444, 0.000640781, 0.0106758, -0.00177484, 0.999941, 0.00300542  
87, 3.30334, -24.9059, 180.94, 0.994369, -0.105435, -0.0106519, 0.105426, 0.994426, -0.00143807, 0.0107442, 0.000306979, 0.999942, 0.00286534  
88, 3.3263, -24.9363, 180.908, 0.994435, -0.104793, -0.0108513, 0.104799, 0.994493, -3.6589e-005, 0.0107954, -0.00110082, 0.999941, 0.00274413  
89, 3.30311, -24.9021, 180.914, 0.994382, -0.105197, -0.011751, 0.105183, 0.994451, -0.00176995, 0.011872, 0.000523997, 0.999929, 0.00376905  
90, 3.33249, -24.9054, 180.913, 0.994403, -0.104968, -0.0120536, 0.104967, 0.994475, -0.000776814, 0.0120685, -0.000492758, 0.999927, 0.00284703  
91, 3.30965, -24.9131, 180.948, 0.994338, -0.105708, -0.0108835, 0.10571, 0.994397, -0.000357739, 0.0108603, -0.000794781, 0.999941, 0.00302123  
92, 3.28457, -24.8967, 180.958, 0.994353, -0.105528, -0.0112449, 0.105529, 0.994416, -0.000569522, 0.0112422, -0.000620354, 0.999937, 0.00313745  
93, 3.30354, -24.9139, 180.934, 0.994373, -0.105317, -0.0114536, 0.105315, 0.994439, -0.000791034, 0.0114732, -0.000419654, 0.999934, 0.00275688  
94, 3.31168, -24.9247, 180.935, 0.994382, -0.105247, -0.0112624, 0.105249, 0.994446, -0.000419157, 0.011244, -0.000768557, 0.999936, 0.00292442  
95, 3.32476, -24.907, 180.917, 0.994404, -0.105022, -0.0114202, 0.105027, 0.994469, -0.000118341, 0.0113695, -0.00108175, 0.999935, 0.00277491  
96, 3.32652, -24.9109, 180.932, 0.994378, -0.105268, -0.0114192, 0.105267, 0.994444, -0.000732828, 0.0114329, -0.00047335, 0.999935, 0.00304675  
97, 3.3145, -24.954, 180.896, 0.994354, -0.105604, -0.0103842, 0.105611, 0.994408, 9.50349e-005, 0.0103161, -0.00119119, 0.999946, 0.00285757  
98, 3.31084, -24.8947, 180.947, 0.994365, -0.10537, -0.0115915, 0.105366, 0.994433, -0.000985764, 0.0116308, -0.000241137, 0.999932, 0.00273192  
99, 3.29694, -24.9189, 180.935, 0.994385, -0.10515, -0.0119417, 0.105148, 0.994456, -0.000745247, 0.0119539, -0.000514587, 0.999928, 0.00290001  
100, 3.29519, -24.9544, 180.915, 0.994405, -0.105073, -0.0108696, 0.105085, 0.994463, 0.000533749, 0.0107533, -0.00167299, 0.999941, 0.00289863  
101, 3.28825, -24.9274, 180.92, 0.994403, -0.105077, -0.0110604, 0.105067, 0.994464, -0.00147825, 0.0111545, 0.000307892, 0.999938, 0.00267201  
102, 3.33447, -24.9167, 180.912, 0.994379, -0.105306, -0.0110007, 0.105297, 0.99444, -0.00135426, 0.0110821, 0.000188312, 0.999939, 0.00269531  
103, 3.29856, -24.9356, 180.939, 0.99442, -0.10498, -0.0104007, 0.104988, 0.994473, 0.000182002, 0.0103241, -0.00127294, 0.999946, 0.00298905  
104, 3.30935, -24.8992, 180.942, 0.994386, -0.105178, -0.011596, 0.105172, 0.994453, -0.00112268, 0.0116497, -0.000103201, 0.999932, 0.00286118  
105, 3.29903, -24.9077, 180.952, 0.994332, -0.105655, -0.011856, 0.105654, 0.994403, -0.000724694, 0.0118662, -0.000532042, 0.999929, 0.00288337  
106, 3.30103, -24.9271, 180.925, 0.994349, -0.105465, -0.0120961, 0.105462, 0.994423, -0.000917028, 0.0121253, -0.000363821, 0.999926, 0.00285008  
107, 3.28312, -24.9285, 180.938, 0.994312, -0.105858, -0.0117368, 0.105847, 0.994381, -0.00154669, 0.0118346, 0.000295578, 0.99993, 0.0027494  
108, 3.29323, -24.9385, 180.929, 0.994428, -0.104782, -0.0115797, 0.104783, 0.994495, -0.000490789, 0.0115674, -0.000725304, 0.999933, 0.0029039  
109, 3.29401, -24.9328, 180.926, 0.994347, -0.105558, -0.011483, 0.105546, 0.994413, -0.00161157, 0.0115889, 0.000390476, 0.999933, 0.00294439  
110, 3.30292, -24.938, 180.919, 0.994406, -0.105086, -0.0107058, 0.105091, 0.994463, -0.000106806, 0.0106577, -0.00101887, 0.999943, 0.00276021  
111, 3.30514, -24.9293, 180.927, 0.99433, -0.105691, -0.0116752, 0.105672, 0.994399, -0.00221672, 0.0118441, 0.000970407, 0.999929, 0.0030154  
112, 3.28947, -24.9184, 180.93, 0.994416, -0.104971, -0.010846, 0.104968, 0.994475, -0.000844564, 0.0108747, -0.000298638, 0.999941, 0.00284981  
113, 3.31657, -24.9306, 180.925, 0.994335, -0.105744, -0.0108196, 0.105751, 0.994393, 3.64655e-005, 0.0107551, -0.00118044, 0.999941, 0.00278462  
114, 3.32181, -24.939, 180.921, 0.994418, -0.104919, -0.0112128, 0.104902, 0.99448, -0.00209513, 0.0113707, 0.000907192, 0.999935, 0.00292109  
115, 3.31363, -24.8996, 180.917, 0.994357, -0.105447, -0.011641, 0.105436, 0.994425, -0.00151631, 0.011736, 0.000280365, 0.999931, 0.00298045  
116, 3.27379, -24.9149, 180.956, 0.994292, -0.106038, -0.011797, 0.106028, 0.994362, -0.00149219, 0.0118887, 0.000232863, 0.999929, 0.00292137  
117, 3.30138, -24.9499, 180.914, 0.994456, -0.104572, -0.0110714, 0.104572, 0.994517, -0.000593827, 0.0110728, -0.000567229, 0.999939, 0.00300126  
118, 3.28449, -24.939, 180.909, 0.994372, -0.105391, -0.0108473, 0.105384, 0.994431, -0.00121034, 0.0109144, 6.03894e-005, 0.99994, 0.00285785  
119, 3.31511, -24.9233, 180.911, 0.994398, -0.105014, -0.0120421, 0.105006, 0.994471, -0.00129818, 0.0121119, 2.64225e-005, 0.999927, 0.00291388  
120, 3.30561, -24.9319, 180.926, 0.994352, -0.105422, -0.012294, 0.105413, 0.994428, -0.00139632, 0.0123727, 9.24844e-005, 0.999923, 0.00286201  
121, 3.29347, -24.9252, 180.938, 0.994374, -0.105289, -0.0116196, 0.105291, 0.994441, -0.000494997, 0.0116071, -0.000731219, 0.999932, 0.00286007  
122, 3.30677, -24.939, 180.923, 0.994367, -0.1054, -0.0111674, 0.105399, 0.99443, -0.000692612, 0.0111781, -0.000488316, 0.999937, 0.00296853  
123, 3.3165, -24.9321, 180.918, 0.994427, -0.104787, -0.0116276, 0.104789, 0.994494, -0.000469815, 0.0116128, -0.000751242, 0.999932, 0.0028082  
124, 3.29753, -24.9237, 180.932, 0.994402, -0.105047, -0.0114253, 0.105063, 0.994465, 0.000780831, 0.0112801, -0.00197684, 0.999934, 0.00289918  
125, 3.30816, -24.9281, 180.925, 0.994417, -0.104878, -0.0116701, 0.104882, 0.994485, -0.000354319, 0.0116429, -0.000871638, 0.999932, 0.00285258  
126, 3.28924, -24.9234, 180.943, 0.994368, -0.105387, -0.0112266, 0.105389, 0.994431, -0.000421149, 0.0112084, -0.000764375, 0.999937, 0.00286035  
127, 3.31553, -24.9179, 180.929, 0.994447, -0.104681, -0.0108607, 0.104689, 0.994505, 0.000141283, 0.0107863, -0.00127749, 0.999941, 0.00300459  
128, 3.29693, -24.9268, 180.932, 0.994407, -0.104975, -0.0115765, 0.104975, 0.994475, -0.000674829, 0.0115834, -0.000544182, 0.999933, 0.00279156  
129, 3.31366, -24.9142, 180.925, 0.994355, -0.105478, -0.0114941, 0.105474, 0.994422, -0.000934388, 0.0115286, -0.000283222, 0.999934, 0.00292304  
130, 3.32424, -24.9282, 180.903, 0.994407, -0.104949, -0.0118744, 0.10494, 0.994478, -0.00133209, 0.0119486, 7.85357e-005, 0.999929, 0.00287089  
131, 3.3093, -24.9219, 180.92, 0.994352, -0.10557, -0.0109547, 0.105557, 0.994412, -0.00171848, 0.0110749, 0.000552431, 0.999939, 0.00270612  
132, 3.3095, -24.9222, 180.904, 0.994403, -0.105098, -0.0108033, 0.105106, 0.994461, 0.000205917, 0.0107218, -0.00134026, 0.999942, 0.00270002  
133, 3.29339, -24.9355, 180.924, 0.994359, -0.105488, -0.0110764, 0.105494, 0.99442, -3.44216e-005, 0.0110182, -0.00113427, 0.999939, 0.0028548  
134, 3.28803, -24.9299, 180.968, 0.994355, -0.105472, -0.0115536, 0.105444, 0.994421, -0.00302222, 0.0118079, 0.00178689, 0.999929, 0.00270862  
135, 3.30389, -24.9237, 180.921, 0.994401, -0.105079, -0.0112222, 0.105081, 0.994464, -0.000389677, 0.011201, -0.000791747, 0.999937, 0.00275855  
136, 3.28877, -24.9108, 180.928, 0.994363, -0.105395, -0.0115902, 0.105384, 0.99443, -0.00157285, 0.0116914, 0.00034257, 0.999932, 0.00297851  
137, 3.3109, -24.9374, 180.929, 0.99436, -0.105501, -0.0108046, 0.105498, 0.994419, -0.000830679, 0.010832, -0.000313874, 0.999941, 0.00294634  
138, 3.32154, -24.9161, 180.905, 0.994343, -0.105593, -0.0114717, 0.105583, 0.994409, -0.00152406, 0.0115685, 0.000304227, 0.999933, 0.00277741  
139, 3.30137, -24.9087, 180.932, 0.994378, -0.105293, -0.0112346, 0.105294, 0.994441, -0.000472136, 0.0112218, -0.000713451, 0.999937, 0.0028781  
140, 3.31734, -24.9315, 180.92, 0.994375, -0.10538, -0.0106137, 0.10539, 0.994431, 0.000394405, 0.0105131, -0.00151077, 0.999944, 0.00283344  
141, 3.30178, -24.9357, 180.917, 0.994378, -0.105297, -0.0112118, 0.105291, 0.994441, -0.00105039, 0.0112601, -0.00013602, 0.999937, 0.00295466  
142, 3.32585, -24.9155, 180.924, 0.994354, -0.105459, -0.011801, 0.105436, 0.994423, -0.0025504, 0.0120041, 0.00129175, 0.999927, 0.00449135  
143, 3.30299, -24.9321, 180.945, 0.994395, -0.105126, -0.01129, 0.10512, 0.994459, -0.00106433, 0.0113393, -0.00012844, 0.999936, 0.00278851  
144, 3.33199, -24.9, 180.906, 0.994388, -0.105064, -0.0124052, 0.105059, 0.994465, -0.00107825, 0.0124499, -0.000231085, 0.999922, 0.00279405  
145, 3.29125, -24.9179, 180.928, 0.994403, -0.105042, -0.0113518, 0.105045, 0.994467, -0.000382845, 0.0113292, -0.000811742, 0.999935, 0.00293635  
146, 3.31929, -24.9142, 180.929, 0.994379, -0.105311, -0.0109225, 0.10531, 0.994439, -0.000711625, 0.0109367, -0.000442618, 0.99994, 0.00282817  
147, 3.30396, -24.9233, 180.921, 0.994315, -0.105901, -0.0110977, 0.105899, 0.994377, -0.000811005, 0.0111212, -0.000368835, 0.999938, 0.00294828  
148, 3.33775, -24.8925, 180.926, 0.994363, -0.105423, -0.0113621, 0.105432, 0.994426, 0.000260658, 0.0112713, -0.00145712, 0.999935, 0.00288781  
149, 3.29609, -24.8894, 180.947, 0.994346, -0.105557, -0.0115713, 0.105566, 0.994412, 0.000195226, 0.011486, -0.00141566, 0.999933, 0.00293441  
150, 3.32696, -24.8553, 180.904, 0.994479, -0.104404, -0.0105651, 0.104449, 0.994523, 0.00377852, 0.0101127, -0.00486117, 0.999937, 0.00280959  
151, 3.31545, -24.8151, 180.922, 0.994479, -0.104281, -0.0116763, 0.104311, 0.994543, 0.00198226, 0.0114058, -0.00318929, 0.99993, 0.00298434  
152, 3.28823, -24.7571, 180.899, 0.994475, -0.10438, -0.0111283, 0.104436, 0.994521, 0.00456819, 0.0105905, -0.00570515, 0.999928, 0.00301318  
153, 3.27527, -24.6939, 180.926, 0.994384, -0.105157, -0.0119224, 0.105217, 0.994439, 0.0045122, 0.0113816, -0.0057413, 0.999919, 0.002753  
154, 3.27236, -24.6581, 180.931, 0.994514, -0.104037, -0.0108509, 0.104124, 0.994535, 0.00769497, 0.00999099, -0.00878259, 0.999912, 0.00288587  
155, 3.27433, -24.5601, 180.93, 0.994445, -0.104616, -0.0116263, 0.10472, 0.994463, 0.00876214, 0.0106453, -0.00993098, 0.999894, 0.00287477  
156, 3.25504, -24.5527, 180.918, 0.994595, -0.103238, -0.0110612, 0.103361, 0.994581, 0.0111823, 0.00984678, -0.0122651, 0.999876, 0.00294134  
157, 3.24792, -24.5014, 180.921, 0.994492, -0.104126, -0.0119661, 0.104267, 0.994478, 0.0118991, 0.010661, -0.0130813, 0.999858, 0.00301818  
158, 3.26492, -24.4446, 180.911, 0.994604, -0.103119, -0.0113807, 0.103279, 0.994546, 0.0145161, 0.00982179, -0.0156131, 0.99983, 0.00292997  
159, 3.24774, -24.4022, 180.93, 0.994444, -0.10454, -0.0123438, 0.104732, 0.994371, 0.0160725, 0.0105941, -0.017276, 0.999795, 0.00294245  
160, 3.23101, -24.3854, 180.911, 0.994531, -0.103666, -0.0126805, 0.103882, 0.99443, 0.0178191, 0.0107627, -0.019039, 0.999761, 0.00284149  
161, 3.23879, -24.3162, 180.908, 0.994666, -0.10235, -0.0127714, 0.102619, 0.994463, 0.0226385, 0.0103837, -0.0238283, 0.999662, 0.00298988  
162, 3.24571, -24.2275, 180.925, 0.994697, -0.101969, -0.0133984, 0.102267, 0.994469, 0.0239214, 0.0108851, -0.0251648, 0.999624, 0.00300375  
163, 3.24834, -24.1468, 180.947, 0.994564, -0.103243, -0.0135084, 0.103574, 0.994263, 0.0267038, 0.0106739, -0.0279578, 0.999552, 0.00292581  
164, 3.19425, -24.1117, 180.904, 0.994617, -0.102455, -0.0155151, 0.102909, 0.994173, 0.0320965, 0.0121363, -0.0335204, 0.999364, 0.00301457  
165, 3.21658, -24.0033, 180.993, 0.994636, -0.102559, -0.0134855, 0.102961, 0.994115, 0.0336745, 0.0099525, -0.0348824, 0.999342, 0.00302428  
166, 3.23022, -23.9886, 180.985, 0.994752, -0.101465, -0.0131538, 0.101891, 0.994099, 0.037228, 0.00929886, -0.0383729, 0.99922, 0.00300653  
167, 3.16748, -23.9776, 180.976, 0.994685, -0.102043, -0.0137103, 0.102509, 0.99396, 0.0391812, 0.00962929, -0.0403784, 0.999138, 0.0030706  
168, 3.13178, -23.9056, 180.992, 0.994637, -0.102343, -0.0149423, 0.102886, 0.993815, 0.0417802, 0.0105739, -0.0430934, 0.999015, 0.00293968  
169, 3.06442, -23.8821, 181.017, 0.994607, -0.102708, -0.0144345, 0.103266, 0.993609, 0.0455703, 0.00966184, -0.0468152, 0.998857, 0.00314633  
170, 2.99863, -23.9252, 181.014, 0.994631, -0.102468, -0.0144637, 0.103056, 0.993492, 0.0485063, 0.00939924, -0.0497365, 0.998718, 0.0029419  
171, 2.98143, -23.898, 180.993, 0.994664, -0.102038, -0.0152009, 0.10271, 0.993287, 0.0532174, 0.00966864, -0.0544947, 0.998467, 0.00284232  
172, 2.92293, -23.9, 181.002, 0.994602, -0.102497, -0.0161783, 0.103237, 0.993152, 0.0546885, 0.0104622, -0.0560634, 0.998372, 0.00285896  
173, 2.80143, -23.913, 181.04, 0.994647, -0.102152, -0.015599, 0.1029, 0.992949, 0.0588575, 0.00947664, -0.0601475, 0.998145, 0.0028143  
174, 2.74022, -23.9193, 181.024, 0.994608, -0.102275, -0.0171573, 0.103146, 0.992761, 0.0615272, 0.0107405, -0.0629652, 0.997958, 0.00277103  
175, 2.63305, -23.9025, 181.042, 0.994668, -0.101567, -0.0178821, 0.102513, 0.992673, 0.0639608, 0.0112548, -0.0654529, 0.997792, 0.00271805  
176, 2.51904, -23.9444, 180.997, 0.99475, -0.101038, -0.0162624, 0.101943, 0.992268, 0.0707908, 0.00898411, -0.072077, 0.997359, 0.002834  
177, 2.33776, -23.9626, 181.017, 0.994584, -0.102353, -0.0180941, 0.103406, 0.991992, 0.0725206, 0.0105265, -0.0739988, 0.997203, 0.0028928  
178, 2.24842, -24.0627, 180.85, 0.994621, -0.101269, -0.0217877, 0.102723, 0.991363, 0.0815294, 0.0133432, -0.0833289, 0.996433, 0.00293718  
179, 2.07514, -24.1564, 180.895, 0.994591, -0.101341, -0.0227904, 0.102902, 0.99121, 0.0831552, 0.014163, -0.0850506, 0.996276, 0.00303121  
180, 1.87956, -24.2811, 180.987, 0.994637, -0.101304, -0.0208393, 0.102691, 0.991286, 0.0825066, 0.0122995, -0.0842042, 0.996373, 0.00279821  
181, 1.73409, -24.2546, 180.978, 0.994704, -0.100504, -0.0215121, 0.102049, 0.990676, 0.0902634, 0.0122396, -0.0919807, 0.995686, 0.00305008  
182, 1.54123, -24.3905, 181.023, 0.994637, -0.101031, -0.0221174, 0.102688, 0.990181, 0.0948538, 0.012317, -0.0966163, 0.995245, 0.00281597  
183, 1.31302, -24.5286, 181.034, 0.994582, -0.101316, -0.0232679, 0.103085, 0.990118, 0.0950743, 0.0134054, -0.0969578, 0.995198, 0.00288781  
184, 1.13769, -24.6042, 180.992, 0.994606, -0.100431, -0.0259287, 0.102541, 0.989693, 0.0999672, 0.0156216, -0.102087, 0.994653, 0.00280376  
185, 0.943289, -24.7834, 180.984, 0.994597, -0.100065, -0.0276234, 0.102414, 0.989329, 0.103636, 0.0169583, -0.105905, 0.994232, 0.00277186  
186, 0.720824, -24.9727, 181.02, 0.994555, -0.100231, -0.0285365, 0.102708, 0.989104, 0.105471, 0.0176542, -0.107827, 0.994013, 0.00302733  
187, 0.544995, -25.2117, 181.044, 0.994462, -0.100452, -0.0308958, 0.103255, 0.988657, 0.109069, 0.0195892, -0.111655, 0.993554, 0.00287699  
188, 0.348663, -25.4558, 181.034, 0.994462, -0.100091, -0.032037, 0.103135, 0.988054, 0.114513, 0.0201927, -0.117183, 0.992905, 0.0027763  
189, 0.149371, -25.754, 180.983, 0.994508, -0.0989567, -0.0340807, 0.10237, 0.987483, 0.11999, 0.0217804, -0.12282, 0.99219, 0.00279711  
190, 0.0246101, -26.1794, 180.994, 0.994707, -0.0968555, -0.0343069, 0.100407, 0.987153, 0.124286, 0.0218284, -0.127072, 0.991653, 0.00277214  
191, -0.112663, -26.5213, 181.022, 0.994622, -0.0973206, -0.0354297, 0.101083, 0.986685, 0.127417, 0.0225577, -0.130313, 0.991216, 0.00279849  
192, -0.171261, -27.0463, 180.985, 0.99474, -0.0963172, -0.0348554, 0.10013, 0.986081, 0.132737, 0.0215854, -0.135528, 0.990538, 0.00293524  
193, -0.237824, -27.5029, 180.961, 0.994568, -0.0967267, -0.0384491, 0.101035, 0.985928, 0.133182, 0.0250258, -0.136343, 0.990346, 0.00285924  
194, -0.263006, -27.9884, 180.933, 0.994691, -0.0955473, -0.0382122, 0.100014, 0.985022, 0.140461, 0.0242192, -0.143537, 0.989349, 0.00280515  
195, -0.322292, -28.6437, 180.967, 0.994837, -0.0949573, -0.0357989, 0.0991149, 0.984911, 0.141867, 0.0217874, -0.144683, 0.989238, 0.00277048  
196, -0.210817, -29.3553, 180.736, 0.994449, -0.0952375, -0.0447284, 0.100815, 0.98414, 0.145959, 0.0301182, -0.149658, 0.988279, 0.00282013  
197, -0.097473, -30.1401, 180.722, 0.994586, -0.0937435, -0.0448474, 0.0994771, 0.983674, 0.149963, 0.0300571, -0.153613, 0.987674, 0.00302483  
198, -0.0216894, -30.8831, 180.876, 0.994839, -0.0936589, -0.0390418, 0.0985117, 0.983714, 0.150343, 0.024325, -0.153413, 0.987863, 0.00289114  
199, 0.0512879, -31.5601, 180.899, 0.994876, -0.0934211, -0.038656, 0.0982684, 0.983413, 0.152457, 0.0237722, -0.155474, 0.987554, 0.00283843  
200, 0.287852, -32.5069, 180.935, 0.994884, -0.093048, -0.0393524, 0.0980672, 0.983058, 0.154855, 0.0242767, -0.157922, 0.987153, 0.00285674  
201, 0.438406, -33.4247, 180.998, 0.994929, -0.0926775, -0.0390782, 0.0976088, 0.983416, 0.152855, 0.0242639, -0.155895, 0.987476, 0.00285813  
202, 0.595187, -34.5677, 180.718, 0.994669, -0.0927474, -0.0450741, 0.0988163, 0.98224, 0.159501, 0.0294803, -0.163104, 0.986168, 0.00293968  
203, 0.863424, -35.5229, 180.902, 0.995026, -0.0915376, -0.0393075, 0.0965708, 0.983186, 0.154982, 0.0244598, -0.158007, 0.987135, 0.00288753  
204, 0.985095, -36.5856, 180.824, 0.99499, -0.092812, -0.0371645, 0.097519, 0.982897, 0.156218, 0.0220299, -0.159059, 0.987023, 0.00292359  
205, 1.18657, -37.8502, 180.834, 0.994975, -0.0927161, -0.0378021, 0.0974025, 0.983737, 0.150911, 0.0231954, -0.153835, 0.987824, 0.00284315  
206, 1.37926, -39.0718, 180.774, 0.995056, -0.0918391, -0.0378093, 0.0965797, 0.983535, 0.152749, 0.0231584, -0.155645, 0.987542, 0.00283233  
207, 1.59897, -40.4806, 180.625, 0.995, -0.0900781, -0.0431357, 0.095675, 0.983597, 0.152916, 0.0286538, -0.156278, 0.987297, 0.00293857  
208, 1.73565, -41.651, 180.644, 0.995279, -0.0902746, -0.0356322, 0.0947771, 0.983102, 0.156616, 0.0208916, -0.159254, 0.987017, 0.00276437  
209, 2.04981, -43.2155, 180.663, 0.99539, -0.0897748, -0.0337486, 0.093905, 0.983816, 0.152607, 0.0195022, -0.155073, 0.987711, 0.00292193  
210, 2.40596, -44.5607, 180.547, 0.995487, -0.0893391, -0.0319898, 0.0932474, 0.983479, 0.155159, 0.0175996, -0.157441, 0.987371, 0.00290001  
211, 2.72279, -45.9954, 180.611, 0.995242, -0.0914007, -0.0337485, 0.095447, 0.984174, 0.149301, 0.0195682, -0.151812, 0.988216, 0.00285702  
212, 3.15918, -47.5526, 180.555, 0.995323, -0.0902223, -0.0345169, 0.0944417, 0.983951, 0.151394, 0.0203038, -0.153946, 0.987871, 0.00291527  
213, 3.51036, -49.1712, 180.596, 0.995336, -0.0909382, -0.0322077, 0.0947676, 0.984142, 0.149946, 0.0180611, -0.152299, 0.988169, 0.00278601  
214, 4.04362, -51.1106, 180.663, 0.995624, -0.0888138, -0.0290789, 0.0921056, 0.985204, 0.144531, 0.0158123, -0.146577, 0.989073, 0.00294883  
215, 4.61651, -52.9174, 180.606, 0.995712, -0.0889465, -0.0254186, 0.0917196, 0.985014, 0.146064, 0.0120458, -0.147769, 0.988948, 0.00285619  
216, 5.29911, -54.7754, 180.576, 0.995853, -0.0883223, -0.0218122, 0.0905348, 0.985698, 0.142135, 0.00894663, -0.14352, 0.989607, 0.00290778  
217, 5.93542, -56.6223, 180.676, 0.995802, -0.0892364, -0.0203987, 0.0912022, 0.986275, 0.137639, 0.0078363, -0.138922, 0.990272, 0.00289779  
218, 6.54999, -58.473, 180.781, 0.995747, -0.08974, -0.0208679, 0.0917545, 0.986417, 0.136248, 0.00835752, -0.137583, 0.990455, 0.00279017  
219, 7.1545, -60.3882, 180.838, 0.995795, -0.0900183, -0.016981, 0.0914867, 0.98672, 0.134215, 0.00467368, -0.135204, 0.990807, 0.00285036  
220, 7.78005, -62.2341, 180.88, 0.996013, -0.0878818, -0.015322, 0.0891461, 0.986904, 0.134437, 0.00330676, -0.135267, 0.990804, 0.00288198  
221, 8.42951, -64.3027, 180.921, 0.996199, -0.0863793, -0.0112087, 0.0871014, 0.986982, 0.135203, -0.000615945, -0.135665, 0.990755, 0.00277713  
222, 9.01212, -66.3218, 180.909, 0.996322, -0.0852953, -0.00822941, 0.0856402, 0.987809, 0.129995, -0.00295885, -0.130221, 0.991481, 0.00294023  
223, 9.58742, -68.3394, 180.782, 0.996247, -0.0865222, -0.00258579, 0.0860965, 0.987371, 0.132992, -0.00895361, -0.132715, 0.991114, 0.00272942  
224, 10.1545, -70.5332, 180.788, 0.996271, -0.086242, -0.00249696, 0.0858647, 0.988252, 0.126435, -0.00843638, -0.126178, 0.991972, 0.00295133  
225, 10.7486, -72.9455, 180.842, 0.996174, -0.0873789, -0.00144203, 0.0869791, 0.989746, 0.113301, -0.00847286, -0.112993, 0.99356, 0.00275938  
226, 11.3444, -75.1238, 180.747, 0.996191, -0.0871998, -0.000751921, 0.0867211, 0.989742, 0.113533, -0.00915585, -0.113166, 0.993534, 0.00291  
227, 11.9662, -77.406, 180.562, 0.996221, -0.0867784, 0.00373818, 0.0858201, 0.990031, 0.111687, -0.0133929, -0.110944, 0.993736, 0.00303787  
228, 12.6232, -79.856, 180.541, 0.996326, -0.0854021, 0.00644092, 0.0842259, 0.990679, 0.10706, -0.0155241, -0.106125, 0.994232, 0.00275744  
229, 13.1305, -82.2874, 180.649, 0.996082, -0.0875799, 0.0122408, 0.0858718, 0.991003, 0.102658, -0.0211215, -0.101205, 0.994641, 0.002948  
230, 13.7869, -84.6573, 180.753, 0.996117, -0.0867688, 0.0148759, 0.0849166, 0.991593, 0.0976378, -0.0232227, -0.0959955, 0.995111, 0.0028609  
231, 14.4216, -86.9353, 180.849, 0.995744, -0.0907476, 0.0160734, 0.0888738, 0.99168, 0.0931289, -0.0243909, -0.091304, 0.995524, 0.00296658  
232, 15.1198, -89.5231, 180.938, 0.995647, -0.0912729, 0.0188898, 0.0892637, 0.992062, 0.0885749, -0.0268243, -0.0865032, 0.99589, 0.00299044  
233, 15.9405, -92.0441, 180.873, 0.995707, -0.0905146, 0.019382, 0.088589, 0.992517, 0.0840316, -0.026843, -0.0819538, 0.996275, 0.00276659  
234, 16.6901, -94.7792, 180.812, 0.99545, -0.0930289, 0.020596, 0.0910913, 0.992572, 0.0806465, -0.0279455, -0.0784035, 0.99653, 0.00292831  
235, 17.4936, -97.3808, 180.724, 0.995261, -0.0938365, 0.025489, 0.0917076, 0.992978, 0.0747225, -0.0323217, -0.0720309, 0.996879, 0.00283427  
236, 18.2703, -100.03, 180.629, 0.995205, -0.0930287, 0.0302185, 0.0908734, 0.993658, 0.0662207, -0.0361873, -0.063157, 0.997347, 0.00298905  
237, 18.8822, -102.767, 180.562, 0.994818, -0.0959536, 0.0336131, 0.0937305, 0.993638, 0.0624277, -0.0393894, -0.0589537, 0.997483, 0.0029713  
238, 19.5981, -105.293, 180.645, 0.995008, -0.094651, 0.0316142, 0.0926316, 0.99388, 0.060182, -0.037117, -0.0569531, 0.997687, 0.00276049  
239, 20.2563, -108.049, 180.651, 0.994494, -0.0973067, 0.0388908, 0.0951603, 0.994013, 0.053683, -0.0438817, -0.0496866, 0.9978, 0.00292248  
240, 20.821, -110.664, 180.672, 0.994475, -0.0982592, 0.0369508, 0.0966596, 0.994395, 0.0428376, -0.0409529, -0.0390293, 0.998399, 0.00286368  
241, 21.3661, -113.22, 180.725, 0.994208, -0.0995606, 0.0404677, 0.0978146, 0.994273, 0.0430539, -0.0445224, -0.0388462, 0.998253, 0.00284149  
242, 21.9045, -115.891, 180.788, 0.994143, -0.0983602, 0.0447682, 0.096638, 0.99455, 0.0391369, -0.0483737, -0.0345814, 0.99823, 0.00291222  
243, 22.3727, -118.554, 180.833, 0.994001, -0.0991703, 0.0461324, 0.0978693, 0.994757, 0.0296591, -0.0488318, -0.0249662, 0.998495, 0.00279489  
244, 22.7725, -121.306, 180.857, 0.993793, -0.100348, 0.0480161, 0.0990979, 0.994691, 0.0277462, -0.0505455, -0.0228157, 0.998461, 0.00296603  
245, 23.2768, -124.093, 180.849, 0.993941, -0.0987761, 0.0482111, 0.0979317, 0.995001, 0.0195792, -0.0499041, -0.0147392, 0.998645, 0.00280432  
246, 23.6134, -126.907, 180.881, 0.99366, -0.099397, 0.0525343, 0.0984333, 0.99493, 0.0206293, -0.0543184, -0.0153274, 0.998406, 0.00301097  
247, 24.1113, -129.659, 180.896, 0.993639, -0.0988862, 0.0538761, 0.0980936, 0.995029, 0.0171693, -0.0553061, -0.0117752, 0.9984, 0.00291638  
248, 24.3932, -132.448, 180.92, 0.993352, -0.100418, 0.0562876, 0.0998021, 0.994914, 0.0136501, -0.057372, -0.00794174, 0.998321, 0.00273137  
249, 24.7372, -135.178, 181.001, 0.993591, -0.099767, 0.0531295, 0.0996595, 0.995011, 0.00467598, -0.0533309, 0.000648843, 0.998577, 0.00296769  
250, 25.003, -137.867, 180.977, 0.993258, -0.102854, 0.0534729, 0.103062, 0.994674, -0.00112779, -0.0530721, 0.00663119, 0.998569, 0.00274912  
251, 25.3771, -140.708, 180.941, 0.993575, -0.100202, 0.0526069, 0.100678, 0.994898, -0.00646971, -0.0516902, 0.0117245, 0.998594, 0.00297574  
252, 25.5314, -143.469, 180.91, 0.993214, -0.103562, 0.0529316, 0.104118, 0.994534, -0.0078425, -0.0518301, 0.0133004, 0.998567, 0.00300875  
253, 25.7597, -146.359, 180.934, 0.993331, -0.103002, 0.0518023, 0.104134, 0.994369, -0.0196406, -0.0494876, 0.024904, 0.998464, 0.00276299  
254, 25.9221, -148.967, 180.887, 0.993141, -0.10385, 0.0537174, 0.104978, 0.9943, -0.0186172, -0.0514778, 0.0241287, 0.998383, 0.00299654  
255, 26.0728, -151.685, 180.969, 0.99317, -0.103373, 0.0540989, 0.104542, 0.994334, -0.019239, -0.0518036, 0.0247632, 0.99835, 0.00287449  
256, 26.2392, -154.406, 180.949, 0.992989, -0.105957, 0.052402, 0.107478, 0.993838, -0.0270979, -0.0492079, 0.0325399, 0.998258, 0.00276077  
257, 26.3158, -157.161, 180.925, 0.992956, -0.106989, 0.0509171, 0.108611, 0.993625, -0.0302288, -0.0473584, 0.035546, 0.998245, 0.00294994  
258, 26.4243, -159.907, 180.95, 0.993262, -0.105231, 0.0485403, 0.106954, 0.99367, -0.0343681, -0.0446165, 0.0393281, 0.99823, 0.00281486  
259, 26.4541, -162.467, 180.86, 0.993189, -0.105811, 0.0487758, 0.107642, 0.993517, -0.0365761, -0.0445894, 0.0415773, 0.99814, 0.00298794  
260, 26.4234, -165.092, 180.925, 0.993263, -0.106364, 0.0459975, 0.108425, 0.993091, -0.0448909, -0.0409049, 0.0495757, 0.997932, 0.00286423  
261, 26.3773, -167.529, 180.926, 0.997645, 0.0682659, 0.00671277, 0.067851, -0.996461, 0.0496254, 0.0100767, -0.049053, -0.998745, 0.00301651  
262, 26.3193, -170.037, 181.047, 0.997452, 0.0709541, 0.0074612, 0.0705036, -0.996295, 0.0492404, 0.0109274, -0.0485888, -0.998759, 0.002986  
263, 26.3201, -172.462, 181.006, 0.997303, 0.0729628, 0.00791898, 0.0725232, -0.9963, 0.0461175, 0.0112545, -0.0454188, -0.998905, 0.0027677  
264, 26.2944, -175.405, 181.017, 0.992567, -0.114074, 0.0424005, 0.116415, 0.991529, -0.0575925, -0.0354716, 0.0621004, 0.997439, 0.0030068  
265, 26.3376, -177.749, 180.875, 0.992984, -0.11085, 0.0411602, 0.112919, 0.992248, -0.0519002, -0.035088, 0.0561839, 0.997804, 0.00284343  
266, 26.3635, -180.355, 180.823, 0.993235, -0.109675, 0.0381631, 0.111755, 0.992071, -0.0575009, -0.0315541, 0.0613768, 0.997616, 0.00304203  
267, 26.2073, -182.677, 180.858, 0.993247, -0.110567, 0.0351578, 0.11252, 0.991866, -0.0595151, -0.0282915, 0.0630691, 0.997608, 0.00301845  
268, 26.0691, -185.069, 180.881, 0.992741, -0.114679, 0.0362482, 0.116719, 0.991331, -0.0603213, -0.0290164, 0.0641143, 0.997521, 0.0027555  
269, 25.9066, -187.443, 180.879, 0.992654, -0.116176, 0.0337675, 0.118021, 0.991253, -0.0590564, -0.0266112, 0.0626079, 0.997683, 0.00304897  
270, 25.7514, -189.622, 181.064, 0.992594, -0.117754, 0.0298634, 0.119315, 0.991196, -0.0573976, -0.0228417, 0.0605356, 0.997905, 0.0028437  
271, 25.7193, -192.273, 181.121, 0.992905, -0.115784, 0.0270983, 0.117309, 0.991038, -0.0638843, -0.0194587, 0.0666099, 0.997589, 0.00284481  
272, 25.5779, -194.301, 181.143, 0.992802, -0.116936, 0.0258836, 0.118359, 0.990982, -0.062816, -0.0183048, 0.0654274, 0.997689, 0.00278268  
273, 25.519, -196.677, 181.111, 0.992986, -0.115808, 0.0238153, 0.11717, 0.990829, -0.0672961, -0.0158035, 0.0696146, 0.997449, 0.00276216  
274, 25.4421, -198.773, 181.086, 0.992891, -0.116704, 0.02339, 0.117948, 0.991101, -0.0617094, -0.0159801, 0.0640296, 0.99782, 0.0029799  
275, 25.4185, -201.04, 181.053, 0.992992, -0.116161, 0.0217469, 0.117315, 0.991109, -0.0627665, -0.0142625, 0.0648778, 0.997791, 0.00279322  
276, 25.205, -203.205, 181.085, 0.992893, -0.117075, 0.0213936, 0.118189, 0.991077, -0.0616318, -0.0139871, 0.0637222, 0.99787, 0.00286423  
277, 25.1149, -205.2, 181.178, 0.992694, -0.118912, 0.0204455, 0.119898, 0.991159, -0.0568242, -0.0135076, 0.0588604, 0.998175, 0.00292248  
