0, 0, 0, 0, 0, 0, 0, 0, 0, 0, 0, 0, 0, 0.00623135  
1, 0, 0, 0, 0, 0, 0, 0, 0, 0, 0, 0, 0, 0.00279461  
2, 5.67241, 72.6927, 180.657, 0.998507, -0.0544096, 0.0047795, 0.0544254, 0.998513, -0.00323913, -0.00459615, 0.00349442, 0.999983, 0.00265259  
3, 5.64418, 72.7203, 180.678, 0.998513, -0.0542665, 0.00524619, 0.0542862, 0.998519, -0.00367141, -0.00503919, 0.00395074, 0.999979, 0.00280238  
4, 5.65867, 72.7091, 180.691, 0.998505, -0.0544125, 0.00515151, 0.054429, 0.998513, -0.00312887, -0.0049736, 0.00340458, 0.999982, 0.00289918  
5, 5.66356, 72.6779, 180.657, 0.998505, -0.0543985, 0.00531075, 0.0544186, 0.998511, -0.00373182, -0.00509983, 0.00401525, 0.999979, 0.00291499  
6, 5.6744, 72.7107, 180.66, 0.998526, -0.054086, 0.00459804, 0.0541048, 0.998527, -0.00406668, -0.00437132, 0.00430946, 0.999981, 0.00287477  
7, 5.67408, 72.7147, 180.654, 0.998549, -0.0535592, 0.00564471, 0.0535739, 0.998561, -0.00249433, -0.00550299, 0.00279312, 0.999981, 0.00302483  
8, 5.70164, 72.7008, 180.662, 0.998521, -0.0541983, 0.00433802, 0.054214, 0.998523, -0.00358207, -0.00413747, 0.00381195, 0.999984, 0.00299765  
9, 5.67103, 72.7262, 180.662, 0.998513, -0.054342, 0.00440236, 0.0543604, 0.998513, -0.00419113, -0.00416806, 0.00442421, 0.999982, 0.00309529  
10, 5.65841, 72.7067, 180.672, 0.998526, -0.0540517, 0.00496192, 0.0540666, 0.998533, -0.00291825, -0.00479691, 0.00318222, 0.999983, 0.00310417  
11, 5.65078, 72.68, 180.675, 0.998502, -0.0544255, 0.00568552, 0.0544445, 0.998512, -0.0032402, -0.00550071, 0.00354489, 0.999979, 0.00314078  
12, 5.67503, 72.6844, 180.653, 0.998512, -0.0543322, 0.00465948, 0.0543506, 0.998514, -0.00393264, -0.00443889, 0.00418003, 0.999981, 0.00283566  
13, 5.65165, 72.6867, 180.662, 0.998547, -0.053672, 0.00491231, 0.0536872, 0.998553, -0.00301486, -0.00474339, 0.0032742, 0.999983, 0.0029125  
14, 5.64033, 72.6961, 180.692, 0.9985, -0.0544223, 0.00597939, 0.0544405, 0.998513, -0.00292696, -0.00581121, 0.00324809, 0.999978, 0.00291305  
15, 5.64816, 72.7019, 180.652, 0.998531, -0.0539371, 0.00510279, 0.0539537, 0.998538, -0.0031672, -0.0049245, 0.00343786, 0.999982, 0.00281292  
16, 5.67994, 72.6848, 180.66, 0.99853, -0.0540053, 0.00465513, 0.0540244, 0.998531, -0.00407136, -0.00442842, 0.00431686, 0.999981, 0.00292581  
17, 5.68235, 72.7452, 180.671, 0.998539, -0.0538523, 0.00436151, 0.0538692, 0.998541, -0.00385127, -0.00414775, 0.00408059, 0.999983, 0.00282789  
18, 5.65064, 72.6984, 180.664, 0.998493, -0.0546226, 0.00532645, 0.0546429, 0.998499, -0.00373818, -0.00511426, 0.0040236, 0.999979, 0.00291222  
19, 5.68124, 72.7027, 180.66, 0.998527, -0.0540411, 0.00490842, 0.0540548, 0.998534, -0.00271308, -0.00475461, 0.00297441, 0.999984, 0.00323842  
20, 5.67012, 72.7302, 180.661, 0.998534, -0.053957, 0.00428426, 0.0539737, 0.998535, -0.00388075, -0.00406859, 0.0041063, 0.999983, 0.00289974  
21, 5.65423, 72.7178, 180.652, 0.998529, -0.0539933, 0.0050357, 0.0540122, 0.998533, -0.00369321, -0.0048289, 0.00395977, 0.999981, 0.00284121  
22, 5.64507, 72.698, 180.644, 0.998529, -0.0540296, 0.00462744, 0.0540439, 0.998534, -0.00302554, -0.00445718, 0.00327117, 0.999985, 0.00296714  
23, 5.68812, 72.7371, 180.683, 0.998498, -0.0546076, 0.00450732, 0.054625, 0.9985, -0.00382089, -0.00429191, 0.00406136, 0.999983, 0.00287755  
24, 5.66126, 72.6776, 180.666, 0.998537, -0.0537821, 0.0055502, 0.0537988, 0.998548, -0.00290686, -0.0053858, 0.0032012, 0.99998, 0.00283178  
25, 5.64444, 72.7144, 180.659, 0.998556, -0.0534549, 0.00524562, 0.0534748, 0.998562, -0.003721, -0.00503918, 0.00399614, 0.999979, 0.00297185  
26, 5.65698, 72.692, 180.653, 0.998573, -0.0531383, 0.00523808, 0.0531541, 0.998582, -0.00293577, -0.00507465, 0.00321, 0.999982, 0.00293829  
27, 5.67835, 72.7002, 180.68, 0.998541, -0.0536968, 0.00572216, 0.0537111, 0.998554, -0.00236433, -0.00558693, 0.00266822, 0.999981, 0.00283927  
28, 5.65589, 72.7094, 180.689, 0.998517, -0.0541869, 0.00525341, 0.0542023, 0.998526, -0.00283839, -0.00509186, 0.00311892, 0.999982, 0.00276881  
29, 5.67292, 72.6767, 180.649, 0.998497, -0.0545265, 0.00551089, 0.054546, 0.998505, -0.00345181, -0.00531443, 0.00374722, 0.999979, 0.00294966  
30, 5.68071, 72.6967, 180.657, 0.998543, -0.0537691, 0.0045555, 0.0537876, 0.998544, -0.00404215, -0.00433153, 0.00428129, 0.999981, 0.00280487  
31, 5.65862, 72.7139, 180.664, 0.998561, -0.0533995, 0.00488219, 0.0534187, 0.998565, -0.00390541, -0.00466663, 0.0041606, 0.99998, 0.00296853  
32, 5.68725, 72.7007, 180.637, 0.998597, -0.0527624, 0.00454187, 0.0527788, 0.9986, -0.0035703, -0.00434713, 0.00380501, 0.999983, 0.00346531  
33, 5.68215, 72.713, 180.652, 0.998509, -0.0543818, 0.00471868, 0.0543966, 0.998515, -0.00307522, -0.00454444, 0.00332731, 0.999984, 0.00291471  
34, 5.66418, 72.7129, 180.671, 0.998527, -0.0540824, 0.00444386, 0.0540961, 0.998531, -0.00302047, -0.00427398, 0.00325641, 0.999986, 0.00298045  
35, 5.66884, 72.7021, 180.687, 0.998536, -0.05382, 0.0054338, 0.0538384, 0.998544, -0.00331366, -0.00524755, 0.00360135, 0.99998, 0.00287422  
36, 5.65664, 72.6987, 180.676, 0.998529, -0.0539887, 0.00492378, 0.0540062, 0.998534, -0.00349301, -0.00472798, 0.00375379, 0.999982, 0.00279711  
37, 5.68422, 72.6902, 180.654, 0.998565, -0.0532851, 0.0053963, 0.053297, 0.998577, -0.002084, -0.00527757, 0.00236862, 0.999983, 0.00283483  
38, 5.65987, 72.7132, 180.693, 0.998531, -0.0538707, 0.00573169, 0.0538896, 0.998542, -0.00321101, -0.00555035, 0.00351517, 0.999978, 0.00301956  
39, 5.66988, 72.7126, 180.675, 0.998534, -0.0539492, 0.00448775, 0.0539658, 0.998536, -0.00366651, -0.00428338, 0.00390331, 0.999983, 0.00284481  
40, 5.68962, 72.678, 180.673, 0.998509, -0.0543653, 0.00487793, 0.0543807, 0.998516, -0.00308378, -0.00470304, 0.00334445, 0.999983, 0.00303732  
41, 5.65323, 72.7116, 180.67, 0.998564, -0.0533427, 0.00492926, 0.0533594, 0.99857, -0.00332861, -0.00474465, 0.00358686, 0.999982, 0.00299266  
42, 5.66239, 72.7035, 180.662, 0.998493, -0.0547083, 0.00443993, 0.0547219, 0.998497, -0.00301792, -0.00426815, 0.00325633, 0.999986, 0.00288476  
43, 5.68307, 72.6985, 180.663, 0.998533, -0.0539483, 0.00460976, 0.0539632, 0.998538, -0.0031737, -0.0044318, 0.0034178, 0.999984, 0.00290445  
44, 5.68538, 72.6989, 180.669, 0.998549, -0.0537044, 0.00391576, 0.0537206, 0.998547, -0.00413981, -0.00368774, 0.00434416, 0.999984, 0.0029799  
45, 5.6439, 72.6673, 180.655, 0.998542, -0.0536554, 0.00588113, 0.0536728, 0.998555, -0.00284316, -0.00572008, 0.00315468, 0.999979, 0.00297685  
46, 5.65436, 72.6979, 180.664, 0.998541, -0.053727, 0.00539563, 0.0537475, 0.998548, -0.00372027, -0.00518792, 0.00400484, 0.999979, 0.00291555  
47, 5.65558, 72.7019, 180.671, 0.998529, -0.0539966, 0.00492649, 0.0540151, 0.998533, -0.00371956, -0.00471842, 0.0039802, 0.999981, 0.00293025  
48, 5.64098, 72.6963, 180.688, 0.9985, -0.0545171, 0.00514986, 0.0545356, 0.998506, -0.00351933, -0.0049503, 0.0037949, 0.999981, 0.00399317  
49, 5.66265, 72.7177, 180.677, 0.998519, -0.0541633, 0.00517697, 0.0541761, 0.998529, -0.00235964, -0.00504154, 0.00263661, 0.999984, 0.00275827  
50, 5.64601, 72.7138, 180.661, 0.998535, -0.0539358, 0.00433986, 0.0539516, 0.998537, -0.00361172, -0.00413871, 0.00384057, 0.999984, 0.00277658  
51, 5.65698, 72.6851, 180.665, 0.998522, -0.0541463, 0.00470948, 0.0541631, 0.998526, -0.00350839, -0.00451257, 0.00375828, 0.999983, 0.00261292  
52, 5.65911, 72.7115, 180.681, 0.99855, -0.0536004, 0.00491707, 0.0536156, 0.998557, -0.00302722, -0.00474772, 0.00328647, 0.999983, 0.0029971  
53, 5.64655, 72.6887, 180.652, 0.99852, -0.0541851, 0.00460768, 0.0542025, 0.998523, -0.00373774, -0.00439834, 0.00398196, 0.999982, 0.00296964  
54, 5.63119, 72.6889, 180.667, 0.998524, -0.0540065, 0.00570686, 0.0540231, 0.998536, -0.00280484, -0.00554703, 0.00310901, 0.99998, 0.00287366  
55, 5.68028, 72.6879, 180.657, 0.998535, -0.0539667, 0.004027, 0.0539812, 0.998536, -0.0035854, -0.00382761, 0.00379752, 0.999985, 0.00300791  
56, 5.64202, 72.7017, 180.666, 0.998551, -0.0535449, 0.00528863, 0.0535636, 0.998558, -0.00346967, -0.00509523, 0.00374792, 0.99998, 0.00297518  
57, 5.6766, 72.7269, 180.674, 0.998512, -0.05432, 0.00481314, 0.0543381, 0.998516, -0.00372874, -0.00460345, 0.00398473, 0.999981, 0.00287949  
58, 5.65829, 72.708, 180.665, 0.998561, -0.0534429, 0.0045577, 0.0534584, 0.998564, -0.00334573, -0.00437235, 0.00358456, 0.999984, 0.00288254  
59, 5.66829, 72.6859, 180.688, 0.998559, -0.0534986, 0.00413601, 0.0535152, 0.998559, -0.00401523, -0.00391524, 0.00423079, 0.999983, 0.00377681  
60, 5.6729, 72.7286, 180.681, 0.998578, -0.0531443, 0.00428096, 0.0531582, 0.998581, -0.00320875, -0.00410436, 0.00343175, 0.999986, 0.00287533  
61, 5.6738, 72.714, 180.667, 0.998564, -0.0533146, 0.00516998, 0.0533312, 0.998572, -0.00312896, -0.00499577, 0.00340019, 0.999982, 0.0028892  
62, 5.67114, 72.7117, 180.659, 0.998535, -0.0539265, 0.0043718, 0.0539447, 0.998535, -0.00413553, -0.00414239, 0.00436531, 0.999982, 0.00295937  
63, 5.66916, 72.7043, 180.697, 0.998508, -0.0543834, 0.00492698, 0.0543997, 0.998514, -0.00323351, -0.00474381, 0.00349671, 0.999983, 0.00284093  
64, 5.66379, 72.7221, 180.688, 0.998508, -0.0543841, 0.00495536, 0.0544017, 0.998513, -0.00348463, -0.00475849, 0.00374901, 0.999982, 0.0029505  
65, 5.68763, 72.711, 180.665, 0.998513, -0.0543186, 0.00456722, 0.0543392, 0.998512, -0.00450405, -0.00431578, 0.00474553, 0.999979, 0.00292942  
66, 5.65366, 72.7024, 180.668, 0.998537, -0.053756, 0.00584131, 0.0537798, 0.998545, -0.00399393, -0.00561811, 0.00430223, 0.999975, 0.00286007  
67, 5.65984, 72.7095, 180.685, 0.998516, -0.0542444, 0.00488183, 0.0542592, 0.998523, -0.00295222, -0.00471447, 0.00321272, 0.999984, 0.00291333  
68, 5.67902, 72.7064, 180.667, 0.998541, -0.0537547, 0.00505768, 0.0537723, 0.998547, -0.00340826, -0.00486712, 0.00367525, 0.999981, 0.00275883  
69, 5.65153, 72.7138, 180.686, 0.998495, -0.0545636, 0.00545003, 0.0545819, 0.998504, -0.00326591, -0.00526368, 0.00355847, 0.99998, 0.00293718  
70, 5.6542, 72.7287, 180.683, 0.99851, -0.0543197, 0.00523, 0.0543406, 0.998515, -0.00392537, -0.00500901, 0.00420372, 0.999979, 0.00283538  
71, 5.66741, 72.6942, 180.652, 0.998537, -0.0538665, 0.00476345, 0.0538831, 0.998541, -0.00342007, -0.00457227, 0.00367174, 0.999983, 0.00285841  
72, 5.68714, 72.7227, 180.699, 0.998541, -0.0537607, 0.00499347, 0.0537758, 0.998549, -0.00295457, -0.00482738, 0.00321879, 0.999983, 0.00292553  
73, 5.68751, 72.725, 180.694, 0.998527, -0.0540506, 0.00478029, 0.0540668, 0.998532, -0.00333749, -0.00459288, 0.00359103, 0.999983, 0.00290695  
74, 5.64569, 72.7029, 180.683, 0.998488, -0.054681, 0.00559742, 0.0547032, 0.998495, -0.00387483, -0.00537711, 0.00417517, 0.999977, 0.00291388  
75, 5.63652, 72.6914, 180.669, 0.998536, -0.0538364, 0.0052051, 0.0538553, 0.998542, -0.00355849, -0.00500594, 0.0038336, 0.99998, 0.00293441  
76, 5.66469, 72.7128, 180.685, 0.998557, -0.0534749, 0.00488454, 0.0534911, 0.998563, -0.00322996, -0.0047048, 0.00348658, 0.999983, 0.00285841  
77, 5.66068, 72.7323, 180.675, 0.99857, -0.0532381, 0.00478382, 0.0532558, 0.998574, -0.00363527, -0.00458347, 0.00388484, 0.999982, 0.00294439  
78, 5.6719, 72.7136, 180.669, 0.998531, -0.0539868, 0.00471176, 0.0540009, 0.998537, -0.00291693, -0.00454739, 0.00316708, 0.999985, 0.00285868  
79, 5.65543, 72.7136, 180.683, 0.998518, -0.054136, 0.00553066, 0.0541579, 0.998525, -0.00389951, -0.0053114, 0.00419326, 0.999977, 0.00282623  
80, 5.67433, 72.7419, 180.685, 0.998557, -0.0534489, 0.00519645, 0.053464, 0.998566, -0.00282416, -0.00503805, 0.0030979, 0.999983, 0.00297019  
81, 5.66552, 72.7303, 180.676, 0.998549, -0.0535641, 0.00559968, 0.0535765, 0.998562, -0.0020881, -0.00547977, 0.00238508, 0.999982, 0.00285979  
82, 5.64859, 72.6724, 180.648, 0.998518, -0.0541141, 0.00582318, 0.0541275, 0.998532, -0.00218227, -0.00569654, 0.00249423, 0.999981, 0.00289447  
83, 5.66093, 72.7227, 180.677, 0.998483, -0.0548058, 0.00526084, 0.0548311, 0.998484, -0.00479261, -0.0049902, 0.00507379, 0.999975, 0.00289197  
84, 5.65085, 72.7229, 180.663, 0.998536, -0.0538135, 0.00541787, 0.0538281, 0.998547, -0.00259134, -0.00527055, 0.00287918, 0.999982, 0.00291444  
85, 5.65755, 72.7075, 180.666, 0.998511, -0.054272, 0.00541752, 0.0542874, 0.998522, -0.00273081, -0.0052613, 0.00302085, 0.999982, 0.00303371  
86, 5.6446, 72.6736, 180.667, 0.998517, -0.054222, 0.00477552, 0.0542409, 0.99852, -0.0039276, -0.00455549, 0.00418081, 0.999981, 0.00296353  
87, 5.65365, 72.7003, 180.68, 0.99855, -0.0535665, 0.00529295, 0.0535831, 0.998559, -0.0030571, -0.00512156, 0.00333628, 0.999981, 0.00292692  
88, 5.63047, 72.7043, 180.69, 0.998495, -0.0545369, 0.00580993, 0.0545581, 0.998504, -0.00356562, -0.00560678, 0.00387723, 0.999977, 0.00274107  
89, 5.66408, 72.7065, 180.666, 0.998468, -0.0550315, 0.00572296, 0.0550502, 0.998479, -0.00315882, -0.00554042, 0.00346903, 0.999979, 0.00296104  
90, 5.65382, 72.7066, 180.674, 0.998542, -0.0537712, 0.00483851, 0.0537864, 0.998548, -0.00305963, -0.00466697, 0.00331541, 0.999984, 0.00307088  
91, 5.6756, 72.7007, 180.651, 0.998536, -0.0538971, 0.0045107, 0.0539123, 0.99854, -0.00332584, -0.00432487, 0.00356416, 0.999984, 0.0029014  
92, 5.65233, 72.7089, 180.668, 0.998544, -0.053701, 0.00519816, 0.0537183, 0.998551, -0.00326063, -0.00501553, 0.00353511, 0.999981, 0.00298073  
93, 5.66484, 72.6742, 180.652, 0.998513, -0.0542285, 0.00553453, 0.0542436, 0.998524, -0.00260432, -0.00538513, 0.00290066, 0.999981, 0.00299099  
94, 5.63737, 72.7054, 180.654, 0.998518, -0.0541887, 0.0051033, 0.0542091, 0.998522, -0.00393792, -0.00488237, 0.00420873, 0.999979, 0.00308558  
95, 5.64448, 72.6871, 180.646, 0.998549, -0.0536063, 0.00507876, 0.053626, 0.998554, -0.00382438, -0.0048664, 0.00409119, 0.99998, 0.00311249  
96, 5.66551, 72.6872, 180.644, 0.998529, -0.0539956, 0.00485541, 0.0540125, 0.998534, -0.00339971, -0.00466472, 0.00365696, 0.999982, 0.00288725  
97, 5.66087, 72.7, 180.665, 0.998521, -0.0541718, 0.00464549, 0.0541881, 0.998525, -0.00345092, -0.00445169, 0.00369754, 0.999983, 0.00297962  
98, 5.62537, 72.689, 180.676, 0.99855, -0.0535863, 0.00518761, 0.0536035, 0.998557, -0.00321914, -0.00500763, 0.00349254, 0.999981, 0.0029921  
99, 5.64921, 72.6907, 180.655, 0.998543, -0.0537857, 0.00424627, 0.0537994, 0.998547, -0.00317743, -0.0040692, 0.00340125, 0.999986, 0.00312053  
100, 5.65187, 72.7, 180.664, 0.99856, -0.0533933, 0.00516405, 0.05341, 0.998568, -0.00314127, -0.00498893, 0.00341256, 0.999982, 0.00303787  
101, 5.66211, 72.698, 180.674, 0.998561, -0.0533774, 0.00515099, 0.0533911, 0.99857, -0.00254544, -0.00500776, 0.0028168, 0.999983, 0.00305119  
102, 5.64448, 72.6904, 180.663, 0.998505, -0.0543763, 0.00551509, 0.0543946, 0.998514, -0.00323304, -0.0053311, 0.0035282, 0.99998, 0.00300237  
103, 5.66576, 72.6772, 180.662, 0.998529, -0.0539722, 0.00513625, 0.0539911, 0.998535, -0.00362358, -0.00493315, 0.00389557, 0.99998, 0.00297185  
104, 5.63259, 72.7079, 180.676, 0.998551, -0.0535804, 0.0049353, 0.0535959, 0.998558, -0.00305845, -0.00476431, 0.00331853, 0.999983, 0.00288087  
105, 5.66666, 72.7115, 180.669, 0.998547, -0.0537011, 0.00444107, 0.0537193, 0.998548, -0.00409758, -0.00421457, 0.0043302, 0.999982, 0.00313412  
106, 5.6454, 72.6962, 180.647, 0.998537, -0.0538884, 0.00452273, 0.0539075, 0.998537, -0.00421617, -0.00428891, 0.00445381, 0.999981, 0.00299959  
107, 5.66376, 72.6945, 180.673, 0.99849, -0.054714, 0.00487016, 0.0547304, 0.998496, -0.00330068, -0.00468224, 0.00356225, 0.999983, 0.00281985  
108, 5.66382, 72.7101, 180.656, 0.998539, -0.0539092, 0.00376776, 0.0539197, 0.998541, -0.00276207, -0.00361337, 0.00296119, 0.999989, 0.00303704  
109, 5.68619, 72.753, 180.647, 0.998558, -0.0534894, 0.00448521, 0.053493, 0.998568, -0.00068811, -0.00444198, 0.000927045, 0.99999, 0.003143  
110, 5.65758, 72.8169, 180.634, 0.998546, -0.0537336, 0.00442316, 0.0537316, 0.998555, 0.000575105, -0.00444767, -0.000336605, 0.99999, 0.00274274  
111, 5.64679, 72.8416, 180.657, 0.998543, -0.0537841, 0.00442144, 0.0537761, 0.998551, 0.00191359, -0.00451796, -0.00167303, 0.999988, 0.00299377  
112, 5.66473, 72.9233, 180.65, 0.998571, -0.0532275, 0.00469546, 0.0532108, 0.998577, 0.00360958, -0.00488091, -0.00335458, 0.999982, 0.00295383  
113, 5.68054, 72.9963, 180.647, 0.998567, -0.0533329, 0.00440262, 0.0533006, 0.998553, 0.0071522, -0.00477769, -0.00690729, 0.999965, 0.00304647  
114, 5.648, 73.0308, 180.641, 0.998582, -0.0530873, 0.00407805, 0.0530469, 0.998547, 0.00945296, -0.00457396, -0.00922322, 0.999947, 0.00290445  
115, 5.63433, 73.1137, 180.641, 0.998601, -0.0526684, 0.0047136, 0.0526083, 0.998542, 0.0120776, -0.00534284, -0.0118128, 0.999916, 0.00293163  
116, 5.6476, 73.1684, 180.652, 0.998606, -0.052543, 0.00504795, 0.052464, 0.998515, 0.0146744, -0.00581149, -0.0143891, 0.99988, 0.00300986  
117, 5.63771, 73.2629, 180.657, 0.998564, -0.0532638, 0.00575425, 0.0531384, 0.998385, 0.0201086, -0.00681602, -0.0197739, 0.999781, 0.00298739  
118, 5.64504, 73.3744, 180.668, 0.998578, -0.0530742, 0.00492637, 0.0529485, 0.998336, 0.0228519, -0.00613102, -0.0225586, 0.999727, 0.00278351  
119, 5.62217, 73.4525, 180.696, 0.998536, -0.0538072, 0.00561303, 0.0536475, 0.998234, 0.0255208, -0.00697632, -0.0251823, 0.999659, 0.00319043  
120, 5.61539, 73.44, 180.728, 0.998563, -0.0533059, 0.00559172, 0.0531179, 0.998149, 0.0296146, -0.00716, -0.029275, 0.999546, 0.00292997  
121, 5.6416, 73.4516, 180.736, 0.998552, -0.0535195, 0.00537387, 0.0533258, 0.998085, 0.0313444, -0.00704112, -0.0310125, 0.999494, 0.00277381  
122, 5.55817, 73.4767, 180.724, 0.998542, -0.0536207, 0.00620355, 0.0533978, 0.998067, 0.0317843, -0.00789585, -0.0314067, 0.999476, 0.00289252  
123, 5.6078, 73.4892, 180.755, 0.998565, -0.0532621, 0.00552168, 0.0530187, 0.99789, 0.0374865, -0.00750663, -0.03714, 0.999282, 0.00279211  
124, 5.58403, 73.5875, 180.725, 0.998525, -0.0539676, 0.00594344, 0.0536977, 0.997803, 0.038794, -0.008024, -0.0384176, 0.99923, 0.00283649  
125, 5.59005, 73.6469, 180.713, 0.998576, -0.0529846, 0.00616834, 0.052663, 0.997641, 0.0440283, -0.00848661, -0.0436407, 0.999011, 0.00289696  
126, 5.63748, 73.7283, 180.727, 0.998582, -0.0531058, 0.00375612, 0.0528757, 0.997528, 0.0462744, -0.00620428, -0.0460102, 0.998922, 0.00291333  
127, 5.61697, 73.6989, 180.718, 0.998614, -0.0524096, 0.00482223, 0.0520874, 0.997278, 0.0521951, -0.00754463, -0.0518715, 0.998625, 0.00285341  
128, 5.63195, 73.6044, 180.697, 0.998617, -0.0524022, 0.00418574, 0.0521013, 0.997187, 0.0538811, -0.00699746, -0.0535885, 0.998539, 0.00289391  
129, 5.61105, 73.5774, 180.734, 0.998577, -0.0531231, 0.0045878, 0.0527717, 0.996945, 0.0575802, -0.00763263, -0.0572562, 0.99833, 0.0032484  
130, 5.59414, 73.53, 180.697, 0.998627, -0.0522809, 0.0032582, 0.0519785, 0.996718, 0.0620661, -0.00649238, -0.0618116, 0.998067, 0.0029455  
131, 5.62959, 73.4596, 180.681, 0.998649, -0.051874, 0.00293753, 0.0515547, 0.996353, 0.0679947, -0.00645397, -0.0677515, 0.997681, 0.00281014  
132, 5.62572, 73.4035, 180.677, 0.998684, -0.0512636, 0.00170208, 0.0510159, 0.996202, 0.0705667, -0.00531311, -0.070387, 0.997506, 0.00285452  
133, 5.56528, 73.3526, 180.691, 0.998686, -0.0512107, 0.00192563, 0.0509253, 0.99592, 0.0744926, -0.0057326, -0.0742967, 0.99722, 0.00286173  
134, 5.58402, 73.2357, 180.651, 0.998686, -0.0512427, 0.00104208, 0.0509947, 0.995482, 0.0800912, -0.00514146, -0.0799328, 0.996787, 0.00295521  
135, 5.60332, 73.1248, 180.646, 0.998697, -0.0510169, -0.00123309, 0.0509508, 0.99546, 0.0803999, -0.00287426, -0.080358, 0.996762, 0.00365199  
136, 5.55747, 72.9511, 180.599, 0.998731, -0.0503578, -0.000339895, 0.050198, 0.994979, 0.086586, -0.00402209, -0.0864932, 0.996244, 0.0029541  
137, 5.50936, 72.7338, 180.621, 0.998723, -0.0505216, 1.41467e-005, 0.0503269, 0.994899, 0.0874303, -0.00443119, -0.0873179, 0.996171, 0.00285702  
138, 5.56532, 72.588, 180.583, 0.998725, -0.0504464, -0.00208611, 0.0504233, 0.994447, 0.0923682, -0.00258512, -0.0923556, 0.995723, 0.00290195  
139, 5.47685, 72.2371, 180.609, 0.998618, -0.0525416, -0.00068666, 0.0523733, 0.994191, 0.0940262, -0.00425762, -0.0939323, 0.995569, 0.0029799  
140, 5.52029, 71.9934, 180.597, 0.998728, -0.0502445, -0.00417034, 0.0504085, 0.993586, 0.101223, -0.000942283, -0.101304, 0.994855, 0.00290306  
141, 5.4611, 71.641, 180.623, 0.998605, -0.0526462, -0.00406637, 0.0527835, 0.993181, 0.103945, -0.00143365, -0.104014, 0.994575, 0.00292775  
142, 5.44565, 71.1179, 180.659, 0.998681, -0.0511829, -0.00412529, 0.051333, 0.99315, 0.104969, -0.00127558, -0.105042, 0.994467, 0.00289419  
143, 5.3941, 70.8114, 180.599, 0.998546, -0.0538383, -0.00287302, 0.053828, 0.992495, 0.109801, -0.00306005, -0.109796, 0.993949, 0.00293496  
144, 5.39721, 70.2446, 180.637, 0.99862, -0.0523132, -0.00467663, 0.052509, 0.992444, 0.110891, -0.00115976, -0.110983, 0.993822, 0.00299904  
145, 5.36547, 69.738, 180.645, 0.998615, -0.0524247, -0.00444746, 0.0525907, 0.992155, 0.113418, -0.00153333, -0.113495, 0.993537, 0.00277963  
146, 5.39944, 69.2004, 180.615, 0.998617, -0.0523906, -0.00436645, 0.0525434, 0.991873, 0.115878, -0.00173993, -0.115947, 0.993254, 0.00291  
147, 5.35202, 68.5016, 180.666, 0.998648, -0.0518669, -0.00334333, 0.0518971, 0.991586, 0.118592, -0.00283581, -0.118606, 0.992937, 0.00293413  
148, 5.35877, 67.7882, 180.676, 0.998707, -0.05078, -0.00254322, 0.0507103, 0.99122, 0.122113, -0.00368, -0.122084, 0.992513, 0.00294717  
149, 5.40828, 67.0723, 180.732, 0.99874, -0.0501268, -0.00229156, 0.0500139, 0.990711, 0.126453, -0.00406843, -0.126409, 0.99197, 0.00301624  
150, 5.4242, 66.3275, 180.672, 0.998731, -0.0502899, -0.00265808, 0.0502128, 0.990386, 0.128895, -0.00384958, -0.128865, 0.991655, 0.00289003  
151, 5.50739, 65.5037, 180.656, 0.998728, -0.0503447, -0.00274539, 0.0502675, 0.990016, 0.131689, -0.00391186, -0.131659, 0.991287, 0.00290917  
152, 5.61732, 64.5889, 180.612, 0.998807, -0.0487238, -0.00322856, 0.0487205, 0.989937, 0.132858, -0.00327725, -0.132856, 0.99113, 0.0029358  
153, 5.6335, 63.7029, 180.595, 0.998838, -0.0480858, -0.00307811, 0.0480526, 0.989358, 0.13734, -0.00355876, -0.137329, 0.990519, 0.00289779  
154, 5.7587, 62.8181, 180.595, 0.998935, -0.0458339, -0.0053231, 0.0461268, 0.988975, 0.140716, -0.00118515, -0.140812, 0.990036, 0.0030057  
155, 5.81291, 61.6848, 180.601, 0.99904, -0.0434445, -0.0056799, 0.0438125, 0.989414, 0.138346, -0.000390608, -0.138462, 0.990368, 0.00289502  
156, 5.91896, 60.6731, 180.612, 0.999038, -0.0435081, -0.00548293, 0.04385, 0.989895, 0.13485, -0.000439559, -0.134961, 0.990851, 0.00290833  
157, 5.89718, 59.6176, 180.657, 0.999066, -0.0430862, -0.00314436, 0.0431135, 0.989783, 0.135911, -0.00274365, -0.13592, 0.990716, 0.00280598  
158, 5.88968, 58.6103, 180.537, 0.998989, -0.0449595, -0.000646434, 0.0446285, 0.989675, 0.136204, -0.00548391, -0.136095, 0.990681, 0.00292415  
159, 5.81951, 57.3286, 180.564, 0.998974, -0.045279, 0.000357282, 0.0448165, 0.989836, 0.134968, -0.00646488, -0.134814, 0.99085, 0.00305867  
160, 5.7566, 56.1203, 180.607, 0.999037, -0.0438621, -0.000582704, 0.0435621, 0.99047, 0.130657, -0.00515375, -0.130557, 0.991427, 0.00289336  
161, 5.7605, 54.7902, 180.739, 0.998897, -0.0468046, -0.00379107, 0.0468841, 0.989546, 0.136386, -0.00263208, -0.136414, 0.990648, 0.00292969  
162, 5.7162, 53.5292, 180.797, 0.998847, -0.0472004, -0.00874964, 0.0479479, 0.989807, 0.134102, 0.00233079, -0.134367, 0.990929, 0.00281791  
163, 5.69768, 52.1977, 180.807, 0.998829, -0.0478072, -0.0073853, 0.0483672, 0.989584, 0.135586, 0.000826376, -0.135785, 0.990738, 0.00296742  
164, 5.70807, 50.5366, 180.793, 0.998936, -0.0455939, -0.00688632, 0.0461054, 0.989951, 0.133682, 0.000722049, -0.133857, 0.991, 0.00297768  
165, 5.61814, 49.1256, 180.789, 0.998934, -0.0456755, -0.00666502, 0.0461558, 0.990153, 0.132162, 0.000562845, -0.132328, 0.991206, 0.0030731  
166, 5.48662, 47.5412, 180.694, 0.998896, -0.0461179, -0.00898409, 0.0468869, 0.990761, 0.127255, 0.00303233, -0.127536, 0.991829, 0.00296742  
167, 5.4441, 45.8352, 180.613, 0.999027, -0.0433566, -0.00813338, 0.0440424, 0.990747, 0.128375, 0.00249224, -0.128608, 0.991692, 0.00279988  
168, 5.32117, 44.039, 180.622, 0.999018, -0.0435582, -0.0080673, 0.0442275, 0.991067, 0.125818, 0.00251485, -0.126051, 0.992021, 0.00276243  
169, 5.28056, 42.1629, 180.602, 0.99906, -0.0420067, -0.0107039, 0.0429966, 0.991676, 0.121371, 0.00551639, -0.121717, 0.99255, 0.00307338  
170, 5.18159, 40.2714, 180.678, 0.999034, -0.0427694, -0.0101295, 0.0436793, 0.991755, 0.120473, 0.00489344, -0.120799, 0.992665, 0.00276964  
171, 5.17373, 38.4228, 180.675, 0.999092, -0.0412091, -0.0107803, 0.042207, 0.991862, 0.12012, 0.00574256, -0.120466, 0.992701, 0.00294218  
172, 5.19506, 36.3582, 180.763, 0.999055, -0.0415414, -0.0127747, 0.0427345, 0.992483, 0.11468, 0.00791469, -0.115118, 0.99332, 0.00279627  
173, 5.195, 34.5083, 180.834, 0.998971, -0.0431635, -0.0138989, 0.0444995, 0.992087, 0.117398, 0.00872159, -0.117896, 0.992988, 0.00306422  
174, 5.15573, 32.5079, 180.812, 0.99895, -0.0426211, -0.016802, 0.0442916, 0.992213, 0.116411, 0.0117096, -0.117033, 0.993059, 0.00305867  
175, 5.057, 30.4458, 180.827, 0.998939, -0.0425855, -0.0175029, 0.0442987, 0.992578, 0.11325, 0.0125502, -0.113906, 0.993412, 0.00297657  
176, 5.03227, 28.1806, 180.797, 0.999081, -0.0397805, -0.0159334, 0.0412736, 0.993283, 0.108096, 0.0115263, -0.108654, 0.994013, 0.0030989  
177, 5.01555, 26.0429, 180.691, 0.999209, -0.0369899, -0.0146169, 0.0383173, 0.993792, 0.104451, 0.0106626, -0.104929, 0.994423, 0.00309252  
178, 4.98437, 23.7729, 180.74, 0.999204, -0.0375451, -0.0134665, 0.0386969, 0.994329, 0.0990532, 0.00967114, -0.0994955, 0.994991, 0.00297158  
179, 4.95014, 21.4854, 180.747, 0.999172, -0.0383588, -0.0135522, 0.0394746, 0.994702, 0.094917, 0.00983951, -0.0953734, 0.995393, 0.00304009  
180, 4.87772, 19.1784, 180.789, 0.999124, -0.0401919, -0.011646, 0.0410814, 0.995066, 0.0903077, 0.00795892, -0.090707, 0.995846, 0.00289807  
181, 4.86014, 16.99, 180.836, 0.999138, -0.0397441, -0.0120078, 0.040653, 0.995246, 0.0885047, 0.00843316, -0.0889166, 0.996003, 0.00301207  
182, 4.77589, 14.4975, 180.806, 0.999128, -0.0401118, -0.0116135, 0.0409388, 0.995714, 0.0829364, 0.00823699, -0.0833395, 0.996487, 0.00304286  
183, 4.66849, 12.3235, 180.782, 0.999113, -0.0391879, -0.0153922, 0.0402177, 0.996481, 0.0735439, 0.012456, -0.0740978, 0.997173, 0.00299488  
184, 4.45204, 10.144, 180.653, 0.999099, -0.0403352, -0.0132167, 0.0411769, 0.99661, 0.0712194, 0.0102993, -0.0716994, 0.997373, 0.00297657  
185, 4.40391, 7.76103, 180.661, 0.9992, -0.0360306, -0.0173503, 0.0371124, 0.997083, 0.0667001, 0.0148964, -0.0672907, 0.997622, 0.00288282  
186, 4.28206, 5.41768, 180.781, 0.999076, -0.0387869, -0.018515, 0.0399696, 0.996852, 0.0684769, 0.0158007, -0.0691537, 0.997481, 0.00282457  
187, 4.37771, 3.20973, 180.976, 0.998959, -0.0371481, -0.0264741, 0.0388659, 0.996953, 0.0676363, 0.0238809, -0.0685948, 0.997359, 0.00281957  
188, 4.26155, 0.484885, 181.017, 0.99901, -0.0386966, -0.0219559, 0.0400086, 0.997221, 0.0628521, 0.0194627, -0.0636683, 0.997781, 0.00301402  
189, 4.2523, -2.07543, 180.972, 0.999042, -0.0370656, -0.0232845, 0.0382647, 0.997842, 0.0533567, 0.0212566, -0.0541965, 0.998304, 0.0029455  
190, 4.21716, -4.60894, 180.98, 0.999036, -0.036942, -0.0237161, 0.0380803, 0.998049, 0.0494874, 0.0218417, -0.0503428, 0.998493, 0.00298545  
191, 4.21055, -7.16351, 180.967, 0.999124, -0.0345193, -0.0236359, 0.0355939, 0.998276, 0.0466616, 0.0219845, -0.0474621, 0.998631, 0.00303427  
192, 4.18854, -9.92399, 181.09, 0.999044, -0.0363295, -0.0243006, 0.0372664, 0.998533, 0.0392831, 0.0228378, -0.0401511, 0.998933, 0.00297823  
193, 4.09133, -12.3168, 181.085, 0.999028, -0.0375083, -0.0231543, 0.0384062, 0.998476, 0.0396389, 0.0216322, -0.0404897, 0.998946, 0.00298267  
194, 4.08643, -15.1276, 181.128, 0.998986, -0.0365194, -0.0263389, 0.0373002, 0.99886, 0.0297889, 0.025221, -0.0307411, 0.999209, 0.00308641  
195, 4.11482, -17.4973, 181.055, 0.999063, -0.03393, -0.0268597, 0.0347306, 0.998949, 0.0299228, 0.0258162, -0.0308276, 0.999191, 0.00300209  
196, 4.04384, -20.106, 180.966, 0.998963, -0.0340746, -0.0302043, 0.0349021, 0.999018, 0.0273066, 0.0292442, -0.0283325, 0.999171, 0.00303177  
197, 4.03688, -22.7367, 180.881, 0.999058, -0.0323028, -0.0289895, 0.0327938, 0.999324, 0.0166254, 0.0284329, -0.0175604, 0.999441, 0.00280127  
198, 3.99952, -25.2981, 180.813, 0.999164, -0.0302771, -0.0274882, 0.0306372, 0.999449, 0.0127753, 0.0270862, -0.0136067, 0.99954, 0.0028462  
199, 3.99138, -27.9745, 180.749, 0.999222, -0.0291953, -0.0265084, 0.0293347, 0.999558, 0.00488607, 0.0263541, -0.00565988, 0.999637, 0.00291749  
200, 4.13434, -30.4358, 180.992, 0.999095, -0.0338753, -0.0257248, 0.034119, 0.999376, 0.00909389, 0.0254007, -0.00996336, 0.999628, 0.00275328  
201, 4.34385, -33.1222, 180.887, 0.999141, -0.0331972, -0.0247926, 0.0332943, 0.999439, 0.00351546, 0.024662, -0.00433789, 0.999686, 0.0030534  
202, 4.57995, -35.6877, 180.874, 0.999127, -0.033449, -0.0250176, 0.0335024, 0.999437, 0.00171724, 0.024946, -0.00255389, 0.999686, 0.00283372  
203, 4.86367, -38.4823, 180.965, 0.998925, -0.0351963, -0.0301651, 0.035048, 0.999371, -0.00543177, 0.0303373, 0.0043687, 0.99953, 0.00277991  
204, 5.2224, -40.7578, 180.845, 0.999009, -0.0341959, -0.0284934, 0.0340382, 0.999403, -0.00600125, 0.0286816, 0.00502544, 0.999576, 0.00322843  
205, 5.55208, -43.7198, 180.822, 0.999112, -0.0328518, -0.0263686, 0.0323968, 0.999322, -0.0175027, 0.0269257, 0.0166329, 0.999499, 0.00305701  
206, 5.78816, -46.051, 180.908, 0.999179, -0.0329397, -0.0235829, 0.0324543, 0.999259, -0.0206782, 0.0242465, 0.0198958, 0.999508, 0.00298822  
207, 6.16173, -48.5653, 180.952, 0.999201, -0.0334795, -0.021824, 0.0330697, 0.999275, -0.0188786, 0.0224402, 0.0181418, 0.999584, 0.00297075  
208, 6.3656, -51.1798, 180.942, 0.99933, -0.0312478, -0.0190459, 0.0308927, 0.999349, -0.0186583, 0.0196165, 0.0180575, 0.999644, 0.00306228  
209, 6.50749, -53.4512, 180.978, 0.999192, -0.0344357, -0.0207072, 0.0341468, 0.999317, -0.0141434, 0.0211801, 0.0134248, 0.999686, 0.00315077  
210, 6.68066, -56.0317, 180.894, 0.999215, -0.033452, -0.0212033, 0.0330039, 0.999232, -0.0211425, 0.0218943, 0.0204261, 0.999552, 0.00278878  
211, 6.87091, -58.7168, 180.814, 0.999211, -0.0345171, -0.0196463, 0.0339899, 0.999069, -0.0265601, 0.0205448, 0.0258713, 0.999454, 0.00299515  
212, 7.17469, -61.1105, 180.859, 0.999198, -0.0357755, -0.0180035, 0.035337, 0.999085, -0.0241103, 0.0188495, 0.0234548, 0.999547, 0.00286922  
213, 7.53872, -63.6327, 180.889, 0.99932, -0.0324065, -0.0176068, 0.0318658, 0.999037, -0.0301665, 0.0185674, 0.0295849, 0.99939, 0.0027494  
214, 7.90907, -66.1617, 180.869, 0.999384, -0.0319554, -0.0145421, 0.0314793, 0.998996, -0.0318635, 0.0155457, 0.0313861, 0.999386, 0.00282706  
215, 8.19083, -68.5077, 180.874, 0.999405, -0.0323321, -0.0120193, 0.0318837, 0.998851, -0.035791, 0.0131627, 0.0353865, 0.999287, 0.00291194  
216, 8.5305, -71.0385, 180.898, 0.99947, -0.0301875, -0.0121653, 0.0296535, 0.998681, -0.0419092, 0.0134144, 0.0415263, 0.999047, 0.00297657  
217, 8.99727, -73.2556, 180.816, 0.999529, -0.0290116, -0.00995741, 0.0286117, 0.998861, -0.0381953, 0.0110542, 0.0378924, 0.999221, 0.00285646  
218, 9.40824, -75.8156, 180.788, 0.999442, -0.032467, -0.00787037, 0.0320761, 0.998448, -0.0455326, 0.00933646, 0.0452548, 0.998932, 0.00294634  
219, 9.62691, -77.7853, 180.97, 0.999351, -0.0349414, -0.00878024, 0.0345246, 0.998442, -0.0438282, 0.010298, 0.0434966, 0.999, 0.00299599  
220, 9.99152, -80.4998, 180.972, 0.999371, -0.0347439, -0.00714759, 0.0343946, 0.998428, -0.0442522, 0.00867385, 0.0439785, 0.998995, 0.00279267  
221, 10.0999, -82.7012, 180.88, 0.999482, -0.0318824, -0.00435517, 0.0316598, 0.998525, -0.044099, 0.00575473, 0.0439383, 0.999018, 0.00297546  
222, 10.369, -85.1781, 180.822, 0.99949, -0.0318592, -0.00212744, 0.0317246, 0.998398, -0.0468522, 0.00361671, 0.0467609, 0.9989, 0.00286173  
223, 10.6235, -87.3954, 180.828, 0.999535, -0.0299081, -0.00590663, 0.0295537, 0.998157, -0.0530038, 0.00748099, 0.0528046, 0.998577, 0.00280737  
224, 10.8609, -89.6053, 180.866, 0.999452, -0.0330075, -0.0025453, 0.0328373, 0.998187, -0.050444, 0.00420572, 0.0503328, 0.998724, 0.00294578  
225, 11.1022, -91.9829, 180.834, 0.999491, -0.0318458, 0.00190557, 0.0319001, 0.998393, -0.0468408, -0.000410823, 0.0468777, 0.998901, 0.002948  
226, 11.2335, -94.0867, 180.843, 0.999377, -0.0339233, 0.00978696, 0.0342593, 0.998746, -0.0364959, -0.00853663, 0.0368084, 0.999286, 0.00298656  
227, 11.4589, -96.5423, 180.839, 0.999417, -0.0327278, 0.00971422, 0.0331153, 0.998533, -0.0428455, -0.00829772, 0.0431423, 0.999034, 0.00288753  
228, 11.5798, -98.5153, 180.868, 0.999376, -0.0345786, 0.00718067, 0.0348676, 0.998377, -0.0450346, -0.00561178, 0.0452569, 0.99896, 0.00290195  
229, 11.6072, -100.779, 180.876, 0.999423, -0.0334854, 0.00570173, 0.0337092, 0.998411, -0.0451612, -0.00418042, 0.0453273, 0.998963, 0.0030007  
230, 11.6457, -103.033, 180.806, 0.999408, -0.0338811, 0.00591573, 0.0341031, 0.998507, -0.0426688, -0.00446124, 0.0428453, 0.999072, 0.00287117  
231, 11.7215, -105.081, 180.782, 0.999348, -0.035383, 0.00716414, 0.035637, 0.998599, -0.0391257, -0.00576972, 0.0393555, 0.999209, 0.00295965  
232, 11.7707, -107.401, 180.779, 0.999355, -0.0356092, 0.00464068, 0.0357716, 0.998495, -0.0415648, -0.0031536, 0.041704, 0.999125, 0.00288254  
233, 11.9043, -109.302, 180.748, 0.999388, -0.0341283, 0.00764526, 0.0343572, 0.998893, -0.032137, -0.00654002, 0.03238, 0.999454, 0.00293552  
234, 11.9521, -111.511, 180.851, 0.999354, -0.0355739, 0.0051591, 0.0357485, 0.998599, -0.0390112, -0.00376409, 0.0391704, 0.999225, 0.00298877  
235, 12.0379, -112.959, 180.828, 0.99944, -0.0333415, 0.00280598, 0.0334091, 0.999017, -0.0291193, -0.00183235, 0.0291967, 0.999572, 0.00296991  
236, 12.2712, -115.263, 180.818, 0.999501, -0.0315609, 0.00110863, 0.0315804, 0.99887, -0.0355035, 1.31393e-005, 0.0355208, 0.999369, 0.00295022  
237, 12.282, -116.931, 180.79, 0.999546, -0.0296747, 0.00519013, 0.0298091, 0.999161, -0.0280955, -0.00435205, 0.0282375, 0.999592, 0.00307449  
238, 12.4776, -119.206, 180.818, 0.999585, -0.0282318, 0.00567538, 0.0284065, 0.999035, -0.0335116, -0.00472381, 0.0336589, 0.999422, 0.00288975  
239, 12.5074, -121.07, 180.986, 0.99954, -0.0300837, 0.0038891, 0.0301838, 0.999125, -0.0289484, -0.00301483, 0.0290525, 0.999573, 0.00291139  
240, 12.5892, -122.861, 181.256, 0.99939, -0.0347928, 0.00305067, 0.0348544, 0.999123, -0.0232233, -0.00223999, 0.0233154, 0.999726, 0.00295771  
241, 12.767, -124.986, 181.302, 0.999407, -0.0342308, 0.0037024, 0.0343149, 0.99908, -0.0257185, -0.00281863, 0.0258303, 0.999662, 0.0028315  
242, 12.8357, -126.773, 181.259, 0.999412, -0.0337237, 0.0062408, 0.0338365, 0.999248, -0.0189505, -0.00559702, 0.0191505, 0.999801, 0.00284176  
243, 13.1939, -128.865, 181.214, 0.999466, -0.0325342, 0.00299613, 0.0325893, 0.999256, -0.020645, -0.00232223, 0.0207316, 0.999782, 0.00285147  
244, 13.2817, -130.349, 181.08, 0.999436, -0.0331665, 0.00519647, 0.0332288, 0.999371, -0.0124063, -0.00478173, 0.012572, 0.99991, 0.00301929  
245, 13.5073, -132.463, 180.977, 0.999446, -0.0326688, 0.00639927, 0.032763, 0.999347, -0.0152179, -0.00589794, 0.0154192, 0.999864, 0.00290556  
246, 13.7541, -134.181, 180.858, 0.999344, -0.0345101, 0.010983, 0.0345923, 0.999374, -0.00738578, -0.0107212, 0.00776086, 0.999912, 0.00295688  
247, 13.9968, -136.461, 180.802, 0.999321, -0.0345278, 0.0128479, 0.0346484, 0.999356, -0.00928677, -0.0125189, 0.00972562, 0.999874, 0.00285203  
248, 14.251, -138.328, 180.869, 0.999253, -0.036611, 0.01235, 0.036679, 0.999313, -0.00532666, -0.0121465, 0.00577567, 0.99991, 0.00291804  
249, 14.3939, -140.416, 180.906, 0.999259, -0.0366589, 0.0117341, 0.0367503, 0.999295, -0.00767075, -0.0114447, 0.00809629, 0.999902, 0.00296742  
250, 14.7137, -142.147, 180.802, 0.999337, -0.0348487, 0.0105548, 0.0348305, 0.999391, 0.00190154, -0.0106146, -0.00153265, 0.999942, 0.00286617  
251, 14.776, -144.244, 180.787, 0.999334, -0.0342432, 0.0126234, 0.0341642, 0.999396, 0.00642253, -0.0128357, -0.00598698, 0.9999, 0.00297075  
252, 14.8832, -146.292, 180.813, 0.999402, -0.032591, 0.011572, 0.0325157, 0.999449, 0.00663293, -0.0117818, -0.00625269, 0.999911, 0.002867  
253, 15.029, -148.315, 180.851, 0.999253, -0.0362806, 0.0133175, 0.0361778, 0.999314, 0.00788387, -0.0135944, -0.00739618, 0.99988, 0.00299737  
254, 15.1372, -150.233, 180.82, 0.999304, -0.0341546, 0.0149945, 0.0340607, 0.999399, 0.00647332, -0.0152066, -0.00595809, 0.999867, 0.00306117  
255, 15.3579, -152.081, 180.78, 0.999135, -0.0381576, 0.0165462, 0.0379348, 0.999188, 0.0135763, -0.0170508, -0.0129369, 0.999771, 0.00290917  
256, 15.3654, -154.129, 180.835, 0.999198, -0.037044, 0.0151932, 0.0368716, 0.999254, 0.0114719, -0.0156068, -0.0109025, 0.999819, 0.00293996  
257, 15.4018, -155.929, 180.854, 0.999113, -0.0381462, 0.0178543, 0.0378148, 0.999113, 0.0185441, -0.0185459, -0.0178525, 0.999669, 0.0028903  
258, 15.495, -158.081, 180.877, 0.99919, -0.0362252, 0.0175352, 0.0359417, 0.999222, 0.0162202, -0.0181091, -0.0155769, 0.999715, 0.00296742  
259, 15.4859, -159.927, 180.966, 0.999186, -0.0366941, 0.0167595, 0.0363672, 0.99915, 0.0194116, -0.0174576, -0.0187863, 0.999671, 0.00303732  
260, 15.4815, -161.965, 180.956, 0.99913, -0.0387965, 0.0153262, 0.0384668, 0.999034, 0.0212541, -0.016136, -0.020646, 0.999657, 0.00300153  
261, 15.4759, -163.935, 180.904, 0.999099, -0.0398615, 0.0145705, 0.0395338, 0.998973, 0.0221254, -0.0154375, -0.0215295, 0.999649, 0.00305729  
262, 15.3953, -167.87, 180.866, 0.999134, -0.0382442, 0.0163915, 0.0377172, 0.998797, 0.0313344, -0.0175701, -0.030689, 0.999375, 0.0028254  
263, 15.3415, -170.019, 180.857, 0.999169, -0.0378323, 0.0151621, 0.037358, 0.998838, 0.0304349, -0.0162959, -0.0298432, 0.999422, 0.00304536  
264, 15.4173, -172.036, 180.822, 0.999252, -0.0362097, 0.0136117, 0.0357482, 0.998824, 0.0327435, -0.0147813, -0.0322324, 0.999371, 0.00299099  
265, 15.4678, -174.193, 180.8, 0.999129, -0.0390011, 0.0148215, 0.0384246, 0.998562, 0.037372, -0.0162578, -0.03677, 0.999191, 0.0029885  
266, 15.3975, -176.37, 180.772, 0.999162, -0.0386371, 0.0135189, 0.0381368, 0.998642, 0.0354926, -0.0148719, -0.0349473, 0.999278, 0.00290251  
267, 15.2455, -178.202, 180.832, 0.999062, -0.040388, 0.0155987, 0.0398017, 0.998551, 0.0362283, -0.0170393, -0.0355735, 0.999222, 0.00284981  
268, 15.1859, -180.405, 180.928, 0.999241, -0.0366824, 0.0130805, 0.0362656, 0.998868, 0.0307906, -0.0141952, -0.0302929, 0.99944, 0.00310527  
269, 15.076, -182.186, 181.008, 0.999132, -0.040822, 0.00826399, 0.0404792, 0.998454, 0.0380923, -0.00980621, -0.0377247, 0.99924, 0.00313606  
270, 14.8281, -184.654, 181.076, 0.999151, -0.0410905, 0.00313617, 0.0409726, 0.998671, 0.0312619, -0.00441657, -0.0311069, 0.999506, 0.00296353  
271, 14.4753, -186.443, 181.004, 0.999095, -0.0418997, 0.00728543, 0.0415709, 0.998311, 0.0405759, -0.00897324, -0.0402363, 0.99915, 0.00283455  
272, 14.327, -188.771, 180.971, 0.999259, -0.0380948, 0.00547973, 0.0378269, 0.998372, 0.0426909, -0.00709711, -0.042452, 0.999073, 0.00284093  
273, 14.0769, -190.884, 180.881, 0.999226, -0.0391835, 0.00336551, 0.0389793, 0.998107, 0.0475788, -0.00522344, -0.0474108, 0.998862, 0.00294245  
274, 13.7707, -193.261, 180.886, 0.999227, -0.0392295, 0.00237952, 0.0390907, 0.998306, 0.0431016, -0.00406634, -0.0429753, 0.999068, 0.00308225  
275, 13.4445, -195.418, 180.807, 0.999275, -0.0380709, -0.000270309, 0.038047, 0.998342, 0.0432034, -0.00137493, -0.0431823, 0.999066, 0.0030301  
276, 13.176, -197.542, 180.788, 0.999331, -0.0365294, -0.00173626, 0.0365707, 0.99825, 0.0464729, 3.5591e-005, -0.0465053, 0.998918, 0.00287006  
