0, 0, 0, 0, 0, 0, 0, 0, 0, 0, 0, 0, 0, 0.00671094  
1, 0, 0, 0, 0, 0, 0, 0, 0, 0, 0, 0, 0, 0.00273192  
2, 22.0874, 52.8396, 181.234, 0.997442, -0.0714689, 0.00157817, 0.0714647, 0.99744, 0.00258076, -0.00175857, -0.00246137, 0.999995, 0.00283483  
3, 22.089, 52.8583, 181.24, 0.997434, -0.0715844, 0.0010444, 0.071583, 0.997434, 0.00128531, -0.00113372, -0.00120725, 0.999999, 0.00294966  
4, 22.0528, 52.8615, 181.238, 0.997414, -0.0718624, 0.00120591, 0.0718588, 0.997411, 0.00276354, -0.00140138, -0.00266974, 0.999995, 0.00301873  
5, 22.0605, 52.8695, 181.253, 0.99744, -0.0714713, 0.00227084, 0.0714657, 0.99744, 0.00244546, -0.00243981, -0.00227691, 0.999994, 0.00290473  
6, 22.0597, 52.8331, 181.226, 0.997443, -0.0714392, 0.00204938, 0.0714348, 0.997443, 0.00215973, -0.00219843, -0.00200781, 0.999996, 0.00296187  
7, 22.0683, 52.8492, 181.245, 0.997419, -0.0717899, 0.00124164, 0.0717882, 0.997419, 0.00132789, -0.00133376, -0.00123533, 0.999998, 0.00290528  
8, 22.0551, 52.864, 181.24, 0.997448, -0.07138, 0.00131312, 0.0713782, 0.997448, 0.0013625, -0.00140702, -0.00126529, 0.999998, 0.00278906  
9, 22.0534, 52.8401, 181.246, 0.997402, -0.0720342, 0.00111621, 0.0720321, 0.997401, 0.00183493, -0.00124549, -0.00174976, 0.999998, 0.00293385  
10, 22.0409, 52.8228, 181.252, 0.997407, -0.071962, 0.000983835, 0.0719609, 0.997407, 0.0010414, -0.00105622, -0.000967904, 0.999999, 0.00274329  
11, 22.0682, 52.8444, 181.241, 0.997428, -0.0716643, 0.0014902, 0.0716604, 0.997426, 0.00249305, -0.00166503, -0.00237985, 0.999996, 0.00281735  
12, 22.0735, 52.811, 181.249, 0.997386, -0.0722359, 0.00186319, 0.0722306, 0.997384, 0.00276714, -0.0020582, -0.00262533, 0.999994, 0.00307948  
13, 22.1066, 52.8536, 181.241, 0.99741, -0.0719155, 0.00144277, 0.0719128, 0.997409, 0.00184716, -0.00157187, -0.00173862, 0.999997, 0.00274496  
14, 22.0596, 52.8539, 181.25, 0.997401, -0.0720323, 0.00153543, 0.0720297, 0.997401, 0.00169946, -0.00165386, -0.00158445, 0.999997, 0.00284315  
15, 22.0848, 52.8599, 181.246, 0.997377, -0.0723799, 0.000872818, 0.0723779, 0.997375, 0.00211903, -0.0010239, -0.0020503, 0.999997, 0.00278851  
16, 22.0714, 52.8344, 181.222, 0.997436, -0.0715587, 0.001058, 0.0715559, 0.997433, 0.00251482, -0.00123524, -0.00243266, 0.999996, 0.00283372  
17, 22.0392, 52.8308, 181.227, 0.997453, -0.0713229, 0.0011098, 0.0713218, 0.997453, 0.00106009, -0.00118259, -0.000978239, 0.999999, 0.00285924  
18, 22.1017, 52.8314, 181.234, 0.997444, -0.0714398, 0.000962819, 0.0714384, 0.997444, 0.0014655, -0.00106505, -0.00139297, 0.999998, 0.00276132  
19, 22.0597, 52.8253, 181.237, 0.997412, -0.0718811, 0.00156244, 0.0718785, 0.997412, 0.00162537, -0.00167523, -0.00150885, 0.999997, 0.00280376  
20, 22.0781, 52.8483, 181.241, 0.997416, -0.0718371, 0.000997962, 0.0718357, 0.997416, 0.00136077, -0.00109314, -0.00128557, 0.999999, 0.0027383  
21, 22.0909, 52.8325, 181.228, 0.997446, -0.0714115, 0.00100575, 0.0714093, 0.997445, 0.00206461, -0.00115062, -0.00198752, 0.999997, 0.00286728  
22, 22.0824, 52.8366, 181.236, 0.997447, -0.0714026, 0.0010117, 0.0714008, 0.997446, 0.00174472, -0.0011337, -0.00166803, 0.999998, 0.00281292  
23, 22.0779, 52.8511, 181.239, 0.997426, -0.0717006, 0.00108996, 0.0716987, 0.997425, 0.00164437, -0.00120506, -0.00156199, 0.999998, 0.00280432  
24, 22.1125, 52.8572, 181.231, 0.997418, -0.0718079, 0.0011832, 0.0718052, 0.997416, 0.00224866, -0.00134162, -0.00215789, 0.999997, 0.00283344  
25, 22.0778, 52.8296, 181.236, 0.997433, -0.0715832, 0.00205497, 0.0715769, 0.997431, 0.00298941, -0.00226368, -0.00283465, 0.999993, 0.00274773  
26, 22.1027, 52.8621, 181.241, 0.997432, -0.0716193, 0.000866095, 0.0716175, 0.99743, 0.00195829, -0.00100412, -0.00189123, 0.999998, 0.00286534  
27, 22.1033, 52.8409, 181.245, 0.997464, -0.0711649, 0.0013512, 0.0711621, 0.997463, 0.00201525, -0.00149118, -0.00191399, 0.999997, 0.00301956  
28, 22.0729, 52.8405, 181.239, 0.997468, -0.0711053, 0.00124034, 0.0711027, 0.997467, 0.00203955, -0.00138222, -0.00194619, 0.999997, 0.00284121  
29, 22.0878, 52.8251, 181.244, 0.997383, -0.0722868, 0.00108647, 0.0722854, 0.997383, 0.00129028, -0.0011769, -0.00120837, 0.999999, 0.00270501  
30, 22.1005, 52.8426, 181.243, 0.997392, -0.0721778, 0.000738893, 0.0721763, 0.99739, 0.00188848, -0.000873271, -0.00183022, 0.999998, 0.00276576  
31, 22.0856, 52.8364, 181.234, 0.997491, -0.0707782, 0.00107743, 0.0707744, 0.997487, 0.00319712, -0.00130101, -0.00311284, 0.999994, 0.00281624  
32, 22.0647, 52.8426, 181.263, 0.997445, -0.0714275, 0.00122208, 0.0714241, 0.997442, 0.00265985, -0.00140894, -0.00256577, 0.999996, 0.00290057  
33, 22.0599, 52.8309, 181.254, 0.99741, -0.0719171, 0.00108136, 0.071916, 0.99741, 0.0009998, -0.00115046, -0.000919443, 0.999999, 0.0028168  
34, 22.0828, 52.8303, 181.223, 0.997412, -0.0718874, 0.00144139, 0.0718842, 0.997411, 0.00213956, -0.00159147, -0.00203041, 0.999997, 0.00300764  
35, 22.0769, 52.8439, 181.24, 0.997434, -0.0715762, 0.00124849, 0.071575, 0.997435, 0.00100229, -0.00131703, -0.000910355, 0.999999, 0.0028487  
36, 22.0707, 52.865, 181.264, 0.997387, -0.0722357, 0.00144474, 0.0722327, 0.997386, 0.00203051, -0.00158764, -0.00192084, 0.999997, 0.00282179  
37, 22.0597, 52.8472, 181.263, 0.997434, -0.0715728, 0.00155065, 0.0715703, 0.997434, 0.00165653, -0.00166524, -0.0015413, 0.999997, 0.00296492  
38, 22.0746, 52.8547, 181.246, 0.997466, -0.0711186, 0.00176513, 0.0711153, 0.997466, 0.0018498, -0.00189222, -0.00171958, 0.999997, 0.0027763  
39, 22.0639, 52.8418, 181.241, 0.997415, -0.0718374, 0.00152703, 0.0718352, 0.997416, 0.00141431, -0.00162469, -0.00130096, 0.999998, 0.00292026  
40, 22.0575, 52.8307, 181.253, 0.997448, -0.0713808, 0.00168742, 0.0713769, 0.997447, 0.00229731, -0.00184709, -0.002171, 0.999996, 0.00286368  
41, 22.0678, 52.8781, 181.251, 0.997476, -0.0710002, 0.000708481, 0.070999, 0.997475, 0.00154007, -0.000816037, -0.00148588, 0.999999, 0.00282068  
42, 22.0858, 52.8142, 181.225, 0.997478, -0.0709673, 0.00134457, 0.0709641, 0.997476, 0.00232398, -0.0015061, -0.0022227, 0.999996, 0.00288254  
43, 22.0522, 52.8508, 181.249, 0.997429, -0.0716492, 0.00138058, 0.0716453, 0.997426, 0.0027447, -0.00157368, -0.00263873, 0.999995, 0.00282124  
44, 22.0731, 52.8286, 181.229, 0.99743, -0.0716411, 0.000734669, 0.0716394, 0.997428, 0.0021612, -0.00088761, -0.00210301, 0.999997, 0.00286257  
45, 22.0522, 52.832, 181.238, 0.997447, -0.0713958, 0.00112604, 0.0713929, 0.997445, 0.00244476, -0.00129771, -0.00235813, 0.999996, 0.00285397  
46, 22.0615, 52.8362, 181.231, 0.997422, -0.0717436, 0.00151091, 0.0717397, 0.99742, 0.00251331, -0.00168733, -0.00239844, 0.999996, 0.00288587  
47, 22.0591, 52.8484, 181.254, 0.997397, -0.0720866, 0.00156211, 0.0720842, 0.997397, 0.00153319, -0.00166856, -0.0014166, 0.999998, 0.00314688  
48, 22.0819, 52.8302, 181.244, 0.997423, -0.0717394, 0.00101416, 0.071737, 0.997421, 0.00224523, -0.00117261, -0.00216669, 0.999997, 0.00290667  
49, 22.076, 52.8556, 181.244, 0.997433, -0.0716019, 0.000667175, 0.0716002, 0.997431, 0.00227861, -0.000828613, -0.00222499, 0.999997, 0.0028057  
50, 22.0525, 52.8313, 181.247, 0.997447, -0.0713922, 0.00135373, 0.0713895, 0.997447, 0.00197465, -0.00149124, -0.00187297, 0.999997, 0.0027261  
51, 22.0541, 52.8354, 181.258, 0.997405, -0.0719704, 0.00175096, 0.0719678, 0.997406, 0.0015169, -0.00185559, -0.00138695, 0.999997, 0.00294911  
52, 22.0727, 52.8549, 181.25, 0.997407, -0.0719671, 0.000566173, 0.0719662, 0.997406, 0.00141955, -0.000666865, -0.00137512, 0.999999, 0.0030412  
53, 22.0626, 52.8211, 181.223, 0.997408, -0.07195, 0.000754451, 0.0719482, 0.997406, 0.00221886, -0.000912141, -0.00215882, 0.999997, 0.00282457  
54, 22.0517, 52.8407, 181.257, 0.997405, -0.0719856, 0.000966744, 0.0719838, 0.997404, 0.00178682, -0.00109286, -0.0017126, 0.999998, 0.00291305  
55, 22.0429, 52.8289, 181.232, 0.997445, -0.0714266, 0.00113496, 0.0714248, 0.997445, 0.00161596, -0.00124748, -0.00153077, 0.999998, 0.00281125  
56, 22.0636, 52.8403, 181.232, 0.997416, -0.0718185, 0.00193714, 0.0718134, 0.997415, 0.0025637, -0.00211625, -0.00241797, 0.999995, 0.00299016  
57, 22.0805, 52.8282, 181.214, 0.997467, -0.0711188, 0.00096805, 0.071117, 0.997466, 0.00174364, -0.0010896, -0.00167038, 0.999998, 0.00293469  
58, 22.0719, 52.8379, 181.229, 0.997415, -0.0718352, 0.00157374, 0.0718312, 0.997414, 0.00246342, -0.00174663, -0.00234401, 0.999996, 0.00300459  
59, 22.0729, 52.8441, 181.243, 0.997435, -0.0715707, 0.00041592, 0.0715694, 0.997433, 0.00249276, -0.000593261, -0.0024566, 0.999997, 0.0031405  
60, 22.0837, 52.8487, 181.225, 0.997426, -0.0717092, 0.000388221, 0.0717088, 0.997425, 0.000953687, -0.00045561, -0.000923393, 0.999999, 0.00284454  
61, 22.0686, 52.8459, 181.253, 0.997451, -0.0713403, 0.00148572, 0.0713366, 0.997449, 0.00242204, -0.00165472, -0.00230988, 0.999996, 0.00294218  
62, 22.0592, 52.823, 181.26, 0.997431, -0.0716128, 0.00184758, 0.071609, 0.997431, 0.00203716, -0.00198872, -0.00189963, 0.999996, 0.0028989  
63, 22.0947, 52.8438, 181.243, 0.997376, -0.0723873, 0.0007096, 0.0723869, 0.997377, 0.000492456, -0.000743386, -0.000439798, 1, 0.00279794  
64, 22.0703, 52.8573, 181.241, 0.997374, -0.0724169, 0.00120682, 0.0724151, 0.997374, 0.00145215, -0.00130881, -0.00136094, 0.999998, 0.00281264  
65, 22.0546, 52.8325, 181.23, 0.997487, -0.0708256, 0.00208456, 0.0708197, 0.997485, 0.00279292, -0.00227712, -0.00263827, 0.999994, 0.00270307  
66, 22.0903, 52.8404, 181.242, 0.99742, -0.0717802, 0.00118697, 0.0717787, 0.99742, 0.00131621, -0.00127838, -0.00122761, 0.999998, 0.00296437  
67, 22.0348, 52.8319, 181.246, 0.997438, -0.0715146, 0.00167804, 0.0715112, 0.997438, 0.00201901, -0.00181813, -0.00189384, 0.999997, 0.00304813  
68, 22.0415, 52.8638, 181.253, 0.99745, -0.0713651, 0.000928619, 0.0713639, 0.997449, 0.00130542, -0.00101941, -0.00123582, 0.999999, 0.00275772  
69, 22.0523, 52.8513, 181.253, 0.997424, -0.0717204, 0.00153096, 0.0717193, 0.997425, 0.000749323, -0.00158076, -0.000637593, 0.999999, 0.00284065  
70, 22.0491, 52.8631, 181.257, 0.997356, -0.0726706, 0.000396891, 0.0726703, 0.997356, 0.000912502, -0.000462153, -0.000881247, 1, 0.0027677  
71, 22.0606, 52.8262, 181.255, 0.997424, -0.0717147, 0.00134797, 0.0717132, 0.997425, 0.00112577, -0.00142524, -0.0010262, 0.999998, 0.00300459  
72, 22.0704, 52.814, 181.258, 0.997437, -0.0715444, 0.00113716, 0.0715425, 0.997436, 0.00160375, -0.00124898, -0.00151828, 0.999998, 0.00295133  
73, 22.0525, 52.847, 181.252, 0.997422, -0.071757, 0.000919645, 0.0717549, 0.99742, 0.00214042, -0.00107086, -0.00206892, 0.999997, 0.00293857  
74, 22.0811, 52.8525, 181.239, 0.997382, -0.0722913, 0.00183001, 0.0722871, 0.997381, 0.00223621, -0.00198688, -0.00209807, 0.999996, 0.00293552  
75, 22.0469, 52.8503, 181.257, 0.997434, -0.0715597, 0.00214218, 0.0715556, 0.997435, 0.00191075, -0.00227342, -0.00175256, 0.999996, 0.00287533  
76, 22.0501, 52.8672, 181.241, 0.997413, -0.0718595, 0.00188941, 0.0718572, 0.997414, 0.00127742, -0.00197632, -0.00113834, 0.999997, 0.00300902  
77, 22.0865, 52.8471, 181.22, 0.997413, -0.0718793, 0.000401571, 0.0718787, 0.997413, 0.00125074, -0.000490434, -0.00121864, 0.999999, 0.0029921  
78, 22.059, 52.8496, 181.253, 0.997399, -0.0720653, 0.00153179, 0.0720637, 0.997399, 0.00109417, -0.00160665, -0.000980938, 0.999998, 0.00274634  
79, 22.0804, 52.8207, 181.241, 0.99743, -0.0716363, 0.00115317, 0.0716343, 0.997429, 0.0017136, -0.00127296, -0.00162659, 0.999998, 0.00278074  
80, 22.0751, 52.838, 181.232, 0.997416, -0.0718397, 0.000752592, 0.0718391, 0.997416, 0.000771342, -0.000806061, -0.000715283, 0.999999, 0.00271334  
81, 22.0608, 52.8525, 181.276, 0.997361, -0.0725945, 0.000994913, 0.0725928, 0.99736, 0.00160912, -0.0011091, -0.00153265, 0.999998, 0.00284759  
82, 22.0862, 52.8441, 181.224, 0.997445, -0.0714262, 0.000897855, 0.0714241, 0.997444, 0.00215746, -0.00104966, -0.00208782, 0.999997, 0.00282068  
83, 22.0899, 52.8579, 181.235, 0.997389, -0.0722027, 0.0014695, 0.0722002, 0.997389, 0.00167895, -0.00158689, -0.00156847, 0.999998, 0.00300486  
84, 22.0673, 52.8649, 181.245, 0.997441, -0.0714931, 0.00092092, 0.0714918, 0.99744, 0.00135583, -0.0010155, -0.00128652, 0.999999, 0.00298101  
85, 22.066, 52.8628, 181.252, 0.997412, -0.0718788, 0.00173735, 0.0718755, 0.997412, 0.00190356, -0.00186968, -0.00177376, 0.999997, 0.00307143  
86, 22.0798, 52.84, 181.25, 0.997413, -0.0718581, 0.00173074, 0.0718542, 0.997413, 0.00220328, -0.00188459, -0.00207322, 0.999996, 0.00305507  
87, 22.065, 52.8528, 181.234, 0.99743, -0.0716407, 0.00138038, 0.0716385, 0.997429, 0.00155224, -0.00148804, -0.00144936, 0.999998, 0.00296159  
88, 22.0657, 52.8547, 181.226, 0.997474, -0.0710154, 0.00131571, 0.0710137, 0.997475, 0.00125085, -0.00140122, -0.00115425, 0.999998, 0.0028892  
89, 22.0641, 52.8588, 181.244, 0.997425, -0.0717195, 0.000682045, 0.0717181, 0.997423, 0.00193769, -0.000819258, -0.00188378, 0.999998, 0.00272332  
90, 22.0498, 52.8551, 181.246, 0.997356, -0.0726578, 0.00104808, 0.0726559, 0.997356, 0.00168876, -0.00116801, -0.00160815, 0.999998, 0.00290556  
91, 22.0806, 52.8566, 181.237, 0.997425, -0.071708, 0.00126773, 0.0717041, 0.997422, 0.00288835, -0.00147158, -0.00279001, 0.999995, 0.00302844  
92, 22.0348, 52.8472, 181.243, 0.99743, -0.0716331, 0.00123804, 0.0716309, 0.99743, 0.00170501, -0.00135699, -0.00161195, 0.999998, 0.00278296  
93, 22.0659, 52.8668, 181.254, 0.997423, -0.0717296, 0.00121121, 0.0717269, 0.997422, 0.00212778, -0.00136071, -0.00203542, 0.999997, 0.00281236  
94, 22.0764, 52.8497, 181.272, 0.997394, -0.0721258, 0.0014559, 0.0721232, 0.997394, 0.0017835, -0.00158075, -0.00167385, 0.999997, 0.00290972  
95, 22.0513, 52.8556, 181.255, 0.997416, -0.0718121, 0.00205833, 0.0718076, 0.997416, 0.0021798, -0.00220954, -0.00202637, 0.999996, 0.00284648  
96, 22.0644, 52.8617, 181.253, 0.997387, -0.0722286, 0.00122795, 0.0722251, 0.997385, 0.00272316, -0.00142143, -0.00262735, 0.999996, 0.0029125  
97, 22.0746, 52.847, 181.267, 0.997419, -0.0717912, 0.00137257, 0.0717887, 0.997418, 0.00180666, -0.00149873, -0.00170346, 0.999997, 0.00296298  
98, 22.0977, 52.8476, 181.254, 0.997419, -0.0717761, 0.00179308, 0.0717713, 0.997418, 0.00262375, -0.00197677, -0.00248829, 0.999995, 0.00294994  
99, 22.057, 52.8509, 181.243, 0.997417, -0.071821, 0.00109845, 0.0718198, 0.997417, 0.00105225, -0.00117119, -0.000970642, 0.999999, 0.0027469  
100, 22.0607, 52.8403, 181.256, 0.997439, -0.0715179, 0.00120157, 0.0715165, 0.997439, 0.00113091, -0.00127938, -0.00104208, 0.999999, 0.00306922  
101, 22.0514, 52.8576, 181.242, 0.997383, -0.0722952, 0.000949482, 0.0722946, 0.997383, 0.000658417, -0.000994598, -0.000588052, 0.999999, 0.0029161  
102, 22.0535, 52.8582, 181.248, 0.997404, -0.0719949, 0.00138071, 0.071992, 0.997403, 0.00202051, -0.00152259, -0.00191587, 0.999997, 0.00274579  
103, 22.0528, 52.8492, 181.244, 0.997417, -0.0718191, 0.00152576, 0.071816, 0.997416, 0.0020014, -0.00166555, -0.00188665, 0.999997, 0.00280931  
104, 22.0773, 52.8463, 181.24, 0.997445, -0.0714334, 0.000730115, 0.0714328, 0.997445, 0.00083159, -0.000787653, -0.000777311, 0.999999, 0.00275106  
105, 22.0511, 52.8681, 181.27, 0.997403, -0.0720164, 0.00113153, 0.0720152, 0.997403, 0.00102525, -0.00120243, -0.000941098, 0.999999, 0.00284343  
106, 22.082, 52.8416, 181.235, 0.997423, -0.0717377, 0.00135441, 0.0717351, 0.997422, 0.00188871, -0.00148641, -0.00178668, 0.999997, 0.00288337  
107, 22.0749, 52.8493, 181.247, 0.997451, -0.0713366, 0.00186406, 0.0713296, 0.997446, 0.00359352, -0.00211565, -0.0034514, 0.999992, 0.00289918  
108, 22.0987, 52.8638, 181.24, 0.997428, -0.0716667, 0.000831641, 0.071665, 0.997427, 0.0019646, -0.000970297, -0.00189994, 0.999998, 0.00284176  
109, 22.0759, 52.8218, 181.248, 0.997441, -0.0714576, 0.00226666, 0.0714497, 0.997438, 0.00342508, -0.0025056, -0.00325436, 0.999992, 0.00274551  
110, 22.0956, 52.8134, 181.242, 0.997398, -0.07207, 0.0014771, 0.0720662, 0.997397, 0.00250986, -0.00165414, -0.00239688, 0.999996, 0.00281569  
111, 22.0502, 52.8548, 181.271, 0.997389, -0.072211, 0.00119649, 0.0722082, 0.997387, 0.00223014, -0.00135441, -0.00213792, 0.999997, 0.00295383  
112, 22.0477, 52.859, 181.258, 0.997434, -0.0715741, 0.0016727, 0.0715684, 0.99743, 0.00322547, -0.00189926, -0.00309749, 0.999993, 0.00282262  
113, 22.0647, 52.9646, 181.268, 0.997442, -0.0714754, 0.000408711, 0.0714719, 0.997426, 0.00572535, -0.000816881, -0.0056815, 0.999984, 0.00284981  
114, 22.0619, 53.0494, 181.267, 0.997424, -0.0717319, -0.000397889, 0.0717329, 0.997397, 0.00731951, -0.000128189, -0.0073292, 0.999973, 0.0031086  
115, 22.0712, 53.0883, 181.287, 0.997441, -0.0714939, 0.000351891, 0.071488, 0.997403, 0.00879694, -0.000979905, -0.00874927, 0.999961, 0.00287782  
116, 22.0711, 53.1436, 181.302, 0.99737, -0.0724816, -0.000243906, 0.0724798, 0.997307, 0.0111712, -0.000566457, -0.0111595, 0.999938, 0.00284787  
117, 22.0882, 53.1879, 181.267, 0.997463, -0.0711895, -9.65656e-005, 0.0711843, 0.997371, 0.0135301, -0.000866888, -0.0135026, 0.999908, 0.00281486  
118, 22.0573, 53.2573, 181.287, 0.997476, -0.0710091, -5.60236e-005, 0.0710002, 0.997338, 0.016617, -0.00112408, -0.016579, 0.999862, 0.00282151  
119, 22.0683, 53.3016, 181.296, 0.997423, -0.0717504, 0.00037604, 0.0717292, 0.997231, 0.0196523, -0.00178506, -0.0195746, 0.999807, 0.002834  
120, 22.0681, 53.4238, 181.303, 0.997524, -0.0703246, 0.000572939, 0.0702924, 0.997256, 0.0232065, -0.00220335, -0.0231088, 0.999731, 0.00292858  
121, 22.0583, 53.5087, 181.304, 0.997482, -0.0709162, 0.000886584, 0.0708624, 0.99708, 0.0284507, -0.00290161, -0.0283162, 0.999595, 0.00295272  
122, 22.0519, 53.5564, 181.301, 0.997496, -0.0706917, 0.00190622, 0.0705902, 0.996956, 0.0330947, -0.00423994, -0.0328773, 0.99945, 0.00281236  
123, 22.077, 53.6084, 181.296, 0.997564, -0.0697549, 0.00109638, 0.0696726, 0.996943, 0.035363, -0.00355977, -0.0352005, 0.999374, 0.00283316  
124, 22.1023, 53.6127, 181.277, 0.997496, -0.0707191, 0.000511209, 0.07065, 0.996793, 0.0375843, -0.0031675, -0.0374541, 0.999293, 0.00285757  
125, 22.0703, 53.6778, 181.298, 0.997508, -0.0705398, 0.00166485, 0.0704101, 0.996653, 0.0415351, -0.00458916, -0.0413144, 0.999136, 0.00293358  
126, 22.0545, 53.763, 181.289, 0.997529, -0.0702018, 0.00289292, 0.0699842, 0.996405, 0.0477519, -0.00623479, -0.0474315, 0.998855, 0.00288503  
127, 22.0673, 53.9886, 181.32, 0.997596, -0.0692646, 0.00207279, 0.0690229, 0.995877, 0.0588713, -0.00614195, -0.0585868, 0.998263, 0.00268421  
128, 22.0482, 54.0567, 181.297, 0.997607, -0.0690812, 0.00265992, 0.0687625, 0.99551, 0.0650478, -0.00714155, -0.0647093, 0.997879, 0.00286534  
129, 22.0781, 54.1561, 181.275, 0.99763, -0.0688002, 0.00113671, 0.0685624, 0.99531, 0.0682462, -0.00582673, -0.0680065, 0.997668, 0.00300292  
130, 22.0641, 54.2287, 181.296, 0.997696, -0.0678214, 0.00159483, 0.0675246, 0.995046, 0.0729614, -0.00653527, -0.0726857, 0.997333, 0.00276521  
131, 22.0259, 54.3093, 181.302, 0.997684, -0.0679765, 0.00225996, 0.0675873, 0.994593, 0.0788413, -0.0076071, -0.078506, 0.996885, 0.00291139  
132, 22.0369, 54.3131, 181.277, 0.99768, -0.0680637, 0.00164613, 0.0677054, 0.994393, 0.0812287, -0.00716562, -0.0809287, 0.996694, 0.00308031  
133, 21.9745, 54.4795, 181.276, 0.997722, -0.067456, 0.00093658, 0.0670924, 0.993605, 0.09082, -0.00705695, -0.0905503, 0.995867, 0.00274662  
134, 21.9539, 54.5512, 181.276, 0.997671, -0.068203, 0.000262662, 0.0678722, 0.993197, 0.0946172, -0.00671405, -0.094379, 0.995514, 0.00278962  
135, 21.9473, 54.6136, 181.277, 0.997667, -0.0682666, -0.000944293, 0.0680353, 0.992943, 0.0971395, -0.00569375, -0.0969771, 0.99527, 0.00291111  
136, 21.8757, 54.7012, 181.258, 0.997656, -0.0683978, -0.00221151, 0.0682684, 0.992486, 0.101539, -0.00475013, -0.101452, 0.994829, 0.00289585  
137, 21.8217, 54.7338, 181.258, 0.997692, -0.067868, -0.0020779, 0.0677031, 0.992008, 0.106477, -0.00516507, -0.106372, 0.994313, 0.00295854  
138, 21.7701, 54.818, 181.287, 0.997637, -0.0686017, -0.00369619, 0.0685962, 0.991695, 0.108788, -0.00379752, -0.108784, 0.994058, 0.0029688  
139, 21.7104, 54.8619, 181.272, 0.997718, -0.0674098, -0.00380843, 0.0674011, 0.991106, 0.11474, -0.00396006, -0.114735, 0.993388, 0.00275161  
140, 21.667, 54.8727, 181.294, 0.997672, -0.0679976, -0.00509175, 0.0681257, 0.990789, 0.117029, -0.00291281, -0.117103, 0.993116, 0.00294772  
141, 21.6166, 54.8638, 181.267, 0.997743, -0.0668729, -0.00607489, 0.0671123, 0.990157, 0.122824, -0.0021985, -0.122954, 0.99241, 0.00275966  
142, 21.5252, 54.9251, 181.262, 0.997712, -0.0673558, -0.00579957, 0.0675394, 0.989291, 0.129389, -0.00297761, -0.129484, 0.991577, 0.00296575  
143, 21.4372, 55.029, 181.235, 0.997793, -0.0660577, -0.00678824, 0.0663642, 0.988339, 0.137043, -0.00234368, -0.137191, 0.990542, 0.00298434  
144, 21.3555, 54.9942, 181.257, 0.997752, -0.0665523, -0.00781421, 0.0669903, 0.987873, 0.140071, -0.00160261, -0.14028, 0.990111, 0.00288642  
145, 21.2954, 55.0003, 181.226, 0.997705, -0.0670471, -0.00949692, 0.0677155, 0.98713, 0.144877, -0.000338894, -0.145188, 0.989404, 0.002867  
146, 21.1927, 54.8915, 181.232, 0.997682, -0.0675375, -0.00830012, 0.0680161, 0.986211, 0.150871, -0.00200376, -0.151085, 0.988519, 0.00281014  
147, 21.1297, 54.9054, 181.141, 0.997667, -0.0673512, -0.0111639, 0.0682676, 0.985627, 0.154529, 0.000595746, -0.154931, 0.987925, 0.00297324  
148, 21.0137, 55.0183, 181.091, 0.997469, -0.0703566, -0.0103118, 0.0710928, 0.983682, 0.165273, -0.00148448, -0.165587, 0.986194, 0.0029272  
149, 20.9322, 54.9159, 181.068, 0.997473, -0.0702451, -0.0105981, 0.0710219, 0.982675, 0.171189, -0.00161072, -0.171509, 0.985181, 0.0027297  
150, 20.8143, 54.8265, 181.052, 0.997355, -0.0717436, -0.0116481, 0.072672, 0.98152, 0.177022, -0.00126741, -0.177401, 0.984138, 0.00287033  
151, 20.7134, 54.4808, 181.05, 0.997316, -0.0723867, -0.0110136, 0.0731868, 0.981008, 0.179629, -0.00219836, -0.179953, 0.983673, 0.00271223  
152, 20.5414, 54.4048, 180.991, 0.997426, -0.0705902, -0.0125728, 0.0716956, 0.979709, 0.187163, -0.000894158, -0.187583, 0.982248, 0.00299682  
153, 20.3289, 54.1545, 180.919, 0.997325, -0.0717815, -0.0138091, 0.0730974, 0.978844, 0.191104, -0.000200776, -0.191602, 0.981473, 0.00305174  
154, 20.1787, 53.7602, 180.923, 0.997398, -0.0702009, -0.0164329, 0.0720478, 0.979013, 0.190636, 0.00270525, -0.191323, 0.981523, 0.00289447  
155, 19.9533, 53.272, 180.903, 0.997303, -0.0718196, -0.0150959, 0.0733864, 0.977664, 0.196946, 0.000614075, -0.197523, 0.980298, 0.00294661  
156, 19.8273, 52.7419, 180.881, 0.997458, -0.0688465, -0.0183974, 0.0711512, 0.97655, 0.203195, 0.00397676, -0.203987, 0.978965, 0.00293191  
157, 19.6473, 52.1592, 180.888, 0.997411, -0.0692075, -0.019552, 0.0717507, 0.976075, 0.205252, 0.00487926, -0.206124, 0.978514, 0.00293524  
158, 19.4519, 51.6159, 180.85, 0.997349, -0.0691959, -0.0225029, 0.0723792, 0.975175, 0.209272, 0.00746348, -0.210346, 0.977599, 0.00298628  
159, 19.2111, 50.8463, 180.888, 0.997367, -0.0688127, -0.0228748, 0.072107, 0.974539, 0.212309, 0.00768281, -0.213399, 0.976935, 0.00288448  
160, 19.0237, 50.0765, 180.857, 0.9973, -0.0678005, -0.0282116, 0.0722236, 0.975082, 0.209759, 0.0132869, -0.21123, 0.977346, 0.00291222  
161, 18.7029, 49.236, 180.839, 0.997303, -0.0678971, -0.027887, 0.0723368, 0.973606, 0.216468, 0.0124534, -0.217901, 0.975891, 0.00290029  
162, 18.4284, 48.2955, 180.862, 0.997327, -0.0665869, -0.0300695, 0.0715165, 0.973915, 0.21535, 0.0149457, -0.216924, 0.976074, 0.0030068  
163, 18.0998, 47.2465, 180.833, 0.997314, -0.0664684, -0.0307631, 0.0715897, 0.973375, 0.217751, 0.0154705, -0.219369, 0.975519, 0.00297879  
164, 17.8493, 46.244, 180.861, 0.997283, -0.0659452, -0.0328319, 0.0715795, 0.972795, 0.220332, 0.0174088, -0.222084, 0.974872, 0.00277325  
165, 17.6199, 45.0494, 180.822, 0.997145, -0.0673801, -0.0340821, 0.0732901, 0.972267, 0.222092, 0.0181723, -0.223956, 0.97443, 0.00298628  
166, 17.4278, 43.9466, 180.834, 0.997035, -0.0682221, -0.0355812, 0.0744628, 0.971998, 0.222878, 0.0193796, -0.224867, 0.974197, 0.00280265  
167, 17.2579, 42.4784, 180.892, 0.996877, -0.0691471, -0.0381463, 0.075837, 0.972956, 0.218188, 0.0220276, -0.220399, 0.975161, 0.00303537  
168, 17.0853, 41.0194, 180.803, 0.996767, -0.0692576, -0.0407278, 0.0764553, 0.973431, 0.215839, 0.0246972, -0.218255, 0.975579, 0.00310222  
169, 17.0081, 39.3966, 180.821, 0.996839, -0.068153, -0.0408303, 0.0753627, 0.973828, 0.214427, 0.0251478, -0.216827, 0.975886, 0.00281513  
170, 16.984, 37.8442, 180.816, 0.996967, -0.0659099, -0.0413853, 0.0732954, 0.973957, 0.214561, 0.0261658, -0.216943, 0.975833, 0.00295105  
171, 17.0239, 36.0157, 180.833, 0.997019, -0.0649894, -0.0415879, 0.0723229, 0.974963, 0.210279, 0.0268807, -0.21266, 0.976756, 0.00273886  
172, 17.0308, 34.1683, 180.823, 0.997012, -0.063475, -0.0440289, 0.0712385, 0.975908, 0.206223, 0.0298781, -0.208744, 0.977514, 0.00302123  
173, 17.0546, 32.3316, 180.803, 0.99697, -0.065016, -0.0427149, 0.072656, 0.974428, 0.212628, 0.0277983, -0.215087, 0.976199, 0.00296769  
174, 17.1617, 30.346, 180.894, 0.997007, -0.0642302, -0.0430294, 0.071859, 0.975207, 0.209301, 0.0285191, -0.211767, 0.976904, 0.00276992  
175, 17.3424, 28.2679, 180.994, 0.997078, -0.0647124, -0.0405936, 0.0716964, 0.976153, 0.204903, 0.0263658, -0.207214, 0.97794, 0.00313301  
176, 17.625, 26.0729, 180.903, 0.99712, -0.0649069, -0.0392195, 0.0715292, 0.976756, 0.202067, 0.0251924, -0.20429, 0.978586, 0.0027028  
177, 17.915, 23.7595, 180.924, 0.997251, -0.0631691, -0.0387384, 0.0695582, 0.978238, 0.195479, 0.0255471, -0.197636, 0.979943, 0.0028437  
178, 18.1986, 21.5169, 180.942, 0.997355, -0.0639373, -0.0345813, 0.0693639, 0.979382, 0.189737, 0.021737, -0.191634, 0.981226, 0.00288781  
179, 18.613, 19.1802, 180.893, 0.997465, -0.0632552, -0.0325977, 0.0682762, 0.979814, 0.187889, 0.0200548, -0.189638, 0.981649, 0.00276659  
180, 19.06, 16.6941, 180.945, 0.997438, -0.0635344, -0.0328635, 0.0684442, 0.981211, 0.180391, 0.020785, -0.182178, 0.983046, 0.00300348  
181, 19.4769, 14.2477, 180.982, 0.997467, -0.0632006, -0.0326523, 0.0679351, 0.982454, 0.17369, 0.0211021, -0.175468, 0.984259, 0.0027003  
182, 19.9711, 11.6559, 180.883, 0.997374, -0.0636434, -0.0345764, 0.0687679, 0.981947, 0.176213, 0.0227374, -0.178128, 0.983745, 0.00280654  
183, 20.5881, 8.96338, 181.024, 0.997644, -0.0611619, -0.0310821, 0.0654474, 0.984328, 0.163752, 0.0205796, -0.165401, 0.986012, 0.0028401  
184, 21.0374, 6.37325, 181.044, 0.997692, -0.0623774, -0.026823, 0.0658818, 0.984901, 0.160092, 0.0164319, -0.161489, 0.986738, 0.00277797  
185, 21.7057, 3.51263, 181.132, 0.997969, -0.0595363, -0.0226437, 0.0622778, 0.986622, 0.150658, 0.0133711, -0.151762, 0.988327, 0.0030351  
186, 22.3618, 0.729517, 181.137, 0.997948, -0.0610095, -0.0194495, 0.0632573, 0.986444, 0.151415, 0.00994814, -0.152334, 0.988279, 0.0027555  
187, 23.1928, -2.35072, 181.101, 0.997934, -0.0607832, -0.0208308, 0.0631415, 0.987752, 0.142689, 0.0119026, -0.143709, 0.989548, 0.00284731  
188, 23.8759, -5.29699, 181.109, 0.997855, -0.0635801, -0.0155865, 0.0650859, 0.98909, 0.132158, 0.0070139, -0.132889, 0.991106, 0.00296048  
189, 24.7012, -8.25826, 181.253, 0.997925, -0.06314, -0.0126354, 0.0642068, 0.990576, 0.120978, 0.00487773, -0.121539, 0.992575, 0.00279073  
190, 25.5873, -11.3541, 181.311, 0.997994, -0.062836, -0.00766447, 0.0633001, 0.991486, 0.113795, 0.000448817, -0.114052, 0.993475, 0.00298767  
191, 26.3218, -14.4855, 181.195, 0.997948, -0.0640305, 0.000359987, 0.0635888, 0.991693, 0.111808, -0.00751609, -0.111555, 0.99373, 0.00271195  
192, 27.156, -17.644, 181.111, 0.99796, -0.063819, 0.00161213, 0.063327, 0.992828, 0.101405, -0.00807217, -0.101097, 0.994844, 0.00295521  
193, 28.0007, -20.9214, 181.13, 0.998052, -0.0623662, 0.00169178, 0.0619336, 0.993672, 0.0937073, -0.00752523, -0.0934199, 0.995598, 0.00281264  
194, 28.8154, -24.2057, 181.126, 0.997836, -0.065644, 0.0038082, 0.0650754, 0.994176, 0.0858974, -0.00942467, -0.0854637, 0.996297, 0.00276437  
195, 29.7167, -27.5288, 181.094, 0.997907, -0.0644445, 0.00528222, 0.063872, 0.995162, 0.0746547, -0.0100677, -0.0741611, 0.997195, 0.00282346  
196, 30.5675, -30.6169, 181.003, 0.997972, -0.0628748, 0.00993021, 0.062027, 0.995603, 0.0701966, -0.0143001, -0.0694383, 0.997484, 0.00273969  
197, 31.4124, -34.2719, 181.008, 0.997763, -0.0654726, 0.0134831, 0.0646558, 0.996444, 0.0540358, -0.016973, -0.0530432, 0.998448, 0.0027677  
198, 32.15, -37.5664, 181.024, 0.997589, -0.0675031, 0.0160877, 0.0666059, 0.996477, 0.0509628, -0.0194712, -0.0497684, 0.998571, 0.00282179  
199, 32.9205, -41.1862, 181.042, 0.997396, -0.0692949, 0.0199787, 0.0684797, 0.996892, 0.0389504, -0.0226157, -0.0374808, 0.999041, 0.00277464  
200, 33.6135, -44.5701, 181.011, 0.997232, -0.069379, 0.0267288, 0.0684986, 0.99712, 0.0325559, -0.0289106, -0.0306349, 0.999112, 0.00307393  
201, 34.3817, -48.042, 180.943, 0.996985, -0.0723257, 0.0281071, 0.0718306, 0.99725, 0.0182424, -0.0293492, -0.0161684, 0.999438, 0.00274884  
202, 35.1004, -51.6248, 180.961, 0.997005, -0.0709552, 0.0307792, 0.0706817, 0.99745, 0.00988632, -0.0314022, -0.00768118, 0.999477, 0.00285369  
203, 35.7248, -54.9966, 180.919, 0.996727, -0.072753, 0.0352483, 0.0725438, 0.997339, 0.00717884, -0.0356768, -0.0045983, 0.999353, 0.00282845  
204, 36.2785, -58.4718, 180.967, 0.996805, -0.0711028, 0.036395, 0.0712909, 0.997448, -0.00389415, -0.0360252, 0.00647634, 0.99933, 0.00278878  
205, 36.9523, -61.9418, 180.977, 0.996174, -0.0773501, 0.0406855, 0.0779454, 0.99687, -0.0132511, -0.0395332, 0.0163716, 0.999084, 0.00287588  
206, 37.5142, -65.525, 180.97, 0.996195, -0.0760987, 0.0424895, 0.0770358, 0.99681, -0.0208695, -0.0407658, 0.0240633, 0.998879, 0.00292442  
207, 38.0025, -69.0563, 180.972, 0.995862, -0.0776697, 0.0471912, 0.0790097, 0.996502, -0.0272225, -0.0449117, 0.0308384, 0.998515, 0.00300264  
208, 38.5325, -72.4042, 180.997, 0.995761, -0.0786869, 0.0476229, 0.0805371, 0.996017, -0.038263, -0.0444225, 0.0419362, 0.998132, 0.00293274  
209, 38.8218, -75.8988, 180.955, 0.995431, -0.0803361, 0.0516124, 0.0826706, 0.995569, -0.0448078, -0.047784, 0.0488699, 0.997661, 0.00283954  
210, 39.2042, -79.0935, 180.957, 0.99559, -0.0789542, 0.0506712, 0.0813746, 0.995545, -0.0476259, -0.0466852, 0.0515392, 0.997579, 0.00291444  
211, 39.5844, -82.7601, 180.904, 0.995637, -0.078299, 0.050749, 0.0815504, 0.994513, -0.0655232, -0.0453402, 0.069376, 0.99656, 0.00297352  
212, 40.0383, -85.7755, 180.815, 0.99525, -0.0816187, 0.0530719, 0.0854275, 0.993595, -0.0739706, -0.0466946, 0.078153, 0.995847, 0.00293136  
213, 40.2057, -89.3434, 180.831, 0.995134, -0.0831949, 0.0527906, 0.0872036, 0.993067, -0.0788228, -0.0458669, 0.0830428, 0.99549, 0.00288587  
214, 40.4555, -92.6012, 180.769, 0.99552, -0.0811135, 0.0485775, 0.0852671, 0.992229, -0.090618, -0.0408496, 0.0943541, 0.9947, 0.00286895  
215, 40.8085, -95.537, 180.592, 0.99507, -0.0843285, 0.0522004, 0.0892891, 0.99083, -0.101409, -0.04317, 0.10557, 0.993474, 0.0029394  
216, 40.9951, -98.7818, 180.567, 0.995094, -0.0852592, 0.0501914, 0.090435, 0.989588, -0.111967, -0.0401226, 0.115957, 0.992444, 0.00283095  
217, 41.0754, -101.859, 180.585, 0.994882, -0.0872145, 0.0510303, 0.0925446, 0.989205, -0.113615, -0.0405706, 0.117756, 0.992213, 0.00293496  
218, 41.1493, -105.325, 180.671, 0.995184, -0.0852751, 0.0483478, 0.0905774, 0.988526, -0.120884, -0.0374847, 0.124681, 0.991489, 0.00284953  
219, 41.1701, -108.369, 180.664, 0.99505, -0.086173, 0.0494969, 0.0916325, 0.988366, -0.12139, -0.0384605, 0.125325, 0.99137, 0.00285813  
220, 41.2149, -111.475, 180.662, 0.995072, -0.0865304, 0.0484237, 0.0920545, 0.98765, -0.126778, -0.0368555, 0.130611, 0.990748, 0.00292747  
221, 41.2127, -114.645, 180.691, 0.995115, -0.0867343, 0.0471506, 0.0922966, 0.986868, -0.132563, -0.0350337, 0.136267, 0.990052, 0.00292498  
222, 41.1982, -117.49, 180.728, 0.994984, -0.0880411, 0.0474905, 0.0937354, 0.986363, -0.135285, -0.0349322, 0.139058, 0.989668, 0.00312941  
223, 41.2236, -120.386, 180.758, 0.995119, -0.0874285, 0.0457651, 0.0930836, 0.985603, -0.141144, -0.0327662, 0.144715, 0.988931, 0.00290972  
224, 41.0057, -123.193, 180.718, 0.995185, -0.0871636, 0.0448249, 0.0926579, 0.985763, -0.140305, -0.0319573, 0.143782, 0.989093, 0.00282873  
225, 40.7666, -125.925, 180.773, 0.99516, -0.0889865, 0.041698, 0.0940617, 0.985392, -0.141968, -0.0284557, 0.145203, 0.988993, 0.0029333  
226, 40.6468, -128.736, 180.754, 0.995261, -0.089164, 0.0387971, 0.0940123, 0.984258, -0.149661, -0.024842, 0.152599, 0.987976, 0.0028989  
227, 40.372, -131.256, 180.759, 0.995017, -0.09155, 0.0394895, 0.0963547, 0.984748, -0.144872, -0.0256241, 0.147955, 0.988662, 0.00290528  
228, 40.1834, -134.116, 180.641, 0.995073, -0.0920383, 0.0368732, 0.0965647, 0.983986, -0.149824, -0.0224931, 0.152646, 0.988025, 0.00300209  
229, 39.7427, -136.647, 180.632, 0.995189, -0.0929793, 0.0308676, 0.0966102, 0.983696, -0.151685, -0.0162608, 0.153937, 0.987947, 0.00276659  
230, 39.3067, -139.104, 180.764, 0.995158, -0.093474, 0.0303976, 0.0969831, 0.984076, -0.148956, -0.0159901, 0.151182, 0.988377, 0.00297463  
231, 38.9132, -141.621, 180.772, 0.995622, -0.090383, 0.0238251, 0.0929949, 0.983516, -0.155075, -0.00941626, 0.156611, 0.987615, 0.00280182  
232, 38.5093, -143.85, 180.744, 0.995311, -0.0935985, 0.0244181, 0.0962157, 0.983971, -0.150147, -0.00997318, 0.151792, 0.988362, 0.00289918  
233, 38.1651, -146.203, 180.717, 0.995243, -0.0949432, 0.0218424, 0.0971578, 0.983805, -0.150623, -0.00718805, 0.152029, 0.98835, 0.00294301  
234, 37.7259, -148.452, 180.77, 0.995055, -0.0971356, 0.0207409, 0.0991355, 0.984162, -0.146962, -0.00613707, 0.148292, 0.988925, 0.0027702  
235, 37.1989, -150.34, 180.953, 0.995089, -0.0978613, 0.0148449, 0.0989803, 0.984315, -0.146039, -0.00032049, 0.146791, 0.989167, 0.00292858  
236, 36.8345, -152.371, 181.018, 0.994932, -0.100102, 0.00944134, 0.100398, 0.983994, -0.147227, 0.00544741, 0.147429, 0.989058, 0.00276049  
237, 36.238, -154.318, 181.058, 0.994857, -0.101089, 0.00644389, 0.100952, 0.984271, -0.144977, 0.00831299, 0.144882, 0.989414, 0.00301207  
238, 35.7292, -156.268, 181.061, 0.994758, -0.102231, 0.00247454, 0.101596, 0.985242, -0.137754, 0.0116447, 0.137283, 0.990463, 0.00299099  
239, 35.197, -158.307, 181.049, 0.994727, -0.102556, -0.000477133, 0.101556, 0.985652, -0.134822, 0.0142971, 0.134063, 0.99087, 0.0028659  
240, 34.7176, -160.169, 181.115, 0.994758, -0.10222, -0.00286168, 0.100957, 0.986154, -0.13156, 0.01627, 0.130581, 0.991304, 0.00293746  
241, 34.2568, -162.04, 181.17, 0.994627, -0.103184, -0.00838574, 0.101211, 0.986236, -0.130747, 0.0217613, 0.129196, 0.99138, 0.00271361  
242, 33.8184, -163.791, 181.185, 0.994553, -0.103456, -0.0126986, 0.100991, 0.98659, -0.128224, 0.0257939, 0.126243, 0.991664, 0.00303066  
243, 33.4148, -165.445, 181.328, 0.994401, -0.104714, -0.014232, 0.102059, 0.986548, -0.127698, 0.0274123, 0.125531, 0.991711, 0.00288143  
244, 33.1624, -167.204, 181.279, 0.994341, -0.104371, -0.0198178, 0.101037, 0.986723, -0.127161, 0.0328266, 0.124439, 0.991684, 0.00272277  
245, 32.939, -168.575, 181.321, 0.994006, -0.107084, -0.0220202, 0.103803, 0.987664, -0.117237, 0.0343028, 0.114249, 0.99286, 0.00293247  
246, 32.6198, -170.442, 181.259, 0.993952, -0.107245, -0.0236039, 0.103824, 0.987796, -0.116102, 0.0357673, 0.11295, 0.992957, 0.00269974  
247, 32.4197, -171.752, 181.285, 0.993691, -0.108968, -0.0265507, 0.105362, 0.988103, -0.112032, 0.0384428, 0.108528, 0.99335, 0.00303454  
248, 32.2517, -173.391, 181.244, 0.993895, -0.107133, -0.0263721, 0.103696, 0.988686, -0.108388, 0.0376857, 0.104992, 0.993759, 0.00298045  
249, 32.1574, -174.773, 181.303, 0.994122, -0.104391, -0.0287163, 0.101175, 0.990142, -0.0968619, 0.0385447, 0.0933871, 0.994883, 0.00270585  
250, 32.0607, -176.166, 181.334, 0.994007, -0.105094, -0.0301025, 0.101952, 0.990555, -0.091684, 0.0394536, 0.0880655, 0.995333, 0.00301097  
251, 32.0548, -177.442, 181.493, 0.993746, -0.106423, -0.0337967, 0.103113, 0.990772, -0.0879635, 0.0428462, 0.0839285, 0.99555, 0.00293996  
252, 32.0166, -178.815, 181.574, 0.993536, -0.107574, -0.036259, 0.104268, 0.99106, -0.0832354, 0.0448889, 0.0789167, 0.99587, 0.00303981  
253, 32.1275, -180.19, 181.6, 0.99355, -0.106906, -0.0378007, 0.103634, 0.991399, -0.0799213, 0.0460197, 0.0754884, 0.996084, 0.00306505  
254, 32.146, -181.276, 181.575, 0.993504, -0.106915, -0.0389642, 0.104062, 0.992168, -0.0690885, 0.0460456, 0.064585, 0.996849, 0.0027383  
255, 32.2389, -182.614, 181.582, 0.993666, -0.105022, -0.0399817, 0.102298, 0.99263, -0.0649731, 0.0465106, 0.0604715, 0.997086, 0.00302178  
256, 32.4136, -183.709, 181.472, 0.994003, -0.102386, -0.0383993, 0.100243, 0.993491, -0.0541064, 0.0436891, 0.0499327, 0.997797, 0.00283954  
257, 32.6006, -184.786, 181.436, 0.994093, -0.101434, -0.0386055, 0.0993946, 0.993713, -0.0515249, 0.0435892, 0.0473833, 0.997925, 0.00304231  
258, 32.7866, -185.863, 181.392, 0.993962, -0.103349, -0.0368616, 0.101549, 0.993683, -0.0477613, 0.0415648, 0.0437297, 0.998178, 0.00294939  
259, 33.0195, -186.993, 181.297, 0.99405, -0.103133, -0.0350328, 0.101734, 0.994023, -0.0396096, 0.0389085, 0.0358099, 0.998601, 0.0027702  
260, 33.3175, -187.915, 181.375, 0.993787, -0.105155, -0.0364785, 0.104077, 0.994108, -0.0302935, 0.039449, 0.0263087, 0.998875, 0.00304702  
261, 33.705, -188.981, 181.34, 0.993702, -0.104641, -0.040094, 0.103843, 0.994361, -0.0215144, 0.0421192, 0.0172155, 0.998964, 0.00278296  
262, 34.0658, -190.114, 181.391, 0.993406, -0.107616, -0.039526, 0.107087, 0.994132, -0.0152764, 0.040938, 0.0109429, 0.999102, 0.0030204  
263, 34.6666, -191.366, 181.358, 0.993808, -0.103222, -0.041122, 0.102811, 0.994629, -0.0119919, 0.0421389, 0.00768983, 0.999082, 0.00295771  
264, 35.1208, -192.373, 181.411, 0.99389, -0.104587, -0.0352697, 0.104623, 0.994512, -0.000830046, 0.0351629, -0.00286505, 0.999377, 0.00281486  
265, 35.6983, -193.8, 181.37, 0.994525, -0.0995968, -0.0316448, 0.0997867, 0.994999, 0.00447643, 0.0310407, -0.00760965, 0.999489, 0.00300209  
266, 36.3633, -194.67, 181.423, 0.994792, -0.0982477, -0.027131, 0.0988669, 0.994846, 0.022508, 0.0247798, -0.0250732, 0.999378, 0.00278962  
267, 37.1414, -196.043, 181.432, 0.995282, -0.0936813, -0.0252306, 0.0943322, 0.995202, 0.0259773, 0.022676, -0.0282348, 0.999344, 0.00286784  
268, 37.8677, -196.945, 181.429, 0.995383, -0.0932297, -0.0228082, 0.0940128, 0.994917, 0.0360833, 0.0193282, -0.0380609, 0.999088, 0.00307088  
269, 38.5521, -198.202, 181.47, 0.995386, -0.0934566, -0.0217418, 0.0941993, 0.994899, 0.0360929, 0.0182578, -0.0379745, 0.999112, 0.00274829  
270, 39.1666, -198.879, 181.528, 0.995329, -0.0945154, -0.0196764, 0.0953553, 0.994317, 0.0473464, 0.0150896, -0.0490015, 0.998685, 0.00301651  
271, 39.9038, -200.34, 181.449, 0.995359, -0.0945471, -0.0179082, 0.0952887, 0.994364, 0.0464753, 0.0134131, -0.0479661, 0.998759, 0.00287144  
272, 40.4376, -201.388, 181.358, 0.995571, -0.0929841, -0.0138627, 0.0936294, 0.993969, 0.0570895, 0.00847064, -0.0581346, 0.998273, 0.0028082  
273, 41.0699, -202.612, 181.182, 0.995507, -0.094272, -0.00883201, 0.0946563, 0.993155, 0.0684285, 0.00232067, -0.0689571, 0.997617, 0.0027849  
274, 41.6912, -204.026, 181.223, 0.995636, -0.0929802, -0.00798019, 0.0933057, 0.993415, 0.0664861, 0.00174575, -0.0669405, 0.997755, 0.00274829  
275, 42.2244, -205.189, 181.188, 0.995468, -0.0948857, -0.00638118, 0.0950974, 0.99269, 0.074321, -0.000717475, -0.074591, 0.997214, 0.00303621  
276, 42.9147, -206.564, 181.213, 0.995629, -0.0933185, -0.00379193, 0.0933198, 0.992368, 0.0806052, -0.00375896, -0.0806067, 0.996739, 0.00280293  
277, 43.4314, -207.771, 181.137, 0.995572, -0.0940023, 0.000367234, 0.093603, 0.991688, 0.0882825, -0.00866294, -0.0878572, 0.996095, 0.00284592  
