0, 0, 0, 0, 0, 0, 0, 0, 0, 0, 0, 0, 0, 0.00627601  
1, 11.9666, 87.1271, 180.764, 0.998622, -0.0511085, -0.0119553, 0.0508391, 0.998468, -0.0218422, 0.0130533, 0.0212043, 0.99969, 0.00264538  
2, 11.9322, 87.064, 180.773, 0.998592, -0.0518334, -0.0112825, 0.0515945, 0.998457, -0.0205305, 0.0123293, 0.0199195, 0.999726, 0.00285563  
3, 11.9381, 87.0508, 180.786, 0.998584, -0.0517565, -0.0122621, 0.0514617, 0.998404, -0.0232438, 0.0134455, 0.0225799, 0.999655, 0.0029419  
4, 11.912, 87.1018, 180.773, 0.998605, -0.0512757, -0.0125935, 0.0509561, 0.9984, -0.0245086, 0.0138301, 0.0238327, 0.99962, 0.00292026  
5, 11.8708, 87.072, 180.777, 0.998588, -0.0515418, -0.0128433, 0.0512139, 0.998383, -0.0246719, 0.0140942, 0.0239794, 0.999613, 0.00285979  
6, 11.8804, 87.0882, 180.79, 0.998623, -0.0510734, -0.0120039, 0.0507749, 0.998422, -0.0239731, 0.0132093, 0.0233306, 0.999641, 0.00270113  
7, 11.8648, 87.0946, 180.774, 0.998614, -0.0511479, -0.0124291, 0.05084, 0.99842, -0.0239406, 0.013634, 0.0232755, 0.999636, 0.00259184  
8, 11.8771, 87.119, 180.76, 0.998609, -0.0513086, -0.0121373, 0.0510126, 0.99842, -0.0235522, 0.0133266, 0.0229003, 0.999649, 0.002791  
9, 11.879, 87.1225, 180.76, 0.998619, -0.0514378, -0.010674, 0.051187, 0.998434, -0.0225751, 0.0118185, 0.0219975, 0.999688, 0.00284648  
10, 11.9124, 87.1343, 180.713, 0.998611, -0.0515141, -0.01107, 0.0512446, 0.998412, -0.0233849, 0.012257, 0.0227851, 0.999665, 0.00282678  
11, 11.9161, 87.1415, 180.716, 0.998565, -0.0522791, -0.0115927, 0.0519991, 0.998376, -0.0232685, 0.0127903, 0.0226323, 0.999662, 0.00286784  
12, 11.9327, 87.0759, 180.744, 0.998606, -0.0514665, -0.0117195, 0.0512054, 0.998455, -0.0215836, 0.0128122, 0.0209534, 0.999698, 0.00277963  
13, 11.8948, 87.1203, 180.746, 0.998609, -0.0516494, -0.0106208, 0.0513968, 0.998417, -0.0228264, 0.011783, 0.0222487, 0.999683, 0.00315409  
14, 11.8682, 87.1326, 180.758, 0.998603, -0.0512416, -0.0129358, 0.0509246, 0.99842, -0.0237436, 0.014132, 0.0230517, 0.999634, 0.00277713  
15, 11.8841, 87.1456, 180.764, 0.998551, -0.0521722, -0.0131808, 0.0518406, 0.998358, -0.0243555, 0.0144298, 0.0236369, 0.999616, 0.00280681  
16, 11.8514, 87.1506, 180.811, 0.998629, -0.051106, -0.011296, 0.0508436, 0.998455, -0.0224088, 0.0124238, 0.0218038, 0.999685, 0.00292858  
17, 11.8387, 87.1739, 180.759, 0.998555, -0.0519947, -0.0136039, 0.0516622, 0.998382, -0.0237484, 0.0148167, 0.0230113, 0.999625, 0.00290723  
18, 11.8729, 87.1941, 180.772, 0.998576, -0.0516148, -0.0134968, 0.0512895, 0.998409, -0.0234235, 0.0146843, 0.0226979, 0.999635, 0.0028107  
19, 11.8474, 87.2386, 180.747, 0.998603, -0.0514152, -0.0122065, 0.0511347, 0.998443, -0.0222767, 0.0133329, 0.0216214, 0.999677, 0.00277963  
20, 11.9074, 87.174, 180.74, 0.998623, -0.0513598, -0.0106505, 0.051139, 0.99849, -0.0200532, 0.0116644, 0.0194809, 0.999742, 0.00283538  
21, 11.8912, 87.2345, 180.716, 0.998601, -0.0516473, -0.0113451, 0.0513996, 0.998454, -0.0211377, 0.0124193, 0.020525, 0.999712, 0.00281208  
22, 11.8933, 87.1845, 180.74, 0.998615, -0.0515436, -0.0105815, 0.0513298, 0.99849, -0.0195702, 0.0115742, 0.019, 0.999752, 0.00292304  
23, 11.9217, 87.2264, 180.722, 0.998605, -0.0514116, -0.0120538, 0.0511283, 0.998433, -0.0227361, 0.0132038, 0.0220881, 0.999669, 0.0029247  
24, 11.8779, 87.2202, 180.76, 0.99858, -0.0518289, -0.0123084, 0.0515422, 0.998416, -0.022574, 0.0134589, 0.0219076, 0.999669, 0.00287782  
25, 11.856, 87.2607, 180.754, 0.998647, -0.0503807, -0.0128771, 0.0500734, 0.998477, -0.0231631, 0.0140244, 0.0224869, 0.999649, 0.00279849  
26, 11.8787, 87.316, 180.795, 0.998599, -0.0511285, -0.0136428, 0.050796, 0.998428, -0.0236942, 0.0148328, 0.022968, 0.999626, 0.00290223  
27, 11.8697, 87.3043, 180.781, 0.998627, -0.0505325, -0.0138147, 0.0502138, 0.998485, -0.02252, 0.0149317, 0.0217954, 0.999651, 0.0030989  
28, 11.8746, 87.2921, 180.794, 0.998633, -0.0506454, -0.0129095, 0.0503837, 0.998533, -0.019854, 0.0138961, 0.0191765, 0.99972, 0.00293385  
29, 11.8572, 87.3372, 180.758, 0.998603, -0.0515496, -0.011604, 0.0513068, 0.998476, -0.0203317, 0.0126344, 0.019708, 0.999726, 0.00286562  
30, 11.8807, 87.3694, 180.741, 0.99861, -0.0514174, -0.0116297, 0.0511513, 0.998446, -0.0221264, 0.0127493, 0.0215008, 0.999688, 0.00280487  
31, 11.8884, 87.3791, 180.698, 0.998607, -0.0517252, -0.0104121, 0.0515057, 0.998465, -0.0203514, 0.0114488, 0.0197868, 0.999739, 0.00290223  
32, 11.9232, 87.4061, 180.738, 0.998596, -0.0518356, -0.010905, 0.0515999, 0.998449, -0.0208843, 0.0119706, 0.0202922, 0.999722, 0.00293774  
33, 11.8939, 87.3916, 180.753, 0.998619, -0.051306, -0.0113272, 0.0510818, 0.998509, -0.0192594, 0.0122984, 0.0186542, 0.99975, 0.0028903  
34, 11.892, 87.4213, 180.73, 0.998631, -0.0511054, -0.0111938, 0.0508594, 0.99848, -0.0212584, 0.0122632, 0.0206599, 0.999711, 0.00290833  
35, 11.8576, 87.4359, 180.748, 0.998648, -0.0506065, -0.0118918, 0.050352, 0.998515, -0.0208063, 0.0129271, 0.0201794, 0.999713, 0.00287505  
36, 11.8798, 87.4852, 180.768, 0.998628, -0.050588, -0.0135107, 0.0502748, 0.99848, -0.0225951, 0.0146332, 0.0218849, 0.999653, 0.00291499  
37, 11.8872, 87.4857, 180.773, 0.998636, -0.0504108, -0.013567, 0.0500859, 0.998473, -0.0233089, 0.0147213, 0.0225976, 0.999636, 0.00284898  
38, 11.8941, 87.5395, 180.764, 0.99862, -0.0505499, -0.0142159, 0.0502209, 0.998482, -0.0226165, 0.0153376, 0.0218714, 0.999643, 0.00291943  
39, 11.8835, 87.496, 180.747, 0.998638, -0.0504048, -0.0134727, 0.0501127, 0.998518, -0.021206, 0.0145216, 0.020502, 0.999684, 0.00306089  
40, 11.8958, 87.5321, 180.76, 0.998603, -0.0512554, -0.0128477, 0.0509901, 0.998495, -0.0201912, 0.0138633, 0.0195079, 0.999714, 0.00291915  
41, 11.9066, 87.5647, 180.729, 0.998635, -0.0507859, -0.0122139, 0.0505203, 0.998499, -0.0211555, 0.01327, 0.0205096, 0.999702, 0.00294883  
42, 11.9173, 87.567, 180.69, 0.998569, -0.0520838, -0.0121479, 0.051836, 0.998457, -0.0198947, 0.0131654, 0.0192365, 0.999728, 0.00298905  
43, 11.8804, 87.5724, 180.711, 0.998639, -0.051015, -0.0108839, 0.0508065, 0.998534, -0.0186451, 0.0118191, 0.0180667, 0.999767, 0.0030301  
44, 11.8853, 87.5975, 180.714, 0.998575, -0.0522101, -0.0110047, 0.0519866, 0.998453, -0.0197058, 0.0120166, 0.0191057, 0.999745, 0.00299682  
45, 11.8745, 87.615, 180.751, 0.998579, -0.0518926, -0.0121569, 0.0516286, 0.998443, -0.0211073, 0.0132333, 0.0204497, 0.999703, 0.00290528  
46, 11.8685, 87.6063, 180.759, 0.998625, -0.0509024, -0.0125321, 0.0506337, 0.998499, -0.0208998, 0.0135771, 0.0202366, 0.999703, 0.00295105  
47, 11.8695, 87.5881, 180.752, 0.998604, -0.0509811, -0.0138476, 0.050672, 0.998477, -0.0218244, 0.0149391, 0.0210922, 0.999666, 0.00308336  
48, 11.8541, 87.5868, 180.755, 0.99861, -0.0510257, -0.0132205, 0.0507279, 0.998471, -0.0219567, 0.0143206, 0.0212556, 0.999672, 0.00310944  
49, 11.9057, 87.6093, 180.774, 0.998608, -0.0509611, -0.0135671, 0.0506471, 0.998462, -0.0225641, 0.0146961, 0.0218455, 0.999653, 0.00297407  
50, 11.8693, 87.6086, 180.78, 0.998607, -0.0513443, -0.0121761, 0.0510772, 0.998467, -0.0213186, 0.013252, 0.020667, 0.999699, 0.00291888  
51, 11.8897, 87.6391, 180.761, 0.998605, -0.0515303, -0.0115299, 0.0512937, 0.998484, -0.019957, 0.0125408, 0.0193377, 0.999734, 0.00294883  
52, 11.9055, 87.6601, 180.731, 0.998614, -0.0513807, -0.0114259, 0.0511394, 0.998481, -0.0204957, 0.0124616, 0.0198829, 0.999725, 0.00298572  
53, 11.9116, 87.6799, 180.712, 0.998546, -0.052614, -0.0116916, 0.0523642, 0.998413, -0.0207326, 0.0127638, 0.0200903, 0.999717, 0.0028903  
54, 11.9137, 87.683, 180.712, 0.998581, -0.0520014, -0.0114801, 0.0517608, 0.998452, -0.0203405, 0.0125201, 0.0197174, 0.999727, 0.00281541  
55, 11.8922, 87.6308, 180.758, 0.998599, -0.0516138, -0.0116461, 0.0513951, 0.99851, -0.0183623, 0.0125765, 0.017738, 0.999764, 0.00294855  
56, 11.9045, 87.6466, 180.722, 0.998605, -0.0512323, -0.0127576, 0.0509612, 0.998485, -0.0207343, 0.0138005, 0.0200553, 0.999704, 0.00292109  
57, 11.9029, 87.6538, 180.737, 0.998572, -0.0516313, -0.0137441, 0.0513154, 0.998431, -0.0224209, 0.0148802, 0.0216836, 0.999654, 0.00296769  
58, 11.898, 87.6653, 180.743, 0.998586, -0.0513808, -0.0136402, 0.05106, 0.998433, -0.022906, 0.0147958, 0.0221771, 0.999645, 0.0030351  
59, 11.8677, 87.6191, 180.769, 0.998619, -0.0508245, -0.0132751, 0.0505255, 0.998481, -0.0219604, 0.0143711, 0.0212594, 0.999671, 0.00294051  
60, 11.8895, 87.6082, 180.777, 0.998583, -0.0515874, -0.0130817, 0.0513024, 0.998457, -0.0212591, 0.0141582, 0.0205578, 0.999688, 0.00282373  
61, 11.8843, 87.6104, 180.734, 0.998592, -0.0513941, -0.0131562, 0.0511171, 0.99848, -0.0205918, 0.0141945, 0.0198903, 0.999701, 0.00279849  
62, 11.8898, 87.6468, 180.731, 0.998553, -0.0522503, -0.0127038, 0.0519858, 0.998441, -0.0203328, 0.0137464, 0.019643, 0.999713, 0.00297574  
63, 11.8958, 87.6509, 180.731, 0.998597, -0.0517458, -0.0112854, 0.0514963, 0.998444, -0.0213821, 0.0123743, 0.020771, 0.999708, 0.00289752  
64, 11.9114, 87.6451, 180.713, 0.9986, -0.0517396, -0.0109934, 0.0515209, 0.998485, -0.0193269, 0.0119767, 0.0187334, 0.999753, 0.0029333  
65, 11.911, 87.6614, 180.691, 0.998564, -0.0521808, -0.0121153, 0.0519398, 0.998461, -0.0194233, 0.0131102, 0.0187662, 0.999738, 0.00294689  
66, 11.9079, 87.6208, 180.719, 0.998599, -0.0514929, -0.0122079, 0.0512284, 0.998465, -0.021071, 0.0132742, 0.0204161, 0.999703, 0.00292082  
67, 11.8858, 87.6011, 180.767, 0.998615, -0.0511358, -0.0123558, 0.0508619, 0.998473, -0.0215474, 0.0134388, 0.0208892, 0.999691, 0.00283566  
68, 11.8839, 87.6143, 180.758, 0.998619, -0.0509028, -0.0129827, 0.0506225, 0.998496, -0.0210708, 0.0140357, 0.0203844, 0.999694, 0.00311415  
69, 11.8865, 87.5713, 180.759, 0.998603, -0.0511888, -0.0131049, 0.0508991, 0.998471, -0.0215561, 0.0141883, 0.020859, 0.999682, 0.00298156  
70, 11.8887, 87.5065, 180.775, 0.998634, -0.0504636, -0.0135814, 0.0501752, 0.998524, -0.020801, 0.0146111, 0.0200911, 0.999691, 0.0029505  
71, 11.8979, 87.569, 180.788, 0.998623, -0.0507677, -0.0131863, 0.0504756, 0.998491, -0.0216146, 0.0142637, 0.0209193, 0.999679, 0.00294689  
72, 11.8983, 87.5514, 180.774, 0.998613, -0.0510348, -0.0129327, 0.0507641, 0.998501, -0.020464, 0.0139577, 0.0197791, 0.999707, 0.00299349  
73, 11.893, 87.5137, 180.755, 0.998649, -0.0503978, -0.0126931, 0.0501343, 0.998536, -0.020286, 0.0136969, 0.0196222, 0.999714, 0.00298711  
74, 11.899, 87.5491, 180.706, 0.998613, -0.051059, -0.0128303, 0.0507799, 0.998485, -0.0212123, 0.013894, 0.0205314, 0.999693, 0.00288587  
75, 11.8799, 87.5344, 180.708, 0.998614, -0.0513379, -0.0115899, 0.0510886, 0.998476, -0.0208628, 0.0126433, 0.0202417, 0.999715, 0.0029333  
76, 11.8731, 87.5376, 180.757, 0.998624, -0.051205, -0.011317, 0.0509395, 0.998445, -0.022626, 0.012458, 0.0220184, 0.99968, 0.00302095  
77, 11.9038, 87.4645, 180.734, 0.998644, -0.0506745, -0.0119, 0.050426, 0.998521, -0.0203253, 0.0129123, 0.0196977, 0.999723, 0.00308808  
78, 11.9112, 87.42, 180.761, 0.998635, -0.0506111, -0.0129106, 0.0503447, 0.998528, -0.0201824, 0.013913, 0.0195049, 0.999713, 0.00295521  
79, 11.8847, 87.4568, 180.761, 0.998579, -0.0514262, -0.0139774, 0.0510989, 0.998432, -0.0228443, 0.0151303, 0.0220976, 0.999641, 0.00299099  
80, 11.8796, 87.4425, 180.781, 0.998621, -0.0509216, -0.0127648, 0.0506156, 0.998448, -0.0232463, 0.0139288, 0.0225682, 0.999648, 0.00302622  
81, 11.9013, 87.4195, 180.787, 0.998606, -0.0511105, -0.0131784, 0.0508209, 0.998477, -0.021448, 0.0142546, 0.0207484, 0.999683, 0.00301207  
82, 11.8928, 87.4215, 180.779, 0.99858, -0.0516045, -0.0132068, 0.0513115, 0.998448, -0.0216424, 0.0143032, 0.020934, 0.999679, 0.00301374  
83, 11.9102, 87.3774, 180.766, 0.998604, -0.0512684, -0.0127223, 0.0510075, 0.998497, -0.0200455, 0.0137309, 0.0193686, 0.999718, 0.00286146  
84, 11.8788, 87.4025, 180.748, 0.998628, -0.0511242, -0.0113045, 0.0508832, 0.998491, -0.0206681, 0.0123441, 0.0200646, 0.999722, 0.00302844  
85, 11.891, 87.4043, 180.733, 0.998594, -0.0517828, -0.0113373, 0.0515292, 0.998437, -0.0216253, 0.0124394, 0.0210106, 0.999702, 0.00300708  
86, 11.8697, 87.3652, 180.743, 0.998622, -0.0514513, -0.0103363, 0.0512237, 0.998462, -0.0211965, 0.011411, 0.0206378, 0.999722, 0.00304897  
87, 11.9125, 87.3382, 180.762, 0.998594, -0.0517951, -0.0112938, 0.0515386, 0.99843, -0.0219304, 0.0124119, 0.0213175, 0.999696, 0.00313828  
88, 11.8843, 87.3327, 180.746, 0.998616, -0.0513326, -0.0114218, 0.0510519, 0.998416, -0.0236456, 0.0126175, 0.0230298, 0.999655, 0.00296936  
89, 11.9123, 87.2775, 180.754, 0.998611, -0.051212, -0.0124205, 0.0509306, 0.99846, -0.0219978, 0.0135279, 0.0213346, 0.999681, 0.00306228  
90, 11.8791, 87.2815, 180.764, 0.998617, -0.0510375, -0.0126123, 0.0507385, 0.998447, -0.0229882, 0.013766, 0.0223164, 0.999656, 0.00283011  
91, 11.9082, 87.2504, 180.808, 0.998642, -0.0503667, -0.0133233, 0.0500664, 0.998504, -0.0219883, 0.0144108, 0.0212914, 0.999669, 0.00300403  
92, 11.8963, 87.2814, 180.777, 0.998608, -0.0510169, -0.0134071, 0.0507114, 0.998466, -0.0222213, 0.0145202, 0.0215104, 0.999663, 0.0031  
93, 11.9128, 87.2255, 180.752, 0.998684, -0.0496405, -0.0129237, 0.0493677, 0.998568, -0.0206327, 0.0139294, 0.0199675, 0.999704, 0.00288836  
94, 11.8924, 87.2375, 180.767, 0.998642, -0.0506078, -0.0123421, 0.0503377, 0.998505, -0.0212911, 0.0134011, 0.0206409, 0.999697, 0.00301845  
95, 11.9071, 87.2657, 180.722, 0.998595, -0.0515777, -0.0121779, 0.0513049, 0.998446, -0.021744, 0.0132805, 0.0210887, 0.999689, 0.00305535  
96, 11.9016, 87.2494, 180.742, 0.998625, -0.0513591, -0.0105277, 0.0511182, 0.99845, -0.021998, 0.0116412, 0.0214296, 0.999703, 0.00285702  
97, 11.8992, 87.2332, 180.749, 0.998583, -0.0520041, -0.011277, 0.0517511, 0.998425, -0.0216786, 0.0123866, 0.0210643, 0.999701, 0.00314189  
98, 11.9333, 87.258, 180.729, 0.998599, -0.051488, -0.0122326, 0.0512032, 0.998433, -0.0225573, 0.0133749, 0.0218993, 0.999671, 0.00297185  
99, 11.9001, 87.2112, 180.742, 0.998597, -0.0515657, -0.0120111, 0.0512908, 0.998438, -0.0221731, 0.0131358, 0.021526, 0.999682, 0.00300403  
100, 11.8991, 87.2155, 180.759, 0.998581, -0.0516423, -0.0129692, 0.0513296, 0.998408, -0.0233808, 0.014156, 0.022682, 0.999643, 0.00306894  
101, 11.9058, 87.2327, 180.748, 0.998579, -0.051475, -0.0137945, 0.0511229, 0.998385, -0.0247611, 0.0150468, 0.0240207, 0.999598, 0.00282817  
102, 11.9121, 87.148, 180.773, 0.998595, -0.0512629, -0.0134483, 0.0509646, 0.998466, -0.0216615, 0.0145381, 0.0209457, 0.999675, 0.00290917  
103, 11.8938, 87.1986, 180.771, 0.998597, -0.0512441, -0.0133091, 0.0509306, 0.998439, -0.0229166, 0.0144626, 0.0222066, 0.999649, 0.0028401  
104, 11.8735, 87.1987, 180.773, 0.998601, -0.0514033, -0.012414, 0.0511101, 0.998431, -0.0228835, 0.0135709, 0.022217, 0.999661, 0.00304675  
105, 11.883, 87.1433, 180.775, 0.99863, -0.0511738, -0.0109606, 0.0509439, 0.998495, -0.020317, 0.0119838, 0.0197308, 0.999734, 0.00298073  
106, 11.8838, 87.2134, 180.736, 0.998597, -0.0517849, -0.0110881, 0.0515384, 0.99844, -0.0214732, 0.0121828, 0.0208716, 0.999708, 0.00305063  
107, 11.9063, 87.208, 180.742, 0.998606, -0.0517791, -0.0102484, 0.0515494, 0.998438, -0.0215315, 0.0113473, 0.0209732, 0.999716, 0.00293469  
108, 11.9071, 87.1996, 180.753, 0.998611, -0.0518481, -0.00937699, 0.051633, 0.998426, -0.0218875, 0.0104971, 0.0213729, 0.999716, 0.00302872  
109, 11.9209, 87.1199, 180.73, 0.998576, -0.0520766, -0.0115712, 0.0518302, 0.998442, -0.0206636, 0.0126292, 0.0200344, 0.99972, 0.00272415  
110, 11.9234, 87.1674, 180.769, 0.99863, -0.0508056, -0.0124952, 0.0505384, 0.998505, -0.0208434, 0.0135355, 0.0201834, 0.999705, 0.0027849  
111, 11.8957, 87.1981, 180.757, 0.998634, -0.0507709, -0.0123419, 0.0504846, 0.998471, -0.0225, 0.0134654, 0.0218462, 0.999671, 0.00287117  
112, 11.9151, 87.1346, 180.764, 0.99862, -0.0508033, -0.0132714, 0.0504952, 0.998469, -0.0225996, 0.0143992, 0.0218983, 0.999657, 0.00271944  
113, 11.889, 87.1892, 180.763, 0.998598, -0.0512668, -0.0131905, 0.0509521, 0.998432, -0.0231825, 0.0143583, 0.022478, 0.999644, 0.00359929  
114, 11.904, 87.1963, 180.749, 0.998604, -0.0511863, -0.0130444, 0.050869, 0.998426, -0.0235991, 0.0142318, 0.0229026, 0.999636, 0.00293053  
115, 11.9329, 87.1613, 180.759, 0.998604, -0.0512362, -0.0128585, 0.0509577, 0.998477, -0.0211275, 0.0139214, 0.0204427, 0.999694, 0.00284121  
116, 11.9371, 87.1685, 180.739, 0.99857, -0.0520401, -0.0122406, 0.0517792, 0.998443, -0.0207398, 0.0133009, 0.0200763, 0.99971, 0.00290306  
117, 11.8992, 87.1935, 180.758, 0.998643, -0.0508371, -0.0113458, 0.0506049, 0.998521, -0.0198947, 0.0123404, 0.0192935, 0.999738, 0.00303648  
118, 11.8939, 87.2273, 180.749, 0.998597, -0.0518069, -0.0109451, 0.0515595, 0.998432, -0.0217956, 0.0120571, 0.0212007, 0.999703, 0.00282235  
119, 11.9098, 87.2526, 180.71, 0.998606, -0.0514319, -0.0118891, 0.051165, 0.998453, -0.0217565, 0.0129896, 0.0211178, 0.999693, 0.00313801  
120, 11.8948, 87.2729, 180.744, 0.998589, -0.0515339, -0.0128022, 0.051245, 0.998445, -0.0219494, 0.0139135, 0.0212623, 0.999677, 0.00276632  
121, 11.885, 87.253, 180.756, 0.998587, -0.0516607, -0.0124429, 0.0513573, 0.998402, -0.0235779, 0.0136411, 0.0229055, 0.999645, 0.00286867  
122, 11.8964, 87.2385, 180.749, 0.998598, -0.0511065, -0.0137585, 0.0507648, 0.998419, -0.024134, 0.0149702, 0.0234017, 0.999614, 0.00276299  
123, 11.9064, 87.2789, 180.763, 0.998614, -0.0508001, -0.0137964, 0.050466, 0.998448, -0.0235739, 0.0149725, 0.0228449, 0.999627, 0.0032534  
124, 11.9042, 87.2663, 180.746, 0.998604, -0.0511185, -0.0132846, 0.0508012, 0.998439, -0.023214, 0.0144505, 0.0225067, 0.999642, 0.00299793  
125, 11.8792, 87.2896, 180.762, 0.998594, -0.051375, -0.0130983, 0.0510651, 0.998431, -0.0229891, 0.0142588, 0.0222879, 0.99965, 0.00285702  
126, 11.8992, 87.3093, 180.759, 0.998572, -0.0517351, -0.0133149, 0.0514216, 0.998415, -0.0228973, 0.0144784, 0.0221799, 0.999649, 0.00293829  
127, 11.8879, 87.3065, 180.737, 0.998623, -0.0508869, -0.0127743, 0.0505904, 0.998465, -0.0225482, 0.0139021, 0.0218709, 0.999664, 0.00292581  
128, 11.8781, 87.3242, 180.719, 0.998583, -0.0519967, -0.0113285, 0.0517511, 0.998439, -0.0209918, 0.0124023, 0.0203758, 0.999715, 0.0029308  
129, 11.9043, 87.3341, 180.725, 0.998563, -0.0521793, -0.0122112, 0.0519021, 0.99841, -0.0220084, 0.0133402, 0.021343, 0.999683, 0.00291471  
130, 11.881, 87.3412, 180.748, 0.998617, -0.0514551, -0.0107656, 0.0512059, 0.99844, -0.0222668, 0.0118945, 0.0216848, 0.999694, 0.00289169  
131, 11.8901, 87.3746, 180.759, 0.998599, -0.0513346, -0.0128062, 0.0510209, 0.998416, -0.0237264, 0.0140039, 0.0230398, 0.999636, 0.00294245  
132, 11.8829, 87.353, 180.787, 0.998607, -0.051297, -0.0123704, 0.0510136, 0.99845, -0.0222323, 0.0134917, 0.0215703, 0.999676, 0.00300542  
133, 11.8822, 87.3355, 180.748, 0.998592, -0.0514108, -0.0130539, 0.0511087, 0.998439, -0.0225091, 0.0141908, 0.0218102, 0.999661, 0.00293968  
134, 11.8986, 87.3481, 180.762, 0.998649, -0.0502691, -0.0131876, 0.0499629, 0.998495, -0.0226063, 0.0143041, 0.0219169, 0.999657, 0.00293607  
135, 11.9275, 87.408, 180.755, 0.9986, -0.0511617, -0.0134372, 0.0508438, 0.998441, -0.023023, 0.0145941, 0.0223076, 0.999645, 0.00289807  
136, 11.892, 87.4091, 180.738, 0.998643, -0.050466, -0.0128815, 0.0501837, 0.998511, -0.0213756, 0.0139411, 0.0207001, 0.999689, 0.00293302  
137, 11.909, 87.4327, 180.727, 0.998624, -0.0509176, -0.0125392, 0.0506371, 0.99848, -0.0217534, 0.0136278, 0.0210886, 0.999685, 0.00297851  
138, 11.9132, 87.4613, 180.733, 0.998626, -0.0506214, -0.0135808, 0.0503318, 0.998514, -0.0208811, 0.0146177, 0.0201689, 0.99969, 0.00289585  
139, 11.9109, 87.4628, 180.73, 0.99864, -0.0506691, -0.0122395, 0.0504111, 0.998517, -0.0205446, 0.0132623, 0.0198996, 0.999714, 0.00294023  
140, 11.9251, 87.438, 180.753, 0.998631, -0.0509694, -0.0117385, 0.0507278, 0.998512, -0.020034, 0.0127422, 0.0194111, 0.99973, 0.00293441  
141, 11.8802, 87.4968, 180.78, 0.998626, -0.0509834, -0.0121012, 0.0507032, 0.998462, -0.0224244, 0.0132259, 0.02178, 0.999675, 0.00294661  
142, 11.893, 87.4948, 180.745, 0.998592, -0.051488, -0.0127538, 0.051206, 0.998456, -0.0215328, 0.0138428, 0.0208494, 0.999687, 0.00306977  
143, 11.91, 87.5149, 180.772, 0.998585, -0.0514044, -0.0135874, 0.0510919, 0.998442, -0.0224283, 0.0147192, 0.0217024, 0.999656, 0.00290029  
144, 11.9288, 87.4617, 180.775, 0.998599, -0.0509619, -0.0142731, 0.0506561, 0.998495, -0.0210214, 0.0153229, 0.0202689, 0.999677, 0.00295299  
145, 11.886, 87.5043, 180.777, 0.998582, -0.0515666, -0.0132448, 0.0512495, 0.998415, -0.0232565, 0.0144231, 0.0225447, 0.999642, 0.0029136  
146, 11.9039, 87.5344, 180.763, 0.998614, -0.0508682, -0.0134941, 0.0505553, 0.998466, -0.0225966, 0.0146228, 0.0218831, 0.999654, 0.00294051  
147, 11.907, 87.5468, 180.745, 0.998621, -0.0507936, -0.013287, 0.0504983, 0.998489, -0.0216942, 0.0143688, 0.0209933, 0.999676, 0.00297796  
148, 11.8984, 87.5568, 180.721, 0.998648, -0.0504653, -0.0124556, 0.0501852, 0.998501, -0.0218589, 0.01354, 0.0212042, 0.999683, 0.0028548  
149, 11.8888, 87.5769, 180.727, 0.998608, -0.0512227, -0.0125696, 0.0509627, 0.998496, -0.0202013, 0.0135855, 0.0195326, 0.999717, 0.00301097  
150, 11.9199, 87.555, 180.768, 0.998612, -0.0512847, -0.0120094, 0.0510355, 0.998492, -0.020214, 0.0130279, 0.019573, 0.999724, 0.00280154  
151, 11.9049, 87.5184, 180.797, 0.998608, -0.0516162, -0.0108752, 0.0514053, 0.9985, -0.0188535, 0.011832, 0.0182682, 0.999763, 0.00298045  
152, 11.8935, 87.5633, 180.769, 0.998589, -0.0517388, -0.0119652, 0.0514675, 0.998433, -0.0219735, 0.0130834, 0.0213267, 0.999687, 0.00303343  
153, 11.862, 87.556, 180.781, 0.998649, -0.0507283, -0.0112304, 0.0504846, 0.998504, -0.0210135, 0.0122795, 0.0204182, 0.999716, 0.00299488  
154, 11.9232, 87.5592, 180.767, 0.998607, -0.0510852, -0.0131918, 0.0507759, 0.99845, -0.0228044, 0.0143363, 0.0221029, 0.999653, 0.00299183  
155, 11.9108, 87.5908, 180.778, 0.998591, -0.0512505, -0.0137285, 0.0509379, 0.998454, -0.0222247, 0.0148463, 0.0214941, 0.999659, 0.00284343  
156, 11.9101, 87.59, 180.777, 0.998628, -0.0505909, -0.0135306, 0.0502912, 0.9985, -0.0216441, 0.0146053, 0.0209339, 0.999674, 0.0029455  
157, 11.8882, 87.5625, 180.74, 0.998609, -0.0509143, -0.0137071, 0.0506097, 0.998482, -0.0217218, 0.0147923, 0.0209979, 0.99967, 0.00305174  
158, 11.8806, 87.5884, 180.741, 0.998646, -0.0504065, -0.0128895, 0.0501249, 0.998516, -0.0213038, 0.0139442, 0.0206288, 0.99969, 0.00295216  
159, 11.8851, 87.5709, 180.746, 0.998581, -0.0518305, -0.0122131, 0.0515724, 0.998457, -0.0205792, 0.0132609, 0.0199201, 0.999714, 0.00293191  
160, 11.9119, 87.6415, 180.777, 0.998575, -0.0519226, -0.0122926, 0.0516509, 0.998434, -0.0214736, 0.0133883, 0.0208081, 0.999694, 0.00290861  
161, 11.8939, 87.5977, 180.747, 0.998621, -0.0509252, -0.0127878, 0.0506461, 0.99849, -0.0212707, 0.0138517, 0.0205937, 0.999692, 0.00291499  
162, 11.8858, 87.581, 180.741, 0.998594, -0.0514588, -0.0127112, 0.0511815, 0.998463, -0.0212538, 0.0137854, 0.0205734, 0.999693, 0.00302678  
163, 11.8888, 87.5821, 180.761, 0.998609, -0.0513975, -0.0117982, 0.0511441, 0.998473, -0.0208611, 0.0128524, 0.0202287, 0.999713, 0.00297158  
164, 11.922, 87.5291, 180.772, 0.998614, -0.0511689, -0.0123024, 0.0509228, 0.998511, -0.0195508, 0.0132845, 0.0188973, 0.999733, 0.00304481  
165, 11.899, 87.5865, 180.779, 0.998602, -0.0511354, -0.0133805, 0.0508399, 0.998474, -0.021569, 0.014463, 0.0208586, 0.999678, 0.00280348  
166, 11.9234, 87.5653, 180.753, 0.998567, -0.0516237, -0.0140934, 0.0513112, 0.998447, -0.0217004, 0.0151918, 0.0209462, 0.999665, 0.0030154  
167, 11.912, 87.5794, 180.757, 0.998624, -0.0506033, -0.0137803, 0.0502961, 0.998497, -0.0217903, 0.0148623, 0.0210672, 0.999668, 0.00299405  
168, 11.9023, 87.5761, 180.758, 0.998597, -0.0512336, -0.0134114, 0.0509336, 0.998463, -0.0218279, 0.0145092, 0.0211142, 0.999672, 0.00310611  
169, 11.9134, 87.5662, 180.75, 0.998601, -0.051157, -0.0133714, 0.0508519, 0.998459, -0.02224, 0.0144885, 0.0215289, 0.999663, 0.00305701  
170, 11.8943, 87.5413, 180.748, 0.998607, -0.0513237, -0.0122245, 0.0510485, 0.998457, -0.0218477, 0.0133269, 0.0211932, 0.999687, 0.00280931  
171, 11.8719, 87.5546, 180.742, 0.998616, -0.0512291, -0.0118908, 0.0509738, 0.998482, -0.0208665, 0.0129418, 0.0202315, 0.999712, 0.00277935  
172, 11.8728, 87.5062, 180.743, 0.998599, -0.0517947, -0.0108481, 0.0515579, 0.998447, -0.0210808, 0.0119231, 0.020492, 0.999719, 0.0030853  
173, 11.8637, 87.4763, 180.755, 0.998623, -0.0513153, -0.0108991, 0.0510915, 0.998496, -0.0199043, 0.0119041, 0.0193201, 0.999742, 0.00297712  
174, 11.8871, 87.5046, 180.76, 0.998587, -0.0518264, -0.0117177, 0.0515573, 0.998423, -0.022208, 0.0128502, 0.0215725, 0.999685, 0.00298877  
175, 11.9022, 87.5092, 180.772, 0.998593, -0.0516108, -0.012175, 0.0513268, 0.998426, -0.0225894, 0.0133217, 0.0219327, 0.999671, 0.0030032  
176, 11.8835, 87.4811, 180.761, 0.998629, -0.0507057, -0.0130184, 0.050412, 0.998487, -0.0219758, 0.014113, 0.0212894, 0.999674, 0.00301596  
177, 11.9222, 87.4754, 180.742, 0.998605, -0.0509908, -0.0137384, 0.0506736, 0.998461, -0.0225238, 0.0148658, 0.0217962, 0.999652, 0.00293385  
178, 11.9032, 87.4666, 180.736, 0.998632, -0.0506105, -0.0131736, 0.0503032, 0.998476, -0.0226977, 0.0143023, 0.022004, 0.999656, 0.00299821  
179, 11.8973, 87.4423, 180.745, 0.998614, -0.0511631, -0.01235, 0.050879, 0.998455, -0.0223182, 0.0134728, 0.0216589, 0.999675, 0.00304813  
180, 11.9077, 87.4329, 180.767, 0.998595, -0.0514816, -0.0125186, 0.0511941, 0.99844, -0.0222919, 0.0136467, 0.0216197, 0.999673, 0.00294162  
181, 11.869, 87.451, 180.768, 0.998601, -0.051635, -0.0113764, 0.051393, 0.998465, -0.0206281, 0.0124241, 0.0200146, 0.999722, 0.0028426  
182, 11.8992, 87.465, 180.749, 0.998601, -0.0514777, -0.0120858, 0.0511962, 0.998434, -0.0225485, 0.0132276, 0.0218982, 0.999673, 0.00308031  
183, 11.8708, 87.4333, 180.739, 0.998612, -0.0514186, -0.0113918, 0.0511748, 0.998474, -0.0207525, 0.0124415, 0.0201408, 0.99972, 0.00293607  
184, 11.8964, 87.383, 180.769, 0.998593, -0.0515768, -0.0123116, 0.0513326, 0.998493, -0.0193938, 0.0132933, 0.0187345, 0.999736, 0.00290778  
185, 11.8677, 87.39, 180.745, 0.998629, -0.051034, -0.0116381, 0.0507753, 0.998478, -0.0215363, 0.0127195, 0.0209159, 0.9997, 0.00300237  
186, 11.8627, 87.36, 180.755, 0.99864, -0.0507525, -0.0118893, 0.0504849, 0.998486, -0.0218194, 0.0129787, 0.0211895, 0.999691, 0.00299848  
187, 11.8764, 87.3214, 180.782, 0.998622, -0.0511299, -0.0118114, 0.0508809, 0.998494, -0.0205041, 0.012842, 0.0198748, 0.99972, 0.00296908  
188, 11.8768, 87.3406, 180.74, 0.998609, -0.0512971, -0.0121955, 0.0510204, 0.998455, -0.0220125, 0.0133059, 0.0213596, 0.999683, 0.00302095  
189, 11.907, 87.3262, 180.776, 0.99862, -0.0507573, -0.0134676, 0.0504596, 0.998493, -0.0215926, 0.0145433, 0.0208832, 0.999676, 0.00300237  
190, 11.8887, 87.3506, 180.751, 0.998597, -0.051462, -0.0125073, 0.0511657, 0.998426, -0.0229593, 0.0136692, 0.0222872, 0.999658, 0.00301984  
191, 11.8816, 87.3269, 180.76, 0.998594, -0.0517257, -0.011595, 0.051461, 0.998431, -0.0220725, 0.0127186, 0.0214448, 0.999689, 0.00286312  
192, 11.9202, 87.3021, 180.725, 0.998633, -0.0507134, -0.0126897, 0.0504411, 0.998508, -0.0209317, 0.0137323, 0.0202629, 0.9997, 0.00290723  
193, 11.884, 87.3059, 180.714, 0.998586, -0.0517409, -0.0121729, 0.0514634, 0.99843, -0.0220995, 0.0132973, 0.0214418, 0.999682, 0.00301041  
194, 11.9031, 87.2981, 180.777, 0.99862, -0.0512154, -0.0115927, 0.0509732, 0.998494, -0.0203041, 0.0126151, 0.0196852, 0.999727, 0.00309584  
195, 11.8771, 87.3073, 180.737, 0.998613, -0.0511385, -0.012536, 0.050857, 0.998467, -0.0218264, 0.0136329, 0.0211586, 0.999683, 0.0030326  
196, 11.8896, 87.309, 180.779, 0.998618, -0.0510282, -0.0125708, 0.0507292, 0.998446, -0.0230537, 0.0137277, 0.0223842, 0.999655, 0.00279489  
197, 11.9198, 87.2962, 180.768, 0.998609, -0.0511622, -0.0127135, 0.0508598, 0.998439, -0.0230662, 0.0138738, 0.0223875, 0.999653, 0.00294273  
198, 11.9176, 87.2282, 180.779, 0.998634, -0.0506759, -0.0127432, 0.050397, 0.998501, -0.0213305, 0.013805, 0.0206591, 0.999691, 0.00302594  
199, 11.8922, 87.2605, 180.769, 0.998566, -0.0518749, -0.0132416, 0.0515664, 0.998412, -0.022664, 0.0143963, 0.0219487, 0.999655, 0.0029394  
200, 11.9188, 87.2213, 180.796, 0.998634, -0.0506988, -0.0126133, 0.0504225, 0.9985, -0.0213337, 0.013676, 0.0206686, 0.999693, 0.00282956  
201, 11.9154, 87.2001, 180.788, 0.99864, -0.0506138, -0.0125293, 0.050336, 0.998499, -0.0215788, 0.0136027, 0.0209187, 0.999689, 0.00293053  
202, 11.9251, 87.2874, 180.752, 0.998616, -0.0509095, -0.013186, 0.0505969, 0.998453, -0.0230501, 0.014339, 0.022351, 0.999647, 0.00300375  
203, 11.8942, 87.2403, 180.74, 0.99859, -0.0516906, -0.0121266, 0.0514211, 0.998444, -0.0215726, 0.0132228, 0.0209186, 0.999694, 0.00297352  
204, 11.8985, 87.1836, 180.76, 0.998608, -0.0515376, -0.011206, 0.0512993, 0.998471, -0.0206052, 0.0122508, 0.0200017, 0.999725, 0.00312747  
205, 11.8955, 87.2628, 180.755, 0.998568, -0.0521415, -0.0119417, 0.0518556, 0.998387, -0.0231169, 0.0131278, 0.0224646, 0.999661, 0.00287477  
206, 11.9022, 87.2749, 180.751, 0.998613, -0.051143, -0.0124808, 0.0508505, 0.998448, -0.0227238, 0.0136236, 0.0220576, 0.999664, 0.00293885  
207, 11.9004, 87.2414, 180.78, 0.998622, -0.050937, -0.0125917, 0.0506333, 0.998444, -0.0233585, 0.0137619, 0.0226888, 0.999648, 0.00316602  
208, 11.8734, 87.2715, 180.76, 0.998615, -0.0510158, -0.0128502, 0.0507111, 0.998448, -0.023017, 0.0140045, 0.0223335, 0.999652, 0.00304397  
209, 11.8873, 87.1887, 180.791, 0.998615, -0.0511151, -0.0124422, 0.0508299, 0.99846, -0.0222473, 0.0135602, 0.0215841, 0.999675, 0.00295244  
210, 11.9004, 87.2495, 180.734, 0.998597, -0.0513546, -0.0129258, 0.0510502, 0.998434, -0.022871, 0.0140801, 0.022179, 0.999655, 0.00282346  
211, 11.9072, 87.2419, 180.737, 0.998565, -0.051808, -0.0135668, 0.0514834, 0.998403, -0.0232734, 0.0147509, 0.0225416, 0.999637, 0.00295188  
212, 11.8886, 87.2439, 180.758, 0.998611, -0.0509607, -0.0133676, 0.0506466, 0.998455, -0.0228705, 0.0145124, 0.0221617, 0.999649, 0.00302456  
213, 11.9127, 87.238, 180.744, 0.998593, -0.0516355, -0.0120428, 0.05134, 0.998401, -0.0236704, 0.0132458, 0.0230188, 0.999647, 0.00298794  
214, 11.8893, 87.2451, 180.734, 0.998599, -0.0514267, -0.012478, 0.0511325, 0.99843, -0.0228511, 0.0136336, 0.022181, 0.999661, 0.00299932  
215, 11.8857, 87.2546, 180.734, 0.998575, -0.0518176, -0.0127919, 0.0515141, 0.998407, -0.0230079, 0.0139638, 0.0223162, 0.999653, 0.0029075  
216, 11.8832, 87.295, 180.749, 0.998592, -0.0514819, -0.0128098, 0.0511721, 0.998415, -0.0234387, 0.0139961, 0.0227502, 0.999643, 0.00285508  
217, 11.8856, 87.233, 180.775, 0.99862, -0.051333, -0.0110671, 0.0510864, 0.998462, -0.0215139, 0.0121545, 0.0209188, 0.999707, 0.00294661  
218, 11.8921, 87.2784, 180.756, 0.998589, -0.0516732, -0.0122688, 0.0513597, 0.998377, -0.0246234, 0.0135212, 0.0239586, 0.999622, 0.00295882  
219, 11.8873, 87.2459, 180.768, 0.998615, -0.0511903, -0.0121111, 0.0509052, 0.998444, -0.0227849, 0.0132586, 0.0221368, 0.999667, 0.0030179  
220, 11.9064, 87.274, 180.782, 0.998585, -0.051635, -0.012721, 0.0513406, 0.998428, -0.0224747, 0.0138615, 0.0217898, 0.999666, 0.00287144  
221, 11.8816, 87.2868, 180.761, 0.998589, -0.0513899, -0.0133685, 0.0510738, 0.99843, -0.0229979, 0.0145294, 0.0222826, 0.999646, 0.00294606  
222, 11.9027, 87.2332, 180.772, 0.99864, -0.0504477, -0.0131525, 0.0501628, 0.998517, -0.0211629, 0.0142007, 0.0204744, 0.99969, 0.00298961  
223, 11.9113, 87.3044, 180.754, 0.99859, -0.0514028, -0.0132553, 0.0510845, 0.998422, -0.0233303, 0.0144336, 0.0226203, 0.99964, 0.00289863  
224, 11.894, 87.3294, 180.752, 0.998605, -0.0511789, -0.0130179, 0.0508726, 0.998443, -0.0228617, 0.0141677, 0.0221675, 0.999654, 0.00301291  
225, 11.9125, 87.3118, 180.771, 0.998588, -0.0517142, -0.0121501, 0.0514339, 0.998426, -0.0223497, 0.0132867, 0.0216932, 0.999676, 0.00294273  
226, 11.8947, 87.3382, 180.752, 0.998588, -0.0516488, -0.012441, 0.0513599, 0.998426, -0.0225174, 0.0135844, 0.0218467, 0.999669, 0.0029541  
227, 11.8754, 87.3468, 180.76, 0.998627, -0.0510499, -0.0117162, 0.0507765, 0.998455, -0.0225544, 0.0128495, 0.0219285, 0.999677, 0.00305035  
228, 11.9071, 87.3673, 180.747, 0.998554, -0.052061, -0.0134082, 0.0517237, 0.998364, -0.0243805, 0.0146555, 0.0236517, 0.999613, 0.00282678  
229, 11.8932, 87.3523, 180.739, 0.99857, -0.0520165, -0.0123328, 0.0517195, 0.99839, -0.0232842, 0.0135241, 0.022613, 0.999653, 0.00295632  
230, 11.8793, 87.3431, 180.738, 0.998606, -0.0512152, -0.0127605, 0.0509234, 0.998455, -0.0222299, 0.0138793, 0.0215491, 0.999671, 0.00292082  
231, 11.8919, 87.3666, 180.765, 0.998567, -0.0518982, -0.0130471, 0.0515833, 0.998394, -0.0234119, 0.0142412, 0.0227053, 0.999641, 0.00292026  
232, 11.8791, 87.3814, 180.748, 0.998592, -0.0514441, -0.0129632, 0.0511432, 0.998436, -0.0225607, 0.0141035, 0.0218659, 0.999661, 0.00300819  
233, 11.8714, 87.3204, 180.78, 0.998651, -0.0503771, -0.0125926, 0.0501286, 0.998556, -0.0193291, 0.0135481, 0.0186717, 0.999734, 0.00280154  
234, 11.8646, 87.4132, 180.762, 0.998631, -0.0507272, -0.0127251, 0.0504382, 0.998483, -0.022086, 0.0138262, 0.0214139, 0.999675, 0.0029824  
235, 11.8964, 87.37, 180.785, 0.998633, -0.050756, -0.0124953, 0.05051, 0.998538, -0.0192727, 0.0134553, 0.0186152, 0.999736, 0.00283677  
236, 11.8888, 87.4149, 180.748, 0.998605, -0.0511548, -0.0130769, 0.0508654, 0.998472, -0.0215765, 0.0141607, 0.0208813, 0.999682, 0.00292886  
237, 11.8837, 87.4371, 180.729, 0.998592, -0.0513297, -0.0133822, 0.0510514, 0.998488, -0.0203707, 0.0144076, 0.0196588, 0.999703, 0.00301124  
238, 11.8928, 87.4312, 180.745, 0.998639, -0.0508362, -0.0116905, 0.0505743, 0.998485, -0.0217004, 0.012776, 0.0210796, 0.999696, 0.00299294  
239, 11.9034, 87.4481, 180.774, 0.998627, -0.0509449, -0.0122342, 0.05067, 0.998477, -0.0218145, 0.0133269, 0.0211647, 0.999687, 0.00296991  
240, 11.8721, 87.4249, 180.759, 0.998613, -0.0512771, -0.0119633, 0.0510003, 0.998448, -0.0223927, 0.0130929, 0.0217515, 0.999678, 0.0028953  
241, 11.8716, 87.4402, 180.743, 0.998613, -0.0509874, -0.0131228, 0.0507103, 0.9985, -0.0206446, 0.0141557, 0.0199505, 0.999701, 0.00439371  
242, 11.903, 87.4622, 180.74, 0.998615, -0.0507262, -0.0139374, 0.0503944, 0.99846, -0.0232094, 0.0150932, 0.0224749, 0.999633, 0.0029039  
243, 11.8809, 87.4504, 180.717, 0.998618, -0.0508068, -0.0134776, 0.0504844, 0.998454, -0.0232704, 0.0146391, 0.0225578, 0.999638, 0.00305174  
244, 11.8782, 87.4791, 180.769, 0.998607, -0.0513389, -0.0121856, 0.0510548, 0.99844, -0.0225852, 0.0133261, 0.0219316, 0.999671, 0.00296853  
245, 11.8869, 87.4299, 180.775, 0.998637, -0.0507311, -0.0122573, 0.050486, 0.998534, -0.0195409, 0.0132306, 0.0188954, 0.999734, 0.00294772  
246, 11.9002, 87.4346, 180.763, 0.998628, -0.0508734, -0.0123894, 0.0506254, 0.998526, -0.0195758, 0.0133671, 0.0189217, 0.999732, 0.00282401  
247, 11.8919, 87.5236, 180.739, 0.99862, -0.0510914, -0.0121704, 0.0508251, 0.998481, -0.0212683, 0.0132386, 0.0206204, 0.9997, 0.0030473  
248, 11.9145, 87.4871, 180.777, 0.998631, -0.0509115, -0.0119768, 0.0506811, 0.998538, -0.0188181, 0.0129173, 0.0181853, 0.999751, 0.00290861  
249, 11.8972, 87.5253, 180.764, 0.998598, -0.0516117, -0.0117439, 0.0513719, 0.998482, -0.0198805, 0.0127521, 0.0192494, 0.999733, 0.00287338  
250, 11.8899, 87.5195, 180.743, 0.998613, -0.0510266, -0.0130024, 0.050727, 0.998461, -0.0224189, 0.0141263, 0.0217282, 0.999664, 0.00283899  
251, 11.8961, 87.5395, 180.752, 0.998608, -0.051134, -0.0129183, 0.0508356, 0.998454, -0.0224582, 0.0140467, 0.0217702, 0.999664, 0.00298988  
252, 11.9048, 87.5237, 180.771, 0.998622, -0.0509594, -0.0125222, 0.0506564, 0.998441, -0.0234283, 0.0136965, 0.0227617, 0.999647, 0.00305923  
253, 11.8975, 87.4923, 180.756, 0.998626, -0.05073, -0.0131462, 0.0504706, 0.998538, -0.0193675, 0.0141095, 0.0186774, 0.999726, 0.0029885  
254, 11.9028, 87.5397, 180.766, 0.998613, -0.0509432, -0.0132696, 0.0506429, 0.998473, -0.0220631, 0.0143733, 0.0213605, 0.999669, 0.00294689  
255, 11.8978, 87.5455, 180.755, 0.998645, -0.0505021, -0.0125679, 0.0502194, 0.998498, -0.0218815, 0.0136541, 0.0212207, 0.999682, 0.00293607  
256, 11.8849, 87.548, 180.761, 0.998603, -0.0514578, -0.012021, 0.051175, 0.998431, -0.0227518, 0.0131729, 0.0221049, 0.999669, 0.00292248  
257, 11.8899, 87.5181, 180.755, 0.998602, -0.0514945, -0.0119198, 0.0512344, 0.998462, -0.0211841, 0.0129923, 0.0205438, 0.999705, 0.00301818  
258, 11.9212, 87.4934, 180.762, 0.998587, -0.0517579, -0.0120479, 0.0515054, 0.998464, -0.0204045, 0.0130854, 0.0197551, 0.999719, 0.00297491  
259, 11.89, 87.5757, 180.739, 0.998614, -0.0511421, -0.0124642, 0.0508734, 0.998484, -0.0210014, 0.0135193, 0.0203382, 0.999702, 0.00288809  
260, 11.9055, 87.5324, 180.756, 0.998599, -0.0514852, -0.0121934, 0.0512202, 0.998464, -0.0211298, 0.0132625, 0.0204756, 0.999702, 0.00295549  
261, 11.892, 87.5273, 180.734, 0.998614, -0.0512481, -0.0120107, 0.0509872, 0.998476, -0.0211009, 0.0130738, 0.0204593, 0.999705, 0.00283677  
262, 11.9061, 87.5536, 180.76, 0.998608, -0.0514186, -0.0117589, 0.0511559, 0.998456, -0.0216465, 0.0128538, 0.0210148, 0.999697, 0.00314078  
263, 11.9139, 87.5416, 180.782, 0.998597, -0.0514011, -0.0127617, 0.0510862, 0.998409, -0.0238784, 0.0139688, 0.023193, 0.999633, 0.00311554  
264, 11.8895, 87.5521, 180.759, 0.998637, -0.0506123, -0.012711, 0.0503288, 0.998497, -0.0217106, 0.0137907, 0.0210413, 0.999683, 0.00303898  
265, 11.8889, 87.5363, 180.762, 0.998647, -0.0505208, -0.0123366, 0.050246, 0.998502, -0.0216501, 0.0134119, 0.021001, 0.999689, 0.0030007  
266, 11.8863, 87.5288, 180.772, 0.998593, -0.0513138, -0.0133531, 0.0510157, 0.99846, -0.0217791, 0.0144501, 0.0210673, 0.999674, 0.00302206  
267, 11.8823, 87.5413, 180.761, 0.998568, -0.0519777, -0.0126394, 0.0516884, 0.998416, -0.0222256, 0.0137746, 0.0215404, 0.999673, 0.00310638  
268, 11.9033, 87.5523, 180.746, 0.998578, -0.0514488, -0.0139355, 0.0511203, 0.998428, -0.0229812, 0.0150959, 0.0222361, 0.999639, 0.00300708  
269, 11.9114, 87.4988, 180.752, 0.998655, -0.05024, -0.0127929, 0.0499818, 0.998555, -0.0197601, 0.0137672, 0.0190941, 0.999723, 0.00292609  
270, 11.8938, 87.5444, 180.744, 0.998597, -0.0516077, -0.0118987, 0.051344, 0.99845, -0.0214968, 0.0129897, 0.0208557, 0.999698, 0.00303787  
271, 11.9005, 87.4997, 180.758, 0.998585, -0.0517479, -0.0122577, 0.0514874, 0.998459, -0.0206929, 0.0133096, 0.0200325, 0.999711, 0.0030007  
272, 11.8909, 87.4334, 180.755, 0.99862, -0.051007, -0.0124906, 0.0507668, 0.998533, -0.0188535, 0.013434, 0.0181933, 0.999744, 0.00313606  
273, 11.8779, 87.5176, 180.763, 0.998592, -0.0512799, -0.0135937, 0.050969, 0.998451, -0.0223066, 0.0147165, 0.0215823, 0.999659, 0.00306228  
274, 11.9, 87.4746, 180.76, 0.998629, -0.0505989, -0.0133926, 0.0503039, 0.998502, -0.0215166, 0.0144613, 0.0208134, 0.999679, 0.00300403  
275, 11.874, 87.5012, 180.764, 0.998634, -0.0504905, -0.0134637, 0.050181, 0.998489, -0.0224089, 0.0145748, 0.0217026, 0.999658, 0.00280238  
276, 11.8827, 87.4459, 180.75, 0.998612, -0.051119, -0.0126998, 0.0508339, 0.998468, -0.0218456, 0.013797, 0.0211697, 0.999681, 0.00276216  
277, 11.9092, 87.3996, 180.724, 0.998664, -0.0499746, -0.0131496, 0.0497056, 0.998563, -0.0200413, 0.0141323, 0.0193609, 0.999713, 0.00290473  
278, 11.8874, 87.4636, 180.771, 0.998598, -0.0515178, -0.0121723, 0.0512543, 0.998464, -0.0210497, 0.013238, 0.0203963, 0.999704, 0.00291915  
279, 11.8929, 87.4004, 180.758, 0.998649, -0.0506003, -0.0118248, 0.0503599, 0.998535, -0.0198144, 0.0128101, 0.0191922, 0.999734, 0.00294162  
280, 11.8967, 87.4108, 180.748, 0.99863, -0.0508409, -0.0123543, 0.0505785, 0.998506, -0.0207015, 0.0133883, 0.0200483, 0.999709, 0.00282623  
281, 11.8947, 87.3976, 180.75, 0.998652, -0.05046, -0.012142, 0.0502226, 0.998555, -0.0191185, 0.0130891, 0.0184829, 0.999743, 0.00284537  
