0, 0, 0, 0, 0, 0, 0, 0, 0, 0, 0, 0, 0, 0.0063448  
1, 0, 0, 0, 0, 0, 0, 0, 0, 0, 0, 0, 0, 0.00284842  
2, 25.737, 63.9127, 180.776, 0.999214, -0.0395979, -0.00193188, 0.0395684, 0.999126, -0.013466, 0.00246341, 0.0133789, 0.999907, 0.00269364  
3, 25.7312, 63.8831, 180.782, 0.999212, -0.0396293, -0.00201244, 0.0395968, 0.999115, -0.0142223, 0.00257428, 0.0141314, 0.999897, 0.00276576  
4, 25.7303, 63.9052, 180.766, 0.99921, -0.0397293, -0.00097213, 0.039711, 0.999105, -0.0145364, 0.00154878, 0.0144863, 0.999894, 0.0030903  
5, 25.7498, 63.9111, 180.757, 0.999236, -0.0390424, -0.00158749, 0.0390168, 0.999143, -0.0138344, 0.00212626, 0.0137619, 0.999903, 0.00311998  
6, 25.7394, 63.8803, 180.76, 0.999241, -0.0389266, -0.00138431, 0.0389042, 0.999151, -0.0135721, 0.00191145, 0.013508, 0.999907, 0.00299932  
7, 25.7251, 63.9119, 180.788, 0.999214, -0.0396138, -0.00122518, 0.0395947, 0.999132, -0.0129233, 0.00173605, 0.0128646, 0.999916, 0.00285258  
8, 25.7361, 63.899, 180.775, 0.999213, -0.0395993, -0.00208534, 0.0395635, 0.999103, -0.0150762, 0.00268047, 0.0149818, 0.999884, 0.00298988  
9, 25.7144, 63.915, 180.798, 0.999198, -0.0399843, -0.00208162, 0.0399507, 0.9991, -0.0142275, 0.00264862, 0.0141329, 0.999897, 0.00302151  
10, 25.7162, 63.9329, 180.779, 0.9992, -0.0399705, -0.00144684, 0.0399475, 0.999111, -0.0134676, 0.00198386, 0.013399, 0.999908, 0.00300237  
11, 25.7512, 63.9262, 180.75, 0.99921, -0.0397315, -0.00126018, 0.0397128, 0.999134, -0.0124266, 0.00175282, 0.0123667, 0.999922, 0.00293968  
12, 25.7309, 63.9317, 180.757, 0.999237, -0.0389585, -0.00276764, 0.0389175, 0.99915, -0.0135824, 0.00329443, 0.0134643, 0.999904, 0.00282484  
13, 25.7484, 63.9444, 180.764, 0.999221, -0.0394552, -0.00127891, 0.0394368, 0.999148, -0.0121408, 0.00175684, 0.0120809, 0.999925, 0.00314161  
14, 25.7483, 63.9576, 180.743, 0.999226, -0.0392547, -0.00266298, 0.0392174, 0.999148, -0.0128611, 0.00316558, 0.0127467, 0.999914, 0.0029505  
15, 25.7378, 63.9387, 180.767, 0.999221, -0.0393594, -0.00278165, 0.0393163, 0.999127, -0.0141181, 0.0033349, 0.0139977, 0.999896, 0.00285119  
16, 25.721, 63.9362, 180.756, 0.99922, -0.0394882, -0.0009232, 0.0394742, 0.999148, -0.0120592, 0.00139861, 0.0120134, 0.999927, 0.00285535  
17, 25.7189, 63.9436, 180.753, 0.999205, -0.0398333, -0.00158381, 0.0398108, 0.999131, -0.0123435, 0.00207411, 0.0122706, 0.999923, 0.00284676  
18, 25.7322, 63.9718, 180.743, 0.999223, -0.0393702, -0.00208923, 0.0393402, 0.999143, -0.0128413, 0.002593, 0.0127491, 0.999915, 0.00281319  
19, 25.7084, 63.9703, 180.754, 0.999223, -0.0393568, -0.00200825, 0.0393282, 0.999146, -0.0126969, 0.00250625, 0.0126081, 0.999917, 0.0030179  
20, 25.7298, 63.9959, 180.766, 0.999202, -0.0398596, -0.00272755, 0.0398191, 0.999115, -0.0135583, 0.00326557, 0.0134389, 0.999904, 0.00294301  
21, 25.7351, 63.9815, 180.748, 0.999217, -0.0395253, -0.00194079, 0.0394975, 0.999139, -0.0127289, 0.00244223, 0.0126422, 0.999917, 0.00307892  
22, 25.6998, 63.9738, 180.755, 0.999233, -0.0391114, -0.00186208, 0.0390845, 0.999155, -0.0127514, 0.00235923, 0.0126689, 0.999917, 0.00299127  
23, 25.7181, 63.9652, 180.767, 0.999204, -0.0398226, -0.00222659, 0.0397885, 0.999114, -0.0136921, 0.00276987, 0.0135926, 0.999904, 0.00305146  
24, 25.7349, 63.9863, 180.745, 0.999224, -0.039348, -0.00191662, 0.0393199, 0.999142, -0.0130016, 0.00242656, 0.0129162, 0.999914, 0.00321012  
25, 25.7417, 64.0111, 180.758, 0.999208, -0.0397322, -0.0019779, 0.0397032, 0.999127, -0.013004, 0.00249285, 0.0129152, 0.999913, 0.00301041  
26, 25.7144, 63.9613, 180.756, 0.999221, -0.0394114, -0.00181325, 0.0393851, 0.999143, -0.0127649, 0.00231477, 0.0126835, 0.999917, 0.00292165  
27, 25.7354, 64.0039, 180.745, 0.999213, -0.0396108, -0.00197649, 0.0395794, 0.999119, -0.0139841, 0.00252867, 0.0138949, 0.9999, 0.00281902  
28, 25.733, 64.016, 180.736, 0.999227, -0.0392631, -0.00210966, 0.0392326, 0.999146, -0.0129719, 0.00261718, 0.0128791, 0.999914, 0.0030473  
29, 25.7274, 63.9651, 180.738, 0.999239, -0.0389833, -0.00131063, 0.0389647, 0.999168, -0.0120396, 0.00177889, 0.0119794, 0.999927, 0.00293413  
30, 25.7093, 63.9918, 180.737, 0.999246, -0.0387858, -0.00183808, 0.0387612, 0.999177, -0.0119417, 0.00229973, 0.0118615, 0.999927, 0.00282068  
31, 25.7091, 63.9902, 180.769, 0.999198, -0.0400109, -0.00167575, 0.0399826, 0.999096, -0.014428, 0.00225151, 0.0143495, 0.999895, 0.00309806  
32, 25.7476, 64.0286, 180.759, 0.999213, -0.0395396, -0.00302609, 0.039491, 0.999111, -0.0147251, 0.00360562, 0.014594, 0.999887, 0.00294134  
33, 25.7282, 64.0027, 180.758, 0.999213, -0.0396115, -0.00193586, 0.0395837, 0.999135, -0.0127433, 0.00243897, 0.0126567, 0.999917, 0.00302816  
34, 25.7265, 63.9886, 180.776, 0.999223, -0.0393694, -0.00161216, 0.0393444, 0.999136, -0.0133692, 0.00213711, 0.0132954, 0.999909, 0.00311165  
35, 25.736, 63.9849, 180.764, 0.999222, -0.0393876, -0.00177922, 0.0393626, 0.999148, -0.0123805, 0.00226534, 0.0123008, 0.999922, 0.00312636  
36, 25.7492, 64.006, 180.753, 0.999217, -0.0395071, -0.00226171, 0.0394719, 0.999124, -0.0139237, 0.00280981, 0.0138235, 0.999901, 0.00297685  
37, 25.7183, 63.9797, 180.759, 0.99923, -0.0392034, -0.00168708, 0.039178, 0.999146, -0.0131023, 0.0021993, 0.0130261, 0.999913, 0.00285868  
38, 25.7262, 63.9861, 180.757, 0.999227, -0.0392823, -0.00119816, 0.0392659, 0.999162, -0.0115435, 0.00165061, 0.0114875, 0.999933, 0.00303371  
39, 25.7461, 63.9928, 180.749, 0.999205, -0.0397979, -0.0023924, 0.039761, 0.999113, -0.013876, 0.00294251, 0.0137698, 0.999901, 0.00319182  
40, 25.7421, 63.9797, 180.747, 0.99922, -0.0394482, -0.00180561, 0.03942, 0.99913, -0.0136164, 0.00234118, 0.0135346, 0.999906, 0.00298212  
41, 25.7338, 63.9915, 180.75, 0.999214, -0.0395977, -0.00199617, 0.0395678, 0.999129, -0.0132771, 0.00252017, 0.0131877, 0.99991, 0.00292581  
42, 25.7381, 63.9708, 180.74, 0.999225, -0.0393313, -0.00135611, 0.0393123, 0.999155, -0.0119883, 0.00182648, 0.0119257, 0.999927, 0.00287893  
43, 25.6998, 63.9576, 180.757, 0.999209, -0.0397354, -0.00179327, 0.0397068, 0.999115, -0.0138757, 0.00234304, 0.0137935, 0.999902, 0.00302927  
44, 25.7354, 63.9519, 180.79, 0.999213, -0.0396231, -0.00165466, 0.0395953, 0.999113, -0.0143552, 0.00222199, 0.0142783, 0.999896, 0.00296548  
45, 25.7243, 63.9487, 180.754, 0.999226, -0.0392931, -0.00210133, 0.0392637, 0.99915, -0.0125438, 0.00259242, 0.0124516, 0.999919, 0.00281569  
46, 25.7205, 63.9391, 180.783, 0.99921, -0.0397144, -0.00132937, 0.0396934, 0.999124, -0.0132639, 0.00185498, 0.0132007, 0.999911, 0.00294661  
47, 25.7619, 63.9494, 180.746, 0.99923, -0.0392108, -0.00160509, 0.0391886, 0.999159, -0.0120741, 0.00207717, 0.0120019, 0.999926, 0.0028634  
48, 25.7576, 63.936, 180.756, 0.999211, -0.0396382, -0.00247811, 0.0396035, 0.999134, -0.0127672, 0.00298203, 0.012659, 0.999915, 0.00308447  
49, 25.7217, 63.9507, 180.785, 0.999215, -0.0395945, -0.00136369, 0.0395713, 0.999117, -0.0141079, 0.00192108, 0.0140428, 0.9999, 0.00331803  
50, 25.7423, 63.9259, 180.74, 0.999213, -0.0396148, -0.00175847, 0.0395896, 0.999137, -0.0125814, 0.00225536, 0.0125019, 0.999919, 0.00284481  
51, 25.7308, 63.912, 180.757, 0.999237, -0.0390388, -0.00147559, 0.0390161, 0.999152, -0.0131706, 0.0019885, 0.013103, 0.999912, 0.00294828  
52, 25.7438, 63.9366, 180.754, 0.99919, -0.0401893, -0.0022325, 0.040156, 0.999104, -0.0133609, 0.00276747, 0.0132604, 0.999908, 0.0030534  
53, 25.7298, 63.9288, 180.777, 0.999197, -0.0399973, -0.00240471, 0.0399555, 0.999082, -0.0154658, 0.00302109, 0.0153573, 0.999878, 0.0028806  
54, 25.726, 63.9257, 180.755, 0.999223, -0.039377, -0.00155932, 0.0393539, 0.999144, -0.0127714, 0.00206089, 0.0127001, 0.999917, 0.00297463  
55, 25.7292, 63.8965, 180.755, 0.999219, -0.0394692, -0.00167373, 0.0394432, 0.999131, -0.013476, 0.00220416, 0.0133995, 0.999908, 0.00285841  
56, 25.7476, 63.9154, 180.773, 0.999212, -0.0396125, -0.00232106, 0.0395782, 0.999128, -0.0133339, 0.00284722, 0.0132316, 0.999908, 0.0029835  
57, 25.738, 63.9099, 180.781, 0.999198, -0.0400069, -0.00142644, 0.0399836, 0.999106, -0.0137238, 0.00197421, 0.0136557, 0.999905, 0.00287921  
58, 25.7421, 63.928, 180.746, 0.999217, -0.0395323, -0.00131333, 0.0395131, 0.999142, -0.0123713, 0.00180127, 0.0123098, 0.999923, 0.00295355  
59, 25.7394, 63.909, 180.765, 0.999204, -0.0398691, -0.00127975, 0.0398475, 0.999109, -0.0138999, 0.00183278, 0.0138379, 0.999903, 0.00320236  
60, 25.7224, 63.9112, 180.77, 0.999213, -0.039628, -0.00179303, 0.0395983, 0.999113, -0.0143237, 0.00235906, 0.0142414, 0.999896, 0.00299488  
61, 25.7337, 63.9138, 180.774, 0.999214, -0.0396093, -0.0014271, 0.039586, 0.999122, -0.0137211, 0.00196933, 0.0136538, 0.999905, 0.00307754  
62, 25.7532, 63.9074, 180.764, 0.999209, -0.0396616, -0.00281528, 0.0396169, 0.99911, -0.014464, 0.00338644, 0.014341, 0.999891, 0.00445501  
63, 25.7578, 63.9171, 180.758, 0.999209, -0.0397165, -0.00215613, 0.0396837, 0.99912, -0.0135828, 0.0026937, 0.0134865, 0.999905, 0.00294051  
64, 25.74, 63.9134, 180.768, 0.999214, -0.0396147, -0.00141138, 0.0395921, 0.999125, -0.0135077, 0.00194525, 0.0134412, 0.999908, 0.0030437  
65, 25.748, 63.9298, 180.749, 0.999227, -0.0392187, -0.00275644, 0.0391765, 0.999134, -0.0139845, 0.00330251, 0.0138657, 0.999898, 0.00282457  
66, 25.7359, 63.9433, 180.783, 0.999209, -0.0397405, -0.00156805, 0.0397144, 0.999111, -0.0141651, 0.00212959, 0.0140916, 0.999898, 0.00290085  
67, 25.7208, 63.9365, 180.769, 0.99921, -0.0397124, -0.00178785, 0.0396832, 0.999112, -0.0141814, 0.00234944, 0.0140992, 0.999898, 0.00286368  
68, 25.7459, 63.9306, 180.754, 0.999231, -0.0391557, -0.00225512, 0.0391206, 0.999137, -0.0139231, 0.00279834, 0.0138241, 0.999901, 0.00285979  
69, 25.7071, 63.9348, 180.772, 0.999235, -0.0390733, -0.00142616, 0.0390505, 0.999145, -0.0135414, 0.00195405, 0.0134753, 0.999907, 0.00286118  
70, 25.7364, 63.9646, 180.754, 0.999245, -0.0387762, -0.00250948, 0.0387352, 0.999141, -0.0146988, 0.00307729, 0.0145905, 0.999889, 0.00282789  
71, 25.7231, 63.9514, 180.761, 0.999192, -0.0401522, -0.00181282, 0.0401244, 0.999105, -0.013375, 0.00234824, 0.0132915, 0.999909, 0.00289058  
72, 25.7376, 63.9736, 180.76, 0.999192, -0.0401193, -0.00227545, 0.0400847, 0.999103, -0.0136303, 0.00282024, 0.0135281, 0.999905, 0.00286534  
73, 25.7034, 63.9563, 180.77, 0.999224, -0.0393923, -0.000508563, 0.0393823, 0.99914, -0.0130067, 0.00102049, 0.0129765, 0.999915, 0.00288725  
74, 25.7232, 63.971, 180.74, 0.999232, -0.0391197, -0.00220721, 0.0390897, 0.99916, -0.0123076, 0.00268682, 0.0122119, 0.999922, 0.00284481  
75, 25.7323, 63.9743, 180.742, 0.999229, -0.0391827, -0.00244373, 0.0391466, 0.999144, -0.0134077, 0.00296699, 0.0133017, 0.999907, 0.0029014  
76, 25.7199, 63.9613, 180.765, 0.999215, -0.0395641, -0.00187605, 0.0395364, 0.999134, -0.0130035, 0.0023889, 0.0129191, 0.999914, 0.00289752  
77, 25.7198, 63.9765, 180.756, 0.999215, -0.0395976, -0.0015501, 0.0395756, 0.99914, -0.0123309, 0.00203704, 0.0122599, 0.999923, 0.00290501  
78, 25.742, 63.9957, 180.735, 0.99923, -0.039148, -0.00247915, 0.0391115, 0.999146, -0.0133611, 0.00300009, 0.0132538, 0.999908, 0.00285924  
79, 25.7279, 63.9809, 180.751, 0.999231, -0.0391667, -0.0018651, 0.0391402, 0.999154, -0.0126139, 0.00235757, 0.0125312, 0.999919, 0.00290528  
80, 25.7158, 63.9889, 180.744, 0.999213, -0.0396279, -0.0015777, 0.0396046, 0.999134, -0.0127634, 0.00208212, 0.0126909, 0.999917, 0.00291111  
81, 25.7217, 63.9849, 180.754, 0.999226, -0.0392993, -0.00176651, 0.0392739, 0.999148, -0.0126555, 0.00226236, 0.0125763, 0.999918, 0.00289169  
82, 25.7231, 63.992, 180.755, 0.999209, -0.0397418, -0.00163652, 0.0397166, 0.999122, -0.0133112, 0.00216409, 0.0132357, 0.99991, 0.00290889  
83, 25.7224, 63.9782, 180.758, 0.999217, -0.0395367, -0.00128946, 0.0395191, 0.999152, -0.0115829, 0.00174632, 0.0115229, 0.999932, 0.00284565  
84, 25.7268, 63.9985, 180.748, 0.999194, -0.0400572, -0.00252437, 0.0400189, 0.999105, -0.0137195, 0.00307167, 0.0136074, 0.999903, 0.00292664  
85, 25.7145, 64.0031, 180.755, 0.999229, -0.0392099, -0.00221478, 0.0391744, 0.999131, -0.0142471, 0.00277148, 0.0141493, 0.999896, 0.00295993  
86, 25.7385, 63.9937, 180.742, 0.999222, -0.0393953, -0.00185223, 0.0393704, 0.999153, -0.0119925, 0.0023231, 0.0119102, 0.999926, 0.00288309  
87, 25.7197, 63.991, 180.74, 0.999244, -0.0388412, -0.00181481, 0.0388138, 0.999159, -0.0132423, 0.00232762, 0.0131618, 0.999911, 0.00295577  
88, 25.7124, 63.9889, 180.741, 0.999231, -0.0391721, -0.00167558, 0.0391489, 0.999159, -0.0121912, 0.00215172, 0.0121163, 0.999924, 0.00286035  
89, 25.7255, 63.984, 180.758, 0.999213, -0.0396114, -0.0020376, 0.039584, 0.999143, -0.0120737, 0.00251411, 0.0119835, 0.999925, 0.0029272  
90, 25.7081, 63.9952, 180.777, 0.999228, -0.0392801, -0.00112801, 0.0392631, 0.999151, -0.0124415, 0.00161576, 0.0123876, 0.999922, 0.00284315  
91, 25.7309, 63.9838, 180.753, 0.999209, -0.0397227, -0.00188232, 0.039695, 0.999128, -0.0129472, 0.00239497, 0.0128622, 0.999914, 0.00289003  
92, 25.7405, 63.9977, 180.737, 0.999218, -0.0394986, -0.00171405, 0.039475, 0.999147, -0.012119, 0.00219127, 0.0120419, 0.999925, 0.00291194  
93, 25.7461, 64.0192, 180.754, 0.999212, -0.0396276, -0.00212757, 0.0395933, 0.999114, -0.0142843, 0.00269174, 0.0141888, 0.999896, 0.00296603  
94, 25.72, 63.9947, 180.742, 0.999239, -0.0389539, -0.00183135, 0.0389263, 0.999154, -0.0132392, 0.00234552, 0.0131578, 0.999911, 0.00311249  
95, 25.7182, 63.9843, 180.764, 0.999205, -0.039805, -0.00236245, 0.0397687, 0.999114, -0.0138055, 0.00290989, 0.0137006, 0.999902, 0.00296991  
96, 25.7459, 63.9753, 180.743, 0.99923, -0.039163, -0.00230917, 0.0391261, 0.999132, -0.0142772, 0.0028663, 0.0141758, 0.999895, 0.00296492  
97, 25.723, 63.96, 180.74, 0.999234, -0.039087, -0.00185162, 0.0390599, 0.999153, -0.0129304, 0.00235546, 0.0128482, 0.999915, 0.00281902  
98, 25.7461, 63.9857, 180.757, 0.99924, -0.0389109, -0.0025184, 0.0388722, 0.999147, -0.0139443, 0.00305884, 0.0138358, 0.9999, 0.00299238  
99, 25.7024, 63.9602, 180.761, 0.999223, -0.0393814, -0.00171073, 0.039356, 0.999141, -0.0129438, 0.00221901, 0.0128665, 0.999915, 0.00312996  
100, 25.7198, 63.959, 180.733, 0.999217, -0.0395196, -0.00192817, 0.0394907, 0.999132, -0.0132515, 0.00245019, 0.013165, 0.99991, 0.0030118  
101, 25.7339, 63.9327, 180.768, 0.999231, -0.0391733, -0.00167981, 0.0391488, 0.999152, -0.0127445, 0.00217763, 0.0126689, 0.999917, 0.0030265  
102, 25.7456, 63.9804, 180.752, 0.999213, -0.039569, -0.00270955, 0.039531, 0.999135, -0.0128948, 0.00321745, 0.0127776, 0.999913, 0.00295993  
103, 25.7395, 63.9389, 180.756, 0.999221, -0.0394447, -0.000775624, 0.0394319, 0.999144, -0.0125085, 0.00126835, 0.0124682, 0.999921, 0.00306145  
104, 25.7361, 63.9303, 180.771, 0.999197, -0.0400185, -0.00187031, 0.0399896, 0.999108, -0.0135603, 0.00241131, 0.0134746, 0.999906, 0.00304536  
105, 25.733, 63.9586, 180.743, 0.999219, -0.0394615, -0.00206868, 0.0394311, 0.999136, -0.013127, 0.00258491, 0.0130352, 0.999912, 0.00306256  
106, 25.7436, 63.9479, 180.763, 0.999216, -0.0395067, -0.00257213, 0.0394659, 0.999118, -0.0143265, 0.00313585, 0.0142137, 0.999894, 0.00300764  
107, 25.7291, 63.9328, 180.746, 0.99922, -0.0394732, -0.000769051, 0.0394596, 0.999134, -0.0131785, 0.00128858, 0.0131379, 0.999913, 0.00286922  
108, 25.7124, 63.9067, 180.767, 0.999248, -0.0387697, -0.00112247, 0.038752, 0.999165, -0.0129213, 0.00162248, 0.012868, 0.999916, 0.00299932  
109, 25.7616, 63.942, 180.752, 0.999227, -0.0392332, -0.00230291, 0.0391971, 0.999132, -0.0140746, 0.00285311, 0.0139734, 0.999898, 0.0030118  
110, 25.7235, 63.9293, 180.789, 0.999222, -0.0393732, -0.00220378, 0.039337, 0.99912, -0.0145703, 0.00277552, 0.0144723, 0.999891, 0.0029125  
111, 25.7396, 63.9241, 180.749, 0.999217, -0.0394758, -0.00249339, 0.0394369, 0.999123, -0.0140902, 0.00304742, 0.0139808, 0.999898, 0.00306284  
112, 25.7306, 63.9239, 180.771, 0.999204, -0.0398476, -0.00164995, 0.03982, 0.999105, -0.0142923, 0.00221798, 0.0142153, 0.999896, 0.00301318  
113, 25.7247, 63.9219, 180.759, 0.999231, -0.0391829, -0.00140972, 0.0391594, 0.999135, -0.0140024, 0.00195716, 0.0139365, 0.999901, 0.0030326  
114, 25.7265, 63.9282, 180.759, 0.999213, -0.0396187, -0.00206257, 0.0395852, 0.999114, -0.0143117, 0.00262776, 0.0142188, 0.999895, 0.00315243  
115, 25.7551, 63.9165, 180.764, 0.999221, -0.0393927, -0.00225288, 0.0393591, 0.999135, -0.0134064, 0.00277905, 0.0133073, 0.999908, 0.00287338  
116, 25.7517, 63.9316, 180.761, 0.999192, -0.0401226, -0.00239966, 0.040081, 0.999078, -0.0153853, 0.00301474, 0.0152766, 0.999879, 0.00306395  
117, 25.7541, 63.9219, 180.756, 0.999203, -0.0398234, -0.00267253, 0.039781, 0.999105, -0.0143993, 0.00324357, 0.0142815, 0.999893, 0.00284787  
118, 25.7274, 63.9335, 180.773, 0.999227, -0.0392159, -0.00264586, 0.0391752, 0.999134, -0.0139895, 0.00319218, 0.013875, 0.999899, 0.00309196  
119, 25.7189, 63.9266, 180.782, 0.99922, -0.0394591, -0.00163824, 0.0394316, 0.999119, -0.0143768, 0.00220409, 0.014301, 0.999895, 0.00313662  
120, 25.7221, 63.922, 180.745, 0.999254, -0.0385456, -0.00228942, 0.0385145, 0.999182, -0.0123284, 0.00276276, 0.012231, 0.999921, 0.00284981  
121, 25.7541, 63.9284, 180.773, 0.999216, -0.0395824, -0.00108601, 0.0395643, 0.999127, -0.0134338, 0.0016168, 0.0133803, 0.999909, 0.00310472  
122, 25.7135, 63.9364, 180.759, 0.999221, -0.0394288, -0.00163356, 0.039404, 0.999137, -0.0131428, 0.00215035, 0.0130682, 0.999912, 0.00286173  
123, 25.7457, 63.951, 180.742, 0.999234, -0.0389772, -0.00351978, 0.0389248, 0.999145, -0.0139022, 0.00405865, 0.0137546, 0.999897, 0.00287699  
124, 25.7221, 63.9307, 180.782, 0.999216, -0.0395386, -0.00184362, 0.0395064, 0.999106, -0.0150622, 0.00243751, 0.0149776, 0.999885, 0.00317795  
125, 25.746, 63.9743, 180.756, 0.999209, -0.0396989, -0.00234198, 0.0396637, 0.999122, -0.0135025, 0.00287595, 0.0133989, 0.999906, 0.00298212  
126, 25.7265, 63.9299, 180.761, 0.99922, -0.0394573, -0.00129583, 0.0394376, 0.99914, -0.0127919, 0.00179945, 0.0127308, 0.999917, 0.00310028  
127, 25.7116, 63.9244, 180.756, 0.999241, -0.0389436, -0.000304949, 0.0389377, 0.999177, -0.0113557, 0.000746931, 0.0113352, 0.999935, 0.00288947  
128, 25.7262, 63.9444, 180.76, 0.99922, -0.0394163, -0.0023554, 0.0393825, 0.99914, -0.0129832, 0.00286512, 0.0128803, 0.999913, 0.00302567  
129, 25.7196, 63.9618, 180.762, 0.999224, -0.0393676, -0.00106162, 0.0393513, 0.999147, -0.0125176, 0.00155351, 0.0124661, 0.999921, 0.00296159  
130, 25.7267, 63.9789, 180.742, 0.999196, -0.0400411, -0.0017946, 0.040015, 0.999117, -0.0127786, 0.00230469, 0.0126966, 0.999917, 0.00283538  
131, 25.7225, 63.9813, 180.749, 0.999203, -0.0398115, -0.00278031, 0.0397708, 0.999119, -0.0134259, 0.00331237, 0.0133046, 0.999906, 0.00306395  
132, 25.7242, 63.9905, 180.77, 0.999201, -0.0399028, -0.00231261, 0.0398676, 0.999111, -0.0136776, 0.00285633, 0.0135744, 0.999904, 0.00286257  
133, 25.7028, 63.9893, 180.756, 0.999211, -0.0396837, -0.00174057, 0.0396591, 0.999136, -0.0124177, 0.00223184, 0.0123388, 0.999921, 0.00288032  
134, 25.7206, 63.9776, 180.758, 0.999218, -0.039454, -0.00244503, 0.039417, 0.999129, -0.0136791, 0.0029826, 0.0135721, 0.999903, 0.00323703  
135, 25.7399, 63.9927, 180.752, 0.999211, -0.0396917, -0.00158874, 0.0396648, 0.99911, -0.0143567, 0.00215716, 0.0142824, 0.999896, 0.00286922  
136, 25.7355, 63.9906, 180.732, 0.999205, -0.0398317, -0.00161546, 0.0398078, 0.999125, -0.0128069, 0.00212417, 0.0127324, 0.999917, 0.00285425  
137, 25.718, 63.9924, 180.753, 0.999198, -0.0399736, -0.00235598, 0.0399374, 0.999107, -0.013798, 0.00290543, 0.0136929, 0.999902, 0.00288226  
138, 25.7431, 63.983, 180.757, 0.999236, -0.0390313, -0.00199193, 0.0390036, 0.999162, -0.0124431, 0.00247593, 0.0123559, 0.999921, 0.00308087  
139, 25.7152, 63.9934, 180.759, 0.999222, -0.0393794, -0.00204844, 0.0393503, 0.999145, -0.0126895, 0.0025464, 0.012599, 0.999917, 0.00315548  
140, 25.7295, 63.9865, 180.744, 0.999212, -0.0396105, -0.00257172, 0.0395707, 0.999118, -0.0140204, 0.00312481, 0.0139076, 0.999898, 0.00283261  
141, 25.7451, 64.004, 180.745, 0.999228, -0.0392534, -0.00159747, 0.0392301, 0.99915, -0.0126419, 0.00209235, 0.0125695, 0.999919, 0.00297047  
142, 25.7096, 63.9942, 180.741, 0.999201, -0.0399135, -0.00194264, 0.0398832, 0.999111, -0.0136927, 0.00248744, 0.0136043, 0.999904, 0.00289225  
143, 25.7329, 64.006, 180.763, 0.999222, -0.0393556, -0.00265994, 0.039314, 0.999126, -0.0142075, 0.00321676, 0.0140918, 0.999896, 0.00303371  
144, 25.7463, 63.989, 180.753, 0.999222, -0.0393201, -0.00295174, 0.0392818, 0.999155, -0.0120589, 0.00342341, 0.0119335, 0.999923, 0.00287283  
145, 25.7375, 64.0035, 180.778, 0.999202, -0.0398569, -0.00278486, 0.0398136, 0.999106, -0.0141866, 0.0033478, 0.0140644, 0.999895, 0.00295355  
146, 25.716, 63.9627, 180.76, 0.99922, -0.0394702, -0.00149245, 0.0394494, 0.999149, -0.0120551, 0.00196699, 0.0119868, 0.999926, 0.00313495  
147, 25.7102, 63.9971, 180.77, 0.999204, -0.0398802, -0.00135061, 0.0398588, 0.999117, -0.0132522, 0.00187792, 0.0131879, 0.999911, 0.00287255  
148, 25.7297, 63.9905, 180.73, 0.999229, -0.0392303, -0.00177445, 0.0392054, 0.999155, -0.0123756, 0.00225844, 0.0122965, 0.999922, 0.0030559  
149, 25.725, 63.9859, 180.769, 0.999196, -0.0400226, -0.00238956, 0.0399858, 0.999104, -0.0138416, 0.0029414, 0.0137349, 0.999901, 0.00301152  
150, 25.7341, 63.9817, 180.769, 0.999207, -0.0397556, -0.00211643, 0.0397248, 0.999126, -0.0130136, 0.00263194, 0.0129192, 0.999913, 0.00305507  
151, 25.7124, 63.968, 180.738, 0.999206, -0.0397705, -0.00243456, 0.0397332, 0.999114, -0.0138415, 0.00298289, 0.0137338, 0.999901, 0.00304231  
152, 25.7141, 63.9684, 180.751, 0.999214, -0.0395991, -0.00184305, 0.0395736, 0.999141, -0.0122654, 0.00232717, 0.0121828, 0.999923, 0.00296964  
153, 25.7319, 63.982, 180.753, 0.999209, -0.0397194, -0.00216065, 0.0396867, 0.999121, -0.0135091, 0.00269532, 0.0134127, 0.999906, 0.0029652  
154, 25.7277, 63.9759, 180.759, 0.999216, -0.0395571, -0.00163398, 0.0395326, 0.999134, -0.0129907, 0.00214644, 0.0129159, 0.999914, 0.00297629  
155, 25.7341, 63.9593, 180.779, 0.999202, -0.0399072, -0.00146203, 0.039885, 0.99912, -0.0129427, 0.00197726, 0.0128741, 0.999915, 0.00295383  
156, 25.7224, 63.9675, 180.746, 0.999234, -0.0390894, -0.00188132, 0.0390606, 0.999146, -0.0134594, 0.00240584, 0.0133756, 0.999908, 0.00299321  
157, 25.7262, 63.9522, 180.781, 0.999224, -0.0393494, -0.00189782, 0.0393194, 0.99913, -0.0138819, 0.00244242, 0.0137965, 0.999902, 0.00301207  
158, 25.7197, 63.9462, 180.733, 0.999225, -0.0393081, -0.00208015, 0.0392775, 0.999142, -0.0131433, 0.002595, 0.0130514, 0.999911, 0.00290778  
159, 25.7072, 63.933, 180.772, 0.999226, -0.0392956, -0.00190968, 0.0392667, 0.99914, -0.0133434, 0.00243237, 0.0132581, 0.999909, 0.00300348  
160, 25.7331, 63.9557, 180.768, 0.999227, -0.0392482, -0.00226608, 0.0392117, 0.999128, -0.014368, 0.00282802, 0.0142681, 0.999894, 0.00308863  
161, 25.7445, 63.9538, 180.765, 0.999247, -0.038721, -0.00265649, 0.0386825, 0.999163, -0.0132781, 0.00316841, 0.0131653, 0.999908, 0.00297047  
162, 25.7223, 63.9315, 180.758, 0.999234, -0.0390934, -0.00198349, 0.0390645, 0.999152, -0.0129722, 0.00248893, 0.0128847, 0.999914, 0.00291083  
163, 25.7495, 63.9251, 180.765, 0.999216, -0.0395374, -0.00179886, 0.0395097, 0.999128, -0.013478, 0.00233018, 0.0133964, 0.999908, 0.00301457  
164, 25.7382, 63.9538, 180.779, 0.999217, -0.0395305, -0.00186506, 0.0395012, 0.999124, -0.0137871, 0.00240843, 0.0137026, 0.999903, 0.00310111  
165, 25.7534, 63.9349, 180.752, 0.999199, -0.0399663, -0.00182383, 0.0399363, 0.999101, -0.0142441, 0.00239147, 0.0141599, 0.999897, 0.00298489  
166, 25.7251, 63.9378, 180.78, 0.999198, -0.0399969, -0.00185241, 0.0399675, 0.999105, -0.0138419, 0.00240439, 0.0137567, 0.999902, 0.00298988  
167, 25.7449, 63.925, 180.782, 0.999204, -0.0398122, -0.00262507, 0.0397698, 0.999103, -0.0145754, 0.00320299, 0.0144594, 0.99989, 0.00279627  
168, 25.7286, 63.9126, 180.768, 0.999224, -0.0393077, -0.00242122, 0.0392712, 0.999135, -0.0136489, 0.00295563, 0.0135432, 0.999904, 0.00279489  
169, 25.7214, 63.9144, 180.767, 0.999213, -0.0396508, -0.00121829, 0.039631, 0.999125, -0.0133806, 0.00174777, 0.0133217, 0.99991, 0.00311582  
170, 25.74, 63.9211, 180.756, 0.999227, -0.0392459, -0.00245213, 0.0392093, 0.99914, -0.0135134, 0.00298037, 0.0134068, 0.999906, 0.0029541  
171, 25.734, 63.9191, 180.766, 0.999237, -0.0390025, -0.00199925, 0.0389733, 0.999156, -0.0130041, 0.00250475, 0.0129163, 0.999913, 0.00305507  
172, 25.7499, 63.9084, 180.765, 0.999204, -0.0398548, -0.0018617, 0.0398271, 0.999121, -0.013107, 0.00238244, 0.0130224, 0.999912, 0.00303316  
173, 25.7246, 63.9084, 180.778, 0.999208, -0.0397426, -0.00188143, 0.0397133, 0.999117, -0.0136777, 0.00242336, 0.0135921, 0.999905, 0.00435876  
174, 25.7343, 63.9211, 180.783, 0.999211, -0.0396805, -0.00177989, 0.0396527, 0.999121, -0.0135879, 0.0023175, 0.0135066, 0.999906, 0.00301235  
175, 25.7308, 63.9292, 180.79, 0.999187, -0.040245, -0.00231581, 0.0402068, 0.999083, -0.0146968, 0.00290516, 0.0145917, 0.999889, 0.00301513  
176, 25.7224, 63.9473, 180.75, 0.999206, -0.0398357, -0.00120735, 0.039817, 0.999125, -0.0128221, 0.00171708, 0.0127639, 0.999917, 0.00295022  
177, 25.7166, 63.93, 180.755, 0.999219, -0.0394929, -0.00131238, 0.0394739, 0.999146, -0.0122272, 0.00179415, 0.0121658, 0.999924, 0.00294107  
178, 25.744, 63.946, 180.784, 0.999215, -0.0395245, -0.0025788, 0.0394825, 0.999112, -0.0147039, 0.00315768, 0.0145905, 0.999889, 0.0027555  
179, 25.7117, 63.9482, 180.795, 0.999193, -0.0401168, -0.00193482, 0.0400847, 0.999092, -0.0144431, 0.00251247, 0.0143538, 0.999894, 0.00271278  
180, 25.7384, 63.9274, 180.774, 0.999216, -0.0395513, -0.00187721, 0.039521, 0.999119, -0.0141013, 0.00243328, 0.014016, 0.999899, 0.00285397  
181, 25.7153, 63.9462, 180.753, 0.999219, -0.0394808, -0.00164478, 0.0394546, 0.999127, -0.0137166, 0.00218489, 0.013641, 0.999905, 0.00276715  
182, 25.7261, 63.9634, 180.749, 0.999233, -0.0390957, -0.00207618, 0.0390647, 0.999148, -0.0133194, 0.00259514, 0.0132281, 0.999909, 0.00283427  
183, 25.7295, 63.9548, 180.775, 0.999227, -0.0391842, -0.00309649, 0.039138, 0.999139, -0.0137805, 0.0036338, 0.0136486, 0.9999, 0.00298129  
184, 25.7408, 63.964, 180.768, 0.999189, -0.0402091, -0.00194923, 0.0401798, 0.999104, -0.0132663, 0.00248092, 0.0131772, 0.99991, 0.00312081  
185, 25.716, 63.971, 180.764, 0.999213, -0.0396547, -0.000629819, 0.0396436, 0.999134, -0.0125967, 0.00112879, 0.0125618, 0.99992, 0.00292193  
186, 25.7332, 63.9709, 180.737, 0.999226, -0.0393109, -0.00152143, 0.0392881, 0.999145, -0.0128816, 0.00202652, 0.0128118, 0.999916, 0.00301263  
187, 25.716, 63.9749, 180.768, 0.999218, -0.0394735, -0.00218096, 0.0394417, 0.999136, -0.0130737, 0.00269514, 0.0129775, 0.999912, 0.00299183  
188, 25.6938, 63.9672, 180.781, 0.999208, -0.039781, -0.000292316, 0.0397734, 0.999117, -0.0135255, 0.000830115, 0.0135031, 0.999908, 0.00305923  
189, 25.7187, 63.9778, 180.78, 0.999229, -0.039212, -0.00209863, 0.0391805, 0.999142, -0.0133901, 0.00262188, 0.0132975, 0.999908, 0.00276188  
190, 25.7494, 63.999, 180.746, 0.999203, -0.0398888, -0.00166525, 0.0398649, 0.999127, -0.0125208, 0.00216324, 0.0124445, 0.99992, 0.00285508  
191, 25.7249, 63.9877, 180.746, 0.999224, -0.0393459, -0.00155423, 0.0393236, 0.999149, -0.0124322, 0.00204206, 0.0123614, 0.999922, 0.00304508  
192, 25.722, 63.9938, 180.782, 0.999199, -0.0399363, -0.00258484, 0.0398975, 0.999111, -0.0136356, 0.00312709, 0.0135215, 0.999904, 0.00297574  
193, 25.71, 63.983, 180.772, 0.999213, -0.0396332, -0.00136116, 0.0396118, 0.999128, -0.0132313, 0.00188437, 0.0131669, 0.999912, 0.00304092  
194, 25.7192, 63.9862, 180.75, 0.999219, -0.0394918, -0.00131143, 0.039473, 0.999147, -0.0121602, 0.00179054, 0.0120989, 0.999925, 0.00308808  
195, 25.7033, 63.9892, 180.78, 0.999234, -0.0391183, -0.00135841, 0.0390979, 0.999155, -0.0127113, 0.0018545, 0.0126484, 0.999918, 0.00295771  
196, 25.725, 63.9754, 180.749, 0.999221, -0.0394567, -0.000835208, 0.0394427, 0.999139, -0.0128568, 0.00134178, 0.0128138, 0.999917, 0.00300403  
197, 25.7285, 63.9753, 180.759, 0.99923, -0.0391872, -0.00211361, 0.0391578, 0.999155, -0.0125195, 0.00260243, 0.0124271, 0.999919, 0.00296409  
198, 25.714, 64.002, 180.767, 0.999216, -0.0395549, -0.00182233, 0.0395279, 0.999133, -0.0130485, 0.00233689, 0.0129662, 0.999913, 0.00305784  
199, 25.7354, 64.0073, 180.764, 0.999218, -0.0394757, -0.00204494, 0.0394459, 0.999137, -0.013009, 0.00255671, 0.0129181, 0.999913, 0.00311138  
200, 25.7272, 63.9963, 180.738, 0.999226, -0.0393084, -0.00161064, 0.0392842, 0.999144, -0.0129806, 0.00211951, 0.0129072, 0.999914, 0.00283538  
201, 25.7254, 63.9818, 180.743, 0.999239, -0.0389264, -0.00247196, 0.0388906, 0.999156, -0.0131904, 0.00298333, 0.0130843, 0.99991, 0.00308697  
202, 25.7312, 63.9844, 180.745, 0.999237, -0.0390103, -0.00212503, 0.0389775, 0.999145, -0.0137656, 0.00266022, 0.0136723, 0.999903, 0.00287449  
203, 25.7319, 63.9766, 180.75, 0.999223, -0.0393869, -0.00162021, 0.0393648, 0.999154, -0.0119381, 0.00208904, 0.011865, 0.999927, 0.00304175  
204, 25.7282, 63.9814, 180.768, 0.999214, -0.0395403, -0.00284766, 0.0394958, 0.999118, -0.0142906, 0.00341021, 0.0141669, 0.999894, 0.00315298  
205, 25.7139, 63.9743, 180.745, 0.999229, -0.0391667, -0.00281451, 0.0391246, 0.999141, -0.013692, 0.00334836, 0.0135713, 0.999902, 0.00312802  
206, 25.7155, 63.9787, 180.749, 0.999202, -0.0399148, -0.00160029, 0.0398911, 0.999122, -0.0127891, 0.00210937, 0.0127151, 0.999917, 0.00309224  
207, 25.7216, 63.9852, 180.759, 0.999216, -0.0394897, -0.00276393, 0.0394477, 0.999125, -0.013868, 0.00330916, 0.0137481, 0.9999, 0.00287394  
208, 25.7381, 63.967, 180.773, 0.999207, -0.0397497, -0.00230481, 0.0397154, 0.999121, -0.0133809, 0.00283468, 0.0132788, 0.999908, 0.00303732  
209, 25.744, 63.9883, 180.741, 0.999218, -0.0394901, -0.00182999, 0.0394607, 0.999123, -0.0139872, 0.00238075, 0.0139041, 0.9999, 0.00315049  
210, 25.7339, 63.9757, 180.748, 0.999217, -0.039535, -0.00177244, 0.0395079, 0.99913, -0.0133425, 0.0022984, 0.0132621, 0.999909, 0.00292747  
211, 25.7403, 63.9709, 180.746, 0.99922, -0.0394344, -0.00205363, 0.0394044, 0.999139, -0.0130158, 0.00256513, 0.0129247, 0.999913, 0.00308558  
212, 25.7192, 63.9438, 180.758, 0.99924, -0.0388653, -0.00288696, 0.0388227, 0.999154, -0.0135965, 0.00341295, 0.0134741, 0.999903, 0.00286007  
213, 25.7164, 63.9565, 180.778, 0.999218, -0.0394791, -0.00226491, 0.0394466, 0.999138, -0.0129424, 0.00277391, 0.0128429, 0.999914, 0.003062  
214, 25.7142, 63.9472, 180.76, 0.999222, -0.0393381, -0.00289469, 0.0392941, 0.99913, -0.0139582, 0.00344126, 0.0138336, 0.999898, 0.00310278  
215, 25.7228, 63.9424, 180.748, 0.999232, -0.0390983, -0.00263339, 0.0390587, 0.999143, -0.0137258, 0.00316778, 0.0136124, 0.999902, 0.00286368  
216, 25.7412, 63.976, 180.763, 0.999215, -0.0394746, -0.00338216, 0.0394218, 0.999118, -0.0144567, 0.00394985, 0.014312, 0.99989, 0.00299932  
217, 25.7338, 63.944, 180.793, 0.999219, -0.0394631, -0.00207388, 0.0394308, 0.999127, -0.0138106, 0.00261708, 0.013718, 0.999902, 0.00285619  
218, 25.7273, 63.9353, 180.762, 0.9992, -0.0399098, -0.002739, 0.0398675, 0.999106, -0.0140619, 0.00329776, 0.0139415, 0.999897, 0.00282873  
219, 25.7429, 63.9386, 180.747, 0.999214, -0.0395406, -0.00292868, 0.0394969, 0.999126, -0.0137001, 0.00346783, 0.0135737, 0.999902, 0.00319126  
220, 25.7151, 63.9494, 180.766, 0.999226, -0.039324, -0.000742388, 0.0393126, 0.999158, -0.0117542, 0.00120398, 0.0117159, 0.999931, 0.00296409  
221, 25.7325, 63.9416, 180.785, 0.999202, -0.0399039, -0.0019935, 0.0398703, 0.999096, -0.0147426, 0.00257998, 0.0146513, 0.999889, 0.0030903  
222, 25.7361, 63.9367, 180.755, 0.999243, -0.0388653, -0.00194278, 0.0388353, 0.999153, -0.0135952, 0.00246952, 0.0135095, 0.999906, 0.00285646  
223, 25.7445, 63.9391, 180.78, 0.999217, -0.0395007, -0.00210203, 0.0394685, 0.999128, -0.0136526, 0.00263949, 0.013559, 0.999905, 0.00290223  
224, 25.7195, 63.9541, 180.757, 0.999237, -0.0390122, -0.00193728, 0.0389827, 0.999149, -0.0134688, 0.00246108, 0.013383, 0.999907, 0.00295161  
225, 25.7159, 63.9499, 180.768, 0.999219, -0.0394581, -0.00209298, 0.039426, 0.999129, -0.0136722, 0.00263064, 0.013579, 0.999904, 0.00294883  
226, 25.7147, 63.9478, 180.767, 0.999222, -0.0393792, -0.00196499, 0.0393489, 0.999133, -0.0135954, 0.00249866, 0.0135075, 0.999906, 0.00299405  
227, 25.7318, 63.9204, 180.75, 0.999224, -0.039325, -0.00221917, 0.0392916, 0.999137, -0.0134962, 0.00274799, 0.0133985, 0.999906, 0.00290001  
228, 25.7473, 63.9373, 180.78, 0.999227, -0.0392154, -0.00273486, 0.0391759, 0.999144, -0.0132615, 0.00325258, 0.0131441, 0.999908, 0.00295688  
229, 25.7213, 63.8998, 180.787, 0.999216, -0.0395476, -0.00195945, 0.0395141, 0.999108, -0.0149065, 0.00254722, 0.0148174, 0.999887, 0.00314549  
230, 25.7287, 63.9348, 180.768, 0.999196, -0.0400101, -0.00253166, 0.0399697, 0.999097, -0.0143958, 0.00310535, 0.014283, 0.999893, 0.00287338  
231, 25.7281, 63.9383, 180.768, 0.999223, -0.0394114, -0.000820844, 0.0393987, 0.999152, -0.0119763, 0.00129215, 0.0119346, 0.999928, 0.00292165  
232, 25.7235, 63.9238, 180.793, 0.999187, -0.0402412, -0.00228702, 0.0402019, 0.999076, -0.0152099, 0.00289697, 0.0151056, 0.999882, 0.00286534  
233, 25.724, 63.9107, 180.774, 0.999201, -0.0399166, -0.00200518, 0.0398863, 0.999115, -0.0133709, 0.00253713, 0.0132803, 0.999909, 0.00289696  
234, 25.7444, 63.9382, 180.761, 0.999229, -0.039189, -0.00251433, 0.0391513, 0.999141, -0.0136115, 0.00304559, 0.0135026, 0.999904, 0.00308253  
235, 25.7372, 63.9448, 180.764, 0.999228, -0.0392098, -0.00232113, 0.039172, 0.999127, -0.0145509, 0.00288964, 0.0144488, 0.999891, 0.00286479  
236, 25.7271, 63.9333, 180.756, 0.999247, -0.0387719, -0.00153128, 0.0387499, 0.999171, -0.0124613, 0.00201316, 0.0123926, 0.999921, 0.00299987  
237, 25.7372, 63.9385, 180.767, 0.999203, -0.0398383, -0.00269655, 0.0397973, 0.999112, -0.013825, 0.00324491, 0.0137066, 0.999901, 0.0029136  
238, 25.7556, 63.9518, 180.754, 0.999221, -0.03936, -0.00295255, 0.0393138, 0.999124, -0.0143619, 0.00351525, 0.0142346, 0.999893, 0.00297241  
239, 25.7605, 63.9421, 180.757, 0.99921, -0.0397191, -0.00151606, 0.0396936, 0.999111, -0.0142152, 0.00207933, 0.0141438, 0.999898, 0.00305618  
240, 25.7194, 63.951, 180.744, 0.999225, -0.0393198, -0.00179357, 0.0392939, 0.999147, -0.0126888, 0.00229096, 0.0126085, 0.999918, 0.00309529  
241, 25.7411, 63.9595, 180.774, 0.999222, -0.0394095, -0.00173934, 0.0393837, 0.99914, -0.0129754, 0.0022492, 0.0128968, 0.999914, 0.0030265  
242, 25.738, 63.972, 180.769, 0.999219, -0.0394936, -0.0014292, 0.0394738, 0.99915, -0.011913, 0.00189847, 0.0118473, 0.999928, 0.00292803  
243, 25.7183, 63.9554, 180.741, 0.999236, -0.0390736, -0.000576215, 0.0390639, 0.999165, -0.0119644, 0.00104322, 0.0119327, 0.999928, 0.00294939  
244, 25.7427, 63.949, 180.743, 0.999249, -0.0387195, -0.00177325, 0.0386958, 0.999181, -0.0118713, 0.00223145, 0.0117938, 0.999928, 0.00309307  
245, 25.7238, 63.9674, 180.756, 0.999235, -0.0390792, -0.00178204, 0.0390538, 0.999158, -0.0125539, 0.00227114, 0.0124747, 0.99992, 0.00288892  
246, 25.7575, 63.9474, 180.737, 0.999243, -0.0388323, -0.00229784, 0.0387985, 0.999159, -0.0132694, 0.00281119, 0.0131702, 0.999909, 0.00298156  
247, 25.7514, 63.9783, 180.746, 0.999222, -0.0393574, -0.00253351, 0.0393234, 0.999151, -0.0123069, 0.00301573, 0.0121977, 0.999921, 0.00294273  
248, 25.7582, 63.9793, 180.732, 0.999221, -0.0393586, -0.00275197, 0.0393174, 0.999133, -0.0137123, 0.00328928, 0.0135934, 0.999902, 0.0028989  
249, 25.7441, 63.9838, 180.746, 0.999212, -0.0396426, -0.00186331, 0.039615, 0.99913, -0.0130497, 0.00237901, 0.0129656, 0.999913, 0.00298905  
250, 25.7379, 63.9811, 180.748, 0.999232, -0.0391225, -0.00229528, 0.0390887, 0.999147, -0.0132922, 0.00281335, 0.0131923, 0.999909, 0.00305535  
251, 25.7464, 63.9484, 180.772, 0.99923, -0.0391876, -0.00191846, 0.0391639, 0.999171, -0.0111559, 0.00235404, 0.0110722, 0.999936, 0.00302567  
252, 25.7425, 63.9894, 180.752, 0.999242, -0.0388744, -0.00212068, 0.0388435, 0.99916, -0.0130754, 0.0026272, 0.0129831, 0.999912, 0.00295105  
253, 25.7146, 63.9644, 180.734, 0.999217, -0.0395387, -0.00158675, 0.0395177, 0.999152, -0.0115759, 0.0020431, 0.0115041, 0.999932, 0.00295743  
254, 25.721, 63.9786, 180.744, 0.999218, -0.0394613, -0.00233353, 0.0394246, 0.999123, -0.0140909, 0.00288753, 0.0139879, 0.999898, 0.00304037  
255, 25.7334, 63.9818, 180.74, 0.999203, -0.0398782, -0.00176005, 0.039851, 0.999115, -0.0134659, 0.00229548, 0.013385, 0.999908, 0.00285119  
256, 25.7226, 63.9662, 180.759, 0.999203, -0.0398617, -0.00202135, 0.0398306, 0.999114, -0.013588, 0.0025612, 0.0134967, 0.999906, 0.0029799  
257, 25.7414, 63.9802, 180.745, 0.99921, -0.0396956, -0.00193238, 0.0396677, 0.999131, -0.0128101, 0.00243921, 0.0127233, 0.999916, 0.00293219  
258, 25.7197, 63.9826, 180.751, 0.999227, -0.0392739, -0.00174752, 0.0392484, 0.999148, -0.0127673, 0.00224745, 0.0126888, 0.999917, 0.00293136  
259, 25.7459, 63.9796, 180.764, 0.999215, -0.0395261, -0.00272759, 0.0394864, 0.999131, -0.0133386, 0.00325244, 0.0132204, 0.999907, 0.00308087  
260, 25.736, 64.0046, 180.756, 0.999249, -0.0386792, -0.00230854, 0.0386498, 0.999185, -0.0116682, 0.00275798, 0.0115702, 0.999929, 0.00306311  
261, 25.7247, 63.9785, 180.762, 0.999204, -0.0398544, -0.00191029, 0.0398261, 0.999121, -0.013101, 0.00243075, 0.0130145, 0.999912, 0.00300791  
262, 25.7312, 63.9587, 180.745, 0.999233, -0.0390926, -0.00213943, 0.0390646, 0.999166, -0.0118735, 0.00260181, 0.0117809, 0.999927, 0.00296603  
263, 25.757, 63.9949, 180.728, 0.999221, -0.0394109, -0.00198673, 0.0393793, 0.999126, -0.0140237, 0.00253768, 0.0139346, 0.9999, 0.00296964  
264, 25.7404, 63.9675, 180.741, 0.999245, -0.0388398, -0.000927303, 0.0388255, 0.999171, -0.0122645, 0.00140289, 0.0122193, 0.999924, 0.00311859  
265, 25.7324, 63.9507, 180.751, 0.999223, -0.0394023, -0.00071807, 0.039391, 0.999153, -0.011907, 0.00118662, 0.0118695, 0.999929, 0.00289918  
266, 25.7298, 63.9665, 180.74, 0.999199, -0.0399211, -0.00273576, 0.0398836, 0.999125, -0.0126239, 0.00323733, 0.0125047, 0.999917, 0.0029824  
267, 25.771, 63.9404, 180.718, 0.99924, -0.0389305, -0.00177049, 0.0389062, 0.999169, -0.0121644, 0.00224259, 0.0120863, 0.999924, 0.00292054  
268, 25.7513, 63.9661, 180.751, 0.999236, -0.0390256, -0.00218996, 0.0389933, 0.999152, -0.0132203, 0.00270404, 0.0131248, 0.99991, 0.0029541  
269, 25.7483, 63.9508, 180.766, 0.999236, -0.039045, -0.00196504, 0.0390147, 0.999145, -0.0136565, 0.00249658, 0.0135694, 0.999905, 0.00309057  
270, 25.7259, 63.9427, 180.759, 0.999204, -0.039802, -0.00252374, 0.0397623, 0.999108, -0.0142019, 0.00308675, 0.0140902, 0.999896, 0.0028573  
271, 25.7516, 63.9435, 180.74, 0.999212, -0.0396418, -0.00200204, 0.0396098, 0.999116, -0.0140819, 0.0025585, 0.0139915, 0.999899, 0.0029921  
272, 25.7813, 63.9825, 180.736, 0.99921, -0.0396227, -0.00292441, 0.0395775, 0.999116, -0.014159, 0.00348285, 0.0140321, 0.999895, 0.00295188  
273, 25.7277, 63.9274, 180.758, 0.999222, -0.0393972, -0.00165252, 0.0393712, 0.999133, -0.0135527, 0.00218503, 0.0134771, 0.999907, 0.0028842  
274, 25.7652, 63.9685, 180.749, 0.999208, -0.0397445, -0.00170471, 0.0397199, 0.999131, -0.0126131, 0.00220453, 0.0125354, 0.999919, 0.00294134  
275, 25.7311, 63.938, 180.751, 0.999213, -0.0396171, -0.00173076, 0.0395907, 0.999128, -0.0132843, 0.00225554, 0.0132053, 0.99991, 0.00286867  
276, 25.7386, 63.9142, 180.781, 0.999221, -0.0393896, -0.00249213, 0.0393505, 0.999125, -0.0141351, 0.00304672, 0.014026, 0.999897, 0.00298295  
277, 25.7192, 63.9209, 180.763, 0.999237, -0.0389804, -0.00222651, 0.0389478, 0.999155, -0.0131647, 0.0027378, 0.0130679, 0.999911, 0.00292525  
