0, 0, 0, 0, 0, 0, 0, 0, 0, 0, 0, 0, 0, 0.00663272  
1, 19.4766, 53.7871, 180.934, 0.999426, -0.0337262, 0.00324638, 0.0337989, 0.999095, -0.0258111, -0.00237293, 0.0259061, 0.999662, 0.00273886  
2, 19.4868, 53.7882, 180.937, 0.999428, -0.033606, 0.003756, 0.0336906, 0.999111, -0.0253245, -0.0029016, 0.0254366, 0.999672, 0.00286007  
3, 19.473, 53.8015, 180.959, 0.999435, -0.0334853, 0.00287941, 0.0335496, 0.99909, -0.0263306, -0.0019951, 0.0264123, 0.999649, 0.00296381  
4, 19.4983, 53.7867, 180.943, 0.999461, -0.0326531, 0.00324021, 0.0327271, 0.999118, -0.0262902, -0.0023789, 0.0263821, 0.999649, 0.00282318  
5, 19.4869, 53.7779, 180.935, 0.999455, -0.0328424, 0.00323362, 0.0329164, 0.999109, -0.0264012, -0.00236367, 0.0264932, 0.999646, 0.00284176  
6, 19.4454, 53.7745, 180.96, 0.999434, -0.0335454, 0.00267924, 0.0336043, 0.999089, -0.0262979, -0.00179463, 0.026373, 0.999651, 0.00283788  
7, 19.4942, 53.781, 180.927, 0.99945, -0.0329821, 0.00334473, 0.0330598, 0.999097, -0.0266777, -0.00246182, 0.0267736, 0.999638, 0.00292304  
8, 19.4747, 53.7954, 180.967, 0.999431, -0.0336178, 0.00277501, 0.0336788, 0.999093, -0.0260556, -0.00189657, 0.0261342, 0.999657, 0.00275439  
9, 19.4664, 53.7826, 180.957, 0.99942, -0.0338171, 0.00410911, 0.0339127, 0.999086, -0.0260114, -0.00322572, 0.0261356, 0.999653, 0.00286423  
10, 19.4552, 53.7683, 180.957, 0.999422, -0.0337936, 0.00369834, 0.0338778, 0.999094, -0.0257503, -0.00282479, 0.0258608, 0.999662, 0.00282179  
11, 19.4496, 53.7812, 180.959, 0.999436, -0.0333924, 0.00360974, 0.0334749, 0.999104, -0.0259021, -0.00274157, 0.0260083, 0.999658, 0.00288892  
12, 19.4752, 53.7866, 180.945, 0.999425, -0.0337264, 0.00335802, 0.0338064, 0.999047, -0.0275986, -0.00242402, 0.0276963, 0.999613, 0.00289946  
13, 19.4584, 53.766, 180.954, 0.999427, -0.0336326, 0.00377141, 0.0337208, 0.999081, -0.026457, -0.00287813, 0.026569, 0.999643, 0.00288975  
14, 19.4566, 53.7681, 180.944, 0.999416, -0.0339114, 0.00412114, 0.034006, 0.999093, -0.0256086, -0.00324899, 0.0257338, 0.999664, 0.00281486  
15, 19.4707, 53.7967, 180.937, 0.999428, -0.0336209, 0.00372742, 0.0337065, 0.999095, -0.0259344, -0.00285211, 0.0260452, 0.999657, 0.00275078  
16, 19.4726, 53.7923, 180.949, 0.999405, -0.034286, 0.00381715, 0.0343741, 0.999069, -0.0260753, -0.00291958, 0.026191, 0.999653, 0.00294384  
17, 19.4283, 53.7623, 180.959, 0.999425, -0.0337131, 0.00373678, 0.0337958, 0.999118, -0.0249012, -0.00289399, 0.0250132, 0.999683, 0.00306505  
18, 19.4599, 53.7803, 180.953, 0.999417, -0.033929, 0.00377232, 0.0340162, 0.99908, -0.0261305, -0.00288226, 0.0262436, 0.999651, 0.00282873  
19, 19.4571, 53.7852, 180.939, 0.999418, -0.0339111, 0.00371769, 0.0339975, 0.999075, -0.0263385, -0.00282108, 0.0264495, 0.999646, 0.00289835  
20, 19.4613, 53.7641, 180.956, 0.999424, -0.0337407, 0.00361293, 0.0338232, 0.999092, -0.0259163, -0.00273522, 0.0260235, 0.999658, 0.00276604  
21, 19.4533, 53.7821, 180.965, 0.999429, -0.0335637, 0.00387609, 0.0336537, 0.999092, -0.0261403, -0.0029952, 0.0262558, 0.999651, 0.00322538  
22, 19.4472, 53.7884, 180.944, 0.999405, -0.0342248, 0.00418731, 0.0343227, 0.99907, -0.0260939, -0.00329036, 0.0262221, 0.999651, 0.00302372  
23, 19.4569, 53.7788, 180.93, 0.999438, -0.0333334, 0.00359953, 0.033415, 0.999112, -0.0256768, -0.00274043, 0.0257826, 0.999664, 0.00291666  
24, 19.4633, 53.7932, 180.955, 0.999438, -0.0333579, 0.00319423, 0.0334313, 0.999086, -0.0266455, -0.00230248, 0.0267373, 0.99964, 0.00303593  
25, 19.4523, 53.7645, 180.93, 0.999447, -0.0330127, 0.00393897, 0.0331041, 0.999115, -0.025963, -0.00307837, 0.026079, 0.999655, 0.00290001  
26, 19.4717, 53.7816, 180.938, 0.999439, -0.0332609, 0.00393908, 0.0333503, 0.999122, -0.0253687, -0.00309184, 0.0254858, 0.99967, 0.00298461  
27, 19.4585, 53.7724, 180.94, 0.999429, -0.0335636, 0.00377773, 0.0336526, 0.999078, -0.0266726, -0.00287901, 0.0267845, 0.999637, 0.0030584  
28, 19.469, 53.7817, 180.939, 0.99945, -0.0330347, 0.00305957, 0.0331055, 0.999087, -0.0270215, -0.00216413, 0.0271079, 0.99963, 0.00290001  
29, 19.4663, 53.7677, 180.949, 0.999433, -0.0333885, 0.00429757, 0.0334826, 0.999149, -0.0241032, -0.00348914, 0.0242334, 0.9997, 0.00291055  
30, 19.4883, 53.7867, 180.95, 0.999447, -0.0331584, 0.00262728, 0.0332166, 0.999094, -0.0265901, -0.00174322, 0.0266627, 0.999643, 0.00289003  
31, 19.4316, 53.7833, 180.971, 0.999414, -0.0340788, 0.00310508, 0.0341479, 0.999082, -0.0258702, -0.0022206, 0.0259611, 0.99966, 0.0028989  
32, 19.4656, 53.7914, 180.952, 0.999424, -0.0337586, 0.00358993, 0.0338428, 0.999069, -0.0267651, -0.00268303, 0.0268712, 0.999635, 0.00286506  
33, 19.4744, 53.785, 180.952, 0.999426, -0.0337438, 0.00285374, 0.0338081, 0.99907, -0.0267562, -0.00194823, 0.0268373, 0.999638, 0.00291471  
34, 19.4565, 53.7729, 180.953, 0.999435, -0.0334053, 0.00369224, 0.0334914, 0.999089, -0.0264331, -0.00280587, 0.0265418, 0.999644, 0.00292914  
35, 19.4517, 53.7815, 180.945, 0.999435, -0.0333922, 0.00377853, 0.0334776, 0.999117, -0.0253924, -0.00292728, 0.0255046, 0.99967, 0.00274995  
36, 19.4831, 53.7752, 180.937, 0.999438, -0.033334, 0.00353524, 0.0334152, 0.9991, -0.0261409, -0.00266067, 0.0262443, 0.999652, 0.00285924  
37, 19.4746, 53.7732, 180.957, 0.999432, -0.0335128, 0.00362196, 0.0335953, 0.999102, -0.025825, -0.00275324, 0.025932, 0.99966, 0.00308919  
38, 19.4622, 53.7825, 180.969, 0.999429, -0.0336429, 0.00319821, 0.0337141, 0.999102, -0.0256756, -0.00233153, 0.0257687, 0.999665, 0.00285674  
39, 19.4834, 53.7719, 180.935, 0.999441, -0.0332361, 0.00365316, 0.0333201, 0.999106, -0.0260272, -0.00278485, 0.0261344, 0.999655, 0.00280737  
40, 19.4857, 53.7757, 180.952, 0.999418, -0.0338872, 0.00393637, 0.0339754, 0.999109, -0.0250568, -0.00308376, 0.025176, 0.999678, 0.00283289  
41, 19.4623, 53.7822, 180.935, 0.999424, -0.0337666, 0.00351322, 0.0338448, 0.999106, -0.0253129, -0.00265535, 0.0254173, 0.999673, 0.00300514  
42, 19.4847, 53.7697, 180.936, 0.999436, -0.0334321, 0.0030886, 0.0335015, 0.999097, -0.0261376, -0.00221198, 0.0262263, 0.999654, 0.00284176  
43, 19.4621, 53.7663, 180.941, 0.99944, -0.0332726, 0.00362554, 0.0333564, 0.999099, -0.0262277, -0.00274961, 0.0263339, 0.999649, 0.0028204  
44, 19.4907, 53.7844, 180.942, 0.999444, -0.0332039, 0.00292217, 0.0332704, 0.999086, -0.0268247, -0.00202882, 0.0269071, 0.999636, 0.00280154  
45, 19.5121, 53.7924, 180.935, 0.99943, -0.0336422, 0.00264145, 0.033701, 0.999072, -0.026812, -0.00173699, 0.0268858, 0.999637, 0.0027849  
46, 19.4913, 53.79, 180.936, 0.999442, -0.0332515, 0.00305157, 0.033319, 0.999115, -0.025676, -0.0021951, 0.0257634, 0.999666, 0.00299432  
47, 19.4716, 53.777, 180.952, 0.999438, -0.033361, 0.00323494, 0.0334351, 0.999089, -0.0265127, -0.00234751, 0.026606, 0.999643, 0.00293607  
48, 19.476, 53.7859, 180.936, 0.999441, -0.0332107, 0.00389868, 0.0332991, 0.999124, -0.0253504, -0.00305336, 0.025466, 0.999671, 0.00277658  
49, 19.4949, 53.7883, 180.946, 0.999441, -0.0332446, 0.00352429, 0.0333257, 0.9991, -0.0262238, -0.00264932, 0.0263266, 0.99965, 0.0028659  
50, 19.4825, 53.7816, 180.949, 0.999438, -0.0333263, 0.00359215, 0.0334065, 0.999124, -0.0252152, -0.00274867, 0.0253211, 0.999676, 0.00283233  
51, 19.475, 53.7893, 180.942, 0.999435, -0.0334799, 0.00295683, 0.0335475, 0.999073, -0.0269684, -0.00205119, 0.0270524, 0.999632, 0.00288365  
52, 19.4772, 53.79, 180.957, 0.99943, -0.0334933, 0.00419797, 0.0335893, 0.999113, -0.025382, -0.00334412, 0.0255086, 0.999669, 0.00289918  
53, 19.4916, 53.7799, 180.93, 0.999433, -0.0335921, 0.00246846, 0.033647, 0.999063, -0.0272276, -0.00155152, 0.0272952, 0.999626, 0.00284925  
54, 19.4699, 53.777, 180.935, 0.999427, -0.0336902, 0.00313161, 0.0337599, 0.999096, -0.0258252, -0.00225873, 0.0259161, 0.999662, 0.00281236  
55, 19.4666, 53.7805, 180.93, 0.999413, -0.0339986, 0.00415642, 0.0340947, 0.999086, -0.0257823, -0.00327606, 0.0259089, 0.999659, 0.00282678  
56, 19.5049, 53.7975, 180.924, 0.999443, -0.0332383, 0.00293563, 0.0333057, 0.999079, -0.0270618, -0.00203344, 0.0271445, 0.999629, 0.00295327  
57, 19.4897, 53.7671, 180.922, 0.999441, -0.0332622, 0.00326676, 0.0333365, 0.9991, -0.0262091, -0.00239205, 0.0263033, 0.999651, 0.00309695  
58, 19.4759, 53.7919, 180.941, 0.999433, -0.0334439, 0.00384998, 0.0335315, 0.999111, -0.0255368, -0.00299251, 0.0256514, 0.999666, 0.00283455  
59, 19.4868, 53.7925, 180.933, 0.999448, -0.0330918, 0.00286472, 0.0331568, 0.999091, -0.0268041, -0.00197512, 0.0268843, 0.999637, 0.00279073  
60, 19.4774, 53.7827, 180.939, 0.999435, -0.0334054, 0.00359361, 0.0334872, 0.999106, -0.0257847, -0.00272905, 0.0258905, 0.999661, 0.00293774  
61, 19.4845, 53.7871, 180.951, 0.999432, -0.0335318, 0.0032483, 0.0336051, 0.999096, -0.0260303, -0.00237252, 0.0261247, 0.999656, 0.00331026  
62, 19.478, 53.7906, 180.937, 0.999432, -0.033497, 0.00377141, 0.0335835, 0.999102, -0.0258506, -0.00290211, 0.0259625, 0.999659, 0.00288947  
63, 19.4825, 53.7926, 180.956, 0.999426, -0.0336501, 0.00385608, 0.0337379, 0.999103, -0.0255737, -0.00299207, 0.0256892, 0.999666, 0.00277575  
64, 19.4925, 53.7693, 180.924, 0.999443, -0.0332549, 0.0027304, 0.0333153, 0.999099, -0.0262956, -0.00185348, 0.0263719, 0.99965, 0.00279821  
65, 19.4642, 53.7818, 180.955, 0.999419, -0.0339341, 0.00320743, 0.034007, 0.999074, -0.0263493, -0.00231032, 0.026443, 0.999648, 0.0027555  
66, 19.4752, 53.7628, 180.947, 0.999428, -0.0335605, 0.00405435, 0.0336559, 0.999086, -0.0263341, -0.00316686, 0.0264555, 0.999645, 0.00283011  
67, 19.462, 53.7772, 180.939, 0.999431, -0.0334357, 0.00433595, 0.0335365, 0.999106, -0.0257455, -0.00347125, 0.0258763, 0.999659, 0.00290417  
68, 19.4719, 53.79, 180.945, 0.999414, -0.0340481, 0.00354664, 0.0341296, 0.999072, -0.026259, -0.00264928, 0.0263647, 0.999649, 0.00282484  
69, 19.4952, 53.7649, 180.938, 0.999439, -0.0332764, 0.00373799, 0.033365, 0.999082, -0.0268607, -0.00284073, 0.0269704, 0.999632, 0.00280986  
70, 19.4839, 53.789, 180.927, 0.999425, -0.0337358, 0.00339507, 0.0338142, 0.999076, -0.0265422, -0.00249651, 0.0266417, 0.999642, 0.00278324  
71, 19.4944, 53.7857, 180.917, 0.99945, -0.0330086, 0.00329988, 0.0330854, 0.999092, -0.026859, -0.00241031, 0.0269534, 0.999634, 0.00298461  
72, 19.4747, 53.7708, 180.944, 0.999427, -0.0336569, 0.00363771, 0.0337398, 0.999097, -0.0258224, -0.00276533, 0.0259303, 0.99966, 0.00291638  
73, 19.4818, 53.7725, 180.92, 0.999424, -0.0336359, 0.00441504, 0.0337397, 0.999091, -0.0260451, -0.00353498, 0.026179, 0.999651, 0.0028229  
74, 19.4656, 53.7946, 180.919, 0.999415, -0.0339733, 0.00399642, 0.0340655, 0.999085, -0.0258502, -0.00311455, 0.0259712, 0.999658, 0.00278795  
75, 19.4969, 53.7835, 180.933, 0.999451, -0.0329542, 0.00348701, 0.0330357, 0.999097, -0.0267112, -0.00260362, 0.0268117, 0.999637, 0.00277464  
76, 19.473, 53.7764, 180.933, 0.999419, -0.0338746, 0.003882, 0.0339648, 0.999081, -0.0261525, -0.00299252, 0.0262692, 0.99965, 0.00280626  
77, 19.5007, 53.7953, 180.939, 0.999446, -0.0331095, 0.0033019, 0.0331852, 0.999101, -0.0263644, -0.00242602, 0.0264594, 0.999647, 0.00301318  
78, 19.4612, 53.792, 180.939, 0.999434, -0.0334052, 0.00395882, 0.0334968, 0.999102, -0.0259365, -0.00308886, 0.0260544, 0.999656, 0.00281791  
79, 19.493, 53.7816, 180.919, 0.99943, -0.0336333, 0.00295456, 0.0336996, 0.999084, -0.026365, -0.00206512, 0.0264495, 0.999648, 0.00280127  
80, 19.4909, 53.808, 180.92, 0.999429, -0.0336024, 0.00360758, 0.0336873, 0.999071, -0.0268599, -0.00270168, 0.0269661, 0.999633, 0.00275106  
81, 19.4642, 53.7831, 180.946, 0.999427, -0.0337161, 0.00308814, 0.0337859, 0.999082, -0.0263377, -0.0021973, 0.026427, 0.999648, 0.00299266  
82, 19.4992, 53.8048, 180.928, 0.99944, -0.0332826, 0.00344315, 0.0333602, 0.999114, -0.0256535, -0.00258629, 0.025754, 0.999665, 0.00293163  
83, 19.4608, 53.7862, 180.952, 0.99942, -0.0338483, 0.00365696, 0.0339335, 0.999072, -0.0265098, -0.00275626, 0.0266185, 0.999642, 0.00291139  
84, 19.4478, 53.7839, 180.938, 0.999413, -0.0340665, 0.00375389, 0.0341533, 0.999074, -0.0261808, -0.00285852, 0.0262936, 0.99965, 0.002791  
85, 19.4887, 53.7825, 180.923, 0.999435, -0.0334371, 0.00326509, 0.0335094, 0.999115, -0.0254047, -0.00241275, 0.0254997, 0.999672, 0.00272055  
86, 19.4833, 53.7805, 180.94, 0.999417, -0.0339513, 0.00373559, 0.0340392, 0.999063, -0.0267312, -0.00282453, 0.0268428, 0.999636, 0.00277436  
87, 19.4922, 53.7824, 180.939, 0.999436, -0.0333841, 0.00367156, 0.0334687, 0.999099, -0.0260864, -0.00279739, 0.0261946, 0.999653, 0.00284454  
88, 19.468, 53.7765, 180.933, 0.999437, -0.0333578, 0.00359598, 0.0334405, 0.9991, -0.0261113, -0.00272172, 0.0262169, 0.999653, 0.00279322  
89, 19.4768, 53.8012, 180.94, 0.999428, -0.0336633, 0.00319486, 0.0337345, 0.999099, -0.0257452, -0.00232531, 0.0258383, 0.999663, 0.00278102  
90, 19.4659, 53.7835, 180.944, 0.999429, -0.0336312, 0.00340702, 0.0337101, 0.999077, -0.0266162, -0.00250874, 0.0267159, 0.99964, 0.00275578  
91, 19.4847, 53.7917, 180.934, 0.999425, -0.0337301, 0.00349965, 0.0338079, 0.999108, -0.0252937, -0.00264337, 0.0253975, 0.999674, 0.00285924  
92, 19.484, 53.8015, 180.939, 0.999417, -0.0339436, 0.00361451, 0.0340266, 0.999079, -0.0261458, -0.0027237, 0.0262535, 0.999652, 0.00296492  
93, 19.4677, 53.7906, 180.942, 0.999441, -0.0332139, 0.00370881, 0.033299, 0.99911, -0.0258797, -0.00284594, 0.0259887, 0.999658, 0.00284398  
94, 19.4678, 53.7858, 180.923, 0.999423, -0.0337579, 0.00362896, 0.033843, 0.99907, -0.026709, -0.00272394, 0.0268165, 0.999637, 0.00280376  
95, 19.4653, 53.7826, 180.939, 0.99943, -0.0335385, 0.00395615, 0.0336294, 0.999104, -0.025711, -0.0030903, 0.0258294, 0.999662, 0.00282457  
96, 19.4791, 53.7776, 180.935, 0.999435, -0.0333382, 0.00420497, 0.0334384, 0.999087, -0.026578, -0.00331507, 0.0267036, 0.999638, 0.00287533  
97, 19.4774, 53.8032, 180.94, 0.999425, -0.0337108, 0.00371296, 0.0337943, 0.999107, -0.025361, -0.0028547, 0.0254719, 0.999671, 0.00288559  
98, 19.4904, 53.7704, 180.921, 0.999432, -0.0334363, 0.00420294, 0.0335311, 0.999125, -0.0249918, -0.00336364, 0.0251185, 0.999679, 0.00273913  
99, 19.4746, 53.7826, 180.944, 0.999406, -0.0341763, 0.00438488, 0.0342804, 0.999063, -0.0264029, -0.00347842, 0.0265375, 0.999642, 0.0028204  
100, 19.4849, 53.7752, 180.953, 0.999437, -0.0334125, 0.00316544, 0.0334855, 0.99908, -0.0267957, -0.00226721, 0.0268866, 0.999636, 0.00278989  
101, 19.467, 53.771, 180.937, 0.999425, -0.0337156, 0.00352652, 0.0337982, 0.999069, -0.0268027, -0.00261957, 0.0269065, 0.999635, 0.00300625  
102, 19.47, 53.7942, 180.929, 0.999405, -0.0342598, 0.0040128, 0.0343535, 0.999066, -0.0262144, -0.00311095, 0.0263367, 0.999648, 0.00284953  
103, 19.4568, 53.7796, 180.937, 0.999439, -0.0332612, 0.00381166, 0.0333507, 0.999093, -0.0264917, -0.00292706, 0.026604, 0.999642, 0.00288476  
104, 19.4462, 53.7813, 180.969, 0.999409, -0.0341738, 0.0037187, 0.0342579, 0.999086, -0.0255484, -0.00284222, 0.0256607, 0.999667, 0.00299238  
105, 19.4552, 53.7984, 180.925, 0.999428, -0.0335487, 0.00418564, 0.0336455, 0.999103, -0.0257224, -0.00331893, 0.0258485, 0.99966, 0.00313523  
106, 19.4778, 53.7817, 180.942, 0.999427, -0.0336146, 0.00402215, 0.0337094, 0.999082, -0.0264354, -0.00312984, 0.0265558, 0.999642, 0.0028928  
107, 19.451, 53.7757, 180.948, 0.999411, -0.0340061, 0.00449976, 0.034112, 0.999079, -0.0260316, -0.00361039, 0.0261698, 0.999651, 0.00290612  
108, 19.4717, 53.777, 180.951, 0.999406, -0.0342283, 0.00394387, 0.0343208, 0.999061, -0.026436, -0.00303531, 0.0265556, 0.999643, 0.00282873  
109, 19.4769, 53.7958, 180.944, 0.999414, -0.0340202, 0.00382498, 0.0341094, 0.999071, -0.0263525, -0.00292491, 0.0264675, 0.999645, 0.00267894  
110, 19.4714, 53.8067, 180.969, 0.999416, -0.0339685, 0.00380702, 0.034056, 0.999084, -0.0259283, -0.00292278, 0.0260428, 0.999657, 0.00285896  
111, 19.472, 53.7869, 180.927, 0.999426, -0.0336062, 0.0041975, 0.0337014, 0.999115, -0.0251747, -0.00334776, 0.0253017, 0.999674, 0.002986  
112, 19.4676, 53.7936, 180.948, 0.999419, -0.0338197, 0.00418656, 0.0339165, 0.999093, -0.0257522, -0.00331183, 0.0258793, 0.99966, 0.00286229  
113, 19.4895, 53.7913, 180.934, 0.999429, -0.033594, 0.00355989, 0.0336778, 0.99907, -0.0269195, -0.00265224, 0.0270241, 0.999631, 0.00285813  
114, 19.4787, 53.786, 180.917, 0.999445, -0.0331446, 0.00332498, 0.0332208, 0.999101, -0.0263495, -0.00244865, 0.0264453, 0.999647, 0.00280321  
115, 19.4535, 53.7894, 180.957, 0.999411, -0.0340865, 0.00400239, 0.0341809, 0.999063, -0.0265563, -0.00309342, 0.0266775, 0.999639, 0.00281846  
116, 19.4743, 53.7911, 180.944, 0.999429, -0.0336043, 0.00365796, 0.0336864, 0.999111, -0.0253659, -0.0028023, 0.0254746, 0.999672, 0.00291083  
117, 19.4616, 53.7761, 180.937, 0.999423, -0.0336547, 0.00450041, 0.0337573, 0.999115, -0.0250858, -0.00365217, 0.0252233, 0.999675, 0.00281375  
118, 19.4471, 53.7883, 180.945, 0.999409, -0.0341296, 0.00411163, 0.03422, 0.999116, -0.0244059, -0.00327504, 0.0245322, 0.999694, 0.00291777  
119, 19.4633, 53.7875, 180.947, 0.99941, -0.0340994, 0.00409194, 0.0341929, 0.999089, -0.025526, -0.00321779, 0.0256509, 0.999666, 0.00279073  
120, 19.4885, 53.781, 180.929, 0.999447, -0.0330056, 0.00403145, 0.0330981, 0.999125, -0.025574, -0.00318384, 0.0256933, 0.999665, 0.00302511  
121, 19.4584, 53.7828, 180.95, 0.999429, -0.0334618, 0.00458908, 0.0335687, 0.999108, -0.0256204, -0.00372768, 0.0257598, 0.999661, 0.00288476  
122, 19.4587, 53.7879, 180.947, 0.999433, -0.0334738, 0.0036347, 0.0335564, 0.999106, -0.0257193, -0.00277053, 0.0258267, 0.999663, 0.00285008  
123, 19.4858, 53.7995, 180.942, 0.999429, -0.0335731, 0.00387908, 0.0336622, 0.999101, -0.0257781, -0.00301014, 0.0258939, 0.99966, 0.00287893  
124, 19.4698, 53.7829, 180.946, 0.999422, -0.0337792, 0.00384665, 0.033868, 0.999087, -0.0260278, -0.00296394, 0.026143, 0.999654, 0.00295216  
125, 19.4701, 53.7845, 180.974, 0.999416, -0.0339727, 0.00363038, 0.0340543, 0.999096, -0.0254544, -0.00276234, 0.0255632, 0.999669, 0.00313939  
126, 19.4426, 53.7722, 180.953, 0.999425, -0.0336823, 0.0038949, 0.0337701, 0.999111, -0.025236, -0.00304143, 0.025353, 0.999674, 0.00303177  
127, 19.4544, 53.7686, 180.937, 0.99942, -0.0338463, 0.00365166, 0.0339299, 0.999086, -0.0259872, -0.00276875, 0.026096, 0.999656, 0.00301124  
128, 19.4586, 53.7698, 180.948, 0.999431, -0.0334262, 0.00448319, 0.033529, 0.999119, -0.0252473, -0.00363532, 0.0253832, 0.999671, 0.00285619  
129, 19.4805, 53.8014, 180.952, 0.999452, -0.0328978, 0.00356448, 0.0329802, 0.999111, -0.0262415, -0.00269803, 0.0263447, 0.999649, 0.00293413  
130, 19.4799, 53.7834, 180.941, 0.99942, -0.0338106, 0.00407896, 0.0339033, 0.999104, -0.0253391, -0.00321857, 0.0254626, 0.999671, 0.00304897  
131, 19.457, 53.7762, 180.966, 0.999415, -0.0339767, 0.00399758, 0.0340684, 0.999089, -0.0256946, -0.00312092, 0.0258158, 0.999662, 0.00289752  
132, 19.4675, 53.7857, 180.938, 0.999417, -0.0339726, 0.00349143, 0.0340532, 0.999069, -0.0264678, -0.002589, 0.0265712, 0.999644, 0.0027849  
133, 19.4484, 53.7967, 180.954, 0.999399, -0.0344349, 0.00407572, 0.0345265, 0.99909, -0.0250557, -0.00320922, 0.0251813, 0.999678, 0.00287172  
134, 19.457, 53.7707, 180.965, 0.999421, -0.0338113, 0.00384576, 0.0338989, 0.999097, -0.0256159, -0.00297618, 0.0257314, 0.999664, 0.00285036  
135, 19.4602, 53.7751, 180.983, 0.999414, -0.0339889, 0.00392694, 0.0340792, 0.999085, -0.025829, -0.00304545, 0.0259477, 0.999659, 0.00300209  
136, 19.4761, 53.7926, 180.955, 0.99942, -0.0338284, 0.00394679, 0.0339198, 0.999086, -0.0260134, -0.0030632, 0.0261322, 0.999654, 0.0029136  
137, 19.4698, 53.7858, 180.925, 0.99942, -0.0338592, 0.00359798, 0.0339431, 0.999069, -0.0266134, -0.00269352, 0.0267201, 0.999639, 0.00292914  
138, 19.4941, 53.7922, 180.941, 0.99945, -0.0329733, 0.00340485, 0.0330515, 0.999109, -0.0262634, -0.00253582, 0.0263615, 0.999649, 0.00281597  
139, 19.4493, 53.7787, 180.934, 0.999423, -0.033733, 0.00399413, 0.0338256, 0.99909, -0.025965, -0.00311462, 0.0260851, 0.999655, 0.00286118  
140, 19.4549, 53.774, 180.944, 0.999424, -0.033704, 0.00403452, 0.0337964, 0.999101, -0.0255809, -0.00316872, 0.0257025, 0.999665, 0.00281319  
141, 19.4738, 53.7785, 180.939, 0.999401, -0.0343541, 0.00408117, 0.0344492, 0.999065, -0.0261193, -0.00318005, 0.0262442, 0.999651, 0.00308087  
142, 19.4585, 53.7931, 180.934, 0.999428, -0.0335584, 0.00411682, 0.0336516, 0.999117, -0.025151, -0.00326916, 0.0252752, 0.999675, 0.00292803  
143, 19.4561, 53.784, 180.93, 0.99942, -0.0337924, 0.00409429, 0.0338891, 0.999075, -0.0264674, -0.00319611, 0.0265908, 0.999641, 0.00281569  
144, 19.4547, 53.7752, 180.951, 0.999419, -0.033899, 0.00359764, 0.0339818, 0.999079, -0.0261917, -0.00270645, 0.0262987, 0.99965, 0.00289668  
145, 19.4874, 53.7678, 180.929, 0.999453, -0.0329364, 0.00313047, 0.0330077, 0.999106, -0.0263958, -0.00225829, 0.0264847, 0.999647, 0.00299821  
146, 19.4722, 53.7748, 180.959, 0.999404, -0.0342437, 0.00443709, 0.0343483, 0.999068, -0.0261469, -0.00353759, 0.0262838, 0.999648, 0.00288975  
147, 19.4532, 53.7884, 180.953, 0.999396, -0.0345135, 0.00400685, 0.0346056, 0.999068, -0.0257913, -0.00311297, 0.0259144, 0.999659, 0.00284703  
148, 19.4561, 53.7934, 180.931, 0.999415, -0.0340266, 0.00335962, 0.0341026, 0.99908, -0.0260021, -0.00247176, 0.0261015, 0.999656, 0.00279489  
149, 19.4685, 53.7638, 180.945, 0.999413, -0.0340193, 0.00408256, 0.0341187, 0.999041, -0.0274284, -0.00314555, 0.0275516, 0.999615, 0.00280154  
150, 19.4836, 53.803, 180.928, 0.999433, -0.033498, 0.00332119, 0.0335741, 0.999088, -0.0263836, -0.00243436, 0.0264801, 0.999646, 0.0026978  
151, 19.4807, 53.7886, 180.946, 0.999406, -0.0342544, 0.00388274, 0.0343456, 0.999057, -0.0265426, -0.00296988, 0.0266602, 0.99964, 0.00263401  
152, 19.4689, 53.7879, 180.95, 0.999421, -0.0338092, 0.00369582, 0.0338941, 0.999087, -0.0260101, -0.00281307, 0.0261203, 0.999655, 0.00284537  
153, 19.4424, 53.7712, 180.96, 0.999417, -0.0338977, 0.00414059, 0.0339903, 0.999114, -0.0248245, -0.00329543, 0.0249507, 0.999683, 0.00278601  
154, 19.4623, 53.7747, 180.962, 0.999403, -0.0342744, 0.00441236, 0.0343747, 0.999093, -0.0251415, -0.00354665, 0.0252781, 0.999674, 0.00307282  
155, 19.4956, 53.7709, 180.927, 0.999436, -0.0333856, 0.00359113, 0.033466, 0.999119, -0.0253247, -0.00274249, 0.0254306, 0.999673, 0.00288864  
156, 19.4602, 53.7765, 180.935, 0.999429, -0.0335346, 0.00418747, 0.0336311, 0.999106, -0.0256199, -0.00332458, 0.0257461, 0.999663, 0.0028487  
157, 19.4526, 53.7813, 180.942, 0.999433, -0.0333975, 0.00438647, 0.0334981, 0.999118, -0.0253182, -0.00353703, 0.0254508, 0.99967, 0.0028634  
158, 19.4735, 53.7826, 180.935, 0.999408, -0.0341658, 0.00406258, 0.0342591, 0.999083, -0.02568, -0.00318148, 0.025804, 0.999662, 0.00299682  
159, 19.4721, 53.7787, 180.938, 0.999423, -0.0337953, 0.00344556, 0.0338751, 0.999072, -0.0265874, -0.00254383, 0.0266888, 0.999641, 0.00277935  
160, 19.4643, 53.7946, 180.931, 0.999432, -0.0334866, 0.0037109, 0.0335727, 0.999091, -0.0262717, -0.00282778, 0.0263814, 0.999648, 0.00289974  
161, 19.4892, 53.8035, 180.957, 0.999443, -0.0332549, 0.00267576, 0.0333139, 0.999098, -0.0263228, -0.00179798, 0.0263973, 0.99965, 0.00279766  
162, 19.4574, 53.7779, 180.936, 0.999416, -0.0338803, 0.00437408, 0.0339811, 0.999097, -0.02552, -0.0035055, 0.0256538, 0.999665, 0.00292276  
163, 19.494, 53.7865, 180.953, 0.99942, -0.0337981, 0.00419471, 0.0338968, 0.99908, -0.0262635, -0.00330319, 0.0263904, 0.999646, 0.00273164  
164, 19.4601, 53.7763, 180.966, 0.999421, -0.0339067, 0.00275747, 0.0339669, 0.999087, -0.0259028, -0.00187667, 0.0259815, 0.999661, 0.00316547  
165, 19.5247, 53.8071, 180.937, 0.9994, -0.0344837, 0.00337581, 0.034563, 0.999031, -0.0272646, -0.00243236, 0.0273649, 0.999623, 0.00282678  
166, 19.4684, 53.7969, 180.939, 0.999426, -0.0336876, 0.00346575, 0.0337672, 0.999084, -0.0262908, -0.0025769, 0.0263927, 0.999648, 0.00278767  
167, 19.475, 53.8051, 180.956, 0.999425, -0.0337125, 0.0037484, 0.0337943, 0.999129, -0.0244804, -0.00291983, 0.024593, 0.999693, 0.00278074  
168, 19.47, 53.799, 180.925, 0.999395, -0.034543, 0.00396479, 0.0346356, 0.999054, -0.0263103, -0.00305221, 0.0264317, 0.999646, 0.00276632  
169, 19.4608, 53.765, 180.945, 0.999432, -0.0335006, 0.00368691, 0.0335845, 0.999106, -0.0256929, -0.00282288, 0.0258021, 0.999663, 0.00284731  
170, 19.4779, 53.7797, 180.929, 0.999425, -0.0336987, 0.0036803, 0.0337839, 0.999085, -0.0262288, -0.00279306, 0.0263381, 0.999649, 0.00300902  
171, 19.4718, 53.7975, 180.939, 0.999425, -0.0337222, 0.00342337, 0.0338017, 0.999072, -0.0267064, -0.0025196, 0.0268068, 0.999637, 0.00281985  
172, 19.4741, 53.7824, 180.946, 0.999405, -0.0341721, 0.00473466, 0.0342803, 0.999098, -0.025051, -0.00387434, 0.0251984, 0.999675, 0.00281458  
173, 19.4615, 53.7835, 180.953, 0.999425, -0.0336285, 0.00425977, 0.0337278, 0.999095, -0.0259067, -0.00338471, 0.0260355, 0.999655, 0.00272748  
174, 19.4507, 53.7827, 180.945, 0.999413, -0.0339691, 0.00453591, 0.0340751, 0.999086, -0.0257953, -0.00365553, 0.0259347, 0.999657, 0.00281264  
175, 19.491, 53.8029, 180.928, 0.999442, -0.0331853, 0.00374542, 0.033273, 0.999096, -0.026464, -0.00286382, 0.0265738, 0.999643, 0.00292415  
176, 19.4653, 53.7937, 180.943, 0.999425, -0.0337198, 0.00366154, 0.0338041, 0.999087, -0.0261243, -0.00277729, 0.0262331, 0.999652, 0.002791  
177, 19.4367, 53.7663, 180.972, 0.999427, -0.0336058, 0.00412549, 0.0337004, 0.999106, -0.0255188, -0.00326423, 0.0256432, 0.999666, 0.00279128  
178, 19.455, 53.7536, 180.952, 0.999444, -0.0330885, 0.00416733, 0.0331853, 0.999116, -0.025805, -0.00330979, 0.025929, 0.999658, 0.0027849  
179, 19.4719, 53.7471, 180.95, 0.999448, -0.0330229, 0.00362932, 0.0331084, 0.999094, -0.0267575, -0.00274242, 0.0268629, 0.999635, 0.0029505  
180, 19.4503, 53.7636, 180.958, 0.999434, -0.0334783, 0.00331732, 0.0335531, 0.999102, -0.0258736, -0.00244814, 0.0259703, 0.99966, 0.00286811  
181, 19.4727, 53.7948, 180.934, 0.999434, -0.0335148, 0.00276306, 0.0335745, 0.99911, -0.0255403, -0.00190462, 0.0256187, 0.99967, 0.00286479  
182, 19.4325, 53.831, 180.967, 0.999421, -0.033792, 0.00398857, 0.0338744, 0.999166, -0.0227964, -0.00321491, 0.0229183, 0.999732, 0.002867  
183, 19.4558, 53.8813, 180.943, 0.999426, -0.0337254, 0.00311518, 0.0337875, 0.999171, -0.0227052, -0.00234686, 0.0227974, 0.999737, 0.00276548  
184, 19.4496, 53.9195, 180.94, 0.999412, -0.0341201, 0.00330605, 0.034181, 0.999204, -0.0205887, -0.00260092, 0.0206896, 0.999783, 0.0029602  
185, 19.4652, 53.9811, 180.919, 0.999439, -0.0333725, 0.00269427, 0.03342, 0.999239, -0.0201097, -0.00202111, 0.0201885, 0.999794, 0.00300126  
186, 19.4764, 54.0435, 180.956, 0.999458, -0.032882, 0.00137364, 0.0329015, 0.999294, -0.0181433, -0.000776083, 0.0181786, 0.999834, 0.00283178  
187, 19.452, 54.099, 180.962, 0.999459, -0.0329012, 0.000131628, 0.0328984, 0.999303, -0.0176424, 0.000448921, 0.0176372, 0.999844, 0.00284398  
188, 19.4645, 54.1893, 180.97, 0.999431, -0.0336977, 0.00155078, 0.0337156, 0.99934, -0.013534, -0.00109369, 0.0135786, 0.999907, 0.00282235  
189, 19.4524, 54.2546, 181.019, 0.999444, -0.0332786, 0.00195271, 0.033297, 0.999393, -0.0102915, -0.00160904, 0.0103508, 0.999945, 0.00309002  
190, 19.4857, 54.3385, 180.999, 0.999455, -0.0329458, 0.00210804, 0.0329611, 0.999427, -0.00765452, -0.00185465, 0.00771983, 0.999968, 0.00296936  
191, 19.4784, 54.4068, 181.021, 0.999466, -0.0326528, 0.00117286, 0.0326577, 0.999457, -0.00438289, -0.00102911, 0.00441885, 0.99999, 0.00291998  
192, 19.5176, 54.4817, 181.015, 0.999505, -0.0314188, 0.00146057, 0.0314174, 0.999506, 0.000976684, -0.00149053, -0.000930314, 0.999998, 0.00288087  
193, 19.5085, 54.5745, 180.997, 0.999503, -0.0314371, 0.00244287, 0.0314234, 0.999491, 0.00544081, -0.00261267, -0.00536134, 0.999982, 0.00282734  
194, 19.4832, 54.5537, 181.016, 0.999489, -0.0318913, 0.00200916, 0.0318775, 0.99947, 0.00656244, -0.00221738, -0.00649504, 0.999976, 0.00298877  
195, 19.4954, 54.5903, 180.978, 0.999503, -0.0314407, 0.00249192, 0.031404, 0.999414, 0.0136006, -0.00291807, -0.0135156, 0.999904, 0.00295993  
196, 19.4872, 54.6429, 180.986, 0.999505, -0.0314295, 0.00148893, 0.031404, 0.999397, 0.0148412, -0.00195449, -0.0147871, 0.999889, 0.00286784  
197, 19.4426, 54.623, 180.995, 0.999502, -0.0314774, 0.00201964, 0.0314346, 0.999333, 0.0185689, -0.00260279, -0.0184962, 0.999826, 0.00282068  
198, 19.4078, 54.5702, 180.998, 0.999507, -0.0313288, 0.00213575, 0.0312767, 0.999287, 0.0211392, -0.0027965, -0.021062, 0.999774, 0.00278129  
199, 19.4451, 54.5522, 180.979, 0.999498, -0.0316065, 0.00199295, 0.0315473, 0.999193, 0.0248663, -0.00277728, -0.024791, 0.999689, 0.0029308  
200, 19.3808, 54.5628, 180.976, 0.999504, -0.0314551, 0.00169608, 0.0313921, 0.999079, 0.0292608, -0.00261492, -0.0291931, 0.99957, 0.00304342  
201, 19.3287, 54.5516, 180.973, 0.999504, -0.0314372, 0.00186955, 0.0313534, 0.998905, 0.0347251, -0.00295916, -0.0346492, 0.999395, 0.0028609  
202, 19.2752, 54.5256, 180.944, 0.999517, -0.0309442, 0.00299695, 0.0308016, 0.998742, 0.039571, -0.00421768, -0.0394596, 0.999212, 0.00289918  
203, 19.2565, 54.4264, 180.92, 0.999519, -0.0308104, 0.00348911, 0.0306311, 0.998596, 0.0432135, -0.00481564, -0.0430858, 0.99906, 0.00282429  
204, 19.1819, 54.2991, 180.919, 0.999509, -0.0310904, 0.00386573, 0.0308714, 0.998388, 0.0476273, -0.00534025, -0.0474846, 0.998858, 0.00286423  
205, 19.0962, 54.1922, 180.954, 0.999522, -0.0307689, 0.00295129, 0.0305828, 0.998277, 0.0500701, -0.00448681, -0.0499559, 0.998741, 0.00299099  
206, 19.0254, 54.0355, 180.931, 0.999519, -0.0308986, 0.00274407, 0.0307106, 0.99813, 0.0528479, -0.00437187, -0.0527382, 0.998599, 0.00280543  
207, 18.9356, 54.0229, 180.907, 0.999543, -0.0301919, 0.00172864, 0.0300452, 0.997936, 0.0567545, -0.0034386, -0.0566766, 0.998387, 0.00278102  
208, 18.8559, 53.865, 180.901, 0.999518, -0.0308149, 0.003793, 0.0305081, 0.997471, 0.064197, -0.00576163, -0.0640503, 0.99793, 0.00273303  
209, 18.7778, 53.6738, 180.918, 0.999556, -0.029783, 0.000879314, 0.0296657, 0.997509, 0.0640024, -0.00278331, -0.0639479, 0.997949, 0.00291943  
210, 18.6447, 53.5819, 180.98, 0.999524, -0.0308373, -0.000300259, 0.0307862, 0.997206, 0.0680556, -0.00179923, -0.0680324, 0.997681, 0.00304453  
211, 18.5487, 53.2161, 181.033, 0.999555, -0.0297774, -0.00178655, 0.0298301, 0.997265, 0.0676219, -0.000231938, -0.0676451, 0.997709, 0.00278379  
212, 18.538, 53.0234, 181.023, 0.999529, -0.030531, -0.0031979, 0.030683, 0.996864, 0.0729428, 0.000960847, -0.0730066, 0.997331, 0.00289336  
213, 18.4172, 52.8145, 181.05, 0.999501, -0.0315705, -0.0012392, 0.0315698, 0.996386, 0.0788612, -0.00125496, -0.0788609, 0.996885, 0.00275189  
214, 18.3645, 52.3913, 181.091, 0.999525, -0.0305918, -0.00363681, 0.0307853, 0.996279, 0.0804978, 0.0011607, -0.0805715, 0.996748, 0.00301596  
215, 18.304, 51.976, 181.123, 0.999504, -0.0313837, -0.00272113, 0.0315015, 0.995892, 0.0848919, 4.57277e-005, -0.0849355, 0.996386, 0.00283483  
216, 18.2909, 51.4268, 181.176, 0.999546, -0.0299346, -0.0033453, 0.0301118, 0.995801, 0.0864501, 0.000743396, -0.0865116, 0.996251, 0.00278546  
217, 18.2795, 50.9903, 181.203, 0.999529, -0.0305666, -0.00290761, 0.0307044, 0.995345, 0.0913582, 0.000101561, -0.0914044, 0.995814, 0.00289419  
218, 18.2781, 50.4193, 181.201, 0.999554, -0.0298274, -0.00159804, 0.0298406, 0.994752, 0.0978705, -0.00132957, -0.0978746, 0.995198, 0.00277048  
219, 18.329, 49.8501, 181.179, 0.999602, -0.0281517, -0.00193332, 0.0282039, 0.994593, 0.0999461, -0.000890781, -0.0999608, 0.994991, 0.00289114  
220, 18.3486, 49.1683, 181.148, 0.999554, -0.0298326, -0.00134746, 0.0298149, 0.994363, 0.101751, -0.00169563, -0.101746, 0.994809, 0.0029591  
221, 18.4122, 48.4578, 181.177, 0.999556, -0.029665, -0.00279062, 0.0297942, 0.994086, 0.104424, -0.000323616, -0.104461, 0.994529, 0.0027677  
222, 18.4843, 47.6931, 181.157, 0.999557, -0.0297388, -0.000734916, 0.0296433, 0.99367, 0.10836, -0.00249224, -0.108334, 0.994111, 0.00280959  
223, 18.6105, 46.9564, 181.142, 0.999557, -0.0296014, -0.00311481, 0.0297648, 0.99392, 0.106004, -4.20112e-005, -0.10605, 0.994361, 0.00275272  
224, 18.7422, 46.1928, 181.075, 0.999595, -0.0283952, -0.00178584, 0.02842, 0.993586, 0.109447, -0.00133337, -0.109453, 0.993991, 0.0029039  
225, 18.8544, 45.3913, 181.06, 0.999573, -0.0291254, -0.00214712, 0.0291829, 0.993315, 0.111683, -0.00112004, -0.111698, 0.993742, 0.00291638  
226, 18.9509, 44.5367, 181.056, 0.999612, -0.0277267, -0.00267409, 0.0278522, 0.993427, 0.111029, -0.000421954, -0.11106, 0.993814, 0.00274246  
227, 18.9625, 43.6069, 181.061, 0.999594, -0.028465, -0.000954941, 0.0283921, 0.993266, 0.112327, -0.00224887, -0.112308, 0.993671, 0.00279239  
228, 19.072, 42.6508, 181.028, 0.999621, -0.027522, -0.000480034, 0.0273986, 0.993157, 0.113527, -0.00264775, -0.113498, 0.993535, 0.00281763  
229, 19.1791, 41.6931, 181.029, 0.999592, -0.0285456, -0.00112793, 0.0284865, 0.992994, 0.114681, -0.00215361, -0.114667, 0.993402, 0.00279877  
230, 19.1878, 40.6201, 181.027, 0.999588, -0.0286822, -0.000587989, 0.0285595, 0.992953, 0.115018, -0.00271512, -0.114987, 0.993363, 0.00292137  
231, 19.2929, 39.5617, 181.068, 0.999552, -0.0299376, 0.000105467, 0.0297247, 0.992849, 0.11562, -0.00356611, -0.115565, 0.993293, 0.00285535  
232, 19.3303, 38.3002, 181.065, 0.99952, -0.0309783, 0.000388154, 0.0307302, 0.992949, 0.114487, -0.00393202, -0.11442, 0.993425, 0.00279544  
233, 19.3943, 36.9989, 181.002, 0.99953, -0.0306192, -0.00122771, 0.0305544, 0.992753, 0.116226, -0.00233994, -0.116209, 0.993222, 0.00276049  
234, 19.4227, 35.8362, 180.944, 0.999491, -0.031895, -0.00102746, 0.0317895, 0.992342, 0.119363, -0.00278749, -0.119335, 0.99285, 0.00318044  
235, 19.4897, 34.4643, 180.979, 0.999568, -0.0292867, -0.00262931, 0.029395, 0.992971, 0.114648, -0.000746852, -0.114676, 0.993403, 0.00291527  
236, 19.4284, 33.139, 180.956, 0.999573, -0.0292223, 0.000676267, 0.0289328, 0.99243, 0.119354, -0.00415896, -0.119284, 0.992851, 0.00277908  
237, 19.4148, 31.7362, 180.954, 0.999591, -0.0286091, 0.000427548, 0.0283585, 0.992598, 0.118089, -0.00380279, -0.118028, 0.993003, 0.00288614  
238, 19.383, 30.367, 181.023, 0.999543, -0.0302239, -0.000211868, 0.0300448, 0.992809, 0.115876, -0.00329189, -0.11583, 0.993264, 0.00273192  
239, 19.4118, 28.9106, 181.064, 0.999511, -0.0312565, -0.000698934, 0.0311314, 0.992955, 0.114329, -0.00287951, -0.114295, 0.993443, 0.00290667  
240, 19.4043, 27.3691, 180.986, 0.999536, -0.0304634, -0.00064115, 0.0303267, 0.992568, 0.117854, -0.00295384, -0.117818, 0.993031, 0.00285119  
241, 19.3685, 25.8538, 180.933, 0.999531, -0.0304822, -0.0029316, 0.0306165, 0.992778, 0.115991, -0.000625237, -0.116026, 0.993246, 0.00274302  
242, 19.3496, 24.3842, 180.917, 0.999513, -0.0311362, -0.00228038, 0.0311916, 0.992848, 0.115242, -0.00132414, -0.115257, 0.993335, 0.00280154  
243, 19.2942, 22.8579, 180.903, 0.999547, -0.0299974, -0.00224401, 0.0300569, 0.992958, 0.114592, -0.00120924, -0.114607, 0.99341, 0.00273414  
244, 19.2527, 21.3284, 180.841, 0.999528, -0.0306419, -0.00230636, 0.0307016, 0.992686, 0.116754, -0.00128807, -0.116769, 0.993158, 0.00302178  
245, 19.1684, 19.5618, 180.849, 0.999588, -0.0286411, -0.00170406, 0.0286506, 0.993215, 0.112706, -0.00153554, -0.112709, 0.993627, 0.00289724  
246, 19.102, 17.7617, 180.858, 0.999613, -0.0277108, -0.00235025, 0.0278014, 0.993587, 0.109597, -0.000701858, -0.10962, 0.993973, 0.00277852  
247, 19.0117, 15.7612, 180.878, 0.999607, -0.0277088, -0.00426562, 0.0280034, 0.994095, 0.104836, 0.00133556, -0.104914, 0.99448, 0.00279045  
248, 18.9206, 13.8539, 180.921, 0.999641, -0.0263106, -0.00503789, 0.0266907, 0.994277, 0.103446, 0.00228734, -0.103543, 0.994622, 0.00271722  
249, 18.9572, 11.9214, 180.892, 0.999578, -0.0282333, -0.00689315, 0.0287909, 0.994334, 0.102324, 0.00396515, -0.102479, 0.994727, 0.00294883  
250, 19.0164, 9.91355, 180.831, 0.999581, -0.0281954, -0.00648026, 0.0287072, 0.99444, 0.101315, 0.00358761, -0.101459, 0.994833, 0.00287255  
251, 19.0055, 7.64761, 180.825, 0.999555, -0.0294273, -0.00483833, 0.0297599, 0.994746, 0.0979495, 0.00193052, -0.0980499, 0.99518, 0.00283788  
252, 18.9831, 5.71459, 180.872, 0.999599, -0.0277058, -0.00581196, 0.0281268, 0.995261, 0.0930876, 0.00320535, -0.0932137, 0.995641, 0.00278573  
253, 18.9565, 3.78144, 180.903, 0.999488, -0.0317613, -0.00383334, 0.0319803, 0.995136, 0.0931799, 0.000855176, -0.0932548, 0.995642, 0.00291555  
254, 19.0541, 1.69263, 180.918, 0.999616, -0.0266265, -0.00766089, 0.0271719, 0.996166, 0.0831528, 0.00541746, -0.083329, 0.996507, 0.00281347  
255, 19.0738, -0.452914, 180.972, 0.999573, -0.0279108, -0.00867023, 0.0285336, 0.996158, 0.0827979, 0.00632596, -0.0830099, 0.996529, 0.00290584  
256, 19.2277, -2.89558, 181.017, 0.999629, -0.0253733, -0.00990626, 0.0260812, 0.996498, 0.0794475, 0.00785572, -0.0796764, 0.99679, 0.00279073  
257, 19.3373, -5.14005, 180.957, 0.999575, -0.0287469, -0.00484428, 0.029048, 0.996194, 0.0821856, 0.00246326, -0.0822914, 0.996605, 0.00281735  
258, 19.4924, -7.50515, 181.031, 0.999584, -0.0284241, -0.00493544, 0.0287216, 0.996569, 0.0776279, 0.00271201, -0.0777373, 0.99697, 0.00277103  
259, 19.709, -9.82812, 181.017, 0.999524, -0.03056, -0.00427367, 0.0307938, 0.996738, 0.0745971, 0.00198004, -0.0746932, 0.997205, 0.00291055  
260, 19.9317, -12.0556, 181.062, 0.99947, -0.0315407, -0.00803725, 0.0319959, 0.997386, 0.0647802, 0.00597304, -0.065003, 0.997867, 0.00291666  
261, 20.1748, -14.4763, 181.081, 0.999478, -0.0321603, -0.00302597, 0.0322884, 0.997405, 0.0643471, 0.000948696, -0.0644113, 0.997923, 0.0027297  
262, 20.5816, -17.0247, 181.018, 0.99956, -0.0295897, -0.00191288, 0.0296505, 0.997982, 0.0561503, 0.000247545, -0.0561823, 0.99842, 0.00289779  
263, 20.7197, -19.3237, 181.023, 0.999482, -0.0321278, 0.00193432, 0.0319737, 0.997985, 0.0548038, -0.00369115, -0.0547136, 0.998495, 0.00276576  
264, 21.0225, -21.7854, 181.068, 0.999484, -0.0320723, 0.00168036, 0.0319423, 0.998146, 0.0518175, -0.00333915, -0.0517371, 0.998655, 0.00293663  
265, 21.296, -24.1906, 181.056, 0.999452, -0.033084, 0.000843261, 0.0330073, 0.99834, 0.0471991, -0.0024034, -0.0471454, 0.998885, 0.00282262  
266, 21.6574, -26.5701, 181, 0.999495, -0.0316523, 0.00291317, 0.0314822, 0.998416, 0.0466404, -0.00438483, -0.0465251, 0.998907, 0.0028021  
267, 21.8133, -29.1073, 180.998, 0.999498, -0.0313173, 0.00488575, 0.0310791, 0.998594, 0.04294, -0.00622365, -0.0427666, 0.999066, 0.00290029  
268, 22.1194, -31.6189, 180.903, 0.999363, -0.0332875, 0.0128612, 0.032712, 0.998556, 0.042623, -0.0142615, -0.0421752, 0.999008, 0.00277575  
269, 22.3458, -34.1038, 180.894, 0.999335, -0.0333453, 0.0147194, 0.0327191, 0.998627, 0.0409115, -0.0160634, -0.0404027, 0.999054, 0.00281597  
270, 22.5728, -36.637, 180.881, 0.999293, -0.0340357, 0.0159558, 0.0334447, 0.998794, 0.0359504, -0.0171602, -0.0353913, 0.999226, 0.00285924  
271, 22.9514, -39.3361, 180.953, 0.999315, -0.0349335, 0.0121857, 0.0346132, 0.999073, 0.0255778, -0.0130679, -0.0251385, 0.999599, 0.00277908  
272, 23.1095, -41.8094, 180.974, 0.999174, -0.0383712, 0.0133657, 0.0380323, 0.99897, 0.0247482, -0.0143015, -0.0242194, 0.999604, 0.0028573  
273, 23.3598, -44.6069, 180.994, 0.999302, -0.0356603, 0.011128, 0.035505, 0.999273, 0.0138545, -0.011614, -0.0134498, 0.999842, 0.00278435  
274, 23.5993, -46.8194, 180.876, 0.999273, -0.035709, 0.0133686, 0.0354754, 0.99922, 0.0173179, -0.0139766, -0.0168311, 0.999761, 0.00287865  
275, 23.8229, -49.5684, 180.867, 0.999393, -0.0328514, 0.0115749, 0.0327698, 0.999437, 0.00717285, -0.011804, -0.00678919, 0.999907, 0.00293247  
276, 23.9992, -52.0218, 180.946, 0.999267, -0.0366956, 0.0109168, 0.0366572, 0.999321, 0.0036971, -0.0110451, -0.00329421, 0.999934, 0.00283677  
