0, 0, 0, 0, 0, 0, 0, 0, 0, 0, 0, 0, 0, 0.00695528  
1, 0, 0, 0, 0, 0, 0, 0, 0, 0, 0, 0, 0, 0.00280624  
2, 4.72211, 13.7954, 180.13, 0.998029, 0.0599316, 0.0185876, -0.059534, 0.998, -0.021254, -0.0198242, 0.0201055, 0.999601, 0.0028595  
3, 4.69992, 13.809, 180.118, 0.99803, 0.059927, 0.0185795, -0.0595287, 0.997999, -0.0212955, -0.0198185, 0.0201475, 0.999601, 0.00277545  
4, 4.73464, 13.8143, 180.135, 0.998056, 0.0594455, 0.0187319, -0.0590547, 0.998039, -0.020768, -0.0199297, 0.0196214, 0.999609, 0.00287254  
5, 4.69772, 13.8177, 180.122, 0.998009, 0.0599193, 0.0196775, -0.0594895, 0.997992, -0.0217425, -0.0209408, 0.0205286, 0.99957, 0.00277545  
6, 4.7312, 13.7969, 180.12, 0.998034, 0.059698, 0.0190976, -0.0592987, 0.998023, -0.0208324, -0.0203035, 0.019659, 0.999601, 0.00277518  
7, 4.71921, 13.8097, 180.12, 0.998013, 0.0601394, 0.0187948, -0.0597472, 0.997997, -0.020775, -0.0200066, 0.0196108, 0.999607, 0.00277934  
8, 4.7007, 13.8267, 180.101, 0.997991, 0.0602825, 0.0194852, -0.0598685, 0.997982, -0.0211764, -0.0207225, 0.0199673, 0.999586, 0.00281346  
9, 4.71817, 13.79, 180.123, 0.997997, 0.0601755, 0.0195344, -0.0597579, 0.997986, -0.0213018, -0.0207769, 0.0200918, 0.999582, 0.00286144  
10, 4.71475, 13.8364, 180.127, 0.998027, 0.0599795, 0.0185754, -0.0595782, 0.997993, -0.0214492, -0.0198247, 0.0203002, 0.999597, 0.00282871  
11, 4.71171, 13.787, 180.115, 0.99802, 0.0601703, 0.0182949, -0.059762, 0.997968, -0.0221021, -0.0195876, 0.020965, 0.999588, 0.00286699  
12, 4.70181, 13.8033, 180.123, 0.998042, 0.0596759, 0.0187216, -0.0592622, 0.998002, -0.0219228, -0.0199925, 0.0207704, 0.999584, 0.00276464  
13, 4.68374, 13.8001, 180.118, 0.998007, 0.0601171, 0.0191676, -0.0597114, 0.997993, -0.0210804, -0.0203964, 0.0198939, 0.999594, 0.0028007  
14, 4.72683, 13.8295, 180.127, 0.998002, 0.060349, 0.0187121, -0.0599407, 0.997967, -0.0216641, -0.0199814, 0.0204992, 0.99959, 0.00288336  
15, 4.72251, 13.7901, 180.119, 0.998017, 0.0599382, 0.0192129, -0.059532, 0.998004, -0.0210617, -0.020437, 0.0198762, 0.999594, 0.00281013  
16, 4.73423, 13.8197, 180.126, 0.998012, 0.0600926, 0.0189968, -0.0596813, 0.997985, -0.0215238, -0.0202519, 0.0203473, 0.999588, 0.0028215  
17, 4.73947, 13.7941, 180.123, 0.998044, 0.0595982, 0.0188958, -0.0591812, 0.998007, -0.0219088, -0.0201639, 0.0207477, 0.999581, 0.00286172  
18, 4.73088, 13.783, 180.133, 0.99801, 0.0602197, 0.01868, -0.0597941, 0.997956, -0.0225646, -0.0200007, 0.0214027, 0.999571, 0.00284951  
19, 4.71664, 13.8082, 180.107, 0.998036, 0.0597181, 0.0189155, -0.059308, 0.998007, -0.0215485, -0.0201647, 0.0203843, 0.999589, 0.00289445  
20, 4.73001, 13.7879, 180.123, 0.998018, 0.0600072, 0.0189687, -0.0596066, 0.998001, -0.0210231, -0.0201923, 0.0198508, 0.999599, 0.00280208  
21, 4.73014, 13.8115, 180.11, 0.997998, 0.0604605, 0.0185478, -0.0600476, 0.997952, -0.0220659, -0.0198439, 0.020908, 0.999584, 0.00282372  
22, 4.70385, 13.8038, 180.117, 0.998, 0.0602405, 0.0191692, -0.0598419, 0.997993, -0.020728, -0.0203794, 0.0195394, 0.999601, 0.00287004  
23, 4.73249, 13.7786, 180.098, 0.998008, 0.0602039, 0.018839, -0.0598, 0.997983, -0.0213157, -0.0200843, 0.0201466, 0.999595, 0.00285062  
24, 4.72627, 13.8028, 180.12, 0.998034, 0.0600281, 0.018042, -0.059632, 0.997984, -0.021744, -0.0193108, 0.0206254, 0.999601, 0.00291525  
25, 4.70987, 13.7779, 180.106, 0.998026, 0.0597893, 0.0192041, -0.0593722, 0.998002, -0.0216028, -0.0204573, 0.0204199, 0.999582, 0.00286505  
26, 4.73098, 13.7681, 180.105, 0.998035, 0.0599119, 0.0183517, -0.0595184, 0.998, -0.0212872, -0.0195904, 0.0201531, 0.999605, 0.00284286  
27, 4.70182, 13.7751, 180.114, 0.998017, 0.0601857, 0.0184112, -0.059789, 0.997982, -0.0213884, -0.0196613, 0.0202452, 0.999602, 0.00291886  
28, 4.69794, 13.78, 180.116, 0.998005, 0.0601162, 0.0192791, -0.0597185, 0.998003, -0.0205787, -0.0204777, 0.0193863, 0.999602, 0.00285645  
29, 4.71142, 13.8022, 180.114, 0.998036, 0.0597866, 0.0187089, -0.0593792, 0.998001, -0.0216227, -0.0199643, 0.0204693, 0.999591, 0.00295852  
30, 4.72691, 13.7982, 180.102, 0.99802, 0.0599503, 0.0190035, -0.0595584, 0.998013, -0.0205593, -0.0201982, 0.0193868, 0.999608, 0.00286144  
31, 4.73704, 13.7709, 180.118, 0.998027, 0.059917, 0.0187589, -0.0595131, 0.997998, -0.0213947, -0.0200032, 0.0202361, 0.999595, 0.00281817  
32, 4.73494, 13.7664, 180.113, 0.99801, 0.0600571, 0.0191921, -0.0596298, 0.997976, -0.0221117, -0.0204812, 0.0209233, 0.999571, 0.002786  
33, 4.72138, 13.7696, 180.112, 0.99802, 0.0600252, 0.0187857, -0.0596244, 0.997995, -0.0212112, -0.0200212, 0.0200491, 0.999599, 0.00289917  
34, 4.7185, 13.7798, 180.101, 0.998014, 0.0601482, 0.018698, -0.0597358, 0.997974, -0.021887, -0.0199766, 0.0207266, 0.999586, 0.00281013  
35, 4.72743, 13.7754, 180.118, 0.998001, 0.0601267, 0.0194707, -0.0597074, 0.997986, -0.0214441, -0.0207208, 0.0202387, 0.99958, 0.0031538  
36, 4.72955, 13.7879, 180.124, 0.998051, 0.0595492, 0.0186421, -0.0591374, 0.998009, -0.0219132, -0.0199099, 0.0207681, 0.999586, 0.00286588  
37, 4.75598, 13.7709, 180.144, 0.998054, 0.0595622, 0.018471, -0.0591703, 0.998025, -0.0210838, -0.0196903, 0.0199498, 0.999607, 0.00292441  
38, 4.73589, 13.7918, 180.141, 0.998043, 0.0597207, 0.0185622, -0.0593326, 0.998022, -0.0207982, -0.0197675, 0.0196562, 0.999611, 0.00293217  
39, 4.72868, 13.7873, 180.117, 0.998018, 0.059981, 0.019013, -0.0595683, 0.997991, -0.0215789, -0.0202691, 0.0204036, 0.999586, 0.00305561  
40, 4.70501, 13.8116, 180.126, 0.99805, 0.0596277, 0.018479, -0.0592411, 0.998027, -0.0208068, -0.0196832, 0.0196715, 0.999613, 0.00294188  
41, 4.74001, 13.7918, 180.121, 0.998029, 0.0598417, 0.0189035, -0.0594297, 0.997998, -0.0216526, -0.0201613, 0.0204865, 0.999587, 0.00282705  
42, 4.74186, 13.7738, 180.115, 0.99801, 0.0601238, 0.0189915, -0.0597045, 0.997975, -0.021928, -0.0202715, 0.0207505, 0.999579, 0.00286782  
43, 4.74745, 13.7812, 180.136, 0.997994, 0.0603081, 0.0192822, -0.0598944, 0.997976, -0.0213601, -0.0205313, 0.0201623, 0.999586, 0.00287115  
44, 4.70469, 13.7889, 180.109, 0.998015, 0.059896, 0.0194536, -0.0594914, 0.998013, -0.0207491, -0.0206577, 0.0195506, 0.999595, 0.00305921  
45, 4.73697, 13.7939, 180.106, 0.998012, 0.06013, 0.0188854, -0.0597154, 0.997977, -0.0218001, -0.0201581, 0.020629, 0.999584, 0.00292885  
46, 4.73457, 13.8005, 180.104, 0.99803, 0.0598555, 0.0188207, -0.0594505, 0.998002, -0.0213851, -0.0200631, 0.0202241, 0.999594, 0.0029785  
47, 4.71459, 13.7961, 180.107, 0.998012, 0.0600227, 0.0191997, -0.0596221, 0.998004, -0.0207997, -0.0204098, 0.0196136, 0.999599, 0.00285423  
48, 4.74062, 13.796, 180.138, 0.998025, 0.0599879, 0.0186636, -0.0595703, 0.997978, -0.0221758, -0.0199561, 0.0210202, 0.99958, 0.00292025  
49, 4.71359, 13.801, 180.116, 0.998004, 0.0601508, 0.0192392, -0.0597501, 0.997997, -0.0207688, -0.0204499, 0.0195778, 0.999599, 0.00292607  
50, 4.71441, 13.8273, 180.122, 0.998014, 0.060109, 0.0188645, -0.0597051, 0.997989, -0.0212853, -0.020106, 0.0201167, 0.999595, 0.00291387  
51, 4.72084, 13.8248, 180.114, 0.99799, 0.060333, 0.0193954, -0.0599273, 0.997985, -0.0208613, -0.020615, 0.0196571, 0.999594, 0.00290222  
52, 4.73564, 13.8047, 180.14, 0.998037, 0.0597379, 0.018816, -0.0593392, 0.998015, -0.0210805, -0.020038, 0.0199225, 0.999601, 0.00284646  
53, 4.71677, 13.8072, 180.115, 0.998004, 0.0602489, 0.0189189, -0.0598429, 0.99798, -0.0213386, -0.0201663, 0.0201639, 0.999593, 0.00289972  
54, 4.71804, 13.7982, 180.131, 0.998037, 0.0598444, 0.0184785, -0.0594464, 0.998002, -0.0213879, -0.0197215, 0.0202475, 0.9996, 0.00308057  
55, 4.73882, 13.8034, 180.109, 0.998041, 0.0594587, 0.019454, -0.0590445, 0.99803, -0.0212131, -0.020677, 0.0200229, 0.999586, 0.00294355  
56, 4.74514, 13.7962, 180.109, 0.998025, 0.0600137, 0.0185854, -0.0596143, 0.997993, -0.0213435, -0.019829, 0.0201934, 0.999599, 0.00290776  
57, 4.7287, 13.8153, 180.132, 0.998029, 0.0598994, 0.0187193, -0.0594919, 0.997995, -0.0216198, -0.0199767, 0.0204635, 0.999591, 0.00296019  
58, 4.71976, 13.8031, 180.125, 0.998067, 0.0593228, 0.0185277, -0.0589323, 0.998042, -0.0209534, -0.0197344, 0.0198211, 0.999609, 0.00293689  
59, 4.73152, 13.821, 180.121, 0.998016, 0.0601211, 0.0186895, -0.0597069, 0.997974, -0.0219808, -0.0199731, 0.0208213, 0.999584, 0.00289084  
60, 4.73028, 13.8226, 180.123, 0.998048, 0.0598299, 0.0179187, -0.0594352, 0.997994, -0.0218024, -0.0191872, 0.0206948, 0.999602, 0.00310637  
61, 4.73396, 13.8053, 180.13, 0.998042, 0.0596657, 0.0187667, -0.0592588, 0.99801, -0.0215377, -0.0200144, 0.0203835, 0.999592, 0.00305089  
62, 4.72923, 13.8005, 180.131, 0.998037, 0.0599663, 0.0180709, -0.0595663, 0.997984, -0.0219145, -0.0193485, 0.0207951, 0.999597, 0.00433349  
63, 4.74086, 13.7955, 180.134, 0.998045, 0.0596272, 0.0187142, -0.0592336, 0.998025, -0.0209261, -0.019925, 0.0197767, 0.999606, 0.0028595  
64, 4.72554, 13.8107, 180.101, 0.998034, 0.0598132, 0.018748, -0.059405, 0.998, -0.0216218, -0.0200038, 0.0204656, 0.99959, 0.00439202  
65, 4.71874, 13.825, 180.096, 0.998066, 0.0592766, 0.0187423, -0.0588627, 0.998026, -0.021914, -0.0200043, 0.0207683, 0.999584, 0.00283259  
66, 4.71987, 13.8203, 180.12, 0.998051, 0.0597263, 0.018093, -0.0593285, 0.998001, -0.0217807, -0.0193577, 0.0206648, 0.999599, 0.00279237  
67, 4.75717, 13.8351, 180.111, 0.998024, 0.0602709, 0.017789, -0.0598674, 0.997955, -0.022405, -0.019103, 0.0212957, 0.999591, 0.00285451  
68, 4.66881, 13.7941, 180.1, 0.998038, 0.059844, 0.0184096, -0.0594245, 0.997978, -0.0225472, -0.0197217, 0.021409, 0.999576, 0.00286976  
69, 4.72947, 13.8062, 180.121, 0.998017, 0.0603026, 0.0180721, -0.0598985, 0.997959, -0.0221295, -0.0193697, 0.0210031, 0.999592, 0.00296879  
70, 4.72849, 13.8217, 180.131, 0.99803, 0.0598498, 0.0187952, -0.0594499, 0.998007, -0.0211608, -0.0200243, 0.0200018, 0.999599, 0.00290305  
71, 4.70637, 13.7819, 180.117, 0.99804, 0.0598183, 0.0183677, -0.0594234, 0.998005, -0.0213382, -0.0196075, 0.0202049, 0.999604, 0.00277213  
72, 4.73428, 13.7729, 180.136, 0.998033, 0.0596383, 0.0193269, -0.0592279, 0.99802, -0.0211494, -0.0205499, 0.0199631, 0.99959, 0.00286311  
73, 4.74473, 13.7869, 180.127, 0.998035, 0.0596125, 0.0193149, -0.0592114, 0.998031, -0.0207133, -0.0205117, 0.0195289, 0.999599, 0.00285811  
74, 4.73599, 13.8077, 180.107, 0.998022, 0.0601194, 0.0183963, -0.0597282, 0.997991, -0.0211201, -0.0196291, 0.0199796, 0.999608, 0.00293245  
75, 4.73973, 13.7841, 180.102, 0.997993, 0.0602247, 0.0195915, -0.0598194, 0.997995, -0.0206575, -0.0207963, 0.0194441, 0.999595, 0.00292136  
76, 4.70263, 13.793, 180.099, 0.998016, 0.0602966, 0.0181387, -0.0598919, 0.99796, -0.022088, -0.0194336, 0.0209579, 0.999591, 0.00282261  
77, 4.74164, 13.7976, 180.133, 0.998028, 0.0597758, 0.0191644, -0.0593589, 0.998002, -0.0216317, -0.0204192, 0.0204514, 0.999582, 0.00277102  
78, 4.72412, 13.7773, 180.121, 0.998011, 0.0599241, 0.0195692, -0.0595066, 0.998002, -0.0212594, -0.0208041, 0.0200526, 0.999582, 0.00286921  
79, 4.71079, 13.7878, 180.115, 0.998038, 0.0597068, 0.0188237, -0.0593111, 0.99802, -0.0209217, -0.0200356, 0.0197642, 0.999604, 0.00296629  
80, 4.73986, 13.7842, 180.124, 0.998005, 0.060197, 0.0190583, -0.0598004, 0.997995, -0.0207376, -0.0202684, 0.0195565, 0.999603, 0.00287281  
81, 4.70677, 13.8072, 180.119, 0.998033, 0.0598237, 0.0187654, -0.0594259, 0.99801, -0.0210895, -0.0199897, 0.0199329, 0.999601, 0.00289306  
82, 4.69652, 13.7627, 180.117, 0.998019, 0.0601502, 0.0184428, -0.0597234, 0.997953, -0.0228815, -0.0197814, 0.0217347, 0.999568, 0.0029319  
83, 4.70703, 13.7824, 180.11, 0.997995, 0.0604211, 0.0188539, -0.0599964, 0.997949, -0.0223322, -0.0201646, 0.0211563, 0.999573, 0.00281678  
84, 4.736, 13.7935, 180.147, 0.998043, 0.0596321, 0.0188278, -0.0592273, 0.998016, -0.0213737, -0.020065, 0.0202168, 0.999594, 0.00331302  
85, 4.73798, 13.8315, 180.11, 0.998012, 0.0601646, 0.018786, -0.0597673, 0.997991, -0.0210382, -0.020014, 0.0198736, 0.999602, 0.00294105  
86, 4.72813, 13.7881, 180.108, 0.997983, 0.0607494, 0.0184436, -0.0603509, 0.997947, -0.0214459, -0.0197085, 0.0202896, 0.9996, 0.00293661  
87, 4.75887, 13.7985, 180.11, 0.998021, 0.0599273, 0.0190723, -0.0595194, 0.998, -0.0212788, -0.0203093, 0.0201015, 0.999592, 0.0027982  
88, 4.74746, 13.805, 180.109, 0.998038, 0.0597687, 0.0186664, -0.0593617, 0.998002, -0.0216474, -0.019923, 0.0204968, 0.999591, 0.00280791  
89, 4.71286, 13.8084, 180.106, 0.997996, 0.0604126, 0.0188014, -0.0600085, 0.997969, -0.0213591, -0.0200536, 0.0201881, 0.999595, 0.00277185  
90, 4.71514, 13.7931, 180.11, 0.998034, 0.0597183, 0.019023, -0.0593079, 0.998009, -0.0214532, -0.0202663, 0.0202828, 0.999589, 0.00285562  
91, 4.70575, 13.7865, 180.115, 0.998027, 0.0598272, 0.019025, -0.0594301, 0.998016, -0.0207967, -0.0202314, 0.0196251, 0.999603, 0.00284979  
92, 4.71894, 13.7838, 180.114, 0.998023, 0.0600023, 0.0187226, -0.0595781, 0.997971, -0.0224468, -0.0200315, 0.0212869, 0.999573, 0.00284258  
93, 4.73207, 13.8027, 180.118, 0.998017, 0.0599796, 0.0190666, -0.059571, 0.997996, -0.0213224, -0.0203073, 0.0201443, 0.999591, 0.00301705  
94, 4.66358, 13.7915, 180.105, 0.998016, 0.0599298, 0.0193256, -0.0595134, 0.997997, -0.0214441, -0.020572, 0.0202514, 0.999583, 0.00294105  
95, 4.72203, 13.7949, 180.112, 0.998012, 0.0601764, 0.0187107, -0.0597593, 0.997968, -0.0221031, -0.0200027, 0.020941, 0.999581, 0.00302149  
96, 4.70822, 13.806, 180.122, 0.99802, 0.0600065, 0.0188653, -0.0596048, 0.997997, -0.0211794, -0.0200984, 0.020013, 0.999598, 0.00282039  
97, 4.69882, 13.8077, 180.117, 0.998015, 0.0598984, 0.0194344, -0.0594854, 0.998004, -0.0211803, -0.0206643, 0.0199822, 0.999587, 0.00284341  
98, 4.71411, 13.7994, 180.119, 0.998015, 0.0601256, 0.0187509, -0.0597086, 0.997972, -0.0220595, -0.0200392, 0.0208961, 0.999581, 0.00301622  
99, 4.74119, 13.7819, 180.112, 0.997992, 0.0604112, 0.0190597, -0.0599914, 0.997959, -0.0218818, -0.0203427, 0.0206945, 0.999579, 0.00310387  
100, 4.7145, 13.8057, 180.113, 0.997967, 0.0608134, 0.0190595, -0.0604101, 0.997951, -0.0210638, -0.0203014, 0.0198696, 0.999596, 0.00285756  
101, 4.71225, 13.8218, 180.106, 0.998058, 0.059492, 0.0184713, -0.0590865, 0.998015, -0.0217732, -0.01973, 0.0206395, 0.999592, 0.00278544  
102, 4.73929, 13.8067, 180.121, 0.998016, 0.0597955, 0.0197284, -0.0593824, 0.998016, -0.0208999, -0.020939, 0.0196869, 0.999587, 0.00280347  
103, 4.72399, 13.807, 180.121, 0.998018, 0.0598876, 0.0193494, -0.0594823, 0.998011, -0.0208848, -0.0205616, 0.0196925, 0.999595, 0.00283343  
104, 4.69971, 13.8169, 180.115, 0.998028, 0.0597767, 0.0191629, -0.0593624, 0.998005, -0.0215057, -0.0204102, 0.0203257, 0.999585, 0.00285728  
105, 4.69996, 13.825, 180.105, 0.998002, 0.0602352, 0.0190694, -0.0598094, 0.997964, -0.0221624, -0.0203655, 0.0209776, 0.999573, 0.00280624  
106, 4.7081, 13.7967, 180.101, 0.99804, 0.0597888, 0.0184952, -0.0593778, 0.997992, -0.0220296, -0.0197752, 0.0208882, 0.999586, 0.00279959  
107, 4.73002, 13.8152, 180.114, 0.99805, 0.059677, 0.0182935, -0.0592755, 0.998005, -0.0217554, -0.0195553, 0.0206286, 0.999596, 0.00292801  
108, 4.69086, 13.8093, 180.103, 0.998028, 0.0596254, 0.019617, -0.0592158, 0.998028, -0.0208382, -0.0208208, 0.0196354, 0.99959, 0.00286588  
109, 4.73883, 13.8483, 180.1, 0.998043, 0.0599031, 0.0179364, -0.0595115, 0.997993, -0.0216234, -0.0191958, 0.0205137, 0.999605, 0.00289639  
110, 4.72528, 13.8207, 180.12, 0.998015, 0.0598247, 0.0196877, -0.0594041, 0.998007, -0.0212979, -0.0209226, 0.0200861, 0.999579, 0.00276575  
111, 4.75271, 13.8293, 180.133, 0.998048, 0.0597138, 0.0183076, -0.0593209, 0.998012, -0.0213033, -0.0195433, 0.0201757, 0.999605, 0.00280125  
112, 4.7426, 13.8233, 180.117, 0.998031, 0.0598244, 0.0188588, -0.0594317, 0.998017, -0.0207402, -0.0200621, 0.0195785, 0.999607, 0.00286144  
113, 4.73351, 13.8247, 180.128, 0.998026, 0.0599265, 0.0187759, -0.0595175, 0.997993, -0.0216314, -0.0200345, 0.0204712, 0.99959, 0.0028301  
114, 4.71437, 13.8468, 180.121, 0.998009, 0.060372, 0.0182739, -0.0599793, 0.997972, -0.021322, -0.0195241, 0.0201835, 0.999606, 0.00291747  
115, 4.73108, 13.8025, 180.117, 0.998044, 0.0597194, 0.0184889, -0.0593085, 0.997997, -0.0220271, -0.0197673, 0.0208874, 0.999586, 0.00285229  
116, 4.67772, 13.8261, 180.096, 0.998011, 0.0602953, 0.018372, -0.0598965, 0.997972, -0.0215344, -0.0196332, 0.0203911, 0.999599, 0.00280846  
117, 4.71776, 13.7924, 180.115, 0.998073, 0.0590833, 0.0189349, -0.0586702, 0.998042, -0.0216741, -0.0201784, 0.0205215, 0.999586, 0.00282178  
118, 4.72563, 13.8041, 180.131, 0.998025, 0.0596732, 0.0196165, -0.0592532, 0.998015, -0.0213363, -0.0208508, 0.0201318, 0.99958, 0.00285451  
119, 4.72406, 13.8068, 180.109, 0.998016, 0.0597771, 0.0197604, -0.0593675, 0.998021, -0.0207039, -0.020959, 0.0194897, 0.99959, 0.00332467  
120, 4.73224, 13.8008, 180.133, 0.998033, 0.0596572, 0.019276, -0.0592515, 0.998023, -0.0209728, -0.020489, 0.0197894, 0.999594, 0.00286116  
121, 4.71716, 13.817, 180.11, 0.998006, 0.0603618, 0.0184695, -0.0599547, 0.997962, -0.0218578, -0.0197512, 0.0207069, 0.99959, 0.00282455  
122, 4.73454, 13.7996, 180.093, 0.998014, 0.0602309, 0.0184223, -0.059839, 0.997984, -0.0211324, -0.019658, 0.0199881, 0.999607, 0.0028215  
123, 4.72381, 13.7944, 180.116, 0.998031, 0.059718, 0.0191758, -0.0593162, 0.998021, -0.0208819, -0.0203848, 0.0197034, 0.999598, 0.00284924  
124, 4.68082, 13.8226, 180.073, 0.997955, 0.0608899, 0.0194554, -0.06046, 0.997929, -0.0219676, -0.0207527, 0.0207464, 0.999569, 0.00281512  
125, 4.74625, 13.791, 180.1, 0.99802, 0.0599853, 0.0189347, -0.0595884, 0.998005, -0.0208727, -0.020149, 0.0197031, 0.999603, 0.00276769  
126, 4.72092, 13.8114, 180.116, 0.998002, 0.0602212, 0.0191194, -0.0598384, 0.998008, -0.0199996, -0.0202857, 0.0188155, 0.999617, 0.00282289  
127, 4.70144, 13.8143, 180.115, 0.998028, 0.0597115, 0.0193383, -0.0593045, 0.998019, -0.020978, -0.0205526, 0.0197898, 0.999593, 0.00282538  
128, 4.68713, 13.81, 180.114, 0.998003, 0.0600053, 0.0197392, -0.0595893, 0.998001, -0.0210317, -0.0209618, 0.0198135, 0.999584, 0.00286588  
129, 4.7059, 13.7858, 180.125, 0.997993, 0.0601414, 0.0198255, -0.0597133, 0.997983, -0.021524, -0.02108, 0.0202969, 0.999572, 0.00298182  
130, 4.74169, 13.7892, 180.12, 0.998023, 0.0601319, 0.0183016, -0.0597365, 0.997984, -0.0214339, -0.0195535, 0.0202982, 0.999603, 0.00286006  
131, 4.7166, 13.7767, 180.137, 0.998058, 0.0592008, 0.0193577, -0.0587852, 0.998042, -0.0213754, -0.0205853, 0.0201959, 0.999584, 0.00279321  
132, 4.74386, 13.8237, 180.123, 0.998016, 0.0600551, 0.0188824, -0.0596542, 0.997996, -0.021124, -0.0201131, 0.0199557, 0.999599, 0.00279709  
133, 4.73153, 13.8057, 180.104, 0.998026, 0.0599671, 0.0186802, -0.0595582, 0.997988, -0.0217298, -0.0199457, 0.0205744, 0.999589, 0.00280181  
134, 4.71457, 13.7813, 180.118, 0.997998, 0.0603509, 0.0189322, -0.059942, 0.997971, -0.0214685, -0.0201895, 0.0202907, 0.99959, 0.00298349  
135, 4.75639, 13.8029, 180.13, 0.998029, 0.0598037, 0.0190407, -0.0593942, 0.998005, -0.0213949, -0.0202822, 0.0202219, 0.99959, 0.00291165  
136, 4.72918, 13.7997, 180.113, 0.998008, 0.0602172, 0.01881, -0.0598225, 0.997991, -0.0208838, -0.0200298, 0.0197169, 0.999605, 0.00285423  
137, 4.72689, 13.82, 180.099, 0.998013, 0.0601259, 0.0188491, -0.0597177, 0.997983, -0.0215216, -0.0201051, 0.0203532, 0.999591, 0.00288641  
138, 4.7327, 13.7892, 180.114, 0.998027, 0.0597788, 0.0191898, -0.05935, 0.997991, -0.0221866, -0.0204775, 0.0210039, 0.99957, 0.00290555  
139, 4.71546, 13.8025, 180.114, 0.998033, 0.0599061, 0.018467, -0.0595065, 0.997997, -0.0214753, -0.0197165, 0.0203342, 0.999599, 0.00294105  
140, 4.72922, 13.7948, 180.117, 0.998033, 0.0597264, 0.0190512, -0.0593104, 0.998004, -0.0216985, -0.0203091, 0.0205259, 0.999583, 0.00294327  
141, 4.73557, 13.807, 180.125, 0.998027, 0.0597597, 0.0192584, -0.0593464, 0.998009, -0.0213639, -0.0204968, 0.0201788, 0.999586, 0.00286727  
142, 4.74898, 13.7933, 180.113, 0.998038, 0.0597173, 0.0188229, -0.059319, 0.998017, -0.0210522, -0.0200427, 0.0198944, 0.999601, 0.00288946  
143, 4.72214, 13.8072, 180.12, 0.998018, 0.0599647, 0.0190848, -0.0595438, 0.997985, -0.0219073, -0.02036, 0.0207275, 0.999578, 0.00293051  
144, 4.72723, 13.7814, 180.115, 0.997985, 0.0603644, 0.0195373, -0.0599541, 0.997981, -0.0209494, -0.0207624, 0.0197358, 0.99959, 0.00296407  
145, 4.73889, 13.7712, 180.12, 0.998039, 0.0595068, 0.0194432, -0.0591048, 0.998039, -0.0206341, -0.0206329, 0.0194444, 0.999598, 0.00288308  
146, 4.73125, 13.8195, 180.108, 0.998043, 0.0597121, 0.0185827, -0.0593161, 0.998015, -0.0211766, -0.0198103, 0.0200329, 0.999603, 0.0028681  
147, 4.7167, 13.8358, 180.097, 0.997988, 0.0605424, 0.0188134, -0.060143, 0.997966, -0.0211128, -0.0200534, 0.0199388, 0.9996, 0.00290638  
148, 4.7202, 13.7731, 180.123, 0.998041, 0.0598414, 0.0182523, -0.0594501, 0.998005, -0.0212766, -0.0194891, 0.0201498, 0.999607, 0.00299625  
149, 4.73212, 13.7856, 180.108, 0.997986, 0.0603712, 0.0194541, -0.0599587, 0.997977, -0.0211337, -0.0206906, 0.0199248, 0.999587, 0.00292774  
150, 4.71885, 13.8095, 180.108, 0.998007, 0.0603173, 0.0185693, -0.0599272, 0.997984, -0.0208926, -0.0197921, 0.0197382, 0.999609, 0.00298044  
151, 4.69408, 13.7645, 180.108, 0.99803, 0.0596633, 0.0193782, -0.0592661, 0.998032, -0.0204622, -0.0205609, 0.0192734, 0.999603, 0.00290388  
152, 4.7259, 13.801, 180.119, 0.997984, 0.0603541, 0.019644, -0.0599387, 0.997979, -0.0210908, -0.0208772, 0.0198708, 0.999585, 0.0030079  
153, 4.71468, 13.8257, 180.115, 0.997994, 0.0603612, 0.0190759, -0.0599497, 0.997971, -0.0214509, -0.020332, 0.0202643, 0.999588, 0.00295298  
154, 4.71721, 13.7997, 180.108, 0.998015, 0.0600621, 0.0189631, -0.0596578, 0.997994, -0.0212089, -0.0201989, 0.0200355, 0.999595, 0.0030115  
155, 4.71692, 13.8132, 180.097, 0.998005, 0.0601559, 0.019156, -0.0597527, 0.997993, -0.0209672, -0.0203788, 0.0197808, 0.999597, 0.00287032  
156, 4.71271, 13.8134, 180.117, 0.998044, 0.0594856, 0.0192001, -0.0590879, 0.998039, -0.0206555, -0.0203911, 0.0194806, 0.999602, 0.00292912  
157, 4.71512, 13.8283, 180.11, 0.99805, 0.0593876, 0.0191966, -0.0589736, 0.998029, -0.0214558, -0.020433, 0.0202818, 0.999585, 0.00293079  
158, 4.74615, 13.84, 180.108, 0.998044, 0.0596746, 0.0186549, -0.059279, 0.998019, -0.0210846, -0.0198761, 0.0199375, 0.999604, 0.00300318  
159, 4.74114, 13.8324, 180.128, 0.998022, 0.0599131, 0.0190328, -0.0594995, 0.997995, -0.0215983, -0.0202887, 0.0204232, 0.999586, 0.00303952  
160, 4.70806, 13.8184, 180.107, 0.998014, 0.0600158, 0.0191432, -0.0596098, 0.997998, -0.0211173, -0.0203722, 0.0199343, 0.999594, 0.00313605  
161, 4.72997, 13.7919, 180.147, 0.998044, 0.0595454, 0.0190187, -0.0591396, 0.998024, -0.0212337, -0.0202455, 0.0200675, 0.999594, 0.0029086  
162, 4.73744, 13.8085, 180.129, 0.998054, 0.0595611, 0.0184467, -0.0591553, 0.99801, -0.0218145, -0.0197093, 0.0206808, 0.999592, 0.00285922  
163, 4.68787, 13.788, 180.098, 0.998014, 0.0599067, 0.0194628, -0.0594808, 0.997992, -0.0217735, -0.0207281, 0.0205726, 0.999573, 0.00294382  
164, 4.72673, 13.8158, 180.115, 0.998018, 0.0600073, 0.0189421, -0.0596036, 0.997997, -0.0212029, -0.0201765, 0.0200318, 0.999596, 0.00286338  
165, 4.72218, 13.8064, 180.117, 0.998041, 0.0596757, 0.0187985, -0.0592711, 0.998013, -0.0213924, -0.0200377, 0.0202363, 0.999594, 0.00276325  
166, 4.75904, 13.8302, 180.118, 0.99804, 0.0595866, 0.0191173, -0.059171, 0.998014, -0.0216134, -0.0203671, 0.0204398, 0.999584, 0.00284757  
167, 4.73906, 13.8364, 180.14, 0.998037, 0.059787, 0.0186389, -0.0593868, 0.998007, -0.0213369, -0.0198774, 0.0201881, 0.999599, 0.00296241  
168, 4.72468, 13.8353, 180.097, 0.998017, 0.0600763, 0.018805, -0.0596736, 0.997991, -0.0212881, -0.0200461, 0.0201237, 0.999597, 0.00288807  
169, 4.72664, 13.8273, 180.104, 0.998015, 0.060058, 0.0189422, -0.059649, 0.997989, -0.0214633, -0.0201931, 0.0202908, 0.99959, 0.00295325  
170, 4.71073, 13.8118, 180.122, 0.998016, 0.0599596, 0.0192152, -0.0595494, 0.997999, -0.0212524, -0.020451, 0.020066, 0.999589, 0.00292358  
171, 4.72499, 13.8189, 180.115, 0.998051, 0.0597342, 0.0180449, -0.0593408, 0.998004, -0.0216031, -0.0192993, 0.0204902, 0.999604, 0.00299042  
172, 4.71348, 13.8059, 180.093, 0.998006, 0.0600873, 0.0193352, -0.0596806, 0.997997, -0.0209674, -0.0205563, 0.0197716, 0.999593, 0.00294993  
173, 4.73472, 13.8331, 180.119, 0.998053, 0.059597, 0.0183937, -0.0591998, 0.998016, -0.0214336, -0.0196345, 0.020303, 0.999601, 0.00285257  
174, 4.72747, 13.8165, 180.142, 0.99803, 0.0598417, 0.0188388, -0.0594367, 0.998003, -0.0213741, -0.0200802, 0.0202123, 0.999594, 0.00290083  
175, 4.69537, 13.8255, 180.089, 0.99804, 0.0598655, 0.0182055, -0.0594668, 0.997994, -0.0217033, -0.0194682, 0.0205781, 0.999599, 0.00293911  
176, 4.7545, 13.812, 180.125, 0.998018, 0.0599599, 0.0191046, -0.0595599, 0.998007, -0.0208632, -0.0203175, 0.019684, 0.9996, 0.00293606  
177, 4.72261, 13.8242, 180.115, 0.998006, 0.0601408, 0.0191649, -0.0597306, 0.997987, -0.0213056, -0.0204077, 0.0201184, 0.999589, 0.00298515  
178, 4.74968, 13.7945, 180.113, 0.998031, 0.0598823, 0.0186346, -0.0594791, 0.997998, -0.021487, -0.019884, 0.0203363, 0.999595, 0.00298266  
179, 4.74561, 13.8065, 180.127, 0.998026, 0.0597911, 0.0192375, -0.0593685, 0.997997, -0.0218354, -0.0205045, 0.0206502, 0.999576, 0.00293079  
180, 4.73392, 13.8326, 180.104, 0.998022, 0.060031, 0.0186442, -0.0596348, 0.997997, -0.0211247, -0.019875, 0.019971, 0.999603, 0.00290111  
181, 4.73976, 13.8034, 180.097, 0.998025, 0.0599601, 0.0187138, -0.0595608, 0.997999, -0.0212092, -0.0199481, 0.0200527, 0.9996, 0.00296574  
182, 4.74153, 13.8047, 180.122, 0.998033, 0.0597781, 0.0188669, -0.0593616, 0.997996, -0.0219134, -0.020139, 0.0207503, 0.999582, 0.00292219  
183, 4.75245, 13.817, 180.125, 0.998035, 0.0600592, 0.0178829, -0.059678, 0.997994, -0.0211388, -0.0191166, 0.02003, 0.999617, 0.00286727  
184, 4.74007, 13.7864, 180.135, 0.998016, 0.0600118, 0.0190651, -0.0595996, 0.997991, -0.0215004, -0.020317, 0.0203215, 0.999587, 0.00294466  
185, 4.68767, 13.7941, 180.097, 0.998019, 0.0600783, 0.0186535, -0.0596735, 0.997985, -0.0215441, -0.0199103, 0.0203884, 0.999594, 0.00288557  
186, 4.72735, 13.8023, 180.119, 0.998006, 0.0604631, 0.0181409, -0.0600633, 0.997956, -0.0218332, -0.0194239, 0.0207001, 0.999597, 0.00283592  
187, 4.73247, 13.789, 180.113, 0.998005, 0.0601387, 0.0192078, -0.0597204, 0.99798, -0.0216547, -0.0204713, 0.0204644, 0.999581, 0.00277074  
188, 4.75764, 13.7961, 180.121, 0.998065, 0.059482, 0.0181058, -0.0590893, 0.998021, -0.0215002, -0.0193488, 0.0203887, 0.999605, 0.00300429  
189, 4.73497, 13.8188, 180.109, 0.998006, 0.0602327, 0.0188702, -0.0598285, 0.997981, -0.0213019, -0.0201152, 0.0201304, 0.999595, 0.00305256  
190, 4.74991, 13.8205, 180.098, 0.998013, 0.0603757, 0.0180373, -0.0599773, 0.99796, -0.0218669, -0.0193207, 0.0207416, 0.999598, 0.00303758  
191, 4.73581, 13.8081, 180.102, 0.998032, 0.059842, 0.0187403, -0.0594332, 0.997997, -0.0216606, -0.019999, 0.0205042, 0.99959, 0.00278017  
192, 4.72183, 13.7906, 180.115, 0.998019, 0.059991, 0.0189512, -0.0595759, 0.997987, -0.0217599, -0.0202184, 0.0205878, 0.999584, 0.00290887  
193, 4.73782, 13.7738, 180.113, 0.998031, 0.0597727, 0.0189867, -0.0593692, 0.998012, -0.0211465, -0.0202129, 0.0199776, 0.999596, 0.00286865  
194, 4.71745, 13.8111, 180.101, 0.998035, 0.0597358, 0.0188937, -0.0593158, 0.997995, -0.0220597, -0.0201736, 0.0208956, 0.999578, 0.00287753  
195, 4.74261, 13.7916, 180.104, 0.998005, 0.0600349, 0.0195595, -0.0596216, 0.997999, -0.0210679, -0.0207851, 0.0198597, 0.999587, 0.00308917  
196, 4.72946, 13.7813, 180.132, 0.998041, 0.0596863, 0.0187436, -0.0592815, 0.998011, -0.0214583, -0.019987, 0.0203051, 0.999594, 0.00282261  
197, 4.72415, 13.7889, 180.125, 0.998029, 0.0598362, 0.0188898, -0.059429, 0.998003, -0.0214246, -0.020134, 0.0202597, 0.999592, 0.00302731  
198, 4.72937, 13.779, 180.11, 0.998035, 0.0597358, 0.018903, -0.0593379, 0.998018, -0.0209561, -0.0201174, 0.0197932, 0.999602, 0.00301677  
199, 4.73867, 13.7848, 180.123, 0.998036, 0.0597901, 0.0187047, -0.059386, 0.998004, -0.0214597, -0.0199504, 0.0203068, 0.999595, 0.00305505  
200, 4.705, 13.8161, 180.121, 0.998007, 0.0601497, 0.0190684, -0.0597397, 0.997985, -0.0213915, -0.0203166, 0.0202097, 0.999589, 0.00290111  
201, 4.7285, 13.7869, 180.128, 0.998043, 0.0596347, 0.0187953, -0.0592425, 0.998027, -0.0207777, -0.0199973, 0.0196236, 0.999607, 0.00281457  
202, 4.72991, 13.8005, 180.1, 0.998007, 0.0602254, 0.0188172, -0.0598145, 0.997974, -0.021686, -0.0200852, 0.0205173, 0.999588, 0.00299542  
203, 4.73351, 13.7997, 180.108, 0.998036, 0.0597944, 0.018652, -0.0593978, 0.998011, -0.0211365, -0.0198787, 0.0199871, 0.999603, 0.00288003  
204, 4.71461, 13.7917, 180.115, 0.998034, 0.0598608, 0.0185765, -0.0594476, 0.997988, -0.0220499, -0.0198591, 0.0209022, 0.999584, 0.003128  
205, 4.72537, 13.7971, 180.103, 0.998044, 0.0595507, 0.0190394, -0.0591454, 0.998025, -0.0211831, -0.0202633, 0.0200156, 0.999594, 0.00281595  
206, 4.73208, 13.8247, 180.103, 0.998029, 0.059971, 0.0184701, -0.0595667, 0.997988, -0.0217116, -0.019735, 0.0205686, 0.999594, 0.00279127  
207, 4.72102, 13.7943, 180.103, 0.998063, 0.0592989, 0.0187875, -0.0588923, 0.998033, -0.0215008, -0.0200255, 0.0203527, 0.999592, 0.00299708  
208, 4.71882, 13.826, 180.089, 0.998007, 0.0602761, 0.0186812, -0.0598812, 0.997984, -0.0210252, -0.0199109, 0.0198647, 0.999604, 0.00279237  
209, 4.74223, 13.7963, 180.106, 0.998006, 0.0603745, 0.0184264, -0.0599751, 0.997968, -0.0215091, -0.0196875, 0.0203611, 0.999599, 0.00288835  
210, 4.74485, 13.8171, 180.119, 0.998024, 0.0601043, 0.0182935, -0.0597021, 0.997978, -0.0217908, -0.0195662, 0.0206556, 0.999595, 0.00288557  
211, 4.72149, 13.7907, 180.089, 0.99802, 0.060263, 0.018036, -0.0598488, 0.99795, -0.0226812, -0.0193659, 0.0215568, 0.99958, 0.00279071  
212, 4.72913, 13.7962, 180.122, 0.998027, 0.0600073, 0.0184783, -0.0595956, 0.997978, -0.0220801, -0.0197659, 0.0209353, 0.999585, 0.00274966  
213, 4.71625, 13.8049, 180.111, 0.998023, 0.0601749, 0.0181422, -0.0597702, 0.997968, -0.0220791, -0.0194339, 0.0209511, 0.999592, 0.00295048  
214, 4.70399, 13.8168, 180.087, 0.998019, 0.0603402, 0.0178057, -0.0599432, 0.997958, -0.0220424, -0.0190994, 0.0209314, 0.999598, 0.00294798  
215, 4.69389, 13.7964, 180.083, 0.998028, 0.0600007, 0.0184327, -0.0596131, 0.998003, -0.0209048, -0.0196502, 0.0197647, 0.999612, 0.00291747  
216, 4.73255, 13.8297, 180.116, 0.998042, 0.0598692, 0.0180868, -0.059477, 0.997998, -0.0214954, -0.0193376, 0.0203775, 0.999605, 0.0028154  
217, 4.73819, 13.8194, 180.115, 0.99804, 0.0597484, 0.0186147, -0.0593404, 0.998001, -0.0217474, -0.0198769, 0.0206002, 0.99959, 0.00293939  
218, 4.70734, 13.8136, 180.094, 0.998015, 0.0602722, 0.0182608, -0.0598641, 0.997961, -0.022124, -0.019557, 0.0209869, 0.999588, 0.00293744  
219, 4.75569, 13.8109, 180.107, 0.998046, 0.0597081, 0.0183907, -0.059297, 0.997995, -0.0221399, -0.0196758, 0.0210062, 0.999586, 0.00296463  
220, 4.71045, 13.8113, 180.098, 0.998037, 0.0598035, 0.0185663, -0.059392, 0.997993, -0.0219788, -0.0198435, 0.020833, 0.999586, 0.00308362  
221, 4.72052, 13.8191, 180.113, 0.998012, 0.0600934, 0.0190216, -0.0596742, 0.997978, -0.0218918, -0.0202987, 0.0207132, 0.999579, 0.00279487  
222, 4.71685, 13.8209, 180.113, 0.997995, 0.0603213, 0.0191835, -0.0599117, 0.997977, -0.0212535, -0.0204268, 0.0200615, 0.99959, 0.00292302  
223, 4.73173, 13.8222, 180.116, 0.998026, 0.0600091, 0.018524, -0.0595933, 0.997975, -0.0222361, -0.0198209, 0.0210883, 0.999581, 0.00273551  
224, 4.71346, 13.8006, 180.12, 0.998001, 0.0602613, 0.0190304, -0.0598546, 0.997981, -0.021259, -0.020273, 0.0200775, 0.999593, 0.00264675  
225, 4.72596, 13.7976, 180.124, 0.998066, 0.0595155, 0.017948, -0.0591243, 0.998017, -0.0215921, -0.0191975, 0.0204892, 0.999606, 0.00286505  
226, 4.70459, 13.7924, 180.113, 0.998023, 0.0600282, 0.0186455, -0.0596178, 0.997982, -0.0218398, -0.0199189, 0.020685, 0.999588, 0.00284203  
227, 4.72285, 13.8238, 180.12, 0.998011, 0.0602267, 0.0185992, -0.0598411, 0.997995, -0.0206369, -0.0198048, 0.0194828, 0.999614, 0.0028681  
228, 4.70702, 13.8215, 180.115, 0.99803, 0.0599762, 0.0184103, -0.0595622, 0.997976, -0.0222659, -0.0197085, 0.0211255, 0.999583, 0.00285811  
229, 4.72605, 13.8194, 180.119, 0.998008, 0.0602277, 0.0187981, -0.0598248, 0.997981, -0.0213073, -0.0200434, 0.0201403, 0.999596, 0.00305755  
230, 4.73434, 13.8204, 180.099, 0.998, 0.0603227, 0.0189066, -0.0599146, 0.997973, -0.0214575, -0.0201626, 0.0202818, 0.999591, 0.00355988  
231, 4.68855, 13.8059, 180.094, 0.998027, 0.060046, 0.0183279, -0.0596445, 0.997983, -0.0217165, -0.0195949, 0.0205805, 0.999596, 0.00283925  
232, 4.72083, 13.8161, 180.102, 0.998041, 0.059858, 0.0182228, -0.05947, 0.998006, -0.0211338, -0.0194515, 0.0200087, 0.999611, 0.00296768  
233, 4.69322, 13.7902, 180.115, 0.998003, 0.060149, 0.0193112, -0.0597475, 0.997998, -0.0207336, -0.0205196, 0.0195384, 0.999599, 0.00291941  
234, 4.73412, 13.8207, 180.118, 0.998022, 0.0599236, 0.0190245, -0.0595292, 0.998013, -0.0206585, -0.0202246, 0.0194851, 0.999606, 0.00295409  
235, 4.71509, 13.8048, 180.114, 0.998042, 0.0596087, 0.0189605, -0.0591996, 0.998016, -0.021452, -0.0202016, 0.0202876, 0.99959, 0.00298432  
236, 4.71529, 13.8094, 180.122, 0.997996, 0.0602779, 0.0192353, -0.0598724, 0.997985, -0.0210022, -0.0204625, 0.0198085, 0.999594, 0.00287004  
237, 4.71559, 13.7775, 180.114, 0.998022, 0.0601625, 0.0182302, -0.0597631, 0.997976, -0.0217157, -0.0194998, 0.0205833, 0.999598, 0.00277102  
238, 4.70446, 13.8152, 180.117, 0.997986, 0.0605176, 0.0189943, -0.0600956, 0.997949, -0.0220542, -0.02029, 0.0208683, 0.999576, 0.00288835  
239, 4.73427, 13.7899, 180.113, 0.998008, 0.0600024, 0.0194768, -0.0595821, 0.997992, -0.0214866, -0.0207269, 0.0202833, 0.999579, 0.00301677  
240, 4.71974, 13.7882, 180.117, 0.998001, 0.0603188, 0.0188489, -0.059893, 0.997954, -0.0223936, -0.0201611, 0.0212199, 0.999572, 0.00300984  
241, 4.70829, 13.8053, 180.123, 0.998026, 0.0598325, 0.0190683, -0.0594259, 0.998007, -0.0212212, -0.0203, 0.0200461, 0.999593, 0.00281595  
242, 4.71657, 13.8048, 180.117, 0.998016, 0.0600397, 0.0189643, -0.0596189, 0.997978, -0.0220252, -0.0202484, 0.0208508, 0.999578, 0.0029147  
243, 4.70949, 13.8145, 180.097, 0.998043, 0.0598428, 0.0181239, -0.0594457, 0.997995, -0.0217078, -0.0193866, 0.0205879, 0.9996, 0.00292025  
244, 4.72862, 13.7821, 180.132, 0.998032, 0.0596919, 0.0191896, -0.0592944, 0.998027, -0.0206538, -0.0203846, 0.0194754, 0.999603, 0.00301289  
245, 4.7177, 13.7875, 180.117, 0.998016, 0.0602869, 0.0181328, -0.0598905, 0.99797, -0.0216631, -0.0194019, 0.0205341, 0.999601, 0.00299153  
246, 4.68502, 13.784, 180.106, 0.998013, 0.0600427, 0.0190965, -0.0596338, 0.997993, -0.0213082, -0.0203376, 0.0201271, 0.999591, 0.00290721  
247, 4.72054, 13.7991, 180.112, 0.997992, 0.0604464, 0.018907, -0.0600363, 0.997963, -0.0215586, -0.0201716, 0.0203802, 0.999589, 0.00284508  
248, 4.71115, 13.7995, 180.111, 0.998059, 0.0596381, 0.0179341, -0.0592461, 0.998009, -0.0216468, -0.0191893, 0.0205423, 0.999605, 0.00292441  
249, 4.71542, 13.7771, 180.118, 0.99804, 0.059785, 0.0185055, -0.0593727, 0.997992, -0.02208, -0.0197884, 0.020938, 0.999585, 0.00299458  
250, 4.72031, 13.8095, 180.119, 0.998054, 0.0596564, 0.0181584, -0.0592724, 0.998021, -0.0209985, -0.0193751, 0.0198814, 0.999615, 0.00300596  
251, 4.71887, 13.7986, 180.117, 0.998025, 0.0599278, 0.0188369, -0.0595366, 0.998012, -0.0206845, -0.020039, 0.0195222, 0.999609, 0.00282178  
252, 4.76326, 13.7885, 180.098, 0.998017, 0.0599493, 0.0191869, -0.0595531, 0.998013, -0.0205945, -0.0203834, 0.019411, 0.999604, 0.00293994  
253, 4.81192, 13.715, 180.141, 0.998013, 0.0600592, 0.0190556, -0.0596557, 0.997996, -0.0210805, -0.0202835, 0.0199018, 0.999596, 0.00297239  
254, 4.80804, 13.7131, 180.115, 0.997978, 0.0603786, 0.0198699, -0.0599719, 0.99799, -0.0204651, -0.0210656, 0.0192321, 0.999593, 0.0030717  
255, 4.82679, 13.6996, 180.117, 0.998007, 0.0600419, 0.0193909, -0.0596392, 0.998005, -0.0207184, -0.0205962, 0.0195206, 0.999597, 0.00281373  
256, 4.5854, 13.9293, 180.068, 0.99807, 0.0588335, 0.0198924, -0.0584296, 0.998085, -0.0203099, -0.0210492, 0.0191084, 0.999596, 0.00282732  
257, 4.58437, 13.9226, 180.05, 0.998079, 0.0584446, 0.0205598, -0.0580163, 0.998098, -0.0208469, -0.021739, 0.019614, 0.999571, 0.00273967  
258, 4.55979, 13.9031, 180.07, 0.998088, 0.0583065, 0.020502, -0.0578725, 0.9981, -0.0211608, -0.0216969, 0.0199338, 0.999566, 0.00277601  
259, 4.58241, 13.9019, 180.066, 0.998053, 0.0589063, 0.0204825, -0.0584848, 0.998076, -0.0206054, -0.0216569, 0.0193674, 0.999578, 0.0026817  
260, 4.58005, 13.9266, 180.067, 0.998085, 0.0584771, 0.0201901, -0.058071, 0.998109, -0.0201471, -0.02133, 0.018936, 0.999593, 0.00259128  
261, 4.57422, 13.9537, 180.064, 0.998106, 0.0580409, 0.0204094, -0.0576187, 0.998124, -0.0206997, -0.0215726, 0.0194846, 0.999577, 0.00275881  
262, 4.55039, 13.9339, 180.067, 0.998067, 0.0592023, 0.0188801, -0.058803, 0.998048, -0.0210489, -0.0200894, 0.019898, 0.9996, 0.00275604  
263, 4.57605, 13.93, 180.049, 0.998077, 0.0585969, 0.0202193, -0.0581833, 0.998096, -0.0204747, -0.0213806, 0.0192589, 0.999586, 0.00294105  
264, 4.5901, 13.931, 180.052, 0.998039, 0.0591289, 0.0205319, -0.0587104, 0.998066, -0.0204202, -0.0216996, 0.0191748, 0.999581, 0.00291331  
265, 4.56438, 13.9398, 180.065, 0.998086, 0.0585538, 0.0198778, -0.0581394, 0.998091, -0.0208191, -0.0210589, 0.0196236, 0.999586, 0.00297378  
266, 4.60495, 13.9419, 180.078, 0.998065, 0.0588938, 0.0199677, -0.0584987, 0.998091, -0.0198249, -0.0210971, 0.0186185, 0.999604, 0.00279848  
267, 4.5531, 13.9595, 180.057, 0.998082, 0.0586281, 0.0198757, -0.0581958, 0.99807, -0.02167, -0.0211078, 0.0204718, 0.999568, 0.00281235  
268, 4.59395, 13.9232, 180.077, 0.998115, 0.0583531, 0.0190012, -0.0579649, 0.998111, -0.0203788, -0.0201545, 0.019239, 0.999612, 0.0028473  
269, 4.56885, 13.9225, 180.083, 0.998079, 0.0586262, 0.0200344, -0.0581979, 0.998077, -0.0213314, -0.0212465, 0.0201244, 0.999572, 0.00270139  
270, 4.5936, 13.9296, 180.059, 0.998049, 0.0591218, 0.0200925, -0.0587171, 0.998071, -0.0201666, -0.0212461, 0.0189475, 0.999595, 0.00277324  
271, 4.56612, 13.9432, 180.073, 0.998087, 0.0585017, 0.0199821, -0.0580811, 0.99809, -0.0210226, -0.0211738, 0.0198218, 0.999579, 0.00287198  
272, 4.56274, 13.9245, 180.059, 0.998102, 0.0582972, 0.0198406, -0.0578831, 0.998106, -0.0208385, -0.0210179, 0.0196505, 0.999586, 0.00274411  
273, 4.60585, 13.921, 180.079, 0.998085, 0.0586679, 0.0195959, -0.0582515, 0.998077, -0.0211815, -0.0208008, 0.0199994, 0.999584, 0.00287642  
274, 4.53912, 13.9471, 180.048, 0.998073, 0.0586502, 0.0202626, -0.0582173, 0.998076, -0.0213298, -0.0214746, 0.0201091, 0.999567, 0.00293578  
275, 4.56926, 13.9203, 180.062, 0.998096, 0.0585897, 0.0193018, -0.0581608, 0.998063, -0.0220808, -0.0205581, 0.0209161, 0.99957, 0.00286588  
276, 4.63105, 13.9424, 180.09, 0.998063, 0.0587456, 0.0204663, -0.0583206, 0.998082, -0.0207786, -0.0216477, 0.0195448, 0.999575, 0.00280319  
277, 4.62421, 13.9498, 180.071, 0.998142, 0.0577655, 0.0193744, -0.0573472, 0.998123, -0.0214939, -0.0205797, 0.0203429, 0.999581, 0.00281845  
278, 4.5793, 13.9276, 180.078, 0.998074, 0.0587402, 0.0199677, -0.0583183, 0.998075, -0.0210906, -0.0211681, 0.0198855, 0.999578, 0.00281318  
279, 4.59649, 13.9195, 180.079, 0.998054, 0.0589253, 0.0203861, -0.0584908, 0.998061, -0.0212908, -0.0216012, 0.020057, 0.999565, 0.0028914  
280, 4.59051, 13.9369, 180.07, 0.998101, 0.0585422, 0.0191782, -0.0581308, 0.998081, -0.0213526, -0.0203914, 0.0201972, 0.999588, 0.00286116  
281, 4.59636, 13.9175, 180.071, 0.998112, 0.0580859, 0.0199778, -0.0576749, 0.998124, -0.0205679, -0.021135, 0.0193768, 0.999589, 0.00307641  
