0, 0, 0, 0, 0, 0, 0, 0, 0, 0, 0, 0, 0, 0.00623853  
1, 0, 0, 0, 0, 0, 0, 0, 0, 0, 0, 0, 0, 0.00271748  
2, 19.6966, 0.714779, 179.909, 0.999899, 0.0141037, 0.00196345, -0.0140793, 0.99983, -0.0119069, -0.00213105, 0.0118781, 0.999927, 0.00263898  
3, 19.7281, 0.69119, 179.919, 0.999899, 0.0141241, 0.00177994, -0.0141035, 0.999839, -0.0110897, -0.00193629, 0.0110635, 0.999937, 0.00299458  
4, 19.7412, 0.682118, 179.92, 0.999912, 0.0131435, 0.00191982, -0.0131198, 0.999844, -0.0118432, -0.00207518, 0.011817, 0.999928, 0.00298044  
5, 19.7312, 0.632948, 179.923, 0.999913, 0.0129554, 0.00243365, -0.0129252, 0.999844, -0.0120449, -0.00258932, 0.0120124, 0.999924, 0.00292829  
6, 19.7242, 0.664834, 179.887, 0.999898, 0.0140755, 0.00246806, -0.0140456, 0.999832, -0.0117499, -0.00263303, 0.011714, 0.999928, 0.00299458  
7, 19.764, 0.612668, 179.965, 0.999911, 0.0130932, 0.00237273, -0.0130657, 0.999851, -0.01126, -0.00251981, 0.011228, 0.999934, 0.00301511  
8, 19.7296, 0.596316, 179.948, 0.999914, 0.0129671, 0.00211146, -0.0129415, 0.999848, -0.0117219, -0.00226314, 0.0116936, 0.999929, 0.00300346  
9, 19.7495, 0.59296, 179.949, 0.9999, 0.0137611, 0.00316785, -0.0137217, 0.999832, -0.0121193, -0.00333409, 0.0120746, 0.999922, 0.00284092  
10, 19.7407, 0.594027, 179.927, 0.999905, 0.0136853, 0.00189524, -0.0136609, 0.999831, -0.0123373, -0.00206376, 0.0123103, 0.999922, 0.00292163  
11, 19.7597, 0.576237, 179.941, 0.999907, 0.0135292, 0.00156291, -0.0135079, 0.999826, -0.0129016, -0.00173718, 0.0128793, 0.999916, 0.00301566  
12, 19.7234, 0.599442, 179.901, 0.999901, 0.0140009, 0.0011172, -0.0139864, 0.999829, -0.0120737, -0.00128605, 0.0120568, 0.999926, 0.00283676  
13, 19.7269, 0.584267, 179.913, 0.999897, 0.0142854, 0.00150666, -0.0142658, 0.999823, -0.012304, -0.00168216, 0.0122813, 0.999923, 0.00292413  
14, 19.7554, 0.618886, 179.893, 0.9999, 0.0141549, 0.000785313, -0.0141443, 0.999825, -0.0122175, -0.000958114, 0.0122052, 0.999925, 0.00284508  
15, 19.7101, 0.601482, 179.887, 0.999907, 0.013514, 0.00165325, -0.0134934, 0.999838, -0.0118759, -0.00181348, 0.0118525, 0.999928, 0.00292413  
16, 19.7312, 0.569621, 179.928, 0.999915, 0.012902, 0.00159224, -0.012882, 0.999845, -0.0120304, -0.00174721, 0.0120089, 0.999926, 0.00299431  
17, 19.7355, 0.574439, 179.912, 0.999914, 0.0129529, 0.00227257, -0.0129254, 0.999848, -0.0117295, -0.00242416, 0.0116991, 0.999929, 0.00314104  
18, 19.7494, 0.590578, 179.911, 0.999909, 0.0134083, 0.00166638, -0.0133855, 0.999826, -0.0130224, -0.0018407, 0.0129989, 0.999914, 0.00312162  
19, 19.726, 0.589666, 179.921, 0.999907, 0.0134871, 0.00195123, -0.0134638, 0.999843, -0.0115217, -0.00210632, 0.0114943, 0.999932, 0.00285784  
20, 19.733, 0.617259, 179.907, 0.99991, 0.013285, 0.00158837, -0.013265, 0.99984, -0.0119643, -0.00174706, 0.0119421, 0.999927, 0.00270888  
21, 19.7384, 0.591384, 179.932, 0.999905, 0.0136206, 0.00199718, -0.013597, 0.999843, -0.0113937, -0.00215206, 0.0113655, 0.999933, 0.00289722  
22, 19.713, 0.616293, 179.91, 0.999901, 0.0139833, 0.00163682, -0.0139636, 0.999837, -0.011481, -0.00179709, 0.0114571, 0.999933, 0.00317571  
23, 19.7383, 0.586919, 179.925, 0.999905, 0.0136767, 0.00198127, -0.0136515, 0.999832, -0.0122035, -0.00214785, 0.0121753, 0.999924, 0.00284424  
24, 19.7214, 0.639409, 179.923, 0.999899, 0.0141124, 0.00166381, -0.0140911, 0.999826, -0.0121867, -0.00183551, 0.012162, 0.999924, 0.00278072  
25, 19.7464, 0.665758, 179.928, 0.999903, 0.0139145, 0.00104888, -0.0139004, 0.999827, -0.0123878, -0.00122107, 0.012372, 0.999923, 0.00290804  
26, 19.7101, 0.651778, 179.92, 0.999911, 0.0132105, 0.00185843, -0.0131874, 0.999841, -0.0119746, -0.00201632, 0.0119491, 0.999927, 0.00288419  
27, 19.7192, 0.693167, 179.904, 0.999902, 0.013914, 0.00149345, -0.0138961, 0.999839, -0.0113958, -0.00165177, 0.011374, 0.999934, 0.00293134  
28, 19.7177, 0.673025, 179.921, 0.999907, 0.0133594, 0.00262856, -0.0133293, 0.999849, -0.0111345, -0.00277691, 0.0110984, 0.999935, 0.00314465  
29, 19.7172, 0.715961, 179.912, 0.9999, 0.013995, 0.0018651, -0.013974, 0.999844, -0.0108217, -0.00201626, 0.0107945, 0.99994, 0.00303259  
30, 19.7356, 0.755514, 179.92, 0.999902, 0.0137967, 0.00219873, -0.0137705, 0.999839, -0.0115233, -0.00235736, 0.0114919, 0.999931, 0.00285229  
31, 19.729, 0.739599, 179.907, 0.999904, 0.0135422, 0.00275749, -0.013513, 0.999855, -0.0103407, -0.00289713, 0.0103024, 0.999943, 0.00291858  
32, 19.7101, 0.769805, 179.907, 0.999897, 0.014189, 0.00197822, -0.014167, 0.999842, -0.0107429, -0.00213034, 0.0107138, 0.99994, 0.00298904  
33, 19.7205, 0.779661, 179.911, 0.999905, 0.0135954, 0.00212713, -0.0135717, 0.99985, -0.0107872, -0.00227347, 0.0107573, 0.99994, 0.00310165  
34, 19.7183, 0.749125, 179.943, 0.999909, 0.0133253, 0.00202361, -0.0133006, 0.999843, -0.0117499, -0.00217986, 0.0117219, 0.999929, 0.00282039  
35, 19.7399, 0.794807, 179.934, 0.999904, 0.0136965, 0.00200264, -0.0136741, 0.999848, -0.0108, -0.00215026, 0.0107716, 0.99994, 0.00275687  
36, 19.6761, 0.844102, 179.886, 0.999896, 0.0142908, 0.00176627, -0.0142727, 0.999849, -0.00988717, -0.0019073, 0.00986093, 0.99995, 0.00285562  
37, 19.6911, 0.83251, 179.9, 0.999899, 0.0141132, 0.00165563, -0.0140934, 0.999835, -0.0114407, -0.00181682, 0.0114162, 0.999933, 0.00313466  
38, 19.6817, 0.866905, 179.905, 0.999894, 0.0144867, 0.00148894, -0.0144695, 0.999835, -0.0109803, -0.00164777, 0.0109576, 0.999939, 0.00299237  
39, 19.7163, 0.814419, 179.928, 0.999898, 0.0140049, 0.0026242, -0.0139758, 0.999844, -0.0108231, -0.00277537, 0.0107853, 0.999938, 0.002857  
40, 19.6967, 0.846224, 179.927, 0.999896, 0.0141923, 0.00237225, -0.0141652, 0.999838, -0.0110794, -0.00252911, 0.0110446, 0.999936, 0.00282622  
41, 19.7017, 0.851314, 179.9, 0.999894, 0.014451, 0.00153442, -0.0144331, 0.999834, -0.0110969, -0.00169453, 0.0110736, 0.999937, 0.0029269  
42, 19.6813, 0.860236, 179.913, 0.999901, 0.0139183, 0.00227243, -0.0138922, 0.999841, -0.011142, -0.00242715, 0.0111093, 0.999935, 0.00300429  
43, 19.6999, 0.846721, 179.924, 0.999898, 0.0140953, 0.00207947, -0.0140716, 0.99984, -0.011031, -0.00223462, 0.0110006, 0.999937, 0.00293245  
44, 19.6947, 0.865349, 179.872, 0.999903, 0.0139284, 0.000365449, -0.0139229, 0.999828, -0.0122691, -0.000536275, 0.0122628, 0.999925, 0.00287614  
45, 19.6938, 0.881477, 179.88, 0.999895, 0.014392, 0.00170103, -0.0143719, 0.999833, -0.0112962, -0.00186332, 0.0112706, 0.999935, 0.00284646  
46, 19.6856, 0.881739, 179.909, 0.999894, 0.0145063, 0.0015349, -0.0144883, 0.999833, -0.0111359, -0.00169618, 0.0111125, 0.999937, 0.00287004  
47, 19.6968, 0.884483, 179.918, 0.999895, 0.0143577, 0.00173857, -0.0143365, 0.99983, -0.0116304, -0.00190526, 0.0116042, 0.999931, 0.00313327  
48, 19.6657, 0.853646, 179.902, 0.999899, 0.0140823, 0.00171323, -0.0140643, 0.99985, -0.0101039, -0.00185525, 0.0100788, 0.999947, 0.00307974  
49, 19.6971, 0.871406, 179.916, 0.999896, 0.01432, 0.00189622, -0.0142995, 0.999844, -0.0104025, -0.00204488, 0.0103743, 0.999944, 0.00282344  
50, 19.6997, 0.865363, 179.894, 0.999902, 0.0138631, 0.00204038, -0.0138406, 0.999847, -0.0106611, -0.00218786, 0.0106318, 0.999941, 0.00287198  
51, 19.7204, 0.854221, 179.922, 0.999895, 0.0144269, 0.00147724, -0.0144093, 0.999832, -0.0113405, -0.0016406, 0.011318, 0.999935, 0.00289584  
52, 19.7105, 0.830944, 179.937, 0.999904, 0.0137761, 0.00160636, -0.0137562, 0.999836, -0.0117919, -0.00176854, 0.0117687, 0.999929, 0.00299985  
53, 19.711, 0.841342, 179.91, 0.999898, 0.0141457, 0.0018256, -0.0141253, 0.999842, -0.0107761, -0.00197775, 0.0107492, 0.99994, 0.00300651  
54, 19.6943, 0.814443, 179.915, 0.999902, 0.0137375, 0.00253079, -0.0137117, 0.999857, -0.00991475, -0.00266663, 0.00987908, 0.999948, 0.00283315  
55, 19.7245, 0.800509, 179.919, 0.999905, 0.0136422, 0.00190142, -0.013619, 0.999839, -0.0117157, -0.00206094, 0.0116887, 0.99993, 0.00280292  
56, 19.7004, 0.802684, 179.899, 0.999893, 0.0145049, 0.00164447, -0.0144856, 0.999833, -0.0111784, -0.00180634, 0.0111534, 0.999936, 0.0029785  
57, 19.7304, 0.810291, 179.927, 0.9999, 0.0140744, 0.0011952, -0.0140606, 0.999842, -0.0108368, -0.00134754, 0.0108189, 0.999941, 0.00300346  
58, 19.7153, 0.76163, 179.933, 0.999906, 0.0135452, 0.00212512, -0.0135205, 0.999845, -0.011241, -0.00227705, 0.0112112, 0.999935, 0.00294798  
59, 19.713, 0.746597, 179.93, 0.999908, 0.0133511, 0.00242248, -0.0133238, 0.999852, -0.010923, -0.00256796, 0.0108898, 0.999937, 0.0029  
60, 19.7326, 0.782374, 179.921, 0.999885, 0.0149979, 0.00218828, -0.0149734, 0.99983, -0.0107844, -0.00234965, 0.0107504, 0.999939, 0.00286366  
61, 19.719, 0.721207, 179.927, 0.999897, 0.0141058, 0.00261386, -0.0140758, 0.999839, -0.0111512, -0.00277074, 0.0111133, 0.999934, 0.00285922  
62, 19.7245, 0.709935, 179.922, 0.999901, 0.0139065, 0.00230553, -0.0138803, 0.999843, -0.0109809, -0.00245787, 0.0109478, 0.999937, 0.00302066  
63, 19.7216, 0.723054, 179.909, 0.999898, 0.0141176, 0.00195947, -0.014094, 0.999834, -0.0115609, -0.00212235, 0.0115322, 0.999931, 0.00283481  
64, 19.7877, 0.664622, 179.944, 0.999898, 0.014117, 0.00235008, -0.0140856, 0.999818, -0.0128693, -0.00253133, 0.0128349, 0.999914, 0.00289722  
65, 19.7605, 0.635448, 179.971, 0.999906, 0.0135261, 0.00217009, -0.0134981, 0.999832, -0.0124293, -0.00233784, 0.0123988, 0.99992, 0.00290249  
66, 19.7357, 0.644151, 179.937, 0.999908, 0.0134377, 0.00207948, -0.0134119, 0.999839, -0.0119463, -0.00223968, 0.0119173, 0.999926, 0.00292302  
67, 19.751, 0.623358, 179.95, 0.999904, 0.0136139, 0.00262523, -0.0135825, 0.99984, -0.0116035, -0.00278278, 0.0115667, 0.999929, 0.00296934  
68, 19.7786, 0.627377, 179.979, 0.999909, 0.0133644, 0.00193039, -0.0133407, 0.999841, -0.0118159, -0.002088, 0.0117891, 0.999928, 0.0029502  
69, 19.7568, 0.654134, 179.936, 0.999901, 0.0139657, 0.00163262, -0.0139462, 0.999838, -0.0113993, -0.00179155, 0.0113754, 0.999934, 0.00278905  
70, 19.729, 0.625026, 179.922, 0.999892, 0.0146118, 0.00182931, -0.0145877, 0.999815, -0.0125606, -0.0020125, 0.0125325, 0.999919, 0.00287503  
71, 19.7423, 0.618947, 179.93, 0.999895, 0.0143801, 0.00196397, -0.0143575, 0.999836, -0.0110616, -0.00212272, 0.0110323, 0.999937, 0.0028889  
72, 19.7328, 0.613042, 179.93, 0.999905, 0.0136056, 0.00240527, -0.0135766, 0.99984, -0.0116683, -0.00256364, 0.0116345, 0.999929, 0.00300124  
73, 19.7365, 0.60929, 179.917, 0.999903, 0.0138646, 0.00160267, -0.0138449, 0.999835, -0.0117283, -0.00176501, 0.011705, 0.99993, 0.00293772  
74, 19.7477, 0.595264, 179.926, 0.999907, 0.0134374, 0.00242791, -0.0134093, 0.999847, -0.0112655, -0.00257892, 0.0112319, 0.999934, 0.00284119  
75, 19.7339, 0.584692, 179.937, 0.999903, 0.0136833, 0.00247365, -0.0136508, 0.999826, -0.0127058, -0.00264707, 0.0126708, 0.999916, 0.00289223  
76, 19.7421, 0.568288, 179.912, 0.999905, 0.0135552, 0.00259177, -0.0135247, 0.999843, -0.0114424, -0.00274647, 0.0114063, 0.999931, 0.00290721  
77, 19.7459, 0.624988, 179.897, 0.999902, 0.0138976, 0.00156151, -0.013879, 0.999839, -0.0113336, -0.00171877, 0.0113108, 0.999935, 0.0029122  
78, 19.7634, 0.591088, 179.96, 0.999905, 0.0136449, 0.00189302, -0.0136193, 0.999824, -0.0128929, -0.00206861, 0.0128659, 0.999915, 0.00289695  
79, 19.7597, 0.613128, 179.92, 0.999898, 0.0141759, 0.00190603, -0.0141511, 0.999822, -0.0124508, -0.00208219, 0.0124226, 0.999921, 0.00292191  
80, 19.749, 0.615317, 179.919, 0.9999, 0.0139964, 0.00179123, -0.0139733, 0.999827, -0.0122709, -0.00196267, 0.0122447, 0.999923, 0.00285562  
81, 19.7385, 0.588079, 179.941, 0.999908, 0.0132637, 0.00282799, -0.0132278, 0.999836, -0.0123492, -0.00299132, 0.0123107, 0.99992, 0.00282511  
82, 19.7509, 0.635224, 179.915, 0.999895, 0.0143959, 0.00169983, -0.0143744, 0.999824, -0.0120746, -0.00187335, 0.0120489, 0.999926, 0.00301372  
83, 19.7497, 0.640656, 179.929, 0.999903, 0.0137785, 0.00190144, -0.013756, 0.99984, -0.0113909, -0.00205809, 0.0113636, 0.999933, 0.00290416  
84, 19.7527, 0.670306, 179.913, 0.999908, 0.0135229, 0.000983548, -0.0135107, 0.999842, -0.0115234, -0.00113922, 0.011509, 0.999933, 0.00289861  
85, 19.7492, 0.660579, 179.949, 0.999896, 0.0142231, 0.00222328, -0.0141947, 0.999824, -0.0122836, -0.00239759, 0.0122508, 0.999922, 0.00286394  
86, 19.7587, 0.700853, 179.908, 0.999903, 0.0138689, 0.00144321, -0.0138509, 0.999834, -0.0117968, -0.00160658, 0.0117757, 0.999929, 0.0029061  
87, 19.7361, 0.71875, 179.92, 0.999899, 0.0141504, 0.00107937, -0.0141355, 0.999819, -0.012759, -0.00125972, 0.0127424, 0.999918, 0.00299874  
88, 19.7388, 0.701838, 179.923, 0.999906, 0.0135356, 0.00201303, -0.0135118, 0.999843, -0.0114331, -0.00216747, 0.0114048, 0.999933, 0.00291165  
89, 19.7281, 0.70064, 179.93, 0.999905, 0.0136045, 0.00220836, -0.0135774, 0.999838, -0.011837, -0.00236904, 0.0118059, 0.999928, 0.00293495  
90, 19.7108, 0.72793, 179.917, 0.999907, 0.0134811, 0.00205147, -0.0134571, 0.999845, -0.0113376, -0.002204, 0.0113089, 0.999934, 0.00288973  
91, 19.7258, 0.760803, 179.9, 0.999894, 0.01447, 0.00127951, -0.0144538, 0.999826, -0.0118199, -0.00145032, 0.0118002, 0.999929, 0.00289972  
92, 19.7171, 0.769289, 179.906, 0.999895, 0.0143276, 0.00198388, -0.0143059, 0.999842, -0.0105493, -0.00213471, 0.0105198, 0.999942, 0.00322176  
93, 19.722, 0.790933, 179.92, 0.999902, 0.013872, 0.00173235, -0.0138529, 0.999848, -0.0106248, -0.00187947, 0.0105998, 0.999942, 0.00315103  
94, 19.7114, 0.786421, 179.912, 0.999897, 0.0142594, 0.0018808, -0.0142381, 0.99984, -0.0108667, -0.00203545, 0.0108388, 0.999939, 0.00279931  
95, 19.7033, 0.76644, 179.918, 0.999902, 0.0138974, 0.00171499, -0.0138768, 0.999838, -0.0114729, -0.00187415, 0.0114479, 0.999933, 0.00291858  
96, 19.6911, 0.809307, 179.898, 0.999905, 0.0136279, 0.00216393, -0.0136048, 0.999854, -0.0103792, -0.00230506, 0.0103488, 0.999944, 0.00292302  
97, 19.6997, 0.788033, 179.918, 0.999897, 0.0141813, 0.00198153, -0.0141569, 0.99983, -0.0118255, -0.00214889, 0.0117962, 0.999928, 0.00292746  
98, 19.7314, 0.824833, 179.911, 0.999896, 0.0143561, 0.00101, -0.0143434, 0.999829, -0.0116344, -0.00117685, 0.0116187, 0.999932, 0.00296796  
99, 19.7045, 0.823579, 179.89, 0.999894, 0.0144455, 0.0020175, -0.0144232, 0.999839, -0.0106883, -0.00217158, 0.0106581, 0.999941, 0.00301677  
100, 19.7075, 0.799149, 179.915, 0.999904, 0.0136095, 0.00249067, -0.0135817, 0.999849, -0.0108645, -0.00263815, 0.0108297, 0.999938, 0.00289334  
101, 19.7116, 0.857776, 179.906, 0.999901, 0.013904, 0.0019986, -0.0138813, 0.999844, -0.0109588, -0.00215066, 0.01093, 0.999938, 0.0028803  
102, 19.728, 0.829759, 179.92, 0.999902, 0.0139011, 0.00173151, -0.0138801, 0.999836, -0.0116036, -0.00189253, 0.0115785, 0.999931, 0.0032065  
103, 19.6895, 0.828807, 179.888, 0.999895, 0.0144065, 0.00146429, -0.0143896, 0.999836, -0.0109785, -0.00162221, 0.0109562, 0.999939, 0.00299153  
104, 19.6957, 0.819462, 179.911, 0.999908, 0.0134751, 0.0017788, -0.0134554, 0.999853, -0.010654, -0.00192211, 0.0106291, 0.999942, 0.00299153  
105, 19.7129, 0.851176, 179.909, 0.999902, 0.0139675, 0.00100538, -0.0139553, 0.999839, -0.0113109, -0.0011632, 0.0112957, 0.999936, 0.00271332  
106, 19.6939, 0.832745, 179.904, 0.999901, 0.0139561, 0.0019043, -0.0139325, 0.999832, -0.011899, -0.00207004, 0.0118713, 0.999927, 0.00283232  
107, 19.6806, 0.851755, 179.908, 0.999896, 0.0143386, 0.00150247, -0.0143196, 0.999826, -0.0119946, -0.0016742, 0.0119718, 0.999927, 0.00292441  
108, 19.716, 0.872189, 179.905, 0.999913, 0.0131567, 0.000997779, -0.0131441, 0.999845, -0.0116991, -0.00115155, 0.0116849, 0.999931, 0.00318126  
109, 19.6936, 0.837094, 179.888, 0.999902, 0.0138771, 0.00179379, -0.013856, 0.99984, -0.0113001, -0.00195031, 0.0112741, 0.999935, 0.00295603  
110, 19.7111, 0.790124, 179.937, 0.999903, 0.0137461, 0.00202309, -0.013721, 0.999834, -0.011951, -0.00218703, 0.0119221, 0.999927, 0.00299874  
111, 19.6908, 0.8156, 179.903, 0.999898, 0.0141131, 0.00207335, -0.0140888, 0.999837, -0.011327, -0.00223287, 0.0112967, 0.999934, 0.00291581  
112, 19.7133, 0.82438, 179.904, 0.999894, 0.0144518, 0.00156828, -0.0144336, 0.999835, -0.0110639, -0.00172791, 0.0110401, 0.999938, 0.00321122  
113, 19.6965, 0.825317, 179.89, 0.999899, 0.0140616, 0.00199047, -0.0140386, 0.999839, -0.0111414, -0.00214682, 0.0111124, 0.999936, 0.00280014  
114, 19.7228, 0.806034, 179.908, 0.999893, 0.0145411, 0.00153515, -0.0145222, 0.999826, -0.011696, -0.00170496, 0.0116725, 0.99993, 0.0028043  
115, 19.7131, 0.812284, 179.907, 0.999894, 0.0144022, 0.00212761, -0.0143794, 0.999843, -0.0103778, -0.00227674, 0.0103461, 0.999944, 0.00294466  
116, 19.7053, 0.808237, 179.895, 0.999898, 0.0141609, 0.00191228, -0.0141394, 0.999841, -0.0108227, -0.00206523, 0.0107945, 0.99994, 0.00291498  
117, 19.7091, 0.749137, 179.943, 0.999913, 0.0130109, 0.00231766, -0.0129834, 0.99985, -0.0114956, -0.00246688, 0.0114645, 0.999931, 0.00324006  
118, 19.7096, 0.759546, 179.908, 0.999896, 0.0143022, 0.0017143, -0.014283, 0.999841, -0.0107018, -0.00186709, 0.0106762, 0.999941, 0.00296019  
119, 19.7159, 0.74937, 179.916, 0.999911, 0.0131028, 0.00264418, -0.0130738, 0.999857, -0.0107026, -0.00278403, 0.010667, 0.999939, 0.00284508  
120, 19.7007, 0.773187, 179.909, 0.999904, 0.013793, 0.00157858, -0.0137755, 0.999849, -0.0106098, -0.00172468, 0.010587, 0.999942, 0.00295825  
121, 19.7275, 0.720098, 179.925, 0.999904, 0.0137131, 0.00173221, -0.0136917, 0.999836, -0.0118286, -0.00189413, 0.0118037, 0.999929, 0.00292829  
122, 19.7199, 0.712321, 179.91, 0.999901, 0.0138855, 0.00204963, -0.0138614, 0.99984, -0.0113042, -0.00220626, 0.0112746, 0.999934, 0.00332467  
123, 19.7344, 0.718006, 179.899, 0.999893, 0.0144508, 0.00214741, -0.0144248, 0.999828, -0.0116637, -0.00231559, 0.0116315, 0.99993, 0.00301039  
124, 19.7439, 0.652802, 179.953, 0.99991, 0.0132984, 0.00183698, -0.0132746, 0.999835, -0.0124252, -0.00200192, 0.0123997, 0.999921, 0.00278849  
125, 19.7375, 0.679285, 179.902, 0.999901, 0.0139574, 0.00147972, -0.0139386, 0.99983, -0.0120485, -0.00164764, 0.0120267, 0.999926, 0.00278932  
126, 19.75, 0.644374, 179.949, 0.999905, 0.0135664, 0.0022524, -0.0135389, 0.999838, -0.0118204, -0.00241239, 0.0117888, 0.999928, 0.00290471  
127, 19.7525, 0.657237, 179.93, 0.999905, 0.0136142, 0.00200735, -0.0135905, 0.999843, -0.011387, -0.00216206, 0.0113587, 0.999933, 0.0032556  
128, 19.7571, 0.635293, 179.958, 0.999911, 0.0132325, 0.00166676, -0.0132111, 0.999837, -0.0122684, -0.00182883, 0.0122453, 0.999923, 0.00285284  
129, 19.7381, 0.598659, 179.938, 0.999911, 0.013138, 0.00236989, -0.0131081, 0.99984, -0.0121889, -0.00252964, 0.0121567, 0.999923, 0.00286671  
130, 19.7629, 0.641639, 179.932, 0.999903, 0.0138797, 0.00135551, -0.0138628, 0.999835, -0.0117639, -0.00151857, 0.0117439, 0.99993, 0.00276741  
131, 19.7395, 0.633264, 179.921, 0.999893, 0.0145127, 0.00173408, -0.0144905, 0.999821, -0.0121995, -0.00191081, 0.0121731, 0.999924, 0.0029233  
132, 19.7526, 0.631629, 179.922, 0.999912, 0.0131493, 0.00200245, -0.0131246, 0.999843, -0.0118746, -0.00215827, 0.0118472, 0.999927, 0.00294909  
133, 19.7621, 0.624097, 179.934, 0.999905, 0.0136574, 0.00157154, -0.0136375, 0.999834, -0.012056, -0.00173594, 0.0120334, 0.999926, 0.00281845  
134, 19.7771, 0.640811, 179.916, 0.9999, 0.014041, 0.00181387, -0.0140172, 0.999823, -0.0125199, -0.00198934, 0.0124932, 0.99992, 0.00300818  
135, 19.7768, 0.582091, 179.951, 0.999906, 0.0135901, 0.00167702, -0.0135675, 0.999825, -0.012866, -0.00185158, 0.012842, 0.999916, 0.00289306  
136, 19.7569, 0.624117, 179.921, 0.999902, 0.0137661, 0.00241428, -0.0137351, 0.999829, -0.0123867, -0.00258438, 0.0123523, 0.99992, 0.00304645  
137, 19.7378, 0.61057, 179.934, 0.999893, 0.0143586, 0.00281293, -0.0143245, 0.999828, -0.0117971, -0.00298184, 0.0117555, 0.999926, 0.0029588  
138, 19.7649, 0.641371, 179.93, 0.9999, 0.0140543, 0.00134928, -0.0140375, 0.999832, -0.011775, -0.00151454, 0.0117549, 0.99993, 0.00316379  
139, 19.7727, 0.647632, 179.927, 0.999902, 0.0139095, 0.00142039, -0.0138912, 0.999829, -0.0121881, -0.00158967, 0.0121672, 0.999925, 0.00291692  
140, 19.7532, 0.63692, 179.926, 0.999895, 0.0143552, 0.00178646, -0.0143317, 0.999819, -0.0125437, -0.0019662, 0.0125168, 0.99992, 0.002857  
141, 19.7574, 0.642446, 179.914, 0.999903, 0.0137936, 0.0016678, -0.0137733, 0.999837, -0.0116511, -0.00182824, 0.011627, 0.999931, 0.00290277  
142, 19.7543, 0.626409, 179.961, 0.999911, 0.0131644, 0.00224469, -0.0131371, 0.999845, -0.0117559, -0.0023991, 0.0117254, 0.999928, 0.00289223  
143, 19.7238, 0.650792, 179.925, 0.999909, 0.0134019, 0.00153784, -0.0133818, 0.999834, -0.0123943, -0.00170369, 0.0123726, 0.999922, 0.00300679  
144, 19.7609, 0.656828, 179.956, 0.999912, 0.0131214, 0.00174634, -0.0130995, 0.999842, -0.0120321, -0.00190394, 0.0120082, 0.999926, 0.00293883  
145, 19.7593, 0.706181, 179.927, 0.999901, 0.0139916, 0.00119968, -0.0139745, 0.999815, -0.0132515, -0.00138487, 0.0132334, 0.999911, 0.00285784  
146, 19.7444, 0.70398, 179.927, 0.9999, 0.0140662, 0.00159304, -0.0140469, 0.999834, -0.0115844, -0.00175573, 0.0115608, 0.999932, 0.00292025  
147, 19.733, 0.733615, 179.885, 0.999891, 0.0147194, 0.00136388, -0.014702, 0.99982, -0.0120032, -0.00154031, 0.0119819, 0.999927, 0.00289279  
148, 19.7506, 0.670686, 179.969, 0.999909, 0.0133346, 0.00227263, -0.0133067, 0.999841, -0.0118983, -0.00243093, 0.011867, 0.999927, 0.003014  
149, 19.7279, 0.734135, 179.921, 0.999894, 0.0144015, 0.00194742, -0.0143776, 0.999827, -0.0117872, -0.00211684, 0.011758, 0.999929, 0.00292385  
150, 19.7315, 0.709434, 179.957, 0.999905, 0.0136894, 0.0018533, -0.0136675, 0.999842, -0.0113619, -0.00200854, 0.0113355, 0.999934, 0.0029086  
151, 19.7436, 0.72079, 179.928, 0.999903, 0.0137502, 0.0023005, -0.0137235, 0.999842, -0.01127, -0.0024551, 0.0112374, 0.999934, 0.0028939  
152, 19.7136, 0.757175, 179.902, 0.9999, 0.0140119, 0.00164601, -0.0139915, 0.999832, -0.0118207, -0.00181137, 0.0117965, 0.999929, 0.00301317  
153, 19.7202, 0.767057, 179.934, 0.999902, 0.0138924, 0.00194357, -0.01387, 0.999842, -0.0110789, -0.00209717, 0.0110509, 0.999937, 0.00298072  
154, 19.7232, 0.761688, 179.923, 0.999898, 0.0141567, 0.00193397, -0.0141335, 0.999834, -0.0114891, -0.00209629, 0.0114606, 0.999932, 0.00293939  
155, 19.7266, 0.768203, 179.942, 0.999901, 0.0139737, 0.00188971, -0.013953, 0.999847, -0.0105482, -0.00203682, 0.0105208, 0.999943, 0.00290111  
156, 19.6946, 0.802836, 179.905, 0.999905, 0.0136532, 0.00164846, -0.0136335, 0.999842, -0.0114063, -0.00180394, 0.0113828, 0.999934, 0.00285617  
157, 19.7198, 0.797366, 179.919, 0.999901, 0.0139665, 0.00182961, -0.0139433, 0.99983, -0.0120874, -0.00199811, 0.0120607, 0.999925, 0.00308445  
158, 19.7047, 0.787205, 179.912, 0.999903, 0.0138481, 0.00167303, -0.0138292, 0.999845, -0.0108546, -0.00182309, 0.0108305, 0.99994, 0.00299625  
159, 19.7154, 0.792343, 179.908, 0.999892, 0.0145188, 0.00226719, -0.0144905, 0.999823, -0.012017, -0.00244126, 0.0119828, 0.999925, 0.00293328  
160, 19.7193, 0.795444, 179.912, 0.9999, 0.0139911, 0.00215361, -0.0139676, 0.999847, -0.01057, -0.00230116, 0.0105389, 0.999942, 0.00285978  
161, 19.718, 0.830815, 179.894, 0.999893, 0.014566, 0.00143457, -0.0145483, 0.999826, -0.0116812, -0.00160447, 0.0116591, 0.999931, 0.0029588  
162, 19.6907, 0.820365, 179.894, 0.999893, 0.0144862, 0.00202049, -0.014461, 0.999823, -0.0120024, -0.002194, 0.0119719, 0.999926, 0.00301234  
163, 19.7097, 0.83484, 179.894, 0.999894, 0.0145208, 0.00142956, -0.0145033, 0.999828, -0.0115914, -0.00159763, 0.0115694, 0.999932, 0.00298182  
164, 19.7185, 0.822171, 179.93, 0.999901, 0.0139833, 0.00180781, -0.013962, 0.999839, -0.0112784, -0.00196523, 0.0112521, 0.999935, 0.00289445  
165, 19.7139, 0.82103, 179.917, 0.999902, 0.013861, 0.00189205, -0.0138376, 0.999834, -0.0118783, -0.00205638, 0.011851, 0.999928, 0.00285035  
166, 19.7121, 0.791121, 179.926, 0.9999, 0.0139773, 0.00203332, -0.0139551, 0.999847, -0.010562, -0.00218064, 0.0105326, 0.999942, 0.00287503  
167, 19.696, 0.826342, 179.901, 0.999898, 0.0141404, 0.00206383, -0.0141177, 0.999844, -0.0106318, -0.00221385, 0.0106016, 0.999941, 0.00297877  
168, 19.7115, 0.802938, 179.903, 0.999893, 0.0144747, 0.00193559, -0.0144522, 0.999833, -0.011198, -0.00209736, 0.0111689, 0.999935, 0.00306199  
169, 19.704, 0.810223, 179.919, 0.999906, 0.0135207, 0.00246443, -0.0134937, 0.999852, -0.0106485, -0.00260804, 0.0106142, 0.99994, 0.00290222  
170, 19.7132, 0.782033, 179.93, 0.999898, 0.0140573, 0.00247306, -0.0140276, 0.999834, -0.0116314, -0.00263616, 0.0115955, 0.999929, 0.00291969  
171, 19.7155, 0.794984, 179.912, 0.999901, 0.01377, 0.00287911, -0.0137384, 0.999848, -0.0106927, -0.00302592, 0.010652, 0.999939, 0.00284757  
172, 19.7161, 0.791398, 179.908, 0.999893, 0.0144778, 0.00190347, -0.0144544, 0.999826, -0.0117829, -0.00207373, 0.0117542, 0.999929, 0.00300679  
173, 19.7181, 0.773316, 179.925, 0.999899, 0.0141021, 0.0016228, -0.0140826, 0.999835, -0.0114875, -0.00178453, 0.0114635, 0.999933, 0.00299126  
174, 19.7339, 0.740942, 179.945, 0.999906, 0.0135512, 0.00211777, -0.0135242, 0.999833, -0.0122678, -0.00228366, 0.012238, 0.999923, 0.0029527  
175, 19.7196, 0.761011, 179.926, 0.999899, 0.0140166, 0.00228174, -0.0139905, 0.999841, -0.0110928, -0.00243686, 0.0110598, 0.999936, 0.0029735  
176, 19.735, 0.745754, 179.92, 0.999903, 0.0137838, 0.00173896, -0.0137619, 0.999833, -0.012029, -0.00190447, 0.0120039, 0.999926, 0.0029932  
177, 19.7149, 0.740914, 179.914, 0.999908, 0.0134759, 0.00177292, -0.0134545, 0.999842, -0.0116047, -0.00192903, 0.0115797, 0.999931, 0.00309749  
178, 19.7294, 0.727054, 179.936, 0.999906, 0.013565, 0.00210507, -0.0135403, 0.999844, -0.0113553, -0.00225877, 0.0113257, 0.999933, 0.0032739  
179, 19.7293, 0.74055, 179.911, 0.999893, 0.0145437, 0.00150756, -0.0145248, 0.999824, -0.011902, -0.0016804, 0.0118789, 0.999928, 0.00299209  
180, 19.737, 0.772476, 179.902, 0.999892, 0.0146419, 0.00130903, -0.0146267, 0.999833, -0.0109356, -0.00146893, 0.0109153, 0.999939, 0.0029968  
181, 19.7348, 0.721561, 179.907, 0.999897, 0.0143241, 0.00118196, -0.0143081, 0.999818, -0.0126143, -0.00136243, 0.0125961, 0.99992, 0.00294438  
182, 19.7515, 0.660599, 179.97, 0.999903, 0.0137057, 0.00235194, -0.0136747, 0.999826, -0.0127037, -0.00252564, 0.0126703, 0.999917, 0.00311691  
183, 19.7526, 0.661975, 179.935, 0.999906, 0.0135836, 0.00178372, -0.0135597, 0.999826, -0.0127788, -0.00195699, 0.0127534, 0.999917, 0.00307586  
184, 19.763, 0.678317, 179.922, 0.999898, 0.0142613, 0.000941122, -0.0142486, 0.999822, -0.0123664, -0.00111732, 0.0123518, 0.999923, 0.00302593  
185, 19.7479, 0.684048, 179.916, 0.999892, 0.014609, 0.00131744, -0.0145931, 0.999829, -0.0113946, -0.00148368, 0.0113742, 0.999934, 0.00293356  
186, 19.7542, 0.636007, 179.931, 0.999904, 0.0137231, 0.00187059, -0.0136989, 0.999829, -0.0123986, -0.00204042, 0.0123718, 0.999921, 0.00290222  
187, 19.7696, 0.622316, 179.938, 0.999908, 0.0133923, 0.00219626, -0.0133633, 0.99983, -0.0127203, -0.00236624, 0.0126897, 0.999917, 0.00313743  
188, 19.7315, 0.682376, 179.887, 0.999892, 0.0147079, 0.000608274, -0.0147002, 0.999829, -0.0112195, -0.000773186, 0.0112094, 0.999937, 0.00304978  
189, 19.7337, 0.625608, 179.932, 0.999903, 0.0137598, 0.00198113, -0.0137354, 0.999835, -0.0118619, -0.00214402, 0.0118335, 0.999928, 0.00265785  
190, 19.7655, 0.631299, 179.942, 0.999913, 0.0131215, 0.00157223, -0.0131012, 0.999839, -0.0122761, -0.00173305, 0.0122544, 0.999923, 0.00288779  
191, 19.7718, 0.625615, 179.934, 0.999899, 0.0141187, 0.00161873, -0.0140971, 0.999821, -0.0126485, -0.00179702, 0.0126244, 0.999919, 0.00306948  
192, 19.7409, 0.619394, 179.933, 0.999898, 0.0141441, 0.00209871, -0.0141154, 0.999814, -0.0131376, -0.00228414, 0.0131066, 0.999911, 0.00316406  
193, 19.7412, 0.636353, 179.905, 0.999906, 0.0136883, 0.000998612, -0.0136752, 0.999833, -0.0121393, -0.00116461, 0.0121245, 0.999926, 0.00307808  
194, 19.7468, 0.618597, 179.937, 0.999902, 0.0138493, 0.00203576, -0.0138217, 0.99982, -0.0130063, -0.00221552, 0.0129769, 0.999913, 0.00279043  
195, 19.7517, 0.64413, 179.923, 0.999904, 0.0136654, 0.00208032, -0.0136381, 0.999828, -0.0125914, -0.00225203, 0.0125619, 0.999919, 0.00290416  
196, 19.7446, 0.619358, 179.926, 0.999907, 0.0135066, 0.00165809, -0.0134854, 0.999835, -0.0121619, -0.00182209, 0.0121385, 0.999925, 0.00281346  
197, 19.7508, 0.621865, 179.95, 0.99991, 0.0132593, 0.00181299, -0.0132352, 0.999831, -0.0127352, -0.00198154, 0.01271, 0.999917, 0.0031796  
198, 19.7359, 0.621938, 179.957, 0.999908, 0.0133829, 0.00214488, -0.0133554, 0.999835, -0.0123402, -0.00230968, 0.0123104, 0.999922, 0.00305644  
199, 19.7459, 0.66515, 179.901, 0.999897, 0.0142874, 0.00165849, -0.0142665, 0.999826, -0.0120027, -0.00182969, 0.0119778, 0.999927, 0.00305699  
200, 19.7402, 0.608315, 179.96, 0.999906, 0.0135491, 0.00189947, -0.0135234, 0.999825, -0.0129359, -0.0020744, 0.012909, 0.999915, 0.00294216  
201, 19.7435, 0.67009, 179.91, 0.999907, 0.0136203, 0.000562657, -0.0136112, 0.999812, -0.0138072, -0.000750609, 0.0137982, 0.999905, 0.00291747  
202, 19.7616, 0.619403, 179.958, 0.999904, 0.0137265, 0.00212233, -0.0136978, 0.999822, -0.0129889, -0.00230024, 0.0129586, 0.999913, 0.00288474  
203, 19.7257, 0.66372, 179.925, 0.999902, 0.0138523, 0.00188214, -0.0138279, 0.999828, -0.012396, -0.00205353, 0.0123688, 0.999921, 0.00279182  
204, 19.7572, 0.666132, 179.924, 0.999906, 0.0136328, 0.00168634, -0.0136105, 0.999828, -0.0126036, -0.00185788, 0.0125795, 0.999919, 0.00284203  
205, 19.7354, 0.701133, 179.91, 0.999899, 0.014031, 0.00211718, -0.0140076, 0.999845, -0.0106877, -0.00226681, 0.0106569, 0.999941, 0.00269973  
206, 19.7264, 0.714724, 179.923, 0.999899, 0.0141826, 0.00126901, -0.0141664, 0.999828, -0.0119423, -0.00143816, 0.0119231, 0.999928, 0.00291858  
207, 19.7379, 0.702097, 179.94, 0.999904, 0.0137401, 0.00187106, -0.0137177, 0.999839, -0.0115383, -0.00202929, 0.0115115, 0.999932, 0.00321704  
208, 19.7381, 0.707808, 179.944, 0.999897, 0.0141556, 0.00249307, -0.0141254, 0.999831, -0.0117464, -0.00265893, 0.01171, 0.999928, 0.00276797  
209, 19.7238, 0.7205, 179.95, 0.999904, 0.0138203, 0.00123008, -0.0138064, 0.999848, -0.010675, -0.00137743, 0.010657, 0.999942, 0.00283426  
210, 19.7265, 0.740112, 179.922, 0.999898, 0.014196, 0.00178236, -0.0141766, 0.999845, -0.0104251, -0.00193008, 0.0103988, 0.999944, 0.00286089  
211, 19.7189, 0.712654, 179.95, 0.999912, 0.0130955, 0.00199125, -0.0130713, 0.999846, -0.0117433, -0.00214473, 0.0117162, 0.999929, 0.00292718  
212, 19.7346, 0.75069, 179.928, 0.999893, 0.0145415, 0.0013536, -0.0145263, 0.999838, -0.0105859, -0.00150732, 0.0105651, 0.999943, 0.00303397  
213, 19.7213, 0.770012, 179.916, 0.999903, 0.0138486, 0.00175802, -0.0138296, 0.99985, -0.0103981, -0.00190176, 0.0103728, 0.999944, 0.00287198  
214, 19.7235, 0.732486, 179.938, 0.999897, 0.0141765, 0.00231868, -0.014149, 0.999834, -0.0114622, -0.00248079, 0.0114282, 0.999932, 0.002857  
215, 19.707, 0.757818, 179.923, 0.999899, 0.0141224, 0.0017694, -0.0141017, 0.999838, -0.0111854, -0.00192708, 0.0111593, 0.999936, 0.00297323  
216, 19.7158, 0.771398, 179.919, 0.999903, 0.0137618, 0.00202456, -0.0137385, 0.999844, -0.0111254, -0.00217735, 0.0110965, 0.999936, 0.00293162  
217, 19.7114, 0.792959, 179.92, 0.999889, 0.0148293, 0.00130612, -0.0148134, 0.999825, -0.0114182, -0.00147522, 0.0113976, 0.999934, 0.00308251  
218, 19.7294, 0.802159, 179.919, 0.999898, 0.0142679, 0.0010289, -0.0142552, 0.999833, -0.0114764, -0.00119248, 0.0114605, 0.999934, 0.00289417  
219, 19.7331, 0.789309, 179.929, 0.999899, 0.0140747, 0.00192081, -0.0140512, 0.999833, -0.011725, -0.00208552, 0.0116968, 0.999929, 0.00290887  
220, 19.7331, 0.733729, 179.958, 0.999904, 0.0135563, 0.00271954, -0.0135225, 0.999835, -0.0120947, -0.00288306, 0.0120567, 0.999923, 0.00276658  
221, 19.727, 0.614079, 180.083, 0.999918, 0.0118263, 0.0049386, -0.011756, 0.999832, -0.014031, -0.00510371, 0.0139718, 0.999889, 0.00298571  
222, 19.7263, 0.599278, 180.061, 0.999913, 0.012542, 0.00413352, -0.0124807, 0.999816, -0.0145415, -0.00431514, 0.0144886, 0.999886, 0.00307641  
223, 19.7537, 0.609837, 180.052, 0.999907, 0.0127316, 0.00492519, -0.0126632, 0.999826, -0.0136689, -0.00509836, 0.0136053, 0.999894, 0.00282899  
224, 19.7684, 0.605824, 180.043, 0.999902, 0.013243, 0.00448107, -0.0131732, 0.999797, -0.0152663, -0.00468233, 0.0152058, 0.999873, 0.00296213  
225, 19.5891, 0.807593, 179.961, 0.999924, 0.0101407, 0.00706266, -0.010037, 0.999844, -0.0145665, -0.00720927, 0.0144945, 0.999869, 0.00285978  
226, 19.5816, 0.779092, 179.945, 0.999921, 0.0103719, 0.00710513, -0.0102583, 0.999822, -0.0158333, -0.00726808, 0.0157592, 0.999849, 0.00285312  
227, 19.5888, 0.77454, 179.941, 0.999924, 0.00947569, 0.00785243, -0.00936012, 0.999849, -0.0146261, -0.00798984, 0.0145515, 0.999862, 0.00295603  
228, 19.5641, 0.806936, 179.901, 0.999914, 0.010278, 0.00812503, -0.0101452, 0.999817, -0.0162102, -0.00829015, 0.0161264, 0.999836, 0.00283953  
229, 19.5907, 0.782691, 179.939, 0.999922, 0.00982524, 0.00767615, -0.00970642, 0.999835, -0.0153665, -0.00782586, 0.0152908, 0.999852, 0.00292413  
230, 19.5711, 0.789749, 179.944, 0.99992, 0.0100763, 0.00758863, -0.0099671, 0.999848, -0.0142946, -0.00773152, 0.0142179, 0.999869, 0.00284258  
231, 19.5784, 0.792829, 179.951, 0.999927, 0.00992392, 0.00682557, -0.00981683, 0.999831, -0.0155477, -0.00697871, 0.0154796, 0.999856, 0.00300235  
232, 19.5878, 0.788538, 179.93, 0.999919, 0.0101094, 0.00770414, -0.0099868, 0.999826, -0.0157854, -0.00786237, 0.0157071, 0.999846, 0.00314603  
233, 19.5868, 0.765441, 179.951, 0.999924, 0.0100003, 0.00722437, -0.00988586, 0.999828, -0.0157102, -0.00738023, 0.0156376, 0.99985, 0.00291553  
234, 19.6083, 0.769397, 179.943, 0.999922, 0.0101555, 0.00725421, -0.0100456, 0.999836, -0.0150364, -0.00740573, 0.0149624, 0.999861, 0.00288613  
235, 19.606, 0.764014, 179.925, 0.999927, 0.00934177, 0.00762069, -0.00921948, 0.999831, -0.0159286, -0.0077682, 0.0158572, 0.999844, 0.00275326  
236, 19.6151, 0.748352, 179.951, 0.999925, 0.00940466, 0.00778936, -0.00928205, 0.999835, -0.0156301, -0.00793507, 0.0155566, 0.999848, 0.00287226  
237, 19.6327, 0.734204, 179.947, 0.999922, 0.009581, 0.00801945, -0.00945826, 0.99984, -0.0152057, -0.00816385, 0.0151286, 0.999852, 0.00305533  
238, 19.5942, 0.72045, 179.946, 0.999917, 0.00981813, 0.00835718, -0.00969089, 0.999839, -0.0151316, -0.0085044, 0.0150493, 0.999851, 0.00280486  
239, 19.587, 0.73028, 179.916, 0.999916, 0.0100944, 0.00817288, -0.00996244, 0.999822, -0.0160245, -0.00833318, 0.0159418, 0.999838, 0.00293162  
240, 19.5891, 0.697088, 179.954, 0.999924, 0.00979385, 0.0074826, -0.00966873, 0.999816, -0.0165786, -0.00764359, 0.016505, 0.999835, 0.00270389  
241, 19.5944, 0.687164, 179.952, 0.999927, 0.00968574, 0.00727612, -0.00955987, 0.999807, -0.0171398, -0.00744073, 0.017069, 0.999827, 0.00305561  
242, 19.5875, 0.702299, 179.949, 0.999925, 0.00986765, 0.00718645, -0.00975236, 0.999826, -0.0159047, -0.00734214, 0.0158334, 0.999848, 0.00314742  
243, 19.6006, 0.689111, 179.94, 0.999921, 0.00993943, 0.00767588, -0.00980418, 0.999799, -0.0174616, -0.0078479, 0.017385, 0.999818, 0.0029036  
244, 19.6066, 0.694614, 179.96, 0.999922, 0.00993332, 0.00757715, -0.00980597, 0.999813, -0.0166628, -0.00774125, 0.0165872, 0.999832, 0.00288502  
245, 19.6011, 0.695127, 179.963, 0.999937, 0.00879107, 0.00691558, -0.00867248, 0.999818, -0.0169956, -0.00706374, 0.0169346, 0.999832, 0.0029527  
246, 19.5514, 0.677372, 179.941, 0.999913, 0.00933958, 0.00933086, -0.0091964, 0.999841, -0.0152711, -0.009472, 0.0151839, 0.99984, 0.00297739  
247, 19.6036, 0.658063, 179.95, 0.999927, 0.00992874, 0.00687601, -0.00981777, 0.999824, -0.0159883, -0.00703354, 0.0159197, 0.999849, 0.0029699  
248, 19.6098, 0.64337, 179.982, 0.999932, 0.00957151, 0.00659071, -0.00947142, 0.999842, -0.015054, -0.00673376, 0.0149905, 0.999865, 0.00292524  
249, 19.6021, 0.66329, 179.972, 0.999929, 0.010047, 0.00639555, -0.00993928, 0.999812, -0.0166576, -0.00656171, 0.0165928, 0.999841, 0.00288918  
250, 19.5891, 0.638131, 179.961, 0.99992, 0.0096009, 0.0082353, -0.00947016, 0.999831, -0.0157698, -0.00838531, 0.0156905, 0.999842, 0.00284757  
251, 19.6064, 0.679158, 179.955, 0.99993, 0.00963331, 0.0068544, -0.00951535, 0.99981, -0.01704, -0.00701725, 0.0169736, 0.999831, 0.00295769  
252, 19.615, 0.649632, 179.947, 0.999929, 0.00964545, 0.00696264, -0.00953603, 0.999833, -0.0155815, -0.00711177, 0.015514, 0.999854, 0.00298266  
253, 19.5988, 0.687369, 179.932, 0.999931, 0.00977895, 0.00645158, -0.00967152, 0.999817, -0.0164778, -0.00661154, 0.0164142, 0.999843, 0.00302094  
254, 19.6116, 0.640993, 179.973, 0.99993, 0.00929464, 0.00729368, -0.00918367, 0.999844, -0.0151029, -0.00743291, 0.0150348, 0.999859, 0.00268725  
255, 19.6194, 0.664822, 179.97, 0.999921, 0.0100249, 0.0075271, -0.00990158, 0.999819, -0.016245, -0.00768859, 0.0161692, 0.99984, 0.00275521  
256, 19.5519, 0.867956, 179.777, 0.99992, 0.0116203, 0.00508844, -0.0115566, 0.999857, -0.0123651, -0.0052314, 0.0123053, 0.999911, 0.00285867  
257, 19.5545, 0.847137, 179.793, 0.99993, 0.0103736, 0.00565721, -0.0103032, 0.999871, -0.0123373, -0.00578446, 0.0122781, 0.999908, 0.00277407  
258, 19.7113, 0.699506, 179.898, 0.999919, 0.012255, 0.00347877, -0.0122067, 0.999833, -0.0135892, -0.00364473, 0.0135456, 0.999902, 0.00272442  
259, 19.7308, 0.734352, 179.914, 0.999903, 0.0138725, 0.00132961, -0.0138566, 0.99984, -0.0113028, -0.00148619, 0.0112833, 0.999935, 0.00309777  
260, 19.7145, 0.729858, 179.911, 0.999914, 0.0130319, 0.00168079, -0.0130129, 0.999856, -0.0108526, -0.00182197, 0.0108298, 0.99994, 0.00311552  
261, 19.7159, 0.725349, 179.924, 0.999909, 0.0134196, 0.00125324, -0.0134052, 0.999851, -0.0108807, -0.00139907, 0.0108629, 0.99994, 0.00296574  
262, 19.7218, 0.752628, 179.92, 0.999904, 0.0138009, 0.00146567, -0.0137832, 0.999839, -0.0114936, -0.00162405, 0.0114723, 0.999933, 0.00300318  
263, 19.7309, 0.755937, 179.948, 0.999912, 0.0131728, 0.00149978, -0.013155, 0.999849, -0.0113605, -0.0016492, 0.0113397, 0.999934, 0.00273163  
264, 19.7129, 0.742922, 179.935, 0.999906, 0.0135986, 0.00201606, -0.013576, 0.999849, -0.0108341, -0.00216308, 0.0108057, 0.999939, 0.00270888  
265, 19.7116, 0.784134, 179.908, 0.9999, 0.0140699, 0.00141459, -0.0140535, 0.999841, -0.0109744, -0.00156877, 0.0109534, 0.999939, 0.00291914  
266, 19.7194, 0.763418, 179.939, 0.999904, 0.013808, 0.00126387, -0.0137919, 0.999834, -0.0119036, -0.00142802, 0.0118851, 0.999928, 0.00356709  
267, 19.7026, 0.759417, 179.926, 0.999908, 0.0134589, 0.00183177, -0.0134369, 0.999843, -0.0115189, -0.00198651, 0.0114932, 0.999932, 0.00301012  
268, 19.7132, 0.78631, 179.914, 0.999908, 0.0134381, 0.00155367, -0.0134197, 0.999846, -0.0113141, -0.00170547, 0.0112922, 0.999935, 0.00292718  
269, 19.7066, 0.778846, 179.939, 0.999913, 0.0131533, 0.0011166, -0.0131401, 0.999852, -0.0111245, -0.00126276, 0.0111089, 0.999937, 0.002824  
270, 19.7017, 0.78014, 179.921, 0.999907, 0.0135129, 0.00156646, -0.0134948, 0.999848, -0.0110146, -0.00171506, 0.0109924, 0.999938, 0.00300124  
271, 19.6898, 0.767883, 179.925, 0.999901, 0.0138801, 0.00245875, -0.0138518, 0.999842, -0.0111582, -0.00261324, 0.0111231, 0.999935, 0.00280708  
272, 19.6877, 0.807428, 179.919, 0.999906, 0.0136067, 0.00137784, -0.0135899, 0.999841, -0.0115182, -0.00153435, 0.0114984, 0.999933, 0.00283093  
273, 19.704, 0.786121, 179.924, 0.9999, 0.0140337, 0.00172195, -0.0140122, 0.999831, -0.0118896, -0.00188852, 0.0118642, 0.999928, 0.00301012  
274, 19.6739, 0.82898, 179.911, 0.999896, 0.0142485, 0.00215033, -0.014225, 0.999843, -0.0105609, -0.00230047, 0.0105292, 0.999942, 0.00303869  
275, 19.7111, 0.81425, 179.932, 0.999896, 0.0144215, 0.000723655, -0.0144114, 0.99982, -0.0123776, -0.000902028, 0.0123659, 0.999923, 0.00301095  
