0, 0, 0, 0, 0, 0, 0, 0, 0, 0, 0, 0, 0, 0.00624491  
1, 0, 0, 0, 0, 0, 0, 0, 0, 0, 0, 0, 0, 0.00266228  
2, 9.8153, 16.1052, 179.853, 0.997413, 0.0691496, -0.0196165, -0.0695081, 0.997415, -0.0182241, 0.0183056, 0.0195405, 0.999641, 0.00262373  
3, 9.76764, 16.1364, 179.879, 0.997412, 0.0689568, -0.0203577, -0.0693369, 0.99742, -0.0185974, 0.0190227, 0.0199608, 0.99962, 0.00298571  
4, 9.778, 16.1266, 179.874, 0.997403, 0.0690644, -0.0204479, -0.0694456, 0.997413, -0.0185616, 0.0191131, 0.0199334, 0.999619, 0.00302343  
5, 9.77443, 16.1291, 179.884, 0.997401, 0.068994, -0.0207536, -0.0693565, 0.997442, -0.0172841, 0.019508, 0.0186786, 0.999635, 0.00281262  
6, 9.7901, 16.1412, 179.923, 0.99742, 0.0688534, -0.0203253, -0.0692185, 0.997442, -0.0178408, 0.0190449, 0.0192016, 0.999634, 0.00282594  
7, 9.74175, 16.1113, 179.887, 0.997438, 0.068801, -0.0195697, -0.069148, 0.99745, -0.0176468, 0.0183057, 0.0189548, 0.999653, 0.00306975  
8, 9.7599, 16.1375, 179.865, 0.997396, 0.069172, -0.020421, -0.0695416, 0.997417, -0.0179824, 0.0191244, 0.0193557, 0.99963, 0.00302288  
9, 9.75273, 16.0941, 179.848, 0.997354, 0.0700185, -0.0195358, -0.0703725, 0.997357, -0.0180623, 0.0182195, 0.0193893, 0.999646, 0.0029968  
10, 9.79854, 16.1095, 179.855, 0.997438, 0.0687123, -0.0199116, -0.0690874, 0.997433, -0.0188064, 0.0185682, 0.0201339, 0.999625, 0.00291886  
11, 9.79027, 16.0798, 179.865, 0.997359, 0.069729, -0.0202967, -0.0701142, 0.997359, -0.0189302, 0.0189231, 0.0203033, 0.999615, 0.00283842  
12, 9.7851, 16.1135, 179.88, 0.997436, 0.068897, -0.0193674, -0.0692206, 0.997464, -0.0165652, 0.018177, 0.0178634, 0.999675, 0.00301123  
13, 9.78778, 16.144, 179.863, 0.997395, 0.0692855, -0.0200707, -0.0696419, 0.997416, -0.0176365, 0.0187969, 0.0189883, 0.999643, 0.00295353  
14, 9.76768, 16.1243, 179.873, 0.997377, 0.0695242, -0.0201571, -0.0699057, 0.997375, -0.0188821, 0.0187914, 0.0202417, 0.999619, 0.00292385  
15, 9.74978, 16.1153, 179.875, 0.997362, 0.0695497, -0.0207966, -0.0699432, 0.997373, -0.0188365, 0.0194319, 0.0202414, 0.999606, 0.00295991  
16, 9.74745, 16.1278, 179.897, 0.997421, 0.0687819, -0.0205038, -0.0691407, 0.997456, -0.0173352, 0.0192593, 0.0187081, 0.999639, 0.00283232  
17, 9.74496, 16.1041, 179.86, 0.997403, 0.0692952, -0.0196209, -0.0696564, 0.997402, -0.0183703, 0.0182969, 0.0196893, 0.999639, 0.00305228  
18, 9.77015, 16.1387, 179.88, 0.997424, 0.0688276, -0.0201898, -0.069196, 0.997438, -0.018156, 0.0188884, 0.0195063, 0.999631, 0.00279459  
19, 9.75746, 16.137, 179.876, 0.997377, 0.0695444, -0.0200569, -0.0698981, 0.997401, -0.0175063, 0.0187873, 0.0188623, 0.999646, 0.00282011  
20, 9.75418, 16.1123, 179.862, 0.99742, 0.0691962, -0.0191114, -0.0695277, 0.997431, -0.0172588, 0.017868, 0.0185431, 0.999668, 0.0029527  
21, 9.77259, 16.1189, 179.88, 0.997399, 0.0693894, -0.0194943, -0.0697452, 0.997399, -0.0182056, 0.0181803, 0.0195178, 0.999644, 0.00283814  
22, 9.78849, 16.137, 179.875, 0.997383, 0.0691338, -0.0211586, -0.069517, 0.997419, -0.0179453, 0.0198634, 0.0193692, 0.999615, 0.00304645  
23, 9.76155, 16.1348, 179.858, 0.997389, 0.0693839, -0.0200263, -0.0697272, 0.997421, -0.0169858, 0.0187961, 0.0183379, 0.999655, 0.00281956  
24, 9.75234, 16.1146, 179.859, 0.99738, 0.0694092, -0.0203753, -0.0697922, 0.997386, -0.0187293, 0.019022, 0.0201023, 0.999617, 0.00278489  
25, 9.76015, 16.1228, 179.884, 0.997409, 0.069257, -0.0194583, -0.0695858, 0.997435, -0.016762, 0.0182475, 0.0180726, 0.99967, 0.00295936  
26, 9.74494, 16.1193, 179.874, 0.997418, 0.0689894, -0.0199443, -0.0693409, 0.997439, -0.0175063, 0.0186854, 0.018844, 0.999648, 0.00284175  
27, 9.77819, 16.1391, 179.879, 0.99741, 0.068971, -0.0203865, -0.069332, 0.997439, -0.0175622, 0.019123, 0.0189302, 0.999638, 0.0029122  
28, 9.73929, 16.1122, 179.886, 0.997427, 0.0687012, -0.020471, -0.0690712, 0.99745, -0.0179528, 0.0191854, 0.0193205, 0.999629, 0.00280819  
29, 9.73726, 16.1343, 179.851, 0.997405, 0.0691646, -0.0199818, -0.0695294, 0.997414, -0.0181774, 0.0186729, 0.0195196, 0.999635, 0.00299264  
30, 9.75079, 16.1339, 179.851, 0.997436, 0.0689499, -0.0191759, -0.0692751, 0.997455, -0.0168467, 0.0179655, 0.018132, 0.999674, 0.00295076  
31, 9.74715, 16.1363, 179.874, 0.997374, 0.0697341, -0.019576, -0.0700822, 0.997384, -0.0176949, 0.0182908, 0.0190204, 0.999652, 0.00284397  
32, 9.73052, 16.119, 179.875, 0.997388, 0.0692739, -0.0204401, -0.069657, 0.997396, -0.018666, 0.0190938, 0.0200411, 0.999617, 0.00282455  
33, 9.73839, 16.1542, 179.887, 0.997367, 0.06977, -0.0197732, -0.0701211, 0.997382, -0.0176566, 0.0184896, 0.0189966, 0.999649, 0.00276159  
34, 9.72959, 16.133, 179.859, 0.997392, 0.0692103, -0.0204876, -0.0695865, 0.997409, -0.0182538, 0.0191712, 0.0196319, 0.999623, 0.00291248  
35, 9.77494, 16.1215, 179.869, 0.997418, 0.0689499, -0.0200845, -0.0693062, 0.99744, -0.0176198, 0.0188182, 0.0189663, 0.999643, 0.00272802  
36, 9.73846, 16.1198, 179.871, 0.997407, 0.0692189, -0.0197146, -0.0695654, 0.997424, -0.0174663, 0.0184548, 0.0187924, 0.999653, 0.00298876  
37, 9.77552, 16.1034, 179.876, 0.997413, 0.0689747, -0.0202651, -0.0693521, 0.99742, -0.0185535, 0.0189331, 0.0199109, 0.999622, 0.00303314  
38, 9.72878, 16.1389, 179.859, 0.997422, 0.0688692, -0.0201353, -0.0692228, 0.997449, -0.0174243, 0.0188839, 0.0187732, 0.999645, 0.00269002  
39, 9.75283, 16.1112, 179.861, 0.997387, 0.0694205, -0.0200012, -0.0697939, 0.997388, -0.0186221, 0.0186562, 0.0199694, 0.999627, 0.00275881  
40, 9.74093, 16.0991, 179.859, 0.997398, 0.0694327, -0.0193824, -0.0697825, 0.9974, -0.0179923, 0.0180828, 0.019298, 0.99965, 0.00281956  
41, 9.74788, 16.1436, 179.869, 0.99734, 0.0701446, -0.0198315, -0.0705175, 0.997334, -0.0187772, 0.0184615, 0.0201258, 0.999627, 0.00300374  
42, 9.75185, 16.1073, 179.879, 0.997419, 0.0689651, -0.0199879, -0.0693164, 0.997442, -0.0174515, 0.0187332, 0.0187919, 0.999648, 0.00289001  
43, 9.71997, 16.118, 179.873, 0.997408, 0.0692834, -0.0194037, -0.0696157, 0.997429, -0.0170084, 0.0181754, 0.0183152, 0.999667, 0.00292746  
44, 9.76385, 16.1241, 179.873, 0.997432, 0.0688596, -0.0197016, -0.0692143, 0.997441, -0.0179264, 0.0184168, 0.019244, 0.999645, 0.00292274  
45, 9.76103, 16.1243, 179.876, 0.997468, 0.0685878, -0.0188129, -0.0689002, 0.997487, -0.0164928, 0.0176344, 0.0177473, 0.999687, 0.00278405  
46, 9.76598, 16.1325, 179.866, 0.997409, 0.069042, -0.0202098, -0.0693966, 0.997437, -0.0174082, 0.0189561, 0.0187656, 0.999644, 0.00276186  
47, 9.76437, 16.1271, 179.871, 0.997393, 0.069294, -0.0201482, -0.0696532, 0.997414, -0.0177099, 0.0188689, 0.0190671, 0.99964, 0.00287309  
48, 9.7329, 16.1291, 179.853, 0.997362, 0.0695749, -0.0207022, -0.0699478, 0.997391, -0.0178689, 0.019405, 0.0192698, 0.999626, 0.00286699  
49, 9.76428, 16.1273, 179.862, 0.997451, 0.0684163, -0.0202863, -0.0687917, 0.997461, -0.0184252, 0.0189742, 0.0197737, 0.999624, 0.00305394  
50, 9.7671, 16.0921, 179.842, 0.997399, 0.0693793, -0.0195491, -0.0697322, 0.997404, -0.0179846, 0.0182506, 0.019301, 0.999647, 0.0029355  
51, 9.73106, 16.1098, 179.873, 0.9974, 0.069217, -0.020068, -0.0695862, 0.997408, -0.0183208, 0.0187479, 0.0196697, 0.999631, 0.00307641  
52, 9.74209, 16.1098, 179.88, 0.997427, 0.0688521, -0.0199939, -0.0692043, 0.997449, -0.0174942, 0.0187384, 0.0188328, 0.999647, 0.00294355  
53, 9.77337, 16.1489, 179.892, 0.997352, 0.0695486, -0.021242, -0.0699252, 0.997398, -0.0175308, 0.0199674, 0.0189698, 0.999621, 0.00284397  
54, 9.76139, 16.1066, 179.872, 0.997449, 0.0684218, -0.0203437, -0.068802, 0.997457, -0.0186172, 0.0190181, 0.0199694, 0.99962, 0.00293717  
55, 9.74114, 16.126, 179.883, 0.997427, 0.0689575, -0.0196009, -0.0693095, 0.997435, -0.0178819, 0.0183175, 0.0191944, 0.999648, 0.00288557  
56, 9.74037, 16.1136, 179.877, 0.997405, 0.0690769, -0.0203015, -0.069443, 0.997425, -0.017918, 0.0190115, 0.0192813, 0.999633, 0.00293273  
57, 9.75866, 16.1137, 179.882, 0.997446, 0.0686047, -0.0198784, -0.0689492, 0.997472, -0.0171951, 0.0186485, 0.0185218, 0.999655, 0.00297933  
58, 9.76361, 16.1369, 179.864, 0.9974, 0.0690608, -0.0205879, -0.0694423, 0.997416, -0.0184301, 0.0192619, 0.0198119, 0.999618, 0.00301317  
59, 9.77629, 16.1338, 179.871, 0.997443, 0.0685738, -0.0201224, -0.0689279, 0.997469, -0.0174646, 0.0188739, 0.018807, 0.999645, 0.00304756  
60, 9.77126, 16.1234, 179.885, 0.997442, 0.0687344, -0.0196397, -0.0690852, 0.997452, -0.0177755, 0.0183679, 0.0190868, 0.999649, 0.00367278  
61, 9.76453, 16.1142, 179.87, 0.997418, 0.06875, -0.0207549, -0.069113, 0.997459, -0.0173091, 0.0195121, 0.0186988, 0.999635, 0.00284341  
62, 9.75353, 16.1215, 179.894, 0.997448, 0.0687745, -0.0191781, -0.069107, 0.99746, -0.0172501, 0.017943, 0.0185314, 0.999667, 0.00289944  
63, 9.74735, 16.1057, 179.848, 0.997382, 0.0694039, -0.0203223, -0.069768, 0.997405, -0.0177938, 0.0190346, 0.0191651, 0.999635, 0.00286227  
64, 9.74562, 16.1236, 179.888, 0.997389, 0.0693089, -0.0202913, -0.0696868, 0.997396, -0.0185492, 0.0189529, 0.0199148, 0.999622, 0.00296879  
65, 9.74176, 16.1377, 179.875, 0.997345, 0.070011, -0.02006, -0.0703724, 0.99736, -0.0179161, 0.0187527, 0.0192802, 0.999638, 0.0028681  
66, 9.77739, 16.1064, 179.867, 0.997422, 0.0690508, -0.01953, -0.0693961, 0.997434, -0.0175894, 0.0182653, 0.0188993, 0.999655, 0.00278294  
67, 9.7445, 16.1066, 179.87, 0.997368, 0.0696235, -0.0202254, -0.069987, 0.997388, -0.0178596, 0.0189291, 0.0192281, 0.999636, 0.00285035  
68, 9.78759, 16.1149, 179.891, 0.997452, 0.068488, -0.0199784, -0.0688354, 0.997479, -0.0172523, 0.0187464, 0.0185836, 0.999652, 0.00288169  
69, 9.77647, 16.121, 179.901, 0.997422, 0.0690138, -0.0196769, -0.0693578, 0.997441, -0.0173678, 0.018428, 0.0186878, 0.999656, 0.00296685  
70, 9.7715, 16.1109, 179.877, 0.997418, 0.0689156, -0.0201777, -0.0692831, 0.997432, -0.0181205, 0.0188771, 0.0194717, 0.999632, 0.00287781  
71, 9.75731, 16.1169, 179.854, 0.997395, 0.0693845, -0.0197425, -0.0697363, 0.997408, -0.017724, 0.0184615, 0.0190546, 0.999648, 0.00302593  
72, 9.75587, 16.107, 179.881, 0.997415, 0.0689512, -0.0202073, -0.0693206, 0.997429, -0.0181882, 0.0189013, 0.019542, 0.99963, 0.00280541  
73, 9.74073, 16.1171, 179.871, 0.997403, 0.069302, -0.0196134, -0.0696471, 0.997418, -0.0174951, 0.0183503, 0.0188157, 0.999655, 0.00288141  
74, 9.76028, 16.1059, 179.868, 0.997419, 0.069151, -0.0193345, -0.0694954, 0.997424, -0.0177472, 0.0180575, 0.0190451, 0.999656, 0.0029638  
75, 9.74713, 16.1176, 179.845, 0.997366, 0.0697718, -0.0198126, -0.0701477, 0.997356, -0.0189568, 0.0184376, 0.0202967, 0.999624, 0.00284175  
76, 9.75583, 16.1415, 179.88, 0.997371, 0.0695361, -0.0203909, -0.069902, 0.997395, -0.0178153, 0.019099, 0.0191938, 0.999633, 0.00301428  
77, 9.78154, 16.1147, 179.901, 0.997413, 0.069225, -0.0193805, -0.0695745, 0.997415, -0.0179826, 0.0180855, 0.0192845, 0.99965, 0.00283703  
78, 9.75944, 16.1197, 179.871, 0.997452, 0.0687232, -0.0191489, -0.0690433, 0.997476, -0.0165886, 0.0179605, 0.0178684, 0.999679, 0.00289778  
79, 9.73638, 16.1355, 179.846, 0.997358, 0.0698609, -0.0198938, -0.0702127, 0.997377, -0.0175677, 0.0186143, 0.0189181, 0.999648, 0.00285506  
80, 9.77111, 16.111, 179.878, 0.997399, 0.0694104, -0.0194484, -0.0697614, 0.997402, -0.0179887, 0.0181493, 0.0192986, 0.999649, 0.00277795  
81, 9.75643, 16.1047, 179.871, 0.997407, 0.0693178, -0.0193661, -0.0696582, 0.997418, -0.0174899, 0.0181037, 0.0187935, 0.999659, 0.00304007  
82, 9.74848, 16.1159, 179.849, 0.997392, 0.0695951, -0.0191467, -0.0699471, 0.997382, -0.0183703, 0.0178181, 0.0196617, 0.999648, 0.00284674  
83, 9.73351, 16.1238, 179.857, 0.997422, 0.0689516, -0.0198844, -0.0693171, 0.997427, -0.0183145, 0.0185705, 0.0196456, 0.999635, 0.00279043  
84, 9.77144, 16.1319, 179.873, 0.997444, 0.0686578, -0.0198097, -0.0690164, 0.997453, -0.0180263, 0.0185216, 0.0193474, 0.999641, 0.00290555  
85, 9.73436, 16.1209, 179.856, 0.997441, 0.0688716, -0.0192115, -0.0692013, 0.997457, -0.0170578, 0.0179878, 0.0183436, 0.99967, 0.00289195  
86, 9.756, 16.1268, 179.865, 0.99736, 0.0697702, -0.0201462, -0.0701368, 0.997373, -0.0181028, 0.0188302, 0.019468, 0.999633, 0.00283149  
87, 9.75659, 16.1404, 179.882, 0.997418, 0.0690089, -0.0198804, -0.0693573, 0.99744, -0.0173994, 0.0186288, 0.0187333, 0.999651, 0.00286782  
88, 9.77833, 16.1262, 179.887, 0.9974, 0.0691544, -0.0202517, -0.0695232, 0.997416, -0.0181104, 0.0189469, 0.0194713, 0.999631, 0.00282233  
89, 9.74562, 16.1338, 179.901, 0.997415, 0.0690346, -0.0199193, -0.069374, 0.997448, -0.0168839, 0.0187029, 0.0182221, 0.999659, 0.00295298  
90, 9.74967, 16.1172, 179.879, 0.997451, 0.0684202, -0.0202749, -0.0687816, 0.997475, -0.0176976, 0.0190128, 0.019047, 0.999638, 0.00288863  
91, 9.75461, 16.1142, 179.892, 0.997399, 0.0693384, -0.0196843, -0.0696927, 0.997408, -0.017922, 0.0183906, 0.0192473, 0.999646, 0.00300152  
92, 9.75511, 16.1309, 179.869, 0.9974, 0.0692712, -0.0198732, -0.0696202, 0.997421, -0.0174375, 0.0186141, 0.0187758, 0.99965, 0.00298765  
93, 9.75214, 16.1221, 179.861, 0.997421, 0.0689312, -0.0200207, -0.069294, 0.997433, -0.0180291, 0.0187265, 0.01937, 0.999637, 0.0027871  
94, 9.76521, 16.1451, 179.852, 0.99737, 0.069621, -0.0201257, -0.0699789, 0.997392, -0.0176613, 0.0188436, 0.0190233, 0.999641, 0.0028215  
95, 9.78144, 16.1388, 179.875, 0.997412, 0.0692131, -0.0194433, -0.0695572, 0.997422, -0.0176214, 0.0181736, 0.0189283, 0.999656, 0.00296823  
96, 9.76274, 16.1278, 179.87, 0.997392, 0.0693893, -0.0198417, -0.0697411, 0.997409, -0.0176255, 0.0185673, 0.0189633, 0.999648, 0.00281124  
97, 9.73688, 16.1122, 179.868, 0.997385, 0.069658, -0.0192402, -0.0700047, 0.997385, -0.0179755, 0.0179378, 0.0192754, 0.999653, 0.00289473  
98, 9.75541, 16.1304, 179.873, 0.997421, 0.0690465, -0.01961, -0.0694038, 0.997423, -0.0181643, 0.0183053, 0.0194784, 0.999643, 0.00291303  
99, 9.74062, 16.1302, 179.881, 0.997376, 0.0696025, -0.0199011, -0.0699509, 0.997399, -0.0173809, 0.0186396, 0.0187274, 0.999651, 0.00279348  
100, 9.74036, 16.1462, 179.88, 0.997354, 0.0700127, -0.0195782, -0.0703906, 0.997332, -0.0193317, 0.0181725, 0.0206587, 0.999621, 0.00294493  
101, 9.75964, 16.117, 179.893, 0.99743, 0.0688314, -0.0199076, -0.0691837, 0.997449, -0.0175844, 0.0186464, 0.0189164, 0.999647, 0.00283454  
102, 9.77538, 16.1327, 179.89, 0.997449, 0.0685705, -0.0198363, -0.0689255, 0.997463, -0.0178029, 0.0185652, 0.0191247, 0.999645, 0.00304895  
103, 9.7696, 16.0994, 179.877, 0.997408, 0.0693532, -0.0191855, -0.069687, 0.997419, -0.0173119, 0.0179354, 0.018604, 0.999666, 0.00285035  
104, 9.74478, 16.1033, 179.868, 0.997421, 0.0691504, -0.0192253, -0.0694899, 0.997428, -0.0175878, 0.0179596, 0.0188785, 0.99966, 0.00288419  
105, 9.7507, 16.1168, 179.852, 0.997411, 0.0692227, -0.0195022, -0.0695759, 0.997413, -0.0180556, 0.0182019, 0.0193658, 0.999647, 0.00295742  
106, 9.7604, 16.1194, 179.871, 0.997433, 0.0689024, -0.0194946, -0.06924, 0.997452, -0.0172118, 0.0182589, 0.0185174, 0.999662, 0.00301234  
107, 9.74608, 16.1201, 179.856, 0.99735, 0.0699001, -0.0201777, -0.0702737, 0.997357, -0.0184413, 0.0188354, 0.0198104, 0.999626, 0.00299764  
108, 9.79326, 16.1069, 179.898, 0.997425, 0.0691368, -0.019071, -0.0694648, 0.997438, -0.0171095, 0.0178392, 0.0183902, 0.999672, 0.00284286  
109, 9.80252, 16.0909, 179.871, 0.997443, 0.0686053, -0.0200408, -0.0689664, 0.997458, -0.0179174, 0.0187606, 0.0192537, 0.999639, 0.00282677  
110, 9.77974, 16.1146, 179.878, 0.997427, 0.0689529, -0.0196304, -0.069295, 0.997446, -0.0173109, 0.0183867, 0.0186266, 0.999657, 0.00282427  
111, 9.73742, 16.1204, 179.872, 0.997384, 0.0693316, -0.0204423, -0.0697, 0.997407, -0.0178943, 0.0191486, 0.0192723, 0.999631, 0.00299015  
112, 9.76486, 16.1269, 179.873, 0.997349, 0.0698008, -0.0205652, -0.0701878, 0.997358, -0.0187391, 0.0192029, 0.0201328, 0.999613, 0.00296296  
113, 9.7916, 16.115, 179.907, 0.997439, 0.0687412, -0.0197617, -0.0690776, 0.997469, -0.0168774, 0.0185515, 0.0181993, 0.999662, 0.00295492  
114, 9.74715, 16.1095, 179.877, 0.997424, 0.0689443, -0.0198124, -0.0693003, 0.997436, -0.0178782, 0.018529, 0.0192051, 0.999644, 0.00278267  
115, 9.75291, 16.1052, 179.872, 0.997426, 0.0689588, -0.0196681, -0.0692991, 0.997448, -0.0171787, 0.0184333, 0.0184975, 0.999659, 0.00298931  
116, 9.7702, 16.12, 179.873, 0.997396, 0.0694437, -0.0194573, -0.069781, 0.997413, -0.0172324, 0.0182102, 0.0185453, 0.999662, 0.00283343  
117, 9.75485, 16.1314, 179.88, 0.997379, 0.0693757, -0.020534, -0.0697425, 0.997408, -0.0177195, 0.0192515, 0.0191052, 0.999632, 0.00294077  
118, 9.7272, 16.1376, 179.857, 0.997358, 0.0699257, -0.0196757, -0.0702726, 0.997374, -0.0175282, 0.0183983, 0.0188646, 0.999653, 0.00286727  
119, 9.74779, 16.1232, 179.861, 0.997348, 0.0701277, -0.0194839, -0.0704749, 0.997356, -0.0177422, 0.0181881, 0.0190683, 0.999653, 0.00280708  
120, 9.73882, 16.1343, 179.876, 0.997393, 0.0694937, -0.0194272, -0.0698526, 0.997387, -0.018448, 0.0180944, 0.0197569, 0.999641, 0.00295381  
121, 9.73396, 16.1112, 179.86, 0.997377, 0.0695185, -0.0201757, -0.0698856, 0.997391, -0.0180952, 0.0188651, 0.0194578, 0.999633, 0.00285784  
122, 9.78587, 16.1298, 179.894, 0.997468, 0.0682965, -0.0198412, -0.0686423, 0.997491, -0.0173053, 0.0186095, 0.0186234, 0.999653, 0.00280929  
123, 9.73378, 16.1248, 179.878, 0.997415, 0.0690839, -0.0197707, -0.0694286, 0.997437, -0.0173134, 0.0185239, 0.0186413, 0.999655, 0.0029405  
124, 9.76487, 16.1187, 179.896, 0.997397, 0.0691442, -0.0204508, -0.069513, 0.99742, -0.017909, 0.0191598, 0.019284, 0.99963, 0.00279654  
125, 9.74482, 16.1169, 179.888, 0.9974, 0.0692187, -0.0200516, -0.0695731, 0.997422, -0.017549, 0.0187852, 0.0188984, 0.999645, 0.00284702  
126, 9.73626, 16.1095, 179.875, 0.99742, 0.0690223, -0.0197296, -0.0693682, 0.997439, -0.0174191, 0.0184768, 0.0187428, 0.999654, 0.00302121  
127, 9.73388, 16.1326, 179.885, 0.997355, 0.0698557, -0.0200868, -0.0702106, 0.997378, -0.0175394, 0.0188089, 0.0189034, 0.999644, 0.00306615  
128, 9.77227, 16.1301, 179.89, 0.997434, 0.0687869, -0.0198247, -0.0691311, 0.997459, -0.0172336, 0.0185889, 0.0185599, 0.999655, 0.00293301  
129, 9.74654, 16.1268, 179.857, 0.997371, 0.0696598, -0.0199599, -0.0700161, 0.997388, -0.0177457, 0.0186716, 0.0190965, 0.999643, 0.00288141  
130, 9.76927, 16.1326, 179.908, 0.997364, 0.0697903, -0.0198596, -0.0701523, 0.997371, -0.0181525, 0.0185405, 0.0194979, 0.999638, 0.0028828  
131, 9.75948, 16.1358, 179.887, 0.997412, 0.0690959, -0.0198596, -0.0694372, 0.997441, -0.0170427, 0.0186312, 0.0183776, 0.999658, 0.00309167  
132, 9.74772, 16.1195, 179.884, 0.997431, 0.0690483, -0.0190859, -0.069377, 0.997443, -0.0171337, 0.017854, 0.0184138, 0.999671, 0.00277684  
133, 9.77338, 16.1171, 179.847, 0.997346, 0.0698204, -0.0206181, -0.0701981, 0.997367, -0.0182022, 0.019293, 0.0196012, 0.999622, 0.00292191  
134, 9.74433, 16.1164, 179.884, 0.997362, 0.0698435, -0.0197873, -0.0701996, 0.997372, -0.0179149, 0.0184841, 0.0192567, 0.999644, 0.00289084  
135, 9.75143, 16.1247, 179.858, 0.997359, 0.0696364, -0.0206303, -0.0700049, 0.997389, -0.0177128, 0.019343, 0.0191103, 0.99963, 0.00282538  
136, 9.76676, 16.1264, 179.875, 0.997388, 0.0693164, -0.0202873, -0.0696736, 0.997417, -0.0174604, 0.0190246, 0.0188283, 0.999642, 0.00288308  
137, 9.74542, 16.1439, 179.868, 0.99738, 0.0696098, -0.0196792, -0.0699513, 0.997402, -0.0172307, 0.0184286, 0.0185622, 0.999658, 0.00294771  
138, 9.74619, 16.1186, 179.872, 0.997396, 0.0693909, -0.0196518, -0.0697423, 0.997406, -0.0177986, 0.0183657, 0.0191228, 0.999648, 0.00294771  
139, 9.75891, 16.1376, 179.885, 0.997381, 0.0693914, -0.0203962, -0.06975, 0.997412, -0.0174313, 0.0191338, 0.0188083, 0.99964, 0.00283481  
140, 9.77815, 16.1221, 179.872, 0.997459, 0.0686213, -0.0191606, -0.0689531, 0.997471, -0.0172254, 0.0179302, 0.0185028, 0.999668, 0.00284868  
141, 9.76029, 16.1217, 179.882, 0.99735, 0.0699349, -0.0200322, -0.0702844, 0.997377, -0.0173075, 0.0187693, 0.0186696, 0.99965, 0.00299736  
142, 9.75181, 16.1025, 179.875, 0.997359, 0.0699788, -0.0194579, -0.0703324, 0.997359, -0.0181286, 0.0181379, 0.0194492, 0.999646, 0.00278017  
143, 9.74505, 16.1377, 179.853, 0.997398, 0.0694602, -0.0192776, -0.0698043, 0.997402, -0.0177912, 0.0179918, 0.0190905, 0.999656, 0.00283121  
144, 9.74268, 16.1227, 179.895, 0.997402, 0.0691094, -0.0203236, -0.0694837, 0.997415, -0.0183245, 0.0190046, 0.0196891, 0.999626, 0.00298099  
145, 9.73567, 16.1263, 179.873, 0.997394, 0.0694496, -0.0195655, -0.0697929, 0.997409, -0.0174501, 0.0183029, 0.0187701, 0.999656, 0.00295242  
146, 9.74295, 16.1255, 179.872, 0.997355, 0.0697062, -0.020593, -0.0700808, 0.997378, -0.0180687, 0.0192795, 0.0194641, 0.999625, 0.00293661  
147, 9.7784, 16.1116, 179.894, 0.997412, 0.0691973, -0.0195098, -0.0695402, 0.997426, -0.0174796, 0.0182501, 0.0187911, 0.999657, 0.00290887  
148, 9.71568, 16.1144, 179.88, 0.997403, 0.0689457, -0.0208402, -0.0693115, 0.997444, -0.0173724, 0.0195892, 0.0187718, 0.999632, 0.00287864  
149, 9.71947, 16.1052, 179.877, 0.99737, 0.0696639, -0.0199866, -0.0700296, 0.997379, -0.0182205, 0.0186649, 0.0195723, 0.999634, 0.00293106  
150, 9.76621, 16.1208, 179.885, 0.997386, 0.0693643, -0.0202516, -0.0697245, 0.99741, -0.0176574, 0.0189744, 0.0190233, 0.999639, 0.00294521  
151, 9.74937, 16.1135, 179.889, 0.997399, 0.0692526, -0.019971, -0.0696083, 0.997417, -0.0177062, 0.0186932, 0.0190503, 0.999644, 0.00295464  
152, 9.76767, 16.1287, 179.884, 0.997368, 0.0693878, -0.0210147, -0.0697761, 0.997394, -0.0183476, 0.0196868, 0.0197657, 0.999611, 0.00289417  
153, 9.77092, 16.132, 179.882, 0.99744, 0.0686523, -0.0200086, -0.0690001, 0.997468, -0.0172447, 0.0187741, 0.0185811, 0.999651, 0.00288724  
154, 9.74007, 16.1162, 179.881, 0.997345, 0.0698648, -0.0205521, -0.0702348, 0.99737, -0.0178682, 0.0192497, 0.0192642, 0.999629, 0.00304978  
155, 9.75248, 16.1183, 179.894, 0.997429, 0.0687378, -0.0202623, -0.0690916, 0.99746, -0.0173092, 0.019021, 0.0186646, 0.999645, 0.00297184  
156, 9.76048, 16.1453, 179.89, 0.997423, 0.0689102, -0.0199451, -0.0692645, 0.997442, -0.0176534, 0.0186776, 0.0189894, 0.999645, 0.00298959  
157, 9.7578, 16.0872, 179.887, 0.997377, 0.0694069, -0.0205283, -0.0697742, 0.997405, -0.0177503, 0.019243, 0.0191361, 0.999632, 0.00293523  
158, 9.75365, 16.1124, 179.879, 0.997327, 0.0700004, -0.0209515, -0.0703841, 0.997354, -0.0181733, 0.019624, 0.0195994, 0.999615, 0.00280153  
159, 9.71375, 16.0989, 179.897, 0.997359, 0.0697841, -0.0201057, -0.0701545, 0.997367, -0.0183425, 0.0187728, 0.0197046, 0.99963, 0.00306726  
160, 9.76938, 16.1184, 179.902, 0.99742, 0.0689495, -0.0199675, -0.0692949, 0.997449, -0.0171543, 0.0187338, 0.0184937, 0.999653, 0.00293384  
161, 9.77064, 16.0995, 179.896, 0.997419, 0.0690892, -0.0195276, -0.0694292, 0.997437, -0.0173061, 0.0182819, 0.0186172, 0.99966, 0.00293717  
162, 9.74506, 16.1131, 179.885, 0.997401, 0.0690888, -0.0204639, -0.0694648, 0.997417, -0.018269, 0.0191489, 0.019643, 0.999624, 0.00293134  
163, 9.73442, 16.1014, 179.883, 0.997363, 0.0695646, -0.0206819, -0.0699534, 0.997375, -0.0187108, 0.019326, 0.0201082, 0.999611, 0.00292358  
164, 9.75807, 16.1198, 179.875, 0.997404, 0.0690838, -0.0203251, -0.0694467, 0.997428, -0.0177261, 0.0190483, 0.0190916, 0.999636, 0.00297628  
165, 9.75073, 16.0925, 179.886, 0.997381, 0.069442, -0.0202451, -0.0698128, 0.997394, -0.0182199, 0.0189271, 0.0195856, 0.999629, 0.00289279  
166, 9.73298, 16.1009, 179.872, 0.997372, 0.0696359, -0.0200148, -0.0700009, 0.997382, -0.0181524, 0.0186984, 0.0195057, 0.999635, 0.00295242  
167, 9.7246, 16.0994, 179.856, 0.997353, 0.0698966, -0.0200439, -0.0702561, 0.99737, -0.0178319, 0.0187448, 0.0191929, 0.99964, 0.00301234  
168, 9.80769, 16.0841, 179.874, 0.997391, 0.0691924, -0.0205575, -0.0695587, 0.997421, -0.0176719, 0.0192817, 0.0190558, 0.999632, 0.00286838  
169, 9.81152, 16.005, 179.921, 0.997453, 0.0684414, -0.0200777, -0.0688103, 0.997462, -0.0182914, 0.0187748, 0.0196264, 0.999631, 0.00297406  
170, 9.81743, 16.0067, 179.953, 0.997391, 0.0694275, -0.019753, -0.0698144, 0.997367, -0.0196238, 0.0183386, 0.0209517, 0.999612, 0.00286782  
171, 9.83601, 15.9814, 179.926, 0.997355, 0.0696151, -0.0208756, -0.0700408, 0.997335, -0.0204058, 0.0193994, 0.0218139, 0.999574, 0.00292108  
172, 9.66317, 16.1141, 179.935, 0.997372, 0.069052, -0.021948, -0.0694444, 0.99743, -0.0176503, 0.0206728, 0.0191281, 0.999603, 0.00295714  
173, 9.6832, 16.124, 179.941, 0.997373, 0.0689849, -0.0220809, -0.0693747, 0.997439, -0.0174028, 0.0208238, 0.018889, 0.999605, 0.00280513  
174, 9.6919, 16.122, 179.941, 0.997392, 0.0686924, -0.0221366, -0.0690947, 0.997449, -0.0179496, 0.0208472, 0.0194323, 0.999594, 0.0029527  
175, 9.71319, 16.114, 179.954, 0.997395, 0.068729, -0.0218997, -0.0691176, 0.997455, -0.017511, 0.0206404, 0.018979, 0.999607, 0.00290638  
176, 9.69856, 16.12, 179.949, 0.9974, 0.0686816, -0.0218206, -0.0690684, 0.997459, -0.0174946, 0.0205636, 0.0189563, 0.999609, 0.00295769  
177, 9.69782, 16.1127, 179.943, 0.997379, 0.0691455, -0.0213106, -0.0695217, 0.997428, -0.0174479, 0.0200493, 0.0188837, 0.999621, 0.00306504  
178, 9.71147, 16.1041, 179.952, 0.997393, 0.0688103, -0.0217437, -0.0692061, 0.99744, -0.0180111, 0.0204487, 0.0194689, 0.999601, 0.0044891  
179, 9.69212, 16.1288, 179.949, 0.997368, 0.0693267, -0.0212374, -0.0697156, 0.997402, -0.0181524, 0.0199238, 0.0195852, 0.99961, 0.00299403  
180, 9.69394, 16.1117, 179.944, 0.997385, 0.0692544, -0.0206783, -0.0696237, 0.997416, -0.0177111, 0.0193983, 0.0191045, 0.999629, 0.00299597  
181, 9.68939, 16.1052, 179.982, 0.997336, 0.0695038, -0.022119, -0.0699081, 0.99739, -0.018064, 0.0208057, 0.0195622, 0.999592, 0.00303675  
182, 9.69761, 16.1098, 179.962, 0.99736, 0.0693465, -0.0215256, -0.0697472, 0.997394, -0.0184601, 0.0201894, 0.0199127, 0.999598, 0.00282677  
183, 9.68549, 16.1436, 179.943, 0.997328, 0.069482, -0.0225491, -0.0699153, 0.997371, -0.0190299, 0.0211676, 0.0205556, 0.999565, 0.00280735  
184, 9.65776, 16.1096, 179.937, 0.997363, 0.0693121, -0.0215232, -0.0696912, 0.997417, -0.017393, 0.0202621, 0.0188471, 0.999617, 0.00303647  
185, 9.6588, 16.112, 179.93, 0.997368, 0.0691339, -0.0218633, -0.0695411, 0.997408, -0.0184482, 0.0205312, 0.01992, 0.999591, 0.0029183  
186, 9.67595, 16.1366, 179.933, 0.997357, 0.0695315, -0.0210951, -0.0699215, 0.997384, -0.0183456, 0.0197643, 0.0197721, 0.999609, 0.00282566  
187, 9.6808, 16.1088, 179.93, 0.997337, 0.0696958, -0.0214684, -0.0700874, 0.997377, -0.0180642, 0.0201531, 0.0195208, 0.999606, 0.00300485  
188, 9.71329, 16.1443, 179.911, 0.997356, 0.0693845, -0.0216132, -0.0697911, 0.997387, -0.0186658, 0.0202616, 0.0201249, 0.999592, 0.00288557  
189, 9.70312, 16.1333, 179.914, 0.997327, 0.0696508, -0.022089, -0.0700579, 0.997376, -0.0182246, 0.0207617, 0.0197234, 0.99959, 0.00307502  
190, 9.68741, 16.1226, 179.921, 0.997382, 0.0689613, -0.0217393, -0.0693524, 0.997434, -0.0177807, 0.0204574, 0.0192418, 0.999606, 0.00280985  
191, 9.69254, 16.1187, 179.929, 0.997392, 0.068932, -0.0214087, -0.0693367, 0.997417, -0.0187739, 0.0200592, 0.0202094, 0.999595, 0.00299708  
192, 9.70918, 16.1234, 179.948, 0.997387, 0.0688941, -0.0217502, -0.0692812, 0.997442, -0.0175746, 0.0204838, 0.0190355, 0.999609, 0.00300096  
193, 9.68023, 16.1341, 179.951, 0.997413, 0.0686487, -0.0213152, -0.0690599, 0.997428, -0.0191927, 0.0199429, 0.020615, 0.999589, 0.00283343  
194, 9.67255, 16.1226, 179.934, 0.997375, 0.0688269, -0.0224799, -0.0692475, 0.997428, -0.0185004, 0.0211487, 0.0200085, 0.999576, 0.00286089  
195, 9.68681, 16.1184, 179.923, 0.997324, 0.069843, -0.0216005, -0.0702487, 0.997356, -0.0186286, 0.0202423, 0.0200961, 0.999593, 0.00282732  
196, 9.70634, 16.1386, 179.958, 0.997403, 0.0686181, -0.0218864, -0.0690006, 0.997468, -0.0172277, 0.0206488, 0.0186932, 0.999612, 0.00298987  
197, 9.71003, 16.1261, 179.943, 0.997359, 0.069164, -0.0221477, -0.0695853, 0.997398, -0.0188516, 0.0207862, 0.020343, 0.999577, 0.00283204  
198, 9.68485, 16.1065, 179.937, 0.997451, 0.0681693, -0.0210622, -0.0685552, 0.997482, -0.0181768, 0.01977, 0.0195744, 0.999613, 0.00284175  
199, 9.71347, 16.1218, 179.917, 0.997396, 0.0687859, -0.0216578, -0.0691899, 0.997432, -0.0184905, 0.0203303, 0.0199409, 0.999594, 0.0029993  
200, 9.71044, 16.1324, 179.963, 0.997387, 0.0689829, -0.0214473, -0.069388, 0.997413, -0.0187528, 0.0200982, 0.0201919, 0.999594, 0.00280985  
201, 9.68419, 16.1233, 179.907, 0.997397, 0.0689995, -0.0209349, -0.0693737, 0.997434, -0.0177103, 0.0196591, 0.0191166, 0.999624, 0.00285368  
202, 9.68933, 16.1297, 179.94, 0.997403, 0.0688588, -0.0211197, -0.0692436, 0.997436, -0.018065, 0.0198217, 0.0194805, 0.999614, 0.00302094  
203, 9.59986, 16.3005, 179.851, 0.997299, 0.0697715, -0.0229443, -0.0701707, 0.997389, -0.0170771, 0.0216929, 0.018641, 0.999591, 0.00281401  
204, 9.68399, 16.1847, 179.877, 0.9973, 0.0698326, -0.022698, -0.0702263, 0.997386, -0.0170365, 0.021449, 0.0185845, 0.999597, 0.00283426  
205, 9.67397, 16.1108, 179.933, 0.997303, 0.0695436, -0.0234641, -0.069993, 0.997368, -0.0189076, 0.0220875, 0.0204989, 0.999546, 0.00284979  
206, 9.69626, 16.1176, 179.951, 0.997394, 0.0687627, -0.0218435, -0.0691605, 0.997443, -0.0180099, 0.0205493, 0.0194737, 0.999599, 0.0030484  
207, 9.68095, 16.1453, 179.917, 0.997389, 0.0689899, -0.021338, -0.0693855, 0.99742, -0.0183897, 0.0200142, 0.0198223, 0.999603, 0.00288336  
208, 9.81552, 16.0237, 179.927, 0.997396, 0.0694527, -0.0194238, -0.069829, 0.99737, -0.019415, 0.0180243, 0.0207208, 0.999623, 0.00290194  
209, 9.84318, 15.9952, 179.949, 0.997384, 0.0692189, -0.0208182, -0.0696549, 0.99735, -0.0209978, 0.0193096, 0.0223929, 0.999563, 0.00280929  
210, 9.69848, 16.111, 179.947, 0.997335, 0.0697536, -0.0213883, -0.0701506, 0.997366, -0.018412, 0.0200477, 0.0198634, 0.999602, 0.00301983  
211, 9.6999, 16.1297, 179.911, 0.997376, 0.0688649, -0.0223477, -0.0692794, 0.997429, -0.0183377, 0.0210274, 0.0198379, 0.999582, 0.00303591  
212, 9.66657, 16.1194, 179.926, 0.997395, 0.0686737, -0.022068, -0.0690954, 0.99743, -0.0189501, 0.0207099, 0.0204255, 0.999577, 0.00302204  
213, 9.66738, 16.1002, 179.939, 0.997366, 0.0690409, -0.0222324, -0.0694452, 0.997424, -0.0179556, 0.0209355, 0.0194522, 0.999592, 0.0028043  
214, 9.72312, 16.1287, 179.963, 0.997416, 0.068448, -0.0218347, -0.068833, 0.997477, -0.0173957, 0.0205889, 0.0188537, 0.99961, 0.00296685  
215, 9.59723, 16.221, 179.877, 0.997345, 0.0696483, -0.0212681, -0.0700106, 0.997405, -0.0167927, 0.0200433, 0.0182371, 0.999633, 0.00286754  
216, 9.60048, 16.207, 179.876, 0.997369, 0.0690242, -0.0221727, -0.0694028, 0.997448, -0.0167823, 0.0209578, 0.0182769, 0.999613, 0.00297489  
217, 9.60304, 16.2251, 179.85, 0.997397, 0.0690038, -0.0208997, -0.0693797, 0.997431, -0.0178309, 0.0196156, 0.0192345, 0.999623, 0.0028828  
218, 9.60591, 16.2226, 179.842, 0.997428, 0.0688745, -0.0198533, -0.0692169, 0.997455, -0.0171039, 0.0186247, 0.0184341, 0.999657, 0.00280791  
219, 9.7558, 16.1209, 179.87, 0.997412, 0.0690433, -0.0200353, -0.0693985, 0.997434, -0.0176109, 0.018768, 0.0189558, 0.999644, 0.00286477  
220, 9.7518, 16.1371, 179.881, 0.997452, 0.0684366, -0.0201282, -0.0688036, 0.997465, -0.0181438, 0.0188355, 0.0194825, 0.999633, 0.00280569  
221, 9.73988, 16.1333, 179.868, 0.997414, 0.0691003, -0.0197549, -0.069452, 0.997428, -0.0177077, 0.0184805, 0.0190339, 0.999648, 0.00306476  
222, 9.75728, 16.1356, 179.882, 0.997375, 0.069596, -0.0199774, -0.0699661, 0.997378, -0.0184629, 0.0186401, 0.0198122, 0.99963, 0.00290444  
223, 9.75039, 16.1412, 179.877, 0.997374, 0.0695613, -0.0201422, -0.0699186, 0.997397, -0.0176155, 0.0188644, 0.0189775, 0.999642, 0.00284757  
224, 9.73964, 16.1489, 179.884, 0.9974, 0.0693388, -0.0196378, -0.0696734, 0.997427, -0.0168975, 0.0184156, 0.0182218, 0.999664, 0.00286449  
225, 9.73719, 16.1293, 179.865, 0.997409, 0.0691036, -0.0200213, -0.0694689, 0.997419, -0.0181666, 0.0187142, 0.0195104, 0.999634, 0.00290388  
226, 9.75609, 16.1357, 179.85, 0.997425, 0.0689159, -0.0198309, -0.0692748, 0.997435, -0.0180136, 0.0185386, 0.019341, 0.999641, 0.00291165  
227, 9.75807, 16.1097, 179.868, 0.997415, 0.0691278, -0.0196275, -0.0694658, 0.997438, -0.0170945, 0.0183955, 0.0184137, 0.999661, 0.0029122  
228, 9.77201, 16.1264, 179.849, 0.997427, 0.0689271, -0.0197045, -0.0692619, 0.997456, -0.0168467, 0.0184932, 0.0181681, 0.999664, 0.00280236  
229, 9.76547, 16.1243, 179.86, 0.997347, 0.0698913, -0.0203591, -0.0702527, 0.997374, -0.0176144, 0.0190746, 0.0189979, 0.999638, 0.00291359  
230, 9.7378, 16.1306, 179.858, 0.997363, 0.0698868, -0.0195729, -0.0702487, 0.997359, -0.0184579, 0.0182312, 0.0197842, 0.999638, 0.00287309  
231, 9.75935, 16.1314, 179.857, 0.997369, 0.0695737, -0.0203593, -0.0699481, 0.997383, -0.0182949, 0.0190332, 0.0196709, 0.999625, 0.00293633  
232, 9.74782, 16.1271, 179.873, 0.997404, 0.0692721, -0.0196794, -0.0696031, 0.997436, -0.0166612, 0.0184748, 0.0179877, 0.999668, 0.00296241  
233, 9.73553, 16.1301, 179.841, 0.997364, 0.0696239, -0.0204267, -0.0700034, 0.997375, -0.0184893, 0.0190858, 0.0198705, 0.99962, 0.00280902  
234, 9.72881, 16.1094, 179.848, 0.997389, 0.069512, -0.0195722, -0.0698765, 0.997382, -0.0185975, 0.0182282, 0.0199166, 0.999635, 0.00289667  
235, 9.74995, 16.1425, 179.842, 0.99739, 0.0693462, -0.0200879, -0.0697155, 0.997399, -0.0183074, 0.0187661, 0.0196601, 0.999631, 0.00292746  
236, 9.78309, 16.1227, 179.892, 0.997424, 0.0690324, -0.0194798, -0.0693649, 0.997447, -0.0169429, 0.0182605, 0.0182505, 0.999667, 0.00295215  
237, 9.75672, 16.1136, 179.869, 0.997371, 0.0696366, -0.0200391, -0.0699997, 0.997384, -0.018029, 0.0187312, 0.0193843, 0.999637, 0.00295908  
238, 9.75156, 16.1329, 179.854, 0.997376, 0.0695756, -0.0200127, -0.0699332, 0.997394, -0.0177624, 0.0187247, 0.0191154, 0.999642, 0.00289417  
239, 9.7405, 16.1284, 179.862, 0.997352, 0.0700634, -0.0194973, -0.0704158, 0.997355, -0.0180144, 0.0181836, 0.0193396, 0.999648, 0.00280819  
240, 9.74917, 16.1439, 179.893, 0.997401, 0.0694441, -0.0192031, -0.0697849, 0.997405, -0.0176894, 0.0179249, 0.0189835, 0.999659, 0.00294604  
241, 9.74526, 16.121, 179.852, 0.997394, 0.0695471, -0.019199, -0.0698866, 0.997399, -0.0176151, 0.017924, 0.018911, 0.99966, 0.00297295  
242, 9.74585, 16.0917, 179.852, 0.997409, 0.0691806, -0.0197239, -0.0695335, 0.997421, -0.0178041, 0.0184413, 0.0191294, 0.999647, 0.00293523  
243, 9.7691, 16.1102, 179.894, 0.997397, 0.0691451, -0.0204727, -0.0694988, 0.997435, -0.0170995, 0.0192379, 0.0184779, 0.999644, 0.00291082  
244, 9.72923, 16.1065, 179.874, 0.99745, 0.0685687, -0.019774, -0.0689092, 0.997477, -0.0170822, 0.0185528, 0.0184012, 0.999659, 0.00291387  
245, 9.7346, 16.1239, 179.877, 0.997398, 0.0692971, -0.0198555, -0.0696469, 0.997418, -0.0175006, 0.0185915, 0.018838, 0.99965, 0.00295658  
246, 9.73891, 16.1265, 179.877, 0.997401, 0.069066, -0.0205149, -0.0694343, 0.997427, -0.0178171, 0.0192315, 0.0191953, 0.999631, 0.0029735  
247, 9.63382, 16.1629, 179.93, 0.997325, 0.0699951, -0.0210807, -0.0703337, 0.997399, -0.0157695, 0.0199221, 0.01721, 0.999653, 0.00294937  
248, 9.64959, 16.2811, 179.948, 0.997318, 0.0694857, -0.0229774, -0.069929, 0.997369, -0.0190863, 0.0215907, 0.0206419, 0.999554, 0.00292247  
249, 9.6354, 16.2971, 179.988, 0.997324, 0.0699931, -0.0211109, -0.0703348, 0.997397, -0.0159048, 0.0199427, 0.017347, 0.999651, 0.00310859  
250, 9.58083, 16.2939, 179.97, 0.997246, 0.0708614, -0.0219084, -0.071235, 0.997319, -0.0167684, 0.0206614, 0.0182828, 0.999619, 0.00281984  
251, 9.61639, 16.306, 179.966, 0.997249, 0.0703544, -0.0233445, -0.0708085, 0.997304, -0.0192326, 0.0219285, 0.0208327, 0.999542, 0.00283204  
252, 9.56966, 16.2395, 179.962, 0.997288, 0.0704333, -0.0213432, -0.0707926, 0.997353, -0.0165743, 0.0201193, 0.0180403, 0.999635, 0.00293578  
253, 9.60898, 16.3097, 179.988, 0.997233, 0.070673, -0.0230549, -0.0710703, 0.997328, -0.0168899, 0.0217996, 0.0184817, 0.999592, 0.00303286  
254, 9.57559, 16.2854, 179.965, 0.997244, 0.0706897, -0.0225188, -0.0710684, 0.997335, -0.0164844, 0.0212935, 0.0180394, 0.999611, 0.00291858  
255, 9.60296, 16.2565, 179.989, 0.997241, 0.0706893, -0.0226495, -0.0711111, 0.997299, -0.0183907, 0.0212883, 0.0199506, 0.999574, 0.00287254  
256, 9.59217, 16.2552, 180.004, 0.997205, 0.0709375, -0.0234444, -0.0713809, 0.997275, -0.0186522, 0.0220573, 0.0202735, 0.999551, 0.00290832  
257, 9.60659, 16.2749, 179.985, 0.997167, 0.0716875, -0.0227781, -0.0720928, 0.997244, -0.0174986, 0.0214609, 0.0190912, 0.999587, 0.00297156  
258, 9.60595, 16.2978, 179.978, 0.997207, 0.0708993, -0.0234646, -0.0713266, 0.997292, -0.0179043, 0.0221316, 0.019528, 0.999564, 0.00281706  
259, 9.58733, 16.2666, 179.963, 0.997228, 0.0708262, -0.0228072, -0.0712559, 0.997284, -0.0186132, 0.021427, 0.0201868, 0.999567, 0.00296352  
260, 9.60895, 16.2719, 179.982, 0.99725, 0.0705014, -0.0228489, -0.0709037, 0.997333, -0.0173038, 0.021568, 0.0188763, 0.999589, 0.00294327  
261, 9.60908, 16.3078, 179.967, 0.997213, 0.071152, -0.0224515, -0.0715654, 0.99727, -0.0181817, 0.0210965, 0.0197378, 0.999583, 0.00312995  
262, 9.60066, 16.3069, 179.959, 0.997309, 0.0699027, -0.0220849, -0.070274, 0.997391, -0.0165086, 0.0208732, 0.0180162, 0.99962, 0.00296768  
263, 9.61426, 16.2886, 179.951, 0.997227, 0.0709389, -0.0225104, -0.0713394, 0.997298, -0.0175179, 0.0212068, 0.0190752, 0.999593, 0.00293883  
264, 9.59253, 16.2808, 179.981, 0.997165, 0.0719021, -0.0221863, -0.0722967, 0.997229, -0.0175261, 0.0208647, 0.0190804, 0.9996, 0.00300013  
265, 9.62113, 16.3112, 179.981, 0.997276, 0.0700308, -0.023158, -0.070445, 0.997361, -0.017583, 0.0218656, 0.0191665, 0.999577, 0.00293661  
266, 9.59896, 16.2887, 179.966, 0.997297, 0.0701527, -0.0218289, -0.0705324, 0.997362, -0.0171425, 0.0205688, 0.0186358, 0.999615, 0.00301955  
267, 9.59602, 16.314, 179.982, 0.997327, 0.0695378, -0.0224241, -0.0699382, 0.997396, -0.0175921, 0.0211424, 0.0191134, 0.999594, 0.0029735  
268, 9.60315, 16.3371, 179.995, 0.997286, 0.070354, -0.0217026, -0.0707082, 0.997369, -0.0160122, 0.020519, 0.0175033, 0.999636, 0.00279765  
269, 9.61003, 16.2851, 180.015, 0.997277, 0.0698956, -0.0235342, -0.0703309, 0.997358, -0.0182067, 0.0221994, 0.0198123, 0.999557, 0.00299542  
270, 9.66765, 16.2433, 179.962, 0.997294, 0.0703695, -0.0212928, -0.0707514, 0.997336, -0.0177459, 0.0199874, 0.0192044, 0.999616, 0.0029036  
271, 9.70787, 16.1977, 179.878, 0.997319, 0.0705702, -0.0193717, -0.0709505, 0.997285, -0.0197019, 0.0179287, 0.0210235, 0.999618, 0.00275493  
272, 9.72968, 16.1006, 179.833, 0.997363, 0.0707857, -0.0159962, -0.0710265, 0.997361, -0.0150195, 0.0148908, 0.0161161, 0.999759, 0.00283537  
273, 9.71441, 16.0626, 179.837, 0.997293, 0.0712263, -0.018265, -0.0715517, 0.997278, -0.0178268, 0.0169455, 0.0190854, 0.999674, 0.00281373  
274, 9.78756, 16.1415, 179.88, 0.997504, 0.0679162, -0.0193418, -0.068235, 0.997536, -0.0163244, 0.0181855, 0.0176034, 0.99968, 0.00279348  
275, 9.73643, 16.1073, 179.863, 0.99744, 0.0687801, -0.0195879, -0.0691287, 0.997451, -0.0177099, 0.0183199, 0.0190187, 0.999651, 0.00299292  
276, 9.75522, 16.1151, 179.868, 0.99739, 0.069619, -0.0191165, -0.0699475, 0.997404, -0.0170939, 0.0178768, 0.0183864, 0.999671, 0.00298404  
277, 9.76301, 16.1274, 179.879, 0.997408, 0.0690325, -0.020274, -0.0693926, 0.997434, -0.017628, 0.0190051, 0.0189891, 0.999639, 0.00286422  
278, 9.74217, 16.1173, 179.877, 0.997431, 0.0689202, -0.0195155, -0.0692503, 0.997458, -0.016774, 0.0183098, 0.0180824, 0.999669, 0.00295353  
279, 9.76143, 16.13, 179.871, 0.997383, 0.0694558, -0.0200882, -0.0698195, 0.997397, -0.0180114, 0.0187849, 0.0193668, 0.999636, 0.00274661  
280, 9.76357, 16.1202, 179.869, 0.997408, 0.0691925, -0.0197593, -0.0695507, 0.997415, -0.0180581, 0.0184587, 0.0193855, 0.999642, 0.00292191  
281, 9.76316, 16.1093, 179.887, 0.997428, 0.0690307, -0.0192736, -0.069368, 0.997439, -0.0174178, 0.0180219, 0.0187099, 0.999663, 0.0030312  
