0, 0, 0, 0, 0, 0, 0, 0, 0, 0, 0, 0, 0, 0.00618444  
1, 17.4106, -12.5648, 180.017, 0.999616, 0.0258823, 0.00984835, -0.0255746, 0.999217, -0.0301844, -0.0106219, 0.029921, 0.999496, 0.0036847  
2, 17.4084, -12.5298, 179.985, 0.999614, 0.0261729, 0.00929691, -0.0258911, 0.999237, -0.0292361, -0.010055, 0.0289841, 0.999529, 0.00302343  
3, 17.4181, -12.5493, 180.014, 0.999604, 0.0263853, 0.00975807, -0.0260765, 0.999194, -0.0305208, -0.0105555, 0.0302542, 0.999486, 0.00290111  
4, 17.4289, -12.5331, 179.995, 0.99962, 0.0258929, 0.00948885, -0.0256072, 0.999249, -0.0290872, -0.0102349, 0.0288331, 0.999532, 0.00286338  
5, 17.4132, -12.564, 180.015, 0.999616, 0.0257915, 0.0101187, -0.025483, 0.999239, -0.0295159, -0.0108723, 0.0292468, 0.999513, 0.00300818  
6, 17.446, -12.5544, 180.022, 0.99962, 0.0259041, 0.00945269, -0.0256225, 0.999257, -0.0287834, -0.0101913, 0.0285302, 0.999541, 0.0029968  
7, 17.4274, -12.5596, 180.027, 0.999614, 0.0261848, 0.00932728, -0.0258902, 0.999202, -0.0304088, -0.0101161, 0.0301556, 0.999494, 0.00303952  
8, 17.4524, -12.5522, 180.005, 0.999613, 0.0262526, 0.00917113, -0.0259631, 0.999201, -0.0303744, -0.00996121, 0.0301246, 0.999497, 0.00280597  
9, 17.4179, -12.5773, 180.018, 0.999611, 0.0259579, 0.0101685, -0.0256468, 0.999232, -0.0296171, -0.0109295, 0.0293448, 0.99951, 0.00272137  
10, 17.4265, -12.559, 180.01, 0.999617, 0.026067, 0.00930655, -0.0257646, 0.999179, -0.0312554, -0.0101136, 0.0310036, 0.999468, 0.00291609  
11, 17.4494, -12.5636, 180.007, 0.999613, 0.0262148, 0.0092674, -0.025925, 0.99921, -0.0301148, -0.0100495, 0.0298629, 0.999503, 0.00302565  
12, 17.4538, -12.5862, 180.028, 0.999617, 0.025676, 0.0102867, -0.0253528, 0.999216, -0.0304022, -0.0110592, 0.0301298, 0.999485, 0.00288308  
13, 17.451, -12.6225, 180.034, 0.999611, 0.0256229, 0.010978, -0.0252848, 0.999233, -0.0298969, -0.0117356, 0.0296077, 0.999493, 0.00280763  
14, 17.4565, -12.6097, 180.045, 0.999621, 0.0256825, 0.00990145, -0.0253648, 0.999198, -0.0309688, -0.0106889, 0.0307059, 0.999471, 0.00272941  
15, 17.4535, -12.6087, 180.023, 0.999622, 0.0259581, 0.0090799, -0.025668, 0.999198, -0.0307287, -0.00987028, 0.0304841, 0.999487, 0.00292163  
16, 17.4625, -12.608, 180.03, 0.99963, 0.0256405, 0.00909637, -0.0253531, 0.999216, -0.0304133, -0.00986905, 0.0301714, 0.999496, 0.00326475  
17, 17.4399, -12.6197, 180.028, 0.999609, 0.0263202, 0.00940286, -0.0260156, 0.999175, -0.0311724, -0.0102156, 0.0309156, 0.99947, 0.00287864  
18, 17.4226, -12.6219, 180.023, 0.999635, 0.0253749, 0.00924404, -0.0250765, 0.999203, -0.0310729, -0.0100251, 0.0308297, 0.999474, 0.00284064  
19, 17.4464, -12.6369, 180.04, 0.99964, 0.0253843, 0.00867088, -0.0251039, 0.999203, -0.0310417, -0.00945194, 0.0308129, 0.99948, 0.00289917  
20, 17.4324, -12.6532, 180.044, 0.999642, 0.0254099, 0.00832859, -0.0251376, 0.999193, -0.0313195, -0.00911769, 0.0310989, 0.999475, 0.00290305  
21, 17.4364, -12.6469, 180.001, 0.999621, 0.0257328, 0.00975509, -0.0254244, 0.999211, -0.0305186, -0.0105327, 0.030259, 0.999487, 0.00321926  
22, 17.4242, -12.6461, 180.007, 0.999635, 0.0256655, 0.00838349, -0.0253938, 0.999195, -0.0310437, -0.00917349, 0.0308195, 0.999483, 0.00299736  
23, 17.4352, -12.6392, 180.014, 0.999626, 0.0258797, 0.00879605, -0.025598, 0.999199, -0.0307484, -0.00958476, 0.0305117, 0.999488, 0.00281845  
24, 17.4207, -12.6837, 180.065, 0.99964, 0.0253413, 0.00884104, -0.0250519, 0.999192, -0.031432, -0.00963043, 0.0311991, 0.999467, 0.00279127  
25, 17.4247, -12.6686, 180.032, 0.99964, 0.0255322, 0.00830163, -0.0252588, 0.999184, -0.0315222, -0.00909969, 0.0313012, 0.999469, 0.00309888  
26, 17.433, -12.6913, 180.051, 0.999637, 0.0252694, 0.00931689, -0.0249694, 0.999207, -0.0310237, -0.0100934, 0.0307798, 0.999475, 0.0031427  
27, 17.4316, -12.6903, 180.026, 0.999644, 0.0251908, 0.00879011, -0.0249093, 0.999215, -0.0307938, -0.00955893, 0.0305639, 0.999487, 0.00280597  
28, 17.4342, -12.708, 180.036, 0.999637, 0.0255071, 0.00870203, -0.0252225, 0.999189, -0.0313788, -0.00949536, 0.0311479, 0.99947, 0.00284314  
29, 17.453, -12.6843, 180.034, 0.99963, 0.0257404, 0.00881961, -0.0254531, 0.999187, -0.0312764, -0.0096175, 0.0310403, 0.999472, 0.00277129  
30, 17.4157, -12.7301, 180.042, 0.999651, 0.0246482, 0.00951719, -0.0243449, 0.99923, -0.0307735, -0.0102684, 0.0305311, 0.999481, 0.00291886  
31, 17.4345, -12.7107, 180.02, 0.999644, 0.0251677, 0.00890419, -0.0248869, 0.999229, -0.0303577, -0.00966136, 0.0301252, 0.999499, 0.00307114  
32, 17.461, -12.7106, 180.042, 0.999654, 0.0249245, 0.00837122, -0.0246505, 0.999204, -0.031378, -0.00914663, 0.0311608, 0.999473, 0.0030018  
33, 17.4719, -12.7337, 180.047, 0.999639, 0.0252474, 0.00920919, -0.0249453, 0.99919, -0.0315627, -0.00999861, 0.0313216, 0.999459, 0.00288474  
34, 17.4196, -12.6959, 180.03, 0.999645, 0.0252594, 0.00843947, -0.0249923, 0.999226, -0.0303849, -0.00920044, 0.0301632, 0.999503, 0.00280985  
35, 17.4599, -12.6902, 180.026, 0.999647, 0.0251147, 0.0086341, -0.0248348, 0.999207, -0.0311261, -0.00940898, 0.0309007, 0.999478, 0.00280402  
36, 17.4461, -12.7039, 180.046, 0.99964, 0.0253188, 0.00886761, -0.0250405, 0.99923, -0.0302013, -0.00962544, 0.0299684, 0.999505, 0.0029  
37, 17.4431, -12.7059, 180.013, 0.999641, 0.0253241, 0.00873257, -0.0250432, 0.999209, -0.0309039, -0.00950827, 0.0306742, 0.999484, 0.00298987  
38, 17.4456, -12.6875, 180.02, 0.999641, 0.0250117, 0.00964341, -0.0247129, 0.999246, -0.0299508, -0.0103853, 0.0297017, 0.999505, 0.00280652  
39, 17.4456, -12.6919, 180.025, 0.999637, 0.0255204, 0.00865731, -0.0252341, 0.999178, -0.0317162, -0.00945961, 0.0314862, 0.999459, 0.00276713  
40, 17.4464, -12.6828, 180.022, 0.999628, 0.0257889, 0.00891488, -0.0254945, 0.999172, -0.0316925, -0.00972481, 0.0314534, 0.999458, 0.00280985  
41, 17.4413, -12.6742, 180.011, 0.999644, 0.0253026, 0.00846666, -0.0250266, 0.999198, -0.0312569, -0.00925076, 0.0310339, 0.999476, 0.00289584  
42, 17.4392, -12.6884, 180.045, 0.99963, 0.0255811, 0.00927068, -0.0252841, 0.999204, -0.0308434, -0.0100523, 0.0305975, 0.999481, 0.00304257  
43, 17.4499, -12.6672, 180.016, 0.999634, 0.0253882, 0.00930747, -0.025095, 0.999223, -0.0303782, -0.0100715, 0.0301335, 0.999495, 0.0028509  
44, 17.4257, -12.673, 180.029, 0.999647, 0.0251436, 0.00861952, -0.0248599, 0.999192, -0.031577, -0.00940651, 0.0313515, 0.999464, 0.00278405  
45, 17.4524, -12.6464, 180.035, 0.999644, 0.0249762, 0.00934798, -0.0246738, 0.999209, -0.0311759, -0.0101192, 0.0309341, 0.99947, 0.00282344  
46, 17.4248, -12.6364, 180.025, 0.999632, 0.0257119, 0.00860242, -0.0254387, 0.999211, -0.030488, -0.00937953, 0.0302579, 0.999498, 0.00294743  
47, 17.4213, -12.6279, 180.016, 0.999632, 0.02567, 0.00872069, -0.0253917, 0.999208, -0.0306481, -0.00950052, 0.0304154, 0.999492, 0.00308029  
48, 17.4228, -12.6362, 180.017, 0.999635, 0.0254504, 0.009031, -0.0251663, 0.999224, -0.0302885, -0.00979485, 0.0300502, 0.9995, 0.00282622  
49, 17.4377, -12.6348, 180.02, 0.999622, 0.0258564, 0.00938766, -0.025551, 0.999183, -0.0313072, -0.0101895, 0.0310555, 0.999466, 0.00282178  
50, 17.4455, -12.6126, 180.021, 0.999629, 0.0258665, 0.00854021, -0.0255871, 0.999181, -0.0313437, -0.00934397, 0.0311136, 0.999472, 0.00290166  
51, 17.4612, -12.5983, 180.026, 0.999599, 0.0265646, 0.00976409, -0.0262546, 0.999186, -0.0306154, -0.0105694, 0.0303468, 0.999484, 0.00294909  
52, 17.4424, -12.6122, 180.034, 0.999627, 0.0256242, 0.00942221, -0.0253169, 0.999186, -0.0314024, -0.0102192, 0.0311521, 0.999462, 0.00299292  
53, 17.4646, -12.5948, 180.012, 0.99961, 0.0262564, 0.00954436, -0.0259561, 0.999203, -0.0303326, -0.0103332, 0.030073, 0.999494, 0.00285673  
54, 17.4634, -12.5899, 180.033, 0.999624, 0.0259664, 0.00882574, -0.0256825, 0.999193, -0.0308785, -0.00962042, 0.0306402, 0.999484, 0.00285423  
55, 17.4369, -12.5925, 180.022, 0.999618, 0.0260105, 0.00937112, -0.0257187, 0.999218, -0.0300212, -0.0101447, 0.0297687, 0.999505, 0.00293939  
56, 17.4494, -12.5917, 180.056, 0.999622, 0.0256346, 0.00993174, -0.0253247, 0.999224, -0.0301712, -0.0106975, 0.0299083, 0.999495, 0.00297017  
57, 17.4409, -12.5611, 180.009, 0.999612, 0.026044, 0.00983829, -0.0257409, 0.999225, -0.0297671, -0.0106059, 0.0295023, 0.999508, 0.00282538  
58, 17.4631, -12.5703, 180.043, 0.999623, 0.0256941, 0.0097225, -0.0253862, 0.99921, -0.0305703, -0.0105003, 0.0303119, 0.999485, 0.00308085  
59, 17.4425, -12.5548, 179.991, 0.999611, 0.0263387, 0.00913389, -0.0260565, 0.999218, -0.0297458, -0.00991021, 0.0294962, 0.999516, 0.00312662  
60, 17.4553, -12.5446, 180.017, 0.999616, 0.0260938, 0.00931901, -0.0258021, 0.999212, -0.0301633, -0.0100987, 0.0299113, 0.999502, 0.00289972  
61, 17.4547, -12.538, 180.019, 0.999606, 0.0263791, 0.00956271, -0.0260867, 0.999224, -0.0295186, -0.010334, 0.0292575, 0.999518, 0.0029785  
62, 17.4334, -12.5637, 180.027, 0.999619, 0.0258805, 0.00960015, -0.025565, 0.999172, -0.0316432, -0.0104111, 0.0313857, 0.999453, 0.00281845  
63, 17.4407, -12.5521, 179.994, 0.999612, 0.0261177, 0.00969299, -0.0258185, 0.999222, -0.0298034, -0.0104638, 0.0295416, 0.999509, 0.00287698  
64, 17.4586, -12.5735, 180.021, 0.999602, 0.0263799, 0.0100202, -0.0260648, 0.999199, -0.030375, -0.0108135, 0.0301017, 0.999488, 0.00287448  
65, 17.4219, -12.5858, 180.019, 0.999618, 0.0256913, 0.0101949, -0.0253804, 0.999241, -0.029539, -0.010946, 0.029269, 0.999512, 0.00289251  
66, 17.4228, -12.538, 180, 0.999598, 0.0266416, 0.00973296, -0.0263423, 0.999212, -0.0296844, -0.0105161, 0.0294161, 0.999512, 0.00297295  
67, 17.4264, -12.5716, 180.003, 0.99961, 0.0260977, 0.00995751, -0.0257874, 0.999214, -0.0301161, -0.0107356, 0.0298476, 0.999497, 0.00281845  
68, 17.4427, -12.5764, 180.019, 0.999635, 0.0255272, 0.00884439, -0.0252488, 0.999222, -0.0302813, -0.00961051, 0.0300469, 0.999502, 0.00294077  
69, 17.4253, -12.5837, 180.034, 0.999616, 0.0259732, 0.00965229, -0.0256708, 0.999213, -0.0302372, -0.0104301, 0.0299778, 0.999496, 0.00289528  
70, 17.4393, -12.5903, 180.017, 0.999619, 0.0260506, 0.0090904, -0.0257654, 0.999212, -0.03019, -0.00986971, 0.0299443, 0.999503, 0.00283343  
71, 17.4452, -12.6217, 180.048, 0.999613, 0.0259267, 0.0100397, -0.0256212, 0.999238, -0.0294414, -0.0107954, 0.0291728, 0.999516, 0.00301095  
72, 17.4427, -12.5933, 180.017, 0.999608, 0.0266304, 0.0085888, -0.026356, 0.999184, -0.0306123, -0.00939701, 0.030374, 0.999494, 0.00291803  
73, 17.4291, -12.6263, 180.041, 0.99963, 0.0253081, 0.00995507, -0.024989, 0.999208, -0.0309656, -0.0107309, 0.0307053, 0.999471, 0.00289806  
74, 17.4467, -12.6064, 180.032, 0.999628, 0.0259073, 0.00849953, -0.025631, 0.999186, -0.0311487, -0.00929959, 0.0309193, 0.999479, 0.00290832  
75, 17.463, -12.6042, 180.041, 0.999634, 0.0254851, 0.00905893, -0.025197, 0.999214, -0.0306092, -0.00983188, 0.0303698, 0.99949, 0.00292468  
76, 17.4486, -12.6231, 180.027, 0.999605, 0.0265173, 0.00932802, -0.0262221, 0.999192, -0.0304666, -0.0101284, 0.0302099, 0.999492, 0.00297156  
77, 17.4403, -12.6268, 180.009, 0.99963, 0.0255587, 0.00926196, -0.025262, 0.999205, -0.0308471, -0.010043, 0.0306017, 0.999481, 0.00290249  
78, 17.4474, -12.6023, 180.007, 0.99964, 0.0253204, 0.00888649, -0.0250318, 0.999199, -0.0312119, -0.00966967, 0.0309782, 0.999473, 0.00288391  
79, 17.4384, -12.6209, 180.001, 0.999613, 0.0263322, 0.00891462, -0.0260522, 0.999205, -0.030192, -0.00970255, 0.0299481, 0.999504, 0.00287171  
80, 17.4369, -12.6641, 180.041, 0.999635, 0.0253586, 0.00930635, -0.0250587, 0.999204, -0.0310403, -0.0100861, 0.0307957, 0.999475, 0.00291969  
81, 17.4495, -12.664, 180.02, 0.999642, 0.0250373, 0.00948583, -0.0247459, 0.999253, -0.0296807, -0.0102219, 0.0294354, 0.999514, 0.00300457  
82, 17.4206, -12.6672, 180.026, 0.999624, 0.0256387, 0.00970312, -0.0253239, 0.99919, -0.0312833, -0.0104973, 0.0310259, 0.999463, 0.00281124  
83, 17.4279, -12.6604, 180.029, 0.999633, 0.0255104, 0.00912072, -0.0252175, 0.999204, -0.0309024, -0.0099018, 0.030661, 0.999481, 0.00282954  
84, 17.4378, -12.668, 180.035, 0.999636, 0.0251726, 0.00967146, -0.0248616, 0.999209, -0.0310266, -0.0104448, 0.0307749, 0.999472, 0.00280292  
85, 17.4301, -12.6584, 180.019, 0.999642, 0.025498, 0.008071, -0.0252357, 0.999198, -0.0310832, -0.00885709, 0.0308684, 0.999484, 0.00282067  
86, 17.4152, -12.671, 180.023, 0.999643, 0.0249999, 0.00944794, -0.0246955, 0.999212, -0.0310682, -0.0102172, 0.0308238, 0.999473, 0.00314797  
87, 17.4408, -12.6636, 180.011, 0.999639, 0.0255285, 0.00840847, -0.0252532, 0.999189, -0.0313629, -0.00920229, 0.0311392, 0.999473, 0.00290083  
88, 17.4353, -12.6659, 180.031, 0.999638, 0.0253703, 0.00897348, -0.0250825, 0.999209, -0.0308586, -0.00974927, 0.0306224, 0.999483, 0.00288696  
89, 17.4371, -12.6717, 180.014, 0.999644, 0.0253354, 0.00836244, -0.0250697, 0.999221, -0.0304752, -0.00912803, 0.0302548, 0.999501, 0.00272553  
90, 17.4452, -12.6914, 180.04, 0.999633, 0.0252496, 0.00982502, -0.0249286, 0.999192, -0.0315255, -0.0106131, 0.031269, 0.999455, 0.00292635  
91, 17.4427, -12.6727, 180.045, 0.999637, 0.0255922, 0.00843908, -0.0253086, 0.999162, -0.0321571, -0.00925498, 0.0319319, 0.999447, 0.00317266  
92, 17.4506, -12.6681, 180.011, 0.999637, 0.0256782, 0.00818364, -0.0254183, 0.999214, -0.0304164, -0.00895824, 0.0301973, 0.999504, 0.00290943  
93, 17.425, -12.6664, 180.016, 0.999644, 0.025335, 0.00842269, -0.0250635, 0.999208, -0.0309107, -0.00919914, 0.0306886, 0.999487, 0.00291442  
94, 17.4307, -12.6858, 180.019, 0.999638, 0.0251111, 0.00965437, -0.0248128, 0.999246, -0.0298658, -0.0103971, 0.0296155, 0.999507, 0.00279487  
95, 17.4484, -12.6411, 180.002, 0.999629, 0.0257647, 0.00881328, -0.0254827, 0.999203, -0.0307394, -0.00959824, 0.0305034, 0.999489, 0.00296879  
96, 17.456, -12.6647, 180.028, 0.999633, 0.0257595, 0.00838615, -0.0254781, 0.99916, -0.0320985, -0.00920595, 0.0318731, 0.99945, 0.00306559  
97, 17.4603, -12.651, 180.04, 0.999648, 0.0249857, 0.0088865, -0.0246969, 0.999207, -0.0312373, -0.00965994, 0.0310069, 0.999472, 0.00298155  
98, 17.4367, -12.6508, 180, 0.999638, 0.0256396, 0.00820192, -0.0253675, 0.999175, -0.0317177, -0.00900838, 0.0314982, 0.999463, 0.0028104  
99, 17.4387, -12.66, 180.027, 0.999627, 0.025602, 0.00952951, -0.0252956, 0.9992, -0.0309898, -0.0103153, 0.0307372, 0.999474, 0.00274966  
100, 17.4521, -12.6507, 180.024, 0.999624, 0.0258221, 0.00918654, -0.0255244, 0.999188, -0.0311703, -0.00998396, 0.0309241, 0.999472, 0.00297434  
101, 17.4502, -12.6383, 180.017, 0.999638, 0.0253948, 0.008885, -0.0251174, 0.999233, -0.0300446, -0.00964116, 0.0298106, 0.999509, 0.00307946  
102, 17.4464, -12.6355, 180.021, 0.999625, 0.0259115, 0.00890584, -0.0256176, 0.99917, -0.0316721, -0.00971912, 0.0314321, 0.999459, 0.00311164  
103, 17.4479, -12.6298, 180.003, 0.999642, 0.0251979, 0.00903149, -0.0249159, 0.999237, -0.030078, -0.00978251, 0.0298422, 0.999507, 0.00293356  
104, 17.4787, -12.6248, 180.047, 0.99963, 0.0259483, 0.00821557, -0.0256757, 0.999167, -0.0317083, -0.00903151, 0.0314856, 0.999463, 0.00277629  
105, 17.4499, -12.6487, 180.061, 0.999635, 0.0254341, 0.00909318, -0.0251358, 0.999187, -0.0315289, -0.0098877, 0.0312889, 0.999461, 0.00302565  
106, 17.4657, -12.633, 180.047, 0.999616, 0.0262027, 0.00896043, -0.0259055, 0.999158, -0.031814, -0.0097865, 0.0315697, 0.999454, 0.00297406  
107, 17.4356, -12.6078, 180.026, 0.999624, 0.0258985, 0.00899553, -0.0256143, 0.99921, -0.0303899, -0.00977547, 0.030148, 0.999498, 0.00319485  
108, 17.4494, -12.5865, 179.986, 0.999625, 0.0260637, 0.00834296, -0.0257945, 0.99919, -0.030898, -0.00914152, 0.0306713, 0.999488, 0.00299625  
109, 17.4236, -12.6193, 180.022, 0.999625, 0.025577, 0.00981389, -0.0252659, 0.999212, -0.0306206, -0.0105893, 0.0303612, 0.999483, 0.00275215  
110, 17.4387, -12.5978, 180.01, 0.999624, 0.0257374, 0.00949914, -0.0254411, 0.999223, -0.0300977, -0.0102664, 0.0298447, 0.999502, 0.00278932  
111, 17.4353, -12.5854, 180.014, 0.999629, 0.0256252, 0.00920757, -0.0253317, 0.999208, -0.030695, -0.00998684, 0.0304503, 0.999486, 0.00302399  
112, 17.4378, -12.5814, 180.017, 0.999618, 0.0260986, 0.00910972, -0.0258071, 0.999194, -0.030762, -0.00990521, 0.0305151, 0.999485, 0.00309278  
113, 17.4417, -12.5652, 180.009, 0.999631, 0.0255892, 0.00909339, -0.0252974, 0.999203, -0.0308754, -0.00987623, 0.030634, 0.999482, 0.00282622  
114, 17.4156, -12.5573, 180.003, 0.999625, 0.0255391, 0.00986629, -0.0252436, 0.999261, -0.029003, -0.0105997, 0.0287431, 0.999531, 0.00272719  
115, 17.4576, -12.5484, 180.011, 0.999617, 0.0262932, 0.00864581, -0.0260103, 0.99917, -0.0313474, -0.00946286, 0.0311105, 0.999471, 0.00294493  
116, 17.4469, -12.5644, 179.996, 0.999604, 0.0266997, 0.00891303, -0.0264185, 0.999192, -0.0302976, -0.00971476, 0.0300502, 0.999501, 0.00307253  
117, 17.4394, -12.5376, 180.003, 0.999616, 0.0260893, 0.00933104, -0.0258062, 0.999238, -0.0292689, -0.0100875, 0.0290169, 0.999528, 0.00286754  
118, 17.4474, -12.5553, 179.992, 0.999612, 0.0263582, 0.00895829, -0.0260766, 0.999203, -0.0302225, -0.00974776, 0.0299772, 0.999503, 0.00280929  
119, 17.4686, -12.5564, 180.019, 0.999613, 0.0264968, 0.00848678, -0.0262262, 0.999189, -0.0305555, -0.00928952, 0.0303211, 0.999497, 0.00296158  
120, 17.4301, -12.5536, 179.991, 0.99962, 0.0259243, 0.0093226, -0.0256339, 0.99922, -0.0300289, -0.0100938, 0.0297786, 0.999506, 0.00282899  
121, 17.467, -12.5585, 180.016, 0.999641, 0.0251849, 0.00909426, -0.0249034, 0.999244, -0.0298438, -0.009839, 0.0296067, 0.999513, 0.00303037  
122, 17.4502, -12.5304, 180.002, 0.99962, 0.0260949, 0.00887364, -0.0258168, 0.999212, -0.030135, -0.00965302, 0.0298945, 0.999506, 0.00300956  
123, 17.4749, -12.5462, 180.007, 0.999624, 0.0259043, 0.00897758, -0.0256243, 0.999221, -0.0300131, -0.00974806, 0.0297717, 0.999509, 0.002824  
124, 17.4485, -12.5902, 180.041, 0.999625, 0.0255795, 0.00972589, -0.0252768, 0.999228, -0.0300683, -0.0104875, 0.0298112, 0.999501, 0.00280929  
125, 17.4665, -12.5661, 180.002, 0.999624, 0.0259491, 0.00885646, -0.0256707, 0.999214, -0.030219, -0.00963365, 0.0299803, 0.999504, 0.00278128  
126, 17.4708, -12.587, 180.029, 0.999621, 0.026201, 0.00846105, -0.025941, 0.999228, -0.0295022, -0.00922751, 0.0292716, 0.999529, 0.00293523  
127, 17.478, -12.5686, 180.027, 0.99963, 0.0258138, 0.00860253, -0.0255374, 0.999198, -0.0308285, -0.00939144, 0.0305974, 0.999488, 0.00307281  
128, 17.4381, -12.5795, 179.999, 0.999629, 0.025783, 0.00872397, -0.0255086, 0.999218, -0.0302226, -0.00949637, 0.0299889, 0.999505, 0.00281873  
129, 17.4466, -12.5771, 180.008, 0.999609, 0.0265251, 0.00879638, -0.0262472, 0.999195, -0.0303317, -0.00959385, 0.0300889, 0.999501, 0.00280985  
130, 17.4501, -12.5913, 180.024, 0.999628, 0.0258958, 0.00857553, -0.0256243, 0.99921, -0.0303892, -0.0093557, 0.0301581, 0.999501, 0.00286976  
131, 17.4411, -12.596, 179.995, 0.999623, 0.0261057, 0.00851369, -0.0258286, 0.99918, -0.0311825, -0.00932075, 0.0309508, 0.999477, 0.00295381  
132, 17.4353, -12.6123, 180.02, 0.99964, 0.0253791, 0.00864958, -0.0251021, 0.999211, -0.0307629, -0.00942349, 0.0305347, 0.999489, 0.00279127  
133, 17.4614, -12.5976, 180.015, 0.999638, 0.0255936, 0.00824213, -0.02533, 0.99921, -0.0306379, -0.00901975, 0.030418, 0.999497, 0.00283176  
134, 17.4664, -12.602, 180.029, 0.999637, 0.0257887, 0.00783395, -0.0255319, 0.999185, -0.0312704, -0.00863399, 0.031059, 0.99948, 0.00279792  
135, 17.458, -12.6389, 180.024, 0.999641, 0.025253, 0.00892243, -0.0249731, 0.999232, -0.0301909, -0.00967799, 0.0299572, 0.999504, 0.0028362  
136, 17.4201, -12.6455, 180.024, 0.999646, 0.0250434, 0.00903557, -0.0247609, 0.999239, -0.0301291, -0.00978323, 0.0298946, 0.999505, 0.00300679  
137, 17.4649, -12.6493, 180.036, 0.999634, 0.0255383, 0.0089562, -0.0252454, 0.999188, -0.0314148, -0.0097512, 0.0311772, 0.999466, 0.00294854  
138, 17.4529, -12.6344, 180.009, 0.999629, 0.0255919, 0.00931812, -0.0252897, 0.999192, -0.0312229, -0.0101097, 0.0309757, 0.999469, 0.0028656  
139, 17.4727, -12.6319, 180.017, 0.999633, 0.0254992, 0.00910543, -0.0252031, 0.999193, -0.0312712, -0.00989547, 0.0310303, 0.999469, 0.00282677  
140, 17.4674, -12.6529, 180.032, 0.999638, 0.0255284, 0.00845591, -0.0252568, 0.999206, -0.0308043, -0.00923558, 0.0305796, 0.99949, 0.00290971  
141, 17.4618, -12.638, 180.023, 0.999638, 0.0255044, 0.00860755, -0.025234, 0.999226, -0.0301832, -0.00937069, 0.0299551, 0.999507, 0.00305838  
142, 17.4445, -12.6441, 180.015, 0.999646, 0.0254059, 0.00783719, -0.0251487, 0.999192, -0.0313428, -0.00862715, 0.0311346, 0.999478, 0.00300845  
143, 17.4471, -12.6624, 180.03, 0.999632, 0.0257194, 0.00858724, -0.0254495, 0.99922, -0.0301843, -0.00935687, 0.0299546, 0.999507, 0.00288779  
144, 17.4539, -12.67, 180.03, 0.999634, 0.0254233, 0.00929804, -0.0251205, 0.999193, -0.0313469, -0.0100875, 0.0311019, 0.999465, 0.00284674  
145, 17.4707, -12.6587, 180.03, 0.999645, 0.0254272, 0.00798212, -0.0251664, 0.999195, -0.0312346, -0.0087699, 0.0310227, 0.99948, 0.00286366  
146, 17.452, -12.6711, 180.047, 0.999637, 0.025369, 0.00904372, -0.0250804, 0.999214, -0.0307131, -0.00981577, 0.0304751, 0.999487, 0.00300512  
147, 17.4623, -12.6838, 180.041, 0.999639, 0.0256082, 0.00811664, -0.0253385, 0.999175, -0.0317473, -0.00892293, 0.0315302, 0.999463, 0.00297961  
148, 17.4671, -12.6633, 180.04, 0.999653, 0.0249736, 0.00838394, -0.024702, 0.999212, -0.0310644, -0.00915312, 0.0308465, 0.999482, 0.00291636  
149, 17.4594, -12.6649, 180.019, 0.999642, 0.0253384, 0.00853879, -0.0250597, 0.999196, -0.0312928, -0.00932483, 0.0310677, 0.999474, 0.00284452  
150, 17.4473, -12.6411, 180.01, 0.999641, 0.0253347, 0.00873274, -0.0250576, 0.99922, -0.0305062, -0.0094988, 0.0302764, 0.999496, 0.00289195  
151, 17.4573, -12.6596, 180.032, 0.999643, 0.025363, 0.00842242, -0.0250894, 0.9992, -0.0311397, -0.00920548, 0.0309173, 0.99948, 0.00293578  
152, 17.4384, -12.6549, 180.011, 0.999635, 0.0255967, 0.00862697, -0.0253194, 0.999203, -0.0308565, -0.00940993, 0.0306268, 0.999487, 0.00291858  
153, 17.423, -12.6616, 180.04, 0.999637, 0.0255064, 0.00862284, -0.0252321, 0.999215, -0.0305527, -0.00939536, 0.0303241, 0.999496, 0.00281984  
154, 17.4474, -12.627, 180.027, 0.99965, 0.0252935, 0.00769242, -0.0250443, 0.999208, -0.0309188, -0.00846837, 0.0307153, 0.999492, 0.00285673  
155, 17.4522, -12.6395, 180.039, 0.999637, 0.025559, 0.00850738, -0.0252804, 0.999188, -0.0313832, -0.00930259, 0.0311567, 0.999471, 0.00291969  
156, 17.4468, -12.6392, 180.019, 0.999629, 0.0258937, 0.00846181, -0.0256241, 0.999205, -0.0305533, -0.00924622, 0.0303251, 0.999497, 0.00294271  
157, 17.441, -12.6462, 180.058, 0.999637, 0.025499, 0.00864283, -0.0252169, 0.999192, -0.0313106, -0.00943423, 0.0310813, 0.999472, 0.00302676  
158, 17.4463, -12.6351, 180.049, 0.999638, 0.0255818, 0.00828738, -0.0253124, 0.999195, -0.0311179, -0.00907676, 0.0308968, 0.999481, 0.00295325  
159, 17.4446, -12.6418, 180.036, 0.999646, 0.0251464, 0.00869604, -0.0248666, 0.999213, -0.0309125, -0.00946654, 0.0306853, 0.999484, 0.00285617  
160, 17.4227, -12.651, 180.027, 0.999626, 0.0253837, 0.0101362, -0.0250738, 0.999247, -0.0296163, -0.0108803, 0.029351, 0.99951, 0.00297572  
161, 17.4512, -12.6137, 180.017, 0.999626, 0.0260393, 0.00837658, -0.0257659, 0.99918, -0.0312387, -0.00918314, 0.0310112, 0.999477, 0.00294771  
162, 17.4833, -12.6277, 180.038, 0.999619, 0.0260239, 0.00914662, -0.025727, 0.999182, -0.0312064, -0.00995125, 0.0309592, 0.999471, 0.00281401  
163, 17.4518, -12.622, 180.027, 0.999623, 0.0257618, 0.0095388, -0.0254653, 0.999226, -0.0299955, -0.0103041, 0.0297413, 0.999505, 0.00290222  
164, 17.4322, -12.6287, 180.027, 0.999625, 0.0257551, 0.00930284, -0.0254633, 0.999219, -0.0302245, -0.010074, 0.0299763, 0.9995, 0.00299874  
165, 17.4585, -12.6181, 180.028, 0.999624, 0.0259185, 0.00898628, -0.0256362, 0.999214, -0.0302256, -0.00976262, 0.0299839, 0.999503, 0.00303841  
166, 17.4484, -12.6027, 180.03, 0.999626, 0.0258376, 0.00899539, -0.025558, 0.999226, -0.0299171, -0.00976141, 0.029676, 0.999512, 0.00317599  
167, 17.4539, -12.6193, 180.056, 0.999643, 0.0249798, 0.00953258, -0.024673, 0.999213, -0.0310502, -0.0103007, 0.0308039, 0.999472, 0.00294632  
168, 17.4445, -12.616, 180.027, 0.999629, 0.0257213, 0.00897729, -0.0254438, 0.999233, -0.0297596, -0.00973586, 0.0295202, 0.999517, 0.00292136  
169, 17.4531, -12.6229, 180.039, 0.999625, 0.0256038, 0.0096859, -0.0253031, 0.99923, -0.0299923, -0.0104464, 0.0297359, 0.999503, 0.00287559  
170, 17.4738, -12.625, 180.057, 0.999626, 0.0256518, 0.00948971, -0.0253417, 0.999183, -0.0314688, -0.0102892, 0.0312165, 0.99946, 0.00280957  
171, 17.4616, -12.582, 180.019, 0.999618, 0.0259214, 0.00955216, -0.0256323, 0.999244, -0.0292456, -0.010303, 0.0289896, 0.999527, 0.00309971  
172, 17.4748, -12.5862, 180.038, 0.999623, 0.0258718, 0.00914466, -0.0255834, 0.999212, -0.0303607, -0.00992293, 0.0301153, 0.999497, 0.0029061  
173, 17.4306, -12.5925, 180.038, 0.99963, 0.0254246, 0.00962463, -0.0251197, 0.999217, -0.0305783, -0.0103945, 0.0303253, 0.999486, 0.00297961  
174, 17.4704, -12.5665, 180.026, 0.999617, 0.0261666, 0.00896179, -0.025882, 0.999199, -0.0305281, -0.00975343, 0.0302845, 0.999494, 0.00267393  
175, 17.4626, -12.5885, 180.055, 0.999623, 0.0256128, 0.00992813, -0.0253012, 0.99922, -0.0303332, -0.0106973, 0.0300706, 0.999491, 0.00277989  
176, 17.4551, -12.5879, 180.049, 0.9996, 0.0266494, 0.00947933, -0.0263464, 0.999179, -0.0307719, -0.0102916, 0.0305099, 0.999481, 0.00298238  
177, 17.458, -12.5786, 180.018, 0.999623, 0.0260458, 0.00866914, -0.0257684, 0.999196, -0.030701, -0.0094618, 0.0304661, 0.999491, 0.002857  
178, 17.4377, -12.5501, 180.024, 0.999619, 0.0261979, 0.00868949, -0.0259272, 0.999216, -0.0299246, -0.00946663, 0.0296879, 0.999514, 0.00289556  
179, 17.4401, -12.5875, 180.029, 0.999624, 0.0260647, 0.00857107, -0.0257895, 0.999193, -0.0307865, -0.0093666, 0.0305539, 0.999489, 0.00285978  
180, 17.4603, -12.5873, 180.024, 0.999623, 0.025962, 0.00892867, -0.0256692, 0.999175, -0.0314789, -0.00973856, 0.0312378, 0.999465, 0.00291553  
181, 17.433, -12.6068, 180.039, 0.999606, 0.026323, 0.00978581, -0.0260231, 0.999223, -0.0296025, -0.0105574, 0.0293362, 0.999514, 0.00295242  
182, 17.4638, -12.5658, 180.04, 0.99962, 0.0261524, 0.00876275, -0.0258646, 0.999169, -0.0314862, -0.00957891, 0.0312476, 0.999466, 0.00304507  
183, 17.4572, -12.6041, 180.025, 0.99963, 0.0257501, 0.00880492, -0.0254701, 0.999208, -0.0305619, -0.00958493, 0.0303263, 0.999494, 0.00295242  
184, 17.4543, -12.6074, 180.059, 0.999633, 0.0256525, 0.00865117, -0.0253732, 0.999198, -0.0309876, -0.00943913, 0.0307567, 0.999482, 0.00277324  
185, 17.4547, -12.5892, 180.031, 0.99963, 0.0255917, 0.00923502, -0.0253103, 0.999247, -0.0294015, -0.0099805, 0.0291568, 0.999525, 0.00295714  
186, 17.4569, -12.5982, 180.027, 0.999614, 0.0263557, 0.00876248, -0.0260752, 0.999188, -0.0307211, -0.00956504, 0.0304808, 0.99949, 0.0029932  
187, 17.4415, -12.6023, 180.018, 0.999615, 0.0260368, 0.00960176, -0.0257378, 0.999217, -0.0300443, -0.0103765, 0.0297856, 0.999502, 0.00294105  
188, 17.4499, -12.6151, 180.022, 0.99962, 0.0257873, 0.00978545, -0.025489, 0.999241, -0.0294727, -0.010538, 0.0292121, 0.999518, 0.00292496  
189, 17.4544, -12.6044, 180.017, 0.999622, 0.0260071, 0.00887496, -0.0257282, 0.999212, -0.0302179, -0.00965384, 0.0299781, 0.999504, 0.00277129  
190, 17.4558, -12.6024, 180.031, 0.999619, 0.0261411, 0.00890259, -0.0258604, 0.999206, -0.0303042, -0.00968771, 0.0300624, 0.999501, 0.00281401  
191, 17.4593, -12.6142, 180.039, 0.999626, 0.0259762, 0.00854622, -0.0256884, 0.999151, -0.0322185, -0.00937588, 0.0319869, 0.999444, 0.00296934  
192, 17.4565, -12.6123, 180.026, 0.999613, 0.0263064, 0.00909746, -0.0260147, 0.999186, -0.0308211, -0.00990085, 0.0305725, 0.999484, 0.00305561  
193, 17.4462, -12.6318, 180.019, 0.999634, 0.0254962, 0.00903145, -0.0252033, 0.999196, -0.0311795, -0.00981915, 0.0309405, 0.999473, 0.00299292  
194, 17.4558, -12.6061, 180.01, 0.999614, 0.0261991, 0.0092584, -0.025905, 0.999197, -0.0305728, -0.0100519, 0.0303211, 0.99949, 0.00278489  
195, 17.4501, -12.6235, 180.04, 0.999651, 0.0251219, 0.00815879, -0.0248565, 0.999206, -0.0311373, -0.00893454, 0.0309236, 0.999482, 0.00299126  
196, 17.445, -12.6251, 180.017, 0.999634, 0.0256817, 0.00845546, -0.0254138, 0.999215, -0.0303956, -0.00922943, 0.0301696, 0.999502, 0.00302371  
197, 17.4333, -12.657, 180.036, 0.99963, 0.0257589, 0.00875387, -0.0254764, 0.999195, -0.0309839, -0.00954494, 0.0307494, 0.999482, 0.00307586  
198, 17.4358, -12.6424, 180.037, 0.999642, 0.0252254, 0.00891106, -0.0249405, 0.999216, -0.0307509, -0.00967977, 0.0305177, 0.999487, 0.00299375  
199, 17.4306, -12.6603, 180.042, 0.999636, 0.0255735, 0.00864265, -0.0252988, 0.999214, -0.0305223, -0.00941642, 0.0302925, 0.999497, 0.00278322  
200, 17.4231, -12.6631, 180.057, 0.999639, 0.025407, 0.00874079, -0.025118, 0.999181, -0.0317142, -0.0095394, 0.0314832, 0.999459, 0.00289972  
201, 17.4312, -12.6694, 180.046, 0.999627, 0.0258244, 0.00884686, -0.0255412, 0.999201, -0.0307547, -0.00963402, 0.0305173, 0.999488, 0.003052  
202, 17.4369, -12.6633, 180.025, 0.999623, 0.026054, 0.0086938, -0.025775, 0.999194, -0.0307895, -0.00948898, 0.0305538, 0.999488, 0.00307336  
203, 17.4313, -12.6604, 180.048, 0.999633, 0.0257213, 0.00855771, -0.0254435, 0.999192, -0.031124, -0.00935135, 0.0308948, 0.999479, 0.00280486  
204, 17.4438, -12.6516, 180.032, 0.999643, 0.0253507, 0.00849426, -0.0250639, 0.999163, -0.0323177, -0.00930643, 0.0320932, 0.999442, 0.00278489  
205, 17.4415, -12.6599, 180.025, 0.999633, 0.0255997, 0.00881814, -0.0253085, 0.999177, -0.0316917, -0.00962218, 0.031457, 0.999459, 0.00307225  
206, 17.4511, -12.6538, 180.019, 0.999629, 0.0260202, 0.00806617, -0.0257528, 0.999167, -0.031647, -0.00888291, 0.0314276, 0.999467, 0.00301067  
207, 17.4343, -12.6621, 180.038, 0.999636, 0.0256832, 0.00830227, -0.0254175, 0.999207, -0.0306609, -0.00908315, 0.0304387, 0.999495, 0.00300818  
208, 17.4502, -12.6567, 180.038, 0.999637, 0.0255422, 0.00852448, -0.0252649, 0.999194, -0.03119, -0.00931427, 0.0309634, 0.999477, 0.00299569  
209, 17.4465, -12.6601, 180.031, 0.999635, 0.0257763, 0.00804898, -0.0255068, 0.999164, -0.0319583, -0.00886602, 0.0317413, 0.999457, 0.00291414  
210, 17.4468, -12.6614, 180.037, 0.99963, 0.0256897, 0.00897339, -0.0253963, 0.999184, -0.0314127, -0.00977305, 0.0311732, 0.999466, 0.00283149  
211, 17.4536, -12.6664, 180.037, 0.999626, 0.0258683, 0.00888915, -0.0255807, 0.99919, -0.0310696, -0.00968567, 0.0308305, 0.999478, 0.00291886  
212, 17.4487, -12.6585, 180.055, 0.999628, 0.02588, 0.00855003, -0.0255955, 0.999164, -0.0318629, -0.0093675, 0.0316322, 0.999456, 0.0030348  
213, 17.2571, -12.5073, 179.943, 0.999646, 0.0240994, 0.0112978, -0.0237226, 0.999194, -0.0323709, -0.0120688, 0.0320914, 0.999412, 0.00280929  
214, 17.2893, -12.4784, 179.964, 0.999662, 0.0241747, 0.00960512, -0.0238581, 0.999209, -0.0318074, -0.0103665, 0.0315674, 0.999448, 0.00277296  
215, 17.2715, -12.5006, 179.959, 0.999651, 0.0239906, 0.011016, -0.0236267, 0.999207, -0.0320559, -0.0117763, 0.0317845, 0.999425, 0.00288114  
216, 17.252, -12.4902, 179.941, 0.999666, 0.0232918, 0.0111643, -0.0229367, 0.999258, -0.0309421, -0.0118767, 0.0306757, 0.999459, 0.00290028  
217, 17.2636, -12.4725, 179.97, 0.999666, 0.0236667, 0.0103382, -0.0233187, 0.999197, -0.0325768, -0.0111009, 0.0323248, 0.999416, 0.00313771  
218, 17.244, -12.4958, 179.958, 0.99966, 0.0237639, 0.0107163, -0.0234184, 0.999236, -0.031289, -0.0114516, 0.0310274, 0.999453, 0.0028104  
219, 17.2601, -12.4679, 179.956, 0.999658, 0.0236185, 0.0112076, -0.023244, 0.999203, -0.0324459, -0.011965, 0.0321743, 0.999411, 0.00297128  
220, 17.2533, -12.462, 179.951, 0.999652, 0.0241801, 0.0105135, -0.0238361, 0.999213, -0.031705, -0.0112718, 0.0314433, 0.999442, 0.0029183  
221, 17.2455, -12.4467, 179.954, 0.999641, 0.0241758, 0.0115742, -0.0237953, 0.999206, -0.0319592, -0.0123377, 0.0316723, 0.999422, 0.00303286  
222, 17.2634, -12.4392, 179.958, 0.999657, 0.0239295, 0.0106676, -0.0235819, 0.999223, -0.0315948, -0.0114154, 0.0313324, 0.999444, 0.00299708  
223, 17.2615, -12.4399, 179.959, 0.999654, 0.0239976, 0.0107687, -0.0236484, 0.999225, -0.0314586, -0.0115153, 0.031193, 0.999447, 0.00290721  
224, 17.2449, -12.4442, 179.946, 0.999646, 0.0242974, 0.0108721, -0.0239538, 0.999242, -0.0306906, -0.0116096, 0.0304193, 0.99947, 0.00284785  
225, 17.2795, -12.4404, 179.952, 0.999665, 0.0236903, 0.0103945, -0.0233503, 0.999225, -0.0316995, -0.0111374, 0.0314462, 0.999443, 0.00301761  
226, 17.227, -12.4274, 179.957, 0.999649, 0.0240249, 0.0111793, -0.0236602, 0.999218, -0.0316811, -0.0119317, 0.0314055, 0.999436, 0.00303009  
227, 17.245, -12.4525, 179.954, 0.999657, 0.0238154, 0.0108882, -0.0234681, 0.999244, -0.0309874, -0.011618, 0.0307213, 0.99946, 0.00305117  
228, 17.2771, -12.4415, 179.965, 0.999669, 0.0233359, 0.0108377, -0.0229862, 0.999244, -0.0313409, -0.0115608, 0.0310814, 0.99945, 0.00289029  
229, 17.2582, -12.4329, 179.964, 0.999654, 0.0239729, 0.0108262, -0.0236221, 0.999226, -0.0314495, -0.0115717, 0.0311828, 0.999447, 0.00280985  
230, 17.2612, -12.4353, 179.964, 0.999641, 0.0242461, 0.011388, -0.023863, 0.999182, -0.0326441, -0.0121701, 0.0323606, 0.999402, 0.00297461  
231, 17.2621, -12.4469, 179.96, 0.999656, 0.0237601, 0.0111274, -0.0234102, 0.999258, -0.0305827, -0.0118458, 0.0303117, 0.99947, 0.00307447  
232, 17.2616, -12.427, 179.95, 0.999651, 0.0242306, 0.0104937, -0.023893, 0.999228, -0.0311806, -0.0112411, 0.030919, 0.999459, 0.00285978  
233, 17.2629, -12.4091, 179.938, 0.999649, 0.0241832, 0.0107743, -0.0238378, 0.999232, -0.0311139, -0.0115185, 0.0308462, 0.999458, 0.00288058  
234, 17.2668, -12.4186, 179.926, 0.999641, 0.0242013, 0.011534, -0.0238313, 0.999229, -0.0312073, -0.0122804, 0.0309212, 0.999446, 0.0027627  
235, 17.2558, -12.4189, 179.979, 0.999645, 0.0240598, 0.0114127, -0.0236973, 0.999242, -0.0308992, -0.0121475, 0.0306178, 0.999457, 0.00291414  
236, 17.2543, -12.4336, 179.955, 0.999652, 0.0240302, 0.0109241, -0.0236718, 0.999213, -0.0318306, -0.0116804, 0.0315609, 0.999434, 0.00300818  
237, 17.2622, -12.4158, 179.934, 0.999649, 0.0239511, 0.0113249, -0.0235996, 0.999265, -0.0302161, -0.0120403, 0.0299382, 0.999479, 0.00297545  
238, 17.2736, -12.4219, 179.968, 0.999638, 0.0244646, 0.0111518, -0.02411, 0.999232, -0.0308967, -0.0118991, 0.0306166, 0.99946, 0.00283232  
239, 17.2569, -12.4307, 179.969, 0.999655, 0.0239483, 0.0108083, -0.0235903, 0.999206, -0.0321186, -0.0115689, 0.0318525, 0.999426, 0.00285312  
240, 17.2396, -12.4467, 179.969, 0.999657, 0.0235952, 0.0113888, -0.0232277, 0.999237, -0.0313839, -0.0121206, 0.0311086, 0.999443, 0.00300568  
241, 17.2417, -12.4347, 179.966, 0.999664, 0.0232094, 0.011549, -0.0228332, 0.999236, -0.0317051, -0.0122761, 0.0314308, 0.999431, 0.0029674  
242, 17.2766, -12.4381, 179.946, 0.999659, 0.0239421, 0.0104658, -0.0235947, 0.999205, -0.0321441, -0.0112271, 0.0318861, 0.999428, 0.00298543  
243, 17.2566, -12.4478, 179.968, 0.999659, 0.0237774, 0.010828, -0.0234258, 0.999229, -0.0315178, -0.011569, 0.0312534, 0.999445, 0.00287614  
244, 17.2339, -12.4531, 179.956, 0.999651, 0.0238997, 0.0112959, -0.0235401, 0.999243, -0.0309587, -0.0120272, 0.030682, 0.999457, 0.00285811  
245, 17.2776, -12.4356, 179.943, 0.999651, 0.0238059, 0.0114591, -0.0234357, 0.999232, -0.0314171, -0.0121982, 0.0311376, 0.999441, 0.00300679  
246, 17.2414, -12.445, 179.951, 0.999641, 0.0241344, 0.0116577, -0.0237529, 0.999211, -0.0318268, -0.0124166, 0.0315385, 0.999425, 0.00303675  
247, 17.2442, -12.4632, 179.958, 0.999661, 0.0233245, 0.011585, -0.0229605, 0.999268, -0.0306147, -0.0122906, 0.0303383, 0.999464, 0.00296823  
248, 17.2611, -12.4536, 179.957, 0.999656, 0.0237578, 0.0111386, -0.0234059, 0.999254, -0.0307248, -0.0118602, 0.0304535, 0.999466, 0.00287143  
249, 17.2702, -12.4912, 179.977, 0.999651, 0.0241805, 0.010679, -0.0238379, 0.999231, -0.0311238, -0.0114234, 0.0308584, 0.999458, 0.00284591  
250, 17.2599, -12.4835, 179.936, 0.999662, 0.023377, 0.0113929, -0.0230146, 0.999255, -0.0309641, -0.0121083, 0.0306914, 0.999456, 0.00296601  
251, 17.2693, -12.4581, 179.971, 0.999667, 0.023576, 0.0104568, -0.0232276, 0.999209, -0.0322716, -0.0112093, 0.032018, 0.999424, 0.003014  
252, 17.2754, -12.465, 179.942, 0.999663, 0.0238029, 0.0103766, -0.0234696, 0.99924, -0.0311352, -0.0111098, 0.0308812, 0.999461, 0.00290083  
253, 17.2808, -12.486, 179.969, 0.999661, 0.0240702, 0.00991503, -0.0237422, 0.999207, -0.0319657, -0.0106766, 0.0317195, 0.99944, 0.00289168  
254, 17.2519, -12.4854, 179.949, 0.999653, 0.0240912, 0.0106417, -0.0237446, 0.999219, -0.03158, -0.0113942, 0.0313163, 0.999445, 0.00281595  
255, 17.2662, -12.4643, 179.957, 0.999665, 0.0237575, 0.0102644, -0.0234207, 0.99922, -0.0317814, -0.0110115, 0.0315303, 0.999442, 0.00294438  
256, 17.2697, -12.4841, 179.95, 0.999662, 0.0237891, 0.0104722, -0.0234552, 0.999246, -0.030931, -0.0112001, 0.030675, 0.999467, 0.00298765  
257, 17.2529, -12.4564, 179.94, 0.999659, 0.0238577, 0.0105986, -0.0235119, 0.999223, -0.0316385, -0.0113452, 0.0313785, 0.999443, 0.00400064  
258, 17.4205, -12.6427, 180.008, 0.999635, 0.0253242, 0.00937067, -0.025031, 0.999231, -0.0301891, -0.010128, 0.0299436, 0.9995, 0.00271332  
259, 17.4421, -12.6652, 180.028, 0.999636, 0.025343, 0.00926788, -0.0250422, 0.999198, -0.0312505, -0.0100524, 0.031007, 0.999469, 0.00270694  
260, 17.4215, -12.6263, 180.01, 0.99963, 0.0257374, 0.00879597, -0.0254536, 0.999196, -0.0309819, -0.00958629, 0.0307466, 0.999481, 0.00258573  
261, 17.4411, -12.6224, 180.015, 0.999627, 0.025817, 0.00886499, -0.0255249, 0.999174, -0.0316116, -0.00967379, 0.0313736, 0.999461, 0.00328223  
262, 17.4357, -12.6221, 179.995, 0.999641, 0.0255914, 0.00790115, -0.0253357, 0.9992, -0.0309291, -0.00868635, 0.0307179, 0.99949, 0.002824  
263, 17.4329, -12.6314, 179.999, 0.999631, 0.0258544, 0.00834751, -0.0255855, 0.999196, -0.0308564, -0.00913857, 0.0306314, 0.999489, 0.00290499  
264, 17.4244, -12.6539, 180.037, 0.99963, 0.0255395, 0.00931764, -0.025238, 0.999196, -0.0311502, -0.0101057, 0.0309036, 0.999471, 0.00281429  
265, 17.428, -12.6477, 180.014, 0.999637, 0.0255747, 0.00850518, -0.0252975, 0.999192, -0.0312431, -0.00929733, 0.0310166, 0.999476, 0.00298488  
266, 17.4336, -12.6325, 180.006, 0.999638, 0.0257629, 0.00769637, -0.0255126, 0.999193, -0.0310272, -0.00848951, 0.0308196, 0.999489, 0.00296518  
267, 17.4294, -12.6084, 180.028, 0.999636, 0.0257884, 0.00793989, -0.0255274, 0.999182, -0.0313794, -0.00874261, 0.0311653, 0.999476, 0.00289251  
268, 17.4428, -12.6482, 180.033, 0.999632, 0.0256014, 0.00901961, -0.0253023, 0.999172, -0.0318459, -0.00982745, 0.031606, 0.999452, 0.00273468  
269, 17.4362, -12.6296, 180.032, 0.999639, 0.0253139, 0.00900834, -0.0250234, 0.999205, -0.0310231, -0.00978649, 0.0307864, 0.999478, 0.0028362  
270, 17.4144, -12.6575, 180.025, 0.999635, 0.0255065, 0.00893224, -0.0252111, 0.999178, -0.0317523, -0.00973479, 0.0315156, 0.999456, 0.00331246  
271, 17.4634, -12.641, 180.026, 0.999633, 0.0256351, 0.00876176, -0.0253542, 0.999204, -0.0308009, -0.00954437, 0.0305674, 0.999487, 0.00303342  
272, 17.4575, -12.6075, 180.007, 0.99963, 0.0259162, 0.00829911, -0.025646, 0.999186, -0.0311517, -0.00909968, 0.0309273, 0.99948, 0.00301816  
273, 17.4491, -12.6238, 180.012, 0.999608, 0.0262557, 0.00974466, -0.0259427, 0.999184, -0.0309611, -0.0105496, 0.0306962, 0.999473, 0.00291858  
274, 17.4401, -12.6016, 179.999, 0.999612, 0.0263406, 0.00905074, -0.0260497, 0.999184, -0.0308772, -0.00985667, 0.0306294, 0.999482, 0.00291082  
275, 17.459, -12.6101, 180.011, 0.99961, 0.026194, 0.00963282, -0.025893, 0.99921, -0.0301503, -0.010415, 0.0298892, 0.999499, 0.00278405  
276, 17.438, -12.5769, 180.019, 0.999625, 0.0256545, 0.0095461, -0.0253599, 0.999234, -0.0297951, -0.0103032, 0.0295419, 0.99951, 0.00295631  
