0, 0, 0, 0, 0, 0, 0, 0, 0, 0, 0, 0, 0, 0.00623604  
1, 0, 0, 0, 0, 0, 0, 0, 0, 0, 0, 0, 0, 0.0026964  
2, 3.99368, -7.4241, 180.538, 0.999642, 0.0179934, 0.0197845, -0.0178558, 0.999815, -0.00710985, -0.0199087, 0.00675404, 0.999779, 0.00274938  
3, 3.96141, -7.46028, 180.55, 0.999619, 0.0179279, 0.0209912, -0.0177734, 0.999814, -0.00752296, -0.0211222, 0.00714701, 0.999751, 0.00288446  
4, 3.98945, -7.45899, 180.556, 0.999632, 0.0175908, 0.0206463, -0.0174512, 0.999824, -0.00692537, -0.0207645, 0.00656252, 0.999763, 0.0029269  
5, 3.97532, -7.47737, 180.576, 0.999649, 0.017121, 0.0201991, -0.0169745, 0.999829, -0.00740355, -0.0203224, 0.00705809, 0.999769, 0.00295769  
6, 3.95319, -7.47189, 180.558, 0.999631, 0.0176156, 0.0206557, -0.0174684, 0.999821, -0.0072885, -0.0207804, 0.00692499, 0.99976, 0.00286227  
7, 3.93947, -7.45789, 180.551, 0.99963, 0.0175502, 0.0207798, -0.017398, 0.999821, -0.00748142, -0.0209073, 0.00711713, 0.999756, 0.00288613  
8, 3.97842, -7.44315, 180.535, 0.999641, 0.017468, 0.0203318, -0.0173271, 0.999825, -0.00708744, -0.020452, 0.0067326, 0.999768, 0.00286227  
9, 3.95151, -7.46175, 180.545, 0.999638, 0.0167587, 0.0210316, -0.0166219, 0.99984, -0.00666211, -0.0211399, 0.00631011, 0.999757, 0.0029233  
10, 3.95764, -7.47436, 180.541, 0.999622, 0.0177297, 0.0209899, -0.0175804, 0.999819, -0.00727666, -0.0211151, 0.0069049, 0.999753, 0.00287503  
11, 3.96318, -7.47267, 180.562, 0.999637, 0.017331, 0.0206337, -0.0171894, 0.999828, -0.00702224, -0.0207518, 0.00666501, 0.999762, 0.00277518  
12, 3.98298, -7.47204, 180.557, 0.999644, 0.0174856, 0.0201627, -0.0173514, 0.999826, -0.00681177, -0.0202783, 0.0064595, 0.999774, 0.00291609  
13, 3.95175, -7.45892, 180.546, 0.999637, 0.0171875, 0.020744, -0.0170353, 0.999827, -0.00749269, -0.0208692, 0.00713659, 0.999757, 0.00285562  
14, 3.97931, -7.47505, 180.561, 0.999641, 0.0171872, 0.0205357, -0.017046, 0.99983, -0.00703099, -0.020653, 0.00667842, 0.999764, 0.00286061  
15, 3.98361, -7.45839, 180.574, 0.999625, 0.0176001, 0.0209922, -0.0174358, 0.999816, -0.00798695, -0.0211289, 0.00761793, 0.999748, 0.00288169  
16, 3.9557, -7.43291, 180.555, 0.999652, 0.0172035, 0.020007, -0.0170619, 0.999828, -0.00722726, -0.0201279, 0.00688338, 0.999774, 0.00284535  
17, 3.93863, -7.43542, 180.521, 0.999643, 0.0176167, 0.020071, -0.0174876, 0.999825, -0.00659019, -0.0201836, 0.00623685, 0.999777, 0.00297655  
18, 3.92373, -7.43773, 180.516, 0.999623, 0.0174024, 0.0212313, -0.0172599, 0.999827, -0.00687592, -0.0213473, 0.00650687, 0.999751, 0.00279903  
19, 3.97326, -7.43747, 180.508, 0.999644, 0.0174948, 0.0201309, -0.0173548, 0.999824, -0.00710999, -0.0202518, 0.0067581, 0.999772, 0.00296546  
20, 3.96638, -7.46122, 180.525, 0.999619, 0.018296, 0.0206481, -0.0181475, 0.999808, -0.00735801, -0.0207788, 0.0069805, 0.99976, 0.00287642  
21, 3.97523, -7.4624, 180.542, 0.999644, 0.0173402, 0.0202546, -0.0172135, 0.999831, -0.00641629, -0.0203624, 0.00606536, 0.999774, 0.00285257  
22, 3.95746, -7.47268, 180.542, 0.999629, 0.0174227, 0.0209491, -0.0172811, 0.999827, -0.00692185, -0.021066, 0.00655725, 0.999757, 0.00285673  
23, 3.96755, -7.45799, 180.537, 0.999637, 0.0172244, 0.0207378, -0.0170728, 0.999826, -0.00746627, -0.0208628, 0.0071095, 0.999757, 0.00288086  
24, 3.99562, -7.44671, 180.55, 0.999643, 0.0179584, 0.0197884, -0.0178142, 0.999814, -0.0074422, -0.0199183, 0.00708703, 0.999776, 0.00296019  
25, 3.94925, -7.48604, 180.531, 0.999626, 0.0176023, 0.020934, -0.0174683, 0.999826, -0.00656548, -0.0210459, 0.00619734, 0.999759, 0.00281373  
26, 3.96193, -7.46307, 180.562, 0.999652, 0.0168818, 0.0202515, -0.0167383, 0.999834, -0.00723725, -0.0203703, 0.00689576, 0.999769, 0.00291082  
27, 3.94552, -7.47776, 180.537, 0.999636, 0.0172458, 0.0207596, -0.0170876, 0.999824, -0.00777374, -0.02089, 0.00741618, 0.999754, 0.00303203  
28, 3.9667, -7.45957, 180.52, 0.999648, 0.0176129, 0.0198528, -0.0174707, 0.999821, -0.00731541, -0.0199781, 0.00696599, 0.999776, 0.00285756  
29, 3.94127, -7.41054, 180.528, 0.999657, 0.0177913, 0.0192338, -0.0176344, 0.99981, -0.00829861, -0.0193778, 0.00795659, 0.999781, 0.00296768  
30, 3.94521, -7.46033, 180.53, 0.999618, 0.0181861, 0.0208032, -0.0180391, 0.999811, -0.00722789, -0.0209307, 0.00684986, 0.999757, 0.0029122  
31, 3.98013, -7.48475, 180.55, 0.999634, 0.0174648, 0.0206598, -0.017316, 0.999823, -0.00735689, -0.0207846, 0.00699645, 0.999759, 0.00290721  
32, 3.93735, -7.47423, 180.54, 0.999633, 0.0169187, 0.0211575, -0.0167754, 0.999835, -0.00693269, -0.0212714, 0.00657522, 0.999752, 0.0029588  
33, 3.95295, -7.47169, 180.539, 0.99962, 0.0175278, 0.021267, -0.0173838, 0.999825, -0.00693596, -0.0213848, 0.00656363, 0.99975, 0.00293966  
34, 3.93798, -7.46277, 180.524, 0.999608, 0.0176875, 0.0217101, -0.0175387, 0.999822, -0.00702574, -0.0218305, 0.00664222, 0.99974, 0.00293051  
35, 3.95497, -7.46758, 180.521, 0.999624, 0.0178214, 0.0208412, -0.017691, 0.999823, -0.00642447, -0.020952, 0.00605335, 0.999762, 0.00286255  
36, 3.94819, -7.47097, 180.536, 0.999619, 0.0182601, 0.0206882, -0.0181159, 0.99981, -0.00713408, -0.0208146, 0.00675657, 0.999761, 0.00287919  
37, 3.96563, -7.44598, 180.54, 0.999657, 0.0169395, 0.0199914, -0.016798, 0.999833, -0.00722353, -0.0201104, 0.00688523, 0.999774, 0.00294271  
38, 3.93692, -7.47391, 180.534, 0.999626, 0.0177645, 0.0207841, -0.0176213, 0.99982, -0.00704938, -0.0209055, 0.0066805, 0.999759, 0.0028656  
39, 3.95278, -7.47073, 180.54, 0.999624, 0.0177013, 0.0209472, -0.0175537, 0.99982, -0.00720854, -0.021071, 0.00683813, 0.999755, 0.00301761  
40, 3.93714, -7.45886, 180.547, 0.999647, 0.0175487, 0.0199723, -0.0174066, 0.999822, -0.00726754, -0.0200962, 0.00691733, 0.999774, 0.00291137  
41, 3.93148, -7.4651, 180.536, 0.999621, 0.0176281, 0.0211525, -0.0175041, 0.999829, -0.00603319, -0.0212553, 0.00566065, 0.999758, 0.00292441  
42, 3.95061, -7.46934, 180.573, 0.999617, 0.0173286, 0.0215618, -0.0171819, 0.999828, -0.00697354, -0.0216789, 0.0066004, 0.999743, 0.00295492  
43, 3.95902, -7.44232, 180.544, 0.999616, 0.0179753, 0.0211089, -0.0178427, 0.99982, -0.00645585, -0.0212211, 0.00607673, 0.999756, 0.00279404  
44, 3.95176, -7.44968, 180.512, 0.999621, 0.0174427, 0.021308, -0.0172982, 0.999826, -0.00694434, -0.0214255, 0.00657311, 0.999749, 0.00291609  
45, 3.97922, -7.48344, 180.565, 0.999622, 0.0173159, 0.021354, -0.0171778, 0.99983, -0.00663383, -0.0214652, 0.00626451, 0.99975, 0.00295464  
46, 3.96939, -7.47989, 180.563, 0.999624, 0.0174077, 0.021174, -0.0172694, 0.999828, -0.00669556, -0.0212869, 0.00632738, 0.999753, 0.00294299  
47, 3.93131, -7.45604, 180.55, 0.999627, 0.0172814, 0.0211492, -0.0171485, 0.999832, -0.00644952, -0.0212571, 0.00608444, 0.999756, 0.00287004  
48, 3.98212, -7.43598, 180.563, 0.999644, 0.0176425, 0.0200214, -0.0175024, 0.999821, -0.0071483, -0.0201439, 0.00679533, 0.999774, 0.00293523  
49, 3.93508, -7.46147, 180.557, 0.999619, 0.0179706, 0.0209431, -0.0178099, 0.999811, -0.00783235, -0.0210798, 0.00745637, 0.99975, 0.00283287  
50, 3.94346, -7.45435, 180.558, 0.999632, 0.017147, 0.021005, -0.0170127, 0.999834, -0.00655641, -0.0211139, 0.00619665, 0.999758, 0.00282427  
51, 3.98949, -7.43, 180.555, 0.999626, 0.0179253, 0.0206474, -0.0177786, 0.999816, -0.0072652, -0.0207738, 0.0068954, 0.99976, 0.00285007  
52, 3.94774, -7.45416, 180.546, 0.999622, 0.0177689, 0.0209892, -0.0176148, 0.999817, -0.00750315, -0.0211186, 0.00713059, 0.999752, 0.00278294  
53, 3.97328, -7.44333, 180.549, 0.999637, 0.0176789, 0.0203518, -0.0175495, 0.999825, -0.00651937, -0.0204635, 0.00615984, 0.999772, 0.00288918  
54, 3.96861, -7.42364, 180.535, 0.999619, 0.0174713, 0.0213848, -0.0173299, 0.999827, -0.00678049, -0.0214995, 0.00640731, 0.999748, 0.00293439  
55, 3.95638, -7.43718, 180.538, 0.999611, 0.0179429, 0.0213297, -0.0178083, 0.99982, -0.00648238, -0.0214422, 0.00610001, 0.999751, 0.00266534  
56, 3.97263, -7.45906, 180.591, 0.999637, 0.017345, 0.0205925, -0.0171984, 0.999826, -0.00727616, -0.0207152, 0.00691937, 0.999761, 0.00375516  
57, 3.95967, -7.46133, 180.579, 0.999627, 0.0176128, 0.0208495, -0.0174784, 0.999825, -0.0066122, -0.0209623, 0.00624532, 0.999761, 0.00285922  
58, 3.97699, -7.45481, 180.552, 0.999628, 0.0174675, 0.0209373, -0.0173266, 0.999826, -0.00689333, -0.021054, 0.006528, 0.999757, 0.00278988  
59, 3.97809, -7.44678, 180.548, 0.999634, 0.0175964, 0.0205651, -0.0174417, 0.999818, -0.00767826, -0.0206964, 0.00731675, 0.999759, 0.00285173  
60, 3.96784, -7.42021, 180.553, 0.999632, 0.017991, 0.0203009, -0.0178476, 0.999815, -0.00722261, -0.0204271, 0.00685763, 0.999768, 0.00292635  
61, 3.97958, -7.49058, 180.581, 0.999622, 0.017696, 0.0210543, -0.0175635, 0.999825, -0.00646065, -0.021165, 0.00608842, 0.999757, 0.00366002  
62, 3.94526, -7.44847, 180.565, 0.999648, 0.0173739, 0.0200701, -0.0172558, 0.999833, -0.0060398, -0.0201717, 0.00569135, 0.99978, 0.00323313  
63, 3.96601, -7.40806, 180.551, 0.999637, 0.0177486, 0.0202478, -0.0176166, 0.999823, -0.00667977, -0.0203627, 0.00632065, 0.999773, 0.00285506  
64, 3.97229, -7.42146, 180.563, 0.999635, 0.0168645, 0.0211285, -0.0167346, 0.99984, -0.00631035, -0.0212315, 0.00595447, 0.999757, 0.00276824  
65, 3.93452, -7.43528, 180.545, 0.999623, 0.0174194, 0.0212076, -0.0172822, 0.999829, -0.00663338, -0.0213195, 0.00626437, 0.999753, 0.00284924  
66, 3.97416, -7.4389, 180.531, 0.999646, 0.0176248, 0.0199235, -0.0174863, 0.999822, -0.00710406, -0.0200452, 0.00675316, 0.999776, 0.0028007  
67, 3.95327, -7.39801, 180.546, 0.999642, 0.0180965, 0.0196982, -0.017951, 0.99981, -0.00753912, -0.0198309, 0.00718282, 0.999778, 0.00293134  
68, 3.97816, -7.44921, 180.579, 0.999646, 0.0171605, 0.0203408, -0.0170104, 0.999827, -0.00753317, -0.0204666, 0.0071845, 0.999765, 0.00283038  
69, 3.9555, -7.45843, 180.541, 0.999649, 0.0169195, 0.0204074, -0.0167827, 0.999836, -0.0068576, -0.02052, 0.0065127, 0.999768, 0.00277157  
70, 3.97416, -7.43684, 180.531, 0.999641, 0.017109, 0.0206266, -0.0169626, 0.99983, -0.00725178, -0.0207471, 0.0068993, 0.999761, 0.00291803  
71, 3.96054, -7.46499, 180.543, 0.999642, 0.0173467, 0.0203701, -0.0172011, 0.999825, -0.00730337, -0.0204932, 0.00695037, 0.999766, 0.0027921  
72, 3.97739, -7.47373, 180.572, 0.999632, 0.017702, 0.0205495, -0.0175517, 0.999818, -0.00747161, -0.020678, 0.00710818, 0.999761, 0.00276519  
73, 3.93266, -7.42508, 180.548, 0.999649, 0.01774, 0.0196607, -0.0175946, 0.999817, -0.00754306, -0.0197909, 0.00719449, 0.999778, 0.00276602  
74, 3.97057, -7.45254, 180.555, 0.999639, 0.0173451, 0.0205024, -0.0172019, 0.999827, -0.00713839, -0.0206227, 0.00678314, 0.999764, 0.00274633  
75, 3.95518, -7.42186, 180.538, 0.999644, 0.0176827, 0.0199636, -0.0175368, 0.999818, -0.00745999, -0.0200918, 0.00710724, 0.999773, 0.00276214  
76, 3.97478, -7.47583, 180.544, 0.999649, 0.0170434, 0.0202923, -0.0169117, 0.999835, -0.00664171, -0.0204021, 0.0062962, 0.999772, 0.00284008  
77, 3.96597, -7.45045, 180.562, 0.999646, 0.0174324, 0.0201044, -0.0172939, 0.999826, -0.00703889, -0.0202236, 0.00668871, 0.999773, 0.00299569  
78, 3.96786, -7.47172, 180.558, 0.999646, 0.0174217, 0.0201236, -0.0172761, 0.999823, -0.0073861, -0.0202487, 0.00703583, 0.99977, 0.00281789  
79, 3.94065, -7.45493, 180.547, 0.999644, 0.0171307, 0.020462, -0.0169888, 0.999831, -0.00709085, -0.02058, 0.0067407, 0.999765, 0.0027957  
80, 3.9752, -7.46939, 180.575, 0.999658, 0.0162847, 0.0204626, -0.0161438, 0.999845, -0.00702859, -0.0205739, 0.00669585, 0.999766, 0.00271027  
81, 3.97053, -7.44314, 180.55, 0.999657, 0.0176302, 0.0193761, -0.0174757, 0.999814, -0.00811839, -0.0195156, 0.00777699, 0.999779, 0.00282732  
82, 3.99478, -7.44297, 180.54, 0.999634, 0.0180731, 0.020126, -0.0179357, 0.999815, -0.0069844, -0.0202485, 0.00662087, 0.999773, 0.00276741  
83, 3.95006, -7.44319, 180.524, 0.99965, 0.0173956, 0.0199095, -0.0172353, 0.999818, -0.00819529, -0.0200484, 0.00784928, 0.999768, 0.0028362  
84, 3.96954, -7.44649, 180.549, 0.999632, 0.0184439, 0.0198905, -0.0183031, 0.999806, -0.00723566, -0.0200201, 0.00686894, 0.999776, 0.00276741  
85, 3.96104, -7.43659, 180.546, 0.999669, 0.0165425, 0.0196878, -0.0163987, 0.999838, -0.00744388, -0.0198078, 0.00711856, 0.999778, 0.00280097  
86, 3.98909, -7.41858, 180.559, 0.999647, 0.0177806, 0.0197433, -0.0176358, 0.999816, -0.00748198, -0.0198728, 0.00713115, 0.999777, 0.00279737  
87, 3.99522, -7.4585, 180.538, 0.999655, 0.0171204, 0.0199395, -0.0169724, 0.999827, -0.00756667, -0.0200656, 0.00722563, 0.999773, 0.002786  
88, 3.98728, -7.44352, 180.566, 0.99967, 0.0166527, 0.0195562, -0.016522, 0.99984, -0.00682602, -0.0196668, 0.00650066, 0.999785, 0.00282011  
89, 3.97405, -7.4562, 180.54, 0.999659, 0.0170236, 0.0198225, -0.0168659, 0.999825, -0.00809724, -0.0199569, 0.00776015, 0.999771, 0.00275826  
90, 3.9962, -7.43043, 180.564, 0.999656, 0.0174708, 0.0195831, -0.0173259, 0.999821, -0.00754711, -0.0197115, 0.00720521, 0.99978, 0.00279765  
91, 3.99789, -7.44023, 180.56, 0.99967, 0.0169024, 0.0193298, -0.016751, 0.999828, -0.00796608, -0.0194611, 0.00763966, 0.999781, 0.00279598  
92, 3.97932, -7.42553, 180.53, 0.999647, 0.0178594, 0.0196778, -0.0177049, 0.999811, -0.00799624, -0.0198169, 0.00764503, 0.999774, 0.00277296  
93, 3.97249, -7.44162, 180.546, 0.99964, 0.0173897, 0.0204111, -0.0172385, 0.999823, -0.00756077, -0.0205389, 0.00720619, 0.999763, 0.002857  
94, 3.9807, -7.46976, 180.562, 0.999652, 0.0168196, 0.0203227, -0.016672, 0.999834, -0.00741228, -0.020444, 0.00707088, 0.999766, 0.00293301  
95, 4.0064, -7.44823, 180.579, 0.999657, 0.017203, 0.0197489, -0.0170536, 0.999825, -0.00770543, -0.019878, 0.007366, 0.999775, 0.00288835  
96, 3.99313, -7.45474, 180.576, 0.999656, 0.0173532, 0.019659, -0.0172104, 0.999824, -0.00741317, -0.0197842, 0.00707228, 0.999779, 0.00285978  
97, 4.0117, -7.44738, 180.566, 0.999655, 0.0171964, 0.019848, -0.0170598, 0.99983, -0.00703291, -0.0199656, 0.00669188, 0.999778, 0.00292025  
98, 3.95659, -7.47607, 180.567, 0.999644, 0.0169794, 0.0205952, -0.016829, 0.999831, -0.00745506, -0.0207183, 0.00710581, 0.99976, 0.00279959  
99, 3.99004, -7.47379, 180.565, 0.999647, 0.0174445, 0.0200603, -0.017302, 0.999824, -0.00725743, -0.0201833, 0.00690779, 0.999772, 0.00292774  
100, 3.98892, -7.45314, 180.556, 0.999658, 0.0175315, 0.0194157, -0.0173762, 0.999816, -0.00813931, -0.0195548, 0.00779916, 0.999778, 0.00290804  
101, 3.95872, -7.45719, 180.535, 0.999626, 0.0177598, 0.0207815, -0.0176036, 0.999816, -0.00767423, -0.0209139, 0.00730554, 0.999755, 0.00285451  
102, 3.97639, -7.45247, 180.544, 0.999629, 0.0176377, 0.020769, -0.0174891, 0.99982, -0.00731313, -0.0208943, 0.00694718, 0.999758, 0.00293911  
103, 3.97934, -7.46583, 180.534, 0.999632, 0.0175815, 0.0206448, -0.0174371, 0.999822, -0.00715499, -0.0207669, 0.00679238, 0.999761, 0.00284841  
104, 3.95264, -7.45648, 180.549, 0.99963, 0.0175339, 0.020798, -0.0173852, 0.999822, -0.00731008, -0.0209225, 0.0069458, 0.999757, 0.00296546  
105, 3.95393, -7.41889, 180.539, 0.999648, 0.0176167, 0.0198384, -0.0174797, 0.999822, -0.00705618, -0.0199592, 0.00670693, 0.999778, 0.00295464  
106, 3.96605, -7.46016, 180.544, 0.999638, 0.0173757, 0.0205458, -0.0172239, 0.999823, -0.0075464, -0.0206733, 0.00718979, 0.99976, 0.00285229  
107, 3.96126, -7.45777, 180.537, 0.999606, 0.0177194, 0.0217489, -0.0175701, 0.999821, -0.00703637, -0.0218697, 0.00665146, 0.999739, 0.00301039  
108, 3.97565, -7.46803, 180.565, 0.999657, 0.0170812, 0.0198618, -0.0169343, 0.999828, -0.00754408, -0.0199873, 0.00720515, 0.999774, 0.00291498  
109, 3.95808, -7.48313, 180.568, 0.999641, 0.0169813, 0.0207415, -0.0168376, 0.999833, -0.00708622, -0.0208584, 0.00673444, 0.99976, 0.00290471  
110, 3.95286, -7.45944, 180.558, 0.999658, 0.016921, 0.019945, -0.0167889, 0.999836, -0.00676887, -0.0200562, 0.0064317, 0.999778, 0.00287226  
111, 3.98739, -7.42505, 180.586, 0.999648, 0.0170842, 0.0202796, -0.0169467, 0.999832, -0.00693077, -0.0203946, 0.00658466, 0.99977, 0.00288474  
112, 3.94428, -7.42604, 180.545, 0.999626, 0.0175077, 0.0210201, -0.0173774, 0.999829, -0.00636771, -0.021128, 0.00600006, 0.999759, 0.00297711  
113, 3.9436, -7.45631, 180.555, 0.999634, 0.0177028, 0.0204491, -0.0175491, 0.999817, -0.00767483, -0.0205812, 0.00731316, 0.999761, 0.00286144  
114, 3.95136, -7.46285, 180.542, 0.999627, 0.017623, 0.0208797, -0.017477, 0.999822, -0.007156, -0.021002, 0.00678842, 0.999756, 0.00299431  
115, 3.96767, -7.44025, 180.552, 0.999644, 0.0176076, 0.0200221, -0.0174534, 0.999817, -0.00784689, -0.0201566, 0.00749465, 0.999769, 0.00288308  
116, 3.97429, -7.43438, 180.536, 0.999629, 0.0182931, 0.0201834, -0.0181471, 0.999808, -0.00739536, -0.0203148, 0.00702635, 0.999769, 0.00289334  
117, 3.96232, -7.44788, 180.559, 0.999636, 0.0173975, 0.0206231, -0.0172746, 0.999832, -0.00612486, -0.0207262, 0.00576638, 0.999769, 0.00286255  
118, 3.93794, -7.43804, 180.554, 0.999642, 0.0176698, 0.0201051, -0.0175238, 0.999819, -0.00741855, -0.0202326, 0.00706357, 0.99977, 0.00284841  
119, 3.95769, -7.46614, 180.559, 0.999643, 0.0174938, 0.0202071, -0.0173492, 0.999823, -0.00731208, -0.0203315, 0.00695889, 0.999769, 0.00297822  
120, 3.98408, -7.46373, 180.567, 0.999637, 0.017196, 0.0207324, -0.0170626, 0.999833, -0.0065935, -0.0208423, 0.00623736, 0.999763, 0.00291137  
121, 3.95792, -7.47909, 180.566, 0.999649, 0.0172993, 0.0200486, -0.0171683, 0.99983, -0.00668901, -0.0201609, 0.00634246, 0.999777, 0.00288557  
122, 3.95608, -7.42835, 180.559, 0.999651, 0.0176148, 0.0196716, -0.017455, 0.999813, -0.00826865, -0.0198136, 0.0079224, 0.999772, 0.00295159  
123, 3.944, -7.45968, 180.552, 0.999617, 0.0176285, 0.0213408, -0.0175018, 0.999828, -0.00611062, -0.0214449, 0.00573477, 0.999754, 0.00297239  
124, 3.9584, -7.46062, 180.549, 0.999611, 0.0180726, 0.0212553, -0.0179342, 0.999817, -0.00668654, -0.0213722, 0.00630274, 0.999752, 0.00295464  
125, 3.96419, -7.45123, 180.563, 0.999642, 0.0171541, 0.0205555, -0.0170286, 0.999835, -0.00626161, -0.0206595, 0.00590934, 0.999769, 0.00302177  
126, 3.96511, -7.44585, 180.562, 0.999652, 0.0172779, 0.0199217, -0.0171254, 0.999823, -0.00780078, -0.0200529, 0.0074569, 0.999771, 0.00302177  
127, 3.95393, -7.46714, 180.55, 0.999628, 0.0177925, 0.0206877, -0.0176482, 0.999819, -0.00713553, -0.020811, 0.00676778, 0.999761, 0.0029785  
128, 3.94949, -7.43437, 180.542, 0.999628, 0.0180335, 0.0204537, -0.0178764, 0.999809, -0.00783736, -0.0205911, 0.00746881, 0.99976, 0.00282622  
129, 3.96318, -7.41978, 180.553, 0.999641, 0.0177823, 0.0200591, -0.017628, 0.999814, -0.00784566, -0.0201949, 0.00748923, 0.999768, 0.00295159  
130, 3.98023, -7.45257, 180.561, 0.999647, 0.0172294, 0.0202377, -0.0170855, 0.999828, -0.00725865, -0.0203592, 0.00691032, 0.999769, 0.00285423  
131, 3.97493, -7.44425, 180.567, 0.999631, 0.0175274, 0.020757, -0.0173913, 0.999826, -0.00671852, -0.0208711, 0.00635505, 0.999762, 0.0028939  
132, 3.96932, -7.46031, 180.547, 0.999632, 0.0175074, 0.0207372, -0.0173509, 0.99982, -0.00770584, -0.0208683, 0.00734319, 0.999755, 0.00301483  
133, 3.95988, -7.44279, 180.563, 0.999638, 0.0172416, 0.0206644, -0.0171148, 0.999834, -0.00629669, -0.0207696, 0.00594074, 0.999767, 0.00283509  
134, 3.96718, -7.43643, 180.55, 0.999654, 0.0172671, 0.019853, -0.0171352, 0.99983, -0.00679394, -0.019967, 0.00645141, 0.99978, 0.00294299  
135, 3.93918, -7.42358, 180.554, 0.999629, 0.0172898, 0.0210539, -0.017157, 0.999832, -0.00647263, -0.0211623, 0.00610901, 0.999757, 0.00292468  
136, 3.96403, -7.45707, 180.528, 0.999628, 0.0178684, 0.0206027, -0.0177252, 0.999818, -0.00711471, -0.0207261, 0.00674687, 0.999762, 0.00297933  
137, 3.95546, -7.46613, 180.562, 0.999635, 0.0169839, 0.021004, -0.01682, 0.999827, -0.0079553, -0.0211355, 0.00759911, 0.999748, 0.00283897  
138, 3.94003, -7.43834, 180.543, 0.999628, 0.0175198, 0.0209044, -0.0173757, 0.999824, -0.00705685, -0.0210243, 0.006691, 0.999757, 0.00291331  
139, 3.9575, -7.45425, 180.545, 0.999636, 0.0175327, 0.0205064, -0.017391, 0.999824, -0.00706862, -0.0206267, 0.00670943, 0.999765, 0.00293467  
140, 3.95402, -7.43152, 180.542, 0.999631, 0.0177593, 0.020533, -0.0176348, 0.999825, -0.00622732, -0.02064, 0.00586293, 0.99977, 0.0029638  
141, 3.95734, -7.45891, 180.526, 0.999629, 0.0177324, 0.0206661, -0.0175811, 0.999817, -0.00747914, -0.0207949, 0.00711303, 0.999758, 0.00284119  
142, 3.98466, -7.4306, 180.538, 0.999643, 0.0178099, 0.0199103, -0.0176649, 0.999816, -0.00743691, -0.0200391, 0.00708254, 0.999774, 0.00310803  
143, 3.96037, -7.46531, 180.555, 0.999609, 0.0184237, 0.0210197, -0.0182741, 0.999806, -0.00728757, -0.0211499, 0.00690061, 0.999753, 0.00295797  
144, 3.93596, -7.42311, 180.534, 0.999631, 0.0177879, 0.0205245, -0.0176305, 0.999814, -0.0078252, -0.0206598, 0.00746046, 0.999759, 0.00298016  
145, 3.95626, -7.46096, 180.544, 0.999655, 0.0174249, 0.0196498, -0.0172744, 0.99982, -0.00780458, -0.0197822, 0.00746245, 0.999776, 0.00276048  
146, 3.94824, -7.46701, 180.537, 0.999633, 0.0177325, 0.0204865, -0.0175653, 0.999811, -0.00831031, -0.02063, 0.00794741, 0.999756, 0.00285978  
147, 3.9431, -7.42806, 180.555, 0.999642, 0.0175598, 0.0201911, -0.0174144, 0.999821, -0.00735674, -0.0203166, 0.00700249, 0.999769, 0.00312024  
148, 3.96355, -7.43865, 180.543, 0.999661, 0.0173166, 0.0194653, -0.0171646, 0.999821, -0.00794903, -0.0195995, 0.00761221, 0.999779, 0.00299042  
149, 3.95131, -7.46915, 180.515, 0.99962, 0.017767, 0.0210879, -0.0176075, 0.999815, -0.00772898, -0.0212213, 0.00735473, 0.999748, 0.00292385  
150, 3.96019, -7.45806, 180.54, 0.999624, 0.017772, 0.02088, -0.0176253, 0.999819, -0.00719302, -0.0210041, 0.0068223, 0.999756, 0.00280708  
151, 3.96969, -7.45743, 180.559, 0.999653, 0.0163944, 0.0206162, -0.0162584, 0.999845, -0.00674604, -0.0207236, 0.00640851, 0.999765, 0.00287864  
152, 3.95206, -7.46104, 180.55, 0.999637, 0.0175681, 0.0204504, -0.0174161, 0.99982, -0.00758728, -0.02058, 0.00722836, 0.999762, 0.00285395  
153, 3.94227, -7.46132, 180.555, 0.999632, 0.0172339, 0.020941, -0.0170835, 0.999827, -0.00734114, -0.0210639, 0.0069807, 0.999754, 0.00309638  
154, 3.96265, -7.45341, 180.547, 0.99963, 0.0178193, 0.0205594, -0.0176737, 0.999818, -0.00724151, -0.0206847, 0.00687547, 0.999762, 0.00300818  
155, 3.9728, -7.44186, 180.555, 0.999646, 0.0173246, 0.0201708, -0.0171731, 0.999823, -0.00765882, -0.0203, 0.00730972, 0.999767, 0.0030251  
156, 3.96404, -7.4511, 180.566, 0.999646, 0.0175232, 0.0200413, -0.0173716, 0.999819, -0.00771495, -0.0201729, 0.00736406, 0.999769, 0.00297406  
157, 3.93193, -7.44191, 180.541, 0.999633, 0.0172847, 0.0208602, -0.01714, 0.999828, -0.00709331, -0.0209793, 0.00673316, 0.999757, 0.00286838  
158, 3.95434, -7.45697, 180.549, 0.999622, 0.0175076, 0.0211924, -0.0173549, 0.999822, -0.00736405, -0.0213176, 0.00699348, 0.999748, 0.00279765  
159, 3.97732, -7.46209, 180.559, 0.999643, 0.0172834, 0.0203816, -0.0171457, 0.999829, -0.00691376, -0.0204976, 0.00656184, 0.999768, 0.00277545  
160, 3.98024, -7.44031, 180.546, 0.999641, 0.0172892, 0.0204683, -0.017144, 0.999827, -0.00725154, -0.0205901, 0.00689803, 0.999764, 0.00275021  
161, 3.9825, -7.43401, 180.549, 0.999645, 0.0177809, 0.0198475, -0.0176303, 0.999815, -0.00773289, -0.0199814, 0.00738023, 0.999773, 0.0029932  
162, 3.96506, -7.45492, 180.54, 0.999647, 0.0166487, 0.0207115, -0.0165212, 0.999844, -0.00631331, -0.0208134, 0.00596891, 0.999766, 0.00313549  
163, 3.95423, -7.41922, 180.521, 0.999641, 0.0177899, 0.0200235, -0.0176526, 0.99982, -0.00700891, -0.0201446, 0.00665293, 0.999775, 0.00282566  
164, 3.92801, -7.46365, 180.52, 0.999626, 0.0178725, 0.0207044, -0.0177354, 0.99982, -0.00678898, -0.020822, 0.00641924, 0.999763, 0.00300956  
165, 3.96907, -7.45656, 180.542, 0.999646, 0.0174115, 0.0200973, -0.017256, 0.99982, -0.00788548, -0.020231, 0.00753589, 0.999767, 0.00284258  
166, 3.96079, -7.46402, 180.548, 0.99962, 0.0173631, 0.021409, -0.0172235, 0.999829, -0.00668704, -0.0215214, 0.00631576, 0.999748, 0.00284452  
167, 3.96691, -7.46347, 180.543, 0.999622, 0.0177298, 0.0210137, -0.0175815, 0.999819, -0.00722054, -0.0211379, 0.00684835, 0.999753, 0.0028509  
168, 3.96968, -7.47593, 180.537, 0.999634, 0.0174651, 0.0206748, -0.0173277, 0.999827, -0.00680629, -0.0207901, 0.00644555, 0.999763, 0.00292746  
169, 3.9784, -7.4449, 180.551, 0.999652, 0.0169129, 0.0202631, -0.0167693, 0.999833, -0.0072371, -0.0203822, 0.00689478, 0.999768, 0.00277213  
170, 3.93695, -7.42836, 180.529, 0.999636, 0.0175785, 0.0204529, -0.0174284, 0.99982, -0.00749484, -0.0205809, 0.00713565, 0.999763, 0.00285173  
171, 3.9566, -7.47736, 180.556, 0.999638, 0.0172441, 0.0206675, -0.0170995, 0.999828, -0.00715159, -0.0207873, 0.00679559, 0.999761, 0.00285118  
172, 3.9547, -7.44011, 180.523, 0.999636, 0.0179148, 0.0201654, -0.0177825, 0.999819, -0.00672326, -0.0202822, 0.00636222, 0.999774, 0.00286533  
173, 3.98308, -7.46085, 180.551, 0.999627, 0.0174082, 0.0210357, -0.0172826, 0.999832, -0.00613528, -0.0211389, 0.00576945, 0.99976, 0.00282039  
174, 3.97536, -7.40279, 180.557, 0.999621, 0.0178686, 0.0209432, -0.0177363, 0.999822, -0.0064864, -0.0210554, 0.00611248, 0.99976, 0.00286616  
175, 3.95221, -7.44217, 180.541, 0.999639, 0.017509, 0.020369, -0.0173705, 0.999825, -0.00695609, -0.0204872, 0.00659976, 0.999768, 0.00286644  
176, 3.9587, -7.47336, 180.529, 0.999615, 0.0176814, 0.0213808, -0.0175277, 0.999819, -0.00735117, -0.0215069, 0.00697359, 0.999744, 0.00278267  
177, 3.98821, -7.46225, 180.559, 0.999633, 0.017679, 0.0205351, -0.0175313, 0.999819, -0.00735072, -0.0206614, 0.00698802, 0.999762, 0.0028656  
178, 3.93406, -7.46382, 180.536, 0.999624, 0.0180907, 0.0206243, -0.0179405, 0.999811, -0.00744061, -0.020755, 0.0070678, 0.99976, 0.00283093  
179, 3.94589, -7.4373, 180.522, 0.99963, 0.0179097, 0.0204946, -0.0177719, 0.999818, -0.0068894, -0.0206143, 0.00652262, 0.999766, 0.00290666  
180, 3.95439, -7.45607, 180.545, 0.999637, 0.0175097, 0.0204834, -0.0173608, 0.999822, -0.00742262, -0.0206098, 0.00706431, 0.999763, 0.00292829  
181, 3.97768, -7.44526, 180.553, 0.99963, 0.0176345, 0.0207143, -0.017499, 0.999824, -0.00670557, -0.0208289, 0.00634061, 0.999763, 0.00288225  
182, 3.92702, -7.45551, 180.533, 0.99964, 0.0170906, 0.0206663, -0.0169505, 0.999832, -0.00693555, -0.0207814, 0.00658275, 0.999762, 0.00441532  
183, 3.95635, -7.45107, 180.537, 0.999629, 0.0179735, 0.0204737, -0.0178191, 0.999812, -0.00769957, -0.0206083, 0.00733189, 0.999761, 0.0027957  
184, 3.97489, -7.46404, 180.557, 0.999644, 0.0171723, 0.0204237, -0.0170209, 0.999827, -0.0075618, -0.02055, 0.00721148, 0.999763, 0.00274994  
185, 3.97479, -7.46252, 180.535, 0.99961, 0.017651, 0.0216584, -0.0175218, 0.999828, -0.00613902, -0.021763, 0.00575713, 0.999747, 0.00292191  
186, 3.9627, -7.46944, 180.54, 0.999632, 0.0174442, 0.0207745, -0.0172919, 0.999822, -0.00749024, -0.0209014, 0.00712826, 0.999756, 0.00282566  
187, 3.96557, -7.45935, 180.526, 0.999634, 0.0177142, 0.0204436, -0.0175839, 0.999824, -0.00653175, -0.0205557, 0.00616988, 0.99977, 0.00282427  
188, 3.96495, -7.42693, 180.538, 0.999639, 0.0176076, 0.0202802, -0.0174822, 0.999827, -0.00633948, -0.0203883, 0.00598265, 0.999774, 0.00282843  
189, 3.95626, -7.43245, 180.538, 0.999632, 0.0178296, 0.0204288, -0.0176773, 0.999815, -0.00761036, -0.0205607, 0.00724644, 0.999762, 0.00284092  
190, 3.9644, -7.44531, 180.562, 0.999635, 0.0174729, 0.0205928, -0.0173385, 0.999827, -0.00668938, -0.0207061, 0.00632989, 0.999766, 0.00305783  
191, 3.92996, -7.4373, 180.537, 0.999648, 0.017261, 0.020141, -0.0171319, 0.999832, -0.00656475, -0.0202509, 0.00621738, 0.999776, 0.00267504  
192, 3.98136, -7.48339, 180.549, 0.99963, 0.0173302, 0.020964, -0.0171889, 0.999828, -0.00690151, -0.02108, 0.00653861, 0.999756, 0.00263787  
193, 3.99933, -7.41634, 180.554, 0.999639, 0.0175727, 0.0203054, -0.0174406, 0.999826, -0.00666493, -0.020419, 0.00630839, 0.999772, 0.0028043  
194, 3.9692, -7.47657, 180.579, 0.999647, 0.0171418, 0.0203063, -0.017009, 0.999833, -0.00669664, -0.0204177, 0.00634888, 0.999771, 0.00286865  
195, 3.95452, -7.46391, 180.564, 0.999638, 0.0175294, 0.0203919, -0.0173823, 0.999822, -0.00736551, -0.0205174, 0.00700838, 0.999765, 0.00287892  
196, 3.95062, -7.45921, 180.553, 0.999635, 0.0174076, 0.0206794, -0.0172529, 0.999822, -0.00763418, -0.0208087, 0.00727461, 0.999757, 0.00282871  
197, 3.98144, -7.47353, 180.557, 0.99964, 0.0175802, 0.0202798, -0.0174347, 0.999821, -0.0073275, -0.020405, 0.00697129, 0.999767, 0.00277573  
198, 3.97371, -7.44874, 180.557, 0.999651, 0.0174115, 0.0198428, -0.0172772, 0.999827, -0.00692154, -0.0199599, 0.0065763, 0.999779, 0.00279681  
199, 3.94661, -7.45354, 180.565, 0.999638, 0.0172798, 0.0206091, -0.0171678, 0.999837, -0.00560021, -0.0207025, 0.00524437, 0.999772, 0.00285589  
200, 3.95352, -7.48034, 180.536, 0.999637, 0.0175135, 0.0204762, -0.0173564, 0.999819, -0.007823, -0.0206095, 0.00746476, 0.99976, 0.00283897  
201, 3.97667, -7.43029, 180.535, 0.999645, 0.0173638, 0.0201866, -0.0172241, 0.999827, -0.00707416, -0.0203059, 0.00672396, 0.999771, 0.00276769  
202, 3.96245, -7.46502, 180.528, 0.999633, 0.0179755, 0.0202448, -0.017814, 0.999808, -0.00812893, -0.020387, 0.0077653, 0.999762, 0.0027405  
203, 3.95741, -7.44581, 180.522, 0.999626, 0.0180642, 0.0205453, -0.017923, 0.999815, -0.00703778, -0.0206686, 0.00666692, 0.999764, 0.00289501  
204, 3.93542, -7.46206, 180.533, 0.999631, 0.017705, 0.0206141, -0.0175599, 0.99982, -0.00719735, -0.0207378, 0.00683271, 0.999762, 0.00291414  
205, 3.95871, -7.46196, 180.546, 0.99964, 0.0172116, 0.0205839, -0.017061, 0.999827, -0.00746651, -0.0207089, 0.00711264, 0.99976, 0.00293994  
206, 3.96057, -7.44577, 180.541, 0.999651, 0.0170672, 0.0201544, -0.0169113, 0.999826, -0.00788004, -0.0202854, 0.00753645, 0.999766, 0.00284702  
207, 3.94887, -7.48344, 180.541, 0.999629, 0.0175197, 0.020877, -0.0173751, 0.999824, -0.00708687, -0.0209975, 0.0067215, 0.999757, 0.00289833  
208, 3.94821, -7.46296, 180.541, 0.999644, 0.0170442, 0.0205083, -0.0169249, 0.999839, -0.00597994, -0.020607, 0.00563071, 0.999772, 0.00293495  
209, 3.95955, -7.45415, 180.547, 0.999642, 0.0177369, 0.02001, -0.0175906, 0.999817, -0.00746543, -0.0201387, 0.00711077, 0.999772, 0.00280735  
210, 3.97462, -7.48214, 180.549, 0.999643, 0.0174628, 0.0202017, -0.0173251, 0.999826, -0.00697376, -0.02032, 0.00662128, 0.999772, 0.00278156  
211, 3.9484, -7.44853, 180.541, 0.999642, 0.0176364, 0.0201009, -0.0175, 0.999823, -0.00694005, -0.0202197, 0.0065858, 0.999774, 0.00284841  
212, 3.95791, -7.45649, 180.55, 0.99965, 0.0173054, 0.0199993, -0.0171646, 0.999827, -0.00719045, -0.0201203, 0.00684466, 0.999774, 0.0030312  
213, 3.97458, -7.45811, 180.557, 0.999621, 0.0180489, 0.0208052, -0.0179024, 0.999814, -0.007207, -0.0209314, 0.0068318, 0.999758, 0.00286949  
214, 3.94575, -7.43073, 180.561, 0.999628, 0.018042, 0.0204438, -0.0179008, 0.999815, -0.00706888, -0.0205675, 0.00670029, 0.999766, 0.00302926  
215, 3.93845, -7.44399, 180.545, 0.99964, 0.0178603, 0.0200226, -0.0177214, 0.999818, -0.00709602, -0.0201457, 0.00673863, 0.999774, 0.00289972  
216, 3.96376, -7.47164, 180.57, 0.99963, 0.017603, 0.0207484, -0.0174734, 0.999827, -0.00640779, -0.0208576, 0.00604287, 0.999764, 0.00285811  
217, 3.97226, -7.47037, 180.556, 0.999643, 0.0166331, 0.0209023, -0.0165012, 0.999843, -0.00647063, -0.0210066, 0.00612341, 0.999761, 0.00296934  
218, 3.94845, -7.44443, 180.559, 0.999625, 0.0177869, 0.0208335, -0.0176465, 0.99982, -0.00690288, -0.0209526, 0.00653265, 0.999759, 0.00289889  
219, 3.95956, -7.46097, 180.552, 0.999657, 0.0168747, 0.0200226, -0.016742, 0.999837, -0.00677532, -0.0201336, 0.00643778, 0.999777, 0.00301067  
220, 3.97426, -7.44631, 180.557, 0.999646, 0.0172359, 0.0202869, -0.017097, 0.999829, -0.00700067, -0.0204041, 0.00665135, 0.99977, 0.00288474  
221, 3.96411, -7.44822, 180.557, 0.999614, 0.017624, 0.0214552, -0.0174862, 0.999825, -0.00659308, -0.0215677, 0.00621537, 0.999748, 0.00299958  
222, 3.98402, -7.44214, 180.548, 0.999629, 0.0179625, 0.020463, -0.0178392, 0.999822, -0.00619068, -0.0205705, 0.00582334, 0.999771, 0.00288973  
223, 4.00311, -7.45347, 180.554, 0.999629, 0.0173622, 0.0209684, -0.0172377, 0.999833, -0.0061047, -0.0210708, 0.00574099, 0.999762, 0.00306615  
224, 3.97711, -7.4667, 180.548, 0.999639, 0.0175728, 0.0203058, -0.0174261, 0.999821, -0.00737601, -0.0204318, 0.0070195, 0.999767, 0.00292441  
225, 3.98177, -7.46224, 180.565, 0.999635, 0.0179835, 0.0201752, -0.0178394, 0.999814, -0.00729951, -0.0203027, 0.00693693, 0.99977, 0.00291692  
226, 3.96628, -7.45013, 180.583, 0.999645, 0.0172529, 0.0202904, -0.0171208, 0.999831, -0.00666368, -0.020402, 0.00631393, 0.999772, 0.00299653  
227, 3.97817, -7.45966, 180.56, 0.999636, 0.017608, 0.0204193, -0.0174559, 0.999819, -0.00760034, -0.0205494, 0.00724114, 0.999763, 0.00300374  
228, 3.96676, -7.47108, 180.556, 0.999623, 0.0176476, 0.0210385, -0.017506, 0.999823, -0.00689308, -0.0211565, 0.00652218, 0.999755, 0.00286116  
229, 3.94723, -7.4578, 180.53, 0.999628, 0.0179774, 0.0205206, -0.0178318, 0.999815, -0.0072593, -0.0206473, 0.00689068, 0.999763, 0.00308279  
230, 3.94733, -7.47659, 180.551, 0.999615, 0.0177336, 0.0213474, -0.0176087, 0.999827, -0.00602606, -0.0214506, 0.00564784, 0.999754, 0.00293495  
231, 3.96624, -7.4752, 180.538, 0.999615, 0.0177665, 0.0213246, -0.0176143, 0.999818, -0.00730166, -0.0214504, 0.00692323, 0.999746, 0.00300485  
232, 3.97179, -7.45205, 180.545, 0.999637, 0.0175974, 0.0204043, -0.0174394, 0.999817, -0.00789388, -0.0205395, 0.00753518, 0.999761, 0.00300568  
233, 3.98451, -7.45467, 180.553, 0.999616, 0.0181545, 0.020937, -0.0180158, 0.999815, -0.00679224, -0.0210564, 0.00641244, 0.999758, 0.00296657  
234, 3.96952, -7.46129, 180.551, 0.999635, 0.0176242, 0.0204789, -0.0174805, 0.999821, -0.00717049, -0.0206016, 0.00680989, 0.999765, 0.00277018  
235, 3.98856, -7.46538, 180.567, 0.999641, 0.0171971, 0.020522, -0.0170537, 0.999829, -0.00713795, -0.0206413, 0.00678541, 0.999764, 0.00293661  
236, 3.98493, -7.46641, 180.564, 0.999639, 0.017386, 0.0204705, -0.01724, 0.999825, -0.00728541, -0.0205935, 0.00692987, 0.999764, 0.00298682  
237, 3.97811, -7.45938, 180.555, 0.999634, 0.0176422, 0.0205025, -0.0174973, 0.999821, -0.00722851, -0.0206263, 0.00686713, 0.999764, 0.00302898  
238, 3.96796, -7.46363, 180.57, 0.999641, 0.0175962, 0.0201933, -0.0174606, 0.999824, -0.00687096, -0.0203106, 0.00651591, 0.999772, 0.00287032  
239, 3.99096, -7.47643, 180.55, 0.999651, 0.0172367, 0.0200191, -0.0171005, 0.99983, -0.00695547, -0.0201355, 0.0066107, 0.999775, 0.00308418  
240, 3.97766, -7.44173, 180.542, 0.99963, 0.0180453, 0.0203408, -0.0179042, 0.999815, -0.00709795, -0.0204651, 0.00673114, 0.999768, 0.00300263  
241, 4.01039, -7.47714, 180.568, 0.999633, 0.01713, 0.020982, -0.017002, 0.999836, -0.00626294, -0.0210858, 0.00590391, 0.99976, 0.0028706  
242, 3.97562, -7.46571, 180.546, 0.999636, 0.0172994, 0.020711, -0.0171671, 0.999831, -0.00655021, -0.0208208, 0.00619227, 0.999764, 0.00287892  
243, 3.97674, -7.45054, 180.562, 0.999649, 0.0177635, 0.0196433, -0.0176184, 0.999816, -0.00753535, -0.0197735, 0.00718663, 0.999779, 0.00290333  
244, 3.99601, -7.4486, 180.555, 0.999645, 0.0174964, 0.0201068, -0.0173806, 0.999831, -0.00592042, -0.020207, 0.00556885, 0.99978, 0.00292885  
245, 3.98667, -7.45887, 180.552, 0.999631, 0.0181868, 0.0201905, -0.0180327, 0.999807, -0.00778764, -0.0203283, 0.00742067, 0.999766, 0.00297128  
246, 4.00123, -7.43574, 180.573, 0.999644, 0.0172899, 0.0203013, -0.0171551, 0.99983, -0.00679353, -0.0204153, 0.00644284, 0.999771, 0.00288668  
247, 3.96561, -7.481, 180.567, 0.999611, 0.0179445, 0.021354, -0.0178006, 0.999818, -0.00690714, -0.021474, 0.00652434, 0.999748, 0.00291997  
248, 3.97506, -7.46414, 180.563, 0.999639, 0.0173845, 0.0204984, -0.017246, 0.999827, -0.00691348, -0.020615, 0.00655747, 0.999766, 0.00296158  
249, 3.99009, -7.45765, 180.57, 0.999639, 0.0179947, 0.0199454, -0.0178484, 0.999813, -0.00748989, -0.0200765, 0.0071312, 0.999773, 0.00293717  
250, 3.9811, -7.47874, 180.543, 0.999617, 0.0176841, 0.0213074, -0.0175304, 0.999819, -0.00737714, -0.021434, 0.00700079, 0.999746, 0.00279182  
251, 3.95277, -7.44131, 180.548, 0.999639, 0.0172451, 0.0206206, -0.017085, 0.999823, -0.00791843, -0.0207535, 0.00756326, 0.999756, 0.00293245  
252, 3.95874, -7.4319, 180.545, 0.999616, 0.0182289, 0.0208775, -0.0180826, 0.999811, -0.00717584, -0.0210044, 0.00679556, 0.999756, 0.00296241  
253, 3.97555, -7.48331, 180.549, 0.999625, 0.0173044, 0.0212023, -0.017182, 0.999835, -0.00594169, -0.0213016, 0.00557517, 0.999758, 0.00286338  
254, 3.9852, -7.45318, 180.549, 0.999631, 0.0175115, 0.0207499, -0.0173532, 0.999819, -0.00778246, -0.0208825, 0.00741951, 0.999754, 0.0031158  
255, 3.98336, -7.43422, 180.563, 0.999653, 0.0171798, 0.0199557, -0.0170354, 0.999828, -0.00738693, -0.0200792, 0.00704441, 0.999774, 0.0029502  
256, 4.01487, -7.51789, 180.584, 0.999649, 0.016951, 0.0203401, -0.0168111, 0.999834, -0.0070307, -0.0204559, 0.0066863, 0.999768, 0.00289279  
257, 4.11044, -7.59512, 180.612, 0.999603, 0.0183023, 0.0214359, -0.0181177, 0.999797, -0.00877186, -0.0215921, 0.00838, 0.999732, 0.00288863  
258, 4.0804, -7.65438, 180.633, 0.999605, 0.0182942, 0.0213437, -0.0181149, 0.999799, -0.00856452, -0.0214961, 0.0081745, 0.999736, 0.00283426  
259, 4.13353, -7.62892, 180.648, 0.999615, 0.0182388, 0.0208916, -0.0180278, 0.999785, -0.0102414, -0.0210739, 0.00986078, 0.999729, 0.00289972  
260, 3.96133, -7.47321, 180.504, 0.999575, 0.0153261, 0.0247934, -0.0150977, 0.999842, -0.00937621, -0.0249332, 0.0089979, 0.999649, 0.0030717  
261, 3.9491, -7.48542, 180.499, 0.999535, 0.0158497, 0.0260515, -0.0156325, 0.999842, -0.00851987, -0.0261824, 0.00810866, 0.999624, 0.00297794  
262, 3.95418, -7.47523, 180.482, 0.999551, 0.0152239, 0.0258117, -0.014987, 0.999844, -0.00934804, -0.02595, 0.008957, 0.999623, 0.0028853  
263, 3.9669, -7.46592, 180.494, 0.99956, 0.0163587, 0.0247597, -0.016108, 0.999817, -0.010289, -0.0249235, 0.00988565, 0.99964, 0.00279903  
264, 3.96061, -7.46411, 180.517, 0.999569, 0.0160013, 0.02463, -0.0157551, 0.999824, -0.0101567, -0.0247882, 0.00976431, 0.999645, 0.00289001  
265, 3.93502, -7.4822, 180.481, 0.999547, 0.0158118, 0.0256215, -0.015576, 0.999835, -0.00937976, -0.0257656, 0.00897643, 0.999628, 0.00285534  
266, 3.96563, -7.46766, 180.494, 0.999545, 0.0156152, 0.0258222, -0.0153594, 0.999831, -0.010075, -0.0259752, 0.00967378, 0.999616, 0.00291803  
267, 3.94858, -7.46655, 180.483, 0.999559, 0.015502, 0.0253296, -0.0152683, 0.999839, -0.0093953, -0.0254711, 0.00900442, 0.999635, 0.00296102  
268, 3.9783, -7.46716, 180.51, 0.999587, 0.0154213, 0.0242526, -0.0151947, 0.999839, -0.00950243, -0.0243952, 0.00912999, 0.999661, 0.00283259  
269, 3.93513, -7.4642, 180.514, 0.999579, 0.0157291, 0.0243633, -0.0155056, 0.999836, -0.00933696, -0.0245062, 0.00895527, 0.99966, 0.00294965  
270, 3.95536, -7.45033, 180.512, 0.999548, 0.0165233, 0.0251242, -0.016291, 0.999823, -0.00942407, -0.0252755, 0.00901051, 0.99964, 0.00286144  
271, 3.95009, -7.47637, 180.492, 0.999541, 0.0155137, 0.026018, -0.0152927, 0.999845, -0.00867099, -0.0261485, 0.00826913, 0.999624, 0.0029968  
272, 3.95595, -7.48207, 180.501, 0.999563, 0.0157308, 0.0250175, -0.0154817, 0.999829, -0.0101192, -0.0251724, 0.00972748, 0.999636, 0.0029638  
273, 3.94469, -7.46401, 180.507, 0.999573, 0.0153346, 0.024871, -0.015097, 0.999839, -0.00971335, -0.025016, 0.00933373, 0.999643, 0.00286616  
274, 3.9619, -7.45512, 180.499, 0.99958, 0.0159241, 0.0242234, -0.0156997, 0.999832, -0.00942607, -0.0243694, 0.00904181, 0.999662, 0.00297239  
275, 3.95197, -7.45698, 180.466, 0.999558, 0.0155689, 0.0253305, -0.0153343, 0.999838, -0.0094292, -0.0254732, 0.00903661, 0.999635, 0.0029502  
276, 3.95545, -7.47801, 180.476, 0.999537, 0.0163011, 0.0256943, -0.0160592, 0.999825, -0.00959219, -0.0258462, 0.00917511, 0.999624, 0.00297988  
