0, 0, 0, 0, 0, 0, 0, 0, 0, 0, 0, 0, 0, 0.00640135  
1, -0.545553, 15.495, 180.145, 0.998484, 0.0548308, 0.00482576, -0.054681, 0.998137, -0.0270478, -0.00629982, 0.0267429, 0.999622, 0.00275465  
2, -0.529424, 15.5112, 180.133, 0.998472, 0.0550921, 0.00429886, -0.0549491, 0.998088, -0.0282834, -0.00584884, 0.0280039, 0.999591, 0.00274328  
3, -0.534695, 15.5394, 180.147, 0.99849, 0.0547155, 0.00497014, -0.0545593, 0.998133, -0.0274549, -0.00646307, 0.0271423, 0.999611, 0.00292995  
4, -0.511325, 15.5173, 180.127, 0.998481, 0.0549469, 0.00417648, -0.054803, 0.998074, -0.0290658, -0.00576552, 0.0287928, 0.999569, 0.00288807  
5, -0.520469, 15.5021, 180.117, 0.998446, 0.0555422, 0.00459102, -0.055395, 0.998083, -0.0276165, -0.00611609, 0.0273192, 0.999608, 0.00281706  
6, -0.508295, 15.4911, 180.118, 0.998464, 0.0550931, 0.00578885, -0.0549232, 0.998145, -0.0262653, -0.00722515, 0.0259071, 0.999638, 0.00283315  
7, -0.507698, 15.5156, 180.13, 0.998482, 0.0549021, 0.00436976, -0.0547626, 0.998124, -0.0273806, -0.00586481, 0.0270997, 0.999616, 0.0028362  
8, -0.510008, 15.5167, 180.13, 0.998466, 0.0552353, 0.00380131, -0.0551111, 0.998105, -0.0273786, -0.00530637, 0.0271272, 0.999618, 0.002976  
9, -0.520932, 15.5317, 180.137, 0.998487, 0.0547755, 0.00486166, -0.0546216, 0.998127, -0.0275529, -0.00636178, 0.0272457, 0.999609, 0.00301511  
10, -0.471625, 15.4543, 180.138, 0.998505, 0.0544732, 0.00446448, -0.0543297, 0.998141, -0.0276291, -0.00596123, 0.0273452, 0.999608, 0.0028828  
11, -0.553879, 15.5584, 180.124, 0.998446, 0.0556624, 0.0025175, -0.0555672, 0.998041, -0.028756, -0.00411319, 0.0285714, 0.999583, 0.00281623  
12, -0.564585, 15.5166, 180.122, 0.998482, 0.054913, 0.00426734, -0.054775, 0.998118, -0.0275831, -0.00577398, 0.0273075, 0.99961, 0.00273523  
13, -0.495745, 15.506, 180.127, 0.998466, 0.0551409, 0.0050627, -0.0549838, 0.998117, -0.027172, -0.00655146, 0.0268519, 0.999618, 0.00299181  
14, -0.555078, 15.5253, 180.112, 0.998444, 0.0555899, 0.00444115, -0.0554451, 0.998072, -0.0278956, -0.0059833, 0.027606, 0.999601, 0.00446303  
15, -0.526668, 15.5218, 180.131, 0.998477, 0.0549925, 0.00447552, -0.0548505, 0.998121, -0.0273187, -0.00596943, 0.0270316, 0.999617, 0.00299542  
16, -0.461296, 15.4542, 180.128, 0.998454, 0.0553675, 0.00495444, -0.0552119, 0.998099, -0.0273946, -0.00646179, 0.0270787, 0.999612, 0.00295242  
17, -0.469631, 15.4539, 180.127, 0.998459, 0.0552745, 0.00485788, -0.0551215, 0.998104, -0.0273956, -0.00636294, 0.0270856, 0.999613, 0.00288557  
18, -0.459549, 15.5592, 180.145, 0.998446, 0.0555935, 0.003773, -0.0554657, 0.998063, -0.0281762, -0.00533211, 0.0279231, 0.999596, 0.00294327  
19, -0.473699, 15.5193, 180.156, 0.998493, 0.054702, 0.00445525, -0.0545585, 0.998127, -0.0276624, -0.0059601, 0.0273776, 0.999607, 0.00286394  
20, -0.401991, 15.4531, 180.155, 0.998487, 0.0547894, 0.00466767, -0.0546464, 0.99815, -0.0266451, -0.0061189, 0.0263497, 0.999634, 0.00287503  
21, -0.455967, 15.459, 180.128, 0.998467, 0.0551843, 0.00423801, -0.0550493, 0.998113, -0.0272016, -0.00573111, 0.0269266, 0.999621, 0.00295852  
22, -0.538755, 15.5314, 180.149, 0.998467, 0.0552587, 0.00319059, -0.055145, 0.998067, -0.0286478, -0.00476746, 0.0284279, 0.999584, 0.0028534  
23, -0.588493, 15.4864, 180.11, 0.998449, 0.0554648, 0.00474679, -0.0553113, 0.998078, -0.0279624, -0.00628859, 0.0276565, 0.999598, 0.00294965  
24, -0.520312, 15.4567, 180.136, 0.99847, 0.0550652, 0.00513892, -0.0549052, 0.998118, -0.0273257, -0.00663395, 0.0270018, 0.999613, 0.00289251  
25, -0.531084, 15.5201, 180.128, 0.998465, 0.0552456, 0.00402395, -0.0551166, 0.99811, -0.0271639, -0.00551703, 0.0269004, 0.999623, 0.00287587  
26, -0.498542, 15.5172, 180.126, 0.998421, 0.0560042, 0.00428246, -0.0558631, 0.998046, -0.0279915, -0.00584174, 0.0277081, 0.999599, 0.00296074  
27, -0.518705, 15.5021, 180.123, 0.99844, 0.0557009, 0.0037637, -0.0555775, 0.998079, -0.0273894, -0.00528208, 0.0271375, 0.999618, 0.00274716  
28, -0.554706, 15.5285, 180.117, 0.998443, 0.055676, 0.0034546, -0.0555578, 0.998062, -0.0280171, -0.00500779, 0.0277816, 0.999601, 0.00291803  
29, -0.564182, 15.5121, 180.129, 0.998476, 0.0550232, 0.00415081, -0.0548889, 0.998114, -0.0274965, -0.00565592, 0.0272267, 0.999613, 0.00293328  
30, -0.541295, 15.4742, 180.107, 0.998452, 0.0554202, 0.00465479, -0.0552694, 0.998081, -0.0279245, -0.00619344, 0.027624, 0.999599, 0.00289279  
31, -0.487051, 15.5066, 180.121, 0.998481, 0.0549312, 0.00420021, -0.0547939, 0.998111, -0.0277869, -0.00571864, 0.0275146, 0.999605, 0.00295658  
32, -0.493709, 15.5175, 180.116, 0.998471, 0.0551704, 0.00353764, -0.0550475, 0.998076, -0.0285435, -0.00510559, 0.0283052, 0.999586, 0.0028706  
33, -0.429247, 15.4264, 180.151, 0.998477, 0.0550075, 0.00418884, -0.0548734, 0.99812, -0.0272903, -0.00568214, 0.0270189, 0.999619, 0.0028681  
34, -0.51539, 15.4725, 180.115, 0.998452, 0.0554289, 0.00453899, -0.0552841, 0.998093, -0.0274568, -0.00605223, 0.0271633, 0.999613, 0.00288474  
35, -0.528026, 15.4995, 180.116, 0.99845, 0.0555013, 0.00409366, -0.0553627, 0.99806, -0.0284976, -0.00566737, 0.0282268, 0.999585, 0.00287698  
36, -0.495813, 15.4884, 180.14, 0.998465, 0.055212, 0.00430664, -0.0550742, 0.998108, -0.0273504, -0.00580856, 0.0270713, 0.999617, 0.00295104  
37, -0.507996, 15.4586, 180.129, 0.998447, 0.0555166, 0.00453364, -0.0553656, 0.998059, -0.0285003, -0.00610709, 0.0282051, 0.999584, 0.00270195  
38, -0.527525, 15.523, 180.139, 0.998469, 0.0551154, 0.00478427, -0.0549629, 0.998106, -0.027647, -0.00629899, 0.0273417, 0.999606, 0.00300457  
39, -0.486253, 15.4912, 180.148, 0.998494, 0.0546767, 0.00453342, -0.0545315, 0.998131, -0.0275926, -0.00603362, 0.0273039, 0.999609, 0.00300679  
40, -0.464047, 15.4986, 180.128, 0.998469, 0.0551021, 0.00487151, -0.0549505, 0.99812, -0.0271354, -0.00635757, 0.0268261, 0.99962, 0.00297045  
41, -0.521564, 15.4923, 180.109, 0.998471, 0.0550763, 0.00479709, -0.0549235, 0.998108, -0.0276412, -0.00631038, 0.0273354, 0.999606, 0.00273995  
42, -0.469059, 15.5505, 180.139, 0.998433, 0.0558858, 0.00294019, -0.0557792, 0.998033, -0.0286184, -0.00453377, 0.0284095, 0.999586, 0.00290804  
43, -0.524821, 15.4907, 180.124, 0.998471, 0.055155, 0.00355525, -0.0550332, 0.998086, -0.0282133, -0.00510454, 0.0279745, 0.999596, 0.00298349  
44, -0.514761, 15.4727, 180.104, 0.998452, 0.0554022, 0.00483752, -0.0552488, 0.998093, -0.0275425, -0.00635421, 0.0272326, 0.999609, 0.00295242  
45, -0.51737, 15.491, 180.107, 0.99846, 0.0552727, 0.00467317, -0.0551196, 0.998081, -0.0282266, -0.00622436, 0.0279255, 0.999591, 0.00281762  
46, -0.511615, 15.5469, 180.117, 0.998471, 0.055182, 0.00330125, -0.05507, 0.998099, -0.0276662, -0.00482165, 0.0274421, 0.999612, 0.00294577  
47, -0.579286, 15.5318, 180.114, 0.998483, 0.0548545, 0.00484278, -0.0547052, 0.99814, -0.0269045, -0.0063096, 0.0265987, 0.999626, 0.00286089  
48, -0.532103, 15.516, 180.125, 0.99846, 0.0553122, 0.00434877, -0.0551704, 0.998089, -0.0278295, -0.00587977, 0.0275467, 0.999603, 0.00304174  
49, -0.466624, 15.4914, 180.15, 0.998468, 0.0551487, 0.00449514, -0.0550041, 0.998104, -0.0276319, -0.00601047, 0.0273423, 0.999608, 0.00289972  
50, -0.550684, 15.5285, 180.13, 0.99849, 0.0547043, 0.00502356, -0.0545487, 0.998142, -0.0271478, -0.00649932, 0.0268327, 0.999619, 0.00284424  
51, -0.517168, 15.5331, 180.12, 0.998466, 0.0552026, 0.00419976, -0.0550664, 0.998102, -0.0275757, -0.00571404, 0.0273022, 0.999611, 0.00291303  
52, -0.495394, 15.5419, 180.145, 0.998485, 0.0548518, 0.00445924, -0.0547131, 0.998141, -0.0268431, -0.00592335, 0.0265585, 0.99963, 0.00290915  
53, -0.58359, 15.501, 180.125, 0.998472, 0.0550885, 0.00428807, -0.0549475, 0.998097, -0.0279969, -0.00582222, 0.0277185, 0.999599, 0.00290416  
54, -0.542521, 15.5165, 180.112, 0.998466, 0.0551032, 0.00534405, -0.0549451, 0.998145, -0.026232, -0.00677961, 0.0258982, 0.999642, 0.00294133  
55, -0.542129, 15.5234, 180.126, 0.998472, 0.0551558, 0.00349624, -0.0550352, 0.998083, -0.0283041, -0.00505067, 0.0280684, 0.999593, 0.0028215  
56, -0.468579, 15.4911, 180.145, 0.998488, 0.0548015, 0.00429819, -0.054662, 0.99812, -0.0277175, -0.00580908, 0.0274407, 0.999607, 0.0029785  
57, -0.516734, 15.5279, 180.12, 0.998458, 0.0552598, 0.00526595, -0.0550992, 0.998118, -0.0269001, -0.00674254, 0.0265685, 0.999624, 0.00291414  
58, -0.541911, 15.5411, 180.147, 0.998482, 0.0549046, 0.00431399, -0.0547633, 0.998108, -0.0279399, -0.00583986, 0.0276613, 0.9996, 0.00283038  
59, -0.550635, 15.5519, 180.152, 0.998487, 0.0548354, 0.00420741, -0.054698, 0.998116, -0.0277849, -0.00572309, 0.0275127, 0.999605, 0.00295409  
60, -0.553444, 15.5383, 180.14, 0.998463, 0.05518, 0.00522237, -0.0550127, 0.998091, -0.0280684, -0.00676122, 0.0277379, 0.999592, 0.0030692  
61, -0.49427, 15.5574, 180.13, 0.998449, 0.0554975, 0.00441096, -0.0553543, 0.99808, -0.0277807, -0.00594426, 0.0274935, 0.999604, 0.0042145  
62, -0.529514, 15.5007, 180.12, 0.998484, 0.0548051, 0.005173, -0.0546445, 0.998133, -0.0272816, -0.00665852, 0.0269576, 0.999614, 0.00300679  
63, -0.560103, 15.5012, 180.139, 0.998458, 0.0552747, 0.00509788, -0.0551215, 0.998129, -0.0264432, -0.00654999, 0.0261215, 0.999637, 0.00278378  
64, -0.518625, 15.4866, 180.116, 0.99846, 0.0553164, 0.0041485, -0.05518, 0.998087, -0.0278668, -0.00568205, 0.027595, 0.999603, 0.00280375  
65, -0.507788, 15.4937, 180.131, 0.998487, 0.0547465, 0.0050945, -0.0545922, 0.998153, -0.0266507, -0.00654413, 0.0263323, 0.999632, 0.00283481  
66, -0.530457, 15.5268, 180.136, 0.998472, 0.0550512, 0.00470752, -0.0549029, 0.998118, -0.0273133, -0.00620229, 0.0270132, 0.999616, 0.00304645  
67, -0.545582, 15.493, 180.121, 0.998429, 0.0557934, 0.00517207, -0.0556294, 0.998066, -0.027746, -0.00671011, 0.0274146, 0.999602, 0.00294271  
68, -0.501326, 15.4999, 180.111, 0.998452, 0.0554447, 0.00447582, -0.055298, 0.998076, -0.0280586, -0.0060229, 0.0277676, 0.999596, 0.00278017  
69, -0.529342, 15.5085, 180.094, 0.998425, 0.0559263, 0.00435428, -0.0557839, 0.998054, -0.0278729, -0.00590464, 0.0275861, 0.999602, 0.0028767  
70, -0.515233, 15.5096, 180.133, 0.998477, 0.0548771, 0.00563413, -0.0547096, 0.998151, -0.0264963, -0.00707775, 0.0261477, 0.999633, 0.00293717  
71, -0.556763, 15.4974, 180.105, 0.998437, 0.0557445, 0.00412566, -0.0556036, 0.99804, -0.0287195, -0.00571853, 0.0284452, 0.999579, 0.00298765  
72, -0.52218, 15.5351, 180.126, 0.998453, 0.0554872, 0.00366191, -0.0553628, 0.99807, -0.0281134, -0.00521478, 0.0278672, 0.999598, 0.00294327  
73, -0.509798, 15.4931, 180.111, 0.998459, 0.05526, 0.00518345, -0.0550949, 0.998092, -0.027878, -0.0067141, 0.0275495, 0.999598, 0.0029527  
74, -0.496853, 15.4762, 180.149, 0.998472, 0.0550767, 0.00456347, -0.0549303, 0.998108, -0.0276401, -0.00607717, 0.0273472, 0.999608, 0.00280597  
75, -0.541165, 15.5042, 180.126, 0.998447, 0.0554863, 0.00490111, -0.0553317, 0.99809, -0.027463, -0.00641557, 0.0271492, 0.999611, 0.00278988  
76, -0.532339, 15.4785, 180.125, 0.998476, 0.0549227, 0.00547745, -0.054752, 0.99812, -0.0275383, -0.00697963, 0.0271964, 0.999606, 0.00282705  
77, -0.55922, 15.5015, 180.11, 0.998456, 0.0554004, 0.00407353, -0.0552627, 0.998067, -0.0284451, -0.00564152, 0.0281761, 0.999587, 0.00289195  
78, -0.483198, 15.49, 180.14, 0.998492, 0.0546881, 0.0047661, -0.0545363, 0.998129, -0.0276375, -0.00626863, 0.0273359, 0.999607, 0.00279321  
79, -0.4597, 15.46, 180.151, 0.998468, 0.0551486, 0.00448818, -0.0550053, 0.998108, -0.0274574, -0.00599393, 0.0271684, 0.999613, 0.00280458  
80, -0.492466, 15.5026, 180.132, 0.998461, 0.0552468, 0.00485045, -0.0550909, 0.998092, -0.0278885, -0.00638194, 0.0275783, 0.999599, 0.00278683  
81, -0.439946, 15.4299, 180.133, 0.998481, 0.0548693, 0.00491385, -0.0547167, 0.998134, -0.0271182, -0.00639263, 0.0268081, 0.99962, 0.00301927  
82, -0.545254, 15.4656, 180.098, 0.998446, 0.0554453, 0.00569086, -0.0552705, 0.998099, -0.0272811, -0.00719265, 0.0269242, 0.999612, 0.00294133  
83, -0.473605, 15.4507, 180.139, 0.998466, 0.0551733, 0.00453669, -0.0550268, 0.998099, -0.0277693, -0.00606019, 0.027477, 0.999604, 0.0027982  
84, -0.532853, 15.486, 180.137, 0.998465, 0.055217, 0.00439484, -0.0550751, 0.998099, -0.0276513, -0.00591331, 0.0273668, 0.999608, 0.00278489  
85, -0.516597, 15.5094, 180.151, 0.998488, 0.054768, 0.00464424, -0.0546211, 0.998132, -0.0273782, -0.00613501, 0.0270831, 0.999614, 0.00285895  
86, -0.544059, 15.5211, 180.127, 0.998464, 0.0552063, 0.00457291, -0.0550604, 0.998104, -0.0274995, -0.00608238, 0.0272055, 0.999611, 0.00281262  
87, -0.517498, 15.4728, 180.16, 0.998444, 0.0555467, 0.00499674, -0.0553844, 0.998066, -0.0282277, -0.00655503, 0.0279071, 0.999589, 0.0029932  
88, -0.539249, 15.5191, 180.122, 0.998455, 0.0554071, 0.00428531, -0.0552732, 0.998112, -0.0267735, -0.00576067, 0.0264953, 0.999632, 0.00301955  
89, -0.530137, 15.4923, 180.135, 0.998449, 0.0555113, 0.00431225, -0.0553678, 0.998065, -0.0282883, -0.00587423, 0.0280057, 0.999591, 0.00323091  
90, -0.514277, 15.5155, 180.116, 0.998448, 0.0555271, 0.00433999, -0.0553931, 0.998112, -0.0265348, -0.0058052, 0.0262533, 0.999638, 0.00287725  
91, -0.524089, 15.5045, 180.145, 0.998482, 0.0548293, 0.00516035, -0.0546698, 0.998135, -0.027163, -0.00664005, 0.0268396, 0.999618, 0.0028337  
92, -0.507243, 15.5196, 180.133, 0.998487, 0.0548148, 0.00442039, -0.0546719, 0.998119, -0.0277313, -0.00593217, 0.0274477, 0.999606, 0.00280125  
93, -0.500505, 15.5252, 180.111, 0.998417, 0.0560572, 0.00460948, -0.0559112, 0.998062, -0.0273011, -0.00613098, 0.0270002, 0.999617, 0.00296823  
94, -0.547522, 15.5138, 180.109, 0.998453, 0.0553723, 0.00499386, -0.0552186, 0.998111, -0.0269382, -0.00647606, 0.0266208, 0.999625, 0.00294937  
95, -0.557957, 15.5035, 180.117, 0.998468, 0.0551396, 0.00466737, -0.0549901, 0.998103, -0.0276701, -0.00618424, 0.027371, 0.999606, 0.00290915  
96, -0.570706, 15.491, 180.135, 0.998466, 0.0551165, 0.00521073, -0.0549554, 0.998119, -0.0271869, -0.00669937, 0.0268588, 0.999617, 0.00288474  
97, -0.428628, 15.5256, 180.171, 0.998501, 0.0545737, 0.00410709, -0.0544358, 0.998114, -0.0283754, -0.00564789, 0.0281093, 0.999589, 0.00284314  
98, -0.540949, 15.5506, 180.127, 0.998434, 0.0558049, 0.0039013, -0.055673, 0.99805, -0.0282435, -0.00546981, 0.0279821, 0.999593, 0.00293106  
99, -0.444577, 15.5325, 180.152, 0.998485, 0.0548328, 0.00450273, -0.0546859, 0.998111, -0.0280128, -0.00603025, 0.0277242, 0.999597, 0.00285978  
100, -0.476357, 15.4883, 180.154, 0.998491, 0.0547517, 0.0042776, -0.0546135, 0.998126, -0.0276006, -0.00578077, 0.0273253, 0.99961, 0.00282178  
101, -0.516969, 15.5274, 180.149, 0.998462, 0.0552691, 0.00445148, -0.0551236, 0.998087, -0.0279831, -0.00598957, 0.0276947, 0.999598, 0.00291609  
102, -0.522662, 15.516, 180.109, 0.998446, 0.055484, 0.00524776, -0.0553215, 0.998097, -0.0272213, -0.00674812, 0.0268887, 0.999616, 0.00285617  
103, -0.526448, 15.5168, 180.108, 0.998478, 0.0549887, 0.00425259, -0.0548537, 0.998125, -0.027142, -0.00573712, 0.0268674, 0.999623, 0.00295409  
104, -0.519546, 15.5509, 180.135, 0.998472, 0.0550402, 0.00493285, -0.0548837, 0.99811, -0.0276331, -0.00644446, 0.0273201, 0.999606, 0.00287947  
105, -0.621442, 15.4925, 180.129, 0.998446, 0.0555097, 0.00501662, -0.0553509, 0.998085, -0.0276215, -0.00654028, 0.0273009, 0.999606, 0.00295825  
106, -0.526965, 15.4885, 180.118, 0.998447, 0.0555771, 0.00390426, -0.0554423, 0.998047, -0.0287887, -0.00549662, 0.0285275, 0.999578, 0.0029036  
107, -0.482741, 15.5248, 180.143, 0.99845, 0.0555084, 0.00416163, -0.0553713, 0.998076, -0.027905, -0.00570259, 0.0276313, 0.999602, 0.00286477  
108, -0.51258, 15.511, 180.151, 0.998488, 0.0548046, 0.004257, -0.0546655, 0.998116, -0.0278415, -0.00577483, 0.0275667, 0.999603, 0.00298377  
109, -0.539314, 15.5002, 180.121, 0.998419, 0.0560551, 0.00408818, -0.0559202, 0.998047, -0.0278369, -0.00564059, 0.0275643, 0.999604, 0.0029882  
110, -0.557847, 15.4979, 180.098, 0.998442, 0.0556313, 0.00442071, -0.0554831, 0.998051, -0.0285711, -0.00600154, 0.0282813, 0.999582, 0.00302593  
111, -0.544797, 15.5231, 180.135, 0.99848, 0.0549391, 0.00437253, -0.0548011, 0.998129, -0.0271068, -0.00585357, 0.0268259, 0.999623, 0.00287947  
112, -0.487363, 15.4686, 180.14, 0.998488, 0.0547295, 0.00506333, -0.0545723, 0.998139, -0.0272237, -0.00654385, 0.0269063, 0.999617, 0.00291248  
113, -0.558551, 15.4941, 180.1, 0.998432, 0.0557905, 0.00448414, -0.0556492, 0.998082, -0.0271038, -0.00598768, 0.0268118, 0.999623, 0.0029907  
114, -0.53575, 15.5336, 180.142, 0.998499, 0.0545124, 0.00539371, -0.0543464, 0.998151, -0.0272246, -0.00686782, 0.0268906, 0.999615, 0.00310554  
115, -0.496208, 15.4784, 180.14, 0.99849, 0.054583, 0.00615932, -0.0544028, 0.99817, -0.0263828, -0.0075881, 0.0260078, 0.999633, 0.00299403  
116, -0.515809, 15.4719, 180.118, 0.998461, 0.0552317, 0.00501056, -0.05507, 0.998087, -0.0280926, -0.00655258, 0.0277735, 0.999593, 0.00293384  
117, -0.50698, 15.5251, 180.121, 0.99846, 0.0553253, 0.00400855, -0.05519, 0.998073, -0.0283615, -0.00556993, 0.0280966, 0.99959, 0.00328666  
118, -0.579686, 15.5121, 180.13, 0.998486, 0.0547878, 0.00483236, -0.0546328, 0.998118, -0.0278483, -0.00634901, 0.0275421, 0.9996, 0.0029502  
119, -0.553885, 15.4856, 180.101, 0.998441, 0.0555708, 0.00531579, -0.0554102, 0.998107, -0.0266798, -0.00678835, 0.0263437, 0.99963, 0.00288863  
120, -0.612, 15.4753, 180.104, 0.998467, 0.055108, 0.00526467, -0.0549425, 0.998107, -0.0276205, -0.00677681, 0.0272889, 0.999605, 0.00297461  
121, -0.532791, 15.5136, 180.135, 0.998487, 0.0548009, 0.00450472, -0.054656, 0.998122, -0.0276748, -0.00601286, 0.0273867, 0.999607, 0.0029527  
122, -0.505499, 15.4549, 180.138, 0.99848, 0.0549645, 0.00403774, -0.0548316, 0.998108, -0.0278121, -0.00555878, 0.0275485, 0.999605, 0.00272664  
123, -0.465371, 15.4799, 180.129, 0.998454, 0.0553782, 0.00473599, -0.0552293, 0.998102, -0.0272551, -0.00623634, 0.0269514, 0.999617, 0.00296546  
124, -0.539076, 15.4914, 180.094, 0.998443, 0.0555147, 0.00539945, -0.0553545, 0.99812, -0.0263093, -0.00684985, 0.0259695, 0.999639, 0.00286782  
125, -0.509456, 15.5052, 180.116, 0.998465, 0.0551765, 0.00472882, -0.0550227, 0.99809, -0.0281004, -0.00627027, 0.0277971, 0.999594, 0.00302842  
126, -0.5578, 15.4793, 180.122, 0.998465, 0.0550906, 0.00575453, -0.0549183, 0.998134, -0.0267101, -0.00721526, 0.026353, 0.999627, 0.00296546  
127, -0.57072, 15.5035, 180.068, 0.998425, 0.0558546, 0.00535684, -0.0556899, 0.99808, -0.0270995, -0.00686019, 0.0267585, 0.999618, 0.00285423  
128, -0.511015, 15.5108, 180.117, 0.998465, 0.0552255, 0.00426528, -0.0550856, 0.998091, -0.0279251, -0.00579931, 0.0276473, 0.999601, 0.00284979  
129, -0.546787, 15.4838, 180.11, 0.998421, 0.0559154, 0.00534183, -0.0557532, 0.998085, -0.026797, -0.00682996, 0.0264569, 0.999627, 0.0029674  
130, -0.542321, 15.5065, 180.107, 0.998462, 0.0552595, 0.00457366, -0.0551162, 0.998113, -0.0270672, -0.00606074, 0.0267735, 0.999623, 0.00300679  
131, -0.538739, 15.5089, 180.115, 0.998455, 0.0553208, 0.00521013, -0.0551613, 0.998114, -0.0269483, -0.0066911, 0.0266193, 0.999623, 0.00295381  
132, -0.556716, 15.5036, 180.134, 0.99846, 0.0552521, 0.00497251, -0.0551004, 0.998123, -0.0267148, -0.00643923, 0.0263997, 0.999631, 0.00282927  
133, -0.543256, 15.5171, 180.131, 0.998483, 0.0547874, 0.00546193, -0.0546241, 0.998154, -0.0265484, -0.00690636, 0.0262098, 0.999633, 0.00304007  
134, -0.496501, 15.4644, 180.163, 0.998472, 0.0550196, 0.0051916, -0.0548618, 0.998135, -0.0267844, -0.00665558, 0.0264587, 0.999628, 0.00286449  
135, -0.553113, 15.5239, 180.17, 0.998497, 0.0546762, 0.00379496, -0.0545547, 0.998148, -0.0269316, -0.00526044, 0.0266841, 0.99963, 0.00302038  
136, -0.541561, 15.5098, 180.139, 0.998518, 0.0542373, 0.00459021, -0.0540949, 0.998173, -0.0269019, -0.00604091, 0.0266137, 0.999628, 0.00293939  
137, -0.535867, 15.519, 180.142, 0.998491, 0.0547352, 0.00437736, -0.0545996, 0.998152, -0.0266829, -0.00582976, 0.0264036, 0.999634, 0.00288141  
138, -0.557915, 15.5235, 180.126, 0.998463, 0.0552981, 0.00358837, -0.0551792, 0.998099, -0.0274472, -0.00509932, 0.0272071, 0.999617, 0.00285506  
139, -0.549328, 15.5204, 180.13, 0.998468, 0.0552038, 0.00381256, -0.0550773, 0.998096, -0.0277484, -0.00533711, 0.0274959, 0.999608, 0.00310692  
140, -0.58787, 15.5145, 180.127, 0.998492, 0.0546804, 0.0048483, -0.0545323, 0.998155, -0.0266918, -0.00629887, 0.0263872, 0.999632, 0.00296601  
141, -0.480157, 15.5254, 180.136, 0.998464, 0.0552217, 0.00445358, -0.0550823, 0.998118, -0.0269472, -0.00593327, 0.0266605, 0.999627, 0.00298599  
142, -0.470922, 15.5468, 180.163, 0.998477, 0.0550546, 0.00343348, -0.0549392, 0.998107, -0.0276277, -0.00494801, 0.027397, 0.999612, 0.00275188  
143, -0.54764, 15.5643, 180.126, 0.998436, 0.0557867, 0.00354974, -0.0556653, 0.998053, -0.0281195, -0.00511152, 0.0278779, 0.999598, 0.00302676  
144, -0.526411, 15.5251, 180.142, 0.998452, 0.0554844, 0.00389546, -0.0553551, 0.998079, -0.0278215, -0.00543163, 0.0275628, 0.999605, 0.00308778  
145, -0.560493, 15.5244, 180.137, 0.998501, 0.0545339, 0.00456586, -0.0543916, 0.998155, -0.0269846, -0.00602901, 0.0266958, 0.999625, 0.00307697  
146, -0.582853, 15.5345, 180.125, 0.99844, 0.0557036, 0.00390491, -0.0555679, 0.998036, -0.0289221, -0.00550831, 0.0286599, 0.999574, 0.0029735  
147, -0.561837, 15.503, 180.119, 0.998446, 0.0554965, 0.00507309, -0.0553432, 0.998115, -0.0265424, -0.00653654, 0.0262204, 0.999635, 0.00297128  
148, -0.605312, 15.4955, 180.121, 0.998479, 0.0548565, 0.00542815, -0.0546933, 0.998147, -0.0266599, -0.00688056, 0.0263225, 0.99963, 0.00287781  
149, -0.490333, 15.5131, 180.152, 0.998525, 0.054114, 0.00435409, -0.0539816, 0.998196, -0.0262824, -0.00576849, 0.0260086, 0.999645, 0.00292496  
150, -0.512915, 15.5209, 180.095, 0.99844, 0.0557158, 0.00360251, -0.0555971, 0.99808, -0.0273113, -0.00511726, 0.0270684, 0.99962, 0.00283814  
151, -0.540661, 15.5111, 180.105, 0.998449, 0.0555192, 0.00418886, -0.0553812, 0.998075, -0.0279291, -0.0057314, 0.0276538, 0.999601, 0.00302704  
152, -0.52869, 15.5087, 180.121, 0.998456, 0.0553351, 0.00486137, -0.0551812, 0.998097, -0.0275167, -0.00637476, 0.027206, 0.99961, 0.00290527  
153, -0.499297, 15.4909, 180.114, 0.998454, 0.0554376, 0.00396085, -0.0553066, 0.998082, -0.0278188, -0.00549546, 0.0275567, 0.999605, 0.0028534  
154, -0.548399, 15.4905, 180.114, 0.998438, 0.0556386, 0.00504346, -0.0554789, 0.998077, -0.0276341, -0.00657128, 0.0273111, 0.999605, 0.00294105  
155, -0.464365, 15.4895, 180.134, 0.998479, 0.0549813, 0.00403653, -0.0548505, 0.998118, -0.027431, -0.00553712, 0.0271679, 0.999616, 0.00310665  
156, -0.514725, 15.5162, 180.149, 0.998447, 0.0555675, 0.00397135, -0.0554351, 0.99807, -0.0280003, -0.00551959, 0.0277367, 0.9996, 0.00280208  
157, -0.529478, 15.5216, 180.121, 0.998455, 0.0554089, 0.0040978, -0.0552706, 0.998066, -0.0284392, -0.00566567, 0.0281688, 0.999587, 0.00276214  
158, -0.542216, 15.5034, 180.1, 0.998461, 0.0553057, 0.00399911, -0.0551757, 0.998099, -0.0274445, -0.00550935, 0.0271816, 0.999615, 0.00304867  
159, -0.528904, 15.5395, 180.142, 0.998467, 0.0551933, 0.00428227, -0.0550562, 0.998109, -0.0273523, -0.00578384, 0.0270746, 0.999617, 0.00295575  
160, -0.515196, 15.5085, 180.138, 0.998512, 0.0543539, 0.00438554, -0.0542182, 0.998173, -0.0266761, -0.00582747, 0.0263986, 0.999635, 0.00311441  
161, -0.530068, 15.4684, 180.119, 0.998439, 0.0555701, 0.00562387, -0.0554042, 0.998118, -0.026285, -0.00707394, 0.0259323, 0.999639, 0.00304618  
162, -0.554678, 15.5269, 180.102, 0.998463, 0.0551609, 0.00539504, -0.0550039, 0.998151, -0.0258772, -0.00681247, 0.0255407, 0.999651, 0.00272941  
163, -0.419971, 15.5065, 180.155, 0.998499, 0.0546072, 0.0042503, -0.0544711, 0.99814, -0.0273587, -0.00573638, 0.0270861, 0.999617, 0.00301345  
164, -0.452813, 15.4926, 180.119, 0.998481, 0.0549236, 0.0043967, -0.0547857, 0.998134, -0.0269797, -0.00587031, 0.0266979, 0.999626, 0.00285728  
165, -0.541222, 15.4959, 180.087, 0.998451, 0.0554459, 0.00471361, -0.0552958, 0.99809, -0.027552, -0.00623226, 0.0272487, 0.999609, 0.0031133  
166, -0.565058, 15.5041, 180.115, 0.998463, 0.0552371, 0.00453786, -0.0550947, 0.998114, -0.027088, -0.00602556, 0.0267964, 0.999623, 0.00303231  
167, -0.474878, 15.4649, 180.142, 0.998474, 0.0550604, 0.00422708, -0.0549256, 0.99812, -0.0272118, -0.00571742, 0.0269381, 0.999621, 0.00291609  
168, -0.566826, 15.5, 180.106, 0.998447, 0.0554752, 0.00503792, -0.055318, 0.998096, -0.0272884, -0.00654216, 0.0269674, 0.999615, 0.00303037  
169, -0.550644, 15.4944, 180.113, 0.998434, 0.0557855, 0.00418499, -0.05565, 0.998071, -0.0275088, -0.00571151, 0.0272328, 0.999613, 0.00296907  
170, -0.543798, 15.491, 180.115, 0.998467, 0.0551569, 0.00459118, -0.055015, 0.998127, -0.0267729, -0.00605929, 0.0264793, 0.999631, 0.00297545  
171, -0.547364, 15.5191, 180.133, 0.998474, 0.0550239, 0.00465187, -0.0548749, 0.99811, -0.0276759, -0.00616591, 0.0273784, 0.999606, 0.00279265  
172, -0.557543, 15.484, 180.116, 0.998463, 0.0552439, 0.00433649, -0.0551059, 0.998109, -0.0272505, -0.00583371, 0.0269697, 0.999619, 0.00297988  
173, -0.480382, 15.4409, 180.152, 0.998478, 0.0549488, 0.00465716, -0.054805, 0.998137, -0.0267985, -0.00612103, 0.0265024, 0.99963, 0.00281457  
174, -0.459519, 15.4461, 180.148, 0.998471, 0.0550363, 0.00510414, -0.0548817, 0.998137, -0.026648, -0.00656124, 0.0263271, 0.999632, 0.00295547  
175, -0.492168, 15.4889, 180.134, 0.998489, 0.0547483, 0.00465057, -0.0546033, 0.998142, -0.0270329, -0.00612193, 0.0267381, 0.999624, 0.00290776  
176, -0.516008, 15.52, 180.119, 0.998438, 0.0556465, 0.00499459, -0.0554903, 0.998086, -0.0273046, -0.00650443, 0.0269848, 0.999615, 0.00289029  
177, -0.448242, 15.3953, 180.11, 0.998459, 0.0552786, 0.00484186, -0.0551353, 0.998142, -0.0259316, -0.00626633, 0.0256247, 0.999652, 0.00297905  
178, -0.247596, 15.331, 180.203, 0.998513, 0.0542968, 0.00485652, -0.0541529, 0.998194, -0.0260128, -0.00626016, 0.0257111, 0.99965, 0.00295936  
179, -0.361453, 15.3301, 180.174, 0.998493, 0.0545616, 0.00590091, -0.0543973, 0.998203, -0.0251247, -0.00726115, 0.0247658, 0.999667, 0.00283259  
180, -0.306115, 15.3063, 180.21, 0.998494, 0.0545514, 0.00575653, -0.0543851, 0.998184, -0.0258987, -0.00715888, 0.0255466, 0.999648, 0.00289445  
181, -0.534783, 15.5414, 180.097, 0.998588, 0.052596, 0.00751395, -0.0523957, 0.99832, -0.0247494, -0.00880305, 0.0243207, 0.999665, 0.00292385  
182, -0.537663, 15.5447, 180.088, 0.998582, 0.0527123, 0.00748187, -0.0525121, 0.998312, -0.0248169, -0.0087774, 0.0243889, 0.999664, 0.00281318  
183, -0.59185, 15.5688, 180.094, 0.998563, 0.0532128, 0.00634487, -0.0530288, 0.998247, -0.0262977, -0.00773312, 0.0259235, 0.999634, 0.00289112  
184, -0.588141, 15.5643, 180.077, 0.998606, 0.0522116, 0.00769548, -0.052, 0.998321, -0.0255151, -0.00901474, 0.0250794, 0.999645, 0.00444361  
185, -0.613412, 15.5449, 180.073, 0.998557, 0.0529825, 0.00871508, -0.052749, 0.998291, -0.0251441, -0.0100324, 0.0246481, 0.999646, 0.00295131  
186, -0.587397, 15.5445, 180.085, 0.998553, 0.0533341, 0.00683358, -0.0531413, 0.998253, -0.0258275, -0.00819913, 0.025427, 0.999643, 0.0028853  
187, -0.581838, 15.5482, 180.115, 0.998586, 0.052713, 0.00691094, -0.0525184, 0.998286, -0.0258244, -0.00826038, 0.025425, 0.999643, 0.00279237  
188, -0.604586, 15.5528, 180.061, 0.99854, 0.0533672, 0.00834657, -0.053142, 0.998269, -0.025206, -0.00967729, 0.0247256, 0.999647, 0.00291082  
189, -0.575869, 15.5606, 180.068, 0.998582, 0.0526474, 0.00790399, -0.0524313, 0.998301, -0.0254325, -0.00922951, 0.024982, 0.999645, 0.00285506  
190, -0.580355, 15.5725, 180.104, 0.998587, 0.0525995, 0.00754588, -0.0523901, 0.998296, -0.0256881, -0.00888421, 0.0252565, 0.999642, 0.00288835  
191, -0.571209, 15.5454, 180.076, 0.998577, 0.0527244, 0.00804956, -0.0525105, 0.998312, -0.0248002, -0.00934355, 0.0243422, 0.99966, 0.0028853  
192, -0.597756, 15.5488, 180.073, 0.998533, 0.0534957, 0.00837147, -0.0532726, 0.998269, -0.0249216, -0.00969017, 0.0244391, 0.999654, 0.00286311  
193, -0.616227, 15.5553, 180.086, 0.998571, 0.0529323, 0.00738608, -0.0527311, 0.998291, -0.025201, -0.00870741, 0.0247755, 0.999655, 0.00295742  
194, -0.624007, 15.5452, 180.088, 0.998552, 0.0532804, 0.00742208, -0.053072, 0.998255, -0.0259011, -0.00878914, 0.0254697, 0.999637, 0.00300901  
195, -0.562149, 15.5376, 180.081, 0.998572, 0.0527269, 0.00856706, -0.0525089, 0.998333, -0.0239461, -0.00981539, 0.0234621, 0.999677, 0.00299542  
196, -0.697444, 15.5742, 180.067, 0.998586, 0.0524841, 0.00847832, -0.052258, 0.998321, -0.0249884, -0.00977558, 0.02451, 0.999652, 0.00291442  
197, -0.62217, 15.5555, 180.091, 0.998565, 0.0529635, 0.00788019, -0.0527472, 0.998282, -0.0255016, -0.00921731, 0.0250494, 0.999644, 0.00285784  
198, -0.619743, 15.5525, 180.058, 0.998547, 0.053328, 0.00773364, -0.0531055, 0.998235, -0.0265755, -0.00913721, 0.0261262, 0.999617, 0.00298515  
199, -0.570795, 15.5363, 180.069, 0.998562, 0.053062, 0.00761475, -0.0528489, 0.998267, -0.0258802, -0.00897481, 0.0254406, 0.999636, 0.00302288  
200, -0.608984, 15.5582, 180.086, 0.998545, 0.053381, 0.00766491, -0.0531696, 0.998259, -0.0255461, -0.00901524, 0.0251014, 0.999644, 0.00300956  
201, -0.584081, 15.5519, 180.1, 0.998578, 0.0526953, 0.00802966, -0.0524861, 0.998325, -0.024354, -0.00929955, 0.0238979, 0.999671, 0.00305838  
202, -0.588092, 15.54, 180.086, 0.998588, 0.0526248, 0.00730175, -0.052428, 0.998313, -0.0249386, -0.00860182, 0.0245206, 0.999662, 0.0028853  
203, -0.629228, 15.5389, 180.084, 0.998574, 0.0527849, 0.00793942, -0.0525721, 0.998305, -0.0249733, -0.00924418, 0.0245203, 0.999657, 0.00299819  
204, -0.585907, 15.5523, 180.098, 0.998587, 0.052651, 0.00713545, -0.0524552, 0.998303, -0.0253057, -0.00845571, 0.0248956, 0.999654, 0.00286172  
205, -0.614326, 15.5538, 180.061, 0.998566, 0.0530465, 0.00723026, -0.0528361, 0.998246, -0.0267068, -0.00863428, 0.0262864, 0.999617, 0.00285007  
206, -0.554113, 15.5443, 180.106, 0.998555, 0.0532801, 0.00702646, -0.0530863, 0.998268, -0.0253625, -0.0083656, 0.0249528, 0.999654, 0.00293966  
207, -0.590165, 15.5677, 180.097, 0.998593, 0.0525015, 0.00744799, -0.0522963, 0.998306, -0.0254894, -0.0087736, 0.025064, 0.999647, 0.00289556  
208, -0.575115, 15.5477, 180.108, 0.998571, 0.0529877, 0.00701791, -0.0527915, 0.998275, -0.0256799, -0.00836652, 0.0252727, 0.999646, 0.00286865  
209, -0.588322, 15.5411, 180.054, 0.998549, 0.053296, 0.00771968, -0.0530814, 0.998258, -0.0257411, -0.00907814, 0.025294, 0.999639, 0.00296463  
210, -0.843519, 15.708, 180.007, 0.998565, 0.0529493, 0.00807774, -0.0527225, 0.998268, -0.0260999, -0.00944572, 0.0256366, 0.999627, 0.00286449  
211, -0.777843, 15.6281, 180.014, 0.998561, 0.0530255, 0.0080691, -0.0528017, 0.998272, -0.0257909, -0.00942274, 0.0253277, 0.999635, 0.00297461  
212, -0.802304, 15.6922, 179.972, 0.998536, 0.0535302, 0.0077152, -0.0533017, 0.998206, -0.0272723, -0.00916125, 0.0268212, 0.999598, 0.00292191  
213, -0.804427, 15.6628, 180.012, 0.998549, 0.0533912, 0.00699306, -0.0531799, 0.998205, -0.0275458, -0.00845121, 0.027134, 0.999596, 0.00285534  
214, -0.709251, 15.6861, 180.06, 0.998538, 0.0537553, 0.00559366, -0.0535796, 0.998174, -0.0278751, -0.00708188, 0.0275347, 0.999596, 0.00301761  
215, -0.604216, 15.5135, 180.1, 0.998456, 0.0552399, 0.00582697, -0.0550626, 0.998114, -0.0271335, -0.00731484, 0.0267708, 0.999615, 0.00296685  
216, -0.53037, 15.4988, 180.117, 0.998464, 0.0552157, 0.00459182, -0.055072, 0.998116, -0.0270587, -0.00607723, 0.0267643, 0.999623, 0.00296712  
217, -0.539783, 15.5448, 180.124, 0.998486, 0.0548241, 0.00454959, -0.0546808, 0.998133, -0.0272002, -0.00603232, 0.0269102, 0.99962, 0.00277795  
218, -0.466696, 15.4824, 180.159, 0.998477, 0.0550259, 0.00408754, -0.0548922, 0.998108, -0.0277011, -0.00560408, 0.0274345, 0.999608, 0.00287115  
219, -0.476195, 15.4606, 180.131, 0.998444, 0.0555385, 0.00493188, -0.0553833, 0.998089, -0.027418, -0.00644521, 0.0271022, 0.999612, 0.00287614  
220, -0.476072, 15.511, 180.147, 0.998459, 0.0553301, 0.00428736, -0.0551926, 0.9981, -0.0273914, -0.00579478, 0.0271126, 0.999616, 0.00304507  
221, -0.524228, 15.5473, 180.136, 0.998483, 0.0549217, 0.00386082, -0.0547939, 0.998111, -0.0277775, -0.00537912, 0.0275238, 0.999607, 0.00288613  
222, -0.50483, 15.4878, 180.117, 0.998446, 0.0555553, 0.0042753, -0.0554199, 0.998096, -0.0270693, -0.005771, 0.0267903, 0.999624, 0.00274799  
223, -0.574831, 15.5142, 180.088, 0.998441, 0.0556199, 0.0047593, -0.055466, 0.998069, -0.027946, -0.00630447, 0.0276385, 0.999598, 0.00280014  
224, -0.570455, 15.5221, 180.129, 0.998489, 0.0547315, 0.00485478, -0.0545786, 0.998133, -0.027426, -0.00634678, 0.0271196, 0.999612, 0.00304091  
225, -0.467235, 15.4454, 180.149, 0.998488, 0.0546962, 0.00550495, -0.0545301, 0.998152, -0.0268095, -0.00696116, 0.0264687, 0.999625, 0.00311192  
226, -0.567155, 15.5455, 180.098, 0.998454, 0.0554237, 0.00431619, -0.0552814, 0.998076, -0.0280601, -0.00586308, 0.0277781, 0.999597, 0.00294022  
227, -0.574961, 15.5479, 180.109, 0.998486, 0.0548378, 0.0044047, -0.0546953, 0.998118, -0.0277265, -0.00591687, 0.0274436, 0.999606, 0.00290194  
228, -0.545142, 15.5373, 180.141, 0.998475, 0.0550444, 0.00412268, -0.0549084, 0.998101, -0.0279251, -0.00565197, 0.0276562, 0.999602, 0.00287254  
229, -0.541473, 15.5204, 180.121, 0.998471, 0.0550627, 0.00493007, -0.0549126, 0.998136, -0.0266445, -0.006388, 0.026333, 0.999633, 0.00288474  
230, -0.453811, 15.5335, 180.163, 0.998511, 0.0543465, 0.00465218, -0.0542059, 0.998183, -0.0263324, -0.0060748, 0.026041, 0.999642, 0.00312634  
231, -0.508541, 15.4722, 180.147, 0.998497, 0.0546041, 0.00468186, -0.0544574, 0.998146, -0.0271947, -0.00615812, 0.0268989, 0.999619, 0.00296074  
232, -0.556211, 15.5102, 180.122, 0.998494, 0.0546641, 0.00457922, -0.0545232, 0.998156, -0.0266765, -0.00602902, 0.0263866, 0.999634, 0.00271332  
233, -0.516072, 15.5012, 180.113, 0.99845, 0.0554636, 0.00461086, -0.0553179, 0.998096, -0.0272809, -0.00611517, 0.0269835, 0.999617, 0.0030312  
234, -0.488699, 15.4611, 180.128, 0.998444, 0.0555798, 0.0046284, -0.0554338, 0.99809, -0.0272545, -0.00613436, 0.0269555, 0.999618, 0.00321898  
235, -0.521739, 15.5031, 180.123, 0.998474, 0.0550374, 0.00463268, -0.0548905, 0.998116, -0.0274163, -0.00613288, 0.0271202, 0.999613, 0.00280791  
236, -0.546457, 15.468, 180.131, 0.998487, 0.0547069, 0.00564116, -0.0545368, 0.998151, -0.0268443, -0.0070993, 0.0264961, 0.999624, 0.00296019  
237, -0.523052, 15.5166, 180.133, 0.998465, 0.0552121, 0.00447104, -0.0550691, 0.998104, -0.0274855, -0.0059801, 0.0271971, 0.999612, 0.00295048  
238, -0.531169, 15.5245, 180.111, 0.998476, 0.0550759, 0.00346355, -0.0549567, 0.99809, -0.0282173, -0.00501103, 0.027984, 0.999596, 0.00301677  
239, -0.594597, 15.4962, 180.093, 0.998411, 0.0562156, 0.00385966, -0.0560817, 0.998011, -0.028798, -0.00547088, 0.0285358, 0.999578, 0.00298432  
240, -0.466425, 15.4354, 180.145, 0.998498, 0.0545357, 0.00522376, -0.0543749, 0.998152, -0.027128, -0.00669355, 0.0268033, 0.999618, 0.00286449  
241, -0.550053, 15.4834, 180.101, 0.998422, 0.0559793, 0.00434715, -0.0558315, 0.998024, -0.0288307, -0.00595249, 0.0285425, 0.999575, 0.00303175  
242, -0.535473, 15.5176, 180.122, 0.998467, 0.0551781, 0.00434437, -0.0550394, 0.99811, -0.0273366, -0.00584453, 0.0270555, 0.999617, 0.00290804  
243, -0.51272, 15.4899, 180.101, 0.998479, 0.0548693, 0.00538839, -0.0547101, 0.998158, -0.026219, -0.00681708, 0.0258844, 0.999642, 0.0028595  
244, -0.531919, 15.5258, 180.104, 0.998466, 0.0551815, 0.00443624, -0.0550369, 0.998094, -0.0279174, -0.00596831, 0.0276305, 0.9996, 0.00294771  
245, -0.517046, 15.4912, 180.121, 0.998454, 0.0554258, 0.00421124, -0.0552915, 0.9981, -0.0271902, -0.00571027, 0.0269153, 0.999621, 0.00292302  
246, -0.45763, 15.4854, 180.115, 0.998479, 0.0549107, 0.00496478, -0.0547559, 0.998128, -0.0272407, -0.00645129, 0.0269274, 0.999617, 0.00299237  
247, -0.533868, 15.496, 180.114, 0.998445, 0.0555295, 0.00497494, -0.0553739, 0.998092, -0.027302, -0.00648152, 0.0269841, 0.999615, 0.00272192  
248, -0.549674, 15.5269, 180.092, 0.998416, 0.0560783, 0.00449746, -0.055932, 0.998046, -0.027868, -0.00605146, 0.0275723, 0.999601, 0.00277268  
249, -0.51092, 15.4915, 180.124, 0.998488, 0.0547748, 0.00468649, -0.0546266, 0.998131, -0.0274055, -0.00617886, 0.027108, 0.999613, 0.00267393  
250, -0.502995, 15.5082, 180.116, 0.998465, 0.0552027, 0.0045527, -0.055056, 0.998098, -0.0277231, -0.00607444, 0.0274299, 0.999605, 0.0035266  
251, -0.482119, 15.4666, 180.158, 0.998475, 0.0550199, 0.00462978, -0.0548733, 0.998118, -0.0273843, -0.00612775, 0.0270885, 0.999614, 0.0029269  
252, -0.473405, 15.5191, 180.107, 0.998436, 0.0557325, 0.00433449, -0.0555922, 0.998071, -0.0276222, -0.00586559, 0.0273381, 0.999609, 0.00302426  
253, -0.506736, 15.4874, 180.117, 0.998477, 0.0550068, 0.00412088, -0.054876, 0.998128, -0.027016, -0.00559923, 0.0267487, 0.999627, 0.00296685  
254, -0.532675, 15.5407, 180.125, 0.998452, 0.0554431, 0.00450713, -0.0552993, 0.998093, -0.0274437, -0.00602009, 0.027152, 0.999613, 0.00310221  
255, -0.502009, 15.4927, 180.104, 0.998451, 0.0554389, 0.00472091, -0.0552956, 0.99812, -0.0264356, -0.0061776, 0.0261336, 0.999639, 0.00283787  
256, -0.545995, 15.5104, 180.128, 0.998486, 0.0547797, 0.00503066, -0.0546348, 0.998182, -0.025454, -0.00641588, 0.0251406, 0.999663, 0.00296463  
257, -0.562064, 15.5701, 180.178, 0.998608, 0.0527055, 0.00203085, -0.0526352, 0.998276, -0.025957, -0.00339543, 0.0258139, 0.999661, 0.00287143  
258, -0.752363, 15.6111, 180.195, 0.998559, 0.0536022, 0.00255822, -0.053505, 0.998141, -0.0291766, -0.0041174, 0.0289977, 0.999571, 0.0027197  
259, -0.659174, 15.6196, 180.253, 0.998589, 0.0530413, 0.00271373, -0.0529498, 0.998237, -0.0268048, -0.00413071, 0.0266233, 0.999637, 0.00303037  
260, -0.659228, 15.1616, 179.866, 0.985684, -0.147902, -0.0809452, -0.144819, -0.988534, 0.0427435, -0.086339, -0.0304092, -0.995802, 0.00279127  
261, -0.573477, 15.1723, 179.878, 0.985674, -0.148446, -0.0800711, -0.145363, -0.98844, 0.0430725, -0.0855394, -0.0308161, -0.995858, 0.00302565  
262, -0.64161, 15.1069, 179.847, 0.985109, -0.151185, -0.0818729, -0.148011, -0.988025, 0.0435762, -0.0874806, -0.0308093, -0.99569, 0.00287281  
263, -0.623347, 15.152, 179.87, 0.985621, -0.148154, -0.0812468, -0.145083, -0.988506, 0.0425068, -0.0866105, -0.0301081, -0.995787, 0.00282954  
264, -0.807228, 15.5595, 180.219, 0.998477, 0.0550373, 0.00378019, -0.0549202, 0.998149, -0.0261383, -0.00521177, 0.0258908, 0.999651, 0.00289168  
265, -0.812695, 15.5184, 180.263, 0.998472, 0.0550863, 0.0043956, -0.0549535, 0.998148, -0.0261029, -0.00582537, 0.0258215, 0.99965, 0.00282982  
266, -0.772503, 15.5781, 180.255, 0.998523, 0.0542301, 0.00321203, -0.0541266, 0.998184, -0.0264337, -0.00463969, 0.0262208, 0.999645, 0.00283953  
267, -0.819982, 15.5308, 180.26, 0.998502, 0.0545926, 0.00362194, -0.0544745, 0.998145, -0.0271838, -0.00509925, 0.0269458, 0.999624, 0.00283426  
268, -0.61403, 15.2038, 179.897, 0.985875, -0.147316, -0.0796833, -0.144284, -0.98862, 0.0425815, -0.0850494, -0.030483, -0.99591, 0.00295742  
269, -0.640183, 15.1379, 179.837, 0.985075, -0.15164, -0.0814347, -0.148498, -0.987961, 0.0433814, -0.0870326, -0.0306411, -0.995734, 0.00296879  
270, -0.802604, 15.587, 180.274, 0.99849, 0.0548623, 0.00283666, -0.0547658, 0.998133, -0.0270378, -0.00431472, 0.0268416, 0.99963, 0.00291886  
271, -0.797636, 15.5707, 180.25, 0.998478, 0.0550347, 0.00358613, -0.0549244, 0.998157, -0.0257995, -0.00499939, 0.0255633, 0.999661, 0.00290444  
272, -0.809448, 15.6001, 180.249, 0.998451, 0.0555658, 0.00279322, -0.0554725, 0.998107, -0.0265444, -0.0042629, 0.0263484, 0.999644, 0.00281651  
273, -0.76985, 15.5893, 180.226, 0.998482, 0.0549768, 0.00344308, -0.054868, 0.998149, -0.0262392, -0.00487926, 0.0260105, 0.99965, 0.00286394  
