0, 0, 0, 0, 0, 0, 0, 0, 0, 0, 0, 0, 0, 0.00625434  
1, 0, 0, 0, 0, 0, 0, 0, 0, 0, 0, 0, 0, 0.00271526  
2, -3.79928, -3.56893, 180.072, 0.990022, -0.137561, -0.0305544, -0.137531, -0.990493, 0.00306883, -0.0306861, 0.00116398, -0.999528, 0.00286283  
3, -4.03068, -3.80413, 180.152, 0.997268, 0.0646613, -0.0357213, -0.0646354, 0.997907, 0.00188264, 0.0357683, 0.00043137, 0.99936, 0.0028215  
4, -4.02199, -3.79922, 180.158, 0.997231, 0.0643971, -0.0371886, -0.0644143, 0.997923, 0.000735572, 0.0371588, 0.00166195, 0.999308, 0.002976  
5, -4.03667, -3.80488, 180.163, 0.997202, 0.0647946, -0.0372819, -0.0648309, 0.997896, 0.000235291, 0.0372187, 0.00218239, 0.999305, 0.00284702  
6, -3.8262, -3.5844, 180.041, 0.990023, -0.13784, -0.0292248, -0.137794, -0.990454, 0.00360087, -0.0294422, 0.000462051, -0.999566, 0.00296518  
7, -3.81377, -3.7048, 180.054, 0.990062, -0.137031, -0.0316056, -0.137094, -0.990558, 0.000186022, -0.0313327, 0.00414876, -0.9995, 0.00292136  
8, -3.79108, -3.66865, 180.061, 0.990154, -0.136904, -0.0292073, -0.136922, -0.990581, 0.00137962, -0.029121, 0.00263308, -0.999572, 0.00282927  
9, -3.79497, -3.63115, 180.037, 0.990028, -0.137682, -0.0298034, -0.13764, -0.990476, 0.00345295, -0.0299949, 0.000683623, -0.99955, 0.00295825  
10, -3.8427, -3.6519, 180.054, 0.989932, -0.138333, -0.0299793, -0.138293, -0.990386, 0.00341373, -0.0301633, 0.000766565, -0.999545, 0.00303064  
11, -3.78896, -3.69323, 180.059, 0.990255, -0.136134, -0.0293713, -0.136135, -0.990688, 0.0019613, -0.0293648, 0.00205627, -0.999567, 0.00292995  
12, -3.85281, -3.65428, 180.028, 0.989929, -0.138664, -0.028503, -0.138578, -0.990339, 0.00498356, -0.0289186, -0.000983472, -0.999581, 0.00297045  
13, -3.80613, -3.72348, 180.071, 0.99026, -0.135805, -0.0307017, -0.135839, -0.99073, 0.000995092, -0.0305522, 0.00318507, -0.999528, 0.0028914  
14, -3.84559, -3.70798, 180.059, 0.990156, -0.136641, -0.0303232, -0.136677, -0.990615, 0.00086996, -0.0301575, 0.0032831, -0.99954, 0.00301206  
15, -3.844, -3.64216, 180.038, 0.989988, -0.138076, -0.029309, -0.138015, -0.990422, 0.00410068, -0.0295945, -1.45413e-005, -0.999562, 0.00304479  
16, -3.81499, -3.74293, 180.059, 0.990155, -0.136607, -0.0305125, -0.136621, -0.990622, 0.00163015, -0.0304491, 0.00255456, -0.999533, 0.00309111  
17, -3.82354, -3.65895, 180.07, 0.990036, -0.137545, -0.0301537, -0.137551, -0.990493, 0.00188617, -0.0301265, 0.0022803, -0.999543, 0.00296823  
18, -3.80878, -3.70414, 180.052, 0.990173, -0.136584, -0.0300231, -0.136636, -0.990621, 0.000340058, -0.029788, 0.00376552, -0.999549, 0.00429743  
19, -3.82586, -3.67076, 180.055, 0.99002, -0.137688, -0.0300327, -0.137668, -0.990475, 0.00272761, -0.0301222, 0.00143416, -0.999545, 0.00286838  
20, -3.83313, -3.66577, 180.059, 0.989882, -0.138488, -0.0308888, -0.138499, -0.990361, 0.00177398, -0.0308367, 0.00252204, -0.999521, 0.00275243  
21, -3.81187, -3.69834, 180.029, 0.990132, -0.137053, -0.0292389, -0.13702, -0.990563, 0.00315049, -0.0293947, 0.0008869, -0.999567, 0.0031047  
22, -3.82122, -3.65636, 180.052, 0.989867, -0.13874, -0.030235, -0.138693, -0.990329, 0.00365364, -0.0304495, 0.000576765, -0.999536, 0.00301761  
23, -3.84554, -3.64554, 180.026, 0.989946, -0.13833, -0.0295135, -0.138272, -0.990386, 0.00399337, -0.0297822, 0.000127672, -0.999556, 0.0028656  
24, -3.82588, -3.7419, 180.073, 0.990098, -0.136387, -0.0332287, -0.136496, -0.99064, -0.00102317, -0.0327781, 0.00554863, -0.999447, 0.00295936  
25, -3.83117, -3.64567, 180.036, 0.989927, -0.138182, -0.0308391, -0.138155, -0.990406, 0.00301469, -0.0309599, 0.00127627, -0.99952, 0.003095  
26, -3.81823, -3.63082, 180.047, 0.989951, -0.138284, -0.029583, -0.138235, -0.990393, 0.0037246, -0.0298138, 0.000402221, -0.999555, 0.00299902  
27, -3.8204, -3.63533, 180.04, 0.990006, -0.137774, -0.0301069, -0.137763, -0.990462, 0.00244243, -0.0301563, 0.0017296, -0.999544, 0.00283648  
28, -3.81663, -3.62566, 180.061, 0.990104, -0.137151, -0.0297211, -0.137144, -0.990548, 0.00227864, -0.0297527, 0.00181998, -0.999556, 0.00290804  
29, -3.80202, -3.63092, 180.045, 0.990013, -0.137703, -0.0302019, -0.137657, -0.990473, 0.00362804, -0.0304138, 0.000565686, -0.999537, 0.00315768  
30, -3.7843, -3.67361, 180.052, 0.990177, -0.136395, -0.0307606, -0.136425, -0.99065, 0.0011195, -0.0306256, 0.003088, -0.999526, 0.00428606  
31, -3.79192, -3.59096, 180.054, 0.990069, -0.137359, -0.0299406, -0.137333, -0.990521, 0.00291478, -0.0300572, 0.001226, -0.999547, 0.00288225  
32, -3.8116, -3.59518, 180.046, 0.989912, -0.138312, -0.0307335, -0.138278, -0.990388, 0.00324544, -0.0308869, 0.00103707, -0.999522, 0.00289195  
33, -3.76074, -3.58212, 180.058, 0.990012, -0.137509, -0.0310932, -0.137512, -0.990498, 0.00204752, -0.0310793, 0.00224862, -0.999514, 0.00290277  
34, -3.78788, -3.58088, 180.045, 0.989937, -0.137948, -0.0315566, -0.137967, -0.990436, 0.00159853, -0.0314753, 0.00277133, -0.999501, 0.00288058  
35, -3.81285, -3.54386, 180.062, 0.98998, -0.137819, -0.0307541, -0.137807, -0.990456, 0.00254249, -0.030811, 0.00172111, -0.999524, 0.00288252  
36, -3.81619, -3.53158, 180.027, 0.990016, -0.137576, -0.0306902, -0.137575, -0.990489, 0.00213081, -0.0306914, 0.00211267, -0.999527, 0.00313854  
37, -3.81613, -3.56439, 180.085, 0.989937, -0.137712, -0.0325625, -0.137793, -0.990461, -0.000267325, -0.0322151, 0.00475153, -0.99947, 0.0029649  
38, -3.79634, -3.52364, 180.054, 0.990019, -0.137634, -0.0303055, -0.137629, -0.990481, 0.00223311, -0.0303244, 0.00196011, -0.999538, 0.00288557  
39, -3.8152, -3.53423, 180.079, 0.990052, -0.137383, -0.0303958, -0.137377, -0.990516, 0.00227736, -0.0304204, 0.00192099, -0.999535, 0.00289084  
40, -3.78195, -3.54966, 180.09, 0.990075, -0.136775, -0.0323262, -0.136861, -0.99059, -0.000438507, -0.031962, 0.00485834, -0.999477, 0.00281706  
41, -3.80675, -3.49324, 180.063, 0.990171, -0.136587, -0.0300805, -0.136566, -0.990627, 0.00277092, -0.030177, 0.00136427, -0.999544, 0.00288641  
42, -3.79763, -3.51328, 180.072, 0.990052, -0.137253, -0.0309536, -0.137259, -0.990533, 0.00192921, -0.0309253, 0.00233863, -0.999519, 0.00303175  
43, -3.79454, -3.54707, 180.074, 0.990128, -0.1365, -0.0318496, -0.136573, -0.99063, -0.000103226, -0.0315371, 0.00445199, -0.999493, 0.00283787  
44, -3.82962, -3.49739, 180.048, 0.989999, -0.137888, -0.0298146, -0.137835, -0.990448, 0.00384262, -0.0300597, 0.000305317, -0.999548, 0.00292358  
45, -3.7805, -3.50849, 180.074, 0.990044, -0.137248, -0.0312407, -0.137267, -0.990533, 0.00152776, -0.0311546, 0.00277577, -0.999511, 0.00283315  
46, -3.82455, -3.47684, 180.056, 0.989994, -0.137642, -0.0310867, -0.137659, -0.990478, 0.00159446, -0.0310102, 0.00270086, -0.999515, 0.00310165  
47, -3.78284, -3.46468, 180.053, 0.98994, -0.138129, -0.0306519, -0.138142, -0.990411, 0.00169475, -0.030592, 0.0025566, -0.999529, 0.00296546  
48, -3.80343, -3.47112, 180.033, 0.989988, -0.137548, -0.0316932, -0.13757, -0.990491, 0.00151832, -0.0316007, 0.0028569, -0.999496, 0.00291775  
49, -3.78677, -3.56142, 180.07, 0.990047, -0.136961, -0.0323745, -0.137037, -0.990566, -0.000133892, -0.0320508, 0.00456908, -0.999476, 0.0029699  
50, -3.7812, -3.57434, 180.058, 0.98997, -0.137456, -0.0326264, -0.13753, -0.990498, -1.65239e-005, -0.0323141, 0.00450345, -0.999468, 0.00291997  
51, -3.75585, -3.47201, 180.067, 0.990033, -0.137344, -0.0311714, -0.137344, -0.990521, 0.00214098, -0.03117, 0.00216156, -0.999512, 0.00309028  
52, -3.80179, -3.50348, 180.045, 0.989858, -0.138518, -0.0315348, -0.13853, -0.990357, 0.0018089, -0.0314813, 0.00257796, -0.999501, 0.00302232  
53, -3.77255, -3.47583, 180.057, 0.989964, -0.137921, -0.0307928, -0.137933, -0.99044, 0.00175479, -0.0307404, 0.00251015, -0.999524, 0.00286255  
54, -3.80679, -3.5177, 180.05, 0.98997, -0.137399, -0.0328849, -0.137472, -0.990506, 4.68478e-005, -0.0325791, 0.00447437, -0.999459, 0.00289972  
55, -3.78241, -3.47706, 180.062, 0.990046, -0.137336, -0.0307815, -0.137341, -0.990522, 0.00198361, -0.0307622, 0.00226369, -0.999524, 0.00285395  
56, -3.7838, -3.49147, 180.04, 0.989906, -0.138237, -0.0312381, -0.13821, -0.990398, 0.00300772, -0.0313539, 0.00134007, -0.999507, 0.00290776  
57, -3.79391, -3.51573, 180.042, 0.989906, -0.138336, -0.0308187, -0.138323, -0.990384, 0.0025742, -0.0308785, 0.00171471, -0.999522, 0.00274633  
58, -3.78237, -3.57773, 180.04, 0.990092, -0.136738, -0.0319411, -0.136798, -0.990599, 0.000321198, -0.0316847, 0.00405144, -0.99949, 0.00301899  
59, -3.76496, -3.51775, 180.057, 0.98999, -0.137468, -0.031966, -0.137523, -0.990498, 0.000491005, -0.0317297, 0.00390996, -0.999489, 0.00293772  
60, -3.8038, -3.53413, 180.056, 0.989939, -0.137858, -0.0318705, -0.137883, -0.990448, 0.0014481, -0.0317657, 0.00296086, -0.999491, 0.00289806  
61, -3.79408, -3.5207, 180.044, 0.989959, -0.138086, -0.030224, -0.138062, -0.990419, 0.00287812, -0.0303318, 0.00132356, -0.999539, 0.00339346  
62, -3.79367, -3.53649, 180.053, 0.989965, -0.137973, -0.0305434, -0.137972, -0.990434, 0.00216285, -0.0305496, 0.00207298, -0.999531, 0.00281124  
63, -3.80399, -3.54712, 180.069, 0.989977, -0.137613, -0.0317489, -0.137639, -0.990482, 0.00135454, -0.0316331, 0.00302893, -0.999495, 0.00284535  
64, -3.81349, -3.54843, 180.059, 0.989947, -0.137753, -0.0320778, -0.13779, -0.990461, 0.00106656, -0.0319187, 0.00336415, -0.999485, 0.00278378  
65, -3.78331, -3.54646, 180.061, 0.989982, -0.137658, -0.0314032, -0.137653, -0.990478, 0.00232685, -0.0314245, 0.0020192, -0.999504, 0.00280902  
66, -3.76797, -3.5656, 180.059, 0.990086, -0.137038, -0.0308115, -0.137062, -0.990562, 0.0013419, -0.0307045, 0.0028945, -0.999524, 0.00289473  
67, -3.8165, -3.5798, 180.049, 0.990004, -0.137901, -0.0295732, -0.13783, -0.990446, 0.00444066, -0.029903, -0.000320204, -0.999553, 0.0027982  
68, -3.80454, -3.65853, 180.042, 0.990072, -0.137025, -0.0313462, -0.137054, -0.990563, 0.00123204, -0.0312192, 0.00307631, -0.999508, 0.00282427  
69, -3.81884, -3.57703, 180.061, 0.990046, -0.137629, -0.0294335, -0.137602, -0.990483, 0.00296741, -0.0295618, 0.00111223, -0.999562, 0.0028301  
70, -3.81094, -3.59108, 180.045, 0.99004, -0.137638, -0.0296127, -0.137582, -0.990483, 0.00391893, -0.0298703, 0.000194284, -0.999554, 0.00283398  
71, -3.81459, -3.58948, 180.037, 0.989974, -0.137927, -0.0304544, -0.13792, -0.990441, 0.00232482, -0.0304839, 0.00189877, -0.999533, 0.00279043  
72, -3.84296, -3.61548, 180.026, 0.989953, -0.138201, -0.0298876, -0.138141, -0.990404, 0.00406548, -0.0301626, 0.000104077, -0.999545, 0.00283038  
73, -3.81436, -3.61552, 180.03, 0.990102, -0.137355, -0.0288451, -0.137298, -0.990522, 0.0039437, -0.0291133, 5.57011e-005, -0.999576, 0.002705  
74, -3.84168, -3.62535, 180.032, 0.990064, -0.137596, -0.0289902, -0.13752, -0.990488, 0.00458672, -0.0293456, -0.0005544, -0.999569, 0.00261263  
75, -3.81601, -3.70902, 180.057, 0.99012, -0.136846, -0.0305715, -0.136887, -0.990586, 0.000773628, -0.0303896, 0.00341885, -0.999532, 0.002824  
76, -3.81357, -3.6865, 180.039, 0.990102, -0.136955, -0.0306874, -0.136963, -0.990574, 0.00185521, -0.0306522, 0.00236619, -0.999527, 0.00279709  
77, -3.82233, -3.65892, 180.041, 0.989936, -0.13827, -0.0301433, -0.138237, -0.990394, 0.00320912, -0.0302974, 0.00099008, -0.99954, 0.00280319  
78, -3.80666, -3.70637, 180.04, 0.990154, -0.136808, -0.0296419, -0.13678, -0.990597, 0.0030005, -0.0297736, 0.00108345, -0.999556, 0.00282899  
79, -3.83424, -3.71624, 180.049, 0.990104, -0.136828, -0.0311764, -0.136852, -0.990591, 0.00137046, -0.0310705, 0.00290965, -0.999513, 0.00280708  
80, -3.79715, -3.65932, 180.075, 0.989996, -0.137893, -0.0299001, -0.137845, -0.990447, 0.00364906, -0.0301176, 0.000509033, -0.999546, 0.00282594  
81, -3.82435, -3.63782, 180.059, 0.990005, -0.13773, -0.0303516, -0.137714, -0.990469, 0.00260388, -0.0304209, 0.001602, -0.999536, 0.00289695  
82, -3.85146, -3.66763, 180.047, 0.989902, -0.138463, -0.0303766, -0.138454, -0.990366, 0.00241651, -0.0304185, 0.00181366, -0.999536, 0.00279598  
83, -3.82378, -3.64132, 180.038, 0.989913, -0.138434, -0.0301261, -0.138372, -0.990372, 0.00413675, -0.0304087, 7.36001e-005, -0.999538, 0.0028681  
84, -3.77632, -3.71204, 180.069, 0.990236, -0.135996, -0.0306322, -0.136039, -0.990703, 0.000686189, -0.0304408, 0.00348768, -0.99953, 0.00281956  
85, -3.85179, -3.65007, 180.034, 0.989895, -0.138444, -0.0306745, -0.138432, -0.990369, 0.00253215, -0.0307296, 0.00173976, -0.999526, 0.00285728  
86, -3.82947, -3.69874, 180.052, 0.990162, -0.13625, -0.0318601, -0.136327, -0.990664, -0.000232987, -0.0315309, 0.00457407, -0.999492, 0.00292524  
87, -3.83076, -3.70793, 180.054, 0.990185, -0.136257, -0.0311073, -0.136293, -0.990668, 0.000971142, -0.0309493, 0.0032781, -0.999516, 0.00281207  
88, -3.82423, -3.64168, 180.032, 0.989914, -0.138367, -0.0304073, -0.138332, -0.990381, 0.00326236, -0.0305662, 0.000976852, -0.999532, 0.00282067  
89, -3.81881, -3.62418, 180.042, 0.99002, -0.137501, -0.0308726, -0.137462, -0.990501, 0.00339319, -0.0310459, 0.000884481, -0.999518, 0.00282261  
90, -3.82779, -3.64467, 180.014, 0.989836, -0.139046, -0.0298322, -0.138984, -0.990286, 0.00414656, -0.030119, 4.17937e-005, -0.999546, 0.00308778  
91, -3.7768, -3.60177, 180.02, 0.989991, -0.137986, -0.0296105, -0.13793, -0.990434, 0.00393384, -0.0298701, 0.000189715, -0.999554, 0.0029416  
92, -3.79456, -3.68724, 180.032, 0.990146, -0.136763, -0.0301121, -0.13675, -0.990602, 0.00248174, -0.0301685, 0.00166055, -0.999543, 0.00299458  
93, -3.80129, -3.57708, 180.058, 0.990041, -0.137407, -0.030616, -0.137418, -0.990512, 0.00175573, -0.0305667, 0.00246894, -0.99953, 0.00286699  
94, -3.80672, -3.59526, 180.045, 0.989993, -0.137922, -0.0298637, -0.137892, -0.990442, 0.00308788, -0.0300042, 0.00106099, -0.999549, 0.00293717  
95, -3.78845, -3.57357, 180.06, 0.990016, -0.137524, -0.0309172, -0.137536, -0.990495, 0.00174809, -0.0308637, 0.00252159, -0.99952, 0.00294826  
96, -3.84405, -3.56092, 180.01, 0.989917, -0.138429, -0.0300131, -0.138378, -0.990372, 0.00378134, -0.0302476, 0.000409944, -0.999542, 0.00299237  
97, -3.80528, -3.59383, 180.096, 0.990066, -0.136715, -0.0328247, -0.136763, -0.990603, 0.000773754, -0.032622, 0.00372314, -0.999461, 0.00300374  
98, -3.78059, -3.55058, 180.067, 0.989928, -0.138059, -0.031342, -0.138089, -0.990419, 0.00123427, -0.0312121, 0.00310613, -0.999508, 0.00289667  
99, -3.82454, -3.55001, 180.067, 0.990027, -0.137346, -0.0313372, -0.137356, -0.99052, 0.00186119, -0.0312957, 0.0024617, -0.999507, 0.00297378  
100, -3.79762, -3.56234, 180.075, 0.990031, -0.137428, -0.0308531, -0.13742, -0.99051, 0.00239254, -0.0308891, 0.00187116, -0.999521, 0.002938  
101, -3.79434, -3.55917, 180.054, 0.989912, -0.138078, -0.031769, -0.138082, -0.990419, 0.00207229, -0.0317507, 0.00233533, -0.999493, 0.0030717  
102, -3.81111, -3.55006, 180.075, 0.990006, -0.137273, -0.032313, -0.137316, -0.990527, 0.000884017, -0.0321283, 0.00356192, -0.999477, 0.00299791  
103, -3.82152, -3.52562, 180.048, 0.98994, -0.13807, -0.0309028, -0.138072, -0.99042, 0.0020585, -0.030891, 0.00222903, -0.99952, 0.00294854  
104, -3.84, -3.53292, 180.059, 0.989983, -0.13771, -0.0311529, -0.137675, -0.990472, 0.00327688, -0.0313073, 0.00104493, -0.999509, 0.00303564  
105, -3.84029, -3.52779, 180.057, 0.989949, -0.138068, -0.0306434, -0.138026, -0.990422, 0.00347683, -0.0308299, 0.000787698, -0.999524, 0.00301234  
106, -3.78365, -3.49002, 180.054, 0.990048, -0.137223, -0.0312284, -0.137244, -0.990536, 0.00148757, -0.0311369, 0.00281314, -0.999511, 0.00306504  
107, -3.81295, -3.59825, 180.033, 0.990033, -0.137166, -0.0319473, -0.137206, -0.990542, 0.000943731, -0.0317746, 0.00344903, -0.999489, 0.00297933  
108, -3.77728, -3.50006, 180.07, 0.990017, -0.137407, -0.0314051, -0.137433, -0.99051, 0.00132176, -0.0312887, 0.00300755, -0.999506, 0.00292496  
109, -3.77707, -3.53646, 180.068, 0.99022, -0.136015, -0.0310537, -0.136063, -0.9907, 0.000562826, -0.0308415, 0.00366794, -0.999518, 0.00304978  
110, -3.79375, -3.5076, 180.049, 0.989977, -0.137916, -0.030395, -0.137886, -0.990443, 0.00311231, -0.0305338, 0.00110992, -0.999533, 0.00288724  
111, -3.79357, -3.51068, 180.068, 0.989905, -0.138187, -0.0314955, -0.138204, -0.990402, 0.00163281, -0.0314188, 0.00273649, -0.999503, 0.00299736  
112, -3.78678, -3.50221, 180.048, 0.989904, -0.138295, -0.0310702, -0.138292, -0.990389, 0.00225217, -0.031083, 0.00206732, -0.999515, 0.00297655  
113, -3.78514, -3.4991, 180.065, 0.989984, -0.137621, -0.0314924, -0.137647, -0.99048, 0.0013433, -0.0313774, 0.00300498, -0.999503, 0.00293606  
114, -3.77748, -3.55271, 180.056, 0.990137, -0.136397, -0.0320164, -0.13646, -0.990646, 0.000201901, -0.0317444, 0.00416905, -0.999487, 0.00290222  
115, -3.79559, -3.51802, 180.057, 0.989988, -0.137585, -0.0315379, -0.137595, -0.990487, 0.00184295, -0.0314914, 0.00251497, -0.999501, 0.00293134  
116, -3.80023, -3.50018, 180.056, 0.990006, -0.137605, -0.0308813, -0.137585, -0.990486, 0.00277723, -0.0309696, 0.00149934, -0.999519, 0.00308196  
117, -3.77214, -3.50193, 180.068, 0.990028, -0.137531, -0.0304941, -0.137532, -0.990495, 0.00209807, -0.0304928, 0.00211675, -0.999533, 0.0029502  
118, -3.79882, -3.50338, 180.065, 0.989983, -0.137801, -0.0307453, -0.137804, -0.990457, 0.00202677, -0.0307312, 0.00223036, -0.999525, 0.00292441  
119, -3.75628, -3.5765, 180.049, 0.99009, -0.136973, -0.030975, -0.137037, -0.990566, 7.12451e-005, -0.0306926, 0.00417418, -0.99952, 0.00303092  
120, -3.76719, -3.48757, 180.067, 0.990122, -0.136842, -0.030535, -0.136856, -0.99059, 0.00163684, -0.0304716, 0.00255823, -0.999532, 0.00293966  
121, -3.80837, -3.51571, 180.032, 0.989956, -0.137936, -0.0309898, -0.137932, -0.990439, 0.00224578, -0.0310033, 0.00205127, -0.999517, 0.00311164  
122, -3.80954, -3.53332, 180.073, 0.990033, -0.137446, -0.0307096, -0.137429, -0.990508, 0.00267739, -0.0307861, 0.00156969, -0.999525, 0.00297156  
123, -3.78262, -3.53033, 180.056, 0.989972, -0.137896, -0.0306746, -0.137892, -0.990445, 0.00226788, -0.0306942, 0.00198464, -0.999527, 0.00285146  
124, -3.80837, -3.52529, 180.046, 0.98999, -0.137799, -0.0305159, -0.137792, -0.990458, 0.00233101, -0.0305459, 0.00189717, -0.999532, 0.00300235  
125, -3.78287, -3.53198, 180.071, 0.990025, -0.137462, -0.0309082, -0.137452, -0.990505, 0.00246466, -0.0309535, 0.00180831, -0.999519, 0.00287171  
126, -3.82262, -3.57637, 180.067, 0.989955, -0.137983, -0.0308101, -0.137968, -0.990433, 0.00263916, -0.0308795, 0.00163815, -0.999522, 0.00311053  
127, -3.80746, -3.58095, 180.085, 0.989954, -0.137901, -0.031205, -0.137909, -0.990443, 0.00192393, -0.0311721, 0.00239883, -0.999511, 0.00288308  
128, -3.80901, -3.56658, 180.048, 0.989905, -0.138076, -0.0319998, -0.138089, -0.990418, 0.00183112, -0.031946, 0.00260617, -0.999486, 0.00286144  
129, -3.80463, -3.57578, 180.067, 0.989972, -0.137876, -0.03074, -0.137865, -0.990448, 0.00249273, -0.03079, 0.00177023, -0.999524, 0.0029649  
130, -3.80146, -3.57367, 180.071, 0.990019, -0.137441, -0.0311791, -0.13747, -0.990505, 0.00122169, -0.031051, 0.0030767, -0.999513, 0.00285922  
131, -3.84022, -3.60275, 180.058, 0.989995, -0.137577, -0.0313472, -0.137581, -0.990488, 0.00204019, -0.0313298, 0.00229301, -0.999506, 0.00311247  
132, -3.7942, -3.64623, 180.034, 0.990106, -0.136963, -0.030513, -0.136969, -0.990574, 0.00191337, -0.0304874, 0.00228488, -0.999533, 0.00297905  
133, -3.82498, -3.60172, 180.072, 0.989972, -0.137976, -0.0303062, -0.137977, -0.990433, 0.00204347, -0.0302982, 0.00215859, -0.999539, 0.00285728  
134, -3.82384, -3.62862, 180.054, 0.990029, -0.137533, -0.0304585, -0.137534, -0.990495, 0.00209519, -0.0304572, 0.00211477, -0.999534, 0.00296796  
135, -3.83925, -3.63886, 180.034, 0.989904, -0.138496, -0.0301464, -0.138451, -0.990363, 0.00358082, -0.0303518, 0.000629128, -0.999539, 0.00306504  
136, -3.80634, -3.62282, 180.038, 0.990009, -0.137808, -0.0298639, -0.137783, -0.990458, 0.00290398, -0.0299791, 0.00123976, -0.99955, 0.00307364  
137, -3.82923, -3.62198, 180.03, 0.989925, -0.138212, -0.0307566, -0.138198, -0.990401, 0.00259788, -0.0308204, 0.00167879, -0.999524, 0.00302371  
138, -3.83068, -3.64553, 180.064, 0.989987, -0.137856, -0.0303697, -0.137835, -0.990451, 0.00278215, -0.0304632, 0.00143172, -0.999535, 0.00285756  
139, -3.81336, -3.61393, 180.09, 0.990092, -0.137255, -0.0296466, -0.137244, -0.990534, 0.0024151, -0.0296974, 0.00167764, -0.999558, 0.00297739  
140, -3.80445, -3.71457, 180.06, 0.990179, -0.13648, -0.0303153, -0.136461, -0.990642, 0.00268799, -0.0303985, 0.00147528, -0.999537, 0.00304978  
141, -3.8335, -3.63264, 180.04, 0.989958, -0.138063, -0.0303446, -0.138044, -0.990422, 0.00274161, -0.0304325, 0.0014748, -0.999536, 0.0030434  
142, -3.82722, -3.65487, 180.032, 0.989884, -0.138734, -0.0297069, -0.138706, -0.990329, 0.00301809, -0.0298384, 0.00113296, -0.999554, 0.00308085  
143, -3.78577, -3.69415, 180.061, 0.990193, -0.136248, -0.0308923, -0.136284, -0.990669, 0.000946914, -0.0307331, 0.00327248, -0.999522, 0.00285978  
144, -3.84554, -3.64482, 180.049, 0.989925, -0.138347, -0.0301393, -0.138308, -0.990383, 0.0033873, -0.0303181, 0.00081534, -0.99954, 0.00299902  
145, -3.77998, -3.72424, 180.068, 0.990113, -0.136776, -0.0311209, -0.13682, -0.990596, 0.000709402, -0.0309253, 0.00355558, -0.999515, 0.00302787  
146, -3.83723, -3.64155, 180.006, 0.989956, -0.138319, -0.0292405, -0.138247, -0.990388, 0.00448971, -0.0295804, -0.000402209, -0.999562, 0.00310748  
147, -3.82942, -3.65809, 180.027, 0.989907, -0.138408, -0.0304606, -0.138379, -0.990375, 0.00307154, -0.0305926, 0.00117457, -0.999531, 0.00308473  
148, -3.8077, -3.69437, 180.046, 0.99017, -0.136727, -0.0294925, -0.136724, -0.990607, 0.00211957, -0.0295053, 0.0019336, -0.999563, 0.00283648  
149, -3.83173, -3.62754, 180.051, 0.989915, -0.138543, -0.0295516, -0.138502, -0.990356, 0.00345904, -0.0297459, 0.000668794, -0.999557, 0.00305505  
150, -3.81209, -3.63098, 180.04, 0.990004, -0.137764, -0.0302196, -0.137706, -0.990465, 0.00400292, -0.0304829, 0.000198514, -0.999535, 0.00288752  
151, -3.79736, -3.60987, 180.062, 0.990105, -0.137101, -0.0299314, -0.13711, -0.990554, 0.00174701, -0.0298882, 0.00237417, -0.99955, 0.0031133  
152, -3.80588, -3.60861, 180.018, 0.989978, -0.13811, -0.0294646, -0.138015, -0.990416, 0.00524802, -0.0299071, -0.00112886, -0.999552, 0.00278516  
153, -3.80027, -3.62528, 180.059, 0.990049, -0.137405, -0.0303892, -0.13739, -0.990514, 0.00258178, -0.0304557, 0.00161909, -0.999535, 0.00286172  
154, -3.80187, -3.6894, 180.069, 0.990162, -0.13644, -0.0310349, -0.136474, -0.990643, 0.00102582, -0.0308844, 0.00321974, -0.999518, 0.00303369  
155, -3.81192, -3.59968, 180.033, 0.989974, -0.138098, -0.0296581, -0.138054, -0.990418, 0.00350826, -0.0298584, 0.000621338, -0.999554, 0.0028362  
156, -3.7697, -3.69513, 180.054, 0.990164, -0.13653, -0.0305611, -0.136571, -0.99063, 0.000767389, -0.0303795, 0.0034139, -0.999533, 0.00315158  
157, -3.76979, -3.69261, 180.054, 0.990161, -0.136553, -0.0305608, -0.136569, -0.990629, 0.00158864, -0.0304913, 0.00260064, -0.999532, 0.00293134  
158, -3.81271, -3.66388, 180.05, 0.990129, -0.13692, -0.0299512, -0.136937, -0.990579, 0.00149245, -0.0298734, 0.00262372, -0.99955, 0.00283981  
159, -3.82315, -3.61307, 180.052, 0.989953, -0.138059, -0.0305273, -0.138057, -0.990422, 0.00219868, -0.0305384, 0.0020379, -0.999532, 0.00294771  
160, -3.7958, -3.57335, 180.063, 0.989949, -0.138347, -0.0293564, -0.138292, -0.990384, 0.00391306, -0.0296154, 0.000186008, -0.999561, 0.00293051  
161, -3.79889, -3.59519, 180.058, 0.98999, -0.137571, -0.0315189, -0.13758, -0.990489, 0.00191254, -0.0314822, 0.00244296, -0.999501, 0.00279986  
162, -3.78551, -3.65819, 180.047, 0.990019, -0.137421, -0.0312652, -0.137461, -0.990507, 0.000879036, -0.0310892, 0.0034275, -0.999511, 0.0028215  
163, -3.79966, -3.56934, 180.038, 0.990052, -0.137303, -0.0307411, -0.137311, -0.990526, 0.00185852, -0.0307051, 0.00238105, -0.999526, 0.00282566  
164, -3.79348, -3.54902, 180.051, 0.989972, -0.137994, -0.0302124, -0.137959, -0.990433, 0.00324302, -0.0303708, 0.000957581, -0.999538, 0.00290222  
165, -3.79465, -3.57018, 180.063, 0.990005, -0.137533, -0.0312183, -0.13755, -0.990494, 0.0016373, -0.0311467, 0.00267313, -0.999511, 0.00293744  
166, -3.83144, -3.53167, 180.014, 0.989918, -0.13858, -0.0292807, -0.138507, -0.990351, 0.00449831, -0.0296216, -0.000397366, -0.999561, 0.00314631  
167, -3.79441, -3.55071, 180.081, 0.989956, -0.137723, -0.0319172, -0.137776, -0.990463, 0.000549554, -0.0316885, 0.00385338, -0.99949, 0.00306975  
168, -3.79329, -3.53644, 180.08, 0.9901, -0.137098, -0.0301045, -0.137116, -0.990554, 0.00147345, -0.0300221, 0.00266893, -0.999546, 0.00284175  
169, -3.77949, -3.59059, 180.105, 0.989997, -0.138061, -0.0290584, -0.13802, -0.990424, 0.00342603, -0.0292532, 0.000618881, -0.999572, 0.00294965  
170, -4.05024, -3.70958, 180.234, 0.997146, 0.064685, -0.0389265, -0.0646788, 0.997905, 0.00142044, 0.0389368, 0.00110133, 0.999241, 0.00301012  
171, -4.07043, -3.7241, 180.214, 0.997119, 0.0656208, -0.0380476, -0.0656117, 0.997844, 0.00148788, 0.0380632, 0.00101277, 0.999275, 0.00309777  
172, -4.03985, -3.73569, 180.215, 0.997165, 0.0647536, -0.0383306, -0.0647443, 0.997901, 0.00148567, 0.0383463, 0.00100023, 0.999264, 0.00299431  
173, -4.03877, -3.72509, 180.22, 0.997194, 0.06442, -0.0381407, -0.0643946, 0.997923, 0.00189627, 0.0381836, 0.000565101, 0.999271, 0.0028828  
174, -4.03856, -3.70878, 180.196, 0.997131, 0.0650195, -0.0387656, -0.0650036, 0.997884, 0.00167334, 0.0387924, 0.000851365, 0.999247, 0.00294216  
175, -4.08905, -3.7081, 180.197, 0.997181, 0.0649493, -0.0375627, -0.0649167, 0.997888, 0.00208968, 0.0376191, 0.000354661, 0.999292, 0.00283731  
176, -4.04053, -3.72364, 180.197, 0.997203, 0.0647927, -0.0372571, -0.0647669, 0.997899, 0.00189977, 0.0373019, 0.000518575, 0.999304, 0.00292191  
177, -3.65316, -3.72545, 180.212, 0.989789, -0.139978, -0.0269199, -0.140024, -0.990148, 0.000158918, -0.0266769, 0.00361214, -0.999638, 0.00278239  
178, -3.62725, -3.71127, 180.24, 0.989903, -0.139164, -0.0269476, -0.139233, -0.990259, -0.000693935, -0.0265885, 0.00443892, -0.999637, 0.00284979  
179, -3.61485, -3.74185, 180.248, 0.989904, -0.13906, -0.0274437, -0.139138, -0.990273, -0.000952695, -0.0270442, 0.00476154, -0.999623, 0.00296962  
180, -3.65662, -3.72398, 180.253, 0.989775, -0.1402, -0.0262674, -0.140245, -0.990117, 0.000100784, -0.0260219, 0.00358413, -0.999655, 0.00301372  
181, -3.64737, -3.73999, 180.252, 0.989818, -0.139459, -0.0284812, -0.139571, -0.99021, -0.00196818, -0.0279279, 0.00592329, -0.999592, 0.00316129  
182, -3.6822, -3.73462, 180.2, 0.989763, -0.140278, -0.0262842, -0.140285, -0.99011, 0.00158849, -0.0262471, 0.00211505, -0.999653, 0.00296324  
183, -3.63835, -3.74978, 180.263, 0.989885, -0.139271, -0.0270284, -0.139361, -0.990241, -0.0014819, -0.0265582, 0.00523362, -0.999634, 0.00284563  
184, -3.62822, -3.71316, 180.205, 0.989878, -0.139438, -0.0264445, -0.139453, -0.990228, 0.00129164, -0.0263662, 0.0024092, -0.999649, 0.00293467  
185, -3.6331, -3.77253, 180.262, 0.989906, -0.13909, -0.0272156, -0.139183, -0.990265, -0.00155666, -0.0267341, 0.0053289, -0.999628, 0.00292857  
186, -3.6612, -3.75175, 180.225, 0.989788, -0.140008, -0.0267984, -0.140064, -0.990142, -0.000209106, -0.0265049, 0.00396044, -0.999641, 0.00304063  
187, -3.67207, -3.72852, 180.197, 0.989776, -0.140148, -0.0264838, -0.140191, -0.990124, 0.000228467, -0.0262543, 0.00348665, -0.999649, 0.00293134  
188, -3.64041, -3.85046, 180.279, 0.990006, -0.138395, -0.0271148, -0.138512, -0.990358, -0.00250612, -0.0265065, 0.00623681, -0.999629, 0.00286782  
189, -3.62586, -3.79144, 180.246, 0.989839, -0.139642, -0.0268158, -0.139712, -0.990192, -0.00071716, -0.0264527, 0.00445636, -0.99964, 0.00301705  
190, -3.6338, -3.77758, 180.238, 0.98988, -0.139481, -0.0261245, -0.13951, -0.99022, 0.000725009, -0.0259701, 0.00292696, -0.999658, 0.00282427  
191, -3.62819, -3.87961, 180.26, 0.98992, -0.13881, -0.0280977, -0.138947, -0.990295, -0.00294796, -0.0274159, 0.00682234, -0.999601, 0.00301483  
192, -3.6333, -3.78609, 180.252, 0.989878, -0.139325, -0.027007, -0.13939, -0.990237, -0.000521333, -0.0266707, 0.00428056, -0.999635, 0.00281151  
193, -3.62491, -3.77742, 180.232, 0.989843, -0.139848, -0.0255757, -0.139874, -0.990169, 0.000805907, -0.0254369, 0.00277964, -0.999673, 0.00288724  
194, -3.63584, -3.8008, 180.267, 0.989937, -0.139074, -0.0261202, -0.139124, -0.990275, -0.0001199, -0.0258495, 0.00375265, -0.999659, 0.00295159  
195, -3.65336, -3.79264, 180.224, 0.989975, -0.138678, -0.0268103, -0.138715, -0.990332, 0.000512179, -0.0266222, 0.00321194, -0.99964, 0.00290138  
196, -3.65582, -3.80899, 180.227, 0.989816, -0.139962, -0.0259661, -0.139976, -0.990154, 0.00128897, -0.0258908, 0.00235879, -0.999662, 0.00289861  
197, -3.60681, -3.86702, 180.265, 0.990062, -0.138136, -0.026374, -0.138227, -0.990399, -0.0016528, -0.0258925, 0.00528198, -0.999651, 0.00291941  
198, -3.6621, -3.81487, 180.254, 0.989881, -0.139502, -0.0259825, -0.139557, -0.990214, -0.00030865, -0.0256852, 0.00393157, -0.999662, 0.00274217  
199, -3.67836, -3.81846, 180.212, 0.989797, -0.140247, -0.0251706, -0.140267, -0.990113, 0.000956967, -0.0250559, 0.00258341, -0.999683, 0.00271665  
200, -3.66449, -3.81866, 180.235, 0.989921, -0.139245, -0.0258114, -0.139281, -0.990253, 0.000437311, -0.0256207, 0.00316213, -0.999667, 0.00293523  
201, -3.68179, -3.89084, 180.229, 0.989919, -0.139117, -0.0265898, -0.139183, -0.990267, -0.000608018, -0.0262464, 0.00430273, -0.999646, 0.00299958  
202, -3.629, -3.89908, 180.234, 0.990088, -0.137905, -0.0265878, -0.137969, -0.990436, -0.000557524, -0.0262566, 0.00422028, -0.999646, 0.00292441  
203, -3.66263, -3.82232, 180.25, 0.989948, -0.139094, -0.0256133, -0.139155, -0.99027, -0.000605106, -0.0252799, 0.00416324, -0.999672, 0.00283925  
204, -3.61765, -3.89917, 180.242, 0.990024, -0.138485, -0.0259829, -0.138548, -0.990355, -0.000642259, -0.0256434, 0.00423574, -0.999662, 0.00294244  
205, -3.66962, -3.8326, 180.222, 0.989921, -0.139296, -0.025553, -0.139294, -0.990249, 0.0018726, -0.0255647, 0.00170566, -0.999672, 0.0029122  
206, -3.64633, -3.83347, 180.246, 0.989939, -0.13895, -0.026716, -0.138996, -0.990293, 0.000131777, -0.026475, 0.00358297, -0.999643, 0.00283676  
207, -3.64136, -3.90948, 180.261, 0.989996, -0.138664, -0.0260755, -0.138741, -0.990328, -0.00113687, -0.0256657, 0.00474324, -0.999659, 0.00290555  
208, -3.6414, -3.90965, 180.242, 0.989996, -0.13865, -0.0261489, -0.138706, -0.990334, -0.000331218, -0.0258502, 0.00395491, -0.999658, 0.00289501  
209, -3.6346, -3.88757, 180.234, 0.990091, -0.138143, -0.0252287, -0.138191, -0.990406, -0.000185463, -0.0249611, 0.00367002, -0.999682, 0.00300623  
210, -3.70505, -3.84696, 180.196, 0.989819, -0.140029, -0.0255033, -0.14003, -0.990146, 0.00174646, -0.0254965, 0.00184254, -0.999673, 0.00284258  
211, -3.65745, -3.83831, 180.212, 0.989984, -0.138599, -0.0268829, -0.138668, -0.990339, -0.000721432, -0.0265232, 0.00444201, -0.999638, 0.00290249  
212, -3.82314, -3.72644, 180.101, 0.990133, -0.137292, -0.0280651, -0.137337, -0.990524, 0.000335542, -0.0278452, 0.00352213, -0.999606, 0.00288502  
213, -3.83165, -3.62339, 180.021, 0.990054, -0.137678, -0.0289575, -0.137616, -0.990477, 0.00413286, -0.0292508, -0.000106743, -0.999572, 0.00284951  
214, -3.83802, -3.62952, 180.016, 0.989985, -0.138142, -0.0291111, -0.138073, -0.990412, 0.00437546, -0.0294364, -0.000312192, -0.999567, 0.00303092  
215, -3.83662, -3.60511, 180.031, 0.990044, -0.137564, -0.02981, -0.137536, -0.990492, 0.00296712, -0.0299347, 0.00116238, -0.999551, 0.00290527  
216, -3.8337, -3.5879, 180.04, 0.990043, -0.137397, -0.0306161, -0.137394, -0.990514, 0.00221169, -0.0306296, 0.00201682, -0.999529, 0.00306948  
217, -3.83607, -3.65639, 180.021, 0.99012, -0.137066, -0.0295833, -0.137052, -0.990561, 0.00253149, -0.029651, 0.00154796, -0.999559, 0.00302454  
218, -3.80331, -3.66025, 180.065, 0.990171, -0.136517, -0.0304107, -0.136532, -0.990634, 0.00161207, -0.0303459, 0.0025558, -0.999536, 0.00284175  
219, -3.83202, -3.60246, 180.048, 0.990063, -0.137367, -0.0300771, -0.137349, -0.990519, 0.0026762, -0.0301595, 0.00148146, -0.999544, 0.002976  
220, -3.82712, -3.6328, 180.046, 0.989977, -0.137651, -0.031591, -0.137654, -0.990478, 0.00210133, -0.0315795, 0.00226837, -0.999499, 0.00297461  
221, -3.83221, -3.5971, 180.066, 0.989981, -0.137577, -0.031769, -0.137579, -0.990489, 0.00215279, -0.031763, 0.00223952, -0.999493, 0.00295409  
222, -3.81511, -3.59175, 180.062, 0.990054, -0.137365, -0.0303836, -0.137345, -0.990519, 0.00272818, -0.0304703, 0.001472, -0.999535, 0.00299542  
223, -3.84436, -3.59063, 180.054, 0.98995, -0.137771, -0.0319208, -0.13781, -0.990458, 0.000963828, -0.031749, 0.00344487, -0.99949, 0.00285229  
224, -3.83523, -3.57427, 180.068, 0.989945, -0.137955, -0.0312494, -0.137967, -0.990435, 0.00178476, -0.0311967, 0.00254456, -0.99951, 0.00291803  
225, -3.81715, -3.56769, 180.039, 0.989965, -0.138039, -0.0302408, -0.137991, -0.990427, 0.00369581, -0.0304615, 0.000514232, -0.999536, 0.00280985  
226, -3.84247, -3.56167, 180.041, 0.99, -0.137486, -0.0315791, -0.137513, -0.990499, 0.00132383, -0.0314611, 0.00303194, -0.9995, 0.00296213  
227, -3.83271, -3.56716, 180.064, 0.990054, -0.137365, -0.0303945, -0.137359, -0.990519, 0.00228573, -0.0304203, 0.00191195, -0.999535, 0.00299181  
228, -3.81648, -3.563, 180.065, 0.989944, -0.137897, -0.0315639, -0.137936, -0.990441, 0.000949054, -0.031393, 0.00341428, -0.999501, 0.00283565  
229, -3.81192, -3.54707, 180.057, 0.990033, -0.137422, -0.0308312, -0.137404, -0.990511, 0.0027172, -0.0309121, 0.00154622, -0.999521, 0.00302426  
230, -3.80313, -3.536, 180.077, 0.990009, -0.137561, -0.0309529, -0.137568, -0.99049, 0.0019118, -0.0309216, 0.00236544, -0.999519, 0.00297489  
231, -3.80866, -3.53223, 180.038, 0.989908, -0.138454, -0.0302171, -0.138416, -0.990368, 0.00335982, -0.0303913, 0.00085663, -0.999538, 0.00312273  
232, -3.81949, -3.60062, 180.05, 0.990031, -0.137275, -0.0315276, -0.137272, -0.990531, 0.00226826, -0.0315404, 0.00208221, -0.9995, 0.00288114  
233, -3.82175, -3.51673, 180.036, 0.989917, -0.138481, -0.0297906, -0.138435, -0.990365, 0.00363351, -0.0300067, 0.000527184, -0.99955, 0.00283953  
234, -3.8149, -3.49071, 180.058, 0.990009, -0.137553, -0.0310171, -0.137549, -0.990492, 0.00226891, -0.0310343, 0.00202012, -0.999516, 0.00305699  
235, -3.82452, -3.51134, 180.035, 0.989963, -0.137859, -0.0311127, -0.137876, -0.990448, 0.00161977, -0.0310388, 0.00268616, -0.999515, 0.00309444  
236, -3.79676, -3.51403, 180.084, 0.990009, -0.137307, -0.0320704, -0.137355, -0.990522, 0.000707789, -0.0318636, 0.00370433, -0.999485, 0.00302482  
237, -3.79553, -3.55878, 180.077, 0.990168, -0.136401, -0.031023, -0.136445, -0.990647, 0.000701418, -0.0308285, 0.0035384, -0.999518, 0.00295353  
238, -3.82986, -3.51536, 180.041, 0.9899, -0.138586, -0.0298513, -0.138523, -0.99035, 0.00419401, -0.0301445, -1.65604e-005, -0.999546, 0.00286227  
239, -3.8122, -3.51222, 180.054, 0.989984, -0.137728, -0.0310357, -0.137721, -0.990468, 0.00237339, -0.0310667, 0.00192466, -0.999515, 0.00291054  
240, -3.79904, -3.49896, 180.067, 0.990069, -0.137, -0.031536, -0.13703, -0.990566, 0.00119975, -0.0314029, 0.00313355, -0.999502, 0.00289944  
241, -3.79942, -3.48263, 180.044, 0.989972, -0.137995, -0.0302145, -0.137974, -0.990432, 0.00281377, -0.0303137, 0.00138324, -0.999539, 0.00287892  
242, -3.80234, -3.5051, 180.036, 0.989987, -0.137825, -0.030505, -0.137795, -0.990456, 0.00306456, -0.0306362, 0.00116957, -0.99953, 0.00288779  
243, -3.8162, -3.5189, 180.074, 0.989986, -0.137905, -0.0301508, -0.137879, -0.990445, 0.00296407, -0.0302715, 0.00122277, -0.999541, 0.00287143  
244, -3.8006, -3.51189, 180.071, 0.989972, -0.137712, -0.0314641, -0.137722, -0.990469, 0.00186816, -0.0314215, 0.00248386, -0.999503, 0.00293134  
245, -3.83482, -3.59064, 180.02, 0.98999, -0.137758, -0.030708, -0.137758, -0.990464, 0.00210697, -0.0307054, 0.0021444, -0.999526, 0.00295492  
246, -3.78129, -3.50329, 180.068, 0.99002, -0.137648, -0.0302182, -0.137629, -0.99048, 0.00271768, -0.0303046, 0.00146834, -0.99954, 0.00288446  
247, -3.82595, -3.51682, 180.045, 0.989961, -0.137857, -0.0312019, -0.137882, -0.990448, 0.00136804, -0.0310924, 0.00294786, -0.999512, 0.00289001  
248, -3.79655, -3.52532, 180.048, 0.989959, -0.13822, -0.0295978, -0.138166, -0.990402, 0.00388265, -0.0298503, 0.00024573, -0.999554, 0.00285451  
249, -3.80421, -3.51577, 180.031, 0.989933, -0.138138, -0.0308186, -0.138131, -0.990411, 0.00236876, -0.0308503, 0.0019121, -0.999522, 0.00289334  
250, -3.80442, -3.54355, 180.059, 0.989994, -0.137602, -0.0312795, -0.137608, -0.990485, 0.00195999, -0.0312516, 0.00236393, -0.999509, 0.00293106  
251, -3.7742, -3.61154, 180.083, 0.990183, -0.136155, -0.0316066, -0.136232, -0.990677, -0.0002717, -0.0312749, 0.00457486, -0.9995, 0.00310415  
252, -3.83213, -3.56329, 180.073, 0.989946, -0.138034, -0.0308735, -0.138026, -0.990426, 0.00239339, -0.0309083, 0.00189203, -0.99952, 0.00301761  
253, -3.89588, -3.51015, 180.09, 0.990057, -0.137303, -0.0305793, -0.137356, -0.990522, 0.000372387, -0.0303406, 0.00383159, -0.999532, 0.00286782  
254, -3.92181, -3.53612, 180.093, 0.989725, -0.139484, -0.0314406, -0.139542, -0.990216, 0.000358601, -0.031183, 0.00403238, -0.999506, 0.00292274  
255, -4.07633, -3.66535, 180.173, 0.997174, 0.0653893, -0.0369831, -0.0651933, 0.997852, 0.00648334, 0.0373276, -0.00405396, 0.999295, 0.00293051  
256, -4.04471, -3.573, 180.157, 0.997078, 0.0651084, -0.039966, -0.0649936, 0.997877, 0.00416681, 0.0401525, -0.00155709, 0.999192, 0.00310581  
257, -3.98084, -3.44435, 180.15, 0.997132, 0.0634988, -0.0411807, -0.0632985, 0.997976, 0.00615182, 0.041488, -0.0035275, 0.999133, 0.00288724  
258, -3.98982, -3.47341, 180.193, 0.997217, 0.0622636, -0.0410069, -0.0621138, 0.998057, 0.00491937, 0.0412335, -0.00235859, 0.999147, 0.00292025  
259, -3.97893, -3.44436, 180.192, 0.997124, 0.0632844, -0.0416999, -0.0631145, 0.997992, 0.00538104, 0.0419567, -0.0027337, 0.999116, 0.00292968  
260, -4.01519, -3.47884, 180.168, 0.997149, 0.0635143, -0.0407453, -0.0633766, 0.997979, 0.00466463, 0.0409592, -0.00206903, 0.999159, 0.00296657  
261, -3.98915, -3.46036, 180.157, 0.99712, 0.0632045, -0.0419253, -0.0630657, 0.997999, 0.00462809, 0.0421339, -0.00197071, 0.99911, 0.003014  
262, -3.95773, -3.42765, 180.149, 0.997096, 0.062988, -0.0428007, -0.0628641, 0.998013, 0.00423385, 0.0429823, -0.00153093, 0.999075, 0.0029649  
263, -4.00296, -3.50319, 180.157, 0.997159, 0.0630934, -0.0411414, -0.0628722, 0.997999, 0.0066507, 0.0414787, -0.00404515, 0.999131, 0.00284175  
264, -3.97651, -3.49049, 180.18, 0.997211, 0.0623726, -0.040992, -0.062238, 0.998051, 0.00455106, 0.0411959, -0.00198711, 0.999149, 0.00291054  
265, -3.98726, -3.51354, 180.186, 0.997207, 0.0621215, -0.0414541, -0.062014, 0.998068, 0.00387561, 0.0416148, -0.00129405, 0.999133, 0.00292274  
266, -3.96314, -3.48263, 180.153, 0.997091, 0.063282, -0.0424822, -0.0632014, 0.997996, 0.00323923, 0.042602, -0.00054487, 0.999092, 0.00303896  
267, -4.00718, -3.48251, 180.177, 0.997066, 0.0639191, -0.0421136, -0.0637598, 0.997952, 0.00511653, 0.0423544, -0.00241636, 0.9991, 0.00294715  
268, -4.00277, -3.49831, 180.173, 0.997124, 0.0635434, -0.0412929, -0.0633823, 0.997976, 0.00520095, 0.0415398, -0.00256876, 0.999134, 0.00285451  
269, -3.94318, -3.44961, 180.152, 0.997112, 0.0627626, -0.0427645, -0.062651, 0.998028, 0.00394682, 0.0429279, -0.00125618, 0.999077, 0.00294299  
270, -4.02884, -3.53342, 180.153, 0.997156, 0.063031, -0.0413082, -0.0629202, 0.998011, 0.00397906, 0.0414769, -0.00136862, 0.999139, 0.00296324  
271, -3.96134, -3.47528, 180.176, 0.997143, 0.0629962, -0.0416701, -0.0628198, 0.99801, 0.00553062, 0.0419355, -0.00289712, 0.999116, 0.00300263  
