0, 0, 0, 0, 0, 0, 0, 0, 0, 0, 0, 0, 0, 0.00637195  
1, 0, 0, 0, 0, 0, 0, 0, 0, 0, 0, 0, 0, 0.00264897  
2, 4.86056, 9.91642, 179.764, 0.998209, 0.0548114, -0.0239648, -0.0544811, 0.998413, 0.014226, 0.0247065, -0.0128949, 0.999612, 0.0026093  
3, 4.85891, 9.90271, 179.764, 0.998196, 0.0550049, -0.02406, -0.0546469, 0.998389, 0.0152912, 0.0248623, -0.0139488, 0.999594, 0.00275271  
4, 4.90877, 9.91342, 179.796, 0.998167, 0.0551234, -0.0249642, -0.0547556, 0.998384, 0.0151828, 0.0257608, -0.013788, 0.999573, 0.00281595  
5, 4.88671, 9.88699, 179.762, 0.998176, 0.055288, -0.0242349, -0.054909, 0.998363, 0.0160354, 0.0250818, -0.0146754, 0.999578, 0.00302565  
6, 4.92286, 9.88871, 179.775, 0.998171, 0.0551496, -0.024777, -0.0547728, 0.998376, 0.0156363, 0.0255991, -0.0142506, 0.999571, 0.00299486  
7, 4.90582, 9.91702, 179.773, 0.998225, 0.0544603, -0.0241073, -0.0540699, 0.9984, 0.01656, 0.0249706, -0.0152271, 0.999572, 0.00293633  
8, 4.89172, 9.90912, 179.78, 0.998202, 0.0549325, -0.0240011, -0.0545841, 0.998397, 0.0149381, 0.0247832, -0.0136012, 0.9996, 0.00286227  
9, 4.89202, 9.90069, 179.78, 0.998183, 0.0549323, -0.0247745, -0.0545568, 0.998389, 0.0155867, 0.0255908, -0.0142068, 0.999572, 0.00282067  
10, 4.89637, 9.90428, 179.797, 0.998175, 0.0552811, -0.0243157, -0.0549141, 0.998371, 0.0155103, 0.0251335, -0.0141467, 0.999584, 0.00292524  
11, 4.90729, 9.91135, 179.802, 0.998214, 0.0547139, -0.0239933, -0.0543606, 0.998407, 0.0151387, 0.0247834, -0.0138074, 0.999597, 0.00295325  
12, 4.85956, 9.88832, 179.783, 0.998203, 0.0547107, -0.0244426, -0.0543536, 0.998408, 0.0150428, 0.0252267, -0.0136872, 0.999588, 0.0029122  
13, 4.88909, 9.89897, 179.796, 0.998188, 0.0547528, -0.024975, -0.0543992, 0.998412, 0.0146223, 0.025736, -0.0132372, 0.999581, 0.00301012  
14, 4.87732, 9.91319, 179.772, 0.99816, 0.0554057, -0.0246355, -0.0550583, 0.998377, 0.0145671, 0.0254026, -0.0131839, 0.99959, 0.00273718  
15, 4.88939, 9.90339, 179.761, 0.998211, 0.0546768, -0.0242065, -0.0542906, 0.998392, 0.0163328, 0.0250606, -0.0149894, 0.999574, 0.00310665  
16, 4.89619, 9.89369, 179.759, 0.998158, 0.055552, -0.0243767, -0.0551672, 0.998346, 0.0161863, 0.0252356, -0.0148117, 0.999572, 0.00281457  
17, 4.88202, 9.90661, 179.776, 0.998199, 0.0549058, -0.02418, -0.0545608, 0.998402, 0.0147054, 0.0249487, -0.0133596, 0.999599, 0.0028595  
18, 4.85689, 9.91772, 179.77, 0.998212, 0.0545643, -0.0243936, -0.0542333, 0.99843, 0.0140335, 0.025121, -0.0126855, 0.999604, 0.00285368  
19, 4.87671, 9.91652, 179.789, 0.998183, 0.0549836, -0.0246526, -0.0546322, 0.998398, 0.0147064, 0.0254217, -0.0133328, 0.999588, 0.00281623  
20, 4.87813, 9.90754, 179.793, 0.998168, 0.0555836, -0.0238771, -0.0552474, 0.998367, 0.0145184, 0.0246451, -0.0131727, 0.999609, 0.00281845  
21, 4.87874, 9.9245, 179.768, 0.998188, 0.0544622, -0.0255662, -0.0541226, 0.998439, 0.0137932, 0.0262775, -0.0123846, 0.999578, 0.00282094  
22, 4.87869, 9.89636, 179.756, 0.998178, 0.0549691, -0.0248963, -0.0545592, 0.998368, 0.0168547, 0.0257822, -0.0154657, 0.999548, 0.00286754  
23, 4.85512, 9.91376, 179.78, 0.998201, 0.0549162, -0.024069, -0.0545683, 0.998399, 0.0148795, 0.0248476, -0.0135393, 0.9996, 0.00286727  
24, 4.88163, 9.89695, 179.784, 0.998172, 0.0553126, -0.0243706, -0.0549634, 0.998379, 0.0147712, 0.0251482, -0.0134047, 0.999594, 0.00275604  
25, 4.85859, 9.88952, 179.767, 0.998181, 0.0552748, -0.0240574, -0.0549348, 0.998384, 0.0145734, 0.024824, -0.0132253, 0.999604, 0.00294077  
26, 4.88155, 9.92002, 179.791, 0.998217, 0.0547338, -0.0238199, -0.0543856, 0.998407, 0.0150287, 0.0246045, -0.0137064, 0.999603, 0.0028068  
27, 4.90941, 9.9055, 179.767, 0.998165, 0.0552726, -0.0247249, -0.0548819, 0.998361, 0.0162131, 0.0255805, -0.0148264, 0.999563, 0.00284203  
28, 4.92692, 9.9232, 179.814, 0.998223, 0.0546674, -0.0236922, -0.0542947, 0.998395, 0.0160999, 0.0245343, -0.014785, 0.99959, 0.00283537  
29, 4.92596, 9.93235, 179.817, 0.998237, 0.0545059, -0.0235003, -0.0541461, 0.99841, 0.0156842, 0.0243178, -0.0143841, 0.999601, 0.00279016  
30, 4.91801, 9.89617, 179.781, 0.998207, 0.055098, -0.0233989, -0.0547359, 0.998375, 0.015841, 0.0242337, -0.0145318, 0.999601, 0.00296407  
31, 4.88564, 9.90578, 179.804, 0.998201, 0.0552527, -0.0232655, -0.0548906, 0.998365, 0.0159272, 0.0241075, -0.0146215, 0.999602, 0.00283287  
32, 4.89692, 9.89811, 179.785, 0.99818, 0.0549298, -0.0248982, -0.05456, 0.998393, 0.0152946, 0.0256983, -0.0139083, 0.999573, 0.00297572  
33, 4.89331, 9.9242, 179.768, 0.998181, 0.0552301, -0.0241766, -0.0548793, 0.998381, 0.0149413, 0.0249626, -0.0135873, 0.999596, 0.00285062  
34, 4.89692, 9.89976, 179.765, 0.998175, 0.0549584, -0.0250159, -0.0545772, 0.998387, 0.0156753, 0.0258371, -0.0142814, 0.999564, 0.00280236  
35, 4.89118, 9.90466, 179.793, 0.998208, 0.0545891, -0.0245137, -0.0542314, 0.998415, 0.0150264, 0.0252951, -0.01367, 0.999587, 0.0028706  
36, 4.89723, 9.9266, 179.812, 0.998215, 0.0547115, -0.0239579, -0.0543424, 0.998397, 0.0157955, 0.0247837, -0.0144654, 0.999588, 0.00280125  
37, 4.89979, 9.91591, 179.794, 0.998204, 0.0550287, -0.0236642, -0.0546734, 0.998385, 0.0154067, 0.0244738, -0.0140853, 0.999601, 0.00299791  
38, 4.89901, 9.92731, 179.802, 0.998204, 0.0551505, -0.0234078, -0.0547933, 0.998375, 0.0156366, 0.0242322, -0.0143259, 0.999604, 0.00286006  
39, 4.89967, 9.90469, 179.771, 0.998189, 0.0549687, -0.0244364, -0.0545878, 0.998381, 0.0159937, 0.025276, -0.0146308, 0.999573, 0.00279321  
40, 4.8588, 9.90509, 179.78, 0.998197, 0.0550001, -0.0240487, -0.0546357, 0.998385, 0.0155582, 0.0248656, -0.0142163, 0.99959, 0.00285395  
41, 4.88426, 9.90566, 179.762, 0.998181, 0.0552178, -0.0241989, -0.0548163, 0.998353, 0.0169493, 0.0250949, -0.015592, 0.999563, 0.00283953  
42, 4.87831, 9.92835, 179.773, 0.998167, 0.0553002, -0.0245749, -0.0549553, 0.998384, 0.0144978, 0.0253369, -0.0131207, 0.999593, 0.00293578  
43, 4.89691, 9.92469, 179.753, 0.99818, 0.0550211, -0.0247027, -0.054634, 0.998377, 0.0160813, 0.0255474, -0.0147024, 0.999565, 0.00287614  
44, 4.9168, 9.9189, 179.821, 0.998251, 0.0539761, -0.0241161, -0.0536139, 0.998443, 0.0154189, 0.0249108, -0.014099, 0.99959, 0.00285395  
45, 4.86774, 9.91537, 179.771, 0.998193, 0.0550452, -0.0240831, -0.0547143, 0.998401, 0.0141912, 0.0248257, -0.0128479, 0.999609, 0.00286338  
46, 4.91445, 9.92409, 179.798, 0.998185, 0.0551328, -0.0242112, -0.0547742, 0.998383, 0.0152337, 0.0250119, -0.0138799, 0.999591, 0.00285506  
47, 4.93816, 9.90138, 179.811, 0.998182, 0.0553559, -0.0238384, -0.0550048, 0.998371, 0.0151376, 0.0246375, -0.0137989, 0.999601, 0.00300596  
48, 4.9039, 9.91137, 179.776, 0.998211, 0.0547498, -0.0240366, -0.0543507, 0.998378, 0.0169571, 0.024926, -0.0156204, 0.999567, 0.00282261  
49, 4.89419, 9.9201, 179.794, 0.99822, 0.0546472, -0.0238721, -0.0542916, 0.998408, 0.0152989, 0.0246701, -0.0139756, 0.999598, 0.0027982  
50, 4.89064, 9.90537, 179.786, 0.998196, 0.055009, -0.024065, -0.0546468, 0.998386, 0.0154588, 0.0248765, -0.0141159, 0.999591, 0.00285257  
51, 4.91443, 9.92824, 179.791, 0.998215, 0.0544947, -0.02444, -0.0541252, 0.998413, 0.0155346, 0.0252478, -0.0141841, 0.999581, 0.00287559  
52, 4.89878, 9.92078, 179.787, 0.998209, 0.0546652, -0.0243003, -0.0543176, 0.998415, 0.01474, 0.0250675, -0.0133937, 0.999596, 0.00281873  
53, 4.88587, 9.92135, 179.784, 0.998208, 0.0545948, -0.0245149, -0.054245, 0.998419, 0.0147154, 0.0252795, -0.0133592, 0.999591, 0.00280957  
54, 4.85612, 9.90444, 179.775, 0.99821, 0.0550035, -0.0234802, -0.0546337, 0.998376, 0.01611, 0.0243282, -0.0147984, 0.999594, 0.00286838  
55, 4.90823, 9.92002, 179.774, 0.998169, 0.0552937, -0.0245165, -0.0549612, 0.99839, 0.0140356, 0.0252531, -0.0126625, 0.999601, 0.00289944  
56, 4.9081, 9.92469, 179.789, 0.998219, 0.0542474, -0.0248379, -0.0538809, 0.998432, 0.0151929, 0.0256231, -0.0138276, 0.999576, 0.00287503  
57, 4.8939, 9.90955, 179.795, 0.998201, 0.0552217, -0.0233344, -0.0548673, 0.998372, 0.0155661, 0.024156, -0.0142578, 0.999607, 0.00289944  
58, 4.89773, 9.91335, 179.794, 0.998176, 0.0551407, -0.0245802, -0.0547809, 0.998385, 0.0150798, 0.0253721, -0.0137058, 0.999584, 0.00291581  
59, 4.89408, 9.8999, 179.792, 0.998176, 0.0551518, -0.0245747, -0.0548153, 0.998396, 0.0141642, 0.0253164, -0.0127913, 0.999598, 0.00303175  
60, 4.90096, 9.91413, 179.806, 0.998207, 0.0550683, -0.0234437, -0.0546998, 0.998373, 0.016079, 0.024291, -0.0147678, 0.999596, 0.00299347  
61, 4.90831, 9.9035, 179.772, 0.998203, 0.055163, -0.0234264, -0.0547815, 0.99836, 0.016626, 0.0243052, -0.0153128, 0.999587, 0.00288918  
62, 4.9055, 9.92986, 179.773, 0.998183, 0.0550326, -0.0245384, -0.0546817, 0.998395, 0.0147478, 0.0253107, -0.0133792, 0.99959, 0.00285534  
63, 4.89422, 9.88787, 179.778, 0.998213, 0.0548859, -0.0236478, -0.0544978, 0.998373, 0.0167578, 0.0245291, -0.0154391, 0.99958, 0.00280763  
64, 4.89353, 9.88247, 179.757, 0.998191, 0.0549343, -0.0244152, -0.0545568, 0.998385, 0.0158705, 0.0252476, -0.0145098, 0.999576, 0.00283287  
65, 4.89118, 9.9232, 179.773, 0.998185, 0.0550459, -0.0244201, -0.0546909, 0.998391, 0.0149762, 0.0252051, -0.0136134, 0.99959, 0.00288003  
66, 4.8628, 9.90067, 179.762, 0.998198, 0.0547895, -0.0244835, -0.0544366, 0.998407, 0.0148561, 0.0252585, -0.0134965, 0.99959, 0.00282039  
67, 4.91258, 9.91355, 179.805, 0.998218, 0.0546934, -0.0238453, -0.0543639, 0.998419, 0.014256, 0.0245874, -0.0129343, 0.999614, 0.00284397  
68, 4.92682, 9.90325, 179.798, 0.99821, 0.0544927, -0.024631, -0.0541001, 0.998402, 0.0163322, 0.0254816, -0.0149704, 0.999563, 0.00287864  
69, 4.93407, 9.91492, 179.822, 0.998214, 0.0547501, -0.0238919, -0.0543835, 0.998396, 0.0157335, 0.024715, -0.0144061, 0.999591, 0.00287642  
70, 4.92821, 9.91743, 179.808, 0.998238, 0.0545748, -0.0232755, -0.0542265, 0.998411, 0.0153437, 0.0240758, -0.0140545, 0.999611, 0.00291303  
71, 4.9261, 9.91279, 179.78, 0.998184, 0.0553045, -0.0238833, -0.0549517, 0.998374, 0.015186, 0.0246843, -0.013846, 0.999599, 0.00283814  
72, 4.89024, 9.9199, 179.795, 0.998167, 0.0554858, -0.0241686, -0.0551252, 0.998362, 0.0153389, 0.0249801, -0.0139785, 0.99959, 0.00284646  
73, 4.87663, 9.92162, 179.777, 0.998198, 0.054659, -0.0247637, -0.0543108, 0.998418, 0.0145205, 0.0255182, -0.0131493, 0.999588, 0.0027577  
74, 4.89509, 9.89664, 179.78, 0.998155, 0.0554307, -0.0247751, -0.0550908, 0.99838, 0.0141967, 0.0255219, -0.0128056, 0.999592, 0.002862  
75, 4.87878, 9.91247, 179.802, 0.998209, 0.0544863, -0.0246851, -0.0541259, 0.998421, 0.0150389, 0.0254656, -0.0136759, 0.999582, 0.00277601  
76, 4.89963, 9.91587, 179.787, 0.998177, 0.0555601, -0.023588, -0.0551984, 0.998352, 0.0157198, 0.0244225, -0.0143892, 0.999598, 0.00343617  
77, 4.87054, 9.89212, 179.761, 0.998197, 0.0547163, -0.0246826, -0.0543415, 0.9984, 0.0156093, 0.0254972, -0.0142399, 0.999573, 0.00279931  
78, 4.8911, 9.89477, 179.8, 0.998226, 0.0543389, -0.0243337, -0.053974, 0.998423, 0.0154118, 0.0251328, -0.0140711, 0.999585, 0.00289806  
79, 4.87328, 9.91269, 179.78, 0.998194, 0.0546306, -0.0249651, -0.0542656, 0.998413, 0.0150731, 0.025749, -0.0136912, 0.999575, 0.00291581  
80, 4.87336, 9.90805, 179.767, 0.998179, 0.0551437, -0.0244466, -0.0547722, 0.998377, 0.0156161, 0.0252681, -0.0142486, 0.999579, 0.00289334  
81, 4.87476, 9.91747, 179.789, 0.998176, 0.0548731, -0.0251654, -0.0545294, 0.998412, 0.0141493, 0.0259019, -0.0127513, 0.999583, 0.00278988  
82, 4.91466, 9.91234, 179.776, 0.998155, 0.0554153, -0.024818, -0.0550329, 0.998359, 0.0158357, 0.0256548, -0.0144407, 0.999567, 0.00286089  
83, 4.91729, 9.90445, 179.786, 0.998206, 0.054553, -0.0246574, -0.0541814, 0.998411, 0.0154979, 0.0254636, -0.0141341, 0.999576, 0.00288363  
84, 4.88493, 9.92642, 179.775, 0.998174, 0.0549058, -0.0251833, -0.0545418, 0.9984, 0.014917, 0.025962, -0.0135162, 0.999572, 0.0028853  
85, 4.88051, 9.89689, 179.761, 0.998202, 0.0548238, -0.0242407, -0.0544486, 0.99839, 0.0158778, 0.0250722, -0.0145294, 0.99958, 0.00292968  
86, 4.93202, 9.9254, 179.809, 0.998222, 0.0545441, -0.0240372, -0.0541814, 0.998411, 0.0154909, 0.024844, -0.014161, 0.999591, 0.00284175  
87, 4.90043, 9.92376, 179.799, 0.998189, 0.0550841, -0.0241956, -0.0547124, 0.998378, 0.015766, 0.0250248, -0.0144136, 0.999583, 0.00285368  
88, 4.86962, 9.89997, 179.762, 0.998182, 0.0550393, -0.0245551, -0.0546716, 0.998386, 0.0154038, 0.0253633, -0.0140333, 0.99958, 0.00279016  
89, 4.94096, 9.91157, 179.816, 0.998213, 0.0545148, -0.0244674, -0.0541502, 0.998415, 0.0153257, 0.0252641, -0.0139734, 0.999583, 0.00281651  
90, 4.87716, 9.91495, 179.763, 0.998167, 0.0552291, -0.0247515, -0.0548913, 0.998392, 0.0141262, 0.0254919, -0.0127416, 0.999594, 0.00296657  
91, 4.90051, 9.92069, 179.759, 0.998175, 0.0554089, -0.024018, -0.0550169, 0.998346, 0.0166869, 0.0249029, -0.0153351, 0.999572, 0.0027774  
92, 4.91828, 9.88814, 179.801, 0.998156, 0.0553359, -0.0249619, -0.0549455, 0.99836, 0.0160624, 0.0258098, -0.0146612, 0.999559, 0.00284452  
93, 4.86534, 9.91657, 179.788, 0.998191, 0.0548184, -0.024694, -0.0544647, 0.998406, 0.0147738, 0.0254646, -0.0134021, 0.999586, 0.00298682  
94, 4.90694, 9.93137, 179.799, 0.998213, 0.0547867, -0.0238436, -0.054441, 0.998406, 0.014914, 0.0246226, -0.0135893, 0.999604, 0.00297545  
95, 4.91562, 9.89814, 179.805, 0.998198, 0.0550464, -0.0238876, -0.0547018, 0.998392, 0.0148492, 0.0246666, -0.0135157, 0.999604, 0.00294327  
96, 4.85574, 9.91672, 179.778, 0.998195, 0.0549537, -0.0242263, -0.0546058, 0.998398, 0.0147988, 0.0250007, -0.0134492, 0.999597, 0.00293217  
97, 4.88463, 9.91974, 179.763, 0.998156, 0.0552301, -0.0251834, -0.0548784, 0.998388, 0.014451, 0.0259409, -0.0130423, 0.999578, 0.00300291  
98, 4.9313, 9.91007, 179.807, 0.998187, 0.0552118, -0.0239761, -0.0548338, 0.998365, 0.0161482, 0.0248285, -0.0148042, 0.999582, 0.00295076  
99, 4.89862, 9.90152, 179.79, 0.998171, 0.0553546, -0.0243209, -0.0550083, 0.998378, 0.014684, 0.0250943, -0.0133193, 0.999596, 0.00280735  
100, 4.90054, 9.8982, 179.8, 0.998184, 0.0551721, -0.0241998, -0.0548344, 0.998392, 0.0144033, 0.0249555, -0.0130502, 0.999603, 0.00303453  
101, 4.89122, 9.89823, 179.797, 0.998205, 0.0546646, -0.0244793, -0.0542985, 0.998406, 0.0153779, 0.0252809, -0.0140211, 0.999582, 0.00280819  
102, 4.88639, 9.8992, 179.753, 0.998176, 0.0553531, -0.0240839, -0.0549608, 0.99835, 0.0166562, 0.0249661, -0.0153021, 0.999571, 0.00299458  
103, 4.90665, 9.91523, 179.774, 0.998172, 0.0551196, -0.0247984, -0.0547551, 0.998385, 0.0151449, 0.0255931, -0.0137593, 0.999578, 0.00302149  
104, 4.89139, 9.91034, 179.771, 0.998202, 0.0547313, -0.0244586, -0.0543564, 0.998398, 0.0157361, 0.0252807, -0.0143783, 0.999577, 0.00302315  
105, 4.87605, 9.91118, 179.801, 0.998196, 0.0549668, -0.0241464, -0.0545861, 0.998378, 0.0161522, 0.0249951, -0.014805, 0.999578, 0.0030961  
106, 4.90081, 9.90944, 179.817, 0.998197, 0.0550704, -0.0238697, -0.0547108, 0.998382, 0.0154666, 0.0246829, -0.0141328, 0.999595, 0.00282455  
107, 4.90438, 9.90397, 179.812, 0.998205, 0.0547389, -0.0242888, -0.0543895, 0.99841, 0.0148189, 0.0250614, -0.0134712, 0.999595, 0.00279737  
108, 4.91888, 9.88978, 179.776, 0.998184, 0.0550863, -0.0243825, -0.0547058, 0.998374, 0.0160069, 0.0252247, -0.014644, 0.999575, 0.00274272  
109, 4.90011, 9.9004, 179.775, 0.998193, 0.0549341, -0.0243442, -0.0545598, 0.998386, 0.0157809, 0.0251718, -0.0144241, 0.999579, 0.00281734  
110, 4.92905, 9.90926, 179.777, 0.998201, 0.0548991, -0.0241122, -0.0545284, 0.998388, 0.0157718, 0.0249392, -0.0144286, 0.999585, 0.00311136  
111, 4.90645, 9.92011, 179.754, 0.998175, 0.0553198, -0.0242205, -0.0549725, 0.998379, 0.0147774, 0.0249987, -0.0134189, 0.999597, 0.0027835  
112, 4.87847, 9.90812, 179.772, 0.998178, 0.0552853, -0.0241751, -0.0549407, 0.998382, 0.014693, 0.0249483, -0.013338, 0.9996, 0.00300929  
113, 4.91397, 9.90056, 179.771, 0.998212, 0.0548361, -0.0238051, -0.0544457, 0.998376, 0.0167521, 0.024685, -0.0154261, 0.999576, 0.00293911  
114, 4.88891, 9.92673, 179.765, 0.998184, 0.0550035, -0.0245631, -0.0546411, 0.99839, 0.0151922, 0.0253592, -0.0138224, 0.999583, 0.00282954  
115, 4.90922, 9.89103, 179.774, 0.998233, 0.0545487, -0.0235445, -0.0541788, 0.998402, 0.0160767, 0.0243838, -0.0147726, 0.999594, 0.00294188  
116, 4.88271, 9.92697, 179.77, 0.998198, 0.0548916, -0.0242291, -0.0545529, 0.998407, 0.0144266, 0.0249824, -0.0130789, 0.999602, 0.00281429  
117, 4.8798, 9.89815, 179.772, 0.998209, 0.054786, -0.0240258, -0.0544193, 0.998395, 0.0156583, 0.0248451, -0.0143228, 0.999589, 0.00302648  
118, 4.89265, 9.90426, 179.776, 0.998194, 0.0551136, -0.0238828, -0.0547746, 0.998392, 0.014622, 0.0246502, -0.0132874, 0.999608, 0.0028939  
119, 4.93075, 9.90753, 179.826, 0.998229, 0.0546689, -0.0234472, -0.0543136, 0.998403, 0.0155295, 0.0242588, -0.0142285, 0.999604, 0.00281734  
120, 4.85255, 9.92259, 179.752, 0.998211, 0.0549681, -0.0235186, -0.0546332, 0.998399, 0.0146534, 0.0242864, -0.0133422, 0.999616, 0.00282538  
121, 4.88306, 9.89744, 179.772, 0.998173, 0.0553115, -0.0243284, -0.0549582, 0.998377, 0.0149585, 0.0251163, -0.0135942, 0.999592, 0.00299153  
122, 4.88895, 9.90725, 179.766, 0.998166, 0.0552833, -0.0246717, -0.0549171, 0.998374, 0.0152803, 0.0254763, -0.0138974, 0.999579, 0.00286533  
123, 4.90237, 9.88249, 179.781, 0.99819, 0.0553532, -0.0234922, -0.0549862, 0.998359, 0.015991, 0.0243388, -0.0146703, 0.999596, 0.00287614  
124, 4.87771, 9.89887, 179.773, 0.998167, 0.0556953, -0.0236694, -0.0553445, 0.998351, 0.0152257, 0.0244784, -0.0138878, 0.999604, 0.00282483  
125, 4.93351, 9.90942, 179.803, 0.998207, 0.0551644, -0.0232173, -0.0548082, 0.998373, 0.0157114, 0.0240462, -0.0144108, 0.999607, 0.00285257  
126, 4.88431, 9.91448, 179.777, 0.998177, 0.0552398, -0.0243239, -0.0548895, 0.998382, 0.0148414, 0.0251044, -0.0134792, 0.999594, 0.00281762  
127, 4.88637, 9.91073, 179.79, 0.998146, 0.0558905, -0.0240889, -0.0555216, 0.998334, 0.0157214, 0.0249275, -0.0143548, 0.999586, 0.00299847  
128, 4.90817, 9.90636, 179.802, 0.998201, 0.0547495, -0.0244397, -0.0543929, 0.998407, 0.0150249, 0.0252234, -0.0136685, 0.999588, 0.00281151  
129, 4.89515, 9.88075, 179.753, 0.998198, 0.0548284, -0.0243823, -0.0544558, 0.998393, 0.0156914, 0.0252034, -0.0143354, 0.99958, 0.00284064  
130, 4.94299, 9.92512, 179.806, 0.998189, 0.0549919, -0.0243722, -0.0546328, 0.998391, 0.0151619, 0.0251668, -0.0138029, 0.999588, 0.00289445  
131, 4.89379, 9.87344, 179.779, 0.998185, 0.0549502, -0.0246271, -0.054575, 0.998387, 0.015656, 0.0254477, -0.0142835, 0.999574, 0.0028448  
132, 4.91516, 9.89605, 179.793, 0.998182, 0.0550859, -0.024477, -0.0547224, 0.998385, 0.015279, 0.0252791, -0.0139118, 0.999584, 0.00279459  
133, 4.92471, 9.91388, 179.807, 0.998171, 0.055439, -0.0240968, -0.0550798, 0.998364, 0.0153221, 0.0249068, -0.0139668, 0.999592, 0.00282982  
134, 4.888, 9.91107, 179.771, 0.99816, 0.0553969, -0.0246523, -0.0550491, 0.998377, 0.0145727, 0.0254196, -0.0131888, 0.99959, 0.00285062  
135, 4.89446, 9.90431, 179.796, 0.998191, 0.0551406, -0.0239579, -0.0547971, 0.998388, 0.014767, 0.0247335, -0.0134275, 0.999604, 0.00299542  
136, 4.93291, 9.89777, 179.789, 0.998206, 0.054615, -0.0245555, -0.0542369, 0.998403, 0.0158086, 0.0253797, -0.0144484, 0.999573, 0.00285173  
137, 4.86911, 9.89959, 179.797, 0.998174, 0.0550942, -0.0247636, -0.0547457, 0.998395, 0.0145369, 0.0255247, -0.0131547, 0.999588, 0.00294549  
138, 4.90296, 9.89747, 179.771, 0.998208, 0.0544934, -0.0247342, -0.0541074, 0.998407, 0.0160159, 0.0255675, -0.0146489, 0.999566, 0.00300041  
139, 4.88065, 9.89886, 179.788, 0.99816, 0.0553516, -0.0247516, -0.0549863, 0.998371, 0.0152038, 0.0255528, -0.0138148, 0.999578, 0.00282205  
140, 4.92799, 9.91642, 179.807, 0.998213, 0.0547678, -0.0239135, -0.0543927, 0.99839, 0.0160641, 0.0247548, -0.0147346, 0.999585, 0.00283565  
141, 4.87222, 9.89708, 179.782, 0.998195, 0.0549472, -0.0242242, -0.0545827, 0.99839, 0.015459, 0.0250346, -0.0141089, 0.999587, 0.00291248  
142, 4.88732, 9.89112, 179.797, 0.998186, 0.0549354, -0.0246271, -0.0545731, 0.998395, 0.0151532, 0.02542, -0.0137817, 0.999582, 0.00300152  
143, 4.85604, 9.91469, 179.764, 0.998184, 0.0552797, -0.0239517, -0.0549331, 0.998379, 0.0148959, 0.0247363, -0.0135531, 0.999602, 0.00300041  
144, 4.86459, 9.90497, 179.778, 0.998184, 0.0552852, -0.0239017, -0.054916, 0.998365, 0.0158368, 0.0247381, -0.0144955, 0.999589, 0.00281124  
145, 4.88953, 9.90656, 179.757, 0.998161, 0.0553955, -0.0246131, -0.0550205, 0.998362, 0.0156612, 0.0254404, -0.0142782, 0.999574, 0.00307336  
146, 4.90549, 9.88986, 179.789, 0.998217, 0.0547162, -0.0238417, -0.0543131, 0.998375, 0.0172404, 0.0247463, -0.0159147, 0.999567, 0.00276963  
147, 4.89078, 9.89229, 179.792, 0.998199, 0.055019, -0.0239149, -0.0546753, 0.998395, 0.0147943, 0.0246905, -0.0134601, 0.999605, 0.00276464  
148, 4.91928, 9.89472, 179.775, 0.998212, 0.0546191, -0.0242716, -0.0542318, 0.998395, 0.0163389, 0.0251251, -0.0149934, 0.999572, 0.00291165  
149, 4.88595, 9.89276, 179.783, 0.998163, 0.0555796, -0.0241141, -0.055227, 0.99836, 0.015049, 0.024911, -0.0136896, 0.999596, 0.00299653  
150, 4.90726, 9.90057, 179.792, 0.998192, 0.05501, -0.0242066, -0.0546261, 0.998375, 0.0162473, 0.025061, -0.0148956, 0.999575, 0.00287836  
151, 4.92109, 9.92042, 179.797, 0.998211, 0.0546188, -0.0243035, -0.0542501, 0.998406, 0.0155798, 0.0251158, -0.0142335, 0.999583, 0.00296213  
152, 4.89335, 9.91275, 179.77, 0.998171, 0.0552773, -0.0244915, -0.0549219, 0.998379, 0.0149546, 0.0252785, -0.0135821, 0.999588, 0.00293412  
153, 4.91172, 9.89194, 179.779, 0.998184, 0.0549813, -0.0245977, -0.0545931, 0.998377, 0.0161859, 0.0254477, -0.0148136, 0.999566, 0.00289833  
154, 4.89798, 9.90223, 179.781, 0.998166, 0.0552959, -0.0246515, -0.0549369, 0.998377, 0.0150091, 0.0254414, -0.0136273, 0.999583, 0.00292607  
155, 4.85156, 9.89345, 179.77, 0.998174, 0.0553664, -0.0241693, -0.0550016, 0.998366, 0.0155063, 0.0249883, -0.0141486, 0.999588, 0.00279293  
156, 4.89416, 9.89932, 179.783, 0.998199, 0.0552236, -0.0234344, -0.0548644, 0.99837, 0.0157033, 0.0242634, -0.0143893, 0.999602, 0.00285035  
157, 4.89837, 9.89178, 179.793, 0.998234, 0.0547276, -0.0231002, -0.0543773, 0.9984, 0.0155286, 0.0239131, -0.0142451, 0.999613, 0.00293162  
158, 4.88872, 9.89499, 179.774, 0.998206, 0.0548863, -0.0239405, -0.0545285, 0.998394, 0.0153508, 0.0247446, -0.0140178, 0.999596, 0.00293661  
159, 4.88256, 9.90427, 179.805, 0.998191, 0.0551462, -0.0239534, -0.0547787, 0.998374, 0.0157385, 0.0247823, -0.0143979, 0.999589, 0.00304618  
160, 4.88138, 9.9045, 179.765, 0.998201, 0.0549414, -0.0240164, -0.054598, 0.9984, 0.0147271, 0.0247871, -0.0133893, 0.999603, 0.00290249  
161, 4.86796, 9.91075, 179.776, 0.998183, 0.0551093, -0.0243737, -0.054755, 0.998388, 0.0149699, 0.0251594, -0.0136081, 0.999591, 0.00295686  
162, 4.92328, 9.89889, 179.786, 0.998145, 0.0556696, -0.0246516, -0.0553167, 0.99836, 0.0147741, 0.0254336, -0.0133831, 0.999587, 0.00291914  
163, 4.8839, 9.89616, 179.791, 0.998167, 0.0555785, -0.0239345, -0.0552026, 0.998346, 0.0160901, 0.0247891, -0.0147394, 0.999584, 0.00290471  
164, 4.86141, 9.89377, 179.763, 0.99816, 0.0557486, -0.0238287, -0.0553958, 0.998348, 0.0152199, 0.0246378, -0.0138719, 0.9996, 0.00298321  
165, 4.87958, 9.87418, 179.755, 0.998156, 0.0555308, -0.0245262, -0.0551571, 0.998355, 0.015662, 0.0253555, -0.0142804, 0.999576, 0.00278683  
166, 4.91111, 9.88217, 179.803, 0.998182, 0.0549725, -0.0246972, -0.0545919, 0.998383, 0.0158302, 0.0255275, -0.0144532, 0.99957, 0.0029552  
167, 4.90039, 9.88092, 179.789, 0.998195, 0.0549906, -0.024137, -0.0545989, 0.99837, 0.0165998, 0.0250105, -0.015252, 0.999571, 0.00301012  
168, 4.91729, 9.90574, 179.819, 0.998202, 0.054968, -0.0238987, -0.0545949, 0.99838, 0.015994, 0.0247392, -0.0146605, 0.999586, 0.00289833  
169, 4.87837, 9.90438, 179.787, 0.998181, 0.0553282, -0.0239401, -0.0549587, 0.998363, 0.0158266, 0.0247766, -0.0144821, 0.999588, 0.00301372  
170, 4.89599, 9.89804, 179.769, 0.998198, 0.0551598, -0.0236128, -0.0547831, 0.998365, 0.0163145, 0.0244741, -0.0149915, 0.999588, 0.00286644  
171, 4.86104, 9.90606, 179.775, 0.998174, 0.0553621, -0.0241709, -0.0550002, 0.998368, 0.0153927, 0.0249836, -0.0140352, 0.999589, 0.00302177  
172, 4.92263, 9.87614, 179.803, 0.998231, 0.0544559, -0.0238803, -0.0540459, 0.998385, 0.0174907, 0.0247942, -0.0161691, 0.999562, 0.00296685  
173, 4.91711, 9.89457, 179.802, 0.998188, 0.0552678, -0.0238024, -0.0548912, 0.998361, 0.0161987, 0.0246587, -0.0148628, 0.999585, 0.00303064  
174, 4.89554, 9.88872, 179.786, 0.998222, 0.054558, -0.0240217, -0.0541871, 0.998405, 0.015829, 0.024847, -0.0144992, 0.999586, 0.00289279  
175, 4.86858, 9.8712, 179.759, 0.998163, 0.0554147, -0.0244835, -0.0550295, 0.998354, 0.0161393, 0.0253375, -0.0147623, 0.99957, 0.00282039  
176, 4.92175, 9.86822, 179.774, 0.998198, 0.0551565, -0.0236132, -0.0547905, 0.998372, 0.0158761, 0.0244504, -0.0145537, 0.999595, 0.00290416  
177, 4.8572, 9.90429, 179.764, 0.998187, 0.0552108, -0.0239655, -0.0548828, 0.998393, 0.0141376, 0.0247075, -0.0127967, 0.999613, 0.00301844  
178, 4.90329, 9.89598, 179.775, 0.998186, 0.0550449, -0.0244049, -0.0546749, 0.998383, 0.0155752, 0.0252228, -0.0142126, 0.999581, 0.00270694  
179, 4.90275, 9.88492, 179.759, 0.998182, 0.0551946, -0.0242266, -0.0548293, 0.998376, 0.0154934, 0.0250424, -0.0141369, 0.999586, 0.00293495  
180, 4.86443, 9.88274, 179.791, 0.998214, 0.0549665, -0.0234089, -0.0546164, 0.99839, 0.0153414, 0.0242144, -0.0140355, 0.999608, 0.0028104  
181, 4.90368, 9.88049, 179.784, 0.998234, 0.0545678, -0.0234848, -0.0541744, 0.998386, 0.0170742, 0.0243786, -0.0157717, 0.999578, 0.00304784  
182, 4.87129, 9.8761, 179.781, 0.998202, 0.0548703, -0.0241444, -0.0544961, 0.998387, 0.0158943, 0.0249776, -0.01455, 0.999582, 0.00298987  
183, 4.89597, 9.90515, 179.78, 0.998222, 0.0547751, -0.0234997, -0.0544213, 0.998399, 0.0154418, 0.0243079, -0.0141354, 0.999605, 0.00283565  
184, 4.8867, 9.88259, 179.764, 0.998235, 0.0543299, -0.0239724, -0.0539255, 0.998397, 0.0172036, 0.0248686, -0.0158805, 0.999565, 0.00280347  
185, 4.86238, 9.89585, 179.784, 0.998197, 0.0552455, -0.0234836, -0.0549, 0.998377, 0.0151131, 0.0242805, -0.0137966, 0.99961, 0.00292163  
186, 4.958, 9.88792, 179.799, 0.998216, 0.0545961, -0.0241594, -0.0542029, 0.998391, 0.0166391, 0.025029, -0.0152999, 0.99957, 0.00295963  
187, 4.89472, 9.87717, 179.781, 0.99822, 0.0546465, -0.0238855, -0.0542593, 0.998389, 0.0165695, 0.0247525, -0.015244, 0.999577, 0.00302953  
188, 4.92488, 9.90467, 179.813, 0.998193, 0.0550334, -0.0241438, -0.0546753, 0.998388, 0.0152522, 0.0249443, -0.0139045, 0.999592, 0.00300013  
189, 4.92961, 9.86781, 179.76, 0.998183, 0.055154, -0.024276, -0.0547744, 0.99837, 0.0160371, 0.0251209, -0.0146782, 0.999577, 0.00280846  
190, 4.89593, 9.87506, 179.785, 0.998167, 0.0551921, -0.0248359, -0.0548403, 0.998388, 0.0146338, 0.0256035, -0.013245, 0.999584, 0.00296435  
191, 4.86157, 9.77272, 179.892, 0.998244, 0.0546705, -0.0228031, -0.0543714, 0.998429, 0.0135376, 0.0235074, -0.012274, 0.999648, 0.00314465  
192, 4.87557, 9.79903, 179.885, 0.998264, 0.0541798, -0.0230773, -0.0538886, 0.998462, 0.01306, 0.0237494, -0.0117938, 0.999648, 0.00284092  
193, 4.89798, 9.81847, 179.855, 0.998306, 0.0533595, -0.0232065, -0.0530543, 0.998499, 0.0135735, 0.023896, -0.0123193, 0.999639, 0.00292108  
194, 4.87568, 9.79704, 179.838, 0.99829, 0.0539615, -0.0224686, -0.0536813, 0.998475, 0.0128958, 0.0231302, -0.0116676, 0.999664, 0.00277629  
195, 4.85746, 9.80978, 179.811, 0.998298, 0.0538415, -0.0224311, -0.0535658, 0.998483, 0.0127159, 0.0230817, -0.0114927, 0.999668, 0.00282483  
196, 4.89239, 9.82062, 179.845, 0.998325, 0.0534275, -0.0222036, -0.0531238, 0.998489, 0.0140515, 0.0229207, -0.0128484, 0.999655, 0.00306948  
197, 4.87204, 9.7958, 179.821, 0.998304, 0.0538112, -0.0222253, -0.0535316, 0.998482, 0.0129884, 0.0228904, -0.0117766, 0.999669, 0.00290111  
198, 4.83095, 9.84492, 179.823, 0.998297, 0.0537453, -0.0226806, -0.0534968, 0.998503, 0.0114267, 0.0232607, -0.0101939, 0.999677, 0.00281124  
199, 4.83117, 9.82861, 179.804, 0.998298, 0.054012, -0.0220141, -0.0537236, 0.998465, 0.0134894, 0.0227089, -0.0122838, 0.999667, 0.00300512  
200, 4.82598, 9.83251, 179.819, 0.998315, 0.0536654, -0.0220877, -0.0534227, 0.998506, 0.0114367, 0.0226684, -0.0102374, 0.999691, 0.002824  
201, 4.84243, 9.83173, 179.845, 0.998327, 0.0537835, -0.021233, -0.0535396, 0.998495, 0.0118969, 0.0218409, -0.0107402, 0.999704, 0.0029846  
202, 4.84896, 9.86116, 179.804, 0.998333, 0.0535634, -0.0215189, -0.0533144, 0.998506, 0.0119804, 0.0221284, -0.0108131, 0.999697, 0.00284924  
203, 4.87496, 9.8267, 179.814, 0.998296, 0.0539842, -0.0221762, -0.0536741, 0.998455, 0.0143466, 0.0229165, -0.0131319, 0.999651, 0.00282649  
204, 4.82457, 9.86112, 179.818, 0.99831, 0.0536112, -0.0224468, -0.0533681, 0.998511, 0.0112926, 0.0230188, -0.0100756, 0.999684, 0.00296768  
205, 4.82164, 9.82808, 179.811, 0.998351, 0.05354, -0.0207137, -0.0533074, 0.998511, 0.0116218, 0.0213051, -0.0104984, 0.999718, 0.00281013  
206, 4.83637, 9.84045, 179.803, 0.998348, 0.053347, -0.021355, -0.0530957, 0.998515, 0.0121679, 0.0219724, -0.0110139, 0.999698, 0.00295242  
207, 4.89876, 9.86619, 179.775, 0.998301, 0.0538333, -0.0223109, -0.0535413, 0.998475, 0.0134893, 0.0230031, -0.0122718, 0.99966, 0.0030753  
208, 4.89318, 9.85009, 179.781, 0.998287, 0.0539524, -0.0226289, -0.053667, 0.998474, 0.0130342, 0.0232976, -0.0117975, 0.999659, 0.00282788  
209, 4.87462, 9.82049, 179.793, 0.998291, 0.0541397, -0.0220114, -0.0538424, 0.998453, 0.013881, 0.0227288, -0.0126721, 0.999661, 0.0028129  
210, 4.90668, 9.84503, 179.801, 0.998324, 0.05361, -0.0217933, -0.0533332, 0.998491, 0.0130884, 0.0224621, -0.0119042, 0.999677, 0.00281567  
211, 4.85132, 9.82881, 179.788, 0.998329, 0.0536123, -0.0215399, -0.0533289, 0.998485, 0.013525, 0.0222324, -0.0123537, 0.999677, 0.0030054  
212, 4.8954, 9.83982, 179.801, 0.998329, 0.0534921, -0.0218564, -0.0532039, 0.998492, 0.0135615, 0.0225488, -0.012376, 0.999669, 0.00291276  
213, 4.8255, 9.8604, 179.807, 0.998331, 0.0535546, -0.0216047, -0.0532857, 0.998497, 0.0128362, 0.0222597, -0.0116636, 0.999684, 0.00280929  
214, 4.86318, 9.84368, 179.798, 0.99831, 0.0538445, -0.0218485, -0.0535714, 0.998481, 0.0129014, 0.02251, -0.0117092, 0.999678, 0.00293911  
215, 4.83561, 9.85402, 179.813, 0.998352, 0.053319, -0.021199, -0.05307, 0.998517, 0.012144, 0.0218151, -0.0109989, 0.999702, 0.00283398  
216, 4.86527, 9.85813, 179.806, 0.998291, 0.0538391, -0.0227378, -0.0535523, 0.99848, 0.013039, 0.0234052, -0.0117991, 0.999656, 0.00286533  
217, 4.87385, 9.85273, 179.789, 0.998308, 0.0536301, -0.0224543, -0.0533537, 0.998494, 0.0127333, 0.0231034, -0.0115137, 0.999667, 0.00282233  
218, 4.89366, 9.86299, 179.793, 0.998323, 0.0535451, -0.0220068, -0.0532652, 0.998494, 0.0131159, 0.0226759, -0.0119217, 0.999672, 0.00284841  
219, 4.88898, 9.85486, 179.824, 0.998333, 0.0534617, -0.021749, -0.0532315, 0.998521, 0.0110253, 0.0223063, -0.00984915, 0.999703, 0.00288779  
220, 4.85212, 9.84167, 179.799, 0.998326, 0.0535643, -0.0218042, -0.0532666, 0.998482, 0.0140104, 0.0225215, -0.0128255, 0.999664, 0.00287975  
221, 4.8318, 9.85136, 179.829, 0.998356, 0.0530613, -0.0216748, -0.0527908, 0.998523, 0.0128651, 0.0223255, -0.0116997, 0.999682, 0.00268974  
222, 4.85617, 9.85134, 179.785, 0.998276, 0.0542561, -0.0223976, -0.0539572, 0.998449, 0.0137406, 0.0231083, -0.0125084, 0.999655, 0.00266728  
223, 4.87992, 9.85712, 179.815, 0.998319, 0.0536618, -0.0219183, -0.0533633, 0.998477, 0.0139839, 0.0226353, -0.0127907, 0.999662, 0.00290111  
224, 4.86703, 9.84379, 179.83, 0.998305, 0.0538687, -0.0220295, -0.0536096, 0.998488, 0.0121874, 0.0226527, -0.0109858, 0.999683, 0.0029846  
225, 4.84834, 9.84765, 179.772, 0.998325, 0.0537184, -0.0214804, -0.0534308, 0.998477, 0.0137438, 0.022186, -0.0125731, 0.999675, 0.00291054  
226, 4.8472, 9.86968, 179.806, 0.998306, 0.0539886, -0.021676, -0.0537265, 0.998478, 0.0124947, 0.0223176, -0.0113089, 0.999687, 0.00290776  
227, 4.86438, 9.87013, 179.778, 0.998282, 0.0539525, -0.0228344, -0.0536545, 0.998469, 0.0134694, 0.0235262, -0.0122211, 0.999649, 0.00288391  
228, 4.89273, 9.84814, 179.819, 0.998354, 0.0531033, -0.0216465, -0.0528489, 0.998529, 0.0121583, 0.0222603, -0.0109943, 0.999692, 0.00284092  
229, 4.85012, 9.84719, 179.812, 0.998346, 0.0532614, -0.0216408, -0.0530172, 0.998525, 0.0117101, 0.0222326, -0.0105433, 0.999697, 0.00292496  
230, 4.7283, 10.0436, 179.653, 0.998214, 0.0550578, -0.0231818, -0.0547448, 0.998403, 0.0139254, 0.0239115, -0.0126314, 0.999634, 0.0028742  
231, 4.87665, 9.9415, 179.736, 0.998259, 0.0544648, -0.0226562, -0.0541448, 0.998428, 0.0145071, 0.0234107, -0.0132552, 0.999638, 0.00296851  
232, 4.87162, 9.95016, 179.725, 0.998276, 0.054298, -0.0222917, -0.0540083, 0.998451, 0.0133984, 0.0229846, -0.0121714, 0.999662, 0.00279293  
233, 4.87018, 9.94628, 179.744, 0.99827, 0.0545096, -0.0220453, -0.0541896, 0.99842, 0.0148589, 0.0228205, -0.0136385, 0.999647, 0.002819  
234, 4.88918, 9.89172, 179.795, 0.998207, 0.0550054, -0.0235941, -0.0546676, 0.998396, 0.0147301, 0.0243665, -0.0134139, 0.999613, 0.00297988  
235, 4.88474, 9.89671, 179.792, 0.998207, 0.0549212, -0.0238091, -0.0545621, 0.99839, 0.0154798, 0.024621, -0.014153, 0.999597, 0.00287004  
236, 4.91591, 9.89523, 179.794, 0.998185, 0.0553843, -0.0236653, -0.0550012, 0.998349, 0.0165447, 0.0245426, -0.015213, 0.999583, 0.00285118  
237, 4.86426, 9.90211, 179.78, 0.998188, 0.0550855, -0.0242121, -0.0547479, 0.998396, 0.0143954, 0.0249663, -0.0130437, 0.999603, 0.00302426  
238, 4.87836, 9.904, 179.778, 0.998174, 0.0553227, -0.0242628, -0.0549734, 0.998378, 0.0148356, 0.0250442, -0.0134747, 0.999596, 0.00289584  
239, 4.92197, 9.87104, 179.785, 0.998245, 0.054369, -0.0234618, -0.0539837, 0.998401, 0.016755, 0.0243353, -0.015459, 0.999584, 0.00297628  
240, 4.8713, 9.89573, 179.797, 0.998173, 0.0553864, -0.02415, -0.0550416, 0.998376, 0.0147156, 0.0249259, -0.0133595, 0.9996, 0.00285035  
241, 4.89824, 9.87015, 179.792, 0.99821, 0.0547027, -0.0241928, -0.0543032, 0.998382, 0.0168738, 0.0250767, -0.0155298, 0.999565, 0.0030545  
242, 4.89497, 9.92649, 179.79, 0.998196, 0.0550534, -0.0239604, -0.0546875, 0.998381, 0.0156678, 0.0247842, -0.0143292, 0.99959, 0.00297323  
243, 4.91108, 9.90958, 179.796, 0.998227, 0.0549275, -0.0229195, -0.0545727, 0.998384, 0.0158284, 0.0237519, -0.0145496, 0.999612, 0.00293356  
244, 4.90937, 9.91302, 179.798, 0.998181, 0.055293, -0.0240483, -0.0549039, 0.998354, 0.0165496, 0.0249238, -0.0151991, 0.999574, 0.00301428  
245, 4.8785, 9.90466, 179.78, 0.998188, 0.0551023, -0.0241859, -0.0547569, 0.998391, 0.0147183, 0.024958, -0.0133672, 0.999599, 0.00289223  
246, 4.87366, 9.87944, 179.775, 0.998207, 0.0550386, -0.0235475, -0.0546859, 0.998385, 0.0153714, 0.0243555, -0.0140561, 0.999605, 0.00293051  
247, 4.84802, 9.90495, 179.736, 0.998219, 0.054954, -0.0232098, -0.0546058, 0.99839, 0.0153785, 0.0240175, -0.0140838, 0.999612, 0.00294771  
248, 4.85773, 9.88954, 179.783, 0.998143, 0.0559678, -0.0240516, -0.0556125, 0.998337, 0.0151981, 0.0248622, -0.0138323, 0.999595, 0.00294715  
249, 4.89487, 9.91127, 179.784, 0.998216, 0.0549032, -0.0234829, -0.0545541, 0.998394, 0.0152584, 0.0242829, -0.0139501, 0.999608, 0.00296102  
250, 4.88799, 9.87617, 179.762, 0.998228, 0.0547881, -0.0232244, -0.0544183, 0.998386, 0.0162706, 0.0240783, -0.0149779, 0.999598, 0.00281984  
251, 4.88397, 9.89397, 179.746, 0.998187, 0.055041, -0.0243467, -0.0546682, 0.998381, 0.015719, 0.0251725, -0.0143595, 0.99958, 0.00296879  
252, 4.92418, 9.88659, 179.821, 0.998188, 0.0552329, -0.0238624, -0.0548556, 0.998363, 0.0161876, 0.0247174, -0.0148493, 0.999584, 0.00295769  
253, 4.86247, 9.89482, 179.766, 0.9982, 0.0554122, -0.0229542, -0.0550777, 0.99837, 0.0149586, 0.0237457, -0.0136674, 0.999625, 0.00291498  
254, 4.88951, 9.88649, 179.788, 0.9982, 0.0551563, -0.0235601, -0.0548212, 0.998389, 0.0146402, 0.0243296, -0.0133223, 0.999615, 0.00278322  
255, 4.88863, 9.89424, 179.795, 0.998207, 0.0552377, -0.0230499, -0.0548971, 0.998377, 0.0151594, 0.0238498, -0.0138668, 0.999619, 0.00282205  
256, 4.90921, 9.87785, 179.784, 0.99818, 0.0553956, -0.023818, -0.0550377, 0.998365, 0.0154284, 0.0246338, -0.0140894, 0.999597, 0.00290555  
257, 4.92079, 9.88376, 179.781, 0.998179, 0.0555239, -0.0235937, -0.0551568, 0.998351, 0.0159342, 0.0244395, -0.0146038, 0.999595, 0.00290693  
258, 4.91741, 9.86674, 179.803, 0.998209, 0.0548289, -0.0239362, -0.0544502, 0.998385, 0.0161939, 0.0247855, -0.0148616, 0.999582, 0.00284424  
259, 4.87798, 9.89798, 179.776, 0.998174, 0.055159, -0.0246256, -0.0547934, 0.998381, 0.0152814, 0.0254287, -0.0139042, 0.99958, 0.00295242  
260, 4.92256, 9.89712, 179.788, 0.998236, 0.054439, -0.0237004, -0.0540837, 0.998418, 0.0153834, 0.0245004, -0.0140744, 0.999601, 0.00286949  
261, 4.87076, 9.87619, 179.752, 0.998189, 0.0551983, -0.023912, -0.0548293, 0.99837, 0.0158189, 0.0247462, -0.0144792, 0.999589, 0.00295242  
262, 4.90098, 9.89508, 179.785, 0.998206, 0.0546381, -0.0244867, -0.0542918, 0.998418, 0.0145924, 0.0252453, -0.0132368, 0.999594, 0.00297988  
263, 4.90083, 9.89686, 179.794, 0.998178, 0.055223, -0.0243014, -0.0548652, 0.998379, 0.0151525, 0.0250987, -0.0137916, 0.99959, 0.00296213  
264, 4.88994, 9.91031, 179.801, 0.998206, 0.0550118, -0.0236508, -0.0546541, 0.998385, 0.0155156, 0.0244661, -0.0141952, 0.9996, 0.00279792  
265, 4.90181, 9.93142, 179.78, 0.998198, 0.0552257, -0.0234759, -0.0548738, 0.998375, 0.0153818, 0.0242872, -0.0140659, 0.999606, 0.00280846  
266, 4.8766, 9.90959, 179.774, 0.998196, 0.055077, -0.023888, -0.0547246, 0.998386, 0.0151631, 0.0246846, -0.0138285, 0.9996, 0.00295298  
267, 4.90189, 9.88545, 179.795, 0.998205, 0.0549444, -0.0238148, -0.0545798, 0.998386, 0.0157007, 0.024639, -0.0143727, 0.999593, 0.00282954  
268, 4.89151, 9.89018, 179.776, 0.998198, 0.0551876, -0.0235494, -0.0548331, 0.998376, 0.0154393, 0.0243632, -0.0141202, 0.999603, 0.0029233  
269, 4.89617, 9.92261, 179.792, 0.99822, 0.0547355, -0.0236927, -0.0543806, 0.998402, 0.0153721, 0.0244962, -0.0140563, 0.999601, 0.00281956  
270, 4.90166, 9.90448, 179.807, 0.998186, 0.0554962, -0.0233435, -0.055136, 0.998354, 0.0158002, 0.0241819, -0.0144845, 0.999603, 0.00290721  
271, 4.88481, 9.87654, 179.771, 0.998195, 0.0548732, -0.024392, -0.0544675, 0.998371, 0.0169982, 0.025285, -0.0156389, 0.999558, 0.00307281  
272, 4.90073, 9.91637, 179.788, 0.998179, 0.0552918, -0.0241014, -0.0549391, 0.998376, 0.0150571, 0.0248948, -0.0137056, 0.999596, 0.00300679  
273, 4.86756, 9.86709, 179.788, 0.998229, 0.0547736, -0.0232216, -0.0544007, 0.998385, 0.0163988, 0.0240823, -0.0151065, 0.999596, 0.00291026  
274, 4.89743, 9.91447, 179.791, 0.998193, 0.0553846, -0.0232995, -0.0550219, 0.998358, 0.0159307, 0.0241436, -0.0146199, 0.999602, 0.00286283  
275, 4.89291, 9.90203, 179.811, 0.998177, 0.0551572, -0.0245144, -0.0548054, 0.998387, 0.0147967, 0.025291, -0.0134262, 0.99959, 0.00279348  
276, 4.86151, 9.90531, 179.81, 0.998209, 0.0547624, -0.0240808, -0.0544141, 0.998407, 0.0148884, 0.0248578, -0.0135514, 0.999599, 0.00299625  
277, 4.8767, 9.90646, 179.79, 0.998173, 0.0550251, -0.0249455, -0.0546796, 0.998401, 0.0143264, 0.0256939, -0.0129362, 0.999586, 0.00296657  
278, 4.85021, 9.90706, 179.765, 0.998211, 0.0548429, -0.0238055, -0.0544754, 0.99839, 0.0158205, 0.0246348, -0.0144954, 0.999591, 0.00281151  
279, 4.85832, 9.90444, 179.758, 0.998171, 0.0554001, -0.0241984, -0.0550488, 0.998372, 0.0149513, 0.0249873, -0.0135919, 0.999595, 0.00309805  
280, 4.85388, 9.91872, 179.791, 0.99819, 0.0551196, -0.0240621, -0.0547579, 0.99838, 0.0154385, 0.024874, -0.014093, 0.999591, 0.00280735  
281, 4.91137, 9.89025, 179.77, 0.998143, 0.0556819, -0.0246876, -0.0553216, 0.998355, 0.0150462, 0.0254848, -0.0136525, 0.999582, 0.00300707  
