0, 0, 0, 0, 0, 0, 0, 0, 0, 0, 0, 0, 0, 0.00638443  
1, 2.21001, -5.53835, 180.064, 0.997989, 0.0602168, 0.0198026, -0.06006, 0.998159, -0.00841904, -0.0202731, 0.00721277, 0.999768, 0.00268503  
2, 2.1903, -5.51683, 180.082, 0.998001, 0.0597998, 0.0204488, -0.0596497, 0.998188, -0.00787461, -0.0208826, 0.0066391, 0.99976, 0.00296712  
3, 2.1922, -5.50708, 180.092, 0.998044, 0.0590777, 0.0204682, -0.0589317, 0.998233, -0.00766226, -0.0208847, 0.00644104, 0.999761, 0.00298543  
4, 2.21696, -5.53372, 180.058, 0.998005, 0.0593294, 0.0215946, -0.0592089, 0.998226, -0.00617867, -0.0219229, 0.00488775, 0.999748, 0.00296463  
5, 2.1963, -5.51941, 180.052, 0.997982, 0.0599174, 0.0210152, -0.0597856, 0.998188, -0.00684816, -0.0213874, 0.00557793, 0.999756, 0.00282788  
6, 2.19259, -5.49108, 180.064, 0.997997, 0.0599714, 0.0201417, -0.0598345, 0.998181, -0.00733412, -0.020545, 0.00611426, 0.99977, 0.00274494  
7, 2.18082, -5.50452, 180.078, 0.998003, 0.0596682, 0.0207132, -0.0595215, 0.998198, -0.00763072, -0.0211312, 0.00638261, 0.999756, 0.00304313  
8, 2.19389, -5.50099, 180.045, 0.998007, 0.0594814, 0.0210863, -0.0593532, 0.998215, -0.0066571, -0.0214446, 0.00539229, 0.999755, 0.00316129  
9, 2.17966, -5.49999, 180.07, 0.998033, 0.0590112, 0.0211413, -0.0588868, 0.998244, -0.00646123, -0.0214854, 0.00520358, 0.999756, 0.00282178  
10, 2.20435, -5.48215, 180.09, 0.99805, 0.0589825, 0.0204301, -0.0588578, 0.998244, -0.00665251, -0.0207866, 0.00543706, 0.999769, 0.00302981  
11, 2.18814, -5.49758, 180.067, 0.998001, 0.0597156, 0.0206853, -0.0595786, 0.998198, -0.00718068, -0.0210769, 0.00593392, 0.99976, 0.00276186  
12, 2.14052, -5.48083, 180.06, 0.998039, 0.0594462, 0.0195965, -0.059322, 0.998215, -0.00686363, -0.0199696, 0.00568767, 0.999784, 0.002938  
13, 2.19235, -5.46766, 180.083, 0.998039, 0.0593506, 0.0199064, -0.0592146, 0.998218, -0.00735575, -0.0203075, 0.00616258, 0.999775, 0.00315214  
14, 2.14336, -5.49814, 180.051, 0.998007, 0.0597523, 0.020313, -0.0596046, 0.998192, -0.00779886, -0.0207422, 0.00657257, 0.999763, 0.00305616  
15, 2.19681, -5.47972, 180.07, 0.99799, 0.0599051, 0.0206856, -0.0597786, 0.998189, -0.00667936, -0.0210482, 0.00542938, 0.999764, 0.00300429  
16, 2.15645, -5.46152, 180.071, 0.998034, 0.0593286, 0.0202085, -0.0591939, 0.998221, -0.00720117, -0.0205997, 0.00599079, 0.99977, 0.00291858  
17, 2.17467, -5.46087, 180.082, 0.998024, 0.0594575, 0.0203249, -0.0593309, 0.998215, -0.00677216, -0.0206912, 0.00555288, 0.99977, 0.00280486  
18, 2.19947, -5.48352, 180.075, 0.997993, 0.0597801, 0.0209053, -0.0596569, 0.998198, -0.00646809, -0.0212543, 0.00520796, 0.999761, 0.00320539  
19, 2.13691, -5.46943, 180.051, 0.998034, 0.0594401, 0.019876, -0.0593052, 0.998213, -0.00730968, -0.020275, 0.00611656, 0.999776, 0.00306504  
20, 2.18233, -5.43893, 180.063, 0.99801, 0.0596587, 0.0204294, -0.0595244, 0.998201, -0.00712088, -0.0208175, 0.00589066, 0.999766, 0.00290028  
21, 2.23519, -5.45326, 180.083, 0.998008, 0.0594718, 0.0210598, -0.0593617, 0.99822, -0.00581327, -0.0213681, 0.00455154, 0.999761, 0.00290249  
22, 2.13917, -5.47439, 180.036, 0.998022, 0.0595691, 0.020099, -0.0594286, 0.998204, -0.00751633, -0.0205107, 0.00630701, 0.99977, 0.00303037  
23, 2.17338, -5.45204, 180.075, 0.998009, 0.0595111, 0.0208818, -0.0593838, 0.998213, -0.00666474, -0.0212411, 0.00541143, 0.99976, 0.00312551  
24, 2.20583, -5.44877, 180.092, 0.998008, 0.0595272, 0.0209028, -0.0594028, 0.998213, -0.00652079, -0.0212536, 0.00526611, 0.99976, 0.00303286  
25, 2.14018, -5.46781, 180.033, 0.997995, 0.0601137, 0.0198249, -0.0599819, 0.998174, -0.00717646, -0.0202201, 0.00597293, 0.999778, 0.00281207  
26, 2.127, -5.45958, 180.043, 0.998026, 0.0595755, 0.0198752, -0.0594554, 0.998209, -0.00658143, -0.0202317, 0.00538675, 0.999781, 0.00290915  
27, 2.15878, -5.44656, 180.047, 0.997997, 0.059851, 0.0204974, -0.0597064, 0.998187, -0.00759389, -0.0209148, 0.00635485, 0.999761, 0.00280541  
28, 2.14358, -5.49284, 180.06, 0.998049, 0.058948, 0.0205774, -0.0588126, 0.998244, -0.00712514, -0.0209613, 0.00590103, 0.999763, 0.00287892  
29, 2.2036, -5.45729, 180.069, 0.998053, 0.0591387, 0.0198118, -0.0590114, 0.998233, -0.00695217, -0.0201879, 0.00576951, 0.99978, 0.00313244  
30, 2.19099, -5.4295, 180.053, 0.998028, 0.059564, 0.0198268, -0.0594305, 0.998206, -0.00725523, -0.0202234, 0.0060626, 0.999777, 0.0028473  
31, 2.18666, -5.45469, 180.07, 0.99804, 0.0591597, 0.0203998, -0.0590208, 0.99823, -0.00734489, -0.0207982, 0.00612648, 0.999765, 0.00279432  
32, 2.17556, -5.48936, 180.058, 0.998024, 0.0593375, 0.020668, -0.0591948, 0.998219, -0.00744693, -0.0210731, 0.00620877, 0.999759, 0.00286533  
33, 2.16012, -5.48208, 180.069, 0.998005, 0.0593897, 0.0214048, -0.0592671, 0.998222, -0.00631856, -0.021742, 0.00503736, 0.999751, 0.00292857  
34, 2.18754, -5.46746, 180.074, 0.998002, 0.0595535, 0.0211272, -0.0594414, 0.998214, -0.00589827, -0.0214408, 0.00463065, 0.999759, 0.00318903  
35, 2.19157, -5.48389, 180.074, 0.998026, 0.0592546, 0.0208049, -0.0591337, 0.99823, -0.00637991, -0.0211461, 0.00513705, 0.999763, 0.00311219  
36, 2.17999, -5.48025, 180.075, 0.998037, 0.0589576, 0.0211169, -0.0588297, 0.998246, -0.00662919, -0.0214707, 0.00537388, 0.999755, 0.00280125  
37, 2.18214, -5.48152, 180.077, 0.998015, 0.0594836, 0.0207019, -0.0593557, 0.998214, -0.00673994, -0.0210659, 0.00549778, 0.999763, 0.00304313  
38, 2.17139, -5.51351, 180.067, 0.998008, 0.0595138, 0.020922, -0.0593778, 0.998211, -0.0070625, -0.0213049, 0.00580613, 0.999756, 0.00301788  
39, 2.20098, -5.46804, 180.059, 0.998012, 0.0595266, 0.0207021, -0.0593876, 0.998209, -0.00726563, -0.0210975, 0.00602174, 0.999759, 0.00285756  
40, 2.1395, -5.49192, 180.041, 0.998064, 0.0590253, 0.0196147, -0.058892, 0.998238, -0.00730546, -0.0200114, 0.00613616, 0.999781, 0.00286061  
41, 2.21119, -5.48719, 180.074, 0.998007, 0.0597156, 0.0204207, -0.0595927, 0.998201, -0.00657379, -0.0207765, 0.00534376, 0.99977, 0.00276908  
42, 2.14686, -5.53148, 180.027, 0.997999, 0.0597868, 0.0205879, -0.0596416, 0.998191, -0.00759385, -0.0210047, 0.00635076, 0.999759, 0.00275326  
43, 2.19023, -5.49965, 180.059, 0.99803, 0.0594364, 0.0200615, -0.0593162, 0.998218, -0.00653131, -0.0204139, 0.00532847, 0.999777, 0.00280735  
44, 2.2068, -5.50091, 180.07, 0.997982, 0.0600055, 0.020758, -0.0598667, 0.99818, -0.00724301, -0.0211548, 0.00598568, 0.999758, 0.00268004  
45, 2.2077, -5.50328, 180.048, 0.998021, 0.059422, 0.0205708, -0.0592955, 0.998218, -0.00670576, -0.0209326, 0.00547274, 0.999766, 0.00256492  
46, 2.20342, -5.49295, 180.08, 0.998034, 0.0591582, 0.0206814, -0.0590238, 0.998232, -0.00705086, -0.0210619, 0.00581631, 0.999761, 0.00286949  
47, 2.14454, -5.52963, 180.052, 0.998033, 0.0593838, 0.0201019, -0.0592357, 0.998213, -0.00788444, -0.0205342, 0.00667818, 0.999767, 0.00306448  
48, 2.22772, -5.53054, 180.087, 0.998047, 0.0590898, 0.0202805, -0.0589603, 0.998236, -0.00692462, -0.0206539, 0.00571535, 0.99977, 0.00302315  
49, 2.2149, -5.50384, 180.094, 0.998008, 0.0596693, 0.0204725, -0.0595258, 0.998198, -0.0075511, -0.0208862, 0.00631741, 0.999762, 0.0028362  
50, 2.21101, -5.50426, 180.08, 0.997986, 0.0599905, 0.0206015, -0.0598709, 0.998186, -0.00637415, -0.0209465, 0.00512788, 0.999767, 0.00278267  
51, 2.20268, -5.555, 180.067, 0.998024, 0.0593805, 0.0205368, -0.0592334, 0.998214, -0.00770282, -0.0209575, 0.00647114, 0.999759, 0.00299181  
52, 2.2081, -5.53916, 180.049, 0.997994, 0.0597625, 0.0209035, -0.0596246, 0.998195, -0.00715708, -0.0212935, 0.00589636, 0.999756, 0.003095  
53, 2.19317, -5.52345, 180.063, 0.997992, 0.0599181, 0.0205611, -0.0597557, 0.998177, -0.00842398, -0.0210283, 0.00717842, 0.999753, 0.00302204  
54, 2.22377, -5.54251, 180.081, 0.997997, 0.0600405, 0.0199451, -0.0598866, 0.998171, -0.00822701, -0.0204025, 0.00701609, 0.999767, 0.00273607  
55, 2.21585, -5.55369, 180.073, 0.998011, 0.0596204, 0.0204724, -0.0594834, 0.998203, -0.00723502, -0.0208669, 0.00600286, 0.999764, 0.00280624  
56, 2.21322, -5.54194, 180.062, 0.998001, 0.0597952, 0.0204519, -0.0596502, 0.99819, -0.00762629, -0.0208709, 0.00639109, 0.999762, 0.00298127  
57, 2.2372, -5.53466, 180.089, 0.998028, 0.0595573, 0.0198064, -0.0594196, 0.998205, -0.00746656, -0.0202155, 0.00627495, 0.999776, 0.00308002  
58, 2.21822, -5.56369, 180.076, 0.998021, 0.0592188, 0.0211295, -0.0590824, 0.998228, -0.00702645, -0.0215082, 0.00576416, 0.999752, 0.00301899  
59, 2.20618, -5.53301, 180.095, 0.997996, 0.0597219, 0.0209229, -0.0595799, 0.998197, -0.00734536, -0.0213238, 0.00608406, 0.999754, 0.00311164  
60, 2.18092, -5.55063, 180.08, 0.998053, 0.059044, 0.02009, -0.0588922, 0.998232, -0.00806245, -0.0205305, 0.0068636, 0.999766, 0.00286921  
61, 2.22448, -5.5555, 180.094, 0.998028, 0.0592895, 0.0206316, -0.0591601, 0.998225, -0.00682338, -0.0209995, 0.00558935, 0.999764, 0.00280153  
62, 2.20525, -5.5743, 180.07, 0.997991, 0.059795, 0.0209345, -0.0596433, 0.998189, -0.00780148, -0.0213631, 0.0065372, 0.99975, 0.0029613  
63, 2.21722, -5.52583, 180.086, 0.998007, 0.0596291, 0.0206277, -0.0594801, 0.998199, -0.00776555, -0.0210536, 0.00652314, 0.999757, 0.00287975  
64, 2.21248, -5.5549, 180.079, 0.997995, 0.0599526, 0.0202684, -0.0598196, 0.998184, -0.00710801, -0.0206577, 0.00588131, 0.999769, 0.00288557  
65, 2.21643, -5.55563, 180.073, 0.998041, 0.0591551, 0.0203824, -0.0590269, 0.998233, -0.00683271, -0.0207506, 0.00561621, 0.999769, 0.00283315  
66, 2.20844, -5.55247, 180.072, 0.997997, 0.059941, 0.0202238, -0.0597874, 0.998178, -0.00811643, -0.0206735, 0.00689104, 0.999763, 0.00287392  
67, 2.21771, -5.52969, 180.082, 0.998005, 0.0598121, 0.0202244, -0.0596627, 0.998187, -0.00791075, -0.0206609, 0.00668832, 0.999764, 0.00296546  
68, 2.21549, -5.55098, 180.077, 0.998021, 0.0596743, 0.0198279, -0.0595386, 0.998199, -0.0073652, -0.0202317, 0.0061701, 0.999776, 0.00293744  
69, 2.19988, -5.54011, 180.06, 0.998013, 0.0594917, 0.0207637, -0.0593421, 0.998208, -0.00774916, -0.0211875, 0.0065016, 0.999754, 0.00284147  
70, 2.19629, -5.53956, 180.079, 0.997978, 0.0601948, 0.020392, -0.0600466, 0.998165, -0.00780256, -0.0208242, 0.00656232, 0.999762, 0.00293661  
71, 2.22197, -5.53827, 180.094, 0.998017, 0.0595694, 0.0203383, -0.0594311, 0.998205, -0.00733536, -0.0207387, 0.00611208, 0.999766, 0.00288225  
72, 2.19067, -5.5709, 180.057, 0.997976, 0.0600994, 0.0207741, -0.0599586, 0.998174, -0.00733708, -0.0211771, 0.00607664, 0.999757, 0.00298127  
73, 2.18041, -5.51851, 180.095, 0.998013, 0.0598159, 0.0198047, -0.0596699, 0.998187, -0.00788248, -0.0202403, 0.00668508, 0.999773, 0.00290166  
74, 2.21318, -5.51688, 180.081, 0.998017, 0.0594613, 0.0206637, -0.0593202, 0.998212, -0.00737801, -0.0210655, 0.0061376, 0.999759, 0.00286449  
75, 2.21282, -5.5417, 180.08, 0.998023, 0.0592922, 0.0208255, -0.0591644, 0.998226, -0.0067037, -0.0211861, 0.00545832, 0.999761, 0.00273246  
76, 2.21223, -5.52526, 180.076, 0.998006, 0.0595824, 0.0208381, -0.0594444, 0.998206, -0.0071819, -0.0212287, 0.00592887, 0.999757, 0.00278849  
77, 2.22566, -5.52033, 180.089, 0.998018, 0.0591539, 0.0214832, -0.0590261, 0.998235, -0.00653531, -0.0218319, 0.00525428, 0.999748, 0.0030079  
78, 2.19241, -5.54078, 180.084, 0.998005, 0.0596895, 0.0205552, -0.0595411, 0.998196, -0.007756, -0.0209811, 0.00651665, 0.999759, 0.00291941  
79, 2.18254, -5.53435, 180.052, 0.998004, 0.0593454, 0.0215889, -0.0592257, 0.998226, -0.00614398, -0.0219152, 0.0048531, 0.999748, 0.00288446  
80, 2.20698, -5.52021, 180.103, 0.998028, 0.0594612, 0.0201087, -0.0593236, 0.998212, -0.00736991, -0.020511, 0.00616246, 0.999771, 0.00277379  
81, 2.2101, -5.48299, 180.077, 0.998034, 0.0590658, 0.0209581, -0.0589473, 0.998242, -0.00622763, -0.0212891, 0.00497996, 0.999761, 0.00279792  
82, 2.19096, -5.52279, 180.079, 0.997995, 0.0595545, 0.0214161, -0.0594212, 0.99821, -0.00680766, -0.0217832, 0.00552145, 0.999747, 0.00261985  
83, 2.18205, -5.51919, 180.062, 0.998032, 0.0593613, 0.0202063, -0.0592317, 0.99822, -0.00695528, -0.0205832, 0.00574474, 0.999772, 0.00292995  
84, 2.17688, -5.5064, 180.075, 0.998011, 0.059488, 0.0208736, -0.059345, 0.99821, -0.00740616, -0.0212768, 0.00615268, 0.999755, 0.00290776  
85, 2.18493, -5.50719, 180.069, 0.997998, 0.0597587, 0.0206883, -0.0596348, 0.998199, -0.00655557, -0.0210428, 0.00530871, 0.999764, 0.00287226  
86, 2.16953, -5.5029, 180.062, 0.997995, 0.0595875, 0.0213267, -0.0594554, 0.998208, -0.00677605, -0.0216923, 0.00549448, 0.99975, 0.00288973  
87, 2.18159, -5.49346, 180.08, 0.99802, 0.059642, 0.0199901, -0.0595092, 0.998202, -0.0071747, -0.0203821, 0.00597089, 0.999774, 0.00301345  
88, 2.18023, -5.49158, 180.071, 0.998023, 0.0591966, 0.0210942, -0.0590871, 0.998236, -0.0057761, -0.021399, 0.00451829, 0.999761, 0.00291941  
89, 2.19379, -5.49109, 180.061, 0.99803, 0.0591733, 0.0208578, -0.0590503, 0.998234, -0.00646535, -0.0212036, 0.00522095, 0.999762, 0.00279931  
90, 2.19397, -5.46383, 180.072, 0.998022, 0.0595408, 0.0201817, -0.059416, 0.998211, -0.00672588, -0.0205461, 0.00551346, 0.999774, 0.00288252  
91, 2.13805, -5.48106, 180.053, 0.998036, 0.059467, 0.0196989, -0.0593265, 0.998209, -0.00764083, -0.020118, 0.00645716, 0.999777, 0.00296546  
92, 2.16812, -5.49511, 180.073, 0.998005, 0.0593135, 0.0216408, -0.059192, 0.998227, -0.00621328, -0.021971, 0.00491992, 0.999747, 0.00304257  
93, 2.19896, -5.4687, 180.082, 0.998039, 0.0591983, 0.0203328, -0.0590607, 0.998228, -0.00730257, -0.0207291, 0.00608738, 0.999767, 0.00307086  
94, 2.18992, -5.45996, 180.09, 0.998033, 0.0591536, 0.0207475, -0.0590411, 0.998238, -0.00599578, -0.0210656, 0.00475904, 0.999767, 0.00290083  
95, 2.15913, -5.47152, 180.048, 0.998059, 0.0592805, 0.0190909, -0.0591364, 0.998218, -0.00802778, -0.0195328, 0.00688323, 0.999786, 0.00289362  
96, 2.17328, -5.48999, 180.074, 0.998004, 0.0595552, 0.0210252, -0.0594356, 0.998212, -0.00626973, -0.021361, 0.00500757, 0.999759, 0.00280874  
97, 2.12568, -5.48147, 180.067, 0.998017, 0.0593124, 0.0210558, -0.059192, 0.998227, -0.00629383, -0.0213918, 0.00503502, 0.999758, 0.00290111  
98, 2.18269, -5.46694, 180.094, 0.998049, 0.0590807, 0.020198, -0.0589433, 0.998234, -0.00733273, -0.0205956, 0.00612789, 0.999769, 0.00297877  
99, 2.18722, -5.45746, 180.064, 0.997992, 0.0597931, 0.0209085, -0.0596755, 0.998199, -0.00620363, -0.0212418, 0.00494344, 0.999762, 0.00300346  
100, 2.14636, -5.46267, 180.014, 0.998002, 0.0598686, 0.0201845, -0.0597281, 0.998187, -0.00749074, -0.0205964, 0.00627019, 0.999768, 0.00287836  
101, 2.12628, -5.48505, 180.039, 0.998039, 0.0594274, 0.0196451, -0.0592895, 0.998212, -0.007528, -0.0200574, 0.00634849, 0.999779, 0.00289195  
102, 2.15018, -5.48208, 180.048, 0.998019, 0.0597672, 0.0196353, -0.0596136, 0.998187, -0.00831492, -0.0200967, 0.00712791, 0.999773, 0.00311608  
103, 2.14508, -5.48268, 180.047, 0.998029, 0.0596239, 0.0195659, -0.0594862, 0.998201, -0.00754521, -0.0199806, 0.00636643, 0.99978, 0.00306282  
104, 2.19517, -5.44852, 180.082, 0.998034, 0.0593591, 0.0201111, -0.0592277, 0.998219, -0.0070703, -0.020495, 0.00586527, 0.999773, 0.00305894  
105, 2.15099, -5.48363, 180.048, 0.99801, 0.0598039, 0.0199827, -0.0596672, 0.998191, -0.00737077, -0.0203874, 0.00616379, 0.999773, 0.00292302  
106, 2.14042, -5.49083, 180.047, 0.997993, 0.0597883, 0.0208872, -0.0596568, 0.998195, -0.00686142, -0.0212597, 0.00560158, 0.999758, 0.00290638  
107, 2.17775, -5.48233, 180.062, 0.998015, 0.0594496, 0.0207892, -0.0593167, 0.998215, -0.00695404, -0.0211655, 0.00570709, 0.99976, 0.00320401  
108, 2.1891, -5.46493, 180.087, 0.998017, 0.0593711, 0.0208991, -0.0592414, 0.998221, -0.00677599, -0.0212642, 0.00552446, 0.999759, 0.00307336  
109, 2.20644, -5.46863, 180.074, 0.998052, 0.0589374, 0.0204686, -0.0588187, 0.998248, -0.00635284, -0.0208072, 0.00513652, 0.99977, 0.00297184  
110, 2.16314, -5.49136, 180.044, 0.998021, 0.0595367, 0.0202286, -0.0594201, 0.998213, -0.00631996, -0.0205688, 0.00510547, 0.999775, 0.00275077  
111, 2.13783, -5.47534, 180.046, 0.99802, 0.0594602, 0.0205168, -0.0593361, 0.998216, -0.00660782, -0.0208731, 0.00537735, 0.999768, 0.00290582  
112, 2.19491, -5.48895, 180.072, 0.99799, 0.0598391, 0.0208664, -0.0597114, 0.998193, -0.00669135, -0.0212291, 0.00543194, 0.99976, 0.003285  
113, 2.19303, -5.48253, 180.043, 0.997984, 0.0600868, 0.0204532, -0.0599667, 0.99818, -0.00643779, -0.0208028, 0.0051983, 0.99977, 0.003133  
114, 2.19043, -5.44711, 180.064, 0.998019, 0.0594684, 0.0205458, -0.0593422, 0.998215, -0.00670041, -0.0209076, 0.0054679, 0.999766, 0.00281346  
115, 2.14796, -5.48147, 180.039, 0.998013, 0.0598455, 0.0196877, -0.0597014, 0.998186, -0.0078265, -0.0201204, 0.00663557, 0.999776, 0.00270805  
116, 2.18977, -5.48784, 180.057, 0.998009, 0.0598141, 0.0199871, -0.0596562, 0.998184, -0.0084044, -0.0204535, 0.00719532, 0.999765, 0.00272802  
117, 2.19074, -5.49192, 180.067, 0.997994, 0.0600205, 0.0201287, -0.0598909, 0.99818, -0.00698443, -0.0205113, 0.00576489, 0.999773, 0.0026842  
118, 2.16317, -5.5189, 180.043, 0.997985, 0.060055, 0.0204877, -0.0599233, 0.998179, -0.00698424, -0.0208698, 0.00574248, 0.999766, 0.00280181  
119, 2.21947, -5.5149, 180.07, 0.998033, 0.0593498, 0.020184, -0.0592095, 0.998218, -0.00747574, -0.0205917, 0.00626595, 0.999768, 0.00292912  
120, 2.18019, -5.49503, 180.07, 0.998039, 0.0591677, 0.0204449, -0.0590449, 0.998234, -0.00655805, -0.0207968, 0.00533802, 0.999769, 0.00308751  
121, 2.12876, -5.5074, 180.044, 0.998037, 0.0592234, 0.0203467, -0.0590869, 0.998227, -0.00724949, -0.0207399, 0.00603304, 0.999767, 0.00319208  
122, 2.19503, -5.52174, 180.074, 0.998027, 0.0593199, 0.0205617, -0.0591948, 0.998224, -0.00663977, -0.020919, 0.00540952, 0.999767, 0.00278794  
123, 2.18903, -5.50443, 180.059, 0.997971, 0.0601723, 0.0208196, -0.06004, 0.998172, -0.0069266, -0.0211983, 0.00566254, 0.999759, 0.0028828  
124, 2.21598, -5.51623, 180.093, 0.99804, 0.0592764, 0.0200506, -0.0591514, 0.998226, -0.00677112, -0.0204164, 0.00557183, 0.999776, 0.00296823  
125, 2.20869, -5.53327, 180.076, 0.998005, 0.0596063, 0.0208345, -0.0594817, 0.998208, -0.00655092, -0.0211876, 0.00529857, 0.999761, 0.0029416  
126, 2.19232, -5.53734, 180.066, 0.998027, 0.0592048, 0.020899, -0.0590726, 0.99823, -0.00688529, -0.0212696, 0.00563714, 0.999758, 0.00321871  
127, 2.19632, -5.50382, 180.054, 0.998035, 0.0594343, 0.0198455, -0.0592933, 0.998212, -0.00761842, -0.0202628, 0.00642675, 0.999774, 0.00293717  
128, 2.20168, -5.52415, 180.076, 0.998006, 0.0595772, 0.020846, -0.0594398, 0.998206, -0.00715172, -0.0212347, 0.00589837, 0.999757, 0.002824  
129, 2.20258, -5.56074, 180.069, 0.998, 0.0598408, 0.0203497, -0.0597101, 0.998191, -0.00697294, -0.0207301, 0.00574391, 0.999769, 0.00281235  
130, 2.17195, -5.53017, 180.063, 0.998005, 0.0595641, 0.0209222, -0.0594218, 0.998206, -0.00735958, -0.0213231, 0.00610167, 0.999754, 0.00296185  
131, 2.19761, -5.53167, 180.069, 0.998005, 0.0598188, 0.0201783, -0.0596762, 0.998189, -0.00760047, -0.0205964, 0.00638115, 0.999768, 0.00292274  
132, 2.23887, -5.54027, 180.089, 0.998011, 0.059548, 0.0206932, -0.0594212, 0.998211, -0.00668833, -0.0210544, 0.00544541, 0.999764, 0.00284175  
133, 2.19998, -5.52461, 180.052, 0.997998, 0.0601174, 0.0196457, -0.0599852, 0.998173, -0.00724842, -0.0200455, 0.00605546, 0.999781, 0.00285922  
134, 2.2044, -5.52125, 180.066, 0.99801, 0.059636, 0.0204771, -0.0594942, 0.998201, -0.00746589, -0.0208855, 0.00623277, 0.999762, 0.00274467  
135, 2.23282, -5.54395, 180.096, 0.998009, 0.0595393, 0.0207902, -0.0594239, 0.998214, -0.0061282, -0.0211179, 0.00488057, 0.999765, 0.0030115  
136, 2.22231, -5.55054, 180.066, 0.998001, 0.0599592, 0.0199577, -0.0598107, 0.998178, -0.00795744, -0.0203984, 0.00674786, 0.999769, 0.00304534  
137, 2.19453, -5.51501, 180.072, 0.99799, 0.0598758, 0.0207339, -0.0597386, 0.998188, -0.00717507, -0.0211259, 0.00592204, 0.999759, 0.00299264  
138, 2.19491, -5.53655, 180.08, 0.998034, 0.0593991, 0.0199773, -0.0592505, 0.998211, -0.00795099, -0.0204138, 0.0067517, 0.999769, 0.00288835  
139, 2.21749, -5.55229, 180.071, 0.998022, 0.059518, 0.0202626, -0.0593764, 0.998207, -0.00751902, -0.0206737, 0.00630102, 0.999766, 0.0028337  
140, 2.21644, -5.54451, 180.051, 0.997971, 0.0601254, 0.020938, -0.0599924, 0.998175, -0.00692195, -0.021316, 0.00565178, 0.999757, 0.00297794  
141, 2.15833, -5.56397, 180.056, 0.998038, 0.0595208, 0.0194352, -0.0593631, 0.998199, -0.00859513, -0.0199118, 0.00742453, 0.999774, 0.00311497  
142, 2.20813, -5.55054, 180.07, 0.998014, 0.0596212, 0.0203304, -0.0594662, 0.998197, -0.00814251, -0.0207792, 0.00691737, 0.99976, 0.00312717  
143, 2.20064, -5.55387, 180.07, 0.99804, 0.0591186, 0.0205185, -0.0589914, 0.998236, -0.00675411, -0.0208816, 0.00553046, 0.999767, 0.00290249  
144, 2.20156, -5.51174, 180.063, 0.998013, 0.0597729, 0.0199178, -0.0596269, 0.99819, -0.0078447, -0.0203506, 0.00664147, 0.999771, 0.00274328  
145, 2.19197, -5.54323, 180.061, 0.997983, 0.0600498, 0.020568, -0.0599117, 0.998177, -0.00726417, -0.0209667, 0.00601726, 0.999762, 0.00301261  
146, 2.25195, -5.54217, 180.099, 0.998034, 0.0595016, 0.0197019, -0.0593608, 0.998207, -0.00765819, -0.0201223, 0.00647361, 0.999777, 0.003166  
147, 2.19817, -5.53569, 180.065, 0.998017, 0.0596231, 0.0201924, -0.059473, 0.998198, -0.00795329, -0.0206302, 0.00673662, 0.999764, 0.00291525  
148, 2.1711, -5.52887, 180.076, 0.998006, 0.0598269, 0.0201081, -0.0596889, 0.99819, -0.00739407, -0.020514, 0.0061791, 0.99977, 0.00288835  
149, 2.23611, -5.53016, 180.071, 0.99799, 0.0600302, 0.0202924, -0.0598857, 0.998176, -0.00765561, -0.020715, 0.006425, 0.999765, 0.00287587  
150, 2.18875, -5.53928, 180.062, 0.997969, 0.0602457, 0.0207081, -0.0601134, 0.998167, -0.00695379, -0.0210891, 0.00569483, 0.999761, 0.00297905  
151, 2.21103, -5.51631, 180.085, 0.998055, 0.0588634, 0.0205099, -0.058728, 0.998248, -0.00714574, -0.0208946, 0.00592733, 0.999764, 0.00310359  
152, 2.2014, -5.5351, 180.069, 0.997991, 0.0597323, 0.0211398, -0.0595993, 0.998199, -0.00687084, -0.0215122, 0.00559712, 0.999753, 0.00289695  
153, 2.1859, -5.55066, 180.063, 0.998036, 0.0590679, 0.0208413, -0.0589215, 0.998234, -0.00757039, -0.0212517, 0.00632752, 0.999754, 0.00308335  
154, 2.19525, -5.48532, 180.073, 0.99801, 0.0597493, 0.0201398, -0.0596092, 0.998194, -0.00748654, -0.0205507, 0.00627113, 0.999769, 0.00290832  
155, 2.19562, -5.52527, 180.069, 0.997993, 0.0599006, 0.0205343, -0.0597672, 0.998187, -0.0070504, -0.0209194, 0.00580898, 0.999764, 0.00300291  
156, 2.18978, -5.53079, 180.069, 0.998029, 0.0594599, 0.0200443, -0.0593203, 0.998211, -0.00748958, -0.0204538, 0.00628579, 0.999771, 0.00311275  
157, 2.18238, -5.51694, 180.066, 0.997996, 0.0597901, 0.0207049, -0.0596626, 0.998196, -0.00672509, -0.0210696, 0.00547631, 0.999763, 0.00291581  
158, 2.19365, -5.51277, 180.084, 0.99804, 0.0590626, 0.0207063, -0.0589296, 0.998238, -0.00697552, -0.0210818, 0.00574163, 0.999761, 0.00289362  
159, 2.16576, -5.51814, 180.068, 0.997974, 0.0599434, 0.0213466, -0.0598299, 0.998191, -0.00591719, -0.0216627, 0.00462803, 0.999755, 0.00271415  
160, 2.19745, -5.52512, 180.063, 0.998018, 0.0595234, 0.0204108, -0.0594036, 0.998213, -0.00642811, -0.020757, 0.0052029, 0.999771, 0.00302759  
161, 2.1985, -5.49193, 180.089, 0.998047, 0.0588404, 0.0209697, -0.0587212, 0.998255, -0.00625365, -0.0213011, 0.00501007, 0.999761, 0.00306837  
162, 2.20814, -5.49698, 180.058, 0.998009, 0.0596501, 0.0205085, -0.0595398, 0.998208, -0.00594997, -0.0208267, 0.00471705, 0.999772, 0.00276991  
163, 2.17467, -5.47862, 180.001, 0.998008, 0.0599199, 0.0197535, -0.059823, 0.998194, -0.00546016, -0.020045, 0.00426756, 0.99979, 0.00288363  
164, 2.25174, -5.61919, 180.146, 0.998074, 0.0580071, 0.0219849, -0.0578397, 0.998292, -0.00817807, -0.0224218, 0.00689072, 0.999725, 0.00298293  
165, 2.21823, -5.63125, 180.152, 0.998069, 0.0586525, 0.0204462, -0.05847, 0.998245, -0.00941015, -0.0209623, 0.00819649, 0.999747, 0.0028803  
166, 2.28115, -5.62921, 180.17, 0.998039, 0.0586979, 0.0217419, -0.0585429, 0.998255, -0.00770039, -0.022156, 0.00641246, 0.999734, 0.00290749  
167, 1.95049, -5.42116, 180.008, 0.998123, 0.0562552, 0.0241991, -0.056054, 0.998388, -0.0089125, -0.0246615, 0.00753932, 0.999667, 0.00280014  
168, 2.01557, -5.38486, 180.032, 0.998045, 0.0576114, 0.0242139, -0.0573951, 0.998306, -0.00953743, -0.0247223, 0.00812903, 0.999661, 0.00289306  
169, 2.04521, -5.40749, 180.059, 0.99807, 0.0574159, 0.0236644, -0.0572191, 0.998322, -0.00891029, -0.0241363, 0.00753903, 0.99968, 0.00297794  
170, 1.9696, -5.39508, 179.998, 0.998083, 0.0570075, 0.0241019, -0.0568239, 0.99835, -0.00823429, -0.0245315, 0.00684894, 0.999676, 0.00300402  
171, 1.95501, -5.40877, 180.029, 0.998076, 0.057566, 0.0230278, -0.0573552, 0.998307, -0.00971608, -0.0235481, 0.00837662, 0.999688, 0.00309666  
172, 2.03461, -5.37644, 180.027, 0.998056, 0.0573924, 0.0243009, -0.0571862, 0.998322, -0.0090971, -0.0247822, 0.00768974, 0.999663, 0.00309638  
173, 1.96829, -5.40448, 179.997, 0.998081, 0.0572666, 0.023551, -0.0570693, 0.99833, -0.00896783, -0.0240252, 0.00760659, 0.999682, 0.00289168  
174, 1.98845, -5.40284, 180.028, 0.998085, 0.0572636, 0.0233872, -0.0570603, 0.998328, -0.00926858, -0.0238789, 0.00791635, 0.999684, 0.00272414  
175, 1.96245, -5.38138, 180.025, 0.998107, 0.0569623, 0.023173, -0.056775, 0.998349, -0.00866379, -0.0236283, 0.00733174, 0.999694, 0.00291664  
176, 1.96435, -5.39618, 180.034, 0.998098, 0.0571335, 0.0231757, -0.0569232, 0.998332, -0.00963621, -0.0236876, 0.00829864, 0.999685, 0.00314964  
177, 1.97345, -5.41269, 179.994, 0.998097, 0.0570425, 0.023412, -0.0568427, 0.998342, -0.00911012, -0.0238928, 0.00776198, 0.999684, 0.00298321  
178, 1.95728, -5.39872, 180.013, 0.998108, 0.0570483, 0.0229423, -0.0568651, 0.998345, -0.00856005, -0.0233927, 0.00723923, 0.9997, 0.0029036  
179, 2.01503, -5.3983, 180.058, 0.998109, 0.0569638, 0.0231138, -0.0567701, 0.998347, -0.00894977, -0.0235854, 0.00762068, 0.999693, 0.00288391  
180, 1.97128, -5.39661, 179.989, 0.998101, 0.0570546, 0.0232356, -0.0568513, 0.998339, -0.00931726, -0.0237286, 0.00797859, 0.999687, 0.00305699  
181, 1.95976, -5.41934, 180.002, 0.998099, 0.0568842, 0.0237026, -0.0566806, 0.99835, -0.00917396, -0.0241854, 0.00781304, 0.999677, 0.00320068  
182, 1.95528, -5.38109, 180.027, 0.998084, 0.0573511, 0.0232303, -0.0571548, 0.998324, -0.00903072, -0.0237093, 0.0076857, 0.999689, 0.00290416  
183, 2.02697, -5.38357, 180.031, 0.998097, 0.0568969, 0.0237576, -0.056694, 0.99835, -0.00913161, -0.0242379, 0.00776732, 0.999676, 0.00301456  
184, 1.97368, -5.39507, 180.006, 0.998068, 0.0572699, 0.024091, -0.0570791, 0.998333, -0.00853508, -0.0245396, 0.00714349, 0.999673, 0.00289639  
185, 1.94643, -5.37492, 180.013, 0.998107, 0.0565069, 0.0242803, -0.0562998, 0.998372, -0.00913, -0.0247567, 0.00774573, 0.999663, 0.00295631  
186, 1.97198, -5.39206, 180.016, 0.998103, 0.0571118, 0.0229887, -0.0569112, 0.998336, -0.0092886, -0.023481, 0.00796266, 0.999693, 0.00317238  
187, 1.96883, -5.40218, 179.99, 0.998083, 0.0570551, 0.023964, -0.0568616, 0.998344, -0.00867959, -0.0244195, 0.00730032, 0.999675, 0.00301788  
188, 1.94833, -5.42225, 180.024, 0.99811, 0.0569725, 0.023021, -0.0567757, 0.998345, -0.00911133, -0.023502, 0.00778708, 0.999693, 0.00303203  
189, 1.94085, -5.39974, 180.017, 0.998099, 0.0570496, 0.0233023, -0.0568376, 0.998337, -0.00966038, -0.0238147, 0.00831757, 0.999682, 0.00287947  
190, 1.97207, -5.41804, 180.019, 0.998104, 0.056712, 0.0239262, -0.0565176, 0.998363, -0.00872382, -0.0243818, 0.00735503, 0.999676, 0.00277962  
191, 1.96923, -5.43489, 180.021, 0.998073, 0.056985, 0.0245717, -0.0567883, 0.998349, -0.00863038, -0.0250229, 0.00721836, 0.999661, 0.00297239  
192, 1.95578, -5.39684, 180.023, 0.998103, 0.0571132, 0.0229773, -0.056913, 0.998336, -0.0092743, -0.0234688, 0.007949, 0.999693, 0.00299458  
193, 2.01861, -5.40912, 180.053, 0.998094, 0.0566359, 0.0244915, -0.0564229, 0.998364, -0.00930277, -0.0249783, 0.00790316, 0.999657, 0.00278072  
194, 2.02358, -5.42287, 180.028, 0.99807, 0.0570484, 0.0245494, -0.0568413, 0.998342, -0.00905564, -0.0250253, 0.00764274, 0.999658, 0.00269862  
195, 1.9656, -5.41487, 180.021, 0.998103, 0.0566216, 0.0241926, -0.0564167, 0.998366, -0.009071, -0.0246667, 0.00768892, 0.999666, 0.00291193  
196, 1.95059, -5.41712, 180.028, 0.998098, 0.057242, 0.0228795, -0.0570412, 0.998328, -0.00933374, -0.0233755, 0.00801091, 0.999695, 0.00305394  
197, 1.97741, -5.43435, 180.001, 0.998079, 0.0573944, 0.0233338, -0.0572019, 0.998324, -0.00883802, -0.023802, 0.0074863, 0.999689, 0.0031133  
198, 1.96234, -5.44525, 180.029, 0.998094, 0.0571841, 0.0232167, -0.0569952, 0.998336, -0.00872084, -0.0236768, 0.00738098, 0.999692, 0.00278294  
199, 1.96171, -5.43465, 180.041, 0.998096, 0.0568308, 0.0239649, -0.0565962, 0.998343, -0.0103539, -0.0245137, 0.00897789, 0.999659, 0.00296657  
200, 1.95455, -5.43155, 180.023, 0.9981, 0.0570745, 0.0232316, -0.056883, 0.998342, -0.00882169, -0.0236966, 0.00748344, 0.999691, 0.00281762  
201, 1.88964, -5.26289, 179.872, 0.998026, 0.05856, 0.0226794, -0.058432, 0.998272, -0.00626678, -0.0230072, 0.00492921, 0.999723, 0.00324284  
202, 1.95076, -5.35733, 179.956, 0.998057, 0.0580836, 0.0225415, -0.0579077, 0.998287, -0.00837866, -0.0229896, 0.00705705, 0.999711, 0.00308529  
203, 1.94693, -5.35039, 179.973, 0.998051, 0.058453, 0.0218513, -0.0582788, 0.998264, -0.00852767, -0.0223119, 0.00723759, 0.999725, 0.00301816  
204, 1.95896, -5.3625, 179.95, 0.998056, 0.0580486, 0.0226741, -0.0578757, 0.99829, -0.00820922, -0.0231119, 0.00688098, 0.999709, 0.0028975  
205, 1.94374, -5.3589, 179.97, 0.998065, 0.0581439, 0.0220241, -0.0579761, 0.998284, -0.0081799, -0.022462, 0.0068872, 0.999724, 0.00282094  
206, 2.22247, -5.51564, 180.069, 0.997981, 0.059637, 0.0218368, -0.0594894, 0.998202, -0.00734841, -0.0222358, 0.00603451, 0.999735, 0.00293855  
207, 2.19833, -5.51693, 180.069, 0.998017, 0.0594347, 0.020727, -0.059305, 0.998217, -0.00681746, -0.0210952, 0.00557473, 0.999762, 0.00306088  
208, 2.23892, -5.5385, 180.084, 0.997994, 0.0597029, 0.0210575, -0.0595828, 0.998204, -0.00628934, -0.0213952, 0.00502205, 0.999758, 0.00277795  
209, 2.2119, -5.52108, 180.073, 0.998007, 0.0595985, 0.0207178, -0.0594524, 0.998202, -0.00760011, -0.0211336, 0.00635324, 0.999756, 0.0028473  
210, 2.19628, -5.52748, 180.063, 0.998019, 0.0593689, 0.0208294, -0.0592545, 0.998224, -0.00606777, -0.0211527, 0.00482151, 0.999765, 0.00258878  
211, 2.20573, -5.51462, 180.07, 0.997967, 0.0601895, 0.020953, -0.0600484, 0.998169, -0.00729632, -0.0213538, 0.00602329, 0.999754, 0.00312828  
212, 2.17812, -5.53583, 180.056, 0.998006, 0.0596115, 0.0207405, -0.0594772, 0.998205, -0.00703196, -0.0211225, 0.00578435, 0.99976, 0.0030165  
213, 2.17271, -5.53195, 180.078, 0.998013, 0.0597366, 0.0200273, -0.0595916, 0.998193, -0.00775784, -0.0204546, 0.00654897, 0.999769, 0.00285479  
214, 2.19998, -5.55295, 180.074, 0.99799, 0.0597112, 0.0212421, -0.0595888, 0.998203, -0.00634963, -0.0215831, 0.00507107, 0.999754, 0.00282927  
215, 2.19358, -5.54699, 180.081, 0.998037, 0.0589886, 0.0210313, -0.0588501, 0.998241, -0.00714676, -0.0214159, 0.00589504, 0.999753, 0.00305699  
216, 2.18511, -5.52178, 180.067, 0.997995, 0.0596954, 0.0210292, -0.0595723, 0.998203, -0.00643017, -0.0213753, 0.00516452, 0.999758, 0.00297212  
217, 2.20676, -5.53418, 180.09, 0.997972, 0.0599559, 0.0213846, -0.0598117, 0.998183, -0.00731765, -0.0217844, 0.00602376, 0.999745, 0.0028423  
218, 2.2163, -5.53969, 180.098, 0.997989, 0.059912, 0.0207241, -0.0597805, 0.998188, -0.00690751, -0.0211004, 0.00565472, 0.999761, 0.0028975  
219, 2.1828, -5.52235, 180.058, 0.997993, 0.0597357, 0.021038, -0.0596045, 0.998199, -0.00680712, -0.0214067, 0.00553949, 0.999756, 0.00282788  
220, 2.20986, -5.52628, 180.083, 0.998023, 0.0593965, 0.0205483, -0.0592555, 0.998215, -0.00740403, -0.0209514, 0.00617179, 0.999761, 0.00296185  
221, 2.15685, -5.55948, 180.049, 0.997993, 0.0597189, 0.0210614, -0.0595885, 0.9982, -0.00676998, -0.0214278, 0.00550138, 0.999755, 0.00314742  
222, 2.18604, -5.55083, 180.068, 0.997966, 0.0599786, 0.0215779, -0.0598567, 0.998187, -0.00625542, -0.021914, 0.00495112, 0.999748, 0.00279986  
223, 2.21253, -5.49969, 180.083, 0.998003, 0.0597696, 0.0204452, -0.0596311, 0.998194, -0.00731947, -0.0208457, 0.00608568, 0.999764, 0.00287143  
224, 2.18879, -5.53687, 180.069, 0.998013, 0.059415, 0.0209962, -0.0592873, 0.998219, -0.00665474, -0.0213541, 0.00539671, 0.999757, 0.00285645  
225, 2.18884, -5.51897, 180.082, 0.997974, 0.0599619, 0.0212668, -0.0598341, 0.998187, -0.00659789, -0.0216239, 0.00531204, 0.999752, 0.00300873  
226, 2.18689, -5.51477, 180.081, 0.997979, 0.0597249, 0.0217139, -0.0595962, 0.998201, -0.00652314, -0.0220645, 0.00521589, 0.999743, 0.00308945  
227, 2.20897, -5.51983, 180.078, 0.998034, 0.059441, 0.0198805, -0.0593003, 0.998211, -0.0075952, -0.0202964, 0.00640135, 0.999774, 0.00292302  
228, 2.17379, -5.51839, 180.066, 0.998007, 0.0596453, 0.0205784, -0.059511, 0.998203, -0.00708274, -0.0209639, 0.00584398, 0.999763, 0.00290055  
229, 2.18484, -5.5143, 180.07, 0.998018, 0.0593488, 0.0209011, -0.0592187, 0.998222, -0.00679097, -0.021267, 0.00553978, 0.999758, 0.00288114  
230, 2.19595, -5.4772, 180.079, 0.998007, 0.059464, 0.0211135, -0.0593383, 0.998217, -0.00653032, -0.0214641, 0.00526447, 0.999756, 0.00301345  
231, 2.16295, -5.52757, 180.045, 0.998004, 0.0598495, 0.0201447, -0.0596913, 0.998182, -0.00836662, -0.0206089, 0.00714745, 0.999762, 0.00311968  
232, 2.13526, -5.50915, 180.027, 0.998015, 0.0597867, 0.019804, -0.0596484, 0.998191, -0.0075046, -0.0202168, 0.00630842, 0.999776, 0.00286976  
233, 2.18014, -5.48928, 180.061, 0.997991, 0.0598071, 0.0208851, -0.0596771, 0.998195, -0.00679624, -0.0212538, 0.00553623, 0.999759, 0.00288696  
234, 2.13063, -5.50229, 180.058, 0.998013, 0.0597804, 0.0198945, -0.0596392, 0.998191, -0.00761883, -0.0203139, 0.0064172, 0.999773, 0.00282677  
235, 2.18479, -5.50633, 180.055, 0.998003, 0.0597219, 0.0205789, -0.0595808, 0.998196, -0.0073994, -0.0209836, 0.00615851, 0.999761, 0.00293023  
236, 2.18017, -5.50852, 180.06, 0.998023, 0.0594003, 0.0205407, -0.0592648, 0.998217, -0.00714591, -0.0209285, 0.00591444, 0.999763, 0.00315935  
237, 2.18401, -5.48552, 180.076, 0.998008, 0.0596532, 0.0205115, -0.0595217, 0.998203, -0.00696379, -0.02089, 0.00572904, 0.999765, 0.0029036  
238, 2.1766, -5.49796, 180.067, 0.998005, 0.0598913, 0.0199702, -0.0597581, 0.998187, -0.00720046, -0.0203652, 0.00599271, 0.999775, 0.00292247  
239, 2.1883, -5.50441, 180.1, 0.997994, 0.0597024, 0.0210638, -0.0595633, 0.998199, -0.00717385, -0.0214541, 0.00590483, 0.999752, 0.00274078  
240, 2.14001, -5.48159, 180.05, 0.998044, 0.0592782, 0.019865, -0.0591334, 0.99822, -0.00780026, -0.020292, 0.00661031, 0.999772, 0.00299292  
241, 2.19397, -5.48266, 180.065, 0.998017, 0.0594623, 0.0206358, -0.0593331, 0.998215, -0.0068155, -0.0210043, 0.0055776, 0.999764, 0.00317349  
242, 2.13087, -5.49536, 180.043, 0.998008, 0.0597158, 0.0203404, -0.0595827, 0.998198, -0.00708768, -0.020727, 0.00586162, 0.999768, 0.00289362  
243, 2.17527, -5.48784, 180.072, 0.998007, 0.0593544, 0.0214206, -0.0592264, 0.998223, -0.00655948, -0.0217718, 0.00527774, 0.999749, 0.00280957  
244, 2.19017, -5.46214, 180.082, 0.99804, 0.0591587, 0.0203885, -0.0590412, 0.998236, -0.00631583, -0.0207262, 0.00509969, 0.999772, 0.00284979  
245, 2.21614, -5.47822, 180.075, 0.998043, 0.058815, 0.0212555, -0.0586992, 0.998258, -0.00603042, -0.0215731, 0.00477094, 0.999756, 0.00297406  
246, 2.14074, -5.49185, 180.041, 0.998039, 0.0591116, 0.0205783, -0.0589676, 0.998231, -0.00753811, -0.0209875, 0.00630988, 0.99976, 0.00315491  
247, 2.18148, -5.46377, 180.082, 0.998022, 0.059234, 0.0210457, -0.0591069, 0.99823, -0.00661473, -0.0214002, 0.00535771, 0.999757, 0.00291886  
248, 2.22312, -5.46336, 180.102, 0.998002, 0.0598298, 0.0203089, -0.0596965, 0.998191, -0.00710829, -0.0206975, 0.00588172, 0.999768, 0.00292995  
249, 2.15035, -5.47619, 180.038, 0.998023, 0.0596209, 0.0199031, -0.0594905, 0.998204, -0.00708028, -0.0202895, 0.00588223, 0.999777, 0.00286116  
250, 2.14946, -5.4787, 180.064, 0.998034, 0.0593252, 0.0202008, -0.0591907, 0.998221, -0.007194, -0.0205916, 0.00598416, 0.99977, 0.00296074  
251, 2.19551, -5.45333, 180.094, 0.998024, 0.0591756, 0.0211502, -0.0590342, 0.99823, -0.00724809, -0.0215416, 0.00598518, 0.99975, 0.00315269  
252, 2.18219, -5.472, 180.084, 0.998007, 0.0594971, 0.0210192, -0.0593682, 0.998214, -0.00670821, -0.0213808, 0.00544697, 0.999757, 0.00291997  
253, 2.17896, -5.46715, 180.089, 0.998046, 0.0590414, 0.0204643, -0.0589165, 0.998241, -0.00665127, -0.020821, 0.00543259, 0.999768, 0.00289944  
254, 2.18523, -5.45977, 180.089, 0.99805, 0.0590117, 0.0203482, -0.0588952, 0.998244, -0.00627459, -0.0206828, 0.00506394, 0.999773, 0.00295242  
255, 2.15067, -5.47612, 180.037, 0.998051, 0.0587991, 0.020923, -0.0586696, 0.998255, -0.00674785, -0.0212832, 0.00550715, 0.999758, 0.00296934  
256, 2.18989, -5.46048, 180.075, 0.998009, 0.0597511, 0.020189, -0.0596031, 0.998191, -0.00785515, -0.0206218, 0.00663618, 0.999765, 0.00312024  
257, 2.16785, -5.45442, 180.054, 0.998025, 0.0593626, 0.0205711, -0.0592392, 0.998222, -0.00655716, -0.0209238, 0.00532559, 0.999767, 0.00281789  
258, 2.14361, -5.49587, 180.044, 0.997997, 0.059848, 0.0204753, -0.0597185, 0.998192, -0.00687623, -0.0208498, 0.00563971, 0.999767, 0.00290638  
259, 2.19854, -5.47832, 180.061, 0.998016, 0.0593491, 0.0210226, -0.0591919, 0.998214, -0.00802474, -0.0214613, 0.00676446, 0.999747, 0.00290471  
260, 2.17739, -5.46701, 180.078, 0.998001, 0.0595042, 0.0212761, -0.0593725, 0.998213, -0.00676609, -0.0216407, 0.00548935, 0.999751, 0.00287753  
261, 2.19866, -5.43535, 180.089, 0.998028, 0.0593516, 0.0204569, -0.0592324, 0.998224, -0.00638268, -0.0207994, 0.00515838, 0.99977, 0.00315269  
262, 2.17383, -5.47752, 180.05, 0.998024, 0.0591365, 0.0212565, -0.0590142, 0.998237, -0.00633501, -0.0215937, 0.00506806, 0.999754, 0.00296074  
263, 2.14618, -5.44574, 180.076, 0.998042, 0.059239, 0.0200905, -0.059108, 0.998227, -0.00705257, -0.0204726, 0.00585125, 0.999773, 0.00289473  
264, 2.04489, -5.46981, 180.086, 0.998088, 0.0585277, 0.0198692, -0.0584155, 0.998273, -0.00617863, -0.0201965, 0.00500615, 0.999783, 0.0026964  
265, 2.02153, -5.40417, 180.11, 0.99814, 0.0579846, 0.0188096, -0.0578794, 0.998305, -0.00609191, -0.0191309, 0.00499189, 0.999805, 0.00295242  
266, 1.94956, -5.39167, 180.093, 0.998011, 0.0598067, 0.0199116, -0.0596639, 0.998189, -0.00769027, -0.0203355, 0.00648697, 0.999772, 0.00313466  
267, 1.92971, -5.40753, 180.1, 0.997956, 0.0609787, 0.0190906, -0.0608867, 0.99813, -0.00536481, -0.019382, 0.00419148, 0.999803, 0.00316656  
268, 1.95174, -5.42596, 180.118, 0.997949, 0.0606729, 0.0204281, -0.0605672, 0.998148, -0.00575578, -0.0207395, 0.0045067, 0.999775, 0.00294466  
269, 1.93831, -5.4209, 180.125, 0.997889, 0.0618416, 0.0198503, -0.0617446, 0.998077, -0.0054637, -0.02015, 0.00422652, 0.999788, 0.00307281  
270, 1.93779, -5.41768, 180.11, 0.997905, 0.0614268, 0.0202929, -0.0613297, 0.998103, -0.00537101, -0.0205843, 0.0041152, 0.99978, 0.00301289  
271, 1.99698, -5.38383, 180.131, 0.997917, 0.0613406, 0.0199852, -0.0612398, 0.998107, -0.00561839, -0.020292, 0.00438279, 0.999784, 0.00327668  
272, 1.98593, -5.39523, 180.136, 0.997951, 0.060747, 0.0200819, -0.0606381, 0.998142, -0.00598807, -0.0204083, 0.00475808, 0.99978, 0.00306643  
273, 1.99191, -5.37316, 180.136, 0.997949, 0.0610378, 0.0193102, -0.0609466, 0.998127, -0.00528147, -0.0195964, 0.00409374, 0.9998, 0.00301261  
274, 1.93752, -5.41702, 180.132, 0.997971, 0.0607991, 0.0188918, -0.0606909, 0.998137, -0.00624987, -0.0192366, 0.00509063, 0.999802, 0.00287919  
275, 1.92279, -5.41421, 180.109, 0.997968, 0.0605166, 0.0199562, -0.0604029, 0.998154, -0.0062534, -0.0202978, 0.00503528, 0.999781, 0.0029588  
