0, 0, 0, 0, 0, 0, 0, 0, 0, 0, 0, 0, 0, 0.0067356  
1, 9.03455, 11.2557, 179.877, 0.999046, 0.0435388, -0.0033577, -0.0436097, 0.998732, -0.0251565, 0.00225815, 0.0252789, 0.999678, 0.00308002  
2, 9.01428, 11.2926, 179.872, 0.999003, 0.0444257, -0.00436715, -0.0445228, 0.998684, -0.0254533, 0.00323062, 0.0256223, 0.999666, 0.00277462  
3, 9.03879, 11.2787, 179.872, 0.999074, 0.042898, -0.00332974, -0.042966, 0.998785, -0.0241473, 0.00228983, 0.024268, 0.999703, 0.0029785  
4, 9.04851, 11.2785, 179.867, 0.99902, 0.0441132, -0.00366853, -0.0441906, 0.998718, -0.0247077, 0.00257389, 0.0248456, 0.999688, 0.00299431  
5, 9.04403, 11.2799, 179.85, 0.999011, 0.0443181, -0.00371697, -0.0443969, 0.998706, -0.024822, 0.0026121, 0.0249624, 0.999685, 0.00289417  
6, 9.04224, 11.2925, 179.849, 0.999005, 0.0444744, -0.00320012, -0.0445399, 0.998704, -0.0246263, 0.00210073, 0.0247443, 0.999692, 0.00273329  
7, 9.04282, 11.277, 179.817, 0.998983, 0.0448913, -0.00414163, -0.0449829, 0.99866, -0.025607, 0.00298654, 0.0257673, 0.999664, 0.00269945  
8, 9.08807, 11.3013, 179.853, 0.999023, 0.0440708, -0.00336773, -0.0441404, 0.998724, -0.0245533, 0.00228135, 0.0246779, 0.999693, 0.00267061  
9, 9.03843, 11.2665, 179.858, 0.99901, 0.044401, -0.00280902, -0.044457, 0.998705, -0.0247277, 0.00170745, 0.0248281, 0.99969, 0.00363533  
10, 9.05288, 11.2749, 179.852, 0.999027, 0.043982, -0.00335793, -0.0440493, 0.99875, -0.0236426, 0.00231388, 0.0237675, 0.999715, 0.00272775  
11, 9.02211, 11.2702, 179.839, 0.998996, 0.0446193, -0.0039252, -0.0447048, 0.998678, -0.025375, 0.00278779, 0.025525, 0.99967, 0.00255189  
12, 9.04111, 11.2842, 179.871, 0.999037, 0.0437506, -0.00340313, -0.04382, 0.998749, -0.0240938, 0.00234476, 0.0242197, 0.999704, 0.00307281  
13, 9.01508, 11.2845, 179.873, 0.999025, 0.0440131, -0.00330762, -0.0440807, 0.998731, -0.0243389, 0.00223219, 0.024461, 0.999698, 0.00292746  
14, 9.01522, 11.2689, 179.865, 0.999025, 0.043935, -0.00426797, -0.0440281, 0.998719, -0.0249273, 0.00316732, 0.0250909, 0.99968, 0.00415209  
15, 9.03694, 11.2755, 179.835, 0.999029, 0.04384, -0.00430025, -0.0439327, 0.998733, -0.0245517, 0.00321845, 0.0247168, 0.999689, 0.00292413  
16, 9.03705, 11.2757, 179.842, 0.999011, 0.0442909, -0.00384684, -0.0443741, 0.998696, -0.0252614, 0.00272297, 0.0254071, 0.999673, 0.00284757  
17, 9.02812, 11.2835, 179.844, 0.999009, 0.0443777, -0.00352315, -0.0444521, 0.998698, -0.0250183, 0.00240831, 0.0251501, 0.999681, 0.00287531  
18, 9.05236, 11.2815, 179.866, 0.999053, 0.0433141, -0.00413524, -0.0434042, 0.998746, -0.0249653, 0.0030487, 0.0251211, 0.99968, 0.00310332  
19, 9.02514, 11.2625, 179.852, 0.999017, 0.0441916, -0.00348982, -0.0442653, 0.998706, -0.0250227, 0.00237952, 0.0251526, 0.999681, 0.00323535  
20, 9.01239, 11.2704, 179.838, 0.998989, 0.0448505, -0.0030748, -0.0449136, 0.998676, -0.0250664, 0.00194649, 0.0251792, 0.999681, 0.00282205  
21, 9.04951, 11.2875, 179.853, 0.999033, 0.0438228, -0.00358581, -0.0438978, 0.998735, -0.0245212, 0.00250668, 0.0246549, 0.999693, 0.00278378  
22, 9.05787, 11.2847, 179.863, 0.999028, 0.0439424, -0.0034136, -0.0440123, 0.998739, -0.0241635, 0.00234749, 0.0242903, 0.999702, 0.00278932  
23, 9.03063, 11.2638, 179.845, 0.999028, 0.0438617, -0.00449031, -0.0439617, 0.998712, -0.0253462, 0.0033728, 0.025519, 0.999669, 0.00296269  
24, 9.02979, 11.2875, 179.857, 0.999012, 0.0442899, -0.00376551, -0.0443709, 0.998697, -0.025197, 0.00264464, 0.0253391, 0.999675, 0.00292829  
25, 9.03735, 11.2958, 179.855, 0.999002, 0.0444881, -0.00400519, -0.0445744, 0.998695, -0.0249466, 0.00289014, 0.0251002, 0.999681, 0.00280319  
26, 9.03287, 11.2842, 179.846, 0.999007, 0.0443549, -0.00418305, -0.0444454, 0.998703, -0.0248373, 0.00307597, 0.0249986, 0.999683, 0.00295076  
27, 9.04067, 11.3038, 179.844, 0.999006, 0.0444017, -0.00391192, -0.0444866, 0.998691, -0.0252575, 0.00278532, 0.0254064, 0.999673, 0.00277934  
28, 9.02902, 11.2788, 179.838, 0.998994, 0.0447092, -0.00335691, -0.0447785, 0.998693, -0.0246484, 0.00225051, 0.024774, 0.999691, 0.0030079  
29, 9.06106, 11.3047, 179.866, 0.999032, 0.0438157, -0.00380698, -0.0438946, 0.998749, -0.0239611, 0.00275235, 0.024105, 0.999706, 0.00292247  
30, 9.05078, 11.2799, 179.866, 0.999032, 0.0438235, -0.00393309, -0.0439083, 0.998723, -0.0249876, 0.00283302, 0.0251361, 0.99968, 0.00281845  
31, 9.06071, 11.3021, 179.852, 0.999021, 0.0440333, -0.00433213, -0.0441252, 0.998735, -0.0241029, 0.00326533, 0.0242704, 0.9997, 0.00288419  
32, 9.05814, 11.2812, 179.84, 0.999007, 0.0444246, -0.00337268, -0.044495, 0.998699, -0.0249283, 0.00226086, 0.0250536, 0.999684, 0.00281651  
33, 9.06277, 11.2912, 179.864, 0.999012, 0.0442191, -0.00448457, -0.0443181, 0.998702, -0.0251103, 0.00336839, 0.0252842, 0.999675, 0.0029821  
34, 9.04284, 11.2767, 179.852, 0.999009, 0.0443255, -0.00406126, -0.0444147, 0.998689, -0.025435, 0.00292853, 0.0255901, 0.999668, 0.00315047  
35, 9.05637, 11.2815, 179.873, 0.999024, 0.0440616, -0.00322723, -0.0441267, 0.998736, -0.0240731, 0.00216245, 0.024192, 0.999705, 0.00295686  
36, 9.03961, 11.2803, 179.864, 0.999037, 0.0437387, -0.00348328, -0.0438123, 0.998727, -0.0249942, 0.00238563, 0.0251227, 0.999682, 0.00276464  
37, 9.02552, 11.2889, 179.857, 0.998985, 0.044838, -0.00422479, -0.0449318, 0.998662, -0.025591, 0.00307169, 0.0257549, 0.999664, 0.00288835  
38, 9.02238, 11.2675, 179.865, 0.999009, 0.0443399, -0.00375425, -0.0444195, 0.998706, -0.0247558, 0.00265172, 0.0248981, 0.999686, 0.00286921  
39, 9.0551, 11.2655, 179.87, 0.99905, 0.0434138, -0.00370468, -0.0434946, 0.998726, -0.0255814, 0.00258938, 0.0257182, 0.999666, 0.00291442  
40, 9.04594, 11.2894, 179.864, 0.999044, 0.0435358, -0.0040767, -0.0436239, 0.998739, -0.0248638, 0.00298909, 0.0250179, 0.999683, 0.00282205  
41, 9.03058, 11.2795, 179.844, 0.999015, 0.0441452, -0.00449654, -0.0442457, 0.998697, -0.0254409, 0.00336759, 0.0256148, 0.999666, 0.00276491  
42, 9.03939, 11.2792, 179.833, 0.99902, 0.0440936, -0.00390789, -0.0441789, 0.9987, -0.0254144, 0.0027822, 0.0255621, 0.999669, 0.00283454  
43, 9.00362, 11.2646, 179.84, 0.999014, 0.0442325, -0.00391782, -0.0443181, 0.998693, -0.0254699, 0.0027861, 0.0256184, 0.999668, 0.00309  
44, 9.06122, 11.2735, 179.847, 0.999037, 0.0437079, -0.0037202, -0.0437855, 0.998746, -0.0242726, 0.00265463, 0.0244122, 0.999698, 0.00289306  
45, 9.03297, 11.2688, 179.85, 0.999022, 0.0440794, -0.00341183, -0.0441512, 0.998711, -0.0250427, 0.00230356, 0.0251688, 0.999681, 0.00280791  
46, 9.03154, 11.2923, 179.844, 0.99902, 0.044036, -0.00437663, -0.0441326, 0.998708, -0.0251919, 0.00326162, 0.0253604, 0.999673, 0.00292968  
47, 9.0333, 11.2856, 179.845, 0.999018, 0.0441204, -0.00396281, -0.0442071, 0.998699, -0.025428, 0.00283576, 0.0255782, 0.999669, 0.00284841  
48, 9.03104, 11.2704, 179.853, 0.999006, 0.0444008, -0.00404148, -0.0444887, 0.998693, -0.0251516, 0.00291945, 0.0253064, 0.999675, 0.00309666  
49, 8.99688, 11.2595, 179.849, 0.999016, 0.0443013, -0.0021958, -0.0443416, 0.998721, -0.0242762, 0.00111753, 0.0243497, 0.999703, 0.00292912  
50, 9.03433, 11.2499, 179.836, 0.999025, 0.0440002, -0.00356842, -0.044077, 0.998704, -0.0254578, 0.00244364, 0.0255903, 0.99967, 0.00280929  
51, 9.03062, 11.262, 179.832, 0.998987, 0.0448544, -0.003689, -0.0449336, 0.998669, -0.0253065, 0.00254898, 0.0254467, 0.999673, 0.0029699  
52, 9.034, 11.2601, 179.842, 0.999005, 0.0443739, -0.00448532, -0.0444771, 0.998662, -0.0263682, 0.00330926, 0.0265415, 0.999642, 0.00310775  
53, 9.00648, 11.2776, 179.827, 0.999026, 0.0439884, -0.00361107, -0.0440638, 0.998729, -0.0244645, 0.00253033, 0.0245998, 0.999694, 0.00305894  
54, 9.04647, 11.2885, 179.836, 0.999003, 0.0444378, -0.0041912, -0.0445313, 0.998676, -0.0257498, 0.00304139, 0.0259108, 0.99966, 0.00305311  
55, 9.03386, 11.2864, 179.864, 0.999029, 0.0438664, -0.00411487, -0.0439543, 0.998734, -0.0244621, 0.0030366, 0.0246192, 0.999692, 0.00280153  
56, 9.03744, 11.2725, 179.832, 0.999007, 0.0443468, -0.00419384, -0.0444409, 0.998676, -0.025908, 0.00303935, 0.0260687, 0.999656, 0.00277462  
57, 9.02579, 11.2649, 179.848, 0.999011, 0.0441888, -0.00489456, -0.0442966, 0.998713, -0.0246907, 0.0037972, 0.0248831, 0.999683, 0.00291276  
58, 9.0508, 11.2816, 179.858, 0.999035, 0.0437704, -0.00352707, -0.0438449, 0.998727, -0.0249262, 0.00243155, 0.0250568, 0.999683, 0.00298099  
59, 9.05577, 11.2761, 179.858, 0.999025, 0.0439589, -0.0041959, -0.04405, 0.998719, -0.0248971, 0.00309608, 0.0250576, 0.999681, 0.00298488  
60, 9.05031, 11.2982, 179.841, 0.999007, 0.0443767, -0.00398776, -0.0444648, 0.99868, -0.0257184, 0.0028412, 0.0258702, 0.999661, 0.00301012  
61, 9.05653, 11.3003, 179.85, 0.999029, 0.0438764, -0.00397554, -0.0439625, 0.998719, -0.0250519, 0.00287126, 0.0252024, 0.999678, 0.00289778  
62, 9.03458, 11.2612, 179.844, 0.99899, 0.044708, -0.00458113, -0.0448087, 0.998684, -0.0249413, 0.00346002, 0.0251214, 0.999678, 0.00289168  
63, 9.03993, 11.267, 179.85, 0.999011, 0.0442787, -0.00412054, -0.0443692, 0.998693, -0.0253602, 0.00299224, 0.0255179, 0.99967, 0.0036786  
64, 9.02632, 11.2866, 179.82, 0.999012, 0.0442785, -0.00392513, -0.0443622, 0.998711, -0.0246841, 0.00282709, 0.0248338, 0.999688, 0.00285839  
65, 9.04259, 11.2756, 179.842, 0.999007, 0.0443512, -0.00430965, -0.0444487, 0.998672, -0.0260437, 0.00314886, 0.0262093, 0.999652, 0.00279903  
66, 9.0387, 11.2692, 179.84, 0.999016, 0.0441874, -0.00393526, -0.0442718, 0.998711, -0.0248442, 0.00283239, 0.0249939, 0.999684, 0.00277684  
67, 9.06909, 11.2899, 179.863, 0.999029, 0.043945, -0.00320129, -0.0440088, 0.998749, -0.0237543, 0.0021534, 0.0238721, 0.999713, 0.0028742  
68, 9.06527, 11.2847, 179.845, 0.99902, 0.0440773, -0.00406776, -0.0441653, 0.998713, -0.0249457, 0.00296299, 0.0251009, 0.999681, 0.0032764  
69, 9.05654, 11.2768, 179.855, 0.999004, 0.0444634, -0.00378769, -0.0445438, 0.9987, -0.0247642, 0.00268167, 0.0249083, 0.999686, 0.00283565  
70, 9.06279, 11.3014, 179.859, 0.999023, 0.0440213, -0.00397338, -0.0441069, 0.998716, -0.0249143, 0.00287152, 0.0250652, 0.999682, 0.00279154  
71, 9.05965, 11.2679, 179.865, 0.999016, 0.0441844, -0.00384752, -0.0442666, 0.998711, -0.0248354, 0.00274523, 0.0249813, 0.999684, 0.0027749  
72, 9.04818, 11.2902, 179.855, 0.999037, 0.0436375, -0.00457836, -0.04374, 0.99872, -0.0253844, 0.00346479, 0.0255602, 0.999667, 0.00283925  
73, 9.04015, 11.3018, 179.857, 0.999028, 0.0438793, -0.00413008, -0.0439698, 0.998715, -0.0252017, 0.00301895, 0.0253588, 0.999674, 0.00290582  
74, 9.0619, 11.2808, 179.86, 0.999027, 0.0439225, -0.00400565, -0.0440101, 0.99871, -0.0253275, 0.00288804, 0.0254792, 0.999671, 0.0028448  
75, 9.06222, 11.2921, 179.844, 0.999044, 0.0435715, -0.00358955, -0.0436468, 0.998744, -0.0245937, 0.00251345, 0.0247269, 0.999691, 0.00278516  
76, 9.04249, 11.2891, 179.845, 0.999015, 0.044221, -0.00377217, -0.0443023, 0.9987, -0.0252167, 0.00265216, 0.025359, 0.999675, 0.00279765  
77, 9.04696, 11.2874, 179.851, 0.99901, 0.0442659, -0.00430726, -0.0443623, 0.998685, -0.0257006, 0.00316394, 0.0258662, 0.99966, 0.00282954  
78, 9.05082, 11.3003, 179.857, 0.999012, 0.0442528, -0.00418299, -0.0443449, 0.998695, -0.0253331, 0.00305647, 0.0254935, 0.99967, 0.00291803  
79, 9.0581, 11.2878, 179.868, 0.999033, 0.043821, -0.00353418, -0.0438929, 0.998752, -0.02381, 0.0024864, 0.0239421, 0.99971, 0.00291609  
80, 9.05082, 11.3013, 179.847, 0.999045, 0.0435071, -0.00402117, -0.0435934, 0.998745, -0.0246763, 0.00294253, 0.0248281, 0.999687, 0.00287698  
81, 9.06862, 11.3027, 179.847, 0.999025, 0.0438877, -0.00473471, -0.0439947, 0.998705, -0.0255393, 0.00360772, 0.0257227, 0.999663, 0.00281373  
82, 9.03065, 11.2777, 179.861, 0.999026, 0.0439296, -0.00418837, -0.0440215, 0.998713, -0.0252041, 0.00307577, 0.025364, 0.999674, 0.00286616  
83, 9.05805, 11.2873, 179.851, 0.999009, 0.0443463, -0.00375111, -0.044426, 0.998705, -0.0248115, 0.00264595, 0.0249535, 0.999685, 0.00297323  
84, 9.04143, 11.2789, 179.854, 0.999021, 0.0440619, -0.00395228, -0.0441476, 0.998708, -0.0251474, 0.00283913, 0.0252972, 0.999676, 0.00288502  
85, 9.03929, 11.2666, 179.851, 0.999003, 0.0445119, -0.00349637, -0.0445839, 0.99871, -0.0243226, 0.00240921, 0.0244542, 0.999698, 0.00291109  
86, 9.02452, 11.3063, 179.85, 0.99902, 0.0440508, -0.0042777, -0.0441443, 0.998712, -0.0250199, 0.00317004, 0.0251842, 0.999678, 0.00290277  
87, 9.02231, 11.2684, 179.842, 0.998999, 0.0445974, -0.00359543, -0.0446736, 0.998688, -0.0250437, 0.00247383, 0.0251793, 0.99968, 0.00288973  
88, 9.06629, 11.2855, 179.865, 0.999032, 0.0439094, -0.00280801, -0.0439634, 0.998756, -0.0235176, 0.00177188, 0.0236182, 0.999719, 0.00336183  
89, 9.02712, 11.2848, 179.859, 0.99902, 0.0440577, -0.00430616, -0.0441521, 0.99871, -0.0250602, 0.00319651, 0.0252258, 0.999677, 0.00284702  
90, 9.05241, 11.2702, 179.846, 0.998984, 0.0449218, -0.00356887, -0.0449981, 0.998665, -0.0253689, 0.00242449, 0.0255037, 0.999672, 0.00294327  
91, 9.02784, 11.2669, 179.858, 0.998993, 0.044747, -0.00332009, -0.0448145, 0.998702, -0.0242105, 0.00223243, 0.0243349, 0.999701, 0.00286782  
92, 9.06549, 11.2622, 179.865, 0.999042, 0.0436375, -0.00340415, -0.0437078, 0.998746, -0.0244252, 0.00233402, 0.0245506, 0.999696, 0.0028681  
93, 9.07332, 11.2659, 179.874, 0.999042, 0.0436413, -0.00331309, -0.0437077, 0.998764, -0.0236808, 0.00227553, 0.0238029, 0.999714, 0.00296102  
94, 9.0408, 11.2613, 179.857, 0.999046, 0.0435699, -0.00309108, -0.0436336, 0.998737, -0.0249174, 0.00200153, 0.0250285, 0.999685, 0.00295852  
95, 9.0477, 11.2745, 179.858, 0.999018, 0.0441595, -0.00347395, -0.0442298, 0.998739, -0.0237383, 0.0024213, 0.0238687, 0.999712, 0.00282843  
96, 9.01713, 11.2663, 179.846, 0.999014, 0.044255, -0.00355881, -0.0443304, 0.998703, -0.0250544, 0.00244542, 0.0251874, 0.99968, 0.00277185  
97, 9.0292, 11.2859, 179.848, 0.999019, 0.0441098, -0.00385438, -0.0441925, 0.998711, -0.0249788, 0.0027476, 0.0251246, 0.999681, 0.00288419  
98, 9.04259, 11.2808, 179.848, 0.999036, 0.0437393, -0.0036789, -0.0438168, 0.998736, -0.024645, 0.0025963, 0.0247825, 0.999689, 0.00292496  
99, 9.02191, 11.2777, 179.854, 0.998993, 0.0446777, -0.004104, -0.0447662, 0.998688, -0.0248643, 0.00298774, 0.0250229, 0.999682, 0.00297267  
100, 9.03386, 11.2981, 179.848, 0.999016, 0.0442001, -0.00374485, -0.0442805, 0.998702, -0.0251675, 0.00262758, 0.0253086, 0.999676, 0.00281956  
101, 9.07797, 11.286, 179.87, 0.999038, 0.0437636, -0.00269829, -0.043815, 0.998763, -0.0235081, 0.00166615, 0.0236037, 0.99972, 0.00290111  
102, 9.04792, 11.2774, 179.86, 0.999012, 0.0443019, -0.00340178, -0.0443726, 0.99871, -0.0246899, 0.00230359, 0.0248165, 0.999689, 0.00289861  
103, 9.01978, 11.2882, 179.845, 0.999006, 0.0444519, -0.00320844, -0.0445175, 0.998706, -0.0246006, 0.00211075, 0.024719, 0.999692, 0.0030115  
104, 9.02788, 11.2718, 179.856, 0.999004, 0.0445445, -0.0027856, -0.0445998, 0.9987, -0.0246862, 0.00168234, 0.0247859, 0.999691, 0.00279875  
105, 9.04764, 11.2749, 179.849, 0.999006, 0.0444126, -0.00385019, -0.0444937, 0.998711, -0.0244381, 0.00275987, 0.0245851, 0.999694, 0.00283121  
106, 9.04717, 11.2812, 179.858, 0.999049, 0.0434924, -0.00318855, -0.0435569, 0.99876, -0.0241192, 0.00213559, 0.0242351, 0.999704, 0.00273024  
107, 9.03339, 11.2804, 179.857, 0.999027, 0.0439971, -0.00299512, -0.0440575, 0.998727, -0.0245587, 0.0019108, 0.0246667, 0.999694, 0.00283204  
108, 9.02945, 11.2915, 179.858, 0.999038, 0.0436623, -0.00405894, -0.0437498, 0.998734, -0.0248213, 0.00297005, 0.024975, 0.999684, 0.00292247  
109, 9.02868, 11.2906, 179.846, 0.999011, 0.0443274, -0.0033408, -0.044395, 0.998726, -0.0240018, 0.00227261, 0.0241264, 0.999706, 0.00303064  
110, 9.04334, 11.2594, 179.856, 0.999016, 0.0442085, -0.00343627, -0.0442798, 0.998717, -0.0245558, 0.00234629, 0.0246838, 0.999693, 0.00288724  
111, 9.05111, 11.2669, 179.868, 0.999037, 0.0437939, -0.00251467, -0.0438409, 0.998763, -0.0234429, 0.0014849, 0.0235305, 0.999722, 0.00289251  
112, 9.05366, 11.2694, 179.856, 0.999049, 0.0434268, -0.00388596, -0.04351, 0.998745, -0.0248111, 0.00280362, 0.0249566, 0.999685, 0.00278988  
113, 9.04494, 11.2804, 179.859, 0.999007, 0.0444376, -0.00309013, -0.0445, 0.99871, -0.0244372, 0.00200021, 0.0245504, 0.999697, 0.00300096  
114, 9.05606, 11.288, 179.853, 0.999005, 0.0444348, -0.00372518, -0.0445137, 0.998701, -0.0247784, 0.00261932, 0.0249196, 0.999686, 0.00284702  
115, 9.04625, 11.2877, 179.839, 0.999007, 0.0443834, -0.00390508, -0.0444675, 0.998697, -0.0250337, 0.00278891, 0.0251825, 0.999679, 0.00281928  
116, 9.03898, 11.2549, 179.848, 0.999019, 0.0441569, -0.00338886, -0.0442281, 0.998707, -0.025055, 0.00227813, 0.0251803, 0.99968, 0.00272636  
117, 9.0372, 11.2901, 179.852, 0.999016, 0.044147, -0.00418483, -0.0442391, 0.9987, -0.025341, 0.00306066, 0.0255012, 0.99967, 0.00278877  
118, 9.0434, 11.2941, 179.86, 0.999027, 0.0439499, -0.00365828, -0.0440271, 0.998724, -0.0247247, 0.00256696, 0.0248617, 0.999688, 0.0029441  
119, 9.05748, 11.2951, 179.859, 0.999017, 0.0441265, -0.00429106, -0.0442198, 0.998712, -0.0248696, 0.00318812, 0.0250349, 0.999681, 0.00281373  
120, 9.0451, 11.2677, 179.862, 0.999032, 0.0437935, -0.00417142, -0.0438843, 0.998725, -0.0249641, 0.00307283, 0.025123, 0.99968, 0.00282178  
121, 9.02351, 11.3053, 179.858, 0.999026, 0.0439382, -0.00414561, -0.0440287, 0.998715, -0.025088, 0.00303796, 0.0252461, 0.999677, 0.00274966  
122, 9.05335, 11.2818, 179.848, 0.999005, 0.0444643, -0.00350656, -0.0445364, 0.998713, -0.0242509, 0.00242375, 0.024383, 0.9997, 0.00279848  
123, 9.03567, 11.2726, 179.86, 0.999022, 0.0440707, -0.00354, -0.0441442, 0.998726, -0.0244381, 0.00245848, 0.0245705, 0.999695, 0.0029441  
124, 9.03788, 11.2784, 179.851, 0.998985, 0.0448637, -0.00398211, -0.044949, 0.99868, -0.0248429, 0.00286232, 0.0249966, 0.999683, 0.00304618  
125, 9.50738, 11.3524, 179.863, 0.99135, -0.114967, -0.0633041, -0.113506, -0.993191, 0.0262158, -0.065887, -0.0188036, -0.99765, 0.00281429  
126, 9.4849, 11.356, 179.845, 0.991316, -0.114355, -0.0649309, -0.112969, -0.993293, 0.0246469, -0.067314, -0.0170977, -0.997585, 0.00295797  
127, 9.04678, 11.2809, 179.843, 0.998993, 0.0447563, -0.00302584, -0.0448189, 0.998672, -0.0254107, 0.00188453, 0.0255208, 0.999673, 0.00294687  
128, 9.03687, 11.2812, 179.849, 0.99901, 0.0442778, -0.00432772, -0.0443742, 0.998689, -0.0255292, 0.00319167, 0.0256959, 0.999665, 0.00320068  
129, 9.04947, 11.2752, 179.87, 0.999031, 0.0438567, -0.00372651, -0.0439352, 0.998733, -0.0245413, 0.00264549, 0.0246812, 0.999692, 0.00281984  
130, 9.02928, 11.263, 179.84, 0.999002, 0.0445133, -0.00355603, -0.0445881, 0.998697, -0.0248414, 0.00244562, 0.0249752, 0.999685, 0.00281512  
131, 9.06025, 11.2839, 179.861, 0.999046, 0.0435464, -0.00323818, -0.0436113, 0.998765, -0.0238199, 0.00219691, 0.0239384, 0.999711, 0.00280735  
132, 9.07249, 11.2672, 179.882, 0.999037, 0.0437158, -0.00387309, -0.0437961, 0.998755, -0.0238967, 0.0028236, 0.0240433, 0.999707, 0.00280735  
133, 9.05596, 11.269, 179.855, 0.999009, 0.0443329, -0.00406476, -0.0444191, 0.998716, -0.0243683, 0.00297922, 0.0245247, 0.999695, 0.00302149  
134, 9.06363, 11.279, 179.862, 0.999036, 0.0437683, -0.00334156, -0.0438362, 0.998749, -0.0240484, 0.00228482, 0.0241717, 0.999705, 0.00313688  
135, 9.03929, 11.2709, 179.857, 0.999003, 0.0445318, -0.00307464, -0.0445933, 0.998711, -0.0242353, 0.00199144, 0.0243482, 0.999702, 0.00280375  
136, 9.04451, 11.2965, 179.85, 0.998993, 0.0446597, -0.00439379, -0.0447599, 0.998654, -0.0262148, 0.00321712, 0.0263851, 0.999647, 0.00277351  
137, 9.05277, 11.2803, 179.844, 0.999027, 0.0439202, -0.00405692, -0.0440083, 0.998717, -0.0250619, 0.002951, 0.025216, 0.999678, 0.00279654  
138, 9.05704, 11.2883, 179.863, 0.999015, 0.0442192, -0.00372757, -0.0442981, 0.998711, -0.0247657, 0.00262765, 0.0249064, 0.999686, 0.00294577  
139, 9.04085, 11.2834, 179.843, 0.998996, 0.0446513, -0.00370966, -0.0447318, 0.998671, -0.0255952, 0.00256187, 0.0257354, 0.999666, 0.00300069  
140, 9.00645, 11.2761, 179.859, 0.998991, 0.044812, -0.00305272, -0.0448733, 0.998694, -0.0244444, 0.00195333, 0.0245567, 0.999697, 0.00281706  
141, 9.04861, 11.2603, 179.871, 0.999029, 0.0438723, -0.00409972, -0.0439626, 0.99871, -0.0254062, 0.00297981, 0.0255617, 0.999669, 0.00277074  
142, 9.04025, 11.2574, 179.844, 0.999005, 0.0444775, -0.00318297, -0.0445422, 0.998708, -0.0244491, 0.00209142, 0.0245665, 0.999696, 0.00299015  
143, 9.03807, 11.2668, 179.869, 0.999001, 0.0445311, -0.0037274, -0.0446119, 0.998679, -0.0255066, 0.00258664, 0.0256474, 0.999668, 0.00294355  
144, 9.05809, 11.2762, 179.863, 0.999021, 0.044076, -0.00388355, -0.0441577, 0.998729, -0.0243056, 0.00280732, 0.0244533, 0.999697, 0.00299292  
145, 9.04221, 11.2845, 179.847, 0.999005, 0.0443658, -0.00455873, -0.0444678, 0.998686, -0.0254541, 0.00342345, 0.0256315, 0.999666, 0.00282843  
146, 9.05688, 11.2765, 179.853, 0.999011, 0.0443364, -0.00341855, -0.0444071, 0.998712, -0.0245294, 0.00232661, 0.0246569, 0.999693, 0.00278489  
147, 9.06253, 11.2873, 179.862, 0.999014, 0.0442015, -0.00412519, -0.0442912, 0.998705, -0.0250278, 0.00301358, 0.0251858, 0.999678, 0.00279071  
148, 9.04541, 11.2865, 179.866, 0.999015, 0.0441616, -0.00426315, -0.0442531, 0.99872, -0.0245114, 0.00317523, 0.024676, 0.99969, 0.00288058  
149, 9.03337, 11.2845, 179.852, 0.999028, 0.043875, -0.0042496, -0.043968, 0.998719, -0.0250549, 0.00314488, 0.0252174, 0.999677, 0.00292885  
150, 9.044, 11.2691, 179.838, 0.999008, 0.0443221, -0.00434793, -0.0444187, 0.998689, -0.0254554, 0.00321399, 0.0256233, 0.999667, 0.00280624  
151, 9.04772, 11.2682, 179.847, 0.999026, 0.0439989, -0.00330994, -0.0440659, 0.99874, -0.0240219, 0.00224883, 0.0241444, 0.999706, 0.00268642  
152, 9.05155, 11.2725, 179.872, 0.999027, 0.0439795, -0.00320403, -0.0440442, 0.998737, -0.0241671, 0.00213713, 0.0242847, 0.999703, 0.00284702  
153, 9.03446, 11.2777, 179.834, 0.999012, 0.0442998, -0.00354676, -0.0443733, 0.998718, -0.0243631, 0.00246293, 0.0244964, 0.999697, 0.00294798  
154, 9.04179, 11.2608, 179.856, 0.999025, 0.0439787, -0.00380425, -0.0440596, 0.998722, -0.024769, 0.00271007, 0.0249125, 0.999686, 0.00296241  
155, 9.05435, 11.2785, 179.862, 0.999024, 0.0440188, -0.0037044, -0.0440972, 0.998721, -0.0247333, 0.00261093, 0.0248725, 0.999687, 0.00287115  
156, 9.03879, 11.2775, 179.87, 0.999002, 0.0444772, -0.00416623, -0.0445658, 0.998709, -0.0243662, 0.00307711, 0.0245276, 0.999694, 0.00286644  
157, 9.03755, 11.2709, 179.869, 0.999021, 0.0440925, -0.00352333, -0.0441691, 0.998689, -0.0258531, 0.00237878, 0.0259834, 0.99966, 0.00292219  
158, 9.036, 11.2718, 179.857, 0.999016, 0.0441794, -0.00385811, -0.0442621, 0.998709, -0.0249045, 0.00275286, 0.0250508, 0.999682, 0.00306421  
159, 9.04608, 11.2863, 179.866, 0.999033, 0.0438428, -0.00331055, -0.0439095, 0.99875, -0.0238781, 0.00225953, 0.0240003, 0.999709, 0.00279903  
160, 9.04822, 11.2634, 179.852, 0.999023, 0.0439922, -0.00424562, -0.0440864, 0.998703, -0.025472, 0.00311954, 0.0256342, 0.999667, 0.00292441  
161, 9.04965, 11.2844, 179.857, 0.999004, 0.0444497, -0.00387985, -0.0445319, 0.998706, -0.024561, 0.0027831, 0.0247093, 0.999691, 0.00285118  
162, 9.02746, 11.2929, 179.854, 0.999012, 0.0442958, -0.00370653, -0.0443747, 0.998703, -0.0249674, 0.00259578, 0.0251072, 0.999681, 0.0029416  
163, 9.04942, 11.2741, 179.856, 0.999003, 0.0444881, -0.00360682, -0.0445622, 0.998717, -0.0240416, 0.00253262, 0.0241784, 0.999704, 0.0031513  
164, 9.02999, 11.2718, 179.849, 0.998994, 0.0446623, -0.00396037, -0.0447453, 0.998706, -0.0241725, 0.00287564, 0.0243254, 0.9997, 0.00269169  
165, 9.04351, 11.2931, 179.85, 0.999029, 0.0438953, -0.0038849, -0.043979, 0.99872, -0.0250014, 0.00278248, 0.025148, 0.99968, 0.00284868  
166, 9.03864, 11.274, 179.866, 0.999034, 0.043782, -0.0036764, -0.0438582, 0.998746, -0.024133, 0.0026152, 0.0242709, 0.999702, 0.00288225  
167, 9.03578, 11.2761, 179.841, 0.998992, 0.0447201, -0.0039184, -0.0448057, 0.99867, -0.0255219, 0.00277184, 0.0256718, 0.999667, 0.00301539  
168, 9.04114, 11.2752, 179.852, 0.999017, 0.0442117, -0.00320552, -0.0442761, 0.99873, -0.0240526, 0.00213804, 0.0241708, 0.999706, 0.00292413  
169, 9.05329, 11.2669, 179.855, 0.999002, 0.0445417, -0.00339059, -0.0446114, 0.998706, -0.0243984, 0.00229945, 0.0245253, 0.999697, 0.00289778  
170, 9.04792, 11.2765, 179.874, 0.999044, 0.0436006, -0.00330854, -0.0436685, 0.998748, -0.024391, 0.00224094, 0.0245122, 0.999697, 0.00290721  
171, 9.01902, 11.2723, 179.837, 0.998985, 0.0448995, -0.00357942, -0.0449747, 0.99868, -0.0248029, 0.00246106, 0.0249387, 0.999686, 0.00286893  
172, 9.12153, 11.1593, 179.934, 0.999064, 0.0431715, -0.00269709, -0.0432255, 0.998753, -0.0249867, 0.00161501, 0.0250799, 0.999684, 0.00294382  
173, 9.12308, 11.1008, 180.009, 0.999152, 0.0411321, -0.00167436, -0.0411624, 0.998784, -0.0271483, 0.000555656, 0.0271942, 0.99963, 0.00296296  
174, 9.14813, 11.0819, 180.001, 0.999119, 0.0418477, -0.00319815, -0.0419202, 0.998739, -0.0276283, 0.00203794, 0.027738, 0.999613, 0.00299403  
175, 8.90001, 11.2798, 179.917, 0.99918, 0.0404936, -0.000249746, -0.0404849, 0.998796, -0.0277221, -0.00087312, 0.0277094, 0.999616, 0.00282094  
176, 8.89051, 11.2717, 179.908, 0.999163, 0.0409146, -1.6408e-005, -0.0408995, 0.998784, -0.027522, -0.00110966, 0.0274996, 0.999621, 0.00286172  
177, 8.8857, 11.2761, 179.903, 0.999168, 0.040782, -0.00083465, -0.0407891, 0.998751, -0.0288612, -0.000343411, 0.0288712, 0.999583, 0.00295215  
178, 8.87913, 11.2723, 179.902, 0.999152, 0.0411687, 0.000133048, -0.0411486, 0.998756, -0.0281604, -0.00129221, 0.0281311, 0.999603, 0.00287531  
179, 8.8746, 11.2709, 179.905, 0.999163, 0.0409044, 0.000156385, -0.0408835, 0.998762, -0.0283253, -0.00131482, 0.0282952, 0.999599, 0.00293051  
180, 8.90111, 11.2701, 179.931, 0.999139, 0.0414868, 0.00063345, -0.0414529, 0.99875, -0.0279438, -0.00179196, 0.0278935, 0.999609, 0.00289695  
181, 8.86128, 11.2654, 179.904, 0.999138, 0.0415189, 0.000205985, -0.0414969, 0.998747, -0.0279648, -0.00136679, 0.0279321, 0.999609, 0.00292219  
182, 8.89584, 11.2618, 179.912, 0.99915, 0.0412316, 7.96183e-005, -0.041213, 0.998752, -0.0282025, -0.00124235, 0.0281752, 0.999602, 0.00298238  
183, 8.87322, 11.2921, 179.885, 0.99917, 0.0407378, 0.000537493, -0.0407053, 0.998754, -0.0288837, -0.00171348, 0.0288378, 0.999583, 0.00289944  
184, 8.89595, 11.2917, 179.905, 0.999164, 0.0408653, -0.00119155, -0.0408827, 0.99873, -0.0294545, -1.36351e-005, 0.0294786, 0.999565, 0.00291886  
185, 8.86823, 11.2652, 179.906, 0.999151, 0.0411889, -0.00016365, -0.0411763, 0.99873, -0.0290478, -0.001033, 0.0290299, 0.999578, 0.00287836  
186, 8.89407, 11.289, 179.878, 0.999146, 0.0413118, -3.63653e-006, -0.0412947, 0.99873, -0.0288634, -0.00118876, 0.0288389, 0.999583, 0.00287087  
187, 8.87394, 11.2695, 179.914, 0.999137, 0.0415479, 9.34081e-005, -0.0415287, 0.998737, -0.0282829, -0.00126838, 0.0282546, 0.9996, 0.00311691  
188, 8.87703, 11.265, 179.89, 0.999124, 0.0418367, 0.000114571, -0.0418175, 0.998742, -0.0276837, -0.00127262, 0.0276547, 0.999617, 0.0030398  
189, 8.89325, 11.2802, 179.908, 0.999153, 0.0411525, -0.000314875, -0.0411456, 0.998775, -0.0275006, -0.000817229, 0.0274903, 0.999622, 0.0028129  
190, 8.89986, 11.2972, 179.902, 0.999154, 0.0411278, -0.000646634, -0.0411299, 0.998769, -0.027739, -0.000495006, 0.0277421, 0.999615, 0.0028656  
191, 8.86788, 11.2849, 179.895, 0.999164, 0.0408833, 9.85173e-005, -0.040865, 0.998783, -0.0276094, -0.00122716, 0.0275823, 0.999619, 0.00290055  
192, 8.91625, 11.2893, 179.913, 0.999196, 0.0400948, -0.000524838, -0.0400938, 0.998805, -0.0279423, -0.000596132, 0.0279409, 0.999609, 0.00310027  
193, 8.87115, 11.2954, 179.885, 0.999124, 0.0418421, -0.00088804, -0.0418502, 0.9987, -0.0290873, -0.000330188, 0.029099, 0.999576, 0.00300873  
194, 8.87665, 11.2959, 179.893, 0.999178, 0.0405369, -0.000713676, -0.0405404, 0.998747, -0.0293385, -0.000476509, 0.0293433, 0.999569, 0.00282732  
195, 8.89015, 11.2868, 179.907, 0.999194, 0.0401456, -0.000643246, -0.0401474, 0.998774, -0.0289667, -0.000520428, 0.0289692, 0.99958, 0.00289944  
196, 8.89222, 11.2843, 179.925, 0.99917, 0.0407364, -0.000353015, -0.0407301, 0.998769, -0.0283138, -0.000800823, 0.0283047, 0.999599, 0.00287753  
197, 8.88536, 11.2742, 179.904, 0.999148, 0.0412713, -0.000790314, -0.0412768, 0.998725, -0.0290623, -0.000410134, 0.0290702, 0.999577, 0.00321011  
198, 8.91089, 11.2861, 179.896, 0.999158, 0.0410238, -0.000598254, -0.0410234, 0.998715, -0.0297722, -0.000623882, 0.0297716, 0.999557, 0.00295742  
199, 8.87368, 11.2799, 179.869, 0.999142, 0.0414085, -0.000235913, -0.0413979, 0.998721, -0.0290246, -0.000966251, 0.0290094, 0.999579, 0.00291997  
200, 8.90215, 11.3056, 179.897, 0.999157, 0.041035, -0.00100204, -0.0410468, 0.998727, -0.0293254, -0.000202604, 0.0293418, 0.999569, 0.00271415  
201, 8.89056, 11.2877, 179.899, 0.999147, 0.0412877, -0.000437222, -0.0412833, 0.998741, -0.028507, -0.000740315, 0.0285007, 0.999593, 0.00277851  
202, 8.88386, 11.2914, 179.912, 0.999168, 0.0407914, -0.000602782, -0.0407915, 0.998735, -0.0294068, -0.000597527, 0.0294069, 0.999567, 0.0029649  
203, 8.87477, 11.2977, 179.891, 0.999141, 0.0414458, -0.000520977, -0.0414435, 0.998719, -0.029047, -0.000683566, 0.0290436, 0.999578, 0.00301206  
204, 8.88627, 11.3075, 179.902, 0.999159, 0.0409964, -0.000271564, -0.0409873, 0.99875, -0.0286033, -0.000901405, 0.0285904, 0.999591, 0.00297267  
205, 8.91795, 11.2602, 179.916, 0.999164, 0.0408781, -0.000748716, -0.0408828, 0.998754, -0.0286085, -0.000421676, 0.0286151, 0.99959, 0.00276991  
206, 8.88623, 11.2971, 179.884, 0.999154, 0.0411267, -0.000810636, -0.0411331, 0.998741, -0.028703, -0.000370844, 0.028712, 0.999588, 0.00278988  
207, 9.11518, 11.1521, 180.002, 0.999119, 0.0419273, -0.00201332, -0.0419678, 0.99871, -0.0285857, 0.000812204, 0.028645, 0.999589, 0.00293328  
208, 9.13118, 11.0723, 180.003, 0.999118, 0.0419707, -0.00144079, -0.0419944, 0.998741, -0.0274265, 0.000287871, 0.0274628, 0.999623, 0.00310359  
209, 8.88864, 11.2787, 179.894, 0.999156, 0.0410669, -0.000572642, -0.0410663, 0.998743, -0.0287471, -0.000608631, 0.0287464, 0.999587, 0.00300096  
210, 8.87066, 11.2769, 179.904, 0.999149, 0.041249, 0.000127413, -0.0412295, 0.998762, -0.0278408, -0.00127566, 0.0278119, 0.999612, 0.00278794  
211, 8.89785, 11.2791, 179.907, 0.999143, 0.0413594, -0.00133675, -0.0413809, 0.998687, -0.0301894, 8.63758e-005, 0.0302189, 0.999543, 0.00283232  
212, 8.8557, 11.2891, 179.891, 0.999132, 0.0416606, -0.000351786, -0.0416534, 0.998716, -0.0288319, -0.000849821, 0.0288216, 0.999584, 0.00305644  
213, 8.83634, 11.4953, 179.743, 0.999067, 0.0430849, -0.00291123, -0.0431465, 0.998725, -0.026218, 0.00177792, 0.0263191, 0.999652, 0.00296934  
214, 8.86274, 11.4394, 179.779, 0.999083, 0.0427655, -0.00218343, -0.0428081, 0.99874, -0.0262082, 0.00105987, 0.0262777, 0.999654, 0.00281235  
215, 9.54252, 11.2935, 179.954, 0.991526, -0.115919, -0.0586372, -0.114456, -0.993041, 0.0277312, -0.0614438, -0.0207848, -0.997894, 0.00276131  
216, 9.50801, 11.2884, 179.896, 0.991235, -0.115451, -0.0642154, -0.114195, -0.993194, 0.0229149, -0.0664239, -0.015381, -0.997673, 0.00278322  
217, 9.50893, 11.2904, 179.896, 0.991169, -0.116772, -0.0628374, -0.115364, -0.992994, 0.0255914, -0.0653855, -0.0181162, -0.997696, 0.00296879  
218, 9.43973, 11.3496, 179.815, 0.991138, -0.115877, -0.0649479, -0.11445, -0.993107, 0.0252781, -0.0674294, -0.0176207, -0.997568, 0.00290832  
219, 9.45547, 11.328, 179.826, 0.99111, -0.115026, -0.0668646, -0.11371, -0.993244, 0.0231772, -0.0690789, -0.015368, -0.997493, 0.00298654  
220, 9.44926, 11.3381, 179.843, 0.99109, -0.115768, -0.0658687, -0.114374, -0.993134, 0.0245578, -0.0682595, -0.0168053, -0.997526, 0.00276575  
221, 9.44378, 11.3285, 179.815, 0.991091, -0.116302, -0.0649081, -0.114866, -0.993055, 0.025444, -0.0674165, -0.0177615, -0.997567, 0.00278794  
222, 9.41392, 11.3212, 179.806, 0.991002, -0.116312, -0.0662367, -0.114917, -0.993073, 0.0245109, -0.0686288, -0.0166786, -0.997503, 0.00298044  
223, 9.39991, 11.3431, 179.806, 0.991028, -0.116448, -0.0656003, -0.115073, -0.993058, 0.0243849, -0.0679845, -0.0166173, -0.997548, 0.00303231  
224, 9.39042, 11.3078, 179.8, 0.991004, -0.116132, -0.066518, -0.114747, -0.993098, 0.0242897, -0.0688797, -0.0164384, -0.99749, 0.00279598  
225, 9.45823, 11.3486, 179.845, 0.991234, -0.115179, -0.064721, -0.113761, -0.993188, 0.0252037, -0.0671831, -0.01762, -0.997585, 0.00277185  
226, 9.47857, 11.3478, 179.844, 0.991114, -0.115183, -0.0665266, -0.113793, -0.993207, 0.0243248, -0.0688764, -0.0165384, -0.997488, 0.00280181  
227, 9.47083, 11.343, 179.85, 0.991228, -0.11385, -0.0671268, -0.112574, -0.993388, 0.0225157, -0.0692464, -0.0147615, -0.99749, 0.0030079  
228, 9.45883, 11.3028, 179.857, 0.991142, -0.114405, -0.0674478, -0.113145, -0.99333, 0.0222203, -0.06954, -0.014392, -0.997475, 0.00284203  
229, 9.02162, 11.2675, 179.852, 0.999008, 0.0443832, -0.00364985, -0.0444593, 0.998712, -0.0244298, 0.00256088, 0.0245678, 0.999695, 0.00283537  
230, 9.03864, 11.2823, 179.855, 0.999013, 0.0442233, -0.00408324, -0.0443123, 0.998702, -0.0251326, 0.00296649, 0.0252888, 0.999676, 0.00282233  
231, 9.03171, 11.2908, 179.843, 0.999022, 0.044065, -0.00377857, -0.0441454, 0.998717, -0.0248176, 0.00268014, 0.0249601, 0.999685, 0.00281734  
232, 9.01942, 11.2767, 179.838, 0.999007, 0.0444225, -0.00347923, -0.0444949, 0.998705, -0.0246546, 0.0023795, 0.0247849, 0.99969, 0.00287448  
233, 9.02569, 11.2878, 179.843, 0.999002, 0.0445298, -0.0034814, -0.0446025, 0.998698, -0.0247735, 0.00237371, 0.0249041, 0.999687, 0.00299514  
234, 9.02178, 11.2934, 179.846, 0.999017, 0.0442125, -0.00328088, -0.0442802, 0.998714, -0.0247089, 0.00218422, 0.0248299, 0.999689, 0.00280513  
235, 9.0176, 11.253, 179.831, 0.998996, 0.0445929, -0.00437189, -0.0446896, 0.99868, -0.0253295, 0.00323661, 0.0254994, 0.99967, 0.00276686  
236, 9.0206, 11.2836, 179.855, 0.999013, 0.0442755, -0.0034969, -0.0443492, 0.998704, -0.024977, 0.0023865, 0.0251074, 0.999682, 0.00290499  
237, 9.01103, 11.2722, 179.856, 0.998999, 0.0446075, -0.00344802, -0.0446783, 0.998706, -0.0243108, 0.00235911, 0.0244405, 0.999699, 0.00301234  
238, 9.02198, 11.2607, 179.847, 0.99901, 0.0443611, -0.00346992, -0.044435, 0.998691, -0.025325, 0.00234193, 0.0254541, 0.999673, 0.00293828  
239, 9.05524, 11.2941, 179.848, 0.999012, 0.0442749, -0.00381557, -0.0443552, 0.998716, -0.0244677, 0.00272737, 0.0246128, 0.999693, 0.00279792  
240, 9.04254, 11.2929, 179.849, 0.999034, 0.0437657, -0.0039543, -0.0438495, 0.998739, -0.0244472, 0.00287937, 0.024597, 0.999693, 0.00276602  
241, 9.05682, 11.3111, 179.901, 0.999061, 0.0430864, -0.00455492, -0.0431824, 0.998788, -0.023636, 0.00353101, 0.0238105, 0.99971, 0.00289722  
242, 8.8962, 11.3343, 179.863, 0.999034, 0.0438075, -0.00345693, -0.0438763, 0.998766, -0.0232695, 0.00243328, 0.0233987, 0.999723, 0.00296768  
243, 8.88399, 11.4855, 179.887, 0.999025, 0.04391, -0.00448458, -0.0440119, 0.998695, -0.0259247, 0.00334037, 0.0260968, 0.999654, 0.00295436  
244, 8.86054, 11.4408, 179.906, 0.998997, 0.0447223, -0.00209081, -0.0447599, 0.998704, -0.0242084, 0.00100545, 0.0242777, 0.999705, 0.00282178  
245, 8.88302, 11.517, 179.954, 0.999051, 0.0432248, -0.00544998, -0.0433421, 0.99878, -0.0236451, 0.00442128, 0.0238589, 0.999706, 0.00279986  
246, 8.91976, 11.5881, 180.011, 0.99912, 0.0412386, -0.00768473, -0.0414097, 0.998863, -0.0236232, 0.0067018, 0.0239206, 0.999691, 0.00292025  
247, 8.90483, 11.5876, 180.015, 0.999143, 0.0405179, -0.00851669, -0.0407172, 0.998865, -0.0247097, 0.00750585, 0.0250353, 0.999658, 0.00297572  
248, 8.91398, 11.5843, 179.998, 0.99914, 0.0408448, -0.00710831, -0.0410004, 0.998887, -0.0233329, 0.00614737, 0.0236043, 0.999702, 0.00298016  
249, 8.92217, 11.5997, 180.016, 0.999094, 0.0415615, -0.00914499, -0.0417782, 0.998815, -0.0249443, 0.00809743, 0.0253037, 0.999647, 0.00284341  
250, 8.92857, 11.5991, 179.983, 0.999132, 0.0408992, -0.00791225, -0.0410805, 0.99886, -0.0242977, 0.00690947, 0.0246016, 0.999673, 0.00283953  
251, 8.90523, 11.5908, 180.015, 0.99913, 0.0407813, -0.00876186, -0.0409783, 0.998881, -0.0236178, 0.00778889, 0.0239563, 0.999683, 0.00298266  
252, 8.88258, 11.6025, 179.985, 0.999082, 0.0421924, -0.00741005, -0.0423627, 0.9988, -0.0245638, 0.00636476, 0.0248552, 0.999671, 0.00298488  
253, 8.9179, 11.6051, 180.004, 0.999128, 0.040888, -0.00848128, -0.0410819, 0.998865, -0.0240993, 0.00748628, 0.0244267, 0.999674, 0.00293828  
254, 8.88668, 11.5955, 179.999, 0.999101, 0.0416539, -0.00794267, -0.0418332, 0.998838, -0.023923, 0.00693696, 0.0242338, 0.999682, 0.00289584  
255, 8.92138, 11.6225, 179.994, 0.999119, 0.0412082, -0.00797715, -0.0413869, 0.998862, -0.0237057, 0.0069912, 0.024015, 0.999687, 0.0028337  
256, 8.90375, 11.6119, 179.973, 0.999115, 0.0414538, -0.00709796, -0.0416059, 0.998873, -0.0228253, 0.00614377, 0.0231004, 0.999714, 0.00290222  
257, 8.88863, 11.5808, 179.992, 0.99907, 0.0424368, -0.00761869, -0.0426078, 0.998806, -0.0238875, 0.00659589, 0.0241899, 0.999686, 0.00292885  
258, 8.93306, 11.5886, 179.993, 0.999143, 0.040454, -0.00878255, -0.0406653, 0.99885, -0.0253804, 0.00774571, 0.0257157, 0.999639, 0.00295104  
259, 8.91916, 11.5625, 180.003, 0.999112, 0.041313, -0.00828295, -0.0415015, 0.998849, -0.0240544, 0.00727966, 0.0243768, 0.999676, 0.00289584  
260, 8.93769, 11.5861, 180, 0.99913, 0.0409795, -0.00777818, -0.0411636, 0.998834, -0.0252174, 0.00673572, 0.0255156, 0.999652, 0.00274994  
261, 8.88131, 11.5662, 179.992, 0.999059, 0.0428511, -0.00675668, -0.0429994, 0.998796, -0.0235946, 0.0057375, 0.0238629, 0.999699, 0.00294244  
262, 8.89869, 11.6005, 179.995, 0.999102, 0.0415788, -0.0080906, -0.0417666, 0.998824, -0.0246213, 0.00705735, 0.0249372, 0.999664, 0.00300984  
263, 8.9373, 11.6049, 179.965, 0.999102, 0.041719, -0.00743669, -0.0418869, 0.998832, -0.0240771, 0.00642353, 0.024367, 0.999682, 0.00298876  
264, 8.92986, 11.5995, 180.017, 0.999138, 0.0407019, -0.008222, -0.0408908, 0.998869, -0.0242819, 0.00722437, 0.0245971, 0.999671, 0.00289057  
265, 9.17302, 11.3058, 179.647, 0.988928, -0.131412, -0.0689336, -0.129061, -0.990926, 0.0375335, -0.0732404, -0.0282213, -0.996915, 0.00280375  
266, 9.23583, 11.2132, 179.601, 0.988656, -0.133127, -0.069545, -0.130576, -0.990629, 0.0400379, -0.0742234, -0.0305028, -0.996775, 0.00300318  
267, 9.24569, 10.9027, 179.474, 0.988446, -0.131994, -0.0745163, -0.130094, -0.991053, 0.0298256, -0.0777864, -0.0197869, -0.996774, 0.00293439  
268, 9.33409, 11.1233, 179.58, 0.989606, -0.126452, -0.0684852, -0.12433, -0.991643, 0.0344307, -0.0722668, -0.025558, -0.997058, 0.00303952  
269, 9.30307, 11.0458, 179.616, 0.98942, -0.126218, -0.0715317, -0.124317, -0.991775, 0.0304584, -0.0747878, -0.0212436, -0.996973, 0.00286033  
270, 9.45265, 11.3606, 179.803, 0.991126, -0.116014, -0.0648832, -0.114499, -0.993067, 0.0266035, -0.0675197, -0.0189383, -0.997538, 0.0028889  
271, 9.02727, 11.2836, 179.837, 0.999004, 0.044473, -0.00372936, -0.0445532, 0.998687, -0.0252777, 0.00260029, 0.0254187, 0.999674, 0.00290693  
272, 9.04071, 11.2831, 179.832, 0.999003, 0.0445531, -0.00290485, -0.0446117, 0.998696, -0.0248307, 0.00179478, 0.0249355, 0.999687, 0.00302204  
273, 9.04444, 11.2515, 179.833, 0.999021, 0.044096, -0.00358111, -0.0441718, 0.998712, -0.0249553, 0.00247607, 0.0250891, 0.999682, 0.00303425  
274, 9.02901, 11.2896, 179.827, 0.998996, 0.0446582, -0.00351334, -0.0447326, 0.998683, -0.0251401, 0.002386, 0.025272, 0.999678, 0.00281567  
275, 9.07228, 11.287, 179.859, 0.999028, 0.0439165, -0.00376039, -0.0439957, 0.998731, -0.0244976, 0.00267977, 0.0246393, 0.999693, 0.00318237  
276, 9.03453, 11.2852, 179.838, 0.99899, 0.0447416, -0.00407676, -0.04483, 0.99868, -0.0250566, 0.0029503, 0.0252141, 0.999678, 0.00293134  
