0, 0, 0, 0, 0, 0, 0, 0, 0, 0, 0, 0, 0, 0.00639442  
1, 0, 0, 0, 0, 0, 0, 0, 0, 0, 0, 0, 0, 0.00264647  
2, 10.8106, 19.7841, 180.047, 0.999755, 0.0214647, 0.00538279, -0.0215329, 0.999684, 0.0129508, -0.00510311, -0.0130636, 0.999902, 0.00285201  
3, 10.6676, 19.867, 179.983, 0.999784, 0.0197486, 0.0065356, -0.0198205, 0.999742, 0.0111364, -0.00631398, -0.0112635, 0.999917, 0.00303924  
4, 10.7955, 19.801, 180.032, 0.999767, 0.0211326, 0.00444995, -0.0211821, 0.999711, 0.0113726, -0.00420833, -0.0114642, 0.999925, 0.00291442  
5, 10.7605, 19.7592, 180.022, 0.999749, 0.0217843, 0.0052633, -0.021845, 0.999692, 0.0117576, -0.00500555, -0.0118696, 0.999917, 0.00286477  
6, 10.763, 19.764, 180.056, 0.999774, 0.020404, 0.00604595, -0.02048, 0.999709, 0.0127754, -0.00578352, -0.0128963, 0.9999, 0.00286227  
7, 10.7929, 19.7691, 180.051, 0.999771, 0.0207455, 0.00528615, -0.0208041, 0.99972, 0.0112881, -0.00505049, -0.0113955, 0.999922, 0.00286644  
8, 10.6697, 19.8829, 179.967, 0.999777, 0.0202559, 0.00596595, -0.0203228, 0.999729, 0.0113848, -0.00573373, -0.0115035, 0.999917, 0.00297988  
9, 10.8024, 19.765, 180.039, 0.999751, 0.0216635, 0.00537651, -0.0217312, 0.999681, 0.0128727, -0.00509593, -0.0129863, 0.999903, 0.00283481  
10, 10.7057, 19.9002, 179.973, 0.999782, 0.0201088, 0.00563885, -0.0201731, 0.99973, 0.0115741, -0.00540459, -0.0116853, 0.999917, 0.00286477  
11, 10.7727, 19.7786, 180.036, 0.999751, 0.0216079, 0.00558456, -0.0216799, 0.999678, 0.0131587, -0.00529843, -0.0132765, 0.999898, 0.00290887  
12, 10.784, 19.7979, 180.039, 0.999765, 0.0211589, 0.00471943, -0.0212154, 0.9997, 0.0122661, -0.00445848, -0.0123634, 0.999914, 0.00318903  
13, 10.6936, 19.8767, 179.991, 0.999781, 0.0201458, 0.00573904, -0.0202037, 0.999744, 0.010218, -0.00553172, -0.0103317, 0.999931, 0.00288724  
14, 10.7746, 19.7789, 180.033, 0.999765, 0.0211568, 0.00473742, -0.0212156, 0.999694, 0.0127177, -0.00446691, -0.0128152, 0.999908, 0.0027283  
15, 10.7782, 19.7995, 180.039, 0.999763, 0.0210561, 0.00552538, -0.0211257, 0.999694, 0.0128607, -0.0052529, -0.0129744, 0.999902, 0.00275715  
16, 10.6818, 19.8749, 179.953, 0.999777, 0.0200319, 0.00669994, -0.0201093, 0.999729, 0.0116993, -0.00646377, -0.0118314, 0.999909, 0.00292635  
17, 10.7974, 19.7827, 180.023, 0.999757, 0.0212248, 0.0059123, -0.0213035, 0.999681, 0.0135842, -0.00562209, -0.0137069, 0.99989, 0.00290111  
18, 10.6893, 19.8905, 179.955, 0.999776, 0.0203639, 0.00577133, -0.0204287, 0.999726, 0.0114146, -0.00553731, -0.01153, 0.999918, 0.00301677  
19, 10.7956, 19.7768, 180.031, 0.999759, 0.021401, 0.00484135, -0.0214565, 0.999701, 0.011703, -0.00458945, -0.011804, 0.99992, 0.00294521  
20, 10.6862, 19.8904, 179.975, 0.999778, 0.0200456, 0.0065171, -0.0201237, 0.999724, 0.012139, -0.00627196, -0.0122674, 0.999905, 0.00292025  
21, 10.6787, 19.8746, 179.982, 0.99979, 0.0193165, 0.00680032, -0.0193933, 0.999747, 0.0114016, -0.00657836, -0.0115311, 0.999912, 0.00292163  
22, 10.774, 19.754, 180.035, 0.999759, 0.0214566, 0.00459361, -0.0215117, 0.999693, 0.012297, -0.00432834, -0.0123928, 0.999914, 0.00321455  
23, 10.6858, 19.887, 179.976, 0.999782, 0.0199181, 0.00620216, -0.0199882, 0.999735, 0.0114491, -0.00597247, -0.0115705, 0.999915, 0.00298238  
24, 10.6768, 19.8673, 179.991, 0.999763, 0.0208515, 0.00618878, -0.0209239, 0.999711, 0.0118616, -0.00593966, -0.0119883, 0.99991, 0.00294466  
25, 10.6667, 19.85, 179.995, 0.999776, 0.0198538, 0.00735607, -0.019943, 0.999726, 0.0122609, -0.00711063, -0.0124048, 0.999898, 0.00290555  
26, 10.7629, 19.763, 180.037, 0.999752, 0.0217365, 0.00483363, -0.0217913, 0.999695, 0.0115801, -0.00458044, -0.0116825, 0.999921, 0.00291165  
27, 10.6826, 19.8943, 179.984, 0.999789, 0.0198085, 0.00552809, -0.0198734, 0.999731, 0.0119403, -0.00529008, -0.0120476, 0.999913, 0.00302204  
28, 10.7803, 19.7865, 180.03, 0.999755, 0.0215326, 0.00515757, -0.0215957, 0.999688, 0.0125154, -0.00488647, -0.0126238, 0.999908, 0.00296962  
29, 10.7789, 19.7848, 180.011, 0.999761, 0.0212707, 0.00510314, -0.0213336, 0.999693, 0.0126062, -0.00483343, -0.012712, 0.999908, 0.00299653  
30, 10.795, 19.7846, 180.013, 0.999758, 0.0214369, 0.00491496, -0.0214952, 0.999695, 0.0121261, -0.00465351, -0.0122289, 0.999914, 0.00286227  
31, 10.6802, 19.8733, 179.982, 0.999763, 0.0206665, 0.00677124, -0.0207486, 0.999709, 0.01229, -0.00651528, -0.0124276, 0.999902, 0.00288973  
32, 10.79, 19.7719, 180.027, 0.999757, 0.0215593, 0.0045827, -0.0216124, 0.999696, 0.011866, -0.00432549, -0.0119622, 0.999919, 0.0030961  
33, 10.78, 19.7706, 180.029, 0.999764, 0.0210957, 0.00520675, -0.0211615, 0.999693, 0.0129195, -0.00493261, -0.0130266, 0.999903, 0.00296518  
34, 10.7885, 19.7608, 180.04, 0.999756, 0.0213751, 0.00556928, -0.0214408, 0.999698, 0.0120147, -0.00531079, -0.0121312, 0.999912, 0.00283676  
35, 10.6994, 19.8854, 179.994, 0.999782, 0.0201141, 0.00566919, -0.0201776, 0.999732, 0.0113817, -0.00543874, -0.0114936, 0.999919, 0.00288252  
36, 10.6792, 19.8904, 179.973, 0.999777, 0.0199272, 0.00697226, -0.02001, 0.999728, 0.0120047, -0.00673114, -0.0121415, 0.999904, 0.00303037  
37, 10.7712, 19.7669, 180.035, 0.999751, 0.0214625, 0.00609771, -0.0215364, 0.999692, 0.0123239, -0.00583133, -0.0124521, 0.999905, 0.00298044  
38, 10.791, 19.7941, 180.019, 0.999766, 0.0210694, 0.00480401, -0.0211262, 0.999704, 0.0120926, -0.0045478, -0.0121912, 0.999915, 0.0029735  
39, 10.8069, 19.791, 180.024, 0.99976, 0.0212394, 0.00543178, -0.0213094, 0.999686, 0.0131725, -0.0051503, -0.013285, 0.999898, 0.00286172  
40, 10.7773, 19.7804, 180.023, 0.999766, 0.0210977, 0.00482561, -0.0211552, 0.999702, 0.0121922, -0.00456694, -0.0122915, 0.999914, 0.00293245  
41, 10.7851, 19.7772, 180.04, 0.999762, 0.0212784, 0.00491249, -0.0213357, 0.999701, 0.0119262, -0.00465726, -0.0120281, 0.999917, 0.00270223  
42, 10.7833, 19.7735, 180.017, 0.999757, 0.0214216, 0.0052296, -0.0214858, 0.99969, 0.0125493, -0.00495916, -0.0126586, 0.999908, 0.00269834  
43, 10.7766, 19.7789, 180.029, 0.999761, 0.0209022, 0.00638352, -0.020984, 0.999695, 0.0130322, -0.00610917, -0.013163, 0.999895, 0.00347806  
44, 10.7809, 19.7728, 180.036, 0.999755, 0.0215634, 0.00492866, -0.0216189, 0.9997, 0.0114934, -0.00467935, -0.0115971, 0.999922, 0.00364753  
45, 10.7669, 19.7695, 180.036, 0.999751, 0.0214621, 0.00611546, -0.0215403, 0.999683, 0.0130242, -0.005834, -0.0131527, 0.999896, 0.00271776  
46, 10.7712, 19.776, 180.054, 0.999765, 0.0210004, 0.0052991, -0.0210685, 0.999692, 0.0131353, -0.00502161, -0.0132439, 0.9999, 0.00305089  
47, 10.7628, 19.7769, 180.047, 0.999748, 0.0216764, 0.0058072, -0.0217475, 0.999686, 0.0124604, -0.00553528, -0.0125835, 0.999906, 0.00287781  
48, 10.6875, 19.8815, 179.994, 0.999761, 0.0209131, 0.00630756, -0.0209851, 0.999713, 0.0115732, -0.00606372, -0.0117028, 0.999913, 0.00282178  
49, 10.7782, 19.7895, 180.038, 0.999755, 0.0215372, 0.00509455, -0.0215969, 0.999695, 0.0119607, -0.0048354, -0.0120678, 0.999915, 0.00304313  
50, 10.7611, 19.7969, 180.029, 0.999746, 0.0217984, 0.00570126, -0.0218661, 0.999688, 0.0120875, -0.005436, -0.0122091, 0.999911, 0.00294133  
51, 10.7746, 19.7746, 180.039, 0.999759, 0.0212332, 0.00551313, -0.0213018, 0.999693, 0.0126901, -0.00524198, -0.0128045, 0.999904, 0.00289833  
52, 10.7684, 19.8112, 180.036, 0.999759, 0.0212075, 0.00564833, -0.0212765, 0.999696, 0.0124426, -0.00538274, -0.0125598, 0.999907, 0.00313438  
53, 10.6558, 19.8759, 179.999, 0.999764, 0.0208202, 0.00620158, -0.02089, 0.999717, 0.0114162, -0.00596213, -0.011543, 0.999916, 0.00294549  
54, 10.7779, 19.7966, 180.04, 0.99976, 0.021121, 0.00582346, -0.0211952, 0.999691, 0.0129922, -0.00554725, -0.0131125, 0.999899, 0.00303786  
55, 10.7666, 19.7727, 180.061, 0.999755, 0.0214305, 0.00555792, -0.0214941, 0.999701, 0.011653, -0.00530653, -0.0117696, 0.999917, 0.00297489  
56, 10.6826, 19.8935, 179.958, 0.999761, 0.0207133, 0.00703456, -0.0208, 0.999706, 0.0124778, -0.00677403, -0.0126211, 0.999897, 0.00286893  
57, 10.6628, 19.8942, 179.969, 0.999776, 0.019747, 0.00767587, -0.019838, 0.999732, 0.0119707, -0.00743742, -0.0121202, 0.999899, 0.00296574  
58, 10.6767, 19.888, 179.961, 0.999782, 0.0196816, 0.00703024, -0.0197702, 0.999723, 0.0127696, -0.00677697, -0.0129058, 0.999894, 0.00308335  
59, 10.7758, 19.7729, 180.049, 0.999749, 0.0217306, 0.0055191, -0.0217957, 0.99969, 0.0120303, -0.00525597, -0.0121476, 0.999912, 0.00305228  
60, 10.6768, 19.8552, 180, 0.999774, 0.0202707, 0.00645737, -0.0203466, 0.999722, 0.0119121, -0.00621411, -0.0120408, 0.999908, 0.00319984  
61, 10.6822, 19.8769, 180.002, 0.999786, 0.0198148, 0.00599595, -0.0198868, 0.999728, 0.0121815, -0.00575294, -0.0122981, 0.999908, 0.00289417  
62, 10.6836, 19.8876, 179.982, 0.999779, 0.0201233, 0.00603745, -0.0201932, 0.999727, 0.0117471, -0.00579941, -0.0118665, 0.999913, 0.00285617  
63, 10.7645, 19.7891, 180.042, 0.999765, 0.0209703, 0.00544081, -0.0210357, 0.999703, 0.0122667, -0.00518196, -0.0123782, 0.99991, 0.00298488  
64, 10.6812, 19.8926, 179.969, 0.999791, 0.019596, 0.00575133, -0.0196589, 0.999745, 0.0111027, -0.00553229, -0.0112134, 0.999922, 0.00296685  
65, 10.6802, 19.9017, 179.959, 0.999774, 0.0198529, 0.00760513, -0.0199456, 0.999725, 0.0123109, -0.00735864, -0.0124599, 0.999895, 0.00290305  
66, 10.6903, 19.8909, 179.955, 0.999773, 0.020359, 0.00623348, -0.0204281, 0.999728, 0.0112261, -0.00600323, -0.0113509, 0.999918, 0.00284258  
67, 10.6824, 19.8943, 179.953, 0.999777, 0.0201344, 0.00639643, -0.0202089, 0.999726, 0.0118101, -0.00615689, -0.0119367, 0.99991, 0.00279986  
68, 10.7944, 19.7824, 180.048, 0.999758, 0.0214057, 0.00509078, -0.0214686, 0.99969, 0.0126437, -0.00481856, -0.0127499, 0.999907, 0.002824  
69, 10.798, 19.7908, 180.021, 0.999757, 0.0216007, 0.00441927, -0.0216513, 0.999696, 0.0117558, -0.00416399, -0.0118486, 0.999921, 0.00282927  
70, 10.7861, 19.7815, 180.023, 0.999756, 0.0215835, 0.00471256, -0.0216412, 0.999687, 0.012554, -0.00444012, -0.0126529, 0.99991, 0.00276436  
71, 10.6578, 19.8785, 179.985, 0.999776, 0.0202578, 0.00609644, -0.0203266, 0.999728, 0.0114593, -0.00586264, -0.0115807, 0.999916, 0.00280153  
72, 10.7832, 19.7601, 180.036, 0.999757, 0.0214269, 0.00512088, -0.0214852, 0.999702, 0.0116078, -0.00487064, -0.011715, 0.99992, 0.00282372  
73, 10.6793, 19.8813, 179.982, 0.999781, 0.0200618, 0.00597438, -0.0201293, 0.999732, 0.0114757, -0.00574255, -0.0115935, 0.999916, 0.00278738  
74, 10.795, 19.7745, 180.015, 0.999745, 0.0220167, 0.00499885, -0.0220747, 0.999686, 0.0118578, -0.00473621, -0.0119651, 0.999917, 0.00280652  
75, 10.7771, 19.7558, 180.015, 0.999748, 0.0217487, 0.0056041, -0.0218163, 0.999686, 0.0122988, -0.00533485, -0.012418, 0.999909, 0.00291997  
76, 10.8032, 19.7742, 180.028, 0.999765, 0.0210615, 0.00520589, -0.0211226, 0.999705, 0.0119876, -0.00495188, -0.0120947, 0.999915, 0.00279182  
77, 10.783, 19.7803, 180.026, 0.99976, 0.0212214, 0.00546873, -0.0212863, 0.9997, 0.0121031, -0.00521024, -0.0122166, 0.999912, 0.0028043  
78, 10.6841, 19.8886, 179.963, 0.99979, 0.0194864, 0.00630117, -0.0195646, 0.999729, 0.0125991, -0.00605395, -0.0127198, 0.999901, 0.00286227  
79, 10.6771, 19.8786, 179.958, 0.999772, 0.0202564, 0.00670232, -0.020332, 0.999728, 0.0114051, -0.00646947, -0.0115388, 0.999912, 0.00280985  
80, 10.6854, 19.8972, 179.964, 0.999785, 0.0198667, 0.00586353, -0.0199318, 0.999738, 0.0112611, -0.00563827, -0.0113755, 0.999919, 0.00297461  
81, 10.6908, 19.8703, 179.994, 0.999772, 0.0203323, 0.00658723, -0.0204103, 0.99972, 0.0119991, -0.00634142, -0.0121308, 0.999906, 0.00280181  
82, 10.7855, 19.7766, 180.031, 0.999776, 0.0205648, 0.00490434, -0.0206231, 0.999713, 0.0121637, -0.00465279, -0.0122621, 0.999914, 0.00291969  
83, 10.7563, 19.7737, 180.044, 0.999761, 0.0213321, 0.00485246, -0.0213892, 0.999699, 0.0120254, -0.00459448, -0.0121263, 0.999916, 0.00286227  
84, 10.7652, 19.769, 180.046, 0.999766, 0.0210888, 0.00488791, -0.0211439, 0.99971, 0.0115103, -0.00464375, -0.0116109, 0.999922, 0.0028681  
85, 10.7791, 19.7805, 180.016, 0.999758, 0.0214211, 0.00503626, -0.0214809, 0.999695, 0.0121443, -0.00477458, -0.0122495, 0.999914, 0.00281484  
86, 10.6849, 19.8831, 179.956, 0.999789, 0.0194322, 0.00665016, -0.0195109, 0.999738, 0.0119708, -0.0064158, -0.012098, 0.999906, 0.00287753  
87, 10.8026, 19.7929, 180.007, 0.999766, 0.0211603, 0.00447821, -0.0212166, 0.999691, 0.0129363, -0.00420309, -0.0130282, 0.999906, 0.00277462  
88, 10.6996, 19.8796, 179.987, 0.999781, 0.0202043, 0.00539695, -0.0202698, 0.999718, 0.0123609, -0.00514569, -0.0124676, 0.999909, 0.00286949  
89, 10.7749, 19.7662, 179.997, 0.999755, 0.0216324, 0.00476982, -0.0216874, 0.999695, 0.0117881, -0.00451336, -0.0118886, 0.999919, 0.00284397  
90, 10.7697, 19.7748, 180.021, 0.999757, 0.0214355, 0.00511642, -0.0214967, 0.999694, 0.0122249, -0.00485281, -0.012332, 0.999912, 0.00281789  
91, 10.6634, 19.8774, 179.987, 0.999781, 0.0199174, 0.00643515, -0.0199918, 0.999732, 0.0117052, -0.00620029, -0.0118313, 0.999911, 0.00288086  
92, 10.7764, 19.7686, 180.034, 0.999764, 0.0211844, 0.00477097, -0.021245, 0.999689, 0.0130256, -0.00449355, -0.0131239, 0.999904, 0.00286394  
93, 10.6558, 19.8938, 179.967, 0.999783, 0.019706, 0.0067028, -0.0197817, 0.999739, 0.011408, -0.00647624, -0.0115381, 0.999912, 0.00294521  
94, 10.7706, 19.7815, 180.016, 0.999753, 0.0215642, 0.00530733, -0.0216253, 0.999697, 0.0117408, -0.00505254, -0.0118527, 0.999917, 0.00291858  
95, 10.6687, 19.8858, 179.967, 0.999774, 0.0202296, 0.00657684, -0.0203033, 0.99973, 0.011341, -0.00634564, -0.0114719, 0.999914, 0.00286949  
96, 10.7757, 19.7773, 180.022, 0.999765, 0.0211593, 0.00474506, -0.0212166, 0.999698, 0.0123619, -0.00448206, -0.0124597, 0.999912, 0.00297655  
97, 10.7886, 19.7889, 180.035, 0.99977, 0.0208301, 0.00510576, -0.020889, 0.999713, 0.0117602, -0.00485932, -0.0118642, 0.999918, 0.00284452  
98, 10.7586, 19.773, 180.027, 0.999757, 0.0212536, 0.0059291, -0.0213227, 0.999702, 0.0118441, -0.00567561, -0.0119676, 0.999912, 0.0029588  
99, 10.7855, 19.7767, 180.031, 0.999755, 0.0215976, 0.00483736, -0.0216573, 0.999686, 0.0126405, -0.00456284, -0.0127421, 0.999908, 0.00290582  
100, 10.6745, 19.8914, 179.974, 0.999785, 0.0197828, 0.00622804, -0.0198509, 0.999742, 0.0110809, -0.00600722, -0.0112021, 0.999919, 0.00286644  
101, 10.6724, 19.8737, 179.965, 0.999778, 0.0197366, 0.00738392, -0.019819, 0.99974, 0.0112562, -0.00715984, -0.0114001, 0.999909, 0.00300291  
102, 10.7919, 19.7702, 180.025, 0.99975, 0.0217751, 0.00516822, -0.0218353, 0.999691, 0.0118755, -0.00490803, -0.0119853, 0.999916, 0.00283703  
103, 10.7815, 19.7689, 180.029, 0.99975, 0.0217333, 0.00534438, -0.0217959, 0.999691, 0.0119317, -0.00508341, -0.0120452, 0.999915, 0.00294521  
104, 10.7854, 19.7724, 180.036, 0.999761, 0.0212001, 0.00537187, -0.0212698, 0.999686, 0.0132535, -0.00508921, -0.0133646, 0.999898, 0.0028656  
105, 10.6648, 19.8788, 179.968, 0.999781, 0.0198545, 0.00665153, -0.0199304, 0.999735, 0.0115459, -0.00642052, -0.011676, 0.999911, 0.00273385  
106, 10.6863, 19.8809, 179.967, 0.99978, 0.0198564, 0.00679457, -0.0199408, 0.999722, 0.012581, -0.00654286, -0.0127138, 0.999898, 0.00302343  
107, 10.6825, 19.8879, 179.957, 0.999777, 0.020041, 0.00664839, -0.0201159, 0.999733, 0.0114076, -0.00641799, -0.0115387, 0.999913, 0.00294382  
108, 10.772, 19.7611, 180.035, 0.999758, 0.0212574, 0.0056136, -0.0213256, 0.999696, 0.0123733, -0.00534887, -0.01249, 0.999908, 0.00287836  
109, 10.6654, 19.8799, 179.97, 0.999771, 0.0205028, 0.00620931, -0.02057, 0.999728, 0.0109566, -0.00598299, -0.0110818, 0.999921, 0.00292829  
110, 10.688, 19.8785, 179.979, 0.999777, 0.0202212, 0.00609754, -0.0202926, 0.999723, 0.01188, -0.00585563, -0.0120011, 0.999911, 0.00291109  
111, 10.7669, 19.7685, 180.04, 0.999763, 0.0211353, 0.00519786, -0.0211927, 0.999712, 0.0112383, -0.00495884, -0.0113458, 0.999923, 0.00296712  
112, 10.7563, 19.7592, 180.017, 0.999751, 0.0216514, 0.00547262, -0.0217189, 0.999685, 0.0125886, -0.00519833, -0.0127043, 0.999906, 0.00290333  
113, 10.7606, 19.7776, 180.018, 0.999763, 0.0210957, 0.00537022, -0.021162, 0.999697, 0.0125949, -0.00510289, -0.0127055, 0.999906, 0.00299625  
114, 10.6643, 19.8797, 179.973, 0.999787, 0.019465, 0.00678896, -0.019543, 0.999742, 0.011617, -0.00656108, -0.0117472, 0.999909, 0.0029172  
115, 10.7805, 19.7486, 180.037, 0.999765, 0.0210495, 0.005269, -0.0211128, 0.999702, 0.0122612, -0.00500934, -0.0123696, 0.999911, 0.00277712  
116, 10.7716, 19.7672, 180.038, 0.999769, 0.0208458, 0.00526646, -0.0209058, 0.999714, 0.0116097, -0.00502294, -0.0117171, 0.999919, 0.00291692  
117, 10.7803, 19.7704, 180.037, 0.99976, 0.0212929, 0.00513383, -0.021357, 0.99969, 0.01277, -0.00486033, -0.0128766, 0.999905, 0.00292746  
118, 10.7737, 19.7692, 180.038, 0.999754, 0.0216039, 0.0049329, -0.0216598, 0.999698, 0.0115773, -0.0046813, -0.0116813, 0.999921, 0.00299126  
119, 10.7737, 19.7489, 180.041, 0.999766, 0.0209149, 0.00556745, -0.0209818, 0.999705, 0.0122457, -0.00530969, -0.0123597, 0.99991, 0.00296019  
120, 10.7625, 19.7697, 180.011, 0.999745, 0.0219651, 0.00531569, -0.022026, 0.999689, 0.0116863, -0.00505735, -0.0118004, 0.999918, 0.0027258  
121, 10.7471, 19.7573, 180.019, 0.999748, 0.0218046, 0.00533814, -0.0218687, 0.999686, 0.0122707, -0.0050689, -0.0123843, 0.99991, 0.00297628  
122, 10.7831, 19.7636, 180.039, 0.999752, 0.0217199, 0.00498756, -0.0217762, 0.999696, 0.0115339, -0.00473553, -0.0116396, 0.999921, 0.00293772  
123, 10.6627, 19.8956, 179.967, 0.999784, 0.0196366, 0.00687777, -0.0197134, 0.999742, 0.0112949, -0.0066542, -0.011428, 0.999913, 0.00304035  
124, 10.6751, 19.8714, 179.984, 0.99979, 0.0194161, 0.00660006, -0.0194932, 0.99974, 0.0118332, -0.00636859, -0.0119593, 0.999908, 0.00342702  
125, 10.787, 19.766, 180.039, 0.99977, 0.0208901, 0.00488254, -0.0209487, 0.999705, 0.012265, -0.00462489, -0.0123645, 0.999913, 0.00294549  
126, 10.7759, 19.771, 180.029, 0.999775, 0.0205585, 0.00518027, -0.0206201, 0.999714, 0.0121336, -0.00492934, -0.0122377, 0.999913, 0.00296574  
127, 10.6818, 19.8924, 179.951, 0.999784, 0.0196937, 0.00662751, -0.0197705, 0.999736, 0.0117395, -0.00639457, -0.011868, 0.999909, 0.00299542  
128, 10.7729, 19.7659, 180.023, 0.999741, 0.022197, 0.00502934, -0.0222543, 0.999685, 0.0116304, -0.00476959, -0.0117393, 0.99992, 0.0030018  
129, 10.7737, 19.7684, 180.035, 0.999756, 0.0215911, 0.00469936, -0.021644, 0.999699, 0.0115282, -0.00444904, -0.0116271, 0.999923, 0.00291914  
130, 10.6739, 19.8878, 179.966, 0.999781, 0.0198958, 0.00641651, -0.0199668, 0.999738, 0.0111962, -0.00619207, -0.0113219, 0.999917, 0.00289778  
131, 10.6619, 19.909, 179.952, 0.999781, 0.0199291, 0.00635885, -0.0200014, 0.999734, 0.0115191, -0.00612759, -0.0116437, 0.999913, 0.00303397  
132, 10.6811, 19.8938, 179.952, 0.99978, 0.0200381, 0.00619433, -0.0201106, 0.999727, 0.0118823, -0.00595454, -0.0120043, 0.99991, 0.00306698  
133, 10.7917, 19.7772, 180.033, 0.999754, 0.0215308, 0.00528615, -0.021593, 0.999695, 0.0120033, -0.0050261, -0.0121145, 0.999914, 0.00291997  
134, 10.7867, 19.7667, 180.036, 0.999749, 0.0218263, 0.00500272, -0.0218837, 0.999692, 0.0117196, -0.00474538, -0.0118262, 0.999919, 0.00290776  
135, 10.7758, 19.7696, 180.037, 0.999765, 0.0211518, 0.00471324, -0.0212087, 0.999698, 0.0123896, -0.00444976, -0.0124866, 0.999912, 0.00275826  
136, 10.6857, 19.8877, 179.964, 0.99976, 0.0209974, 0.00626155, -0.0210669, 0.999715, 0.0112462, -0.00602362, -0.0113754, 0.999917, 0.00293301  
137, 10.6868, 19.8759, 179.982, 0.999785, 0.0197444, 0.00632839, -0.0198136, 0.999742, 0.011064, -0.0061083, -0.011187, 0.999919, 0.0030312  
138, 10.6922, 19.8792, 179.968, 0.999785, 0.0196845, 0.00656013, -0.0197592, 0.999738, 0.0115251, -0.00633154, -0.0116522, 0.999912, 0.00296962  
139, 10.7826, 19.7674, 180.029, 0.999763, 0.0212194, 0.00495833, -0.0212794, 0.999697, 0.0123761, -0.00469422, -0.0124787, 0.999911, 0.00312079  
140, 10.6838, 19.8932, 179.97, 0.999778, 0.0201124, 0.00622102, -0.0201826, 0.999731, 0.0114428, -0.00598921, -0.0115658, 0.999915, 0.0029294  
141, 10.6699, 19.8632, 179.971, 0.999783, 0.0197739, 0.00657411, -0.0198436, 0.999746, 0.0107107, -0.00636064, -0.0108389, 0.999921, 0.00306032  
142, 10.8068, 19.7698, 180.034, 0.999748, 0.0219813, 0.00450135, -0.022032, 0.99969, 0.0115633, -0.00424578, -0.0116596, 0.999923, 0.00287781  
143, 10.6714, 19.9005, 179.963, 0.99979, 0.0193567, 0.00678071, -0.0194348, 0.999743, 0.0116395, -0.00655367, -0.0117689, 0.999909, 0.0028362  
144, 10.6816, 19.8813, 179.972, 0.999779, 0.0200723, 0.00626425, -0.0201438, 0.99973, 0.0115766, -0.00603019, -0.0117002, 0.999913, 0.002976  
145, 10.682, 19.8881, 179.966, 0.99978, 0.0199328, 0.00645648, -0.020007, 0.999732, 0.0116366, -0.0062228, -0.0117632, 0.999911, 0.00289417  
146, 10.678, 19.8953, 179.991, 0.999792, 0.0195188, 0.00597235, -0.0195889, 0.999737, 0.0119032, -0.00573844, -0.0120178, 0.999911, 0.00291442  
147, 10.6961, 19.8897, 179.978, 0.999778, 0.0203184, 0.00553259, -0.0203819, 0.999724, 0.0116679, -0.00529399, -0.011778, 0.999917, 0.00305727  
148, 10.6799, 19.8731, 179.974, 0.999773, 0.0203291, 0.00645037, -0.0204002, 0.99973, 0.01116, -0.00622175, -0.0112891, 0.999917, 0.00281207  
149, 10.7732, 19.7773, 180.04, 0.999762, 0.0212815, 0.00484991, -0.0213392, 0.999698, 0.0121778, -0.00458928, -0.0122784, 0.999914, 0.00300929  
150, 10.6849, 19.8987, 179.956, 0.999775, 0.0202275, 0.00640321, -0.0203012, 0.999726, 0.0116765, -0.00616527, -0.0118039, 0.999911, 0.00290499  
151, 10.6698, 19.8605, 179.994, 0.999792, 0.0194703, 0.00608006, -0.0195389, 0.999744, 0.0114371, -0.00585582, -0.0115536, 0.999916, 0.00280541  
152, 10.6707, 19.8651, 179.996, 0.999779, 0.0203944, 0.00514853, -0.020453, 0.999724, 0.0115846, -0.00491084, -0.0116873, 0.99992, 0.00295714  
153, 10.7886, 19.7714, 180.038, 0.999765, 0.0211765, 0.00455639, -0.0212294, 0.999704, 0.0119029, -0.00430298, -0.0119968, 0.999919, 0.00278877  
154, 10.7742, 19.7697, 180.034, 0.999772, 0.0206528, 0.00540368, -0.020719, 0.999707, 0.0125028, -0.00514388, -0.0126119, 0.999907, 0.00280208  
155, 10.7684, 19.7715, 180.036, 0.999765, 0.0211664, 0.00478363, -0.0212196, 0.99971, 0.0113523, -0.00454196, -0.0114512, 0.999924, 0.00293994  
156, 10.772, 19.762, 180.039, 0.99976, 0.0212857, 0.00517131, -0.0213435, 0.999707, 0.0113877, -0.0049274, -0.0114953, 0.999922, 0.00303508  
157, 10.6664, 19.8736, 179.988, 0.999785, 0.019786, 0.00615259, -0.0198519, 0.999744, 0.0108346, -0.00593664, -0.0109544, 0.999922, 0.00305089  
158, 10.7781, 19.7725, 180.033, 0.999756, 0.0214801, 0.00516883, -0.021542, 0.999693, 0.0122146, -0.00490488, -0.012323, 0.999912, 0.00302454  
159, 10.7815, 19.7549, 180.055, 0.999762, 0.021209, 0.00505134, -0.0212647, 0.99971, 0.0112593, -0.00481108, -0.011364, 0.999924, 0.00282067  
160, 10.6489, 19.8801, 179.957, 0.999776, 0.0200842, 0.00672072, -0.0201595, 0.999733, 0.0113284, -0.00649141, -0.0114614, 0.999913, 0.00298377  
161, 10.6793, 19.8695, 179.957, 0.999786, 0.0196074, 0.00659825, -0.0196838, 0.999738, 0.0117124, -0.00636687, -0.0118397, 0.99991, 0.00288918  
162, 10.6708, 19.8706, 179.958, 0.999779, 0.0200419, 0.00630797, -0.0201152, 0.999728, 0.0117747, -0.00607027, -0.0118989, 0.999911, 0.00295353  
163, 10.6701, 19.8626, 179.966, 0.999785, 0.0197741, 0.00625608, -0.0198486, 0.99973, 0.0120759, -0.0060156, -0.0121974, 0.999908, 0.00282455  
164, 10.7718, 19.7689, 180.024, 0.999758, 0.021289, 0.00548524, -0.0213544, 0.999698, 0.0121571, -0.00522477, -0.0122713, 0.999911, 0.00288058  
165, 10.6702, 19.8635, 179.986, 0.999783, 0.0197136, 0.00674288, -0.0197939, 0.999731, 0.0120651, -0.00650322, -0.0121959, 0.999904, 0.00283232  
166, 10.763, 19.7656, 180.013, 0.999748, 0.0218053, 0.00539669, -0.0218683, 0.99969, 0.0119141, -0.00513523, -0.0120291, 0.999914, 0.00299098  
167, 10.7803, 19.7957, 180.004, 0.999763, 0.0211553, 0.00504684, -0.0212167, 0.999697, 0.0124415, -0.00478211, -0.0125456, 0.99991, 0.00301733  
168, 10.6707, 19.8879, 179.961, 0.99978, 0.0199969, 0.00625973, -0.0200683, 0.999732, 0.0115645, -0.0060268, -0.0116876, 0.999914, 0.0028656  
169, 10.6752, 19.8886, 179.973, 0.999787, 0.0197183, 0.00609343, -0.0197837, 0.999745, 0.0108674, -0.00587759, -0.0109856, 0.999922, 0.00287614  
170, 10.6866, 19.8847, 179.951, 0.999773, 0.0201531, 0.00685764, -0.0202327, 0.999726, 0.0117416, -0.00661913, -0.0118777, 0.999908, 0.00283537  
171, 10.7854, 19.7619, 180.036, 0.999764, 0.0211089, 0.00519627, -0.0211728, 0.999697, 0.012568, -0.00492939, -0.0126751, 0.999908, 0.00287281  
172, 10.7766, 19.7743, 180.036, 0.99975, 0.0216241, 0.00569252, -0.0216962, 0.999681, 0.0129417, -0.00541085, -0.013062, 0.9999, 0.00297961  
173, 10.7747, 19.7592, 180.037, 0.999766, 0.0211399, 0.00461324, -0.0211952, 0.9997, 0.0122905, -0.00435203, -0.0123854, 0.999914, 0.0028803  
174, 10.7752, 19.788, 180.028, 0.999765, 0.021036, 0.00516325, -0.0210982, 0.999702, 0.01231, -0.00490275, -0.012416, 0.999911, 0.00289417  
175, 10.6789, 19.8681, 179.98, 0.999772, 0.0206239, 0.00556479, -0.0206839, 0.999726, 0.0109535, -0.00533737, -0.0110661, 0.999925, 0.00284508  
176, 10.6859, 19.8803, 179.99, 0.999783, 0.019824, 0.00644572, -0.0199014, 0.999728, 0.0121644, -0.00620282, -0.0122901, 0.999905, 0.00303259  
177, 10.7832, 19.7604, 180.045, 0.999753, 0.021598, 0.00524149, -0.021656, 0.999702, 0.0112747, -0.00499642, -0.0113854, 0.999923, 0.00299347  
178, 10.775, 19.8535, 179.944, 0.999768, 0.0207718, 0.0056407, -0.0208432, 0.999699, 0.0129054, -0.00537094, -0.01302, 0.999901, 0.00285534  
179, 10.8066, 19.8016, 179.961, 0.99977, 0.0207591, 0.00535039, -0.020833, 0.999683, 0.0141438, -0.00505508, -0.014252, 0.999886, 0.00287947  
180, 10.935, 19.672, 180.013, 0.999743, 0.0218699, 0.00593018, -0.0219638, 0.999626, 0.016266, -0.00557223, -0.0163921, 0.99985, 0.00284924  
181, 10.8149, 19.8309, 179.904, 0.999756, 0.0205893, 0.00796096, -0.0207132, 0.99966, 0.0158151, -0.00763263, -0.0159762, 0.999843, 0.00299042  
182, 10.8204, 19.8497, 179.919, 0.999768, 0.0204395, 0.00678798, -0.0205454, 0.999662, 0.0159145, -0.0064604, -0.0160503, 0.99985, 0.00301345  
183, 10.8238, 19.8152, 179.933, 0.999772, 0.02013, 0.00716027, -0.0202375, 0.999679, 0.0152715, -0.00685056, -0.0154129, 0.999858, 0.00289778  
184, 10.8248, 19.8373, 179.907, 0.999763, 0.0206865, 0.00671657, -0.0207824, 0.999678, 0.0145423, -0.00641358, -0.0146785, 0.999872, 0.00288918  
185, 10.7928, 19.8177, 179.905, 0.99977, 0.0201488, 0.00731049, -0.0202575, 0.999681, 0.0151126, -0.00700366, -0.0152572, 0.999859, 0.00285201  
186, 10.7937, 19.8262, 179.908, 0.999765, 0.0204903, 0.00702608, -0.0205928, 0.999678, 0.0148303, -0.00671994, -0.0149715, 0.999865, 0.00295409  
187, 10.7864, 19.8301, 179.914, 0.999769, 0.0204992, 0.00649489, -0.0205924, 0.999681, 0.0146195, -0.00619313, -0.0147498, 0.999872, 0.0030692  
188, 10.8014, 19.8403, 179.911, 0.999772, 0.020341, 0.00649927, -0.0204374, 0.999677, 0.0151128, -0.00618976, -0.0152422, 0.999865, 0.00286116  
189, 10.8037, 19.8333, 179.899, 0.999765, 0.0204454, 0.00724565, -0.0205516, 0.999678, 0.0149037, -0.0069386, -0.0150491, 0.999863, 0.00287476  
190, 10.7945, 19.8308, 179.903, 0.999764, 0.0203056, 0.00766657, -0.0204197, 0.999677, 0.0151121, -0.00735724, -0.0152651, 0.999856, 0.0028154  
191, 10.8013, 19.8474, 179.894, 0.999766, 0.020537, 0.00674268, -0.0206342, 0.999679, 0.0146784, -0.00643907, -0.0148141, 0.99987, 0.00296685  
192, 10.8187, 19.8434, 179.896, 0.999758, 0.0207338, 0.00741319, -0.0208474, 0.999661, 0.0155913, -0.00708742, -0.015742, 0.999851, 0.00314631  
193, 10.8024, 19.8355, 179.901, 0.999778, 0.0196974, 0.00753071, -0.0198096, 0.999689, 0.0151313, -0.00723032, -0.0152771, 0.999857, 0.00291941  
194, 10.7992, 19.8276, 179.9, 0.999766, 0.0203501, 0.00737383, -0.0204575, 0.999681, 0.0148021, -0.00707026, -0.0149495, 0.999863, 0.00290582  
195, 10.7942, 19.8565, 179.884, 0.999776, 0.0199698, 0.0070086, -0.0200718, 0.999689, 0.0148079, -0.0067107, -0.0149452, 0.999866, 0.00286422  
196, 10.7754, 19.8222, 179.908, 0.999759, 0.02089, 0.00676594, -0.0209822, 0.999684, 0.0138595, -0.00647427, -0.0139981, 0.999881, 0.00289001  
197, 10.8136, 19.8398, 179.882, 0.999779, 0.0201538, 0.00594858, -0.020236, 0.999696, 0.0140957, -0.00566269, -0.0142129, 0.999883, 0.00301039  
198, 10.7915, 19.8336, 179.912, 0.999771, 0.0203891, 0.00651952, -0.020485, 0.999678, 0.0150081, -0.00621142, -0.0151382, 0.999866, 0.00284452  
199, 10.8044, 19.8268, 179.921, 0.999775, 0.0204959, 0.00552865, -0.0205711, 0.999692, 0.0139158, -0.00524173, -0.0140264, 0.999888, 0.00294382  
200, 10.7959, 19.8254, 179.894, 0.999775, 0.0198931, 0.00737484, -0.0200082, 0.999674, 0.0158712, -0.0070567, -0.0160152, 0.999847, 0.00283398  
201, 10.8056, 19.8298, 179.903, 0.99976, 0.0205578, 0.00762439, -0.0206678, 0.999679, 0.0146461, -0.00732085, -0.0148002, 0.999864, 0.00283481  
202, 10.7985, 19.8384, 179.884, 0.999757, 0.020676, 0.00763383, -0.0207917, 0.999665, 0.0154049, -0.00731276, -0.0155599, 0.999852, 0.0031416  
203, 10.807, 19.8412, 179.911, 0.999766, 0.0205061, 0.00694335, -0.0206072, 0.999678, 0.0148187, -0.00663724, -0.0149583, 0.999866, 0.00287004  
204, 10.8143, 19.8441, 179.904, 0.999759, 0.0210677, 0.00624778, -0.0211594, 0.999664, 0.0150019, -0.00592962, -0.0151304, 0.999868, 0.00281346  
205, 10.8006, 19.8232, 179.891, 0.999763, 0.0203685, 0.00769889, -0.0204868, 0.999668, 0.015613, -0.00737833, -0.015767, 0.999848, 0.00288474  
206, 10.7913, 19.8179, 179.91, 0.999761, 0.0207572, 0.00688215, -0.020853, 0.999682, 0.0141522, -0.0065862, -0.0142924, 0.999876, 0.00286116  
207, 10.8105, 19.8235, 179.907, 0.999768, 0.0202594, 0.0072539, -0.0203659, 0.999681, 0.0149302, -0.00694911, -0.0150745, 0.999862, 0.00311885  
208, 10.8279, 19.8408, 179.901, 0.999773, 0.0202301, 0.00672618, -0.020327, 0.999686, 0.0146592, -0.00642751, -0.0147926, 0.99987, 0.00298321  
209, 10.8223, 19.8424, 179.889, 0.999764, 0.0207029, 0.00654583, -0.0208005, 0.999668, 0.0152121, -0.00622872, -0.0153446, 0.999863, 0.00304174  
210, 10.8144, 19.8226, 179.908, 0.999771, 0.0203166, 0.0067218, -0.0204153, 0.99968, 0.0149496, -0.00641592, -0.0150834, 0.999866, 0.00275964  
211, 10.8113, 19.8515, 179.892, 0.999769, 0.0200905, 0.0076095, -0.0202053, 0.999679, 0.0153151, -0.00729937, -0.0154653, 0.999854, 0.00295603  
212, 10.8145, 19.8422, 179.902, 0.999758, 0.0209262, 0.00680749, -0.0210251, 0.99967, 0.0147822, -0.0064959, -0.0149217, 0.999868, 0.00306504  
213, 10.8119, 19.8401, 179.897, 0.999763, 0.0206279, 0.00700665, -0.0207308, 0.999673, 0.014944, -0.0066961, -0.0150857, 0.999864, 0.00299542  
214, 10.8076, 19.8333, 179.899, 0.999762, 0.0206906, 0.0068641, -0.0207901, 0.999675, 0.0147595, -0.00655648, -0.0148987, 0.999868, 0.00278905  
215, 10.8267, 19.8541, 179.886, 0.999774, 0.020139, 0.0068265, -0.0202403, 0.999681, 0.0151233, -0.00651976, -0.015258, 0.999862, 0.00289362  
216, 10.8163, 19.8497, 179.893, 0.99977, 0.0203754, 0.00668022, -0.0204788, 0.999666, 0.0157834, -0.0063564, -0.0159166, 0.999853, 0.00303453  
217, 10.8284, 19.8192, 179.912, 0.99977, 0.0203957, 0.00657858, -0.0204919, 0.999679, 0.0149117, -0.00627233, -0.0150431, 0.999867, 0.00306698  
218, 10.8029, 19.8317, 179.907, 0.999774, 0.0200207, 0.00721586, -0.0201251, 0.999689, 0.0146935, -0.00691944, -0.0148354, 0.999866, 0.00278489  
219, 10.804, 19.8665, 179.895, 0.999771, 0.0201382, 0.00719932, -0.0202399, 0.999692, 0.0143378, -0.00690837, -0.0144802, 0.999871, 0.00311469  
220, 10.809, 19.803, 179.923, 0.999777, 0.0203418, 0.00559584, -0.0204246, 0.999676, 0.0151727, -0.00528539, -0.0152837, 0.999869, 0.00293439  
221, 10.9907, 19.6191, 180.022, 0.999733, 0.0225704, 0.00494563, -0.0226426, 0.99963, 0.0150693, -0.00460368, -0.0151773, 0.999874, 0.00306781  
222, 10.8132, 19.8467, 179.913, 0.999764, 0.0202655, 0.00782213, -0.0203842, 0.999674, 0.0154055, -0.00750738, -0.0155613, 0.999851, 0.00289473  
223, 10.8057, 19.8335, 179.903, 0.999771, 0.0200706, 0.00741069, -0.0201783, 0.999688, 0.0147517, -0.00711229, -0.0148979, 0.999864, 0.00280708  
224, 10.7818, 19.8551, 179.9, 0.999756, 0.0204804, 0.00826918, -0.0206039, 0.999673, 0.0151371, -0.00795647, -0.0153038, 0.999851, 0.00303148  
225, 10.6684, 19.9212, 179.914, 0.999783, 0.0189424, 0.00866331, -0.0190456, 0.999747, 0.0119805, -0.00843418, -0.0121429, 0.999891, 0.00295797  
226, 10.6669, 19.9246, 179.924, 0.999772, 0.0192716, 0.00916257, -0.0193868, 0.999732, 0.0126506, -0.00891632, -0.0128253, 0.999878, 0.00302121  
227, 10.6593, 19.9076, 179.906, 0.999776, 0.0192588, 0.00874248, -0.0193699, 0.99973, 0.012805, -0.00849351, -0.0129715, 0.99988, 0.00309527  
228, 10.6762, 19.9103, 179.969, 0.999789, 0.0195071, 0.00646606, -0.019575, 0.999752, 0.0106106, -0.00625748, -0.0107349, 0.999923, 0.00293495  
229, 10.6393, 19.889, 179.985, 0.999768, 0.0208549, 0.00540886, -0.0209177, 0.999711, 0.0118364, -0.00516046, -0.0119468, 0.999915, 0.00300457  
230, 10.6634, 19.8757, 179.954, 0.999775, 0.020198, 0.00651798, -0.0202712, 0.99973, 0.0113545, -0.00628688, -0.0114841, 0.999914, 0.00291359  
231, 10.7648, 19.7739, 180.036, 0.999759, 0.0211669, 0.00586587, -0.0212447, 0.999683, 0.0135412, -0.00557738, -0.0136626, 0.999891, 0.00288641  
232, 10.7581, 19.7875, 180.025, 0.999757, 0.0212254, 0.00593482, -0.0213012, 0.999688, 0.013014, -0.00565675, -0.0131373, 0.999898, 0.00284397  
233, 10.7758, 19.7796, 180.05, 0.999762, 0.0211138, 0.00544493, -0.02118, 0.999699, 0.0123842, -0.00518181, -0.0124966, 0.999908, 0.00304507  
234, 10.7739, 19.7804, 180.027, 0.999751, 0.0216453, 0.00550741, -0.0217075, 0.999698, 0.011499, -0.00525685, -0.0116157, 0.999919, 0.00280014  
235, 10.7513, 19.7782, 180.031, 0.999759, 0.0213083, 0.00524146, -0.0213684, 0.999703, 0.0116909, -0.00499079, -0.0118001, 0.999918, 0.0029208  
236, 10.6689, 19.8797, 179.978, 0.999774, 0.0200566, 0.00701457, -0.0201399, 0.999725, 0.01201, -0.00677177, -0.0121485, 0.999903, 0.00284314  
237, 10.6552, 19.8782, 179.961, 0.999773, 0.020244, 0.00671452, -0.0203186, 0.99973, 0.0112334, -0.0064853, -0.0113673, 0.999914, 0.00295769  
238, 10.7748, 19.7799, 180.025, 0.999758, 0.0211978, 0.00594685, -0.0212742, 0.999688, 0.0130928, -0.00566746, -0.0132161, 0.999897, 0.00311635  
239, 10.766, 19.7739, 180.039, 0.999762, 0.0209424, 0.00616662, -0.0210221, 0.999692, 0.0131547, -0.00588923, -0.0132812, 0.999894, 0.00280597  
240, 10.6956, 19.879, 179.962, 0.999794, 0.0193693, 0.00612368, -0.0194409, 0.999741, 0.0118685, -0.00589221, -0.0119851, 0.999911, 0.00290638  
241, 10.6913, 19.8838, 179.969, 0.999777, 0.0200274, 0.00667384, -0.0201086, 0.999722, 0.0123366, -0.00642492, -0.012468, 0.999902, 0.00300512  
242, 10.69, 19.8746, 179.979, 0.999781, 0.020285, 0.00510578, -0.0203392, 0.999735, 0.0108031, -0.00488529, -0.0109046, 0.999929, 0.00285229  
243, 10.6571, 19.8722, 179.988, 0.999785, 0.0192489, 0.00777129, -0.0193437, 0.999737, 0.0123147, -0.0075322, -0.0124623, 0.999894, 0.0028767  
244, 10.6714, 19.8867, 179.967, 0.999783, 0.0198656, 0.00634177, -0.0199349, 0.99974, 0.0110548, -0.00612052, -0.0111788, 0.999919, 0.00280763  
245, 10.6725, 19.8971, 179.956, 0.999773, 0.0203675, 0.00623771, -0.0204392, 0.999723, 0.0116595, -0.00599851, -0.0117843, 0.999913, 0.00282622  
246, 10.7881, 19.7802, 180.038, 0.999757, 0.0214522, 0.00510653, -0.0215176, 0.999682, 0.0131207, -0.00482344, -0.0132274, 0.999901, 0.00282871  
247, 10.6692, 19.8892, 179.972, 0.999782, 0.0198857, 0.00632234, -0.0199552, 0.999739, 0.0111181, -0.0060996, -0.0112419, 0.999918, 0.0028509  
248, 10.67, 19.8623, 179.986, 0.999785, 0.0193609, 0.00748164, -0.0194541, 0.999731, 0.0125952, -0.00723577, -0.0127381, 0.999893, 0.00288585  
249, 10.7711, 19.7728, 180.033, 0.999775, 0.0206365, 0.00493837, -0.0206971, 0.999707, 0.0125625, -0.00467768, -0.0126619, 0.999909, 0.00284702  
250, 10.7842, 19.7696, 180.016, 0.999754, 0.021528, 0.00536806, -0.0215922, 0.999693, 0.0121882, -0.00510402, -0.0123011, 0.999911, 0.0029183  
251, 10.693, 19.8826, 179.975, 0.999783, 0.0199581, 0.00592643, -0.0200238, 0.999736, 0.0112424, -0.00570049, -0.0113586, 0.999919, 0.00292191  
252, 10.7698, 19.8004, 180.028, 0.999769, 0.0209864, 0.00470548, -0.0210423, 0.999705, 0.0121462, -0.00444919, -0.0122424, 0.999915, 0.00287337  
253, 10.7634, 19.7803, 180.022, 0.999765, 0.0211112, 0.00499811, -0.0211686, 0.999707, 0.0117247, -0.00474912, -0.0118278, 0.999919, 0.0029588  
254, 10.6891, 19.8873, 179.985, 0.999779, 0.0198676, 0.00682671, -0.0199474, 0.999731, 0.0118258, -0.00658992, -0.0119594, 0.999907, 0.0029172  
255, 10.772, 19.7684, 180.03, 0.999761, 0.0209539, 0.00630696, -0.0210373, 0.999688, 0.0134461, -0.00602324, -0.0135756, 0.99989, 0.00296296  
256, 10.6955, 19.8111, 180.045, 0.999783, 0.0204564, 0.00405225, -0.0205079, 0.999704, 0.0130999, -0.00378308, -0.0131802, 0.999906, 0.00280652  
257, 10.6511, 19.8302, 180.133, 0.999822, 0.0184022, 0.00411271, -0.0184466, 0.999769, 0.0110483, -0.00390844, -0.0111222, 0.999931, 0.00287392  
258, 10.6171, 19.8639, 180.122, 0.999787, 0.0200635, 0.00494027, -0.0201239, 0.99972, 0.0124833, -0.00468843, -0.0125801, 0.99991, 0.00294687  
259, 10.6516, 19.8981, 180.153, 0.999829, 0.017897, 0.00455342, -0.0179525, 0.999761, 0.0124484, -0.00432955, -0.0125281, 0.999912, 0.00291387  
260, 10.6163, 19.8287, 180.137, 0.999801, 0.0190531, 0.00590383, -0.0191317, 0.999725, 0.0135598, -0.00564385, -0.01367, 0.999891, 0.0028473  
261, 10.6358, 19.8778, 180.173, 0.999822, 0.0186799, 0.00247056, -0.0187102, 0.999742, 0.0128434, -0.00223001, -0.0128873, 0.999914, 0.00294382  
262, 10.6464, 19.8884, 180.165, 0.999826, 0.0183891, 0.00320852, -0.0184276, 0.999753, 0.0124222, -0.0029793, -0.0124792, 0.999918, 0.00285395  
263, 10.6437, 19.8837, 180.173, 0.999827, 0.0184865, 0.00210861, -0.0185117, 0.999749, 0.0126223, -0.00187473, -0.0126592, 0.999918, 0.00292385  
264, 10.6332, 19.8891, 180.176, 0.999835, 0.0179736, 0.00272469, -0.0180075, 0.999754, 0.012972, -0.00249086, -0.0130189, 0.999912, 0.00293134  
265, 10.6299, 19.8868, 180.19, 0.999834, 0.0179138, 0.00325922, -0.0179561, 0.999749, 0.0134345, -0.00301774, -0.0134908, 0.999904, 0.00289584  
266, 10.6265, 19.8936, 180.204, 0.999832, 0.0182246, 0.00200184, -0.0182464, 0.999768, 0.0114782, -0.00179219, -0.0115128, 0.999932, 0.00294965  
267, 10.6281, 19.903, 180.187, 0.999838, 0.0177439, 0.00304404, -0.0177843, 0.999747, 0.0138036, -0.00279834, -0.0138555, 0.9999, 0.00278294  
268, 10.6331, 19.9, 180.17, 0.999831, 0.0182469, 0.00224256, -0.0182735, 0.999755, 0.012467, -0.00201453, -0.0125058, 0.99992, 0.00292163  
269, 10.64, 19.9095, 180.157, 0.999824, 0.018561, 0.00269791, -0.018597, 0.999729, 0.0139691, -0.0024379, -0.0140168, 0.999899, 0.0029086  
270, 10.6322, 19.8929, 180.181, 0.999841, 0.017686, 0.00240302, -0.0177144, 0.999767, 0.0123496, -0.00218404, -0.0123902, 0.999921, 0.00286172  
271, 10.616, 19.8557, 180.183, 0.999814, 0.0188202, 0.0041945, -0.0188739, 0.999735, 0.0131468, -0.00394596, -0.0132235, 0.999905, 0.00298488  
272, 10.6019, 19.8806, 180.191, 0.999826, 0.0183197, 0.00346312, -0.0183623, 0.999751, 0.0127116, -0.00322938, -0.012773, 0.999913, 0.00283787  
273, 10.6241, 19.8788, 180.193, 0.999838, 0.017822, 0.00264251, -0.0178522, 0.99977, 0.011897, -0.00242988, -0.0119422, 0.999926, 0.00301483  
274, 10.6326, 19.8976, 180.182, 0.999838, 0.0178697, 0.00215062, -0.0178949, 0.999764, 0.0123105, -0.00193013, -0.012347, 0.999922, 0.0029  
275, 10.6316, 19.8695, 180.192, 0.999825, 0.0184199, 0.00312878, -0.0184612, 0.999735, 0.0137366, -0.00287492, -0.0137919, 0.999901, 0.00286089  
276, 10.6373, 19.8983, 180.184, 0.99983, 0.0181966, 0.0028132, -0.0182325, 0.999745, 0.0133262, -0.00256999, -0.0133752, 0.999907, 0.00290971  
277, 10.6421, 19.8973, 180.174, 0.99982, 0.0187558, 0.00295937, -0.0187939, 0.999733, 0.0134153, -0.00270697, -0.0134685, 0.999906, 0.00288086  
