0, 12.7852, 20.2519, 179.971, 0.999984, -0.000435194, -0.00565359, 0.000476062, 0.999974, 0.00722919, 0.0056503, -0.00723177, 0.999958, 0.0464596  
1, 12.7419, 20.2666, 179.971, 0.999984, 3.1547e-005, -0.00564801, 1.03506e-005, 0.999972, 0.00741794, 0.00564808, -0.00741788, 0.999957, 0.00272275  
2, 12.773, 20.2473, 179.968, 0.999986, 0.000102851, -0.0053626, -6.85235e-005, 0.99998, 0.00640115, 0.00536315, -0.0064007, 0.999965, 0.00272525  
3, 12.7721, 20.2895, 179.966, 0.999985, -0.000278664, -0.00554652, 0.000319024, 0.999973, 0.00727715, 0.00554435, -0.0072788, 0.999958, 0.00282816  
4, 12.7806, 20.2497, 179.974, 0.999984, -0.000502512, -0.00554675, 0.000540221, 0.999977, 0.00679904, 0.0055432, -0.00680193, 0.999962, 0.00279127  
5, 12.7766, 20.2555, 179.959, 0.999986, 0.000304112, -0.0053558, -0.000264824, 0.999973, 0.00733464, 0.00535789, -0.00733312, 0.999959, 0.00281096  
6, 12.7597, 20.277, 179.967, 0.999988, -9.4119e-005, -0.00487751, 0.000135167, 0.999965, 0.00841616, 0.00487655, -0.00841672, 0.999953, 0.00287531  
7, 12.7447, 20.2612, 179.979, 0.999986, -1.03884e-005, -0.00535769, 5.18384e-005, 0.99997, 0.00773647, 0.00535745, -0.00773664, 0.999956, 0.00289806  
8, 12.7676, 20.26, 179.953, 0.999989, 0.000182939, -0.00472103, -0.000145743, 0.999969, 0.00787784, 0.00472233, -0.00787706, 0.999958, 0.00280236  
9, 12.7642, 20.2637, 179.966, 0.999984, 7.3077e-005, -0.00571136, -3.97684e-005, 0.999983, 0.00583188, 0.00571169, -0.00583156, 0.999967, 0.0029699  
10, 12.772, 20.2828, 179.972, 0.99998, -0.000538914, -0.00630702, 0.000580913, 0.999978, 0.00665914, 0.00630329, -0.00666267, 0.999958, 0.00267033  
11, 12.7716, 20.2957, 179.951, 0.999987, -9.29734e-005, -0.00507327, 0.000134975, 0.999966, 0.00827925, 0.00507233, -0.00827983, 0.999953, 0.00269779  
12, 12.7858, 20.2756, 179.963, 0.999985, 0.000211249, -0.00545947, -0.000174182, 0.999977, 0.00678911, 0.00546077, -0.00678805, 0.999962, 0.00276159  
13, 12.7538, 20.281, 179.943, 0.999988, -0.000312974, -0.0049273, 0.000353898, 0.999965, 0.00830676, 0.00492453, -0.0083084, 0.999953, 0.00294382  
14, 12.7749, 20.2706, 179.97, 0.999985, -0.000377742, -0.00553025, 0.000419007, 0.999972, 0.00746257, 0.00552727, -0.00746477, 0.999957, 0.00285562  
15, 12.7764, 20.278, 179.966, 0.999983, -0.000334722, -0.00575966, 0.000371349, 0.99998, 0.00635934, 0.00575742, -0.00636138, 0.999963, 0.00278211  
16, 12.7696, 20.2589, 179.965, 0.999984, -0.000597554, -0.00566819, 0.000639732, 0.999972, 0.00744217, 0.00566359, -0.00744568, 0.999956, 0.00280264  
17, 12.7742, 20.2578, 179.972, 0.999985, -0.00067757, -0.00539175, 0.000713019, 0.999978, 0.00657548, 0.00538718, -0.00657923, 0.999964, 0.00302842  
18, 12.7684, 20.2781, 179.982, 0.99998, -0.000519453, -0.0063283, 0.000558747, 0.999981, 0.00620907, 0.00632495, -0.00621248, 0.999961, 0.00300762  
19, 12.7696, 20.2399, 179.989, 0.999977, -0.000171847, -0.00679759, 0.000215183, 0.99998, 0.00637487, 0.00679636, -0.00637619, 0.999957, 0.00280957  
20, 12.7559, 20.268, 179.957, 0.999983, 0.000160862, -0.00578286, -0.000122556, 0.999978, 0.00662382, 0.0057838, -0.006623, 0.999961, 0.00279043  
21, 12.774, 20.2803, 179.952, 0.999985, 0.000379354, -0.00554396, -0.000337987, 0.999972, 0.00746071, 0.00554664, -0.00745872, 0.999957, 0.00293744  
22, 12.7682, 20.2629, 179.977, 0.999988, 0.000247121, -0.00480936, -0.000213455, 0.999975, 0.0069993, 0.00481097, -0.0069982, 0.999964, 0.00284147  
23, 12.7713, 20.2525, 179.978, 0.99998, -0.000136326, -0.00625631, 0.000180712, 0.999975, 0.0070946, 0.00625518, -0.00709559, 0.999955, 0.00293606  
24, 12.7753, 20.2866, 179.98, 0.99998, -0.000113388, -0.00638499, 0.000158057, 0.999976, 0.00699585, 0.00638404, -0.00699671, 0.999955, 0.00287115  
25, 12.7683, 20.2733, 179.944, 0.999984, 0.000217091, -0.00570865, -0.000175989, 0.999974, 0.00719954, 0.00571007, -0.00719842, 0.999958, 0.00277823  
26, 12.7538, 20.2675, 179.967, 0.999984, -0.000317375, -0.0055644, 0.000355351, 0.999977, 0.00682509, 0.0055621, -0.00682696, 0.999961, 0.00285534  
27, 12.7369, 20.2574, 179.965, 0.999985, -0.000534565, -0.00543201, 0.000574237, 0.999973, 0.00730442, 0.00542796, -0.00730743, 0.999959, 0.00298238  
28, 12.736, 20.2595, 179.96, 0.999985, -0.000136659, -0.00550716, 0.000175247, 0.999975, 0.00700693, 0.00550607, -0.00700779, 0.99996, 0.00288696  
29, 12.7812, 20.2576, 179.964, 0.999982, 0.000201418, -0.00596745, -0.000160866, 0.999977, 0.00679522, 0.00596868, -0.00679414, 0.999959, 0.00280014  
30, 12.7677, 20.2856, 179.953, 0.999981, -0.000115522, -0.00619776, 0.00015727, 0.999977, 0.00673587, 0.00619684, -0.00673671, 0.999958, 0.00281013  
31, 12.7453, 20.2595, 179.962, 0.999985, -4.44347e-005, -0.00540053, 8.21698e-005, 0.999976, 0.00698728, 0.00540008, -0.00698762, 0.999961, 0.00283149  
32, 12.7671, 20.2635, 179.977, 0.999982, -0.000153287, -0.00598493, 0.000191068, 0.99998, 0.00631272, 0.00598384, -0.00631375, 0.999962, 0.00284452  
33, 12.7617, 20.2628, 179.953, 0.999988, -3.26005e-005, -0.00485149, 6.83797e-005, 0.999973, 0.0073749, 0.00485112, -0.00737514, 0.999961, 0.00294604  
34, 12.7707, 20.2689, 179.955, 0.999983, -0.000137463, -0.00589175, 0.000178717, 0.999975, 0.00700194, 0.00589064, -0.00700287, 0.999958, 0.00281096  
35, 12.7806, 20.2515, 179.968, 0.999979, -0.000419099, -0.00643676, 0.000462081, 0.999978, 0.00667751, 0.00643382, -0.00668035, 0.999957, 0.00278183  
36, 12.7572, 20.2779, 179.943, 0.999988, 0.000433894, -0.0049693, -0.000398349, 0.999974, 0.00715175, 0.00497227, -0.00714968, 0.999962, 0.00307863  
37, 12.7299, 20.2443, 179.973, 0.999985, -0.000525393, -0.00545646, 0.000566669, 0.999971, 0.00756577, 0.00545233, -0.00756875, 0.999956, 0.00301788  
38, 12.75, 20.2606, 179.958, 0.999987, -0.000235879, -0.00510375, 0.000274682, 0.999971, 0.00760346, 0.00510181, -0.00760476, 0.999958, 0.00429383  
39, 12.7587, 20.243, 179.979, 0.999982, -0.000561091, -0.0059538, 0.000604309, 0.999973, 0.00725954, 0.00594957, -0.00726301, 0.999956, 0.00285062  
40, 12.754, 20.2646, 179.976, 0.999984, 0.000395158, -0.00570915, -0.000357931, 0.999979, 0.00652015, 0.00571161, -0.006518, 0.999962, 0.00278183  
41, 12.7606, 20.2549, 179.953, 0.999986, -0.000246045, -0.00535242, 0.000283487, 0.999975, 0.00699558, 0.00535057, -0.006997, 0.999961, 0.00283787  
42, 12.7452, 20.2548, 179.977, 0.999984, -0.00024576, -0.00563683, 0.000283586, 0.999977, 0.00671068, 0.00563505, -0.00671217, 0.999962, 0.00310803  
43, 12.7572, 20.261, 179.971, 0.999984, -0.000737828, -0.00552174, 0.000778525, 0.999973, 0.00737185, 0.00551615, -0.00737603, 0.999958, 0.00288141  
44, 12.7589, 20.2806, 179.969, 0.99998, -0.0006069, -0.00625632, 0.000649623, 0.999976, 0.00682897, 0.00625203, -0.0068329, 0.999957, 0.00281762  
45, 12.7371, 20.2664, 179.969, 0.999988, 0.000244451, -0.00498959, -0.000203269, 0.999966, 0.00825237, 0.00499144, -0.00825125, 0.999954, 0.00289584  
46, 12.7684, 20.2536, 179.97, 0.999986, 0.00032009, -0.00520356, -0.000279425, 0.999969, 0.00781369, 0.0052059, -0.00781212, 0.999956, 0.0028853  
47, 12.7632, 20.2608, 179.949, 0.999987, 4.88074e-005, -0.00504264, -1.5854e-005, 0.999979, 0.00653478, 0.00504285, -0.00653462, 0.999966, 0.00280819  
48, 12.754, 20.2698, 179.951, 0.999989, 0.000524511, -0.00467235, -0.000489285, 0.999971, 0.00753718, 0.00467617, -0.00753481, 0.999961, 0.00286116  
49, 12.7432, 20.2293, 179.968, 0.999987, -0.000187443, -0.00511988, 0.00022461, 0.999974, 0.00725964, 0.00511839, -0.00726069, 0.999961, 0.00282954  
50, 12.7727, 20.2531, 179.967, 0.99998, -0.000795128, -0.00628637, 0.000843313, 0.99997, 0.00766606, 0.00628009, -0.0076712, 0.999951, 0.00289084  
51, 12.7693, 20.2648, 179.942, 0.999985, -0.000315597, -0.00542948, 0.000355333, 0.999973, 0.00731908, 0.00542702, -0.0073209, 0.999958, 0.00290083  
52, 12.7586, 20.2557, 179.978, 0.999983, -0.00044652, -0.00587412, 0.000487964, 0.999975, 0.00705576, 0.00587082, -0.0070585, 0.999958, 0.00291276  
53, 12.7734, 20.2604, 179.972, 0.99998, -7.61805e-006, -0.0063533, 5.422e-005, 0.999973, 0.00733493, 0.00635308, -0.00733512, 0.999953, 0.00288446  
54, 12.7544, 20.2671, 179.972, 0.999981, 8.96574e-005, -0.0062155, -4.75748e-005, 0.999977, 0.00677042, 0.00621596, -0.00676999, 0.999958, 0.00284619  
55, 12.7388, 20.2866, 179.933, 0.999986, 0.000183411, -0.00535505, -0.000141861, 0.99997, 0.0077584, 0.00535631, -0.00775753, 0.999956, 0.00288308  
56, 12.7725, 20.2484, 179.979, 0.999987, -0.000105367, -0.00503544, 0.000143643, 0.999971, 0.00760166, 0.0050345, -0.00760229, 0.999958, 0.00289001  
57, 12.7673, 20.2503, 179.963, 0.999984, -0.000324741, -0.00557343, 0.00036504, 0.999974, 0.007231, 0.00557093, -0.00723292, 0.999958, 0.00292219  
58, 12.7591, 20.2768, 179.945, 0.999983, 6.97235e-005, -0.00585572, -2.50562e-005, 0.999971, 0.00762769, 0.00585609, -0.00762742, 0.999954, 0.00280791  
59, 12.7731, 20.2726, 179.95, 0.999985, -9.19596e-005, -0.00553367, 0.000131107, 0.999975, 0.00707436, 0.00553289, -0.00707497, 0.99996, 0.00286754  
60, 12.769, 20.2904, 179.96, 0.999982, -0.000542917, -0.0060549, 0.000585728, 0.999975, 0.00707081, 0.00605091, -0.00707423, 0.999957, 0.00297794  
61, 12.7815, 20.2627, 179.968, 0.999985, -0.000239418, -0.00552254, 0.000275505, 0.999979, 0.00653471, 0.00552085, -0.00653613, 0.999963, 0.00291193  
62, 12.7635, 20.2489, 179.956, 0.999986, 0.00024331, -0.0052931, -0.000206052, 0.999975, 0.00703844, 0.00529468, -0.00703725, 0.999961, 0.00304451  
63, 12.7621, 20.2604, 179.974, 0.999982, -0.000533586, -0.00589671, 0.000576256, 0.999974, 0.00723688, 0.00589269, -0.00724015, 0.999956, 0.00286976  
64, 12.7672, 20.266, 179.969, 0.999983, -4.62268e-005, -0.00581465, 8.85938e-005, 0.999973, 0.0072862, 0.00581416, -0.00728659, 0.999957, 0.00287171  
65, 12.7494, 20.283, 179.983, 0.999986, -0.000300114, -0.00534764, 0.000340338, 0.999972, 0.00752249, 0.00534523, -0.0075242, 0.999957, 0.00283287  
66, 12.7447, 20.2518, 179.949, 0.999982, -0.000345348, -0.00603478, 0.000393405, 0.999968, 0.00796392, 0.00603184, -0.00796615, 0.99995, 0.00286671  
67, 12.767, 20.2715, 179.953, 0.999988, 0.000444403, -0.00497472, -0.000407209, 0.999972, 0.00747512, 0.00497791, -0.007473, 0.99996, 0.00304951  
68, 12.7532, 20.2548, 179.973, 0.999983, 9.28316e-006, -0.00576263, 2.98707e-005, 0.999977, 0.00679432, 0.00576256, -0.00679438, 0.99996, 0.00287614  
69, 12.774, 20.2833, 179.963, 0.999986, -0.00061313, -0.00532373, 0.000655927, 0.999967, 0.00804098, 0.00531862, -0.00804436, 0.999953, 0.0028706  
70, 12.7795, 20.2767, 179.964, 0.999987, -0.000235719, -0.00505989, 0.000270547, 0.999976, 0.00688362, 0.00505815, -0.0068849, 0.999964, 0.00283842  
71, 12.7735, 20.2655, 179.98, 0.999982, -0.000302272, -0.0060429, 0.000339015, 0.999981, 0.00608026, 0.00604095, -0.0060822, 0.999963, 0.00280014  
72, 12.78, 20.2645, 179.948, 0.999986, -0.00015877, -0.00531097, 0.000196081, 0.999975, 0.00702561, 0.00530973, -0.00702655, 0.999961, 0.00303286  
73, 12.7508, 20.2425, 179.977, 0.999977, -0.000398259, -0.00683632, 0.000442706, 0.999979, 0.00650138, 0.00683358, -0.00650425, 0.999955, 0.00278683  
74, 12.7577, 20.2486, 179.988, 0.999983, -0.000158201, -0.00584734, 0.000193037, 0.999982, 0.00595742, 0.00584629, -0.00595844, 0.999965, 0.00297212  
75, 12.7378, 20.2513, 179.952, 0.999983, 5.37609e-005, -0.00576094, -1.16921e-005, 0.999973, 0.0073022, 0.00576118, -0.00730201, 0.999957, 0.00297572  
76, 12.7834, 20.2318, 179.96, 0.999987, -0.000314728, -0.00506059, 0.000349635, 0.999976, 0.00689839, 0.0050583, -0.00690007, 0.999963, 0.00283287  
77, 12.761, 20.2752, 179.956, 0.999982, -0.000177149, -0.00598034, 0.00021523, 0.99998, 0.00636767, 0.00597909, -0.00636884, 0.999962, 0.0028939  
78, 12.7605, 20.235, 179.97, 0.999989, -0.000136247, -0.00477373, 0.000174163, 0.999968, 0.00794328, 0.0047725, -0.00794402, 0.999957, 0.00297794  
79, 12.7482, 20.2507, 179.946, 0.999985, 0.000582373, -0.00550534, -0.000545478, 0.999977, 0.00670091, 0.00550912, -0.00669781, 0.999962, 0.00282289  
80, 12.7636, 20.2727, 179.958, 0.999984, -0.000240971, -0.00563702, 0.000279039, 0.999977, 0.0067535, 0.00563527, -0.00675497, 0.999961, 0.00292136  
81, 12.7602, 20.2738, 179.961, 0.999983, 0.000106835, -0.00580664, -6.8077e-005, 0.999978, 0.00667463, 0.00580722, -0.00667413, 0.999961, 0.00289251  
82, 12.7772, 20.2742, 179.96, 0.999984, 0.000455345, -0.00568495, -0.000418793, 0.999979, 0.00642913, 0.00568776, -0.00642664, 0.999963, 0.00269141  
83, 12.7494, 20.2774, 179.97, 0.999983, 2.5848e-005, -0.00589587, 1.17734e-005, 0.99998, 0.00638084, 0.00589591, -0.0063808, 0.999962, 0.00293828  
84, 12.7465, 20.2504, 179.953, 0.999984, 0.000406517, -0.00557349, -0.000364151, 0.999971, 0.0076001, 0.00557642, -0.00759795, 0.999956, 0.00276908  
85, 12.7673, 20.2426, 179.965, 0.999981, -0.000363469, -0.00621135, 0.000411576, 0.99997, 0.00774544, 0.00620835, -0.00774785, 0.999951, 0.00286366  
86, 12.7697, 20.2437, 179.975, 0.999984, -0.000165884, -0.00558669, 0.000211505, 0.999967, 0.00816647, 0.00558515, -0.00816753, 0.999951, 0.00287032  
87, 12.7644, 20.2729, 179.956, 0.999983, -0.000333622, -0.00579224, 0.000372778, 0.999977, 0.00676035, 0.00578985, -0.00676239, 0.99996, 0.00295769  
88, 12.7362, 20.2519, 179.949, 0.999987, 0.000103703, -0.00500557, -6.85006e-005, 0.999975, 0.00703235, 0.00500618, -0.00703192, 0.999963, 0.00289806  
89, 12.7663, 20.2567, 179.969, 0.999982, -7.61597e-005, -0.00607912, 0.000118778, 0.999975, 0.00701052, 0.00607844, -0.00701111, 0.999957, 0.00288336  
90, 12.7724, 20.2722, 179.979, 0.999985, 0.000134641, -0.00556145, -9.27362e-005, 0.999972, 0.00753443, 0.00556231, -0.00753379, 0.999956, 0.0028853  
91, 12.7738, 20.2578, 179.979, 0.999982, 0.000202643, -0.00606597, -0.00016306, 0.999979, 0.0065252, 0.00606716, -0.00652409, 0.99996, 0.00311691  
92, 12.7746, 20.2751, 179.956, 0.999983, -0.000277971, -0.00581321, 0.000317485, 0.999977, 0.00679745, 0.00581119, -0.00679918, 0.99996, 0.00284646  
93, 12.7644, 20.2468, 179.989, 0.999979, 0.000174282, -0.00649302, -0.000129413, 0.999976, 0.00691005, 0.00649407, -0.00690906, 0.999955, 0.00281651  
94, 12.7895, 20.254, 179.984, 0.999984, -0.0006641, -0.00557862, 0.00070676, 0.99997, 0.00764852, 0.00557337, -0.00765234, 0.999955, 0.00279626  
95, 12.757, 20.2494, 179.974, 0.999984, 1.56073e-005, -0.0057412, 2.28386e-005, 0.999978, 0.00669636, 0.00574117, -0.00669638, 0.999961, 0.00286394  
96, 12.7609, 20.2517, 179.966, 0.999986, 0.000244833, -0.00527343, -0.000199477, 0.999963, 0.00859962, 0.00527535, -0.00859845, 0.999949, 0.00284924  
97, 12.7482, 20.2409, 179.959, 0.999984, -0.000451909, -0.00569932, 0.000493043, 0.999974, 0.00721799, 0.00569591, -0.00722068, 0.999958, 0.00298793  
98, 12.7957, 20.2737, 179.962, 0.999985, -0.000283832, -0.00548171, 0.000324144, 0.999973, 0.0073544, 0.00547948, -0.00735606, 0.999958, 0.00280541  
99, 12.7622, 20.2529, 179.938, 0.999984, 0.000293042, -0.00562166, -0.000248757, 0.999969, 0.00787666, 0.0056238, -0.00787514, 0.999953, 0.00274411  
100, 12.7801, 20.274, 179.965, 0.999981, -0.000177258, -0.00620117, 0.000216763, 0.99998, 0.00637046, 0.00619992, -0.00637168, 0.99996, 0.00295797  
101, 12.7547, 20.2478, 179.966, 0.999984, 0.000217894, -0.00567957, -0.00017803, 0.999975, 0.00701846, 0.00568096, -0.00701734, 0.999959, 0.00283925  
102, 12.7571, 20.2474, 179.971, 0.999984, 0.000438249, -0.00558469, -0.000398565, 0.999975, 0.00710508, 0.00558766, -0.00710274, 0.999959, 0.00286533  
103, 12.7547, 20.2687, 179.954, 0.999982, 0.000707644, -0.0060112, -0.000668793, 0.999979, 0.00646252, 0.00601565, -0.00645838, 0.999961, 0.00282372  
104, 12.7393, 20.2423, 179.972, 0.999982, -0.0003667, -0.00591378, 0.00040531, 0.999979, 0.00652893, 0.00591126, -0.00653121, 0.999961, 0.00278544  
105, 12.749, 20.2711, 179.966, 0.999984, -0.000396236, -0.00561819, 0.000435091, 0.999976, 0.00691654, 0.00561532, -0.00691888, 0.99996, 0.00288141  
106, 12.7822, 20.2514, 179.982, 0.999982, -0.000361729, -0.00605561, 0.000400317, 0.99998, 0.00637231, 0.00605318, -0.00637462, 0.999961, 0.0028423  
107, 12.7572, 20.2498, 179.961, 0.999989, -0.000129217, -0.00459048, 0.000161448, 0.999975, 0.00702161, 0.00458946, -0.00702228, 0.999965, 0.00295908  
108, 12.7502, 20.2473, 179.954, 0.999985, 0.000631707, -0.00540397, -0.000590159, 0.99997, 0.00768658, 0.00540867, -0.00768328, 0.999956, 0.00290416  
109, 12.7682, 20.2573, 179.955, 0.999983, 0.00053229, -0.0057703, -0.00049273, 0.999976, 0.00685504, 0.00577381, -0.00685208, 0.99996, 0.0028337  
110, 12.7616, 20.2714, 179.959, 0.999986, -0.000119198, -0.00526144, 0.000159255, 0.999971, 0.00761345, 0.00526038, -0.00761418, 0.999957, 0.00290887  
111, 12.7712, 20.2622, 179.987, 0.999978, -0.000587845, -0.00658916, 0.00062984, 0.999979, 0.00637313, 0.00658528, -0.00637714, 0.999958, 0.00299486  
112, 12.7553, 20.2596, 179.97, 0.999982, 0.000375616, -0.0060579, -0.000333991, 0.999976, 0.00687074, 0.00606034, -0.00686859, 0.999958, 0.00286533  
113, 12.7514, 20.2534, 179.983, 0.999987, 0.000207496, -0.00502866, -0.000166685, 0.999967, 0.0081147, 0.00503018, -0.00811376, 0.999954, 0.0028104  
114, 12.7723, 20.2596, 179.969, 0.999986, -0.000231409, -0.00525374, 0.000273642, 0.999968, 0.0080392, 0.00525171, -0.00804053, 0.999954, 0.00287642  
115, 12.7567, 20.2544, 179.969, 0.999985, -0.000611787, -0.00539012, 0.000645499, 0.99998, 0.00625487, 0.00538619, -0.00625826, 0.999966, 0.00285201  
116, 12.7576, 20.244, 179.981, 0.999982, -0.000164001, -0.00605595, 0.000207361, 0.999974, 0.00715993, 0.00605462, -0.00716105, 0.999956, 0.0029932  
117, 12.7294, 20.2642, 179.954, 0.999988, 0.000421131, -0.00480556, -0.000388801, 0.999977, 0.00672655, 0.00480829, -0.00672461, 0.999966, 0.0027688  
118, 12.7587, 20.2734, 179.952, 0.999986, -0.000201267, -0.00526992, 0.00023644, 0.999978, 0.00667445, 0.00526846, -0.0066756, 0.999964, 0.00284951  
119, 12.7617, 20.2705, 179.972, 0.999981, -0.000384906, -0.00617097, 0.000424462, 0.999979, 0.00640994, 0.00616837, -0.00641244, 0.99996, 0.00282344  
120, 12.7374, 20.2668, 179.969, 0.999986, 5.79814e-005, -0.00533248, -2.07041e-005, 0.999976, 0.00699039, 0.00533276, -0.00699018, 0.999961, 0.00296019  
121, 12.7962, 20.2731, 179.975, 0.999981, -0.000181728, -0.00616763, 0.000222436, 0.999978, 0.00660022, 0.0061663, -0.00660146, 0.999959, 0.00297239  
122, 12.7847, 20.2802, 179.973, 0.999977, -0.000278685, -0.00679285, 0.000325145, 0.999977, 0.00683941, 0.00679078, -0.00684146, 0.999954, 0.00289445  
123, 12.7608, 20.2497, 179.974, 0.999982, 0.000212503, -0.00607334, -0.00017476, 0.999981, 0.00621447, 0.00607454, -0.0062133, 0.999962, 0.00278655  
124, 12.737, 20.2507, 179.96, 0.999984, -9.54127e-006, -0.00559739, 4.95085e-005, 0.999975, 0.00714024, 0.00559718, -0.0071404, 0.999959, 0.00293939  
125, 12.749, 20.2673, 179.965, 0.999986, 0.000581142, -0.00533024, -0.000543981, 0.999976, 0.00697047, 0.00533416, -0.00696747, 0.999961, 0.00295492  
126, 12.7334, 20.2544, 179.972, 0.999986, 0.000204179, -0.00526812, -0.000167627, 0.999976, 0.00693786, 0.00526941, -0.00693688, 0.999962, 0.0028914  
127, 12.7666, 20.2789, 179.963, 0.999981, 0.000433201, -0.00618997, -0.000394064, 0.99998, 0.00632247, 0.00619259, -0.00631991, 0.999961, 0.00296269  
128, 12.7652, 20.2553, 179.984, 0.99998, -0.00017457, -0.00626922, 0.00021849, 0.999975, 0.00700562, 0.00626785, -0.00700685, 0.999956, 0.00288336  
129, 12.7553, 20.2693, 179.947, 0.999979, 0.000284959, -0.0064252, -0.000236644, 0.999972, 0.00751915, 0.00642716, -0.00751748, 0.999951, 0.00283065  
130, 12.7789, 20.2703, 179.966, 0.999981, 2.53346e-006, -0.0061717, 4.23702e-005, 0.999974, 0.0072756, 0.00617155, -0.00727573, 0.999954, 0.00285922  
131, 12.744, 20.2651, 179.939, 0.999987, 0.000161962, -0.00517282, -0.000121812, 0.99997, 0.00776113, 0.00517392, -0.0077604, 0.999957, 0.00290222  
132, 12.7435, 20.2481, 179.958, 0.999986, 0.000140523, -0.00521494, -0.000107621, 0.99998, 0.00630898, 0.00521573, -0.00630833, 0.999967, 0.00292635  
133, 12.7488, 20.2654, 179.924, 0.999988, -0.000590769, -0.0048457, 0.000629545, 0.999968, 0.00800458, 0.00484081, -0.00800753, 0.999956, 0.00282705  
134, 12.7801, 20.2764, 179.968, 0.999984, -0.000410497, -0.00571702, 0.000448308, 0.999978, 0.00661396, 0.00571418, -0.00661642, 0.999962, 0.00283925  
135, 12.7813, 20.2912, 179.963, 0.999983, -1.19689e-006, -0.00579473, 4.53529e-005, 0.999971, 0.00761991, 0.00579455, -0.00762004, 0.999954, 0.00292468  
136, 12.7521, 20.2605, 179.984, 0.999983, 0.000185524, -0.00575987, -0.000142957, 0.999973, 0.00738972, 0.00576108, -0.00738877, 0.999956, 0.002857  
137, 12.7632, 20.2668, 179.96, 0.999983, -0.000526879, -0.00573487, 0.000574376, 0.999966, 0.00828371, 0.00573031, -0.00828686, 0.999949, 0.00293689  
138, 12.7443, 20.2596, 179.952, 0.999988, 0.000323778, -0.00492391, -0.000282116, 0.999964, 0.0084595, 0.00492647, -0.00845801, 0.999952, 0.00280735  
139, 12.7552, 20.243, 179.988, 0.999982, -0.000309328, -0.00591437, 0.000348593, 0.999978, 0.00663914, 0.00591219, -0.00664108, 0.99996, 0.00289778  
140, 12.7514, 20.25, 179.974, 0.999981, -0.000756367, -0.00610333, 0.000799687, 0.999974, 0.00709845, 0.00609781, -0.0071032, 0.999956, 0.00287836  
141, 12.7665, 20.26, 179.992, 0.999979, -0.000111223, -0.00643137, 0.000151302, 0.999981, 0.00623162, 0.00643056, -0.00623247, 0.99996, 0.00287281  
142, 12.7482, 20.2351, 179.948, 0.999987, 0.000321228, -0.00517069, -0.000284865, 0.999975, 0.00703186, 0.00517282, -0.00703029, 0.999962, 0.00293356  
143, 12.7836, 20.2736, 179.947, 0.999981, -0.000215426, -0.00613718, 0.000261665, 0.999972, 0.00753445, 0.00613538, -0.00753592, 0.999953, 0.00285589  
144, 12.7732, 20.2871, 179.954, 0.999981, -0.000127523, -0.00618166, 0.000171391, 0.999975, 0.00709633, 0.0061806, -0.00709726, 0.999956, 0.0028215  
145, 12.7322, 20.2491, 179.95, 0.999983, -9.8817e-005, -0.00574794, 0.000143156, 0.99997, 0.00771395, 0.00574701, -0.00771464, 0.999954, 0.00288363  
146, 12.7618, 20.2699, 179.978, 0.999983, -0.000156051, -0.00575112, 0.000191562, 0.999981, 0.0061745, 0.00575005, -0.0061755, 0.999964, 0.00287975  
147, 12.7563, 20.2553, 179.977, 0.999983, 1.59668e-005, -0.00576726, 2.00279e-005, 0.999981, 0.00624108, 0.00576725, -0.00624109, 0.999964, 0.00292579  
148, 12.7866, 20.263, 179.969, 0.999986, 0.000102373, -0.00536664, -6.04362e-005, 0.999969, 0.0078139, 0.00536727, -0.00781346, 0.999955, 0.00282594  
149, 12.7522, 20.212, 179.977, 0.999985, 0.000221038, -0.0055282, -0.000179191, 0.999971, 0.00756903, 0.00552971, -0.00756792, 0.999956, 0.00290222  
150, 12.741, 20.2745, 179.963, 0.999982, 0.000485316, -0.00591042, -0.000445565, 0.999977, 0.00672509, 0.00591355, -0.00672234, 0.99996, 0.00289251  
151, 12.76, 20.2496, 179.988, 0.999985, 0.000167945, -0.0054011, -0.00012684, 0.999971, 0.00761007, 0.00540223, -0.00760928, 0.999956, 0.00305699  
152, 12.7756, 20.2639, 179.977, 0.999986, -6.29824e-005, -0.00535594, 0.000102173, 0.999973, 0.00731729, 0.00535534, -0.00731773, 0.999959, 0.00290971  
153, 12.7481, 20.2859, 179.955, 0.999984, 9.2136e-005, -0.0056286, -5.64896e-005, 0.99998, 0.00633292, 0.00562907, -0.0063325, 0.999964, 0.00281457  
154, 12.7622, 20.2601, 179.964, 0.999985, 0.000598407, -0.00540697, -0.000561169, 0.999976, 0.0068859, 0.00541096, -0.00688276, 0.999962, 0.00278516  
155, 12.7546, 20.2403, 179.968, 0.999983, -0.000173265, -0.00588674, 0.000217556, 0.999972, 0.00752412, 0.00588526, -0.00752527, 0.999954, 0.00301178  
156, 12.7662, 20.2505, 179.967, 0.999989, -9.86824e-005, -0.00460701, 0.000134699, 0.999969, 0.00781816, 0.00460609, -0.0078187, 0.999959, 0.00318403  
157, 12.7503, 20.2531, 179.963, 0.999987, 4.82821e-005, -0.00505092, -7.75741e-006, 0.999968, 0.00802294, 0.00505115, -0.0080228, 0.999955, 0.00290998  
158, 12.7573, 20.2553, 179.97, 0.999982, -0.000627103, -0.00599855, 0.000668829, 0.999976, 0.00695663, 0.00599404, -0.00696051, 0.999958, 0.00291414  
159, 12.7922, 20.2522, 179.981, 0.99998, 2.98958e-005, -0.00638803, 1.0885e-005, 0.99998, 0.00638382, 0.00638809, -0.00638376, 0.999959, 0.00283287  
160, 12.7899, 20.2652, 179.959, 0.99998, 0.000358285, -0.00633555, -0.00031623, 0.999978, 0.00663759, 0.00633779, -0.00663546, 0.999958, 0.00283925  
161, 12.7599, 20.2609, 179.965, 0.999984, 0.000215602, -0.00565765, -0.000173214, 0.999972, 0.00749153, 0.00565911, -0.00749043, 0.999956, 0.00291775  
162, 12.7856, 20.2577, 179.969, 0.999974, 6.79849e-005, -0.00716969, -2.32508e-005, 0.999981, 0.00623923, 0.00716997, -0.00623891, 0.999955, 0.00289861  
163, 12.8008, 20.257, 179.976, 0.999981, 0.000305672, -0.00608784, -0.000264434, 0.999977, 0.00677347, 0.00608977, -0.00677173, 0.999959, 0.00286172  
164, 12.7703, 20.2564, 179.964, 0.999984, 0.000420643, -0.00567335, -0.000382331, 0.999977, 0.00675244, 0.00567606, -0.00675016, 0.999961, 0.00290277  
165, 12.7612, 20.2589, 179.971, 0.999986, 0.00019671, -0.00531841, -0.000159986, 0.999976, 0.00690458, 0.00531964, -0.00690363, 0.999962, 0.00283703  
166, 12.7776, 20.2644, 179.968, 0.999983, 0.000447256, -0.00581084, -0.000402058, 0.99997, 0.0077771, 0.00581414, -0.00777463, 0.999953, 0.00289501  
167, 12.7668, 20.2727, 179.949, 0.999985, 0.000615496, -0.0054156, -0.000580194, 0.999979, 0.00651773, 0.00541949, -0.0065145, 0.999964, 0.00293328  
168, 12.7847, 20.2443, 179.962, 0.999983, 0.000352798, -0.0057938, -0.00031502, 0.999979, 0.0065199, 0.00579598, -0.00651796, 0.999962, 0.0030287  
169, 12.7497, 20.2353, 179.965, 0.999986, 1.78339e-005, -0.00531579, 2.11415e-005, 0.999973, 0.00733186, 0.00531578, -0.00733187, 0.999959, 0.00281956  
170, 12.7639, 20.2457, 179.975, 0.999981, -0.000144459, -0.00622181, 0.00019073, 0.999972, 0.00743699, 0.00622057, -0.00743803, 0.999953, 0.00282871  
171, 12.7693, 20.2393, 179.974, 0.999982, 1.98554e-005, -0.00604799, 1.99585e-005, 0.999978, 0.00658286, 0.00604799, -0.00658286, 0.99996, 0.00292912  
172, 12.7858, 20.2718, 179.963, 0.999981, 0.000130057, -0.00615298, -8.90409e-005, 0.999978, 0.00666583, 0.00615371, -0.00666516, 0.999959, 0.00295076  
173, 12.7624, 20.2546, 179.972, 0.999981, -0.000275015, -0.00615839, 0.000318661, 0.999975, 0.00708739, 0.00615629, -0.00708922, 0.999956, 0.00299874  
174, 12.7728, 20.253, 179.968, 0.999983, -0.000106391, -0.00578922, 0.000147343, 0.999975, 0.00707388, 0.00578832, -0.00707462, 0.999958, 0.0029147  
175, 12.7535, 20.2731, 179.978, 0.999988, 0.000371152, -0.00494569, -0.000334839, 0.999973, 0.00734108, 0.00494828, -0.00733933, 0.999961, 0.00291664  
176, 12.749, 20.2608, 179.968, 0.99998, -0.000333057, -0.0063562, 0.000378306, 0.999975, 0.00711888, 0.00635367, -0.00712114, 0.999954, 0.00297683  
177, 12.754, 20.2588, 179.965, 0.999984, 0.000607022, -0.0056707, -0.000570804, 0.999979, 0.00638639, 0.00567446, -0.00638305, 0.999964, 0.00288557  
178, 12.7454, 20.2614, 179.978, 0.999983, -0.000507562, -0.00573124, 0.000547929, 0.999975, 0.00704394, 0.00572752, -0.00704696, 0.999959, 0.00277324  
179, 12.766, 20.2567, 179.971, 0.999985, -6.98477e-005, -0.00540182, 0.000111188, 0.999971, 0.00765302, 0.00540113, -0.00765351, 0.999956, 0.00276491  
180, 12.7668, 20.2639, 179.941, 0.999981, -0.000792154, -0.00618358, 0.000844022, 0.999964, 0.00838997, 0.00617672, -0.00839503, 0.999946, 0.00287725  
181, 12.7787, 20.2558, 179.959, 0.999988, 0.000153271, -0.00493395, -0.000116213, 0.999972, 0.00751022, 0.00493496, -0.00750955, 0.99996, 0.00283398  
182, 12.7875, 20.2611, 179.946, 0.999983, -0.000104027, -0.00583896, 0.000145606, 0.999975, 0.00712106, 0.00583807, -0.00712179, 0.999958, 0.00297766  
183, 12.7639, 20.2402, 179.958, 0.999983, -0.00072209, -0.00584179, 0.000768181, 0.999969, 0.00789147, 0.0058359, -0.00789582, 0.999952, 0.00290693  
184, 12.7748, 20.2654, 179.973, 0.999984, 0.000694959, -0.00558028, -0.000655078, 0.999974, 0.00714554, 0.0055851, -0.00714177, 0.999959, 0.00293772  
185, 12.772, 20.2273, 179.978, 0.999986, 0.000496596, -0.00517422, -0.000457537, 0.999971, 0.00754726, 0.00517782, -0.00754479, 0.999958, 0.0029405  
186, 12.7613, 20.2549, 179.977, 0.999983, 1.64457e-005, -0.00588611, 2.29444e-005, 0.999978, 0.00669191, 0.00588608, -0.00669193, 0.99996, 0.0030251  
187, 12.764, 20.2549, 179.963, 0.99998, -0.000409828, -0.00637512, 0.000457151, 0.999972, 0.0074233, 0.0063719, -0.00742606, 0.999952, 0.00287032  
188, 12.7647, 20.2535, 179.979, 0.999983, -0.000384284, -0.00582114, 0.000425848, 0.999974, 0.0071407, 0.00581824, -0.00714306, 0.999958, 0.00286699  
189, 12.781, 20.2804, 179.964, 0.999987, 0.000151195, -0.00518559, -0.000114466, 0.999975, 0.00708255, 0.00518653, -0.00708186, 0.999961, 0.00276797  
190, 12.7842, 20.268, 179.969, 0.999983, 0.000185598, -0.00586996, -0.0001442, 0.999975, 0.00705201, 0.00587113, -0.00705104, 0.999958, 0.00292607  
191, 12.7808, 20.2673, 179.964, 0.999983, 0.000401745, -0.00575579, -0.000363688, 0.999978, 0.00661136, 0.00575832, -0.00660916, 0.999962, 0.00287448  
192, 12.7684, 20.2364, 179.963, 0.999982, 0.000236901, -0.00604796, -0.000193865, 0.999975, 0.00711539, 0.0060495, -0.00711409, 0.999956, 0.00283481  
193, 12.7697, 20.2556, 179.989, 0.999986, 0.000253132, -0.00525828, -0.000217278, 0.999977, 0.00681799, 0.00525988, -0.00681675, 0.999963, 0.00282372  
194, 12.7394, 20.2644, 179.963, 0.999983, -0.000751226, -0.00572673, 0.000794455, 0.999971, 0.00755025, 0.00572089, -0.00755467, 0.999955, 0.0028742  
195, 12.7726, 20.256, 179.998, 0.999985, 0.000404601, -0.0055078, -0.000362911, 0.999971, 0.00756833, 0.00551071, -0.00756622, 0.999956, 0.00298682  
196, 12.7405, 20.2524, 179.983, 0.999986, -1.51498e-005, -0.00532147, 5.60126e-005, 0.999971, 0.0076788, 0.00532119, -0.00767899, 0.999956, 0.0030165  
197, 12.7566, 20.2485, 179.973, 0.999987, -0.000637137, -0.00511335, 0.000671459, 0.999977, 0.0067133, 0.00510896, -0.00671664, 0.999964, 0.00285673  
198, 12.7667, 20.2633, 179.968, 0.999982, -0.000115232, -0.00600662, 0.000162498, 0.999969, 0.00786902, 0.00600552, -0.00786985, 0.999951, 0.00280985  
199, 12.7806, 20.262, 179.948, 0.999983, 0.000216664, -0.005821, -0.000176294, 0.999976, 0.0069348, 0.00582236, -0.00693365, 0.999959, 0.00289362  
200, 12.8002, 20.2656, 179.981, 0.999979, 6.01824e-005, -0.006535, -1.54607e-005, 0.999977, 0.00684324, 0.00653526, -0.006843, 0.999955, 0.00277962  
201, 12.7743, 20.2633, 179.954, 0.999983, 0.000121588, -0.00588435, -7.90294e-005, 0.999974, 0.00723224, 0.00588507, -0.00723165, 0.999957, 0.00300929  
202, 12.7829, 20.2627, 179.974, 0.99998, 0.000291672, -0.00639455, -0.000248385, 0.999977, 0.00676908, 0.00639637, -0.00676735, 0.999957, 0.00283759  
203, 12.7911, 20.273, 179.967, 0.999979, 0.00018605, -0.00647471, -0.000142296, 0.999977, 0.00675755, 0.00647582, -0.00675649, 0.999956, 0.00281318  
204, 12.7552, 20.2508, 179.979, 0.999982, -0.000636172, -0.00593675, 0.000677177, 0.999976, 0.00690748, 0.00593221, -0.00691138, 0.999959, 0.00277851  
205, 12.7795, 20.2652, 179.97, 0.999981, -0.000396631, -0.0061913, 0.000439793, 0.999976, 0.00697153, 0.00618839, -0.00697412, 0.999957, 0.00272636  
206, 12.7749, 20.2568, 179.985, 0.999983, -0.000323666, -0.00577006, 0.00036399, 0.999976, 0.00698878, 0.00576766, -0.00699076, 0.999959, 0.00297739  
207, 12.7566, 20.2763, 179.977, 0.999983, 0.000721307, -0.00581814, -0.00068254, 0.999978, 0.00666249, 0.00582282, -0.00665841, 0.999961, 0.0028975  
208, 12.7705, 20.2455, 179.996, 0.999984, 0.000621087, -0.00564206, -0.000581283, 0.999975, 0.00705385, 0.0056463, -0.00705046, 0.999959, 0.00279681  
209, 12.755, 20.2524, 179.962, 0.999984, 0.000589306, -0.00570038, -0.000553791, 0.99998, 0.00622997, 0.00570394, -0.00622671, 0.999964, 0.00280042  
210, 12.8265, 20.2607, 179.969, 0.999979, 0.000165713, -0.0065001, -0.000113603, 0.999968, 0.0080164, 0.00650122, -0.00801549, 0.999947, 0.00280097  
211, 12.8199, 20.198, 180.004, 0.999983, -0.000103505, -0.00577097, 0.000148848, 0.999969, 0.00785707, 0.00576998, -0.0078578, 0.999952, 0.00301317  
212, 12.8074, 20.2238, 179.993, 0.999989, 0.000337169, -0.00476513, -0.000300415, 0.99997, 0.00771163, 0.00476759, -0.00771011, 0.999959, 0.00282649  
213, 12.8022, 20.1748, 179.977, 0.99999, -0.000155564, -0.00451546, 0.000187285, 0.999975, 0.00702529, 0.00451426, -0.00702606, 0.999965, 0.00280874  
214, 12.7656, 20.2591, 179.943, 0.999995, -0.00146196, -0.00294075, 0.00148317, 0.999973, 0.00722451, 0.00293011, -0.00722883, 0.99997, 0.00283787  
215, 12.7931, 20.2723, 179.892, 0.999994, -0.00171519, -0.00289337, 0.00173476, 0.999976, 0.00677548, 0.00288168, -0.00678046, 0.999973, 0.00280624  
216, 12.7905, 20.3025, 179.882, 0.999995, -0.00150057, -0.00295323, 0.0015203, 0.999976, 0.00668771, 0.00294313, -0.00669217, 0.999973, 0.00293023  
217, 12.7705, 20.2836, 179.859, 0.999998, -0.00123139, -0.0014267, 0.00124153, 0.999974, 0.00712876, 0.00141789, -0.00713052, 0.999974, 0.00288197  
218, 12.7831, 20.2752, 179.856, 0.999998, -0.00150119, -0.00165453, 0.00151247, 0.999975, 0.00683972, 0.00164423, -0.00684221, 0.999975, 0.00283259  
219, 12.7706, 20.2567, 179.893, 0.999997, -0.00138497, -0.00217496, 0.00139852, 0.99998, 0.00624298, 0.00216627, -0.006246, 0.999978, 0.00303175  
220, 12.7583, 20.2746, 179.877, 0.999999, -0.0012776, -0.000979625, 0.00128551, 0.999966, 0.00812084, 0.000969217, -0.00812208, 0.999967, 0.00287143  
221, 12.7872, 20.2825, 179.883, 0.999998, -0.000756659, -0.00169747, 0.000769008, 0.999973, 0.00728606, 0.00169191, -0.00728735, 0.999972, 0.00293384  
222, 12.7807, 20.2647, 179.887, 0.999994, -0.00141218, -0.00319503, 0.00143501, 0.999973, 0.00715517, 0.00318484, -0.00715971, 0.999969, 0.00300152  
223, 12.8062, 20.2668, 179.895, 0.999995, -0.000991541, -0.00290674, 0.00100922, 0.999981, 0.00608654, 0.00290065, -0.00608944, 0.999977, 0.00285895  
224, 12.7872, 20.2598, 179.892, 0.999996, -0.00135329, -0.00242688, 0.00136872, 0.999979, 0.00636723, 0.00241821, -0.00637052, 0.999977, 0.00290416  
225, 12.7882, 20.2691, 179.866, 0.999997, -0.00135123, -0.00219436, 0.00136777, 0.999971, 0.00755437, 0.00218408, -0.00755735, 0.999969, 0.00290776  
226, 12.7828, 20.2719, 179.902, 0.999994, -0.00151433, -0.00302439, 0.00153424, 0.999977, 0.006591, 0.00301434, -0.00659561, 0.999974, 0.0029527  
227, 12.769, 20.2559, 179.897, 0.999997, -0.00180204, -0.00189585, 0.00181438, 0.999977, 0.00652798, 0.00188405, -0.0065314, 0.999977, 0.00278461  
228, 12.7956, 20.3106, 179.871, 0.999997, -0.000714555, -0.00254177, 0.000731135, 0.999978, 0.00652822, 0.00253705, -0.00653006, 0.999975, 0.00288585  
229, 12.7793, 20.2793, 179.909, 0.999994, -0.00223724, -0.00263412, 0.00225335, 0.999979, 0.00612939, 0.00262035, -0.00613529, 0.999978, 0.00286311  
230, 12.779, 20.2661, 179.887, 0.999998, -0.00111009, -0.00175325, 0.00112387, 0.999968, 0.00788047, 0.00174445, -0.00788242, 0.999967, 0.00283814  
231, 12.7793, 20.2793, 179.881, 0.999997, -0.00149498, -0.00205102, 0.00150804, 0.999979, 0.006381, 0.00204144, -0.00638407, 0.999978, 0.00290028  
232, 12.8031, 20.2962, 179.878, 0.999997, -0.00161995, -0.00198325, 0.00163155, 0.999981, 0.0058626, 0.00197372, -0.00586582, 0.999981, 0.00298599  
233, 12.7837, 20.2842, 179.883, 0.999996, -0.00180209, -0.00226771, 0.00181588, 0.99998, 0.00609433, 0.00225668, -0.00609842, 0.999979, 0.00284424  
234, 12.7928, 20.2901, 179.884, 0.999996, -0.00189758, -0.00207619, 0.00191001, 0.99998, 0.00599944, 0.00206476, -0.00600338, 0.99998, 0.00298182  
235, 12.7812, 20.2664, 179.87, 0.999997, -0.000688383, -0.00243745, 0.000705291, 0.999976, 0.00694265, 0.00243261, -0.00694435, 0.999973, 0.0029  
236, 12.7771, 20.2866, 179.906, 0.999996, -0.00095309, -0.00250609, 0.00097042, 0.999976, 0.00692337, 0.00249943, -0.00692577, 0.999973, 0.00293384  
237, 12.7964, 20.2889, 179.879, 0.999994, -0.00167441, -0.00314858, 0.00169637, 0.999974, 0.00698494, 0.00313681, -0.00699024, 0.999971, 0.00296324  
238, 12.7914, 20.2907, 179.88, 0.999996, -0.000787487, -0.00252691, 0.000803966, 0.999978, 0.00652678, 0.00252172, -0.00652879, 0.999976, 0.00281734  
239, 12.7765, 20.2724, 179.889, 0.999996, -0.00166664, -0.0021631, 0.00168049, 0.999978, 0.00641498, 0.00215236, -0.00641859, 0.999977, 0.00299902  
240, 12.798, 20.2891, 179.891, 0.999997, -0.00165038, -0.00206562, 0.0016661, 0.99997, 0.00762765, 0.00205296, -0.00763107, 0.999969, 0.0027896  
241, 12.7845, 20.2685, 179.876, 0.999996, -0.000860493, -0.00259183, 0.000876193, 0.999981, 0.00606278, 0.00258656, -0.00606503, 0.999978, 0.00289306  
242, 12.8035, 20.277, 179.904, 0.999996, -0.000954015, -0.00273865, 0.000973021, 0.999975, 0.00694711, 0.00273195, -0.00694974, 0.999972, 0.00293883  
243, 12.7881, 20.2738, 179.867, 0.999998, -0.00115397, -0.00190179, 0.00116588, 0.99998, 0.00627257, 0.00189451, -0.00627477, 0.999979, 0.00285368  
244, 12.7653, 20.2718, 179.894, 0.999996, -0.00095809, -0.00282559, 0.000975316, 0.999981, 0.00610151, 0.00281969, -0.00610424, 0.999977, 0.0028803  
245, 12.8079, 20.2815, 179.886, 0.999995, -0.00113451, -0.00288235, 0.00115271, 0.999979, 0.00631776, 0.00287512, -0.00632105, 0.999976, 0.00282982  
246, 12.7886, 20.2803, 179.876, 0.999997, -0.00182644, -0.00145988, 0.00183764, 0.999969, 0.0077092, 0.00144575, -0.00771186, 0.999969, 0.00293273  
247, 12.766, 20.3825, 179.801, 0.999994, -0.000322828, -0.00341636, 0.00034863, 0.999971, 0.00755453, 0.00341382, -0.00755568, 0.999966, 0.0029821  
248, 12.6991, 20.3246, 179.881, 0.999995, -0.00132812, -0.0026993, 0.00134545, 0.999978, 0.00642823, 0.0026907, -0.00643184, 0.999976, 0.00284286  
249, 12.7547, 20.266, 179.927, 0.99999, -0.000318104, -0.00450408, 0.000344881, 0.999982, 0.00594553, 0.00450211, -0.00594702, 0.999972, 0.00288225  
250, 12.7534, 20.2554, 179.965, 0.999983, 0.000147646, -0.00581904, -0.000106809, 0.999975, 0.00701766, 0.00581993, -0.00701692, 0.999958, 0.00285007  
251, 12.786, 20.2536, 179.969, 0.999981, -0.000392112, -0.00611577, 0.000439202, 0.99997, 0.00770026, 0.00611257, -0.0077028, 0.999952, 0.00297406  
252, 12.7504, 20.2335, 179.966, 0.999986, 0.000189411, -0.00534338, -0.000152007, 0.999975, 0.00699961, 0.00534458, -0.0069987, 0.999961, 0.00299153  
253, 12.7702, 20.2507, 179.967, 0.999983, -7.25584e-005, -0.00583452, 0.000113925, 0.999975, 0.00709002, 0.00583386, -0.00709056, 0.999958, 0.00294909  
254, 12.7761, 20.2723, 179.965, 0.999981, -0.000354462, -0.00617482, 0.000395542, 0.999978, 0.00665291, 0.00617232, -0.00665522, 0.999959, 0.00279792  
255, 12.7565, 20.249, 179.949, 0.999986, -0.000183212, -0.00520163, 0.000221866, 0.999972, 0.00743159, 0.00520013, -0.00743264, 0.999959, 0.00286671  
256, 12.7864, 20.2747, 179.978, 0.999981, -0.000213175, -0.00619136, 0.000253349, 0.999979, 0.00648863, 0.00618985, -0.00649007, 0.99996, 0.00292385  
257, 12.7601, 20.2531, 179.967, 0.999981, -0.000349128, -0.00620924, 0.000395321, 0.999972, 0.00743965, 0.00620647, -0.00744196, 0.999953, 0.00284535  
258, 12.7661, 20.2595, 179.968, 0.999982, -0.00020002, -0.0060356, 0.000244001, 0.999973, 0.00728697, 0.00603398, -0.00728831, 0.999955, 0.00279986  
259, 12.7564, 20.2651, 179.974, 0.999983, 9.74144e-005, -0.00587904, -5.94927e-005, 0.999979, 0.00645015, 0.00587955, -0.00644969, 0.999962, 0.00287503  
260, 12.7879, 20.2758, 179.976, 0.999984, -0.000324462, -0.00564308, 0.000368695, 0.999969, 0.00783923, 0.00564036, -0.00784119, 0.999953, 0.00276741  
261, 12.7597, 20.2588, 179.968, 0.999981, -5.08784e-005, -0.00618143, 9.44917e-005, 0.999975, 0.00705545, 0.00618091, -0.0070559, 0.999956, 0.0029466  
262, 12.7734, 20.261, 179.95, 0.999982, 0.000353759, -0.00592922, -0.000318268, 0.999982, 0.0059856, 0.00593123, -0.00598361, 0.999965, 0.00291886  
263, 12.7699, 20.2639, 179.965, 0.999985, 0.000135374, -0.00555193, -9.45617e-005, 0.999973, 0.0073507, 0.00555278, -0.00735006, 0.999958, 0.00278211  
264, 12.7661, 20.2756, 179.981, 0.999981, -0.000200564, -0.0060938, 0.000240518, 0.999978, 0.00655646, 0.00609235, -0.00655781, 0.99996, 0.0028889  
265, 12.7662, 20.2658, 179.956, 0.999989, 5.22949e-005, -0.00465269, -1.527e-005, 0.999968, 0.00795743, 0.00465296, -0.00795728, 0.999958, 0.00278433  
