0, 0, 0, 0, 0, 0, 0, 0, 0, 0, 0, 0, 0, 0.00652839  
1, 6.65236, 25.941, 180.009, 0.998822, 0.0483028, 0.00466166, -0.0476259, 0.994165, -0.0967834, -0.00930938, 0.0964474, 0.995295, 0.00269918  
2, 6.66632, 25.9532, 180.019, 0.998842, 0.0478642, 0.00491501, -0.0471669, 0.994207, -0.0965846, -0.00950948, 0.0962409, 0.995313, 0.00343395  
3, 6.63648, 25.9194, 180.008, 0.998828, 0.0480588, 0.00581702, -0.0472736, 0.9942, -0.0965982, -0.0104257, 0.09621, 0.995306, 0.00291387  
4, 6.6307, 25.9107, 179.986, 0.998837, 0.0480201, 0.00430092, -0.0473757, 0.994138, -0.0971895, -0.00894276, 0.0968727, 0.995257, 0.0028853  
5, 6.65994, 25.9449, 179.998, 0.998832, 0.0480881, 0.00471502, -0.0474046, 0.99415, -0.0970511, -0.00935444, 0.0967142, 0.995268, 0.00275576  
6, 6.64697, 25.9416, 180.007, 0.998833, 0.0481288, 0.00392501, -0.0475196, 0.994123, -0.0972731, -0.00858358, 0.0969731, 0.99525, 0.00284452  
7, 6.64729, 25.9277, 179.991, 0.998853, 0.0476097, 0.00513911, -0.0468887, 0.994187, -0.0969191, -0.00972353, 0.096567, 0.995279, 0.00283842  
8, 6.66184, 25.9435, 180.007, 0.998852, 0.04767, 0.00466672, -0.0469955, 0.994194, -0.0967964, -0.00925391, 0.096466, 0.995293, 0.00283592  
9, 6.62672, 25.9468, 179.969, 0.998806, 0.0485935, 0.00496522, -0.0478834, 0.994126, -0.0970563, -0.00965236, 0.0967027, 0.995267, 0.00285451  
10, 6.6495, 25.9512, 179.982, 0.998829, 0.0480967, 0.00525914, -0.0473637, 0.994184, -0.0967182, -0.00988038, 0.0963559, 0.995298, 0.00274799  
11, 6.64861, 25.9326, 179.989, 0.998821, 0.0483198, 0.00467929, -0.047632, 0.99407, -0.0977565, -0.00937511, 0.0974184, 0.995199, 0.00428495  
12, 6.66312, 25.9349, 180.009, 0.998819, 0.0483334, 0.00484823, -0.047635, 0.994131, -0.0971328, -0.00951453, 0.0967872, 0.99526, 0.00282871  
13, 6.66323, 25.9584, 180.024, 0.998807, 0.0484513, 0.00612231, -0.0476448, 0.994271, -0.0956863, -0.0107234, 0.0952804, 0.995393, 0.00291193  
14, 6.6304, 25.9109, 180, 0.998822, 0.0481719, 0.00586599, -0.0473855, 0.994233, -0.096207, -0.0104666, 0.0958157, 0.995344, 0.00294466  
15, 6.65988, 25.9195, 180.024, 0.998841, 0.0479406, 0.00438385, -0.0472895, 0.994153, -0.0970782, -0.00901221, 0.0967584, 0.995267, 0.00291193  
16, 6.63369, 25.9499, 179.988, 0.998827, 0.0481914, 0.00468066, -0.0475044, 0.994079, -0.0977259, -0.0093625, 0.0973889, 0.995202, 0.00284314  
17, 6.63874, 25.9234, 179.983, 0.998812, 0.0484274, 0.00543843, -0.0476694, 0.994109, -0.0973418, -0.0101204, 0.0969669, 0.995236, 0.00291664  
18, 6.64155, 25.9311, 179.962, 0.998793, 0.0489212, 0.00444318, -0.0482541, 0.994046, -0.0976927, -0.00919597, 0.0973604, 0.995207, 0.00290249  
19, 6.64385, 25.96, 179.994, 0.998802, 0.0486295, 0.00538562, -0.0478753, 0.994095, -0.0973767, -0.0100892, 0.0970023, 0.995233, 0.00284785  
20, 6.6451, 25.9422, 179.981, 0.998841, 0.0478336, 0.0053969, -0.0470908, 0.994218, -0.0965025, -0.00998176, 0.0961365, 0.995318, 0.00288169  
21, 6.65425, 25.9357, 179.978, 0.998795, 0.0488863, 0.00424898, -0.0482399, 0.994064, -0.0975131, -0.00899081, 0.0971907, 0.995225, 0.00288419  
22, 6.66127, 25.9379, 179.992, 0.998797, 0.0488151, 0.00470336, -0.0481241, 0.994061, -0.0976026, -0.0094399, 0.0972588, 0.995214, 0.00334464  
23, 6.66944, 25.9468, 180.017, 0.998808, 0.0485175, 0.00542574, -0.0477626, 0.994126, -0.0971184, -0.0101058, 0.0967435, 0.995258, 0.00284397  
24, 6.6907, 25.9564, 180.033, 0.998813, 0.0484193, 0.00532029, -0.0476797, 0.994176, -0.0966488, -0.00996897, 0.0962804, 0.995304, 0.00294077  
25, 6.62669, 25.9151, 179.974, 0.99883, 0.0481577, 0.00449003, -0.0474943, 0.994132, -0.0971948, -0.00914437, 0.0968678, 0.995255, 0.00292108  
26, 6.63735, 25.9247, 180.008, 0.99882, 0.0483545, 0.00443077, -0.0476964, 0.994127, -0.0971403, -0.00910192, 0.0968144, 0.995261, 0.00288557  
27, 6.65525, 25.9198, 180.011, 0.998832, 0.0480332, 0.00514398, -0.047315, 0.994219, -0.0963815, -0.00974376, 0.0960256, 0.995331, 0.00293661  
28, 6.64684, 25.9081, 179.989, 0.998805, 0.0486927, 0.00416454, -0.0480554, 0.994073, -0.0975192, -0.00888833, 0.0972025, 0.995225, 0.00291747  
29, 6.66309, 25.9241, 180.009, 0.998848, 0.047661, 0.0055841, -0.0468989, 0.994207, -0.0967101, -0.0101611, 0.0963368, 0.995297, 0.00278655  
30, 6.65139, 25.9177, 180.008, 0.998835, 0.0480885, 0.00413373, -0.0474589, 0.994122, -0.0973124, -0.00878904, 0.0970028, 0.995245, 0.00290083  
31, 6.65325, 25.9228, 179.983, 0.998848, 0.0477047, 0.00511154, -0.0469914, 0.994238, -0.096348, -0.00967833, 0.0959968, 0.995335, 0.00282289  
32, 6.64092, 25.9277, 179.99, 0.998835, 0.0480072, 0.00496062, -0.0472976, 0.994127, -0.0973355, -0.00960429, 0.0969874, 0.995239, 0.00282954  
33, 6.70892, 25.9908, 180.042, 0.99879, 0.0485368, 0.00791579, -0.0475717, 0.994371, -0.0946791, -0.0124667, 0.094188, 0.995476, 0.00305367  
34, 6.66373, 25.9206, 179.995, 0.99883, 0.0480864, 0.00512335, -0.0473664, 0.994182, -0.0967433, -0.00974558, 0.0963875, 0.995296, 0.00280125  
35, 6.66116, 25.9475, 180.009, 0.99884, 0.0479603, 0.00419531, -0.0473279, 0.994156, -0.0970256, -0.00882416, 0.0967145, 0.995273, 0.00287476  
36, 6.63514, 25.94, 179.971, 0.998812, 0.0485293, 0.00439818, -0.0478718, 0.9941, -0.0973286, -0.00909552, 0.0970025, 0.995243, 0.00301345  
37, 6.673, 25.9547, 180.05, 0.998818, 0.0482861, 0.00566086, -0.0475215, 0.99425, -0.0959603, -0.0102619, 0.0955778, 0.995369, 0.00301788  
38, 6.64007, 25.9232, 179.998, 0.998825, 0.0482153, 0.00486507, -0.047519, 0.994169, -0.0968006, -0.00950397, 0.0964557, 0.995292, 0.00295686  
39, 6.64148, 25.9165, 180.007, 0.998832, 0.0481169, 0.00445547, -0.0474556, 0.994118, -0.0973476, -0.00911333, 0.0970225, 0.99524, 0.00291581  
40, 6.63702, 25.9522, 179.981, 0.998817, 0.048385, 0.00475351, -0.0476994, 0.994167, -0.0967283, -0.00940598, 0.0963872, 0.995299, 0.00280957  
41, 6.641, 25.917, 179.994, 0.998816, 0.0483764, 0.00522384, -0.0476424, 0.99414, -0.097035, -0.00988743, 0.0966712, 0.995267, 0.00297323  
42, 6.63778, 25.9288, 179.969, 0.998839, 0.047931, 0.00484058, -0.0472394, 0.994192, -0.0966997, -0.00944738, 0.0963588, 0.995302, 0.00301317  
43, 6.64814, 25.968, 179.99, 0.998826, 0.0481988, 0.00481954, -0.0474999, 0.994097, -0.0975453, -0.00949266, 0.0972019, 0.995219, 0.00284702  
44, 6.63195, 25.9396, 179.99, 0.998819, 0.048243, 0.00580717, -0.0474642, 0.994249, -0.0959982, -0.010405, 0.0956092, 0.995365, 0.00283038  
45, 6.63943, 25.9393, 179.989, 0.998824, 0.0482293, 0.0049183, -0.0475347, 0.994238, -0.0960832, -0.00952398, 0.0957364, 0.995361, 0.00286338  
46, 6.65078, 25.9269, 180.007, 0.998822, 0.0481819, 0.00571693, -0.0474037, 0.994175, -0.0967967, -0.0103475, 0.0964117, 0.995288, 0.00280236  
47, 6.62979, 25.9391, 180.005, 0.998797, 0.0487982, 0.00482596, -0.0480947, 0.994057, -0.0976596, -0.00956289, 0.0973101, 0.995208, 0.00288752  
48, 6.65343, 25.9136, 179.992, 0.998826, 0.0482393, 0.00443674, -0.047584, 0.994163, -0.0968302, -0.00908187, 0.0965054, 0.995291, 0.00279016  
49, 6.68784, 25.9297, 180.035, 0.998826, 0.0481642, 0.00517887, -0.0474386, 0.99418, -0.0967257, -0.00980745, 0.0963665, 0.995298, 0.00282233  
50, 6.63833, 25.9537, 180.037, 0.99882, 0.0481896, 0.0060007, -0.0473886, 0.994217, -0.0963689, -0.01061, 0.0959708, 0.995328, 0.00280846  
51, 6.66871, 25.9283, 180.031, 0.998801, 0.0485886, 0.00599124, -0.0477893, 0.994222, -0.0961176, -0.0106268, 0.095716, 0.995352, 0.00296657  
52, 6.63813, 25.9416, 180.005, 0.998837, 0.0479565, 0.00502315, -0.0472461, 0.994181, -0.0968101, -0.0096366, 0.0964602, 0.99529, 0.00292191  
53, 6.63943, 25.9445, 180.014, 0.998816, 0.0483232, 0.00558703, -0.0475606, 0.994203, -0.0964239, -0.0102142, 0.096044, 0.995325, 0.00284424  
54, 6.6429, 25.9241, 179.992, 0.998808, 0.0485447, 0.0050225, -0.0478308, 0.994145, -0.096892, -0.00969668, 0.0965363, 0.995282, 0.00283426  
55, 6.64928, 25.9413, 179.986, 0.998815, 0.0483654, 0.0054477, -0.0476102, 0.994144, -0.0970058, -0.0101075, 0.0966314, 0.995269, 0.00279765  
56, 6.65345, 25.9436, 180.002, 0.998848, 0.0477327, 0.00491965, -0.0470312, 0.994169, -0.0970401, -0.00952295, 0.096697, 0.995268, 0.00296768  
57, 6.63797, 25.967, 179.984, 0.998805, 0.0486704, 0.00453609, -0.048001, 0.994117, -0.097091, -0.00923486, 0.0967572, 0.995265, 0.00288946  
58, 6.63963, 25.8988, 180.002, 0.998829, 0.0481158, 0.00496198, -0.0474066, 0.994134, -0.0972164, -0.00961052, 0.0968674, 0.995251, 0.00300984  
59, 6.65705, 25.9245, 179.998, 0.998814, 0.0484833, 0.00452115, -0.0478147, 0.99411, -0.0972614, -0.00921007, 0.0969298, 0.995249, 0.00294244  
60, 6.6555, 25.9321, 180.013, 0.998811, 0.0484818, 0.0050677, -0.0477616, 0.994126, -0.097119, -0.00974643, 0.0967615, 0.99526, 0.00288668  
61, 6.63487, 25.9233, 180.014, 0.998828, 0.0481082, 0.00539962, -0.0473664, 0.99423, -0.0962479, -0.00999878, 0.0958793, 0.995343, 0.00279071  
62, 6.65837, 25.9268, 179.996, 0.998839, 0.0478614, 0.00552189, -0.0471031, 0.994186, -0.0968294, -0.0101242, 0.0964569, 0.995286, 0.00295242  
63, 6.65492, 25.9329, 180.026, 0.998834, 0.0479908, 0.00521654, -0.0472611, 0.994175, -0.0968584, -0.00983447, 0.096499, 0.995284, 0.00278294  
64, 6.63414, 25.9302, 180.002, 0.998831, 0.048199, 0.00372871, -0.0476048, 0.994077, -0.0976983, -0.00841558, 0.0974066, 0.995209, 0.00280042  
65, 6.64654, 25.9139, 179.994, 0.99883, 0.0481937, 0.00387761, -0.0475819, 0.994041, -0.0980773, -0.00858121, 0.0977781, 0.995171, 0.00276242  
66, 6.63531, 25.9253, 179.991, 0.998834, 0.048006, 0.00516619, -0.0472797, 0.994161, -0.0969944, -0.00979234, 0.0966371, 0.995272, 0.00283204  
67, 6.64787, 25.9413, 179.987, 0.998784, 0.0489909, 0.00555313, -0.0482249, 0.994137, -0.0967758, -0.0102617, 0.0963903, 0.995291, 0.00297378  
68, 6.6411, 25.9209, 180.009, 0.998819, 0.0482534, 0.00568761, -0.0474811, 0.994204, -0.0964609, -0.0103092, 0.0960769, 0.995321, 0.00282871  
69, 6.65858, 25.9255, 179.995, 0.998823, 0.0482269, 0.00526953, -0.0474876, 0.994131, -0.0971998, -0.00992625, 0.0968351, 0.995251, 0.00278017  
70, 6.63697, 25.9166, 179.998, 0.998826, 0.0481417, 0.00536496, -0.0473978, 0.994178, -0.0967703, -0.00999241, 0.0964024, 0.995292, 0.00286394  
71, 6.67458, 25.9566, 180.024, 0.99883, 0.0479868, 0.00595008, -0.0471883, 0.994196, -0.0966793, -0.0105549, 0.0962855, 0.995298, 0.00282511  
72, 6.66623, 25.9101, 179.987, 0.998811, 0.0484586, 0.00534685, -0.0477184, 0.994196, -0.0964267, -0.00998852, 0.0960569, 0.995326, 0.00283454  
73, 6.65426, 25.9371, 179.991, 0.99882, 0.0483363, 0.00464159, -0.0476536, 0.994085, -0.0975897, -0.00933126, 0.0972534, 0.995216, 0.00280153  
74, 6.64226, 25.917, 179.996, 0.998819, 0.0482396, 0.00575872, -0.0474661, 0.994256, -0.0959318, -0.0103534, 0.0955452, 0.995371, 0.00283259  
75, 6.65738, 25.9339, 180.032, 0.998815, 0.0483648, 0.00539509, -0.0476264, 0.994257, -0.0958368, -0.00999923, 0.0954663, 0.995382, 0.0028742  
76, 6.65143, 25.9541, 179.988, 0.998831, 0.0481089, 0.0047532, -0.0474206, 0.99414, -0.0971472, -0.00939898, 0.0968082, 0.995259, 0.00286699  
77, 6.66177, 25.9376, 180.018, 0.99881, 0.04837, 0.00628928, -0.0475415, 0.994219, -0.096275, -0.0109098, 0.0958614, 0.995335, 0.00286283  
78, 6.64915, 25.937, 180.008, 0.998844, 0.0478047, 0.00507243, -0.0470944, 0.994229, -0.0963851, -0.00965082, 0.0960348, 0.995331, 0.00284757  
79, 6.66524, 25.9273, 179.997, 0.998825, 0.0480987, 0.00591528, -0.0473099, 0.994254, -0.0960214, -0.0104998, 0.0956288, 0.995362, 0.00281318  
80, 6.64472, 25.9505, 179.98, 0.998828, 0.0481152, 0.00518568, -0.0473796, 0.994088, -0.0976991, -0.00985584, 0.097339, 0.995202, 0.00313161  
81, 6.62714, 25.9651, 179.982, 0.998847, 0.0477276, 0.00510503, -0.047002, 0.994108, -0.0976691, -0.00973647, 0.0973166, 0.995206, 0.00287753  
82, 6.71063, 25.9308, 180.022, 0.998819, 0.0483348, 0.00499795, -0.0476243, 0.994155, -0.0968901, -0.0096519, 0.0965376, 0.995283, 0.00288474  
83, 6.64054, 25.9211, 179.982, 0.998812, 0.0484336, 0.00527903, -0.0476969, 0.994165, -0.0967479, -0.00993408, 0.0963812, 0.995295, 0.002824  
84, 6.64066, 25.9307, 180.021, 0.998802, 0.0486875, 0.00486433, -0.0479852, 0.994107, -0.097208, -0.00956848, 0.0968581, 0.995252, 0.00283398  
85, 6.6541, 25.928, 180.021, 0.998803, 0.0486431, 0.00509963, -0.0479209, 0.994136, -0.0969358, -0.00978499, 0.0965754, 0.995278, 0.00284424  
86, 6.6429, 25.9237, 179.984, 0.998817, 0.0482946, 0.00567415, -0.0475215, 0.994184, -0.0966435, -0.0103085, 0.0962595, 0.995303, 0.00282816  
87, 6.63902, 25.9346, 180.009, 0.99882, 0.0482302, 0.00568823, -0.0474589, 0.994213, -0.096379, -0.0103037, 0.0959953, 0.995328, 0.0028534  
88, 6.64215, 25.9408, 179.992, 0.998825, 0.0482528, 0.00442042, -0.0475906, 0.994073, -0.0977411, -0.0091105, 0.0974159, 0.995202, 0.00291692  
89, 6.65425, 25.9419, 180.013, 0.998863, 0.0473899, 0.00513292, -0.0466761, 0.994254, -0.0963385, -0.0096689, 0.0959894, 0.995335, 0.00287476  
90, 6.63777, 25.9119, 179.987, 0.998835, 0.0479427, 0.00547315, -0.0471901, 0.994195, -0.0966885, -0.0100769, 0.0963176, 0.9953, 0.00286533  
91, 6.6573, 25.9524, 179.987, 0.998828, 0.048186, 0.00460122, -0.0475088, 0.994101, -0.0974985, -0.00927214, 0.0971657, 0.995225, 0.00284896  
92, 6.74412, 25.9766, 180.078, 0.998793, 0.0485849, 0.00728333, -0.0476736, 0.994321, -0.0951446, -0.0118646, 0.0946825, 0.995437, 0.00295714  
93, 6.66265, 25.9309, 179.994, 0.998807, 0.048594, 0.00483022, -0.0478931, 0.994087, -0.0974575, -0.00953751, 0.0971099, 0.995228, 0.0029466  
94, 6.64587, 25.9363, 180.002, 0.998873, 0.0472762, 0.00426047, -0.046639, 0.994171, -0.0972094, -0.00883133, 0.0969011, 0.995255, 0.00285784  
95, 6.66016, 25.9376, 180.008, 0.998855, 0.0476264, 0.00462415, -0.0469564, 0.994199, -0.0967673, -0.009206, 0.0964393, 0.995296, 0.00290971  
96, 6.64132, 25.9399, 180.005, 0.998821, 0.0482496, 0.00539657, -0.0475117, 0.994263, -0.0958269, -0.00998922, 0.0954575, 0.995383, 0.00288419  
97, 6.6283, 25.9161, 179.994, 0.998813, 0.0484096, 0.00532348, -0.0476733, 0.994211, -0.0962918, -0.00995411, 0.0959238, 0.995339, 0.00284702  
98, 6.60407, 25.9278, 180.008, 0.998795, 0.048679, 0.00629008, -0.0478498, 0.994211, -0.0962024, -0.0109367, 0.0957855, 0.995342, 0.00296879  
99, 6.65286, 25.9357, 180.012, 0.998829, 0.0480966, 0.00530913, -0.047363, 0.994224, -0.0963071, -0.00991051, 0.0959428, 0.995338, 0.00284896  
100, 6.63145, 25.9159, 179.989, 0.998818, 0.0484108, 0.00424996, -0.0477662, 0.994083, -0.0975598, -0.00894777, 0.0972415, 0.995221, 0.00289528  
101, 6.6438, 25.9399, 180.001, 0.998816, 0.0482856, 0.00599579, -0.047487, 0.994234, -0.0961456, -0.0106037, 0.095747, 0.995349, 0.00286699  
102, 6.64271, 25.9371, 179.984, 0.998823, 0.0482658, 0.00482416, -0.0475788, 0.994222, -0.0962223, -0.00944053, 0.0958795, 0.995348, 0.00294965  
103, 6.67711, 25.9403, 179.996, 0.998833, 0.048043, 0.00491189, -0.0473445, 0.994193, -0.0966402, -0.00952625, 0.0962949, 0.995307, 0.00299597  
104, 6.62666, 25.9222, 180.001, 0.998841, 0.0479193, 0.00447397, -0.0472574, 0.994131, -0.097315, -0.00911098, 0.0969908, 0.995244, 0.0028129  
105, 6.63258, 25.9563, 179.999, 0.998827, 0.0480783, 0.00581551, -0.0472884, 0.994155, -0.097052, -0.0104476, 0.0966631, 0.995262, 0.00292718  
106, 6.64767, 25.9232, 180.008, 0.998843, 0.0477502, 0.00567913, -0.0469806, 0.994222, -0.0965128, -0.0102548, 0.0961344, 0.995316, 0.00297794  
107, 6.62297, 25.9296, 179.988, 0.998793, 0.048805, 0.00557294, -0.0480429, 0.994192, -0.0962975, -0.0102404, 0.0959135, 0.995337, 0.00271415  
108, 6.65859, 25.952, 180.027, 0.998805, 0.0485057, 0.0060557, -0.0477022, 0.994241, -0.0959646, -0.0106757, 0.095561, 0.995366, 0.00291442  
109, 6.63635, 25.944, 180.013, 0.99887, 0.0473674, 0.00376747, -0.0467783, 0.994173, -0.0971203, -0.00834586, 0.0968344, 0.995266, 0.00282483  
110, 6.64739, 25.9183, 180.002, 0.998831, 0.0480749, 0.00495425, -0.0473704, 0.994173, -0.0968275, -0.00958036, 0.0964797, 0.995289, 0.00289861  
111, 6.61534, 25.9452, 180.001, 0.998823, 0.0482793, 0.00467085, -0.0475945, 0.994093, -0.0975345, -0.00935215, 0.0971974, 0.995221, 0.00290499  
112, 6.69577, 25.962, 180.06, 0.998773, 0.0490658, 0.0066474, -0.0482066, 0.994245, -0.0956731, -0.0113034, 0.0952353, 0.995391, 0.00298266  
113, 6.64309, 25.9003, 179.977, 0.998822, 0.0482886, 0.0047793, -0.0475972, 0.994134, -0.097124, -0.00944125, 0.0967821, 0.995261, 0.0029416  
114, 6.65353, 25.9464, 180.009, 0.998802, 0.0486167, 0.0056423, -0.0478446, 0.994163, -0.0967024, -0.0103107, 0.0963166, 0.995297, 0.00285284  
115, 6.63723, 25.94, 179.993, 0.998829, 0.0481611, 0.00460628, -0.04749, 0.994169, -0.096812, -0.00924199, 0.0964799, 0.995292, 0.00280014  
116, 6.6755, 25.9392, 180.015, 0.998842, 0.0478745, 0.00476929, -0.0471912, 0.994206, -0.096581, -0.00936542, 0.096244, 0.995314, 0.00288197  
117, 6.66287, 25.9323, 179.995, 0.998778, 0.049069, 0.00592452, -0.0482678, 0.994144, -0.0966837, -0.010634, 0.0962795, 0.995298, 0.00298099  
118, 6.65656, 25.9562, 180.02, 0.998849, 0.0476718, 0.00523968, -0.0469453, 0.994229, -0.0964569, -0.00980772, 0.0960999, 0.995323, 0.00298266  
119, 6.65137, 25.9478, 179.999, 0.998868, 0.047449, 0.0034289, -0.0468857, 0.994087, -0.0979395, -0.00805575, 0.0976678, 0.995186, 0.00282261  
120, 6.62551, 25.8932, 179.999, 0.998815, 0.0484034, 0.00512414, -0.0476801, 0.99415, -0.0969123, -0.00978505, 0.0965532, 0.99528, 0.00298599  
121, 6.62662, 25.933, 180, 0.99883, 0.0481178, 0.00483089, -0.0474201, 0.994121, -0.0973429, -0.00948641, 0.0969999, 0.995239, 0.00307641  
122, 6.63447, 25.9397, 180.024, 0.998804, 0.0486299, 0.00501496, -0.0479158, 0.994136, -0.0969435, -0.0096999, 0.0965873, 0.995277, 0.00284008  
123, 6.65286, 25.9114, 180.005, 0.998827, 0.0481513, 0.00519286, -0.0474306, 0.994241, -0.0961009, -0.00979034, 0.0957419, 0.995358, 0.00304035  
124, 6.64067, 25.9443, 180, 0.99886, 0.0474357, 0.00542359, -0.0466899, 0.994215, -0.0967301, -0.00998067, 0.0963665, 0.995296, 0.00280652  
125, 6.64632, 25.932, 180.005, 0.998799, 0.04871, 0.00534952, -0.0479624, 0.994126, -0.0970262, -0.0100442, 0.0966531, 0.995267, 0.00286449  
126, 6.64783, 25.9584, 179.976, 0.998839, 0.0480252, 0.00370202, -0.0474328, 0.994065, -0.097904, -0.00838191, 0.0976148, 0.995189, 0.00290471  
127, 6.65343, 25.9247, 180.003, 0.998829, 0.0480874, 0.00538908, -0.047342, 0.994185, -0.0967223, -0.0100089, 0.0963539, 0.995297, 0.00300956  
128, 6.6467, 25.9227, 179.991, 0.998794, 0.0487622, 0.00569651, -0.0479854, 0.994167, -0.0965874, -0.0103731, 0.0961976, 0.995308, 0.00303952  
129, 6.63073, 25.9297, 180.005, 0.998821, 0.0483451, 0.00442509, -0.0476883, 0.994135, -0.0970633, -0.00909168, 0.0967378, 0.995268, 0.00288308  
130, 6.65353, 25.9346, 179.99, 0.998807, 0.0486033, 0.00480516, -0.0479101, 0.994141, -0.0968949, -0.00948642, 0.0965491, 0.995283, 0.00296047  
131, 6.65824, 25.9311, 180.008, 0.998836, 0.0479807, 0.00498005, -0.0472686, 0.994122, -0.097404, -0.00962429, 0.0970552, 0.995232, 0.00288973  
132, 6.63777, 25.9511, 180.017, 0.99883, 0.0481464, 0.00443286, -0.0474831, 0.994074, -0.0977874, -0.00911469, 0.0974625, 0.995197, 0.00301927  
133, 6.62953, 25.9262, 180.007, 0.998806, 0.0485796, 0.00511275, -0.0478609, 0.994184, -0.0964751, -0.00976973, 0.0961153, 0.995322, 0.0028595  
134, 6.68403, 25.9382, 180.029, 0.998854, 0.0475143, 0.00571771, -0.0467526, 0.994332, -0.0954919, -0.0102225, 0.0951151, 0.995414, 0.00289695  
135, 6.61896, 25.9436, 179.977, 0.998839, 0.04793, 0.00483894, -0.047239, 0.994197, -0.0966435, -0.00944299, 0.0963027, 0.995307, 0.00296269  
136, 6.67282, 25.9532, 180.009, 0.998788, 0.0489801, 0.00491509, -0.0482686, 0.994063, -0.0975121, -0.00966206, 0.0971567, 0.995222, 0.00282511  
137, 6.64132, 25.9136, 179.98, 0.998844, 0.0478089, 0.00504632, -0.0470992, 0.99421, -0.0965797, -0.00963448, 0.0962304, 0.995312, 0.00302981  
138, 6.62004, 25.9362, 179.979, 0.998822, 0.0480411, 0.00676485, -0.0471616, 0.994178, -0.0968764, -0.0113795, 0.0964433, 0.995273, 0.00303037  
139, 6.64808, 25.949, 179.988, 0.998817, 0.0483722, 0.00488775, -0.0476784, 0.994216, -0.0962395, -0.00951479, 0.0958926, 0.995346, 0.00283204  
140, 6.62688, 25.9631, 180.002, 0.998848, 0.0477232, 0.00503531, -0.0470034, 0.994098, -0.0977773, -0.00967183, 0.0974279, 0.995196, 0.00291248  
141, 6.6761, 25.941, 180.046, 0.998808, 0.048415, 0.0062136, -0.0475951, 0.99423, -0.0961275, -0.0108318, 0.0957172, 0.99535, 0.00299292  
142, 6.64345, 25.9439, 179.984, 0.998822, 0.0482478, 0.00518822, -0.0475221, 0.994187, -0.0966104, -0.0098193, 0.09625, 0.995309, 0.00304313  
143, 6.65607, 25.9422, 180.01, 0.998807, 0.0485249, 0.00549954, -0.0477651, 0.994148, -0.0968897, -0.0101689, 0.0965114, 0.99528, 0.00300207  
144, 6.64414, 25.9346, 179.996, 0.99882, 0.0483865, 0.00410068, -0.0477588, 0.994108, -0.0973048, -0.00878476, 0.0969942, 0.995246, 0.00281845  
145, 6.65385, 25.9276, 180.022, 0.998849, 0.0477294, 0.00473444, -0.0470434, 0.994143, -0.097293, -0.00935045, 0.0969583, 0.995245, 0.00280236  
146, 6.63372, 25.9288, 179.986, 0.998832, 0.0481575, 0.00405498, -0.0475268, 0.994024, -0.0982675, -0.00876307, 0.09796, 0.995152, 0.00290776  
147, 6.64064, 25.9355, 180.017, 0.998813, 0.0484177, 0.00523081, -0.0476913, 0.99422, -0.0961881, -0.00985778, 0.0958245, 0.995349, 0.0029233  
148, 6.65886, 25.9337, 179.991, 0.998837, 0.0479142, 0.0053702, -0.0471715, 0.994194, -0.0967155, -0.00997307, 0.0963497, 0.995298, 0.0030054  
149, 6.62378, 25.9356, 179.998, 0.998822, 0.0482462, 0.00510591, -0.0475287, 0.994189, -0.0965834, -0.00973603, 0.096227, 0.995312, 0.00281734  
150, 6.65539, 25.94, 180.004, 0.998821, 0.048258, 0.0052252, -0.0475254, 0.994154, -0.0969502, -0.00987328, 0.0965876, 0.995276, 0.00284258  
151, 6.63633, 25.9204, 180.002, 0.99882, 0.0483389, 0.00469582, -0.0476561, 0.994139, -0.0970415, -0.00935917, 0.0967032, 0.995269, 0.00299237  
152, 6.63742, 25.9438, 179.988, 0.998805, 0.0486215, 0.00485897, -0.0479215, 0.994124, -0.097057, -0.00954947, 0.0967082, 0.995267, 0.00306032  
153, 6.62722, 25.936, 179.994, 0.998802, 0.0486367, 0.00543115, -0.0478841, 0.994153, -0.0967798, -0.0101064, 0.0964037, 0.995291, 0.00287115  
154, 6.64659, 25.9361, 180.018, 0.998858, 0.0475577, 0.00450081, -0.0469003, 0.994205, -0.0967269, -0.00907484, 0.0964054, 0.995301, 0.00279071  
155, 6.63685, 25.9395, 180.005, 0.998822, 0.04829, 0.00476776, -0.0475997, 0.994134, -0.097118, -0.00942962, 0.0967767, 0.995261, 0.0029269  
156, 6.63371, 25.9463, 180.01, 0.998811, 0.0485395, 0.00459469, -0.0478675, 0.99415, -0.0968252, -0.00926765, 0.0964902, 0.995291, 0.0028337  
157, 6.64071, 25.9285, 180.015, 0.998812, 0.0484763, 0.00499995, -0.047771, 0.994208, -0.0962679, -0.00963771, 0.0959147, 0.995343, 0.00293439  
158, 6.66333, 25.9086, 179.996, 0.998812, 0.0484255, 0.0055196, -0.0476703, 0.994211, -0.0962955, -0.0101508, 0.095918, 0.995337, 0.00295076  
159, 6.62259, 25.9278, 179.99, 0.998793, 0.0488814, 0.00476791, -0.0481873, 0.994094, -0.0972337, -0.00949267, 0.0968866, 0.99525, 0.00284424  
160, 6.65545, 25.9492, 180.02, 0.998832, 0.0479422, 0.00602055, -0.0471448, 0.994268, -0.0959596, -0.0105866, 0.0955637, 0.995367, 0.00288696  
161, 6.63535, 25.9151, 179.994, 0.998825, 0.048239, 0.00469196, -0.047559, 0.994163, -0.0968385, -0.00933597, 0.0965016, 0.995289, 0.00286061  
162, 6.64094, 25.9244, 179.985, 0.998832, 0.0481168, 0.004323, -0.0474621, 0.994051, -0.0980349, -0.00901441, 0.0977152, 0.995174, 0.00294022  
163, 6.63793, 25.9418, 179.995, 0.998822, 0.0483404, 0.00428667, -0.0476931, 0.994093, -0.0974951, -0.0089743, 0.0971758, 0.995227, 0.00298404  
164, 6.65132, 25.934, 179.992, 0.998827, 0.0481723, 0.00492315, -0.0474704, 0.994168, -0.0968292, -0.00955892, 0.0964819, 0.995289, 0.0028509  
165, 6.65866, 25.8975, 179.987, 0.998815, 0.0483912, 0.00525816, -0.0476547, 0.994147, -0.0969543, -0.00991912, 0.0965888, 0.995275, 0.00306587  
166, 6.65124, 25.936, 180.022, 0.998838, 0.0479935, 0.00445157, -0.0473272, 0.994061, -0.0979904, -0.00912803, 0.0976658, 0.995177, 0.0028975  
167, 6.62923, 25.9549, 179.998, 0.9988, 0.0487279, 0.00497348, -0.0480195, 0.994152, -0.0967291, -0.0096578, 0.0963742, 0.995298, 0.00291276  
168, 6.68985, 25.9272, 180.051, 0.99883, 0.04805, 0.0055512, -0.0472951, 0.994244, -0.0961368, -0.0101386, 0.0957617, 0.995353, 0.00291331  
169, 6.61045, 25.9295, 179.995, 0.998839, 0.0479513, 0.00464455, -0.0472778, 0.994183, -0.096774, -0.00925797, 0.096442, 0.995296, 0.00284424  
170, 6.64076, 25.9418, 180.01, 0.998805, 0.0485613, 0.00559561, -0.0477916, 0.994143, -0.0969347, -0.0102701, 0.0965514, 0.995275, 0.00290582  
171, 6.65656, 25.9409, 179.996, 0.998827, 0.0481983, 0.00468886, -0.0475214, 0.994193, -0.0965549, -0.00931541, 0.0962188, 0.995317, 0.00288197  
172, 6.63476, 25.9338, 179.98, 0.998851, 0.0476548, 0.00502342, -0.0469421, 0.994158, -0.0971964, -0.00962595, 0.0968489, 0.995253, 0.00299431  
173, 6.66901, 25.9494, 180.037, 0.998777, 0.0490806, 0.00592182, -0.0482891, 0.994229, -0.095791, -0.0105891, 0.0953879, 0.995384, 0.00292136  
174, 6.61283, 25.9546, 180.009, 0.998844, 0.0478346, 0.00477778, -0.0471487, 0.994188, -0.0967822, -0.00937955, 0.096445, 0.995294, 0.00291858  
175, 6.60689, 25.9497, 179.968, 0.99882, 0.0482455, 0.00562794, -0.0474737, 0.994153, -0.0969821, -0.010274, 0.0966005, 0.99527, 0.00292468  
176, 6.65384, 25.944, 179.992, 0.998816, 0.0484448, 0.00448848, -0.0477764, 0.994078, -0.097604, -0.0091903, 0.0972739, 0.995215, 0.00270389  
177, 6.64748, 25.9362, 180.012, 0.998837, 0.0479847, 0.0047036, -0.0473035, 0.994163, -0.0969701, -0.00932922, 0.0966349, 0.995276, 0.00273829  
178, 6.6489, 25.9427, 179.989, 0.998824, 0.0481282, 0.00584028, -0.0473358, 0.994154, -0.0970389, -0.0104764, 0.0966484, 0.995263, 0.00271721  
179, 6.64121, 25.94, 180.016, 0.99884, 0.0479154, 0.004843, -0.0472171, 0.994126, -0.0973816, -0.00948064, 0.0970399, 0.995235, 0.00276159  
180, 6.65077, 25.9424, 180.022, 0.998804, 0.0486703, 0.00474253, -0.0479828, 0.994136, -0.0969044, -0.00943109, 0.0965609, 0.995282, 0.0028509  
181, 6.65695, 25.9384, 180.001, 0.998807, 0.0485583, 0.00520572, -0.0478315, 0.994192, -0.0964074, -0.00985686, 0.0960433, 0.995328, 0.00298377  
182, 6.6459, 25.946, 180.005, 0.99881, 0.0485078, 0.00500145, -0.0477979, 0.994164, -0.0967115, -0.00966352, 0.0963574, 0.9953, 0.0029086  
183, 6.64318, 25.9489, 179.998, 0.998813, 0.0484409, 0.0051802, -0.0477091, 0.994119, -0.0972129, -0.00985882, 0.0968504, 0.99525, 0.00304146  
184, 6.62789, 25.9098, 179.995, 0.998838, 0.0479293, 0.00502379, -0.0472185, 0.994178, -0.0968568, -0.00963682, 0.096507, 0.995286, 0.00291941  
185, 6.65016, 25.9532, 179.979, 0.998803, 0.0486796, 0.00479975, -0.0479873, 0.994145, -0.0968154, -0.00948458, 0.0964692, 0.995291, 0.0065933  
186, 6.64757, 25.9344, 180.01, 0.998827, 0.0480745, 0.00570432, -0.0473037, 0.994233, -0.096245, -0.0102984, 0.0958623, 0.995341, 0.00304673  
187, 6.65406, 25.9378, 179.991, 0.998845, 0.047821, 0.00472634, -0.0471389, 0.994176, -0.096916, -0.00933344, 0.0965812, 0.995281, 0.00267449  
188, 6.66821, 25.9279, 179.997, 0.998774, 0.0490912, 0.00638508, -0.0482575, 0.994248, -0.095617, -0.0110423, 0.0951917, 0.995398, 0.00276908  
189, 6.62002, 25.9215, 179.983, 0.998822, 0.0482529, 0.00508006, -0.0475373, 0.994183, -0.0966415, -0.00971375, 0.0962862, 0.995306, 0.00277712  
190, 6.66056, 25.945, 180.026, 0.998819, 0.0482248, 0.0059376, -0.0474317, 0.994234, -0.0961723, -0.0105413, 0.0957771, 0.995347, 0.0029036  
191, 6.658, 25.9281, 179.992, 0.998796, 0.048817, 0.00492146, -0.0481078, 0.994093, -0.0972875, -0.00964167, 0.0969336, 0.995244, 0.00295104  
192, 6.63701, 25.9162, 179.994, 0.998828, 0.0481307, 0.00509465, -0.0474092, 0.994139, -0.0971576, -0.00974105, 0.0968022, 0.995256, 0.0029183  
193, 6.65585, 25.943, 180.014, 0.998843, 0.0479613, 0.00348047, -0.047391, 0.994069, -0.0978837, -0.00815445, 0.0976055, 0.995192, 0.00304229  
194, 6.642, 25.9344, 180.016, 0.998847, 0.0478218, 0.00418575, -0.0471892, 0.994143, -0.0972213, -0.00881054, 0.0969117, 0.995254, 0.00291664  
195, 6.64811, 25.9299, 180.003, 0.998804, 0.0486231, 0.00507607, -0.0479058, 0.994163, -0.0966742, -0.00974704, 0.0963154, 0.995303, 0.00284868  
196, 6.62058, 25.9222, 179.983, 0.9988, 0.0487956, 0.00422696, -0.0481458, 0.994004, -0.0981714, -0.00899195, 0.0978501, 0.995161, 0.00302482  
197, 6.63819, 25.9249, 179.99, 0.998821, 0.0483209, 0.00469972, -0.0476346, 0.994106, -0.0973878, -0.00937788, 0.0970491, 0.995235, 0.00300346  
198, 6.65329, 25.9025, 179.987, 0.998797, 0.0487725, 0.00508388, -0.0480548, 0.994166, -0.0965669, -0.00976403, 0.0962064, 0.995314, 0.00281734  
199, 6.64835, 25.9475, 179.984, 0.998778, 0.0491675, 0.00505948, -0.0484424, 0.994068, -0.0973791, -0.00981735, 0.0970149, 0.995235, 0.00279931  
200, 6.63522, 25.9428, 179.994, 0.998813, 0.0484508, 0.00491584, -0.0477474, 0.994147, -0.0969155, -0.0095827, 0.0965658, 0.99528, 0.00291858  
201, 6.64803, 25.9288, 179.998, 0.998793, 0.0488251, 0.0054355, -0.0480786, 0.994215, -0.0960486, -0.0100936, 0.0956713, 0.995362, 0.00299153  
202, 6.65311, 25.9265, 179.989, 0.998837, 0.0479736, 0.00485817, -0.0472766, 0.994155, -0.0970602, -0.0094861, 0.0967177, 0.995267, 0.00295686  
203, 6.71825, 25.9702, 180.078, 0.99878, 0.0489569, 0.00649675, -0.0481098, 0.994225, -0.0959229, -0.0111553, 0.0954933, 0.995368, 0.00281179  
204, 6.63918, 25.9282, 180.027, 0.998814, 0.0484031, 0.00527066, -0.0476703, 0.994195, -0.0964538, -0.00990874, 0.0960882, 0.995324, 0.00279515  
205, 6.64281, 25.9266, 179.991, 0.998842, 0.0478712, 0.00485093, -0.0471744, 0.994149, -0.0971732, -0.00947435, 0.0968318, 0.995256, 0.00298349  
206, 6.63347, 25.9368, 179.978, 0.998808, 0.0485799, 0.00482416, -0.0478818, 0.99411, -0.0972205, -0.0095187, 0.0968736, 0.995251, 0.00301428  
207, 6.6279, 25.937, 179.986, 0.99883, 0.0481953, 0.00393943, -0.0475782, 0.99405, -0.0979813, -0.00863823, 0.0976792, 0.99518, 0.00303148  
208, 6.66375, 25.9408, 180.013, 0.998854, 0.0476852, 0.00402124, -0.0470663, 0.994118, -0.0975444, -0.00864901, 0.0972434, 0.995223, 0.00281262  
209, 6.66042, 25.9226, 179.985, 0.998812, 0.0485029, 0.00471596, -0.0478143, 0.9941, -0.0973627, -0.0094105, 0.0970215, 0.995238, 0.00279293  
210, 6.65246, 25.9471, 180.028, 0.998841, 0.0479173, 0.0045213, -0.0472533, 0.994157, -0.0970517, -0.00914534, 0.0967256, 0.995269, 0.00282538  
211, 6.67496, 25.9335, 180.001, 0.998828, 0.0480946, 0.00536337, -0.0473478, 0.994148, -0.0970988, -0.0100019, 0.0967311, 0.99526, 0.00301206  
212, 6.65776, 25.921, 180.011, 0.998802, 0.0484652, 0.00681769, -0.0475909, 0.994261, -0.0958104, -0.011422, 0.0953711, 0.995376, 0.00296768  
213, 6.62964, 25.933, 179.979, 0.998802, 0.0487985, 0.00375033, -0.0481937, 0.993983, -0.0983671, -0.00852793, 0.0980685, 0.995143, 0.00289168  
214, 6.63162, 25.9393, 180.005, 0.998823, 0.0482992, 0.00453009, -0.047638, 0.994196, -0.0964619, -0.00916283, 0.0961325, 0.995326, 0.00281068  
215, 6.66699, 25.9269, 180.01, 0.998835, 0.0480204, 0.00485297, -0.047323, 0.994145, -0.0971406, -0.00948929, 0.0967978, 0.995259, 0.00279515  
216, 6.65828, 25.9497, 179.996, 0.998775, 0.0492863, 0.00433736, -0.0486282, 0.994033, -0.0976439, -0.00912399, 0.0973134, 0.995212, 0.003052  
217, 6.6654, 25.9397, 180.02, 0.998815, 0.0484137, 0.00488233, -0.0477102, 0.994113, -0.0972822, -0.00956337, 0.0969341, 0.995245, 0.00301733  
218, 6.66354, 25.9251, 180.032, 0.99882, 0.0482038, 0.00590566, -0.0474147, 0.994242, -0.0960962, -0.0105039, 0.0957028, 0.995355, 0.00289972  
219, 6.63484, 25.9415, 179.994, 0.998815, 0.0484576, 0.0045002, -0.047793, 0.994131, -0.0970552, -0.00917684, 0.0967251, 0.995269, 0.0029674  
220, 6.75669, 25.8785, 179.983, 0.998797, 0.0488765, 0.00399422, -0.0482606, 0.994127, -0.0968639, -0.00870513, 0.0965546, 0.99529, 0.00283953  
221, 6.73777, 25.866, 179.986, 0.998777, 0.0492173, 0.00460618, -0.0485381, 0.994087, -0.0971379, -0.0093598, 0.0967956, 0.99526, 0.0030018  
222, 6.71574, 25.8972, 179.949, 0.998783, 0.0491495, 0.00402963, -0.0485217, 0.994034, -0.0976844, -0.00880672, 0.09737, 0.995209, 0.00285534  
223, 6.71014, 25.9488, 179.964, 0.998794, 0.0488163, 0.00528222, -0.0480587, 0.993965, -0.098612, -0.0100642, 0.0982392, 0.995112, 0.00280624  
224, 6.53524, 26.0642, 179.883, 0.998878, 0.0469037, 0.00655873, -0.0460326, 0.994084, -0.0983756, -0.0111341, 0.0979633, 0.995128, 0.00280541  
225, 6.55758, 26.073, 179.875, 0.99886, 0.0469994, 0.00830149, -0.0459811, 0.994268, -0.0965243, -0.0127905, 0.0960326, 0.995296, 0.00280652  
226, 6.58537, 26.0736, 179.879, 0.998864, 0.0468734, 0.00858557, -0.0458121, 0.994154, -0.0977679, -0.0131181, 0.0972635, 0.995172, 0.00285146  
227, 6.54879, 26.071, 179.88, 0.998855, 0.0473854, 0.00655702, -0.0464941, 0.993903, -0.0999782, -0.0112545, 0.0995588, 0.994968, 0.00292995  
228, 6.5697, 26.0948, 179.866, 0.998893, 0.0465882, 0.00657542, -0.0457132, 0.994065, -0.0987188, -0.0111355, 0.0983089, 0.995094, 0.00279016  
229, 6.54108, 26.0511, 179.853, 0.998841, 0.0474289, 0.00824087, -0.0463982, 0.994125, -0.0977848, -0.0128303, 0.097289, 0.995173, 0.00294022  
230, 6.56032, 26.09, 179.855, 0.998844, 0.0474852, 0.00753208, -0.0465103, 0.994016, -0.0988417, -0.0121805, 0.0983771, 0.995075, 0.0030018  
231, 6.55488, 26.0847, 179.894, 0.998898, 0.0462146, 0.00819572, -0.0451893, 0.994144, -0.0981652, -0.0126844, 0.0976866, 0.995136, 0.00300429  
232, 6.57837, 26.0672, 179.858, 0.998878, 0.0467293, 0.00767294, -0.0457565, 0.994149, -0.0978436, -0.0122002, 0.0973828, 0.995172, 0.00290887  
233, 6.57097, 26.0725, 179.862, 0.99883, 0.0474535, 0.00926999, -0.0463358, 0.994221, -0.0968373, -0.0138117, 0.0962945, 0.995257, 0.00282178  
234, 6.53243, 26.0761, 179.866, 0.998856, 0.0472773, 0.00723563, -0.0463502, 0.994168, -0.0973693, -0.0117968, 0.0969225, 0.995222, 0.00280874  
235, 6.54708, 26.0851, 179.854, 0.998866, 0.0472663, 0.00569939, -0.0464739, 0.994027, -0.0987425, -0.0103325, 0.0983656, 0.995097, 0.00295769  
236, 6.54553, 26.0394, 179.875, 0.998881, 0.0467317, 0.007215, -0.0457992, 0.994112, -0.0982034, -0.0117617, 0.0977631, 0.99514, 0.00293744  
237, 6.52155, 26.0616, 179.862, 0.998848, 0.0474507, 0.00710275, -0.046519, 0.994021, -0.0987795, -0.0117474, 0.0983354, 0.995084, 0.00284785  
238, 6.52532, 26.0533, 179.877, 0.998861, 0.0471455, 0.00733349, -0.0462016, 0.99411, -0.0980305, -0.011912, 0.09758, 0.995156, 0.00281484  
239, 6.5625, 26.0519, 179.844, 0.998854, 0.0470628, 0.00872718, -0.04599, 0.99417, -0.0975212, -0.0132659, 0.097008, 0.995195, 0.0028154  
240, 6.55342, 26.081, 179.847, 0.998823, 0.0477381, 0.00857604, -0.0466772, 0.994141, -0.097497, -0.0131801, 0.0969819, 0.995199, 0.00278156  
241, 6.5261, 26.081, 179.86, 0.998874, 0.0470499, 0.00603551, -0.0462145, 0.993937, -0.0997672, -0.0106929, 0.099376, 0.994993, 0.00287032  
242, 6.55459, 26.0683, 179.846, 0.998853, 0.0471606, 0.00831884, -0.0461149, 0.994072, -0.0984607, -0.012913, 0.0979641, 0.995106, 0.00285534  
243, 6.55293, 26.0891, 179.854, 0.998891, 0.0464265, 0.00787135, -0.0454313, 0.994128, -0.0982071, -0.0123845, 0.0977405, 0.995135, 0.00280042  
244, 6.55, 26.0873, 179.85, 0.998845, 0.0474471, 0.00755303, -0.0464812, 0.994105, -0.0979554, -0.0121562, 0.0974912, 0.995162, 0.00278683  
245, 6.60556, 26.0669, 179.884, 0.998846, 0.0473093, 0.00822721, -0.0462861, 0.994173, -0.0973485, -0.0127848, 0.0968554, 0.995216, 0.00282205  
246, 6.55051, 26.0425, 179.846, 0.998855, 0.0471291, 0.0082471, -0.0460968, 0.994121, -0.0979728, -0.012816, 0.0974804, 0.995155, 0.00283065  
247, 6.54068, 26.0707, 179.86, 0.99885, 0.0473408, 0.00762401, -0.0463702, 0.994124, -0.0978151, -0.0122098, 0.0973491, 0.995175, 0.0030201  
248, 6.52903, 26.0805, 179.88, 0.998867, 0.0469227, 0.00788858, -0.0459337, 0.994187, -0.0973786, -0.012412, 0.0969059, 0.995216, 0.0029993  
249, 6.55717, 26.0485, 179.886, 0.998894, 0.0463458, 0.00790204, -0.0453496, 0.994145, -0.0980727, -0.012401, 0.0976059, 0.995148, 0.00294382  
250, 6.53563, 26.0592, 179.852, 0.998883, 0.0467349, 0.00696907, -0.0458229, 0.99408, -0.0985101, -0.0115317, 0.0980807, 0.995112, 0.00282705  
251, 6.51879, 26.0669, 179.861, 0.998858, 0.0471256, 0.00780805, -0.0461363, 0.99412, -0.0979627, -0.0123787, 0.0974906, 0.995159, 0.00293744  
252, 6.54634, 26.0872, 179.853, 0.998915, 0.0461158, 0.00653038, -0.0452491, 0.9941, -0.09858, -0.0110379, 0.0981775, 0.995108, 0.00282122  
253, 6.59484, 26.0712, 179.878, 0.998853, 0.0471135, 0.00848615, -0.0460568, 0.994113, -0.0980687, -0.0130566, 0.0975654, 0.995143, 0.00283537  
254, 6.53949, 26.07, 179.846, 0.99887, 0.0469486, 0.00739948, -0.0460029, 0.994151, -0.0977137, -0.0119437, 0.0972629, 0.995187, 0.00294577  
255, 6.53685, 26.0706, 179.887, 0.998869, 0.0469517, 0.00756267, -0.045986, 0.994118, -0.0980552, -0.012122, 0.0975964, 0.995152, 0.00282677  
256, 6.57872, 26.0706, 179.875, 0.998868, 0.0467837, 0.0085669, -0.0457326, 0.994218, -0.0971553, -0.0130627, 0.0966536, 0.995232, 0.00291248  
257, 6.5786, 26.0852, 179.853, 0.998852, 0.0471845, 0.00831011, -0.0461475, 0.994131, -0.0978501, -0.0128783, 0.0973542, 0.995166, 0.00282316  
258, 6.53031, 26.0791, 179.857, 0.998845, 0.0474443, 0.0075546, -0.0464828, 0.994141, -0.097584, -0.0121401, 0.0971202, 0.995199, 0.00285201  
259, 6.54837, 26.0584, 179.869, 0.998888, 0.0463585, 0.00860145, -0.0453, 0.994193, -0.0976166, -0.0130769, 0.0971184, 0.995187, 0.00294521  
260, 6.54399, 26.0662, 179.847, 0.99885, 0.0473169, 0.00770222, -0.0463333, 0.994081, -0.0982651, -0.0123062, 0.0977952, 0.99513, 0.00293412  
261, 6.57832, 26.1161, 179.877, 0.998881, 0.0467444, 0.00720337, -0.0458141, 0.99412, -0.0981101, -0.0117471, 0.0976703, 0.995149, 0.00294549  
262, 6.54616, 26.0782, 179.862, 0.998865, 0.0471558, 0.00675102, -0.04626, 0.994033, -0.0987889, -0.0113692, 0.0983644, 0.995086, 0.00290998  
263, 6.58546, 26.0622, 179.865, 0.998857, 0.0470946, 0.00821055, -0.0460543, 0.994033, -0.0988832, -0.0128184, 0.098392, 0.995065, 0.00292191  
264, 6.46114, 26.1461, 179.838, 0.998872, 0.0467852, 0.00815385, -0.0457677, 0.994167, -0.0976597, -0.0126753, 0.0971763, 0.995186, 0.00286976  
265, 6.46358, 26.1343, 179.905, 0.998892, 0.0462766, 0.00859748, -0.0452136, 0.994157, -0.0980159, -0.0130831, 0.0975186, 0.995148, 0.0028473  
266, 6.43994, 26.0973, 179.86, 0.998859, 0.0467709, 0.00963233, -0.0455992, 0.994101, -0.0984056, -0.014178, 0.0978541, 0.9951, 0.00297295  
267, 6.50431, 26.0914, 179.894, 0.99888, 0.0462154, 0.0101855, -0.0449994, 0.994177, -0.0979179, -0.0146515, 0.0973499, 0.995142, 0.00293689  
268, 6.63132, 25.9627, 179.998, 0.998827, 0.0481981, 0.00458485, -0.0475235, 0.994112, -0.0973789, -0.00925133, 0.0970468, 0.995237, 0.00300263  
269, 6.67455, 25.9224, 180.016, 0.998812, 0.048403, 0.00571116, -0.0476283, 0.994201, -0.0964109, -0.0103446, 0.0960243, 0.995325, 0.00293412  
270, 6.63785, 25.926, 179.99, 0.998857, 0.0475096, 0.00521981, -0.0467808, 0.994188, -0.0969583, -0.00979592, 0.0966034, 0.995275, 0.00291664  
271, 6.65514, 25.9222, 179.992, 0.998834, 0.0480742, 0.00446745, -0.0474138, 0.99414, -0.0971435, -0.00911136, 0.0968184, 0.99526, 0.00294299  
272, 6.62641, 25.9036, 179.979, 0.998814, 0.0484716, 0.00468907, -0.0477806, 0.994047, -0.0979161, -0.00940731, 0.0975759, 0.995184, 0.00295159  
273, 6.693, 25.9122, 180.014, 0.998823, 0.0482974, 0.00445158, -0.0476383, 0.994138, -0.0970621, -0.00911334, 0.0967358, 0.995268, 0.00283426  
274, 6.68147, 25.9075, 180.029, 0.998839, 0.0479806, 0.0041917, -0.0473501, 0.994174, -0.0968324, -0.00881335, 0.0965216, 0.995292, 0.00288169  
275, 6.64551, 25.921, 180.004, 0.99881, 0.0485223, 0.00500407, -0.047813, 0.994173, -0.0966133, -0.00966281, 0.0962591, 0.995309, 0.00288668  
276, 6.675, 25.9054, 180.036, 0.998804, 0.0486311, 0.00496044, -0.0479278, 0.99419, -0.0963785, -0.00961861, 0.0960255, 0.995332, 0.00291082  
277, 6.67945, 25.9219, 180.032, 0.998842, 0.0478161, 0.00523178, -0.0470878, 0.994203, -0.0966563, -0.00982319, 0.096298, 0.995304, 0.00296019  
278, 6.66316, 25.9431, 180.021, 0.998788, 0.0489656, 0.00497241, -0.0482529, 0.994108, -0.0970665, -0.00969603, 0.096709, 0.995265, 0.00284702  
