0, 0, 0, 0, 0, 0, 0, 0, 0, 0, 0, 0, 0, 0.00663713  
1, 19.0564, 5.12576, 179.61, 0.994861, 0.100295, 0.0138511, -0.100163, 0.994922, -0.00990553, -0.0147742, 0.00846726, 0.999855, 0.00277157  
2, 19.0629, 5.14964, 179.627, 0.994922, 0.0997476, 0.0134343, -0.0996231, 0.994979, -0.00964033, -0.0143284, 0.00825301, 0.999863, 0.00282316  
3, 19.0515, 5.12225, 179.629, 0.994816, 0.100918, 0.0125304, -0.100779, 0.994845, -0.0112673, -0.0136028, 0.00994606, 0.999858, 0.00285839  
4, 19.0529, 5.13205, 179.63, 0.994901, 0.100002, 0.0131315, -0.0998738, 0.994949, -0.0100472, -0.0140699, 0.00868446, 0.999863, 0.00278405  
5, 19.0263, 5.12844, 179.647, 0.994887, 0.100144, 0.0130676, -0.100006, 0.994929, -0.0107697, -0.0140799, 0.00940775, 0.999857, 0.00291803  
6, 19.0258, 5.15134, 179.635, 0.994886, 0.100043, 0.0139318, -0.0999164, 0.994951, -0.00948469, -0.0148104, 0.00804417, 0.999858, 0.00284951  
7, 19.0306, 5.12847, 179.641, 0.994846, 0.10056, 0.0130333, -0.100425, 0.994888, -0.0106135, -0.0140339, 0.00924989, 0.999859, 0.00280735  
8, 19.0558, 5.10666, 179.619, 0.994799, 0.100906, 0.0138641, -0.100771, 0.994858, -0.0101047, -0.0148125, 0.008655, 0.999853, 0.00286893  
9, 19.0519, 5.12394, 179.643, 0.99487, 0.100243, 0.0136263, -0.100119, 0.99493, -0.00951412, -0.0145109, 0.00810106, 0.999862, 0.00277351  
10, 19.0323, 5.12917, 179.595, 0.994846, 0.100354, 0.0145095, -0.100239, 0.994928, -0.00843538, -0.0152824, 0.00693748, 0.999859, 0.0029785  
11, 19.0521, 5.10299, 179.603, 0.994822, 0.100754, 0.0133508, -0.10063, 0.994877, -0.00964513, -0.0142542, 0.00825169, 0.999864, 0.00286644  
12, 19.0485, 5.08489, 179.637, 0.994803, 0.100792, 0.014423, -0.100657, 0.994873, -0.00981097, -0.0153379, 0.00830821, 0.999848, 0.00285617  
13, 19.055, 5.0971, 179.617, 0.994855, 0.100424, 0.0133414, -0.100294, 0.994907, -0.0100362, -0.0142813, 0.00864651, 0.999861, 0.00323036  
14, 19.0959, 5.06196, 179.654, 0.99482, 0.10076, 0.0134304, -0.100633, 0.994875, -0.00980336, -0.0143493, 0.00840104, 0.999862, 0.00271304  
15, 19.0256, 5.08707, 179.624, 0.994805, 0.100885, 0.0136027, -0.100758, 0.994864, -0.00966645, -0.014508, 0.00824564, 0.999861, 0.00292718  
16, 19.0238, 5.10276, 179.653, 0.994916, 0.0998352, 0.0132416, -0.0996958, 0.994959, -0.0108011, -0.0142531, 0.00942608, 0.999854, 0.00283981  
17, 19.0203, 5.0915, 179.629, 0.994845, 0.100411, 0.0141624, -0.100296, 0.994921, -0.00858953, -0.014953, 0.00712482, 0.999863, 0.00295936  
18, 19.0431, 5.06484, 179.629, 0.994825, 0.100744, 0.0132029, -0.100614, 0.994874, -0.0101612, -0.0141589, 0.00878021, 0.999861, 0.00293273  
19, 19.0554, 5.06337, 179.625, 0.994793, 0.10106, 0.013143, -0.100929, 0.99484, -0.0102818, -0.0141142, 0.00890175, 0.999861, 0.00279543  
20, 19.0683, 5.0754, 179.642, 0.994806, 0.100934, 0.0131785, -0.100788, 0.994843, -0.0113365, -0.0142548, 0.0099494, 0.999849, 0.00287004  
21, 19.059, 5.05434, 179.649, 0.994879, 0.100029, 0.0144848, -0.0998963, 0.994952, -0.00958395, -0.0153703, 0.0080879, 0.999849, 0.00278516  
22, 19.0452, 5.06419, 179.625, 0.994772, 0.101226, 0.0134792, -0.101079, 0.994816, -0.0111759, -0.0145406, 0.00975499, 0.999847, 0.00282705  
23, 19.0609, 5.04409, 179.62, 0.994789, 0.101058, 0.0135244, -0.10091, 0.994832, -0.0112387, -0.0145903, 0.0098154, 0.999845, 0.00306116  
24, 19.0848, 5.02101, 179.636, 0.994826, 0.1007, 0.0134404, -0.100562, 0.994875, -0.0105626, -0.0144352, 0.00915631, 0.999854, 0.00291775  
25, 19.0223, 5.02691, 179.606, 0.994827, 0.100552, 0.014474, -0.100412, 0.994895, -0.0100832, -0.015414, 0.00857772, 0.999844, 0.00302759  
26, 19.0309, 5.04618, 179.639, 0.994766, 0.101341, 0.0130868, -0.101191, 0.994798, -0.0116814, -0.0142026, 0.010296, 0.999846, 0.00293606  
27, 19.0689, 5.02593, 179.656, 0.99485, 0.10051, 0.013107, -0.100367, 0.994888, -0.011158, -0.0141615, 0.00978505, 0.999852, 0.00289195  
28, 19.0268, 5.01359, 179.629, 0.994854, 0.100305, 0.0143051, -0.100182, 0.994928, -0.0090194, -0.0151373, 0.00753987, 0.999857, 0.00279737  
29, 19.032, 5.02683, 179.619, 0.994829, 0.100582, 0.0141011, -0.100442, 0.994889, -0.0103458, -0.0150696, 0.00887592, 0.999847, 0.00298044  
30, 19.0561, 5.00221, 179.644, 0.994829, 0.100555, 0.0142697, -0.100402, 0.994885, -0.0110762, -0.0153104, 0.00958621, 0.999837, 0.00303286  
31, 19.0725, 4.96445, 179.652, 0.994837, 0.100463, 0.0143614, -0.100315, 0.994898, -0.0106849, -0.0153616, 0.00918905, 0.99984, 0.00287836  
32, 19.0854, 4.96979, 179.652, 0.994758, 0.101235, 0.0143955, -0.10108, 0.994816, -0.011159, -0.0154506, 0.00964543, 0.999834, 0.00293495  
33, 19.0554, 4.98829, 179.617, 0.994819, 0.100696, 0.0139886, -0.100556, 0.994878, -0.0103461, -0.0149588, 0.00888581, 0.999849, 0.0030312  
34, 19.0457, 4.97382, 179.657, 0.994863, 0.100151, 0.0147409, -0.0999986, 0.994929, -0.0107647, -0.0157443, 0.00923537, 0.999833, 0.00282899  
35, 19.0379, 4.99638, 179.622, 0.994829, 0.100586, 0.0140257, -0.100448, 0.99489, -0.0102503, -0.0149851, 0.00878846, 0.999849, 0.00289223  
36, 19.0554, 4.9788, 179.64, 0.994799, 0.100927, 0.0137217, -0.100778, 0.994847, -0.0111086, -0.0147722, 0.00966794, 0.999844, 0.0028742  
37, 19.0524, 5.01296, 179.626, 0.994807, 0.100895, 0.0133847, -0.100756, 0.994854, -0.0106811, -0.0143935, 0.00927706, 0.999853, 0.00311441  
38, 19.0799, 4.94091, 179.659, 0.994824, 0.100661, 0.0138833, -0.100522, 0.994881, -0.0103725, -0.0148563, 0.00892327, 0.99985, 0.00289445  
39, 19.0885, 4.97773, 179.623, 0.994789, 0.101007, 0.0139101, -0.10086, 0.994841, -0.010888, -0.0149381, 0.00942826, 0.999844, 0.0028423  
40, 19.0502, 4.99638, 179.635, 0.994893, 0.0998723, 0.0145788, -0.0997348, 0.994965, -0.00987566, -0.0154917, 0.00837122, 0.999845, 0.00289889  
41, 19.0422, 4.99024, 179.641, 0.994797, 0.10077, 0.0149488, -0.100628, 0.994874, -0.00998856, -0.0158787, 0.00843233, 0.999838, 0.00297045  
42, 19.0283, 4.96932, 179.617, 0.994769, 0.101158, 0.0142111, -0.101012, 0.994828, -0.0106635, -0.0152164, 0.00917227, 0.999842, 0.00289251  
43, 19.0531, 4.99516, 179.639, 0.994823, 0.100704, 0.0136075, -0.100553, 0.994867, -0.011387, -0.0146844, 0.00995978, 0.999843, 0.00313522  
44, 19.0238, 5.00237, 179.618, 0.994847, 0.10031, 0.0147501, -0.100174, 0.994923, -0.00966575, -0.0156448, 0.00813836, 0.999844, 0.00282954  
45, 19.0681, 4.97338, 179.623, 0.994786, 0.101016, 0.0140369, -0.10086, 0.994835, -0.0113998, -0.0151159, 0.0099246, 0.999836, 0.00303591  
46, 19.0804, 4.98261, 179.649, 0.994844, 0.100474, 0.013827, -0.100334, 0.994898, -0.0105232, -0.0148138, 0.00908164, 0.999849, 0.00305921  
47, 19.0373, 4.99606, 179.636, 0.994783, 0.100941, 0.0147252, -0.100791, 0.994852, -0.0105375, -0.015713, 0.0089984, 0.999836, 0.00284979  
48, 19.0538, 5.02616, 179.644, 0.994841, 0.100416, 0.0143905, -0.100275, 0.994907, -0.0102642, -0.0153479, 0.00876824, 0.999844, 0.00284896  
49, 19.061, 4.98217, 179.621, 0.994804, 0.100896, 0.0135757, -0.100749, 0.99485, -0.0110762, -0.0146233, 0.00965093, 0.999846, 0.00284424  
50, 18.9917, 5.02769, 179.635, 0.994833, 0.100479, 0.014515, -0.100324, 0.994894, -0.0110063, -0.0155468, 0.00949324, 0.999834, 0.00295409  
51, 19.0199, 5.01806, 179.629, 0.994858, 0.100191, 0.0148084, -0.100053, 0.994934, -0.00977263, -0.0157125, 0.00824075, 0.999843, 0.00280735  
52, 19.0254, 4.98684, 179.627, 0.994787, 0.10093, 0.0145922, -0.100775, 0.994849, -0.010951, -0.0156223, 0.0094234, 0.999834, 0.00295852  
53, 19.0388, 5.00964, 179.606, 0.99481, 0.100756, 0.0141572, -0.100612, 0.99487, -0.0105169, -0.0151442, 0.0090379, 0.999844, 0.00281429  
54, 19.0324, 5.03235, 179.618, 0.994749, 0.101414, 0.0137805, -0.101265, 0.994797, -0.0111077, -0.0148353, 0.00965385, 0.999843, 0.00290832  
55, 19.057, 5.01289, 179.648, 0.994849, 0.100377, 0.0141382, -0.100228, 0.994905, -0.0108965, -0.0151599, 0.00942335, 0.999841, 0.00290804  
56, 19.0571, 5.0444, 179.622, 0.994782, 0.101117, 0.0135843, -0.100969, 0.994827, -0.0111723, -0.0146437, 0.00974244, 0.999845, 0.00294493  
57, 19.0657, 5.04279, 179.635, 0.994812, 0.100878, 0.0131693, -0.100742, 0.994856, -0.0106169, -0.0141726, 0.00923508, 0.999857, 0.00287337  
58, 19.0584, 5.04285, 179.64, 0.994843, 0.100566, 0.013195, -0.100428, 0.994886, -0.010742, -0.0142078, 0.00936142, 0.999855, 0.00308917  
59, 19.0438, 5.04975, 179.623, 0.99483, 0.100555, 0.0142089, -0.10044, 0.994906, -0.00856735, -0.014998, 0.00709591, 0.999862, 0.00305422  
60, 19.025, 5.07926, 179.626, 0.994886, 0.0999679, 0.0144137, -0.0998319, 0.994955, -0.00987, -0.0153277, 0.00838058, 0.999847, 0.00305533  
61, 19.0555, 5.07074, 179.626, 0.994829, 0.100686, 0.0133056, -0.100556, 0.99488, -0.0100637, -0.0142508, 0.00867373, 0.999861, 0.00295936  
62, 19.0655, 5.08723, 179.608, 0.994916, 0.0997765, 0.0137005, -0.0996521, 0.994977, -0.00948574, -0.0145781, 0.00807223, 0.999861, 0.00315214  
63, 19.0494, 5.09464, 179.614, 0.994939, 0.0994988, 0.0139788, -0.0993811, 0.99501, -0.00887611, -0.0147922, 0.00744196, 0.999863, 0.00290333  
64, 19.054, 5.09833, 179.635, 0.994872, 0.100177, 0.013932, -0.100048, 0.994936, -0.00964687, -0.0148278, 0.00820353, 0.999856, 0.00286671  
65, 19.0491, 5.09751, 179.637, 0.99487, 0.10019, 0.0139523, -0.100048, 0.994927, -0.0105605, -0.0149395, 0.00911045, 0.999847, 0.00290582  
66, 19.0382, 5.0859, 179.608, 0.994862, 0.100274, 0.0139651, -0.100158, 0.994933, -0.00879307, -0.0147761, 0.00734917, 0.999864, 0.00285395  
67, 19.0518, 5.11412, 179.63, 0.994872, 0.100238, 0.0134787, -0.100107, 0.994926, -0.01007, -0.0144197, 0.00866905, 0.999858, 0.00290693  
68, 19.029, 5.10513, 179.631, 0.9949, 0.100039, 0.012873, -0.0999195, 0.994949, -0.00962193, -0.0137706, 0.00828659, 0.999871, 0.00286533  
69, 19.03, 5.1148, 179.617, 0.99487, 0.100149, 0.014305, -0.100025, 0.994943, -0.00915227, -0.0151493, 0.00767445, 0.999856, 0.00288474  
70, 19.0467, 5.09429, 179.627, 0.994873, 0.100178, 0.0138764, -0.10005, 0.994936, -0.00964098, -0.0147719, 0.00820322, 0.999857, 0.0026756  
71, 19.043, 5.10088, 179.63, 0.994892, 0.0999438, 0.0141716, -0.0998211, 0.994964, -0.00911562, -0.0150113, 0.00765443, 0.999858, 0.00270861  
72, 19.0553, 5.11979, 179.613, 0.994841, 0.100613, 0.0129527, -0.100478, 0.994881, -0.0107371, -0.0139667, 0.00938027, 0.999858, 0.0035965  
73, 19.0598, 5.10947, 179.63, 0.994888, 0.100102, 0.0133356, -0.0999733, 0.99494, -0.0100274, -0.0142719, 0.00864295, 0.999861, 0.00270972  
74, 19.0166, 5.1438, 179.613, 0.994858, 0.100346, 0.0137507, -0.100221, 0.99492, -0.00947961, -0.014632, 0.00805276, 0.999861, 0.00268558  
75, 19.046, 5.09532, 179.611, 0.994835, 0.100545, 0.0139661, -0.100434, 0.994908, -0.00842898, -0.0147425, 0.00698277, 0.999867, 0.0032825  
76, 19.0135, 5.11745, 179.63, 0.99489, 0.0999255, 0.0144408, -0.0998019, 0.994966, -0.00904455, -0.0152719, 0.00755711, 0.999855, 0.00286172  
77, 19.0814, 5.11886, 179.646, 0.994915, 0.0997749, 0.0137367, -0.0996529, 0.994979, -0.00930045, -0.0145957, 0.00788426, 0.999862, 0.00281457  
78, 19.0336, 5.13139, 179.637, 0.994778, 0.101079, 0.0140971, -0.100944, 0.994842, -0.0100041, -0.0150355, 0.0085288, 0.999851, 0.00287004  
79, 19.042, 5.13493, 179.632, 0.994836, 0.100659, 0.0129855, -0.100531, 0.994882, -0.0101979, -0.0139455, 0.00883983, 0.999864, 0.00284619  
80, 19.0265, 5.1454, 179.621, 0.994817, 0.100789, 0.0134729, -0.100658, 0.99487, -0.0100804, -0.0144197, 0.00867198, 0.999858, 0.00365197  
81, 19.0132, 5.13608, 179.631, 0.994807, 0.10092, 0.0132176, -0.100778, 0.994848, -0.0110122, -0.0142608, 0.00962301, 0.999852, 0.00271249  
82, 19.0575, 5.10273, 179.635, 0.994937, 0.0995076, 0.014121, -0.0993721, 0.995, -0.00999402, -0.0150449, 0.00854018, 0.99985, 0.00270029  
83, 19.0538, 5.11871, 179.611, 0.994799, 0.100969, 0.0134373, -0.100834, 0.994849, -0.0103953, -0.0144176, 0.00898631, 0.999856, 0.00279792  
84, 19.0581, 5.12237, 179.621, 0.994849, 0.100411, 0.0138903, -0.10028, 0.994911, -0.00981268, -0.0148049, 0.00836922, 0.999855, 0.00288724  
85, 19.0249, 5.14545, 179.597, 0.994893, 0.100041, 0.0133973, -0.099924, 0.994953, -0.00914956, -0.014245, 0.00776412, 0.999868, 0.00288668  
86, 19.063, 5.12658, 179.607, 0.994814, 0.10081, 0.0135396, -0.100676, 0.994866, -0.0102448, -0.0145029, 0.0088285, 0.999856, 0.00292274  
87, 19.0525, 5.14087, 179.632, 0.994911, 0.0998911, 0.0132084, -0.0997712, 0.994966, -0.00944918, -0.0140858, 0.00808327, 0.999868, 0.00291664  
88, 19.0626, 5.09529, 179.615, 0.994817, 0.100728, 0.0138651, -0.100596, 0.994878, -0.00991516, -0.0147928, 0.008469, 0.999855, 0.00277545  
89, 19.0604, 5.11173, 179.593, 0.99488, 0.100157, 0.0135324, -0.100043, 0.994944, -0.00882974, -0.0143484, 0.0074307, 0.999869, 0.00287975  
90, 19.0647, 5.09846, 179.633, 0.994875, 0.100145, 0.0139166, -0.10001, 0.994935, -0.0101295, -0.0148606, 0.00868581, 0.999852, 0.00279903  
91, 19.0498, 5.13287, 179.626, 0.994902, 0.0998986, 0.0138028, -0.0997803, 0.994969, -0.00901405, -0.0146338, 0.00759085, 0.999864, 0.00290249  
92, 19.0454, 5.08724, 179.646, 0.994803, 0.100911, 0.013567, -0.100778, 0.994857, -0.0101322, -0.0145197, 0.00871229, 0.999857, 0.00286949  
93, 19.0387, 5.10469, 179.613, 0.994879, 0.100018, 0.0145453, -0.0998928, 0.994957, -0.00910229, -0.0153823, 0.00760271, 0.999853, 0.00289972  
94, 19.0684, 5.10021, 179.629, 0.994887, 0.100065, 0.013665, -0.0999318, 0.994943, -0.0101037, -0.0146069, 0.00868644, 0.999856, 0.00284341  
95, 19.0458, 5.09013, 179.625, 0.994825, 0.100722, 0.0133481, -0.100591, 0.994876, -0.0101812, -0.0143052, 0.00878582, 0.999859, 0.0030226  
96, 19.0758, 5.08864, 179.618, 0.994795, 0.100886, 0.0143044, -0.100763, 0.994869, -0.00903818, -0.0151428, 0.00754978, 0.999857, 0.00291775  
97, 19.0577, 5.08842, 179.625, 0.994904, 0.099853, 0.0139537, -0.0997228, 0.994968, -0.00973365, -0.0148554, 0.00829255, 0.999855, 0.0028742  
98, 19.0502, 5.08146, 179.625, 0.994826, 0.10074, 0.013111, -0.100615, 0.994877, -0.00986692, -0.0140378, 0.00849671, 0.999865, 0.0028803  
99, 19.0587, 5.06481, 179.634, 0.994774, 0.101134, 0.0140367, -0.100997, 0.994835, -0.0101636, -0.014992, 0.00869279, 0.99985, 0.00310415  
100, 19.0485, 5.05378, 179.63, 0.994762, 0.101324, 0.0134974, -0.10118, 0.994808, -0.0109431, -0.0145361, 0.00952009, 0.999849, 0.00299847  
101, 18.9917, 5.10523, 179.634, 0.994856, 0.100402, 0.0134165, -0.100255, 0.994898, -0.0112546, -0.014478, 0.00985163, 0.999847, 0.00292468  
102, 19.0229, 5.08014, 179.618, 0.994839, 0.100559, 0.0135359, -0.100427, 0.994893, -0.0101245, -0.0144849, 0.00871292, 0.999857, 0.00301095  
103, 19.0553, 5.04938, 179.622, 0.994849, 0.100461, 0.0135571, -0.10032, 0.994897, -0.0107227, -0.0145651, 0.00930746, 0.999851, 0.00290083  
104, 18.9696, 5.04136, 179.593, 0.994699, 0.101854, 0.014118, -0.101701, 0.994752, -0.0112067, -0.0151853, 0.00971152, 0.999838, 0.00301844  
105, 19.0469, 5.04544, 179.632, 0.994876, 0.100162, 0.0137638, -0.100016, 0.994926, -0.0109365, -0.0147894, 0.00950389, 0.999845, 0.00300956  
106, 19.0454, 5.02745, 179.622, 0.994852, 0.100409, 0.0137271, -0.100275, 0.994908, -0.0101496, -0.0146763, 0.00872085, 0.999854, 0.00299597  
107, 19.0318, 5.01896, 179.61, 0.994854, 0.100271, 0.0145413, -0.100136, 0.994926, -0.00971525, -0.0154417, 0.00820915, 0.999847, 0.00308695  
108, 19.0626, 5.01289, 179.621, 0.994786, 0.101055, 0.0137684, -0.100896, 0.994827, -0.0117891, -0.0148885, 0.0103385, 0.999836, 0.00288946  
109, 19.074, 4.98392, 179.656, 0.994805, 0.10071, 0.0148542, -0.100571, 0.994882, -0.00978528, -0.0157636, 0.00824054, 0.999842, 0.00299209  
110, 19.0377, 5.03411, 179.609, 0.994849, 0.100319, 0.0145339, -0.10019, 0.994924, -0.00934775, -0.0153979, 0.00784345, 0.999851, 0.00277878  
111, 19.0566, 5.02134, 179.634, 0.994826, 0.100622, 0.0139892, -0.100465, 0.994874, -0.0115105, -0.0150757, 0.0100455, 0.999836, 0.00284175  
112, 19.04, 5.03005, 179.646, 0.994757, 0.101432, 0.0130384, -0.101281, 0.994788, -0.0117762, -0.0141649, 0.010394, 0.999846, 0.00315685  
113, 19.0609, 4.99208, 179.635, 0.994798, 0.100897, 0.0140508, -0.10076, 0.994859, -0.0102015, -0.0150078, 0.00873264, 0.999849, 0.00282233  
114, 19.0334, 5.00543, 179.646, 0.99487, 0.100248, 0.0135629, -0.100108, 0.99492, -0.010605, -0.0145571, 0.0091928, 0.999852, 0.00298737  
115, 19.0394, 5.02058, 179.649, 0.994803, 0.100943, 0.0133495, -0.100784, 0.994835, -0.0121046, -0.0145024, 0.0106962, 0.999838, 0.00288419  
116, 19.0499, 5.00144, 179.652, 0.994761, 0.101426, 0.0128021, -0.101276, 0.994788, -0.0118659, -0.0139389, 0.0105071, 0.999848, 0.00283981  
117, 18.9971, 5.02864, 179.617, 0.99483, 0.100603, 0.0138953, -0.100463, 0.994886, -0.0103914, -0.0148697, 0.00894168, 0.999849, 0.00311136  
118, 19.0446, 5.03353, 179.614, 0.994882, 0.100085, 0.0138736, -0.0999521, 0.994942, -0.0099667, -0.014801, 0.00852899, 0.999854, 0.00281817  
119, 19.0771, 5.00109, 179.65, 0.994831, 0.100604, 0.013798, -0.100446, 0.994874, -0.0116732, -0.0149016, 0.0102269, 0.999837, 0.00300512  
120, 19.0786, 4.99702, 179.666, 0.994879, 0.0999371, 0.0151046, -0.0997891, 0.994956, -0.0102519, -0.0160529, 0.00869217, 0.999833, 0.00294327  
121, 19.0438, 5.00148, 179.635, 0.994878, 0.100037, 0.0144933, -0.0998959, 0.994946, -0.0101673, -0.0154372, 0.00866737, 0.999843, 0.00281484  
122, 19.0357, 5.02256, 179.637, 0.994837, 0.100532, 0.013883, -0.100384, 0.994888, -0.0109692, -0.0149148, 0.00951898, 0.999843, 0.00308889  
123, 19.047, 5.00992, 179.643, 0.994804, 0.100739, 0.0147138, -0.100596, 0.994876, -0.0101549, -0.0156614, 0.00862194, 0.99984, 0.00298044  
124, 19.0622, 4.98729, 179.621, 0.994853, 0.100279, 0.0145299, -0.100122, 0.994913, -0.0111414, -0.0155732, 0.00962925, 0.999832, 0.00314021  
125, 19.0176, 5.0165, 179.626, 0.994793, 0.100956, 0.0139596, -0.100804, 0.994843, -0.0112341, -0.0150218, 0.00976842, 0.999839, 0.00290111  
126, 19.0604, 5.00717, 179.655, 0.994807, 0.100888, 0.0134347, -0.100741, 0.99485, -0.0111763, -0.014493, 0.00976484, 0.999847, 0.00283287  
127, 19.0503, 4.99426, 179.617, 0.994787, 0.101025, 0.0138729, -0.100884, 0.994842, -0.0105579, -0.014868, 0.00910336, 0.999848, 0.00296574  
128, 19.044, 5.02206, 179.616, 0.9948, 0.100922, 0.0137235, -0.100772, 0.994846, -0.0112809, -0.0147913, 0.0098393, 0.999842, 0.00292912  
129, 19.0217, 5.0418, 179.632, 0.994784, 0.101139, 0.0132256, -0.100982, 0.994816, -0.0120022, -0.014371, 0.0106041, 0.999841, 0.00282427  
130, 19.016, 5.00598, 179.626, 0.994771, 0.101153, 0.0141053, -0.100996, 0.994821, -0.0114058, -0.015186, 0.00992158, 0.999835, 0.00290555  
131, 19.0111, 5.0245, 179.618, 0.99483, 0.100549, 0.0142192, -0.100397, 0.994886, -0.0110816, -0.0152607, 0.00959672, 0.999837, 0.0027957  
132, 19.0433, 5.02895, 179.612, 0.994758, 0.101414, 0.0130872, -0.101271, 0.994796, -0.0111476, -0.0141497, 0.00976376, 0.999852, 0.00306532  
133, 19.0232, 5.02254, 179.618, 0.99478, 0.101065, 0.0141267, -0.100907, 0.99483, -0.011437, -0.0152095, 0.0099518, 0.999835, 0.00299819  
134, 19.0179, 5.03616, 179.626, 0.994784, 0.10109, 0.0136118, -0.100938, 0.994827, -0.0113971, -0.0146935, 0.00996369, 0.999842, 0.00295742  
135, 19.0284, 5.05003, 179.613, 0.994801, 0.100937, 0.0135381, -0.100789, 0.994845, -0.0112099, -0.0145998, 0.0097871, 0.999846, 0.00291193  
136, 19.0033, 5.07829, 179.621, 0.994775, 0.10115, 0.0138183, -0.101007, 0.994828, -0.0106814, -0.0148272, 0.00922982, 0.999847, 0.00285229  
137, 19.0341, 5.05001, 179.636, 0.994732, 0.10156, 0.0139447, -0.101408, 0.994782, -0.0111817, -0.0150076, 0.00970867, 0.99984, 0.00277379  
138, 19.0336, 5.07281, 179.617, 0.994786, 0.101077, 0.0135861, -0.100952, 0.994845, -0.00960153, -0.0144866, 0.00817992, 0.999862, 0.00281845  
139, 19.0422, 5.09459, 179.633, 0.994845, 0.100608, 0.0126961, -0.100467, 0.994876, -0.0113162, -0.0137696, 0.00998234, 0.999855, 0.00286893  
140, 19.0401, 5.083, 179.624, 0.994848, 0.100502, 0.0133, -0.100364, 0.994894, -0.0106511, -0.0143025, 0.00926142, 0.999855, 0.0029502  
141, 19.028, 5.05865, 179.627, 0.994775, 0.101085, 0.0143228, -0.100956, 0.994846, -0.00946495, -0.0152058, 0.00796952, 0.999853, 0.00279376  
142, 19.0211, 5.07795, 179.629, 0.994831, 0.100628, 0.0136133, -0.100505, 0.994892, -0.00944352, -0.014494, 0.0080265, 0.999863, 0.00288557  
143, 19.0224, 5.07166, 179.633, 0.994832, 0.100594, 0.0138153, -0.100457, 0.994888, -0.0102738, -0.0147781, 0.00883289, 0.999852, 0.00284341  
144, 19.0242, 5.07872, 179.62, 0.994897, 0.0998917, 0.0141789, -0.0997735, 0.994971, -0.00881736, -0.0149884, 0.00735769, 0.999861, 0.00301539  
145, 19.0411, 5.07319, 179.635, 0.994807, 0.100892, 0.0134009, -0.100761, 0.994859, -0.0101106, -0.0143521, 0.00870785, 0.999859, 0.00283814  
146, 19.0456, 5.11602, 179.611, 0.994848, 0.100628, 0.0122995, -0.100503, 0.994883, -0.0103405, -0.0132772, 0.00905111, 0.999871, 0.0028337  
147, 19.0584, 5.06128, 179.619, 0.99475, 0.101404, 0.0137646, -0.101268, 0.994806, -0.0102824, -0.0147358, 0.00883448, 0.999852, 0.0030079  
148, 19.0279, 5.07188, 179.609, 0.994795, 0.100964, 0.0137573, -0.100841, 0.994858, -0.00940737, -0.0146364, 0.00797111, 0.999861, 0.003014  
149, 19.0698, 5.11085, 179.622, 0.994786, 0.101183, 0.0127882, -0.101049, 0.994824, -0.0106785, -0.0138025, 0.00933059, 0.999861, 0.00294133  
150, 19.0934, 5.08309, 179.636, 0.994777, 0.101187, 0.0134265, -0.101059, 0.994832, -0.00985916, -0.0143547, 0.0084508, 0.999861, 0.00284092  
151, 19.0312, 5.1012, 179.607, 0.994885, 0.100073, 0.0137687, -0.0999392, 0.994943, -0.0100743, -0.0147073, 0.00864672, 0.999854, 0.00288308  
152, 19.0603, 5.09892, 179.646, 0.994883, 0.100124, 0.0135588, -0.100002, 0.994943, -0.00936738, -0.0144282, 0.00796353, 0.999864, 0.0029416  
153, 19.0254, 5.1261, 179.613, 0.994874, 0.10025, 0.0132385, -0.100131, 0.994931, -0.00932077, -0.0141058, 0.0079474, 0.999869, 0.00292191  
154, 19.081, 5.10931, 179.614, 0.9948, 0.100818, 0.014454, -0.100695, 0.994876, -0.00902887, -0.0152902, 0.00752648, 0.999855, 0.00286061  
155, 19.0366, 5.12874, 179.615, 0.994923, 0.0997327, 0.0134724, -0.099622, 0.994988, -0.00865372, -0.0142679, 0.00726764, 0.999872, 0.00275215  
156, 19.0379, 5.1308, 179.61, 0.99482, 0.100802, 0.0131092, -0.100675, 0.994869, -0.00997964, -0.0140479, 0.00860817, 0.999864, 0.00293273  
157, 19.0323, 5.12257, 179.601, 0.994859, 0.100349, 0.0136365, -0.10023, 0.994922, -0.0091631, -0.0144868, 0.0077492, 0.999865, 0.00307835  
158, 19.0531, 5.10067, 179.619, 0.994835, 0.100563, 0.0138114, -0.100422, 0.994889, -0.0105694, -0.0148037, 0.00912784, 0.999849, 0.00287365  
159, 19.0602, 5.11939, 179.62, 0.994825, 0.100678, 0.0136467, -0.100557, 0.994888, -0.00928344, -0.0145116, 0.00786313, 0.999864, 0.00304063  
160, 19.058, 5.10472, 179.623, 0.99488, 0.10014, 0.0136365, -0.100011, 0.994938, -0.00984908, -0.0145538, 0.00843485, 0.999859, 0.00291359  
161, 19.1108, 5.0182, 179.623, 0.994794, 0.100872, 0.0144719, -0.100752, 0.994873, -0.00879754, -0.0152851, 0.00729367, 0.999857, 0.00292552  
162, 19.145, 4.9849, 179.662, 0.994878, 0.0999583, 0.0150604, -0.0998202, 0.994959, -0.00965597, -0.0159497, 0.00810318, 0.99984, 0.00292468  
163, 19.1811, 4.98901, 179.68, 0.994949, 0.0994402, 0.0137508, -0.0993048, 0.995005, -0.0102006, -0.0146965, 0.00878356, 0.999853, 0.00292912  
164, 19.0046, 5.11169, 179.71, 0.994839, 0.100877, 0.0108918, -0.100782, 0.994868, -0.00898152, -0.0117419, 0.00783747, 0.9999, 0.00286921  
165, 18.9949, 5.10482, 179.727, 0.994861, 0.100731, 0.0102329, -0.100651, 0.994889, -0.00811047, -0.0109976, 0.00703884, 0.999915, 0.00291775  
166, 18.963, 5.10563, 179.711, 0.994791, 0.101367, 0.0107214, -0.101282, 0.994824, -0.00813819, -0.0114908, 0.00700992, 0.999909, 0.00286144  
167, 18.9695, 5.1321, 179.723, 0.994811, 0.101235, 0.0101379, -0.101155, 0.994838, -0.00809216, -0.0109048, 0.00702466, 0.999916, 0.00298044  
168, 18.9908, 5.10935, 179.702, 0.99481, 0.101165, 0.0108619, -0.101072, 0.994841, -0.00872931, -0.011689, 0.00758617, 0.999903, 0.00291636  
169, 18.9649, 5.11772, 179.717, 0.994841, 0.100885, 0.0106315, -0.100796, 0.99487, -0.00858172, -0.0114427, 0.00746583, 0.999907, 0.00293828  
170, 18.9578, 5.18163, 179.693, 0.9949, 0.100388, 0.00980292, -0.100306, 0.994921, -0.00846347, -0.0106028, 0.00743702, 0.999916, 0.0029122  
171, 18.99, 5.1022, 179.694, 0.994847, 0.100758, 0.0112599, -0.100672, 0.994888, -0.00791854, -0.0120002, 0.00674418, 0.999905, 0.00291498  
172, 18.982, 5.08139, 179.702, 0.994765, 0.101651, 0.0104497, -0.101561, 0.994791, -0.00875142, -0.0112848, 0.00764433, 0.999907, 0.00287226  
173, 18.9709, 5.11069, 179.691, 0.99479, 0.101439, 0.0101106, -0.101355, 0.994814, -0.00846798, -0.0109172, 0.0073991, 0.999913, 0.00286338  
174, 18.9871, 5.10876, 179.725, 0.994857, 0.100745, 0.0104884, -0.10066, 0.994886, -0.00838172, -0.0112792, 0.00728285, 0.99991, 0.00283287  
175, 18.9739, 5.10658, 179.681, 0.994767, 0.101571, 0.0110198, -0.101484, 0.994804, -0.00816511, -0.0117919, 0.00700405, 0.999906, 0.00282927  
176, 18.9635, 5.08112, 179.724, 0.994775, 0.101585, 0.0101867, -0.1015, 0.9948, -0.00846162, -0.0109933, 0.00738345, 0.999912, 0.00297794  
177, 18.9615, 5.10988, 179.722, 0.994788, 0.101436, 0.0103756, -0.10134, 0.994808, -0.00932105, -0.0112672, 0.008221, 0.999903, 0.00304368  
178, 18.944, 5.10052, 179.71, 0.994749, 0.101818, 0.0103659, -0.101732, 0.994775, -0.00853176, -0.0111805, 0.00743241, 0.99991, 0.00291054  
179, 18.9408, 5.10653, 179.671, 0.994816, 0.101068, 0.0112272, -0.100985, 0.994858, -0.00767742, -0.0119455, 0.00650384, 0.999907, 0.00283426  
180, 18.9758, 5.08398, 179.719, 0.994814, 0.101222, 0.00999949, -0.101137, 0.994834, -0.00873389, -0.0108319, 0.00767728, 0.999912, 0.00283676  
181, 18.9721, 5.06774, 179.718, 0.994731, 0.101995, 0.0103843, -0.10191, 0.994758, -0.00838353, -0.0111849, 0.0072811, 0.999911, 0.00290693  
182, 18.9916, 5.07552, 179.689, 0.994774, 0.101532, 0.0107966, -0.101443, 0.994806, -0.00843442, -0.0115969, 0.0072951, 0.999906, 0.00301705  
183, 18.9624, 5.06577, 179.699, 0.994812, 0.101184, 0.0104865, -0.1011, 0.994842, -0.00827519, -0.0112697, 0.00717207, 0.999911, 0.00286644  
184, 18.9969, 5.07724, 179.707, 0.994808, 0.101318, 0.00952652, -0.101238, 0.994826, -0.00852843, -0.0103413, 0.0075197, 0.999918, 0.00278877  
185, 18.9553, 5.07699, 179.691, 0.994806, 0.101303, 0.0099521, -0.101213, 0.994823, -0.00914412, -0.0108269, 0.00808934, 0.999909, 0.00299958  
186, 18.9805, 5.07185, 179.691, 0.994733, 0.101954, 0.0105657, -0.101863, 0.994759, -0.00883579, -0.0114112, 0.00771301, 0.999905, 0.00298904  
187, 18.9887, 5.05568, 179.732, 0.9948, 0.101412, 0.00938104, -0.101317, 0.994803, -0.0100947, -0.010356, 0.00909174, 0.999905, 0.00306532  
188, 18.9767, 5.02843, 179.703, 0.994741, 0.10185, 0.0107719, -0.101752, 0.994767, -0.00926302, -0.011659, 0.00811825, 0.999899, 0.00291692  
189, 18.9837, 5.02825, 179.711, 0.994739, 0.101861, 0.0108938, -0.101759, 0.994763, -0.00954576, -0.0118091, 0.008387, 0.999895, 0.00303342  
190, 18.9864, 5.02963, 179.71, 0.994738, 0.101995, 0.0096464, -0.101904, 0.99475, -0.00942666, -0.0105572, 0.00839404, 0.999909, 0.00285257  
191, 18.9954, 5.02527, 179.712, 0.994764, 0.10167, 0.0103989, -0.101577, 0.994785, -0.00916828, -0.0112768, 0.00806398, 0.999904, 0.00286644  
192, 18.9307, 5.0451, 179.678, 0.994751, 0.101745, 0.0109, -0.101647, 0.994778, -0.0091569, -0.0117747, 0.00800089, 0.999899, 0.00301123  
193, 18.998, 5.01421, 179.719, 0.994707, 0.102189, 0.0107745, -0.102093, 0.994733, -0.0091647, -0.0116543, 0.00801619, 0.9999, 0.00278877  
194, 18.9805, 5.03443, 179.712, 0.994719, 0.102137, 0.0101288, -0.102045, 0.994737, -0.00922406, -0.0110176, 0.00814175, 0.999906, 0.00277684  
195, 18.9732, 5.04088, 179.686, 0.9948, 0.101306, 0.0104812, -0.101216, 0.994825, -0.0088472, -0.0113232, 0.00774033, 0.999906, 0.00285895  
196, 18.9393, 5.06227, 179.66, 0.994766, 0.101642, 0.0105049, -0.101555, 0.994793, -0.00854538, -0.0113188, 0.00743382, 0.999908, 0.00285978  
197, 18.9897, 5.03053, 179.727, 0.994735, 0.101942, 0.0104822, -0.101837, 0.99475, -0.0101228, -0.0114591, 0.00900201, 0.999894, 0.00310554  
198, 18.9763, 5.02735, 179.713, 0.994742, 0.1018, 0.0111814, -0.101701, 0.994774, -0.0090787, -0.0120472, 0.00789381, 0.999896, 0.00294382  
199, 18.9871, 5.00756, 179.719, 0.994757, 0.101713, 0.0106213, -0.101622, 0.994784, -0.00876703, -0.0114576, 0.00764171, 0.999905, 0.00299819  
200, 18.9783, 5.00142, 179.731, 0.994735, 0.101894, 0.0109108, -0.101802, 0.994767, -0.00868366, -0.0117386, 0.0075272, 0.999903, 0.00283343  
201, 19.1596, 4.89897, 179.689, 0.994791, 0.101002, 0.0137666, -0.100833, 0.994825, -0.0124878, -0.0149567, 0.0110346, 0.999827, 0.00282538  
202, 19.217, 4.8585, 179.691, 0.994714, 0.101873, 0.0128975, -0.101717, 0.994738, -0.0122532, -0.0140779, 0.0108765, 0.999842, 0.00294216  
203, 18.9914, 5.01379, 179.712, 0.994813, 0.101196, 0.010365, -0.101103, 0.994834, -0.00909487, -0.0112318, 0.00799976, 0.999905, 0.00298515  
204, 18.9492, 5.04395, 179.693, 0.994828, 0.100985, 0.0109665, -0.100886, 0.994855, -0.00919396, -0.0118385, 0.00804004, 0.999898, 0.00278849  
205, 18.958, 5.0284, 179.698, 0.994705, 0.102185, 0.0109613, -0.102075, 0.994725, -0.0101069, -0.0119362, 0.00893452, 0.999889, 0.00287087  
206, 18.8333, 5.17225, 179.605, 0.994698, 0.102273, 0.0107679, -0.102178, 0.994725, -0.00906553, -0.0116383, 0.00791722, 0.999901, 0.00296463  
207, 18.8388, 5.13846, 179.667, 0.994739, 0.101892, 0.0106326, -0.101777, 0.994748, -0.0108509, -0.0116824, 0.00971168, 0.999885, 0.00279709  
208, 18.8625, 5.15572, 179.662, 0.994786, 0.101301, 0.0117652, -0.101195, 0.994823, -0.00929802, -0.0126462, 0.00805896, 0.999888, 0.0028215  
209, 18.8633, 5.15583, 179.661, 0.994825, 0.100978, 0.0112613, -0.10088, 0.994858, -0.00895945, -0.0121081, 0.00777705, 0.999896, 0.00284619  
210, 19.0055, 5.03999, 179.625, 0.994715, 0.10174, 0.0138541, -0.101594, 0.994767, -0.0108662, -0.0148871, 0.00940127, 0.999845, 0.00285728  
211, 19.0272, 5.06813, 179.657, 0.994876, 0.100227, 0.0132898, -0.100081, 0.994916, -0.0112602, -0.0143508, 0.00987243, 0.999848, 0.002781  
212, 19.0151, 5.04203, 179.638, 0.994853, 0.100466, 0.0132035, -0.100326, 0.994895, -0.0108625, -0.0142274, 0.00948189, 0.999854, 0.00288114  
213, 19.036, 5.06205, 179.627, 0.994826, 0.100755, 0.0129975, -0.100619, 0.994867, -0.0107963, -0.0140186, 0.0094327, 0.999857, 0.00281235  
214, 19.0077, 5.0699, 179.624, 0.994839, 0.10058, 0.0133755, -0.100446, 0.994889, -0.0103078, -0.0143439, 0.00891104, 0.999857, 0.00283592  
215, 19.0393, 5.07634, 179.642, 0.994876, 0.100199, 0.0135202, -0.100073, 0.994933, -0.00971262, -0.0144249, 0.00830984, 0.999861, 0.0029233  
216, 19.0409, 5.05122, 179.582, 0.99481, 0.100763, 0.0141268, -0.100623, 0.994871, -0.0103064, -0.0150929, 0.00883145, 0.999847, 0.00282594  
217, 19.0381, 5.08967, 179.595, 0.994784, 0.100972, 0.0144896, -0.100838, 0.994855, -0.00972741, -0.0153973, 0.00821557, 0.999848, 0.002786  
218, 19.048, 5.10846, 179.601, 0.994868, 0.100237, 0.0137825, -0.100126, 0.994938, -0.00855091, -0.0145699, 0.00712704, 0.999868, 0.00280791  
219, 19.0504, 5.06271, 179.65, 0.994851, 0.100358, 0.01412, -0.100216, 0.994911, -0.0104752, -0.0150995, 0.00900625, 0.999845, 0.00286644  
220, 19.052, 5.08518, 179.609, 0.99481, 0.10079, 0.0139104, -0.100667, 0.994877, -0.00926189, -0.0147726, 0.00781351, 0.99986, 0.002862  
221, 19.0036, 5.12779, 179.634, 0.994877, 0.100242, 0.013117, -0.100116, 0.994926, -0.0099004, -0.0140429, 0.00853646, 0.999865, 0.00279903  
222, 19.0348, 5.11966, 179.639, 0.994851, 0.100601, 0.0122748, -0.100462, 0.994875, -0.0114851, -0.0133673, 0.0101929, 0.999859, 0.00288419  
223, 19.0063, 5.09745, 179.594, 0.994852, 0.100452, 0.0133707, -0.100329, 0.994909, -0.00952742, -0.0142596, 0.00813691, 0.999865, 0.00281595  
224, 19.0673, 5.08577, 179.635, 0.994857, 0.10037, 0.0135961, -0.100232, 0.994909, -0.0104635, -0.0145771, 0.0090469, 0.999853, 0.00282871  
225, 19.0209, 5.14336, 179.632, 0.994906, 0.0997988, 0.0141928, -0.0996729, 0.994977, -0.00931464, -0.0150511, 0.00785256, 0.999856, 0.00291082  
226, 19.0409, 5.11626, 179.626, 0.994846, 0.100353, 0.0144881, -0.100233, 0.994925, -0.00883092, -0.0153008, 0.00733323, 0.999856, 0.00285922  
227, 19.0674, 5.0958, 179.613, 0.994842, 0.100517, 0.0136528, -0.100385, 0.994898, -0.010023, -0.0145907, 0.00860077, 0.999857, 0.00296102  
228, 19.0249, 5.15286, 179.612, 0.994867, 0.100229, 0.0139048, -0.100123, 0.994941, -0.00817683, -0.014654, 0.00674267, 0.99987, 0.00297267  
229, 19.0541, 5.12829, 179.609, 0.994809, 0.100988, 0.0124779, -0.100853, 0.994841, -0.0109852, -0.0135229, 0.00966979, 0.999862, 0.00285589  
230, 19.0224, 5.12595, 179.601, 0.994893, 0.100055, 0.0132771, -0.0999173, 0.994939, -0.0106641, -0.0142769, 0.00928305, 0.999855, 0.00293051  
231, 19.0714, 5.1289, 179.616, 0.994834, 0.100625, 0.0134257, -0.10049, 0.994883, -0.0104233, -0.0144059, 0.00902032, 0.999856, 0.00282677  
232, 19.0332, 5.14723, 179.609, 0.994877, 0.100224, 0.0132469, -0.100092, 0.994925, -0.0103054, -0.0142125, 0.00892665, 0.999859, 0.00285534  
233, 19.0428, 5.12612, 179.641, 0.994893, 0.100134, 0.012676, -0.100006, 0.994933, -0.010328, -0.0136459, 0.00900755, 0.999866, 0.00289445  
234, 18.99, 5.19652, 179.616, 0.994917, 0.0997569, 0.0137632, -0.0996271, 0.994976, -0.00981564, -0.0146732, 0.00839456, 0.999857, 0.00307086  
235, 19.0423, 5.13895, 179.625, 0.994803, 0.100941, 0.013354, -0.100806, 0.994852, -0.0103969, -0.0143348, 0.00899673, 0.999857, 0.0028423  
236, 18.9888, 5.12604, 179.628, 0.994959, 0.0992739, 0.0141837, -0.0991614, 0.995036, -0.00843244, -0.0149504, 0.00698346, 0.999864, 0.0028387  
237, 18.9916, 5.16164, 179.633, 0.994729, 0.101699, 0.0131023, -0.101543, 0.994758, -0.0120648, -0.0142606, 0.0106708, 0.999841, 0.00299625  
238, 19.0248, 5.2195, 179.616, 0.99475, 0.101659, 0.0117025, -0.10151, 0.994754, -0.0126912, -0.0129313, 0.0114366, 0.999851, 0.00293633  
239, 19.002, 5.24655, 179.651, 0.994748, 0.101725, 0.0113632, -0.101579, 0.994745, -0.0127746, -0.012603, 0.0115533, 0.999854, 0.00292995  
240, 18.9403, 5.3307, 179.647, 0.994698, 0.102399, 0.00949224, -0.102292, 0.994692, -0.0111337, -0.0105819, 0.0101037, 0.999893, 0.00296269  
241, 18.914, 5.38352, 179.682, 0.9948, 0.101525, 0.00811844, -0.101418, 0.994763, -0.0126717, -0.00936241, 0.0117824, 0.999887, 0.00282788  
242, 18.9093, 5.38999, 179.677, 0.994658, 0.102842, 0.00883694, -0.102732, 0.994635, -0.012142, -0.0100382, 0.0111693, 0.999887, 0.00300651  
243, 18.9268, 5.40601, 179.72, 0.994899, 0.100586, 0.00758223, -0.100494, 0.994868, -0.0117411, -0.00872431, 0.0109192, 0.999902, 0.00284924  
244, 18.8899, 5.376, 179.724, 0.99487, 0.100819, 0.00833393, -0.100722, 0.994851, -0.0112581, -0.00942605, 0.010361, 0.999902, 0.00302177  
245, 18.8953, 5.41568, 179.712, 0.994729, 0.102305, 0.00698612, -0.102213, 0.994684, -0.0125269, -0.00823055, 0.0117468, 0.999897, 0.00302149  
246, 18.8926, 5.38821, 179.715, 0.994841, 0.101201, 0.00701458, -0.101109, 0.994798, -0.0124036, -0.00823335, 0.0116304, 0.999898, 0.00292912  
247, 18.8969, 5.34315, 179.749, 0.994813, 0.101494, 0.00674979, -0.101403, 0.994765, -0.0126623, -0.00799959, 0.0119122, 0.999897, 0.00303647  
248, 18.8708, 5.40065, 179.727, 0.994868, 0.100961, 0.00668488, -0.100881, 0.994832, -0.0114839, -0.00780977, 0.0107506, 0.999912, 0.00289168  
249, 18.8986, 5.39601, 179.728, 0.994772, 0.101882, 0.00694892, -0.101793, 0.994732, -0.0121123, -0.00814633, 0.0113416, 0.999902, 0.00300207  
250, 18.8846, 5.40736, 179.727, 0.994799, 0.101598, 0.00730659, -0.101505, 0.994761, -0.0121309, -0.00850079, 0.0113261, 0.9999, 0.00295991  
251, 18.9055, 5.355, 179.702, 0.994679, 0.102781, 0.00706607, -0.102687, 0.994635, -0.0124862, -0.00831151, 0.0116942, 0.999897, 0.00297017  
252, 18.9382, 5.36669, 179.705, 0.994782, 0.101755, 0.00743891, -0.101663, 0.994748, -0.0118426, -0.00860488, 0.0110246, 0.999902, 0.0029993  
253, 18.9465, 5.34556, 179.712, 0.994794, 0.101611, 0.00775986, -0.10151, 0.994755, -0.0125482, -0.0089942, 0.0116952, 0.999891, 0.00292025  
254, 18.9452, 5.38485, 179.736, 0.994853, 0.101141, 0.00624731, -0.10106, 0.994807, -0.0121154, -0.00744022, 0.0114217, 0.999907, 0.00301317  
255, 18.8892, 5.38528, 179.699, 0.99478, 0.101812, 0.0068603, -0.101725, 0.99474, -0.0120227, -0.00804827, 0.0112621, 0.999904, 0.00294493  
256, 18.9223, 5.39451, 179.714, 0.994804, 0.101622, 0.00619077, -0.101546, 0.994765, -0.0114537, -0.00732231, 0.0107655, 0.999915, 0.00303342  
257, 18.8727, 5.3893, 179.727, 0.994982, 0.0997916, 0.00725249, -0.0997005, 0.994945, -0.0119914, -0.00841247, 0.0112081, 0.999902, 0.00293633  
258, 18.9179, 5.36515, 179.751, 0.994879, 0.100796, 0.00751721, -0.100699, 0.994841, -0.0123143, -0.00871966, 0.0114943, 0.999896, 0.00284979  
259, 18.9018, 5.3884, 179.707, 0.994635, 0.103252, 0.00633899, -0.103165, 0.994582, -0.0127942, -0.00762568, 0.0120716, 0.999898, 0.00286089  
260, 18.9653, 5.29221, 179.69, 0.994866, 0.100765, 0.00940876, -0.100634, 0.994833, -0.013451, -0.0107155, 0.0124351, 0.999865, 0.00289362  
261, 19.042, 5.16219, 179.605, 0.994744, 0.101533, 0.0132671, -0.10136, 0.994764, -0.0130946, -0.0145272, 0.011681, 0.999826, 0.00282816  
262, 19.0686, 5.07963, 179.574, 0.994756, 0.101334, 0.0138543, -0.10118, 0.994803, -0.011409, -0.0149385, 0.00994735, 0.999839, 0.00301539  
263, 19.0049, 5.08852, 179.578, 0.994762, 0.101244, 0.0140513, -0.101111, 0.994826, -0.00984118, -0.014975, 0.00836889, 0.999853, 0.00286255  
264, 19.0489, 5.0638, 179.614, 0.994798, 0.100947, 0.0136555, -0.100817, 0.994856, -0.00991701, -0.0145863, 0.00848872, 0.999858, 0.00300485  
265, 19.0049, 5.11415, 179.592, 0.994853, 0.100405, 0.0136859, -0.100283, 0.994915, -0.00930048, -0.0145501, 0.00788014, 0.999863, 0.00286533  
266, 19.0187, 5.10058, 179.609, 0.994865, 0.100301, 0.0135193, -0.100172, 0.994921, -0.00986528, -0.0144402, 0.00846037, 0.99986, 0.00282566  
267, 19.011, 5.07629, 179.628, 0.994821, 0.100786, 0.0131507, -0.100637, 0.994856, -0.0115272, -0.0142448, 0.0101441, 0.999847, 0.00303564  
268, 19.0326, 5.07532, 179.613, 0.994786, 0.101082, 0.0135659, -0.100937, 0.994832, -0.0110168, -0.0146093, 0.00959006, 0.999847, 0.0027982  
269, 18.9903, 5.09789, 179.607, 0.994837, 0.100576, 0.0135502, -0.100449, 0.994894, -0.00977759, -0.0144645, 0.008366, 0.99986, 0.0029319  
270, 19.0241, 5.07561, 179.643, 0.994872, 0.100296, 0.0130211, -0.100152, 0.994909, -0.011243, -0.0140824, 0.00988126, 0.999852, 0.00295409  
271, 19.0434, 5.0556, 179.611, 0.994742, 0.101523, 0.0134642, -0.101388, 0.994793, -0.0103477, -0.0144447, 0.00892822, 0.999856, 0.00293717  
272, 19.069, 5.04992, 179.639, 0.994809, 0.100901, 0.0132057, -0.100769, 0.994857, -0.0102934, -0.0141764, 0.00890924, 0.99986, 0.00302704  
273, 19.0303, 5.03814, 179.644, 0.994823, 0.100708, 0.0136188, -0.100565, 0.994872, -0.0107772, -0.0146343, 0.00935179, 0.999849, 0.00291581  
274, 19.0653, 5.04421, 179.627, 0.994827, 0.100633, 0.013863, -0.100489, 0.994881, -0.0106763, -0.0148664, 0.00922797, 0.999847, 0.00312079  
275, 19.0512, 5.02676, 179.63, 0.994827, 0.100558, 0.0144288, -0.100427, 0.994899, -0.0095522, -0.0153157, 0.00805375, 0.99985, 0.00286311  
276, 19.0491, 5.03557, 179.631, 0.994806, 0.100882, 0.0135324, -0.10074, 0.994854, -0.0107782, -0.01455, 0.00935892, 0.99985, 0.00293495  
277, 19.015, 5.06061, 179.621, 0.994811, 0.100776, 0.0139909, -0.100624, 0.994861, -0.0112281, -0.0150506, 0.00976204, 0.999839, 0.00309389  
278, 19.0673, 5.0399, 179.637, 0.994821, 0.100781, 0.013229, -0.100638, 0.994861, -0.0110893, -0.0142786, 0.0097005, 0.999851, 0.0028767  
279, 19.0447, 5.06013, 179.637, 0.994779, 0.101118, 0.0137652, -0.100978, 0.994833, -0.010504, -0.0147563, 0.00905914, 0.99985, 0.00301123  
280, 19.0096, 5.09002, 179.624, 0.994832, 0.100626, 0.0135478, -0.100472, 0.994872, -0.0115958, -0.0146451, 0.0101747, 0.999841, 0.00292912  
281, 19.0581, 5.01224, 179.66, 0.994823, 0.100734, 0.0133876, -0.10059, 0.994867, -0.0110566, -0.0144327, 0.00965269, 0.999849, 0.0025713  
