0, 0, 0, 0, 0, 0, 0, 0, 0, 0, 0, 0, 0, 0.00632064  
1, 0, 0, 0, 0, 0, 0, 0, 0, 0, 0, 0, 0, 0.00263732  
2, 10.028, 12.5291, 179.697, 0.996586, 0.0823668, 0.00563319, -0.0823772, 0.9966, 0.00165301, -0.00547788, -0.00211141, 0.999983, 0.0027308  
3, 10.0063, 12.5768, 179.684, 0.996626, 0.0819544, 0.00447287, -0.0819666, 0.996632, 0.00261638, -0.00424338, -0.00297418, 0.999987, 0.00276325  
4, 9.99331, 12.5144, 179.7, 0.996651, 0.0816138, 0.00505734, -0.0816229, 0.996662, 0.00162432, -0.00490789, -0.00203168, 0.999986, 0.00279099  
5, 9.99185, 12.4987, 179.697, 0.99661, 0.0820943, 0.00540311, -0.0821063, 0.996621, 0.00204702, -0.00521681, -0.00248371, 0.999983, 0.00287642  
6, 10.0421, 12.5192, 179.71, 0.996647, 0.0816858, 0.00477612, -0.0816897, 0.996658, 0.000615958, -0.00470984, -0.00100405, 0.999988, 0.00292025  
7, 10.0387, 12.5312, 179.693, 0.996574, 0.0825797, 0.00459345, -0.0825859, 0.996583, 0.0011745, -0.00448077, -0.00154983, 0.999989, 0.0028301  
8, 10.0416, 12.5311, 179.71, 0.996603, 0.0822102, 0.00490234, -0.0822174, 0.996614, 0.00128536, -0.00478007, -0.00168405, 0.999987, 0.0028975  
9, 10.0162, 12.482, 179.716, 0.996628, 0.0818583, 0.00555606, -0.0818701, 0.996641, 0.00193234, -0.00537922, -0.0023807, 0.999983, 0.00285368  
10, 10.0353, 12.4835, 179.706, 0.996616, 0.0819422, 0.00652721, -0.0819603, 0.996632, 0.00255822, -0.0062956, -0.00308453, 0.999975, 0.00281817  
11, 9.99675, 12.4971, 179.709, 0.996661, 0.0814951, 0.00509015, -0.0815011, 0.996673, 0.000982239, -0.00499316, -0.00139381, 0.999987, 0.00299237  
12, 10.0264, 12.4621, 179.715, 0.996684, 0.0812101, 0.00511215, -0.0812162, 0.996696, 0.00101156, -0.00501311, -0.0014234, 0.999986, 0.00290222  
13, 10.0277, 12.4401, 179.715, 0.996676, 0.0812727, 0.0057049, -0.0812787, 0.996691, 0.000811685, -0.00562006, -0.00127267, 0.999983, 0.00282039  
14, 10.0539, 12.4552, 179.712, 0.996621, 0.0819734, 0.00528601, -0.0819809, 0.996633, 0.00120976, -0.00516904, -0.00163902, 0.999985, 0.00291692  
15, 10.018, 12.4535, 179.706, 0.996681, 0.0811992, 0.00585535, -0.08121, 0.996696, 0.0016265, -0.00570393, -0.00209661, 0.999982, 0.00281956  
16, 10.0333, 12.4481, 179.703, 0.996652, 0.0816084, 0.00496871, -0.0816153, 0.996663, 0.00119264, -0.0048548, -0.00159417, 0.999987, 0.00304729  
17, 10.0448, 12.4028, 179.721, 0.996647, 0.081681, 0.00475916, -0.0816904, 0.996656, 0.00181242, -0.00459521, -0.00219512, 0.999987, 0.00307475  
18, 10.0539, 12.3996, 179.714, 0.996632, 0.0818467, 0.00513685, -0.0818561, 0.996643, 0.00165323, -0.00498429, -0.00206814, 0.999985, 0.00302787  
19, 10.0624, 12.372, 179.715, 0.996645, 0.0816555, 0.00555162, -0.0816617, 0.99666, 0.000897716, -0.00545977, -0.00134806, 0.999984, 0.00295686  
20, 10.0252, 12.3639, 179.739, 0.996649, 0.0815973, 0.00571374, -0.0816023, 0.996665, 0.000653436, -0.00564137, -0.0011175, 0.999983, 0.00290305  
21, 10.0581, 12.3789, 179.708, 0.996629, 0.0818292, 0.00595724, -0.0818401, 0.996644, 0.00161474, -0.00580512, -0.00209684, 0.999981, 0.00310637  
22, 10.0259, 12.3669, 179.712, 0.996667, 0.0813493, 0.00605104, -0.0813642, 0.996682, 0.0022554, -0.00584748, -0.00274022, 0.999979, 0.00308667  
23, 10.0509, 12.3587, 179.726, 0.99663, 0.0818799, 0.00502168, -0.0818849, 0.996641, 0.000798178, -0.00493946, -0.00120669, 0.999987, 0.00281928  
24, 10.042, 12.369, 179.726, 0.996647, 0.081637, 0.00554275, -0.0816455, 0.996661, 0.00133133, -0.00541555, -0.00177941, 0.999984, 0.00297628  
25, 10.0873, 12.3495, 179.719, 0.996618, 0.0820047, 0.0052049, -0.0820105, 0.996631, 0.000922678, -0.0051117, -0.00134641, 0.999986, 0.0028104  
26, 10.0459, 12.377, 179.71, 0.996603, 0.0821502, 0.00575093, -0.0821575, 0.996619, 0.00104496, -0.00564564, -0.00151389, 0.999983, 0.00301844  
27, 10.0325, 12.3565, 179.718, 0.996609, 0.0820746, 0.00580969, -0.082083, 0.996625, 0.00121358, -0.00569048, -0.00168635, 0.999982, 0.00310914  
28, 10.055, 12.3558, 179.727, 0.996661, 0.0814652, 0.00547588, -0.0814745, 0.996674, 0.00149819, -0.00533562, -0.00193933, 0.999984, 0.00306032  
29, 10.0838, 12.3514, 179.738, 0.996658, 0.0815443, 0.00487867, -0.081552, 0.996668, 0.0013917, -0.00474893, -0.00178491, 0.999987, 0.00292663  
30, 10.0451, 12.3429, 179.717, 0.996594, 0.0823297, 0.00468753, -0.0823317, 0.996605, 0.000231969, -0.00465252, -0.000617112, 0.999989, 0.00280957  
31, 10.0877, 12.348, 179.725, 0.996667, 0.0814221, 0.00495886, -0.0814263, 0.996679, 0.000640056, -0.00489027, -0.0010417, 0.999987, 0.00304368  
32, 10.0287, 12.3354, 179.741, 0.996646, 0.081636, 0.0056616, -0.0816473, 0.99666, 0.00179164, -0.00549643, -0.00224788, 0.999982, 0.0030434  
33, 10.0584, 12.3633, 179.727, 0.996637, 0.0817294, 0.00590929, -0.0817421, 0.996652, 0.00192843, -0.0057319, -0.00240498, 0.999981, 0.00303369  
34, 10.0194, 12.3765, 179.724, 0.996654, 0.0815513, 0.00542549, -0.0815607, 0.996667, 0.00152765, -0.00528282, -0.00196504, 0.999984, 0.00291886  
35, 9.99947, 12.3814, 179.698, 0.996578, 0.0824851, 0.00531902, -0.0824905, 0.996592, 0.000804442, -0.00523454, -0.00124046, 0.999986, 0.00299847  
36, 10.0775, 12.373, 179.735, 0.996635, 0.0817856, 0.00544016, -0.0817915, 0.996649, 0.000868914, -0.00535087, -0.00131095, 0.999985, 0.00287226  
37, 10.0425, 12.359, 179.734, 0.996641, 0.0817243, 0.00535727, -0.0817335, 0.996653, 0.00152838, -0.00521443, -0.00196111, 0.999984, 0.00284702  
38, 10.0772, 12.3752, 179.716, 0.996628, 0.081798, 0.00646717, -0.0818112, 0.996646, 0.00179549, -0.00629861, -0.00231852, 0.999977, 0.00278294  
39, 10.0971, 12.4172, 179.727, 0.996663, 0.0814959, 0.00459337, -0.0814993, 0.996673, 0.000556302, -0.00453276, -0.000928803, 0.999989, 0.00291636  
40, 10.0363, 12.3868, 179.727, 0.996658, 0.0815228, 0.00517841, -0.0815272, 0.996671, 0.000639328, -0.00510905, -0.00105937, 0.999986, 0.00313355  
41, 10.0305, 12.3913, 179.719, 0.996632, 0.081844, 0.00515776, -0.0818522, 0.996643, 0.00139964, -0.00502589, -0.0018171, 0.999986, 0.00286505  
42, 10.0364, 12.413, 179.718, 0.996672, 0.0813444, 0.00526994, -0.0813512, 0.996685, 0.00107381, -0.00516512, -0.00149896, 0.999986, 0.00286838  
43, 10.0368, 12.3898, 179.725, 0.996622, 0.0818944, 0.0061386, -0.081904, 0.996639, 0.00132501, -0.00600946, -0.00182331, 0.99998, 0.00294466  
44, 10.0413, 12.4683, 179.695, 0.996643, 0.0816458, 0.00598914, -0.0816631, 0.996656, 0.00269976, -0.00574869, -0.00317979, 0.999978, 0.00286782  
45, 10.0265, 12.4492, 179.716, 0.996588, 0.0823724, 0.00527461, -0.0823807, 0.9966, 0.00137944, -0.00514305, -0.00180926, 0.999985, 0.00297461  
46, 10.0381, 12.4361, 179.733, 0.996629, 0.0818066, 0.00624786, -0.081819, 0.996646, 0.00175428, -0.00608339, -0.00225956, 0.999979, 0.00309472  
47, 10.0968, 12.4491, 179.721, 0.996661, 0.0814666, 0.00549433, -0.0814748, 0.996675, 0.00128735, -0.00537118, -0.0017307, 0.999984, 0.00287392  
48, 10.0476, 12.4653, 179.697, 0.996651, 0.081629, 0.00482602, -0.0816321, 0.996662, 0.00043404, -0.00477448, -0.000826544, 0.999988, 0.00277407  
49, 10.0457, 12.4968, 179.713, 0.996637, 0.0817679, 0.00540418, -0.0817758, 0.99665, 0.00127583, -0.00528176, -0.00171347, 0.999985, 0.00284785  
50, 10.0075, 12.4938, 179.711, 0.996643, 0.0816955, 0.00530819, -0.0817033, 0.996656, 0.00127358, -0.0051864, -0.001703, 0.999985, 0.00302426  
51, 10.0426, 12.4694, 179.743, 0.996665, 0.0814161, 0.005522, -0.0814237, 0.996679, 0.00116988, -0.00540841, -0.0016156, 0.999984, 0.00293744  
52, 10.0195, 12.5269, 179.712, 0.996623, 0.0819611, 0.00500492, -0.0819713, 0.996633, 0.00186725, -0.00483503, -0.00227121, 0.999986, 0.00287503  
53, 10.027, 12.5275, 179.695, 0.996691, 0.0810975, 0.00556549, -0.08111, 0.996703, 0.00205392, -0.00538057, -0.00249854, 0.999982, 0.00289306  
54, 10.0263, 12.5008, 179.685, 0.996617, 0.0819775, 0.00578446, -0.0819903, 0.996631, 0.00200898, -0.00560028, -0.00247645, 0.999981, 0.00293661  
55, 10.0306, 12.5395, 179.709, 0.996658, 0.0815311, 0.00496599, -0.0815421, 0.996668, 0.00205199, -0.00478214, -0.00245007, 0.999986, 0.00291109  
56, 10.0057, 12.5437, 179.687, 0.99662, 0.0820153, 0.00476427, -0.0820271, 0.996627, 0.00232007, -0.00455792, -0.00270303, 0.999986, 0.00277934  
57, 9.98949, 12.5189, 179.677, 0.996649, 0.0816249, 0.00534479, -0.0816338, 0.996661, 0.00147034, -0.00520693, -0.00190173, 0.999985, 0.0029441  
58, 10.0375, 12.481, 179.691, 0.996623, 0.0819292, 0.00553855, -0.081939, 0.996636, 0.00156613, -0.0053916, -0.00201466, 0.999983, 0.00288946  
59, 10.0266, 12.5165, 179.689, 0.996602, 0.0822152, 0.00505822, -0.0822233, 0.996613, 0.00140066, -0.00492594, -0.0018118, 0.999986, 0.00292163  
60, 10.0592, 12.5117, 179.704, 0.996616, 0.0820543, 0.00495691, -0.0820631, 0.996626, 0.00160889, -0.00480817, -0.00201023, 0.999986, 0.003052  
61, 10.0197, 12.5007, 179.719, 0.996709, 0.080914, 0.00487377, -0.0809236, 0.996719, 0.00180159, -0.004712, -0.00219006, 0.999987, 0.00309916  
62, 10.0603, 12.4634, 179.707, 0.996672, 0.0813461, 0.00529791, -0.0813573, 0.996683, 0.00193777, -0.00512271, -0.00236234, 0.999984, 0.002857  
63, 10.0146, 12.4517, 179.712, 0.996665, 0.0814074, 0.00561876, -0.0814165, 0.996679, 0.00140793, -0.00548549, -0.0018607, 0.999983, 0.00285645  
64, 9.98106, 12.5064, 179.677, 0.996626, 0.0818825, 0.00556254, -0.0818916, 0.99664, 0.00143784, -0.00542612, -0.00188851, 0.999983, 0.00285673  
65, 10.0261, 12.4881, 179.718, 0.996638, 0.081691, 0.00631704, -0.0817125, 0.996651, 0.00322658, -0.0060323, -0.00373192, 0.999975, 0.00295686  
66, 10.0291, 12.4328, 179.724, 0.996652, 0.0815507, 0.00588017, -0.0815585, 0.996668, 0.00110901, -0.00577014, -0.00158488, 0.999982, 0.00292912  
67, 10.0225, 12.4281, 179.717, 0.996664, 0.081403, 0.00591072, -0.0814112, 0.99668, 0.00116177, -0.00579653, -0.00163909, 0.999982, 0.00291109  
68, 10.0388, 12.4475, 179.698, 0.996646, 0.0815665, 0.00665905, -0.0815871, 0.996662, 0.0028673, -0.00640295, -0.00340098, 0.999974, 0.00286477  
69, 10.0431, 12.4095, 179.716, 0.99664, 0.0816658, 0.00634933, -0.0816767, 0.996658, 0.00147777, -0.00620743, -0.0019914, 0.999979, 0.00293578  
70, 10.0645, 12.4066, 179.706, 0.996687, 0.0811514, 0.0054594, -0.0811598, 0.9967, 0.00132887, -0.00533355, -0.00176755, 0.999984, 0.0029882  
71, 10.0776, 12.4189, 179.708, 0.996603, 0.0821667, 0.00557666, -0.0821744, 0.996617, 0.0011527, -0.00546308, -0.00160705, 0.999984, 0.00290943  
72, 10.0409, 12.3897, 179.714, 0.996645, 0.0815965, 0.0063449, -0.0816048, 0.996664, 0.00106397, -0.00623692, -0.00157817, 0.999979, 0.00294521  
73, 10.0472, 12.4105, 179.704, 0.996607, 0.0821497, 0.00504885, -0.0821585, 0.996618, 0.00156122, -0.00490352, -0.00197073, 0.999986, 0.00292052  
74, 10.047, 12.3872, 179.712, 0.996633, 0.0818007, 0.00560066, -0.081805, 0.996648, 0.000547286, -0.00553712, -0.00100361, 0.999984, 0.00289584  
75, 10.032, 12.3714, 179.714, 0.996685, 0.0811207, 0.0062128, -0.0811317, 0.996702, 0.0015466, -0.00606685, -0.00204553, 0.99998, 0.00298238  
76, 10.0275, 12.3548, 179.714, 0.996619, 0.0819277, 0.00619289, -0.0819343, 0.996637, 0.000812504, -0.0061055, -0.00131717, 0.99998, 0.00294965  
77, 10.045, 12.3367, 179.739, 0.996716, 0.0807729, 0.00566514, -0.0807846, 0.99673, 0.00187091, -0.0054955, -0.00232242, 0.999982, 0.00286838  
78, 10.0188, 12.3755, 179.717, 0.996632, 0.0817901, 0.00591295, -0.0817972, 0.996649, 0.00097039, -0.00581377, -0.00145079, 0.999982, 0.00286838  
79, 10.0964, 12.3693, 179.696, 0.996608, 0.0821421, 0.00496047, -0.0821509, 0.996619, 0.00160407, -0.00481194, -0.00200613, 0.999986, 0.00286921  
80, 10.0128, 12.3395, 179.697, 0.996624, 0.0819021, 0.00579812, -0.0819105, 0.996639, 0.00121393, -0.00567921, -0.00168476, 0.999982, 0.00292385  
81, 10.0421, 12.3539, 179.712, 0.99661, 0.0821387, 0.00473023, -0.0821443, 0.99662, 0.00100072, -0.00463204, -0.00138589, 0.999988, 0.0027957  
82, 10.0346, 12.3611, 179.716, 0.996639, 0.0817304, 0.00562401, -0.0817431, 0.996651, 0.00206068, -0.00543676, -0.00251348, 0.999982, 0.0029  
83, 10.0537, 12.3433, 179.698, 0.996579, 0.0824809, 0.00519874, -0.0824854, 0.996592, 0.000653381, -0.00512713, -0.00107997, 0.999986, 0.00285451  
84, 10.0384, 12.3638, 179.707, 0.996673, 0.0813557, 0.00487859, -0.0813647, 0.996683, 0.00165779, -0.00472753, -0.00204922, 0.999987, 0.00293911  
85, 10.0575, 12.3455, 179.719, 0.996591, 0.0823246, 0.00543916, -0.0823303, 0.996605, 0.000825046, -0.00535277, -0.00127004, 0.999985, 0.00295963  
86, 10.0511, 12.329, 179.715, 0.996639, 0.0817494, 0.00528242, -0.0817548, 0.996652, 0.00080618, -0.00519883, -0.00123533, 0.999986, 0.00298599  
87, 10.0548, 12.3682, 179.719, 0.996623, 0.0819663, 0.00481895, -0.0819716, 0.996634, 0.000909119, -0.00472821, -0.00130107, 0.999988, 0.00295658  
88, 10.0163, 12.3496, 179.708, 0.996639, 0.0817438, 0.00532492, -0.0817479, 0.996653, 0.000563309, -0.00526105, -0.000996717, 0.999986, 0.00287171  
89, 10.0619, 12.3338, 179.722, 0.996672, 0.0813651, 0.00504269, -0.0813721, 0.996683, 0.00119444, -0.00492878, -0.00160079, 0.999987, 0.00283953  
90, 10.0517, 12.3285, 179.709, 0.996655, 0.0815464, 0.00542202, -0.0815535, 0.996668, 0.00108462, -0.00531551, -0.00152318, 0.999985, 0.00297156  
91, 10.0476, 12.3396, 179.716, 0.996649, 0.0816578, 0.00467593, -0.0816577, 0.99666, -0.000212523, -0.00467767, -0.000170015, 0.999989, 0.00293911  
92, 10.0405, 12.3623, 179.697, 0.99657, 0.0825298, 0.0060941, -0.0825352, 0.996588, 0.000627421, -0.00602152, -0.00112825, 0.999981, 0.00280264  
93, 10.0154, 12.3318, 179.713, 0.996656, 0.0815528, 0.00503911, -0.081561, 0.996667, 0.00142811, -0.00490585, -0.00183433, 0.999986, 0.00287171  
94, 10.0513, 12.3663, 179.699, 0.996615, 0.0820454, 0.00525267, -0.0820505, 0.996628, 0.000771057, -0.0051717, -0.00119943, 0.999986, 0.00286283  
95, 10.0257, 12.3622, 179.711, 0.996751, 0.0803606, 0.00552032, -0.0803686, 0.996764, 0.00124546, -0.00540237, -0.00168507, 0.999984, 0.00298515  
96, 10.0513, 12.3736, 179.729, 0.996663, 0.0813945, 0.00609408, -0.0814054, 0.99668, 0.00157151, -0.00594593, -0.00206236, 0.99998, 0.00292358  
97, 10.0779, 12.3804, 179.735, 0.996615, 0.0820649, 0.00495875, -0.0820699, 0.996626, 0.000817115, -0.00487497, -0.00122131, 0.999987, 0.00298709  
98, 10.0354, 12.3751, 179.708, 0.996663, 0.081483, 0.00482369, -0.0814895, 0.996674, 0.00117233, -0.00471212, -0.00156149, 0.999988, 0.0029208  
99, 10.0569, 12.3913, 179.73, 0.996654, 0.081565, 0.00531726, -0.0815692, 0.996668, 0.000569663, -0.00525308, -0.00100148, 0.999986, 0.00281706  
100, 10.0298, 12.4311, 179.705, 0.996657, 0.0815017, 0.00568508, -0.0815125, 0.996671, 0.00169984, -0.00552761, -0.00215757, 0.999982, 0.00298432  
101, 10.0333, 12.4401, 179.683, 0.996659, 0.0814783, 0.00570163, -0.0814883, 0.996673, 0.00153156, -0.00555787, -0.00199106, 0.999983, 0.00306116  
102, 10.0198, 12.4807, 179.697, 0.99663, 0.0818576, 0.00533293, -0.0818672, 0.996642, 0.00159102, -0.00518479, -0.00202225, 0.999985, 0.00281595  
103, 10.0665, 12.4229, 179.713, 0.996645, 0.0816401, 0.00573444, -0.0816512, 0.996659, 0.00171622, -0.00557518, -0.00217869, 0.999982, 0.00292912  
104, 10.0134, 12.4422, 179.705, 0.996686, 0.0811209, 0.00609544, -0.0811323, 0.996702, 0.00165454, -0.00594112, -0.0021436, 0.99998, 0.00283981  
105, 10.0682, 12.4622, 179.722, 0.996628, 0.0818531, 0.00575059, -0.0818619, 0.996643, 0.00131754, -0.00562343, -0.00178385, 0.999983, 0.00305699  
106, 10.0207, 12.503, 179.691, 0.996649, 0.0816154, 0.00536912, -0.081625, 0.996662, 0.00158194, -0.00522209, -0.0020149, 0.999984, 0.002824  
107, 10.0346, 12.4536, 179.725, 0.996668, 0.0813651, 0.00573257, -0.0813769, 0.996682, 0.00185623, -0.00556252, -0.00231654, 0.999982, 0.00302676  
108, 10.0173, 12.486, 179.698, 0.996604, 0.0821613, 0.00551127, -0.0821707, 0.996617, 0.00150075, -0.00536932, -0.00194851, 0.999984, 0.00296102  
109, 10.0214, 12.4902, 179.716, 0.996667, 0.0814275, 0.00488142, -0.0814326, 0.996678, 0.000858805, -0.00479528, -0.00125345, 0.999988, 0.00285007  
110, 10.0305, 12.5182, 179.715, 0.996678, 0.0812812, 0.00519921, -0.0812926, 0.996688, 0.0020261, -0.0050173, -0.00244203, 0.999984, 0.00298876  
111, 10.0392, 12.4932, 179.729, 0.996652, 0.081596, 0.00523291, -0.0816036, 0.996664, 0.00125736, -0.00511286, -0.00168017, 0.999986, 0.00282205  
112, 10.0473, 12.4699, 179.709, 0.996577, 0.0825048, 0.00515961, -0.082513, 0.996589, 0.00139772, -0.00502669, -0.00181867, 0.999986, 0.00281762  
113, 10.0765, 12.478, 179.726, 0.99664, 0.0817451, 0.00509405, -0.0817551, 0.996651, 0.00178543, -0.00493104, -0.0021959, 0.999985, 0.00272525  
114, 10.0786, 12.4696, 179.722, 0.996659, 0.0815378, 0.00473629, -0.0815395, 0.99667, 0.000162238, -0.00470729, -0.000547891, 0.999989, 0.00281457  
115, 10.0212, 12.488, 179.705, 0.996625, 0.0819306, 0.00518746, -0.0819414, 0.996635, 0.00189246, -0.00501495, -0.00231114, 0.999985, 0.00304451  
116, 10.0483, 12.4928, 179.707, 0.996618, 0.082037, 0.00483248, -0.0820389, 0.996629, 0.000195103, -0.00480019, -0.000590894, 0.999988, 0.00315824  
117, 10.057, 12.4842, 179.708, 0.996595, 0.0823066, 0.00492972, -0.0823145, 0.996605, 0.00144053, -0.00479442, -0.00184141, 0.999987, 0.00281318  
118, 10.0637, 12.4642, 179.724, 0.996609, 0.0821575, 0.00455604, -0.0821612, 0.996619, 0.000621559, -0.00448957, -0.00099378, 0.999989, 0.00274494  
119, 10.0586, 12.452, 179.707, 0.996596, 0.0822323, 0.00589899, -0.0822441, 0.996611, 0.00177145, -0.00573333, -0.00225058, 0.999981, 0.00303702  
120, 10.004, 12.4724, 179.708, 0.996678, 0.0812531, 0.00559623, -0.0812635, 0.996691, 0.00164363, -0.00544416, -0.00209294, 0.999983, 0.00302787  
121, 10.022, 12.4893, 179.697, 0.996661, 0.081468, 0.00541897, -0.0814779, 0.996674, 0.00163703, -0.00526758, -0.00207309, 0.999984, 0.00313244  
122, 10.0502, 12.4777, 179.702, 0.996633, 0.0818746, 0.00427892, -0.0818797, 0.996642, 0.00103467, -0.00417984, -0.00138154, 0.99999, 0.00281762  
123, 10.0597, 12.4747, 179.718, 0.996672, 0.0813722, 0.00479907, -0.0813805, 0.996682, 0.00155102, -0.00465693, -0.00193641, 0.999987, 0.00293356  
124, 10.0276, 12.4502, 179.717, 0.996636, 0.0817766, 0.00533397, -0.0817886, 0.996648, 0.00206842, -0.00514694, -0.00249772, 0.999984, 0.00282289  
125, 10.0483, 12.436, 179.7, 0.996606, 0.0821397, 0.00551681, -0.0821463, 0.99662, 0.000994922, -0.00541644, -0.00144473, 0.999984, 0.0029649  
126, 10.0281, 12.4265, 179.702, 0.996662, 0.0814784, 0.00518005, -0.0814879, 0.996673, 0.0016636, -0.00502727, -0.00208016, 0.999985, 0.0029147  
127, 10.0545, 12.4233, 179.701, 0.996607, 0.0821048, 0.00569609, -0.0821118, 0.996623, 0.00100718, -0.00559416, -0.00147148, 0.999983, 0.00283454  
128, 10.0179, 12.391, 179.702, 0.996681, 0.0812323, 0.0053917, -0.0812386, 0.996694, 0.000957667, -0.00529608, -0.0013925, 0.999985, 0.0028387  
129, 10.0501, 12.4078, 179.717, 0.996596, 0.0822938, 0.00482371, -0.0822965, 0.996608, 0.000369716, -0.00477693, -0.000765433, 0.999988, 0.00281429  
130, 10.0307, 12.3727, 179.718, 0.996656, 0.0814927, 0.00605214, -0.0815038, 0.996672, 0.00160972, -0.00590081, -0.00209761, 0.99998, 0.00292163  
131, 10.0491, 12.3927, 179.701, 0.996604, 0.0822071, 0.00472056, -0.0822105, 0.996615, 0.000538463, -0.00466032, -0.000924714, 0.999989, 0.00288058  
132, 10.0191, 12.4012, 179.7, 0.99662, 0.081984, 0.00521172, -0.0819895, 0.996633, 0.000844709, -0.00512492, -0.00126916, 0.999986, 0.00285645  
133, 10.0491, 12.3361, 179.711, 0.996682, 0.0811602, 0.00610552, -0.0811733, 0.996698, 0.0019331, -0.00592847, -0.00242229, 0.999979, 0.00294715  
134, 10.0342, 12.3605, 179.708, 0.996592, 0.082245, 0.00636782, -0.0822526, 0.996611, 0.000941738, -0.00626879, -0.0014623, 0.999979, 0.00290028  
135, 9.99619, 12.381, 179.692, 0.996649, 0.0816036, 0.00564803, -0.0816168, 0.996661, 0.00214596, -0.00545406, -0.00259974, 0.999982, 0.00303342  
136, 10.031, 12.3577, 179.713, 0.996593, 0.0823065, 0.00521188, -0.0823089, 0.996607, 0.000236142, -0.00517475, -0.000664321, 0.999986, 0.00295409  
137, 10.0354, 12.3363, 179.711, 0.996702, 0.0810105, 0.0046717, -0.0810166, 0.996712, 0.0011377, -0.00456417, -0.00151243, 0.999988, 0.00291525  
138, 10.0648, 12.3588, 179.714, 0.996638, 0.0817813, 0.00493041, -0.0817881, 0.996649, 0.001175, -0.00481779, -0.0015743, 0.999987, 0.00285062  
139, 10.0293, 12.347, 179.733, 0.996693, 0.0810987, 0.00511702, -0.0811085, 0.996704, 0.00174124, -0.00495894, -0.00215051, 0.999985, 0.00296435  
140, 10.0467, 12.3513, 179.703, 0.996682, 0.0812184, 0.00538448, -0.081227, 0.996695, 0.00138476, -0.00525421, -0.00181753, 0.999985, 0.00300762  
141, 10.021, 12.3334, 179.682, 0.996562, 0.0826469, 0.00571848, -0.0826541, 0.996578, 0.00103202, -0.00561362, -0.00150113, 0.999983, 0.0029613  
142, 10.0429, 12.3248, 179.723, 0.996711, 0.080835, 0.0057901, -0.0808448, 0.996726, 0.00147431, -0.00565196, -0.00193756, 0.999982, 0.00284591  
143, 10.0029, 12.3269, 179.692, 0.996648, 0.0816581, 0.00506565, -0.0816643, 0.996659, 0.00103518, -0.0049642, -0.00144539, 0.999987, 0.00287392  
144, 10.0319, 12.3901, 179.7, 0.996618, 0.0820032, 0.00527002, -0.0820123, 0.99663, 0.00153395, -0.00512647, -0.00196097, 0.999985, 0.0028387  
145, 10.0294, 12.3452, 179.708, 0.996644, 0.0816891, 0.00523389, -0.081695, 0.996657, 0.000918314, -0.00514137, -0.00134281, 0.999986, 0.00302426  
146, 10.0192, 12.3962, 179.712, 0.996632, 0.0818858, 0.00431881, -0.0818915, 0.996641, 0.00116367, -0.00420901, -0.00151342, 0.99999, 0.00299209  
147, 10.0246, 12.3535, 179.722, 0.996598, 0.0822925, 0.00453233, -0.0822969, 0.996608, 0.000790249, -0.00445192, -0.00116056, 0.999989, 0.00297434  
148, 10.0251, 12.3923, 179.683, 0.996608, 0.0821411, 0.00493798, -0.0821476, 0.99662, 0.0011425, -0.00482744, -0.00154427, 0.999987, 0.00285423  
149, 10.025, 12.3402, 179.715, 0.996682, 0.0811982, 0.00563669, -0.0812054, 0.996697, 0.00104831, -0.00553295, -0.00150256, 0.999984, 0.00285312  
150, 9.98631, 12.3652, 179.699, 0.996614, 0.0820022, 0.00599408, -0.0820128, 0.99663, 0.00154158, -0.00584746, -0.00202795, 0.999981, 0.00301178  
151, 10.044, 12.3727, 179.72, 0.996607, 0.0821593, 0.00498559, -0.082164, 0.996619, 0.000752405, -0.00490691, -0.00115949, 0.999987, 0.00299486  
152, 10.0455, 12.3817, 179.703, 0.99664, 0.0817596, 0.00500134, -0.0817616, 0.996652, 0.000205331, -0.00496781, -0.000613559, 0.999987, 0.00290638  
153, 10.0415, 12.3793, 179.725, 0.996666, 0.0814448, 0.00488725, -0.0814533, 0.996676, 0.00156476, -0.00474356, -0.00195763, 0.999987, 0.00286227  
154, 10.0293, 12.4217, 179.714, 0.996691, 0.0811669, 0.0043139, -0.0811698, 0.9967, 0.000503985, -0.00425876, -0.000852476, 0.999991, 0.00298155  
155, 10.0017, 12.4237, 179.713, 0.996634, 0.0817978, 0.00540723, -0.0818092, 0.996646, 0.00191438, -0.0052325, -0.0023503, 0.999984, 0.00290915  
156, 10.016, 12.4511, 179.686, 0.996582, 0.0824754, 0.00463018, -0.0824807, 0.996592, 0.000980227, -0.00453356, -0.00135878, 0.999989, 0.00302537  
157, 10.0416, 12.3991, 179.717, 0.996635, 0.0817457, 0.0059632, -0.0817522, 0.996652, 0.000849183, -0.00587382, -0.00133383, 0.999982, 0.00292247  
158, 10.042, 12.4009, 179.707, 0.996613, 0.0820352, 0.00574227, -0.0820425, 0.996628, 0.00103785, -0.00563776, -0.00150544, 0.999983, 0.00285922  
159, 10.024, 12.4438, 179.694, 0.996609, 0.0820782, 0.0057227, -0.0820873, 0.996624, 0.00137596, -0.00559044, -0.00184106, 0.999983, 0.00301594  
160, 10.0272, 12.4336, 179.717, 0.996642, 0.0817067, 0.00538376, -0.0817154, 0.996655, 0.00141095, -0.00525046, -0.00184615, 0.999985, 0.00289057  
161, 10.03, 12.4383, 179.697, 0.996635, 0.0817246, 0.00631112, -0.0817448, 0.996649, 0.00300172, -0.00604465, -0.00350752, 0.999976, 0.00306088  
162, 10.0006, 12.4746, 179.705, 0.996585, 0.0823807, 0.00569251, -0.0823904, 0.996599, 0.00148968, -0.00555042, -0.0019536, 0.999983, 0.00293134  
163, 10.0307, 12.4285, 179.708, 0.996652, 0.081485, 0.00667847, -0.0815043, 0.996669, 0.00266955, -0.0064387, -0.00320494, 0.999974, 0.00285479  
164, 10.0185, 12.4493, 179.693, 0.996586, 0.0823463, 0.00597875, -0.0823635, 0.996599, 0.00269662, -0.00573636, -0.00317984, 0.999978, 0.00294687  
165, 9.99885, 12.477, 179.675, 0.996629, 0.0818215, 0.00604723, -0.0818334, 0.996644, 0.00175395, -0.00588343, -0.0022429, 0.99998, 0.00309527  
166, 10.0258, 12.4305, 179.695, 0.996614, 0.0820022, 0.00602618, -0.0820133, 0.99663, 0.00161435, -0.00587349, -0.00210311, 0.999981, 0.00302759  
167, 10.0534, 12.4467, 179.706, 0.996558, 0.0827355, 0.00520292, -0.0827451, 0.996569, 0.00165768, -0.00504792, -0.00208249, 0.999985, 0.00292191  
168, 10.0295, 12.4743, 179.686, 0.996581, 0.0824529, 0.00532783, -0.0824619, 0.996593, 0.00149666, -0.00518628, -0.00193089, 0.999985, 0.0028939  
169, 10.013, 12.4406, 179.682, 0.996574, 0.0825075, 0.00565962, -0.0825198, 0.996587, 0.00198525, -0.0054765, -0.00244548, 0.999982, 0.00296047  
170, 10.0183, 12.4314, 179.7, 0.996603, 0.0821305, 0.00607791, -0.0821397, 0.99662, 0.00127619, -0.00595255, -0.00177109, 0.999981, 0.00291082  
171, 10.0181, 12.4216, 179.706, 0.996646, 0.0815769, 0.00648376, -0.0815877, 0.996665, 0.00142103, -0.00634621, -0.00194525, 0.999978, 0.0030054  
172, 10.0382, 12.4227, 179.713, 0.996568, 0.0825395, 0.00627637, -0.082548, 0.996586, 0.00111131, -0.00616322, -0.0016256, 0.99998, 0.00291109  
173, 10.0193, 12.4717, 179.675, 0.996516, 0.0831054, 0.00700234, -0.0831258, 0.996535, 0.0026753, -0.00675574, -0.00324806, 0.999972, 0.00279321  
174, 10.0616, 12.4415, 179.693, 0.996515, 0.0832511, 0.00514777, -0.0832574, 0.996528, 0.00101816, -0.00504514, -0.0014432, 0.999986, 0.00289528  
175, 10.0506, 12.4434, 179.687, 0.996626, 0.0818163, 0.00649512, -0.0818331, 0.996643, 0.00236005, -0.00628023, -0.0028836, 0.999976, 0.00304257  
176, 10.0477, 12.4841, 179.704, 0.996634, 0.0817696, 0.00587747, -0.0817843, 0.996647, 0.00230944, -0.00566892, -0.00278235, 0.99998, 0.0030079  
177, 9.99362, 12.4475, 179.677, 0.996627, 0.0818496, 0.00595994, -0.081862, 0.996642, 0.00188059, -0.005786, -0.00236214, 0.99998, 0.00293051  
178, 10.0302, 12.4216, 179.699, 0.996635, 0.0817492, 0.0059128, -0.0817577, 0.996652, 0.00120709, -0.00579432, -0.00168644, 0.999982, 0.00299403  
179, 10.0519, 12.4212, 179.717, 0.9966, 0.0821512, 0.00632986, -0.0821607, 0.996618, 0.00125798, -0.00620511, -0.00177377, 0.999979, 0.00297877  
180, 10.0584, 12.4236, 179.706, 0.996599, 0.082187, 0.00603809, -0.0822031, 0.996613, 0.0024746, -0.00581426, -0.00296253, 0.999979, 0.00297489  
181, 9.9969, 12.4252, 179.72, 0.996667, 0.0813611, 0.00588818, -0.0813657, 0.996684, 0.000551477, -0.00582379, -0.00102874, 0.999983, 0.002938  
182, 9.99336, 12.4358, 179.704, 0.996646, 0.0815939, 0.00623724, -0.0816037, 0.996664, 0.00132189, -0.00610858, -0.00182644, 0.99998, 0.00293606  
183, 10.0467, 12.4276, 179.727, 0.996599, 0.0821987, 0.00589765, -0.0822082, 0.996614, 0.00139617, -0.00576292, -0.00187626, 0.999982, 0.00288835  
184, 10.0092, 12.4057, 179.726, 0.996621, 0.0819017, 0.00616166, -0.0819159, 0.996637, 0.00209027, -0.00596974, -0.00258794, 0.999979, 0.00289501  
185, 10.0471, 12.3897, 179.725, 0.996645, 0.081633, 0.00590169, -0.0816388, 0.996662, 0.000751885, -0.00582061, -0.00123117, 0.999982, 0.00299874  
186, 10.0565, 12.3066, 179.794, 0.996644, 0.0815626, 0.00696403, -0.0815698, 0.996667, 0.000767102, -0.00687825, -0.00133258, 0.999975, 0.00302731  
187, 10.0661, 12.2596, 179.805, 0.996716, 0.0806152, 0.00767824, -0.0806118, 0.996745, -0.000748083, -0.00771355, 0.000126669, 0.99997, 0.00297766  
188, 10.0612, 12.1748, 179.84, 0.996745, 0.0802816, 0.00731759, -0.0802737, 0.996772, -0.0013657, -0.00740361, 0.000773844, 0.999972, 0.00293162  
189, 9.99835, 12.3381, 179.856, 0.996795, 0.0798657, 0.00455133, -0.0798581, 0.996805, -0.00181471, -0.00468172, 0.00144544, 0.999988, 0.00303813  
190, 9.91578, 12.334, 179.812, 0.996786, 0.0798511, 0.00636798, -0.0798509, 0.996807, -0.000281839, -0.00637015, -0.000227556, 0.99998, 0.00294909  
191, 9.94044, 12.3076, 179.836, 0.996778, 0.0800036, 0.00580883, -0.0799978, 0.996794, -0.00122928, -0.00588855, 0.000760622, 0.999982, 0.00297628  
192, 9.93293, 12.31, 179.844, 0.996709, 0.0808698, 0.0056024, -0.080861, 0.996724, -0.00178984, -0.00572879, 0.00133094, 0.999983, 0.00300623  
193, 9.94722, 12.3052, 179.849, 0.996781, 0.0799261, 0.0062274, -0.0799276, 0.996801, -1.63869e-005, -0.00620879, -0.000481407, 0.999981, 0.00295104  
194, 9.95836, 12.3228, 179.867, 0.996774, 0.0801458, 0.00415921, -0.0801419, 0.996783, -0.00110032, -0.00423401, 0.000763446, 0.999991, 0.00300734  
195, 9.91619, 12.3438, 179.833, 0.9968, 0.079717, 0.00591799, -0.0797201, 0.996817, 0.000293451, -0.00587576, -0.000764295, 0.999982, 0.00310304  
196, 9.9489, 12.3272, 179.829, 0.996719, 0.0807953, 0.00484491, -0.0807888, 0.99673, -0.00151537, -0.0049515, 0.00111898, 0.999987, 0.00309777  
197, 9.93789, 12.3137, 179.826, 0.996754, 0.0802668, 0.00621145, -0.0802633, 0.996773, -0.000805905, -0.00625609, 0.000304738, 0.99998, 0.00280458  
198, 9.93238, 12.2936, 179.826, 0.996768, 0.0801074, 0.00605312, -0.0801013, 0.996786, -0.00123971, -0.00613297, 0.000750845, 0.999981, 0.0028423  
199, 9.93843, 12.2865, 179.838, 0.996778, 0.0799818, 0.0060392, -0.0799758, 0.996796, -0.00123223, -0.0061184, 0.000745272, 0.999981, 0.00291692  
200, 9.94655, 12.3239, 179.839, 0.996778, 0.0799895, 0.00598663, -0.0799849, 0.996796, -0.00100178, -0.00604758, 0.000519713, 0.999982, 0.00297655  
201, 9.93567, 12.327, 179.838, 0.996833, 0.0793346, 0.00539782, -0.0793325, 0.996848, -0.000615266, -0.00542962, 0.000185096, 0.999985, 0.00306643  
202, 9.89003, 12.3391, 179.799, 0.996745, 0.0803976, 0.00598939, -0.0803922, 0.996763, -0.00113728, -0.00606144, 0.000652078, 0.999981, 0.0028362  
203, 9.94997, 12.3133, 179.844, 0.996767, 0.0801452, 0.00573528, -0.0801391, 0.996783, -0.00128796, -0.00582005, 0.000824171, 0.999983, 0.00296518  
204, 9.90777, 12.3547, 179.825, 0.996763, 0.080239, 0.00507954, -0.0802365, 0.996776, -0.000693372, -0.0051188, 0.000283563, 0.999987, 0.00288419  
205, 9.97887, 12.3378, 179.817, 0.996788, 0.0798379, 0.00623817, -0.0798351, 0.996808, -0.000693514, -0.00627362, 0.000193262, 0.99998, 0.0032531  
206, 9.92179, 12.3867, 179.824, 0.996793, 0.0798054, 0.00588388, -0.0798028, 0.99681, -0.000682727, -0.00591959, 0.000210988, 0.999982, 0.00277462  
207, 9.8984, 12.3612, 179.811, 0.99679, 0.0797468, 0.00713818, -0.0797452, 0.996815, -0.000500192, -0.00715534, -7.06501e-005, 0.999974, 0.00281124  
208, 9.94998, 12.3165, 179.855, 0.996758, 0.0802804, 0.00529853, -0.0802737, 0.996772, -0.00145979, -0.00539862, 0.00102973, 0.999985, 0.00273856  
209, 9.94245, 12.3458, 179.85, 0.996695, 0.0810382, 0.00573367, -0.0810352, 0.996711, -0.000747574, -0.00577539, 0.000280473, 0.999983, 0.00292108  
210, 9.95198, 12.3475, 179.863, 0.996747, 0.0804669, 0.00442668, -0.0804609, 0.996757, -0.00152202, -0.0045348, 0.00116089, 0.999989, 0.00300984  
211, 9.93689, 12.3188, 179.857, 0.996758, 0.0802643, 0.00564876, -0.0802573, 0.996773, -0.00145556, -0.00574736, 0.000997484, 0.999983, 0.00282677  
212, 9.91551, 12.3973, 179.815, 0.996736, 0.0805245, 0.00571951, -0.0805253, 0.996753, -9.84358e-005, -0.00570886, -0.000362451, 0.999984, 0.00280347  
213, 9.91827, 12.4073, 179.831, 0.996791, 0.0798511, 0.00566224, -0.0798518, 0.996807, -0.000103625, -0.00565243, -0.000348847, 0.999984, 0.00297739  
214, 9.93078, 12.3641, 179.844, 0.996741, 0.0804376, 0.00611116, -0.0804352, 0.99676, -0.000636112, -0.00614253, 0.000142486, 0.999981, 0.00290555  
215, 9.91937, 12.4, 179.815, 0.996753, 0.080191, 0.00721256, -0.0801945, 0.996779, 0.000195474, -0.00717366, -0.000773246, 0.999974, 0.0032237  
216, 9.97898, 12.3999, 179.858, 0.996712, 0.0808677, 0.00510016, -0.0808622, 0.996724, -0.00126483, -0.00518574, 0.000848261, 0.999986, 0.00279737  
217, 9.97204, 12.3622, 179.836, 0.996731, 0.080579, 0.00580893, -0.0805776, 0.996748, -0.000468861, -0.00582782, -7.41262e-007, 0.999983, 0.002786  
218, 9.94958, 12.3824, 179.837, 0.996667, 0.0814022, 0.00534424, -0.0813975, 0.996681, -0.00107664, -0.00541415, 0.000638047, 0.999985, 0.00278627  
219, 9.9153, 12.4097, 179.82, 0.996704, 0.0809026, 0.00607057, -0.0809058, 0.996722, 0.000279503, -0.00602805, -0.000769725, 0.999982, 0.00292663  
220, 9.94233, 12.3879, 179.853, 0.996772, 0.080106, 0.00534075, -0.0801029, 0.996786, -0.000792622, -0.00538708, 0.000362253, 0.999985, 0.0030398  
221, 9.96546, 12.4257, 179.834, 0.996739, 0.0805233, 0.0051382, -0.0805212, 0.996753, -0.000611657, -0.00517077, 0.000195928, 0.999987, 0.00285978  
222, 9.96452, 12.4118, 179.838, 0.996736, 0.0805156, 0.00585232, -0.0805105, 0.996753, -0.00111042, -0.00592272, 0.000635624, 0.999982, 0.00282316  
223, 9.97261, 12.4173, 179.838, 0.996759, 0.0801921, 0.00637151, -0.0801932, 0.996779, -8.95444e-005, -0.00635817, -0.000421697, 0.99998, 0.00282927  
224, 9.92827, 12.4563, 179.808, 0.996732, 0.080551, 0.0060841, -0.0805562, 0.99675, 0.00061283, -0.00601496, -0.00110094, 0.999981, 0.00284341  
225, 9.94499, 12.4367, 179.833, 0.996722, 0.0806722, 0.00608305, -0.0806758, 0.99674, 0.000348738, -0.00603509, -0.00083835, 0.999981, 0.00307891  
226, 9.95499, 12.384, 179.836, 0.996741, 0.0804856, 0.00533538, -0.0804813, 0.996756, -0.00102883, -0.00540088, 0.000596077, 0.999985, 0.00288225  
227, 9.9447, 12.3844, 179.863, 0.996786, 0.0798736, 0.00613778, -0.0798743, 0.996805, -0.000129025, -0.00612847, -0.000361641, 0.999981, 0.00283093  
228, 9.96228, 12.4104, 179.83, 0.996745, 0.0803289, 0.00676935, -0.0803201, 0.996768, -0.00156032, -0.00687281, 0.00101152, 0.999976, 0.00289501  
229, 9.96807, 12.4339, 179.818, 0.996819, 0.0794799, 0.00587739, -0.0794808, 0.996836, -9.23775e-005, -0.00586614, -0.000375056, 0.999983, 0.00294743  
230, 9.94388, 12.5578, 179.748, 0.996671, 0.0814021, 0.00463605, -0.0814124, 0.996678, 0.00208025, -0.00445131, -0.00245076, 0.999987, 0.00295353  
231, 9.90901, 12.5853, 179.707, 0.996665, 0.0814249, 0.00533401, -0.0814359, 0.996677, 0.00188434, -0.00516285, -0.00231243, 0.999984, 0.00284369  
232, 9.90876, 12.5698, 179.705, 0.996626, 0.0818982, 0.00544282, -0.0819074, 0.996639, 0.00149063, -0.00530244, -0.0019314, 0.999984, 0.00286283  
233, 9.88962, 12.5901, 179.691, 0.996727, 0.080658, 0.00540573, -0.080667, 0.99674, 0.0014663, -0.00526984, -0.00189756, 0.999984, 0.00279765  
234, 10.0098, 12.4618, 179.678, 0.996634, 0.0816665, 0.00715842, -0.0816783, 0.996658, 0.00137719, -0.00702203, -0.00195724, 0.999973, 0.00298959  
235, 10.0363, 12.4467, 179.716, 0.996667, 0.0813296, 0.00641167, -0.0813496, 0.996681, 0.00292297, -0.00615267, -0.00343481, 0.999975, 0.00296352  
236, 10.0228, 12.4416, 179.713, 0.996594, 0.0821797, 0.00689118, -0.0821953, 0.996614, 0.00201418, -0.00670232, -0.00257374, 0.999974, 0.00292413  
237, 10.05, 12.4395, 179.702, 0.996578, 0.0824682, 0.00566607, -0.0824763, 0.996592, 0.00119994, -0.0055478, -0.00166315, 0.999983, 0.00292468  
238, 10.0368, 12.4015, 179.698, 0.996619, 0.0819659, 0.00575501, -0.0819728, 0.996634, 0.0009742, -0.00565578, -0.00144266, 0.999983, 0.00287143  
239, 10.0675, 12.4065, 179.71, 0.996641, 0.0816953, 0.00575105, -0.081708, 0.996654, 0.00200611, -0.00556792, -0.00246928, 0.999981, 0.0029907  
240, 10.008, 12.3892, 179.699, 0.996646, 0.0815844, 0.00640739, -0.0815916, 0.996665, 0.000861793, -0.00631572, -0.00138169, 0.999979, 0.00294715  
241, 10.0224, 12.3735, 179.689, 0.996602, 0.0821501, 0.00603958, -0.0821594, 0.996618, 0.00130653, -0.00591183, -0.0017983, 0.999981, 0.00279127  
242, 10.009, 12.3668, 179.701, 0.996605, 0.0821026, 0.0061, -0.0821154, 0.996621, 0.0018889, -0.00592431, -0.00238339, 0.99998, 0.00291276  
243, 9.97088, 12.3818, 179.691, 0.996598, 0.0821203, 0.00696889, -0.082137, 0.996619, 0.00215045, -0.00676873, -0.00271554, 0.999973, 0.00285229  
244, 10.0254, 12.4031, 179.694, 0.996569, 0.0825493, 0.00606034, -0.0825617, 0.996584, 0.00181153, -0.0058901, -0.00230567, 0.99998, 0.00296269  
245, 10.0273, 12.4042, 179.708, 0.996576, 0.0824688, 0.00600274, -0.0824718, 0.996593, 0.000260291, -0.00596083, -0.000754457, 0.999982, 0.00297101  
246, 10.0415, 12.3889, 179.723, 0.996544, 0.0828848, 0.0055769, -0.082889, 0.996559, 0.000535723, -0.00551331, -0.000996135, 0.999984, 0.00280014  
247, 10.009, 12.3666, 179.723, 0.996607, 0.0819876, 0.00725016, -0.0819988, 0.996632, 0.00125518, -0.00712283, -0.00184542, 0.999973, 0.00301123  
248, 10.0296, 12.4006, 179.743, 0.996602, 0.082154, 0.00595877, -0.0821632, 0.996618, 0.00131787, -0.00583035, -0.00180299, 0.999981, 0.00287892  
249, 10.0683, 12.373, 179.729, 0.996553, 0.0827106, 0.00634195, -0.0827188, 0.996572, 0.00105149, -0.00623324, -0.00157246, 0.999979, 0.00300873  
250, 10.0415, 12.3864, 179.729, 0.996572, 0.0824785, 0.00649179, -0.0824834, 0.996592, 0.000498161, -0.00642858, -0.00103192, 0.999979, 0.00299514  
251, 10.0522, 12.3549, 179.726, 0.996611, 0.0820526, 0.00581138, -0.0820608, 0.996627, 0.00118542, -0.00569451, -0.00165828, 0.999982, 0.00291193  
252, 10.0436, 12.3547, 179.719, 0.996553, 0.0826531, 0.0071508, -0.0826706, 0.996575, 0.00218048, -0.00694608, -0.00276413, 0.999972, 0.00287642  
253, 10.0204, 12.3697, 179.732, 0.99669, 0.0810466, 0.00629217, -0.0810626, 0.996706, 0.00232762, -0.0060828, -0.00282998, 0.999977, 0.00296574  
254, 10.0258, 12.3683, 179.718, 0.996616, 0.0819555, 0.00624617, -0.081957, 0.996636, -1.08374e-005, -0.00622605, -0.000501117, 0.99998, 0.0029319  
255, 10.0213, 12.3757, 179.722, 0.996624, 0.0819103, 0.00564052, -0.0819163, 0.996639, 0.000841645, -0.00555262, -0.00130085, 0.999984, 0.00302621  
256, 10.0578, 12.3814, 179.735, 0.99661, 0.0820558, 0.00593202, -0.0820693, 0.996624, 0.00206441, -0.0057426, -0.00254425, 0.99998, 0.00283454  
257, 10.0132, 12.4079, 179.707, 0.996678, 0.0812175, 0.00608916, -0.0812294, 0.996694, 0.00173688, -0.00592796, -0.00222573, 0.99998, 0.00288446  
258, 10.043, 12.3558, 179.718, 0.996613, 0.0820229, 0.00583375, -0.0820241, 0.99663, -3.59001e-005, -0.00581704, -0.00044273, 0.999983, 0.00271221  
259, 10.0485, 12.3673, 179.738, 0.996639, 0.0817188, 0.00570044, -0.0817243, 0.996655, 0.000742645, -0.00562068, -0.00120601, 0.999983, 0.00287337  
260, 10.0325, 12.3409, 179.717, 0.996616, 0.0819363, 0.00648375, -0.0819483, 0.996635, 0.00160441, -0.00633048, -0.00213031, 0.999978, 0.00296074  
261, 10.0288, 12.3669, 179.723, 0.996623, 0.0819133, 0.00580545, -0.0819179, 0.996639, 0.000555786, -0.00574041, -0.00102948, 0.999983, 0.00263593  
262, 10.0294, 12.4006, 179.715, 0.996619, 0.0819951, 0.00529438, -0.0819979, 0.996632, 0.000322534, -0.0052501, -0.000755571, 0.999986, 0.00292108  
263, 10.03, 12.4112, 179.706, 0.996541, 0.0829567, 0.00499807, -0.0829596, 0.996553, 0.000385542, -0.00494886, -0.000798847, 0.999987, 0.00285062  
264, 10.0073, 12.3692, 179.726, 0.996653, 0.0815014, 0.00630321, -0.0815122, 0.996671, 0.00148348, -0.00616132, -0.00199231, 0.999979, 0.00291026  
265, 10.0361, 12.3913, 179.729, 0.996599, 0.0822076, 0.00574114, -0.0822151, 0.996614, 0.00109048, -0.00563206, -0.00155878, 0.999983, 0.00296296  
266, 10.0241, 12.3993, 179.707, 0.996671, 0.0812651, 0.00654101, -0.0812795, 0.996689, 0.00195538, -0.00636045, -0.00248052, 0.999977, 0.00298377  
267, 10.0238, 12.4013, 179.696, 0.996612, 0.0820536, 0.00561556, -0.0820611, 0.996627, 0.0011189, -0.00550481, -0.00157593, 0.999984, 0.00293217  
268, 10.037, 12.3869, 179.719, 0.996649, 0.0815507, 0.00638885, -0.0815647, 0.996666, 0.00195681, -0.00620797, -0.00247136, 0.999978, 0.0029147  
269, 10.0226, 12.4353, 179.717, 0.996638, 0.0816443, 0.00687903, -0.0816555, 0.99666, 0.00135718, -0.00674525, -0.00191433, 0.999975, 0.00295631  
270, 10.0362, 12.438, 179.711, 0.996601, 0.0821716, 0.00584398, -0.0821856, 0.996615, 0.00218365, -0.00564476, -0.00265651, 0.999981, 0.00295464  
271, 9.97649, 12.4884, 179.713, 0.996586, 0.0824314, 0.00467842, -0.0824435, 0.996593, 0.00245398, -0.00446019, -0.0028313, 0.999986, 0.00293301  
272, 9.93199, 12.4763, 179.759, 0.996748, 0.0804152, 0.00512488, -0.0804303, 0.996756, 0.00280732, -0.0048825, -0.00321039, 0.999983, 0.0029649  
