0, 14.3003, 20.2086, 179.827, 0.994725, 0.101962, 0.0111858, -0.101128, 0.993103, -0.0593328, -0.0171583, 0.0578886, 0.998176, 0.0415295  
1, 14.2591, 20.2166, 179.825, 0.994707, 0.102252, 0.0101441, -0.101485, 0.993092, -0.0588979, -0.0160964, 0.0575566, 0.998212, 0.00264231  
2, 14.2901, 20.1961, 179.856, 0.994681, 0.102387, 0.0112346, -0.101551, 0.993063, -0.059265, -0.0172247, 0.0578089, 0.998179, 0.00285035  
3, 14.2825, 20.213, 179.856, 0.994705, 0.102227, 0.0106117, -0.101432, 0.993091, -0.0590033, -0.0165702, 0.0576145, 0.998201, 0.00277684  
4, 14.3173, 20.1812, 179.872, 0.994706, 0.102221, 0.0105705, -0.101422, 0.993071, -0.0593682, -0.0165659, 0.0579818, 0.99818, 0.00273829  
5, 14.2512, 20.1926, 179.837, 0.994648, 0.102705, 0.0112617, -0.101874, 0.993053, -0.0588851, -0.0172312, 0.0574227, 0.998201, 0.0026584  
6, 14.2782, 20.2075, 179.841, 0.994665, 0.102609, 0.010665, -0.101795, 0.992999, -0.0599207, -0.0167388, 0.0585153, 0.998146, 0.00334186  
7, 14.2892, 20.1857, 179.834, 0.994689, 0.102323, 0.0111237, -0.101502, 0.993098, -0.0587687, -0.0170603, 0.0573275, 0.99821, 0.00287143  
8, 14.2765, 20.2178, 179.838, 0.994685, 0.102509, 0.00969831, -0.10176, 0.993036, -0.0593654, -0.0157163, 0.058063, 0.998189, 0.00279348  
9, 14.2423, 20.2104, 179.827, 0.994647, 0.102718, 0.0112321, -0.101879, 0.993022, -0.059398, -0.017255, 0.0579357, 0.998171, 0.00281013  
10, 14.2657, 20.1964, 179.836, 0.994631, 0.102901, 0.0109388, -0.10207, 0.992969, -0.0599594, -0.0170318, 0.058521, 0.998141, 0.00276297  
11, 14.269, 20.2144, 179.848, 0.99464, 0.102787, 0.0111894, -0.101963, 0.993053, -0.0587326, -0.0171487, 0.0572769, 0.998211, 0.00296269  
12, 14.2605, 20.1969, 179.843, 0.994677, 0.102468, 0.0109076, -0.101643, 0.993029, -0.0596798, -0.0169468, 0.0582534, 0.998158, 0.00285479  
13, 14.2482, 20.1898, 179.838, 0.994618, 0.103011, 0.0110995, -0.102184, 0.993007, -0.0591267, -0.0171125, 0.0576743, 0.998189, 0.00278766  
14, 14.2576, 20.2209, 179.866, 0.994706, 0.102169, 0.0109873, -0.101349, 0.993091, -0.059147, -0.0169544, 0.0577204, 0.998189, 0.00285534  
15, 14.2763, 20.2109, 179.872, 0.994716, 0.102055, 0.0111626, -0.101241, 0.993153, -0.0582821, -0.0170342, 0.056844, 0.998238, 0.00289362  
16, 14.2625, 20.2061, 179.852, 0.994662, 0.102637, 0.0106174, -0.101847, 0.99307, -0.0586464, -0.0165631, 0.0572521, 0.998222, 0.00288835  
17, 14.2931, 20.2135, 179.855, 0.994661, 0.102661, 0.0105107, -0.101867, 0.993031, -0.0592596, -0.0165212, 0.0578725, 0.998187, 0.00288779  
18, 14.2633, 20.2329, 179.852, 0.994659, 0.10274, 0.00992476, -0.101967, 0.992973, -0.0600557, -0.0160251, 0.0587229, 0.998146, 0.00281262  
19, 14.2907, 20.2032, 179.829, 0.994693, 0.102256, 0.0113756, -0.101438, 0.993162, -0.0577891, -0.0172071, 0.0563285, 0.998264, 0.00274217  
20, 14.2828, 20.2155, 179.851, 0.994641, 0.102842, 0.010598, -0.10204, 0.993006, -0.059393, -0.016632, 0.0579933, 0.998178, 0.00290776  
21, 14.2948, 20.2066, 179.842, 0.994716, 0.102139, 0.0103548, -0.101347, 0.993057, -0.0597274, -0.0163834, 0.0583624, 0.998161, 0.0028914  
22, 14.2692, 20.1868, 179.841, 0.994599, 0.103253, 0.0105633, -0.102447, 0.992945, -0.0597045, -0.0166534, 0.0582998, 0.99816, 0.00282705  
23, 14.2916, 20.2082, 179.855, 0.994679, 0.102466, 0.0107218, -0.10167, 0.993089, -0.0586313, -0.0166554, 0.0572292, 0.998222, 0.00277684  
24, 14.2616, 20.2126, 179.828, 0.994615, 0.103068, 0.0108738, -0.102246, 0.992973, -0.0595825, -0.0169385, 0.0581498, 0.998164, 0.00286144  
25, 14.2902, 20.2033, 179.846, 0.994681, 0.10244, 0.0107995, -0.10163, 0.99306, -0.0591928, -0.0167882, 0.0577804, 0.998188, 0.00287642  
26, 14.2762, 20.2116, 179.871, 0.994715, 0.102129, 0.0105259, -0.101349, 0.993136, -0.0583956, -0.0164176, 0.0570203, 0.998238, 0.0028742  
27, 14.2699, 20.1751, 179.85, 0.994657, 0.10262, 0.0112325, -0.101788, 0.993054, -0.0590148, -0.0172106, 0.0575561, 0.998194, 0.00293855  
28, 14.2596, 20.2113, 179.858, 0.994675, 0.102568, 0.0100381, -0.101783, 0.992975, -0.0603341, -0.0161559, 0.0589911, 0.998128, 0.00278544  
29, 14.2741, 20.2191, 179.844, 0.994676, 0.102512, 0.0105625, -0.10171, 0.993029, -0.059571, -0.0165956, 0.0581795, 0.998168, 0.00288585  
30, 14.2869, 20.201, 179.816, 0.994664, 0.102534, 0.011408, -0.101686, 0.993044, -0.0593619, -0.0174153, 0.0578851, 0.998171, 0.00295658  
31, 14.2841, 20.1805, 179.822, 0.99472, 0.101989, 0.0113779, -0.101147, 0.99311, -0.0591826, -0.0173355, 0.0577193, 0.998182, 0.00285895  
32, 14.3066, 20.2179, 179.848, 0.994752, 0.101779, 0.0104371, -0.100994, 0.993134, -0.0590323, -0.0163737, 0.0576684, 0.998202, 0.00381396  
33, 14.2945, 20.2162, 179.837, 0.9947, 0.102237, 0.0109184, -0.101431, 0.993117, -0.0585746, -0.0168318, 0.0571567, 0.998223, 0.00275937  
34, 14.281, 20.2117, 179.865, 0.994701, 0.102259, 0.0106085, -0.101461, 0.99308, -0.0591433, -0.016583, 0.0577536, 0.998193, 0.00284314  
35, 14.2526, 20.1884, 179.838, 0.994583, 0.103373, 0.0108696, -0.102547, 0.992929, -0.059795, -0.016974, 0.0583564, 0.998151, 0.00284535  
36, 14.268, 20.1957, 179.833, 0.994581, 0.103366, 0.0111565, -0.102511, 0.992891, -0.0604963, -0.0173304, 0.0590248, 0.998106, 0.00282843  
37, 14.2363, 20.1868, 179.85, 0.994609, 0.103157, 0.0105644, -0.102359, 0.992982, -0.0592445, -0.0166017, 0.0578437, 0.998188, 0.00290083  
38, 14.3024, 20.2102, 179.865, 0.994701, 0.102219, 0.0109917, -0.101399, 0.993084, -0.0591725, -0.0169642, 0.0577444, 0.998187, 0.00275798  
39, 14.2748, 20.2121, 179.847, 0.994642, 0.102764, 0.0112911, -0.10193, 0.993044, -0.0589347, -0.017269, 0.057468, 0.998198, 0.0028853  
40, 14.3012, 20.1825, 179.847, 0.994662, 0.102588, 0.0110705, -0.101755, 0.993021, -0.0596208, -0.0171097, 0.0581761, 0.99816, 0.00283509  
41, 14.2779, 20.1873, 179.833, 0.994645, 0.102773, 0.0108751, -0.101948, 0.992991, -0.0597908, -0.0169437, 0.0583619, 0.998152, 0.00266811  
42, 14.3171, 20.1973, 179.86, 0.994652, 0.102616, 0.0116924, -0.101736, 0.992986, -0.0602405, -0.0177921, 0.0587288, 0.998115, 0.0029183  
43, 14.2996, 20.2009, 179.838, 0.994625, 0.102992, 0.0106971, -0.102187, 0.993, -0.0592283, -0.0167223, 0.0578168, 0.998187, 0.00318709  
44, 14.2209, 20.2313, 179.808, 0.994677, 0.102346, 0.0119803, -0.101478, 0.993107, -0.0586545, -0.0179008, 0.0571265, 0.998206, 0.00267588  
45, 14.2578, 20.2401, 179.821, 0.994631, 0.102948, 0.0105366, -0.102149, 0.992993, -0.0594158, -0.0165795, 0.0580205, 0.998178, 0.00312024  
46, 14.2994, 20.2035, 179.836, 0.994666, 0.102557, 0.0109983, -0.101723, 0.993003, -0.0599794, -0.0170727, 0.0585407, 0.998139, 0.00275909  
47, 14.2552, 20.2215, 179.833, 0.994672, 0.102595, 0.0101056, -0.10182, 0.99302, -0.0595321, -0.0161427, 0.0581859, 0.998175, 0.00275465  
48, 14.3028, 20.2072, 179.863, 0.994635, 0.10288, 0.0107928, -0.102068, 0.993008, -0.0593054, -0.0168186, 0.0578856, 0.998182, 0.00272802  
49, 14.2574, 20.2159, 179.83, 0.994596, 0.103239, 0.0109365, -0.102424, 0.992993, -0.0589493, -0.0169457, 0.0575106, 0.998201, 0.00277601  
50, 14.2658, 20.1909, 179.829, 0.994594, 0.103182, 0.0116992, -0.102325, 0.993008, -0.0588693, -0.0176917, 0.057354, 0.998197, 0.00281318  
51, 14.2702, 20.2187, 179.84, 0.994671, 0.102506, 0.0110129, -0.10168, 0.993042, -0.0594044, -0.0170256, 0.0579681, 0.998173, 0.00306615  
52, 14.2748, 20.1955, 179.829, 0.994681, 0.1024, 0.0111582, -0.101591, 0.993137, -0.0579518, -0.0170158, 0.05651, 0.998257, 0.00266811  
53, 14.2738, 20.2109, 179.853, 0.994685, 0.102467, 0.0100671, -0.101693, 0.993028, -0.0596176, -0.0161058, 0.058277, 0.998171, 0.00329915  
54, 14.2902, 20.2126, 179.829, 0.994695, 0.10231, 0.0106967, -0.101508, 0.993078, -0.0590975, -0.0166689, 0.0576982, 0.998195, 0.00270805  
55, 14.2902, 20.2186, 179.825, 0.994612, 0.103024, 0.0115165, -0.102179, 0.993027, -0.0587997, -0.017494, 0.0573061, 0.998203, 0.00284008  
56, 14.2961, 20.2056, 179.827, 0.994647, 0.102709, 0.0113458, -0.101865, 0.993024, -0.0593802, -0.0173656, 0.0579066, 0.998171, 0.00278128  
57, 14.2619, 20.2102, 179.85, 0.994641, 0.102794, 0.0111043, -0.101962, 0.993013, -0.0593965, -0.0171323, 0.057946, 0.998173, 0.00276075  
58, 14.2728, 20.1937, 179.845, 0.994567, 0.103556, 0.0106541, -0.102748, 0.992926, -0.059507, -0.016741, 0.058089, 0.998171, 0.00276519  
59, 14.2702, 20.2026, 179.824, 0.994583, 0.103415, 0.0105232, -0.10262, 0.992956, -0.0592249, -0.0165738, 0.0578242, 0.998189, 0.0027724  
60, 14.2928, 20.2128, 179.861, 0.994658, 0.1027, 0.010406, -0.101904, 0.992998, -0.059758, -0.0164703, 0.0583784, 0.998159, 0.00284535  
61, 14.2709, 20.2016, 179.852, 0.994647, 0.102837, 0.0100873, -0.102055, 0.992969, -0.05997, -0.0161835, 0.0586196, 0.998149, 0.00276048  
62, 14.2778, 20.2056, 179.849, 0.994679, 0.102485, 0.0105343, -0.101668, 0.992973, -0.0605611, -0.0166669, 0.0591679, 0.998109, 0.00290194  
63, 14.2868, 20.2062, 179.85, 0.994711, 0.102194, 0.0103522, -0.101401, 0.993048, -0.0597769, -0.0163891, 0.058411, 0.998158, 0.00283676  
64, 14.2598, 20.2094, 179.852, 0.9947, 0.102306, 0.0103019, -0.101524, 0.993066, -0.0592684, -0.0162939, 0.0579084, 0.998189, 0.00309444  
65, 14.2718, 20.2041, 179.866, 0.994668, 0.10258, 0.01064, -0.101773, 0.993022, -0.0595806, -0.0166776, 0.05818, 0.998167, 0.00326281  
66, 14.2835, 20.2076, 179.843, 0.994707, 0.102241, 0.0101978, -0.10146, 0.993054, -0.0595736, -0.0162178, 0.0582236, 0.998172, 0.0027982  
67, 14.2477, 20.2418, 179.846, 0.994738, 0.101892, 0.0107209, -0.101084, 0.993103, -0.0594035, -0.0166997, 0.0580072, 0.998176, 0.00279154  
68, 14.245, 20.2135, 179.809, 0.994561, 0.10361, 0.0106624, -0.102795, 0.992896, -0.0599182, -0.0167948, 0.0584963, 0.998146, 0.00279265  
69, 14.2765, 20.2152, 179.839, 0.994685, 0.102425, 0.0105643, -0.101632, 0.993071, -0.0589962, -0.0165338, 0.057609, 0.998202, 0.00276769  
70, 14.2667, 20.1976, 179.814, 0.994624, 0.102911, 0.0114824, -0.10207, 0.993044, -0.0587018, -0.0174436, 0.0572142, 0.99821, 0.00298931  
71, 14.2844, 20.1932, 179.857, 0.994732, 0.101961, 0.0106096, -0.101155, 0.993078, -0.0597027, -0.0166235, 0.058315, 0.99816, 0.00287587  
72, 14.2756, 20.2068, 179.843, 0.994658, 0.102638, 0.0109603, -0.101832, 0.993083, -0.0584578, -0.0168845, 0.0570295, 0.99823, 0.00278267  
73, 14.2517, 20.2391, 179.846, 0.994614, 0.103142, 0.0102411, -0.102349, 0.99293, -0.0601228, -0.0163699, 0.0587508, 0.998138, 0.00288474  
74, 14.234, 20.2113, 179.838, 0.994628, 0.102955, 0.010706, -0.102137, 0.992962, -0.059954, -0.0168032, 0.0585384, 0.998144, 0.00288114  
75, 14.2665, 20.2168, 179.84, 0.994642, 0.102759, 0.0112805, -0.101931, 0.993065, -0.0585779, -0.0172217, 0.0571142, 0.998219, 0.00294577  
76, 14.3048, 20.2091, 179.85, 0.994717, 0.102062, 0.01103, -0.101249, 0.993132, -0.0586226, -0.0169374, 0.0571961, 0.998219, 0.00300568  
77, 14.2564, 20.2176, 179.848, 0.994663, 0.10259, 0.0109497, -0.101771, 0.993044, -0.0592145, -0.0169483, 0.0577842, 0.998185, 0.00296435  
78, 14.2321, 20.2168, 179.825, 0.994654, 0.102622, 0.0114964, -0.101782, 0.993078, -0.0586127, -0.0174318, 0.0571292, 0.998215, 0.00295242  
79, 14.2543, 20.2176, 179.851, 0.994643, 0.102799, 0.010871, -0.101992, 0.993049, -0.0587529, -0.0168351, 0.0573294, 0.998213, 0.00285867  
80, 14.2912, 20.2146, 179.849, 0.994682, 0.102437, 0.0107291, -0.101619, 0.993017, -0.0599241, -0.0167926, 0.0585152, 0.998145, 0.0028853  
81, 14.2679, 20.1897, 179.84, 0.994678, 0.102391, 0.0114814, -0.101555, 0.993112, -0.0584414, -0.0173862, 0.0569644, 0.998225, 0.00285922  
82, 14.2876, 20.2042, 179.842, 0.994681, 0.102463, 0.0105381, -0.101676, 0.993085, -0.0586828, -0.016478, 0.0572992, 0.998221, 0.00279265  
83, 14.2623, 20.1908, 179.837, 0.99462, 0.102997, 0.0110754, -0.102177, 0.993026, -0.0588144, -0.0170559, 0.0573663, 0.998207, 0.00296907  
84, 14.264, 20.2273, 179.856, 0.994718, 0.102073, 0.0108367, -0.101269, 0.993122, -0.0587705, -0.016761, 0.0573627, 0.998213, 0.00283842  
85, 14.2996, 20.2032, 179.857, 0.994707, 0.102173, 0.0108538, -0.101378, 0.993146, -0.0581654, -0.0167223, 0.0567572, 0.998248, 0.0030226  
86, 14.2852, 20.2011, 179.837, 0.994661, 0.102676, 0.0103554, -0.101892, 0.993036, -0.0591469, -0.0163562, 0.057776, 0.998196, 0.00283176  
87, 14.2777, 20.1982, 179.851, 0.994703, 0.102231, 0.0107412, -0.101432, 0.993103, -0.0588094, -0.0166793, 0.0574083, 0.998211, 0.00279765  
88, 14.2735, 20.2141, 179.843, 0.99469, 0.102367, 0.0105862, -0.101577, 0.993088, -0.058808, -0.0165331, 0.0574205, 0.998213, 0.00295908  
89, 14.2475, 20.2016, 179.848, 0.994672, 0.102521, 0.0108513, -0.101711, 0.993062, -0.059016, -0.0168264, 0.0575978, 0.998198, 0.00287531  
90, 14.2768, 20.2018, 179.848, 0.99467, 0.102582, 0.0103819, -0.101797, 0.993047, -0.0591215, -0.0163745, 0.0577496, 0.998197, 0.00310609  
91, 14.2902, 20.2065, 179.855, 0.994693, 0.102363, 0.0103489, -0.101577, 0.993054, -0.0593721, -0.0163545, 0.0580059, 0.998182, 0.00311857  
92, 14.2527, 20.2336, 179.851, 0.994643, 0.102776, 0.0110687, -0.101956, 0.993045, -0.0588734, -0.0170424, 0.0574295, 0.998204, 0.00310027  
93, 14.2873, 20.2167, 179.85, 0.994688, 0.102276, 0.0116095, -0.101444, 0.993158, -0.0578439, -0.0174461, 0.0563589, 0.998258, 0.00300845  
94, 14.267, 20.2017, 179.813, 0.99461, 0.103176, 0.0103249, -0.102379, 0.992935, -0.0599827, -0.0164407, 0.0586023, 0.998146, 0.0029122  
95, 14.2873, 20.2058, 179.821, 0.994622, 0.103004, 0.0107942, -0.102184, 0.992966, -0.0598008, -0.016878, 0.0583763, 0.998152, 0.00315158  
96, 14.2608, 20.2347, 179.819, 0.994668, 0.102533, 0.0111054, -0.101699, 0.993029, -0.0595957, -0.0171385, 0.0581485, 0.998161, 0.003095  
97, 14.2908, 20.2107, 179.838, 0.994669, 0.102557, 0.0107789, -0.101743, 0.993029, -0.0595176, -0.0168077, 0.0581036, 0.998169, 0.00279765  
98, 14.2519, 20.2136, 179.839, 0.994659, 0.102688, 0.0104668, -0.101891, 0.993009, -0.059588, -0.0165126, 0.0582032, 0.998168, 0.00296019  
99, 14.2749, 20.2317, 179.841, 0.994678, 0.102474, 0.0107258, -0.101671, 0.993062, -0.0590762, -0.0167052, 0.0576713, 0.998196, 0.0028595  
100, 14.2773, 20.2239, 179.842, 0.994686, 0.10241, 0.0105919, -0.101621, 0.993091, -0.0586733, -0.0165274, 0.0572852, 0.998221, 0.00287587  
101, 14.2753, 20.212, 179.839, 0.994624, 0.102995, 0.0107307, -0.102193, 0.99302, -0.0588865, -0.0167208, 0.0574733, 0.998207, 0.00288252  
102, 14.3024, 20.1875, 179.861, 0.994642, 0.102843, 0.0105372, -0.102043, 0.992997, -0.0595391, -0.0165866, 0.0581449, 0.99817, 0.00280846  
103, 14.2976, 20.2279, 179.858, 0.994673, 0.10254, 0.0105253, -0.101745, 0.993045, -0.0592394, -0.0165265, 0.0578529, 0.998188, 0.00290943  
104, 14.2853, 20.2134, 179.853, 0.994719, 0.102113, 0.0103826, -0.101314, 0.993041, -0.0600488, -0.0164421, 0.0586797, 0.998141, 0.00292496  
105, 14.2643, 20.2164, 179.845, 0.994639, 0.102824, 0.0110169, -0.102007, 0.993041, -0.0588541, -0.0169919, 0.0574147, 0.998206, 0.0029208  
106, 14.2584, 20.1937, 179.837, 0.994675, 0.102425, 0.0114425, -0.101593, 0.993113, -0.0583643, -0.0173417, 0.0568911, 0.99823, 0.00296657  
107, 14.2501, 20.2049, 179.828, 0.994654, 0.102726, 0.0105075, -0.101937, 0.993044, -0.058935, -0.0164885, 0.0575488, 0.998207, 0.0029466  
108, 14.2878, 20.208, 179.836, 0.994661, 0.102665, 0.0105048, -0.101864, 0.993006, -0.0596849, -0.0165588, 0.0582962, 0.998162, 0.00298682  
109, 14.2704, 20.1994, 179.863, 0.99472, 0.102048, 0.010888, -0.101239, 0.993118, -0.0588854, -0.0168222, 0.0574721, 0.998205, 0.00292358  
110, 14.2906, 20.2161, 179.851, 0.994702, 0.102278, 0.010369, -0.101488, 0.993054, -0.0595373, -0.0163864, 0.0581695, 0.998172, 0.00296047  
111, 14.242, 20.1913, 179.826, 0.994592, 0.103328, 0.0104828, -0.102513, 0.992887, -0.0605454, -0.0166643, 0.0591434, 0.99811, 0.0029355  
112, 14.2406, 20.2175, 179.84, 0.994633, 0.102873, 0.0110621, -0.102035, 0.992973, -0.0599506, -0.0171517, 0.0585001, 0.99814, 0.00289556  
113, 14.3017, 20.2204, 179.874, 0.994707, 0.102203, 0.0106551, -0.101411, 0.993116, -0.0586245, -0.0165733, 0.0572336, 0.998223, 0.00288419  
114, 14.306, 20.2152, 179.869, 0.994728, 0.102011, 0.0104359, -0.101225, 0.993105, -0.0591216, -0.016395, 0.0577536, 0.998196, 0.00300873  
115, 14.2946, 20.2057, 179.824, 0.994679, 0.102441, 0.0109743, -0.101627, 0.993079, -0.0588652, -0.0169285, 0.0574367, 0.998206, 0.0029735  
116, 14.2933, 20.2047, 179.859, 0.994712, 0.102073, 0.0113693, -0.101235, 0.993113, -0.0589725, -0.0173105, 0.0575096, 0.998195, 0.00293717  
117, 14.2576, 20.1824, 179.836, 0.994617, 0.103025, 0.011112, -0.102196, 0.992999, -0.0592391, -0.0171373, 0.0577846, 0.998182, 0.00291997  
118, 14.2556, 20.1854, 179.832, 0.994634, 0.102915, 0.0106019, -0.102114, 0.993004, -0.0592861, -0.0166292, 0.0578853, 0.998185, 0.00288474  
119, 14.2784, 20.2122, 179.855, 0.994679, 0.102482, 0.0105335, -0.101687, 0.993053, -0.0592078, -0.0165281, 0.0578216, 0.99819, 0.00335268  
120, 14.2815, 20.2133, 179.857, 0.994661, 0.102654, 0.0105895, -0.101853, 0.993026, -0.0593664, -0.0166099, 0.0579709, 0.99818, 0.00298155  
121, 14.2443, 20.2304, 179.849, 0.994583, 0.103375, 0.0108563, -0.102562, 0.992967, -0.0591382, -0.0168934, 0.0577044, 0.998191, 0.00303009  
122, 14.278, 20.2232, 179.853, 0.994665, 0.102667, 0.0100758, -0.101886, 0.992986, -0.0599891, -0.0161641, 0.0586424, 0.998148, 0.00295131  
123, 14.2805, 20.1969, 179.854, 0.994632, 0.102891, 0.0109987, -0.102078, 0.993045, -0.0586624, -0.016958, 0.0572247, 0.998217, 0.00295381  
124, 14.2943, 20.2041, 179.866, 0.994737, 0.101938, 0.0103426, -0.101147, 0.993076, -0.0597516, -0.0163619, 0.058391, 0.99816, 0.00296019  
125, 14.2957, 20.2065, 179.857, 0.994746, 0.101853, 0.0102933, -0.101065, 0.993083, -0.0597595, -0.0163088, 0.0584053, 0.99816, 0.00306254  
126, 14.269, 20.2224, 179.859, 0.994664, 0.102657, 0.0102414, -0.10187, 0.993003, -0.0597221, -0.0163006, 0.0583601, 0.998163, 0.00290471  
127, 14.2986, 20.2056, 179.86, 0.994725, 0.102021, 0.0106965, -0.101227, 0.993131, -0.058678, -0.0166095, 0.0572857, 0.99822, 0.00301761  
128, 14.2888, 20.1994, 179.84, 0.994644, 0.102768, 0.0110844, -0.101961, 0.993095, -0.058024, -0.0169709, 0.056583, 0.998254, 0.00290416  
129, 14.2935, 20.2166, 179.844, 0.994638, 0.102815, 0.0111715, -0.101988, 0.993039, -0.0589309, -0.0171527, 0.0574755, 0.9982, 0.00285479  
130, 14.2772, 20.2147, 179.851, 0.994634, 0.102905, 0.0106781, -0.102104, 0.993019, -0.0590641, -0.0166815, 0.0576568, 0.998197, 0.00284924  
131, 14.2878, 20.1999, 179.865, 0.994698, 0.102311, 0.0103683, -0.101522, 0.993054, -0.0594654, -0.0163803, 0.0580975, 0.998177, 0.00297711  
132, 14.2689, 20.2075, 179.854, 0.994678, 0.102426, 0.0111661, -0.101602, 0.993088, -0.058768, -0.0171083, 0.0573208, 0.998209, 0.00282982  
133, 14.285, 20.2157, 179.861, 0.994643, 0.102835, 0.0104763, -0.102041, 0.993011, -0.0592934, -0.0165005, 0.0579068, 0.998186, 0.00278045  
134, 14.2927, 20.1953, 179.842, 0.994642, 0.102754, 0.0113456, -0.10191, 0.993023, -0.0593299, -0.0173628, 0.0578558, 0.998174, 0.00285562  
135, 14.2567, 20.2008, 179.845, 0.994629, 0.102866, 0.0114437, -0.102028, 0.99305, -0.058663, -0.0173986, 0.0571804, 0.998212, 0.00289972  
136, 14.2895, 20.2118, 179.863, 0.994703, 0.102201, 0.0109594, -0.101381, 0.99308, -0.0592801, -0.0169421, 0.0578551, 0.998181, 0.00284757  
137, 14.3109, 20.1892, 179.88, 0.994732, 0.101879, 0.0113199, -0.101053, 0.993164, -0.0584315, -0.0171955, 0.0569798, 0.998227, 0.00276103  
138, 14.2792, 20.1995, 179.826, 0.994707, 0.102167, 0.0109216, -0.101347, 0.993076, -0.0594094, -0.0169156, 0.0579881, 0.998174, 0.002938  
139, 14.2754, 20.2176, 179.863, 0.994714, 0.102135, 0.0106066, -0.101334, 0.993076, -0.0594229, -0.0166023, 0.058034, 0.998177, 0.00292968  
140, 14.2601, 20.212, 179.816, 0.994579, 0.103428, 0.0106899, -0.102608, 0.992907, -0.0600636, -0.0168263, 0.0586412, 0.998137, 0.00295686  
141, 14.2956, 20.199, 179.84, 0.994662, 0.10263, 0.0107037, -0.101823, 0.993032, -0.0593251, -0.0167176, 0.0579185, 0.998181, 0.00284757  
142, 14.2607, 20.164, 179.833, 0.994603, 0.103124, 0.0114401, -0.10226, 0.992938, -0.0601363, -0.0175609, 0.0586419, 0.998125, 0.00280735  
143, 14.2885, 20.1855, 179.852, 0.9947, 0.102264, 0.0106782, -0.10147, 0.993108, -0.0586457, -0.016602, 0.0572514, 0.998222, 0.00282927  
144, 14.2673, 20.2219, 179.848, 0.994633, 0.102892, 0.0108785, -0.102072, 0.992998, -0.0594738, -0.0169217, 0.0580442, 0.998171, 0.00294715  
145, 14.2768, 20.1992, 179.829, 0.994611, 0.103135, 0.0105923, -0.102318, 0.992925, -0.0602534, -0.0167316, 0.0588449, 0.998127, 0.00294687  
146, 14.2783, 20.1979, 179.852, 0.994635, 0.102876, 0.0108577, -0.102073, 0.993052, -0.0585495, -0.0168056, 0.0571271, 0.998225, 0.00375654  
147, 14.2694, 20.1859, 179.852, 0.994637, 0.102887, 0.0105713, -0.102092, 0.993017, -0.0591114, -0.0165793, 0.0577151, 0.998195, 0.00291498  
148, 14.2679, 20.2023, 179.847, 0.994652, 0.102752, 0.0105068, -0.101959, 0.993026, -0.0591882, -0.0165152, 0.0578004, 0.998192, 0.00290083  
149, 14.2499, 20.2253, 179.82, 0.994655, 0.102682, 0.0109, -0.101859, 0.993011, -0.0596176, -0.0169455, 0.0581886, 0.998162, 0.00279348  
150, 14.3042, 20.1966, 179.838, 0.994676, 0.102468, 0.0109874, -0.10164, 0.993035, -0.0595953, -0.0170174, 0.0581612, 0.998162, 0.00293855  
151, 14.2832, 20.2199, 179.827, 0.994693, 0.102292, 0.0110527, -0.10147, 0.993082, -0.059098, -0.0170215, 0.0576629, 0.998191, 0.00294771  
152, 14.3088, 20.1977, 179.851, 0.994681, 0.102431, 0.0108306, -0.101626, 0.993082, -0.0588237, -0.016781, 0.0574102, 0.99821, 0.00291359  
153, 14.2847, 20.2079, 179.848, 0.994702, 0.102225, 0.0108208, -0.101432, 0.993143, -0.0581234, -0.0166882, 0.056718, 0.998251, 0.00289334  
154, 14.3081, 20.1801, 179.855, 0.994702, 0.102292, 0.0101651, -0.101511, 0.993038, -0.0597527, -0.0162066, 0.0584043, 0.998161, 0.00285617  
155, 14.2464, 20.215, 179.831, 0.994663, 0.102629, 0.0106406, -0.101838, 0.993074, -0.0585926, -0.0165802, 0.0571963, 0.998225, 0.00293523  
156, 14.2686, 20.1977, 179.841, 0.994688, 0.102383, 0.0106856, -0.101588, 0.993093, -0.0587104, -0.0166227, 0.057313, 0.998218, 0.00293106  
157, 14.2634, 20.2034, 179.829, 0.994659, 0.102653, 0.010812, -0.101832, 0.993003, -0.0597891, -0.0168738, 0.0583687, 0.998152, 0.00295464  
158, 14.2569, 20.1964, 179.865, 0.99467, 0.102607, 0.0101246, -0.101829, 0.993013, -0.0596299, -0.0161723, 0.0582811, 0.998169, 0.00300762  
159, 14.2799, 20.1978, 179.848, 0.994678, 0.102446, 0.0109763, -0.101645, 0.993122, -0.0581192, -0.0168549, 0.0566942, 0.998249, 0.0030312  
160, 14.2995, 20.202, 179.842, 0.994683, 0.102396, 0.0109459, -0.101571, 0.99304, -0.0596288, -0.0169754, 0.0582, 0.998161, 0.00318542  
161, 14.285, 20.1922, 179.837, 0.994633, 0.102935, 0.0104704, -0.102149, 0.993028, -0.0588379, -0.0164538, 0.0574526, 0.998213, 0.00289473  
162, 14.2357, 20.1858, 179.834, 0.994673, 0.102507, 0.0108165, -0.101702, 0.99307, -0.0588971, -0.0167789, 0.0574833, 0.998205, 0.00299237  
163, 14.2362, 20.2017, 179.819, 0.99465, 0.102747, 0.0106919, -0.101946, 0.993039, -0.0590024, -0.0166797, 0.0575967, 0.998201, 0.00285007  
164, 14.2928, 20.1908, 179.824, 0.994614, 0.103097, 0.0107022, -0.102274, 0.992929, -0.0602618, -0.0168394, 0.0588427, 0.998125, 0.0029036  
165, 14.2478, 20.2327, 179.814, 0.994661, 0.10264, 0.0106881, -0.101835, 0.993033, -0.0592898, -0.0166991, 0.0578849, 0.998184, 0.00306781  
166, 14.3007, 20.1969, 179.829, 0.994656, 0.102666, 0.0109571, -0.101842, 0.993024, -0.0594279, -0.0169819, 0.0579944, 0.998172, 0.00312551  
167, 14.2548, 20.2073, 179.839, 0.994667, 0.102588, 0.0106596, -0.101785, 0.993039, -0.0592716, -0.016666, 0.0578705, 0.998185, 0.00280957  
168, 14.288, 20.2024, 179.839, 0.994668, 0.102532, 0.0110694, -0.101706, 0.99305, -0.0592193, -0.0170643, 0.0577778, 0.998184, 0.00296796  
169, 14.2956, 20.1934, 179.852, 0.994717, 0.102073, 0.0109506, -0.101258, 0.993108, -0.0590116, -0.0168987, 0.057591, 0.998197, 0.00279681  
170, 14.2615, 20.1895, 179.844, 0.994605, 0.103189, 0.0106456, -0.102386, 0.992979, -0.0592411, -0.0166839, 0.0578315, 0.998187, 0.00282816  
171, 14.2614, 20.1752, 179.821, 0.99462, 0.102994, 0.0111348, -0.102167, 0.993015, -0.0590143, -0.0171352, 0.0575591, 0.998195, 0.00297489  
172, 14.2886, 20.1783, 179.831, 0.994651, 0.102662, 0.0114086, -0.101823, 0.993062, -0.0588126, -0.0173673, 0.0573364, 0.998204, 0.002824  
173, 14.2767, 20.2093, 179.855, 0.994699, 0.102297, 0.0104018, -0.101507, 0.993056, -0.05946, -0.0164121, 0.058089, 0.998176, 0.00286477  
174, 14.2654, 20.196, 179.83, 0.994595, 0.10325, 0.0110048, -0.102433, 0.992998, -0.0588399, -0.0170029, 0.0573946, 0.998207, 0.00288197  
175, 14.2709, 20.2098, 179.861, 0.99464, 0.102854, 0.0106231, -0.102063, 0.993045, -0.0586864, -0.0165854, 0.0572876, 0.99822, 0.00320179  
176, 14.2693, 20.1852, 179.842, 0.994657, 0.10265, 0.0109644, -0.101834, 0.99305, -0.0590057, -0.0169451, 0.0575739, 0.998197, 0.00315352  
177, 14.282, 20.2203, 179.849, 0.994693, 0.102397, 0.0100125, -0.101633, 0.993059, -0.0592042, -0.0160054, 0.0578724, 0.998196, 0.0029882  
178, 14.2895, 20.2299, 179.849, 0.994654, 0.102745, 0.010335, -0.101964, 0.993033, -0.0590719, -0.0163324, 0.0577023, 0.9982, 0.00304645  
179, 14.2692, 20.2044, 179.852, 0.994695, 0.102249, 0.0112353, -0.101421, 0.993103, -0.0588313, -0.0171733, 0.0573797, 0.998205, 0.00304951  
180, 14.2856, 20.2191, 179.848, 0.994672, 0.102599, 0.0100155, -0.10182, 0.992986, -0.0600986, -0.0161113, 0.0587586, 0.998142, 0.00291082  
181, 14.2711, 20.2092, 179.833, 0.994675, 0.102432, 0.0113557, -0.101592, 0.993071, -0.0590684, -0.0173275, 0.0576003, 0.998189, 0.00291609  
182, 14.2747, 20.1938, 179.851, 0.994633, 0.102934, 0.0104838, -0.102136, 0.992986, -0.05956, -0.016541, 0.0581696, 0.99817, 0.00280763  
183, 14.2714, 20.2088, 179.846, 0.994628, 0.102919, 0.0111283, -0.102094, 0.993027, -0.0589356, -0.0171163, 0.0574828, 0.9982, 0.0029183  
184, 14.2721, 20.208, 179.845, 0.994685, 0.102459, 0.0102203, -0.101684, 0.993058, -0.0591286, -0.0162076, 0.0577751, 0.998198, 0.00288058  
185, 14.2456, 20.2466, 179.832, 0.99467, 0.10255, 0.0107237, -0.101755, 0.993085, -0.0585567, -0.0166545, 0.0571534, 0.998226, 0.0029086  
186, 14.2661, 20.2213, 179.836, 0.994643, 0.102795, 0.0108557, -0.101973, 0.992996, -0.0596738, -0.0169138, 0.0582471, 0.998159, 0.00373408  
187, 14.2864, 20.2171, 179.849, 0.994678, 0.102537, 0.0101366, -0.10177, 0.993063, -0.0589013, -0.0161058, 0.0575562, 0.998212, 0.00279265  
188, 14.3004, 20.1997, 179.844, 0.99474, 0.101817, 0.0111802, -0.10099, 0.993139, -0.0589602, -0.0171067, 0.057521, 0.998198, 0.00290055  
189, 14.2682, 20.1924, 179.808, 0.994594, 0.103248, 0.0110715, -0.102424, 0.992988, -0.0590306, -0.0170886, 0.0575775, 0.998195, 0.00294271  
190, 14.2751, 20.2246, 179.83, 0.994685, 0.102466, 0.0101338, -0.1017, 0.993071, -0.0588831, -0.016097, 0.0575396, 0.998213, 0.00297489  
191, 14.3047, 20.2082, 179.845, 0.994716, 0.102089, 0.0108392, -0.101282, 0.993112, -0.058907, -0.0167783, 0.057498, 0.998205, 0.00299181  
192, 14.324, 20.1657, 179.834, 0.994617, 0.103076, 0.0105639, -0.102287, 0.993023, -0.0586697, -0.0165376, 0.0572733, 0.998222, 0.00285035  
193, 14.416, 20.1027, 179.849, 0.994596, 0.103187, 0.0114369, -0.102339, 0.992986, -0.0592138, -0.0174667, 0.0577234, 0.99818, 0.00294798  
194, 14.4355, 20.041, 179.852, 0.99457, 0.103444, 0.011375, -0.102616, 0.993015, -0.0582401, -0.0173202, 0.0567566, 0.998238, 0.00297683  
195, 14.4817, 20.0487, 179.836, 0.994609, 0.103068, 0.0113904, -0.102239, 0.993051, -0.0582838, -0.0173184, 0.0568051, 0.998235, 0.00301539  
196, 14.4121, 20.0693, 179.798, 0.994603, 0.103136, 0.0113327, -0.102309, 0.993038, -0.0583808, -0.017275, 0.0569063, 0.99823, 0.00302066  
197, 14.4668, 20.0495, 179.833, 0.994597, 0.10318, 0.0114149, -0.102346, 0.99303, -0.0584454, -0.0173658, 0.0569613, 0.998225, 0.00282816  
198, 14.3095, 20.1502, 179.865, 0.994567, 0.103684, 0.00927319, -0.103003, 0.993082, -0.0563786, -0.0150546, 0.0551171, 0.998366, 0.00295215  
199, 14.2578, 20.2064, 179.885, 0.994488, 0.10457, 0.00771542, -0.103983, 0.993019, -0.0556914, -0.0134852, 0.0545822, 0.998418, 0.00298155  
200, 14.21, 20.2132, 179.868, 0.994504, 0.104401, 0.00783326, -0.103816, 0.993068, -0.0551221, -0.0135337, 0.0540059, 0.998449, 0.00304534  
201, 14.2805, 20.2069, 179.886, 0.994544, 0.103997, 0.00821188, -0.103382, 0.993071, -0.0558757, -0.0139659, 0.0547219, 0.998404, 0.00302759  
202, 14.2918, 20.1958, 179.905, 0.994546, 0.104056, 0.00710732, -0.103493, 0.993023, -0.0565224, -0.0129392, 0.0554785, 0.998376, 0.00286782  
203, 14.2594, 20.19, 179.905, 0.994603, 0.103432, 0.00817356, -0.102821, 0.993135, -0.0557727, -0.0138861, 0.0546313, 0.99841, 0.00282094  
204, 14.2296, 20.1946, 179.886, 0.994431, 0.105097, 0.00783757, -0.104495, 0.992929, -0.0563291, -0.0137022, 0.0551965, 0.998381, 0.00294299  
205, 14.2538, 20.205, 179.903, 0.994505, 0.104413, 0.00765966, -0.103833, 0.993049, -0.0554212, -0.0133931, 0.0543213, 0.998434, 0.00284896  
206, 14.2604, 20.1964, 179.905, 0.994545, 0.103993, 0.00806781, -0.103388, 0.99308, -0.0557004, -0.0138044, 0.0545625, 0.998415, 0.00281013  
207, 14.2837, 20.209, 179.908, 0.994573, 0.103751, 0.00780305, -0.103148, 0.993053, -0.0566238, -0.0136236, 0.0555116, 0.998365, 0.00293134  
208, 14.2743, 20.2169, 179.891, 0.994516, 0.104322, 0.00747303, -0.103743, 0.993017, -0.0561727, -0.0132809, 0.0550894, 0.998393, 0.00290638  
209, 14.2039, 20.2129, 179.881, 0.994516, 0.104337, 0.00723277, -0.103772, 0.993019, -0.0560734, -0.0130328, 0.0550153, 0.9984, 0.00284785  
210, 14.2531, 20.2026, 179.928, 0.994518, 0.10432, 0.00720327, -0.103751, 0.992995, -0.0565337, -0.0130504, 0.0554764, 0.998375, 0.0030778  
211, 14.2485, 20.2458, 179.898, 0.994616, 0.103348, 0.00769266, -0.102766, 0.993152, -0.0555653, -0.0133825, 0.0544756, 0.998425, 0.00303508  
212, 14.2664, 20.204, 179.928, 0.994627, 0.103198, 0.00823289, -0.102581, 0.993147, -0.0560086, -0.0139564, 0.0548631, 0.998396, 0.00285811  
213, 14.2442, 20.2053, 179.906, 0.994566, 0.103889, 0.00673386, -0.103339, 0.993005, -0.0571161, -0.0126205, 0.0561099, 0.998345, 0.00287725  
214, 14.2651, 20.2177, 179.926, 0.994564, 0.103891, 0.00701397, -0.103338, 0.993058, -0.056188, -0.0128027, 0.0551577, 0.998396, 0.00290194  
215, 14.2817, 20.2214, 179.939, 0.994648, 0.103082, 0.00698061, -0.10253, 0.993138, -0.0562606, -0.0127322, 0.0552438, 0.998392, 0.00296158  
216, 14.2374, 20.2027, 179.917, 0.99454, 0.104096, 0.0073454, -0.103521, 0.993026, -0.0564097, -0.0131662, 0.0553413, 0.998381, 0.00302343  
217, 14.2781, 20.1997, 179.923, 0.994517, 0.104323, 0.00728561, -0.103766, 0.993064, -0.0552886, -0.013003, 0.0542294, 0.998444, 0.00281623  
218, 14.2518, 20.205, 179.906, 0.994576, 0.103781, 0.00686822, -0.10324, 0.993088, -0.0558449, -0.0126164, 0.054833, 0.998416, 0.00295658  
219, 14.2411, 20.1995, 179.917, 0.994497, 0.104517, 0.00718458, -0.10395, 0.992984, -0.0563656, -0.0130253, 0.0553086, 0.998384, 0.00294549  
220, 14.2344, 20.1862, 179.939, 0.994547, 0.103923, 0.00879103, -0.10327, 0.99306, -0.0562793, -0.0145787, 0.0550646, 0.998376, 0.00300429  
221, 14.2481, 20.1719, 179.916, 0.994529, 0.104096, 0.00876334, -0.103443, 0.993039, -0.0563217, -0.0145652, 0.0551071, 0.998374, 0.00279848  
222, 14.2366, 20.1822, 179.915, 0.994494, 0.104548, 0.00714783, -0.10399, 0.993008, -0.0558768, -0.0129396, 0.0548259, 0.998412, 0.00290222  
223, 14.2312, 20.1909, 179.907, 0.994536, 0.104085, 0.0080384, -0.103478, 0.993055, -0.055985, -0.0138098, 0.0548472, 0.998399, 0.00292607  
224, 14.263, 20.2007, 179.91, 0.994456, 0.104894, 0.00740186, -0.104311, 0.992928, -0.0566785, -0.0132947, 0.0555922, 0.998365, 0.00296047  
225, 14.2557, 20.1929, 179.905, 0.994594, 0.103591, 0.00724047, -0.103023, 0.993081, -0.056363, -0.0130291, 0.0553123, 0.998384, 0.00303009  
226, 14.104, 20.3619, 179.84, 0.994479, 0.104688, 0.00721527, -0.104107, 0.992915, -0.0572853, -0.0131612, 0.0562179, 0.998332, 0.00294382  
227, 14.0273, 20.3592, 179.89, 0.994621, 0.103212, 0.00869917, -0.102537, 0.993023, -0.0582425, -0.0146498, 0.0570373, 0.998265, 0.00278683  
228, 14.0495, 20.3568, 179.89, 0.994657, 0.102929, 0.00791141, -0.102294, 0.993027, -0.0585881, -0.0138867, 0.0574658, 0.998251, 0.00293495  
229, 14.0878, 20.3504, 179.9, 0.994677, 0.102666, 0.00878599, -0.101982, 0.993058, -0.058609, -0.0147422, 0.0574011, 0.998242, 0.00286144  
230, 14.265, 20.1989, 179.858, 0.994697, 0.102312, 0.010449, -0.101525, 0.993078, -0.0590734, -0.0164206, 0.0576994, 0.998199, 0.00300041  
231, 14.2926, 20.183, 179.854, 0.994663, 0.102664, 0.0103077, -0.101879, 0.99302, -0.0594237, -0.0163364, 0.0580564, 0.99818, 0.00306975  
232, 14.2905, 20.1908, 179.839, 0.994701, 0.102243, 0.0107861, -0.101446, 0.993119, -0.0585065, -0.0166938, 0.0571022, 0.998229, 0.00291165  
233, 14.2798, 20.2054, 179.855, 0.994668, 0.102651, 0.00987588, -0.101876, 0.992965, -0.0603547, -0.0160019, 0.0590268, 0.998128, 0.0030018  
234, 14.2732, 20.1926, 179.849, 0.994572, 0.103484, 0.0108795, -0.102657, 0.992915, -0.0598445, -0.0169953, 0.0584028, 0.998148, 0.00297406  
235, 14.2803, 20.1985, 179.845, 0.994665, 0.102573, 0.0109614, -0.101748, 0.993027, -0.0595419, -0.0169923, 0.0581089, 0.998166, 0.00300762  
236, 14.2782, 20.1922, 179.847, 0.994709, 0.102175, 0.0106642, -0.101381, 0.99311, -0.0587723, -0.0165957, 0.0573802, 0.998214, 0.00292829  
237, 14.2541, 20.1841, 179.846, 0.994607, 0.103099, 0.0112817, -0.102252, 0.992968, -0.0596615, -0.0173534, 0.0581861, 0.998155, 0.00282455  
238, 14.2646, 20.2016, 179.839, 0.99457, 0.103553, 0.0103178, -0.102758, 0.9929, -0.0599205, -0.0164495, 0.0585349, 0.99815, 0.0029968  
239, 14.2141, 20.2085, 179.846, 0.994651, 0.102705, 0.0109969, -0.101891, 0.993059, -0.0587602, -0.0169555, 0.0573254, 0.998212, 0.00294022  
240, 14.282, 20.2014, 179.856, 0.994645, 0.10283, 0.0103553, -0.102036, 0.992985, -0.0597514, -0.0164269, 0.0583748, 0.99816, 0.00299181  
241, 14.2889, 20.2064, 179.859, 0.994638, 0.102849, 0.0108573, -0.102039, 0.993033, -0.0589396, -0.0168435, 0.0575157, 0.998203, 0.00295215  
242, 14.2402, 20.2165, 179.825, 0.99468, 0.102461, 0.0106183, -0.101651, 0.993017, -0.059867, -0.0166782, 0.0584691, 0.99815, 0.00280541  
243, 14.2924, 20.1923, 179.865, 0.994709, 0.102179, 0.0106818, -0.10136, 0.993025, -0.0602232, -0.0167609, 0.0588218, 0.998128, 0.00300402  
244, 14.262, 20.2053, 179.87, 0.994699, 0.102302, 0.0103552, -0.101514, 0.993053, -0.0594957, -0.0163698, 0.0581291, 0.998175, 0.00301317  
245, 14.2948, 20.2053, 179.864, 0.994638, 0.102937, 0.00998599, -0.102178, 0.993021, -0.0589005, -0.0159793, 0.0575643, 0.998214, 0.00313549  
246, 14.2292, 20.2309, 179.838, 0.994709, 0.102177, 0.0107051, -0.101394, 0.993158, -0.057931, -0.0165511, 0.0565391, 0.998263, 0.00297905  
247, 14.2395, 20.2284, 179.858, 0.994691, 0.102386, 0.0103762, -0.101591, 0.993028, -0.0597947, -0.016426, 0.0584231, 0.998157, 0.00298904  
248, 14.2538, 20.2051, 179.848, 0.99459, 0.103271, 0.011218, -0.102428, 0.992953, -0.0596134, -0.0172953, 0.0581419, 0.998159, 0.00287975  
249, 14.2592, 20.2099, 179.85, 0.994757, 0.101715, 0.0105796, -0.100923, 0.993148, -0.0589279, -0.016501, 0.0575512, 0.998206, 0.00295714  
250, 14.3007, 20.2234, 179.854, 0.994669, 0.102582, 0.0105226, -0.101807, 0.99311, -0.0580401, -0.0164039, 0.0566594, 0.998259, 0.00282344  
251, 14.2818, 20.2137, 179.863, 0.994699, 0.102321, 0.0102357, -0.101535, 0.993038, -0.0597169, -0.0162747, 0.0583611, 0.998163, 0.00315352  
252, 14.268, 20.2238, 179.831, 0.994642, 0.102813, 0.0107707, -0.101994, 0.992986, -0.059806, -0.016844, 0.0583871, 0.998152, 0.00292579  
253, 14.259, 20.2052, 179.831, 0.994636, 0.102811, 0.0113187, -0.101966, 0.993009, -0.0594728, -0.0173541, 0.0579997, 0.998166, 0.00287448  
254, 14.2558, 20.2033, 179.855, 0.994605, 0.103145, 0.0110816, -0.102311, 0.992966, -0.0595938, -0.0171504, 0.0581385, 0.998161, 0.00287171  
255, 14.2924, 20.219, 179.839, 0.994706, 0.102168, 0.0110698, -0.101343, 0.993089, -0.0591949, -0.0170411, 0.0577596, 0.998185, 0.00266506  
256, 14.2941, 20.2199, 179.869, 0.994682, 0.102468, 0.0103792, -0.101682, 0.993051, -0.0592541, -0.0163788, 0.0578836, 0.998189, 0.00302066  
257, 14.2624, 20.2142, 179.85, 0.994591, 0.103323, 0.0106364, -0.102514, 0.992939, -0.0596889, -0.0167286, 0.0582757, 0.99816, 0.00292857  
258, 14.2368, 20.2282, 179.845, 0.994694, 0.102267, 0.011192, -0.101451, 0.993133, -0.0582571, -0.017073, 0.0568126, 0.998239, 0.00285451  
259, 14.2555, 20.2097, 179.829, 0.994617, 0.102972, 0.0115811, -0.102118, 0.993014, -0.0591195, -0.0175879, 0.0576186, 0.998184, 0.00288613  
260, 14.2981, 20.1865, 179.856, 0.994629, 0.102908, 0.0110953, -0.102072, 0.992985, -0.0596834, -0.0171594, 0.0582303, 0.998156, 0.00305061  
261, 14.2577, 20.2166, 179.84, 0.994667, 0.102481, 0.0116534, -0.101639, 0.993114, -0.058262, -0.0175439, 0.0567668, 0.998233, 0.00304701  
262, 14.2569, 20.2038, 179.831, 0.994631, 0.102806, 0.0118595, -0.101942, 0.993053, -0.0587601, -0.017818, 0.0572356, 0.998202, 0.00273468  
263, 14.2514, 20.2236, 179.807, 0.994583, 0.103394, 0.0106887, -0.102576, 0.992915, -0.0599815, -0.0168147, 0.0585602, 0.998142, 0.00284813  
264, 14.2553, 20.22, 179.846, 0.994677, 0.102463, 0.0109253, -0.101637, 0.993029, -0.0596925, -0.0169654, 0.0582644, 0.998157, 0.00290444  
265, 14.2816, 20.2084, 179.846, 0.994665, 0.102607, 0.0106143, -0.101801, 0.99302, -0.0595582, -0.0166512, 0.0581599, 0.998168, 0.00310304  
266, 14.2567, 20.196, 179.858, 0.994596, 0.103191, 0.0114223, -0.102352, 0.993012, -0.0587462, -0.0174046, 0.0572596, 0.998208, 0.00308335  
267, 14.2799, 20.2249, 179.85, 0.994648, 0.102756, 0.0107979, -0.101945, 0.993025, -0.0592314, -0.0168089, 0.0578136, 0.998186, 0.00296823  
268, 14.2867, 20.2164, 179.85, 0.994665, 0.102512, 0.0114828, -0.101655, 0.993029, -0.0596699, -0.0175196, 0.0581843, 0.998152, 0.00291803  
269, 14.272, 20.1952, 179.846, 0.994606, 0.10314, 0.0110152, -0.102326, 0.99302, -0.0586566, -0.0169882, 0.0572131, 0.998217, 0.00297323  
270, 14.3023, 20.191, 179.844, 0.994664, 0.102606, 0.0107706, -0.101791, 0.993017, -0.0596261, -0.0168134, 0.0582116, 0.998163, 0.00374933  
271, 14.2237, 20.0945, 179.885, 0.994886, 0.100164, 0.0129723, -0.0992607, 0.993386, -0.057723, -0.0186683, 0.0561401, 0.998248, 0.00279432  
272, 14.2291, 20.3335, 179.866, 0.994608, 0.103277, 0.00941428, -0.102547, 0.992967, -0.0591622, -0.0154582, 0.0578778, 0.998204, 0.00285173  
273, 14.1637, 20.3493, 179.799, 0.994393, 0.105252, 0.0102152, -0.104469, 0.992756, -0.0593405, -0.0163869, 0.0579406, 0.998186, 0.00292801  
274, 14.2741, 20.2191, 179.788, 0.994349, 0.105278, 0.0136907, -0.10433, 0.992878, -0.0575168, -0.0196484, 0.0557634, 0.998251, 0.00296685  
275, 14.2632, 20.2421, 179.827, 0.994542, 0.103824, 0.0102907, -0.103022, 0.992847, -0.0603485, -0.0164827, 0.0589589, 0.998124, 0.00284563  
276, 14.2829, 20.273, 179.805, 0.994349, 0.105658, 0.0103252, -0.104871, 0.992722, -0.0592071, -0.0165057, 0.0577897, 0.998192, 0.002857  
277, 14.2923, 20.2041, 179.797, 0.994561, 0.103589, 0.0108956, -0.102784, 0.992982, -0.0585038, -0.0168794, 0.0570657, 0.998228, 0.00276935  
278, 14.204, 20.2856, 179.84, 0.994673, 0.102693, 0.00888052, -0.101996, 0.993028, -0.0591018, -0.014888, 0.0578812, 0.998212, 0.00289112  
279, 14.1528, 20.2513, 179.875, 0.994707, 0.102287, 0.00974387, -0.101569, 0.993181, -0.0572232, -0.0155306, 0.0559306, 0.998314, 0.00295353  
280, 14.0862, 20.3264, 179.86, 0.994628, 0.102997, 0.0102894, -0.102255, 0.993137, -0.056774, -0.0160663, 0.0554169, 0.998334, 0.0028914  
281, 14.0983, 20.3763, 179.891, 0.994535, 0.104021, 0.00890997, -0.103343, 0.992982, -0.0575038, -0.014829, 0.0562688, 0.998306, 0.0028337  
282, 14.0858, 20.4686, 179.904, 0.994424, 0.105208, 0.00727518, -0.104625, 0.992866, -0.0571854, -0.0132396, 0.0561053, 0.998337, 0.00289445  
283, 14.0934, 20.4725, 179.905, 0.994606, 0.10348, 0.00715297, -0.102912, 0.993072, -0.0567147, -0.0129722, 0.0556726, 0.998365, 0.00298848  
