0, -80.1546, -94.0948, 179.147, 0.988417, 0.145169, -0.04424, -0.144156, 0.989231, 0.0253091, 0.0474377, -0.0186385, 0.9987, 0.042216  
1, -80.1205, -94.1071, 179.13, 0.98848, 0.144694, -0.0443962, -0.143638, 0.989285, 0.0261205, 0.0477, -0.0194426, 0.998672, 0.00272109  
2, -80.1313, -94.1102, 179.104, 0.988398, 0.145448, -0.0437607, -0.144451, 0.989192, 0.0251461, 0.0469452, -0.0185331, 0.998726, 0.00265147  
3, -80.1077, -94.0758, 179.123, 0.988501, 0.144897, -0.0432427, -0.143849, 0.989246, 0.0264418, 0.0466091, -0.0199173, 0.998715, 0.00298987  
4, -80.1136, -94.0815, 179.142, 0.988559, 0.144047, -0.0447404, -0.143011, 0.989391, 0.0255646, 0.0479483, -0.0188737, 0.998671, 0.00285589  
5, -80.0794, -94.1102, 179.141, 0.988575, 0.144253, -0.0437126, -0.143184, 0.989337, 0.0266737, 0.0470943, -0.02011, 0.998688, 0.00259488  
6, -80.1157, -94.0812, 179.134, 0.988569, 0.144487, -0.0430705, -0.143417, 0.989295, 0.0269766, 0.0465071, -0.0204912, 0.998708, 0.00366806  
7, -80.1652, -94.0806, 179.118, 0.988481, 0.144738, -0.044239, -0.143714, 0.98929, 0.0255276, 0.04746, -0.0188758, 0.998695, 0.00281262  
8, -80.113, -94.1073, 179.14, 0.988559, 0.144456, -0.0433909, -0.143375, 0.989298, 0.0270903, 0.0468398, -0.0205592, 0.998691, 0.00284785  
9, -80.1291, -94.1061, 179.122, 0.988424, 0.145142, -0.0441828, -0.144106, 0.989226, 0.0258065, 0.0474523, -0.0191408, 0.99869, 0.00280181  
10, -80.1299, -94.0821, 179.077, 0.988431, 0.145023, -0.0444117, -0.143992, 0.989247, 0.0256143, 0.0476488, -0.018923, 0.998685, 0.00286671  
11, -80.111, -94.0707, 179.125, 0.988485, 0.144714, -0.0442225, -0.14366, 0.989281, 0.0261525, 0.0475331, -0.0194984, 0.998679, 0.00311746  
12, -80.192, -94.1113, 179.124, 0.98834, 0.145695, -0.04423, -0.144672, 0.98915, 0.0255448, 0.0474719, -0.0188481, 0.998695, 0.00295464  
13, -80.1762, -94.088, 179.105, 0.988382, 0.145619, -0.0435345, -0.144599, 0.989155, 0.02575, 0.046812, -0.0191558, 0.99872, 0.00284008  
14, -80.1368, -94.0636, 179.154, 0.98864, 0.14375, -0.0439014, -0.142685, 0.989413, 0.0265108, 0.0472475, -0.0199456, 0.998684, 0.00287836  
15, -80.1194, -94.1, 179.13, 0.988564, 0.144451, -0.0433047, -0.143346, 0.989287, 0.0276429, 0.0468339, -0.0211193, 0.998679, 0.00287698  
16, -80.1282, -94.1083, 179.095, 0.988468, 0.144863, -0.0440984, -0.143809, 0.989258, 0.0262317, 0.0474247, -0.0195875, 0.998683, 0.0030925  
17, -80.1267, -94.0635, 179.102, 0.988541, 0.144491, -0.0436949, -0.143431, 0.989305, 0.0265217, 0.0470597, -0.0199506, 0.998693, 0.0028068  
18, -80.1235, -94.1164, 179.12, 0.988548, 0.144314, -0.0441265, -0.143249, 0.989333, 0.0264486, 0.0474728, -0.0198246, 0.998676, 0.00287503  
19, -80.1361, -94.1291, 179.113, 0.988612, 0.144076, -0.0434575, -0.143025, 0.989367, 0.0264027, 0.0467994, -0.0198865, 0.998706, 0.00288502  
20, -80.1363, -94.112, 179.141, 0.988667, 0.143765, -0.0432419, -0.142722, 0.989413, 0.0263168, 0.0465676, -0.019847, 0.998718, 0.00281179  
21, -80.1055, -94.0952, 179.159, 0.988461, 0.144769, -0.0445819, -0.143738, 0.989286, 0.0255365, 0.0478011, -0.0188337, 0.998679, 0.00296241  
22, -80.1126, -94.0889, 179.112, 0.988491, 0.144672, -0.0442307, -0.143584, 0.989273, 0.0268821, 0.0476454, -0.0202219, 0.99866, 0.00285062  
23, -80.1361, -94.0966, 179.126, 0.988466, 0.144745, -0.0445473, -0.143687, 0.989279, 0.0261095, 0.0478489, -0.0194075, 0.998666, 0.00281651  
24, -80.1469, -94.0963, 179.124, 0.988539, 0.144386, -0.0440878, -0.143309, 0.989318, 0.0266923, 0.0474708, -0.0200682, 0.998671, 0.00282843  
25, -80.1428, -94.1169, 179.143, 0.988464, 0.144919, -0.044007, -0.143893, 0.98926, 0.0256721, 0.0472548, -0.0190437, 0.998701, 0.00281734  
26, -80.119, -94.1391, 179.131, 0.988588, 0.144351, -0.0430963, -0.143276, 0.989312, 0.0270887, 0.0465459, -0.0206049, 0.998704, 0.00307641  
27, -80.1531, -94.1124, 179.122, 0.988481, 0.144944, -0.0435411, -0.143929, 0.989257, 0.0256129, 0.0467857, -0.019051, 0.998723, 0.00286616  
28, -79.9793, -94.1923, 179.156, 0.988745, 0.143293, -0.0430133, -0.142327, 0.98951, 0.0247432, 0.0461076, -0.0183428, 0.998768, 0.00282927  
29, -80.1066, -94.111, 179.133, 0.988549, 0.144031, -0.0450063, -0.14298, 0.98939, 0.0257812, 0.0482421, -0.019051, 0.998654, 0.00283398  
30, -80.1495, -94.126, 179.125, 0.988512, 0.144883, -0.0430423, -0.143845, 0.98925, 0.0263289, 0.0463942, -0.019835, 0.998726, 0.00287559  
31, -80.1342, -94.0662, 179.124, 0.988645, 0.143692, -0.0439668, -0.142648, 0.989431, 0.0260427, 0.0472442, -0.0194752, 0.998693, 0.00307391  
32, -80.1058, -94.1043, 179.127, 0.988549, 0.144234, -0.0443618, -0.143221, 0.989369, 0.0252441, 0.0475313, -0.0186015, 0.998697, 0.00292829  
33, -80.1306, -94.1468, 179.155, 0.988692, 0.143689, -0.0429035, -0.142638, 0.989417, 0.0266315, 0.046276, -0.0202107, 0.998724, 0.00287503  
34, -80.1702, -94.0793, 179.102, 0.988425, 0.144972, -0.0447084, -0.143915, 0.989248, 0.0260347, 0.048002, -0.0192992, 0.998661, 0.00285645  
35, -80.1299, -94.0999, 179.136, 0.988561, 0.144167, -0.0443076, -0.143099, 0.989356, 0.0264168, 0.0476444, -0.0197742, 0.998669, 0.00288502  
36, -80.103, -94.0999, 179.1, 0.988492, 0.144646, -0.0442798, -0.143605, 0.989297, 0.0258546, 0.0475456, -0.0191983, 0.998685, 0.00295852  
37, -80.1434, -94.0915, 179.135, 0.988603, 0.144109, -0.0435572, -0.143035, 0.989354, 0.0268414, 0.0469615, -0.0203053, 0.99869, 0.00296712  
38, -80.1309, -94.0821, 179.133, 0.988598, 0.144155, -0.0435228, -0.143145, 0.989373, 0.0255237, 0.0467396, -0.0190026, 0.998726, 0.00289556  
39, -79.9749, -94.1918, 179.136, 0.988655, 0.143815, -0.0433363, -0.142858, 0.989442, 0.0244245, 0.0463913, -0.0179564, 0.998762, 0.00282732  
40, -80.1183, -94.0975, 179.118, 0.988482, 0.144715, -0.0442886, -0.14368, 0.98929, 0.0257239, 0.0475369, -0.0190642, 0.998688, 0.00286144  
41, -80.1523, -94.0958, 179.113, 0.988472, 0.144902, -0.043898, -0.143872, 0.98926, 0.0258009, 0.0471651, -0.0191877, 0.998703, 0.00329304  
42, -80.1322, -94.0884, 179.125, 0.98854, 0.14452, -0.0436089, -0.143483, 0.98931, 0.0260519, 0.0469077, -0.0194962, 0.998709, 0.00329277  
43, -80.1442, -94.1368, 179.128, 0.988634, 0.144069, -0.042976, -0.143069, 0.989384, 0.0255232, 0.0461968, -0.0190846, 0.99875, 0.00478756  
44, -80.1246, -94.0919, 179.123, 0.9886, 0.143964, -0.0441038, -0.142918, 0.989392, 0.0260184, 0.0473817, -0.0194185, 0.998688, 0.00292912  
45, -80.1226, -94.0723, 179.155, 0.988521, 0.144463, -0.0442348, -0.143353, 0.989295, 0.0273162, 0.0477074, -0.0206614, 0.998648, 0.00287392  
46, -80.1246, -94.0985, 179.139, 0.988483, 0.144491, -0.0449776, -0.143417, 0.989314, 0.0262706, 0.0482928, -0.0195175, 0.998643, 0.00350829  
47, -80.1148, -94.126, 179.137, 0.988617, 0.143948, -0.0437597, -0.142882, 0.989382, 0.026615, 0.0471262, -0.0200596, 0.998688, 0.0028473  
48, -80.1357, -94.0675, 179.131, 0.988521, 0.144538, -0.0439984, -0.143508, 0.989314, 0.0257467, 0.0472496, -0.019137, 0.9987, 0.00283676  
49, -80.1196, -94.0942, 179.137, 0.988509, 0.144804, -0.0433879, -0.143715, 0.989244, 0.0272599, 0.0468685, -0.0207112, 0.998686, 0.00283232  
50, -80.1364, -94.1034, 179.111, 0.988478, 0.145031, -0.0433191, -0.143978, 0.989225, 0.0265203, 0.0466986, -0.0199777, 0.998709, 0.00284674  
51, -80.1168, -94.088, 179.135, 0.988503, 0.144715, -0.0438053, -0.143651, 0.989272, 0.0265412, 0.0471763, -0.0199434, 0.998687, 0.00303148  
52, -79.9838, -94.1715, 179.15, 0.988675, 0.143642, -0.0434637, -0.142687, 0.989468, 0.0243501, 0.0465037, -0.0178726, 0.998758, 0.00280097  
53, -80.1214, -94.1273, 179.125, 0.988477, 0.14496, -0.0435934, -0.143906, 0.989239, 0.0264198, 0.0469541, -0.0198419, 0.9987, 0.0028301  
54, -80.1417, -94.1098, 179.128, 0.988535, 0.144133, -0.0449872, -0.143126, 0.989392, 0.0248696, 0.0480945, -0.0181457, 0.998678, 0.0029183  
55, -80.1472, -94.1004, 179.127, 0.988694, 0.143303, -0.0441515, -0.142239, 0.989481, 0.0263719, 0.0474663, -0.0197937, 0.998677, 0.00293911  
56, -80.1505, -94.0965, 179.12, 0.988494, 0.144691, -0.0440838, -0.143684, 0.989302, 0.0252453, 0.047265, -0.0186207, 0.998709, 0.00298377  
57, -80.1352, -94.1157, 179.104, 0.988465, 0.144672, -0.0448022, -0.14364, 0.989302, 0.0254783, 0.0480089, -0.018749, 0.998671, 0.00286061  
58, -80.1383, -94.0807, 179.149, 0.988553, 0.144336, -0.0439265, -0.143233, 0.989312, 0.0273305, 0.0474018, -0.020726, 0.998661, 0.00284619  
59, -80.1285, -94.1152, 179.126, 0.988526, 0.144497, -0.0440061, -0.143459, 0.989317, 0.0259012, 0.0472786, -0.0192909, 0.998695, 0.00284702  
60, -80.1173, -94.1188, 179.129, 0.988436, 0.145199, -0.0437218, -0.144153, 0.989208, 0.0262135, 0.0470562, -0.0196078, 0.9987, 0.00283759  
61, -80.1232, -94.0915, 179.112, 0.988479, 0.144864, -0.0438529, -0.143826, 0.989262, 0.025979, 0.0471455, -0.0193725, 0.9987, 0.00294466  
62, -80.1192, -94.0729, 179.137, 0.988523, 0.144411, -0.0443683, -0.143345, 0.989322, 0.0263321, 0.0476972, -0.0196699, 0.998668, 0.00279293  
63, -80.1375, -94.0996, 179.109, 0.988419, 0.145167, -0.0442103, -0.144141, 0.989226, 0.0255881, 0.0474486, -0.0189192, 0.998694, 0.00288419  
64, -80.1401, -94.1101, 179.128, 0.988451, 0.145176, -0.0434537, -0.144105, 0.989198, 0.0268441, 0.0468814, -0.0202722, 0.998695, 0.00289362  
65, -80.1348, -94.08, 179.111, 0.988495, 0.14479, -0.0437525, -0.143769, 0.989278, 0.0256708, 0.0470003, -0.0190852, 0.998713, 0.00289889  
66, -80.1267, -94.0892, 179.115, 0.98856, 0.143989, -0.0449122, -0.142914, 0.989385, 0.026315, 0.0482246, -0.0195954, 0.998644, 0.00294133  
67, -80.1184, -94.0985, 179.115, 0.988449, 0.14499, -0.0441177, -0.1439, 0.989224, 0.0269801, 0.0475541, -0.0203199, 0.998662, 0.00283259  
68, -80.1188, -94.1107, 179.144, 0.988613, 0.143925, -0.0439245, -0.142842, 0.98938, 0.0268882, 0.0473279, -0.0203078, 0.998673, 0.00282483  
69, -80.1322, -94.0966, 179.144, 0.988659, 0.143793, -0.0433335, -0.142715, 0.989394, 0.0270363, 0.0467616, -0.0205453, 0.998695, 0.002862  
70, -80.1074, -94.0922, 179.14, 0.988647, 0.143941, -0.0431076, -0.142895, 0.989385, 0.0264408, 0.0464559, -0.0199807, 0.99872, 0.00286644  
71, -80.1046, -94.1022, 179.145, 0.988584, 0.144207, -0.0436669, -0.143107, 0.989329, 0.0273622, 0.0471467, -0.0208008, 0.998671, 0.0029613  
72, -80.1486, -94.0956, 179.129, 0.988495, 0.144718, -0.0439773, -0.143627, 0.989262, 0.0270479, 0.0474194, -0.0204204, 0.998666, 0.00285617  
73, -80.079, -94.118, 179.133, 0.988556, 0.144285, -0.0440241, -0.143207, 0.989331, 0.0267501, 0.047414, -0.0201394, 0.998672, 0.0028767  
74, -80.0231, -94.227, 179.113, 0.988628, 0.144243, -0.042523, -0.143275, 0.989367, 0.0250046, 0.0456776, -0.0186278, 0.998783, 0.00285839  
75, -80.127, -94.1065, 179.131, 0.98862, 0.143926, -0.0437682, -0.142847, 0.98938, 0.026866, 0.0471701, -0.0203081, 0.99868, 0.00294022  
76, -80.1194, -94.0942, 179.129, 0.988649, 0.143659, -0.0440015, -0.142582, 0.989422, 0.0267388, 0.0473773, -0.0201615, 0.998674, 0.00294493  
77, -80.1165, -94.1065, 179.119, 0.988568, 0.144306, -0.0436894, -0.143214, 0.989319, 0.0271776, 0.0471446, -0.02061, 0.998675, 0.00289667  
78, -80.1657, -94.0845, 179.112, 0.988613, 0.143799, -0.0443419, -0.142756, 0.98942, 0.0258727, 0.0475933, -0.019248, 0.998681, 0.00283149  
79, -80.1398, -94.1096, 179.125, 0.988525, 0.144519, -0.0439591, -0.14345, 0.9893, 0.0265884, 0.0473313, -0.0199774, 0.998679, 0.00283981  
80, -80.1306, -94.0988, 179.121, 0.988591, 0.143996, -0.0441858, -0.142938, 0.989383, 0.0262541, 0.0474972, -0.0196388, 0.998678, 0.00274134  
81, -80.1246, -94.1123, 179.102, 0.988411, 0.145296, -0.0439584, -0.144238, 0.989192, 0.0263742, 0.0473153, -0.0197281, 0.998685, 0.00296823  
82, -80.1384, -94.0982, 179.134, 0.988566, 0.144438, -0.0432966, -0.14339, 0.989314, 0.0264057, 0.0466479, -0.0198955, 0.998713, 0.00291969  
83, -80.1155, -94.1289, 179.148, 0.988409, 0.145142, -0.0445137, -0.144093, 0.989224, 0.0259382, 0.0477988, -0.0192234, 0.998672, 0.00292108  
84, -79.9922, -94.1971, 179.156, 0.988833, 0.142966, -0.0420682, -0.141993, 0.989545, 0.0252883, 0.0452437, -0.0190325, 0.998795, 0.00283509  
85, -80.1363, -94.1005, 179.125, 0.988546, 0.144334, -0.0440923, -0.143305, 0.989345, 0.0256809, 0.0473291, -0.0190681, 0.998697, 0.0028509  
86, -80.1407, -94.0981, 179.144, 0.988589, 0.144052, -0.0440664, -0.143021, 0.989385, 0.0257393, 0.0473064, -0.0191432, 0.998697, 0.00295575  
87, -80.1064, -94.0934, 179.14, 0.988523, 0.144491, -0.0440962, -0.143419, 0.989305, 0.0265947, 0.0474673, -0.0199653, 0.998673, 0.00291858  
88, -80.1295, -94.1087, 179.127, 0.988621, 0.143857, -0.0439648, -0.142831, 0.989414, 0.0256605, 0.0471909, -0.0190889, 0.998703, 0.00281845  
89, -80.139, -94.0537, 179.137, 0.988475, 0.144778, -0.044229, -0.143736, 0.989277, 0.025897, 0.047504, -0.0192413, 0.998686, 0.00284591  
90, -80.0921, -94.1041, 179.168, 0.988523, 0.144429, -0.0442929, -0.14339, 0.98933, 0.0258126, 0.0475483, -0.0191652, 0.998685, 0.00284175  
91, -80.0272, -94.2051, 179.132, 0.988542, 0.144517, -0.0435859, -0.143556, 0.98934, 0.0244443, 0.0466539, -0.0179072, 0.998751, 0.00299431  
92, -80.1362, -94.0923, 179.117, 0.988505, 0.144638, -0.0440276, -0.143611, 0.989301, 0.0256731, 0.0472698, -0.0190552, 0.9987, 0.00293523  
93, -80.107, -94.0646, 179.162, 0.98853, 0.1445, -0.0439107, -0.143428, 0.989302, 0.0266556, 0.0472927, -0.0200519, 0.99868, 0.00284619  
94, -79.9875, -94.199, 179.139, 0.988693, 0.143352, -0.0440106, -0.142405, 0.989518, 0.0239756, 0.0469862, -0.0174372, 0.998743, 0.00290166  
95, -80.1684, -94.0974, 179.122, 0.988376, 0.145413, -0.0443604, -0.144423, 0.989205, 0.0247898, 0.0474863, -0.018095, 0.998708, 0.00285173  
96, -80.1154, -94.0823, 179.153, 0.988572, 0.144108, -0.0442558, -0.143084, 0.989382, 0.0255104, 0.0474622, -0.0188866, 0.998694, 0.00300263  
97, -80.0929, -94.1023, 179.146, 0.988611, 0.143872, -0.0441404, -0.142841, 0.989412, 0.0256894, 0.047369, -0.0190918, 0.998695, 0.00290943  
98, -80.1259, -94.1108, 179.138, 0.988594, 0.144125, -0.0437054, -0.143105, 0.989375, 0.0256425, 0.0469367, -0.0190955, 0.998715, 0.002862  
99, -80.1544, -94.0849, 179.137, 0.988581, 0.144307, -0.0433907, -0.143273, 0.98934, 0.0260817, 0.0466919, -0.0195672, 0.998718, 0.00290277  
100, -80.1299, -94.1165, 179.137, 0.988565, 0.14446, -0.0432547, -0.143416, 0.989312, 0.0263466, 0.0465984, -0.0198419, 0.998717, 0.00287531  
101, -80.1353, -94.1076, 179.121, 0.988507, 0.144958, -0.0429064, -0.1439, 0.989229, 0.0268023, 0.0463295, -0.0203201, 0.99872, 0.00291054  
102, -80.1519, -94.0882, 179.12, 0.988313, 0.145657, -0.0449548, -0.14466, 0.989173, 0.0247064, 0.0480667, -0.0179145, 0.998683, 0.00294299  
103, -80.1221, -94.0744, 179.141, 0.988556, 0.144388, -0.0437034, -0.143317, 0.989316, 0.0267248, 0.0470952, -0.0201555, 0.998687, 0.00292385  
104, -80.0897, -94.1167, 179.158, 0.988562, 0.144222, -0.0441059, -0.143138, 0.989339, 0.0268267, 0.0475047, -0.0202066, 0.998667, 0.00287975  
105, -80.0278, -94.196, 179.128, 0.988615, 0.144226, -0.0428808, -0.143294, 0.989387, 0.0240802, 0.0458987, -0.0176615, 0.99879, 0.0028975  
106, -80.1204, -94.0863, 179.159, 0.988522, 0.144387, -0.0444545, -0.143364, 0.989344, 0.02542, 0.047651, -0.018755, 0.998688, 0.0029588  
107, -80.1069, -94.1113, 179.15, 0.988464, 0.1446, -0.0450635, -0.143538, 0.989304, 0.0259792, 0.048338, -0.0192112, 0.998646, 0.00281068  
108, -80.139, -94.1068, 179.101, 0.988304, 0.145926, -0.0442798, -0.144961, 0.989139, 0.0242908, 0.0473435, -0.0175879, 0.998724, 0.003095  
109, -80.1105, -94.1032, 179.153, 0.988495, 0.144611, -0.0443408, -0.143593, 0.989312, 0.0253682, 0.0475354, -0.0187093, 0.998694, 0.002938  
110, -80.1199, -94.0773, 179.156, 0.988426, 0.14504, -0.0444662, -0.143994, 0.989239, 0.0259054, 0.047745, -0.0192027, 0.998675, 0.00294077  
111, -80.0752, -94.1107, 179.154, 0.988439, 0.144734, -0.0451626, -0.14368, 0.989288, 0.025804, 0.0484135, -0.0190167, 0.998646, 0.00297128  
112, -80.0975, -94.0996, 179.154, 0.988428, 0.145043, -0.044422, -0.144006, 0.989242, 0.0257314, 0.0476762, -0.0190366, 0.998681, 0.00286921  
113, -80.1029, -94.07, 179.131, 0.988575, 0.144155, -0.0440289, -0.14309, 0.989356, 0.0264623, 0.0473749, -0.0198599, 0.99868, 0.00284147  
114, -80.0939, -94.1043, 179.153, 0.988539, 0.144275, -0.0444415, -0.143278, 0.98937, 0.0248667, 0.0475567, -0.0182142, 0.998702, 0.0027749  
115, -80.1457, -94.1166, 179.126, 0.988531, 0.144613, -0.0435062, -0.143565, 0.98929, 0.0263348, 0.0468487, -0.0197868, 0.998706, 0.00302842  
116, -80.1161, -94.0633, 179.117, 0.988415, 0.145314, -0.0438134, -0.14424, 0.989181, 0.0267586, 0.0472278, -0.0201289, 0.998681, 0.00315907  
117, -79.9774, -94.1962, 179.153, 0.988569, 0.144223, -0.04395, -0.14329, 0.989397, 0.0236924, 0.046901, -0.017124, 0.998753, 0.00289251  
118, -80.1386, -94.1019, 179.105, 0.98846, 0.145233, -0.0430627, -0.144224, 0.989211, 0.0257021, 0.0463309, -0.0191948, 0.998742, 0.00281873  
119, -80.1165, -94.1067, 179.153, 0.988505, 0.144764, -0.0436092, -0.143746, 0.989282, 0.0256383, 0.0468533, -0.019075, 0.99872, 0.00281928  
120, -80.1428, -94.0763, 179.148, 0.988474, 0.14476, -0.0443133, -0.143688, 0.989268, 0.0265188, 0.0476765, -0.0198459, 0.998666, 0.00299209  
121, -80.113, -94.112, 179.15, 0.988505, 0.144618, -0.0440898, -0.143541, 0.989284, 0.0267155, 0.0474809, -0.0200797, 0.99867, 0.00294965  
122, -80.0875, -94.1228, 179.163, 0.988525, 0.144559, -0.0438194, -0.143502, 0.989298, 0.0264022, 0.0471672, -0.0198111, 0.998691, 0.0028656  
123, -80.1205, -94.1014, 179.138, 0.988432, 0.145115, -0.0440798, -0.14407, 0.989225, 0.0260372, 0.0473832, -0.0193855, 0.998689, 0.00283509  
124, -80.125, -94.0997, 179.145, 0.98849, 0.144708, -0.0441221, -0.14368, 0.989291, 0.0256585, 0.0473626, -0.0190237, 0.998697, 0.00288807  
125, -80.124, -94.1112, 179.153, 0.988511, 0.144787, -0.0433839, -0.143727, 0.989259, 0.0266424, 0.0467754, -0.0201009, 0.998703, 0.00290028  
126, -80.0099, -94.1952, 179.151, 0.988626, 0.143974, -0.0434827, -0.143068, 0.989439, 0.0232789, 0.046375, -0.0167931, 0.998783, 0.00300929  
127, -79.97, -94.1686, 179.156, 0.988626, 0.143711, -0.0443269, -0.142754, 0.989466, 0.0240672, 0.0473187, -0.0174657, 0.998727, 0.00285173  
128, -80.1164, -94.1203, 179.152, 0.988626, 0.144105, -0.0430482, -0.143068, 0.989364, 0.0262901, 0.0463789, -0.0198322, 0.998727, 0.00283787  
129, -80.1033, -94.093, 179.14, 0.988531, 0.144519, -0.0438332, -0.143441, 0.989295, 0.0268233, 0.0472404, -0.0202282, 0.998679, 0.00284563  
130, -80.1067, -94.0713, 179.13, 0.988467, 0.144886, -0.0440458, -0.143832, 0.989254, 0.0262338, 0.0473734, -0.019596, 0.998685, 0.00288058  
131, -80.1141, -94.1036, 179.151, 0.9885, 0.144707, -0.0439061, -0.14367, 0.989286, 0.0259361, 0.0471889, -0.0193299, 0.998699, 0.00294965  
132, -80.1171, -94.097, 179.132, 0.988507, 0.144658, -0.0439022, -0.143644, 0.989302, 0.0254532, 0.0471145, -0.0188543, 0.998712, 0.00287919  
133, -80.119, -94.1075, 179.141, 0.988469, 0.144601, -0.0449405, -0.143582, 0.989319, 0.025151, 0.0480974, -0.0184084, 0.998673, 0.00293273  
134, -80.1221, -94.0778, 179.145, 0.988447, 0.144942, -0.0443146, -0.143887, 0.989248, 0.0261593, 0.0476297, -0.0194808, 0.998675, 0.00283676  
135, -80.1358, -94.1004, 179.134, 0.988529, 0.144608, -0.043587, -0.143556, 0.98929, 0.0263842, 0.0469355, -0.0198243, 0.998701, 0.00288336  
136, -80.1453, -94.0896, 179.107, 0.988312, 0.146018, -0.0438001, -0.144961, 0.989085, 0.0264158, 0.0471792, -0.0197577, 0.998691, 0.00289445  
137, -80.1162, -94.062, 179.157, 0.988457, 0.144724, -0.0448, -0.143668, 0.989285, 0.0259754, 0.0480792, -0.0192392, 0.998658, 0.00290527  
138, -80.1005, -94.0795, 179.137, 0.9885, 0.144785, -0.0436433, -0.143736, 0.989266, 0.0263069, 0.0469837, -0.0197312, 0.998701, 0.00284702  
139, -80.1028, -94.0939, 179.134, 0.988486, 0.14477, -0.0440111, -0.14372, 0.989272, 0.0261797, 0.047329, -0.019553, 0.998688, 0.0028215  
140, -80.1074, -94.0752, 179.141, 0.988445, 0.144943, -0.0443634, -0.143929, 0.989265, 0.0252641, 0.047549, -0.018587, 0.998696, 0.00288613  
141, -80.132, -94.0841, 179.149, 0.988579, 0.143945, -0.0446164, -0.142879, 0.989392, 0.0262512, 0.0479218, -0.0195766, 0.998659, 0.00290388  
142, -80.1182, -94.1328, 179.16, 0.988567, 0.144361, -0.0435298, -0.143289, 0.989317, 0.0268453, 0.0469402, -0.0203011, 0.998691, 0.00290416  
143, -80.1551, -94.1028, 179.129, 0.988428, 0.14507, -0.0443188, -0.144053, 0.989245, 0.0253551, 0.0475204, -0.0186774, 0.998696, 0.00289223  
144, -80.1121, -94.0842, 179.135, 0.988473, 0.144961, -0.0436716, -0.143905, 0.989238, 0.0264278, 0.0470326, -0.0198386, 0.998696, 0.00280985  
145, -80.1135, -94.1136, 179.127, 0.988578, 0.144327, -0.0433883, -0.143315, 0.989346, 0.0256063, 0.0466217, -0.0190957, 0.99873, 0.00291498  
146, -80.1158, -94.1236, 179.122, 0.988515, 0.144725, -0.0434998, -0.143725, 0.989294, 0.0253139, 0.0466976, -0.0187711, 0.998733, 0.00293273  
147, -80.1311, -94.0843, 179.113, 0.988413, 0.145443, -0.0434347, -0.1444, 0.989171, 0.0262677, 0.0467848, -0.0196913, 0.998711, 0.00294632  
148, -80.1204, -94.0949, 179.153, 0.988577, 0.144288, -0.04356, -0.143216, 0.989328, 0.0268178, 0.0469647, -0.020273, 0.998691, 0.00286033  
149, -80.088, -94.1087, 179.124, 0.988377, 0.145453, -0.0442063, -0.144369, 0.989161, 0.0268049, 0.0476259, -0.0201113, 0.998663, 0.00287503  
150, -80.1133, -94.1018, 179.112, 0.988529, 0.144619, -0.0435449, -0.143584, 0.989295, 0.02604, 0.0468446, -0.019489, 0.998712, 0.00269002  
151, -80.1183, -94.0779, 179.126, 0.988474, 0.144685, -0.0445665, -0.143652, 0.989298, 0.0255787, 0.0477904, -0.0188818, 0.998679, 0.0027835  
152, -79.9697, -94.2053, 179.162, 0.988665, 0.143845, -0.0430152, -0.142891, 0.989435, 0.0245076, 0.0460861, -0.0180833, 0.998774, 0.00295742  
153, -80.1558, -94.1262, 179.123, 0.988467, 0.144876, -0.0440987, -0.143827, 0.989259, 0.0261014, 0.0474065, -0.0194578, 0.998686, 0.00287781  
154, -80.1271, -94.0872, 179.134, 0.988489, 0.144709, -0.044152, -0.143649, 0.989278, 0.0263258, 0.0474882, -0.0196804, 0.998678, 0.00285589  
155, -80.1184, -94.1042, 179.144, 0.988473, 0.144799, -0.044203, -0.143749, 0.98927, 0.026101, 0.0475081, -0.019446, 0.998682, 0.00302315  
156, -80.1318, -94.1086, 179.126, 0.988415, 0.145237, -0.0440731, -0.144176, 0.9892, 0.0263946, 0.0474306, -0.0197345, 0.99868, 0.00301983  
157, -80.1583, -94.0991, 179.119, 0.988403, 0.145291, -0.0441698, -0.14423, 0.989194, 0.0263429, 0.0475199, -0.0196668, 0.998677, 0.00292136  
158, -80.1166, -94.1038, 179.14, 0.988598, 0.144201, -0.0433605, -0.143191, 0.989365, 0.0255706, 0.0465866, -0.0190702, 0.998732, 0.00288114  
159, -80.1137, -94.1273, 179.138, 0.988534, 0.144589, -0.0435263, -0.143533, 0.989291, 0.0264761, 0.0468883, -0.0199251, 0.998701, 0.00292635  
160, -80.1099, -94.075, 179.118, 0.988558, 0.143982, -0.0449633, -0.142939, 0.9894, 0.0256104, 0.0481742, -0.0188903, 0.99866, 0.0030079  
161, -80.1312, -94.0879, 179.145, 0.98857, 0.144312, -0.0436235, -0.143264, 0.989336, 0.0262805, 0.0469508, -0.0197305, 0.998702, 0.00307281  
162, -80.1525, -94.1065, 179.132, 0.988465, 0.144937, -0.0439287, -0.143926, 0.989263, 0.0253854, 0.0471364, -0.0187702, 0.998712, 0.00302094  
163, -80.096, -94.1168, 179.127, 0.988432, 0.14497, -0.0445657, -0.143898, 0.98924, 0.0263962, 0.0479128, -0.0196779, 0.998658, 0.00289528  
164, -80.1299, -94.1067, 179.144, 0.988528, 0.144465, -0.0440832, -0.14342, 0.98932, 0.0260251, 0.0473721, -0.0194041, 0.998689, 0.00285118  
165, -80.1628, -94.106, 179.121, 0.988549, 0.144454, -0.0436331, -0.143447, 0.989332, 0.0254046, 0.0468374, -0.0188547, 0.998725, 0.0030348  
166, -80.1244, -94.1073, 179.133, 0.988402, 0.145154, -0.0446319, -0.144145, 0.989239, 0.0250521, 0.047788, -0.0183281, 0.998689, 0.00299098  
167, -80.1149, -94.0933, 179.136, 0.988497, 0.144767, -0.0437687, -0.143724, 0.989273, 0.0261034, 0.0470781, -0.0195125, 0.998701, 0.00288114  
168, -80.132, -94.1003, 179.13, 0.988608, 0.143996, -0.0438066, -0.142935, 0.989378, 0.0264592, 0.0471513, -0.0198963, 0.99869, 0.00283481  
169, -80.1444, -94.1056, 179.108, 0.988478, 0.14504, -0.0432992, -0.14405, 0.98925, 0.025179, 0.0464857, -0.0186517, 0.998745, 0.00291331  
170, -80.1597, -94.1049, 179.109, 0.988419, 0.145317, -0.0437099, -0.144253, 0.989183, 0.0265968, 0.0471021, -0.0199835, 0.99869, 0.00302482  
171, -80.1368, -94.0948, 179.137, 0.988596, 0.144165, -0.0435197, -0.143112, 0.989354, 0.0264285, 0.0468664, -0.0198989, 0.998703, 0.0030115  
172, -80.1405, -94.0861, 179.142, 0.988562, 0.14435, -0.0436896, -0.143294, 0.989327, 0.0264247, 0.0470377, -0.019862, 0.998696, 0.00289584  
173, -80.146, -94.1138, 179.116, 0.988508, 0.144795, -0.0434413, -0.143772, 0.989274, 0.0258191, 0.0467138, -0.0192767, 0.998722, 0.00289279  
174, -80.1609, -94.133, 179.123, 0.988516, 0.144539, -0.0440861, -0.143556, 0.989333, 0.0247289, 0.0471902, -0.018116, 0.998722, 0.00291636  
175, -80.1329, -94.0714, 179.127, 0.988553, 0.144338, -0.0439328, -0.143249, 0.989318, 0.027023, 0.0473639, -0.0204204, 0.998669, 0.00303952  
176, -80.1345, -94.098, 179.111, 0.988522, 0.144684, -0.0434772, -0.143648, 0.989285, 0.0260957, 0.0467869, -0.0195507, 0.998714, 0.00296907  
177, -80.1409, -94.1039, 179.126, 0.988434, 0.145202, -0.0437604, -0.14412, 0.989193, 0.0269474, 0.0472003, -0.020329, 0.998679, 0.00286255  
178, -80.1392, -94.0955, 179.143, 0.988556, 0.144354, -0.0438089, -0.1433, 0.989329, 0.0263281, 0.047142, -0.019749, 0.998693, 0.00288336  
179, -80.1583, -94.1094, 179.128, 0.988556, 0.144468, -0.0434398, -0.143397, 0.989301, 0.0268572, 0.046855, -0.0203207, 0.998695, 0.00288141  
180, -80.1135, -94.1115, 179.117, 0.988471, 0.14509, -0.0432915, -0.144043, 0.989219, 0.0264175, 0.0466576, -0.0198771, 0.998713, 0.00294133  
181, -80.1366, -94.0988, 179.13, 0.988499, 0.144782, -0.0436781, -0.143784, 0.989288, 0.0252073, 0.0468598, -0.0186372, 0.998728, 0.00311386  
182, -80.1009, -94.0863, 179.119, 0.988457, 0.145078, -0.0436364, -0.144055, 0.989234, 0.0257674, 0.0469049, -0.019184, 0.998715, 0.00298904  
183, -80.0045, -94.191, 179.12, 0.98857, 0.144211, -0.0439666, -0.143288, 0.989403, 0.0234702, 0.0468853, -0.016902, 0.998757, 0.00302149  
184, -80.1393, -94.116, 179.137, 0.988459, 0.145018, -0.0438075, -0.143958, 0.989229, 0.0264793, 0.0471756, -0.0198673, 0.998689, 0.00293911  
185, -80.1567, -94.1093, 179.136, 0.988534, 0.144534, -0.0436996, -0.143482, 0.989302, 0.0263403, 0.0470392, -0.0197682, 0.998697, 0.00289029  
186, -80.1177, -94.1098, 179.153, 0.988484, 0.144753, -0.0441231, -0.143675, 0.989265, 0.0267034, 0.0475148, -0.0200564, 0.998669, 0.00304451  
187, -80.1067, -94.1032, 179.14, 0.988486, 0.144629, -0.0444631, -0.143555, 0.989288, 0.026474, 0.0478157, -0.0197862, 0.99866, 0.00292801  
188, -80.1166, -94.0967, 179.135, 0.988446, 0.144939, -0.0443591, -0.143899, 0.989255, 0.0258186, 0.0476246, -0.0191371, 0.998682, 0.00284619  
189, -80.1407, -94.0861, 179.139, 0.988422, 0.144877, -0.0450817, -0.143835, 0.989271, 0.0255712, 0.0483027, -0.0187908, 0.998656, 0.00280708  
190, -80.1349, -94.1183, 179.107, 0.988382, 0.145454, -0.0440846, -0.144448, 0.989191, 0.0252207, 0.0472766, -0.0185598, 0.998709, 0.00288419  
191, -80.1261, -94.1141, 179.131, 0.98842, 0.14514, -0.0442733, -0.144126, 0.989235, 0.0253169, 0.0474712, -0.0186428, 0.998699, 0.0029699  
192, -80.1358, -94.0799, 179.142, 0.9885, 0.144625, -0.0441759, -0.143576, 0.989296, 0.0260818, 0.0474751, -0.0194392, 0.998683, 0.00289445  
193, -80.1193, -94.1083, 179.136, 0.988502, 0.144811, -0.0435174, -0.143798, 0.989276, 0.0255871, 0.046756, -0.0190352, 0.998725, 0.00282705  
194, -80.1524, -94.0967, 179.12, 0.988476, 0.145083, -0.0431961, -0.144065, 0.989231, 0.0258333, 0.0464789, -0.0193126, 0.998733, 0.00281873  
195, -80.1322, -94.0786, 179.139, 0.988524, 0.144659, -0.0435317, -0.143586, 0.989273, 0.0268505, 0.0469489, -0.0202918, 0.998691, 0.00282732  
196, -80.1051, -94.0837, 179.166, 0.988508, 0.144494, -0.0444324, -0.143412, 0.989304, 0.0266722, 0.0478111, -0.0199935, 0.998656, 0.00301261  
197, -80.1048, -94.1067, 179.131, 0.988432, 0.144971, -0.0445535, -0.143906, 0.989243, 0.0262608, 0.0478813, -0.0195455, 0.998662, 0.00390439  
198, -80.1227, -94.1173, 179.148, 0.988468, 0.144856, -0.0441428, -0.143802, 0.98926, 0.0262027, 0.0474643, -0.0195527, 0.998682, 0.00287919  
199, -80.1431, -94.0729, 179.136, 0.988592, 0.144198, -0.0435129, -0.143132, 0.989343, 0.0267218, 0.0469024, -0.0201889, 0.998695, 0.00278988  
200, -80.119, -94.1247, 179.153, 0.988529, 0.14448, -0.0440017, -0.143448, 0.989322, 0.0257973, 0.047259, -0.0191894, 0.998698, 0.00295575  
201, -80.1411, -94.0993, 179.118, 0.988465, 0.144965, -0.0438509, -0.14395, 0.989257, 0.0254912, 0.0470751, -0.0188848, 0.998713, 0.00305921  
202, -80.1246, -94.1276, 179.17, 0.988549, 0.144565, -0.0432569, -0.143519, 0.989295, 0.0263971, 0.0466099, -0.0198867, 0.998715, 0.00464499  
203, -79.9833, -94.2117, 179.152, 0.988632, 0.144086, -0.0429581, -0.143195, 0.989423, 0.0231696, 0.0458422, -0.0167549, 0.998808, 0.00286616  
204, -79.9706, -94.2066, 179.142, 0.988576, 0.144372, -0.0432926, -0.143398, 0.989353, 0.0248304, 0.0464165, -0.0183386, 0.998754, 0.00275326  
205, -80.1122, -94.0862, 179.141, 0.988475, 0.144649, -0.0446458, -0.143662, 0.989321, 0.0245887, 0.0477258, -0.0178914, 0.9987, 0.00281457  
206, -79.9978, -94.1818, 179.141, 0.988682, 0.143429, -0.0439925, -0.142528, 0.989524, 0.0229956, 0.0468298, -0.0164652, 0.998767, 0.00300596  
207, -80.1106, -94.1025, 179.135, 0.988465, 0.144791, -0.0444121, -0.14374, 0.989273, 0.0260303, 0.0477046, -0.0193462, 0.998674, 0.0029208  
208, -80.1076, -94.1331, 179.146, 0.988603, 0.144052, -0.0437335, -0.143001, 0.989373, 0.0263064, 0.0470583, -0.0197527, 0.998697, 0.00288141  
209, -80.1555, -94.1006, 179.129, 0.988473, 0.144966, -0.0436682, -0.143927, 0.989244, 0.0260869, 0.0469802, -0.0195011, 0.998705, 0.00280319  
210, -80.1481, -94.1065, 179.128, 0.988388, 0.14563, -0.0433762, -0.144534, 0.98912, 0.0274295, 0.0468988, -0.0208417, 0.998682, 0.00282039  
211, -80.1217, -94.133, 179.125, 0.988604, 0.144436, -0.0424325, -0.143409, 0.989313, 0.0263422, 0.0457838, -0.0199568, 0.998752, 0.00369608  
212, -80.1636, -94.0904, 179.083, 0.988386, 0.145816, -0.042778, -0.14481, 0.989124, 0.0257627, 0.0460693, -0.0192689, 0.998752, 0.00443085  
213, -80.1398, -94.0838, 179.106, 0.988559, 0.144544, -0.0431064, -0.143515, 0.989304, 0.0260982, 0.0464177, -0.0196132, 0.99873, 0.00346724  
214, -80.221, -94.1066, 179.075, 0.988258, 0.146234, -0.0442838, -0.145243, 0.989084, 0.0248381, 0.0474326, -0.0181145, 0.99871, 0.00269612  
215, -80.1444, -94.0918, 179.108, 0.988436, 0.145341, -0.0432553, -0.144273, 0.989172, 0.0268955, 0.0466959, -0.0203439, 0.998702, 0.00271526  
216, -80.1158, -94.0488, 179.113, 0.988502, 0.14488, -0.0432911, -0.143851, 0.989257, 0.026044, 0.0465993, -0.0195171, 0.998723, 0.00306393  
217, -80.1244, -94.097, 179.095, 0.988495, 0.145064, -0.0428221, -0.144044, 0.989229, 0.0260382, 0.046138, -0.0195704, 0.998743, 0.00310581  
218, -80.1567, -94.094, 179.094, 0.988393, 0.145523, -0.0436154, -0.144496, 0.989167, 0.0258727, 0.046908, -0.0192701, 0.998713, 0.00306393  
219, -80.1457, -94.0876, 179.124, 0.9886, 0.1444, -0.0426575, -0.14336, 0.989315, 0.0265215, 0.0460314, -0.0201037, 0.998738, 0.00297156  
220, -80.1334, -94.1222, 179.143, 0.988559, 0.144672, -0.0426749, -0.143628, 0.989274, 0.0266141, 0.0460675, -0.0201803, 0.998734, 0.00314742  
221, -80.1484, -94.1072, 179.101, 0.988374, 0.145671, -0.0435586, -0.144697, 0.989166, 0.0247593, 0.0466934, -0.0181687, 0.998744, 0.00267809  
222, -80.129, -94.0886, 179.116, 0.988602, 0.144378, -0.0426731, -0.143343, 0.98932, 0.0264167, 0.0460314, -0.0199988, 0.99874, 0.00281318  
223, -80.1404, -94.1005, 179.115, 0.988509, 0.145023, -0.042647, -0.144019, 0.989239, 0.0257737, 0.0459259, -0.0193356, 0.998758, 0.00309028  
224, -80.1321, -94.1016, 179.109, 0.988477, 0.14511, -0.0430797, -0.144093, 0.989226, 0.0258606, 0.0463682, -0.0193551, 0.998737, 0.00300124  
225, -80.1412, -94.103, 179.118, 0.988491, 0.144909, -0.0434298, -0.143891, 0.989259, 0.0257424, 0.0466937, -0.019197, 0.998725, 0.00301539  
226, -80.1185, -94.0842, 179.132, 0.988465, 0.144959, -0.0438512, -0.143925, 0.98925, 0.0258987, 0.0471341, -0.0192886, 0.998702, 0.00301955  
227, -80.1332, -94.1111, 179.092, 0.98841, 0.145562, -0.0430967, -0.14455, 0.989162, 0.0257531, 0.0463783, -0.019225, 0.998739, 0.00313161  
228, -80.1582, -94.1031, 179.083, 0.988364, 0.145962, -0.0427975, -0.144948, 0.9891, 0.0259132, 0.0461133, -0.0194083, 0.998748, 0.0028595  
229, -80.1555, -94.0814, 179.098, 0.988556, 0.14475, -0.042476, -0.143722, 0.989267, 0.0263587, 0.0458355, -0.0199523, 0.99875, 0.00284092  
230, -80.1271, -94.1029, 179.099, 0.988545, 0.144664, -0.0430182, -0.143598, 0.98927, 0.0269272, 0.046452, -0.0204415, 0.998711, 0.00276408  
231, -80.144, -94.0997, 179.085, 0.988389, 0.145847, -0.0426165, -0.14483, 0.989114, 0.0260463, 0.0459513, -0.0195717, 0.998752, 0.002819  
232, -80.1495, -94.1015, 179.12, 0.988485, 0.145006, -0.0432615, -0.143978, 0.989239, 0.02601, 0.0465676, -0.0194818, 0.998725, 0.00277962  
233, -80.1227, -94.0853, 179.108, 0.988461, 0.145073, -0.0435834, -0.144042, 0.989231, 0.0259477, 0.0468784, -0.0193704, 0.998713, 0.00279071  
234, -80.1268, -94.1006, 179.115, 0.988499, 0.144868, -0.0433912, -0.14386, 0.989269, 0.0255207, 0.0466227, -0.0189849, 0.998732, 0.00280569  
235, -80.1612, -94.0756, 179.081, 0.988365, 0.145751, -0.0434805, -0.144743, 0.989141, 0.0255021, 0.0467253, -0.0189119, 0.998729, 0.00280319  
236, -80.1417, -94.0685, 179.121, 0.988547, 0.144663, -0.0429771, -0.143645, 0.98929, 0.0259212, 0.0462666, -0.0194509, 0.99874, 0.00291914  
237, -80.1436, -94.0958, 179.087, 0.988471, 0.14507, -0.043348, -0.144051, 0.989234, 0.0257852, 0.046622, -0.0192435, 0.998727, 0.00291248  
238, -80.1681, -94.0974, 179.093, 0.988462, 0.145213, -0.0430818, -0.144235, 0.989227, 0.0250054, 0.0462488, -0.018503, 0.998759, 0.00289445  
239, -80.1641, -94.0848, 179.096, 0.988396, 0.145775, -0.0427027, -0.144754, 0.989123, 0.0261133, 0.0460449, -0.0196288, 0.998747, 0.00288779  
240, -80.1462, -94.0783, 179.098, 0.988409, 0.145514, -0.0432889, -0.1445, 0.989171, 0.0257178, 0.0465624, -0.0191644, 0.998732, 0.00290832  
241, -80.1231, -94.1185, 179.125, 0.988544, 0.14473, -0.0428248, -0.143728, 0.989285, 0.0256424, 0.0460772, -0.0191936, 0.998753, 0.00289473  
242, -80.1456, -94.0683, 179.091, 0.988395, 0.145607, -0.0432885, -0.14459, 0.989156, 0.0257819, 0.0465731, -0.0192236, 0.99873, 0.00296407  
243, -80.1286, -94.1048, 179.148, 0.988606, 0.144347, -0.0426807, -0.143284, 0.989313, 0.0270143, 0.046124, -0.020591, 0.998723, 0.00288585  
244, -80.1242, -94.1002, 179.115, 0.988509, 0.144883, -0.0431154, -0.143881, 0.989266, 0.0255279, 0.0463511, -0.0190311, 0.998744, 0.00294271  
245, -80.1063, -94.0808, 179.104, 0.988382, 0.145527, -0.0438472, -0.144506, 0.989172, 0.0256289, 0.0471021, -0.018995, 0.998709, 0.00286227  
246, -80.1432, -94.106, 179.137, 0.988633, 0.144251, -0.042395, -0.14324, 0.989346, 0.0260048, 0.0456946, -0.0196365, 0.998762, 0.00288946  
247, -80.1169, -94.0783, 179.117, 0.988585, 0.144448, -0.0428239, -0.143431, 0.98932, 0.0259567, 0.0461159, -0.0195181, 0.998745, 0.00295686  
248, -80.1106, -94.0979, 179.105, 0.988548, 0.144568, -0.0432691, -0.143578, 0.989318, 0.0251969, 0.0464496, -0.0186959, 0.998746, 0.00287947  
249, -80.1269, -94.0877, 179.109, 0.988501, 0.144792, -0.0435959, -0.143772, 0.989277, 0.025695, 0.0468488, -0.0191317, 0.998719, 0.00281457  
250, -80.1343, -94.0741, 179.12, 0.988688, 0.143574, -0.0433816, -0.142541, 0.989446, 0.0260388, 0.0466622, -0.0195606, 0.998719, 0.00289223  
251, -80.1237, -94.128, 179.125, 0.988682, 0.143684, -0.0431556, -0.142685, 0.989442, 0.0254071, 0.0463505, -0.0189619, 0.998745, 0.00289695  
252, -80.1154, -94.0802, 179.114, 0.988553, 0.144364, -0.043843, -0.143321, 0.989333, 0.0260796, 0.0471403, -0.0194975, 0.998698, 0.00301705  
253, -80.153, -94.1024, 179.127, 0.988426, 0.145089, -0.0442971, -0.144073, 0.989242, 0.0253514, 0.0474987, -0.018676, 0.998697, 0.00288114  
254, -80.124, -94.1074, 179.127, 0.988527, 0.14459, -0.0436774, -0.143511, 0.989282, 0.0269282, 0.0471028, -0.0203511, 0.998683, 0.00284813  
255, -80.0911, -94.1048, 179.129, 0.988527, 0.144453, -0.0441324, -0.143404, 0.98932, 0.026095, 0.0474306, -0.0194668, 0.998685, 0.00290277  
256, -80.2595, -94.0756, 179.058, 0.988173, 0.147006, -0.0436332, -0.146021, 0.988966, 0.0249736, 0.046823, -0.0183069, 0.998735, 0.00286921  
257, -80.1147, -94.0942, 179.157, 0.988463, 0.144938, -0.0439731, -0.143851, 0.989232, 0.0269705, 0.0474087, -0.0203338, 0.998669, 0.00299847  
258, -80.1462, -94.1133, 179.113, 0.988361, 0.145616, -0.0440289, -0.144575, 0.989152, 0.0259921, 0.0473362, -0.0193241, 0.998692, 0.00291664  
259, -80.1067, -94.0908, 179.121, 0.988481, 0.144779, -0.0440949, -0.143712, 0.989265, 0.0265052, 0.0474589, -0.0198629, 0.998676, 0.00282233  
260, -80.1069, -94.0701, 179.149, 0.988539, 0.144385, -0.0440817, -0.143346, 0.989334, 0.0258857, 0.047349, -0.01927, 0.998693, 0.00304257  
261, -80.1187, -94.1128, 179.14, 0.988553, 0.144482, -0.043445, -0.143427, 0.989306, 0.0265075, 0.0468102, -0.0199729, 0.998704, 0.00293772  
262, -80.1169, -94.0878, 179.119, 0.988575, 0.144218, -0.0438305, -0.143207, 0.989367, 0.0254087, 0.0470288, -0.0188415, 0.998716, 0.00300346  
263, -80.1411, -94.0924, 179.139, 0.988584, 0.14433, -0.0432594, -0.143277, 0.989327, 0.0265333, 0.0466273, -0.0200323, 0.998711, 0.00283565  
264, -80.145, -94.0787, 179.109, 0.988408, 0.145199, -0.0443523, -0.144188, 0.989229, 0.0252175, 0.0475361, -0.0185301, 0.998698, 0.00286477  
265, -80.1036, -94.1178, 179.127, 0.988502, 0.144464, -0.0446446, -0.143438, 0.989333, 0.0253928, 0.0478367, -0.0186971, 0.99868, 0.00295769  
266, -80.1383, -94.0867, 179.112, 0.988433, 0.145183, -0.0438486, -0.144141, 0.989214, 0.0260735, 0.0471611, -0.0194516, 0.998698, 0.00293023  
267, -80.117, -94.1117, 179.134, 0.988585, 0.14426, -0.0434615, -0.143234, 0.989351, 0.0258778, 0.0467318, -0.0193573, 0.99872, 0.00301539  
268, -79.9739, -94.2148, 179.158, 0.988721, 0.143438, -0.0430788, -0.142523, 0.98951, 0.02362, 0.0460149, -0.0172139, 0.998792, 0.00284341  
269, -80.1195, -94.109, 179.128, 0.988538, 0.144716, -0.0430203, -0.143648, 0.989261, 0.0269693, 0.0464612, -0.0204804, 0.99871, 0.00292385  
270, -80.1724, -94.1006, 179.132, 0.988549, 0.144507, -0.0434566, -0.143455, 0.989304, 0.026433, 0.0468115, -0.0198963, 0.998706, 0.00295464  
271, -80.1469, -94.072, 179.132, 0.988451, 0.145238, -0.0432521, -0.144162, 0.989184, 0.0270454, 0.0467124, -0.0204977, 0.998698, 0.00292219  
272, -80.1179, -94.0978, 179.134, 0.988491, 0.144901, -0.043475, -0.14387, 0.989255, 0.026004, 0.0467759, -0.0194499, 0.998716, 0.00298848  
273, -80.1245, -94.087, 179.147, 0.988611, 0.143886, -0.0441112, -0.142817, 0.989394, 0.0265079, 0.0474574, -0.0199061, 0.998675, 0.00303619  
274, -80.1254, -94.0889, 179.133, 0.988454, 0.144855, -0.0444475, -0.1438, 0.989262, 0.0261046, 0.0477516, -0.0194117, 0.998671, 0.00287171  
275, -80.1185, -94.1263, 179.15, 0.988532, 0.144487, -0.0439148, -0.143419, 0.989305, 0.0265928, 0.0472874, -0.0199897, 0.998681, 0.00292302  
276, -80.1325, -94.0941, 179.11, 0.988418, 0.145148, -0.044286, -0.144133, 0.989234, 0.0253174, 0.047484, -0.018641, 0.998698, 0.0028595  
277, -80.1342, -94.1083, 179.144, 0.988546, 0.144491, -0.0435709, -0.143445, 0.98931, 0.0262639, 0.0469, -0.0197131, 0.998705, 0.00299736  
278, -80.1195, -94.1016, 179.127, 0.988554, 0.14432, -0.0439518, -0.143316, 0.989355, 0.0252283, 0.0471249, -0.0186405, 0.998715, 0.00299015  
279, -80.1341, -94.1182, 179.132, 0.988505, 0.14501, -0.0427881, -0.143988, 0.989236, 0.0260855, 0.0461102, -0.0196247, 0.998744, 0.00284036  
280, -80.1215, -94.0778, 179.132, 0.988535, 0.144361, -0.044256, -0.143319, 0.989337, 0.0259096, 0.0475244, -0.0192698, 0.998684, 0.00290333  
