0, -88.9646, -87.8545, 179.409, 0.999999, -0.000928401, 0.00106286, 0.000931478, 0.999995, -0.00289879, -0.00106016, 0.00289978, 0.999995, 0.0456006  
1, -88.9225, -87.8405, 179.405, 0.999999, -0.00100619, 0.00117753, 0.00100974, 0.999995, -0.00302381, -0.00117448, 0.003025, 0.999995, 0.00381313  
2, -88.9305, -87.8472, 179.439, 0.999999, -0.00122388, 0.000538611, 0.00122496, 0.999997, -0.00201783, -0.00053614, 0.00201849, 0.999998, 0.00265785  
3, -88.9321, -87.8424, 179.444, 0.999999, -0.000734761, 0.000927593, 0.000737398, 0.999996, -0.0028463, -0.000925497, 0.00284698, 0.999996, 0.0027871  
4, -88.9047, -87.832, 179.396, 1, -0.000755729, 0.000510215, 0.000757206, 0.999996, -0.00290106, -0.00050802, 0.00290144, 0.999996, 0.00305339  
5, -88.9575, -87.8426, 179.373, 0.999997, -0.00149277, 0.0020432, 0.00149906, 0.999994, -0.00308148, -0.00203858, 0.00308453, 0.999993, 0.00273967  
6, -88.9097, -87.8444, 179.456, 0.999999, -0.00156411, 0.00070725, 0.00156586, 0.999996, -0.0024928, -0.000703348, 0.0024939, 0.999997, 0.00286754  
7, -88.9328, -87.8304, 179.411, 0.999998, -0.00141819, 0.00140302, 0.00142289, 0.999993, -0.00335924, -0.00139825, 0.00336123, 0.999993, 0.00287892  
8, -88.9285, -87.8635, 179.393, 0.999996, -0.00137643, 0.00261685, 0.00138258, 0.999996, -0.00234898, -0.00261361, 0.00235259, 0.999994, 0.00286172  
9, -88.9467, -87.8335, 179.401, 0.999999, -0.000793606, 0.00105426, 0.00079819, 0.99999, -0.00435456, -0.00105079, 0.0043554, 0.99999, 0.00305367  
10, -88.9257, -87.85, 179.444, 0.999999, -0.000963213, 0.000434772, 0.000964433, 0.999996, -0.0028125, -0.000432061, 0.00281292, 0.999996, 0.00469353  
11, -88.9147, -87.8577, 179.433, 0.999999, -0.0011235, 0.00130714, 0.0011268, 0.999996, -0.00252319, -0.0013043, 0.00252466, 0.999996, 0.00274772  
12, -88.9312, -87.8223, 179.417, 0.999999, -0.000919558, 0.000835426, 0.000921298, 0.999997, -0.00208493, -0.000833506, 0.00208569, 0.999997, 0.00297489  
13, -88.9357, -87.858, 179.423, 0.999998, -0.00165151, 0.00128311, 0.00165486, 0.999995, -0.00261467, -0.00127879, 0.00261679, 0.999996, 0.00317017  
14, -88.924, -87.8346, 179.391, 0.999998, -0.00101108, 0.00195581, 0.00101698, 0.999995, -0.00301823, -0.00195275, 0.00302021, 0.999994, 0.00513983  
15, -88.8992, -87.8806, 179.394, 0.999998, -0.00111715, 0.00187722, 0.00112105, 0.999997, -0.00207902, -0.00187489, 0.00208112, 0.999996, 0.00312079  
16, -88.7761, -88.0323, 179.645, 0.999982, 0.00212226, -0.00568103, -0.002107, 0.999994, 0.00269023, 0.00568671, -0.00267821, 0.99998, 0.00290499  
17, -88.8828, -87.8615, 179.433, 0.999999, -0.000855779, 0.00077891, 0.000857314, 0.999998, -0.00197231, -0.000777221, 0.00197298, 0.999998, 0.00288391  
18, -88.9541, -87.8548, 179.386, 0.999999, -0.000854345, 0.00122718, 0.000857692, 0.999996, -0.00272964, -0.00122484, 0.00273069, 0.999996, 0.00289223  
19, -88.9388, -87.8419, 179.415, 1, -0.000646195, 0.000617933, 0.000647768, 0.999997, -0.00254985, -0.000616283, 0.00255025, 0.999997, 0.00351328  
20, -88.9253, -87.8742, 179.435, 0.999999, -0.000996695, 0.00116783, 0.00100061, 0.999994, -0.00336022, -0.00116447, 0.00336139, 0.999994, 0.00282871  
21, -88.8838, -87.882, 179.39, 0.999998, -0.000968369, 0.00198212, 0.000971779, 0.999998, -0.00171967, -0.00198046, 0.00172159, 0.999997, 0.00288336  
22, -88.957, -87.8211, 179.38, 0.999997, -0.00129238, 0.00192496, 0.00129844, 0.999994, -0.0031531, -0.00192088, 0.00315559, 0.999993, 0.00287476  
23, -88.916, -87.8432, 179.427, 1, -0.000567017, 0.000278394, 0.000567705, 0.999997, -0.00247577, -0.00027699, 0.00247592, 0.999997, 0.00282538  
24, -88.8928, -87.853, 179.433, 1, -0.000462659, 0.000803232, 0.000464696, 0.999997, -0.00253836, -0.000802055, 0.00253873, 0.999996, 0.0033868  
25, -88.7967, -88.0417, 179.659, 0.999987, 0.00188212, -0.00481576, -0.00186941, 0.999995, 0.00264174, 0.0048207, -0.0026327, 0.999985, 0.00285312  
26, -88.8969, -87.873, 179.398, 0.999998, -0.00130875, 0.00127137, 0.00131257, 0.999995, -0.0030147, -0.00126742, 0.00301637, 0.999995, 0.00286227  
27, -88.9197, -87.8556, 179.409, 0.999999, -0.000951285, 0.00135335, 0.00095525, 0.999995, -0.00293273, -0.00135055, 0.00293402, 0.999995, 0.00292496  
28, -88.9459, -87.8696, 179.419, 1, -0.000359313, 0.000825125, 0.000361726, 0.999996, -0.00292691, -0.00082407, 0.00292721, 0.999995, 0.0028853  
29, -88.9309, -87.8483, 179.402, 1, -0.000665427, 0.000273156, 0.000666138, 0.999996, -0.00261237, -0.000271416, 0.00261255, 0.999997, 0.00306643  
30, -88.9517, -87.8617, 179.463, 0.999999, -0.00110206, 6.65287e-005, 0.00110219, 0.999998, -0.00192435, -6.44078e-005, 0.00192442, 0.999998, 0.00286255  
31, -88.961, -87.8454, 179.407, 0.999997, -0.000783282, 0.00220126, 0.000790713, 0.999994, -0.00337718, -0.0021986, 0.00337891, 0.999992, 0.00288114  
32, -88.9239, -87.8636, 179.436, 0.999999, -0.000975736, 0.000758003, 0.000976965, 0.999998, -0.00162258, -0.000756418, 0.00162332, 0.999998, 0.00290305  
33, -88.9326, -87.8522, 179.393, 0.999998, -0.00113488, 0.00146234, 0.00113927, 0.999995, -0.0030029, -0.00145892, 0.00300456, 0.999994, 0.00292552  
34, -88.8821, -87.8742, 179.391, 0.999999, -0.000828895, 0.00119211, 0.000830264, 0.999999, -0.0011484, -0.00119116, 0.00114939, 0.999999, 0.00308085  
35, -88.9115, -87.8574, 179.386, 1, -0.00050475, 0.000666184, 0.000506725, 0.999995, -0.00296825, -0.000664683, 0.00296858, 0.999995, 0.00289861  
36, -88.8172, -88.0128, 179.639, 0.999981, 0.00216969, -0.00575646, -0.00215657, 0.999995, 0.00228497, 0.00576139, -0.00227251, 0.999981, 0.00292718  
37, -88.9548, -87.817, 179.407, 0.999998, -0.000895205, 0.0015314, 0.000898903, 0.999997, -0.00241577, -0.00152923, 0.00241714, 0.999996, 0.00290444  
38, -88.8713, -87.8953, 179.422, 0.999999, -0.000836885, 0.000826718, 0.000838152, 0.999998, -0.00153326, -0.000825433, 0.00153395, 0.999998, 0.00289112  
39, -88.9093, -87.8473, 179.389, 0.999998, -0.00116761, 0.00128528, 0.00117079, 0.999996, -0.00247528, -0.00128239, 0.00247678, 0.999996, 0.00303536  
40, -88.9352, -87.8485, 179.402, 0.999998, -0.00147298, 0.00108117, 0.00147503, 0.999997, -0.00190184, -0.00107836, 0.00190343, 0.999998, 0.00297239  
41, -88.9044, -87.8401, 179.413, 0.999998, -0.00157739, 0.00119411, 0.00157998, 0.999996, -0.00216474, -0.00119069, 0.00216662, 0.999997, 0.00288918  
42, -88.9154, -87.8376, 179.373, 0.999998, -0.00119726, 0.00161526, 0.00120237, 0.999994, -0.00316613, -0.00161146, 0.00316807, 0.999994, 0.00284341  
43, -88.9047, -87.8841, 179.437, 0.999998, -0.00162434, 0.0011793, 0.00162741, 0.999995, -0.00260896, -0.00117506, 0.00261087, 0.999996, 0.00282427  
44, -88.9288, -87.8424, 179.403, 0.999999, -0.000780188, 0.00114549, 0.000784542, 0.999992, -0.00380598, -0.00114251, 0.00380688, 0.999992, 0.00287892  
45, -88.8955, -87.8678, 179.429, 0.999999, -0.000876036, 0.000818231, 0.00087781, 0.999997, -0.00216991, -0.000816328, 0.00217062, 0.999997, 0.00285146  
46, -88.8279, -88.0221, 179.624, 0.999981, 0.00240799, -0.00562527, -0.00239955, 0.999996, 0.00150688, 0.00562888, -0.00149335, 0.999983, 0.00284452  
47, -88.9037, -87.8436, 179.398, 0.999999, -0.000990277, 0.0011423, 0.0009936, 0.999995, -0.0029125, -0.00113942, 0.00291363, 0.999995, 0.00290249  
48, -88.9309, -87.8462, 179.433, 0.999999, -0.000553888, 0.000884215, 0.000556721, 0.999995, -0.00320636, -0.000882434, 0.00320685, 0.999994, 0.00291498  
49, -88.9043, -87.8653, 179.41, 0.999998, -0.00147545, 0.00158124, 0.00147954, 0.999996, -0.00258667, -0.00157741, 0.002589, 0.999995, 0.00296019  
50, -88.9294, -87.8306, 179.416, 0.999999, -0.000840494, 0.000808235, 0.000842729, 0.999996, -0.00276932, -0.000805904, 0.00277, 0.999996, 0.00291137  
51, -88.9122, -87.858, 179.408, 0.999998, -0.00142011, 0.00114288, 0.00142422, 0.999992, -0.00361013, -0.00113774, 0.00361176, 0.999993, 0.00294909  
52, -88.9218, -87.8709, 179.42, 0.999999, -0.000196766, 0.00101681, 0.000198109, 0.999999, -0.00132123, -0.00101655, 0.00132143, 0.999999, 0.00285312  
53, -88.9192, -87.8616, 179.402, 0.999997, -0.00170532, 0.00163227, 0.00170986, 0.999995, -0.00278454, -0.00162751, 0.00278732, 0.999995, 0.00282483  
54, -88.9116, -87.8151, 179.418, 0.999998, -0.00150448, 0.00141691, 0.00150814, 0.999996, -0.00258709, -0.00141301, 0.00258922, 0.999996, 0.00308113  
55, -88.9083, -87.8769, 179.385, 0.999998, -0.00104538, 0.00147712, 0.00104871, 0.999997, -0.00225601, -0.00147476, 0.00225755, 0.999996, 0.00281762  
56, -88.7893, -88.0223, 179.65, 0.999985, 0.00124608, -0.00528926, -0.0012346, 0.999997, 0.00217347, 0.00529195, -0.00216691, 0.999984, 0.00284813  
57, -88.9349, -87.8211, 179.437, 0.999998, -0.00179866, 0.0003039, 0.0017995, 0.999994, -0.00280857, -0.000298846, 0.00280911, 0.999996, 0.00281678  
58, -88.802, -88.0196, 179.656, 0.999983, 0.00259367, -0.00514388, -0.0025841, 0.999995, 0.00186564, 0.0051487, -0.00185232, 0.999985, 0.00288724  
59, -88.9203, -87.8473, 179.411, 0.999997, -0.00134165, 0.00197214, 0.00134596, 0.999997, -0.00218694, -0.0019692, 0.00218959, 0.999996, 0.00294493  
60, -88.9347, -87.8618, 179.438, 1, -0.000359377, 0.000658282, 0.000360431, 0.999999, -0.00160162, -0.000657706, 0.00160186, 0.999999, 0.0028706  
61, -88.9084, -87.8668, 179.422, 0.999999, -0.00126192, 0.000589759, 0.00126334, 0.999996, -0.00239948, -0.000586729, 0.00240022, 0.999997, 0.00294438  
62, -88.9406, -87.844, 179.419, 0.999999, -0.000775159, 0.00122396, 0.000779329, 0.999994, -0.00341025, -0.00122131, 0.0034112, 0.999993, 0.00283093  
63, -88.9232, -87.8469, 179.41, 1, -0.000683069, 0.000552891, 0.000684527, 0.999996, -0.00264274, -0.000551083, 0.00264312, 0.999996, 0.00285839  
64, -88.9049, -87.8685, 179.416, 0.999999, -0.000821797, 0.000573688, 0.000822779, 0.999998, -0.00171232, -0.00057228, 0.00171279, 0.999998, 0.00294965  
65, -88.969, -87.8408, 179.392, 0.999997, -0.00108295, 0.00204071, 0.00108958, 0.999994, -0.00325266, -0.00203718, 0.00325488, 0.999993, 0.003052  
66, -88.896, -87.8625, 179.416, 0.999999, -0.00132856, 0.000418268, 0.00132945, 0.999997, -0.0021327, -0.000415434, 0.00213325, 0.999998, 0.0042586  
67, -88.9219, -87.8526, 179.428, 1, -0.000599962, 0.000567418, 0.000601232, 0.999997, -0.00224201, -0.000566071, 0.00224235, 0.999997, 0.00283648  
68, -88.9096, -87.8459, 179.428, 0.999999, -0.000593709, 0.0010265, 0.00059723, 0.999994, -0.00343307, -0.00102446, 0.00343368, 0.999994, 0.00283481  
69, -88.9132, -87.8592, 179.375, 0.999998, -0.000923553, 0.00166386, 0.000930352, 0.999991, -0.00409023, -0.00166007, 0.00409177, 0.99999, 0.00310082  
70, -88.9363, -87.8608, 179.403, 0.999998, -0.000910361, 0.00190027, 0.000914179, 0.999998, -0.00200896, -0.00189844, 0.00201069, 0.999996, 0.00283787  
71, -88.9414, -87.8386, 179.422, 0.999999, -0.000806757, 0.00144629, 0.00080914, 0.999998, -0.00164806, -0.00144496, 0.00164923, 0.999998, 0.00286227  
72, -88.9494, -87.847, 179.432, 0.999998, -0.00118207, 0.00146111, 0.00118664, 0.999994, -0.00312479, -0.00145741, 0.00312652, 0.999994, 0.00283897  
73, -88.9513, -87.8849, 179.415, 1, -0.000606374, 0.000636992, 0.000608032, 0.999996, -0.00260517, -0.00063541, 0.00260555, 0.999996, 0.00287503  
74, -88.9215, -87.8458, 179.428, 0.999999, -0.00107928, 0.000363669, 0.00107983, 0.999998, -0.00150684, -0.000362042, 0.00150723, 0.999999, 0.00298959  
75, -88.8824, -87.8861, 179.433, 0.999999, -0.00108642, 0.00117281, 0.00108895, 0.999997, -0.00216182, -0.00117046, 0.0021631, 0.999997, 0.00283176  
76, -88.9062, -87.859, 179.4, 0.999999, -0.000270678, 0.00127731, 0.000274406, 0.999996, -0.00291938, -0.00127652, 0.00291972, 0.999995, 0.0028742  
77, -88.9169, -87.8634, 179.411, 0.999997, -0.00178954, 0.00172215, 0.00179417, 0.999995, -0.00268836, -0.00171733, 0.00269144, 0.999995, 0.00283038  
78, -88.9349, -87.8279, 179.399, 1, -0.000791658, 0.000311767, 0.000792686, 0.999994, -0.00331111, -0.000309144, 0.00331135, 0.999994, 0.00305311  
79, -88.9367, -87.8491, 179.389, 0.999998, -0.00131489, 0.00163561, 0.00132141, 0.999991, -0.00398921, -0.00163035, 0.00399136, 0.999991, 0.00297434  
80, -88.8178, -88.0158, 179.642, 0.99998, 0.00235813, -0.00592061, -0.00234862, 0.999996, 0.00161316, 0.00592439, -0.00159922, 0.999981, 0.00286449  
81, -88.9245, -87.8255, 179.412, 0.999999, -0.00123821, 0.000836114, 0.00123981, 0.999997, -0.0019142, -0.000833742, 0.00191523, 0.999998, 0.00297323  
82, -88.9081, -87.8567, 179.455, 0.999999, -0.00101925, 0.000416614, 0.0010201, 0.999997, -0.00205515, -0.000414518, 0.00205557, 0.999998, 0.00294105  
83, -88.9315, -87.8591, 179.389, 0.999999, -0.000752038, 0.00119657, 0.000755396, 0.999996, -0.002808, -0.00119445, 0.0028089, 0.999995, 0.00293412  
84, -88.9394, -87.8632, 179.397, 0.999998, -0.00113537, 0.00167542, 0.0011397, 0.999996, -0.00258454, -0.00167247, 0.00258644, 0.999995, 0.00295104  
85, -88.8042, -88.0285, 179.658, 0.999984, 0.00167589, -0.00545395, -0.00165932, 0.999994, 0.00304071, 0.00545902, -0.00303161, 0.999981, 0.0028362  
86, -88.9396, -87.8513, 179.385, 0.999997, -0.00107832, 0.00239351, 0.0010857, 0.999995, -0.00308479, -0.00239017, 0.00308737, 0.999992, 0.00283509  
87, -88.7635, -88.0439, 179.652, 0.999983, 0.00145245, -0.00571824, -0.001443, 0.999998, 0.00165551, 0.00572063, -0.00164723, 0.999982, 0.00280708  
88, -88.9378, -87.8521, 179.423, 1, -0.000996917, 6.96043e-005, 0.000997105, 0.999996, -0.00274907, -6.68634e-005, 0.00274913, 0.999996, 0.00309472  
89, -88.9114, -87.8496, 179.394, 0.999999, -0.00151609, 0.000283272, 0.00151679, 0.999996, -0.00246448, -0.000279534, 0.0024649, 0.999997, 0.00333909  
90, -88.9381, -87.8617, 179.405, 0.999996, -0.00121384, 0.00243148, 0.00121777, 0.999998, -0.00161666, -0.00242952, 0.00161961, 0.999996, 0.00290249  
91, -88.932, -87.8466, 179.412, 0.999999, -0.00093677, 0.000434955, 0.00093811, 0.999995, -0.00309096, -0.000432058, 0.00309137, 0.999995, 0.00286477  
92, -88.919, -87.8481, 179.437, 0.999998, -0.00128573, 0.00119107, 0.00128906, 0.999995, -0.00279444, -0.00118747, 0.00279597, 0.999995, 0.00283814  
93, -88.9465, -87.8322, 179.379, 0.999995, -0.00158894, 0.0028224, 0.00159656, 0.999995, -0.00269953, -0.0028181, 0.00270402, 0.999992, 0.0028301  
94, -88.9616, -87.8544, 179.448, 0.999999, -0.000912082, 0.000617494, 0.000913205, 0.999998, -0.00182091, -0.000615832, 0.00182147, 0.999998, 0.00334797  
95, -88.9353, -87.8422, 179.41, 0.999998, -0.00124551, 0.00160164, 0.00124808, 0.999998, -0.00160599, -0.00159964, 0.00160798, 0.999997, 0.00285118  
96, -88.8086, -88.0187, 179.62, 0.999983, 0.00239528, -0.00528712, -0.00238625, 0.999996, 0.00171506, 0.0052912, -0.00170242, 0.999985, 0.00282566  
97, -88.9573, -87.8461, 179.41, 0.999998, -0.00119875, 0.00125102, 0.00120303, 0.999993, -0.00342434, -0.0012469, 0.00342584, 0.999993, 0.00282843  
98, -88.8902, -87.8895, 179.42, 0.999999, -0.00101486, 0.000546664, 0.00101615, 0.999997, -0.00236397, -0.000544263, 0.00236452, 0.999997, 0.00291165  
99, -88.8847, -87.8791, 179.417, 0.999999, -0.00115126, 0.000325502, 0.00115208, 0.999996, -0.0025381, -0.000322579, 0.00253847, 0.999997, 0.00306337  
100, -88.9255, -87.8665, 179.401, 0.999997, -0.000763908, 0.00224226, 0.000767014, 0.999999, -0.00138457, -0.0022412, 0.00138629, 0.999997, 0.00281318  
101, -88.9247, -87.8487, 179.414, 0.999999, -0.000844439, 0.000909018, 0.000846393, 0.999997, -0.00215111, -0.000907199, 0.00215187, 0.999997, 0.00288336  
102, -88.9115, -87.863, 179.441, 1, -0.000698152, 0.000301462, 0.00069869, 0.999998, -0.00178552, -0.000300215, 0.00178573, 0.999998, 0.00282705  
103, -88.9351, -87.8422, 179.398, 0.999997, -0.00164582, 0.00157738, 0.001651, 0.999993, -0.00328595, -0.00157196, 0.00328855, 0.999993, 0.00284119  
104, -88.9235, -87.8576, 179.422, 0.999999, -0.000878527, 0.00096926, 0.000880873, 0.999997, -0.00242222, -0.000967129, 0.00242307, 0.999997, 0.00338153  
105, -88.9365, -87.8559, 179.442, 0.999999, -0.00113477, 0.000281195, 0.00113558, 0.999995, -0.00288537, -0.00027792, 0.00288569, 0.999996, 0.00285479  
106, -88.9395, -87.8478, 179.426, 0.999999, -0.00127255, 0.00027902, 0.00127344, 0.999994, -0.0032219, -0.000274918, 0.00322225, 0.999995, 0.0028534  
107, -88.9234, -87.8726, 179.414, 0.999999, -0.0011655, 0.00116427, 0.00116809, 0.999997, -0.00222785, -0.00116167, 0.00222921, 0.999997, 0.00283232  
108, -88.9152, -87.8684, 179.41, 0.999999, -0.000524537, 0.000957003, 0.000525521, 0.999999, -0.00102837, -0.000956463, 0.00102888, 0.999999, 0.00288169  
109, -88.9449, -87.8247, 179.403, 0.999999, -0.000985757, 0.00130148, 0.000990253, 0.999994, -0.00345844, -0.00129806, 0.00345973, 0.999993, 0.003442  
110, -88.9139, -87.856, 179.409, 0.999997, -0.00161791, 0.00170781, 0.00162339, 0.999994, -0.00321379, -0.0017026, 0.00321655, 0.999993, 0.00281512  
111, -88.8314, -88.0155, 179.629, 0.999983, 0.00258002, -0.00516925, -0.00256862, 0.999994, 0.0022099, 0.00517492, -0.00219659, 0.999984, 0.00284979  
112, -88.8257, -87.8876, 179.413, 1, -0.000482852, 0.000428798, 0.000482909, 1, -0.000134239, -0.000428733, 0.000134446, 1, 0.00281845  
113, -88.9464, -87.8411, 179.392, 0.999997, -0.0012044, 0.00214608, 0.00121288, 0.999991, -0.00395421, -0.0021413, 0.0039568, 0.99999, 0.00286116  
114, -88.925, -87.8361, 179.384, 0.999998, -0.0012494, 0.00142601, 0.00125425, 0.999993, -0.00340372, -0.00142175, 0.0034055, 0.999993, 0.00340899  
115, -88.9518, -87.8422, 179.422, 0.999998, -0.00113113, 0.00157201, 0.00113463, 0.999997, -0.00222345, -0.00156949, 0.00222523, 0.999996, 0.00283787  
116, -88.8293, -88.0066, 179.624, 0.999986, 0.0016246, -0.00511428, -0.00161573, 0.999997, 0.0017387, 0.00511709, -0.00173041, 0.999985, 0.00284314  
117, -88.7947, -88.0102, 179.644, 0.99998, 0.00239031, -0.00579486, -0.00238405, 0.999997, 0.00108721, 0.00579743, -0.00107337, 0.999983, 0.00282899  
118, -88.9403, -87.8676, 179.432, 1, -0.000751048, 0.000555887, 0.000752513, 0.999996, -0.00263917, -0.000553903, 0.00263959, 0.999996, 0.00286671  
119, -88.8118, -88.0052, 179.63, 0.999986, 0.00116924, -0.00523662, -0.00116031, 0.999998, 0.00170758, 0.00523861, -0.00170148, 0.999985, 0.00298127  
120, -88.81, -88.0344, 179.65, 0.999981, 0.00173572, -0.00585751, -0.00172425, 0.999997, 0.00196179, 0.0058609, -0.00195166, 0.999981, 0.00284979  
121, -88.9518, -87.8396, 179.399, 0.999999, -0.000719015, 0.000742428, 0.000721262, 0.999995, -0.00303119, -0.000740245, 0.00303172, 0.999995, 0.00289195  
122, -88.9211, -87.8496, 179.381, 0.999997, -0.00110881, 0.00218858, 0.00111568, 0.999994, -0.00314105, -0.00218509, 0.00314348, 0.999993, 0.00290083  
123, -88.9116, -87.87, 179.394, 0.999997, -0.0014056, 0.00192255, 0.00140912, 0.999997, -0.0018284, -0.00191997, 0.00183111, 0.999996, 0.00300457  
124, -88.8986, -87.8665, 179.435, 1, -0.000845513, 0.000419116, 0.000846275, 0.999998, -0.00182037, -0.000417576, 0.00182072, 0.999998, 0.00305921  
125, -88.944, -87.8254, 179.386, 0.999997, -0.00103319, 0.00227676, 0.00103921, 0.999996, -0.0026454, -0.00227402, 0.00264776, 0.999994, 0.00296074  
126, -88.921, -87.8298, 179.392, 0.999998, -0.00122371, 0.00146462, 0.00122697, 0.999997, -0.00222763, -0.00146189, 0.00222942, 0.999996, 0.00295187  
127, -88.9324, -87.8349, 179.386, 0.999998, -0.000825608, 0.0015401, 0.000829606, 0.999996, -0.00259729, -0.00153795, 0.00259856, 0.999995, 0.00287947  
128, -88.9019, -87.8886, 179.408, 0.999999, -0.00102667, 0.00132538, 0.0010306, 0.999995, -0.00296848, -0.00132233, 0.00296984, 0.999995, 0.00294854  
129, -88.8446, -88.0018, 179.641, 0.999981, 0.0018244, -0.00593447, -0.00182092, 0.999998, 0.000591432, 0.00593554, -0.000580615, 0.999982, 0.0029907  
130, -88.9536, -87.8405, 179.433, 1, -0.000649888, 0.000379429, 0.000651089, 0.999995, -0.00317232, -0.000377366, 0.00317256, 0.999995, 0.00285229  
131, -88.9365, -87.8608, 179.42, 0.999998, -0.000410565, 0.001702, 0.000413115, 0.999999, -0.0014985, -0.00170139, 0.0014992, 0.999997, 0.00296601  
132, -88.9519, -87.8449, 179.392, 0.999999, -0.00105095, 0.00133523, 0.00105665, 0.99999, -0.00427768, -0.00133072, 0.00427909, 0.99999, 0.00294715  
133, -88.906, -87.8501, 179.462, 0.999999, -0.00150114, 0.000259566, 0.0015017, 0.999997, -0.00216065, -0.000256322, 0.00216103, 0.999998, 0.00292885  
134, -88.9154, -87.8619, 179.418, 0.999999, -0.000970429, 0.000820241, 0.000972341, 0.999997, -0.00233379, -0.000817974, 0.00233459, 0.999997, 0.00298959  
135, -88.9164, -87.8537, 179.388, 0.999998, -0.00111541, 0.00167804, 0.00112168, 0.999992, -0.00373571, -0.00167386, 0.00373758, 0.999992, 0.00291137  
136, -88.939, -87.8432, 179.404, 0.999999, -0.000884301, 0.00123377, 0.000887721, 0.999996, -0.0027738, -0.00123131, 0.0027749, 0.999995, 0.00289861  
137, -88.9392, -87.8455, 179.434, 0.999999, -0.00107502, 0.00126974, 0.00107843, 0.999996, -0.00268349, -0.00126685, 0.00268485, 0.999996, 0.00291525  
138, -88.8824, -87.8542, 179.411, 0.999999, -0.000950595, 0.00141418, 0.000953273, 0.999998, -0.00189482, -0.00141237, 0.00189617, 0.999997, 0.00289279  
139, -88.9609, -87.8494, 179.392, 0.999997, -0.00115725, 0.00214857, 0.00116346, 0.999995, -0.00289188, -0.00214521, 0.00289437, 0.999994, 0.00305145  
140, -88.9338, -87.8656, 179.431, 0.999997, -0.00160099, 0.00192134, 0.00160141, 0.999999, -0.000212892, -0.001921, 0.000215968, 0.999998, 0.00298321  
141, -88.9435, -87.8411, 179.394, 0.999996, -0.00140221, 0.00238764, 0.00140778, 0.999996, -0.00233093, -0.00238436, 0.00233428, 0.999994, 0.00276075  
142, -88.9299, -87.8734, 179.394, 0.999999, -0.000517982, 0.00134331, 0.000519846, 0.999999, -0.00138771, -0.00134259, 0.0013884, 0.999998, 0.00283953  
143, -88.7844, -88.02, 179.664, 0.999978, 0.00198393, -0.00632323, -0.00197713, 0.999997, 0.00108159, 0.00632536, -0.00106907, 0.999979, 0.00284092  
144, -88.9218, -87.847, 179.418, 0.999999, -0.000976341, 0.000557273, 0.00097764, 0.999997, -0.00233672, -0.000554989, 0.00233726, 0.999997, 0.00302842  
145, -88.9245, -87.8308, 179.394, 0.999998, -0.00156878, 0.00144966, 0.00157223, 0.999996, -0.00238199, -0.00144592, 0.00238426, 0.999996, 0.00306476  
146, -88.9215, -87.8114, 179.413, 0.999999, -0.000660162, 0.00118395, 0.000663403, 0.999996, -0.00273929, -0.00118214, 0.00274007, 0.999996, 0.00298488  
147, -88.8981, -87.8559, 179.426, 0.999999, -0.000927923, 0.00100633, 0.000929426, 0.999998, -0.00149453, -0.00100494, 0.00149546, 0.999998, 0.0028448  
148, -88.9391, -87.8255, 179.373, 0.999998, -0.000480539, 0.00209913, 0.000486744, 0.999996, -0.00295678, -0.0020977, 0.00295779, 0.999993, 0.00287448  
149, -88.8309, -88.01, 179.618, 0.999987, 0.00223221, -0.00469114, -0.00222112, 0.999995, 0.00236842, 0.0046964, -0.00235796, 0.999986, 0.00300873  
150, -88.9017, -87.8346, 179.416, 1, -0.000245973, 0.000203441, 0.000246526, 0.999996, -0.00272398, -0.00020277, 0.00272403, 0.999996, 0.00297323  
151, -88.7837, -88.0067, 179.655, 0.999981, 0.00184529, -0.00586747, -0.00183576, 0.999997, 0.00163058, 0.00587046, -0.00161977, 0.999981, 0.00296879  
152, -88.9438, -87.8402, 179.42, 0.999999, -0.00152467, 0.000354568, 0.00152556, 0.999996, -0.00253447, -0.000350702, 0.00253501, 0.999997, 0.00288724  
153, -88.9465, -87.8205, 179.366, 0.999998, -0.00118, 0.0016731, 0.00118634, 0.999992, -0.0037941, -0.00166861, 0.00379608, 0.999991, 0.0029269  
154, -88.9293, -87.8392, 179.416, 0.999997, -0.00134935, 0.00192398, 0.00135207, 0.999998, -0.00141213, -0.00192207, 0.00141473, 0.999997, 0.00302593  
155, -88.9438, -87.853, 179.421, 0.999999, -0.0012436, 0.000659574, 0.00124611, 0.999992, -0.00382635, -0.00065481, 0.00382717, 0.999992, 0.00292496  
156, -88.946, -87.8363, 179.42, 0.999999, -0.00125195, 0.000908033, 0.00125439, 0.999996, -0.00269068, -0.000904661, 0.00269182, 0.999996, 0.00294632  
157, -88.9178, -87.8439, 179.396, 1, -0.000884773, 0.000216039, 0.000885236, 0.999997, -0.00215586, -0.000214131, 0.00215605, 0.999998, 0.00282649  
158, -88.9399, -87.8351, 179.377, 0.999997, -0.00120515, 0.00212831, 0.00120951, 0.999997, -0.0020471, -0.00212584, 0.00204966, 0.999996, 0.00291886  
159, -88.9431, -87.8374, 179.397, 0.999998, -0.0012626, 0.00182248, 0.00126704, 0.999996, -0.00243946, -0.00181939, 0.00244177, 0.999995, 0.0031219  
160, -88.9167, -87.8217, 179.386, 1, -0.000286132, 0.000897349, 0.00028801, 0.999998, -0.0020934, -0.000896748, 0.00209366, 0.999997, 0.00307142  
161, -88.9384, -87.8441, 179.412, 0.999999, -0.00022388, 0.00115718, 0.000225611, 0.999999, -0.00149539, -0.00115684, 0.00149565, 0.999998, 0.00289279  
162, -88.9214, -87.8456, 179.431, 0.999999, -0.00102958, 0.00132405, 0.00103285, 0.999996, -0.0024694, -0.00132151, 0.00247077, 0.999996, 0.00306587  
163, -88.9524, -87.8499, 179.387, 0.999996, -0.0014717, 0.00253681, 0.00147713, 0.999997, -0.00214043, -0.00253365, 0.00214417, 0.999994, 0.00289639  
164, -88.8206, -87.9872, 179.634, 0.999983, 0.00182451, -0.00549742, -0.00181474, 0.999997, 0.00178063, 0.00550065, -0.00177062, 0.999983, 0.00308418  
165, -88.9332, -87.8573, 179.427, 0.999999, -0.000429556, 0.00157856, 0.000434096, 0.999996, -0.0028771, -0.00157732, 0.00287778, 0.999995, 0.00283315  
166, -88.949, -87.8319, 179.38, 0.999999, -0.000874892, 0.000859922, 0.000876822, 0.999997, -0.00224686, -0.000857953, 0.00224761, 0.999997, 0.00291331  
167, -88.9349, -87.8375, 179.419, 0.999998, -0.00128713, 0.00173925, 0.0012918, 0.999996, -0.00268657, -0.00173579, 0.00268881, 0.999995, 0.00283315  
168, -88.9334, -87.8417, 179.402, 0.999999, -0.00106865, 0.000473644, 0.00106966, 0.999997, -0.00214094, -0.000471355, 0.00214144, 0.999998, 0.00294715  
169, -88.9137, -87.8535, 179.369, 0.999998, -0.00101421, 0.00195416, 0.0010197, 0.999996, -0.00280779, -0.00195131, 0.00280978, 0.999994, 0.00292635  
170, -88.8934, -87.8497, 179.4, 0.999999, -0.000906621, 0.000524929, 0.000907915, 0.999997, -0.00246972, -0.000522688, 0.0024702, 0.999997, 0.00289667  
171, -88.9669, -87.7965, 179.373, 0.999999, -0.00104838, 0.000982134, 0.00105187, 0.999993, -0.00356229, -0.000978393, 0.00356331, 0.999993, 0.00287892  
172, -88.9174, -87.8487, 179.436, 0.999997, -0.0017277, 0.0017539, 0.00172955, 0.999998, -0.00105431, -0.00175207, 0.00105734, 0.999998, 0.00284452  
173, -88.9601, -87.825, 179.407, 0.999998, -0.000974199, 0.00169676, 0.000980115, 0.999993, -0.00348922, -0.00169335, 0.00349088, 0.999992, 0.00289279  
174, -88.8822, -87.8256, 179.399, 1, -0.000809684, 0.000334219, 0.000810394, 0.999997, -0.00213174, -0.000332492, 0.00213201, 0.999998, 0.00316822  
175, -88.9416, -87.8588, 179.408, 0.999999, -0.000990972, 0.00074157, 0.000992584, 0.999997, -0.00217745, -0.00073941, 0.00217818, 0.999997, 0.0030692  
176, -88.9406, -87.8617, 179.383, 0.999999, -0.00036444, 0.00151835, 0.000368714, 0.999996, -0.0028155, -0.00151732, 0.00281606, 0.999995, 0.00306088  
177, -88.9201, -87.824, 179.416, 0.999998, -0.00138853, 0.00156114, 0.00139147, 0.999997, -0.00188376, -0.00155852, 0.00188593, 0.999997, 0.00291941  
178, -88.927, -87.8563, 179.452, 0.999998, -0.00150961, 0.00116879, 0.00151286, 0.999995, -0.00278775, -0.00116458, 0.00278951, 0.999995, 0.00301123  
179, -88.9331, -87.8437, 179.407, 0.999998, -0.000826845, 0.00183316, 0.000831336, 0.999997, -0.00245039, -0.00183113, 0.00245191, 0.999995, 0.00331274  
180, -88.9123, -87.854, 179.383, 0.999999, -0.00109497, 0.000871027, 0.00109818, 0.999993, -0.00369334, -0.000866976, 0.00369429, 0.999993, 0.00282289  
181, -88.9266, -87.8326, 179.391, 0.999998, -0.00116478, 0.00151362, 0.00116891, 0.999996, -0.00273139, -0.00151043, 0.00273316, 0.999995, 0.00283065  
182, -88.9139, -87.8576, 179.413, 0.999997, -0.00119581, 0.00193518, 0.00120271, 0.999993, -0.00356989, -0.0019309, 0.0035722, 0.999992, 0.00280735  
183, -88.9399, -87.8426, 179.391, 1, -0.000223598, 0.000867977, 0.000225378, 0.999998, -0.00205162, -0.000867516, 0.00205181, 0.999998, 0.00267615  
184, -88.7837, -88.0045, 179.628, 0.999982, 0.00207785, -0.00557316, -0.00206542, 0.999995, 0.00223516, 0.00557778, -0.00222361, 0.999982, 0.00294133  
185, -88.9284, -87.8473, 179.421, 0.999999, -0.000847526, 0.00147886, 0.000850894, 0.999997, -0.00227846, -0.00147692, 0.00227971, 0.999996, 0.00312939  
186, -88.8934, -87.8517, 179.41, 0.999999, -0.00107381, 0.00129631, 0.00107882, 0.999992, -0.00386716, -0.00129214, 0.00386856, 0.999992, 0.00291026  
187, -88.9521, -87.8396, 179.397, 0.999999, -0.000809504, 0.00124186, 0.000813414, 0.999995, -0.00315134, -0.00123931, 0.00315235, 0.999994, 0.00285673  
188, -88.8087, -87.9933, 179.652, 0.999977, 0.00212036, -0.0064355, -0.00211484, 0.999997, 0.000865507, 0.00643732, -0.000851878, 0.999979, 0.00293939  
189, -88.9234, -87.8577, 179.389, 0.999997, -0.0017696, 0.00182222, 0.00177385, 0.999996, -0.00233264, -0.00181808, 0.00233586, 0.999996, 0.00296435  
190, -88.8174, -88.0062, 179.637, 0.999986, 0.00214419, -0.00490878, -0.00213368, 0.999995, 0.00214527, 0.00491336, -0.00213477, 0.999986, 0.00295908  
191, -88.9075, -87.8801, 179.415, 0.999999, -0.00115338, 0.000274693, 0.00115401, 0.999997, -0.0023172, -0.00027202, 0.00231752, 0.999997, 0.00288446  
192, -88.9117, -87.851, 179.437, 1, -0.000759719, 0.000542816, 0.000760618, 0.999998, -0.00165762, -0.000541555, 0.00165803, 0.999998, 0.00283648  
193, -88.8944, -87.8821, 179.427, 0.999999, -0.00126704, 0.00109482, 0.00126932, 0.999997, -0.00209055, -0.00109217, 0.00209193, 0.999997, 0.00287781  
194, -88.9386, -87.829, 179.368, 0.999998, -0.000707897, 0.00181186, 0.000712989, 0.999996, -0.00281109, -0.00180986, 0.00281238, 0.999994, 0.0030373  
195, -88.9501, -87.8602, 179.427, 0.999997, -0.00148705, 0.0017363, 0.00148941, 0.999998, -0.00135812, -0.00173428, 0.00136071, 0.999998, 0.0029355  
196, -88.9129, -87.837, 179.375, 0.999998, -0.000571879, 0.00207808, 0.000579554, 0.999993, -0.00369447, -0.00207595, 0.00369566, 0.999991, 0.00288058  
197, -88.932, -87.8697, 179.426, 0.999999, -0.00089491, 0.00107774, 0.000898192, 0.999995, -0.00304892, -0.00107501, 0.00304988, 0.999995, 0.00283176  
198, -88.9461, -87.8184, 179.389, 0.999998, -0.00188084, 0.00116687, 0.0018826, 0.999997, -0.00151006, -0.00116403, 0.00151226, 0.999998, 0.00291331  
199, -88.9245, -87.8615, 179.395, 0.999995, -0.00112422, 0.00287323, 0.00113191, 0.999996, -0.00267681, -0.00287021, 0.00268005, 0.999992, 0.00296962  
200, -88.9153, -87.8615, 179.408, 0.999999, -0.00115824, 0.000799104, 0.00115976, 0.999998, -0.0019077, -0.000796892, 0.00190862, 0.999998, 0.00296546  
201, -88.9049, -87.8271, 179.412, 1, -0.000991425, 0.0001236, 0.000991736, 0.999996, -0.00253544, -0.000121086, 0.00253556, 0.999997, 0.00286699  
202, -88.9373, -87.8546, 179.444, 0.999999, -0.00118944, 0.00123778, 0.00119307, 0.999995, -0.00293275, -0.00123428, 0.00293423, 0.999995, 0.0028939  
203, -88.8275, -87.9992, 179.625, 0.999985, 0.00218168, -0.00505177, -0.00216948, 0.999995, 0.00241997, 0.00505702, -0.00240898, 0.999984, 0.00297683  
204, -88.9572, -87.8191, 179.391, 1, -0.000696551, 0.000635706, 0.000698872, 0.999993, -0.00365784, -0.000633154, 0.00365829, 0.999993, 0.00295242  
205, -88.95, -87.8779, 179.443, 1, -0.00062509, 0.00024444, 0.000625746, 0.999996, -0.00269193, -0.000242756, 0.00269208, 0.999996, 0.00296907  
206, -88.8988, -87.8763, 179.415, 0.999999, -0.00127222, 0.000820362, 0.00127424, 0.999996, -0.0024645, -0.000817223, 0.00246554, 0.999997, 0.00286782  
207, -88.9027, -87.858, 179.381, 0.999998, -0.00120705, 0.00125438, 0.00121081, 0.999995, -0.00300537, -0.00125075, 0.00300688, 0.999995, 0.00286449  
208, -88.964, -87.8394, 179.406, 0.999998, -0.00111938, 0.00143218, 0.00112413, 0.999994, -0.00332054, -0.00142845, 0.00332214, 0.999993, 0.00298321  
209, -88.9411, -87.8351, 179.396, 0.999999, -0.000683217, 0.00156614, 0.000686478, 0.999998, -0.00208206, -0.00156471, 0.00208314, 0.999997, 0.00300457  
210, -88.9259, -87.8553, 179.383, 0.999997, -0.00127841, 0.00193455, 0.0012843, 0.999995, -0.00304607, -0.00193064, 0.00304855, 0.999993, 0.00292607  
211, -88.9399, -87.8524, 179.393, 0.999999, -0.00070955, 0.00155769, 0.000711805, 0.999999, -0.00144772, -0.00155666, 0.00144883, 0.999998, 0.00295631  
212, -88.9322, -87.8247, 179.412, 0.999999, -0.000901741, 0.00143866, 0.000905766, 0.999996, -0.00280002, -0.00143613, 0.00280132, 0.999995, 0.00292163  
213, -88.9092, -87.8556, 179.417, 1, -0.000610843, 0.000603511, 0.000612694, 0.999995, -0.00307052, -0.000601632, 0.00307089, 0.999995, 0.00304923  
214, -88.9271, -87.8575, 179.416, 0.999998, -0.00107879, 0.00194461, 0.00108208, 0.999998, -0.00169277, -0.00194278, 0.00169487, 0.999997, 0.00301345  
215, -88.9437, -87.8169, 179.39, 0.999999, -0.000592518, 0.00154347, 0.000596683, 0.999996, -0.00269992, -0.00154186, 0.00270084, 0.999995, 0.00607932  
216, -88.9624, -87.8586, 179.426, 0.999999, -0.000898074, 0.000945638, 0.000899348, 0.999999, -0.00134726, -0.000944427, 0.00134811, 0.999999, 0.00285867  
217, -88.9436, -87.8434, 179.363, 0.999999, -0.000427339, 0.00162492, 0.00043214, 0.999996, -0.00295585, -0.00162365, 0.00295655, 0.999994, 0.00288724  
218, -88.9489, -87.8508, 179.403, 0.999999, -0.000834041, 0.000809999, 0.000835451, 0.999998, -0.00174194, -0.000808544, 0.00174261, 0.999998, 0.00304534  
219, -88.9087, -87.8583, 179.404, 0.999996, -0.00175739, 0.00219113, 0.00176265, 0.999996, -0.00239873, -0.00218691, 0.00240258, 0.999995, 0.00299375  
220, -88.9307, -87.829, 179.361, 0.999997, -0.00136142, 0.00205435, 0.00136654, 0.999996, -0.0024906, -0.00205095, 0.0024934, 0.999995, 0.00296185  
221, -88.907, -87.8419, 179.384, 0.999999, -0.000713938, 0.00141784, 0.000717187, 0.999997, -0.00229241, -0.0014162, 0.00229343, 0.999996, 0.00303536  
222, -88.9734, -87.8066, 179.392, 0.999996, -0.00181447, 0.00211231, 0.0018201, 0.999995, -0.00266352, -0.00210747, 0.00266735, 0.999994, 0.00287087  
223, -88.9198, -87.8445, 179.408, 0.999998, -0.00129019, 0.00147079, 0.0012939, 0.999996, -0.00252767, -0.00146752, 0.00252957, 0.999996, 0.00291248  
224, -88.9691, -87.847, 179.388, 0.999997, -0.00070234, 0.00239907, 0.000711325, 0.999993, -0.00374609, -0.00239642, 0.00374779, 0.99999, 0.00319125  
225, -88.9596, -87.8162, 179.377, 0.999998, -0.000906488, 0.00174279, 0.000909165, 0.999998, -0.00153609, -0.0017414, 0.00153767, 0.999997, 0.00301983  
226, -88.9551, -87.8412, 179.428, 0.999998, -0.00151076, 0.000980261, 0.00151308, 0.999996, -0.00237125, -0.000976675, 0.00237273, 0.999997, 0.00284563  
227, -88.9319, -87.8413, 179.395, 0.999999, -0.000358483, 0.000998054, 0.000360454, 0.999998, -0.00197476, -0.000997344, 0.00197512, 0.999998, 0.00287004  
228, -88.9426, -87.8452, 179.396, 0.999999, -0.00110988, 0.00100523, 0.00111298, 0.999995, -0.0030791, -0.0010018, 0.00308021, 0.999995, 0.00298349  
229, -88.9323, -87.833, 179.429, 0.999999, -0.00129134, 0.000594272, 0.00129278, 0.999996, -0.00242585, -0.000591137, 0.00242662, 0.999997, 0.00311857  
230, -88.913, -87.8431, 179.394, 0.999997, -0.00111891, 0.00230457, 0.00112546, 0.999995, -0.00284423, -0.00230138, 0.00284681, 0.999993, 0.00292635  
231, -88.9458, -87.8432, 179.354, 0.999996, -0.00106433, 0.0027444, 0.0010737, 0.999994, -0.0034163, -0.00274074, 0.00341924, 0.99999, 0.00289445  
232, -88.8811, -87.8602, 179.406, 0.999998, -0.00150815, 0.00151243, 0.00151141, 0.999997, -0.00216037, -0.00150917, 0.00216265, 0.999997, 0.00286921  
233, -88.9431, -87.8351, 179.391, 0.999997, -0.00131498, 0.00197359, 0.00132105, 0.999994, -0.00307862, -0.00196953, 0.00308121, 0.999993, 0.00285062  
234, -88.9277, -87.828, 179.402, 0.999999, -0.000362304, 0.00115833, 0.000364894, 0.999997, -0.0022364, -0.00115752, 0.00223682, 0.999997, 0.0031538  
235, -88.9096, -87.8361, 179.413, 0.999999, -0.000880296, 0.00111328, 0.000883081, 0.999996, -0.00250297, -0.00111107, 0.00250395, 0.999996, 0.00311469  
236, -88.9265, -87.8328, 179.395, 0.999998, -0.00140647, 0.00118743, 0.00140909, 0.999997, -0.0022091, -0.00118432, 0.00221077, 0.999997, 0.00285589  
237, -88.9447, -87.8365, 179.385, 0.999995, -0.00143569, 0.00283441, 0.00144267, 0.999996, -0.00246294, -0.00283086, 0.00246701, 0.999993, 0.00280902  
238, -88.9728, -87.8337, 179.407, 0.999998, -0.00127139, 0.0012292, 0.00127454, 0.999996, -0.0025686, -0.00122593, 0.00257016, 0.999996, 0.00289417  
239, -88.8439, -87.9959, 179.613, 0.999984, 0.00213432, -0.00524246, -0.00212705, 0.999997, 0.00139102, 0.00524541, -0.00137985, 0.999985, 0.00296352  
240, -88.922, -87.8629, 179.429, 0.999999, -0.00111131, 0.00129222, 0.00111276, 0.999999, -0.0011194, -0.00129098, 0.00112084, 0.999999, 0.00278461  
241, -88.9586, -87.8641, 179.417, 0.999999, -0.000894455, 0.00131915, 0.000898218, 0.999996, -0.00285469, -0.00131659, 0.00285587, 0.999995, 0.00286865  
242, -88.9436, -87.8417, 179.392, 0.999998, -0.000807763, 0.00169742, 0.000811806, 0.999997, -0.00238223, -0.00169549, 0.0023836, 0.999996, 0.00282788  
243, -88.9371, -87.8375, 179.392, 0.999997, -0.00105693, 0.00242194, 0.00106534, 0.999993, -0.00347499, -0.00241825, 0.00347755, 0.999991, 0.00282816  
244, -88.9508, -87.8609, 179.392, 0.999998, -0.000851472, 0.00161327, 0.000856879, 0.999994, -0.00335394, -0.0016104, 0.00335532, 0.999993, 0.00297017  
245, -88.935, -87.8552, 179.394, 0.999999, -0.000803987, 0.000832401, 0.000806284, 0.999996, -0.00276341, -0.000830175, 0.00276408, 0.999996, 0.00419397  
246, -88.9323, -87.8336, 179.425, 0.999998, -0.00121439, 0.00156787, 0.00121693, 0.999998, -0.00161602, -0.00156591, 0.00161792, 0.999997, 0.00296102  
247, -88.9201, -87.8543, 179.429, 0.999998, -0.00139394, 0.00147253, 0.00139783, 0.999996, -0.00264716, -0.00146883, 0.00264921, 0.999995, 0.00283897  
248, -88.9476, -87.8428, 179.371, 0.999996, -0.000695967, 0.00275163, 0.000704739, 0.999995, -0.00318817, -0.00274939, 0.0031901, 0.999991, 0.00294077  
249, -88.803, -87.9974, 179.628, 0.999986, 0.002106, -0.00478512, -0.00209303, 0.999994, 0.00271374, 0.0047908, -0.00270369, 0.999985, 0.00307308  
250, -88.9395, -87.8525, 179.407, 0.999998, -0.00115909, 0.0013618, 0.00116164, 0.999998, -0.00187768, -0.00135962, 0.00187926, 0.999997, 0.0029172  
251, -88.9421, -87.8479, 179.409, 0.999996, -0.00182394, 0.00194224, 0.00182735, 0.999997, -0.00175519, -0.00193903, 0.00175873, 0.999997, 0.00284924  
252, -88.963, -87.8223, 179.353, 0.999996, -0.00141135, 0.00260412, 0.00141911, 0.999995, -0.00297973, -0.0025999, 0.00298341, 0.999992, 0.00283259  
253, -88.9636, -87.8156, 179.415, 0.999998, -0.0010733, 0.0013904, 0.00107581, 0.999998, -0.00180638, -0.00138846, 0.00180787, 0.999997, 0.00284785  
254, -88.8021, -88.0233, 179.641, 0.999987, 0.00163272, -0.00488647, -0.00162406, 0.999997, 0.00177526, 0.00488936, -0.0017673, 0.999986, 0.00299181  
255, -89.0374, -87.8053, 179.34, 0.999991, -0.000810009, 0.00406658, 0.000824851, 0.999993, -0.00364933, -0.0040636, 0.00365265, 0.999985, 0.00290416  
256, -89.021, -87.785, 179.394, 0.999998, -0.00103752, 0.00186386, 0.00104295, 0.999995, -0.00291743, -0.00186082, 0.00291937, 0.999994, 0.00299153  
257, -89.0325, -87.7721, 179.389, 0.999995, -0.001756, 0.00256236, 0.00176137, 0.999996, -0.00209718, -0.00255867, 0.00210168, 0.999995, 0.00294271  
258, -89.0201, -87.7671, 179.36, 0.999994, -0.00155498, 0.00312008, 0.00156272, 0.999996, -0.00247901, -0.00311622, 0.00248387, 0.999992, 0.00286754  
259, -89.069, -87.8029, 179.367, 0.999991, -0.00152, 0.00400735, 0.00152902, 0.999996, -0.00224671, -0.00400392, 0.00225281, 0.999989, 0.00304562  
260, -89.0327, -87.7549, 179.359, 0.999995, -0.00206585, 0.00224032, 0.00206994, 0.999996, -0.00182565, -0.00223654, 0.00183028, 0.999996, 0.00300207  
261, -89.0244, -87.7749, 179.339, 0.999992, -0.00200492, 0.00347224, 0.00201356, 0.999995, -0.00248516, -0.00346724, 0.00249213, 0.999991, 0.00287171  
262, -89.0442, -87.7759, 179.349, 0.999992, -0.00172395, 0.00359974, 0.00173572, 0.999993, -0.00326961, -0.00359408, 0.00327583, 0.999988, 0.00283315  
263, -89.0289, -87.7688, 179.343, 0.999992, -0.00239934, 0.0032483, 0.00240912, 0.999993, -0.00301103, -0.00324105, 0.00301883, 0.99999, 0.00288696  
