0, 0, 0, 0, 0, 0, 0, 0, 0, 0, 0, 0, 0, 0.00641162  
1, 6.90603, 30.4731, 179.729, 0.998489, 0.054607, -0.00617237, -0.0546875, 0.998409, -0.0137306, 0.00541276, 0.0140474, 0.999887, 0.00268614  
2, 6.89748, 30.4592, 179.744, 0.998506, 0.0541935, -0.00697807, -0.0542891, 0.998423, -0.0143251, 0.00619074, 0.0146825, 0.999873, 0.00289279  
3, 6.91958, 30.4675, 179.748, 0.9985, 0.054462, -0.00555926, -0.0545337, 0.998418, -0.0136978, 0.00480446, 0.0139805, 0.999891, 0.00309389  
4, 6.92676, 30.4612, 179.744, 0.998515, 0.054104, -0.00641594, -0.0541931, 0.998423, -0.0146323, 0.00561416, 0.0149583, 0.999872, 0.00289057  
5, 6.88079, 30.4774, 179.732, 0.998568, 0.0531481, -0.00608438, -0.0532295, 0.998483, -0.0141138, 0.00532503, 0.0144175, 0.999882, 0.00272969  
6, 6.88547, 30.4599, 179.76, 0.998522, 0.0539047, -0.0069703, -0.0540003, 0.998438, -0.0143413, 0.00618635, 0.0146965, 0.999873, 0.00274134  
7, 6.88863, 30.4404, 179.73, 0.99854, 0.0537085, -0.00579861, -0.053785, 0.998455, -0.0139575, 0.00504001, 0.014249, 0.999886, 0.00288141  
8, 6.88933, 30.4806, 179.727, 0.998536, 0.0537613, -0.00593277, -0.0538369, 0.998459, -0.0134265, 0.0052018, 0.0137263, 0.999892, 0.00311608  
9, 6.85751, 30.5065, 179.715, 0.998545, 0.0535061, -0.00666488, -0.0535959, 0.998463, -0.0141042, 0.00589998, 0.0144408, 0.999878, 0.00293467  
10, 6.91101, 30.4734, 179.73, 0.998521, 0.0540396, -0.00598416, -0.0541202, 0.998433, -0.014232, 0.00520569, 0.0145348, 0.999881, 0.00291498  
11, 6.87637, 30.4826, 179.707, 0.998504, 0.0544313, -0.00525166, -0.0544986, 0.99842, -0.0136764, 0.00449894, 0.0139421, 0.999893, 0.00301733  
12, 6.87186, 30.4788, 179.752, 0.998534, 0.0537585, -0.00634389, -0.0538432, 0.998451, -0.0140337, 0.00557963, 0.0143547, 0.999881, 0.00299431  
13, 6.86958, 30.4733, 179.747, 0.998519, 0.0540578, -0.00609419, -0.0541389, 0.998435, -0.0140416, 0.0053256, 0.0143507, 0.999883, 0.00318709  
14, 6.90752, 30.462, 179.745, 0.998492, 0.0545347, -0.00636001, -0.0546195, 0.998409, -0.0140185, 0.00558539, 0.0143448, 0.999882, 0.00296879  
15, 6.89064, 30.4884, 179.74, 0.998548, 0.0535315, -0.00601097, -0.0536114, 0.998463, -0.0140317, 0.00525059, 0.0143336, 0.999883, 0.00290887  
16, 6.89337, 30.4798, 179.741, 0.998539, 0.053576, -0.00708996, -0.0536773, 0.998446, -0.014975, 0.00627664, 0.0153337, 0.999863, 0.00293467  
17, 6.90839, 30.4616, 179.734, 0.998498, 0.0544166, -0.0064312, -0.0545066, 0.998404, -0.0147597, 0.00561776, 0.0150881, 0.99987, 0.00279959  
18, 6.84957, 30.4754, 179.714, 0.998521, 0.0540055, -0.00632126, -0.0540929, 0.998429, -0.0145841, 0.00552371, 0.0149044, 0.999874, 0.00293855  
19, 6.88461, 30.5031, 179.74, 0.998543, 0.0536354, -0.00597096, -0.0537172, 0.998451, -0.0144975, 0.00518413, 0.0147971, 0.999877, 0.00293744  
20, 6.90598, 30.461, 179.755, 0.998496, 0.0544991, -0.00595855, -0.0545795, 0.998407, -0.0142876, 0.0051704, 0.0145914, 0.99988, 0.00286477  
21, 6.8949, 30.4612, 179.742, 0.998494, 0.0545351, -0.00596009, -0.0546152, 0.998406, -0.0142273, 0.0051747, 0.0145313, 0.999881, 0.00287753  
22, 6.90275, 30.4697, 179.721, 0.998521, 0.0539057, -0.00703312, -0.0540029, 0.998436, -0.0144431, 0.00624355, 0.0148016, 0.999871, 0.00296712  
23, 6.91348, 30.4728, 179.733, 0.998502, 0.0543076, -0.00672653, -0.0544034, 0.998407, -0.0149883, 0.00590183, 0.0153317, 0.999865, 0.00286338  
24, 6.89924, 30.4694, 179.717, 0.998532, 0.0537995, -0.00635879, -0.0538823, 0.998454, -0.0136637, 0.00561386, 0.0139863, 0.999886, 0.00297128  
25, 6.91806, 30.4384, 179.742, 0.998532, 0.0538178, -0.00613225, -0.0538959, 0.998457, -0.0133814, 0.00540263, 0.0136923, 0.999892, 0.00285589  
26, 6.85968, 30.4905, 179.737, 0.99854, 0.0536461, -0.00627, -0.0537326, 0.998449, -0.0145659, 0.00547888, 0.0148815, 0.999874, 0.00300096  
27, 6.89668, 30.4593, 179.746, 0.998526, 0.0539359, -0.00608777, -0.0540181, 0.998438, -0.0142576, 0.00530926, 0.0145655, 0.99988, 0.00291941  
28, 6.89229, 30.4571, 179.736, 0.998512, 0.0541359, -0.00650609, -0.0542283, 0.998416, -0.0149732, 0.0056852, 0.0153037, 0.999867, 0.00321566  
29, 6.88992, 30.4848, 179.748, 0.998572, 0.0530624, -0.00618879, -0.0531421, 0.998496, -0.0135062, 0.00546281, 0.0138158, 0.99989, 0.00278045  
30, 6.923, 30.4567, 179.753, 0.998555, 0.0534229, -0.00583297, -0.0534978, 0.998476, -0.0135262, 0.00510147, 0.0138188, 0.999892, 0.00294909  
31, 6.89927, 30.4245, 179.741, 0.998522, 0.0540801, -0.00535943, -0.0541477, 0.998443, -0.0133723, 0.00462791, 0.0136427, 0.999896, 0.00303231  
32, 6.89578, 30.467, 179.722, 0.99855, 0.0535583, -0.00543424, -0.0536262, 0.998474, -0.0132195, 0.00471793, 0.0134918, 0.999898, 0.00278766  
33, 6.88382, 30.4689, 179.743, 0.998519, 0.0540755, -0.00602877, -0.0541549, 0.998436, -0.013886, 0.00526845, 0.014192, 0.999885, 0.00292885  
34, 6.89556, 30.4521, 179.731, 0.998508, 0.0541398, -0.00705667, -0.0542417, 0.998413, -0.0151439, 0.00622558, 0.0155041, 0.99986, 0.00284064  
35, 6.89829, 30.4652, 179.739, 0.998538, 0.0537805, -0.00535156, -0.0538512, 0.99845, -0.0140783, 0.00458612, 0.0143459, 0.999887, 0.00281595  
36, 6.90914, 30.4907, 179.756, 0.99855, 0.0534344, -0.00649249, -0.0535206, 0.99847, -0.0139155, 0.00573898, 0.0142428, 0.999882, 0.00287753  
37, 6.89672, 30.4608, 179.754, 0.998511, 0.0542092, -0.00601687, -0.0542911, 0.998421, -0.0144062, 0.00522643, 0.0147114, 0.999878, 0.00282538  
38, 6.91362, 30.4581, 179.713, 0.998521, 0.0540147, -0.0061689, -0.0540972, 0.998436, -0.0140891, 0.00539823, 0.014402, 0.999882, 0.00306365  
39, 6.8887, 30.4501, 179.746, 0.998532, 0.053748, -0.00675385, -0.0538422, 0.998442, -0.0146448, 0.0059562, 0.014987, 0.99987, 0.00295048  
40, 6.89229, 30.4432, 179.751, 0.99855, 0.0534569, -0.00631265, -0.0535394, 0.998471, -0.0137222, 0.00556945, 0.0140403, 0.999886, 0.00281484  
41, 6.91986, 30.4591, 179.76, 0.998524, 0.0539174, -0.00647398, -0.0540054, 0.998438, -0.0142846, 0.00569368, 0.0146132, 0.999877, 0.00287392  
42, 6.92296, 30.4587, 179.755, 0.998539, 0.0536227, -0.00660586, -0.0537126, 0.998454, -0.0142787, 0.00582999, 0.0146126, 0.999876, 0.00282455  
43, 6.87043, 30.5068, 179.724, 0.998552, 0.0534886, -0.00566203, -0.0535622, 0.99847, -0.0137624, 0.00491723, 0.0140457, 0.999889, 0.00301372  
44, 6.87854, 30.4493, 179.723, 0.998523, 0.0540954, -0.00507957, -0.0541614, 0.998435, -0.0139209, 0.00431857, 0.0141754, 0.99989, 0.00303009  
45, 6.881, 30.4714, 179.722, 0.99853, 0.0539082, -0.00566789, -0.0539836, 0.998442, -0.0141068, 0.00489859, 0.0143921, 0.999884, 0.0028215  
46, 6.885, 30.4763, 179.736, 0.998552, 0.0535227, -0.00544862, -0.0535918, 0.998472, -0.0134418, 0.00472085, 0.0137143, 0.999895, 0.00287032  
47, 6.89378, 30.4725, 179.712, 0.998503, 0.0543051, -0.00657007, -0.0543939, 0.998419, -0.014204, 0.00578833, 0.0145401, 0.999878, 0.00277934  
48, 6.91081, 30.4668, 179.718, 0.998539, 0.0536934, -0.00613541, -0.0537766, 0.998451, -0.014303, 0.00535793, 0.014612, 0.999879, 0.00307558  
49, 6.89402, 30.4516, 179.739, 0.998535, 0.0537721, -0.0060804, -0.0538461, 0.998468, -0.0127399, 0.00538604, 0.0130487, 0.9999, 0.00297073  
50, 6.89231, 30.4696, 179.741, 0.998509, 0.0541849, -0.00657556, -0.0542753, 0.998422, -0.0144445, 0.0057825, 0.0147799, 0.999874, 0.00284702  
51, 6.91877, 30.441, 179.741, 0.998545, 0.0536135, -0.00573152, -0.0536877, 0.998464, -0.0136835, 0.00498909, 0.0139713, 0.99989, 0.0028337  
52, 6.90416, 30.4741, 179.73, 0.998519, 0.0540674, -0.00610666, -0.0541484, 0.998435, -0.0139682, 0.00534188, 0.0142782, 0.999884, 0.00279598  
53, 6.89526, 30.4468, 179.765, 0.998532, 0.0536531, -0.00743973, -0.0537597, 0.998442, -0.0149556, 0.00662572, 0.0153336, 0.99986, 0.00295547  
54, 6.92384, 30.4742, 179.761, 0.998518, 0.053973, -0.00690882, -0.0540705, 0.998427, -0.0147976, 0.00609928, 0.0151493, 0.999867, 0.00302149  
55, 6.93072, 30.4811, 179.748, 0.998525, 0.0538639, -0.00677033, -0.0539559, 0.998442, -0.0142288, 0.00599336, 0.0145731, 0.999876, 0.00308002  
56, 6.91908, 30.4582, 179.743, 0.998536, 0.0537309, -0.00625456, -0.0538158, 0.998449, -0.014292, 0.00547693, 0.0146077, 0.999878, 0.00296851  
57, 6.90961, 30.4684, 179.735, 0.998533, 0.053748, -0.00660374, -0.0538402, 0.998442, -0.0146847, 0.00580417, 0.0150187, 0.99987, 0.00285479  
58, 6.91767, 30.4592, 179.744, 0.998527, 0.0538979, -0.00620758, -0.0539844, 0.998433, -0.0147275, 0.00540408, 0.0150409, 0.999872, 0.00281928  
59, 6.88953, 30.4399, 179.731, 0.9985, 0.0544871, -0.00545523, -0.0545542, 0.998426, -0.0130105, 0.00473774, 0.0132886, 0.9999, 0.00286477  
60, 6.92039, 30.4907, 179.746, 0.998536, 0.0536174, -0.00709124, -0.0537156, 0.998451, -0.0144712, 0.00630436, 0.0148309, 0.99987, 0.00283121  
61, 6.87932, 30.4614, 179.75, 0.998509, 0.0542102, -0.00646872, -0.0542988, 0.998421, -0.0144091, 0.00567738, 0.0147389, 0.999875, 0.00294521  
62, 6.89027, 30.4667, 179.725, 0.998519, 0.0540892, -0.00589476, -0.0541714, 0.998422, -0.0148235, 0.00508367, 0.0151208, 0.999873, 0.00290971  
63, 6.88455, 30.459, 179.738, 0.998529, 0.0538319, -0.00646303, -0.0539218, 0.998438, -0.0146621, 0.00566364, 0.014989, 0.999872, 0.00307336  
64, 6.89978, 30.4881, 179.778, 0.998556, 0.053346, -0.00630067, -0.0534289, 0.998476, -0.0138106, 0.00555433, 0.0141273, 0.999885, 0.00298848  
65, 6.89795, 30.458, 179.725, 0.998503, 0.0543266, -0.00636345, -0.0544068, 0.998432, -0.0131959, 0.00563658, 0.0135224, 0.999893, 0.00286949  
66, 6.88745, 30.4828, 179.721, 0.99854, 0.0536999, -0.00580382, -0.0537753, 0.998459, -0.0137286, 0.00505765, 0.0140207, 0.999889, 0.00291026  
67, 6.90434, 30.4938, 179.738, 0.998475, 0.0547135, -0.0074114, -0.0548187, 0.998386, -0.0148168, 0.00658876, 0.0152005, 0.999863, 0.00285617  
68, 6.91051, 30.4726, 179.741, 0.998536, 0.0536414, -0.00695723, -0.0537376, 0.99845, -0.0144608, 0.00617075, 0.0148134, 0.999871, 0.00315352  
69, 6.9031, 30.4713, 179.729, 0.998509, 0.0543016, -0.00563562, -0.0543752, 0.998424, -0.0138526, 0.00487453, 0.0141383, 0.999888, 0.00297877  
70, 6.87178, 30.4586, 179.712, 0.99854, 0.0536867, -0.00591976, -0.0537665, 0.998452, -0.0142585, 0.0051451, 0.014556, 0.999881, 0.00283703  
71, 6.88873, 30.4743, 179.737, 0.998531, 0.0537789, -0.00658045, -0.0538662, 0.998452, -0.0138895, 0.00582331, 0.0142235, 0.999882, 0.00294826  
72, 6.91633, 30.4728, 179.725, 0.998542, 0.0536361, -0.00607829, -0.0537169, 0.998458, -0.0140033, 0.00531784, 0.0143094, 0.999883, 0.00288585  
73, 6.90745, 30.4691, 179.748, 0.998536, 0.0536568, -0.00681525, -0.0537544, 0.998441, -0.0150604, 0.00599653, 0.0154047, 0.999863, 0.00303896  
74, 6.9196, 30.4799, 179.748, 0.998544, 0.0535804, -0.0061728, -0.053657, 0.998475, -0.0129803, 0.0054679, 0.0132926, 0.999897, 0.00286838  
75, 6.9069, 30.4766, 179.753, 0.998545, 0.0536208, -0.00565684, -0.0536956, 0.998459, -0.0140234, 0.00489618, 0.0143067, 0.999886, 0.00288918  
76, 6.91559, 30.4768, 179.754, 0.998523, 0.053891, -0.0068899, -0.0539881, 0.998432, -0.0147902, 0.00608203, 0.0151404, 0.999867, 0.00294493  
77, 6.896, 30.475, 179.743, 0.998522, 0.0539069, -0.00697905, -0.0539988, 0.998447, -0.0137248, 0.00622835, 0.0140814, 0.999881, 0.00289722  
78, 6.92635, 30.4737, 179.772, 0.998525, 0.0537876, -0.00735067, -0.0538904, 0.99844, -0.0145795, 0.00655501, 0.0149542, 0.999867, 0.00308612  
79, 6.93091, 30.4647, 179.721, 0.998525, 0.0539515, -0.00613199, -0.0540328, 0.998441, -0.0139785, 0.00536827, 0.0142892, 0.999883, 0.00292635  
80, 6.94064, 30.4622, 179.742, 0.998518, 0.054002, -0.0067838, -0.0540953, 0.998432, -0.0144181, 0.00599455, 0.0147637, 0.999873, 0.00291109  
81, 6.8856, 30.5003, 179.738, 0.998556, 0.0532569, -0.00704586, -0.0533536, 0.998473, -0.0143192, 0.0062725, 0.0146745, 0.999873, 0.00294909  
82, 6.92622, 30.463, 179.741, 0.99855, 0.0534241, -0.00659816, -0.0535115, 0.998471, -0.0138645, 0.00584737, 0.0141975, 0.999882, 0.00298682  
83, 6.91241, 30.4415, 179.75, 0.998492, 0.0544973, -0.00665562, -0.0545861, 0.998411, -0.0139763, 0.00588337, 0.0143186, 0.99988, 0.00297295  
84, 6.89759, 30.4882, 179.742, 0.998515, 0.0540811, -0.00659913, -0.0541736, 0.998423, -0.0147542, 0.0057908, 0.0150898, 0.999869, 0.00293661  
85, 6.92038, 30.4308, 179.748, 0.99853, 0.053864, -0.00607622, -0.0539464, 0.998441, -0.0143289, 0.00529494, 0.0146356, 0.999879, 0.00287698  
86, 6.94009, 30.4738, 179.736, 0.998541, 0.0536252, -0.00636964, -0.0537047, 0.998472, -0.0130522, 0.00565998, 0.0133752, 0.999895, 0.00296047  
87, 6.91023, 30.4319, 179.766, 0.998559, 0.053297, -0.00634179, -0.0533743, 0.998494, -0.0127155, 0.00565453, 0.0130357, 0.999899, 0.00288169  
88, 6.92466, 30.4499, 179.786, 0.998529, 0.0538433, -0.00634813, -0.053926, 0.998451, -0.0136733, 0.00560208, 0.0139955, 0.999886, 0.00289695  
89, 6.92477, 30.4749, 179.738, 0.998519, 0.0539925, -0.00669386, -0.0540851, 0.998431, -0.0145185, 0.00589947, 0.014859, 0.999872, 0.0043027  
90, 6.89889, 30.4492, 179.72, 0.998519, 0.0540582, -0.00605746, -0.0541361, 0.998442, -0.0135296, 0.00531664, 0.0138375, 0.99989, 0.00279875  
91, 6.90108, 30.468, 179.727, 0.998531, 0.0538059, -0.00631837, -0.05389, 0.998449, -0.0139866, 0.005556, 0.0143066, 0.999882, 0.00297739  
92, 6.91082, 30.445, 179.75, 0.998528, 0.053848, -0.00654997, -0.0539408, 0.998432, -0.0149312, 0.00573569, 0.0152625, 0.999867, 0.00282927  
93, 6.9128, 30.4381, 179.744, 0.998515, 0.0541989, -0.0054863, -0.0542679, 0.998437, -0.0133362, 0.00475492, 0.0136141, 0.999896, 0.00309028  
94, 6.89811, 30.4799, 179.727, 0.998539, 0.0537416, -0.00569181, -0.0538126, 0.998464, -0.0131689, 0.00497535, 0.013456, 0.999897, 0.00293412  
95, 6.8851, 30.4727, 179.718, 0.998534, 0.053852, -0.0055264, -0.0539268, 0.998441, -0.0144239, 0.00474103, 0.0147007, 0.999881, 0.00282316  
96, 6.9536, 30.4732, 179.734, 0.998516, 0.0541714, -0.00556523, -0.054245, 0.998429, -0.0140412, 0.00479586, 0.0143222, 0.999886, 0.00288668  
97, 6.90212, 30.4831, 179.733, 0.998488, 0.0545163, -0.00705009, -0.0546138, 0.998403, -0.0144777, 0.00624955, 0.0148408, 0.99987, 0.00285395  
98, 6.91255, 30.4916, 179.754, 0.998522, 0.0539595, -0.00656568, -0.0540464, 0.998442, -0.0138663, 0.00580723, 0.0142006, 0.999882, 0.00309389  
99, 6.90336, 30.4609, 179.756, 0.998501, 0.0544482, -0.00555509, -0.0545215, 0.998414, -0.0140252, 0.00478263, 0.0143071, 0.999886, 0.00295187  
100, 6.91395, 30.4716, 179.756, 0.998516, 0.0540288, -0.00689028, -0.0541207, 0.998437, -0.0139262, 0.0061271, 0.0142784, 0.999879, 0.00288419  
101, 6.90614, 30.4552, 179.746, 0.998516, 0.0540627, -0.00659755, -0.0541544, 0.998426, -0.0146188, 0.00579683, 0.0149544, 0.999871, 0.0029613  
102, 6.89527, 30.4531, 179.751, 0.998524, 0.0538984, -0.00669881, -0.0539904, 0.998438, -0.014399, 0.00591226, 0.0147394, 0.999874, 0.0029821  
103, 6.90908, 30.4373, 179.737, 0.998547, 0.0535815, -0.00576813, -0.0536548, 0.99847, -0.0133995, 0.00504133, 0.0136895, 0.999894, 0.00307641  
104, 6.9067, 30.4686, 179.737, 0.998511, 0.054206, -0.00619282, -0.0542872, 0.99843, -0.0137908, 0.00543556, 0.0141064, 0.999886, 0.00303425  
105, 6.90498, 30.471, 179.74, 0.998513, 0.0541977, -0.00589494, -0.0542753, 0.998429, -0.0139159, 0.00513147, 0.0142152, 0.999886, 0.00284092  
106, 6.92762, 30.4769, 179.724, 0.998497, 0.0544538, -0.00618907, -0.0545378, 0.998409, -0.0143295, 0.00539892, 0.0146455, 0.999878, 0.0029269  
107, 6.90894, 30.4917, 179.73, 0.998511, 0.0542123, -0.00614494, -0.0542929, 0.998429, -0.0138288, 0.0053856, 0.0141418, 0.999885, 0.00283259  
108, 6.89249, 30.4699, 179.729, 0.998512, 0.0541526, -0.0063508, -0.0542408, 0.99842, -0.0146571, 0.00554705, 0.0149798, 0.999872, 0.00318376  
109, 6.90598, 30.4434, 179.75, 0.998506, 0.0543158, -0.00596304, -0.0543923, 0.998428, -0.013512, 0.00521975, 0.0138162, 0.999891, 0.00300651  
110, 6.8907, 30.424, 179.739, 0.998545, 0.0535929, -0.00598481, -0.0536745, 0.998454, -0.0144272, 0.00520236, 0.0147274, 0.999878, 0.00282289  
111, 6.89595, 30.4683, 179.735, 0.998525, 0.0538919, -0.00662702, -0.053983, 0.998437, -0.0144411, 0.00583841, 0.0147776, 0.999874, 0.00302704  
112, 6.91183, 30.4865, 179.751, 0.99853, 0.0536836, -0.0074209, -0.053784, 0.998454, -0.0140665, 0.00665428, 0.014445, 0.999874, 0.00281845  
113, 6.90049, 30.4672, 179.733, 0.998533, 0.0538194, -0.00599457, -0.0538981, 0.99845, -0.013857, 0.00523951, 0.0141598, 0.999886, 0.00282372  
114, 6.90684, 30.4718, 179.756, 0.998527, 0.0539352, -0.00592338, -0.0540157, 0.998436, -0.0144003, 0.00513743, 0.014699, 0.999879, 0.0027724  
115, 6.88511, 30.475, 179.725, 0.998543, 0.0536675, -0.0056142, -0.0537396, 0.998462, -0.0135943, 0.00487599, 0.0138762, 0.999892, 0.00282816  
116, 6.89033, 30.4841, 179.73, 0.998525, 0.0539898, -0.0057938, -0.0540637, 0.998447, -0.0134498, 0.00505865, 0.0137432, 0.999893, 0.00301123  
117, 6.93059, 30.4356, 179.728, 0.998519, 0.0540068, -0.00651808, -0.0540967, 0.99843, -0.0145051, 0.00572447, 0.0148362, 0.999874, 0.00281401  
118, 6.91606, 30.4793, 179.741, 0.998517, 0.0539532, -0.00729033, -0.0540523, 0.998438, -0.0141544, 0.00651526, 0.0145275, 0.999873, 0.00317932  
119, 6.87987, 30.4633, 179.731, 0.998515, 0.054116, -0.00626446, -0.0542016, 0.998426, -0.0144199, 0.00547426, 0.014738, 0.999876, 0.00301012  
120, 6.88672, 30.4701, 179.747, 0.998534, 0.0537715, -0.00615985, -0.0538501, 0.998459, -0.0133961, 0.00543003, 0.0137082, 0.999891, 0.00281956  
121, 6.93577, 30.4491, 179.754, 0.998533, 0.0538221, -0.00589528, -0.0538983, 0.998453, -0.0136298, 0.00515258, 0.0139275, 0.99989, 0.0028068  
122, 6.90422, 30.4651, 179.729, 0.998505, 0.0543077, -0.00622482, -0.0543916, 0.998419, -0.0142039, 0.0054436, 0.0145212, 0.99988, 0.00280874  
123, 6.91831, 30.48, 179.756, 0.998546, 0.0534922, -0.00659383, -0.0535854, 0.998453, -0.0148726, 0.00578805, 0.0152043, 0.999868, 0.00278211  
124, 6.88941, 30.5174, 179.736, 0.998522, 0.0538963, -0.00704689, -0.0539927, 0.998439, -0.0142968, 0.00626534, 0.0146561, 0.999873, 0.00293633  
125, 6.89088, 30.513, 179.727, 0.998544, 0.0536168, -0.00596215, -0.0536922, 0.998469, -0.0133002, 0.00523991, 0.013601, 0.999894, 0.00280624  
126, 6.91316, 30.4831, 179.768, 0.998537, 0.0536429, -0.00677833, -0.0537339, 0.998457, -0.0140458, 0.00601442, 0.0143895, 0.999878, 0.00287753  
127, 6.9329, 30.4668, 179.747, 0.998517, 0.0540065, -0.0068157, -0.0541027, 0.998425, -0.0148338, 0.00600384, 0.0151806, 0.999867, 0.00283176  
128, 6.88726, 30.4831, 179.719, 0.998515, 0.0541394, -0.00600697, -0.05422, 0.998428, -0.0141679, 0.00523049, 0.0144726, 0.999882, 0.00279182  
129, 6.90604, 30.5162, 179.721, 0.998535, 0.0537836, -0.00592472, -0.0538586, 0.99846, -0.0133208, 0.00519915, 0.0136204, 0.999894, 0.00280569  
130, 6.90682, 30.469, 179.735, 0.998523, 0.0540202, -0.00584166, -0.0540926, 0.998451, -0.0130383, 0.00512828, 0.013335, 0.999898, 0.00284674  
131, 6.88695, 30.4684, 179.727, 0.998504, 0.0543847, -0.00570322, -0.0544574, 0.998425, -0.0134888, 0.00496065, 0.0137792, 0.999893, 0.00283454  
132, 6.90189, 30.4476, 179.764, 0.998512, 0.054095, -0.0068827, -0.054192, 0.998421, -0.0147851, 0.00607204, 0.0151361, 0.999867, 0.00279792  
133, 6.88108, 30.4479, 179.745, 0.998566, 0.0531905, -0.00606453, -0.0532703, 0.998484, -0.0138654, 0.00531783, 0.0141685, 0.999885, 0.00296601  
134, 6.89267, 30.4349, 179.761, 0.998535, 0.0537817, -0.00587863, -0.0538564, 0.998459, -0.0133943, 0.0051492, 0.0136913, 0.999893, 0.00282233  
135, 6.88824, 30.4411, 179.751, 0.99851, 0.0541922, -0.00647687, -0.0542799, 0.998424, -0.0142479, 0.00569454, 0.0145782, 0.999878, 0.00281956  
136, 6.89265, 30.4465, 179.757, 0.998554, 0.0534633, -0.00560897, -0.0535376, 0.998467, -0.0140732, 0.00484797, 0.0143532, 0.999885, 0.00284951  
137, 6.88656, 30.4653, 179.75, 0.998529, 0.0538508, -0.00635232, -0.0539361, 0.998445, -0.0141201, 0.00558206, 0.0144419, 0.99988, 0.00299264  
138, 6.90249, 30.4479, 179.734, 0.998527, 0.0539394, -0.00580279, -0.0540127, 0.998452, -0.0133127, 0.00507573, 0.0136065, 0.999895, 0.0029699  
139, 6.91485, 30.4674, 179.744, 0.9985, 0.0543823, -0.00637265, -0.054466, 0.99842, -0.0138043, 0.00561188, 0.0141306, 0.999884, 0.00285229  
140, 6.93385, 30.4575, 179.746, 0.998521, 0.0540101, -0.00616473, -0.0540946, 0.998431, -0.0144843, 0.00537276, 0.0147963, 0.999876, 0.00282899  
141, 6.89893, 30.473, 179.725, 0.998504, 0.0543127, -0.00630279, -0.0543996, 0.998413, -0.0145328, 0.00550348, 0.0148539, 0.999875, 0.00288363  
142, 6.89652, 30.4484, 179.73, 0.998533, 0.053835, -0.00586464, -0.0539148, 0.998441, -0.0144238, 0.00507899, 0.0147188, 0.999879, 0.0028104  
143, 6.91904, 30.4613, 179.752, 0.998521, 0.053915, -0.00702722, -0.0540121, 0.998436, -0.0144495, 0.00623718, 0.0148076, 0.999871, 0.00306643  
144, 6.88422, 30.4597, 179.73, 0.998524, 0.0539357, -0.00646146, -0.0540252, 0.998433, -0.0145906, 0.00566438, 0.0149181, 0.999873, 0.00299542  
145, 6.91697, 30.4612, 179.769, 0.998516, 0.0541148, -0.00604691, -0.0541954, 0.998431, -0.0140791, 0.00527553, 0.0143859, 0.999883, 0.00286422  
146, 6.90486, 30.4812, 179.762, 0.998512, 0.0540864, -0.00695232, -0.05418, 0.998432, -0.0140533, 0.00618133, 0.0144091, 0.999877, 0.00297017  
147, 6.93182, 30.4529, 179.77, 0.998546, 0.0535593, -0.00611106, -0.0536398, 0.998464, -0.0138727, 0.00535866, 0.0141803, 0.999885, 0.00286144  
148, 6.9256, 30.4702, 179.763, 0.998525, 0.0539206, -0.00630414, -0.0540039, 0.998444, -0.0138813, 0.00554584, 0.0142013, 0.999884, 0.00294216  
149, 6.88403, 30.4989, 179.719, 0.998509, 0.0542245, -0.00620396, -0.0543106, 0.998416, -0.0146739, 0.00539845, 0.014989, 0.999873, 0.00287476  
150, 6.89477, 30.4581, 179.774, 0.998529, 0.0539218, -0.00567719, -0.0539987, 0.998437, -0.0144018, 0.00489175, 0.0146872, 0.99988, 0.00284646  
151, 6.89592, 30.4731, 179.703, 0.998521, 0.0540836, -0.00555098, -0.0541588, 0.998428, -0.0144228, 0.00476222, 0.0147021, 0.999881, 0.00291636  
152, 6.90114, 30.4796, 179.703, 0.998508, 0.0542936, -0.00591121, -0.0543744, 0.998415, -0.0145051, 0.00511431, 0.0148049, 0.999877, 0.00285229  
153, 6.92466, 30.4826, 179.73, 0.998546, 0.0536056, -0.0056881, -0.0536785, 0.998466, -0.0135593, 0.00495252, 0.0138449, 0.999892, 0.00306032  
154, 6.92323, 30.4523, 179.712, 0.998527, 0.0538436, -0.00670864, -0.0539399, 0.99843, -0.0151089, 0.00588459, 0.0154485, 0.999863, 0.00286782  
155, 6.93162, 30.4805, 179.741, 0.998577, 0.0530138, -0.00584145, -0.0530856, 0.998507, -0.01291, 0.00514831, 0.0132018, 0.9999, 0.00277823  
156, 6.90095, 30.4941, 179.733, 0.998508, 0.0541722, -0.00681935, -0.0542674, 0.998419, -0.0146595, 0.00601443, 0.0150077, 0.999869, 0.00278128  
157, 6.91625, 30.4721, 179.758, 0.998535, 0.0537815, -0.00597598, -0.0538627, 0.998445, -0.0143677, 0.00519398, 0.0146685, 0.999879, 0.00302399  
158, 6.91709, 30.4664, 179.736, 0.998529, 0.0538221, -0.00650608, -0.0539086, 0.998449, -0.0139357, 0.00574594, 0.014266, 0.999882, 0.00297101  
159, 6.91787, 30.4657, 179.775, 0.998516, 0.0540848, -0.0063175, -0.054172, 0.998425, -0.0145609, 0.00552003, 0.0148815, 0.999874, 0.00296074  
160, 6.90064, 30.4646, 179.771, 0.998529, 0.0538252, -0.00649414, -0.053912, 0.998447, -0.0140257, 0.00572912, 0.0143552, 0.999881, 0.00285479  
161, 6.90739, 30.4443, 179.757, 0.99851, 0.0542082, -0.00625868, -0.0542965, 0.998413, -0.0149182, 0.00544006, 0.0152358, 0.999869, 0.00283343  
162, 6.9151, 30.4533, 179.736, 0.998518, 0.0541633, -0.00527727, -0.0542294, 0.99844, -0.0133109, 0.00454807, 0.0135774, 0.999897, 0.0029552  
163, 6.87768, 30.4744, 179.737, 0.998539, 0.0536379, -0.00657984, -0.0537311, 0.998444, -0.0149222, 0.00576921, 0.0152539, 0.999867, 0.00296102  
164, 6.90257, 30.4732, 179.732, 0.998527, 0.0538299, -0.00672248, -0.053921, 0.998444, -0.0142028, 0.00594748, 0.0145444, 0.999877, 0.00293079  
165, 6.91179, 30.4594, 179.707, 0.998498, 0.0544009, -0.00648207, -0.0544887, 0.998413, -0.014246, 0.00569678, 0.0145778, 0.999878, 0.00287004  
166, 6.90288, 30.4555, 179.758, 0.998532, 0.0538121, -0.00616942, -0.0538926, 0.998453, -0.0137168, 0.00542175, 0.0140291, 0.999887, 0.00296796  
167, 6.87274, 30.4786, 179.749, 0.998562, 0.0532485, -0.00615645, -0.0533301, 0.998479, -0.0139571, 0.0054039, 0.0142653, 0.999884, 0.00307364  
168, 6.91916, 30.4431, 179.732, 0.998533, 0.0538683, -0.00547384, -0.0539411, 0.998444, -0.0141445, 0.00470338, 0.014419, 0.999885, 0.00295464  
169, 6.89256, 30.4787, 179.724, 0.99852, 0.0540073, -0.00636639, -0.0540952, 0.99843, -0.0145648, 0.00556979, 0.0148877, 0.999874, 0.00284979  
170, 6.89481, 30.4548, 179.742, 0.998513, 0.0540507, -0.00702405, -0.0541487, 0.998426, -0.0146038, 0.00622365, 0.0149624, 0.999869, 0.00285978  
171, 6.89292, 30.4395, 179.75, 0.998529, 0.0539153, -0.00568758, -0.0539858, 0.998456, -0.0130592, 0.00497471, 0.0133471, 0.999899, 0.00289584  
172, 6.88392, 30.4383, 179.743, 0.998482, 0.0547195, -0.00634102, -0.0548087, 0.998386, -0.0148588, 0.00551772, 0.0151838, 0.999869, 0.00300096  
173, 6.87363, 30.4662, 179.737, 0.998509, 0.0542079, -0.00645802, -0.0542963, 0.998421, -0.0143953, 0.00566749, 0.0147245, 0.999876, 0.00295991  
174, 6.90233, 30.431, 179.737, 0.998499, 0.0544349, -0.00610387, -0.0545157, 0.998415, -0.01395, 0.00533483, 0.0142618, 0.999884, 0.00290028  
175, 6.90711, 30.4387, 179.727, 0.998511, 0.0542075, -0.00616032, -0.0542896, 0.998427, -0.01404, 0.00538955, 0.0143536, 0.999882, 0.00286422  
176, 6.87818, 30.43, 179.754, 0.998536, 0.0536661, -0.00681012, -0.0537585, 0.998453, -0.0142092, 0.00603703, 0.0145545, 0.999876, 0.00299569  
177, 6.87867, 30.4527, 179.729, 0.99854, 0.053709, -0.00579856, -0.0537823, 0.998464, -0.0133254, 0.00507395, 0.0136178, 0.999894, 0.00302454  
178, 6.88334, 30.4313, 179.73, 0.998508, 0.0542539, -0.00615158, -0.0543309, 0.998437, -0.0131353, 0.00542932, 0.0134499, 0.999895, 0.00294909  
179, 6.88237, 30.4299, 179.722, 0.998488, 0.0546086, -0.0063265, -0.0546963, 0.998396, -0.0146324, 0.00551729, 0.0149563, 0.999873, 0.00297212  
180, 6.86845, 30.4457, 179.738, 0.998532, 0.0538241, -0.00598569, -0.0539048, 0.998444, -0.0142454, 0.00520963, 0.0145472, 0.999881, 0.00282233  
181, 6.87469, 30.4634, 179.745, 0.998499, 0.0543809, -0.00645277, -0.0544695, 0.998411, -0.0144668, 0.0056558, 0.0147966, 0.999875, 0.00294604  
182, 6.89644, 30.4278, 179.76, 0.998503, 0.054341, -0.00618556, -0.0544205, 0.998427, -0.013495, 0.0054425, 0.0138114, 0.99989, 0.00284702  
183, 6.89037, 30.4699, 179.751, 0.998514, 0.0541025, -0.00658366, -0.0541948, 0.998421, -0.0147551, 0.00577498, 0.0150899, 0.999869, 0.00298987  
184, 6.91218, 30.4601, 179.766, 0.998534, 0.0537174, -0.0066499, -0.0538062, 0.998454, -0.0139756, 0.00588888, 0.0143129, 0.99988, 0.00285395  
185, 6.88675, 30.3951, 179.755, 0.998539, 0.0537456, -0.00560511, -0.0538162, 0.998462, -0.0133057, 0.00488136, 0.0135879, 0.999896, 0.0028215  
186, 6.86772, 30.3899, 179.742, 0.998525, 0.0539685, -0.00599908, -0.0540498, 0.998435, -0.0143429, 0.00521563, 0.014646, 0.999879, 0.00295409  
187, 6.86449, 30.4135, 179.761, 0.99853, 0.0538549, -0.00616692, -0.0539344, 0.998453, -0.0135449, 0.00542791, 0.0138576, 0.999889, 0.00430021  
188, 6.89714, 30.3772, 179.77, 0.998549, 0.0535011, -0.0061498, -0.0535784, 0.998477, -0.0131672, 0.00543597, 0.0134776, 0.999894, 0.00277268  
189, 6.8968, 30.4571, 179.751, 0.998528, 0.0538216, -0.00668813, -0.0539138, 0.998441, -0.0144715, 0.00589882, 0.0148108, 0.999873, 0.00270056  
190, 6.88246, 30.4501, 179.749, 0.998497, 0.0543486, -0.00702813, -0.0544458, 0.998412, -0.0144613, 0.00623102, 0.0148222, 0.999871, 0.00285007  
191, 6.91466, 30.4262, 179.746, 0.998494, 0.0544401, -0.00683787, -0.0545313, 0.998415, -0.0139517, 0.0060675, 0.0143036, 0.999879, 0.00277046  
192, 6.8867, 30.4453, 179.729, 0.998501, 0.0543881, -0.00609164, -0.0544701, 0.998414, -0.0142151, 0.00530885, 0.0145256, 0.99988, 0.00305672  
193, 6.89841, 30.4689, 179.77, 0.998538, 0.0536347, -0.0066594, -0.0537222, 0.998461, -0.0137437, 0.00591201, 0.0140813, 0.999883, 0.00287143  
194, 6.90029, 30.4413, 179.748, 0.998544, 0.0536617, -0.00548633, -0.0537318, 0.998464, -0.013547, 0.00475095, 0.013822, 0.999893, 0.00276935  
195, 6.91159, 30.438, 179.741, 0.998549, 0.0534819, -0.00622552, -0.0535627, 0.998471, -0.0136419, 0.00548641, 0.0139555, 0.999888, 0.00303286  
196, 6.89978, 30.4643, 179.743, 0.998546, 0.0535558, -0.00617567, -0.0536341, 0.998472, -0.0132836, 0.00545482, 0.0135956, 0.999893, 0.00304867  
197, 6.95053, 30.4462, 179.749, 0.998574, 0.0530285, -0.00610986, -0.0531075, 0.998496, -0.01358, 0.00538055, 0.0138851, 0.999889, 0.00307752  
198, 6.91, 30.4687, 179.72, 0.998525, 0.0539344, -0.0063017, -0.0540161, 0.998447, -0.0136096, 0.00555789, 0.01393, 0.999888, 0.00278128  
199, 6.89126, 30.433, 179.737, 0.998541, 0.0536029, -0.00649081, -0.0536872, 0.998465, -0.0135917, 0.00575229, 0.0139203, 0.999887, 0.00281623  
200, 6.92076, 30.4584, 179.726, 0.998513, 0.0541501, -0.00628401, -0.0542365, 0.998423, -0.014516, 0.00548805, 0.0148352, 0.999875, 0.00286671  
201, 6.89521, 30.4871, 179.707, 0.998498, 0.0545123, -0.0054282, -0.0545848, 0.998407, -0.0142652, 0.00464192, 0.0145401, 0.999884, 0.00282622  
202, 6.90128, 30.4734, 179.713, 0.998513, 0.0541235, -0.00654637, -0.0542094, 0.998435, -0.0137458, 0.00579215, 0.0140803, 0.999884, 0.00319763  
203, 6.94689, 30.4551, 179.754, 0.998508, 0.0541776, -0.00678262, -0.0542711, 0.998422, -0.0144477, 0.00598917, 0.0147942, 0.999873, 0.00294216  
204, 6.89943, 30.4669, 179.742, 0.998548, 0.0535034, -0.00622887, -0.0535844, 0.99847, -0.0136555, 0.00548872, 0.0139695, 0.999887, 0.00282982  
205, 6.9058, 30.4379, 179.728, 0.998516, 0.0541511, -0.00579953, -0.0542259, 0.998436, -0.0136221, 0.0050528, 0.0139164, 0.99989, 0.0026878  
206, 6.89298, 30.464, 179.737, 0.998523, 0.054051, -0.00543744, -0.0541233, 0.998434, -0.0141816, 0.0046624, 0.0144549, 0.999885, 0.00261679  
207, 6.91744, 30.4735, 179.738, 0.998544, 0.0535577, -0.00648303, -0.0536451, 0.99846, -0.0141464, 0.0057154, 0.0144736, 0.999879, 0.00310526  
208, 6.90081, 30.4335, 179.743, 0.998524, 0.0539586, -0.00619509, -0.0540438, 0.998433, -0.0145225, 0.00540177, 0.0148359, 0.999875, 0.00285673  
209, 6.91574, 30.4784, 179.719, 0.998507, 0.0542459, -0.00646891, -0.0543338, 0.998421, -0.0142831, 0.0056839, 0.0146133, 0.999877, 0.00281928  
210, 6.91716, 30.4664, 179.746, 0.998523, 0.0539834, -0.00619046, -0.0540659, 0.998439, -0.0140396, 0.00542289, 0.0143535, 0.999882, 0.00278932  
211, 6.92844, 30.4553, 179.735, 0.99852, 0.054013, -0.00642787, -0.0541015, 0.99843, -0.014489, 0.00563518, 0.0148153, 0.999874, 0.00281207  
212, 6.9763, 30.4519, 179.735, 0.99851, 0.054321, -0.00520553, -0.0543892, 0.998421, -0.0140183, 0.00443583, 0.0142805, 0.999888, 0.00295852  
213, 6.89831, 30.4587, 179.724, 0.998528, 0.0538878, -0.00622993, -0.0539711, 0.998443, -0.014086, 0.00546117, 0.0144015, 0.999881, 0.00285312  
214, 6.90254, 30.4593, 179.729, 0.998503, 0.05445, -0.00525093, -0.0545202, 0.99841, -0.0143203, 0.00446284, 0.0145852, 0.999884, 0.00281151  
215, 6.91304, 30.4348, 179.725, 0.998493, 0.0545787, -0.00574319, -0.0546551, 0.998406, -0.0141156, 0.00496361, 0.0144083, 0.999884, 0.00292274  
216, 6.89584, 30.4428, 179.728, 0.998483, 0.0546998, -0.00636912, -0.0547909, 0.998383, -0.0151389, 0.00553073, 0.0154649, 0.999865, 0.00281678  
217, 6.95338, 30.4493, 179.74, 0.998538, 0.0537637, -0.00558605, -0.0538372, 0.998452, -0.0139761, 0.004826, 0.0142564, 0.999887, 0.00309527  
218, 6.89441, 30.4464, 179.701, 0.998506, 0.0543168, -0.00587783, -0.0543957, 0.998418, -0.0142245, 0.0050959, 0.014523, 0.999882, 0.00281457  
219, 6.91021, 30.4403, 179.713, 0.998498, 0.054451, -0.00609767, -0.054534, 0.998408, -0.0143896, 0.00530444, 0.0147005, 0.999878, 0.00278461  
220, 6.88431, 30.4441, 179.72, 0.998504, 0.0543737, -0.00578305, -0.0544481, 0.998424, -0.0135971, 0.00503461, 0.0138916, 0.999891, 0.00285895  
221, 6.97748, 30.4368, 179.756, 0.998528, 0.0538184, -0.00670412, -0.0539095, 0.998444, -0.0142449, 0.00592705, 0.0145854, 0.999876, 0.00282649  
222, 6.96311, 30.312, 179.784, 0.998563, 0.0533749, -0.00478109, -0.0534409, 0.998459, -0.014939, 0.00397635, 0.0151731, 0.999877, 0.00277268  
223, 6.9678, 30.2824, 179.844, 0.998634, 0.0521249, -0.00375013, -0.0521767, 0.99852, -0.015358, 0.00294404, 0.0155327, 0.999875, 0.00298626  
224, 6.98376, 30.2895, 179.839, 0.998593, 0.0528264, -0.0045229, -0.0528966, 0.998453, -0.0171407, 0.00361042, 0.0173558, 0.999843, 0.00283398  
225, 6.77813, 30.5033, 179.765, 0.998666, 0.0514973, -0.00369195, -0.0515502, 0.998542, -0.0160403, 0.00286053, 0.0162092, 0.999865, 0.00284924  
226, 6.73333, 30.5275, 179.747, 0.9987, 0.0508787, -0.00322201, -0.0509229, 0.998581, -0.0155856, 0.00242446, 0.0157294, 0.999873, 0.00284147  
227, 6.75146, 30.5262, 179.737, 0.998708, 0.0506911, -0.00354907, -0.050742, 0.998582, -0.0161296, 0.00272641, 0.0162889, 0.999864, 0.00296712  
228, 6.73828, 30.5028, 179.726, 0.998717, 0.0505832, -0.00224993, -0.0506138, 0.99858, -0.0166492, 0.00140456, 0.0167417, 0.999859, 0.00287725  
229, 6.77141, 30.5133, 179.733, 0.998706, 0.0507851, -0.00264126, -0.0508213, 0.998577, -0.0161774, 0.00181593, 0.0162907, 0.999866, 0.00282094  
230, 6.73269, 30.5201, 179.743, 0.998678, 0.0512624, -0.003671, -0.0513166, 0.998544, -0.0166309, 0.00281312, 0.0167973, 0.999855, 0.00281956  
231, 6.78221, 30.544, 179.755, 0.998721, 0.050438, -0.0034108, -0.0504866, 0.998595, -0.0160861, 0.00259466, 0.0162378, 0.999865, 0.00283703  
232, 6.76151, 30.5249, 179.732, 0.998707, 0.050744, -0.00308275, -0.0507889, 0.998567, -0.0168708, 0.00222225, 0.0170055, 0.999853, 0.00304368  
233, 6.74125, 30.5283, 179.762, 0.998707, 0.0507479, -0.00312265, -0.0507926, 0.998574, -0.0164588, 0.00228294, 0.0165961, 0.99986, 0.00286366  
234, 6.7483, 30.5095, 179.742, 0.998694, 0.0509445, -0.0037486, -0.0509996, 0.998563, -0.0164832, 0.00290348, 0.0166528, 0.999857, 0.00283204  
235, 6.73765, 30.5146, 179.763, 0.99867, 0.0513607, -0.00446889, -0.051425, 0.998553, -0.0157291, 0.00365456, 0.015938, 0.999866, 0.00298571  
236, 6.72588, 30.4909, 179.756, 0.998689, 0.0510498, -0.00387182, -0.0511047, 0.998569, -0.0157279, 0.00306337, 0.0159052, 0.999869, 0.00285756  
237, 6.74906, 30.521, 179.807, 0.99871, 0.0506138, -0.00403516, -0.0506703, 0.998597, -0.0153969, 0.0032502, 0.0155815, 0.999873, 0.00298626  
238, 6.74327, 30.4834, 179.789, 0.998659, 0.0515024, -0.0053414, -0.0515867, 0.998523, -0.0170602, 0.00445487, 0.0173129, 0.99984, 0.00287919  
239, 6.73829, 30.4876, 179.774, 0.998661, 0.0516491, -0.00301779, -0.0516899, 0.998542, -0.0155436, 0.00221057, 0.0156788, 0.999875, 0.00278294  
240, 6.74684, 30.4948, 179.781, 0.998705, 0.0506579, -0.00477577, -0.0507294, 0.99858, -0.0162726, 0.00394465, 0.0164938, 0.999856, 0.00287448  
241, 6.7338, 30.5247, 179.776, 0.998699, 0.0508387, -0.00387253, -0.0508925, 0.998586, -0.0153389, 0.00308724, 0.015516, 0.999875, 0.00280985  
242, 6.75812, 30.5263, 179.729, 0.9987, 0.0508765, -0.00317331, -0.0509184, 0.998591, -0.0149397, 0.00240876, 0.0150819, 0.999883, 0.00311968  
243, 6.75751, 30.5185, 179.734, 0.998679, 0.0513131, -0.00266661, -0.0513498, 0.998548, -0.0162514, 0.00182883, 0.0163669, 0.999864, 0.00293106  
244, 6.73925, 30.5483, 179.743, 0.998721, 0.0504737, -0.00312455, -0.0505172, 0.998597, -0.0159029, 0.00231748, 0.0160404, 0.999869, 0.00285173  
245, 6.75276, 30.545, 179.748, 0.998736, 0.0501947, -0.00273544, -0.0502316, 0.998614, -0.0157309, 0.00194204, 0.0158484, 0.999873, 0.00293883  
246, 6.75752, 30.4968, 179.768, 0.998728, 0.0503436, -0.00297801, -0.050385, 0.998601, -0.0160272, 0.00216698, 0.0161569, 0.999867, 0.00287115  
247, 6.77231, 30.5251, 179.753, 0.99868, 0.0511566, -0.00457925, -0.0512275, 0.998542, -0.0170191, 0.00370193, 0.0172312, 0.999845, 0.0030201  
248, 6.74792, 30.5194, 179.766, 0.99871, 0.0505085, -0.00512923, -0.0505847, 0.998591, -0.0160137, 0.00431317, 0.0162525, 0.999859, 0.00284258  
249, 6.74868, 30.516, 179.744, 0.998697, 0.0509164, -0.00354561, -0.0509687, 0.998561, -0.0166928, 0.00269056, 0.0168518, 0.999854, 0.0029208  
250, 6.75927, 30.5199, 179.735, 0.998664, 0.0515217, -0.00399108, -0.0515759, 0.998557, -0.0149358, 0.00321581, 0.0151217, 0.99988, 0.00296158  
251, 6.74154, 30.5341, 179.753, 0.998693, 0.0509565, -0.00385532, -0.0510092, 0.998584, -0.0151035, 0.00308024, 0.0152804, 0.999879, 0.00293328  
252, 6.74994, 30.5097, 179.75, 0.998718, 0.0504898, -0.00360637, -0.0505416, 0.998592, -0.0161277, 0.002787, 0.0162893, 0.999863, 0.00316961  
253, 6.78623, 30.504, 179.743, 0.998693, 0.0509611, -0.0038514, -0.0510139, 0.998583, -0.0151334, 0.00307472, 0.0153101, 0.999878, 0.00286838  
254, 6.73309, 30.5334, 179.739, 0.99872, 0.0504714, -0.00338816, -0.0505194, 0.998595, -0.0159905, 0.00257634, 0.0161412, 0.999866, 0.00293966  
255, 6.75798, 30.5051, 179.763, 0.998709, 0.0506956, -0.00317556, -0.0507393, 0.998589, -0.0156509, 0.00237765, 0.0157918, 0.999872, 0.00287725  
256, 6.74601, 30.4899, 179.765, 0.998694, 0.0509704, -0.00353278, -0.0510218, 0.998562, -0.0164586, 0.0026888, 0.0166173, 0.999858, 0.002938  
257, 6.72638, 30.5193, 179.746, 0.998708, 0.0507339, -0.00277654, -0.0507716, 0.998586, -0.0157843, 0.00197181, 0.0159049, 0.999872, 0.00285867  
258, 6.65525, 30.6753, 179.639, 0.998668, 0.0514775, -0.00358063, -0.0515222, 0.998577, -0.0137562, 0.0028674, 0.0139223, 0.999899, 0.00433876  
259, 6.70187, 30.6613, 179.635, 0.998623, 0.0522549, -0.00459147, -0.0523168, 0.998524, -0.0145825, 0.00382269, 0.0148026, 0.999883, 0.00290444  
260, 6.70939, 30.6294, 179.648, 0.998632, 0.0520902, -0.00450443, -0.0521509, 0.998532, -0.0146228, 0.00373612, 0.0148377, 0.999883, 0.00284286  
261, 6.69383, 30.6498, 179.656, 0.998624, 0.0521959, -0.0050674, -0.0522679, 0.998516, -0.0153221, 0.00426012, 0.0155659, 0.99987, 0.00293772  
262, 6.72381, 30.6497, 179.656, 0.998627, 0.0520891, -0.00550647, -0.0521644, 0.998532, -0.0145564, 0.00474016, 0.0148236, 0.999879, 0.00312024  
263, 6.91652, 30.473, 179.728, 0.998553, 0.0534535, -0.00588917, -0.0535262, 0.998482, -0.0129762, 0.00518661, 0.0132726, 0.999898, 0.00295409  
264, 6.92357, 30.501, 179.74, 0.998561, 0.0532507, -0.00633471, -0.0533321, 0.998486, -0.0134527, 0.00560875, 0.0137712, 0.999889, 0.00284535  
265, 6.9371, 30.4698, 179.755, 0.998545, 0.0535669, -0.00613494, -0.0536481, 0.998463, -0.0139387, 0.00537886, 0.0142476, 0.999884, 0.00282205  
266, 6.881, 30.4823, 179.721, 0.998528, 0.0539462, -0.00557094, -0.0540139, 0.998458, -0.012815, 0.00487103, 0.0130971, 0.999902, 0.00283509  
267, 6.91029, 30.486, 179.716, 0.998505, 0.0543143, -0.00615795, -0.054397, 0.998419, -0.0141653, 0.00537883, 0.0144791, 0.999881, 0.00302593  
268, 6.91506, 30.4723, 179.74, 0.998551, 0.0534737, -0.00599829, -0.0535533, 0.998467, -0.0140044, 0.00524023, 0.0143053, 0.999884, 0.00289445  
269, 6.9283, 30.477, 179.746, 0.998527, 0.0538761, -0.0064292, -0.0539626, 0.998443, -0.0141399, 0.00565739, 0.0144661, 0.999879, 0.00287587  
270, 6.91699, 30.4669, 179.73, 0.998515, 0.0541867, -0.00562531, -0.0542578, 0.998438, -0.0133536, 0.00489293, 0.013639, 0.999895, 0.00286033  
271, 6.90369, 30.4784, 179.724, 0.998543, 0.0536618, -0.00576755, -0.0537372, 0.99846, -0.0138145, 0.00501736, 0.0141043, 0.999888, 0.00279404  
272, 6.89956, 30.5102, 179.725, 0.998543, 0.0535816, -0.00636017, -0.0536679, 0.998457, -0.0142794, 0.00558524, 0.0145999, 0.999878, 0.00279182  
273, 6.93129, 30.4612, 179.733, 0.998526, 0.0539251, -0.006171, -0.0540034, 0.998452, -0.0133169, 0.00544333, 0.0136306, 0.999892, 0.00273274  
274, 6.92018, 30.4622, 179.75, 0.998534, 0.0537135, -0.00662895, -0.0537979, 0.998463, -0.0132872, 0.00590506, 0.0136244, 0.99989, 0.00283176  
275, 6.88432, 30.4691, 179.747, 0.998527, 0.0538561, -0.00652125, -0.0539481, 0.998433, -0.0148641, 0.0057105, 0.0151941, 0.999868, 0.00297378  
276, 6.91248, 30.5102, 179.737, 0.998539, 0.0537172, -0.00583367, -0.0537928, 0.998458, -0.0136851, 0.00508955, 0.0139789, 0.999889, 0.00285534  
