0, 0, 0, 0, 0, 0, 0, 0, 0, 0, 0, 0, 0, 0.00665987  
1, 0, 0, 0, 0, 0, 0, 0, 0, 0, 0, 0, 0, 0.00268253  
2, 10.2781, 10.5598, 180.112, 0.999218, 0.0375409, 0.0123724, -0.0374697, 0.99928, -0.00593483, -0.0125863, 0.0054666, 0.999906, 0.00266339  
3, 10.2919, 10.5496, 180.137, 0.999226, 0.037229, 0.0126874, -0.0371548, 0.999291, -0.0060316, -0.012903, 0.00555553, 0.999901, 0.00278572  
4, 10.273, 10.5281, 180.119, 0.999202, 0.0377851, 0.0129489, -0.037713, 0.999272, -0.00576118, -0.0131572, 0.00526824, 0.9999, 0.00295325  
5, 10.2502, 10.5196, 180.121, 0.999227, 0.037249, 0.0125603, -0.0371758, 0.999291, -0.00600544, -0.0127751, 0.00553386, 0.999903, 0.00282566  
6, 10.2743, 10.5029, 180.126, 0.999228, 0.0372683, 0.0124208, -0.0372004, 0.999292, -0.00564922, -0.0126226, 0.0051828, 0.999907, 0.00297822  
7, 10.2604, 10.529, 180.121, 0.999211, 0.0377135, 0.0124243, -0.0376299, 0.999268, -0.00689196, -0.0126751, 0.006419, 0.999899, 0.00279515  
8, 10.2794, 10.5335, 180.126, 0.999212, 0.0376444, 0.0125867, -0.0375775, 0.999279, -0.00551361, -0.0127852, 0.00503629, 0.999906, 0.00288585  
9, 10.2901, 10.5106, 180.115, 0.999217, 0.0371475, 0.0136131, -0.0370875, 0.999301, -0.00463701, -0.0137758, 0.00412851, 0.999897, 0.00284924  
10, 10.264, 10.4962, 180.105, 0.999209, 0.0375114, 0.0132373, -0.0374366, 0.999282, -0.00584851, -0.0134471, 0.00534832, 0.999895, 0.00289279  
11, 10.2699, 10.4907, 180.119, 0.99922, 0.0375614, 0.0122037, -0.037488, 0.999278, -0.00619236, -0.0124275, 0.00573004, 0.999906, 0.00300651  
12, 10.2452, 10.5121, 180.134, 0.999226, 0.0372352, 0.0127246, -0.0371584, 0.99929, -0.00622087, -0.0129472, 0.00574322, 0.9999, 0.00291359  
13, 10.2635, 10.4955, 180.124, 0.999209, 0.0375989, 0.0129531, -0.0375134, 0.999273, -0.00678076, -0.0131986, 0.00628948, 0.999893, 0.00291692  
14, 10.2885, 10.5183, 180.127, 0.999203, 0.0378181, 0.0127829, -0.0377364, 0.999266, -0.0065741, -0.0130221, 0.00608648, 0.999897, 0.00296823  
15, 10.2459, 10.51, 180.125, 0.999244, 0.0370353, 0.0118474, -0.0369596, 0.999295, -0.00654694, -0.0120815, 0.00610412, 0.999908, 0.00290028  
16, 10.236, 10.5132, 180.107, 0.999228, 0.0373917, 0.012024, -0.0373213, 0.999285, -0.00602654, -0.0122407, 0.00557314, 0.99991, 0.00297156  
17, 10.2493, 10.4676, 180.107, 0.999211, 0.0377435, 0.0123735, -0.0376664, 0.99927, -0.0064033, -0.0126061, 0.00593219, 0.999903, 0.00291331  
18, 10.2511, 10.4922, 180.111, 0.999231, 0.0369747, 0.0130289, -0.0369038, 0.999303, -0.00564417, -0.0132285, 0.00515902, 0.999899, 0.00284896  
19, 10.2266, 10.4894, 180.117, 0.999228, 0.0370935, 0.0129491, -0.0370177, 0.999296, -0.00604684, -0.0131643, 0.00556282, 0.999898, 0.00284119  
20, 10.2421, 10.4988, 180.103, 0.999234, 0.0370608, 0.0125411, -0.036991, 0.999299, -0.00575406, -0.0127456, 0.00528575, 0.999905, 0.00292247  
21, 10.2219, 10.4883, 180.112, 0.99923, 0.0373423, 0.0120235, -0.0372645, 0.999283, -0.0066339, -0.0122626, 0.00618074, 0.999906, 0.00284979  
22, 10.2338, 10.5145, 180.126, 0.999222, 0.0374641, 0.0123099, -0.0373855, 0.999279, -0.00655371, -0.0125466, 0.00608841, 0.999903, 0.00293883  
23, 10.2653, 10.522, 180.113, 0.999215, 0.0379022, 0.011521, -0.0378216, 0.999259, -0.00713482, -0.0117829, 0.00669348, 0.999908, 0.00297794  
24, 10.2268, 10.5251, 180.104, 0.999225, 0.0372816, 0.0126535, -0.0372005, 0.999286, -0.00658408, -0.0128899, 0.00610826, 0.999898, 0.00294715  
25, 10.1988, 10.4845, 180.131, 0.999214, 0.037163, 0.0138093, -0.0370855, 0.999295, -0.005827, -0.0140162, 0.00531029, 0.999888, 0.00283232  
26, 10.2396, 10.5118, 180.123, 0.99918, 0.0381124, 0.0136508, -0.0380294, 0.999257, -0.00628471, -0.0138801, 0.00576043, 0.999887, 0.00293412  
27, 10.281, 10.511, 180.107, 0.999217, 0.0374792, 0.0126617, -0.0374049, 0.999282, -0.00605872, -0.0128797, 0.00558037, 0.999901, 0.00280181  
28, 10.2894, 10.5074, 180.106, 0.999202, 0.0377149, 0.0131568, -0.0376508, 0.999278, -0.00508939, -0.0133392, 0.00458996, 0.9999, 0.00295436  
29, 10.2737, 10.515, 180.1, 0.999199, 0.0379771, 0.0126024, -0.0379025, 0.999263, -0.00611134, -0.0128252, 0.00562879, 0.999902, 0.0031416  
30, 10.244, 10.5473, 180.132, 0.999223, 0.0374435, 0.0122904, -0.0373778, 0.999286, -0.00552591, -0.0124885, 0.00506223, 0.999909, 0.00265479  
31, 10.2887, 10.5493, 180.113, 0.999236, 0.0371703, 0.0121066, -0.0370952, 0.999291, -0.00637023, -0.0123348, 0.00591626, 0.999906, 0.0028423  
32, 10.3264, 10.5177, 180.118, 0.999225, 0.0374587, 0.0121341, -0.0373823, 0.99928, -0.00646088, -0.0123674, 0.00600227, 0.999906, 0.00288363  
33, 10.2674, 10.5075, 180.115, 0.999189, 0.0380942, 0.0130208, -0.0380213, 0.99926, -0.00580523, -0.0132323, 0.00530545, 0.999898, 0.00302204  
34, 10.267, 10.559, 180.121, 0.999222, 0.0374155, 0.0124414, -0.0373435, 0.999285, -0.00597116, -0.0126559, 0.00550192, 0.999905, 0.00302121  
35, 10.3018, 10.5373, 180.113, 0.999217, 0.0374643, 0.0127148, -0.0373797, 0.999278, -0.00682796, -0.0129614, 0.00634734, 0.999896, 0.0028068  
36, 10.2799, 10.5406, 180.112, 0.999206, 0.0376219, 0.0131179, -0.0375495, 0.999278, -0.00572354, -0.0133238, 0.00522643, 0.999898, 0.00279099  
37, 10.3112, 10.5409, 180.131, 0.999206, 0.0374776, 0.0135492, -0.037391, 0.999279, -0.00659002, -0.0137864, 0.00607817, 0.999886, 0.00279626  
38, 10.3099, 10.5626, 180.089, 0.999207, 0.0377661, 0.0125911, -0.0376938, 0.999272, -0.00592631, -0.0128057, 0.005447, 0.999903, 0.00286616  
39, 10.3245, 10.5528, 180.106, 0.999214, 0.0376394, 0.0124643, -0.0375643, 0.999275, -0.00620224, -0.0126887, 0.00572915, 0.999903, 0.00301955  
40, 10.3142, 10.5564, 180.122, 0.999203, 0.0376536, 0.0132217, -0.0375736, 0.999274, -0.00625132, -0.0134474, 0.00574956, 0.999893, 0.00282344  
41, 10.2619, 10.5779, 180.115, 0.999203, 0.0378007, 0.0128546, -0.0377372, 0.999274, -0.00514704, -0.0130399, 0.00465784, 0.999904, 0.00295492  
42, 10.3369, 10.5734, 180.14, 0.99921, 0.0376492, 0.0127108, -0.0375778, 0.999277, -0.005809, -0.0129203, 0.00532677, 0.999902, 0.00296296  
43, 10.2858, 10.5731, 180.124, 0.999195, 0.0377176, 0.0136701, -0.0376415, 0.999275, -0.00577976, -0.0138782, 0.00526054, 0.99989, 0.00306615  
44, 10.2994, 10.5393, 180.141, 0.999201, 0.0376918, 0.0132596, -0.0376045, 0.99927, -0.00677664, -0.0135053, 0.00627261, 0.999889, 0.0028387  
45, 10.2816, 10.5598, 180.128, 0.999196, 0.037833, 0.0132983, -0.0377772, 0.999276, -0.00442345, -0.013456, 0.00391752, 0.999902, 0.00294549  
46, 10.2848, 10.5642, 180.111, 0.999209, 0.0376927, 0.0126812, -0.0376249, 0.999277, -0.00554253, -0.0128809, 0.00506102, 0.999904, 0.00285728  
47, 10.2873, 10.5555, 180.112, 0.999212, 0.0373443, 0.0134259, -0.0372811, 0.999293, -0.00492586, -0.0136004, 0.00442144, 0.999898, 0.00285007  
48, 10.2702, 10.5495, 180.126, 0.999197, 0.037984, 0.0127496, -0.0379095, 0.999263, -0.00602994, -0.0129692, 0.00554176, 0.999901, 0.00298044  
49, 10.237, 10.5432, 180.097, 0.999208, 0.0376817, 0.0127707, -0.0376056, 0.999274, -0.00614534, -0.012993, 0.00566022, 0.9999, 0.00296685  
50, 10.2924, 10.5464, 180.118, 0.999192, 0.038248, 0.0123447, -0.0381679, 0.999249, -0.0066654, -0.0125904, 0.00618885, 0.999902, 0.00284563  
51, 10.2501, 10.568, 180.114, 0.999199, 0.0379558, 0.0127005, -0.0378825, 0.999264, -0.00596403, -0.0129175, 0.00547812, 0.999902, 0.00283149  
52, 10.2847, 10.5668, 180.108, 0.999194, 0.0379782, 0.0129623, -0.0379153, 0.999268, -0.00506608, -0.0131452, 0.00457053, 0.999903, 0.00281567  
53, 10.244, 10.5796, 180.118, 0.999201, 0.0378509, 0.0128454, -0.0377692, 0.999265, -0.00654166, -0.0130835, 0.00605127, 0.999896, 0.00285368  
54, 10.2578, 10.5716, 180.092, 0.999174, 0.0383592, 0.0133974, -0.0382867, 0.999251, -0.00562682, -0.0136032, 0.00510923, 0.999894, 0.00303619  
55, 10.2849, 10.5722, 180.128, 0.999199, 0.0376362, 0.0135769, -0.0375746, 0.999282, -0.00476253, -0.0137464, 0.00424857, 0.999896, 0.00292746  
56, 10.2655, 10.5526, 180.096, 0.999206, 0.0377454, 0.0127178, -0.0376751, 0.999274, -0.00572084, -0.0129245, 0.00523715, 0.999903, 0.00278239  
57, 10.267, 10.5752, 180.132, 0.999194, 0.038088, 0.0127032, -0.0380122, 0.999258, -0.00615763, -0.0129283, 0.00566979, 0.9999, 0.00294521  
58, 10.2656, 10.5391, 180.115, 0.999233, 0.0372796, 0.0119747, -0.0371987, 0.999284, -0.00691644, -0.012224, 0.00646569, 0.999904, 0.00295742  
59, 10.2734, 10.5797, 180.131, 0.999208, 0.037609, 0.012993, -0.0375336, 0.999277, -0.00599201, -0.0132089, 0.00549959, 0.999898, 0.00291276  
60, 10.2566, 10.509, 180.113, 0.99922, 0.0372728, 0.013048, -0.0372054, 0.999293, -0.00537343, -0.013239, 0.00488379, 0.9999, 0.00287004  
61, 10.2707, 10.5285, 180.114, 0.999211, 0.0380236, 0.0114582, -0.0379513, 0.999259, -0.00645694, -0.0116952, 0.00601699, 0.999914, 0.00293439  
62, 10.2542, 10.5525, 180.099, 0.999206, 0.0379627, 0.0121099, -0.0378909, 0.999263, -0.00610449, -0.0123327, 0.00564079, 0.999908, 0.00417483  
63, 10.2898, 10.5171, 180.113, 0.999196, 0.0378835, 0.0131507, -0.0378102, 0.999268, -0.00578268, -0.0133601, 0.0052808, 0.999897, 0.00292247  
64, 10.2776, 10.5223, 180.11, 0.999204, 0.0377986, 0.0127541, -0.037716, 0.999266, -0.00665504, -0.0129963, 0.00616871, 0.999897, 0.00292663  
65, 10.3166, 10.5407, 180.129, 0.999186, 0.0380735, 0.0133086, -0.0380044, 0.999263, -0.00540995, -0.0135048, 0.00489977, 0.999897, 0.00279459  
66, 10.2548, 10.4981, 180.112, 0.999215, 0.037523, 0.0127129, -0.0374418, 0.999277, -0.00657146, -0.0129503, 0.00609031, 0.999898, 0.00283537  
67, 10.2405, 10.5156, 180.109, 0.999223, 0.0373027, 0.0127163, -0.0372233, 0.999286, -0.00642574, -0.0129469, 0.00594741, 0.999898, 0.00298626  
68, 10.2669, 10.5208, 180.117, 0.999204, 0.0376526, 0.0131608, -0.0375722, 0.999274, -0.00630841, -0.0133888, 0.00580891, 0.999893, 0.0029405  
69, 10.2812, 10.4977, 180.12, 0.999198, 0.0378251, 0.013158, -0.0377502, 0.99927, -0.00589059, -0.0133712, 0.00538915, 0.999896, 0.00279515  
70, 10.2791, 10.497, 180.123, 0.999197, 0.0378564, 0.0130987, -0.037778, 0.999267, -0.00618555, -0.0133233, 0.00568574, 0.999895, 0.00280319  
71, 10.2577, 10.4979, 180.104, 0.999198, 0.037876, 0.0129635, -0.0377885, 0.999262, -0.00693055, -0.0132165, 0.00643512, 0.999892, 0.00280819  
72, 10.2594, 10.4654, 180.115, 0.999242, 0.0370895, 0.0118349, -0.0370023, 0.999287, -0.00749788, -0.0121046, 0.00705427, 0.999902, 0.00280874  
73, 10.2603, 10.4965, 180.124, 0.999232, 0.0371217, 0.0125625, -0.0370519, 0.999297, -0.0057397, -0.0127667, 0.00526982, 0.999905, 0.0029649  
74, 10.2428, 10.4677, 180.088, 0.999205, 0.0377936, 0.0126703, -0.0377058, 0.999264, -0.00709724, -0.0129292, 0.00661386, 0.999895, 0.00279237  
75, 10.2755, 10.4839, 180.108, 0.999217, 0.0374654, 0.0127519, -0.0373836, 0.999279, -0.00660021, -0.0129899, 0.00611832, 0.999897, 0.00279626  
76, 10.2571, 10.4962, 180.121, 0.999226, 0.0370836, 0.0130995, -0.0370071, 0.999297, -0.00603415, -0.0133141, 0.0055447, 0.999896, 0.00291276  
77, 10.2545, 10.4999, 180.145, 0.999213, 0.0374225, 0.0131814, -0.0373586, 0.999289, -0.00506804, -0.0133617, 0.00457161, 0.9999, 0.00288641  
78, 10.2689, 10.4928, 180.14, 0.999191, 0.0378731, 0.0134936, -0.0378033, 0.999271, -0.00538634, -0.0136878, 0.00487188, 0.999894, 0.00280541  
79, 10.232, 10.4816, 180.123, 0.99922, 0.0374675, 0.0124547, -0.0373943, 0.999282, -0.00606177, -0.0126729, 0.00559131, 0.999904, 0.00280125  
80, 10.2607, 10.4939, 180.138, 0.999204, 0.0373028, 0.0141268, -0.0372339, 0.999294, -0.00511018, -0.0143074, 0.00458011, 0.999887, 0.0028276  
81, 10.2247, 10.5116, 180.122, 0.999209, 0.037551, 0.0131242, -0.0374785, 0.999281, -0.00572642, -0.0133298, 0.00523002, 0.999897, 0.00291276  
82, 10.238, 10.5119, 180.095, 0.999199, 0.0380362, 0.0124092, -0.0379673, 0.999262, -0.00574074, -0.0126184, 0.005265, 0.999907, 0.00289001  
83, 10.2724, 10.4931, 180.143, 0.999226, 0.0371692, 0.0128397, -0.0370942, 0.999294, -0.00603576, -0.0130549, 0.00555481, 0.999899, 0.00283676  
84, 10.2949, 10.4989, 180.141, 0.999219, 0.0372861, 0.0131042, -0.0372248, 0.999295, -0.00488664, -0.0132772, 0.00439502, 0.999902, 0.00284896  
85, 10.2484, 10.4852, 180.133, 0.999214, 0.0372701, 0.0135376, -0.0371943, 0.999291, -0.00581234, -0.0137446, 0.00530425, 0.999891, 0.00283565  
86, 10.265, 10.4897, 180.136, 0.999214, 0.0375633, 0.0126519, -0.0374936, 0.999281, -0.00570117, -0.0128569, 0.00522232, 0.999904, 0.00286227  
87, 10.2661, 10.5215, 180.135, 0.999217, 0.0374917, 0.0126298, -0.037424, 0.999284, -0.00555554, -0.0128291, 0.00507853, 0.999905, 0.00287198  
88, 10.2386, 10.5215, 180.149, 0.99921, 0.0375625, 0.0130035, -0.0374889, 0.99928, -0.00586175, -0.0132143, 0.00536963, 0.999898, 0.00282843  
89, 10.2643, 10.517, 180.136, 0.999209, 0.0377358, 0.0125582, -0.0376645, 0.999273, -0.00587042, -0.0127706, 0.00539277, 0.999904, 0.00284785  
90, 10.3178, 10.5436, 180.159, 0.999196, 0.0378904, 0.0130849, -0.0378208, 0.999269, -0.00552631, -0.0132847, 0.00502699, 0.999899, 0.00283149  
91, 10.2679, 10.5676, 180.13, 0.999208, 0.0375068, 0.0133203, -0.0374548, 0.99929, -0.00413806, -0.013466, 0.00363588, 0.999903, 0.00288058  
92, 10.2624, 10.5598, 180.13, 0.999201, 0.0377619, 0.0131193, -0.0376856, 0.999272, -0.00600977, -0.0133367, 0.00551056, 0.999896, 0.00287448  
93, 10.2504, 10.5356, 180.123, 0.999205, 0.0378897, 0.0123919, -0.0378151, 0.999266, -0.00619603, -0.0126175, 0.00572251, 0.999904, 0.00293689  
94, 10.3277, 10.5616, 180.159, 0.999198, 0.0378983, 0.0129418, -0.0378315, 0.99927, -0.00536493, -0.0131356, 0.00487102, 0.999902, 0.00288502  
95, 10.3001, 10.5501, 180.105, 0.999203, 0.0377668, 0.0129535, -0.037684, 0.999268, -0.00658363, -0.0131926, 0.00609024, 0.999894, 0.00293578  
96, 10.3012, 10.5585, 180.127, 0.999209, 0.037614, 0.01287, -0.037543, 0.999279, -0.00571798, -0.0130758, 0.00523028, 0.999901, 0.00292524  
97, 10.2928, 10.5675, 180.133, 0.999199, 0.0378024, 0.013141, -0.0377304, 0.999272, -0.00568306, -0.0133463, 0.00518269, 0.999898, 0.00289556  
98, 10.2794, 10.5564, 180.13, 0.9992, 0.0378448, 0.0129456, -0.0377668, 0.999267, -0.00621584, -0.0131714, 0.00572195, 0.999897, 0.002976  
99, 10.275, 10.5599, 180.119, 0.999217, 0.0374117, 0.0128864, -0.037334, 0.999283, -0.00621851, -0.0131098, 0.00573254, 0.999898, 0.00289861  
100, 10.309, 10.5792, 180.125, 0.999188, 0.0379111, 0.0136742, -0.0378474, 0.999272, -0.00488577, -0.0138495, 0.00436427, 0.999895, 0.00295825  
101, 10.2675, 10.5632, 180.101, 0.999225, 0.0372784, 0.0126121, -0.0371955, 0.999285, -0.00674654, -0.0128546, 0.0062722, 0.999898, 0.00308335  
102, 10.2923, 10.5562, 180.11, 0.999207, 0.0377319, 0.0127377, -0.0376673, 0.999276, -0.0052788, -0.0129277, 0.00479482, 0.999905, 0.00289778  
103, 10.2669, 10.5436, 180.086, 0.999189, 0.0382292, 0.012616, -0.0381454, 0.999249, -0.00682108, -0.0128673, 0.00633431, 0.999897, 0.00318043  
104, 10.2743, 10.5484, 180.115, 0.999217, 0.0370827, 0.0137639, -0.0370081, 0.999299, -0.00563302, -0.0139632, 0.00511924, 0.999889, 0.00298848  
105, 10.2915, 10.5718, 180.111, 0.999232, 0.0370236, 0.0128325, -0.0369581, 0.999303, -0.00530326, -0.0130199, 0.00482493, 0.999904, 0.00294993  
106, 10.2789, 10.5673, 180.091, 0.999205, 0.0379445, 0.0121906, -0.0378666, 0.999261, -0.00655387, -0.0124302, 0.00608705, 0.999904, 0.00288724  
107, 10.2914, 10.5472, 180.115, 0.999207, 0.0376101, 0.0130649, -0.0375436, 0.999281, -0.00529702, -0.0132547, 0.00480232, 0.999901, 0.00289334  
108, 10.2642, 10.545, 180.104, 0.99924, 0.0370958, 0.0120053, -0.0370188, 0.999293, -0.00657676, -0.0122407, 0.00612734, 0.999906, 0.00294743  
109, 10.2574, 10.556, 180.106, 0.99921, 0.0374697, 0.0132354, -0.0373998, 0.999285, -0.00549344, -0.0134318, 0.0049941, 0.999897, 0.00293744  
110, 10.3019, 10.5395, 180.11, 0.999195, 0.0373902, 0.0145149, -0.0373292, 0.999293, -0.00445764, -0.0146713, 0.00391222, 0.999885, 0.00291692  
111, 10.2967, 10.5282, 180.148, 0.999225, 0.0369993, 0.0134626, -0.0369365, 0.999306, -0.00488465, -0.013634, 0.0043836, 0.999897, 0.00319291  
112, 10.2638, 10.5834, 180.104, 0.999193, 0.037845, 0.0134592, -0.0377709, 0.99927, -0.0057133, -0.0136656, 0.00520033, 0.999893, 0.0028803  
113, 10.264, 10.5793, 180.142, 0.999209, 0.0372181, 0.0139746, -0.037157, 0.999299, -0.00460834, -0.0141364, 0.00408544, 0.999892, 0.00316767  
114, 10.3203, 10.5514, 180.154, 0.999202, 0.0379582, 0.0124562, -0.0378776, 0.99926, -0.00664389, -0.0126992, 0.00616678, 0.9999, 0.00286061  
115, 10.2525, 10.5385, 180.107, 0.999217, 0.0376234, 0.0122675, -0.0375449, 0.999273, -0.00656511, -0.0125055, 0.00609938, 0.999903, 0.00300318  
116, 10.2588, 10.5241, 180.132, 0.999213, 0.0374305, 0.0131184, -0.0373495, 0.999282, -0.00636581, -0.0133473, 0.00587083, 0.999894, 0.0028767  
117, 10.2726, 10.5341, 180.14, 0.999223, 0.0373259, 0.0126183, -0.0372579, 0.99929, -0.00558297, -0.0128178, 0.00510851, 0.999905, 0.00297212  
118, 10.2547, 10.5391, 180.119, 0.999196, 0.0380323, 0.012702, -0.0379516, 0.999258, -0.00653815, -0.0129412, 0.00605083, 0.999898, 0.00289279  
119, 10.2731, 10.5185, 180.127, 0.99921, 0.0375694, 0.0129865, -0.0375023, 0.999282, -0.00537403, -0.0131791, 0.00488276, 0.999901, 0.00289445  
120, 10.2584, 10.5201, 180.132, 0.999233, 0.0371668, 0.012298, -0.0371077, 0.999299, -0.00499912, -0.0124752, 0.00453893, 0.999912, 0.00284341  
121, 10.2596, 10.5114, 180.126, 0.99921, 0.0375264, 0.0130987, -0.0374565, 0.999283, -0.00554782, -0.0132975, 0.00505281, 0.999899, 0.00283121  
122, 10.2361, 10.5203, 180.114, 0.999213, 0.0375222, 0.0128354, -0.0374501, 0.999282, -0.00581175, -0.0130442, 0.00532649, 0.999901, 0.00300069  
123, 10.2692, 10.4925, 180.135, 0.999224, 0.037261, 0.012782, -0.0371877, 0.999291, -0.00592817, -0.0129938, 0.00544824, 0.999901, 0.00300901  
124, 10.2656, 10.522, 180.134, 0.99924, 0.0371734, 0.0117609, -0.0370985, 0.99929, -0.00652499, -0.0119951, 0.00608372, 0.99991, 0.00300818  
125, 10.3123, 10.4999, 180.153, 0.99921, 0.0377961, 0.01228, -0.0377162, 0.999266, -0.00667521, -0.0125233, 0.00620678, 0.999902, 0.00284369  
126, 10.2411, 10.513, 180.11, 0.999218, 0.0374299, 0.0127814, -0.0373493, 0.999281, -0.00649089, -0.0130152, 0.00600843, 0.999897, 0.00277573  
127, 10.2599, 10.5037, 180.137, 0.999231, 0.0373476, 0.0119426, -0.0372674, 0.999282, -0.0068658, -0.0121904, 0.00641545, 0.999905, 0.00294299  
128, 10.2436, 10.5231, 180.119, 0.999229, 0.0372305, 0.0124684, -0.0371551, 0.99929, -0.00622479, -0.0126913, 0.00575672, 0.999903, 0.00299653  
129, 10.2349, 10.496, 180.108, 0.999219, 0.0376021, 0.0121258, -0.0375279, 0.999276, -0.00629004, -0.0123536, 0.00583008, 0.999907, 0.00303564  
130, 10.2963, 10.493, 180.122, 0.999199, 0.0380494, 0.0124311, -0.037969, 0.999257, -0.00663941, -0.0126745, 0.00616209, 0.999901, 0.00285312  
131, 10.2593, 10.5166, 180.094, 0.999204, 0.0378236, 0.012714, -0.0377504, 0.999269, -0.00594935, -0.0129298, 0.00546465, 0.999901, 0.00292108  
132, 10.2628, 10.5205, 180.123, 0.999206, 0.0376404, 0.0130596, -0.0375606, 0.999274, -0.00630493, -0.0132874, 0.0058094, 0.999895, 0.00293384  
133, 10.2494, 10.5012, 180.096, 0.999228, 0.0373481, 0.0122192, -0.037272, 0.999285, -0.00639836, -0.0124495, 0.00593799, 0.999905, 0.00298904  
134, 10.2723, 10.503, 180.133, 0.999212, 0.0376828, 0.012455, -0.0375996, 0.999269, -0.00684538, -0.0127039, 0.00637168, 0.999899, 0.00301983  
135, 10.2724, 10.5031, 180.128, 0.99922, 0.0374534, 0.0124828, -0.0373786, 0.999282, -0.00616977, -0.012705, 0.00569837, 0.999903, 0.00290666  
136, 10.2911, 10.5226, 180.151, 0.999217, 0.0374733, 0.0127127, -0.0374025, 0.999284, -0.00576643, -0.0129196, 0.00528643, 0.999903, 0.00290305  
137, 10.2959, 10.5, 180.129, 0.999219, 0.0374348, 0.012636, -0.0373568, 0.999282, -0.00635675, -0.0128649, 0.00587975, 0.9999, 0.00296934  
138, 10.2821, 10.5122, 180.144, 0.99921, 0.0377303, 0.0124523, -0.0376639, 0.999275, -0.00552341, -0.0126516, 0.00505005, 0.999907, 0.00350108  
139, 10.2714, 10.5367, 180.121, 0.999225, 0.037297, 0.0125711, -0.0372174, 0.999286, -0.00650856, -0.0128049, 0.00603565, 0.9999, 0.0030226  
140, 10.2599, 10.4953, 180.126, 0.99923, 0.0373271, 0.0121281, -0.0372407, 0.99928, -0.00727466, -0.0123909, 0.00681739, 0.9999, 0.00282011  
141, 10.2538, 10.5054, 180.11, 0.999214, 0.0373574, 0.0132952, -0.0372957, 0.999292, -0.00485695, -0.0134673, 0.00435727, 0.9999, 0.00279154  
142, 10.2727, 10.5328, 180.115, 0.999214, 0.0377193, 0.0121916, -0.0376529, 0.999275, -0.00562474, -0.0123949, 0.00516127, 0.99991, 0.00282816  
143, 10.2726, 10.5497, 180.113, 0.999192, 0.0381368, 0.012662, -0.0380639, 0.999258, -0.00594811, -0.0128795, 0.00546134, 0.999902, 0.00300818  
144, 10.2947, 10.5303, 180.133, 0.999219, 0.0374158, 0.0127399, -0.0373456, 0.999286, -0.00570707, -0.0129444, 0.00522683, 0.999903, 0.00297517  
145, 10.284, 10.5507, 180.113, 0.999183, 0.0385027, 0.0122633, -0.0384223, 0.999239, -0.00672926, -0.0125131, 0.00625258, 0.999902, 0.00281845  
146, 10.2761, 10.5362, 180.146, 0.999235, 0.0370224, 0.0125817, -0.0369527, 0.999301, -0.00572636, -0.0127849, 0.00525705, 0.999904, 0.00278267  
147, 10.3104, 10.5537, 180.12, 0.999217, 0.0375645, 0.0123901, -0.0374978, 0.999281, -0.00557309, -0.0125906, 0.00510412, 0.999908, 0.00294632  
148, 10.2634, 10.564, 180.114, 0.999207, 0.0377966, 0.0125157, -0.0377322, 0.999274, -0.00534288, -0.0127086, 0.0048664, 0.999907, 0.00286144  
149, 10.2568, 10.5717, 180.124, 0.999195, 0.037975, 0.0129333, -0.037905, 0.999266, -0.0056127, -0.013137, 0.00511794, 0.999901, 0.00292579  
150, 10.2724, 10.5738, 180.128, 0.999226, 0.0374359, 0.0121195, -0.0373727, 0.999287, -0.00539918, -0.012313, 0.00494206, 0.999912, 0.00284258  
151, 10.2341, 10.5303, 180.119, 0.999216, 0.0374372, 0.0128473, -0.0373728, 0.999288, -0.00521383, -0.0130334, 0.0047296, 0.999904, 0.00299403  
152, 10.3036, 10.5563, 180.149, 0.999199, 0.0377089, 0.0133967, -0.037641, 0.999277, -0.00528823, -0.0135865, 0.00477972, 0.999896, 0.00281706  
153, 10.3056, 10.558, 180.138, 0.999205, 0.0377656, 0.0128084, -0.0376952, 0.999273, -0.00569034, -0.013014, 0.00520299, 0.999902, 0.00287115  
154, 10.2707, 10.5406, 180.123, 0.999215, 0.037563, 0.0125917, -0.0374887, 0.999279, -0.00608878, -0.0128113, 0.00561195, 0.999902, 0.00300429  
155, 10.2628, 10.5456, 180.138, 0.999188, 0.0378266, 0.013867, -0.0377446, 0.999269, -0.00612796, -0.0140887, 0.00559958, 0.999885, 0.00279293  
156, 10.2842, 10.6032, 180.116, 0.999204, 0.0379394, 0.0123277, -0.0378744, 0.999268, -0.00546421, -0.012526, 0.00499296, 0.999909, 0.00283925  
157, 10.2684, 10.5597, 180.117, 0.999213, 0.0375873, 0.012644, -0.0375212, 0.999281, -0.00542516, -0.0128389, 0.00494647, 0.999905, 0.00298266  
158, 10.2756, 10.5534, 180.117, 0.999182, 0.0384367, 0.0125627, -0.0383635, 0.999246, -0.00602184, -0.0127847, 0.00553497, 0.999903, 0.0028853  
159, 10.2861, 10.5609, 180.122, 0.999212, 0.0375466, 0.0129015, -0.0374864, 0.999285, -0.00487729, -0.0130754, 0.00438982, 0.999905, 0.00285811  
160, 10.2574, 10.5481, 180.114, 0.999214, 0.0375224, 0.0127731, -0.0374486, 0.999281, -0.00596796, -0.0129878, 0.00548494, 0.999901, 0.00280541  
161, 10.2547, 10.5537, 180.116, 0.999234, 0.0373241, 0.0117454, -0.0372573, 0.999289, -0.00585364, -0.0119555, 0.00541155, 0.999914, 0.00279265  
162, 10.2885, 10.5548, 180.118, 0.999198, 0.0378742, 0.0130059, -0.0378075, 0.999271, -0.00533755, -0.0131985, 0.00484155, 0.999901, 0.0028104  
163, 10.278, 10.5456, 180.115, 0.999223, 0.0371992, 0.0129879, -0.0371345, 0.999297, -0.00519066, -0.0131718, 0.00470433, 0.999902, 0.00292108  
164, 10.2542, 10.54, 180.13, 0.99921, 0.0378459, 0.0121413, -0.0377602, 0.999261, -0.00721003, -0.0124052, 0.00674588, 0.9999, 0.00297378  
165, 10.2833, 10.5498, 180.118, 0.999202, 0.0378783, 0.0127062, -0.0378096, 0.999269, -0.00560417, -0.0129092, 0.00511928, 0.999904, 0.00298044  
166, 10.2921, 10.5533, 180.133, 0.999191, 0.0379425, 0.0133241, -0.0378602, 0.999263, -0.00637579, -0.0135562, 0.00586618, 0.999891, 0.0029147  
167, 10.2854, 10.5309, 180.124, 0.999224, 0.0372019, 0.0129368, -0.0371281, 0.999293, -0.00590075, -0.0131472, 0.00541585, 0.999899, 0.00299126  
168, 10.2666, 10.5431, 180.11, 0.999184, 0.0381819, 0.0131848, -0.0381168, 0.99926, -0.00515308, -0.0133718, 0.00464631, 0.9999, 0.00297323  
169, 10.2658, 10.5501, 180.107, 0.999198, 0.0379907, 0.0126575, -0.0379168, 0.999263, -0.00602673, -0.0128771, 0.00554196, 0.999902, 0.00295575  
170, 10.2753, 10.5379, 180.116, 0.999223, 0.0374934, 0.0121356, -0.0374215, 0.999281, -0.0061004, -0.0123556, 0.00564153, 0.999908, 0.00290638  
171, 10.2567, 10.4978, 180.103, 0.999203, 0.0376369, 0.0133275, -0.037563, 0.999278, -0.00575172, -0.0135343, 0.00524651, 0.999895, 0.00291082  
172, 10.2563, 10.5049, 180.124, 0.999222, 0.0374515, 0.0123255, -0.0373723, 0.99928, -0.00659206, -0.0125635, 0.0061263, 0.999902, 0.00287281  
173, 10.2447, 10.5263, 180.115, 0.999231, 0.0372892, 0.0120951, -0.0372181, 0.999289, -0.00605236, -0.0123122, 0.00559755, 0.999909, 0.00296102  
174, 10.2447, 10.5246, 180.122, 0.999212, 0.0374136, 0.0132781, -0.0373306, 0.999282, -0.00644028, -0.0135096, 0.00593952, 0.999891, 0.00297655  
175, 10.2615, 10.5211, 180.13, 0.999209, 0.0376952, 0.0126882, -0.0376198, 0.999273, -0.00613309, -0.0129101, 0.00565091, 0.999901, 0.00299764  
176, 10.2457, 10.4963, 180.142, 0.999219, 0.0374962, 0.0124839, -0.0374188, 0.999279, -0.0063814, -0.0127141, 0.00590929, 0.999902, 0.00294216  
177, 10.281, 10.5163, 180.129, 0.999212, 0.0377371, 0.0122737, -0.0376802, 0.999278, -0.0048382, -0.0124474, 0.00437191, 0.999913, 0.00295159  
178, 10.2355, 10.4882, 180.124, 0.999214, 0.037605, 0.0125113, -0.0375326, 0.999278, -0.00597101, -0.0127268, 0.00549674, 0.999904, 0.0029846  
179, 10.2509, 10.4956, 180.118, 0.999226, 0.037243, 0.0126409, -0.0371746, 0.999293, -0.00560634, -0.0128407, 0.00513208, 0.999904, 0.00296796  
180, 10.2253, 10.47, 180.108, 0.999216, 0.0374267, 0.0128929, -0.0373388, 0.999278, -0.00699573, -0.0131454, 0.00650884, 0.999892, 0.00303924  
181, 10.2543, 10.4869, 180.112, 0.999199, 0.0380473, 0.0124101, -0.0379697, 0.999258, -0.00642718, -0.0126454, 0.00595083, 0.999902, 0.00288419  
182, 10.2145, 10.4911, 180.11, 0.999216, 0.0372711, 0.0133143, -0.0372073, 0.999295, -0.00500895, -0.0134916, 0.00450963, 0.999899, 0.00287531  
183, 10.2026, 10.5034, 180.106, 0.999233, 0.0372495, 0.0121102, -0.0371804, 0.999291, -0.00587965, -0.0123206, 0.00542488, 0.999909, 0.00293828  
184, 10.251, 10.5197, 180.137, 0.999209, 0.037742, 0.0125293, -0.0376686, 0.999272, -0.00604327, -0.0127483, 0.00556653, 0.999903, 0.00294299  
185, 10.2408, 10.4723, 180.119, 0.999204, 0.0378669, 0.0125807, -0.0377878, 0.999265, -0.0064683, -0.0128164, 0.00598775, 0.9999, 0.00298765  
186, 10.2357, 10.4867, 180.117, 0.999213, 0.0377394, 0.0122492, -0.0376633, 0.99927, -0.00638861, -0.0124813, 0.00592224, 0.999905, 0.00295547  
187, 10.2415, 10.4892, 180.119, 0.9992, 0.0378473, 0.0129432, -0.0377692, 0.999267, -0.00622534, -0.0131693, 0.00573151, 0.999897, 0.00305783  
188, 10.2414, 10.5049, 180.124, 0.999191, 0.0382161, 0.0124898, -0.0381307, 0.999248, -0.00700268, -0.0127481, 0.00652078, 0.999897, 0.00297822  
189, 10.2229, 10.4757, 180.098, 0.999234, 0.0371922, 0.0121572, -0.0371152, 0.99929, -0.00649731, -0.0123902, 0.00604111, 0.999905, 0.00293301  
190, 10.2757, 10.5171, 180.128, 0.999244, 0.0371779, 0.0113541, -0.0371116, 0.999293, -0.00599425, -0.011569, 0.00556835, 0.999918, 0.00291359  
191, 10.2874, 10.5125, 180.146, 0.999251, 0.0367129, 0.0122255, -0.0366403, 0.99931, -0.00611459, -0.0124415, 0.00566207, 0.999907, 0.00287781  
192, 10.2766, 10.5131, 180.133, 0.999222, 0.0376648, 0.0116771, -0.0375995, 0.999276, -0.00576983, -0.011886, 0.00532629, 0.999915, 0.00285922  
193, 10.2783, 10.5561, 180.145, 0.999234, 0.0373853, 0.0115746, -0.0373147, 0.999284, -0.00625795, -0.0118003, 0.00582125, 0.999913, 0.00313993  
194, 10.3224, 10.5344, 180.172, 0.999224, 0.0373364, 0.0125254, -0.0372582, 0.999285, -0.00641562, -0.012756, 0.00594397, 0.999901, 0.00296851  
195, 10.267, 10.5481, 180.116, 0.999215, 0.0379122, 0.0114529, -0.03784, 0.999263, -0.00645844, -0.0116893, 0.00602, 0.999914, 0.00282927  
196, 10.2572, 10.5118, 180.135, 0.999224, 0.037581, 0.0118207, -0.0375019, 0.999273, -0.00684344, -0.0120693, 0.00639483, 0.999907, 0.00288668  
197, 10.2783, 10.5561, 180.152, 0.999227, 0.0372878, 0.0124426, -0.0372202, 0.999291, -0.00561978, -0.0126433, 0.00515232, 0.999907, 0.00286671  
198, 10.2541, 10.5318, 180.12, 0.9992, 0.0380274, 0.0124088, -0.0379469, 0.999258, -0.00665737, -0.0126527, 0.00618117, 0.999901, 0.00297794  
199, 10.2532, 10.5471, 180.122, 0.999208, 0.0377196, 0.0126677, -0.0376448, 0.999273, -0.00609472, -0.0128884, 0.00561302, 0.999901, 0.00295852  
200, 10.2633, 10.5246, 180.13, 0.999203, 0.0377688, 0.0129332, -0.0376969, 0.999273, -0.00575977, -0.0131413, 0.00526764, 0.9999, 0.00279709  
201, 10.2547, 10.558, 180.129, 0.999237, 0.0372006, 0.0118924, -0.0371238, 0.999289, -0.00661303, -0.01213, 0.00616649, 0.999907, 0.00290887  
202, 10.297, 10.5216, 180.133, 0.999205, 0.0377933, 0.012701, -0.037723, 0.999272, -0.00573574, -0.0129085, 0.00525206, 0.999903, 0.00292191  
203, 10.3179, 10.5397, 180.121, 0.99921, 0.0375038, 0.0131512, -0.0374359, 0.999285, -0.00537124, -0.0133432, 0.00487467, 0.999899, 0.00315907  
204, 10.3681, 10.3865, 180.226, 0.999227, 0.0368112, 0.0137845, -0.036725, 0.999305, -0.00645043, -0.0140124, 0.00593921, 0.999884, 0.00284563  
205, 10.3711, 10.3605, 180.22, 0.999232, 0.0366093, 0.0139592, -0.0365, 0.999302, -0.00800323, -0.0142424, 0.00748757, 0.999871, 0.0028509  
206, 10.3862, 10.3544, 180.215, 0.999223, 0.0367915, 0.0141618, -0.036682, 0.999296, -0.00791444, -0.014443, 0.0073888, 0.999868, 0.0028068  
207, 10.1572, 10.5345, 180.109, 0.999279, 0.0344717, 0.0159209, -0.0343425, 0.999376, -0.00831321, -0.0161975, 0.00776045, 0.999839, 0.00290638  
208, 10.1699, 10.5329, 180.141, 0.999273, 0.0345645, 0.0160769, -0.0344586, 0.999383, -0.00681464, -0.0163025, 0.0062557, 0.999848, 0.00292052  
209, 10.1818, 10.5406, 180.118, 0.999261, 0.0348685, 0.016149, -0.0347631, 0.999373, -0.00676504, -0.0163747, 0.00619865, 0.999847, 0.00297572  
210, 10.1827, 10.5546, 180.109, 0.999263, 0.034453, 0.0169464, -0.0343462, 0.999389, -0.00654979, -0.0171617, 0.00596291, 0.999835, 0.00287254  
211, 10.1696, 10.5484, 180.084, 0.99926, 0.0351667, 0.0155882, -0.0350461, 0.999354, -0.00794893, -0.0158577, 0.00739674, 0.999847, 0.00303647  
212, 10.1648, 10.5271, 180.092, 0.999278, 0.0345982, 0.0157085, -0.0344962, 0.999382, -0.00671871, -0.0159313, 0.00617198, 0.999854, 0.0028068  
213, 10.2015, 10.5369, 180.113, 0.999254, 0.0351596, 0.0159663, -0.0350417, 0.999357, -0.00760316, -0.0162233, 0.00703801, 0.999844, 0.00296962  
214, 10.23, 10.5437, 180.123, 0.99928, 0.034515, 0.0157343, -0.0344094, 0.999384, -0.00693218, -0.0159639, 0.00638579, 0.999852, 0.00278988  
215, 10.1838, 10.5434, 180.133, 0.999257, 0.0348893, 0.0163934, -0.0347776, 0.99937, -0.0070468, -0.0166289, 0.00647144, 0.999841, 0.00283537  
216, 10.1831, 10.5539, 180.111, 0.99929, 0.0340956, 0.0160284, -0.0339737, 0.999392, -0.00781545, -0.0162851, 0.00726536, 0.999841, 0.00292247  
217, 10.2219, 10.5342, 180.122, 0.999248, 0.0354824, 0.0156535, -0.0353698, 0.999347, -0.00741464, -0.0159063, 0.00685541, 0.99985, 0.00296213  
218, 10.1843, 10.5391, 180.104, 0.999271, 0.0346754, 0.0159558, -0.0345627, 0.999376, -0.0072828, -0.0161984, 0.00672601, 0.999846, 0.00298571  
219, 10.1769, 10.5669, 180.099, 0.999283, 0.0343968, 0.0158249, -0.0342834, 0.999385, -0.00738716, -0.0160693, 0.00683933, 0.999847, 0.00293273  
220, 10.2188, 10.5474, 180.133, 0.999265, 0.0347342, 0.0162082, -0.0346221, 0.999375, -0.00714363, -0.0164462, 0.00657721, 0.999843, 0.00289667  
221, 10.1849, 10.5219, 180.118, 0.999283, 0.0341648, 0.0163402, -0.0340523, 0.999395, -0.0071182, -0.0165735, 0.00655667, 0.999841, 0.00292801  
222, 10.1967, 10.5353, 180.128, 0.999254, 0.0352587, 0.0157753, -0.035122, 0.999344, -0.00885984, -0.0160773, 0.00829917, 0.999836, 0.00279986  
223, 10.1838, 10.5259, 180.108, 0.999266, 0.0349825, 0.0156157, -0.0348581, 0.999359, -0.0081723, -0.0158916, 0.00762197, 0.999845, 0.00297961  
224, 10.2152, 10.5343, 180.102, 0.999301, 0.0342543, 0.0149409, -0.034126, 0.999379, -0.00875586, -0.0152316, 0.00823987, 0.99985, 0.0030398  
225, 10.1892, 10.5187, 180.124, 0.999269, 0.0351489, 0.0150299, -0.0350365, 0.999357, -0.00767557, -0.01529, 0.00714336, 0.999858, 0.00290804  
226, 10.2089, 10.5184, 180.119, 0.999269, 0.0346317, 0.0161625, -0.0345231, 0.99938, -0.00694956, -0.0163931, 0.00638651, 0.999845, 0.0028742  
227, 10.1932, 10.5149, 180.12, 0.999267, 0.0344295, 0.0167306, -0.0343179, 0.999387, -0.00691592, -0.0169585, 0.00633669, 0.999836, 0.00281706  
228, 10.245, 10.5008, 180.138, 0.999265, 0.0350891, 0.0154308, -0.0349855, 0.999364, -0.00693055, -0.0156642, 0.0063856, 0.999857, 0.00313022  
229, 10.2599, 10.5077, 180.154, 0.999251, 0.0350315, 0.0164312, -0.0349066, 0.99936, -0.00782443, -0.0166948, 0.00724502, 0.999834, 0.00290416  
230, 10.2312, 10.5083, 180.134, 0.999269, 0.0348758, 0.0156544, -0.03476, 0.999367, -0.00761231, -0.0159099, 0.0070626, 0.999848, 0.00278849  
231, 10.2102, 10.5095, 180.127, 0.999263, 0.0349634, 0.0158294, -0.034844, 0.999363, -0.00776123, -0.0160906, 0.00720396, 0.999845, 0.00278932  
232, 10.1878, 10.5086, 180.11, 0.999281, 0.0343989, 0.0159367, -0.034279, 0.999382, -0.00773735, -0.016193, 0.00718549, 0.999843, 0.00297572  
233, 10.2071, 10.5074, 180.128, 0.999258, 0.034931, 0.0162432, -0.0348141, 0.999366, -0.00742786, -0.0164924, 0.00685686, 0.99984, 0.00288724  
234, 10.1622, 10.4719, 180.126, 0.999263, 0.034716, 0.016405, -0.0346019, 0.999375, -0.00719218, -0.0166444, 0.00661924, 0.99984, 0.00291137  
235, 10.1814, 10.4805, 180.127, 0.999258, 0.0350597, 0.0159581, -0.0349407, 0.99936, -0.00767484, -0.0162169, 0.00711156, 0.999843, 0.00285534  
236, 10.2062, 10.4696, 180.125, 0.999254, 0.0350043, 0.0163018, -0.0349056, 0.999371, -0.00630218, -0.0165121, 0.00572846, 0.999847, 0.00276048  
237, 10.1901, 10.4828, 180.127, 0.999295, 0.033978, 0.0159804, -0.0338603, 0.999398, -0.00758331, -0.0162284, 0.00703686, 0.999844, 0.00295797  
238, 10.1646, 10.459, 180.116, 0.999289, 0.034298, 0.0156494, -0.0341965, 0.999393, -0.00670819, -0.01587, 0.00616826, 0.999855, 0.00299181  
239, 10.1709, 10.4944, 180.141, 0.99927, 0.0351042, 0.0150493, -0.0349874, 0.999356, -0.00795602, -0.0153189, 0.00742368, 0.999855, 0.0028939  
240, 10.1711, 10.488, 180.134, 0.999289, 0.0349315, 0.0142125, -0.0348166, 0.99936, -0.00824838, -0.0144915, 0.00774768, 0.999865, 0.00281678  
241, 10.2041, 10.492, 180.147, 0.999269, 0.0346514, 0.0161759, -0.0345338, 0.999375, -0.00749869, -0.0164256, 0.00693459, 0.999841, 0.0028509  
242, 10.1512, 10.5104, 180.104, 0.99927, 0.0348216, 0.0157023, -0.0347221, 0.999375, -0.00657112, -0.0159213, 0.00602111, 0.999855, 0.00280791  
243, 10.0509, 10.6531, 180.012, 0.999263, 0.0350298, 0.0156711, -0.0349397, 0.999371, -0.00599082, -0.0158711, 0.00543886, 0.999859, 0.00305921  
244, 10.0886, 10.65, 180.015, 0.999251, 0.036219, 0.0136317, -0.036115, 0.999317, -0.00779924, -0.0139049, 0.00730109, 0.999877, 0.00300956  
245, 10.1073, 10.6629, 180.048, 0.99927, 0.0356858, 0.0136554, -0.035598, 0.999344, -0.00662137, -0.0138828, 0.00613043, 0.999885, 0.00281817  
246, 10.228, 10.5021, 180.126, 0.999215, 0.0376645, 0.0123036, -0.037584, 0.999271, -0.00671139, -0.0125474, 0.0062437, 0.999902, 0.00283426  
247, 10.2603, 10.5314, 180.145, 0.99921, 0.0379069, 0.0119444, -0.0378352, 0.999265, -0.00617145, -0.0121696, 0.00571465, 0.99991, 0.00303342  
248, 10.2398, 10.5381, 180.126, 0.999226, 0.0373507, 0.0123695, -0.0372785, 0.999287, -0.00601711, -0.0125854, 0.00555133, 0.999905, 0.00302371  
249, 10.2336, 10.5203, 180.137, 0.999205, 0.0379091, 0.0123233, -0.0378431, 0.999268, -0.0055486, -0.0125247, 0.00507783, 0.999909, 0.00276963  
250, 10.2704, 10.5101, 180.15, 0.999224, 0.0373492, 0.0124986, -0.0372747, 0.999286, -0.00614108, -0.012719, 0.00567044, 0.999903, 0.0027749  
251, 10.293, 10.5494, 180.145, 0.999202, 0.0379234, 0.0125733, -0.0378586, 0.999269, -0.00535424, -0.0127671, 0.00487396, 0.999907, 0.0029527  
252, 10.2404, 10.5096, 180.123, 0.999213, 0.0376721, 0.0123836, -0.0375963, 0.999273, -0.00629709, -0.0126118, 0.00582656, 0.999903, 0.00273329  
253, 10.2353, 10.5406, 180.118, 0.999214, 0.0377218, 0.0121908, -0.0376492, 0.999272, -0.00612847, -0.0124131, 0.00566468, 0.999907, 0.00310997  
254, 10.2396, 10.5046, 180.118, 0.999203, 0.0378424, 0.0126695, -0.0377567, 0.999263, -0.00693949, -0.0129228, 0.0064556, 0.999896, 0.00281956  
255, 10.2568, 10.5573, 180.135, 0.999213, 0.0373546, 0.0133213, -0.0372771, 0.999287, -0.00602239, -0.0135368, 0.00552108, 0.999893, 0.00282871  
256, 10.2368, 10.559, 180.126, 0.999221, 0.0374696, 0.0123817, -0.037391, 0.999279, -0.00651945, -0.0126171, 0.00605141, 0.999902, 0.00285395  
257, 10.2782, 10.5241, 180.138, 0.999235, 0.0370824, 0.0124111, -0.0370023, 0.999293, -0.00662132, -0.0126479, 0.00615701, 0.999901, 0.00290166  
258, 10.2864, 10.529, 180.14, 0.999223, 0.0371037, 0.0132968, -0.0370339, 0.999299, -0.00546067, -0.0134901, 0.00496399, 0.999897, 0.00293717  
259, 10.2389, 10.527, 180.115, 0.999216, 0.0375099, 0.0126271, -0.0374383, 0.999282, -0.00585276, -0.0128375, 0.00537544, 0.999903, 0.00301095  
260, 10.3061, 10.5476, 180.13, 0.999202, 0.0380143, 0.012297, -0.0379371, 0.999259, -0.00645094, -0.0125332, 0.00597928, 0.999904, 0.00450935  
261, 10.2606, 10.542, 180.124, 0.999198, 0.0378319, 0.0131113, -0.0377576, 0.99927, -0.00587002, -0.0133238, 0.00537026, 0.999897, 0.00270001  
262, 10.2351, 10.5196, 180.106, 0.999199, 0.0378671, 0.0129253, -0.0377914, 0.999267, -0.00605768, -0.0131452, 0.00556437, 0.999898, 0.00285284  
263, 10.27, 10.5387, 180.135, 0.999211, 0.0375844, 0.0128051, -0.0375166, 0.999281, -0.00549822, -0.0130025, 0.00501348, 0.999903, 0.00293661  
264, 10.2632, 10.5516, 180.119, 0.999202, 0.0379547, 0.0124245, -0.0378883, 0.999267, -0.00554257, -0.0126257, 0.0050674, 0.999907, 0.00294937  
265, 10.2599, 10.5457, 180.134, 0.999206, 0.0377322, 0.012803, -0.0376655, 0.999276, -0.00540472, -0.0129977, 0.00491819, 0.999903, 0.00289667  
266, 10.2556, 10.5462, 180.13, 0.999225, 0.037418, 0.0122549, -0.0373398, 0.999281, -0.00655503, -0.0124914, 0.00609235, 0.999903, 0.00292441  
267, 10.262, 10.5537, 180.125, 0.999222, 0.037597, 0.0119364, -0.037529, 0.999278, -0.0058715, -0.0121486, 0.00541897, 0.999912, 0.00295714  
268, 10.2774, 10.5651, 180.14, 0.999197, 0.0377099, 0.0135561, -0.037636, 0.999275, -0.00566812, -0.01376, 0.00515337, 0.999892, 0.00294022  
269, 10.2801, 10.5519, 180.112, 0.999218, 0.0375668, 0.0123464, -0.0374929, 0.999278, -0.00616758, -0.0125692, 0.00569985, 0.999905, 0.00304812  
270, 10.2403, 10.5533, 180.136, 0.999194, 0.0379446, 0.0131151, -0.0378726, 0.999266, -0.00569435, -0.0133216, 0.00519306, 0.999898, 0.00286061  
271, 10.2492, 10.551, 180.128, 0.999212, 0.0375541, 0.0128097, -0.0374813, 0.99928, -0.00587735, -0.0130212, 0.00539259, 0.999901, 0.00269085  
272, 10.2716, 10.507, 180.134, 0.999182, 0.0382234, 0.0131733, -0.0381556, 0.999257, -0.00536357, -0.0133685, 0.00485655, 0.999899, 0.00291581  
273, 10.2532, 10.5343, 180.127, 0.999214, 0.0375718, 0.0126755, -0.0375045, 0.999281, -0.0055063, -0.0128733, 0.00502658, 0.999905, 0.00292247  
274, 10.2718, 10.5508, 180.157, 0.9992, 0.0377802, 0.0131243, -0.0376983, 0.999268, -0.00643538, -0.0133579, 0.00593547, 0.999893, 0.00296019  
275, 10.2163, 10.5127, 180.113, 0.999208, 0.0375175, 0.0132577, -0.0374356, 0.999279, -0.00637468, -0.0134873, 0.00587332, 0.999892, 0.00288308  
276, 10.2474, 10.558, 180.117, 0.999194, 0.0377852, 0.0135459, -0.037717, 0.999275, -0.00525694, -0.0137347, 0.00474179, 0.999894, 0.00286588  
277, 10.2438, 10.5329, 180.129, 0.999202, 0.0376481, 0.013322, -0.0375796, 0.999279, -0.00535974, -0.0135142, 0.00485483, 0.999897, 0.00288058  
