0, 0, 0, 0, 0, 0, 0, 0, 0, 0, 0, 0, 0, 0.00664352  
1, 0, 0, 0, 0, 0, 0, 0, 0, 0, 0, 0, 0, 0.00282067  
2, -2.73147, 15.4909, 180.209, 0.999531, 0.0255111, 0.016925, -0.0262394, 0.998673, 0.0443053, -0.0157722, -0.0447286, 0.998875, 0.00266895  
3, -2.69269, 15.4839, 180.262, 0.999521, 0.0256367, 0.0173601, -0.0263821, 0.998676, 0.044166, -0.0162049, -0.0446029, 0.998873, 0.00293884  
4, -2.69411, 15.4948, 180.245, 0.999518, 0.0254719, 0.0177719, -0.0262506, 0.998639, 0.0450579, -0.0166, -0.0455026, 0.998826, 0.00289973  
5, -2.7049, 15.5073, 180.246, 0.999517, 0.0256565, 0.0175578, -0.0264162, 0.99866, 0.0444945, -0.0163927, -0.0449368, 0.998855, 0.0031613  
6, -2.67997, 15.4869, 180.256, 0.999499, 0.0257755, 0.0183466, -0.0265637, 0.998674, 0.0441009, -0.0171856, -0.0445662, 0.998859, 0.00295021  
7, -2.6742, 15.501, 180.257, 0.999521, 0.0252181, 0.017964, -0.0259998, 0.998662, 0.0447044, -0.0168126, -0.04515, 0.998839, 0.00286339  
8, -2.65594, 15.4944, 180.261, 0.99952, 0.0254374, 0.0176562, -0.0262017, 0.998666, 0.0445036, -0.0165006, -0.0449449, 0.998853, 0.00292774  
9, -2.68696, 15.4955, 180.256, 0.999531, 0.0249939, 0.0177189, -0.0257685, 0.998658, 0.0449287, -0.0165722, -0.0453642, 0.998833, 0.00283482  
10, -2.66661, 15.4872, 180.261, 0.999526, 0.0253172, 0.0174956, -0.0260745, 0.998669, 0.0445025, -0.0163457, -0.0449376, 0.998856, 0.00286922  
11, -2.67597, 15.4992, 180.255, 0.999511, 0.0257251, 0.0177979, -0.0265007, 0.998644, 0.0448069, -0.0166211, -0.0452567, 0.998837, 0.00291027  
12, -2.68531, 15.4794, 180.239, 0.999504, 0.0257227, 0.0181677, -0.0265186, 0.998634, 0.0450204, -0.0169848, -0.0454799, 0.998821, 0.00281152  
13, -2.6998, 15.5255, 180.239, 0.999498, 0.0258747, 0.0182556, -0.0266692, 0.998644, 0.0447099, -0.017074, -0.0451744, 0.998833, 0.00293301  
14, -2.69485, 15.528, 180.231, 0.999517, 0.0251895, 0.0182206, -0.0259921, 0.998638, 0.0452398, -0.0170563, -0.0456915, 0.99881, 0.00287698  
15, -2.68927, 15.5335, 180.254, 0.999516, 0.025213, 0.018229, -0.0260203, 0.998626, 0.0454973, -0.0170568, -0.0459496, 0.998798, 0.00445361  
16, -2.69041, 15.5335, 180.24, 0.999518, 0.0252529, 0.0180615, -0.0260375, 0.998665, 0.0446147, -0.0169108, -0.0450635, 0.998841, 0.00291138  
17, -2.70911, 15.5344, 180.258, 0.999525, 0.0253305, 0.0175565, -0.0260966, 0.998652, 0.0448745, -0.0163961, -0.0453113, 0.998838, 0.00310027  
18, -2.70378, 15.5249, 180.239, 0.999497, 0.0255105, 0.018825, -0.0263465, 0.998613, 0.0455869, -0.017636, -0.04606, 0.998783, 0.00294688  
19, -2.71334, 15.5444, 180.271, 0.999492, 0.0252755, 0.0193943, -0.0261338, 0.998629, 0.0453559, -0.0182213, -0.0458398, 0.998783, 0.0028645  
20, -2.71968, 15.5549, 180.248, 0.999499, 0.0256772, 0.0184962, -0.0265005, 0.998602, 0.0457395, -0.0172959, -0.0462068, 0.998782, 0.00309084  
21, -2.77006, 15.5646, 180.215, 0.999498, 0.0257604, 0.0184659, -0.0265762, 0.998616, 0.0453879, -0.0172711, -0.0458559, 0.998799, 0.00294577  
22, -2.76157, 15.5903, 180.247, 0.99955, 0.0248597, 0.0167719, -0.0255903, 0.998666, 0.0448516, -0.0156345, -0.0452607, 0.998853, 0.00288114  
23, -2.76506, 15.5882, 180.246, 0.999528, 0.0251635, 0.0176124, -0.0259457, 0.998619, 0.0456898, -0.0164383, -0.0461252, 0.9988, 0.00292858  
24, -2.73376, 15.5988, 180.249, 0.999525, 0.0251741, 0.0177546, -0.0259556, 0.998638, 0.0452496, -0.0165913, -0.045689, 0.998818, 0.00283954  
25, -2.81111, 15.6265, 180.239, 0.999528, 0.0250609, 0.0177924, -0.025855, 0.998611, 0.0459019, -0.0166173, -0.0463402, 0.998787, 0.00297656  
26, -2.82835, 15.6482, 180.211, 0.999494, 0.0259565, 0.0183584, -0.0267778, 0.998582, 0.0460024, -0.0171383, -0.0464707, 0.998773, 0.00299043  
27, -2.76929, 15.6191, 180.226, 0.999508, 0.0257128, 0.0179762, -0.026501, 0.998632, 0.0450737, -0.0167927, -0.0455279, 0.998822, 0.002943  
28, -2.76459, 15.644, 180.201, 0.999533, 0.0247898, 0.0178841, -0.0255856, 0.998626, 0.0457322, -0.0167259, -0.0461684, 0.998794, 0.00298655  
29, -2.81638, 15.6671, 180.237, 0.999499, 0.0257948, 0.0183267, -0.0266193, 0.998574, 0.0462703, -0.017107, -0.046735, 0.998761, 0.00289695  
30, -2.76983, 15.6491, 180.238, 0.999515, 0.0257795, 0.0174709, -0.0265624, 0.99858, 0.0461676, -0.0162559, -0.0466093, 0.998781, 0.00297046  
31, -2.83237, 15.6883, 180.231, 0.999491, 0.0258007, 0.0187605, -0.0266425, 0.998582, 0.0460987, -0.0175445, -0.0465751, 0.998761, 0.00307254  
32, -2.77593, 15.681, 180.231, 0.999516, 0.0253027, 0.0180805, -0.0261291, 0.998552, 0.0470337, -0.0168643, -0.0474834, 0.99873, 0.00292136  
33, -2.77715, 15.6733, 180.227, 0.9995, 0.0256338, 0.0185082, -0.0264688, 0.998573, 0.0463773, -0.0172929, -0.046844, 0.998753, 0.0029982  
34, -2.84949, 15.7024, 180.227, 0.999499, 0.0256508, 0.0185154, -0.0264648, 0.99863, 0.0451494, -0.017332, -0.0456168, 0.998809, 0.00291498  
35, -2.79462, 15.6774, 180.237, 0.999518, 0.0253803, 0.0178937, -0.0261711, 0.998624, 0.0454364, -0.0167159, -0.0458827, 0.998807, 0.00297018  
36, -2.83835, 15.7077, 180.247, 0.99951, 0.0257168, 0.0178182, -0.0265073, 0.998606, 0.0456474, -0.0166195, -0.0460974, 0.998799, 0.00293939  
37, -2.8178, 15.7242, 180.228, 0.999519, 0.0255029, 0.017674, -0.026289, 0.998606, 0.0457729, -0.0164821, -0.0462155, 0.998796, 0.00284397  
38, -2.77233, 15.6967, 180.227, 0.999504, 0.0259325, 0.0178759, -0.0267309, 0.998585, 0.0459746, -0.0166583, -0.0464296, 0.998783, 0.00305978  
39, -2.76919, 15.6868, 180.208, 0.999484, 0.025684, 0.0192833, -0.0265512, 0.998581, 0.0461528, -0.0180706, -0.046641, 0.998748, 0.00294688  
40, -2.77215, 15.71, 180.214, 0.999499, 0.0257733, 0.0183765, -0.0266101, 0.998548, 0.0468467, -0.0171425, -0.0473122, 0.998733, 0.0029344  
41, -2.75572, 15.679, 180.226, 0.999509, 0.0257071, 0.0178946, -0.0264903, 0.998636, 0.0449991, -0.0167134, -0.0454511, 0.998827, 0.00311636  
42, -2.79594, 15.7062, 180.221, 0.999501, 0.0258361, 0.018177, -0.0266396, 0.998612, 0.045445, -0.0169777, -0.0459065, 0.998801, 0.00297462  
43, -2.76525, 15.675, 180.211, 0.999514, 0.0256786, 0.0176993, -0.0264697, 0.99859, 0.0460173, -0.0164927, -0.0464634, 0.998784, 0.00296158  
44, -2.77478, 15.6848, 180.213, 0.999498, 0.0254534, 0.0188619, -0.0263223, 0.998532, 0.0473485, -0.017629, -0.0478213, 0.9987, 0.00287393  
45, -2.77327, 15.6474, 180.21, 0.999484, 0.0255941, 0.0194212, -0.0264738, 0.998568, 0.0464779, -0.0182038, -0.0469681, 0.998731, 0.0029086  
46, -2.75446, 15.6504, 180.219, 0.999501, 0.025953, 0.0180002, -0.026757, 0.998584, 0.0459687, -0.0167817, -0.0464274, 0.998781, 0.00298045  
47, -2.75634, 15.6518, 180.232, 0.999503, 0.0256923, 0.0182668, -0.0265248, 0.998547, 0.046899, -0.0170353, -0.0473602, 0.998733, 0.00290361  
48, -2.74192, 15.65, 180.215, 0.999522, 0.0255572, 0.0174228, -0.0263282, 0.998614, 0.0455654, -0.0162341, -0.0460023, 0.998809, 0.00298516  
49, -2.78515, 15.6324, 180.227, 0.999509, 0.0257065, 0.0178932, -0.026483, 0.998654, 0.0446056, -0.0167225, -0.0450576, 0.998844, 0.00285673  
50, -2.75486, 15.624, 180.225, 0.999526, 0.0253385, 0.0174919, -0.0261056, 0.998641, 0.0451182, -0.0163249, -0.0455534, 0.998829, 0.00331275  
51, -2.75429, 15.5933, 180.21, 0.999504, 0.0253994, 0.0186122, -0.0262191, 0.998634, 0.0452036, -0.0174386, -0.0456692, 0.998804, 0.00299681  
52, -2.80192, 15.6089, 180.223, 0.999507, 0.0256698, 0.0180782, -0.026464, 0.998629, 0.0451585, -0.0168942, -0.0456146, 0.998816, 0.00292719  
53, -2.76357, 15.555, 180.222, 0.999501, 0.0254056, 0.0187701, -0.026239, 0.998616, 0.0455735, -0.0175863, -0.0460433, 0.998785, 0.00293551  
54, -2.73883, 15.5844, 180.234, 0.999514, 0.0254891, 0.0179298, -0.0262803, 0.998624, 0.0453721, -0.0167486, -0.0458212, 0.998809, 0.00286145  
55, -2.75054, 15.5583, 180.21, 0.999498, 0.0257209, 0.0184922, -0.026541, 0.998609, 0.0455612, -0.0172946, -0.0460291, 0.99879, 0.00305534  
56, -2.78881, 15.5876, 180.216, 0.999477, 0.0261073, 0.0191028, -0.026937, 0.998644, 0.0445472, -0.0179139, -0.0450384, 0.998825, 0.00301151  
57, -2.75357, 15.5172, 180.223, 0.999514, 0.0255633, 0.0178624, -0.0263356, 0.998666, 0.0444252, -0.016703, -0.0448741, 0.998853, 0.00286228  
58, -2.78426, 15.5247, 180.236, 0.999493, 0.0257636, 0.0187326, -0.0265921, 0.998614, 0.0454124, -0.0175366, -0.0458875, 0.998793, 0.00299459  
59, -2.7452, 15.5171, 180.24, 0.999511, 0.0257744, 0.0176944, -0.0265393, 0.998659, 0.0444511, -0.016525, -0.044899, 0.998855, 0.00289224  
60, -2.73413, 15.5073, 180.23, 0.99952, 0.0253097, 0.0178478, -0.0260861, 0.99866, 0.0447018, -0.0166925, -0.0451459, 0.998841, 0.0028964  
61, -2.73449, 15.4861, 180.213, 0.999535, 0.0251243, 0.0172893, -0.0258674, 0.998688, 0.0441906, -0.0161564, -0.0446173, 0.998874, 0.00300485  
62, -2.73524, 15.4656, 180.219, 0.999522, 0.0253456, 0.0177124, -0.0261122, 0.998669, 0.0444788, -0.0165615, -0.04492, 0.998853, 0.00288752  
63, -2.72315, 15.4945, 180.239, 0.999524, 0.0252569, 0.0177173, -0.0260344, 0.998642, 0.0451195, -0.0165537, -0.0455593, 0.998824, 0.00324507  
64, -2.69913, 15.4912, 180.253, 0.999484, 0.0260413, 0.0188112, -0.0268736, 0.998606, 0.0454387, -0.0176017, -0.0459207, 0.99879, 0.00304147  
65, -2.71819, 15.4938, 180.247, 0.999487, 0.0260877, 0.0186021, -0.0268931, 0.998649, 0.044452, -0.0174173, -0.0449295, 0.998838, 0.00324923  
66, -2.73408, 15.4648, 180.232, 0.999483, 0.0261782, 0.0186667, -0.0270136, 0.998576, 0.0460033, -0.0174358, -0.0464838, 0.998767, 0.00339235  
67, -2.73201, 15.4795, 180.236, 0.999498, 0.0258142, 0.0183927, -0.0266125, 0.998652, 0.0445692, -0.0172174, -0.0450363, 0.998837, 0.00291942  
68, -2.72789, 15.5086, 180.241, 0.999512, 0.0251164, 0.0185693, -0.0259259, 0.998663, 0.0447216, -0.0174212, -0.0451812, 0.998827, 0.0029197  
69, -2.69463, 15.4897, 180.21, 0.999522, 0.0254985, 0.0174835, -0.02625, 0.998678, 0.0441937, -0.0163335, -0.0446315, 0.99887, 0.00284619  
70, -2.71846, 15.4818, 180.21, 0.999521, 0.0253101, 0.0177813, -0.0260886, 0.998646, 0.0450055, -0.0166182, -0.0454478, 0.998828, 0.0044292  
71, -2.70696, 15.4775, 180.24, 0.999499, 0.0256447, 0.0185744, -0.0264703, 0.998606, 0.0456599, -0.0173776, -0.0461287, 0.998784, 0.00292913  
72, -2.71084, 15.4894, 180.246, 0.999518, 0.0251486, 0.0182178, -0.0259496, 0.998643, 0.0451558, -0.0170574, -0.0456067, 0.998814, 0.00285784  
73, -2.71681, 15.5054, 180.245, 0.999515, 0.0254609, 0.0179145, -0.0262398, 0.998657, 0.0446765, -0.0167529, -0.0451249, 0.998841, 0.00288198  
74, -2.71026, 15.5018, 180.264, 0.999545, 0.0250715, 0.016759, -0.0257795, 0.998723, 0.0434536, -0.0156482, -0.0438658, 0.998915, 0.00286838  
75, -2.69851, 15.5201, 180.246, 0.999525, 0.0249368, 0.0180957, -0.025733, 0.998647, 0.045191, -0.0169443, -0.0456352, 0.998814, 0.00287532  
76, -2.67847, 15.5122, 180.271, 0.999513, 0.0253029, 0.0182508, -0.0261131, 0.998618, 0.045613, -0.0170715, -0.0460674, 0.998792, 0.00297268  
77, -2.69454, 15.5214, 180.241, 0.999512, 0.0257123, 0.0177404, -0.0264826, 0.998652, 0.0446508, -0.0165684, -0.0450988, 0.998845, 0.0028473  
78, -2.69801, 15.5363, 180.25, 0.999524, 0.0250908, 0.0179392, -0.0258941, 0.998604, 0.0460409, -0.016759, -0.0464835, 0.998778, 0.00288336  
79, -2.69201, 15.5413, 180.255, 0.999527, 0.0250725, 0.0178106, -0.0258465, 0.998668, 0.0446477, -0.0166674, -0.045087, 0.998844, 0.00280486  
80, -2.69108, 15.5678, 180.247, 0.999526, 0.0255238, 0.0171915, -0.026274, 0.998645, 0.0449244, -0.0160215, -0.0453549, 0.998842, 0.00287033  
81, -2.71025, 15.5673, 180.244, 0.999522, 0.0248575, 0.0183941, -0.0256628, 0.998661, 0.0449206, -0.0172529, -0.0453712, 0.998821, 0.00298433  
82, -2.76403, 15.6023, 180.279, 0.999519, 0.0252118, 0.0180684, -0.0260069, 0.998639, 0.045211, -0.016904, -0.0456592, 0.998814, 0.00288697  
83, -2.7394, 15.5825, 180.261, 0.999517, 0.0252932, 0.0180627, -0.0260784, 0.998662, 0.0446485, -0.0169093, -0.045098, 0.998839, 0.00290167  
84, -2.73457, 15.5969, 180.256, 0.999505, 0.0256469, 0.0182316, -0.0264553, 0.998611, 0.0455751, -0.0170374, -0.0460349, 0.998795, 0.00281291  
85, -2.80435, 15.6371, 180.241, 0.999483, 0.0261814, 0.0186828, -0.0270023, 0.998616, 0.0451346, -0.0174753, -0.0456158, 0.998806, 0.00294827  
86, -2.7424, 15.615, 180.245, 0.999527, 0.0249939, 0.0179316, -0.0257829, 0.998645, 0.0452101, -0.0167773, -0.0456511, 0.998817, 0.00297573  
87, -2.73963, 15.6265, 180.238, 0.999533, 0.024819, 0.0178005, -0.0255988, 0.998659, 0.0450069, -0.0166596, -0.0454416, 0.998828, 0.00290472  
88, -2.72791, 15.6333, 180.237, 0.99955, 0.0245581, 0.0172218, -0.0253275, 0.998621, 0.0459778, -0.0160689, -0.0463933, 0.998794, 0.00290444  
89, -2.75133, 15.6488, 180.239, 0.999536, 0.0249493, 0.0174896, -0.0257344, 0.9986, 0.0462049, -0.0163124, -0.0466336, 0.998779, 0.00278406  
90, -2.74635, 15.6303, 180.232, 0.999547, 0.0247288, 0.0171697, -0.0254758, 0.998674, 0.0447445, -0.0160405, -0.0451616, 0.998851, 0.00286616  
91, -2.74051, 15.6376, 180.234, 0.999529, 0.0250524, 0.0177372, -0.0258451, 0.998608, 0.0459704, -0.0165609, -0.0464072, 0.998785, 0.00299764  
92, -2.76735, 15.6365, 180.221, 0.99951, 0.0254344, 0.0182413, -0.0262488, 0.998602, 0.0458881, -0.0170486, -0.0463444, 0.99878, 0.00278545  
93, -2.81778, 15.6787, 180.24, 0.999483, 0.026212, 0.0186031, -0.027042, 0.998582, 0.0458626, -0.0173746, -0.046342, 0.998775, 0.0028756  
94, -2.74315, 15.6521, 180.249, 0.999522, 0.0253203, 0.0177111, -0.0260978, 0.99864, 0.045138, -0.0165441, -0.0455787, 0.998824, 0.00282594  
95, -2.75682, 15.684, 180.246, 0.999512, 0.0254628, 0.0181207, -0.0262633, 0.998623, 0.0454022, -0.0169397, -0.0458559, 0.998804, 0.00287227  
96, -2.74162, 15.681, 180.238, 0.999516, 0.0254203, 0.0179181, -0.0261996, 0.998657, 0.0446856, -0.0167581, -0.0451334, 0.99884, 0.00293551  
97, -2.77718, 15.7219, 180.255, 0.999514, 0.025073, 0.0185493, -0.0258907, 0.998641, 0.0452378, -0.0173898, -0.045696, 0.998804, 0.00280154  
98, -2.76157, 15.7128, 180.275, 0.999498, 0.025945, 0.018175, -0.0267413, 0.998628, 0.0450321, -0.0169817, -0.0454955, 0.99882, 0.00290999  
99, -2.70931, 15.6802, 180.252, 0.999542, 0.0247883, 0.0173736, -0.0255572, 0.998636, 0.0455269, -0.0162213, -0.0459501, 0.998812, 0.00282594  
100, -2.73203, 15.6797, 180.26, 0.999536, 0.0250676, 0.0173199, -0.0258391, 0.998614, 0.0458551, -0.0161465, -0.0462814, 0.998798, 0.00311109  
101, -2.77756, 15.6933, 180.24, 0.999504, 0.0256545, 0.0182782, -0.0264475, 0.998657, 0.0445502, -0.0171107, -0.0450115, 0.99884, 0.00290389  
102, -2.74241, 15.679, 180.238, 0.999524, 0.0250832, 0.0179763, -0.0258764, 0.998637, 0.0453363, -0.0168146, -0.0457799, 0.99881, 0.00294383  
103, -2.77656, 15.6906, 180.236, 0.999522, 0.0251012, 0.0180398, -0.0258979, 0.998634, 0.0453788, -0.0168761, -0.0458243, 0.998807, 0.00290555  
104, -2.75702, 15.6579, 180.224, 0.999509, 0.0254007, 0.0183271, -0.0262001, 0.998653, 0.0447808, -0.017165, -0.045239, 0.998829, 0.00283815  
105, -2.74605, 15.6727, 180.261, 0.999533, 0.0250118, 0.017564, -0.0257884, 0.998632, 0.0454798, -0.0164024, -0.0459115, 0.998811, 0.00286616  
106, -2.75546, 15.6502, 180.219, 0.999515, 0.0253371, 0.0181261, -0.0261437, 0.998611, 0.0457412, -0.016942, -0.0461929, 0.998789, 0.00302399  
107, -2.72327, 15.6676, 180.251, 0.999524, 0.0256113, 0.017207, -0.0263758, 0.998603, 0.0457811, -0.0160104, -0.0462131, 0.998803, 0.00288003  
108, -2.74798, 15.6414, 180.213, 0.999507, 0.0255301, 0.0182934, -0.0263484, 0.998595, 0.0459821, -0.0170937, -0.0464414, 0.998775, 0.00298849  
109, -2.73565, 15.6115, 180.228, 0.999522, 0.0252619, 0.0178277, -0.0260429, 0.998646, 0.0450275, -0.0166661, -0.0454702, 0.998827, 0.00288364  
110, -2.72056, 15.5869, 180.198, 0.999482, 0.0264002, 0.0184025, -0.0271819, 0.998679, 0.04361, -0.0172269, -0.0440877, 0.998879, 0.00290417  
111, -2.7261, 15.5451, 180.196, 0.999518, 0.0257526, 0.0173185, -0.0264629, 0.998762, 0.0421175, -0.0162124, -0.0425555, 0.998963, 0.00290111  
112, -2.72322, 15.464, 180.201, 0.9995, 0.0261254, 0.0178224, -0.0268341, 0.998809, 0.040755, -0.0167364, -0.0412129, 0.99901, 0.00286006  
113, -2.68144, 15.4526, 180.216, 0.99951, 0.0258533, 0.0176691, -0.0265424, 0.998849, 0.0399462, -0.016616, -0.0403956, 0.999046, 0.0027713  
114, -2.66173, 15.3935, 180.229, 0.999495, 0.0258322, 0.0185314, -0.0265213, 0.998927, 0.0379586, -0.017531, -0.0384309, 0.999107, 0.00286838  
115, -2.65307, 15.3183, 180.211, 0.999474, 0.0262381, 0.0190569, -0.0269224, 0.998968, 0.0365894, -0.0180772, -0.0370832, 0.999149, 0.00294244  
116, -2.70197, 15.2363, 180.233, 0.999432, 0.0268527, 0.0203843, -0.0275303, 0.999052, 0.0337252, -0.0194593, -0.0342673, 0.999223, 0.00293385  
117, -2.66597, 15.1534, 180.251, 0.999462, 0.0268612, 0.0188301, -0.0274344, 0.999147, 0.0308689, -0.0179848, -0.0313689, 0.999346, 0.00296297  
118, -2.66821, 15.098, 180.238, 0.99944, 0.027189, 0.0195201, -0.0277492, 0.999193, 0.0290291, -0.0187151, -0.0295545, 0.999388, 0.00290638  
119, -2.6003, 14.9845, 180.23, 0.999423, 0.028052, 0.0191512, -0.0285323, 0.999273, 0.025287, -0.0184279, -0.0258189, 0.999497, 0.00290195  
120, -2.67251, 14.938, 180.253, 0.999416, 0.0277847, 0.0198828, -0.0282724, 0.999295, 0.0246869, -0.0191828, -0.0252347, 0.999497, 0.00287726  
121, -2.63558, 14.88, 180.285, 0.999435, 0.0277724, 0.0189208, -0.0281887, 0.999358, 0.0221021, -0.0182948, -0.0226229, 0.999577, 0.00294799  
122, -2.66167, 14.8422, 180.312, 0.999442, 0.0272947, 0.0192578, -0.0276499, 0.999448, 0.0184251, -0.0187443, -0.0189473, 0.999645, 0.00289335  
123, -2.64709, 14.7912, 180.318, 0.999443, 0.0268691, 0.0198089, -0.0271877, 0.999502, 0.015994, -0.0193693, -0.0165236, 0.999676, 0.00292025  
124, -2.67278, 14.7462, 180.275, 0.999393, 0.0282078, 0.02042, -0.028439, 0.999534, 0.011121, -0.0200968, -0.011695, 0.99973, 0.00281485  
125, -2.66862, 14.7193, 180.316, 0.999381, 0.0281267, 0.0211302, -0.0283535, 0.999543, 0.0105156, -0.0208248, -0.0111082, 0.999721, 0.00305173  
126, -2.66618, 14.7087, 180.3, 0.999366, 0.0282299, 0.0216881, -0.0283163, 0.999592, 0.00368976, -0.0215751, -0.00430155, 0.999758, 0.00298072  
127, -2.67209, 14.6946, 180.338, 0.999352, 0.0287422, 0.0216692, -0.0288206, 0.999579, 0.00331749, -0.0215647, -0.00393986, 0.99976, 0.00280542  
128, -2.72368, 14.681, 180.33, 0.999336, 0.0285725, 0.022625, -0.0285472, 0.999591, -0.00143986, -0.0226569, 0.000793018, 0.999743, 0.00299542  
129, -2.68689, 14.6369, 180.343, 0.999341, 0.0291136, 0.0216926, -0.0290194, 0.999568, -0.00464394, -0.0218184, 0.00401137, 0.999754, 0.00283676  
130, -2.73312, 14.6054, 180.316, 0.99936, 0.0286343, 0.0214182, -0.0284564, 0.999558, -0.00856469, -0.021654, 0.00794972, 0.999734, 0.00284092  
131, -2.74654, 14.5817, 180.373, 0.999367, 0.0282399, 0.0216471, -0.0279503, 0.999517, -0.0135677, -0.0220198, 0.0129541, 0.999674, 0.00306616  
132, -2.71191, 14.4851, 180.442, 0.999354, 0.0308746, 0.0183902, -0.0305973, 0.999417, -0.0151758, -0.018848, 0.0146033, 0.999716, 0.00279987  
133, -2.79059, 14.6494, 180.356, 0.999378, 0.0290292, 0.0200324, -0.028652, 0.999411, -0.018866, -0.0205682, 0.0182803, 0.999621, 0.00298988  
134, -2.69313, 14.6142, 180.441, 0.999383, 0.0301463, 0.0180119, -0.0297541, 0.999323, -0.0216585, -0.0186527, 0.0211092, 0.999603, 0.00284897  
135, -2.7407, 14.7832, 180.36, 0.999402, 0.02788, 0.0204593, -0.0273584, 0.999304, -0.025344, -0.0211517, 0.0247692, 0.999469, 0.00289723  
136, -2.71261, 14.618, 180.43, 0.999368, 0.0307687, 0.0177873, -0.0302379, 0.999111, -0.0293804, -0.0186755, 0.028824, 0.99941, 0.00325533  
137, -2.83902, 14.7852, 180.316, 0.999329, 0.0284533, 0.0230612, -0.0276735, 0.999057, -0.0334538, -0.0239913, 0.0327932, 0.999174, 0.00283121  
138, -2.73355, 14.6878, 180.451, 0.999334, 0.031466, 0.0184912, -0.0307569, 0.998825, -0.0374607, -0.0196482, 0.036867, 0.999127, 0.00300513  
139, -2.79654, 14.8212, 180.474, 0.999339, 0.0305706, 0.0196881, -0.0297662, 0.998759, -0.0399283, -0.0208843, 0.0393159, 0.999009, 0.00284536  
140, -2.8526, 14.8689, 180.488, 0.999343, 0.0305465, 0.0195275, -0.0296158, 0.998489, -0.0462933, -0.0209121, 0.0456845, 0.998737, 0.00285063  
141, -2.84778, 14.8879, 180.508, 0.99938, 0.029991, 0.0184431, -0.0289568, 0.998121, -0.0539939, -0.0200278, 0.0534263, 0.998371, 0.00299709  
142, -2.80379, 14.9994, 180.515, 0.999362, 0.0305991, 0.0184075, -0.0294913, 0.997898, -0.0577101, -0.0201347, 0.0571304, 0.998164, 0.00278767  
143, -2.86166, 15.1511, 180.489, 0.999323, 0.0319004, 0.0183285, -0.0306739, 0.997498, -0.0636975, -0.0203147, 0.0630921, 0.997801, 0.00299459  
144, -2.87528, 15.1437, 180.564, 0.999345, 0.0317723, 0.0173023, -0.030478, 0.997044, -0.070528, -0.019492, 0.0699545, 0.99736, 0.00284619  
145, -2.91948, 15.3373, 180.549, 0.999368, 0.0311579, 0.0171205, -0.0298382, 0.996917, -0.0725722, -0.0193289, 0.0720155, 0.997216, 0.0029724  
146, -2.95213, 15.5125, 180.55, 0.999377, 0.0303695, 0.017992, -0.0288953, 0.996597, -0.0771935, -0.0202751, 0.0766255, 0.996854, 0.00316712  
147, -2.83797, 15.6747, 180.56, 0.99939, 0.0299725, 0.0179331, -0.0283905, 0.996164, -0.0827745, -0.0203453, 0.0822149, 0.996407, 0.00277407  
148, -2.82063, 15.8484, 180.52, 0.999412, 0.0299706, 0.0166268, -0.0284417, 0.995923, -0.0856105, -0.0191249, 0.0850873, 0.99619, 0.00298488  
149, -2.841, 16.1024, 180.505, 0.999365, 0.0302226, 0.0188486, -0.0284762, 0.99581, -0.086894, -0.0213958, 0.0863021, 0.996039, 0.00286561  
150, -2.73299, 16.3317, 180.535, 0.999415, 0.0297923, 0.0168018, -0.0281207, 0.995342, -0.0922106, -0.0194707, 0.0916842, 0.995598, 0.0030251  
151, -2.76126, 16.664, 180.486, 0.999379, 0.0300476, 0.0183815, -0.0281906, 0.995166, -0.0940746, -0.0211194, 0.093498, 0.995395, 0.00310638  
152, -2.68584, 16.9617, 180.471, 0.999365, 0.0304133, 0.0185853, -0.0284724, 0.994875, -0.0970222, -0.0214408, 0.0964314, 0.995109, 0.00282067  
153, -2.69707, 17.2701, 180.432, 0.999367, 0.030266, 0.0187106, -0.0282372, 0.994532, -0.100538, -0.0216512, 0.099946, 0.994757, 0.00300291  
154, -2.62406, 17.5718, 180.425, 0.999326, 0.030769, 0.0200271, -0.0285459, 0.994257, -0.103145, -0.0230857, 0.102504, 0.994465, 0.00282345  
155, -2.57632, 17.9178, 180.364, 0.999329, 0.0302766, 0.0206185, -0.027876, 0.993744, -0.10815, -0.0237639, 0.107503, 0.993921, 0.00283926  
156, -2.50252, 18.3042, 180.389, 0.999327, 0.0308093, 0.0198833, -0.0284588, 0.993605, -0.109266, -0.0231226, 0.108627, 0.993814, 0.00317517  
157, -2.39278, 18.7082, 180.341, 0.999262, 0.0319193, 0.0213569, -0.0292728, 0.992996, -0.114462, -0.0248609, 0.113753, 0.993198, 0.00278822  
158, -2.29922, 19.0824, 180.348, 0.99925, 0.0317202, 0.0222114, -0.0289015, 0.992664, -0.117401, -0.0257725, 0.116671, 0.992836, 0.00296796  
159, -2.17658, 19.5063, 180.348, 0.99924, 0.0320251, 0.0222392, -0.0291272, 0.992317, -0.12024, -0.0259191, 0.119501, 0.992496, 0.00284425  
160, -2.03909, 19.9249, 180.364, 0.999213, 0.0321517, 0.0232171, -0.0290518, 0.991939, -0.123337, -0.0269954, 0.122566, 0.992093, 0.00309001  
161, -1.93657, 20.2847, 180.381, 0.999225, 0.0316112, 0.023452, -0.0284058, 0.991588, -0.126281, -0.0272466, 0.125517, 0.991717, 0.00315936  
162, -1.81614, 20.7017, 180.399, 0.999232, 0.0320879, 0.0224875, -0.0288588, 0.990886, -0.131577, -0.0265045, 0.130827, 0.991051, 0.00290971  
163, -1.73431, 21.1576, 180.389, 0.9992, 0.0321685, 0.0237489, -0.0286836, 0.99046, -0.134782, -0.0278581, 0.133993, 0.990591, 0.00298322  
164, -1.57416, 21.7494, 180.386, 0.999223, 0.03193, 0.0230883, -0.0284646, 0.99011, -0.137376, -0.0272463, 0.136612, 0.99025, 0.00287865  
165, -1.50066, 22.3035, 180.354, 0.999213, 0.0316929, 0.0238456, -0.0280633, 0.989811, -0.139594, -0.0280268, 0.138815, 0.989922, 0.00282678  
166, -1.37627, 23.0184, 180.354, 0.999187, 0.0316366, 0.025003, -0.0277913, 0.989552, -0.141476, -0.0292176, 0.140666, 0.989626, 0.00317295  
167, -1.26085, 23.7107, 180.409, 0.999045, 0.0342849, 0.0270779, -0.0298871, 0.988416, -0.148798, -0.0318657, 0.147847, 0.988497, 0.00277352  
168, -1.13678, 24.551, 180.444, 0.998975, 0.0350454, 0.0286331, -0.030396, 0.98834, -0.149196, -0.0335279, 0.148173, 0.988393, 0.00289418  
169, -0.96531, 25.3533, 180.419, 0.998929, 0.0349654, 0.0303195, -0.030099, 0.988486, -0.148288, -0.0351554, 0.147217, 0.988479, 0.0028817  
170, -0.830512, 26.1658, 180.381, 0.998933, 0.0344921, 0.0307198, -0.0295218, 0.988294, -0.149676, -0.0355228, 0.148609, 0.988258, 0.00292996  
171, -0.743455, 27.0354, 180.352, 0.998934, 0.0337217, 0.0315349, -0.028687, 0.988519, -0.148347, -0.0361753, 0.147284, 0.988433, 0.00297934  
172, -0.588311, 28.0582, 180.3, 0.998928, 0.033152, 0.0323147, -0.0280532, 0.988717, -0.147142, -0.0368282, 0.146078, 0.988587, 0.00281485  
173, -0.430681, 29.1907, 180.261, 0.998877, 0.0337994, 0.0331919, -0.0285761, 0.988743, -0.146872, -0.0377824, 0.145758, 0.988599, 0.00301345  
174, -0.270369, 30.2647, 180.194, 0.998966, 0.0328391, 0.0314317, -0.0276768, 0.987913, -0.152521, -0.0360604, 0.151494, 0.9878, 0.00284814  
175, -0.0894011, 31.4059, 180.165, 0.998937, 0.0337819, 0.0313542, -0.0284477, 0.98715, -0.157247, -0.0362634, 0.156187, 0.987062, 0.00277019  
176, 0.0379944, 32.7356, 180.162, 0.9988, 0.0354394, 0.0338063, -0.0297311, 0.987227, -0.156519, -0.0389215, 0.155326, 0.987096, 0.00322121  
177, 0.151216, 34.1025, 180.144, 0.998741, 0.0352624, 0.0356758, -0.0293384, 0.987518, -0.154749, -0.0406873, 0.153508, 0.987309, 0.00289141  
178, 0.269021, 35.4041, 180.148, 0.998827, 0.0348331, 0.0336264, -0.0292981, 0.987795, -0.152979, -0.0385447, 0.151814, 0.987657, 0.00300735  
179, 0.240597, 36.8142, 180.094, 0.99884, 0.0342112, 0.033875, -0.0286536, 0.987846, -0.152769, -0.0386897, 0.151621, 0.987681, 0.00276659  
180, 0.208238, 38.3189, 180.075, 0.99879, 0.0356995, 0.0338177, -0.0301717, 0.987948, -0.151817, -0.03883, 0.150613, 0.98783, 0.00287781  
181, 0.121365, 39.9698, 180.058, 0.998755, 0.0360273, 0.0344913, -0.0303544, 0.987789, -0.152812, -0.0395756, 0.151575, 0.987653, 0.00314022  
182, -0.0300512, 41.7466, 180.079, 0.998832, 0.0363173, 0.0318772, -0.0311262, 0.988126, -0.150461, -0.036963, 0.149293, 0.988102, 0.00281124  
183, -0.230634, 43.483, 180.096, 0.998812, 0.0364255, 0.032359, -0.0313064, 0.988697, -0.146622, -0.037334, 0.145434, 0.988663, 0.00300236  
184, -0.456933, 45.1789, 180.086, 0.998834, 0.0363948, 0.0317271, -0.0314184, 0.988894, -0.145265, -0.0366617, 0.144099, 0.988884, 0.00284758  
185, -0.717311, 47.0203, 180.116, 0.998834, 0.0369336, 0.0310869, -0.0321394, 0.989251, -0.142655, -0.0360215, 0.141489, 0.989284, 0.00309278  
186, -0.934238, 48.9195, 180.148, 0.998857, 0.0373205, 0.0298644, -0.0328016, 0.989658, -0.139645, -0.0347672, 0.138506, 0.989751, 0.00317156  
187, -1.20808, 50.7209, 180.115, 0.998863, 0.037574, 0.0293522, -0.0330842, 0.989487, -0.140789, -0.0343336, 0.139658, 0.989604, 0.00290971  
188, -1.46552, 52.7758, 180.161, 0.998942, 0.0369544, 0.0273813, -0.0327953, 0.98971, -0.139276, -0.0322464, 0.13823, 0.989875, 0.0029405  
189, -1.81065, 54.842, 180.217, 0.99902, 0.0363128, 0.0253029, -0.0326467, 0.99062, -0.13269, -0.0298839, 0.131734, 0.990835, 0.00283926  
190, -2.10105, 56.9029, 180.288, 0.999053, 0.0366801, 0.0233934, -0.0332662, 0.990615, -0.132569, -0.0280365, 0.131666, 0.990898, 0.00332051  
191, -2.47886, 59.0017, 180.266, 0.999051, 0.0387072, 0.0199548, -0.0357832, 0.990814, -0.130415, -0.0248194, 0.129577, 0.991259, 0.00320623  
192, -2.98478, 61.1928, 180.167, 0.999112, 0.0384824, 0.017155, -0.0360053, 0.991286, -0.126712, -0.0218817, 0.125982, 0.991791, 0.00290028  
193, -3.32718, 63.3745, 180.168, 0.999214, 0.0375935, 0.0125934, -0.0357474, 0.991651, -0.123898, -0.017146, 0.123351, 0.992215, 0.00304258  
194, -3.77676, 65.5863, 180.188, 0.999251, 0.0366603, 0.0123708, -0.0349407, 0.992347, -0.118436, -0.016618, 0.117915, 0.992885, 0.0029455  
195, -4.24324, 67.7726, 180.22, 0.999424, 0.0325254, 0.00965617, -0.0312103, 0.992954, -0.114319, -0.0133064, 0.113952, 0.993397, 0.00303148  
196, -4.83669, 70.071, 180.276, 0.999332, 0.0348294, 0.0110737, -0.0334447, 0.993677, -0.10718, -0.0147368, 0.106739, 0.994178, 0.00288669  
197, -5.31074, 72.3665, 180.267, 0.999382, 0.0344036, 0.00723906, -0.0334372, 0.993739, -0.106602, -0.0108612, 0.106294, 0.994275, 0.00291304  
198, -5.77907, 74.9581, 180.361, 0.999389, 0.0341893, 0.00729708, -0.0333297, 0.994801, -0.0962304, -0.0105492, 0.0959284, 0.995332, 0.00305062  
199, -6.21304, 77.1871, 180.24, 0.999457, 0.0329178, 0.00169255, -0.0325892, 0.994566, -0.0988768, -0.00493816, 0.0987679, 0.995098, 0.0029455  
200, -6.72495, 79.7585, 180.25, 0.999406, 0.0344576, 0.000521594, -0.0342524, 0.994891, -0.0949618, -0.00379108, 0.0948875, 0.995481, 0.00305312  
201, -7.13706, 82.1001, 180.295, 0.999451, 0.0330411, -0.00237689, -0.0331211, 0.995408, -0.0898102, -0.000601454, 0.0898396, 0.995956, 0.00286977  
202, -7.58785, 84.6282, 180.402, 0.999536, 0.0301407, -0.00448544, -0.0304075, 0.996153, -0.0821811, 0.00199119, 0.0822793, 0.996607, 0.0029577  
203, -7.98681, 87.1227, 180.356, 0.999537, 0.029569, -0.00716362, -0.0300505, 0.996296, -0.0805726, 0.00475464, 0.0807505, 0.996723, 0.00290777  
204, -8.50415, 89.6435, 180.318, 0.999517, 0.0301654, -0.00747134, -0.0306484, 0.99661, -0.0763447, 0.00514304, 0.0765368, 0.997053, 0.00289279  
205, -9.05596, 92.2475, 180.258, 0.999393, 0.0326254, -0.0122482, -0.0334191, 0.996885, -0.0714424, 0.00987918, 0.0718083, 0.99737, 0.00326088  
206, -9.48214, 94.7299, 180.279, 0.999374, 0.0318194, -0.0154728, -0.0327823, 0.997243, -0.0665758, 0.0133117, 0.0670413, 0.997661, 0.00311442  
207, -9.93542, 97.3993, 180.292, 0.999344, 0.0303413, -0.0197713, -0.0315287, 0.997528, -0.0628046, 0.0178169, 0.0633868, 0.99783, 0.00290971  
208, -10.5041, 99.9425, 180.261, 0.999272, 0.0305525, -0.0228272, -0.0318857, 0.997657, -0.0605237, 0.0209246, 0.0612075, 0.997906, 0.00303731  
209, -11.0399, 102.527, 180.276, 0.999253, 0.0293932, -0.0251028, -0.0307462, 0.997995, -0.0553302, 0.0234262, 0.0560607, 0.998153, 0.00297074  
210, -11.6251, 105.09, 180.311, 0.999187, 0.0282819, -0.0287168, -0.0296923, 0.998311, -0.0499378, 0.027256, 0.0507498, 0.998339, 0.00308862  
211, -12.242, 107.581, 180.298, 0.999208, 0.027231, -0.0290102, -0.0285626, 0.998509, -0.0465209, 0.0277002, 0.0473127, 0.998496, 0.00311497  
212, -12.8757, 110.228, 180.269, 0.999207, 0.0272053, -0.0290857, -0.0283591, 0.998796, -0.0400205, 0.027962, 0.0408136, 0.998775, 0.00275577  
213, -13.4261, 112.882, 180.262, 0.999006, 0.0277874, -0.0348566, -0.0290327, 0.998939, -0.0357443, 0.0338264, 0.0367207, 0.998753, 0.00287587  
214, -13.9075, 115.584, 180.317, 0.998879, 0.0283596, -0.0378906, -0.0296422, 0.998991, -0.0337261, 0.0368959, 0.0348115, 0.998713, 0.00289668  
215, -14.341, 118.202, 180.38, 0.998853, 0.0266931, -0.0397405, -0.0277156, 0.999293, -0.0254033, 0.0390343, 0.0264756, 0.998887, 0.00319486  
216, -14.7385, 120.772, 180.393, 0.998728, 0.0276539, -0.0421633, -0.0286919, 0.999295, -0.0242147, 0.041464, 0.0253936, 0.998817, 0.00314715  
217, -15.2021, 123.309, 180.362, 0.998754, 0.0272194, -0.041826, -0.0281043, 0.99939, -0.0207155, 0.0412367, 0.0218652, 0.99891, 0.0028878  
218, -15.5867, 125.982, 180.4, 0.99874, 0.0253906, -0.0432824, -0.0259955, 0.999571, -0.0134717, 0.0429218, 0.0145799, 0.998972, 0.00301207  
219, -15.9327, 128.494, 180.406, 0.998642, 0.0227413, -0.0468817, -0.0233998, 0.999634, -0.0135435, 0.0465566, 0.0146221, 0.998809, 0.00283482  
220, -16.3861, 131.187, 180.392, 0.998585, 0.0220076, -0.0484051, -0.0224263, 0.999715, -0.00812329, 0.0482126, 0.00919735, 0.998795, 0.00308002  
221, -16.6691, 133.768, 180.386, 0.998421, 0.0220659, -0.0516626, -0.022398, 0.999732, -0.00585846, 0.0515195, 0.00700635, 0.998647, 0.00328501  
222, -16.954, 136.363, 180.402, 0.998361, 0.0217542, -0.0529332, -0.0217158, 0.999763, 0.00129961, 0.0529489, -0.000147995, 0.998597, 0.00290944  
223, -17.1371, 138.971, 180.448, 0.998326, 0.0195456, -0.0544269, -0.0192827, 0.9998, 0.00535229, 0.0545206, -0.00429384, 0.998503, 0.00289473  
224, -17.2674, 141.586, 180.446, 0.998261, 0.0179965, -0.0561312, -0.0174073, 0.999788, 0.0109671, 0.0563167, -0.0099709, 0.998363, 0.0028792  
225, -17.4484, 144.153, 180.354, 0.998085, 0.0190874, -0.0588414, -0.0185196, 0.999777, 0.0101806, 0.0590226, -0.00907135, 0.998215, 0.00328196  
226, -17.7352, 146.847, 180.273, 0.998251, 0.0193605, -0.0558563, -0.0185336, 0.999711, 0.0152829, 0.0561361, -0.0142209, 0.998322, 0.00332245  
227, -17.9122, 149.315, 180.259, 0.998198, 0.018538, -0.0570752, -0.0175522, 0.999689, 0.0177252, 0.057386, -0.0166915, 0.998213, 0.00283288  
228, -18.0526, 151.745, 180.345, 0.998211, 0.0167754, -0.0573932, -0.0154201, 0.999594, 0.0239757, 0.0577721, -0.0230478, 0.998064, 0.00306421  
229, -18.1338, 154.173, 180.479, 0.998234, 0.0165628, -0.0570463, -0.0152942, 0.999628, 0.0226032, 0.0573994, -0.0216908, 0.998116, 0.00285451  
230, -18.289, 156.543, 180.477, 0.998376, 0.0141415, -0.0551851, -0.012669, 0.999557, 0.0269406, 0.0555416, -0.0261977, 0.998113, 0.00303148  
231, -18.394, 158.958, 180.404, 0.998327, 0.0148646, -0.0558791, -0.0133586, 0.99954, 0.0272293, 0.0562581, -0.0264373, 0.998066, 0.00315242  
232, -18.3721, 161.277, 180.393, 0.998379, 0.0122564, -0.0555754, -0.0104948, 0.999437, 0.0318784, 0.0559348, -0.0312435, 0.997945, 0.00290999  
233, -18.3604, 163.706, 180.39, 0.998444, 0.0129938, -0.0542294, -0.0110192, 0.999271, 0.0365543, 0.0546648, -0.0358998, 0.997859, 0.00294272  
234, -18.2204, 165.985, 180.501, 0.99858, 0.00977391, -0.0523763, -0.00772985, 0.999206, 0.0390879, 0.0527167, -0.0386275, 0.997862, 0.0028878  
235, -18.0708, 168.465, 180.596, 0.998762, 0.0102527, -0.048668, -0.00795696, 0.998857, 0.0471328, 0.0490956, -0.0466872, 0.997702, 0.00327447  
236, -18.0135, 170.55, 180.565, 0.998697, 0.00797504, -0.0503982, -0.00563395, 0.998906, 0.0464245, 0.0507133, -0.04608, 0.99765, 0.00317988  
237, -17.9727, 172.752, 180.486, 0.99868, 0.00554501, -0.0510658, -0.00329328, 0.999023, 0.0440737, 0.0512603, -0.0438474, 0.997722, 0.00285035  
238, -17.6422, 177.399, 180.425, 0.998813, 0.00555674, -0.0483834, -0.00345848, 0.999054, 0.0433435, 0.0485785, -0.0431248, 0.997888, 0.00312219  
239, -17.4519, 179.699, 180.496, 0.998971, 0.00415556, -0.0451546, -0.00201813, 0.99888, 0.0472788, 0.0453005, -0.047139, 0.997861, 0.00284814  
240, -17.3606, 182.063, 180.452, 0.999163, 0.00495115, -0.040604, -0.00293757, 0.99877, 0.0495012, 0.0407992, -0.0493405, 0.997948, 0.00320596  
241, -17.2011, 184.329, 180.475, 0.999292, 0.00521678, -0.0372633, -0.00330937, 0.99869, 0.051067, 0.0374809, -0.0509075, 0.998, 0.0029111  
242, -16.9755, 186.492, 180.475, 0.999372, 0.00231694, -0.0353484, -0.000682675, 0.998933, 0.0461753, 0.0354177, -0.0461222, 0.998308, 0.00310499  
243, -16.7457, 188.588, 180.485, 0.999514, 0.00430851, -0.0308584, -0.00288096, 0.99893, 0.0461572, 0.0310243, -0.0460459, 0.998457, 0.00290028  
244, -16.4443, 190.591, 180.429, 0.999581, 0.00202722, -0.0288645, -0.000662998, 0.998886, 0.0471945, 0.028928, -0.0471556, 0.998469, 0.00294272  
245, -16.1129, 192.839, 180.444, 0.999648, 0.00126918, -0.0265144, 1.49993e-005, 0.998829, 0.048377, 0.0265448, -0.0483603, 0.998477, 0.00325061  
246, -15.5484, 194.845, 180.506, 0.999685, -0.0025107, -0.0249555, 0.00369915, 0.998855, 0.0476913, 0.0248072, -0.0477686, 0.99855, 0.00341454  
247, -15.074, 196.879, 180.401, 0.999755, -0.00193641, -0.022048, 0.00291, 0.999018, 0.0442119, 0.0219407, -0.0442652, 0.998779, 0.00272442  
248, -14.4986, 198.731, 180.388, 0.999807, 2.75988e-005, -0.0196557, 0.000820185, 0.999069, 0.0431223, 0.0196386, -0.0431301, 0.998876, 0.00280736  
249, -13.932, 200.813, 180.426, 0.999869, -0.00165377, -0.0160839, 0.00234592, 0.999068, 0.0431108, 0.0159976, -0.0431429, 0.998941, 0.00330498  
250, -13.2299, 202.848, 180.553, 0.999926, -0.00355351, -0.0116093, 0.00404537, 0.999083, 0.0426227, 0.0114472, -0.0426665, 0.999024, 0.00313467  
251, -12.4872, 205.049, 180.618, 0.999956, -0.00477045, -0.00810426, 0.00514062, 0.998915, 0.0462863, 0.00787466, -0.0463259, 0.998895, 0.00281208  
252, -11.8334, 206.975, 180.632, 0.999966, -0.00431052, -0.00698763, 0.00459773, 0.999123, 0.0416221, 0.00680209, -0.0416528, 0.999109, 0.00298128  
253, -11.0996, 208.841, 180.682, 0.999984, -0.00515789, -0.00221265, 0.00524587, 0.999113, 0.0417933, 0.00199512, -0.0418043, 0.999124, 0.00284841  
254, -10.2828, 210.688, 180.881, 0.999929, -0.010722, 0.00526303, 0.0104965, 0.999098, 0.0411534, -0.00569953, -0.0410952, 0.999139, 0.00315214  
255, -9.66026, 212.596, 180.825, 0.999888, -0.00804519, 0.0126451, 0.00751044, 0.999099, 0.0417823, -0.0129698, -0.0416827, 0.999047, 0.00317794  
256, -8.83352, 214.528, 180.786, 0.999862, -0.00706608, 0.0150298, 0.00655534, 0.999408, 0.0337643, -0.0152595, -0.0336611, 0.999317, 0.00286506  
257, -8.00878, 216.446, 180.838, 0.999766, -0.00663302, 0.0205993, 0.0059553, 0.999445, 0.0327892, -0.0208054, -0.0326589, 0.99925, 0.00297545  
258, -6.93975, 218.207, 180.905, 0.999672, -0.00985111, 0.0236366, 0.00924577, 0.99963, 0.0255845, -0.0238799, -0.0253575, 0.999393, 0.00286256  
259, -6.1476, 220.214, 180.981, 0.999495, -0.0103174, 0.0300405, 0.00943468, 0.999524, 0.0293781, -0.0303293, -0.0290799, 0.999117, 0.00318238  
260, -5.37328, 221.988, 181.06, 0.999314, -0.00900547, 0.0359195, 0.00796357, 0.999546, 0.0290449, -0.0361648, -0.028739, 0.998933, 0.00304702  
261, -4.68244, 223.879, 181.108, 0.999144, -0.00936832, 0.0402941, 0.00843046, 0.999691, 0.0233828, -0.0405007, -0.0230231, 0.998914, 0.00285451  
262, -4.07362, 225.629, 181.171, 0.998893, -0.00625438, 0.0466133, 0.00542128, 0.999824, 0.0179777, -0.0467175, -0.0177051, 0.998751, 0.00293856  
263, -3.45954, 227.25, 181.157, 0.998756, -0.00630897, 0.0494649, 0.00596221, 0.999957, 0.0071546, -0.0495079, -0.00685078, 0.99875, 0.00278434  
264, -3.06059, 229.183, 181.175, 0.998419, -0.00203483, 0.0561677, 0.00147384, 0.999949, 0.0100274, -0.0561852, -0.00992881, 0.998371, 0.00328112  
265, -2.48662, 230.764, 181.098, 0.998408, -0.00251375, 0.0563492, 0.00227947, 0.999988, 0.00422166, -0.0563591, -0.00408649, 0.998402, 0.00331552  
266, -2.02179, 232.613, 181.208, 0.998179, -0.00313624, 0.0602354, 0.00288164, 0.999987, 0.00431306, -0.0602481, -0.00413163, 0.998175, 0.00290056  
267, -1.50611, 234.078, 181.305, 0.997915, -0.00431331, 0.064395, 0.00484351, 0.999956, -0.00807978, -0.0643573, 0.00837483, 0.997892, 0.00292996  
268, -1.07725, 236.005, 181.386, 0.997672, -0.00399104, 0.0680746, 0.00462801, 0.999947, -0.00920175, -0.0680343, 0.00949538, 0.997638, 0.00278683  
269, -0.668102, 237.723, 181.378, 0.997574, -0.00192496, 0.0695826, 0.00285823, 0.999907, -0.0133153, -0.0695505, 0.0134819, 0.997487, 0.00299043  
270, -0.382253, 239.586, 181.402, 0.997315, -0.00360372, 0.0731399, 0.00451628, 0.999914, -0.0123154, -0.0730892, 0.0126126, 0.997246, 0.00325977  
271, -0.167281, 241.267, 181.291, 0.997113, -0.00385636, 0.0758283, 0.00486273, 0.999902, -0.0130915, -0.0757704, 0.0134225, 0.997035, 0.00286284  
272, 0.0834648, 243.049, 181.228, 0.997051, -0.00310192, 0.0766822, 0.00456999, 0.999809, -0.0189768, -0.0766087, 0.0192713, 0.996875, 0.00312496  
273, 0.357911, 244.893, 181.292, 0.99705, -0.00220548, 0.0767248, 0.00368607, 0.99981, -0.0191612, -0.0766679, 0.0193875, 0.996868, 0.00319541  
274, 0.534285, 246.47, 181.246, 0.997076, 0.000126059, 0.0764192, 0.00194872, 0.999632, -0.0270748, -0.0763945, 0.0271446, 0.996708, 0.00311303  
275, 0.704627, 248.185, 181.362, 0.996971, 0.00112197, 0.0777704, 0.00117431, 0.999565, -0.0294743, -0.0777697, 0.0294763, 0.996536, 0.00317544  
276, 0.819233, 249.832, 181.443, 0.996654, 0.00246635, 0.0817017, 0.000181314, 0.999476, -0.0323833, -0.0817387, 0.0322897, 0.996131, 0.00294023  
277, 0.862965, 251.578, 181.48, 0.996711, 0.00313162, 0.0809727, -6.53839e-005, 0.999284, -0.0378424, -0.0810332, 0.0377127, 0.995998, 0.00283149  
278, 0.821956, 253.416, 181.54, 0.996521, 0.00533453, 0.0831741, -0.00216848, 0.999271, -0.0381093, -0.0833168, 0.0377964, 0.995806, 0.00280681  
