0, 0, 0, 0, 0, 0, 0, 0, 0, 0, 0, 0, 0, 0.00626989  
1, 0, 0, 0, 0, 0, 0, 0, 0, 0, 0, 0, 0, 0.00294577  
2, -4.20408, -41.7593, 180.891, 0.999235, 0.0270932, 0.0281964, -0.0264578, 0.999393, -0.0226681, -0.0287934, 0.0219048, 0.999345, 0.00262734  
3, -4.1898, -41.787, 180.903, 0.999247, 0.0273833, 0.0275003, -0.026762, 0.999384, -0.0227119, -0.0281053, 0.0219588, 0.999364, 0.00293662  
4, -4.18332, -41.7933, 180.91, 0.999233, 0.0273329, 0.0280326, -0.0267017, 0.999387, -0.0226523, -0.0286346, 0.0218865, 0.99935, 0.00276659  
5, -4.19662, -41.7688, 180.885, 0.999232, 0.0271762, 0.028233, -0.026523, 0.999378, -0.0232602, -0.0288476, 0.0224935, 0.999331, 0.00282123  
6, -4.1863, -41.7792, 180.908, 0.999267, 0.0270973, 0.0270479, -0.0265071, 0.999408, -0.0219437, -0.0276265, 0.0212107, 0.999393, 0.0029516  
7, -4.1754, -41.7967, 180.916, 0.999248, 0.0265963, 0.0282252, -0.0259801, 0.999421, -0.0219795, -0.0287935, 0.0212296, 0.99936, 0.00275161  
8, -4.18025, -41.7871, 180.891, 0.99923, 0.0275712, 0.0279217, -0.0269762, 0.999406, -0.0214654, -0.0284969, 0.0206957, 0.99938, 0.00307919  
9, -4.14493, -41.7677, 180.91, 0.999265, 0.0264332, 0.0277618, -0.025834, 0.99943, -0.0217246, -0.0283202, 0.0209914, 0.999378, 0.00276631  
10, -4.16583, -41.7667, 180.901, 0.999258, 0.0270746, 0.0273797, -0.0264832, 0.999413, -0.0217373, -0.0279521, 0.0209961, 0.999389, 0.00282206  
11, -4.15494, -41.7843, 180.912, 0.999236, 0.0277091, 0.0275495, -0.0270927, 0.99938, -0.0224999, -0.0281558, 0.0217363, 0.999367, 0.00296353  
12, -4.18376, -41.7677, 180.919, 0.999237, 0.0271768, 0.0280654, -0.0265551, 0.999399, -0.0222951, -0.0286545, 0.0215328, 0.999357, 0.0029025  
13, -4.16378, -41.7617, 180.919, 0.999261, 0.0267303, 0.027634, -0.02614, 0.999427, -0.0215073, -0.028193, 0.020769, 0.999387, 0.00284758  
14, -4.15433, -41.7597, 180.908, 0.999225, 0.0276012, 0.0280639, -0.0269829, 0.99939, -0.0221756, -0.0286588, 0.0214012, 0.99936, 0.00274384  
15, -4.15673, -41.7618, 180.899, 0.999245, 0.0275151, 0.0274131, -0.0268726, 0.999362, -0.0235374, -0.0280432, 0.022783, 0.999347, 0.00293856  
16, -4.18674, -41.7331, 180.878, 0.999231, 0.0269131, 0.0285002, -0.0263001, 0.999419, -0.0216689, -0.0290668, 0.0209026, 0.999359, 0.00289002  
17, -4.18432, -41.7263, 180.878, 0.999227, 0.0274315, 0.0281657, -0.0267646, 0.999359, -0.0237853, -0.0288001, 0.023013, 0.99932, 0.00275494  
18, -4.16689, -41.7094, 180.9, 0.999238, 0.026847, 0.0283336, -0.0262286, 0.999414, -0.0219755, -0.028907, 0.0212156, 0.999357, 0.00279627  
19, -4.17431, -41.7008, 180.901, 0.999247, 0.0266801, 0.0281858, -0.0260726, 0.999424, -0.0217057, -0.0287487, 0.0209545, 0.999367, 0.00294189  
20, -4.18809, -41.6887, 180.883, 0.999238, 0.0269541, 0.0282265, -0.0262976, 0.999381, -0.0233797, -0.0288392, 0.0226196, 0.999328, 0.00278572  
21, -4.18566, -41.6878, 180.892, 0.999202, 0.0271096, 0.0293365, -0.0265008, 0.999429, -0.0209464, -0.0298876, 0.0201522, 0.99935, 0.00296047  
22, -4.17019, -41.6762, 180.878, 0.999223, 0.0271509, 0.0285789, -0.0265198, 0.999401, -0.0222352, -0.0291655, 0.02146, 0.999344, 0.00304785  
23, -4.16421, -41.6742, 180.892, 0.999254, 0.0269289, 0.0276718, -0.0263385, 0.999422, -0.0214834, -0.0282343, 0.0207385, 0.999386, 0.00302982  
24, -4.16783, -41.6599, 180.883, 0.999242, 0.0271347, 0.0279186, -0.0265175, 0.999401, -0.0222461, -0.0285055, 0.0214889, 0.999363, 0.00275826  
25, -4.16687, -41.6443, 180.879, 0.999231, 0.0268225, 0.028608, -0.0262101, 0.999424, -0.02157, -0.0291701, 0.0208036, 0.999358, 0.0028265  
26, -4.12643, -41.628, 180.935, 0.999248, 0.0268246, 0.0279819, -0.0262829, 0.999463, -0.0195511, -0.0284914, 0.0188009, 0.999417, 0.00301734  
27, -4.1501, -41.6293, 180.91, 0.999269, 0.0264056, 0.0276456, -0.0258039, 0.999427, -0.021898, -0.028208, 0.0211686, 0.999378, 0.00278212  
28, -4.13857, -41.6288, 180.929, 0.99924, 0.0265243, 0.0285548, -0.0259605, 0.999464, -0.0199373, -0.0290684, 0.0191809, 0.999393, 0.00282151  
29, -4.14736, -41.6057, 180.933, 0.99924, 0.0266947, 0.0284194, -0.0261179, 0.999449, -0.0204782, -0.0289504, 0.0197204, 0.999386, 0.00278489  
30, -4.1308, -41.6156, 180.921, 0.999252, 0.0268981, 0.0277741, -0.0263414, 0.999449, -0.0202177, -0.0283026, 0.019471, 0.99941, 0.00290555  
31, -4.14033, -41.6053, 180.88, 0.999215, 0.0269736, 0.02901, -0.0263749, 0.999435, -0.0208254, -0.0295554, 0.020044, 0.999362, 0.00296158  
32, -4.11265, -41.5773, 180.903, 0.99924, 0.0266997, 0.0284138, -0.0261083, 0.999439, -0.0209839, -0.0289581, 0.0202261, 0.999376, 0.00281402  
33, -4.11692, -41.5719, 180.906, 0.999223, 0.0269499, 0.0287492, -0.0263627, 0.99944, -0.0206152, -0.0292886, 0.0198413, 0.999374, 0.00276714  
34, -4.13511, -41.5894, 180.884, 0.999204, 0.0270154, 0.0293412, -0.0264189, 0.99944, -0.02053, -0.0298794, 0.0197385, 0.999359, 0.00278212  
35, -4.10846, -41.5736, 180.916, 0.99923, 0.0268403, 0.0286146, -0.0262623, 0.999447, -0.0203873, -0.029146, 0.0196201, 0.999383, 0.00282733  
36, -4.13478, -41.602, 180.892, 0.999232, 0.0273031, 0.0280985, -0.0266966, 0.999407, -0.0217384, -0.0286754, 0.0209716, 0.999369, 0.00310277  
37, -4.09662, -41.5581, 180.937, 0.999229, 0.0270958, 0.0284125, -0.0265049, 0.999429, -0.0209698, -0.0289645, 0.0202005, 0.999376, 0.00277269  
38, -4.11629, -41.581, 180.906, 0.999238, 0.0264512, 0.0287124, -0.0258516, 0.999444, -0.0210593, -0.0292535, 0.020301, 0.999366, 0.00281346  
39, -4.11674, -41.5733, 180.896, 0.999243, 0.0264411, 0.0285265, -0.0258483, 0.999446, -0.0209524, -0.0290647, 0.0201992, 0.999373, 0.00284231  
40, -4.10734, -41.5595, 180.922, 0.999226, 0.0271173, 0.0284882, -0.0265348, 0.999435, -0.0206288, -0.0290315, 0.0198569, 0.999381, 0.00282844  
41, -4.11267, -41.5604, 180.907, 0.999229, 0.0266399, 0.0288555, -0.0260292, 0.999433, -0.021337, -0.0294075, 0.0205694, 0.999356, 0.00293107  
42, -4.18311, -41.4437, 180.78, 0.999145, 0.0249325, 0.0329857, -0.0241481, 0.999421, -0.0239681, -0.0335642, 0.0231511, 0.999168, 0.00279821  
43, -4.11565, -41.5626, 180.894, 0.99922, 0.0268728, 0.0289312, -0.0262764, 0.999438, -0.0208022, -0.029474, 0.0200258, 0.999365, 0.00284009  
44, -4.11557, -41.5505, 180.924, 0.999212, 0.0270004, 0.0291043, -0.0264118, 0.999443, -0.0204217, -0.0296395, 0.0196369, 0.999368, 0.00281291  
45, -4.12428, -41.5718, 180.893, 0.99919, 0.0272209, 0.0296477, -0.0266408, 0.999449, -0.0197872, -0.03017, 0.0189813, 0.999365, 0.00284203  
46, -4.10211, -41.571, 180.929, 0.999235, 0.0266788, 0.0285997, -0.026099, 0.99945, -0.0204593, -0.0291298, 0.0196972, 0.999382, 0.0029602  
47, -4.10606, -41.5454, 180.914, 0.999256, 0.0269807, 0.0275552, -0.0263875, 0.999417, -0.0216671, -0.0281237, 0.0209238, 0.999385, 0.00283399  
48, -4.09979, -41.5877, 180.942, 0.999229, 0.0273126, 0.0281895, -0.0267367, 0.99943, -0.0206057, -0.0287363, 0.0198361, 0.99939, 0.00282678  
49, -4.11256, -41.5766, 180.916, 0.999213, 0.0267475, 0.0292933, -0.0261857, 0.999469, -0.0193956, -0.0297965, 0.0186132, 0.999383, 0.00277102  
50, -4.1304, -41.5607, 180.926, 0.999252, 0.0262422, 0.0283904, -0.0256763, 0.999468, -0.0201151, -0.0289031, 0.0193711, 0.999395, 0.0031527  
51, -4.1227, -41.5749, 180.922, 0.999237, 0.0269186, 0.0282977, -0.0263477, 0.999446, -0.0203555, -0.0288299, 0.0195944, 0.999392, 0.00298821  
52, -4.1423, -41.5798, 180.909, 0.999236, 0.0266422, 0.0285912, -0.0260557, 0.999446, -0.0206941, -0.0291267, 0.0199333, 0.999377, 0.00281818  
53, -4.13094, -41.5991, 180.928, 0.999245, 0.0268577, 0.0280691, -0.0262697, 0.999432, -0.021113, -0.0286202, 0.0203597, 0.999383, 0.0028387  
54, -4.15498, -41.6029, 180.932, 0.999263, 0.0266083, 0.0276551, -0.0260444, 0.99945, -0.0205517, -0.0281867, 0.0198163, 0.999406, 0.00279959  
55, -4.13579, -41.6153, 180.929, 0.999257, 0.0266676, 0.0278185, -0.0260832, 0.999436, -0.0211612, -0.0283671, 0.0204199, 0.999389, 0.00286672  
56, -4.13081, -41.6073, 180.891, 0.999231, 0.0270656, 0.028359, -0.0264794, 0.999432, -0.0208467, -0.0289071, 0.0200798, 0.99938, 0.00303842  
57, -4.16295, -41.6239, 180.912, 0.999235, 0.0264367, 0.0288285, -0.025842, 0.999449, -0.0208111, -0.0293628, 0.0200502, 0.999368, 0.00276603  
58, -4.14627, -41.6322, 180.924, 0.999256, 0.0267665, 0.0277709, -0.026189, 0.999437, -0.0209527, -0.0283161, 0.0202098, 0.999395, 0.00280459  
59, -4.16424, -41.6355, 180.896, 0.99924, 0.026941, 0.0281616, -0.0263157, 0.999404, -0.0223422, -0.0287468, 0.0215841, 0.999354, 0.00292414  
60, -4.15399, -41.6231, 180.914, 0.999276, 0.0264938, 0.0273216, -0.0258999, 0.999425, -0.0218656, -0.0278852, 0.0211422, 0.999388, 0.00319652  
61, -4.15357, -41.6707, 180.912, 0.999234, 0.0271504, 0.0281964, -0.0265328, 0.999405, -0.0220505, -0.0287783, 0.0212855, 0.999359, 0.00296769  
62, -4.16248, -41.654, 180.916, 0.999252, 0.026541, 0.0281168, -0.0259226, 0.999419, -0.0221345, -0.0286879, 0.0213891, 0.99936, 0.00372549  
63, -4.1616, -41.6778, 180.907, 0.99926, 0.0262729, 0.0280828, -0.0256516, 0.999423, -0.0222578, -0.0286514, 0.021521, 0.999358, 0.00283704  
64, -4.1586, -41.6683, 180.893, 0.999255, 0.0265931, 0.0279553, -0.0259734, 0.999414, -0.0223027, -0.028532, 0.02156, 0.99936, 0.00284786  
65, -4.20609, -41.6986, 180.861, 0.999237, 0.0271303, 0.0280936, -0.0264769, 0.999376, -0.0233734, -0.0287102, 0.0226117, 0.999332, 0.00281762  
66, -4.15513, -41.6945, 180.896, 0.999251, 0.0272491, 0.027472, -0.0266489, 0.999403, -0.0219835, -0.0280546, 0.0212349, 0.999381, 0.0030717  
67, -4.15947, -41.6839, 180.891, 0.999232, 0.0273635, 0.0280386, -0.0267143, 0.999372, -0.0232721, -0.0286578, 0.0225052, 0.999336, 0.00287365  
68, -4.18182, -41.7089, 180.867, 0.999236, 0.0264615, 0.0287564, -0.0258317, 0.999423, -0.0220555, -0.0293235, 0.0212958, 0.999343, 0.00280264  
69, -4.15821, -41.7127, 180.906, 0.999229, 0.0273698, 0.0281649, -0.0267463, 0.999394, -0.0222828, -0.0287577, 0.0215123, 0.999355, 0.00282761  
70, -4.17812, -41.7578, 180.903, 0.999234, 0.0280951, 0.0272433, -0.0274496, 0.99934, -0.023787, -0.0278936, 0.0230209, 0.999346, 0.00288558  
71, -4.15036, -41.7367, 180.912, 0.999247, 0.0275532, 0.0273165, -0.0269591, 0.999397, -0.0218838, -0.027903, 0.0211309, 0.999387, 0.00323785  
72, -4.16704, -41.7707, 180.918, 0.999247, 0.0272229, 0.0276491, -0.0266116, 0.999398, -0.0222438, -0.028238, 0.0214913, 0.99937, 0.00294161  
73, -4.16315, -41.72, 180.933, 0.99927, 0.0271436, 0.0268981, -0.0265349, 0.999389, -0.0227353, -0.0274988, 0.022005, 0.99938, 0.00288641  
74, -4.18879, -41.7276, 180.907, 0.999243, 0.0266617, 0.0283249, -0.0260197, 0.999401, -0.0227976, -0.0289158, 0.0220434, 0.999339, 0.00286006  
75, -4.17131, -41.7606, 180.91, 0.999225, 0.0277578, 0.0279144, -0.0271354, 0.99938, -0.0224314, -0.0285198, 0.0216565, 0.999359, 0.00294078  
76, -4.16363, -41.7633, 180.912, 0.999226, 0.027303, 0.028336, -0.026695, 0.99941, -0.0216188, -0.0289095, 0.0208456, 0.999365, 0.00358402  
77, -4.18023, -41.7588, 180.918, 0.999222, 0.0274542, 0.0283311, -0.0268387, 0.9994, -0.0218803, -0.0289149, 0.0211029, 0.999359, 0.00291415  
78, -4.17223, -41.7492, 180.916, 0.999231, 0.0272577, 0.0281723, -0.0266506, 0.999409, -0.0217076, -0.0287474, 0.0209401, 0.999367, 0.0028792  
79, -4.17828, -41.7687, 180.918, 0.999223, 0.0272446, 0.0284803, -0.026619, 0.999401, -0.0221161, -0.0290658, 0.0213408, 0.99935, 0.00283843  
80, -4.18105, -41.7732, 180.935, 0.99925, 0.0269359, 0.0278249, -0.0263287, 0.999412, -0.0219633, -0.0284002, 0.0212142, 0.999371, 0.00287365  
81, -4.18386, -41.7473, 180.916, 0.999249, 0.0277041, 0.0270988, -0.027118, 0.999395, -0.0217619, -0.0276853, 0.0210107, 0.999396, 0.00314965  
82, -4.18055, -41.7729, 180.917, 0.999224, 0.027902, 0.0278005, -0.0273064, 0.999394, -0.0215762, -0.0283857, 0.0208003, 0.999381, 0.00275826  
83, -4.19579, -41.763, 180.926, 0.99924, 0.0271634, 0.0279675, -0.0265356, 0.999393, -0.0225816, -0.0285639, 0.0218223, 0.999354, 0.00287809  
84, -4.18872, -41.7419, 180.935, 0.999253, 0.0270103, 0.0276277, -0.0263928, 0.999399, -0.0224757, -0.0282181, 0.0217298, 0.999366, 0.00283538  
85, -4.1699, -41.7607, 180.917, 0.999238, 0.0274128, 0.027784, -0.0267748, 0.999375, -0.0230792, -0.0283993, 0.0223177, 0.999347, 0.00288003  
86, -4.18738, -41.7738, 180.888, 0.999241, 0.0275896, 0.0274909, -0.0269782, 0.999386, -0.0223704, -0.0280912, 0.0216118, 0.999372, 0.00306865  
87, -4.1605, -41.7402, 180.918, 0.999239, 0.0274235, 0.0277252, -0.0268119, 0.999394, -0.0221975, -0.0283172, 0.0214373, 0.999369, 0.00292414  
88, -4.17421, -41.7414, 180.926, 0.999276, 0.0263577, 0.0274488, -0.0257712, 0.999436, -0.0215065, -0.0280002, 0.0207836, 0.999392, 0.00281596  
89, -4.15814, -41.7324, 180.906, 0.999277, 0.0270255, 0.0267284, -0.0264158, 0.999389, -0.022907, -0.0273312, 0.0221844, 0.99938, 0.00281208  
90, -4.19773, -41.7213, 180.865, 0.999234, 0.0274857, 0.027873, -0.0268649, 0.999388, -0.0224071, -0.0284718, 0.0216411, 0.99936, 0.00279516  
91, -4.15812, -41.7078, 180.935, 0.999276, 0.0261297, 0.027638, -0.0255051, 0.999417, -0.0227154, -0.0282154, 0.021994, 0.99936, 0.00293828  
92, -4.18935, -41.6953, 180.906, 0.999237, 0.0263484, 0.0288393, -0.0257369, 0.99944, -0.0213718, -0.0293862, 0.0206133, 0.999356, 0.00277324  
93, -4.16636, -41.6957, 180.9, 0.999251, 0.0265864, 0.028118, -0.0259567, 0.999409, -0.0225294, -0.0287003, 0.0217827, 0.999351, 0.00281873  
94, -4.16583, -41.698, 180.891, 0.999241, 0.0269753, 0.0280998, -0.0263628, 0.999412, -0.0219439, -0.0286752, 0.0211865, 0.999364, 0.00276853  
95, -4.15999, -41.6846, 180.907, 0.999236, 0.0269503, 0.0282943, -0.0263347, 0.999413, -0.0219067, -0.0288681, 0.0211448, 0.99936, 0.00293329  
96, -4.18442, -41.6894, 180.892, 0.999243, 0.0263577, 0.0286131, -0.02576, 0.999446, -0.0210619, -0.0291524, 0.0203089, 0.999369, 0.0029405  
97, -4.17347, -41.6686, 180.892, 0.99925, 0.0269167, 0.0278267, -0.0263011, 0.999406, -0.0222564, -0.0284092, 0.0215078, 0.999365, 0.00275799  
98, -4.15483, -41.6764, 180.913, 0.999245, 0.0268176, 0.028116, -0.0261929, 0.999407, -0.0223575, -0.0286989, 0.0216042, 0.999355, 0.00281596  
99, -4.14579, -41.6349, 180.927, 0.999254, 0.0264428, 0.0281617, -0.0258367, 0.999431, -0.0216717, -0.0287188, 0.0209279, 0.999368, 0.00292774  
100, -4.15368, -41.6605, 180.897, 0.999232, 0.0267764, 0.0286227, -0.026193, 0.999445, -0.0205662, -0.0291575, 0.0198007, 0.999379, 0.00278739  
101, -4.15659, -41.623, 180.891, 0.999273, 0.0261079, 0.0277698, -0.0254875, 0.999423, -0.0224643, -0.0283403, 0.0217402, 0.999362, 0.00320207  
102, -4.16705, -41.6441, 180.891, 0.999232, 0.0266343, 0.0287409, -0.0259921, 0.999409, -0.0224911, -0.029323, 0.0217268, 0.999334, 0.00316768  
103, -4.14382, -41.6495, 180.916, 0.999256, 0.0260518, 0.0284422, -0.0254268, 0.999432, -0.0221193, -0.0290023, 0.0213796, 0.999351, 0.00281873  
104, -4.14181, -41.6151, 180.919, 0.999259, 0.026041, 0.0283302, -0.0254619, 0.999463, -0.0206148, -0.0288518, 0.0198782, 0.999386, 0.0027713  
105, -4.11586, -41.6336, 180.945, 0.999243, 0.0274471, 0.0275548, -0.026869, 0.999415, -0.0211379, -0.0281189, 0.0203816, 0.999397, 0.00285701  
106, -4.15116, -41.6249, 180.909, 0.999237, 0.026712, 0.0284894, -0.0261058, 0.999429, -0.0214401, -0.0290459, 0.02068, 0.999364, 0.00300735  
107, -4.12392, -41.6139, 180.916, 0.999251, 0.0269699, 0.0277427, -0.0263826, 0.999424, -0.0213229, -0.0283019, 0.020575, 0.999388, 0.00289945  
108, -4.12924, -41.5939, 180.911, 0.99925, 0.0268955, 0.0278586, -0.0263296, 0.999443, -0.0204838, -0.028394, 0.0197349, 0.999402, 0.00280486  
109, -4.13314, -41.5801, 180.935, 0.999243, 0.026379, 0.0285947, -0.0257852, 0.999448, -0.0209383, -0.0291312, 0.0201851, 0.999372, 0.00275993  
110, -4.13024, -41.5616, 180.934, 0.999268, 0.0265763, 0.0275047, -0.025979, 0.999424, -0.0218535, -0.0280696, 0.021123, 0.999383, 0.00277934  
111, -4.12815, -41.555, 180.931, 0.999234, 0.0266711, 0.0286365, -0.0260842, 0.999446, -0.0206775, -0.0291721, 0.0199147, 0.999376, 0.00313051  
112, -4.11379, -41.5433, 180.936, 0.999251, 0.0268089, 0.0279186, -0.0262142, 0.999426, -0.0214545, -0.0284777, 0.0207066, 0.99938, 0.00275216  
113, -4.10552, -41.5987, 180.919, 0.999229, 0.0264138, 0.0290326, -0.0257718, 0.99942, -0.0222708, -0.029604, 0.0215054, 0.99933, 0.00281568  
114, -4.11615, -41.5978, 180.926, 0.999238, 0.0268294, 0.028347, -0.0261181, 0.999342, -0.0251721, -0.0290037, 0.0244126, 0.999281, 0.00278517  
115, -4.11072, -41.5742, 180.892, 0.999242, 0.0266458, 0.0283904, -0.0259242, 0.999339, -0.0254861, -0.0290507, 0.0247308, 0.999272, 0.00284814  
116, -4.12929, -41.6524, 180.889, 0.999188, 0.0273655, 0.0295758, -0.0265794, 0.999291, -0.0266513, -0.0302842, 0.0258436, 0.999207, 0.00291443  
117, -4.09574, -41.7505, 180.865, 0.999173, 0.0272787, 0.0301525, -0.0263244, 0.999154, -0.0316079, -0.0309892, 0.0307881, 0.999045, 0.00276381  
118, -4.07683, -41.8848, 180.925, 0.999211, 0.0274472, 0.0287075, -0.0264285, 0.999028, -0.0352805, -0.029648, 0.034494, 0.998965, 0.00279654  
119, -4.05572, -41.9987, 180.931, 0.999224, 0.0274974, 0.0282155, -0.0264236, 0.998938, -0.0377513, -0.0292236, 0.0369765, 0.998889, 0.00286339  
120, -4.04897, -42.0994, 180.908, 0.999182, 0.0285058, 0.0286785, -0.0273353, 0.998809, -0.0404091, -0.0297962, 0.0395921, 0.998772, 0.00292275  
121, -4.03055, -42.1677, 180.947, 0.999192, 0.0273537, 0.0294475, -0.0261041, 0.998776, -0.0420141, -0.0305607, 0.0412114, 0.998683, 0.00308613  
122, -4.0287, -42.2926, 180.969, 0.999166, 0.0280055, 0.02972, -0.0266604, 0.998643, -0.0447302, -0.0309323, 0.0439005, 0.998557, 0.0027455  
123, -4.01901, -42.6284, 180.939, 0.999144, 0.0284958, 0.0299964, -0.0266583, 0.997844, -0.0599702, -0.0316406, 0.0591192, 0.997749, 0.00281346  
124, -3.97908, -42.7081, 180.967, 0.999131, 0.0287551, 0.0301779, -0.026669, 0.99737, -0.067389, -0.0320363, 0.0665256, 0.99727, 0.00271721  
125, -3.99438, -42.8512, 180.949, 0.999102, 0.0285839, 0.0312869, -0.0261071, 0.996697, -0.0768976, -0.0333816, 0.0760117, 0.996548, 0.00303093  
126, -3.98193, -42.8379, 180.959, 0.99909, 0.0293295, 0.0309768, -0.0267409, 0.996363, -0.0809058, -0.0332371, 0.0800038, 0.99624, 0.00307254  
127, -3.98551, -42.8287, 180.964, 0.999155, 0.029122, 0.0289951, -0.0264639, 0.995753, -0.0881789, -0.0314399, 0.0873371, 0.995683, 0.00268337  
128, -3.9466, -42.8106, 180.911, 0.999091, 0.0305267, 0.0297536, -0.0277009, 0.995452, -0.0911508, -0.0324008, 0.0902437, 0.995393, 0.0028204  
129, -3.87074, -42.6496, 180.901, 0.999053, 0.0305725, 0.0309441, -0.0273019, 0.994502, -0.101096, -0.0338648, 0.100155, 0.994395, 0.00323619  
130, -3.74809, -42.3416, 180.875, 0.999063, 0.0298597, 0.0313168, -0.0260533, 0.992953, -0.115606, -0.034548, 0.114682, 0.992801, 0.00276631  
131, -3.65715, -42.1878, 180.846, 0.999038, 0.0299978, 0.0319765, -0.025951, 0.992409, -0.120213, -0.0353399, 0.119268, 0.992233, 0.00279627  
132, -3.58796, -42.0326, 180.828, 0.999, 0.0306247, 0.0325857, -0.0263773, 0.991979, -0.123617, -0.0361101, 0.122634, 0.991795, 0.00280902  
133, -3.52401, -41.8376, 180.791, 0.998986, 0.0306965, 0.0329343, -0.0262403, 0.991413, -0.128109, -0.036584, 0.127114, 0.991213, 0.00298488  
134, -3.43852, -41.5833, 180.826, 0.998942, 0.0312282, 0.0337641, -0.0265404, 0.990983, -0.131331, -0.0375609, 0.130296, 0.990763, 0.00288808  
135, -3.38874, -41.2757, 180.832, 0.998936, 0.0306041, 0.034508, -0.0256581, 0.990427, -0.13563, -0.0383284, 0.1346, 0.990158, 0.0029602  
136, -3.26589, -40.9394, 180.862, 0.998883, 0.0311666, 0.0355117, -0.0260205, 0.99021, -0.137139, -0.0394382, 0.136062, 0.989915, 0.00280237  
137, -3.13983, -40.5586, 180.876, 0.998848, 0.031535, 0.0361619, -0.0262197, 0.989939, -0.139047, -0.0401829, 0.137939, 0.989625, 0.00298322  
138, -3.06739, -40.1846, 180.82, 0.99882, 0.0323533, 0.0362083, -0.0268169, 0.989196, -0.144123, -0.0404799, 0.142982, 0.988897, 0.00296325  
139, -3.01904, -39.6887, 180.83, 0.998844, 0.0317858, 0.0360495, -0.0262581, 0.989141, -0.144602, -0.0402543, 0.143488, 0.988833, 0.00284647  
140, -2.96497, -39.1423, 180.81, 0.99883, 0.0323855, 0.0359029, -0.0267766, 0.988778, -0.146976, -0.0402598, 0.145843, 0.988488, 0.0029871  
141, -2.92771, -38.5249, 180.796, 0.998751, 0.0325898, 0.0378627, -0.0267123, 0.988848, -0.146513, -0.0422153, 0.145319, 0.988484, 0.002862  
142, -2.9155, -37.9131, 180.735, 0.998717, 0.0323076, 0.0389957, -0.0262204, 0.988699, -0.147601, -0.0433237, 0.146389, 0.988278, 0.00280375  
143, -2.86503, -37.1938, 180.724, 0.998761, 0.032955, 0.0372826, -0.0270803, 0.988562, -0.148361, -0.0417454, 0.147167, 0.98823, 0.00306366  
144, -2.93347, -36.412, 180.704, 0.998764, 0.0330201, 0.0371387, -0.0271099, 0.988361, -0.149693, -0.0416493, 0.148501, 0.988035, 0.00283649  
145, -2.87709, -35.4724, 180.769, 0.998751, 0.034048, 0.0365561, -0.0282032, 0.988292, -0.149945, -0.0412334, 0.148727, 0.988018, 0.00300569  
146, -2.9322, -34.5429, 180.757, 0.998825, 0.033683, 0.0348301, -0.0279231, 0.987622, -0.154344, -0.0395977, 0.15319, 0.987403, 0.00279377  
147, -3.08467, -33.5827, 180.703, 0.99881, 0.0348463, 0.0341139, -0.0290144, 0.986916, -0.158601, -0.0391942, 0.157423, 0.986753, 0.00280292  
148, -3.16106, -32.5852, 180.762, 0.998881, 0.0353223, 0.0314453, -0.0297817, 0.986353, -0.161929, -0.0367359, 0.160811, 0.986301, 0.00304397  
149, -3.3182, -31.4068, 180.749, 0.998847, 0.0347737, 0.0331041, -0.0290272, 0.986604, -0.160529, -0.0382429, 0.159383, 0.986476, 0.00277102  
150, -3.60798, -30.2446, 180.758, 0.998908, 0.0359666, 0.0298228, -0.0306727, 0.986296, -0.162107, -0.0352445, 0.161015, 0.986322, 0.00293939  
151, -3.874, -29.1315, 180.746, 0.99901, 0.0348495, 0.0276499, -0.0300135, 0.986773, -0.159304, -0.0328358, 0.158317, 0.986842, 0.00286339  
152, -4.1884, -27.9066, 180.732, 0.999025, 0.0356229, 0.0260695, -0.0310908, 0.987058, -0.157321, -0.0313363, 0.156358, 0.987203, 0.00300069  
153, -4.5294, -26.5282, 180.699, 0.999032, 0.0357604, 0.0256313, -0.0313638, 0.987396, -0.155133, -0.0308559, 0.154178, 0.987561, 0.00313439  
154, -4.97908, -25.1547, 180.661, 0.99904, 0.036696, 0.0239449, -0.0324677, 0.986928, -0.157854, -0.0294245, 0.156925, 0.987172, 0.00284869  
155, -5.34674, -23.6921, 180.769, 0.999028, 0.0364533, 0.024777, -0.0321829, 0.987382, -0.155052, -0.0301165, 0.154104, 0.987596, 0.00294466  
156, -5.73087, -22.1329, 180.809, 0.99905, 0.0374473, 0.0222856, -0.0335241, 0.987195, -0.155955, -0.0278403, 0.15506, 0.987513, 0.00286117  
157, -6.09996, -20.7123, 180.862, 0.99914, 0.0362106, 0.0202225, -0.0326945, 0.98766, -0.153165, -0.0255191, 0.152372, 0.987994, 0.00295493  
158, -6.46283, -19.2097, 180.865, 0.999231, 0.0342995, 0.01899, -0.0310646, 0.988163, -0.150228, -0.023918, 0.149523, 0.988469, 0.00311886  
159, -6.79436, -17.4721, 180.868, 0.999356, 0.0332819, 0.0134157, -0.0309131, 0.988336, -0.149118, -0.0182222, 0.148607, 0.988728, 0.00286977  
160, -7.26312, -15.8538, 180.808, 0.999273, 0.0351091, 0.0148628, -0.0325514, 0.988627, -0.14682, -0.0198485, 0.14623, 0.989052, 0.00291166  
161, -7.58986, -14.0843, 180.8, 0.999412, 0.0332641, 0.00834277, -0.0316414, 0.988216, -0.149757, -0.013226, 0.149405, 0.988688, 0.00283427  
162, -8.09842, -12.203, 180.784, 0.99931, 0.0360738, 0.0087916, -0.0344544, 0.989189, -0.142539, -0.0138385, 0.142138, 0.98975, 0.00279959  
163, -8.52788, -10.3024, 180.752, 0.999385, 0.0344697, 0.00636653, -0.0332746, 0.990024, -0.136916, -0.0110225, 0.13662, 0.990562, 0.00319819  
164, -9.04577, -8.39419, 180.73, 0.999406, 0.034289, 0.00352819, -0.0335086, 0.990434, -0.133859, -0.00808432, 0.133661, 0.990994, 0.00287643  
165, -9.3967, -6.3426, 180.777, 0.999531, 0.0303957, -0.0038469, -0.0306373, 0.990638, -0.133034, -0.000232781, 0.133089, 0.991104, 0.00292136  
166, -10.0562, -4.37915, 180.661, 0.999425, 0.033688, -0.00376862, -0.0338901, 0.99057, -0.132752, -0.000739081, 0.132804, 0.991142, 0.00279848  
167, -10.5848, -2.30923, 180.639, 0.999522, 0.0300306, -0.00728136, -0.0307193, 0.991171, -0.128982, 0.00334367, 0.129144, 0.99162, 0.00292747  
168, -11.1768, -0.101446, 180.573, 0.999468, 0.0307214, -0.0109119, -0.0318144, 0.992192, -0.120595, 0.00712189, 0.120878, 0.992642, 0.00298793  
169, -11.7146, 1.95013, 180.658, 0.999571, 0.0265184, -0.0124695, -0.0278328, 0.992278, -0.120874, 0.00916781, 0.12117, 0.992589, 0.00318848  
170, -12.2897, 4.20128, 180.642, 0.999467, 0.0300701, -0.0126894, -0.0313198, 0.993021, -0.1137, 0.00918185, 0.114037, 0.993434, 0.00294133  
171, -12.7013, 6.33923, 180.601, 0.99951, 0.0271551, -0.0155902, -0.0288286, 0.992394, -0.119681, 0.0122217, 0.120072, 0.99269, 0.00281346  
172, -13.3057, 8.90876, 180.629, 0.999413, 0.0298864, -0.0167309, -0.0315097, 0.99375, -0.107085, 0.0134259, 0.107549, 0.994109, 0.00294827  
173, -13.6588, 11.273, 180.545, 0.999297, 0.0297468, -0.0228277, -0.0319564, 0.994119, -0.103472, 0.0196155, 0.104129, 0.99437, 0.00291138  
174, -14.2391, 13.6503, 180.598, 0.999455, 0.0241178, -0.0225334, -0.026075, 0.995506, -0.0910377, 0.0202365, 0.0915756, 0.995592, 0.00277574  
175, -14.6054, 16.0023, 180.646, 0.999434, 0.0228772, -0.0246788, -0.025007, 0.99565, -0.0897591, 0.022518, 0.0903254, 0.995658, 0.00295077  
176, -15.0237, 18.3354, 180.607, 0.999415, 0.0220724, -0.0261259, -0.0242441, 0.996003, -0.0859609, 0.0241241, 0.086544, 0.995956, 0.00280375  
177, -15.3583, 20.9524, 180.575, 0.999327, 0.0227529, -0.0287811, -0.0249621, 0.996571, -0.0788856, 0.0268876, 0.079551, 0.996468, 0.00282955  
178, -15.5969, 23.3788, 180.532, 0.999312, 0.020874, -0.0306489, -0.0230733, 0.997046, -0.0732537, 0.0290293, 0.0739105, 0.996842, 0.00293967  
179, -15.8948, 25.8742, 180.515, 0.999337, 0.0203612, -0.0301683, -0.0223883, 0.997403, -0.0684538, 0.0286962, 0.0690839, 0.997198, 0.00279099  
180, -16.1335, 28.4293, 180.528, 0.999336, 0.0210501, -0.0297474, -0.022915, 0.997699, -0.0638075, 0.0283358, 0.0644468, 0.997519, 0.00299903  
181, -16.291, 31.1216, 180.495, 0.999286, 0.0194597, -0.03238, -0.0214577, 0.997811, -0.0625475, 0.0310919, 0.0631976, 0.997517, 0.00284037  
182, -16.4966, 33.7704, 180.548, 0.999279, 0.0188845, -0.0329446, -0.0207663, 0.998115, -0.0577457, 0.031792, 0.0583882, 0.997788, 0.00281624  
183, -16.6224, 36.6287, 180.625, 0.999267, 0.0149039, -0.0352476, -0.016749, 0.998473, -0.0526435, 0.0344092, 0.0531953, 0.997991, 0.00292053  
184, -16.7854, 39.3832, 180.672, 0.999222, 0.0162144, -0.0359648, -0.0178055, 0.998856, -0.0443702, 0.0352043, 0.044976, 0.998368, 0.00280708  
185, -16.8744, 41.8997, 180.675, 0.999126, 0.0167898, -0.0382737, -0.0184439, 0.998893, -0.0432836, 0.0375046, 0.0439517, 0.998329, 0.00295298  
186, -17.0805, 44.7231, 180.633, 0.999146, 0.0177797, -0.0372916, -0.0190905, 0.999202, -0.0350944, 0.0366378, 0.0357764, 0.998688, 0.00279737  
187, -17.0373, 47.5102, 180.656, 0.999093, 0.0153696, -0.0397097, -0.0166154, 0.999374, -0.0312334, 0.0392048, 0.0318648, 0.998723, 0.00287476  
188, -17.1105, 50.3, 180.622, 0.999152, 0.0160784, -0.0379028, -0.0167804, 0.999692, -0.0182764, 0.0375973, 0.0188969, 0.999114, 0.00296491  
189, -17.062, 52.9112, 180.622, 0.99915, 0.0135155, -0.0389397, -0.0142319, 0.999733, -0.0181788, 0.0386836, 0.0187176, 0.999076, 0.00302815  
190, -17.226, 55.7816, 180.773, 0.999361, 0.0125919, -0.0334454, -0.0128704, 0.999884, -0.00812522, 0.0333392, 0.00855049, 0.999408, 0.00272637  
191, -17.1915, 58.4877, 180.714, 0.999248, 0.0136244, -0.0363108, -0.0139278, 0.99987, -0.008115, 0.0361955, 0.00861462, 0.999308, 0.00270279  
192, -17.3428, 61.3021, 180.652, 0.999393, 0.0135361, -0.0320885, -0.0136406, 0.999902, -0.0030399, 0.0320442, 0.00347576, 0.99948, 0.00283038  
193, -17.33, 63.8115, 180.533, 0.999282, 0.0100294, -0.03654, -0.0104244, 0.999889, -0.0106351, 0.0364293, 0.0110084, 0.999276, 0.0029921  
194, -17.3593, 66.6482, 180.56, 0.999201, 0.00827073, -0.0391056, -0.00837816, 0.999962, -0.00258402, 0.0390827, 0.00290959, 0.999232, 0.00279848  
195, -17.3326, 69.4323, 180.602, 0.999182, 0.00944468, -0.0393141, -0.00927643, 0.999947, 0.00446006, 0.0393541, -0.00409172, 0.999217, 0.00294744  
196, -17.3473, 72.1624, 180.527, 0.999192, 0.00801146, -0.039377, -0.00766913, 0.999932, 0.00883703, 0.0394451, -0.0085279, 0.999185, 0.00281041  
197, -17.2398, 74.8369, 180.696, 0.999403, 0.00749377, -0.0337404, -0.00689709, 0.999818, 0.0177663, 0.0338674, -0.017523, 0.999273, 0.00283038  
198, -17.1658, 77.5185, 180.63, 0.999404, 0.00608276, -0.0339902, -0.00541555, 0.999792, 0.0196872, 0.0341029, -0.0194914, 0.999228, 0.00292968  
199, -17.0864, 80.3422, 180.632, 0.999387, 0.00981266, -0.0335987, -0.00899649, 0.999663, 0.0243573, 0.0338264, -0.0240401, 0.999139, 0.00309861  
200, -16.8029, 83.1599, 180.682, 0.999456, 0.0100335, -0.0314034, -0.00921087, 0.999613, 0.0262329, 0.0316545, -0.0259294, 0.999162, 0.00296242  
201, -16.5494, 85.6508, 180.745, 0.999651, 0.00781024, -0.0252296, -0.00709414, 0.999573, 0.0283492, 0.0254403, -0.0281603, 0.99928, 0.00279432  
202, -16.3916, 88.2253, 180.679, 0.999692, 0.00723936, -0.0237538, -0.00646989, 0.999457, 0.0323118, 0.0239748, -0.0321481, 0.999196, 0.00282178  
203, -16.1904, 90.8084, 180.593, 0.999759, 0.00623476, -0.0210342, -0.0053244, 0.999058, 0.0430619, 0.0212829, -0.0429395, 0.998851, 0.00297323  
204, -15.8459, 93.318, 180.502, 0.999809, 0.00387922, -0.0191343, -0.0029155, 0.998738, 0.0501391, 0.0193047, -0.0500737, 0.998559, 0.0027677  
205, -15.6575, 95.964, 180.542, 0.999916, 0.00744634, -0.0105862, -0.0069074, 0.998722, 0.0500653, 0.0109455, -0.049988, 0.99869, 0.00302233  
206, -15.3372, 98.3506, 180.627, 0.999938, 0.00758159, -0.00810411, -0.00723742, 0.999105, 0.0416851, 0.0084129, -0.0416239, 0.999098, 0.00285285  
207, -14.9674, 101.058, 180.703, 0.999963, 0.00676024, -0.00525747, -0.00650752, 0.998889, 0.046684, 0.00556722, -0.0466481, 0.998896, 0.00283343  
208, -14.5241, 103.545, 180.608, 0.999977, 0.00666148, -0.00144851, -0.00658402, 0.998819, 0.0481477, 0.00176753, -0.0481371, 0.998839, 0.00293634  
209, -13.975, 106.097, 180.677, 0.999984, 0.00570395, 0.00063988, -0.00572936, 0.998653, 0.0515773, -0.000344824, -0.0515801, 0.998669, 0.00279238  
210, -13.3216, 108.59, 180.895, 0.999984, 0.0043339, 0.00369473, -0.00454421, 0.99825, 0.058955, -0.00343276, -0.0589708, 0.998254, 0.00299043  
211, -12.8105, 110.704, 180.925, 0.999976, 0.00316956, 0.00611095, -0.0034863, 0.998613, 0.0525367, -0.00593596, -0.0525568, 0.9986, 0.00278739  
212, -12.3232, 113.26, 180.912, 0.999939, 0.00398619, 0.0102704, -0.00459972, 0.998162, 0.0604231, -0.0100107, -0.0604666, 0.99812, 0.00282151  
213, -11.7645, 115.429, 180.907, 0.999903, 0.00369455, 0.0133963, -0.0045018, 0.998144, 0.0607389, -0.013147, -0.0607933, 0.998064, 0.00307808  
214, -11.2492, 118.074, 180.965, 0.999902, 0.00324912, 0.0135893, -0.00412992, 0.997857, 0.0652979, -0.0133481, -0.0653476, 0.997773, 0.00281846  
215, -10.6447, 120.253, 181.135, 0.9998, 0.00163015, 0.0199569, -0.00293171, 0.997857, 0.0653643, -0.0198076, -0.0654097, 0.997662, 0.00291582  
216, -10.1827, 122.796, 181.18, 0.999763, 0.000889271, 0.0217526, -0.00232916, 0.9978, 0.0662583, -0.0216458, -0.0662932, 0.997565, 0.00284508  
217, -9.76064, 124.764, 181.192, 0.9997, -0.000683868, 0.0244932, -0.000916293, 0.997868, 0.0652599, -0.0244856, -0.0652628, 0.997568, 0.00286284  
218, -9.27246, 127.169, 181.254, 0.999637, -0.000443223, 0.0269299, -0.00129248, 0.997923, 0.0644009, -0.0269025, -0.0644124, 0.997561, 0.00293246  
219, -8.81287, 129.322, 181.34, 0.999506, -0.00029523, 0.0314358, -0.00163969, 0.998105, 0.0615078, -0.0313944, -0.0615289, 0.997611, 0.00282983  
220, -8.33705, 131.731, 181.396, 0.999465, -0.000957099, 0.0326814, -0.00107312, 0.998073, 0.0620477, -0.0326778, -0.0620496, 0.997538, 0.00291637  
221, -8.01305, 133.776, 181.376, 0.999419, -0.00129829, 0.0340597, -0.000822022, 0.998066, 0.062165, -0.0340745, -0.0621569, 0.997485, 0.00281457  
222, -7.70419, 135.9, 181.276, 0.999417, -0.00160964, 0.0341077, -0.000447701, 0.998185, 0.0602257, -0.0341427, -0.0602059, 0.997602, 0.00280625  
223, -7.49719, 138.101, 181.291, 0.999264, -0.000217093, 0.0383508, -0.00213247, 0.998122, 0.0612135, -0.0382921, -0.0612503, 0.997388, 0.0029932  
224, -7.30669, 140.142, 181.27, 0.999255, -0.0011736, 0.0385838, -0.00105324, 0.998337, 0.0576436, -0.0385873, -0.0576413, 0.997591, 0.0029663  
225, -7.26562, 142.363, 181.295, 0.999147, 0.000783847, 0.0412789, -0.00320584, 0.998274, 0.0586404, -0.0411617, -0.0587228, 0.997425, 0.00294328  
226, -7.03234, 144.281, 181.381, 0.99922, 0.00040132, 0.0394976, -0.00263605, 0.998397, 0.056543, -0.0394116, -0.056603, 0.997619, 0.00285784  
227, -6.92585, 146.192, 181.549, 0.999065, -0.00025823, 0.0432392, -0.00247047, 0.998008, 0.0630418, -0.0431694, -0.0630896, 0.997074, 0.00281929  
228, -6.92838, 147.924, 181.577, 0.999078, 0.0021809, 0.0428836, -0.00452641, 0.998494, 0.054674, -0.0426997, -0.0548177, 0.997583, 0.0030534  
229, -6.86362, 149.905, 181.528, 0.999092, 0.00144359, 0.0425807, -0.00355424, 0.998766, 0.0495342, -0.0424567, -0.0496406, 0.997864, 0.00285285  
230, -6.91714, 151.783, 181.539, 0.999007, 0.00182908, 0.0445095, -0.00403479, 0.998765, 0.0495169, -0.0443639, -0.0496473, 0.997781, 0.00297961  
231, -7.14526, 153.683, 181.331, 0.999218, -0.00093465, 0.0395341, -0.000888279, 0.998938, 0.0460676, -0.0395352, -0.0460667, 0.998156, 0.00283843  
232, -7.16193, 155.721, 181.508, 0.99907, 0.000328479, 0.0431162, -0.00224061, 0.999015, 0.0443075, -0.0430592, -0.0443629, 0.998087, 0.00289945  
233, -7.42577, 157.57, 181.435, 0.999118, -0.00222201, 0.0419226, 0.000298147, 0.998949, 0.0458412, -0.0419804, -0.0457883, 0.998069, 0.0030301  
234, -7.6292, 159.609, 181.5, 0.998998, 0.00161874, 0.044724, -0.00348707, 0.999123, 0.0417281, -0.0446173, -0.0418422, 0.998128, 0.00285091  
235, -7.92801, 161.25, 181.435, 0.999091, -0.00309938, 0.0425271, 0.0012493, 0.999054, 0.0434615, -0.0426215, -0.0433688, 0.99815, 0.00307198  
236, -8.23062, 163.27, 181.499, 0.999184, -0.00279855, 0.0402971, 0.00100778, 0.999014, 0.0443912, -0.0403816, -0.0443143, 0.998201, 0.00287338  
237, -8.51888, 164.885, 181.576, 0.999122, -0.001481, 0.0418695, -0.000108243, 0.99928, 0.0379294, -0.0418955, -0.0379006, 0.998403, 0.00291942  
238, -8.87004, 166.866, 181.488, 0.999139, -0.00311239, 0.0413624, 0.00135711, 0.9991, 0.042397, -0.0414571, -0.0423044, 0.998244, 0.00319625  
239, -9.19515, 168.534, 181.491, 0.99917, -0.00108638, 0.0407226, -0.000187184, 0.999511, 0.0312573, -0.0407366, -0.031239, 0.998681, 0.00282067  
240, -9.4957, 170.393, 181.437, 0.999373, -0.000804871, 0.0354004, -0.000161268, 0.999628, 0.0272805, -0.0354091, -0.0272691, 0.999001, 0.00307559  
241, -9.82533, 172.082, 181.52, 0.999442, 7.32702e-005, 0.0334078, -0.000823922, 0.999747, 0.0224561, -0.0333978, -0.0224711, 0.999189, 0.00287199  
242, -10.2212, 173.927, 181.509, 0.999441, 0.00145346, 0.0333911, -0.00208253, 0.999821, 0.0188125, -0.0333578, -0.0188715, 0.999265, 0.00280819  
243, -10.726, 175.779, 181.428, 0.999384, 0.00311983, 0.0349575, -0.00375517, 0.999829, 0.0181238, -0.034895, -0.0182439, 0.999224, 0.00317905  
244, -11.1698, 177.561, 181.368, 0.999419, 0.00183898, 0.0340307, -0.00234964, 0.999885, 0.014972, -0.0339992, -0.0150433, 0.999309, 0.00285285  
245, -11.7675, 179.383, 181.315, 0.999382, 0.00140487, 0.0351367, -0.0020901, 0.999808, 0.0194728, -0.0351026, -0.0195342, 0.999193, 0.00301401  
246, -12.2464, 180.93, 181.311, 0.99962, 0.00484318, 0.0271202, -0.00495715, 0.999979, 0.00413676, -0.0270996, -0.00426963, 0.999624, 0.00279737  
247, -12.8653, 182.855, 181.28, 0.999704, 0.00090772, 0.024303, -0.00105673, 0.999981, 0.00611904, -0.024297, -0.00614291, 0.999686, 0.00295298  
248, -13.4213, 184.515, 181.206, 0.999808, 0.000794053, 0.0195766, -0.000846861, 0.999996, 0.00268937, -0.0195744, -0.00270544, 0.999805, 0.00336489  
249, -14.0537, 186.316, 181.256, 0.999871, 0.000504142, 0.0160265, -0.000459448, 0.999996, -0.00279231, -0.0160279, 0.00278459, 0.999868, 0.00287532  
250, -14.6287, 188.028, 181.298, 0.999898, 0.0037392, 0.0138172, -0.00360957, 0.999949, -0.00939461, -0.0138516, 0.00934378, 0.99986, 0.00293579  
251, -15.2399, 189.775, 181.233, 0.999916, 0.00589286, 0.0115698, -0.00567183, 0.999803, -0.0190446, -0.0116797, 0.0189773, 0.999752, 0.00281263  
252, -15.8059, 191.647, 181.205, 0.999894, 0.00550202, 0.0134959, -0.0053595, 0.99993, -0.0105739, -0.0135531, 0.0105005, 0.999853, 0.00280098  
253, -16.2974, 193.352, 181.12, 0.99993, 0.00522726, 0.0106101, -0.00504801, 0.999845, -0.0168511, -0.0106966, 0.0167963, 0.999802, 0.00295077  
254, -16.7371, 195.286, 181.12, 0.999941, 0.0033925, 0.0103334, -0.00328492, 0.99994, -0.0104106, -0.0103682, 0.0103761, 0.999892, 0.00302594  
255, -17.1453, 197.007, 180.922, 0.999945, 0.00501185, 0.00920183, -0.00484279, 0.999821, -0.0183034, -0.00929192, 0.0182578, 0.99979, 0.00295715  
256, -17.4198, 198.597, 181.022, 0.999982, 0.00250492, 0.00541564, -0.00235705, 0.999629, -0.0271407, -0.00548162, 0.0271274, 0.999617, 0.00279627  
257, -17.7488, 200.547, 181.136, 0.999996, 0.00201966, -0.00184728, -0.00207959, 0.999452, -0.0330426, 0.00177953, 0.0330463, 0.999452, 0.00279183  
258, -17.9955, 202.168, 181.174, 0.999978, 0.00140704, -0.00651482, -0.00168508, 0.999079, -0.0428702, 0.0064485, 0.0428803, 0.999059, 0.00294078  
259, -18.3406, 204.309, 181.23, 0.99997, 0.00145228, -0.00760385, -0.00173081, 0.999323, -0.0367536, 0.00754532, 0.0367656, 0.999295, 0.00304618  
260, -18.3884, 206.063, 181.331, 0.999978, -0.000907215, -0.00663028, 0.000660049, 0.999308, -0.037186, 0.00665942, 0.0371807, 0.999286, 0.00271277  
261, -18.6496, 208.117, 181.277, 0.999992, 0.00174709, -0.00358739, -0.00187695, 0.999331, -0.036521, 0.00352118, 0.0365275, 0.999326, 0.00265147  
262, -18.8322, 209.715, 181.115, 0.99999, 0.00262412, -0.00359663, -0.00280326, 0.998708, -0.0507421, 0.00345883, 0.0507517, 0.998705, 0.00282844  
263, -19.0521, 211.799, 181.19, 0.999992, 0.00376588, -0.00142211, -0.00382427, 0.999043, -0.0435716, 0.00125666, 0.0435767, 0.999049, 0.0030154  
264, -19.0713, 213.483, 181.167, 0.999996, 0.00118986, -0.00253958, -0.00132549, 0.998535, -0.0540908, 0.0024715, 0.054094, 0.998533, 0.00280403  
265, -19.189, 215.692, 181.242, 0.999993, 0.000750108, -0.0035774, -0.000926639, 0.998769, -0.0496025, 0.00353578, 0.0496055, 0.998763, 0.00294328  
266, -19.1953, 217.46, 181.107, 0.999989, -0.000367868, -0.00462947, 9.40265e-005, 0.998257, -0.0590136, 0.00464311, 0.0590125, 0.998246, 0.0028473  
267, -19.2526, 219.714, 181.117, 0.999992, -0.00155417, -0.00360003, 0.00134268, 0.998314, -0.0580219, 0.00368414, 0.0580166, 0.998309, 0.00304313  
268, -19.2684, 221.621, 181.101, 0.999996, -0.00258377, -0.00137279, 0.00249653, 0.998186, -0.0601464, 0.00152571, 0.0601427, 0.998189, 0.00334825  
269, -19.3617, 223.678, 181.028, 0.999996, -0.00238008, -0.00128973, 0.00229655, 0.998117, -0.0612964, 0.0014332, 0.0612932, 0.998119, 0.00278073  
270, -19.2224, 225.726, 181.063, 0.999998, -0.00193875, 0.000593691, 0.00196986, 0.998323, -0.0578623, -0.000480515, 0.0578633, 0.998324, 0.00296519  
271, -18.9714, 227.485, 181.109, 0.999998, -0.00132981, 0.00119691, 0.00140281, 0.997999, -0.0632162, -0.00111045, 0.0632178, 0.997999, 0.0028057  
272, -18.8748, 229.631, 181.22, 0.99999, -0.00204795, 0.00397821, 0.0022762, 0.9983, -0.0582442, -0.00385217, 0.0582527, 0.998294, 0.00302899  
273, -18.7456, 231.432, 181.155, 0.999981, -0.00373625, 0.00486838, 0.00405776, 0.997691, -0.0677965, -0.00460383, 0.067815, 0.997687, 0.00335213  
274, -18.6434, 233.671, 181.164, 0.999914, -0.00289398, 0.0128254, 0.0036279, 0.998335, -0.0575754, -0.0126375, 0.057617, 0.998259, 0.00285868  
275, -18.4207, 235.596, 181.118, 0.999955, -0.00410583, 0.00860757, 0.00470517, 0.997479, -0.0708064, -0.00829515, 0.0708437, 0.997453, 0.00297795  
276, -18.3285, 238.158, 181.251, 0.999956, -0.00263973, 0.00902586, 0.00321432, 0.997929, -0.0642501, -0.00883756, 0.0642763, 0.997893, 0.00282123  
