0, 0, 0, 0, 0, 0, 0, 0, 0, 0, 0, 0, 0, 0.00662522  
1, 0, 0, 0, 0, 0, 0, 0, 0, 0, 0, 0, 0, 0.00284231  
2, 6.87877, 10.0286, 180.461, 0.999751, 0.00655863, 0.0213321, -0.00661133, 0.999975, 0.00240097, -0.0213158, -0.00254141, 0.99977, 0.00282927  
3, 6.89488, 10.0394, 180.44, 0.999743, 0.00661697, 0.0216921, -0.00667218, 0.999975, 0.00247365, -0.0216752, -0.00261774, 0.999762, 0.00295576  
4, 6.89758, 10.0407, 180.444, 0.999777, 0.00564683, 0.0203488, -0.00569745, 0.999981, 0.00243072, -0.0203347, -0.00254612, 0.99979, 0.00292109  
5, 6.91193, 10.007, 180.458, 0.999742, 0.0066147, 0.0217129, -0.00669331, 0.999971, 0.00354941, -0.0216888, -0.00369383, 0.999758, 0.00287643  
6, 6.89914, 10.0037, 180.454, 0.999754, 0.00638927, 0.0212409, -0.00643629, 0.999977, 0.00214584, -0.0212267, -0.00228202, 0.999772, 0.00293218  
7, 6.90529, 10.0246, 180.326, 0.999642, 0.00618196, 0.0260233, -0.00618658, 0.999981, 9.69233e-005, -0.0260222, -0.000257884, 0.999661, 0.00294827  
8, 6.86396, 10.003, 180.484, 0.999755, 0.00635572, 0.0211923, -0.00641206, 0.999976, 0.00259127, -0.0211753, -0.00272652, 0.999772, 0.00294522  
9, 6.87346, 9.9679, 180.467, 0.999735, 0.00688868, 0.0219557, -0.00696352, 0.99997, 0.00333395, -0.0219321, -0.00348596, 0.999753, 0.00298183  
10, 6.88399, 9.98078, 180.454, 0.99973, 0.00660146, 0.0222855, -0.00667295, 0.999973, 0.00313497, -0.0222642, -0.00328284, 0.999747, 0.00291803  
11, 6.90934, 9.95608, 180.483, 0.99973, 0.00675798, 0.022244, -0.0068382, 0.99997, 0.00353245, -0.0222194, -0.00368361, 0.999746, 0.00291387  
12, 6.8974, 9.96365, 180.461, 0.999743, 0.00688205, 0.0216028, -0.00695815, 0.99997, 0.00344916, -0.0215784, -0.00359858, 0.999761, 0.00302538  
13, 6.90738, 9.97496, 180.464, 0.999748, 0.00666718, 0.021449, -0.00670984, 0.999976, 0.00191756, -0.0214357, -0.002061, 0.999768, 0.0028756  
14, 6.89883, 9.9548, 180.444, 0.99974, 0.00663251, 0.0218326, -0.00669544, 0.999974, 0.00281017, -0.0218134, -0.00295562, 0.999758, 0.00297712  
15, 6.95977, 9.9843, 180.348, 0.999657, 0.00596596, 0.0254944, -0.00599181, 0.999982, 0.000937523, -0.0254884, -0.00108996, 0.999675, 0.00299293  
16, 6.98321, 9.90292, 180.489, 0.999754, 0.00831938, 0.0205835, -0.00836494, 0.999963, 0.00212828, -0.020565, -0.00229994, 0.999786, 0.00292913  
17, 7.00234, 9.9331, 180.489, 0.999746, 0.00802147, 0.0210822, -0.00809027, 0.999962, 0.00318014, -0.0210559, -0.00334989, 0.999773, 0.0029602  
18, 6.95545, 9.97853, 180.459, 0.999717, 0.00715368, 0.0226994, -0.0072477, 0.999965, 0.00406267, -0.0226695, -0.00422604, 0.999734, 0.0029602  
19, 7.03377, 9.94708, 180.495, 0.999753, 0.00830987, 0.020596, -0.00836302, 0.999962, 0.00249548, -0.0205745, -0.00266711, 0.999785, 0.00300707  
20, 7.03964, 9.95608, 180.527, 0.999758, 0.00825901, 0.0204044, -0.00831297, 0.999962, 0.00256095, -0.0203825, -0.00272995, 0.999789, 0.00290971  
21, 7.0172, 9.9623, 180.476, 0.99975, 0.00884434, 0.0205397, -0.00888948, 0.999958, 0.00210746, -0.0205202, -0.00228952, 0.999787, 0.0028878  
22, 7.01564, 9.95513, 180.474, 0.999763, 0.00767684, 0.0203871, -0.00772737, 0.999967, 0.00240086, -0.020368, -0.00255783, 0.999789, 0.00292081  
23, 6.98391, 10.0258, 180.443, 0.999748, 0.00659545, 0.0214797, -0.00665341, 0.999974, 0.00262776, -0.0214618, -0.00277001, 0.999766, 0.00283704  
24, 7.04264, 10.006, 180.483, 0.999772, 0.00770214, 0.0199283, -0.00774206, 0.999968, 0.00192712, -0.0199128, -0.00208096, 0.9998, 0.00304924  
25, 7.0024, 10.01, 180.487, 0.999765, 0.00715649, 0.0204461, -0.00723742, 0.999966, 0.00388687, -0.0204176, -0.00403394, 0.999783, 0.00288891  
26, 7.01509, 10.0294, 180.478, 0.999781, 0.00669499, 0.0198373, -0.00673394, 0.999976, 0.0018975, -0.0198241, -0.00203066, 0.999801, 0.00285451  
27, 7.01187, 10.0485, 180.461, 0.999761, 0.0079372, 0.0203611, -0.0079893, 0.999965, 0.0024783, -0.0203407, -0.00264038, 0.99979, 0.00300485  
28, 7.03063, 10.0548, 180.457, 0.999779, 0.00758537, 0.0196075, -0.00763509, 0.999968, 0.00246249, -0.0195882, -0.00261165, 0.999805, 0.00286367  
29, 6.96393, 10.1106, 180.422, 0.999741, 0.00696872, 0.0216501, -0.0070364, 0.999971, 0.00305111, -0.0216282, -0.00320266, 0.999761, 0.00297407  
30, 7.02918, 10.1013, 180.459, 0.999761, 0.00772802, 0.0204578, -0.00781832, 0.99996, 0.00433759, -0.0204235, -0.0044965, 0.999781, 0.00292025  
31, 7.0104, 10.0925, 180.462, 0.999774, 0.00720155, 0.0199942, -0.00725551, 0.99997, 0.00262763, -0.0199747, -0.0027721, 0.999797, 0.00290306  
32, 6.92991, 10.1914, 180.46, 0.999768, 0.0056741, 0.0207701, -0.00574123, 0.999978, 0.00317354, -0.0207517, -0.00329205, 0.999779, 0.00288114  
33, 6.90138, 10.1919, 180.47, 0.999777, 0.00581491, 0.0203138, -0.0058756, 0.999978, 0.00292908, -0.0202963, -0.00304778, 0.999789, 0.00293523  
34, 6.92591, 10.1877, 180.471, 0.999769, 0.00680734, 0.0203887, -0.00687327, 0.999971, 0.00316532, -0.0203666, -0.00330472, 0.999787, 0.00301401  
35, 6.9627, 10.139, 180.514, 0.999771, 0.00733444, 0.0200831, -0.00741862, 0.999964, 0.00412058, -0.0200522, -0.00426863, 0.99979, 0.00279405  
36, 6.92736, 10.2167, 180.469, 0.999772, 0.00628208, 0.020408, -0.00638223, 0.999968, 0.00484588, -0.0203769, -0.00497503, 0.99978, 0.00288114  
37, 6.96621, 10.168, 180.484, 0.999776, 0.00749092, 0.0197759, -0.00760068, 0.999956, 0.0054808, -0.019734, -0.00562989, 0.999789, 0.00293468  
38, 6.99677, 10.1722, 180.522, 0.999758, 0.00735769, 0.0207426, -0.00747065, 0.999958, 0.00537381, -0.0207022, -0.00552747, 0.99977, 0.00289668  
39, 6.9953, 10.1725, 180.498, 0.999775, 0.00774319, 0.0197688, -0.0078305, 0.99996, 0.00434281, -0.0197344, -0.00449663, 0.999795, 0.00296242  
40, 7.01205, 10.1997, 180.499, 0.999771, 0.0071267, 0.0201582, -0.00723757, 0.999959, 0.00543255, -0.0201187, -0.0055772, 0.999782, 0.00284786  
41, 6.99637, 10.2031, 180.498, 0.999774, 0.00739383, 0.0199095, -0.00749398, 0.99996, 0.00496071, -0.019872, -0.00510879, 0.999789, 0.0029283  
42, 7.01358, 10.203, 180.468, 0.999783, 0.00712344, 0.0195769, -0.00722129, 0.999962, 0.00493177, -0.019541, -0.00507207, 0.999796, 0.00300042  
43, 7.03172, 10.2014, 180.482, 0.999758, 0.00767049, 0.0206173, -0.00779512, 0.999952, 0.00597159, -0.0205705, -0.00613086, 0.99977, 0.00287365  
44, 7.04763, 10.2066, 180.484, 0.99978, 0.00754731, 0.0195823, -0.00761812, 0.999965, 0.00354397, -0.0195549, -0.00369237, 0.999802, 0.00296769  
45, 7.03087, 10.2073, 180.472, 0.999764, 0.00750092, 0.020408, -0.00758697, 0.999963, 0.00414218, -0.0203761, -0.00429603, 0.999783, 0.00283343  
46, 7.05064, 10.2346, 180.498, 0.999779, 0.0069042, 0.019836, -0.00701133, 0.999961, 0.00533628, -0.0197984, -0.00547418, 0.999789, 0.00293579  
47, 7.04813, 10.2226, 180.485, 0.999759, 0.00692573, 0.02083, -0.00703641, 0.999961, 0.00524478, -0.0207929, -0.00539008, 0.999769, 0.00292996  
48, 7.0383, 10.2282, 180.482, 0.999752, 0.00722143, 0.0210728, -0.00733882, 0.999958, 0.00549875, -0.0210322, -0.00565203, 0.999763, 0.00285895  
49, 7.06355, 10.255, 180.491, 0.999751, 0.00747089, 0.0210055, -0.00759179, 0.999955, 0.00568204, -0.0209621, -0.00584009, 0.999763, 0.00318682  
50, 7.0682, 10.2356, 180.482, 0.999754, 0.00730312, 0.0209577, -0.00743011, 0.999954, 0.00598799, -0.020913, -0.00614224, 0.999762, 0.00297823  
51, 7.0497, 10.2449, 180.489, 0.999748, 0.00758695, 0.021111, -0.00771008, 0.999954, 0.00575728, -0.0210663, -0.0059186, 0.999761, 0.00292636  
52, 7.06033, 10.2591, 180.492, 0.999768, 0.00756849, 0.0201568, -0.00765911, 0.999961, 0.00442249, -0.0201225, -0.00457584, 0.999787, 0.00294522  
53, 7.07217, 10.2407, 180.474, 0.999751, 0.00749709, 0.0209978, -0.00758266, 0.999963, 0.00399849, -0.020967, -0.00415671, 0.999772, 0.00290638  
54, 7.04715, 10.2442, 180.483, 0.999759, 0.00791737, 0.0204783, -0.00801434, 0.999957, 0.00465771, -0.0204405, -0.0048207, 0.999779, 0.00291138  
55, 7.03551, 10.2509, 180.508, 0.99975, 0.0077553, 0.0209594, -0.00787655, 0.999953, 0.00570888, -0.0209141, -0.00587255, 0.999764, 0.00281873  
56, 7.07109, 10.2376, 180.48, 0.999767, 0.00809635, 0.0200317, -0.00818184, 0.999958, 0.00418953, -0.0199969, -0.00435244, 0.999791, 0.00291498  
57, 7.00326, 10.2321, 180.477, 0.999754, 0.00804509, 0.0206748, -0.00815519, 0.999953, 0.00524677, -0.0206317, -0.00541408, 0.999772, 0.00303759  
58, 6.99042, 10.2308, 180.454, 0.999748, 0.00833193, 0.020832, -0.00842875, 0.999954, 0.00456428, -0.0207931, -0.00473872, 0.999773, 0.00295021  
59, 7.01471, 10.2127, 180.489, 0.999751, 0.00847608, 0.020641, -0.0085697, 0.999953, 0.00445155, -0.0206023, -0.00462733, 0.999777, 0.00300208  
60, 6.93621, 10.2687, 180.43, 0.999742, 0.00703288, 0.0216189, -0.00711348, 0.999968, 0.00365395, -0.0215925, -0.00380679, 0.99976, 0.00299764  
61, 6.9547, 10.2867, 180.474, 0.999753, 0.00674449, 0.0211744, -0.00681234, 0.999972, 0.00313386, -0.0211526, -0.00327733, 0.999771, 0.00294328  
62, 6.95632, 10.3018, 180.465, 0.999758, 0.00678835, 0.0209187, -0.00686205, 0.99997, 0.00345321, -0.0208947, -0.00359592, 0.999775, 0.00296325  
63, 6.90453, 10.2828, 180.475, 0.999724, 0.00726986, 0.0223341, -0.00737751, 0.999962, 0.0047412, -0.0222988, -0.00490466, 0.999739, 0.00298572  
64, 6.93043, 10.2778, 180.456, 0.99972, 0.00651864, 0.0227289, -0.00661327, 0.99997, 0.00409085, -0.0227016, -0.00424002, 0.999733, 0.00328362  
65, 6.9826, 10.2035, 180.501, 0.999762, 0.0074075, 0.0205132, -0.00751626, 0.999958, 0.00522996, -0.0204736, -0.0053829, 0.999776, 0.00292747  
66, 6.96873, 10.1918, 180.495, 0.99978, 0.00756177, 0.0195855, -0.00766874, 0.999956, 0.00539249, -0.0195439, -0.0055415, 0.999794, 0.00292469  
67, 6.91375, 10.2462, 180.428, 0.999758, 0.00666521, 0.0209635, -0.00674552, 0.99997, 0.00376256, -0.0209378, -0.00390306, 0.999773, 0.00290278  
68, 6.97767, 10.1869, 180.461, 0.99975, 0.00816584, 0.0207933, -0.00827006, 0.999954, 0.0049312, -0.0207521, -0.00510193, 0.999772, 0.0028903  
69, 6.94407, 10.2148, 180.437, 0.999747, 0.00681976, 0.0214285, -0.00690022, 0.999969, 0.003683, -0.0214028, -0.00382993, 0.999764, 0.00290999  
70, 6.93738, 10.2063, 180.423, 0.999748, 0.00687135, 0.0213497, -0.00695751, 0.999968, 0.00396384, -0.0213218, -0.00411138, 0.999764, 0.00287837  
71, 6.99476, 10.1245, 180.509, 0.999764, 0.00738274, 0.0204155, -0.00748199, 0.999961, 0.00478904, -0.0203793, -0.00494066, 0.99978, 0.00291803  
72, 6.94989, 10.1895, 180.481, 0.999762, 0.0063518, 0.0208896, -0.00643649, 0.999971, 0.0039894, -0.0208637, -0.00412291, 0.999774, 0.00296963  
73, 7.02433, 10.1219, 180.487, 0.999766, 0.00792153, 0.0201478, -0.00802367, 0.999955, 0.00499373, -0.0201073, -0.00515422, 0.999785, 0.00290749  
74, 7.01145, 10.1069, 180.498, 0.99977, 0.0074469, 0.0200976, -0.0075192, 0.999966, 0.0035243, -0.0200706, -0.00367461, 0.999792, 0.00298655  
75, 7.01746, 10.0718, 180.499, 0.99976, 0.00752006, 0.0205557, -0.00760066, 0.999964, 0.00384558, -0.020526, -0.0040009, 0.999781, 0.00286616  
76, 7.02741, 10.0964, 180.484, 0.99977, 0.00686636, 0.0203322, -0.00695107, 0.999967, 0.00409873, -0.0203034, -0.00423911, 0.999785, 0.00289141  
77, 7.0163, 10.0828, 180.482, 0.999771, 0.00803317, 0.0198409, -0.00808807, 0.999964, 0.00268803, -0.0198186, -0.00284789, 0.9998, 0.00294799  
78, 7.00457, 10.0797, 180.472, 0.999776, 0.00724738, 0.019862, -0.00732864, 0.999965, 0.00402156, -0.0198321, -0.00416623, 0.999795, 0.00288447  
79, 7.02344, 10.0814, 180.495, 0.999782, 0.00745082, 0.0194974, -0.00752436, 0.999965, 0.00370108, -0.0194691, -0.00384698, 0.999803, 0.00289307  
80, 7.03045, 10.0788, 180.457, 0.999775, 0.00775871, 0.0197613, -0.0078143, 0.999966, 0.00273753, -0.0197394, -0.00289133, 0.999801, 0.0029172  
81, 7.01592, 10.0462, 180.478, 0.999768, 0.00732171, 0.0202499, -0.00737854, 0.999969, 0.00273318, -0.0202292, -0.00288196, 0.999791, 0.00290028  
82, 7.00008, 10.0628, 180.478, 0.999749, 0.00826862, 0.0208296, -0.00833728, 0.99996, 0.00321146, -0.0208022, -0.00338432, 0.999778, 0.0029699  
83, 7.00825, 10.0361, 180.496, 0.999758, 0.00773258, 0.0206181, -0.00779168, 0.999966, 0.00278759, -0.0205958, -0.00294756, 0.999784, 0.00283759  
84, 6.98143, 10.0379, 180.476, 0.999773, 0.00749166, 0.0199224, -0.00754477, 0.999968, 0.00259192, -0.0199023, -0.00274164, 0.999798, 0.00302705  
85, 6.98675, 10.0215, 180.493, 0.999756, 0.00787504, 0.0206339, -0.00794083, 0.999964, 0.00310838, -0.0206087, -0.00327147, 0.999782, 0.00285313  
86, 6.96614, 10.0285, 180.521, 0.999762, 0.00779151, 0.0203747, -0.00786623, 0.999963, 0.00358975, -0.020346, -0.00374917, 0.999786, 0.00291942  
87, 6.96651, 10.0072, 180.512, 0.999773, 0.00726837, 0.0200162, -0.00731766, 0.99997, 0.0023906, -0.0199982, -0.00253653, 0.999797, 0.0029197  
88, 6.90025, 10.0532, 180.46, 0.999758, 0.00664825, 0.0209607, -0.00668461, 0.999976, 0.00166483, -0.0209491, -0.00180454, 0.999779, 0.00286284  
89, 6.9494, 10.0489, 180.479, 0.999744, 0.00654417, 0.0216795, -0.00661926, 0.999972, 0.00339345, -0.0216567, -0.00353608, 0.999759, 0.00293163  
90, 6.92725, 10.0342, 180.48, 0.999758, 0.00655271, 0.0210113, -0.00662432, 0.999972, 0.00334065, -0.0209888, -0.00347903, 0.999774, 0.00299043  
91, 6.94553, 10.0415, 180.463, 0.999747, 0.00664888, 0.0214778, -0.00669031, 0.999976, 0.00185791, -0.0214649, -0.00200113, 0.999768, 0.00295964  
92, 6.95207, 10.0678, 180.446, 0.999754, 0.00692649, 0.0210489, -0.0069728, 0.999973, 0.00212774, -0.0210336, -0.00227399, 0.999776, 0.00296186  
93, 6.89912, 10.0352, 180.453, 0.999748, 0.00696597, 0.0213197, -0.00702334, 0.999972, 0.00261695, -0.0213008, -0.00276603, 0.999769, 0.00295992  
94, 6.91642, 10.0564, 180.495, 0.999748, 0.00674771, 0.0214134, -0.00680787, 0.999973, 0.00273752, -0.0213943, -0.00288261, 0.999767, 0.002905  
95, 6.913, 10.084, 180.337, 0.999655, 0.005611, 0.0256572, -0.00560712, 0.999984, -0.000222793, -0.0256581, 7.88528e-005, 0.999671, 0.00291554  
96, 6.93164, 10.1099, 180.348, 0.999685, 0.00606549, 0.024373, -0.00607824, 0.999981, 0.000449009, -0.0243698, -0.000597012, 0.999703, 0.00291193  
97, 6.90379, 10.0812, 180.455, 0.999745, 0.00704753, 0.0214614, -0.00711458, 0.99997, 0.00304925, -0.0214393, -0.00320117, 0.999765, 0.00291582  
98, 6.90035, 10.0777, 180.473, 0.999747, 0.00647958, 0.02156, -0.00655216, 0.999973, 0.00329729, -0.021538, -0.00343772, 0.999762, 0.0029405  
99, 6.90342, 10.0873, 180.465, 0.999748, 0.00661687, 0.0214292, -0.00670187, 0.99997, 0.00389722, -0.0214028, -0.00403986, 0.999763, 0.00294938  
100, 6.91842, 10.1173, 180.364, 0.999669, 0.00564439, 0.0251115, -0.0056913, 0.999982, 0.00179692, -0.0251009, -0.00193924, 0.999683, 0.00279238  
101, 6.97603, 10.0292, 180.497, 0.999756, 0.00838063, 0.0204596, -0.00845364, 0.999958, 0.00348485, -0.0204295, -0.00365695, 0.999785, 0.00295881  
102, 7.01477, 10.0731, 180.506, 0.999768, 0.00739277, 0.0202528, -0.00746366, 0.999966, 0.00342698, -0.0202268, -0.00357735, 0.999789, 0.003057  
103, 7.0165, 10.0608, 180.483, 0.999767, 0.00761917, 0.0201805, -0.00769418, 0.999964, 0.00364203, -0.020152, -0.00379645, 0.99979, 0.0027921  
104, 7.03208, 10.0819, 180.501, 0.99978, 0.00764098, 0.0195188, -0.00771314, 0.999964, 0.00362473, -0.0194904, -0.00377449, 0.999803, 0.00303842  
105, 7.03931, 10.1005, 180.519, 0.999758, 0.00744722, 0.0207208, -0.00755299, 0.999959, 0.00503099, -0.0206825, -0.00518627, 0.999773, 0.00297878  
106, 7.02956, 10.0981, 180.516, 0.999762, 0.0076676, 0.0204106, -0.00777404, 0.999957, 0.00514084, -0.0203703, -0.00529829, 0.999778, 0.00271333  
107, 7.03073, 10.1106, 180.479, 0.999758, 0.00764575, 0.020629, -0.00773512, 0.999961, 0.00425625, -0.0205956, -0.00441479, 0.999778, 0.00335796  
108, 7.05397, 10.1239, 180.492, 0.999751, 0.00760127, 0.0209788, -0.00771106, 0.999957, 0.00515731, -0.0209387, -0.00531779, 0.999767, 0.00295548  
109, 7.0583, 10.1364, 180.483, 0.999757, 0.00767157, 0.0206701, -0.00776618, 0.99996, 0.00450089, -0.0206348, -0.00466032, 0.999776, 0.00290444  
110, 7.05295, 10.1351, 180.501, 0.999773, 0.00721214, 0.0200523, -0.00728519, 0.999967, 0.0035721, -0.0200259, -0.00371738, 0.999793, 0.00275577  
111, 7.02594, 10.1211, 180.497, 0.999748, 0.00750009, 0.0211608, -0.00759925, 0.999961, 0.00460963, -0.0211254, -0.00476927, 0.999765, 0.00284619  
112, 7.06236, 10.1262, 180.495, 0.999739, 0.00776563, 0.0214938, -0.00786387, 0.999959, 0.0044901, -0.021458, -0.00465795, 0.999759, 0.00288364  
113, 7.06538, 10.1099, 180.488, 0.999757, 0.0072409, 0.0208208, -0.00729988, 0.99997, 0.00275811, -0.0208002, -0.00290943, 0.999779, 0.00288641  
114, 7.08523, 10.0628, 180.509, 0.99978, 0.00726495, 0.0196897, -0.00728718, 0.999973, 0.00105766, -0.0196815, -0.00120091, 0.999806, 0.00292025  
115, 7.05088, 10.0555, 180.503, 0.999775, 0.00733375, 0.0199104, -0.00732887, 0.999973, -0.000318081, -0.0199122, 0.000172088, 0.999802, 0.0028265  
116, 7.06569, 10.0176, 180.511, 0.999752, 0.00758096, 0.0209358, -0.00754796, 0.99997, -0.00165494, -0.0209477, 0.00149651, 0.999779, 0.00281873  
117, 7.06938, 9.97458, 180.491, 0.999764, 0.00747703, 0.0204026, -0.00740577, 0.999966, -0.00356629, -0.0204286, 0.00341435, 0.999785, 0.00298017  
118, 7.0583, 9.94165, 180.517, 0.999762, 0.00806676, 0.0202757, -0.00799023, 0.999961, -0.00385277, -0.020306, 0.00368985, 0.999787, 0.00277241  
119, 7.06612, 9.90633, 180.514, 0.999765, 0.00789283, 0.0201771, -0.00776566, 0.99995, -0.00637295, -0.0202263, 0.00621476, 0.999776, 0.00287865  
120, 7.09834, 9.90195, 180.523, 0.999766, 0.00774492, 0.0202144, -0.00756426, 0.999931, -0.00899852, -0.0202827, 0.00884351, 0.999755, 0.00288586  
121, 7.10166, 9.84417, 180.556, 0.999744, 0.00772323, 0.0212765, -0.00751868, 0.999925, -0.00967702, -0.0213496, 0.00951457, 0.999727, 0.00283094  
122, 7.10998, 9.81029, 180.544, 0.999739, 0.00736467, 0.0216435, -0.00710242, 0.999901, -0.0121687, -0.021731, 0.0120118, 0.999692, 0.00313716  
123, 7.08937, 9.7709, 180.548, 0.999739, 0.00740987, 0.0216019, -0.00710404, 0.999874, -0.0142002, -0.0217044, 0.014043, 0.999666, 0.00282539  
124, 7.1104, 9.71436, 180.583, 0.99974, 0.00795264, 0.0213756, -0.00759729, 0.999832, -0.0166543, -0.0215044, 0.0164875, 0.999633, 0.00277463  
125, 7.1264, 9.64698, 180.562, 0.999723, 0.00889353, 0.0218101, -0.00841899, 0.999728, -0.0217542, -0.0219977, 0.0215646, 0.999525, 0.00278878  
126, 7.09707, 9.60811, 180.565, 0.999717, 0.00841993, 0.0222518, -0.00786311, 0.999657, -0.0249939, -0.0224546, 0.0248118, 0.99944, 0.00280459  
127, 7.10894, 9.57576, 180.585, 0.999716, 0.00904907, 0.022056, -0.00840656, 0.999543, -0.0290516, -0.0223088, 0.0288579, 0.999335, 0.00289446  
128, 7.12829, 9.54013, 180.607, 0.999704, 0.00899036, 0.0226166, -0.0083085, 0.999513, -0.0300641, -0.0228759, 0.0298672, 0.999292, 0.00277102  
129, 7.14195, 9.55243, 180.615, 0.999719, 0.00947177, 0.021718, -0.0087435, 0.999404, -0.033386, -0.0220213, 0.0331867, 0.999207, 0.0028792  
130, 7.13426, 9.58996, 180.618, 0.999727, 0.00967892, 0.0212577, -0.00887085, 0.999247, -0.0377838, -0.0216074, 0.0375849, 0.99906, 0.00283288  
131, 7.17537, 9.56811, 180.642, 0.999713, 0.00957423, 0.0219389, -0.00870894, 0.999193, -0.0392025, -0.0222965, 0.0390002, 0.99899, 0.00288419  
132, 7.21057, 9.66562, 180.672, 0.999731, 0.00929726, 0.0212373, -0.00841741, 0.999118, -0.0411498, -0.0216012, 0.0409599, 0.998927, 0.00312468  
133, 7.18916, 9.63177, 180.645, 0.999701, 0.00997138, 0.0223332, -0.00891321, 0.998856, -0.0469894, -0.0227762, 0.0467763, 0.998646, 0.00283232  
134, 7.16593, 9.66337, 180.622, 0.999659, 0.0100402, 0.0241081, -0.00883313, 0.998727, -0.0496646, -0.0245761, 0.0494347, 0.998475, 0.00288336  
135, 7.16777, 9.7208, 180.642, 0.999665, 0.00998674, 0.0238577, -0.00868956, 0.99851, -0.0538695, -0.0243602, 0.0536441, 0.998263, 0.00280708  
136, 7.18939, 9.83927, 180.601, 0.999615, 0.00902332, 0.0262506, -0.0075286, 0.998375, -0.0564925, -0.0267177, 0.0562731, 0.998058, 0.00285008  
137, 7.16421, 10.0356, 180.493, 0.999497, 0.00733643, 0.0308511, -0.00538405, 0.998005, -0.0628976, -0.031251, 0.0626999, 0.997543, 0.00290417  
138, 7.20126, 10.0652, 180.634, 0.999605, 0.00814913, 0.0269132, -0.00643166, 0.997974, -0.0632962, -0.0273745, 0.0630981, 0.997632, 0.00279543  
139, 7.19854, 10.2178, 180.643, 0.999598, 0.00925901, 0.0267817, -0.00746858, 0.997779, -0.0661965, -0.0273351, 0.0659699, 0.997447, 0.0028939  
140, 7.19573, 10.3674, 180.682, 0.999596, 0.00871011, 0.0270699, -0.0068261, 0.997598, -0.068927, -0.0276053, 0.0687144, 0.997254, 0.00310443  
141, 7.20085, 10.7428, 180.692, 0.999573, 0.00892304, 0.0278143, -0.00677518, 0.997056, -0.0763807, -0.0284139, 0.0761596, 0.996691, 0.00277934  
142, 7.02708, 11.6167, 180.651, 0.999554, 0.00690482, 0.0290617, -0.00431284, 0.996082, -0.0883243, -0.0295577, 0.0881595, 0.995668, 0.00276298  
143, 6.97337, 11.9483, 180.673, 0.999571, 0.0072222, 0.0283787, -0.00461589, 0.995853, -0.0908549, -0.0289172, 0.0906849, 0.99546, 0.00271111  
144, 6.89158, 12.3229, 180.633, 0.999557, 0.00679249, 0.0289664, -0.00401964, 0.995495, -0.0947313, -0.0294794, 0.0945729, 0.995081, 0.00288586  
145, 6.56299, 13.591, 180.613, 0.999578, 0.00692512, 0.0282062, -0.0038911, 0.994334, -0.106233, -0.028782, 0.106078, 0.993941, 0.00312191  
146, 6.46472, 14.0601, 180.647, 0.999613, 0.00790409, 0.0266754, -0.00505407, 0.994431, -0.105264, -0.0273589, 0.105089, 0.994086, 0.00282484  
147, 6.19029, 14.8371, 180.358, 0.999454, 0.00609039, 0.0324849, -0.00237264, 0.99356, -0.113278, -0.0329656, 0.113139, 0.993032, 0.00288087  
148, 6.0482, 15.3903, 180.359, 0.999466, 0.00489619, 0.032295, -0.00118648, 0.993491, -0.113902, -0.0326425, 0.113803, 0.992967, 0.00281013  
149, 5.819, 16.0285, 180.305, 0.999579, 0.00543152, 0.0284934, -0.0020498, 0.993083, -0.117396, -0.0289339, 0.117288, 0.992676, 0.00287615  
150, 5.64128, 16.6332, 180.452, 0.999693, 0.00768754, 0.0235531, -0.00503948, 0.993864, -0.110493, -0.024258, 0.11034, 0.993598, 0.002862  
151, 5.42598, 17.4156, 180.489, 0.999771, 0.00845676, 0.0196762, -0.0062559, 0.993985, -0.109342, -0.0204825, 0.109194, 0.993809, 0.00282262  
152, 5.16176, 18.1775, 180.422, 0.999787, 0.00932714, 0.0184241, -0.0072081, 0.993693, -0.111905, -0.0193517, 0.111749, 0.993548, 0.00286838  
153, 4.90371, 18.8863, 180.417, 0.99984, 0.00953062, 0.0151213, -0.00772833, 0.993328, -0.115065, -0.0161171, 0.11493, 0.993243, 0.00282428  
154, 4.5496, 19.8261, 180.446, 0.999848, 0.00981735, 0.0144229, -0.00812374, 0.993548, -0.113119, -0.0154404, 0.112984, 0.993477, 0.0028792  
155, 4.14606, 20.8103, 180.385, 0.99987, 0.00855215, 0.0136661, -0.00695325, 0.993566, -0.113037, -0.0145449, 0.112928, 0.993497, 0.00287504  
156, 3.86539, 21.7597, 180.385, 0.999892, 0.00885865, 0.0117264, -0.00745729, 0.993386, -0.114577, -0.0126638, 0.114477, 0.993345, 0.00287643  
157, 3.50246, 22.642, 180.374, 0.999896, 0.00947481, 0.0108785, -0.00814712, 0.993193, -0.116196, -0.0119054, 0.116095, 0.993167, 0.00293523  
158, 3.25915, 23.7403, 180.391, 0.999937, 0.00735067, 0.00852101, -0.00631257, 0.993226, -0.116031, -0.00931618, 0.11597, 0.993209, 0.00286783  
159, 2.97576, 24.861, 180.369, 0.999928, 0.0081112, 0.00882304, -0.00704655, 0.993382, -0.114641, -0.00969452, 0.114571, 0.993368, 0.00288891  
160, 2.7417, 25.9624, 180.334, 0.999946, 0.00775374, 0.00696416, -0.00690468, 0.993387, -0.114609, -0.00780675, 0.114554, 0.993386, 0.00289862  
161, 2.45504, 27.1558, 180.325, 0.999931, 0.0079454, 0.00862636, -0.00689063, 0.993216, -0.11608, -0.00949013, 0.116012, 0.993202, 0.00284259  
162, 2.28131, 28.3159, 180.27, 0.999958, 0.00744076, 0.00537011, -0.0067305, 0.992514, -0.121942, -0.00623725, 0.1219, 0.992523, 0.00312468  
163, 2.15728, 29.6732, 180.336, 0.999944, 0.00830566, 0.00654643, -0.00746938, 0.992891, -0.11879, -0.00748653, 0.118735, 0.992898, 0.0028817  
164, 2.08927, 30.9788, 180.375, 0.99995, 0.00772939, 0.00636216, -0.00692023, 0.992915, -0.118629, -0.00723401, 0.118579, 0.992918, 0.00275216  
165, 2.00321, 32.3256, 180.373, 0.999936, 0.0076299, 0.00829444, -0.00661107, 0.993158, -0.116589, -0.00912725, 0.116527, 0.993146, 0.00290805  
166, 1.95407, 33.5277, 180.425, 0.999954, 0.00700445, 0.0064968, -0.00618759, 0.992971, -0.118198, -0.00727904, 0.118152, 0.992969, 0.00302815  
167, 1.93259, 34.9753, 180.454, 0.99995, 0.00755612, 0.00656859, -0.00674546, 0.99326, -0.115713, -0.00739866, 0.115663, 0.993261, 0.00302566  
168, 1.8802, 36.5397, 180.46, 0.99994, 0.00842654, 0.00695311, -0.00757734, 0.993426, -0.114229, -0.00786995, 0.11417, 0.99343, 0.00317045  
169, 1.9081, 37.9334, 180.418, 0.999928, 0.00869787, 0.00824111, -0.00767961, 0.993171, -0.116418, -0.00919741, 0.116346, 0.993166, 0.00290111  
170, 1.93351, 39.58, 180.517, 0.999902, 0.00986676, 0.00993032, -0.00868992, 0.993639, -0.112276, -0.010975, 0.112178, 0.993627, 0.00294799  
171, 2.03109, 41.1401, 180.451, 0.999917, 0.00964747, 0.00857043, -0.0086085, 0.993451, -0.113939, -0.00961352, 0.113855, 0.993451, 0.00288364  
172, 2.14, 42.9953, 180.503, 0.999893, 0.01034, 0.0103354, -0.00918562, 0.994313, -0.106101, -0.0113737, 0.105995, 0.994302, 0.00295964  
173, 2.33137, 44.621, 180.461, 0.999915, 0.00952445, 0.00885643, -0.0085288, 0.994291, -0.106363, -0.00981892, 0.106279, 0.994288, 0.00289612  
174, 2.46796, 46.2534, 180.462, 0.999891, 0.0098574, 0.0109974, -0.00867119, 0.99463, -0.103134, -0.011955, 0.103028, 0.994607, 0.00287754  
175, 2.7129, 48.1583, 180.557, 0.999872, 0.0100304, 0.0124279, -0.0087221, 0.994829, -0.101189, -0.0133786, 0.101068, 0.99479, 0.00292081  
176, 2.9701, 49.8554, 180.574, 0.999791, 0.0108183, 0.0173329, -0.00907604, 0.995182, -0.0976195, -0.0183055, 0.0974418, 0.995073, 0.00292747  
177, 3.26082, 51.6854, 180.576, 0.999777, 0.00964057, 0.0187952, -0.00771961, 0.994985, -0.0997246, -0.0196623, 0.0995573, 0.994838, 0.00298599  
178, 3.55744, 53.7027, 180.565, 0.999717, 0.00922587, 0.0219413, -0.00697026, 0.994888, -0.100743, -0.0227586, 0.100562, 0.994671, 0.00281485  
179, 3.89315, 55.7608, 180.586, 0.999639, 0.0111067, 0.0244726, -0.00861608, 0.994988, -0.0996244, -0.0254565, 0.0993775, 0.994724, 0.00289584  
180, 4.15845, 57.877, 180.552, 0.999515, 0.0100956, 0.029448, -0.00712501, 0.995033, -0.0992912, -0.0303041, 0.0990332, 0.994623, 0.00295298  
181, 4.60747, 59.7687, 180.776, 0.999699, 0.011671, 0.0215921, -0.00948009, 0.99505, -0.0989254, -0.0226397, 0.0986909, 0.994861, 0.00281291  
182, 4.94528, 61.7584, 180.796, 0.999676, 0.0114396, 0.0227325, -0.00932128, 0.995789, -0.0911985, -0.0236801, 0.090957, 0.995573, 0.00298211  
183, 5.29161, 63.9063, 180.717, 0.999651, 0.0120778, 0.0234871, -0.00999857, 0.996183, -0.0867125, -0.0244448, 0.0864474, 0.995956, 0.00284176  
184, 5.60321, 65.9608, 180.614, 0.999531, 0.0121486, 0.0280952, -0.00983434, 0.996658, -0.08109, -0.0289865, 0.0807757, 0.996311, 0.0028731  
185, 5.83146, 67.8544, 180.569, 0.999521, 0.0112698, 0.0288209, -0.0089118, 0.996701, -0.0806725, -0.0296349, 0.080377, 0.996324, 0.00285396  
186, 6.12943, 70.0699, 180.737, 0.999421, 0.0113226, 0.0320896, -0.00883774, 0.997027, -0.0765461, -0.0328609, 0.0762181, 0.99655, 0.00287365  
187, 6.4585, 71.8827, 180.86, 0.999327, 0.0100692, 0.0352814, -0.00730704, 0.996961, -0.0775621, -0.0359552, 0.0772521, 0.996363, 0.00298627  
188, 6.62876, 74.1012, 180.932, 0.999401, 0.0105798, 0.0329539, -0.00804509, 0.997066, -0.0761221, -0.0336625, 0.0758114, 0.996554, 0.00277657  
189, 6.69214, 76.3894, 180.937, 0.99928, 0.012448, 0.0358479, -0.0100536, 0.997755, -0.066215, -0.0365916, 0.0658069, 0.997161, 0.00284675  
190, 6.82559, 78.5203, 180.847, 0.999324, 0.0134623, 0.0342088, -0.0110733, 0.997549, -0.0690903, -0.035055, 0.0686648, 0.997024, 0.00281041  
191, 6.82355, 80.5632, 180.847, 0.999249, 0.0141268, 0.0360836, -0.0116884, 0.99769, -0.0669166, -0.0369456, 0.0664446, 0.997106, 0.00281485  
192, 6.92576, 82.9002, 180.936, 0.999188, 0.0151149, 0.0373445, -0.0129682, 0.998286, -0.0570704, -0.0381431, 0.0565398, 0.997671, 0.00299792  
193, 6.9323, 84.9818, 180.972, 0.99927, 0.0144999, 0.0353327, -0.0125024, 0.998346, -0.0561129, -0.0360879, 0.0556302, 0.997799, 0.00276353  
194, 6.88113, 87.2926, 180.99, 0.999365, 0.0137174, 0.0328745, -0.0118932, 0.998412, -0.0550559, -0.0335775, 0.05463, 0.997942, 0.00282816  
195, 6.67975, 89.5559, 181.022, 0.999336, 0.0160665, 0.0327118, -0.0143301, 0.998511, -0.0526403, -0.0335089, 0.0521366, 0.998078, 0.00288087  
196, 6.36089, 91.7905, 180.917, 0.99935, 0.0155281, 0.0325429, -0.0137987, 0.998515, -0.0527089, -0.033313, 0.0522256, 0.99808, 0.00282234  
197, 5.95664, 94.2107, 180.812, 0.999221, 0.0138469, 0.0369491, -0.0118849, 0.998534, -0.0527995, -0.037626, 0.0523193, 0.997921, 0.00295659  
198, 5.60627, 96.5626, 180.853, 0.999151, 0.0144495, 0.0385876, -0.0126163, 0.998799, -0.0473355, -0.0392253, 0.0468084, 0.998133, 0.00276242  
199, 5.32348, 98.897, 180.796, 0.999203, 0.0152901, 0.0368694, -0.013741, 0.999027, -0.0419101, -0.0374743, 0.0413701, 0.998441, 0.00284897  
200, 5.06104, 101.086, 180.881, 0.999348, 0.0127731, 0.0337786, -0.0114759, 0.9992, -0.0383219, -0.034241, 0.0379093, 0.998694, 0.00286838  
201, 4.57476, 103.476, 180.982, 0.99934, 0.0144778, 0.0333021, -0.0133947, 0.999381, -0.03252, -0.0337523, 0.0320525, 0.998916, 0.00288003  
202, 4.05828, 105.763, 180.953, 0.999429, 0.0161552, 0.0296657, -0.0150926, 0.999249, -0.0356975, -0.0302201, 0.0352294, 0.998922, 0.00301262  
203, 3.46459, 108.307, 180.836, 0.99949, 0.0167584, 0.0271769, -0.015999, 0.999482, -0.0279254, -0.0276308, 0.0274763, 0.999241, 0.00279127  
204, 3.05247, 110.77, 180.791, 0.999521, 0.0174867, 0.0255237, -0.0169469, 0.999631, -0.0212161, -0.0258853, 0.0207734, 0.999449, 0.00288198  
205, 2.66417, 112.961, 180.776, 0.999603, 0.0145309, 0.0241598, -0.0139939, 0.999655, -0.0222474, -0.0244747, 0.0219004, 0.999461, 0.00282262  
206, 2.14877, 115.332, 180.858, 0.9996, 0.0144505, 0.0243101, -0.0139226, 0.999667, -0.0217442, -0.0246162, 0.021397, 0.999468, 0.00281374  
207, 1.69093, 117.802, 180.751, 0.999685, 0.0145324, 0.0204622, -0.0142, 0.999766, -0.0162988, -0.0206942, 0.0160031, 0.999658, 0.0029516  
208, 1.18915, 120.149, 180.698, 0.99973, 0.0161046, 0.0167264, -0.0157916, 0.999701, -0.0186739, -0.0170221, 0.0184047, 0.999686, 0.0027627  
209, 0.669807, 122.694, 180.638, 0.99973, 0.018391, 0.0141986, -0.0181996, 0.999743, -0.0134923, -0.0144431, 0.0132302, 0.999808, 0.00287421  
210, 0.0601658, 124.981, 180.541, 0.999742, 0.018106, 0.0137073, -0.017965, 0.999785, -0.0103405, -0.0138915, 0.0100916, 0.999853, 0.00279765  
211, -0.559908, 127.386, 180.531, 0.99978, 0.018349, 0.0101442, -0.0182994, 0.99982, -0.00495617, -0.0102333, 0.00476945, 0.999936, 0.00280625  
212, -1.07351, 129.861, 180.503, 0.99979, 0.0193744, 0.00671795, -0.0193637, 0.999811, -0.00164947, -0.00674864, 0.00151904, 0.999976, 0.00320013  
213, -1.61113, 132.188, 180.45, 0.99984, 0.0168929, 0.00581116, -0.0168873, 0.999857, -0.00101889, -0.00582754, 0.00092059, 0.999983, 0.00280459  
214, -2.23568, 134.52, 180.532, 0.999841, 0.0165139, 0.00673508, -0.0165371, 0.999857, 0.00340384, -0.00667791, -0.00351468, 0.999972, 0.00288752  
215, -2.80209, 136.836, 180.532, 0.999841, 0.0166879, 0.00625417, -0.0167105, 0.999854, 0.00359105, -0.00619333, -0.00369499, 0.999974, 0.00280653  
216, -3.31182, 139.187, 180.579, 0.999832, 0.0172283, 0.00631913, -0.0172672, 0.999832, 0.00615148, -0.00621209, -0.00625956, 0.999961, 0.00278822  
217, -3.58919, 141.42, 180.582, 0.999884, 0.0151893, 0.00139225, -0.0152011, 0.999845, 0.00890782, -0.00125673, -0.00892795, 0.999959, 0.00296186  
218, -3.92744, 143.772, 180.628, 0.999854, 0.0160989, -0.00579036, -0.0160656, 0.999854, 0.00576025, 0.00588225, -0.00566638, 0.999967, 0.0027677  
219, -4.4563, 145.997, 180.586, 0.999826, 0.0166466, -0.00840943, -0.0165708, 0.999822, 0.00901233, 0.00855796, -0.00887141, 0.999924, 0.00288752  
220, -4.82753, 148.59, 180.647, 0.99982, 0.0163508, -0.00962593, -0.0161765, 0.999709, 0.0179149, 0.00991605, -0.017756, 0.999793, 0.00283981  
221, -5.29201, 150.607, 180.628, 0.999812, 0.016621, -0.0100301, -0.0164977, 0.999789, 0.0122517, 0.0102316, -0.0120839, 0.999875, 0.00282123  
222, -5.77654, 153.019, 180.524, 0.999809, 0.0164206, -0.0105605, -0.0162407, 0.999725, 0.0169047, 0.0108352, -0.01673, 0.999801, 0.00314299  
223, -6.21936, 155.108, 180.48, 0.999765, 0.0178048, -0.0123632, -0.017619, 0.999733, 0.0149788, 0.0126266, -0.0147574, 0.999811, 0.00276242  
224, -6.54837, 157.377, 180.52, 0.99978, 0.0138082, -0.0158127, -0.0135487, 0.999774, 0.0164047, 0.0160356, -0.0161868, 0.99974, 0.00289224  
225, -6.87286, 159.715, 180.565, 0.999743, 0.0143911, -0.0174959, -0.0140102, 0.999666, 0.0217047, 0.0178024, -0.0214541, 0.999611, 0.00283621  
226, -7.04677, 161.724, 180.627, 0.999775, 0.0112823, -0.017962, -0.0110206, 0.999833, 0.0145996, 0.0181237, -0.0143984, 0.999732, 0.00285895  
227, -7.28946, 164.183, 180.681, 0.999725, 0.0108986, -0.0207751, -0.0105133, 0.999772, 0.0185635, 0.0209727, -0.0183399, 0.999612, 0.00287421  
228, -7.46935, 166.169, 180.734, 0.999667, 0.00964914, -0.0239518, -0.00934384, 0.999874, 0.0128261, 0.0240725, -0.012598, 0.999631, 0.00281346  
229, -7.82416, 168.382, 180.745, 0.999597, 0.0101788, -0.0264899, -0.00980735, 0.999852, 0.0141158, 0.0266297, -0.0138504, 0.999549, 0.00275077  
230, -8.07006, 170.73, 180.664, 0.999593, 0.0126802, -0.025566, -0.0122262, 0.999766, 0.0178355, 0.0257862, -0.0175157, 0.999514, 0.00282456  
231, -8.13544, 172.733, 180.694, 0.999604, 0.0112259, -0.0258103, -0.0108981, 0.999859, 0.0128055, 0.0259504, -0.0125192, 0.999585, 0.00283621  
232, -8.33514, 175.182, 180.671, 0.9996, 0.0111411, -0.0260096, -0.0106989, 0.999797, 0.0170802, 0.0261946, -0.0167951, 0.999516, 0.00297462  
233, -8.41493, 177.113, 180.659, 0.999631, 0.00891478, -0.0256746, -0.00856935, 0.999872, 0.0135329, 0.0257919, -0.0133079, 0.999579, 0.00276908  
234, -8.58888, 179.452, 180.561, 0.999624, 0.00781679, -0.0262671, -0.00737095, 0.999828, 0.0170276, 0.0263956, -0.0168276, 0.99951, 0.0028878  
235, -8.5559, 181.485, 180.575, 0.999687, 0.00753257, -0.0238649, -0.00720417, 0.999879, 0.0138171, 0.0239661, -0.0136408, 0.99962, 0.00305423  
236, -8.60031, 183.659, 180.536, 0.9997, 0.00817156, -0.0230942, -0.00787459, 0.999886, 0.0129208, 0.0231972, -0.012735, 0.99965, 0.00281624  
237, -8.75189, 185.93, 180.513, 0.999725, 0.00837142, -0.0219243, -0.00799758, 0.999822, 0.0170836, 0.0220635, -0.0169036, 0.999614, 0.00289196  
238, -8.7075, 187.85, 180.552, 0.999673, 0.00653105, -0.0247366, -0.00624901, 0.999915, 0.0114617, 0.0248093, -0.0113034, 0.999628, 0.00307919  
239, -8.80417, 190.038, 180.571, 0.999733, 0.00602246, -0.0223091, -0.0056205, 0.999822, 0.018037, 0.0224137, -0.0179068, 0.999588, 0.00316352  
240, -8.82064, 191.675, 180.672, 0.999782, 0.00470674, -0.0203585, -0.00456228, 0.999964, 0.00713623, 0.0203913, -0.00704179, 0.999767, 0.00325034  
241, -8.83088, 194.136, 180.73, 0.999791, 0.00387239, -0.0200666, -0.00360237, 0.999903, 0.0134747, 0.0201168, -0.0133996, 0.999708, 0.00307697  
242, -8.69159, 195.854, 180.772, 0.999765, 0.00212447, -0.021552, -0.00210081, 0.999997, 0.00112035, 0.0215543, -0.00107481, 0.999767, 0.00440618  
243, -8.74816, 198.181, 180.666, 0.999847, 0.00213009, -0.017346, -0.00192866, 0.999931, 0.0116209, 0.0173695, -0.0115857, 0.999782, 0.00295382  
244, -8.56542, 199.944, 180.647, 0.999884, 0.00300784, -0.0149428, -0.00297878, 0.999994, 0.00196621, 0.0149486, -0.00192147, 0.999886, 0.0029688  
245, -8.60389, 202.026, 180.513, 0.999912, 0.00312295, -0.0128898, -0.00317956, 0.999985, -0.00437309, 0.0128759, 0.00441369, 0.999907, 0.00303121  
246, -8.3069, 204.019, 180.546, 0.999935, 0.0020785, -0.0112029, -0.00213252, 0.999986, -0.00481246, 0.0111927, 0.00483604, 0.999926, 0.00285035  
247, -8.00604, 206.265, 180.609, 0.999915, 0.00189257, -0.0128821, -0.00197294, 0.999979, -0.0062291, 0.0128701, 0.00625399, 0.999898, 0.00307059  
248, -7.76894, 208.348, 180.632, 0.999953, 0.00330461, -0.00913098, -0.00336113, 0.999975, -0.00618107, 0.00911033, 0.00621147, 0.999939, 0.00297434  
249, -7.48421, 210.342, 180.532, 0.999948, -0.000362935, -0.0101717, 0.000277996, 0.999965, -0.00835075, 0.0101744, 0.00834749, 0.999913, 0.00287643  
250, -7.26474, 212.601, 180.539, 0.999985, -0.000514279, -0.00539376, 0.000497977, 0.999995, -0.00302331, 0.00539529, 0.00302058, 0.999981, 0.00284619  
251, -7.00032, 214.672, 180.545, 0.999993, -0.00134164, -0.00360551, 0.00131445, 0.999971, -0.00753207, 0.00361551, 0.00752728, 0.999965, 0.00286145  
252, -6.69907, 217.15, 180.642, 0.999997, 0.00149112, 0.00205326, -0.00149239, 0.999999, 0.00061681, -0.00205234, -0.000619873, 0.999998, 0.00285119  
253, -6.19225, 218.977, 180.633, 0.999998, -0.00126055, 0.00126712, 0.00127519, 0.999932, -0.0116158, -0.00125239, 0.0116174, 0.999932, 0.00280902  
254, -5.91536, 221.21, 180.727, 0.999991, -0.000466366, 0.00421081, 0.000499109, 0.99997, -0.00777823, -0.00420705, 0.00778026, 0.999961, 0.0028706  
255, -5.43584, 223.177, 180.787, 0.999983, -0.00190607, 0.00558682, 0.00197535, 0.999921, -0.0124201, -0.0055627, 0.0124309, 0.999907, 0.00283482  
256, -5.04758, 225.412, 180.858, 0.999948, -0.0024338, 0.00993282, 0.00251643, 0.999962, -0.00831494, -0.00991221, 0.0083395, 0.999916, 0.00285257  
257, -4.67303, 227.447, 180.852, 0.999905, -0.00355104, 0.0133349, 0.003641, 0.999971, -0.00672771, -0.0133106, 0.00677563, 0.999888, 0.00287449  
258, -4.20931, 229.576, 180.861, 0.999843, -0.00654698, 0.0164843, 0.00660875, 0.999971, -0.00369544, -0.0164596, 0.0038038, 0.999857, 0.00283371  
259, -3.75168, 231.783, 180.919, 0.999764, -0.00503444, 0.0211141, 0.00510237, 0.999982, -0.003165, -0.0210978, 0.00327199, 0.999772, 0.00285368  
260, -3.30192, 233.941, 180.925, 0.999728, -0.00615538, 0.0224874, 0.00632919, 0.999951, -0.00766595, -0.0224391, 0.00780619, 0.999718, 0.00285895  
261, -2.90796, 236.024, 180.964, 0.999696, -0.00462648, 0.0242171, 0.00486376, 0.999941, -0.00974841, -0.0241706, 0.00986323, 0.999659, 0.0028498  
262, -2.49581, 238.076, 180.962, 0.999674, -0.00471553, 0.0250893, 0.0050885, 0.999877, -0.0148225, -0.0250163, 0.0149454, 0.999575, 0.00288974  
263, -2.12116, 240.17, 181.058, 0.999504, -0.0035327, 0.0312814, 0.00389527, 0.999926, -0.0115374, -0.0312383, 0.0116535, 0.999444, 0.00284342  
264, -1.78058, 242.158, 181.063, 0.999444, -0.00476858, 0.0330043, 0.00533778, 0.999838, -0.0171797, -0.032917, 0.0173463, 0.999308, 0.00285646  
265, -1.44404, 244.389, 181.12, 0.999332, -0.00520206, 0.0361814, 0.00565591, 0.999906, -0.0124526, -0.0361133, 0.0126489, 0.999268, 0.00283343  
266, -1.1805, 246.643, 181.115, 0.999209, -0.00576392, 0.039343, 0.0061859, 0.999925, -0.0106125, -0.0392789, 0.0108475, 0.999169, 0.00284259  
267, -0.975843, 248.717, 181.19, 0.999101, -0.00366549, 0.0422411, 0.00430266, 0.999878, -0.0150029, -0.042181, 0.0151712, 0.998995, 0.00297185  
268, -0.782403, 250.982, 181.187, 0.999091, -0.00350666, 0.0424896, 0.00409225, 0.999898, -0.0137028, -0.0424372, 0.0138643, 0.999003, 0.00277962  
269, -0.666238, 252.878, 181.222, 0.99901, -0.0034297, 0.0443586, 0.00430098, 0.999799, -0.0195612, -0.0442826, 0.0197326, 0.998824, 0.00286506  
270, -0.622225, 255.235, 181.191, 0.998981, -0.00331559, 0.0450208, 0.00414739, 0.999822, -0.0183951, -0.0449519, 0.0185631, 0.998817, 0.00309195  
271, -0.433171, 257.115, 181.208, 0.999007, -0.00365144, 0.0443986, 0.0046421, 0.999742, -0.0222304, -0.044306, 0.0224144, 0.998767, 0.00285063  
272, -0.423825, 259.518, 181.253, 0.998977, -0.00260793, 0.0451402, 0.0034607, 0.999817, -0.0188238, -0.0450828, 0.0189608, 0.998803, 0.00300541  
273, -0.48281, 261.443, 181.259, 0.998918, -0.0023207, 0.0464586, 0.00348385, 0.999682, -0.024971, -0.0463859, 0.0251059, 0.998608, 0.00284176  
274, -0.631334, 263.612, 181.285, 0.998933, -0.00186892, 0.0461375, 0.0030936, 0.999644, -0.026487, -0.0460716, 0.0266014, 0.998584, 0.00281901  
275, -0.738131, 265.994, 181.257, 0.998911, -0.00108619, 0.0466472, 0.00215817, 0.999735, -0.0229363, -0.04661, 0.023012, 0.998648, 0.00298183  
