0, 0, 0, 0, 0, 0, 0, 0, 0, 0, 0, 0, 0, 0.00629291  
1, -17.4178, 5.75656, 180.157, 0.999629, 0.0241747, 0.0125322, -0.0243964, 0.999543, 0.017855, -0.0120948, -0.0181541, 0.999762, 0.00277047  
2, -17.4248, 5.75898, 180.149, 0.999623, 0.0242851, 0.0128211, -0.0244955, 0.999564, 0.0165126, -0.0124145, -0.0168204, 0.999781, 0.00310721  
3, -17.4048, 5.77121, 180.15, 0.99962, 0.024185, 0.0132169, -0.0244268, 0.999531, 0.0184438, -0.0127647, -0.0187596, 0.999743, 0.00284397  
4, -17.4126, 5.75951, 180.131, 0.999631, 0.024089, 0.0125319, -0.0243069, 0.999551, 0.017534, -0.0121039, -0.0178321, 0.999768, 0.0029344  
5, -17.4052, 5.78217, 180.13, 0.999628, 0.0243288, 0.0123066, -0.0245333, 0.999559, 0.016751, -0.0118936, -0.0170467, 0.999784, 0.00284481  
6, -17.3921, 5.76916, 180.146, 0.999626, 0.0243646, 0.0124502, -0.0245755, 0.999552, 0.0170779, -0.0120285, -0.0173775, 0.999777, 0.00283538  
7, -17.4113, 5.76564, 180.131, 0.999624, 0.024357, 0.0126163, -0.0245719, 0.999551, 0.0171695, -0.0121924, -0.017473, 0.999773, 0.00308419  
8, -17.3977, 5.77356, 180.123, 0.99965, 0.023728, 0.0117321, -0.0239246, 0.999571, 0.0169063, -0.0113259, -0.0171811, 0.999788, 0.00283981  
9, -17.4136, 5.75332, 180.116, 0.999632, 0.0240289, 0.012559, -0.0242354, 0.999569, 0.0165522, -0.0121559, -0.0168505, 0.999784, 0.00294244  
10, -17.4263, 5.76599, 180.137, 0.999648, 0.0238978, 0.0115022, -0.0240932, 0.999562, 0.0171615, -0.0110871, -0.0174326, 0.999787, 0.00277213  
11, -17.4267, 5.75659, 180.138, 0.999631, 0.0241694, 0.0124039, -0.024377, 0.999561, 0.0168666, -0.0119908, -0.0171627, 0.999781, 0.00285313  
12, -17.408, 5.77616, 180.16, 0.999641, 0.0240734, 0.0117541, -0.0242824, 0.999544, 0.0179693, -0.0113161, -0.0182483, 0.999769, 0.00369664  
13, -17.4063, 5.77387, 180.149, 0.999626, 0.024158, 0.012779, -0.0243822, 0.999546, 0.0176895, -0.0123459, -0.0179944, 0.999762, 0.00279349  
14, -17.4111, 5.76797, 180.129, 0.999638, 0.0238716, 0.012393, -0.0240855, 0.999558, 0.0174069, -0.011972, -0.0176991, 0.999772, 0.00297434  
15, -17.4114, 5.76708, 180.139, 0.999634, 0.0241387, 0.0122177, -0.0243541, 0.999545, 0.0177985, -0.0117825, -0.0180895, 0.999767, 0.00273996  
16, -17.3934, 5.76382, 180.123, 0.999637, 0.0238476, 0.0125691, -0.0240688, 0.999553, 0.0177537, -0.0121401, -0.0180498, 0.999763, 0.00281651  
17, -17.4192, 5.77287, 180.142, 0.999642, 0.0238002, 0.0122594, -0.0240095, 0.999563, 0.0172219, -0.0118442, -0.0175101, 0.999777, 0.00320734  
18, -17.4115, 5.74694, 180.154, 0.99964, 0.0240121, 0.0120102, -0.0242346, 0.999531, 0.0187331, -0.0115547, -0.0190174, 0.999752, 0.00276714  
19, -17.3902, 5.75793, 180.145, 0.999655, 0.0235154, 0.0116865, -0.0237263, 0.999552, 0.0182453, -0.0112523, -0.0185163, 0.999765, 0.00281957  
20, -17.4042, 5.75473, 180.125, 0.999643, 0.0236203, 0.0124814, -0.0238418, 0.999555, 0.0179076, -0.0120529, -0.0181988, 0.999762, 0.00275826  
21, -17.4012, 5.77398, 180.132, 0.999646, 0.023361, 0.0127569, -0.0235963, 0.999548, 0.0186218, -0.0123161, -0.0189162, 0.999745, 0.00282567  
22, -17.4111, 5.75271, 180.135, 0.999632, 0.0240313, 0.0125686, -0.0242491, 0.999553, 0.0174786, -0.012143, -0.0177769, 0.999768, 0.00300208  
23, -17.3966, 5.78271, 180.142, 0.999633, 0.0242041, 0.0122033, -0.0244257, 0.999533, 0.018353, -0.0117533, -0.0186443, 0.999757, 0.00279543  
24, -17.404, 5.777, 180.118, 0.999634, 0.0239215, 0.0126328, -0.0241379, 0.999559, 0.0172696, -0.0122142, -0.0175682, 0.999771, 0.00287837  
25, -17.4278, 5.76645, 180.117, 0.999625, 0.0240785, 0.0130591, -0.0243057, 0.999551, 0.017525, -0.0126313, -0.0178358, 0.999761, 0.00277269  
26, -17.392, 5.76023, 180.136, 0.999641, 0.0241041, 0.0116645, -0.0243069, 0.99955, 0.0175709, -0.0112357, -0.0178481, 0.999778, 0.00283454  
27, -17.3733, 5.72616, 180.135, 0.999606, 0.0249057, 0.012918, -0.0251363, 0.999522, 0.0180038, -0.0124634, -0.0183215, 0.999754, 0.00295382  
28, -17.4267, 5.77781, 180.133, 0.999634, 0.0241729, 0.0121484, -0.0243865, 0.999545, 0.0177535, -0.0117137, -0.0180433, 0.999769, 0.0027688  
29, -17.4272, 5.77595, 180.132, 0.999635, 0.0237901, 0.0127998, -0.0240096, 0.999562, 0.0172739, -0.0123832, -0.017575, 0.999769, 0.00321871  
30, -17.4176, 5.75485, 180.122, 0.99962, 0.0242156, 0.013138, -0.0244488, 0.999541, 0.017889, -0.0126987, -0.0182034, 0.999754, 0.00276575  
31, -17.3945, 5.77261, 180.144, 0.999617, 0.0245971, 0.0126526, -0.0248267, 0.999524, 0.0183159, -0.012196, -0.018623, 0.999752, 0.002829  
32, -17.4342, 5.76951, 180.126, 0.999622, 0.0243174, 0.0128593, -0.0245463, 0.999538, 0.0179468, -0.0124169, -0.0182556, 0.999756, 0.00296047  
33, -17.4751, 5.75102, 180.131, 0.999603, 0.0246669, 0.0136202, -0.0249091, 0.999529, 0.0179137, -0.0131719, -0.0182458, 0.999747, 0.00281263  
34, -17.4444, 5.77469, 180.134, 0.999608, 0.024517, 0.0135154, -0.0247665, 0.99952, 0.0186091, -0.0130526, -0.0189365, 0.999735, 0.00284952  
35, -17.4265, 5.78083, 180.123, 0.999627, 0.0242586, 0.0125801, -0.0244794, 0.999544, 0.0177017, -0.0121449, -0.0180031, 0.999764, 0.00273912  
36, -17.4419, 5.75924, 180.133, 0.999625, 0.02443, 0.0123571, -0.0246408, 0.999548, 0.0172035, -0.0119312, -0.0175016, 0.999776, 0.00282761  
37, -17.4101, 5.79203, 180.139, 0.999624, 0.0244541, 0.012406, -0.0246671, 0.999546, 0.0173093, -0.0119771, -0.0176088, 0.999773, 0.0031  
38, -17.4211, 5.76856, 180.15, 0.999634, 0.0240694, 0.0123281, -0.0242885, 0.999544, 0.0179408, -0.0118906, -0.0182337, 0.999763, 0.00275161  
39, -17.4023, 5.77605, 180.158, 0.999634, 0.0240652, 0.0123865, -0.0242838, 0.999546, 0.0178137, -0.0119522, -0.0181079, 0.999765, 0.00290583  
40, -17.4026, 5.7675, 180.118, 0.999624, 0.0242063, 0.0128611, -0.0244255, 0.999554, 0.0171668, -0.0124398, -0.0174745, 0.99977, 0.0027308  
41, -17.4075, 5.78245, 180.138, 0.999621, 0.0243316, 0.0128446, -0.0245554, 0.999544, 0.017559, -0.0124115, -0.0178677, 0.999763, 0.00283399  
42, -17.4138, 5.76739, 180.136, 0.999614, 0.0242526, 0.0135191, -0.0244901, 0.999544, 0.0176901, -0.0130839, -0.0180144, 0.999752, 0.00300652  
43, -17.4121, 5.77846, 180.13, 0.999631, 0.0242962, 0.0121274, -0.0244979, 0.999559, 0.0167748, -0.0117145, -0.0170657, 0.999786, 0.00278794  
44, -17.436, 5.76562, 180.132, 0.999618, 0.0244512, 0.0128581, -0.0246854, 0.999526, 0.0183811, -0.0124025, -0.0186915, 0.999748, 0.00293773  
45, -17.4374, 5.77411, 180.147, 0.99962, 0.0242286, 0.0131127, -0.0244637, 0.999537, 0.018077, -0.0126687, -0.0183909, 0.999751, 0.00289335  
46, -17.4118, 5.76736, 180.143, 0.999622, 0.0243914, 0.0126716, -0.0246323, 0.999512, 0.0192128, -0.0121968, -0.0195177, 0.999735, 0.00284342  
47, -17.4204, 5.78384, 180.161, 0.999611, 0.0246606, 0.0130022, -0.0249031, 0.999512, 0.0188357, -0.0125314, -0.0191521, 0.999738, 0.00298155  
48, -17.3789, 5.79645, 180.164, 0.999639, 0.0240004, 0.0120936, -0.024215, 0.999546, 0.0179253, -0.0116579, -0.0182117, 0.999766, 0.00279072  
49, -17.3985, 5.7713, 180.155, 0.999629, 0.0242113, 0.0124441, -0.0244336, 0.999539, 0.0180288, -0.0120019, -0.0183261, 0.99976, 0.00291665  
50, -17.4054, 5.78116, 180.14, 0.999646, 0.0238964, 0.0116813, -0.0240922, 0.999567, 0.0169181, -0.011272, -0.0171935, 0.999789, 0.00278295  
51, -17.3774, 5.73489, 180.129, 0.999621, 0.0245998, 0.0123905, -0.0248214, 0.999529, 0.0180625, -0.0119403, -0.0183632, 0.99976, 0.0027946  
52, -17.4093, 5.77848, 180.136, 0.999647, 0.0234119, 0.0125692, -0.0236394, 0.999554, 0.0182656, -0.0121359, -0.0185562, 0.999754, 0.00291998  
53, -17.3889, 5.78238, 180.151, 0.99963, 0.0241315, 0.0125182, -0.0243636, 0.999528, 0.0187288, -0.0120603, -0.0190268, 0.999746, 0.00282789  
54, -17.3861, 5.77785, 180.131, 0.99963, 0.0241882, 0.0124112, -0.0244097, 0.99954, 0.0180164, -0.0119697, -0.0183127, 0.999761, 0.00310527  
55, -17.4087, 5.76948, 180.137, 0.999631, 0.0243821, 0.0119768, -0.0245994, 0.999529, 0.0183436, -0.0115239, -0.0186315, 0.99976, 0.00276187  
56, -17.407, 5.76478, 180.13, 0.999635, 0.0241657, 0.0121138, -0.0243832, 0.999538, 0.0181424, -0.0116698, -0.0184312, 0.999762, 0.00285119  
57, -17.411, 5.76271, 180.105, 0.999649, 0.0235513, 0.0121345, -0.0237729, 0.999547, 0.0184471, -0.0116945, -0.0187291, 0.999756, 0.00289834  
58, -17.3962, 5.75398, 180.113, 0.999651, 0.0235515, 0.0119268, -0.0237591, 0.999563, 0.0175777, -0.0115076, -0.017855, 0.999774, 0.00280986  
59, -17.4206, 5.75716, 180.126, 0.999651, 0.023727, 0.0116179, -0.0239283, 0.99956, 0.0175028, -0.0111975, -0.0177747, 0.999779, 0.00293995  
60, -17.4416, 5.75038, 180.14, 0.999638, 0.0238551, 0.0124078, -0.0240733, 0.999553, 0.0177452, -0.0119789, -0.0180375, 0.999766, 0.00304036  
61, -17.4386, 5.76439, 180.137, 0.999641, 0.023821, 0.0122486, -0.0240443, 0.999541, 0.0184204, -0.0118042, -0.0187083, 0.999755, 0.00292636  
62, -17.4303, 5.76538, 180.152, 0.999628, 0.024266, 0.0124863, -0.02449, 0.999536, 0.0181109, -0.012041, -0.0184099, 0.999758, 0.00301706  
63, -17.4187, 5.78125, 180.138, 0.99963, 0.0242783, 0.0122469, -0.0244943, 0.999541, 0.017802, -0.011809, -0.0180954, 0.999767, 0.00291166  
64, -17.3953, 5.7206, 180.138, 0.999609, 0.0250326, 0.0124334, -0.0252534, 0.99952, 0.0179241, -0.0119788, -0.0182311, 0.999762, 0.00283149  
65, -17.4309, 5.78299, 180.12, 0.999649, 0.0235721, 0.0120744, -0.0237855, 0.999558, 0.0178475, -0.0116484, -0.0181284, 0.999768, 0.00276742  
66, -17.4322, 5.75471, 180.117, 0.999622, 0.024304, 0.0128568, -0.0245309, 0.999541, 0.0177977, -0.0124184, -0.0181064, 0.999759, 0.0031466  
67, -17.4407, 5.75829, 180.131, 0.999634, 0.0238892, 0.0126565, -0.0241132, 0.99955, 0.0178499, -0.0122244, -0.0181486, 0.999761, 0.00291415  
68, -17.4167, 5.77634, 180.147, 0.999644, 0.0239739, 0.0117072, -0.0241758, 0.999556, 0.0174173, -0.0112844, -0.0176941, 0.99978, 0.00284425  
69, -17.4109, 5.77398, 180.13, 0.999636, 0.0242406, 0.0118634, -0.0244461, 0.999548, 0.0174918, -0.011434, -0.0177754, 0.999777, 0.00294522  
70, -17.4385, 5.75307, 180.161, 0.999633, 0.0241725, 0.0122164, -0.0243918, 0.999538, 0.0181399, -0.0117722, -0.0184312, 0.999761, 0.00282289  
71, -17.4251, 5.78064, 180.154, 0.999638, 0.0236732, 0.0127881, -0.0238923, 0.999565, 0.0172632, -0.0123739, -0.0175625, 0.999769, 0.00285063  
72, -17.4445, 5.75727, 180.152, 0.999626, 0.0242656, 0.0126005, -0.0244981, 0.999526, 0.0186407, -0.0121422, -0.0189425, 0.999747, 0.00296436  
73, -17.4152, 5.75865, 180.16, 0.999636, 0.0241635, 0.0119764, -0.0243679, 0.999555, 0.0172207, -0.0115549, -0.0175062, 0.99978, 0.00286755  
74, -17.4279, 5.77552, 180.137, 0.999645, 0.0239825, 0.011648, -0.0241821, 0.999558, 0.0173103, -0.0112277, -0.0175858, 0.999782, 0.00301761  
75, -17.4377, 5.76217, 180.13, 0.999638, 0.0240285, 0.0120918, -0.0242486, 0.999537, 0.0183933, -0.0116442, -0.0186798, 0.999758, 0.00282927  
76, -17.3811, 5.72671, 180.123, 0.999601, 0.0253924, 0.0123973, -0.025605, 0.999522, 0.0173001, -0.011952, -0.0176106, 0.999773, 0.00287227  
77, -17.4326, 5.77183, 180.111, 0.999626, 0.0242978, 0.0125627, -0.0245218, 0.999537, 0.017995, -0.0121197, -0.0182963, 0.999759, 0.00311969  
78, -17.4312, 5.77305, 180.129, 0.999619, 0.0240183, 0.0135975, -0.024266, 0.999537, 0.0183552, -0.0131504, -0.0186782, 0.999739, 0.00287365  
79, -17.4055, 5.77184, 180.132, 0.999625, 0.0242431, 0.0127482, -0.0244703, 0.999539, 0.0179734, -0.0123066, -0.0182786, 0.999757, 0.00300458  
80, -17.4206, 5.78277, 180.143, 0.999637, 0.0241286, 0.0119739, -0.0243406, 0.999544, 0.0178942, -0.0115367, -0.0181791, 0.999768, 0.00289418  
81, -17.4089, 5.7807, 180.13, 0.99963, 0.0240925, 0.0126384, -0.0243118, 0.999551, 0.0174939, -0.0122112, -0.0177946, 0.999767, 0.002905  
82, -17.4425, 5.78046, 180.12, 0.999637, 0.0235864, 0.0129881, -0.0238255, 0.999544, 0.018573, -0.0125441, -0.0188757, 0.999743, 0.00297462  
83, -17.417, 5.77572, 180.143, 0.999626, 0.0241139, 0.0129347, -0.0243486, 0.999536, 0.0183098, -0.0124871, -0.0186179, 0.999749, 0.0028731  
84, -17.4019, 5.7835, 180.128, 0.999634, 0.0238082, 0.0128098, -0.0240377, 0.999548, 0.0180693, -0.0123738, -0.0183706, 0.999755, 0.00293884  
85, -17.3793, 5.77586, 180.162, 0.999639, 0.024314, 0.0114314, -0.0245165, 0.999539, 0.0179227, -0.0109903, -0.0181965, 0.999774, 0.00290805  
86, -17.4145, 5.78592, 180.153, 0.999627, 0.024322, 0.0124054, -0.0245516, 0.999524, 0.0187014, -0.0119446, -0.018999, 0.999748, 0.00278267  
87, -17.4325, 5.75466, 180.133, 0.999635, 0.0240633, 0.0122451, -0.0242742, 0.999554, 0.0173736, -0.0118216, -0.0176645, 0.999774, 0.00306671  
88, -17.4272, 5.78059, 180.116, 0.999632, 0.0240397, 0.012581, -0.0242604, 0.999549, 0.017697, -0.0121499, -0.0179957, 0.999764, 0.0029086  
89, -17.4316, 5.77936, 180.139, 0.999623, 0.0241783, 0.0130319, -0.0244105, 0.999541, 0.0179635, -0.0125916, -0.0182749, 0.999754, 0.00311553  
90, -17.4447, 5.7707, 180.145, 0.99963, 0.023817, 0.0131249, -0.0240527, 0.999547, 0.0181093, -0.0126877, -0.0184183, 0.99975, 0.00291138  
91, -17.4638, 5.78542, 180.13, 0.999607, 0.0246339, 0.0133766, -0.0248786, 0.99952, 0.0184496, -0.0129157, -0.0187751, 0.99974, 0.00282012  
92, -17.4312, 5.77483, 180.153, 0.999616, 0.0243382, 0.0132773, -0.0245799, 0.999529, 0.0183474, -0.0128245, -0.0186667, 0.999744, 0.00294744  
93, -17.4294, 5.76703, 180.125, 0.999617, 0.0247095, 0.0124953, -0.0249227, 0.999541, 0.017209, -0.0120643, -0.0175138, 0.999774, 0.00304563  
94, -17.4408, 5.76773, 180.145, 0.999632, 0.0237605, 0.0130778, -0.0240002, 0.999541, 0.0184888, -0.0126325, -0.0187958, 0.999744, 0.00289418  
95, -17.4387, 5.76123, 180.134, 0.999642, 0.0237914, 0.0122433, -0.0240149, 0.999541, 0.0184485, -0.0117988, -0.0187359, 0.999755, 0.00282373  
96, -17.4326, 5.76231, 180.139, 0.99963, 0.0240533, 0.0127341, -0.024284, 0.999538, 0.0182796, -0.0122886, -0.0185821, 0.999752, 0.00288475  
97, -17.4533, 5.77768, 180.148, 0.999618, 0.0244323, 0.0128925, -0.0246665, 0.999528, 0.0183257, -0.0124387, -0.0186367, 0.999749, 0.00306921  
98, -17.3902, 5.78172, 180.171, 0.999616, 0.0242535, 0.013426, -0.0245026, 0.999525, 0.0187058, -0.0129659, -0.0190276, 0.999735, 0.00290694  
99, -17.4179, 5.77488, 180.144, 0.999617, 0.0244492, 0.0129383, -0.0246683, 0.99955, 0.0170491, -0.0125156, -0.0173617, 0.999771, 0.00285451  
100, -17.4507, 5.76162, 180.135, 0.999621, 0.02429, 0.0129786, -0.0245262, 0.99953, 0.0183659, -0.0125264, -0.0186772, 0.999747, 0.00277269  
101, -17.43, 5.77868, 180.149, 0.999627, 0.0241721, 0.0127115, -0.0243994, 0.999539, 0.0180442, -0.0122695, -0.0183476, 0.999756, 0.00294328  
102, -17.438, 5.77278, 180.141, 0.999631, 0.0240103, 0.0126913, -0.0242381, 0.999542, 0.0181089, -0.0122507, -0.0184099, 0.999755, 0.0028903  
103, -17.4145, 5.76298, 180.154, 0.999642, 0.0238768, 0.0120411, -0.0240875, 0.999554, 0.0176681, -0.0116138, -0.0179518, 0.999771, 0.00282567  
104, -17.4169, 5.77616, 180.136, 0.999631, 0.0241315, 0.0124345, -0.0243537, 0.999541, 0.0180383, -0.0119935, -0.0183344, 0.99976, 0.00286117  
105, -17.3612, 5.72139, 180.154, 0.999616, 0.0248097, 0.012353, -0.0250249, 0.999532, 0.0175819, -0.011911, -0.0178843, 0.999769, 0.00282761  
106, -17.446, 5.74264, 180.12, 0.999638, 0.0239782, 0.0122123, -0.0241859, 0.99956, 0.0171527, -0.0117957, -0.0174418, 0.999778, 0.00288392  
107, -17.4438, 5.75093, 180.138, 0.999649, 0.0235114, 0.0121707, -0.0237258, 0.99956, 0.0177791, -0.0117473, -0.0180616, 0.999768, 0.00303481  
108, -17.4266, 5.75679, 180.157, 0.999635, 0.0240734, 0.0122398, -0.0242899, 0.999545, 0.0178601, -0.0118043, -0.0181509, 0.999766, 0.00280958  
109, -17.4479, 5.75241, 180.15, 0.999616, 0.0246347, 0.0127213, -0.0248588, 0.999533, 0.0177748, -0.0122775, -0.0180842, 0.999761, 0.00286977  
110, -17.4415, 5.76316, 180.149, 0.999627, 0.024571, 0.0119346, -0.0247896, 0.999521, 0.0185287, -0.0114736, -0.0188176, 0.999757, 0.00283593  
111, -17.4215, 5.78312, 180.147, 0.999627, 0.0240693, 0.0129038, -0.0242974, 0.999546, 0.0178233, -0.0124689, -0.0181302, 0.999758, 0.00284952  
112, -17.443, 5.776, 180.15, 0.999636, 0.0240589, 0.0121962, -0.0242733, 0.999548, 0.0177466, -0.0117637, -0.0180362, 0.999768, 0.00300624  
113, -17.4471, 5.75527, 180.142, 0.999613, 0.0246249, 0.0129218, -0.0248629, 0.999518, 0.0185944, -0.0124577, -0.0189085, 0.999744, 0.00282678  
114, -17.4358, 5.76934, 180.147, 0.999606, 0.0248295, 0.0130609, -0.025065, 0.99952, 0.0181848, -0.0126031, -0.018505, 0.999749, 0.00293939  
115, -17.4295, 5.77405, 180.168, 0.999632, 0.0243308, 0.0119737, -0.0245458, 0.999534, 0.0181493, -0.0115265, -0.0184365, 0.999764, 0.00272054  
116, -17.3653, 5.72563, 180.159, 0.999617, 0.0248794, 0.0121532, -0.0250806, 0.999546, 0.016697, -0.0117323, -0.0169954, 0.999787, 0.0027824  
117, -17.4393, 5.75859, 180.168, 0.999627, 0.0240091, 0.0129953, -0.0242537, 0.999525, 0.0190034, -0.0125329, -0.0193115, 0.999735, 0.00288974  
118, -17.4275, 5.76887, 180.126, 0.999629, 0.0240493, 0.0127853, -0.0242814, 0.999537, 0.0183201, -0.0123388, -0.0186238, 0.99975, 0.0027541  
119, -17.4257, 5.77847, 180.137, 0.999627, 0.0244376, 0.0121686, -0.0246418, 0.999553, 0.0169261, -0.0117495, -0.0172196, 0.999783, 0.00294161  
120, -17.4479, 5.75724, 180.158, 0.999632, 0.0238731, 0.0129132, -0.024106, 0.999544, 0.0181942, -0.012473, -0.0184987, 0.999751, 0.0027591  
121, -17.4245, 5.74705, 180.15, 0.999628, 0.0242701, 0.0124442, -0.0244991, 0.999527, 0.0185946, -0.011987, -0.0188926, 0.99975, 0.00279571  
122, -17.4212, 5.74496, 180.153, 0.999619, 0.0242304, 0.0132391, -0.0244644, 0.999542, 0.0178028, -0.0128017, -0.0181199, 0.999754, 0.00288919  
123, -17.373, 5.71756, 180.138, 0.9996, 0.0253323, 0.0126119, -0.0255256, 0.999556, 0.0154018, -0.0122162, -0.0157176, 0.999802, 0.0028204  
124, -17.3795, 5.70659, 180.12, 0.999624, 0.024021, 0.0132224, -0.0242192, 0.999594, 0.0150416, -0.0128557, -0.0153561, 0.999799, 0.00292858  
125, -17.3856, 5.65643, 180.141, 0.999623, 0.02456, 0.0122597, -0.0247284, 0.999599, 0.0137788, -0.0119163, -0.0140768, 0.99983, 0.00273302  
126, -17.3971, 5.59583, 180.132, 0.999622, 0.0245532, 0.0123735, -0.024716, 0.999608, 0.0131811, -0.012045, -0.013482, 0.999837, 0.00285895  
127, -17.3824, 5.56777, 180.114, 0.999621, 0.024588, 0.0124206, -0.0247246, 0.999634, 0.0109675, -0.0121464, -0.0112704, 0.999863, 0.00294217  
128, -17.3786, 5.50269, 180.105, 0.999617, 0.0245513, 0.0127345, -0.0246582, 0.999661, 0.00830274, -0.0125264, -0.00861358, 0.999884, 0.00276353  
129, -17.3885, 5.43308, 180.132, 0.999625, 0.0244032, 0.012444, -0.0245032, 0.999668, 0.00794667, -0.0122459, -0.00824861, 0.999891, 0.0028437  
130, -17.3491, 5.37499, 180.129, 0.999623, 0.0242826, 0.0128388, -0.0243565, 0.999687, 0.00562816, -0.0126981, -0.00593875, 0.999902, 0.00272609  
131, -17.3595, 5.31552, 180.126, 0.999618, 0.0242633, 0.0132638, -0.0243121, 0.999698, 0.00352594, -0.0131743, -0.00384707, 0.999906, 0.00279016  
132, -17.3376, 5.27415, 180.144, 0.999614, 0.024534, 0.0130524, -0.0245369, 0.999699, 6.82568e-005, -0.0130468, -0.000388496, 0.999915, 0.00291693  
133, -17.2915, 5.15767, 180.181, 0.999597, 0.0250038, 0.0134326, -0.0249655, 0.999684, -0.00301561, -0.0135038, 0.00267904, 0.999905, 0.00276631  
134, -17.2795, 5.1018, 180.197, 0.999583, 0.0255949, 0.013403, -0.0255433, 0.999666, -0.00401169, -0.0135012, 0.00366766, 0.999902, 0.00292552  
135, -17.3152, 5.09658, 180.191, 0.999593, 0.0247257, 0.0142515, -0.0246072, 0.999662, -0.0084297, -0.0144551, 0.00807558, 0.999863, 0.00274772  
136, -17.3112, 5.06705, 180.183, 0.999598, 0.0243023, 0.014612, -0.0241807, 0.999672, -0.00844018, -0.0148124, 0.00808346, 0.999858, 0.00283649  
137, -17.2871, 5.02857, 180.208, 0.99959, 0.0244055, 0.0149682, -0.0242325, 0.999639, -0.0116343, -0.0152467, 0.0112668, 0.99982, 0.00302288  
138, -17.1999, 4.98722, 180.24, 0.999578, 0.0255475, 0.0138456, -0.0253464, 0.999573, -0.0145144, -0.0142105, 0.0141573, 0.999799, 0.00276548  
139, -17.2016, 4.94353, 180.252, 0.999567, 0.025809, 0.0141035, -0.0255673, 0.999528, -0.0170572, -0.014537, 0.0166893, 0.999755, 0.00286367  
140, -17.2063, 4.91397, 180.262, 0.999567, 0.0257115, 0.0142991, -0.0254384, 0.999496, -0.0189641, -0.0147795, 0.0185922, 0.999718, 0.00277851  
141, -17.1988, 4.91338, 180.254, 0.999547, 0.0264056, 0.0144112, -0.0260816, 0.999413, -0.0222285, -0.0149897, 0.0218426, 0.999649, 0.0030043  
142, -17.2071, 4.89177, 180.251, 0.999547, 0.0264426, 0.0143756, -0.0260676, 0.99933, -0.0256737, -0.0150449, 0.0252873, 0.999567, 0.00287948  
143, -17.1828, 4.92468, 180.284, 0.99954, 0.0262963, 0.0151192, -0.0258832, 0.999303, -0.026903, -0.0158161, 0.0264993, 0.999524, 0.00277047  
144, -17.1748, 4.93808, 180.323, 0.999521, 0.0273366, 0.0145091, -0.0268859, 0.999176, -0.0304032, -0.0153283, 0.0299986, 0.999432, 0.00292331  
145, -17.1635, 4.97851, 180.343, 0.999518, 0.027819, 0.0138062, -0.0273413, 0.999059, -0.0336612, -0.0147296, 0.0332675, 0.999338, 0.00273441  
146, -17.144, 4.98996, 180.34, 0.999526, 0.027095, 0.0146028, -0.0265552, 0.999, -0.0359719, -0.0155629, 0.035567, 0.999246, 0.00283621  
147, -17.1487, 5.02026, 180.301, 0.999515, 0.0277187, 0.0141705, -0.0271256, 0.998813, -0.0404637, -0.0152753, 0.0400597, 0.999081, 0.00288336  
148, -17.1398, 5.03943, 180.327, 0.999522, 0.028069, 0.0129944, -0.0274577, 0.998607, -0.0450484, -0.0142408, 0.04467, 0.9989, 0.0027591  
149, -17.153, 5.03158, 180.321, 0.999532, 0.0276645, 0.0130662, -0.0270058, 0.998475, -0.0481474, -0.0143782, 0.047772, 0.998755, 0.00299792  
150, -17.1413, 5.07667, 180.285, 0.999525, 0.0279279, 0.0129938, -0.0272128, 0.998261, -0.0522929, -0.0144316, 0.0519145, 0.998547, 0.00282733  
151, -17.1183, 5.15813, 180.308, 0.999512, 0.0284915, 0.0127713, -0.0277524, 0.998116, -0.0547249, -0.0143064, 0.0543438, 0.99842, 0.00281901  
152, -17.0742, 5.2771, 180.317, 0.9995, 0.0286385, 0.0133876, -0.0278215, 0.997948, -0.0576772, -0.0150119, 0.0572759, 0.998246, 0.00292802  
153, -17.1074, 5.33902, 180.271, 0.999482, 0.028828, 0.0142742, -0.0279006, 0.997724, -0.0613859, -0.0160113, 0.0609559, 0.998012, 0.002862  
154, -17.0408, 5.47909, 180.272, 0.999442, 0.0303121, 0.0139999, -0.0293424, 0.997458, -0.0649331, -0.0159326, 0.0644861, 0.997791, 0.00294799  
155, -17.0264, 5.55505, 180.265, 0.999467, 0.0301012, 0.0126648, -0.0291593, 0.997195, -0.0689295, -0.0147041, 0.0685234, 0.997541, 0.00282456  
156, -16.9947, 5.62182, 180.263, 0.999475, 0.0302848, 0.0115529, -0.0293488, 0.996824, -0.0740314, -0.0137583, 0.0736535, 0.997189, 0.00286866  
157, -16.9494, 5.82438, 180.271, 0.999467, 0.0304184, 0.0118812, -0.0294305, 0.996676, -0.0759592, -0.0141523, 0.075569, 0.99704, 0.00296658  
158, -16.9424, 5.97156, 180.263, 0.999465, 0.0305692, 0.0116461, -0.0295522, 0.996415, -0.0792729, -0.0140277, 0.0788863, 0.996785, 0.00285174  
159, -16.9814, 6.19107, 180.206, 0.999506, 0.0291411, 0.0117657, -0.0280263, 0.995917, -0.0858118, -0.0142184, 0.0854396, 0.996242, 0.00292941  
160, -17.0383, 6.48884, 180.072, 0.999516, 0.0272208, 0.0150753, -0.0257122, 0.995377, -0.0925436, -0.0175247, 0.0921111, 0.995595, 0.00286616  
161, -16.977, 6.62422, 180.166, 0.999491, 0.0301374, 0.0104566, -0.0290327, 0.995217, -0.0932732, -0.0132176, 0.0929222, 0.995586, 0.00274745  
162, -16.9427, 6.87277, 180.189, 0.999525, 0.029452, 0.00902295, -0.0284455, 0.994927, -0.096491, -0.011819, 0.0961885, 0.995293, 0.00297323  
163, -16.9444, 7.08276, 180.172, 0.999476, 0.0305665, 0.0106753, -0.0293802, 0.994787, -0.097646, -0.0136043, 0.0972812, 0.995164, 0.00284148  
164, -16.9585, 7.28382, 180.192, 0.999502, 0.0302435, 0.00900061, -0.0291658, 0.994327, -0.102293, -0.0120432, 0.101979, 0.994714, 0.00299015  
165, -16.956, 7.55007, 180.16, 0.999505, 0.030412, 0.00807307, -0.0293799, 0.993872, -0.106561, -0.0112643, 0.106271, 0.994273, 0.00288281  
166, -16.9756, 7.93305, 180.157, 0.999517, 0.029526, 0.00971895, -0.0283265, 0.993924, -0.106364, -0.0128004, 0.106037, 0.99428, 0.00280459  
167, -16.9817, 8.18292, 180.175, 0.999585, 0.0269188, 0.0102129, -0.0256387, 0.993642, -0.109624, -0.0130989, 0.109317, 0.993921, 0.00299043  
168, -16.9658, 8.58886, 180.19, 0.999569, 0.0277781, 0.0095352, -0.0265491, 0.993461, -0.111047, -0.0125575, 0.110745, 0.993769, 0.0028645  
169, -16.979, 8.97383, 180.187, 0.999581, 0.0270612, 0.0102386, -0.0256808, 0.992814, -0.116877, -0.0133279, 0.116565, 0.993094, 0.00292525  
170, -16.9559, 9.55025, 180.183, 0.999629, 0.02541, 0.00980728, -0.024061, 0.992576, -0.11922, -0.0127638, 0.118939, 0.992819, 0.0028265  
171, -16.8802, 10.1671, 180.239, 0.999584, 0.0267327, 0.0108004, -0.0252413, 0.992417, -0.120298, -0.0139344, 0.119976, 0.992679, 0.00291831  
172, -16.7733, 10.8472, 180.195, 0.999555, 0.0281791, 0.00976266, -0.0267187, 0.991599, -0.126557, -0.0132469, 0.12624, 0.991911, 0.00301068  
173, -16.6734, 11.4773, 180.194, 0.999503, 0.0293339, 0.0115822, -0.0275933, 0.991228, -0.129253, -0.0152721, 0.128869, 0.991544, 0.00287171  
174, -16.6325, 12.1306, 180.179, 0.999472, 0.0299906, 0.012476, -0.0280985, 0.990967, -0.131131, -0.0162959, 0.130711, 0.991287, 0.00305007  
175, -16.5778, 12.853, 180.202, 0.999462, 0.0301725, 0.012887, -0.0281791, 0.9906, -0.133857, -0.0168047, 0.133421, 0.990917, 0.0028387  
176, -16.5405, 13.659, 180.201, 0.999409, 0.0312436, 0.0143117, -0.0290322, 0.990441, -0.134847, -0.018388, 0.134351, 0.990763, 0.00277851  
177, -16.4841, 14.3407, 180.181, 0.999409, 0.0303128, 0.0162078, -0.0277657, 0.989872, -0.139221, -0.0202638, 0.138689, 0.990129, 0.00314299  
178, -16.3762, 15.1978, 180.195, 0.999476, 0.0286199, 0.0151069, -0.0262405, 0.989904, -0.139288, -0.0189408, 0.138819, 0.990137, 0.00280181  
179, -16.424, 16.0097, 180.134, 0.999454, 0.0289048, 0.0159967, -0.0263445, 0.989515, -0.14201, -0.0199337, 0.141511, 0.989736, 0.00293052  
180, -16.378, 16.9942, 180.085, 0.999458, 0.0289628, 0.0156462, -0.0264332, 0.989379, -0.142935, -0.0196198, 0.142443, 0.989608, 0.00285868  
181, -16.2699, 18.0883, 180.128, 0.999386, 0.0304852, 0.0172787, -0.027726, 0.989466, -0.142087, -0.0214283, 0.141521, 0.989703, 0.00278434  
182, -16.1545, 19.2003, 180.106, 0.999384, 0.0306419, 0.0171025, -0.0278783, 0.989275, -0.143381, -0.0213126, 0.142816, 0.98952, 0.00299737  
183, -16.1463, 20.3107, 180.121, 0.99931, 0.0321441, 0.0186122, -0.0290939, 0.98889, -0.145774, -0.0230912, 0.145132, 0.989143, 0.00279183  
184, -16.1102, 21.6612, 180.175, 0.999353, 0.0311641, 0.0179285, -0.0283096, 0.989471, -0.141935, -0.0221631, 0.141336, 0.989714, 0.0029111  
185, -16.1174, 22.9122, 180.15, 0.999277, 0.0333377, 0.01829, -0.0304155, 0.989439, -0.141721, -0.0228215, 0.141063, 0.989738, 0.00273857  
186, -16.1403, 24.2285, 180.145, 0.999324, 0.0325096, 0.0171816, -0.0297447, 0.989411, -0.142059, -0.0216179, 0.141452, 0.989709, 0.00279737  
187, -16.2585, 25.6082, 180.112, 0.999248, 0.0340676, 0.0185133, -0.0310984, 0.989367, -0.142078, -0.0231567, 0.141396, 0.989682, 0.00289806  
188, -16.3822, 27.0731, 180.119, 0.999355, 0.0317421, 0.0168154, -0.0290651, 0.989622, -0.140723, -0.0211078, 0.140143, 0.989906, 0.0027627  
189, -16.5312, 28.4874, 180.136, 0.999209, 0.0346715, 0.0194607, -0.0316284, 0.989735, -0.13937, -0.0240931, 0.138645, 0.990049, 0.00304064  
190, -16.6763, 29.9786, 180.132, 0.999326, 0.0321878, 0.017636, -0.0294564, 0.990023, -0.137792, -0.0218953, 0.137179, 0.990304, 0.00281097  
191, -16.8861, 31.4814, 180.103, 0.999199, 0.0361481, 0.0171643, -0.0334221, 0.989756, -0.138803, -0.0220059, 0.138118, 0.990171, 0.00284065  
192, -17.0368, 33.185, 180.128, 0.999305, 0.0333355, 0.0166609, -0.030717, 0.989918, -0.138271, -0.0211023, 0.137663, 0.990254, 0.00304951  
193, -17.1458, 34.8416, 180.167, 0.999328, 0.0330491, 0.0158484, -0.0305427, 0.989906, -0.138394, -0.0202622, 0.137817, 0.99025, 0.00279155  
194, -17.3044, 36.6675, 180.196, 0.999385, 0.0314163, 0.0155863, -0.0290255, 0.990396, -0.135179, -0.0196835, 0.134644, 0.990699, 0.0029466  
195, -17.4913, 38.3802, 180.159, 0.999306, 0.033438, 0.0164292, -0.0309172, 0.99035, -0.135099, -0.0207881, 0.134497, 0.990696, 0.00274911  
196, -17.6378, 40.1446, 180.277, 0.999383, 0.0319764, 0.0145542, -0.029719, 0.990372, -0.135207, -0.0187375, 0.134691, 0.99071, 0.00278545  
197, -17.7714, 42.0133, 180.308, 0.999331, 0.0334819, 0.0146848, -0.0312816, 0.990941, -0.130604, -0.0189247, 0.130057, 0.991326, 0.00293828  
198, -17.8928, 43.7555, 180.266, 0.999419, 0.0323297, 0.0107558, -0.0306494, 0.990951, -0.130677, -0.0148833, 0.130271, 0.991367, 0.00292968  
199, -18.0189, 45.7248, 180.273, 0.999374, 0.0341248, 0.00931294, -0.0327171, 0.99182, -0.123376, -0.013447, 0.122994, 0.992316, 0.00291415  
200, -18.1342, 47.6931, 180.166, 0.99943, 0.0326316, 0.00869824, -0.031399, 0.992705, -0.116406, -0.0124333, 0.116066, 0.993164, 0.00272637  
201, -18.2564, 49.7004, 180.129, 0.99944, 0.0320155, 0.00970439, -0.0307305, 0.993245, -0.111896, -0.0132213, 0.111536, 0.993672, 0.00278489  
202, -18.3171, 51.5667, 180.194, 0.99949, 0.0302784, 0.0101882, -0.0289267, 0.993103, -0.113625, -0.0135583, 0.113272, 0.993471, 0.00300458  
203, -18.4781, 53.6237, 180.281, 0.999554, 0.0272323, 0.0122605, -0.0256428, 0.993025, -0.115081, -0.0153089, 0.114715, 0.99328, 0.00279876  
204, -18.5469, 55.9034, 180.28, 0.999518, 0.0287074, 0.0118139, -0.0272246, 0.993474, -0.110766, -0.0149166, 0.110391, 0.993776, 0.00295964  
205, -18.6331, 58.1082, 180.186, 0.999517, 0.0293568, 0.0102212, -0.0280828, 0.993751, -0.108029, -0.0133287, 0.10769, 0.994095, 0.00275715  
206, -18.8086, 60.4103, 180.159, 0.999504, 0.0305281, 0.00770741, -0.02957, 0.994212, -0.103286, -0.0108159, 0.103006, 0.994622, 0.00299792  
207, -18.8839, 62.5954, 180.157, 0.999487, 0.0310636, 0.00775117, -0.0301383, 0.99457, -0.0996121, -0.0108034, 0.0993274, 0.994996, 0.00300014  
208, -18.8845, 64.7506, 180.256, 0.999535, 0.0289476, 0.00961257, -0.027908, 0.995108, -0.0947704, -0.0123089, 0.094458, 0.995453, 0.00278462  
209, -18.7535, 67.0844, 180.359, 0.999641, 0.0258663, 0.00703468, -0.0251143, 0.995482, -0.0915719, -0.00937153, 0.0913623, 0.995774, 0.00285729  
210, -18.7851, 69.4514, 180.292, 0.999587, 0.0274656, 0.00841316, -0.0266431, 0.995951, -0.085861, -0.0107373, 0.0856014, 0.996272, 0.00275272  
211, -18.7931, 71.8403, 180.212, 0.999502, 0.030321, 0.00878508, -0.0295017, 0.996208, -0.0818531, -0.0112336, 0.0815532, 0.996606, 0.00278045  
212, -18.7191, 74.3218, 180.263, 0.999554, 0.0291417, 0.0065268, -0.0285596, 0.996676, -0.0762943, -0.00872846, 0.0760739, 0.997064, 0.00289141  
213, -18.7569, 76.754, 180.234, 0.999624, 0.0262363, 0.00797952, -0.0255658, 0.996862, -0.0749112, -0.00991987, 0.074679, 0.997158, 0.00281235  
214, -18.6152, 79.0863, 180.403, 0.999641, 0.0257049, 0.00755155, -0.0251416, 0.997433, -0.0670487, -0.00925565, 0.0668348, 0.997721, 0.00294938  
215, -18.7507, 81.3688, 180.494, 0.999594, 0.0267795, 0.0097116, -0.0260827, 0.997485, -0.0659013, -0.011452, 0.0656213, 0.997779, 0.0027677  
216, -18.7646, 83.9537, 180.574, 0.999611, 0.0250755, 0.0121919, -0.0243089, 0.997938, -0.0594116, -0.0136565, 0.0590921, 0.998159, 0.00279238  
217, -18.7058, 86.311, 180.625, 0.999634, 0.0242798, 0.0119543, -0.0235464, 0.998034, -0.0580804, -0.013341, 0.0577777, 0.99824, 0.00285979  
218, -18.8436, 88.8919, 180.567, 0.999618, 0.0252374, 0.0112392, -0.0245771, 0.998159, -0.0554492, -0.0126179, 0.0551518, 0.998398, 0.00276492  
219, -18.8535, 91.4469, 180.499, 0.999588, 0.0261899, 0.0117105, -0.0255854, 0.998467, -0.0490863, -0.0129781, 0.0487665, 0.998726, 0.00287254  
220, -18.8601, 93.9227, 180.394, 0.999605, 0.0261303, 0.0103845, -0.0255945, 0.998483, -0.0487484, -0.0116425, 0.0484633, 0.998757, 0.00272831  
221, -18.9869, 96.4338, 180.445, 0.999585, 0.0253338, 0.013726, -0.0246927, 0.998681, -0.0450216, -0.0148485, 0.044664, 0.998892, 0.00278406  
222, -19.0851, 99.0252, 180.437, 0.99955, 0.0259822, 0.0149882, -0.0253799, 0.998914, -0.0390665, -0.0159869, 0.0386685, 0.999124, 0.00294078  
223, -19.0437, 101.531, 180.449, 0.999574, 0.0269152, 0.0113103, -0.0264588, 0.998899, -0.0387311, -0.0123403, 0.0384153, 0.999186, 0.00276326  
224, -19.1815, 104.363, 180.39, 0.99957, 0.0274429, 0.01032, -0.0270895, 0.99909, -0.0329531, -0.0112149, 0.0326594, 0.999404, 0.00283149  
225, -19.1774, 106.883, 180.43, 0.999582, 0.0269286, 0.0104966, -0.0266451, 0.9993, -0.0262664, -0.0111966, 0.0259757, 0.9996, 0.00273607  
226, -19.3589, 109.567, 180.43, 0.999612, 0.0252087, 0.0118571, -0.0250241, 0.999567, -0.0154681, -0.0122419, 0.0151654, 0.99981, 0.00278351  
227, -19.4489, 112.256, 180.403, 0.999568, 0.0273835, 0.0107049, -0.0272718, 0.999573, -0.0104446, -0.0109863, 0.0101481, 0.999888, 0.00292941  
228, -19.5524, 114.709, 180.389, 0.999546, 0.0284506, 0.00986759, -0.0283014, 0.999488, -0.0149404, -0.0102876, 0.0146544, 0.99984, 0.00275521  
229, -19.6714, 117.197, 180.517, 0.999575, 0.0261583, 0.0128849, -0.0260116, 0.999596, -0.011423, -0.0131785, 0.011083, 0.999852, 0.00283981  
230, -19.8068, 120.153, 180.581, 0.9995, 0.0266235, 0.0170549, -0.0266258, 0.999645, -9.33982e-005, -0.0170513, -0.000360749, 0.999855, 0.00272165  
231, -19.8213, 122.566, 180.449, 0.999562, 0.0260185, 0.0140933, -0.0259789, 0.999658, -0.00298322, -0.0141661, 0.00261578, 0.999896, 0.00284453  
232, -19.7565, 125.264, 180.485, 0.999625, 0.025008, 0.0111472, -0.0250306, 0.999685, 0.0018947, -0.0110964, -0.00217301, 0.999936, 0.00298017  
233, -19.8156, 127.707, 180.411, 0.999625, 0.0253867, 0.0102223, -0.0254708, 0.999642, 0.00817981, -0.010011, -0.00843712, 0.999914, 0.00307254  
234, -19.8425, 130.362, 180.467, 0.999584, 0.0254553, 0.0135444, -0.0256151, 0.999603, 0.0117583, -0.0132398, -0.0121004, 0.999839, 0.00282317  
235, -19.893, 132.69, 180.455, 0.999518, 0.0271659, 0.0150504, -0.0273744, 0.99953, 0.0138246, -0.0146677, -0.0142299, 0.999791, 0.00278767  
236, -19.9903, 135.195, 180.5, 0.99958, 0.0242089, 0.0159109, -0.0245137, 0.999514, 0.0192482, -0.0154372, -0.0196302, 0.999688, 0.00279543  
237, -20.0851, 137.555, 180.637, 0.999555, 0.0257511, 0.0150675, -0.0260071, 0.999516, 0.0170461, -0.0146212, -0.0174304, 0.999741, 0.00289279  
238, -20.0819, 139.968, 180.666, 0.999558, 0.0266724, 0.0131505, -0.0269137, 0.999466, 0.0185297, -0.0126492, -0.0188754, 0.999742, 0.00278572  
239, -20.2063, 142.417, 180.589, 0.999507, 0.0273027, 0.0155262, -0.0276553, 0.999354, 0.0229686, -0.0148891, -0.0233866, 0.999616, 0.00284508  
240, -20.2526, 144.734, 180.525, 0.999632, 0.0243843, 0.0119026, -0.0246526, 0.999433, 0.0229409, -0.0113364, -0.0232259, 0.999666, 0.00275466  
241, -20.2722, 147.262, 180.47, 0.999627, 0.0239207, 0.0132115, -0.0242364, 0.999411, 0.0242763, -0.012623, -0.0245874, 0.999618, 0.00280098  
242, -20.1746, 149.615, 180.425, 0.999652, 0.0222901, 0.0140951, -0.0226694, 0.999369, 0.0273468, -0.0134766, -0.0276568, 0.999527, 0.0030484  
243, -20.1643, 151.975, 180.318, 0.999675, 0.0217468, 0.0133211, -0.0221772, 0.999207, 0.0330602, -0.0125915, -0.0333449, 0.999365, 0.0027713  
244, -20.1361, 154.499, 180.326, 0.999643, 0.0213996, 0.0159978, -0.022039, 0.998919, 0.0409257, -0.0151047, -0.0412636, 0.999034, 0.00288503  
245, -20.0175, 156.869, 180.396, 0.999591, 0.0229676, 0.0170359, -0.0236122, 0.998974, 0.0386559, -0.0161306, -0.0390423, 0.999107, 0.00290001  
246, -19.9939, 159.244, 180.551, 0.999638, 0.0205553, 0.0173355, -0.0212337, 0.998978, 0.0399074, -0.0164975, -0.0402611, 0.999053, 0.00280514  
247, -19.9489, 161.597, 180.541, 0.999633, 0.0201865, 0.018093, -0.0209213, 0.998924, 0.0413899, -0.017238, -0.0417532, 0.998979, 0.00297906  
248, -19.841, 163.851, 180.617, 0.999633, 0.0188044, 0.0194776, -0.0196513, 0.998827, 0.0442433, -0.0186228, -0.0446098, 0.998831, 0.00284841  
249, -19.6752, 166.197, 180.675, 0.999531, 0.0189234, 0.02408, -0.0201253, 0.998512, 0.0506868, -0.023085, -0.0511476, 0.998424, 0.00303232  
250, -19.5629, 168.353, 180.657, 0.999519, 0.0204861, 0.0232938, -0.0215409, 0.998711, 0.0459699, -0.022322, -0.0464495, 0.998671, 0.00288031  
251, -19.471, 170.613, 180.623, 0.999503, 0.0205151, 0.0239212, -0.021656, 0.998591, 0.0484533, -0.0228934, -0.0489472, 0.998539, 0.00274967  
252, -19.3213, 172.81, 180.578, 0.999542, 0.0194895, 0.023136, -0.0206071, 0.998582, 0.0490921, -0.0221464, -0.0495464, 0.998526, 0.00284841  
253, -19.0701, 177.15, 180.587, 0.999449, 0.0195169, 0.0268627, -0.0207407, 0.998723, 0.0460598, -0.0259295, -0.0465915, 0.998577, 0.00269918  
254, -18.9375, 179.175, 180.665, 0.999366, 0.0178501, 0.0307972, -0.0193292, 0.99864, 0.0484169, -0.0298911, -0.0489815, 0.998352, 0.00279821  
255, -18.9022, 181.2, 180.653, 0.999364, 0.0163311, 0.031709, -0.017751, 0.998828, 0.0450281, -0.0309365, -0.0455624, 0.998482, 0.00294938  
256, -18.8399, 183.423, 180.733, 0.999312, 0.0167211, 0.0331099, -0.0182362, 0.998775, 0.0459993, -0.0323002, -0.0465714, 0.998393, 0.00307143  
257, -18.8142, 185.386, 180.75, 0.99937, 0.0162153, 0.0315764, -0.0174759, 0.999044, 0.0400619, -0.0308966, -0.0405885, 0.998698, 0.00288946  
258, -18.7659, 187.685, 180.836, 0.9992, 0.0184962, 0.0354471, -0.0200475, 0.998834, 0.0439183, -0.0345934, -0.0445938, 0.998406, 0.00317184  
259, -18.6829, 189.491, 180.862, 0.999222, 0.0175097, 0.0353476, -0.0188127, 0.999143, 0.036873, -0.0346717, -0.0375093, 0.998695, 0.00280681  
260, -18.6131, 191.548, 180.901, 0.999154, 0.0195875, 0.0361493, -0.0209587, 0.99906, 0.037949, -0.035372, -0.0386746, 0.998626, 0.00275438  
261, -18.5534, 193.364, 180.796, 0.999223, 0.0173282, 0.0354017, -0.0187806, 0.998978, 0.0411148, -0.0346531, -0.0417477, 0.998527, 0.00272747  
262, -18.5125, 195.211, 180.705, 0.999254, 0.0168976, 0.0347185, -0.0181377, 0.999197, 0.0357203, -0.034087, -0.0363233, 0.998759, 0.00269502  
263, -18.4023, 197.212, 180.713, 0.999187, 0.0173476, 0.0363816, -0.0186318, 0.999204, 0.0352596, -0.035741, -0.0359088, 0.998716, 0.00293939  
264, -18.1993, 199.142, 180.756, 0.999149, 0.0175412, 0.0373394, -0.0186994, 0.999348, 0.0308989, -0.036773, -0.0315708, 0.998825, 0.00285396  
265, -18.0884, 201.071, 180.84, 0.999029, 0.0182856, 0.0400905, -0.019658, 0.999225, 0.0341102, -0.0394357, -0.0348652, 0.998614, 0.0028154  
266, -18.0154, 202.93, 180.702, 0.999179, 0.0160868, 0.0371915, -0.0171528, 0.999446, 0.0285241, -0.036712, -0.0291386, 0.998901, 0.00323397  
267, -17.93, 204.901, 180.743, 0.999239, 0.0175731, 0.0348218, -0.0183758, 0.99957, 0.0228667, -0.034405, -0.0234892, 0.999132, 0.00288863  
268, -17.8282, 206.659, 180.773, 0.999273, 0.0164509, 0.0343918, -0.0171147, 0.999671, 0.0190963, -0.0340663, -0.019671, 0.999226, 0.00284869  
269, -17.8227, 208.482, 180.773, 0.999274, 0.0171296, 0.0340335, -0.0175849, 0.999759, 0.013124, -0.0338005, -0.0137129, 0.999335, 0.00285895  
270, -17.9698, 210.435, 180.796, 0.999174, 0.0161484, 0.0372965, -0.0169127, 0.999652, 0.0202684, -0.0369562, -0.0208825, 0.999099, 0.00278739  
271, -18.1451, 212.136, 180.753, 0.99921, 0.0171079, 0.0358797, -0.0176508, 0.999734, 0.0148684, -0.0356158, -0.01549, 0.999246, 0.00299126  
272, -18.2822, 214.058, 180.784, 0.999233, 0.0167281, 0.0354193, -0.0172403, 0.99975, 0.0142061, -0.0351728, -0.0148058, 0.999272, 0.00280375  
273, -18.4396, 215.865, 180.799, 0.999272, 0.0161339, 0.0345826, -0.0164539, 0.999824, 0.0089874, -0.0344315, -0.00954987, 0.999361, 0.00291942  
274, -18.6114, 217.786, 180.886, 0.999345, 0.0155064, 0.0326935, -0.0157304, 0.999854, 0.00660543, -0.0325863, -0.00711539, 0.999444, 0.00275854  
275, -18.8377, 219.551, 180.883, 0.999355, 0.0167255, 0.0317769, -0.0168291, 0.999854, 0.00299489, -0.0317221, -0.00352774, 0.999491, 0.00278101  
276, -19.1428, 221.268, 180.798, 0.999418, 0.0166971, 0.0297412, -0.0166276, 0.999858, -0.00258205, -0.0297801, 0.00208603, 0.999554, 0.00306976  
277, -19.5196, 223.3, 180.781, 0.999416, 0.0174963, 0.0293628, -0.0174743, 0.999847, -0.00100518, -0.0293759, 0.000491496, 0.999568, 0.00282067  
278, -19.854, 224.906, 180.658, 0.999404, 0.0181341, 0.0293572, -0.0179161, 0.99981, -0.00766919, -0.0294907, 0.00713865, 0.99954, 0.00296214  
