0, 0, 0, 0, 0, 0, 0, 0, 0, 0, 0, 0, 0, 0.00657778  
1, 0, 0, 0, 0, 0, 0, 0, 0, 0, 0, 0, 0, 0.00305672  
2, 1.1523, 7.70704, 180.246, 0.999187, -0.0368547, 0.016337, 0.0365077, 0.999112, 0.0210532, -0.0170984, -0.0204397, 0.999645, 0.0027677  
3, 1.1519, 7.70005, 180.254, 0.999181, -0.0369169, 0.016561, 0.0365636, 0.999107, 0.0211503, -0.017327, -0.0205275, 0.999639, 0.00277657  
4, 1.153, 7.69257, 180.256, 0.99917, -0.0372554, 0.0164436, 0.0369084, 0.9991, 0.0209237, -0.0172083, -0.0202995, 0.999646, 0.00309861  
5, 1.13457, 7.69099, 180.247, 0.999188, -0.0368554, 0.0162755, 0.0365017, 0.999102, 0.0215191, -0.0170539, -0.0209075, 0.999636, 0.00282567  
6, 1.1099, 7.68625, 180.244, 0.999173, -0.0366027, 0.0177189, 0.0362169, 0.99911, 0.0216229, -0.0184946, -0.0209633, 0.999609, 0.00288808  
7, 1.13013, 7.69882, 180.245, 0.999191, -0.0367082, 0.0164445, 0.0363652, 0.999124, 0.0206968, -0.0171898, -0.0200821, 0.999651, 0.00281651  
8, 1.12256, 7.71324, 180.249, 0.999189, -0.0365712, 0.0168784, 0.0362175, 0.999127, 0.0208101, -0.0176247, -0.0201819, 0.999641, 0.00288419  
9, 1.10591, 7.70964, 180.242, 0.999173, -0.0369091, 0.017062, 0.0365431, 0.999105, 0.0212834, -0.0178322, -0.0206423, 0.999628, 0.00322398  
10, 1.10982, 7.71488, 180.25, 0.999176, -0.0366054, 0.0175111, 0.0362167, 0.999101, 0.0220197, -0.0183014, -0.0213674, 0.999604, 0.00280126  
11, 1.11471, 7.72507, 180.263, 0.999182, -0.0367408, 0.0169213, 0.0363801, 0.999114, 0.0211506, -0.0176834, -0.0205177, 0.999633, 0.00293606  
12, 1.10698, 7.73202, 180.238, 0.999211, -0.0363966, 0.0158843, 0.0360725, 0.999144, 0.0202336, -0.0166072, -0.0196446, 0.999669, 0.00276575  
13, 1.07825, 7.70536, 180.231, 0.999184, -0.036589, 0.0171119, 0.0362233, 0.999118, 0.0212159, -0.0178731, -0.0205787, 0.999628, 0.00298821  
14, 1.09272, 7.73557, 180.242, 0.999207, -0.0362326, 0.0164998, 0.0358911, 0.999145, 0.0205391, -0.0172299, -0.0199306, 0.999653, 0.00349554  
15, 1.08288, 7.74312, 180.27, 0.999192, -0.0365265, 0.0167395, 0.0361878, 0.999143, 0.0201078, -0.0174596, -0.0194858, 0.999658, 0.00278129  
16, 1.07516, 7.73842, 180.27, 0.99922, -0.0360952, 0.0160438, 0.0357679, 0.999155, 0.0202401, -0.0167609, -0.0196505, 0.999666, 0.00285868  
17, 1.08431, 7.76146, 180.251, 0.999198, -0.0364523, 0.0165458, 0.0361093, 0.999136, 0.0205739, -0.0172815, -0.0199599, 0.999651, 0.0027774  
18, 1.06679, 7.76172, 180.232, 0.999208, -0.0362711, 0.016367, 0.0359318, 0.999142, 0.0205744, -0.0170992, -0.01997, 0.999654, 0.00286062  
19, 1.05523, 7.75779, 180.239, 0.999198, -0.0362685, 0.0169438, 0.0359045, 0.999128, 0.0213167, -0.0177022, -0.0206913, 0.999629, 0.00327308  
20, 1.03571, 7.78176, 180.254, 0.999171, -0.0370463, 0.0168767, 0.0366645, 0.999077, 0.0223984, -0.0176909, -0.0217611, 0.999607, 0.00276825  
21, 1.04477, 7.78141, 180.258, 0.999199, -0.0365554, 0.0163015, 0.0362087, 0.999122, 0.021083, -0.0170579, -0.0204758, 0.999645, 0.002981  
22, 1.04172, 7.79308, 180.262, 0.999189, -0.0367036, 0.0165876, 0.036353, 0.999119, 0.0209652, -0.0173425, -0.0203452, 0.999643, 0.00273663  
23, 1.03628, 7.77736, 180.248, 0.999197, -0.0363143, 0.0169193, 0.0359547, 0.999131, 0.0210946, -0.0176706, -0.0204694, 0.999634, 0.00279072  
24, 1.05287, 7.80646, 180.257, 0.999165, -0.0371555, 0.0169681, 0.0367915, 0.999096, 0.021284, -0.0177435, -0.0206419, 0.999629, 0.00321955  
25, 1.01906, 7.80968, 180.224, 0.999178, -0.0366705, 0.017297, 0.036269, 0.999078, 0.0229782, -0.0181237, -0.022332, 0.999586, 0.00289945  
26, 1.03905, 7.80509, 180.264, 0.999189, -0.0364534, 0.0171146, 0.0360692, 0.999102, 0.0222446, -0.0179101, -0.0216092, 0.999606, 0.00297379  
27, 1.03212, 7.78899, 180.251, 0.999213, -0.036182, 0.0162768, 0.0358217, 0.999118, 0.0219122, -0.0170553, -0.0213118, 0.999627, 0.00273108  
28, 1.04568, 7.81752, 180.234, 0.999204, -0.0363857, 0.0163723, 0.0360409, 0.999132, 0.0208794, -0.0171179, -0.0202727, 0.999648, 0.00286145  
29, 1.02795, 7.77818, 180.243, 0.999182, -0.0367422, 0.0168822, 0.0363688, 0.999098, 0.0219173, -0.0176723, -0.0212853, 0.999617, 0.00331802  
30, 1.0142, 7.7943, 180.222, 0.999151, -0.0373924, 0.0172924, 0.0370086, 0.999073, 0.0220084, -0.0180993, -0.0213498, 0.999608, 0.00290722  
31, 1.02263, 7.78824, 180.232, 0.999191, -0.0364869, 0.0168941, 0.036112, 0.999106, 0.0219894, -0.0176813, -0.0213615, 0.999615, 0.00296574  
32, 1.00447, 7.79496, 180.239, 0.999187, -0.036505, 0.0171231, 0.0361053, 0.999081, 0.0230961, -0.0179505, -0.0224591, 0.999587, 0.00303398  
33, 1.04295, 7.78998, 180.251, 0.999197, -0.036572, 0.0163624, 0.0362263, 0.999124, 0.0209439, -0.017114, -0.0203343, 0.999647, 0.00290306  
34, 1.04086, 7.77246, 180.264, 0.999211, -0.0361381, 0.0164641, 0.0357979, 0.999149, 0.0205085, -0.0171912, -0.0199029, 0.999654, 0.0034212  
35, 1.04203, 7.76252, 180.243, 0.999191, -0.0366461, 0.0165659, 0.0362938, 0.999119, 0.0210866, -0.0173241, -0.0204683, 0.99964, 0.00277075  
36, 1.05119, 7.74583, 180.251, 0.999193, -0.0367212, 0.0162735, 0.036373, 0.999113, 0.0211998, -0.0170376, -0.0205908, 0.999643, 0.00303287  
37, 1.04165, 7.7389, 180.248, 0.999211, -0.0359793, 0.0167997, 0.0356335, 0.999156, 0.0204457, -0.0175212, -0.0198309, 0.99965, 0.00292858  
38, 1.06776, 7.75056, 180.247, 0.99918, -0.0367731, 0.0169521, 0.0364004, 0.9991, 0.0217957, -0.0177383, -0.0211608, 0.999619, 0.00285757  
39, 1.05916, 7.74101, 180.24, 0.999189, -0.0364719, 0.017045, 0.0361139, 0.99913, 0.0208578, -0.0177909, -0.0202253, 0.999637, 0.00315159  
40, 1.06135, 7.72501, 180.238, 0.999204, -0.0362321, 0.0166896, 0.0358823, 0.999139, 0.0208059, -0.0174291, -0.0201905, 0.999644, 0.00276686  
41, 1.06979, 7.73748, 180.237, 0.999181, -0.0368572, 0.0167224, 0.0364975, 0.999106, 0.0213284, -0.0174936, -0.0207006, 0.999633, 0.00297074  
42, 1.06573, 7.7193, 180.235, 0.999178, -0.0368565, 0.0168716, 0.0364946, 0.999107, 0.0212749, -0.0176407, -0.0206417, 0.999631, 0.00279405  
43, 1.06601, 7.70694, 180.247, 0.999195, -0.0363875, 0.0168655, 0.036031, 0.99913, 0.0209788, -0.0176142, -0.0203543, 0.999638, 0.00288225  
44, 1.10834, 7.7224, 180.248, 0.999193, -0.0366108, 0.0165067, 0.0362778, 0.999141, 0.0200405, -0.0172262, -0.0194255, 0.999663, 0.00325616  
45, 1.09815, 7.71804, 180.229, 0.999194, -0.0365195, 0.01664, 0.0361582, 0.999114, 0.0215213, -0.0174112, -0.0209023, 0.99963, 0.00279682  
46, 1.10902, 7.72004, 180.236, 0.9992, -0.0364552, 0.0164663, 0.0361111, 0.999133, 0.0207296, -0.0172077, -0.0201184, 0.99965, 0.00304036  
47, 1.13284, 7.70813, 180.25, 0.999198, -0.036399, 0.0167128, 0.0360487, 0.999133, 0.020803, -0.0174556, -0.0201838, 0.999644, 0.00273469  
48, 1.12565, 7.72388, 180.242, 0.999209, -0.036227, 0.0164272, 0.0358815, 0.999138, 0.0208604, -0.0171688, -0.0202545, 0.999647, 0.00284342  
49, 1.12782, 7.71913, 180.258, 0.999187, -0.0364421, 0.0172634, 0.0360769, 0.999128, 0.021012, -0.018014, -0.0203721, 0.99963, 0.00334575  
50, 1.15086, 7.71747, 180.243, 0.999187, -0.0370714, 0.0158175, 0.036745, 0.999115, 0.0204521, -0.0165617, -0.0198543, 0.999666, 0.00289446  
51, 1.13957, 7.71322, 180.251, 0.999181, -0.0366775, 0.0170679, 0.0363038, 0.999105, 0.0217122, -0.017849, -0.0210748, 0.999619, 0.00284176  
52, 1.15486, 7.69778, 180.27, 0.999159, -0.0369078, 0.0178628, 0.0365261, 0.999107, 0.0212448, -0.018631, -0.0205744, 0.999615, 0.00275299  
53, 1.16409, 7.72982, 180.254, 0.999195, -0.0363095, 0.0170339, 0.0359608, 0.999146, 0.0203435, -0.0177581, -0.0197146, 0.999648, 0.00288003  
54, 1.14877, 7.70401, 180.252, 0.999171, -0.0365238, 0.0179931, 0.036138, 0.999119, 0.0213183, -0.0187559, -0.0206503, 0.999611, 0.00312274  
55, 1.16257, 7.72258, 180.269, 0.999176, -0.0364951, 0.0177534, 0.0361198, 0.999126, 0.0210189, -0.018505, -0.0203603, 0.999621, 0.00278434  
56, 1.14645, 7.71591, 180.248, 0.999172, -0.0367784, 0.0173973, 0.0364138, 0.99912, 0.0208308, -0.0181482, -0.0201801, 0.999632, 0.00282151  
57, 1.16252, 7.7262, 180.274, 0.999172, -0.0370798, 0.0167651, 0.0367332, 0.999114, 0.0205308, -0.0175115, -0.0198979, 0.999649, 0.0027627  
58, 1.14467, 7.74242, 180.264, 0.999172, -0.03691, 0.0170937, 0.0365436, 0.999106, 0.0212729, -0.0178636, -0.0206306, 0.999628, 0.00287421  
59, 1.13767, 7.72896, 180.259, 0.999168, -0.0367458, 0.0176803, 0.0363712, 0.999116, 0.0210578, -0.0184384, -0.0203972, 0.999622, 0.00319125  
60, 1.16361, 7.73511, 180.25, 0.999186, -0.0365488, 0.0170994, 0.0361955, 0.999134, 0.0205332, -0.017835, -0.0198975, 0.999643, 0.0030484  
61, 1.15374, 7.7369, 180.259, 0.999173, -0.0368884, 0.0171112, 0.0365248, 0.99911, 0.0210972, -0.0178742, -0.0204547, 0.999631, 0.00318709  
62, 1.13433, 7.74467, 180.245, 0.999171, -0.036788, 0.0174125, 0.0364196, 0.999116, 0.021018, -0.0181703, -0.0203664, 0.999627, 0.00280819  
63, 1.12672, 7.75485, 180.247, 0.999173, -0.036751, 0.0174152, 0.036373, 0.999106, 0.0215451, -0.0181915, -0.0208938, 0.999616, 0.00282511  
64, 1.11667, 7.73153, 180.243, 0.999192, -0.0363321, 0.017156, 0.0359674, 0.99913, 0.0211129, -0.0179082, -0.0204787, 0.99963, 0.00307143  
65, 1.09465, 7.73914, 180.259, 0.99916, -0.0371105, 0.0173948, 0.0367376, 0.999098, 0.0212919, -0.0181693, -0.020635, 0.999622, 0.00276742  
66, 1.11292, 7.75043, 180.253, 0.999201, -0.0363031, 0.0166962, 0.035962, 0.999147, 0.020295, -0.0174187, -0.0196784, 0.999655, 0.00281707  
67, 1.09687, 7.75679, 180.238, 0.999215, -0.0363219, 0.0158358, 0.0360092, 0.999159, 0.0196035, -0.0165345, -0.0190179, 0.999682, 0.00271749  
68, 1.08083, 7.75369, 180.249, 0.999192, -0.0365508, 0.0167429, 0.0362091, 0.999138, 0.0202785, -0.0174697, -0.0196558, 0.999654, 0.00277962  
69, 1.07147, 7.73728, 180.232, 0.99919, -0.0366298, 0.0166606, 0.0362703, 0.999113, 0.0213929, -0.0174295, -0.0207712, 0.999632, 0.00320873  
70, 1.06305, 7.739, 180.242, 0.999207, -0.0359007, 0.017235, 0.0355346, 0.999146, 0.0210964, -0.0179776, -0.0204672, 0.999629, 0.00285451  
71, 1.05499, 7.7536, 180.248, 0.999186, -0.0365692, 0.0170451, 0.0362014, 0.999115, 0.0214045, -0.0178128, -0.02077, 0.999626, 0.00282484  
72, 1.04738, 7.74828, 180.242, 0.9992, -0.0364993, 0.0163571, 0.0361709, 0.999147, 0.0199417, -0.017071, -0.0193341, 0.999667, 0.00270196  
73, 1.05502, 7.7524, 180.26, 0.999224, -0.0358065, 0.0164127, 0.0354565, 0.999148, 0.0211439, -0.0171558, -0.0205456, 0.999642, 0.00285535  
74, 1.03563, 7.73503, 180.238, 0.999213, -0.0358653, 0.0169646, 0.0355031, 0.999145, 0.021192, -0.0177101, -0.020573, 0.999631, 0.00306005  
75, 1.03879, 7.74258, 180.256, 0.999183, -0.0368051, 0.0167132, 0.0364627, 0.999128, 0.0203494, -0.0174476, -0.0197234, 0.999653, 0.00291471  
76, 1.01078, 7.74965, 180.23, 0.999198, -0.0362353, 0.0170247, 0.035869, 0.999128, 0.0213521, -0.0177836, -0.0207243, 0.999627, 0.0028645  
77, 1.02589, 7.75542, 180.261, 0.99921, -0.0362202, 0.0163603, 0.035879, 0.999142, 0.0206912, -0.0170957, -0.0200878, 0.999652, 0.00278794  
78, 1.02441, 7.74799, 180.25, 0.999217, -0.0359412, 0.0165356, 0.0355802, 0.999133, 0.021631, -0.0172987, -0.0210257, 0.999629, 0.00314937  
79, 1.0236, 7.75828, 180.242, 0.9992, -0.0363659, 0.0166425, 0.036011, 0.999128, 0.0211508, -0.0173972, -0.0205345, 0.999638, 0.00274717  
80, 0.999837, 7.77124, 180.248, 0.99919, -0.0362921, 0.0173899, 0.0359143, 0.999122, 0.0215665, -0.0181573, -0.0209245, 0.999616, 0.00284924  
81, 1.02211, 7.77067, 180.237, 0.999206, -0.0361321, 0.0168119, 0.0357805, 0.999144, 0.0207683, -0.0175479, -0.0201503, 0.999643, 0.00278129  
82, 1.02874, 7.78931, 180.246, 0.99918, -0.0368799, 0.0167301, 0.0365153, 0.9991, 0.0215982, -0.0175116, -0.0209696, 0.999627, 0.00276853  
83, 1.03416, 7.77876, 180.25, 0.999221, -0.0360052, 0.0161854, 0.0356662, 0.999148, 0.0207691, -0.0169194, -0.0201756, 0.999653, 0.00299958  
84, 1.04198, 7.76893, 180.233, 0.99918, -0.0367539, 0.0169773, 0.0363931, 0.999115, 0.0210905, -0.0177374, -0.0204553, 0.999633, 0.00278184  
85, 1.04986, 7.72529, 180.22, 0.999195, -0.0365372, 0.0165787, 0.0361885, 0.999127, 0.0208693, -0.0173267, -0.0202526, 0.999645, 0.00279432  
86, 1.07393, 7.65658, 180.247, 0.999182, -0.0367234, 0.0169042, 0.0364178, 0.999174, 0.0180429, -0.0175529, -0.0174125, 0.999694, 0.00286339  
87, 1.09241, 7.57744, 180.257, 0.999175, -0.0366696, 0.0174754, 0.0363995, 0.999217, 0.015535, -0.0180314, -0.0148861, 0.999727, 0.00284397  
88, 1.08543, 7.51562, 180.275, 0.999142, -0.0368181, 0.0189409, 0.0365398, 0.999222, 0.0148372, -0.0194725, -0.0141324, 0.999711, 0.00331607  
89, 1.13582, 7.47469, 180.27, 0.999157, -0.0368794, 0.0180163, 0.0366941, 0.999271, 0.0105094, -0.0183908, -0.00983944, 0.999782, 0.00281208  
90, 1.1846, 7.41263, 180.3, 0.999112, -0.0378578, 0.0184687, 0.0376707, 0.999236, 0.0103768, -0.0188475, -0.00967182, 0.999776, 0.00283787  
91, 1.2136, 7.33382, 180.306, 0.999141, -0.0368535, 0.0189437, 0.0367241, 0.9993, 0.00713169, -0.0191933, -0.00642988, 0.999795, 0.00275521  
92, 1.2332, 7.26503, 180.339, 0.999101, -0.0376715, 0.0194663, 0.0375765, 0.99928, 0.00522312, -0.0196491, -0.00448694, 0.999797, 0.00277824  
93, 1.26872, 7.20434, 180.34, 0.999083, -0.0375992, 0.0204798, 0.0375565, 0.999291, 0.00246903, -0.0205581, -0.00169762, 0.999787, 0.00355961  
94, 1.2974, 7.12309, 180.355, 0.999077, -0.03783, 0.0203467, 0.0378523, 0.999283, -0.000712402, -0.0203051, 0.00148191, 0.999793, 0.00282178  
95, 1.3657, 7.01287, 180.389, 0.999091, -0.0368138, 0.0214826, 0.0368925, 0.999314, -0.00327571, -0.0213472, 0.00406528, 0.999764, 0.00289612  
96, 1.32575, 6.9666, 180.411, 0.99912, -0.0365937, 0.0205205, 0.036781, 0.999284, -0.0088263, -0.0201828, 0.0095733, 0.99975, 0.00284314  
97, 1.36102, 6.82182, 180.421, 0.999132, -0.0356956, 0.0214661, 0.0359732, 0.999272, -0.0126851, -0.0209977, 0.0134463, 0.999689, 0.00290722  
98, 1.41014, 6.73867, 180.436, 0.999142, -0.0358227, 0.0207714, 0.0361848, 0.999195, -0.0173226, -0.0201341, 0.0180593, 0.999634, 0.00327225  
99, 1.42689, 6.65149, 180.468, 0.999139, -0.035722, 0.0211133, 0.0362006, 0.999086, -0.0227386, -0.0202817, 0.0234833, 0.999518, 0.00286145  
100, 1.44487, 6.5906, 180.514, 0.999143, -0.03553, 0.0212429, 0.0360815, 0.999006, -0.0261704, -0.020292, 0.0269145, 0.999432, 0.00296131  
101, 1.40834, 6.57332, 180.51, 0.999158, -0.0346107, 0.0220227, 0.0352687, 0.998921, -0.0302232, -0.0209529, 0.0309745, 0.999301, 0.0028179  
102, 1.41183, 6.54375, 180.527, 0.999159, -0.0344741, 0.0222209, 0.0351791, 0.998864, -0.0321573, -0.021087, 0.032912, 0.999236, 0.00279654  
103, 1.43833, 6.5194, 180.546, 0.99915, -0.0349872, 0.0217866, 0.0357915, 0.998648, -0.0376946, -0.0204383, 0.0384423, 0.999052, 0.00338459  
104, 1.44396, 6.47999, 180.574, 0.999131, -0.0345266, 0.0233319, 0.0354677, 0.998521, -0.0412055, -0.0218747, 0.0419972, 0.998878, 0.00285535  
105, 1.42273, 6.38808, 180.554, 0.999158, -0.0345654, 0.0220809, 0.0355799, 0.998245, -0.0473339, -0.0204061, 0.0480797, 0.998635, 0.00296186  
106, 1.38847, 6.255, 180.558, 0.99909, -0.0355642, 0.0235393, 0.0368063, 0.997828, -0.0546281, -0.0215454, 0.0554448, 0.998229, 0.00285562  
107, 1.32497, 6.28205, 180.56, 0.999089, -0.0353382, 0.0239196, 0.0366463, 0.997721, -0.0566557, -0.021863, 0.0574806, 0.998107, 0.00276908  
108, 1.30807, 6.32761, 180.549, 0.999139, -0.0345041, 0.0230495, 0.0358279, 0.997572, -0.0597276, -0.0209327, 0.060502, 0.997949, 0.00301484  
109, 1.26998, 6.3578, 180.558, 0.999129, -0.0341195, 0.0240352, 0.0355683, 0.9974, -0.0626802, -0.0218341, 0.0634805, 0.997744, 0.00290777  
110, 1.18242, 6.34952, 180.575, 0.999166, -0.0335404, 0.0232681, 0.0350357, 0.997128, -0.0671503, -0.020949, 0.0679095, 0.997472, 0.00297989  
111, 1.14817, 6.38042, 180.553, 0.999184, -0.0334398, 0.0226654, 0.0349919, 0.996794, -0.0719466, -0.0201869, 0.072681, 0.997151, 0.00278989  
112, 1.0607, 6.33093, 180.534, 0.99922, -0.0326861, 0.0221535, 0.034303, 0.996438, -0.0770356, -0.0195566, 0.0777355, 0.996782, 0.00289141  
113, 1.01287, 6.34077, 180.506, 0.999237, -0.0326617, 0.0214246, 0.0342806, 0.996194, -0.0801435, -0.0187255, 0.0808168, 0.996553, 0.00319985  
114, 0.908079, 6.44864, 180.481, 0.999239, -0.0328119, 0.0210868, 0.0344704, 0.995885, -0.0838098, -0.0182501, 0.0844729, 0.996259, 0.00280348  
115, 0.870283, 6.55213, 180.491, 0.999273, -0.0322229, 0.0203768, 0.0338947, 0.995556, -0.0878614, -0.0174551, 0.0884882, 0.995924, 0.00302039  
116, 0.768656, 6.6777, 180.483, 0.99928, -0.0319849, 0.0203956, 0.0337044, 0.995331, -0.0904413, -0.0174076, 0.0910636, 0.995693, 0.00272637  
117, 0.647702, 6.77029, 180.446, 0.999327, -0.0311512, 0.0193451, 0.0328213, 0.995121, -0.0930466, -0.0163522, 0.0936189, 0.995474, 0.00278517  
118, 0.575666, 6.84868, 180.447, 0.999304, -0.0319493, 0.0192763, 0.0336861, 0.994639, -0.0977724, -0.0160492, 0.0983537, 0.995022, 0.0031502  
119, 0.456072, 6.9307, 180.407, 0.999331, -0.0314725, 0.0186368, 0.0332548, 0.993953, -0.104651, -0.0152304, 0.105201, 0.994334, 0.00276076  
120, 0.396728, 7.24565, 180.408, 0.999352, -0.0308227, 0.0185768, 0.0326107, 0.993915, -0.105208, -0.015221, 0.105746, 0.994277, 0.00284065  
121, 0.305513, 7.48718, 180.384, 0.999339, -0.0313972, 0.0183153, 0.0331981, 0.993582, -0.108134, -0.0148027, 0.10867, 0.993968, 0.00277352  
122, 0.213618, 7.84314, 180.339, 0.999345, -0.0311818, 0.0183873, 0.0330156, 0.993413, -0.109726, -0.0148447, 0.110261, 0.993792, 0.00280015  
123, 0.137187, 8.17153, 180.192, 0.999147, -0.0336882, 0.0238667, 0.0362857, 0.992303, -0.118399, -0.0196944, 0.119164, 0.992679, 0.00306199  
124, 0.0577945, 8.54542, 180.151, 0.999121, -0.0341668, 0.0242825, 0.0369071, 0.991695, -0.123201, -0.0198714, 0.123989, 0.992085, 0.00275188  
125, -0.00201333, 8.82231, 180.342, 0.999296, -0.0321515, 0.0193242, 0.0342517, 0.992116, -0.120553, -0.0152959, 0.12113, 0.992519, 0.00301151  
126, -0.0723018, 9.28523, 180.306, 0.99925, -0.0330447, 0.020205, 0.0353087, 0.991593, -0.124488, -0.0159215, 0.125108, 0.992015, 0.00269724  
127, -0.164668, 10.0269, 180.13, 0.999031, -0.0350705, 0.0266062, 0.038277, 0.99057, -0.131555, -0.0217416, 0.132446, 0.990952, 0.00285146  
128, -0.221247, 10.6632, 180.105, 0.999036, -0.0343692, 0.0273047, 0.0377453, 0.990168, -0.134691, -0.022407, 0.135592, 0.990511, 0.00316962  
129, -0.217684, 11.1346, 180.279, 0.999242, -0.0332306, 0.0202969, 0.0356421, 0.990462, -0.133094, -0.0156805, 0.133717, 0.990896, 0.00273219  
130, -0.26295, 12.0651, 180.096, 0.999104, -0.0339191, 0.0253132, 0.037145, 0.98941, -0.140317, -0.0202857, 0.141131, 0.989783, 0.00301262  
131, -0.192999, 12.8467, 180.2, 0.999329, -0.0316455, 0.0184613, 0.0338997, 0.989802, -0.138357, -0.0138946, 0.13889, 0.99021, 0.00270334  
132, -0.19513, 13.7034, 180.204, 0.999359, -0.0311788, 0.0176144, 0.0333061, 0.989967, -0.137318, -0.0131562, 0.137817, 0.99037, 0.00277796  
133, -0.178294, 14.6343, 180.174, 0.999337, -0.0310416, 0.0190059, 0.0333388, 0.990184, -0.135736, -0.0146059, 0.136279, 0.990563, 0.00308363  
134, -0.144667, 15.5163, 180.161, 0.999384, -0.0304274, 0.0174709, 0.0325511, 0.989896, -0.138007, -0.0130952, 0.138491, 0.990277, 0.00277102  
135, -0.21276, 16.4921, 180.139, 0.999294, -0.0309891, 0.0212612, 0.0335976, 0.990148, -0.135934, -0.0168392, 0.136552, 0.99049, 0.00300596  
136, -0.181378, 17.4274, 180.2, 0.999332, -0.0305348, 0.0200895, 0.0330291, 0.989803, -0.138561, -0.0156537, 0.139132, 0.99015, 0.00273164  
137, -0.169995, 18.3082, 180.255, 0.999217, -0.0309824, 0.0246007, 0.0341734, 0.989254, -0.142158, -0.019932, 0.142888, 0.989538, 0.00278794  
138, -0.335219, 19.2316, 180.269, 0.999105, -0.0344292, 0.0245816, 0.0375432, 0.989421, -0.14013, -0.019497, 0.140927, 0.989828, 0.00316851  
139, -0.249963, 20.4225, 180.311, 0.999135, -0.0328452, 0.0254875, 0.0361053, 0.989455, -0.140272, -0.0206115, 0.141071, 0.989785, 0.00275993  
140, -0.250215, 21.6985, 180.327, 0.999127, -0.0325961, 0.0261446, 0.0358931, 0.989841, -0.137571, -0.0213948, 0.138389, 0.990147, 0.00302954  
141, -0.263377, 22.9502, 180.352, 0.999106, -0.0320504, 0.02756, 0.0354827, 0.990247, -0.134731, -0.0229731, 0.135588, 0.990499, 0.00270528  
142, -0.262364, 24.2495, 180.342, 0.999052, -0.033236, 0.0281306, 0.0367156, 0.990314, -0.133901, -0.0234078, 0.134807, 0.990595, 0.0027677  
143, -0.411783, 25.624, 180.254, 0.999004, -0.0335441, 0.0294393, 0.03723, 0.990118, -0.135202, -0.0246131, 0.136163, 0.990381, 0.00302455  
144, -0.413991, 27.0303, 180.33, 0.998834, -0.0358202, 0.0323587, 0.0399619, 0.989619, -0.138046, -0.027078, 0.139178, 0.989897, 0.00275937  
145, -0.249169, 28.4588, 180.499, 0.998887, -0.0356702, 0.0308547, 0.0397546, 0.988794, -0.143898, -0.0253761, 0.144965, 0.989111, 0.00302316  
146, -0.32513, 29.9582, 180.433, 0.998912, -0.0341255, 0.0317818, 0.0383633, 0.988831, -0.14402, -0.0265121, 0.145083, 0.989064, 0.00272082  
147, -0.424991, 31.5133, 180.404, 0.998871, -0.0347267, 0.0324262, 0.0388894, 0.989654, -0.1381, -0.027295, 0.139205, 0.989887, 0.00293024  
148, -0.474777, 33.1177, 180.405, 0.998902, -0.0343922, 0.0318077, 0.0383074, 0.990504, -0.132036, -0.0269647, 0.133109, 0.990734, 0.00312413  
149, -0.566853, 34.7653, 180.332, 0.999003, -0.03203, 0.0310855, 0.0358645, 0.990618, -0.131873, -0.02657, 0.132856, 0.990779, 0.00272637  
150, -0.680362, 36.3873, 180.251, 0.99902, -0.0311959, 0.0314079, 0.0350653, 0.990719, -0.131323, -0.0270197, 0.132295, 0.990842, 0.00283038  
151, -0.763233, 38.0975, 180.333, 0.998922, -0.0317706, 0.033851, 0.0358711, 0.991078, -0.128364, -0.0294708, 0.12944, 0.991149, 0.00273829  
152, -0.772883, 39.8167, 180.404, 0.998873, -0.0321079, 0.0349423, 0.0363185, 0.991182, -0.127435, -0.0305425, 0.128561, 0.991231, 0.00281429  
153, -0.811937, 41.8149, 180.444, 0.998838, -0.0317269, 0.0362817, 0.0360487, 0.991446, -0.125444, -0.0319914, 0.126606, 0.991437, 0.00306865  
154, -0.906728, 43.632, 180.366, 0.998895, -0.0309044, 0.0354094, 0.0351331, 0.991433, -0.125803, -0.0312182, 0.126908, 0.991423, 0.00275965  
155, -1.00858, 45.6602, 180.378, 0.998914, -0.031639, 0.0342005, 0.0356521, 0.99165, -0.123934, -0.0299938, 0.125019, 0.991701, 0.00284536  
156, -1.09671, 47.7283, 180.388, 0.998944, -0.0321051, 0.0328519, 0.0358008, 0.992259, -0.11891, -0.02878, 0.11996, 0.992361, 0.00271277  
157, -1.21649, 49.935, 180.421, 0.998926, -0.0337635, 0.0317238, 0.0371798, 0.992771, -0.114123, -0.0276412, 0.11518, 0.99296, 0.00278878  
158, -1.38599, 51.9416, 180.461, 0.998932, -0.0338938, 0.0314139, 0.0372271, 0.992961, -0.11244, -0.0273817, 0.11349, 0.993162, 0.0030717  
159, -1.62186, 54.0996, 180.475, 0.99891, -0.0329278, 0.0330864, 0.036307, 0.993559, -0.107345, -0.0293386, 0.10843, 0.993671, 0.00279932  
160, -1.8467, 56.3399, 180.367, 0.998838, -0.034082, 0.0340701, 0.0375354, 0.993606, -0.106477, -0.0302233, 0.107633, 0.993731, 0.00298405  
161, -2.55489, 58.3026, 180.311, 0.99887, -0.0362571, 0.0307305, 0.0390959, 0.994471, -0.0974641, -0.0270268, 0.0985554, 0.994764, 0.0027333  
162, -2.90419, 60.7093, 180.349, 0.998894, -0.0360541, 0.0301712, 0.0386519, 0.995148, -0.0904813, -0.0267625, 0.0915474, 0.995441, 0.00283232  
163, -3.31995, 62.9392, 180.381, 0.998976, -0.0343409, 0.0294546, 0.0367554, 0.995636, -0.0857816, -0.0263802, 0.0867763, 0.995878, 0.00314049  
164, -3.71422, 65.1034, 180.291, 0.998863, -0.0360326, 0.0312134, 0.0387061, 0.99521, -0.0897733, -0.0278291, 0.0908794, 0.995473, 0.00275993  
165, -4.17473, 67.4677, 180.329, 0.998869, -0.0356883, 0.0314264, 0.0382484, 0.995644, -0.0850324, -0.0282549, 0.0861382, 0.995882, 0.00285091  
166, -4.5032, 69.8208, 180.403, 0.999007, -0.0353735, 0.0270779, 0.0375117, 0.995841, -0.0830243, -0.0240284, 0.0839576, 0.99618, 0.00271555  
167, -4.91039, 72.1956, 180.456, 0.999014, -0.036128, 0.0257955, 0.0379776, 0.996442, -0.075237, -0.0229855, 0.0761425, 0.996832, 0.00279294  
168, -5.25479, 74.4584, 180.49, 0.99909, -0.0358191, 0.0231762, 0.0373548, 0.996873, -0.0696268, -0.0206097, 0.0704291, 0.997304, 0.00307115  
169, -5.62568, 77.0019, 180.547, 0.999113, -0.035566, 0.0225341, 0.0369371, 0.997287, -0.0636729, -0.0202084, 0.0644488, 0.997716, 0.00279821  
170, -5.98461, 79.3306, 180.555, 0.99912, -0.0351887, 0.0228113, 0.0365239, 0.997467, -0.0610312, -0.0206059, 0.0618107, 0.997875, 0.00300458  
171, -6.07186, 81.7337, 180.587, 0.999206, -0.0350059, 0.0190033, 0.0360893, 0.997544, -0.0600281, -0.0168553, 0.0606663, 0.998016, 0.00273885  
172, -6.60895, 84.386, 180.56, 0.999178, -0.0362398, 0.0181417, 0.037198, 0.997759, -0.0556097, -0.0160857, 0.0562388, 0.998288, 0.00278656  
173, -6.91158, 86.7712, 180.581, 0.999236, -0.0354629, 0.0164128, 0.0362481, 0.998076, -0.0503104, -0.014597, 0.0508669, 0.998599, 0.00319014  
174, -7.21729, 89.0941, 180.613, 0.999161, -0.0383506, 0.0144055, 0.0390071, 0.998064, -0.0484509, -0.0125195, 0.0489721, 0.998722, 0.00274939  
175, -7.67432, 91.572, 180.579, 0.999191, -0.0377872, 0.0137531, 0.0383242, 0.998418, -0.0411397, -0.0121768, 0.0416335, 0.999059, 0.00293163  
176, -7.85983, 94.2078, 180.516, 0.999126, -0.0407965, 0.00914161, 0.0410838, 0.998583, -0.0338269, -0.00774864, 0.0341729, 0.999386, 0.00275355  
177, -8.22629, 96.6909, 180.467, 0.999192, -0.0395787, 0.00694931, 0.0398003, 0.998582, -0.0353445, -0.00554057, 0.0355925, 0.999351, 0.00278989  
178, -8.55668, 99.338, 180.401, 0.99918, -0.0401746, 0.00493423, 0.0403107, 0.998688, -0.0315658, -0.00365962, 0.0317389, 0.999489, 0.00334298  
179, -8.84974, 101.97, 180.438, 0.999219, -0.038722, 0.00792455, 0.0388924, 0.998987, -0.0226156, -0.0070408, 0.0229061, 0.999713, 0.00274828  
180, -8.96308, 104.419, 180.44, 0.999116, -0.0413704, 0.00741187, 0.041512, 0.998936, -0.0201039, -0.00657227, 0.0203938, 0.99977, 0.00290361  
181, -9.30567, 107.164, 180.523, 0.999116, -0.041205, 0.00832128, 0.0412694, 0.999118, -0.00772801, -0.00799551, 0.0080646, 0.999936, 0.00277685  
182, -9.40187, 109.608, 180.672, 0.999083, -0.0421368, 0.00765636, 0.0421372, 0.999112, 0.000112215, -0.00765429, 0.000210505, 0.999971, 0.00278101  
183, -9.65326, 112.056, 180.765, 0.999032, -0.0429672, 0.00940799, 0.0429229, 0.999067, 0.00486245, -0.00960813, -0.00445392, 0.999944, 0.00324285  
184, -9.78053, 114.522, 180.772, 0.999079, -0.0416604, 0.0102524, 0.0416053, 0.999119, 0.00553268, -0.0104739, -0.00510103, 0.999932, 0.00275688  
185, -9.99128, 117.117, 180.761, 0.999107, -0.0415639, 0.00760766, 0.0414764, 0.999075, 0.0113263, -0.00807139, -0.0110007, 0.999907, 0.00293745  
186, -10.1031, 119.332, 180.693, 0.999071, -0.0423979, 0.00767359, 0.042336, 0.999071, 0.00805095, -0.00800781, -0.0077186, 0.999938, 0.00277713  
187, -10.3657, 122.077, 180.664, 0.99904, -0.0422443, 0.011614, 0.0420219, 0.99894, 0.0187696, -0.0123946, -0.0182636, 0.999756, 0.00287421  
188, -10.7517, 124.157, 180.537, 0.999169, -0.0393681, 0.0105209, 0.0392629, 0.999179, 0.0100258, -0.0109069, -0.00960437, 0.999894, 0.00299515  
189, -11.0876, 126.696, 180.568, 0.999198, -0.0391577, 0.00833789, 0.039033, 0.999131, 0.014628, -0.00890344, -0.0142908, 0.999858, 0.00283732  
190, -11.2998, 129.344, 180.565, 0.99921, -0.0382859, 0.0106681, 0.0380261, 0.998999, 0.0235767, -0.0115601, -0.0231524, 0.999665, 0.00292663  
191, -11.4601, 131.678, 180.602, 0.999175, -0.0391103, 0.0109033, 0.0388304, 0.998938, 0.0247937, -0.0118614, -0.0243498, 0.999633, 0.00284924  
192, -11.741, 134.324, 180.578, 0.999252, -0.0367646, 0.0120135, 0.0364117, 0.998934, 0.0283846, -0.0130443, -0.0279259, 0.999525, 0.00281263  
193, -11.8364, 136.722, 180.631, 0.999241, -0.0368172, 0.0126964, 0.0364354, 0.998912, 0.0290928, -0.0137538, -0.0286082, 0.999496, 0.00328445  
194, -11.9862, 139.061, 180.614, 0.999189, -0.0383717, 0.0121814, 0.0380276, 0.998903, 0.0273222, -0.0132164, -0.0268368, 0.999552, 0.00284814  
195, -12.1741, 141.612, 180.556, 0.999194, -0.0385851, 0.0110398, 0.0382345, 0.998807, 0.03038, -0.0121988, -0.0299334, 0.999477, 0.00297573  
196, -12.1983, 143.99, 180.646, 0.999153, -0.0396043, 0.0111965, 0.0391611, 0.998534, 0.037368, -0.01266, -0.0368979, 0.999239, 0.00278101  
197, -12.5245, 146.178, 180.522, 0.999233, -0.0371271, 0.0124578, 0.0366826, 0.998742, 0.0341894, -0.0137115, -0.0337062, 0.999338, 0.00280514  
198, -12.6556, 148.557, 180.53, 0.999172, -0.0384011, 0.0134627, 0.0378011, 0.99839, 0.0422971, -0.0150653, -0.0417532, 0.999014, 0.0030251  
199, -12.8053, 150.737, 180.479, 0.999163, -0.0386505, 0.0134052, 0.0381207, 0.99856, 0.037752, -0.014845, -0.0372094, 0.999197, 0.00286533  
200, -13.0073, 153.062, 180.534, 0.999164, -0.0384326, 0.0139533, 0.0377949, 0.998342, 0.0434063, -0.0155984, -0.0428427, 0.99896, 0.00295936  
201, -13.2114, 155.096, 180.494, 0.999147, -0.0384606, 0.0150491, 0.037809, 0.998426, 0.0414209, -0.0166184, -0.0408166, 0.999028, 0.00282733  
202, -13.3637, 157.343, 180.624, 0.999125, -0.0398586, 0.0127018, 0.0393014, 0.998367, 0.0414537, -0.0143333, -0.0409182, 0.99906, 0.00273718  
203, -13.5133, 159.695, 180.653, 0.99917, -0.0381893, 0.0142082, 0.0375078, 0.998261, 0.0454833, -0.0159204, -0.0449126, 0.998864, 0.0033366  
204, -13.6354, 161.661, 180.655, 0.999154, -0.0385409, 0.0143783, 0.0379778, 0.998572, 0.0375699, -0.0158058, -0.036992, 0.999191, 0.00277186  
205, -13.8083, 163.949, 180.74, 0.999031, -0.0401045, 0.018157, 0.0391789, 0.998043, 0.0487454, -0.0200764, -0.0479867, 0.998646, 0.00304674  
206, -13.8654, 165.855, 180.665, 0.998948, -0.0423525, 0.0175587, 0.0414982, 0.998058, 0.0464563, -0.0194921, -0.0456788, 0.998766, 0.0027444  
207, -13.9857, 167.976, 180.569, 0.998942, -0.042398, 0.0177881, 0.0415492, 0.998093, 0.0456451, -0.0196894, -0.0448578, 0.998799, 0.00278351  
208, -14.1531, 170.089, 180.425, 0.999009, -0.0402521, 0.0190125, 0.0393603, 0.998204, 0.0451546, -0.0207959, -0.0443615, 0.998799, 0.00337155  
209, -14.1935, 172.252, 180.361, 0.999026, -0.0391959, 0.0202835, 0.0381783, 0.998101, 0.048335, -0.0221396, -0.0475135, 0.998625, 0.00283926  
210, -14.3429, 174.377, 180.454, 0.999154, -0.0363689, 0.019207, 0.0354685, 0.998343, 0.0453017, -0.0208228, -0.0445821, 0.998789, 0.00297989  
211, -14.3753, 176.553, 180.515, 0.999076, -0.038803, 0.0184941, 0.0379777, 0.99835, 0.0430647, -0.0201347, -0.0423225, 0.998901, 0.00271999  
212, -14.5666, 178.45, 180.522, 0.998986, -0.0406839, 0.0193013, 0.0399391, 0.998497, 0.0375212, -0.0207988, -0.0367122, 0.999109, 0.00290084  
213, -14.6843, 180.647, 180.543, 0.998916, -0.0422103, 0.0196154, 0.0413854, 0.998314, 0.0407107, -0.0213007, -0.0398548, 0.998978, 0.00313023  
214, -14.8133, 182.475, 180.616, 0.998917, -0.0416066, 0.0208471, 0.0408119, 0.998474, 0.0371951, -0.0223629, -0.036304, 0.999091, 0.00274245  
215, -14.9789, 184.644, 180.612, 0.99892, -0.041431, 0.0210469, 0.0405496, 0.998348, 0.0407078, -0.0226987, -0.0398104, 0.998949, 0.00284786  
216, -15.1369, 186.357, 180.601, 0.998934, -0.0404262, 0.0222764, 0.0396708, 0.998656, 0.033367, -0.0235954, -0.0324477, 0.999195, 0.00273496  
217, -15.2193, 188.588, 180.641, 0.99891, -0.0406948, 0.0228526, 0.039833, 0.998522, 0.0369808, -0.0243238, -0.0360302, 0.999055, 0.00282151  
218, -15.2393, 190.015, 180.613, 0.998832, -0.0427262, 0.0225472, 0.042169, 0.998807, 0.0246354, -0.0235729, -0.0236558, 0.999442, 0.00303426  
219, -15.3743, 192.122, 180.702, 0.998793, -0.0429392, 0.0238443, 0.0422176, 0.998658, 0.029984, -0.0250998, -0.0289412, 0.999266, 0.00276132  
220, -15.4586, 193.707, 180.628, 0.998783, -0.0437338, 0.0227909, 0.0432771, 0.99886, 0.0201585, -0.0236465, -0.0191476, 0.999537, 0.00300846  
221, -15.626, 195.771, 180.651, 0.998738, -0.0444591, 0.0233539, 0.0439196, 0.998767, 0.0231293, -0.0243534, -0.0220745, 0.99946, 0.00271  
222, -15.6255, 197.48, 180.652, 0.998766, -0.0438596, 0.0232835, 0.043443, 0.998892, 0.0181094, -0.024052, -0.0170756, 0.999565, 0.00278572  
223, -15.6638, 199.211, 180.731, 0.998725, -0.0452717, 0.022354, 0.0449566, 0.998885, 0.0144004, -0.022981, -0.0133771, 0.999646, 0.00335629  
224, -15.768, 201.003, 180.8, 0.998715, -0.0434151, 0.026156, 0.0430337, 0.998961, 0.0149716, -0.0267789, -0.0138268, 0.999546, 0.0028265  
225, -15.8968, 202.585, 180.707, 0.998756, -0.043271, 0.0247672, 0.0431222, 0.999049, 0.00651076, -0.0250254, -0.00543465, 0.999672, 0.00285868  
226, -16.0852, 204.593, 180.707, 0.998819, -0.0411596, 0.0258066, 0.0408422, 0.999085, 0.0127069, -0.026306, -0.0116379, 0.999586, 0.00271444  
227, -15.9191, 206.08, 180.678, 0.99872, -0.0432265, 0.0262761, 0.0431969, 0.999065, 0.00169279, -0.0263247, -0.000555572, 0.999653, 0.00283815  
228, -16.051, 208.068, 180.791, 0.998655, -0.0433118, 0.0284979, 0.0431691, 0.999052, 0.00560655, -0.0287137, -0.00436878, 0.999578, 0.00301567  
229, -16.0377, 209.479, 180.877, 0.998546, -0.0457941, 0.0284409, 0.0458663, 0.998946, -0.00188902, -0.0283244, 0.00319075, 0.999594, 0.0027444  
230, -16.0861, 211.429, 180.941, 0.998567, -0.0450016, 0.0289722, 0.0450536, 0.998984, -0.00114416, -0.0288913, 0.00244783, 0.99958, 0.00300208  
231, -16.0209, 212.942, 180.989, 0.998505, -0.0450722, 0.0309118, 0.0453177, 0.998946, -0.00728728, -0.0305508, 0.00867724, 0.999496, 0.00270279  
232, -16.0468, 214.526, 181.069, 0.998353, -0.0462782, 0.0339154, 0.0466854, 0.998846, -0.0113123, -0.0333527, 0.012877, 0.999361, 0.00280459  
233, -15.9978, 216.22, 181.105, 0.998397, -0.0441675, 0.0353952, 0.0446934, 0.9989, -0.0142072, -0.0347288, 0.0157664, 0.999272, 0.00311054  
234, -15.8653, 217.671, 181.136, 0.99839, -0.0447835, 0.0348198, 0.0454994, 0.998763, -0.0200455, -0.0338791, 0.0215975, 0.999193, 0.00278267  
235, -15.9524, 219.575, 181.068, 0.9984, -0.0425351, 0.0372598, 0.0431427, 0.998946, -0.0156579, -0.0365545, 0.0172403, 0.999183, 0.00301207  
236, -15.8223, 220.914, 180.982, 0.99833, -0.0442307, 0.0371603, 0.0453451, 0.99853, -0.0297005, -0.035792, 0.0313359, 0.998868, 0.00270723  
237, -15.8181, 223.019, 181.02, 0.998179, -0.0435424, 0.0417553, 0.0444711, 0.998778, -0.0215771, -0.0407647, 0.0233947, 0.998895, 0.00279599  
238, -15.6704, 224.418, 180.896, 0.998169, -0.043527, 0.0420017, 0.0452175, 0.998169, -0.0401757, -0.040176, 0.0420014, 0.998309, 0.00330581  
239, -15.7043, 226.479, 180.974, 0.998089, -0.0433437, 0.0440515, 0.0449041, 0.998376, -0.0350702, -0.0424599, 0.0369812, 0.998414, 0.00275188  
240, -15.6442, 228.117, 180.983, 0.998082, -0.0424432, 0.045067, 0.0443037, 0.998172, -0.0411197, -0.0432393, 0.0430375, 0.998137, 0.00283704  
241, -15.7642, 230.072, 180.961, 0.997966, -0.043491, 0.0466172, 0.0452847, 0.998246, -0.0381377, -0.0448768, 0.0401711, 0.998185, 0.00270889  
242, -15.8301, 231.85, 180.964, 0.99811, -0.0434019, 0.04351, 0.0454145, 0.997891, -0.0463877, -0.0414049, 0.048276, 0.997975, 0.00277047  
243, -15.9294, 233.591, 181.042, 0.998064, -0.0443157, 0.0436481, 0.0465683, 0.99756, -0.0520199, -0.0412363, 0.0539517, 0.997692, 0.0030595  
244, -15.9811, 235.32, 181.086, 0.997988, -0.0446223, 0.045049, 0.0469197, 0.997581, -0.0512974, -0.042651, 0.0533079, 0.997667, 0.00277241  
245, -15.9053, 236.812, 181.097, 0.998023, -0.0447884, 0.0441012, 0.0474392, 0.997009, -0.061017, -0.0412365, 0.0629885, 0.997162, 0.00283954  
246, -16.0134, 238.628, 181.13, 0.997913, -0.0432632, 0.0479399, 0.0460761, 0.997181, -0.0592123, -0.0452431, 0.0612976, 0.997094, 0.00270362  
247, -15.9713, 240.12, 181.022, 0.997935, -0.0445479, 0.0462809, 0.0476863, 0.996471, -0.0690818, -0.0430401, 0.0711461, 0.996537, 0.00281651  
248, -15.9251, 242.176, 181.058, 0.997686, -0.0431848, 0.0525228, 0.0463401, 0.997097, -0.0604205, -0.0497611, 0.0627146, 0.99679, 0.00320956  
249, -15.754, 243.879, 181.087, 0.997714, -0.0413703, 0.0534276, 0.0453222, 0.996152, -0.0750078, -0.0501189, 0.0772579, 0.995751, 0.00277241  
250, -15.7786, 245.88, 181.128, 0.997714, -0.0390905, 0.0551231, 0.0432881, 0.996081, -0.0771335, -0.0518919, 0.0793434, 0.995496, 0.00290472  
251, -15.6566, 247.621, 181.017, 0.997702, -0.0395907, 0.0549887, 0.0440782, 0.995579, -0.082949, -0.0514615, 0.0851822, 0.995036, 0.00271277  
252, -15.6485, 249.47, 180.888, 0.997581, -0.0419216, 0.0554583, 0.0462235, 0.995825, -0.0787094, -0.0519272, 0.0810824, 0.995354, 0.00276964  
253, -15.7012, 251.444, 180.859, 0.997598, -0.0406426, 0.0560854, 0.045069, 0.995771, -0.0800572, -0.0525945, 0.0823927, 0.995211, 0.00302372  
254, -15.8302, 253.598, 180.918, 0.997431, -0.0413023, 0.0585289, 0.0458498, 0.99585, -0.0786139, -0.0550391, 0.0810955, 0.995186, 0.00276853  
255, -16.0123, 255.813, 180.925, 0.997334, -0.0404098, 0.0607621, 0.045098, 0.995943, -0.077875, -0.0573687, 0.0804076, 0.99511, 0.00281208  
256, -16.0927, 257.864, 180.93, 0.997383, -0.0413033, 0.0593381, 0.0459905, 0.995739, -0.0799277, -0.055784, 0.0824475, 0.995033, 0.00271583  
257, -16.2561, 259.955, 180.912, 0.99748, -0.0409735, 0.0579238, 0.045725, 0.99548, -0.0832374, -0.0542515, 0.0856762, 0.994845, 0.00284786  
258, -16.4729, 262.078, 181.001, 0.997388, -0.0420588, 0.0587218, 0.0467491, 0.995623, -0.080928, -0.055061, 0.0834618, 0.994989, 0.00301429  
259, -16.7399, 264.185, 181.077, 0.997458, -0.041658, 0.0578047, 0.0465109, 0.995267, -0.0853194, -0.0539769, 0.0877911, 0.994675, 0.00273496  
260, -17.186, 266.297, 181.015, 0.997342, -0.0405289, 0.0605477, 0.0456195, 0.995318, -0.0852071, -0.0568108, 0.0877428, 0.994522, 0.0028645  
261, -17.5534, 268.632, 180.957, 0.997516, -0.0410652, 0.0572375, 0.0459026, 0.995243, -0.0859358, -0.0534363, 0.0883497, 0.994655, 0.00273691  
262, -18.0842, 270.822, 180.942, 0.997723, -0.0387083, 0.0552379, 0.0436012, 0.994959, -0.0903129, -0.0514636, 0.0925157, 0.99438, 0.00276742  
263, -18.5122, 273.055, 180.94, 0.99773, -0.0418162, 0.0527796, 0.046411, 0.994944, -0.0890663, -0.0487883, 0.0913137, 0.994626, 0.00310693  
264, -19.1771, 275.321, 180.945, 0.997735, -0.0397046, 0.0543012, 0.0441983, 0.995466, -0.0842252, -0.0507109, 0.0864344, 0.994966, 0.00279932  
265, -19.76, 277.603, 180.926, 0.997815, -0.0424243, 0.0506454, 0.0467654, 0.995035, -0.0878574, -0.0466667, 0.0900339, 0.994845, 0.00290306  
266, -20.4327, 280.112, 180.997, 0.997886, -0.0412648, 0.0501978, 0.0452298, 0.99572, -0.0806016, -0.0466569, 0.0827017, 0.995482, 0.00274828  
267, -21.1168, 282.192, 181.024, 0.997951, -0.0422851, 0.0480109, 0.046323, 0.995186, -0.0863656, -0.0441278, 0.0884126, 0.995106, 0.0027591  
268, -21.8655, 284.781, 181.059, 0.998122, -0.041027, 0.0454913, 0.0445636, 0.995825, -0.0796694, -0.0420328, 0.0815471, 0.995783, 0.0030767  
269, -22.4708, 286.874, 180.981, 0.998288, -0.0418367, 0.0408863, 0.0453382, 0.995013, -0.0888451, -0.0369655, 0.0905467, 0.995206, 0.00283121  
270, -23.1047, 289.506, 180.955, 0.998374, -0.0425864, 0.0378861, 0.0456123, 0.995508, -0.0829605, -0.034183, 0.0845537, 0.995832, 0.00285174  
271, -23.6926, 291.924, 180.871, 0.998487, -0.0418406, 0.0356701, 0.044657, 0.995614, -0.0822076, -0.0320741, 0.0836762, 0.995977, 0.00275521  
272, -24.4049, 294.437, 180.798, 0.998686, -0.0391562, 0.0330745, 0.0418951, 0.995358, -0.0866391, -0.0295285, 0.0879109, 0.995691, 0.00278156  
273, -24.9342, 297.004, 180.799, 0.998625, -0.0404678, 0.0333355, 0.0431312, 0.995575, -0.0834899, -0.0298094, 0.0848129, 0.995951, 0.00303426  
274, -25.509, 299.612, 180.838, 0.998636, -0.0428309, 0.0298564, 0.0452272, 0.995368, -0.0848389, -0.0260844, 0.0860736, 0.995947, 0.00278628  
275, -26.076, 302.436, 180.897, 0.998641, -0.0439741, 0.0279807, 0.046051, 0.995849, -0.0785116, -0.024412, 0.0796934, 0.99652, 0.00283205  
276, -26.6588, 304.963, 180.823, 0.998767, -0.0433756, 0.024153, 0.0451989, 0.995696, -0.0809154, -0.0205393, 0.0819074, 0.996428, 0.00278961  
277, -27.2657, 307.779, 180.821, 0.998871, -0.0423437, 0.0215563, 0.0438104, 0.99638, -0.0728536, -0.0183933, 0.0737157, 0.99711, 0.00275993  
278, -27.8413, 310.369, 180.829, 0.998943, -0.0418549, 0.018983, 0.0431708, 0.996231, -0.0752285, -0.0157627, 0.0759685, 0.996986, 0.00326698  
279, -28.4692, 313.35, 180.804, 0.999011, -0.041269, 0.0165686, 0.0423336, 0.996642, -0.0700919, -0.0136203, 0.070724, 0.997403, 0.00282151  
280, -28.9628, 315.93, 180.834, 0.998944, -0.0429437, 0.0163517, 0.0440103, 0.996455, -0.0716984, -0.0132147, 0.0723423, 0.997292, 0.0029688  
