0, -2.5675, 23.8537, 180.576, 0.999269, -0.0293697, 0.0244758, 0.0286937, 0.999209, 0.0275303, -0.025265, -0.0268079, 0.999321, 0.0430091  
1, -2.57561, 23.8677, 180.595, 0.999263, -0.0290438, 0.0250827, 0.0283491, 0.999216, 0.0276219, -0.0258653, -0.0268905, 0.999304, 0.00278129  
2, -2.57338, 23.8773, 180.59, 0.999286, -0.0293901, 0.0237455, 0.0287618, 0.999238, 0.0263802, -0.0245027, -0.0256784, 0.99937, 0.00301983  
3, -2.56683, 23.8771, 180.607, 0.999277, -0.0288139, 0.0247942, 0.0281533, 0.99925, 0.0265891, -0.0255417, -0.0258719, 0.999339, 0.00279599  
4, -2.58813, 23.8731, 180.577, 0.999285, -0.0290501, 0.0241802, 0.0283934, 0.99923, 0.027071, -0.024948, -0.0263651, 0.999341, 0.00287726  
5, -2.5763, 23.8783, 180.597, 0.99931, -0.028822, 0.0234101, 0.028219, 0.999272, 0.0256914, -0.0241335, -0.0250131, 0.999396, 0.00273552  
6, -2.60442, 23.8632, 180.565, 0.999316, -0.0285492, 0.0235223, 0.0279504, 0.999286, 0.0254038, -0.0242308, -0.0247289, 0.9994, 0.00283926  
7, -2.56654, 23.8813, 180.592, 0.999276, -0.0289177, 0.0247234, 0.0282449, 0.999233, 0.0271392, -0.0254892, -0.0264212, 0.999326, 0.00283427  
8, -2.57791, 23.8669, 180.596, 0.999282, -0.0286321, 0.0248097, 0.0279492, 0.999232, 0.0274509, -0.0255767, -0.0267378, 0.999315, 0.00277158  
9, -2.56042, 23.876, 180.598, 0.999308, -0.028608, 0.0237526, 0.0279692, 0.999249, 0.0268053, -0.0245017, -0.0261225, 0.999358, 0.00294966  
10, -2.5806, 23.8827, 180.626, 0.999283, -0.0290085, 0.0243382, 0.0283388, 0.999222, 0.0274215, -0.0251147, -0.0267121, 0.999328, 0.00276076  
11, -2.5802, 23.8697, 180.596, 0.999296, -0.0286388, 0.0242215, 0.0279959, 0.999257, 0.0264777, -0.0249618, -0.025781, 0.999356, 0.00286755  
12, -2.57386, 23.8634, 180.572, 0.999277, -0.0294721, 0.0240277, 0.0288374, 0.999237, 0.0263497, -0.024786, -0.0256377, 0.999364, 0.00274717  
13, -2.60686, 23.8789, 180.576, 0.99929, -0.0289727, 0.0240861, 0.0283328, 0.999247, 0.0264967, -0.0248356, -0.0257955, 0.999359, 0.00296907  
14, -2.56658, 23.8746, 180.586, 0.999296, -0.0292307, 0.0234998, 0.0286046, 0.999238, 0.0265485, -0.024258, -0.0258576, 0.999371, 0.00297823  
15, -2.56312, 23.8824, 180.594, 0.999273, -0.0290974, 0.0246243, 0.0284371, 0.999237, 0.0267563, -0.025384, -0.0260366, 0.999339, 0.00319098  
16, -2.57021, 23.879, 180.565, 0.9993, -0.0289541, 0.0236866, 0.0283392, 0.999263, 0.025898, -0.024419, -0.0252086, 0.999384, 0.00281235  
17, -2.56225, 23.8815, 180.604, 0.999277, -0.0291059, 0.0244675, 0.0284409, 0.999228, 0.0271016, -0.0252374, -0.0263861, 0.999333, 0.00281235  
18, -2.59036, 23.865, 180.588, 0.999269, -0.0292471, 0.0246229, 0.0285902, 0.999237, 0.0266197, -0.0253826, -0.0258963, 0.999342, 0.00283177  
19, -2.55236, 23.8895, 180.584, 0.999294, -0.0288782, 0.0240355, 0.0282465, 0.999257, 0.0262208, -0.0247749, -0.0255234, 0.999367, 0.00302288  
20, -2.59938, 23.8652, 180.547, 0.999282, -0.0291633, 0.0241905, 0.0285273, 0.999249, 0.0262314, -0.0249373, -0.0255225, 0.999363, 0.00278822  
21, -2.58468, 23.8678, 180.59, 0.999284, -0.0286272, 0.0247482, 0.0279485, 0.999235, 0.0273514, -0.0255123, -0.0266401, 0.999319, 0.00279627  
22, -2.62551, 23.8567, 180.553, 0.999302, -0.0284163, 0.0242489, 0.0277642, 0.999255, 0.0268195, -0.024993, -0.0261276, 0.999346, 0.00276659  
23, -2.60044, 23.8527, 180.595, 0.999283, -0.0287329, 0.0246391, 0.0280614, 0.999237, 0.0271803, -0.0254013, -0.0264694, 0.999327, 0.00279627  
24, -2.59732, 23.8439, 180.571, 0.999272, -0.0292142, 0.024531, 0.0285303, 0.999207, 0.0277803, -0.0253231, -0.0270602, 0.999313, 0.00297379  
25, -2.61454, 23.847, 180.548, 0.99926, -0.0295829, 0.0245842, 0.0288976, 0.999196, 0.0277788, -0.0253862, -0.0270478, 0.999312, 0.00274911  
26, -2.59475, 23.8526, 180.586, 0.999271, -0.0293304, 0.02443, 0.0286527, 0.999207, 0.02764, -0.0252213, -0.0269199, 0.999319, 0.00280764  
27, -2.58684, 23.85, 180.57, 0.999265, -0.0290921, 0.024962, 0.0283843, 0.999198, 0.0282528, -0.0257639, -0.0275235, 0.999289, 0.00278378  
28, -2.5559, 23.8592, 180.565, 0.999296, -0.0290741, 0.023717, 0.0284467, 0.999247, 0.0263746, -0.024466, -0.0256813, 0.999371, 0.00292913  
29, -2.54823, 23.8695, 180.597, 0.999269, -0.0293587, 0.0244653, 0.0287092, 0.999237, 0.0264904, -0.0252243, -0.0257686, 0.99935, 0.00298461  
30, -2.57152, 23.8524, 180.543, 0.999274, -0.0288977, 0.0248263, 0.0282116, 0.999222, 0.0275585, -0.0256033, -0.0268381, 0.999312, 0.00312662  
31, -2.57064, 23.8664, 180.547, 0.999281, -0.0291534, 0.0242298, 0.0285014, 0.999234, 0.0268303, -0.0249934, -0.0261204, 0.999346, 0.00278462  
32, -2.56324, 23.848, 180.603, 0.999284, -0.0287565, 0.0245725, 0.02809, 0.999239, 0.0270524, -0.0253317, -0.0263428, 0.999332, 0.00276825  
33, -2.58855, 23.8407, 180.58, 0.99928, -0.0288245, 0.0246552, 0.0281623, 0.999244, 0.0267971, -0.025409, -0.0260835, 0.999337, 0.00281513  
34, -2.59074, 23.8658, 180.592, 0.999271, -0.0297033, 0.0239948, 0.0290341, 0.999192, 0.0277739, -0.0248004, -0.027057, 0.999326, 0.00291166  
35, -2.57271, 23.8626, 180.578, 0.999306, -0.0289629, 0.0234094, 0.0283163, 0.999221, 0.0274933, -0.0241875, -0.0268114, 0.999348, 0.00278933  
36, -2.57743, 23.8541, 180.572, 0.999276, -0.0292565, 0.0243027, 0.0285871, 0.999214, 0.027448, -0.0250866, -0.0267334, 0.999328, 0.00280653  
37, -2.59499, 23.8602, 180.597, 0.999299, -0.028461, 0.0243123, 0.0278023, 0.999248, 0.0270161, -0.0250629, -0.0263212, 0.999339, 0.00280292  
38, -2.57718, 23.8611, 180.579, 0.999287, -0.0290892, 0.0240493, 0.028434, 0.999227, 0.0271489, -0.0248205, -0.0264458, 0.999342, 0.0029111  
39, -2.57006, 23.8668, 180.587, 0.999267, -0.0286634, 0.0253738, 0.0279718, 0.999238, 0.0272062, -0.0261343, -0.0264766, 0.999308, 0.00304674  
40, -2.56873, 23.8607, 180.585, 0.999302, -0.0288642, 0.0237114, 0.0282602, 0.999277, 0.0254277, -0.0244282, -0.0247399, 0.999395, 0.00279654  
41, -2.57481, 23.868, 180.571, 0.99929, -0.02901, 0.0240474, 0.0283845, 0.99926, 0.0259568, -0.0247826, -0.0252558, 0.999374, 0.00279959  
42, -2.5555, 23.8679, 180.588, 0.999289, -0.0288576, 0.0242747, 0.0281665, 0.999201, 0.0283441, -0.0250733, -0.0276402, 0.999303, 0.0027652  
43, -2.55914, 23.8688, 180.581, 0.999292, -0.0291233, 0.023822, 0.0284699, 0.999221, 0.0273189, -0.0245991, -0.0266214, 0.999343, 0.00293579  
44, -2.54514, 23.875, 180.595, 0.999286, -0.029121, 0.024055, 0.0284756, 0.999236, 0.0267507, -0.0248156, -0.0260466, 0.999353, 0.00283898  
45, -2.58406, 23.8661, 180.585, 0.999284, -0.0290228, 0.024269, 0.0283968, 0.999265, 0.0257545, -0.0249987, -0.0250469, 0.999374, 0.00303342  
46, -2.59005, 23.8539, 180.575, 0.9993, -0.0290197, 0.0235954, 0.0284021, 0.999256, 0.0261041, -0.0243353, -0.0254156, 0.999381, 0.00316463  
47, -2.58119, 23.8649, 180.584, 0.999273, -0.0288698, 0.0248856, 0.0281758, 0.999216, 0.0278009, -0.0256687, -0.0270795, 0.999304, 0.00278434  
48, -2.57848, 23.8658, 180.579, 0.999299, -0.0293167, 0.0232676, 0.0287409, 0.999282, 0.0247068, -0.0239752, -0.0240207, 0.999424, 0.00283316  
49, -2.55425, 23.8641, 180.58, 0.999269, -0.0293284, 0.0245306, 0.0286778, 0.999238, 0.0264676, -0.0252881, -0.0257448, 0.999349, 0.00299542  
50, -2.56504, 23.8676, 180.565, 0.999291, -0.0294372, 0.023477, 0.0288255, 0.999247, 0.0259807, -0.0242241, -0.0252855, 0.999387, 0.00275577  
51, -2.59533, 23.874, 180.587, 0.999266, -0.0288806, 0.0251864, 0.028194, 0.999232, 0.0272005, -0.0259526, -0.0264705, 0.999313, 0.00281485  
52, -2.55818, 23.8764, 180.584, 0.999282, -0.0290596, 0.0243253, 0.0283791, 0.999209, 0.0278686, -0.0251159, -0.0271582, 0.999316, 0.00275854  
53, -2.58109, 23.8725, 180.584, 0.999263, -0.0294348, 0.0246495, 0.0287489, 0.999202, 0.0277293, -0.0254461, -0.0270002, 0.999312, 0.00276991  
54, -2.55132, 23.8676, 180.604, 0.999296, -0.0288648, 0.023973, 0.0281992, 0.99922, 0.0276512, -0.0247524, -0.0269557, 0.99933, 0.00296741  
55, -2.57666, 23.8694, 180.553, 0.999299, -0.0292293, 0.0233964, 0.0286227, 0.999256, 0.0258526, -0.0241346, -0.0251648, 0.999392, 0.0033244  
56, -2.56256, 23.8739, 180.583, 0.999291, -0.0287331, 0.0243121, 0.028055, 0.99922, 0.027788, -0.0250915, -0.0270862, 0.999318, 0.00293496  
57, -2.57183, 23.8731, 180.574, 0.999275, -0.0293373, 0.0242524, 0.028672, 0.999215, 0.0273372, -0.0250354, -0.026622, 0.999332, 0.0027774  
58, -2.55915, 23.8588, 180.59, 0.999277, -0.0292433, 0.024279, 0.0285608, 0.9992, 0.0279949, -0.0250783, -0.0272813, 0.999313, 0.00278156  
59, -2.55718, 23.8728, 180.597, 0.999283, -0.0290034, 0.0243189, 0.0283336, 0.999222, 0.0274473, -0.025096, -0.0267386, 0.999327, 0.00302621  
60, -2.55771, 23.8693, 180.584, 0.999261, -0.0296232, 0.0244823, 0.0289299, 0.999183, 0.0282035, -0.0252978, -0.0274744, 0.999302, 0.00279099  
61, -2.59529, 23.8567, 180.574, 0.999275, -0.029176, 0.0244783, 0.0285391, 0.999255, 0.025976, -0.025218, -0.0252586, 0.999363, 0.0028204  
62, -2.54021, 23.8664, 180.593, 0.999276, -0.0295475, 0.0239822, 0.0289074, 0.999228, 0.0266125, -0.02475, -0.0258999, 0.999358, 0.00280043  
63, -2.56746, 23.8681, 180.559, 0.999296, -0.0289029, 0.0239191, 0.0282867, 0.999269, 0.0257131, -0.0246448, -0.0250184, 0.999383, 0.00282317  
64, -2.56611, 23.8829, 180.58, 0.99927, -0.0288665, 0.0250067, 0.028172, 0.999219, 0.0276934, -0.0257866, -0.0269687, 0.999304, 0.00308751  
65, -2.5879, 23.8565, 180.561, 0.999288, -0.0288309, 0.0243503, 0.0282064, 0.999274, 0.0256136, -0.0250711, -0.0249085, 0.999375, 0.00288725  
66, -2.5669, 23.878, 180.569, 0.999275, -0.0291611, 0.0244967, 0.0285124, 0.999244, 0.0264245, -0.0252487, -0.0257069, 0.999351, 0.00278572  
67, -2.58003, 23.847, 180.565, 0.999297, -0.0289599, 0.0237923, 0.0283386, 0.999259, 0.0260498, -0.0245291, -0.0253572, 0.999377, 0.0027885  
68, -2.56843, 23.87, 180.587, 0.999261, -0.0293157, 0.0248476, 0.028634, 0.999215, 0.0273624, -0.0256302, -0.0266307, 0.999317, 0.00286589  
69, -2.58655, 23.8547, 180.567, 0.999287, -0.0289462, 0.0242321, 0.0282706, 0.999214, 0.0277701, -0.0250169, -0.0270652, 0.999321, 0.00300153  
70, -2.58613, 23.8786, 180.579, 0.999297, -0.0286282, 0.0242036, 0.027984, 0.999256, 0.0265485, -0.0249457, -0.0258526, 0.999354, 0.00297601  
71, -2.57602, 23.8706, 180.592, 0.999291, -0.0287907, 0.024275, 0.0281524, 0.999259, 0.0262379, -0.0250124, -0.0255359, 0.999361, 0.00285479  
72, -2.58626, 23.8654, 180.588, 0.999294, -0.0286094, 0.0243537, 0.0279353, 0.999229, 0.0275823, -0.025124, -0.0268825, 0.999323, 0.00283232  
73, -2.56011, 23.864, 180.578, 0.99928, -0.0291045, 0.0243459, 0.0284635, 0.999249, 0.0262769, -0.0250924, -0.025565, 0.999358, 0.00295687  
74, -2.57284, 23.8719, 180.587, 0.999278, -0.0293643, 0.0240883, 0.0287125, 0.999224, 0.0269719, -0.0248616, -0.0262608, 0.999346, 0.00334631  
75, -2.56436, 23.8757, 180.576, 0.999256, -0.0291848, 0.025211, 0.0285122, 0.999238, 0.0266395, -0.0259692, -0.0259009, 0.999327, 0.00295798  
76, -2.57681, 23.874, 180.587, 0.999261, -0.0292984, 0.0248711, 0.028623, 0.999223, 0.0270903, -0.0256455, -0.0263584, 0.999324, 0.00284564  
77, -2.59615, 23.8462, 180.57, 0.999285, -0.0289121, 0.0243586, 0.0282621, 0.999246, 0.0266196, -0.0251099, -0.0259122, 0.999349, 0.00281374  
78, -2.56835, 23.8604, 180.58, 0.999297, -0.0283796, 0.0244864, 0.0277423, 0.999277, 0.0259834, -0.0252061, -0.0252858, 0.999362, 0.00281846  
79, -2.57412, 23.8664, 180.534, 0.999283, -0.0294135, 0.0238485, 0.02879, 0.999245, 0.0260797, -0.0245976, -0.0253744, 0.999375, 0.00306394  
80, -2.5738, 23.8791, 180.577, 0.999309, -0.0287242, 0.02359, 0.0281296, 0.999288, 0.0251634, -0.024296, -0.0244825, 0.999405, 0.00282761  
81, -2.56215, 23.8575, 180.582, 0.999279, -0.0291682, 0.0243029, 0.028486, 0.999203, 0.0279593, -0.025099, -0.0272468, 0.999314, 0.00286922  
82, -2.58973, 23.8449, 180.587, 0.999278, -0.0291634, 0.0243593, 0.028481, 0.999205, 0.0279071, -0.0251538, -0.0271931, 0.999314, 0.00275771  
83, -2.57163, 23.8528, 180.599, 0.999266, -0.0296196, 0.0242954, 0.0289542, 0.999208, 0.0272969, -0.0250847, -0.0265735, 0.999332, 0.00282289  
84, -2.58883, 23.8487, 180.569, 0.999304, -0.0287161, 0.0238015, 0.028112, 0.999284, 0.0253406, -0.0245122, -0.0246538, 0.999395, 0.00306893  
85, -2.57798, 23.8549, 180.561, 0.999303, -0.0288406, 0.0237035, 0.0282356, 0.999277, 0.0254748, -0.024421, -0.0247878, 0.999394, 0.00274689  
86, -2.61099, 23.8583, 180.597, 0.999284, -0.0284668, 0.0249356, 0.027785, 0.999242, 0.0272765, -0.0256931, -0.0265641, 0.999317, 0.00280875  
87, -2.57458, 23.8719, 180.579, 0.999283, -0.0294426, 0.023804, 0.0288054, 0.999229, 0.0266826, -0.0245712, -0.0259778, 0.99936, 0.00286089  
88, -2.58787, 23.8587, 180.603, 0.999263, -0.0289958, 0.0251507, 0.028313, 0.999232, 0.0270906, -0.0259169, -0.0263585, 0.999317, 0.00281929  
89, -2.56688, 23.8676, 180.58, 0.999285, -0.0291511, 0.0240627, 0.0284869, 0.999216, 0.0274997, -0.0248455, -0.0267946, 0.999332, 0.00291498  
90, -2.56005, 23.8718, 180.583, 0.999292, -0.0287394, 0.0242934, 0.0280793, 0.999239, 0.0270906, -0.0250534, -0.0263893, 0.999338, 0.00277463  
91, -2.59412, 23.8747, 180.553, 0.999308, -0.0288565, 0.0234731, 0.0282425, 0.999261, 0.0260817, -0.0242084, -0.0254007, 0.999384, 0.00282983  
92, -2.5791, 23.8654, 180.597, 0.999275, -0.028897, 0.024787, 0.0282272, 0.999238, 0.0269599, -0.0255471, -0.0262407, 0.999329, 0.00272415  
93, -2.55391, 23.8867, 180.577, 0.999291, -0.028555, 0.0245425, 0.027922, 0.999278, 0.0257589, -0.0252603, -0.0250553, 0.999367, 0.00280958  
94, -2.55599, 23.8658, 180.583, 0.999294, -0.028516, 0.0244421, 0.0279232, 0.999316, 0.024258, -0.0251171, -0.0235584, 0.999407, 0.00297268  
95, -2.54659, 23.8266, 180.598, 0.99927, -0.0283162, 0.0256293, 0.0277283, 0.999351, 0.0230124, -0.0262643, -0.022285, 0.999407, 0.00284786  
96, -2.53848, 23.7896, 180.584, 0.999291, -0.0290794, 0.0239312, 0.0285908, 0.999381, 0.0205139, -0.0245129, -0.0198151, 0.999503, 0.00279516  
97, -2.54578, 23.732, 180.582, 0.99928, -0.028183, 0.0253881, 0.0276573, 0.999401, 0.0208227, -0.0259598, -0.0201056, 0.999461, 0.00275771  
98, -2.53324, 23.664, 180.562, 0.999276, -0.0285776, 0.0251289, 0.0280765, 0.999404, 0.0200732, -0.0256876, -0.0193531, 0.999483, 0.00296131  
99, -2.51875, 23.6114, 180.567, 0.999267, -0.0294158, 0.0244868, 0.0290251, 0.999448, 0.0161626, -0.0249487, -0.01544, 0.999569, 0.00291387  
100, -2.43858, 23.5405, 180.585, 0.999298, -0.0280716, 0.024812, 0.0277013, 0.999502, 0.0151442, -0.0252247, -0.0144463, 0.999577, 0.00275715  
101, -2.43457, 23.4582, 180.59, 0.999276, -0.0282, 0.0255526, 0.0278398, 0.999509, 0.0143474, -0.0259446, -0.0136257, 0.999571, 0.00281485  
102, -2.41606, 23.4137, 180.607, 0.99924, -0.0290862, 0.025932, 0.0287922, 0.999518, 0.0116415, -0.0262581, -0.010886, 0.999596, 0.00276215  
103, -2.38602, 23.345, 180.592, 0.999276, -0.0284596, 0.025269, 0.0282813, 0.999573, 0.0073853, -0.0254684, -0.00666531, 0.999653, 0.00284286  
104, -2.38463, 23.2828, 180.612, 0.999274, -0.0275965, 0.0262488, 0.0274067, 0.999596, 0.00756124, -0.0264469, -0.00683636, 0.999627, 0.00321511  
105, -2.37929, 23.2618, 180.671, 0.999249, -0.0278608, 0.0269395, 0.0277432, 0.999604, 0.00472828, -0.0270605, -0.00397734, 0.999626, 0.00269724  
106, -2.36426, 23.2092, 180.682, 0.999279, -0.0268984, 0.0268029, 0.0268946, 0.999638, 0.000500917, -0.0268067, 0.000220299, 0.999641, 0.00279127  
107, -2.35018, 23.0959, 180.695, 0.999278, -0.0271166, 0.0266203, 0.0272119, 0.999624, -0.00322599, -0.0265228, 0.00394805, 0.99964, 0.00275355  
108, -2.30795, 23.0715, 180.729, 0.999265, -0.027968, 0.0262219, 0.0281756, 0.999574, -0.00758031, -0.0259988, 0.00831356, 0.999627, 0.00277796  
109, -2.28199, 22.9629, 180.733, 0.999292, -0.0264949, 0.0267154, 0.0267668, 0.999593, -0.00987212, -0.026443, 0.0105802, 0.999594, 0.0030276  
110, -2.26466, 22.8703, 180.722, 0.99927, -0.0262059, 0.0277889, 0.0266467, 0.999523, -0.0156153, -0.0273664, 0.0163443, 0.999492, 0.00274578  
111, -2.24989, 22.7711, 180.762, 0.999243, -0.0261344, 0.0288005, 0.026689, 0.999462, -0.0190415, -0.0282874, 0.0197957, 0.999404, 0.00282456  
112, -2.26623, 22.6752, 180.792, 0.999241, -0.026635, 0.02844, 0.027274, 0.999379, -0.0223219, -0.0278278, 0.0230806, 0.999346, 0.00272193  
113, -2.28323, 22.6771, 180.789, 0.999225, -0.0266433, 0.028981, 0.0273694, 0.999314, -0.0249545, -0.0282962, 0.0257283, 0.999268, 0.00283954  
114, -2.30804, 22.6905, 180.804, 0.999226, -0.0259725, 0.029541, 0.0267808, 0.999268, -0.027303, -0.0288103, 0.028073, 0.999191, 0.00287671  
115, -2.27638, 22.7117, 180.831, 0.999203, -0.0265857, 0.0297668, 0.027535, 0.99911, -0.0319481, -0.028891, 0.0327423, 0.999046, 0.00278489  
116, -2.29875, 22.6454, 180.831, 0.999194, -0.0271416, 0.0295695, 0.0281879, 0.99897, -0.0355604, -0.0285738, 0.0363653, 0.99893, 0.00279072  
117, -2.3162, 22.5588, 180.849, 0.999212, -0.0263551, 0.02969, 0.0275684, 0.998769, -0.0412257, -0.028567, 0.0420117, 0.998709, 0.00275605  
118, -2.32146, 22.5181, 180.861, 0.999202, -0.0267694, 0.0296345, 0.0281591, 0.998473, -0.0475172, -0.0283173, 0.0483138, 0.998431, 0.00283011  
119, -2.35338, 22.5039, 180.824, 0.999177, -0.0271193, 0.03018, 0.0286478, 0.998266, -0.0514248, -0.0287331, 0.052247, 0.998221, 0.0029319  
120, -2.42184, 22.5926, 180.768, 0.99911, -0.0269351, 0.0324599, 0.0287823, 0.99791, -0.0578509, -0.0308339, 0.0587337, 0.997797, 0.00274661  
121, -2.44131, 22.5467, 180.819, 0.999214, -0.0259936, 0.0299122, 0.027685, 0.997956, -0.0575932, -0.028354, 0.0583761, 0.997892, 0.00278905  
122, -2.47665, 22.6141, 180.852, 0.999232, -0.0256698, 0.0296054, 0.0274691, 0.997694, -0.0620657, -0.0279439, 0.0628313, 0.997633, 0.00275549  
123, -2.5003, 22.6791, 180.8, 0.999221, -0.0253702, 0.0302224, 0.0273524, 0.997372, -0.067088, -0.028441, 0.0678625, 0.997289, 0.00281873  
124, -2.52695, 22.7102, 180.809, 0.999283, -0.0250159, 0.0284215, 0.0270003, 0.997059, -0.0717292, -0.0265435, 0.0724452, 0.997019, 0.0029602  
125, -2.57646, 22.704, 180.8, 0.999244, -0.0245031, 0.0301806, 0.0267204, 0.996795, -0.0753993, -0.0282364, 0.0761487, 0.996697, 0.0027419  
126, -2.59837, 22.7292, 180.784, 0.999271, -0.0241869, 0.0295349, 0.0265102, 0.996363, -0.0809861, -0.0274686, 0.0817101, 0.996278, 0.0028265  
127, -2.67442, 22.8809, 180.745, 0.999294, -0.0241429, 0.0287766, 0.0264399, 0.996256, -0.082315, -0.0266815, 0.0830178, 0.996191, 0.0027627  
128, -2.7666, 23.0444, 180.757, 0.999349, -0.0228869, 0.0278745, 0.0251716, 0.996099, -0.0845798, -0.02583, 0.0852265, 0.996027, 0.00284037  
129, -2.81146, 23.1878, 180.728, 0.999398, -0.0225381, 0.0263575, 0.0248048, 0.995714, -0.0890979, -0.0242364, 0.0896981, 0.995674, 0.00307392  
130, -2.89505, 23.2691, 180.709, 0.999418, -0.0213354, 0.026605, 0.0237145, 0.995423, -0.0925738, -0.0245081, 0.0931509, 0.99535, 0.00271749  
131, -3.04101, 23.5248, 180.508, 0.999152, -0.0242789, 0.0332458, 0.0275965, 0.99427, -0.10327, -0.030548, 0.1041, 0.994098, 0.00261569  
132, -3.12829, 23.7692, 180.522, 0.999179, -0.0227049, 0.033552, 0.0261856, 0.993889, -0.107235, -0.0309122, 0.108025, 0.993667, 0.00276908  
133, -3.17517, 23.9771, 180.499, 0.999235, -0.022883, 0.0317282, 0.0262856, 0.993434, -0.111343, -0.028972, 0.112091, 0.993275, 0.0027222  
134, -3.18811, 24.1198, 180.664, 0.999435, -0.0210859, 0.0261673, 0.0238011, 0.993843, -0.108211, -0.0237244, 0.108773, 0.993783, 0.00274689  
135, -3.2212, 24.465, 180.621, 0.999405, -0.0224838, 0.0261509, 0.0253039, 0.993267, -0.113054, -0.0234329, 0.113648, 0.993245, 0.00277407  
136, -3.35672, 24.9097, 180.427, 0.999145, -0.0243927, 0.0333727, 0.0282892, 0.992155, -0.121767, -0.0301406, 0.122607, 0.991997, 0.00292303  
137, -3.33964, 25.3173, 180.452, 0.999138, -0.0244745, 0.033539, 0.0284906, 0.991743, -0.125037, -0.0302018, 0.125885, 0.991585, 0.00265508  
138, -3.28004, 25.7242, 180.687, 0.999379, -0.0215947, 0.027833, 0.0248336, 0.99224, -0.121834, -0.0249861, 0.12245, 0.99216, 0.00283316  
139, -3.26129, 26.2678, 180.689, 0.999332, -0.0235196, 0.0279613, 0.0267976, 0.992006, -0.123316, -0.0248374, 0.123983, 0.991973, 0.0028939  
140, -3.38584, 27.0171, 180.49, 0.999074, -0.0241692, 0.0356033, 0.0286564, 0.990907, -0.131461, -0.0321022, 0.13236, 0.990682, 0.00284009  
141, -3.26528, 27.517, 180.685, 0.999449, -0.0217442, 0.02508, 0.0248754, 0.990914, -0.13218, -0.0219779, 0.132731, 0.990908, 0.00320623  
142, -3.29588, 29.0605, 180.691, 0.999486, -0.0205663, 0.0246072, 0.0236778, 0.99074, -0.13369, -0.0216298, 0.134204, 0.990718, 0.00268198  
143, -3.33041, 29.9452, 180.627, 0.999438, -0.0212822, 0.0259031, 0.0245266, 0.990922, -0.132181, -0.0228549, 0.132742, 0.990887, 0.00300153  
144, -3.36422, 30.7195, 180.571, 0.999497, -0.019461, 0.025037, 0.0226354, 0.990791, -0.133493, -0.0222085, 0.133992, 0.990733, 0.00301512  
145, -3.08692, 31.7535, 180.674, 0.999548, -0.0155751, 0.0257334, 0.019223, 0.988768, -0.148216, -0.0231359, 0.148644, 0.98862, 0.00292109  
146, -3.0805, 32.641, 180.683, 0.999503, -0.0149524, 0.0277477, 0.0188773, 0.988946, -0.147068, -0.025242, 0.147519, 0.988737, 0.00276492  
147, -3.06226, 33.6434, 180.659, 0.999452, -0.0161204, 0.0289244, 0.0203077, 0.988344, -0.150879, -0.026155, 0.151384, 0.988129, 0.00288281  
148, -2.92997, 34.633, 180.718, 0.99939, -0.0164515, 0.0308176, 0.0209856, 0.987984, -0.153126, -0.0279282, 0.153679, 0.987726, 0.00291942  
149, -2.88598, 35.6675, 180.43, 0.999075, -0.0178351, 0.0391279, 0.0239084, 0.986712, -0.16071, -0.0357417, 0.161497, 0.986226, 0.00279848  
150, -2.81938, 36.7245, 180.628, 0.999358, -0.0156131, 0.0322422, 0.0204165, 0.987784, -0.154485, -0.0294363, 0.155045, 0.987469, 0.00296491  
151, -2.69329, 37.9419, 180.575, 0.999378, -0.0158416, 0.0314958, 0.0205494, 0.987657, -0.155277, -0.0286472, 0.155828, 0.987369, 0.00278267  
152, -2.64802, 39.1578, 180.602, 0.999335, -0.0151887, 0.0331574, 0.0199883, 0.988545, -0.149599, -0.0305054, 0.150162, 0.988191, 0.00282484  
153, -2.45851, 40.3906, 180.629, 0.99936, -0.0154532, 0.0322647, 0.0200968, 0.988638, -0.148964, -0.0295961, 0.149517, 0.988316, 0.00296242  
154, -2.35687, 41.7989, 180.711, 0.999347, -0.015446, 0.0326786, 0.0200851, 0.988966, -0.146777, -0.0300509, 0.147338, 0.98863, 0.0027946  
155, -2.34284, 43.1027, 180.862, 0.999074, -0.0167073, 0.039661, 0.0223765, 0.988867, -0.147108, -0.0367617, 0.147859, 0.988325, 0.00295215  
156, -2.19272, 44.5671, 180.908, 0.998966, -0.0174506, 0.0419916, 0.0235651, 0.988429, -0.149842, -0.0388909, 0.150676, 0.987818, 0.00278045  
157, -2.15556, 46.0537, 180.89, 0.998899, -0.0160177, 0.0440835, 0.0225565, 0.98811, -0.152085, -0.0411233, 0.152912, 0.987384, 0.00289695  
158, -2.04207, 47.7013, 180.791, 0.998827, -0.0159949, 0.0457091, 0.022693, 0.988425, -0.150007, -0.0427807, 0.150868, 0.987628, 0.0030337  
159, -1.94531, 49.46, 180.795, 0.998794, -0.0143551, 0.0469618, 0.0210177, 0.989265, -0.144614, -0.0443818, 0.145426, 0.988373, 0.00279848  
160, -1.83882, 51.1656, 180.757, 0.998843, -0.0139538, 0.0460113, 0.0205743, 0.988964, -0.146718, -0.0434562, 0.147495, 0.988108, 0.00294938  
161, -1.70395, 52.7779, 180.784, 0.998843, -0.0162594, 0.0452639, 0.0225585, 0.989561, -0.142336, -0.0424771, 0.143193, 0.988783, 0.00279793  
162, -1.65962, 54.3871, 180.817, 0.998755, -0.0156479, 0.0473623, 0.0223104, 0.989385, -0.143592, -0.0446127, 0.14447, 0.988503, 0.0027566  
163, -1.91767, 55.8844, 180.686, 0.99847, -0.0201407, 0.0514991, 0.026901, 0.990596, -0.134149, -0.0483129, 0.135329, 0.989622, 0.00302094  
164, -1.86909, 57.8813, 180.508, 0.998075, -0.0205559, 0.058521, 0.028387, 0.99026, -0.136304, -0.0551492, 0.137703, 0.988937, 0.00288142  
165, -1.70697, 59.749, 180.691, 0.998539, -0.0195219, 0.0503814, 0.0257086, 0.991795, -0.12523, -0.0475232, 0.126342, 0.990848, 0.0029724  
166, -1.69152, 61.779, 180.659, 0.998578, -0.0186323, 0.0499465, 0.024606, 0.992251, -0.121792, -0.0472902, 0.122848, 0.991298, 0.00280292  
167, -1.75712, 63.922, 180.697, 0.998621, -0.0195605, 0.0487235, 0.0251477, 0.992833, -0.116836, -0.0460889, 0.117901, 0.991955, 0.00275771  
168, -1.88293, 65.9601, 180.803, 0.998581, -0.0178781, 0.0501727, 0.0234298, 0.993393, -0.112344, -0.0478327, 0.11336, 0.992402, 0.00307975  
169, -2.02455, 68.0941, 180.785, 0.998517, -0.0170827, 0.0516904, 0.0226038, 0.993874, -0.108186, -0.0495256, 0.109194, 0.992786, 0.00302705  
170, -2.18385, 70.5039, 180.788, 0.998506, -0.016814, 0.0519905, 0.0221797, 0.994286, -0.104416, -0.0499378, 0.105413, 0.993174, 0.0030068  
171, -2.29676, 72.7655, 180.821, 0.998596, -0.0185746, 0.0496055, 0.0235182, 0.994607, -0.101013, -0.0474617, 0.102038, 0.993648, 0.00278683  
172, -2.65095, 74.8905, 180.795, 0.998623, -0.0185373, 0.0490719, 0.0233891, 0.99469, -0.100221, -0.0469535, 0.101231, 0.993754, 0.00293579  
173, -3.02529, 77.3089, 180.78, 0.998642, -0.018486, 0.0487095, 0.0232125, 0.994883, -0.0983282, -0.0466426, 0.0993253, 0.993961, 0.00303509  
174, -3.07572, 79.7008, 180.992, 0.998765, -0.0133224, 0.0478562, 0.0180597, 0.994827, -0.0999651, -0.0462769, 0.100706, 0.993839, 0.00271721  
175, -3.52469, 81.9593, 180.885, 0.998605, -0.0162414, 0.0502406, 0.0212164, 0.994748, -0.100131, -0.0483504, 0.101058, 0.993705, 0.00294716  
176, -3.91061, 84.4093, 180.933, 0.998792, -0.0155231, 0.0466241, 0.0200174, 0.995031, -0.0975292, -0.0448785, 0.0983447, 0.99414, 0.00272248  
177, -4.36645, 86.8025, 181.018, 0.999018, -0.0122138, 0.0425817, 0.0158529, 0.996152, -0.0862007, -0.041365, 0.0867911, 0.995367, 0.00274412  
178, -4.82676, 89.2314, 180.987, 0.999141, -0.0113664, 0.03986, 0.0146036, 0.996535, -0.0818865, -0.0387911, 0.0823982, 0.995844, 0.00292414  
179, -5.49221, 91.6602, 180.879, 0.999089, -0.0122695, 0.0408818, 0.0154603, 0.996781, -0.0786695, -0.0397849, 0.0792299, 0.996062, 0.00297628  
180, -6.09828, 94.192, 180.987, 0.999254, -0.0126416, 0.0364876, 0.0152209, 0.997339, -0.0713015, -0.0354891, 0.0718037, 0.996787, 0.00289751  
181, -6.82075, 96.7106, 180.896, 0.999347, -0.0124601, 0.0339287, 0.0148012, 0.997462, -0.0696473, -0.0329748, 0.0701039, 0.996995, 0.00274717  
182, -7.42363, 99.155, 180.957, 0.999485, -0.0145282, 0.0286221, 0.0164547, 0.997531, -0.0682662, -0.0275597, 0.068702, 0.997256, 0.00292109  
183, -8.06308, 101.811, 181.046, 0.999586, -0.0157123, 0.0241178, 0.0172016, 0.997875, -0.0628393, -0.0230792, 0.0632281, 0.997732, 0.00295132  
184, -8.58397, 104.291, 181.113, 0.999595, -0.0203728, 0.0198607, 0.0214726, 0.998153, -0.0568335, -0.0186661, 0.057237, 0.998186, 0.00271527  
185, -9.22347, 106.817, 181.104, 0.999639, -0.0209102, 0.0168582, 0.0217246, 0.998529, -0.0496679, -0.0157948, 0.0500162, 0.998624, 0.00289002  
186, -9.94961, 109.276, 181.029, 0.999678, -0.0228623, 0.0109971, 0.0234101, 0.998343, -0.0525758, -0.00977689, 0.0528163, 0.998556, 0.00269807  
187, -10.5958, 111.944, 180.977, 0.9997, -0.0219803, 0.0108079, 0.0224345, 0.998785, -0.0438679, -0.00983057, 0.0440972, 0.998979, 0.00292358  
188, -11.1046, 114.279, 180.956, 0.999726, -0.0223165, 0.00707092, 0.0226308, 0.99859, -0.0480276, -0.00598914, 0.0481745, 0.998821, 0.00290999  
189, -11.8578, 117.111, 180.916, 0.999812, -0.0188888, 0.00430961, 0.0190375, 0.999113, -0.0375696, -0.00359614, 0.0376446, 0.999285, 0.00279627  
190, -12.4259, 119.6, 180.846, 0.999804, -0.0198124, 0.000285018, 0.0198102, 0.999188, -0.0350828, 0.000410286, 0.0350815, 0.999384, 0.00298516  
191, -12.9829, 122.245, 180.974, 0.999791, -0.0204424, -0.000924924, 0.0204071, 0.999373, -0.028931, 0.00151576, 0.028906, 0.999581, 0.00274162  
192, -13.5114, 124.876, 181.095, 0.999721, -0.0235871, -0.000987304, 0.0235704, 0.999618, -0.0144228, 0.00132712, 0.0143955, 0.999895, 0.00284703  
193, -13.9175, 127.438, 181.086, 0.999644, -0.0260587, -0.00574281, 0.0259855, 0.999585, -0.0124698, 0.00606537, 0.0123162, 0.999906, 0.00283787  
194, -14.4393, 129.933, 181.189, 0.999677, -0.0252174, -0.00323389, 0.0252091, 0.999679, -0.00256528, 0.00329754, 0.00248293, 0.999991, 0.00272137  
195, -14.791, 132.572, 181.225, 0.99968, -0.0246545, -0.00571955, 0.0246467, 0.999695, -0.00143726, 0.00575324, 0.00129583, 0.999983, 0.00281374  
196, -15.2135, 135.18, 181.235, 0.999727, -0.0226771, -0.00566265, 0.0227054, 0.99973, 0.00498609, 0.00554805, -0.0051133, 0.999972, 0.00275965  
197, -15.5642, 137.648, 181.11, 0.999685, -0.0237825, -0.00804496, 0.0237992, 0.999715, 0.00198566, 0.00799544, -0.00217649, 0.999966, 0.00276242  
198, -15.9275, 140.319, 181.169, 0.999664, -0.0248536, -0.00736033, 0.0249618, 0.999576, 0.0149945, 0.00698454, -0.0151732, 0.99986, 0.00314244  
199, -16.0952, 142.653, 181.114, 0.999638, -0.0253279, -0.00908258, 0.0253822, 0.99966, 0.00591628, 0.00892965, -0.00614468, 0.999941, 0.00328806  
200, -16.3703, 145.269, 181.259, 0.999625, -0.0250111, -0.0111793, 0.0251436, 0.999613, 0.0118695, 0.0108781, -0.0121461, 0.999867, 0.00288059  
201, -16.6402, 147.834, 181.092, 0.999561, -0.0271575, -0.0118619, 0.0273976, 0.999413, 0.0205703, 0.0112963, -0.0208863, 0.999718, 0.00275937  
202, -16.7927, 150.21, 181.126, 0.999683, -0.0240796, -0.0073286, 0.0241941, 0.99958, 0.0159567, 0.00694129, -0.016129, 0.999846, 0.0030337  
203, -16.9704, 152.832, 181.16, 0.999595, -0.0264504, -0.0105346, 0.0267072, 0.99933, 0.0250325, 0.00986539, -0.0253037, 0.999631, 0.00305617  
204, -16.9128, 155.225, 181.273, 0.999595, -0.0273139, -0.00804123, 0.0274857, 0.999378, 0.0220963, 0.00743269, -0.0223084, 0.999724, 0.00273718  
205, -16.9134, 157.867, 181.362, 0.999578, -0.027831, -0.008274, 0.028039, 0.999264, 0.026182, 0.00753923, -0.0264029, 0.999623, 0.00290722  
206, -16.9735, 160.382, 181.446, 0.999608, -0.0270941, -0.00700007, 0.0273382, 0.998922, 0.0375213, 0.00597591, -0.037698, 0.999271, 0.00278545  
207, -16.9719, 162.782, 181.421, 0.999623, -0.0273901, -0.00214306, 0.0274531, 0.998855, 0.0391717, 0.00106769, -0.0392157, 0.99923, 0.00276936  
208, -17.0019, 165.264, 181.312, 0.999643, -0.0267015, -0.000572019, 0.0267023, 0.998786, 0.0414048, -0.000534246, -0.0414053, 0.999142, 0.0030595  
209, -16.8622, 167.689, 181.221, 0.99963, -0.0272037, 0.000146072, 0.0271735, 0.998747, 0.0420215, -0.00128903, -0.042002, 0.999117, 0.00316601  
210, -16.8013, 170.129, 181.13, 0.999645, -0.0265954, 0.00163267, 0.0264952, 0.998637, 0.044959, -0.00282615, -0.0448998, 0.998987, 0.00293301  
211, -16.5301, 172.706, 181.08, 0.999644, -0.0263751, 0.00396828, 0.0261488, 0.998452, 0.049091, -0.00525691, -0.0489697, 0.998786, 0.00274911  
212, -16.1945, 174.942, 181.174, 0.999659, -0.0255432, 0.00550954, 0.0252767, 0.998713, 0.0439727, -0.00662565, -0.0438184, 0.999018, 0.00275743  
213, -15.9895, 177.291, 181.275, 0.999617, -0.0264405, 0.00811849, 0.0260463, 0.998632, 0.0453304, -0.00930594, -0.0451016, 0.998939, 0.00310665  
214, -15.705, 179.478, 181.337, 0.999586, -0.0268196, 0.0104206, 0.0263427, 0.998707, 0.0434846, -0.0115734, -0.0431921, 0.999, 0.00327391  
215, -15.5047, 181.741, 181.377, 0.999549, -0.0257604, 0.0154524, 0.0250083, 0.99858, 0.0470363, -0.0166422, -0.0466286, 0.998774, 0.00292858  
216, -15.2042, 183.91, 181.418, 0.999458, -0.0269953, 0.0188205, 0.026058, 0.998489, 0.0483837, -0.0200982, -0.0478671, 0.998651, 0.00276631  
217, -14.8927, 186.167, 181.467, 0.999414, -0.0271935, 0.0207664, 0.0261677, 0.998497, 0.0481655, -0.022045, -0.0475939, 0.998623, 0.00279432  
218, -14.5211, 188.343, 181.47, 0.999311, -0.0282658, 0.0240588, 0.0269848, 0.998282, 0.0520017, -0.0254873, -0.0513167, 0.998357, 0.00292441  
219, -14.1936, 190.467, 181.436, 0.999287, -0.0269245, 0.0264685, 0.0256296, 0.998513, 0.0481036, -0.0277243, -0.047391, 0.998492, 0.00310194  
220, -13.9626, 192.438, 181.433, 0.999201, -0.0257065, 0.030603, 0.0242991, 0.998669, 0.0455052, -0.031732, -0.0447252, 0.998495, 0.00313938  
221, -13.6678, 194.574, 181.364, 0.999187, -0.0263251, 0.0305229, 0.0250603, 0.998841, 0.0411023, -0.0315696, -0.040304, 0.998689, 0.00272054  
222, -13.4872, 196.64, 181.357, 0.999006, -0.0250439, 0.0368625, 0.0236215, 0.998978, 0.038528, -0.0377898, -0.037619, 0.998577, 0.00308862  
223, -13.1292, 198.817, 181.307, 0.998888, -0.0259344, 0.0393609, 0.0243698, 0.998913, 0.0397244, -0.0403483, -0.0387211, 0.998435, 0.00297601  
224, -12.8406, 200.861, 181.257, 0.998718, -0.0255864, 0.0436815, 0.0237362, 0.99882, 0.0423613, -0.0447138, -0.0412701, 0.998147, 0.00274079  
225, -12.3272, 203.159, 181.304, 0.998585, -0.0260846, 0.0463319, 0.0239727, 0.998674, 0.045566, -0.047459, -0.0443908, 0.997886, 0.00288752  
226, -11.8843, 205.05, 181.392, 0.998401, -0.0263544, 0.0500019, 0.0243517, 0.998893, 0.0402484, -0.0510072, -0.0389664, 0.997938, 0.00276659  
227, -11.4954, 207.282, 181.435, 0.998245, -0.0278583, 0.0522507, 0.025753, 0.998846, 0.0405419, -0.0533198, -0.0391251, 0.997811, 0.00278434  
228, -11.1713, 209.065, 181.394, 0.998118, -0.0270265, 0.0550389, 0.025248, 0.999144, 0.0327564, -0.0558771, -0.0313051, 0.997947, 0.00297795  
229, -10.8969, 211.264, 181.425, 0.998006, -0.0271352, 0.0569875, 0.0249378, 0.998931, 0.0389232, -0.0579828, -0.0374244, 0.997616, 0.00292247  
230, -10.5908, 213.059, 181.479, 0.997867, -0.0277383, 0.0590864, 0.0258073, 0.999116, 0.0331978, -0.059955, -0.0316021, 0.997701, 0.00291803  
231, -10.3319, 215.073, 181.532, 0.997688, -0.0290528, 0.0614454, 0.0269546, 0.999034, 0.0347044, -0.0623943, -0.0329679, 0.997507, 0.00280181  
232, -10.1345, 217.074, 181.565, 0.997567, -0.0278218, 0.0639163, 0.0260134, 0.999242, 0.0289541, -0.0646734, -0.027221, 0.997535, 0.00277241  
233, -10.0107, 218.936, 181.603, 0.99757, -0.0293382, 0.0631964, 0.02766, 0.999245, 0.0272691, -0.0639487, -0.0254549, 0.997628, 0.00303398  
234, -9.99282, 221.004, 181.63, 0.997363, -0.0263133, 0.0676375, 0.0242959, 0.99924, 0.0304795, -0.0683881, -0.0287558, 0.997244, 0.00300846  
235, -9.78956, 222.737, 181.638, 0.997341, -0.0260551, 0.0680589, 0.0244936, 0.99942, 0.0236774, -0.0686363, -0.0219475, 0.9974, 0.00287587  
236, -9.74996, 224.755, 181.694, 0.997274, -0.0263404, 0.0689243, 0.024532, 0.999336, 0.026954, -0.0695885, -0.0251897, 0.997258, 0.00277075  
237, -9.70509, 226.381, 181.755, 0.997256, -0.026554, 0.0691009, 0.0251172, 0.999452, 0.0215798, -0.069636, -0.0197849, 0.997376, 0.00284814  
238, -9.72596, 228.443, 181.773, 0.997228, -0.0288142, 0.0686017, 0.0275155, 0.999425, 0.0198018, -0.0691329, -0.0178593, 0.997448, 0.00304868  
239, -9.92393, 230.178, 181.797, 0.997119, -0.026013, 0.0712547, 0.0250211, 0.999578, 0.0147776, -0.071609, -0.0129521, 0.997349, 0.00295437  
240, -10.0983, 231.977, 181.722, 0.99722, -0.0254366, 0.0700382, 0.0249365, 0.999657, 0.00800569, -0.0702178, -0.00623693, 0.997512, 0.00288614  
241, -10.239, 233.863, 181.736, 0.997118, -0.0249168, 0.071659, 0.0242618, 0.999656, 0.00999773, -0.0718834, -0.00823034, 0.997379, 0.00284897  
242, -10.4476, 235.596, 181.749, 0.997229, -0.0248976, 0.0701063, 0.0245211, 0.99968, 0.00622623, -0.0702389, -0.00448989, 0.99752, 0.00288003  
243, -10.7824, 237.588, 181.699, 0.997301, -0.0220054, 0.0700407, 0.0218283, 0.999756, 0.00329275, -0.0700961, -0.001755, 0.997539, 0.00305589  
244, -10.9915, 239.229, 181.735, 0.997391, -0.0215695, 0.0688915, 0.0220124, 0.999742, -0.00567654, -0.0687513, 0.0071782, 0.997608, 0.00293357  
245, -11.3999, 241.179, 181.735, 0.99741, -0.02134, 0.068682, 0.0217562, 0.999749, -0.00531796, -0.0685513, 0.00679845, 0.997624, 0.00287837  
246, -11.7762, 242.782, 181.737, 0.997456, -0.0204355, 0.0682913, 0.0211349, 0.999731, -0.0095346, -0.0680781, 0.0109537, 0.99762, 0.00283316  
247, -12.2895, 244.671, 181.626, 0.997596, -0.0188171, 0.06669, 0.0198151, 0.999701, -0.0143355, -0.0664003, 0.0156225, 0.997671, 0.0028412  
248, -12.7032, 246.376, 181.652, 0.997826, -0.0170358, 0.0636711, 0.0182036, 0.999676, -0.0178057, -0.0633471, 0.018926, 0.997812, 0.00307392  
249, -13.2827, 248.152, 181.612, 0.998025, -0.01754, 0.0603219, 0.0188772, 0.999587, -0.0216696, -0.0599169, 0.0227655, 0.997944, 0.0031613  
250, -13.838, 249.93, 181.613, 0.998146, -0.0167864, 0.0585118, 0.0182191, 0.999545, -0.0240393, -0.0580816, 0.0250608, 0.997997, 0.0027075  
251, -14.462, 251.683, 181.514, 0.998378, -0.017892, 0.0540541, 0.0193855, 0.999441, -0.0272332, -0.0535366, 0.0282369, 0.998167, 0.00275494  
252, -15.1422, 253.587, 181.499, 0.9985, -0.0173634, 0.0519258, 0.0187058, 0.9995, -0.025479, -0.0514574, 0.026412, 0.998326, 0.00277186  
253, -15.8429, 255.362, 181.471, 0.998663, -0.0179937, 0.0484577, 0.0194824, 0.999347, -0.0304252, -0.0478786, 0.0313286, 0.998362, 0.00303342  
254, -16.6103, 257.33, 181.426, 0.998762, -0.0165732, 0.0468943, 0.0178349, 0.999487, -0.0266173, -0.0464291, 0.0274207, 0.998545, 0.0028179  
255, -17.3397, 259.014, 181.292, 0.998898, -0.0177165, 0.0434548, 0.0192372, 0.999208, -0.0348302, -0.0428034, 0.0356278, 0.998448, 0.0029688  
256, -18.0827, 261.133, 181.219, 0.999151, -0.0171374, 0.0374764, 0.0185045, 0.999164, -0.0364405, -0.0368206, 0.0371031, 0.998633, 0.00286478  
257, -18.7949, 262.764, 181.23, 0.999287, -0.0188586, 0.0327047, 0.0202119, 0.998932, -0.0415564, -0.0318861, 0.0421878, 0.998601, 0.00296574  
258, -19.6525, 264.657, 181.268, 0.999419, -0.0190005, 0.0283062, 0.0202525, 0.998799, -0.0446193, -0.0274244, 0.0451666, 0.998603, 0.00299237  
259, -20.4368, 266.406, 181.281, 0.999516, -0.0194846, 0.0242526, 0.0205777, 0.998745, -0.0456699, -0.0233323, 0.0461468, 0.998662, 0.0029577  
260, -21.2447, 268.278, 181.371, 0.999566, -0.0217157, 0.0198811, 0.0226474, 0.998595, -0.0479036, -0.0188129, 0.0483331, 0.998654, 0.00282484  
261, -22.0781, 269.982, 181.439, 0.999626, -0.0220206, 0.0162021, 0.0228329, 0.998397, -0.0517863, -0.0150358, 0.0521369, 0.998527, 0.00270834  
262, -22.9481, 271.876, 181.425, 0.999665, -0.023642, 0.0105059, 0.0241604, 0.998339, -0.0523073, -0.00925182, 0.0525436, 0.998576, 0.00277435  
263, -23.8995, 273.685, 181.326, 0.999711, -0.0228304, 0.0074698, 0.0232117, 0.998176, -0.0557218, -0.00618402, 0.0558791, 0.998418, 0.00298821  
264, -24.8587, 275.531, 181.157, 0.999745, -0.0220913, 0.00459784, 0.0223258, 0.997979, -0.0594894, -0.00327436, 0.0595769, 0.998218, 0.00294189  
265, -25.7862, 277.319, 181.005, 0.999724, -0.0234326, 0.00173053, 0.0234944, 0.997894, -0.0604634, -0.000310068, 0.0604874, 0.998169, 0.00294938  
266, -26.7885, 279.473, 181.02, 0.999709, -0.0238046, -0.00387599, 0.0235243, 0.997863, -0.0609591, 0.00531881, 0.0608502, 0.998133, 0.00271222  
267, -27.7835, 281.422, 180.988, 0.999658, -0.0251039, -0.00737714, 0.0245829, 0.99766, -0.063802, 0.00896156, 0.0635988, 0.997935, 0.0028817  
268, -28.8521, 283.497, 180.997, 0.99958, -0.025746, -0.0132907, 0.0247655, 0.997288, -0.0693029, 0.0150389, 0.0689447, 0.997507, 0.00294771  
269, -29.8609, 285.542, 180.948, 0.999472, -0.0256339, -0.0199821, 0.0241383, 0.997127, -0.0717995, 0.0217652, 0.0712792, 0.997219, 0.00274245  
270, -30.8726, 287.594, 180.969, 0.99944, -0.0258529, -0.0212267, 0.0243312, 0.997315, -0.0690637, 0.0229552, 0.0685086, 0.997386, 0.00285368  
271, -31.8249, 289.667, 180.947, 0.999322, -0.0264117, -0.0256616, 0.0244511, 0.996964, -0.0739245, 0.0275362, 0.0732469, 0.996934, 0.00275993  
272, -32.7618, 291.767, 180.917, 0.999146, -0.0286396, -0.0297882, 0.0264004, 0.996981, -0.0730254, 0.0317896, 0.0721766, 0.996885, 0.00276964  
273, -33.6836, 293.741, 180.809, 0.998948, -0.0303483, -0.0343788, 0.0277571, 0.996909, -0.073492, 0.0365029, 0.0724604, 0.996703, 0.00299431  
274, -34.5269, 295.97, 180.814, 0.998905, -0.0299253, -0.0359579, 0.0273071, 0.997087, -0.0712177, 0.0379843, 0.0701579, 0.996812, 0.00299875  
275, -35.2942, 298.07, 180.786, 0.998578, -0.0323936, -0.0423383, 0.0290254, 0.99654, -0.0778823, 0.0447147, 0.0765426, 0.996063, 0.00294328  
276, -36.1361, 300.349, 180.771, 0.998411, -0.0326815, -0.0459, 0.0291478, 0.996708, -0.0756534, 0.0482214, 0.0741953, 0.996077, 0.00275188  
277, -36.9242, 302.402, 180.745, 0.998119, -0.0353487, -0.0500851, 0.0313952, 0.996487, -0.0776342, 0.0526534, 0.0759157, 0.995723, 0.00277934  
278, -37.7013, 304.732, 180.73, 0.99781, -0.0378059, -0.0542767, 0.0336152, 0.99653, -0.0761495, 0.0569672, 0.0741582, 0.995618, 0.00310194  
