0, 9.25379, 17.5508, 180.28, 0.999736, -0.0173082, 0.0151327, 0.0171162, 0.999773, 0.0127224, -0.0153495, -0.01246, 0.999805, 0.0443405  
1, 9.23187, 17.5865, 180.271, 0.999766, -0.0159763, 0.0145538, 0.0157913, 0.999794, 0.01274, -0.0147543, -0.0125072, 0.999813, 0.00293967  
2, 9.25284, 17.5763, 180.283, 0.999753, -0.0168613, 0.0144612, 0.0166827, 0.999784, 0.0123859, -0.0146669, -0.0121416, 0.999819, 0.00267533  
3, 9.2515, 17.5481, 180.277, 0.999753, -0.0166462, 0.0147346, 0.0164674, 0.99979, 0.0121782, -0.0149342, -0.0119326, 0.999817, 0.0028939  
4, 9.24558, 17.5475, 180.27, 0.999768, -0.015704, 0.0147154, 0.0155362, 0.999814, 0.0114502, -0.0148925, -0.0112189, 0.999826, 0.00303564  
5, 9.24171, 17.5563, 180.28, 0.999748, -0.01649, 0.0152325, 0.0162968, 0.999786, 0.012718, -0.0154389, -0.0124665, 0.999803, 0.00291998  
6, 9.23802, 17.5657, 180.276, 0.999741, -0.0168094, 0.0153615, 0.0166106, 0.999778, 0.0129788, -0.0155763, -0.0127203, 0.999798, 0.00288808  
7, 9.23981, 17.5792, 180.258, 0.999752, -0.0168333, 0.0145938, 0.0166672, 0.999796, 0.0114316, -0.0147832, -0.0111856, 0.999828, 0.00298793  
8, 9.241, 17.5552, 180.277, 0.999735, -0.0171486, 0.0153386, 0.0169617, 0.999781, 0.0122316, -0.015545, -0.0119682, 0.999808, 0.00289057  
9, 9.2495, 17.5631, 180.273, 0.999756, -0.0166847, 0.0144739, 0.0165188, 0.999797, 0.0115061, -0.014663, -0.0112642, 0.999829, 0.00315603  
10, 9.23136, 17.5522, 180.254, 0.999744, -0.0167432, 0.0152432, 0.0165483, 0.999781, 0.0128252, -0.0154546, -0.0125697, 0.999802, 0.002824  
11, 9.20628, 17.5447, 180.254, 0.99975, -0.0161213, 0.0154778, 0.0159316, 0.999797, 0.0123001, -0.015673, -0.0120504, 0.999805, 0.00290056  
12, 9.24189, 17.5522, 180.273, 0.99976, -0.0163927, 0.0145247, 0.0162228, 0.999799, 0.0117386, -0.0147142, -0.0115002, 0.999826, 0.00296297  
13, 9.24528, 17.5427, 180.271, 0.99976, -0.0162828, 0.0146606, 0.0161105, 0.999801, 0.011794, -0.0148497, -0.011555, 0.999823, 0.00291498  
14, 9.22673, 17.5557, 180.266, 0.999735, -0.0171358, 0.0153696, 0.0169557, 0.999787, 0.0117732, -0.0155681, -0.0115095, 0.999813, 0.00340484  
15, 9.23786, 17.5625, 180.277, 0.999755, -0.0167123, 0.0144911, 0.0165384, 0.999791, 0.0120394, -0.0146893, -0.0117968, 0.999823, 0.00283066  
16, 9.24971, 17.5393, 180.273, 0.999754, -0.0165826, 0.0147538, 0.0164069, 0.999794, 0.0119506, -0.014949, -0.0117056, 0.99982, 0.00292109  
17, 9.25178, 17.5557, 180.27, 0.999751, -0.0161354, 0.015394, 0.0159595, 0.999807, 0.011478, -0.0155762, -0.0112294, 0.999816, 0.00291082  
18, 9.23649, 17.5226, 180.264, 0.999755, -0.0163437, 0.0149565, 0.0161787, 0.999808, 0.0110831, -0.0151348, -0.0108384, 0.999827, 0.00295881  
19, 9.22756, 17.538, 180.284, 0.999748, -0.0164444, 0.0152902, 0.0162624, 0.999796, 0.0119528, -0.0154836, -0.0117012, 0.999812, 0.00312829  
20, 9.25512, 17.5311, 180.279, 0.999757, -0.0166303, 0.0144949, 0.0164594, 0.999795, 0.0118318, -0.0146887, -0.0115904, 0.999825, 0.00285035  
21, 9.21191, 17.5185, 180.291, 0.999758, -0.0160673, 0.0150242, 0.015896, 0.999808, 0.0114512, -0.0152053, -0.0112096, 0.999822, 0.00290666  
22, 9.28349, 17.5561, 180.294, 0.999736, -0.0173668, 0.0150701, 0.017163, 0.999761, 0.0135495, -0.0153018, -0.0132872, 0.999795, 0.00291249  
23, 9.24809, 17.5368, 180.28, 0.999757, -0.0161608, 0.014972, 0.0159912, 0.999807, 0.0113769, -0.015153, -0.0111348, 0.999823, 0.00289446  
24, 9.23913, 17.5272, 180.269, 0.999754, -0.016252, 0.0150967, 0.0160795, 0.999805, 0.0114753, -0.0152803, -0.0112297, 0.99982, 0.00331136  
25, 9.26674, 17.5396, 180.286, 0.999741, -0.0165787, 0.0155628, 0.0164111, 0.999807, 0.0108342, -0.0157394, -0.010576, 0.99982, 0.00310083  
26, 9.23082, 17.547, 180.291, 0.999757, -0.0161445, 0.01504, 0.0159654, 0.999801, 0.0119515, -0.0152299, -0.0117085, 0.999815, 0.00317933  
27, 9.24022, 17.5373, 180.295, 0.999752, -0.015853, 0.0156584, 0.0156691, 0.999808, 0.0117995, -0.0158424, -0.0115512, 0.999808, 0.00301234  
28, 9.24781, 17.5369, 180.276, 0.999746, -0.0163917, 0.0154784, 0.0162123, 0.999801, 0.0116492, -0.0156663, -0.0113953, 0.999812, 0.00282789  
29, 9.22708, 17.5282, 180.286, 0.999753, -0.0157692, 0.0156387, 0.0155721, 0.999799, 0.0126517, -0.0158351, -0.012405, 0.999798, 0.00333133  
30, 9.22108, 17.5404, 180.268, 0.999758, -0.0157005, 0.0154309, 0.0155231, 0.999813, 0.011549, -0.0156093, -0.0113067, 0.999814, 0.00284619  
31, 9.22891, 17.5458, 180.279, 0.999753, -0.0159251, 0.0155153, 0.015738, 0.999803, 0.0121067, -0.015705, -0.0118595, 0.999806, 0.00287365  
32, 9.25039, 17.5458, 180.269, 0.999766, -0.0159359, 0.0146114, 0.0157833, 0.99982, 0.0105041, -0.0147761, -0.0102711, 0.999838, 0.00281041  
33, 9.24443, 17.5512, 180.295, 0.999744, -0.0162478, 0.0157427, 0.0160487, 0.999791, 0.012695, -0.0159457, -0.0124391, 0.999795, 0.00286478  
34, 9.25034, 17.5449, 180.288, 0.99977, -0.0151809, 0.0151247, 0.01501, 0.999823, 0.0113498, -0.0152943, -0.0111202, 0.999821, 0.00315436  
35, 9.23752, 17.5744, 180.285, 0.999751, -0.0163437, 0.0151723, 0.0161554, 0.999792, 0.0124521, -0.0153726, -0.0122039, 0.999807, 0.0028351  
36, 9.25298, 17.5491, 180.282, 0.999751, -0.0165335, 0.0150065, 0.0163542, 0.999794, 0.0119929, -0.0152017, -0.0117445, 0.999815, 0.00292636  
37, 9.26706, 17.5491, 180.294, 0.999736, -0.0171306, 0.0153221, 0.0169341, 0.999774, 0.0128641, -0.015539, -0.0126012, 0.9998, 0.00281651  
38, 9.27879, 17.5586, 180.29, 0.999746, -0.0168236, 0.0150194, 0.016645, 0.99979, 0.0119332, -0.015217, -0.0116801, 0.999816, 0.00287754  
39, 9.29998, 17.5524, 180.291, 0.999749, -0.0167264, 0.0149214, 0.0165375, 0.999783, 0.0126945, -0.0151305, -0.0124446, 0.999808, 0.00332273  
40, 9.26927, 17.5542, 180.29, 0.999735, -0.0172303, 0.0152527, 0.017052, 0.999786, 0.0117478, -0.0154518, -0.0114846, 0.999815, 0.00292275  
41, 9.27297, 17.5399, 180.262, 0.999752, -0.0167449, 0.014687, 0.0165674, 0.999789, 0.0121266, -0.0148869, -0.0118803, 0.999819, 0.00295881  
42, 9.27001, 17.5451, 180.278, 0.99976, -0.0167514, 0.0141206, 0.0165836, 0.999791, 0.0119143, -0.0143173, -0.0116773, 0.999829, 0.00282761  
43, 9.2871, 17.579, 180.286, 0.999738, -0.0174734, 0.0147817, 0.0172851, 0.999769, 0.0127761, -0.0150015, -0.0125173, 0.999809, 0.00272831  
44, 9.22069, 17.5575, 180.268, 0.99976, -0.0162072, 0.0147255, 0.0160464, 0.999811, 0.0109769, -0.0149006, -0.010738, 0.999831, 0.00292025  
45, 9.22026, 17.547, 180.273, 0.999759, -0.0165902, 0.0143954, 0.0164192, 0.999794, 0.0119155, -0.0145901, -0.0116762, 0.999825, 0.00269225  
46, 9.23598, 17.5637, 180.273, 0.999747, -0.0166004, 0.0151901, 0.0164197, 0.999794, 0.0119438, -0.0153852, -0.0116914, 0.999813, 0.0029466  
47, 9.23568, 17.5439, 180.255, 0.999749, -0.0163914, 0.015273, 0.0162252, 0.999808, 0.0109481, -0.0154495, -0.0106975, 0.999823, 0.00287227  
48, 9.25759, 17.5695, 180.272, 0.99976, -0.0164813, 0.0144243, 0.0163219, 0.999805, 0.0110943, -0.0146043, -0.0108562, 0.999834, 0.00303176  
49, 9.24242, 17.5768, 180.256, 0.999755, -0.0162989, 0.0149766, 0.0161181, 0.999797, 0.0121159, -0.0151711, -0.0118716, 0.999814, 0.00290999  
50, 9.26731, 17.5571, 180.28, 0.999747, -0.0170914, 0.0146542, 0.0169082, 0.999778, 0.0125359, -0.0148652, -0.0122849, 0.999814, 0.00294771  
51, 9.22703, 17.5686, 180.258, 0.999753, -0.0163914, 0.0149972, 0.0162004, 0.999787, 0.0127691, -0.0152033, -0.0125229, 0.999806, 0.00281846  
52, 9.22539, 17.5602, 180.259, 0.999746, -0.0164869, 0.0153554, 0.0163064, 0.999797, 0.0118079, -0.015547, -0.0115545, 0.999812, 0.0030215  
53, 9.21857, 17.5482, 180.253, 0.999745, -0.0163859, 0.015514, 0.0161999, 0.999796, 0.0120373, -0.0157081, -0.0117829, 0.999807, 0.00271444  
54, 9.22098, 17.5728, 180.254, 0.999738, -0.016956, 0.0153536, 0.0167681, 0.999784, 0.0122835, -0.0155586, -0.0120229, 0.999807, 0.0028154  
55, 9.20973, 17.5502, 180.273, 0.999735, -0.0166486, 0.015898, 0.0164374, 0.999776, 0.0133234, -0.0161163, -0.0130585, 0.999785, 0.00329111  
56, 9.22804, 17.5592, 180.28, 0.999731, -0.0169787, 0.0157874, 0.0167766, 0.999777, 0.012846, -0.016002, -0.0125777, 0.999793, 0.00300846  
57, 9.22747, 17.5787, 180.271, 0.999741, -0.0165235, 0.0156382, 0.0163133, 0.999776, 0.0134782, -0.0158574, -0.0132196, 0.999787, 0.00302899  
58, 9.26501, 17.5642, 180.302, 0.999752, -0.0166937, 0.0147491, 0.0164924, 0.999771, 0.0136645, -0.0149738, -0.0134179, 0.999798, 0.00322482  
59, 9.21861, 17.5778, 180.263, 0.999752, -0.0158922, 0.0155979, 0.0157016, 0.999801, 0.012268, -0.0157898, -0.0120201, 0.999803, 0.00288087  
60, 9.23315, 17.5589, 180.274, 0.999764, -0.0159051, 0.0148311, 0.0157291, 0.999805, 0.0119066, -0.0150176, -0.0116705, 0.999819, 0.00308141  
61, 9.22132, 17.5545, 180.273, 0.999759, -0.015858, 0.0151982, 0.0156755, 0.999804, 0.0120533, -0.0153864, -0.0118121, 0.999812, 0.00317295  
62, 9.22847, 17.5408, 180.283, 0.999764, -0.0163769, 0.0142418, 0.0162206, 0.999808, 0.0110205, -0.0144196, -0.0107869, 0.999838, 0.002862  
63, 9.25567, 17.5479, 180.268, 0.999744, -0.0170698, 0.0148182, 0.0168948, 0.999787, 0.0118591, -0.0150175, -0.0116057, 0.99982, 0.00330942  
64, 9.24488, 17.5486, 180.254, 0.99975, -0.0169903, 0.0145616, 0.016826, 0.999794, 0.0113344, -0.0147512, -0.0110865, 0.99983, 0.00286422  
65, 9.22858, 17.5466, 180.255, 0.999759, -0.0159555, 0.0150892, 0.0157876, 0.999813, 0.0111762, -0.0152647, -0.0109353, 0.999824, 0.00284259  
66, 9.23248, 17.5303, 180.244, 0.999755, -0.0160404, 0.015226, 0.0158612, 0.999804, 0.0118133, -0.0154125, -0.0115689, 0.999814, 0.00277407  
67, 9.20876, 17.5501, 180.271, 0.99975, -0.0163081, 0.0152923, 0.016114, 0.999789, 0.0127307, -0.0154967, -0.0124811, 0.999802, 0.00283149  
68, 9.22496, 17.5376, 180.276, 0.999761, -0.0161108, 0.0147642, 0.0159284, 0.999796, 0.0123882, -0.0149607, -0.01215, 0.999814, 0.00316684  
69, 9.21214, 17.5241, 180.275, 0.999745, -0.0162584, 0.0156596, 0.0160837, 0.999808, 0.0112145, -0.0158389, -0.0109598, 0.999814, 0.00277685  
70, 9.23253, 17.5317, 180.272, 0.999761, -0.015642, 0.0152628, 0.0154476, 0.999799, 0.0127723, -0.0154595, -0.0125335, 0.999802, 0.00307919  
71, 9.23163, 17.5454, 180.268, 0.999745, -0.0163701, 0.015575, 0.0161814, 0.999795, 0.0121681, -0.015771, -0.011913, 0.999805, 0.00282262  
72, 9.23319, 17.546, 180.259, 0.999762, -0.0162716, 0.0145028, 0.0161132, 0.99981, 0.0109783, -0.0146787, -0.010742, 0.999835, 0.00287615  
73, 9.2402, 17.5353, 180.274, 0.999746, -0.0164271, 0.0154004, 0.0162348, 0.99979, 0.0125282, -0.015603, -0.012275, 0.999803, 0.00337849  
74, 9.22923, 17.5321, 180.265, 0.999756, -0.0162441, 0.0149813, 0.0160735, 0.999805, 0.0114401, -0.0151643, -0.0111965, 0.999822, 0.0028387  
75, 9.24947, 17.5073, 180.278, 0.999746, -0.0164261, 0.0154627, 0.016256, 0.999807, 0.0110632, -0.0156415, -0.010809, 0.999819, 0.00301318  
76, 9.26167, 17.5172, 180.285, 0.999756, -0.0165191, 0.0146344, 0.0163412, 0.999792, 0.0121925, -0.0148327, -0.0119504, 0.999819, 0.00278739  
77, 9.25006, 17.5055, 180.283, 0.999762, -0.0162727, 0.0145621, 0.0161189, 0.999814, 0.0106216, -0.0147322, -0.0103844, 0.999838, 0.00282678  
78, 9.27546, 17.5106, 180.278, 0.99976, -0.016043, 0.0149298, 0.0158834, 0.999816, 0.0107497, -0.0150995, -0.01051, 0.999831, 0.00331025  
79, 9.27184, 17.4855, 180.289, 0.999758, -0.0167201, 0.0142919, 0.0165806, 0.999814, 0.00982353, -0.0144535, -0.00958418, 0.99985, 0.00293523  
80, 9.30626, 17.4201, 180.304, 0.999771, -0.0161983, 0.0139912, 0.0161013, 0.999846, 0.00702171, -0.0141028, -0.00679482, 0.999877, 0.00304064  
81, 9.30535, 17.3938, 180.307, 0.999746, -0.0165334, 0.0153401, 0.0164386, 0.999845, 0.00628423, -0.0154416, -0.00603046, 0.999863, 0.00279044  
82, 9.32336, 17.3566, 180.305, 0.999746, -0.0169091, 0.0148721, 0.016835, 0.999845, 0.00509464, -0.014956, -0.00484297, 0.999876, 0.00284037  
83, 9.34112, 17.2981, 180.285, 0.99976, -0.0158847, 0.0150948, 0.0158178, 0.999865, 0.00454236, -0.0151649, -0.0043025, 0.999876, 0.00326587  
84, 9.38487, 17.2585, 180.317, 0.99976, -0.0171173, 0.0136657, 0.01709, 0.999852, 0.00211585, -0.0136999, -0.00188179, 0.999904, 0.00284869  
85, 9.38835, 17.2097, 180.34, 0.999761, -0.0169848, 0.0137768, 0.0169976, 0.999855, -0.00081628, -0.0137609, 0.00105026, 0.999905, 0.00299626  
86, 9.40798, 17.084, 180.337, 0.999764, -0.0157545, 0.0149862, 0.0157941, 0.999872, -0.00252219, -0.0149446, 0.00275829, 0.999885, 0.00281957  
87, 9.4042, 17.0391, 180.313, 0.999763, -0.0154343, 0.0153319, 0.0154995, 0.999871, -0.0041476, -0.0152659, 0.00438425, 0.999874, 0.00288586  
88, 9.45417, 17.0052, 180.363, 0.999752, -0.0161394, 0.0153327, 0.016236, 0.999849, -0.00619676, -0.0152304, 0.00644417, 0.999863, 0.00302594  
89, 9.47329, 16.9845, 180.361, 0.999742, -0.0166519, 0.0154223, 0.0167878, 0.999821, -0.00872258, -0.0152743, 0.00897924, 0.999843, 0.00280264  
90, 9.44903, 16.9165, 180.354, 0.999747, -0.0167912, 0.0149576, 0.0169651, 0.999789, -0.0115808, -0.01476, 0.0118316, 0.999821, 0.00287116  
91, 9.48386, 16.894, 180.387, 0.999734, -0.0171959, 0.0153848, 0.0174046, 0.999757, -0.0135304, -0.0151484, 0.0137946, 0.99979, 0.00275494  
92, 9.46741, 16.8899, 180.364, 0.999756, -0.0160521, 0.0151579, 0.0163008, 0.999732, -0.0164312, -0.0148901, 0.0166743, 0.99975, 0.002943  
93, 9.43906, 16.8109, 180.386, 0.999742, -0.0164525, 0.0156493, 0.0167464, 0.999682, -0.0188399, -0.0153344, 0.0190972, 0.9997, 0.00351052  
94, 9.4369, 16.8369, 180.351, 0.999721, -0.0168952, 0.0165315, 0.0172732, 0.999586, -0.0229906, -0.0161363, 0.0232697, 0.999599, 0.00295271  
95, 9.43845, 16.7236, 180.388, 0.999744, -0.0165606, 0.0154489, 0.0169521, 0.999529, -0.0255658, -0.0150182, 0.0258212, 0.999554, 0.00307503  
96, 9.42467, 16.7292, 180.362, 0.999706, -0.0174592, 0.016818, 0.017983, 0.999342, -0.0315129, -0.0162567, 0.0318061, 0.999362, 0.00276409  
97, 9.40175, 16.7329, 180.364, 0.999688, -0.0180671, 0.0172629, 0.0186435, 0.999254, -0.0338313, -0.0166388, 0.0341426, 0.999278, 0.00281846  
98, 9.3728, 16.7043, 180.367, 0.999691, -0.0172213, 0.0179127, 0.0178696, 0.999167, -0.0366885, -0.0172659, 0.0369973, 0.999166, 0.00351856  
99, 9.41121, 16.7156, 180.408, 0.999674, -0.0175987, 0.0184992, 0.0182968, 0.9991, -0.0382699, -0.017809, 0.0385959, 0.999096, 0.00282345  
100, 9.40076, 16.7235, 180.415, 0.999664, -0.0181102, 0.0185532, 0.0188755, 0.998942, -0.0419419, -0.0177739, 0.042278, 0.998948, 0.0030828  
101, 9.40555, 16.685, 180.397, 0.999642, -0.0182992, 0.0195325, 0.0191861, 0.998746, -0.0462321, -0.018662, 0.0465902, 0.99874, 0.00275299  
102, 9.40306, 16.6657, 180.393, 0.999626, -0.0181052, 0.020514, 0.0191081, 0.998577, -0.049796, -0.0195832, 0.0501693, 0.998549, 0.00287754  
103, 9.40609, 16.6131, 180.37, 0.999617, -0.0182839, 0.0207746, 0.0193655, 0.998401, -0.053113, -0.0197703, 0.053495, 0.998372, 0.00340206  
104, 9.41331, 16.6136, 180.407, 0.999608, -0.0184023, 0.0210849, 0.019559, 0.998237, -0.0560326, -0.0200167, 0.056423, 0.998206, 0.00283787  
105, 9.44476, 16.6604, 180.395, 0.999611, -0.018274, 0.0210545, 0.0194851, 0.998078, -0.0588312, -0.019939, 0.0592186, 0.998046, 0.00307725  
106, 9.47409, 16.6416, 180.503, 0.999653, -0.0179101, 0.019339, 0.0190193, 0.998089, -0.0587845, -0.0182492, 0.0591319, 0.998083, 0.0029344  
107, 9.45223, 16.7533, 180.422, 0.999578, -0.0190088, 0.0219612, 0.0203678, 0.99778, -0.0634117, -0.0207071, 0.0638322, 0.997746, 0.00292469  
108, 9.53885, 16.6652, 180.531, 0.99966, -0.0184411, 0.018457, 0.0196005, 0.997709, -0.0647425, -0.0172208, 0.0650822, 0.997731, 0.00302538  
109, 9.48714, 16.5631, 180.487, 0.999627, -0.0190293, 0.0195711, 0.0203614, 0.997319, -0.0702836, -0.0181812, 0.0706559, 0.997335, 0.00283371  
110, 9.47679, 16.5953, 180.507, 0.999626, -0.0190091, 0.0196763, 0.0204255, 0.997013, -0.0744788, -0.0182018, 0.0748528, 0.997028, 0.00288836  
111, 9.50829, 16.6558, 180.531, 0.999639, -0.019026, 0.0189953, 0.0204608, 0.996709, -0.0784418, -0.0174404, 0.0788021, 0.996738, 0.00275494  
112, 9.48473, 16.6952, 180.513, 0.999648, -0.018607, 0.0189265, 0.0200905, 0.996473, -0.081479, -0.0173436, 0.0818306, 0.996495, 0.00286478  
113, 9.48731, 16.651, 180.51, 0.999649, -0.0189497, 0.0185337, 0.0204503, 0.996218, -0.0844482, -0.0168634, 0.0847975, 0.996255, 0.00327336  
114, 9.50482, 16.776, 180.526, 0.999656, -0.0192815, 0.0177546, 0.0207953, 0.995774, -0.0894496, -0.0159548, 0.089788, 0.995833, 0.00284286  
115, 9.48079, 16.7453, 180.53, 0.999632, -0.0190037, 0.019354, 0.0207209, 0.995471, -0.092781, -0.0175032, 0.0931479, 0.995498, 0.00284869  
116, 9.45644, 16.7335, 180.481, 0.999654, -0.0193253, 0.0178299, 0.0210106, 0.994789, -0.0997628, -0.0158091, 0.100103, 0.994851, 0.00281069  
117, 9.44857, 16.904, 180.503, 0.999625, -0.0203397, 0.0183115, 0.022107, 0.994524, -0.102143, -0.0161337, 0.10251, 0.994601, 0.00282705  
118, 9.44586, 16.9982, 180.476, 0.999669, -0.0194606, 0.0168397, 0.021173, 0.993889, -0.108337, -0.0146285, 0.108658, 0.993972, 0.00311997  
119, 9.37853, 17.2095, 180.467, 0.999664, -0.0186101, 0.0180187, 0.0204689, 0.993812, -0.10917, -0.0158756, 0.109502, 0.99386, 0.00283649  
120, 9.3977, 17.3608, 180.462, 0.999637, -0.0195285, 0.0185644, 0.0215436, 0.993085, -0.115401, -0.0161824, 0.115759, 0.993145, 0.00275299  
121, 9.36455, 17.5208, 180.473, 0.999649, -0.0191551, 0.0183194, 0.0212052, 0.992645, -0.119191, -0.0159015, 0.119538, 0.992702, 0.00280098  
122, 9.36031, 17.6533, 180.447, 0.999682, -0.0186117, 0.017011, 0.0205943, 0.991946, -0.124978, -0.014548, 0.125288, 0.992014, 0.00287449  
123, 9.2956, 17.9919, 180.418, 0.999649, -0.0188371, 0.0186487, 0.0210536, 0.991699, -0.126845, -0.0161045, 0.127193, 0.991747, 0.00312024  
124, 9.32002, 18.4225, 180.435, 0.999675, -0.0182097, 0.0178225, 0.0203467, 0.991543, -0.128176, -0.0153377, 0.128497, 0.991591, 0.00285008  
125, 9.25753, 18.8848, 180.39, 0.999672, -0.0168019, 0.019316, 0.0191836, 0.991251, -0.130588, -0.0169528, 0.130916, 0.991249, 0.00296547  
126, 9.2193, 19.1864, 180.383, 0.999623, -0.0162776, 0.0221217, 0.0190883, 0.990872, -0.133449, -0.0197475, 0.133821, 0.990809, 0.00280986  
127, 9.24535, 19.7598, 180.358, 0.999645, -0.0168742, 0.020596, 0.0195694, 0.990157, -0.138586, -0.0180547, 0.138939, 0.990136, 0.00285174  
128, 9.25168, 20.2506, 180.339, 0.999622, -0.0160603, 0.022329, 0.0190513, 0.989835, -0.140941, -0.0198385, 0.141313, 0.989766, 0.00327946  
129, 9.25219, 21.019, 180.291, 0.99961, -0.0166199, 0.0224418, 0.0197046, 0.989222, -0.145093, -0.0197884, 0.145479, 0.989163, 0.00274661  
130, 9.18445, 21.7164, 180.284, 0.999597, -0.0141162, 0.0246264, 0.0175531, 0.989209, -0.145459, -0.0223073, 0.145833, 0.989058, 0.00298017  
131, 9.1767, 22.5119, 180.241, 0.999558, -0.0151476, 0.0255695, 0.0187615, 0.988868, -0.147608, -0.0230489, 0.148022, 0.988715, 0.00281235  
132, 9.1654, 23.2186, 180.25, 0.999551, -0.0139504, 0.0265317, 0.0177694, 0.98858, -0.149645, -0.0241411, 0.150049, 0.988384, 0.00287726  
133, 9.19613, 24.0468, 180.215, 0.999527, -0.0156588, 0.0264502, 0.0195243, 0.988054, -0.152866, -0.0237405, 0.15331, 0.987893, 0.00319431  
134, 9.14763, 25.0821, 180.321, 0.999585, -0.0150253, 0.0245763, 0.0185138, 0.988736, -0.148521, -0.0220679, 0.148914, 0.988604, 0.00284869  
135, 9.15519, 25.9946, 180.285, 0.999569, -0.0161207, 0.024521, 0.0195971, 0.988661, -0.14888, -0.0218429, 0.149296, 0.988551, 0.0029455  
136, 9.01935, 26.985, 180.3, 0.999609, -0.0154873, 0.0232727, 0.0187849, 0.988671, -0.148916, -0.0207027, 0.149295, 0.988576, 0.00284259  
137, 8.83468, 27.8837, 180.312, 0.999562, -0.017797, 0.0236598, 0.021182, 0.988225, -0.151535, -0.0206844, 0.151969, 0.988169, 0.00285313  
138, 8.58085, 29.1734, 180.313, 0.999583, -0.0168166, 0.0234619, 0.0201029, 0.988825, -0.147721, -0.0207155, 0.148131, 0.988751, 0.00319042  
139, 8.43094, 30.4079, 180.364, 0.999601, -0.0170752, 0.0225067, 0.0202526, 0.988554, -0.149502, -0.0196963, 0.149898, 0.988505, 0.00286173  
140, 8.223, 31.7489, 180.361, 0.999629, -0.0165129, 0.0216755, 0.0195253, 0.988933, -0.147074, -0.019007, 0.147443, 0.988888, 0.00298211  
141, 8.04378, 33.0192, 180.301, 0.999613, -0.016443, 0.0224546, 0.0196158, 0.988595, -0.149315, -0.0197434, 0.149697, 0.988535, 0.00280181  
142, 7.83563, 34.4679, 180.222, 0.999589, -0.0167961, 0.0232107, 0.0201059, 0.988383, -0.150649, -0.0204108, 0.151054, 0.988315, 0.00295909  
143, 7.68832, 35.9756, 180.239, 0.999609, -0.0149831, 0.023591, 0.0183348, 0.988673, -0.148965, -0.0210918, 0.149339, 0.988561, 0.00339984  
144, 7.66877, 37.6214, 180.249, 0.999602, -0.0150071, 0.0238916, 0.0183458, 0.98907, -0.146301, -0.0214349, 0.146681, 0.988952, 0.00289085  
145, 7.58759, 39.2964, 180.167, 0.999464, -0.0158772, 0.0286299, 0.0200026, 0.988466, -0.150117, -0.0259163, 0.150609, 0.988254, 0.0029577  
146, 7.6967, 40.6725, 180.369, 0.999659, -0.0160979, 0.0205682, 0.0189805, 0.988704, -0.148676, -0.0179425, 0.149016, 0.988672, 0.00290749  
147, 7.65737, 42.5216, 180.476, 0.999706, -0.0140635, 0.0197747, 0.0167574, 0.989518, -0.143435, -0.0175503, 0.143724, 0.989462, 0.00290028  
148, 7.67474, 44.219, 180.419, 0.999703, -0.0143187, 0.0197311, 0.0169093, 0.990274, -0.138097, -0.0175618, 0.138389, 0.990222, 0.00329139  
149, 7.59651, 45.8912, 180.391, 0.99967, -0.0151221, 0.0207504, 0.0177869, 0.990697, -0.134921, -0.0185171, 0.135246, 0.990639, 0.00292025  
150, 7.66635, 47.5121, 180.421, 0.99962, -0.0159709, 0.0224779, 0.0188645, 0.99066, -0.135047, -0.0201111, 0.13542, 0.990584, 0.00302177  
151, 7.62194, 49.4794, 180.477, 0.999535, -0.0156044, 0.0262155, 0.0188912, 0.991306, -0.130217, -0.0239556, 0.130652, 0.991139, 0.00284814  
152, 7.63218, 51.3863, 180.458, 0.999538, -0.0141388, 0.02691, 0.0174915, 0.991524, -0.128741, -0.0248617, 0.129152, 0.991313, 0.00293468  
153, 7.67986, 53.4495, 180.439, 0.999551, -0.0135394, 0.0267353, 0.0168267, 0.991781, -0.126838, -0.0247983, 0.127231, 0.991563, 0.00304202  
154, 7.65237, 55.3965, 180.401, 0.999583, -0.0110623, 0.0266832, 0.0143337, 0.991964, -0.12571, -0.0250782, 0.12604, 0.991708, 0.00286145  
155, 7.71445, 57.7304, 180.395, 0.999616, -0.0127037, 0.0246311, 0.0155884, 0.992566, -0.120706, -0.0229145, 0.121043, 0.992383, 0.00304924  
156, 7.68762, 59.9204, 180.236, 0.999443, -0.014009, 0.030286, 0.0175829, 0.992477, -0.12116, -0.0283609, 0.121625, 0.992171, 0.00274634  
157, 7.71441, 61.9089, 180.421, 0.999575, -0.0129603, 0.0261216, 0.0158892, 0.993211, -0.115235, -0.0244508, 0.115601, 0.992995, 0.00283427  
158, 7.63348, 64.0426, 180.45, 0.99954, -0.0136771, 0.027058, 0.0166118, 0.993638, -0.111394, -0.0253623, 0.111792, 0.993408, 0.00319153  
159, 7.50154, 66.3585, 180.433, 0.999553, -0.0129833, 0.0269334, 0.015767, 0.994256, -0.105862, -0.0254042, 0.10624, 0.994016, 0.00287615  
160, 7.24161, 68.6721, 180.402, 0.99952, -0.0101612, 0.0292767, 0.0130371, 0.994924, -0.0997789, -0.0281143, 0.100113, 0.994579, 0.00306727  
161, 7.04932, 70.8161, 180.394, 0.999414, -0.0131612, 0.0316041, 0.016202, 0.995057, -0.0979744, -0.0301584, 0.098429, 0.994687, 0.00274939  
162, 6.93587, 73.2208, 180.41, 0.999414, -0.0138761, 0.0313024, 0.0167814, 0.995379, -0.0945482, -0.0298458, 0.0950181, 0.995028, 0.00282816  
163, 6.86169, 75.4564, 180.518, 0.999464, -0.0139657, 0.0296166, 0.0164678, 0.99616, -0.0859945, -0.0283019, 0.0864361, 0.995855, 0.0030864  
164, 6.78767, 77.6481, 180.722, 0.999634, -0.0123991, 0.024045, 0.0142496, 0.996821, -0.078383, -0.0229967, 0.0786969, 0.996633, 0.00278545  
165, 6.45283, 79.8721, 180.91, 0.999425, -0.0148572, 0.0304628, 0.0171302, 0.996978, -0.0757677, -0.029245, 0.076246, 0.99666, 0.00301734  
166, 6.22956, 82.3223, 180.936, 0.999448, -0.0167131, 0.0287044, 0.0187207, 0.997289, -0.0711588, -0.0274373, 0.071657, 0.997052, 0.00277657  
167, 5.86317, 84.7086, 180.888, 0.999449, -0.0159417, 0.0291272, 0.0179094, 0.997484, -0.0685928, -0.0279605, 0.0690766, 0.997219, 0.0028584  
168, 5.56362, 87.2396, 180.802, 0.999572, -0.0142397, 0.0255678, 0.0158578, 0.997809, -0.0642384, -0.024597, 0.0646164, 0.997607, 0.00329721  
169, 5.38437, 89.8515, 180.829, 0.999631, -0.0139721, 0.0232855, 0.0151974, 0.998463, -0.053301, -0.022505, 0.0536352, 0.998307, 0.00286644  
170, 5.23459, 92.2206, 180.847, 0.999655, -0.014475, 0.021927, 0.0155747, 0.998585, -0.0508437, -0.02116, 0.0511676, 0.998466, 0.0030975  
171, 5.09204, 94.5737, 180.864, 0.999633, -0.017029, 0.0210598, 0.0180508, 0.99862, -0.0493242, -0.0201908, 0.0496863, 0.998561, 0.00278267  
172, 4.85313, 97.0261, 180.874, 0.999579, -0.0174643, 0.0231731, 0.0184147, 0.998971, -0.0414551, -0.0224252, 0.0418644, 0.998872, 0.0028204  
173, 4.59149, 99.4653, 180.742, 0.999638, -0.0167123, 0.0211005, 0.0175634, 0.999012, -0.040816, -0.0203975, 0.0411718, 0.998944, 0.00320207  
174, 4.19195, 102.195, 180.653, 0.999649, -0.0167933, 0.0204898, 0.0175733, 0.999104, -0.0384975, -0.019825, 0.0388441, 0.999049, 0.00286145  
175, 3.89805, 104.831, 180.672, 0.999681, -0.0171994, 0.0185095, 0.0177276, 0.999429, -0.0287604, -0.0180043, 0.0290794, 0.999415, 0.00298932  
176, 3.44374, 107.437, 180.669, 0.999729, -0.01611, 0.0167977, 0.0164973, 0.999595, -0.0231823, -0.0164175, 0.0234532, 0.99959, 0.0027774  
177, 3.01442, 109.979, 180.609, 0.999699, -0.0172077, 0.0174673, 0.0174718, 0.999734, -0.0150844, -0.0172031, 0.0153851, 0.999734, 0.00287643  
178, 2.64303, 112.676, 180.523, 0.999719, -0.0176752, 0.0157765, 0.0178459, 0.999783, -0.0107452, -0.0155831, 0.0110238, 0.999818, 0.00305229  
179, 2.27916, 115.335, 180.577, 0.999713, -0.0185004, 0.0152268, 0.0185267, 0.999827, -0.00158558, -0.0151949, 0.00186723, 0.999883, 0.00282567  
180, 1.9015, 117.95, 180.544, 0.999671, -0.0213178, 0.0142959, 0.0212379, 0.999758, 0.00571397, -0.0144142, -0.00540847, 0.999881, 0.00287227  
181, 1.42451, 120.532, 180.571, 0.999693, -0.0204028, 0.0140882, 0.0202709, 0.99975, 0.00944398, -0.0142773, -0.0091555, 0.999856, 0.00275521  
182, 1.08797, 123.01, 180.611, 0.999684, -0.0205992, 0.0143763, 0.0204459, 0.999733, 0.0107307, -0.0145935, -0.0104334, 0.999839, 0.00283538  
183, 0.65129, 125.558, 180.745, 0.999723, -0.0200125, 0.0123817, 0.0198498, 0.999717, 0.0131281, -0.012641, -0.0128787, 0.999837, 0.00305783  
184, 0.29486, 127.999, 180.774, 0.999769, -0.0202479, 0.0072373, 0.0201179, 0.999643, 0.0176061, -0.0075912, -0.0174564, 0.999819, 0.00278434  
185, -0.165605, 130.575, 180.727, 0.999804, -0.0193478, 0.00408635, 0.0192482, 0.999547, 0.0231515, -0.00453243, -0.0230683, 0.999724, 0.00288142  
186, -0.59122, 132.939, 180.741, 0.999791, -0.0197881, 0.00504996, 0.0196632, 0.999526, 0.0236947, -0.00551644, -0.0235904, 0.999706, 0.0027394  
187, -1.08225, 135.564, 180.661, 0.999789, -0.0192888, 0.00699845, 0.0190479, 0.999274, 0.0329906, -0.00762971, -0.0328503, 0.999431, 0.00284952  
188, -1.42615, 138.051, 180.697, 0.999822, -0.0181313, 0.00513908, 0.0179235, 0.999119, 0.0379429, -0.0058225, -0.0378441, 0.999267, 0.00339041  
189, -1.82522, 140.229, 180.71, 0.999792, -0.0200531, 0.00361647, 0.0198904, 0.998981, 0.0405038, -0.00442501, -0.0404235, 0.999173, 0.00282622  
190, -2.19256, 142.843, 180.739, 0.999749, -0.0223808, -0.000926085, 0.0223992, 0.998512, 0.0497282, -0.000188249, -0.0497364, 0.998762, 0.00288419  
191, -2.50978, 144.926, 180.77, 0.999665, -0.0257141, -0.00288887, 0.0258267, 0.998408, 0.0501517, 0.00159466, -0.0502095, 0.998737, 0.00279543  
192, -3.04256, 147.395, 180.769, 0.99967, -0.0252817, -0.00445424, 0.0254884, 0.998165, 0.0549361, 0.00305719, -0.0550315, 0.99848, 0.00284647  
193, -3.38892, 149.809, 180.789, 0.999685, -0.0244474, -0.00572629, 0.0247353, 0.998056, 0.0572054, 0.00431664, -0.057329, 0.998346, 0.00327447  
194, -3.72663, 152.134, 180.753, 0.999673, -0.0249937, -0.00543688, 0.025264, 0.998043, 0.0571986, 0.00399664, -0.0573172, 0.998348, 0.00279987  
195, -4.11494, 154.357, 180.75, 0.999725, -0.0227597, -0.00573653, 0.0230537, 0.998059, 0.0578437, 0.00440889, -0.05796, 0.998309, 0.00286977  
196, -4.31603, 156.866, 180.676, 0.999664, -0.0238119, -0.0102416, 0.0244188, 0.997657, 0.0639038, 0.00869596, -0.0641325, 0.997904, 0.00280459  
197, -4.61206, 158.803, 180.579, 0.999655, -0.0241615, -0.0103165, 0.0247382, 0.997891, 0.060017, 0.00884468, -0.0602515, 0.998144, 0.00282012  
198, -5.00997, 161.072, 180.502, 0.999657, -0.0244127, -0.009522, 0.024972, 0.997646, 0.0638646, 0.00794048, -0.0640805, 0.997913, 0.00329638  
199, -5.00119, 163.214, 180.633, 0.999557, -0.0270999, -0.0122649, 0.0278531, 0.997424, 0.066098, 0.0104421, -0.0664104, 0.997738, 0.00277435  
200, -5.16262, 165.327, 180.852, 0.999514, -0.0289641, -0.0115325, 0.029729, 0.996899, 0.0728559, 0.00938651, -0.0731634, 0.997276, 0.00289779  
201, -5.43017, 167.559, 180.844, 0.999531, -0.0285104, -0.0111356, 0.0292608, 0.996804, 0.0743385, 0.00898058, -0.0746296, 0.997171, 0.00275632  
202, -5.64201, 169.395, 180.775, 0.999565, -0.0273003, -0.0111744, 0.0279942, 0.997323, 0.0675519, 0.0093003, -0.0678353, 0.997653, 0.00289002  
203, -5.85153, 171.538, 180.87, 0.99949, -0.0288214, -0.0137783, 0.0296822, 0.997311, 0.0670001, 0.0118102, -0.0673749, 0.997658, 0.00310499  
204, -6.10809, 173.599, 180.813, 0.999511, -0.0286734, -0.012484, 0.0295185, 0.996836, 0.0738058, 0.0103283, -0.0741382, 0.997194, 0.00282206  
205, -6.32828, 175.434, 180.769, 0.999425, -0.0308207, -0.0141566, 0.0316879, 0.997331, 0.0657817, 0.0120913, -0.0661924, 0.997734, 0.00287865  
206, -6.66797, 177.541, 180.772, 0.999446, -0.0290636, -0.0162214, 0.0300653, 0.997408, 0.065366, 0.0142796, -0.0658175, 0.997729, 0.00280764  
207, -6.85904, 179.467, 180.759, 0.999428, -0.0284347, -0.0182864, 0.0294829, 0.997771, 0.0598609, 0.0165436, -0.0603658, 0.998039, 0.0028645  
208, -7.07715, 181.341, 180.827, 0.999502, -0.0283313, -0.0138672, 0.0291402, 0.997644, 0.0621018, 0.0120751, -0.062475, 0.997973, 0.00341288  
209, -7.19148, 183.478, 180.842, 0.999471, -0.0293113, -0.0141221, 0.030196, 0.997286, 0.0671469, 0.0121156, -0.0675377, 0.997643, 0.00281291  
210, -7.29157, 185.085, 180.804, 0.999418, -0.0300347, -0.0162022, 0.030911, 0.997903, 0.0568648, 0.0144603, -0.0573325, 0.99825, 0.00288863  
211, -7.48668, 187.321, 180.765, 0.999428, -0.0297393, -0.0160744, 0.0306557, 0.997719, 0.060145, 0.0142491, -0.0606034, 0.99806, 0.00275216  
212, -7.29188, 188.971, 180.892, 0.999393, -0.0318767, -0.014052, 0.0325911, 0.998012, 0.053945, 0.0123045, -0.0543702, 0.998445, 0.00284619  
213, -7.37409, 190.971, 180.958, 0.999374, -0.0324718, -0.0140251, 0.0331607, 0.998094, 0.0520536, 0.0123081, -0.0524861, 0.998546, 0.00339707  
214, -7.4225, 192.829, 180.897, 0.999441, -0.031332, -0.0116972, 0.0319043, 0.998114, 0.0524527, 0.0100317, -0.0527965, 0.998555, 0.00277796  
215, -7.53021, 194.462, 180.787, 0.999483, -0.0304544, -0.0102911, 0.0309138, 0.998374, 0.0479004, 0.0088156, -0.0481938, 0.998799, 0.00289141  
216, -7.75572, 196.136, 180.67, 0.999554, -0.0288522, -0.00765445, 0.0291942, 0.998365, 0.0491474, 0.00622392, -0.0493489, 0.998762, 0.00284314  
217, -7.66269, 197.574, 180.772, 0.999427, -0.0325733, -0.00922152, 0.0329258, 0.998613, 0.0410728, 0.00787086, -0.0413529, 0.999114, 0.00287892  
218, -7.74693, 199.381, 180.824, 0.999445, -0.0325296, -0.00713456, 0.0328099, 0.998514, 0.0435083, 0.00570866, -0.0437182, 0.999028, 0.00325145  
219, -7.75068, 200.917, 180.805, 0.999484, -0.0317428, -0.00490317, 0.0318807, 0.999004, 0.031212, 0.00390753, -0.0313522, 0.999501, 0.00283232  
220, -7.88852, 202.744, 180.697, 0.999548, -0.0299699, -0.00252561, 0.0300321, 0.9991, 0.0299658, 0.00162526, -0.0300281, 0.999548, 0.00294688  
221, -7.84367, 204.241, 180.675, 0.999586, -0.028724, -0.00161705, 0.0287559, 0.999261, 0.0254973, 0.00088347, -0.0255332, 0.999674, 0.00295326  
222, -7.79473, 205.798, 180.702, 0.999496, -0.0315501, -0.00336867, 0.0316061, 0.999336, 0.0181047, 0.00279523, -0.018202, 0.99983, 0.00288697  
223, -7.68666, 207.356, 180.664, 0.999554, -0.029775, -0.0022866, 0.0298028, 0.999468, 0.0132724, 0.0018902, -0.0133347, 0.999909, 0.00323203  
224, -7.48224, 208.775, 180.605, 0.999485, -0.032061, -0.00109193, 0.0320662, 0.999473, 0.00505219, 0.00092938, -0.00508461, 0.999987, 0.00293828  
225, -7.31507, 210.474, 180.636, 0.999452, -0.0328255, 0.00417517, 0.032781, 0.999409, 0.0103182, -0.0045114, -0.0101757, 0.999938, 0.00293496  
226, -7.03521, 212.023, 180.598, 0.999347, -0.0359454, 0.0037749, 0.0359293, 0.999345, 0.0042592, -0.00392553, -0.00412079, 0.999984, 0.00287254  
227, -6.91747, 213.772, 180.65, 0.999334, -0.0355791, 0.00808205, 0.0355491, 0.999361, 0.00381981, -0.00821279, -0.00352996, 0.99996, 0.00289168  
228, -6.70243, 215.362, 180.62, 0.999319, -0.0356773, 0.00943183, 0.0356971, 0.999361, -0.00193184, -0.00935688, 0.00226721, 0.999954, 0.00364477  
229, -6.53905, 217.123, 180.568, 0.999358, -0.0333101, 0.0132118, 0.0333493, 0.99944, -0.00276014, -0.0131125, 0.00319898, 0.999909, 0.00287698  
230, -6.23483, 218.807, 180.543, 0.999396, -0.0317783, 0.0140827, 0.0318865, 0.999463, -0.00752931, -0.0138359, 0.00797381, 0.999872, 0.00299598  
231, -6.06565, 220.355, 180.562, 0.999328, -0.0326913, 0.0166033, 0.0328068, 0.999439, -0.00673254, -0.0163738, 0.00727271, 0.999839, 0.00283704  
232, -5.82966, 221.87, 180.669, 0.999247, -0.0333713, 0.0198058, 0.0336206, 0.999358, -0.0123903, -0.0193796, 0.0130468, 0.999727, 0.00292719  
233, -5.64756, 223.512, 180.671, 0.999162, -0.0346742, 0.0217666, 0.0350409, 0.999246, -0.016696, -0.0211713, 0.0174447, 0.999624, 0.00317794  
234, -5.45084, 225.083, 180.726, 0.999069, -0.0349771, 0.0252688, 0.0354972, 0.999161, -0.0204374, -0.0245328, 0.0213154, 0.999472, 0.00289751  
235, -5.25932, 226.711, 180.757, 0.998976, -0.0369061, 0.0261662, 0.0375816, 0.99896, -0.0258139, -0.0251863, 0.0267708, 0.999324, 0.00295493  
236, -5.13735, 228.506, 180.795, 0.998897, -0.0355126, 0.0307348, 0.0361448, 0.999141, -0.0202626, -0.0299888, 0.0213512, 0.999322, 0.00286949  
237, -4.91893, 230.141, 180.793, 0.998867, -0.0357917, 0.0313669, 0.0366558, 0.998952, -0.0274186, -0.0303526, 0.0285373, 0.999132, 0.00286866  
238, -4.84353, 231.778, 180.762, 0.9988, -0.0360253, 0.0331749, 0.0370422, 0.998846, -0.0305651, -0.0320355, 0.0317573, 0.998982, 0.00344256  
239, -4.64147, 233.389, 180.808, 0.998748, -0.0363814, 0.0343394, 0.0376981, 0.998547, -0.0385084, -0.0328885, 0.0397547, 0.998668, 0.00280403  
240, -4.56907, 234.918, 180.775, 0.998654, -0.0375776, 0.0357445, 0.039146, 0.998254, -0.0442412, -0.0340196, 0.0455809, 0.998381, 0.0030129  
241, -4.47596, 236.731, 180.822, 0.998587, -0.0368743, 0.038272, 0.0384646, 0.99839, -0.0416828, -0.0366734, 0.043096, 0.998398, 0.002829  
242, -4.20153, 238.242, 180.881, 0.998611, -0.0388199, 0.0356184, 0.040613, 0.997868, -0.0510834, -0.0335594, 0.052459, 0.998059, 0.00292414  
243, -4.21061, 240.036, 180.904, 0.998503, -0.0380225, 0.039315, 0.0398971, 0.998048, -0.0480501, -0.0374113, 0.0495467, 0.998071, 0.00342675  
244, -4.09703, 241.516, 180.899, 0.998575, -0.0372355, 0.0382352, 0.0394682, 0.997454, -0.0594025, -0.0359259, 0.060827, 0.997502, 0.00281957  
245, -4.096, 243.392, 180.982, 0.998481, -0.0368539, 0.0409621, 0.0391285, 0.997653, -0.0561882, -0.0387953, 0.0577056, 0.99758, 0.00302011  
246, -4.08817, 245.117, 181.003, 0.998499, -0.0354169, 0.0417806, 0.0380189, 0.997275, -0.0632196, -0.0394277, 0.0647132, 0.997125, 0.00277352  
247, -4.21829, 246.862, 180.948, 0.998468, -0.0340607, 0.0436013, 0.0368232, 0.997257, -0.0642068, -0.0412948, 0.065714, 0.996984, 0.00283343  
248, -4.30266, 248.719, 180.951, 0.998517, -0.033373, 0.0430075, 0.0362378, 0.997051, -0.0676509, -0.0406229, 0.0691091, 0.996782, 0.00318876  
249, -4.41374, 250.379, 181, 0.998429, -0.033439, 0.0449534, 0.036625, 0.99673, -0.0720274, -0.0423979, 0.0735607, 0.996389, 0.00277768  
250, -4.54816, 252.332, 181.045, 0.998331, -0.0347771, 0.046099, 0.0379938, 0.996763, -0.0708454, -0.043486, 0.0724787, 0.996421, 0.00301318  
251, -4.52264, 253.988, 181.034, 0.998321, -0.0353137, 0.0459177, 0.0388328, 0.996185, -0.0781521, -0.0429827, 0.079804, 0.995883, 0.00279072  
252, -4.71256, 255.915, 181.068, 0.998324, -0.0360853, 0.045237, 0.0394391, 0.996359, -0.075583, -0.0423449, 0.0772404, 0.996113, 0.00286173  
253, -4.87285, 257.694, 181.076, 0.998328, -0.035951, 0.0452573, 0.0395284, 0.995946, -0.0808063, -0.0421688, 0.0824602, 0.995702, 0.00320651  
254, -5.1185, 259.557, 181.131, 0.998239, -0.0360325, 0.0471173, 0.0397966, 0.995874, -0.0815558, -0.0439842, 0.0832873, 0.995554, 0.00279072  
255, -5.22827, 261.589, 181.144, 0.99827, -0.0345183, 0.0475871, 0.0382856, 0.996005, -0.0806736, -0.0446123, 0.082356, 0.995604, 0.00288392  
256, -5.43169, 263.342, 181.13, 0.99843, -0.0343084, 0.0442815, 0.0380766, 0.995457, -0.0872656, -0.0410864, 0.0888147, 0.9952, 0.00284481  
257, -5.61462, 265.562, 181.2, 0.998409, -0.0323188, 0.0462132, 0.0361355, 0.995786, -0.084293, -0.0432942, 0.0858288, 0.995369, 0.00281929  
258, -5.56131, 267.342, 181.163, 0.9983, -0.0343955, 0.047059, 0.038493, 0.995275, -0.0891353, -0.0437708, 0.0907952, 0.994907, 0.0030215  
259, -5.79445, 269.703, 181.009, 0.998229, -0.0337768, 0.0489661, 0.0379244, 0.995537, -0.0864112, -0.0458289, 0.0881151, 0.995055, 0.00289834  
260, -5.81202, 271.62, 180.945, 0.998228, -0.0334187, 0.04923, 0.0378218, 0.995095, -0.0914073, -0.0459338, 0.0931074, 0.994596, 0.00287615  
261, -5.91851, 273.866, 180.984, 0.998271, -0.0351284, 0.0471213, 0.0392074, 0.995292, -0.0886358, -0.0437858, 0.0903301, 0.994949, 0.00283593  
262, -5.99237, 275.89, 181.106, 0.998304, -0.0346629, 0.046764, 0.038788, 0.99515, -0.0903985, -0.0434038, 0.0920591, 0.994807, 0.00280015  
263, -6.21609, 278.112, 181.143, 0.998224, -0.0358437, 0.047574, 0.0399987, 0.995186, -0.0894739, -0.0441379, 0.0912179, 0.994852, 0.00341676  
264, -6.4395, 280.232, 181.304, 0.998204, -0.035415, 0.0483238, 0.0394994, 0.99548, -0.0863656, -0.0450467, 0.0881193, 0.995091, 0.00278905  
265, -6.69445, 282.465, 181.265, 0.99831, -0.0349503, 0.0464306, 0.0390272, 0.995175, -0.0900156, -0.0430605, 0.0916755, 0.994857, 0.00312635  
266, -6.83565, 284.608, 181.252, 0.998376, -0.0340991, 0.0456326, 0.0382195, 0.99496, -0.0927004, -0.0422417, 0.0942939, 0.994648, 0.0028007  
267, -7.01868, 286.686, 181.183, 0.998303, -0.0352786, 0.0463337, 0.0394791, 0.994872, -0.0931154, -0.0428111, 0.0947866, 0.994577, 0.002824  
268, -7.13188, 289.02, 181.132, 0.99824, -0.0339977, 0.0485974, 0.0381353, 0.995485, -0.0869181, -0.045423, 0.0886183, 0.995029, 0.00328279  
269, -7.22972, 291.2, 181.034, 0.998246, -0.0326157, 0.0494139, 0.0372034, 0.994785, -0.0949619, -0.046059, 0.0966337, 0.994254, 0.00284841  
270, -7.30763, 293.785, 181.091, 0.998283, -0.0309296, 0.0497404, 0.0354097, 0.995141, -0.0918698, -0.0466573, 0.0934734, 0.994528, 0.00301512  
271, -7.25626, 296.142, 181.103, 0.998288, -0.033689, 0.0478213, 0.0380098, 0.994985, -0.0925248, -0.0444644, 0.0941841, 0.994561, 0.00274689  
272, -7.3795, 298.735, 181.008, 0.998197, -0.0345215, 0.0490946, 0.0386597, 0.995544, -0.0860041, -0.0459069, 0.0877471, 0.995084, 0.00286977  
273, -7.45986, 301.317, 181.033, 0.998116, -0.0347488, 0.0505645, 0.0390678, 0.995433, -0.0870992, -0.047307, 0.0889106, 0.994916, 0.00306421  
274, -7.68398, 304.083, 181.118, 0.997947, -0.0331482, 0.0548041, 0.0373453, 0.996299, -0.077423, -0.0520348, 0.0793107, 0.995491, 0.00275632  
275, -7.75217, 306.743, 181.1, 0.998027, -0.0324959, 0.0537234, 0.0366632, 0.99624, -0.0784976, -0.0509705, 0.0803124, 0.995466, 0.00317461  
276, -7.95436, 309.407, 181.021, 0.99809, -0.0325089, 0.0525279, 0.0364407, 0.996463, -0.0757148, -0.0498807, 0.0774844, 0.995745, 0.00279072  
277, -8.11639, 311.727, 181.021, 0.997995, -0.0338438, 0.0534843, 0.0381225, 0.995975, -0.0811157, -0.0505238, 0.082992, 0.995269, 0.0028204  
278, -8.26012, 314.709, 181.2, 0.998037, -0.0315932, 0.0540724, 0.0356778, 0.996445, -0.0763214, -0.0514689, 0.0781008, 0.995616, 0.00327169  
279, -8.49587, 317.322, 181.191, 0.998132, -0.0307541, 0.0527813, 0.0349118, 0.996203, -0.0797486, -0.0501284, 0.0814424, 0.995417, 0.00277102  
