0, 0, 0, 0, 0, 0, 0, 0, 0, 0, 0, 0, 0, 0.00650317  
1, 4.54198, -15.3838, 180.779, 0.999346, -0.0180302, 0.0313436, 0.0175818, 0.99974, 0.014523, -0.0315973, -0.0139624, 0.999403, 0.00289779  
2, 4.52485, -15.4129, 180.796, 0.999353, -0.0172762, 0.0315372, 0.0168059, 0.999744, 0.015117, -0.0317903, -0.0145772, 0.999388, 0.00287948  
3, 4.50865, -15.398, 180.789, 0.999297, -0.0188682, 0.0324088, 0.0183449, 0.999698, 0.0163688, -0.0327079, -0.0157628, 0.999341, 0.00274828  
4, 4.51742, -15.4276, 180.785, 0.999313, -0.0177563, 0.0325263, 0.0172316, 0.999718, 0.0163413, -0.0328073, -0.0157696, 0.999337, 0.00290971  
5, 4.54609, -15.4074, 180.803, 0.999357, -0.0180776, 0.0309609, 0.0176113, 0.999728, 0.0152683, -0.0312285, -0.0147132, 0.999404, 0.00285951  
6, 4.54798, -15.4081, 180.799, 0.999334, -0.0181274, 0.0316581, 0.0176619, 0.999733, 0.0149227, -0.0319202, -0.0143537, 0.999387, 0.00279488  
7, 4.54467, -15.4151, 180.793, 0.999326, -0.0193032, 0.0312322, 0.0188257, 0.999702, 0.0155123, -0.0315224, -0.0149138, 0.999392, 0.00285673  
8, 4.52258, -15.4302, 180.802, 0.99933, -0.0179412, 0.0319136, 0.0174408, 0.999722, 0.0158901, -0.0321899, -0.0153229, 0.999364, 0.00281651  
9, 4.54293, -15.4364, 180.787, 0.999366, -0.0177831, 0.0308364, 0.017378, 0.99976, 0.0133561, -0.0310665, -0.0128118, 0.999435, 0.00285507  
10, 4.53339, -15.4372, 180.776, 0.999346, -0.0173318, 0.0317348, 0.0169012, 0.999762, 0.0137896, -0.0319663, -0.0132442, 0.999401, 0.00294633  
11, 4.52564, -15.4459, 180.794, 0.999344, -0.0177421, 0.03157, 0.0172774, 0.999739, 0.0149318, -0.0318266, -0.0143765, 0.99939, 0.00290056  
12, 4.54156, -15.4486, 180.811, 0.999364, -0.0176465, 0.0309829, 0.0171705, 0.999731, 0.0155617, -0.0312492, -0.0150198, 0.999399, 0.00285895  
13, 4.52804, -15.4498, 180.789, 0.999321, -0.0180927, 0.0321005, 0.0175942, 0.999721, 0.0157435, -0.0323764, -0.015168, 0.999361, 0.00284758  
14, 4.52751, -15.4542, 180.792, 0.999334, -0.0173237, 0.0321151, 0.0168545, 0.999748, 0.0148239, -0.0323638, -0.0142728, 0.999374, 0.00285341  
15, 4.53595, -15.4431, 180.807, 0.999345, -0.0178802, 0.0314634, 0.0174294, 0.999742, 0.0145424, -0.0317153, -0.0139845, 0.999399, 0.00291526  
16, 4.54059, -15.4341, 180.814, 0.999361, -0.0181368, 0.0308057, 0.0176853, 0.999733, 0.0148671, -0.0310671, -0.0143127, 0.999415, 0.00279765  
17, 4.52066, -15.4491, 180.786, 0.999338, -0.0179249, 0.0316742, 0.0174531, 0.999734, 0.0151102, -0.0319367, -0.0145474, 0.999384, 0.00295992  
18, 4.54551, -15.4448, 180.757, 0.999344, -0.0180651, 0.0313784, 0.0176277, 0.999744, 0.0141604, -0.0316262, -0.013598, 0.999407, 0.00283787  
19, 4.52682, -15.4294, 180.774, 0.999321, -0.01852, 0.0318621, 0.0180123, 0.999707, 0.0161471, -0.0321518, -0.0155622, 0.999362, 0.00298655  
20, 4.54944, -15.3984, 180.777, 0.999278, -0.0201378, 0.0322237, 0.0196154, 0.999672, 0.0164458, -0.0325443, -0.0158018, 0.999345, 0.00286561  
21, 4.51273, -15.4154, 180.761, 0.999329, -0.0180547, 0.0318648, 0.0175867, 0.999734, 0.0149056, -0.0321254, -0.0143352, 0.999381, 0.00281041  
22, 4.51437, -15.4004, 180.768, 0.999315, -0.0177577, 0.0324592, 0.0172201, 0.999711, 0.0167673, -0.0327475, -0.0161969, 0.999332, 0.00303342  
23, 4.5324, -15.4041, 180.785, 0.999338, -0.0183177, 0.0314327, 0.0178163, 0.999711, 0.0161558, -0.0317196, -0.0155851, 0.999375, 0.00277213  
24, 4.52141, -15.3886, 180.767, 0.999346, -0.0175421, 0.0316242, 0.017057, 0.999734, 0.0155434, -0.0318885, -0.0149938, 0.999379, 0.00284703  
25, 4.5313, -15.3911, 180.77, 0.999365, -0.0173186, 0.0311491, 0.0168884, 0.999759, 0.0140233, -0.0313845, -0.0134883, 0.999416, 0.00322315  
26, 4.51244, -15.3912, 180.78, 0.999335, -0.0179365, 0.0317577, 0.0174382, 0.999722, 0.0158981, -0.032034, -0.0153337, 0.999369, 0.00274273  
27, 4.53468, -15.369, 180.798, 0.9994, -0.0179384, 0.0296222, 0.0175185, 0.999743, 0.0143743, -0.0298724, -0.0138468, 0.999458, 0.00304674  
28, 4.51096, -15.3707, 180.791, 0.999332, -0.0186902, 0.0314089, 0.0181844, 0.999702, 0.0163124, -0.0317044, -0.0157304, 0.999373, 0.00301928  
29, 4.52301, -15.3571, 180.745, 0.999329, -0.018307, 0.0317262, 0.0178228, 0.999721, 0.0154772, -0.0320007, -0.0149014, 0.999377, 0.00314521  
30, 4.52445, -15.3819, 180.786, 0.999375, -0.0176534, 0.0306415, 0.0171769, 0.999728, 0.0157446, -0.0309111, -0.0152085, 0.999406, 0.00269031  
31, 4.51607, -15.378, 180.779, 0.999358, -0.0180379, 0.0309674, 0.0176018, 0.999743, 0.0142988, -0.0312174, -0.0137445, 0.999418, 0.00260016  
32, 4.53575, -15.3666, 180.768, 0.99938, -0.0178611, 0.0303532, 0.0174502, 0.999753, 0.0137484, -0.0305913, -0.0132102, 0.999445, 0.00290971  
33, 4.50797, -15.3546, 180.771, 0.999325, -0.0176546, 0.032231, 0.0171513, 0.999728, 0.0158259, -0.0325017, -0.0152624, 0.999355, 0.00276631  
34, 4.53498, -15.3596, 180.777, 0.999362, -0.0176042, 0.0310606, 0.0171352, 0.999736, 0.015304, -0.0313218, -0.0147621, 0.9994, 0.00296907  
35, 4.52775, -15.3451, 180.776, 0.99932, -0.0177324, 0.0323426, 0.0172392, 0.999732, 0.0154638, -0.0326081, -0.0148957, 0.999357, 0.00304369  
36, 4.50554, -15.3167, 180.768, 0.999357, -0.0177927, 0.0311284, 0.0173273, 0.999735, 0.0151579, -0.0313899, -0.0146088, 0.9994, 0.0027738  
37, 4.54064, -15.327, 180.748, 0.999315, -0.0180542, 0.0323018, 0.0175406, 0.999716, 0.0161135, -0.0325835, -0.0155359, 0.999348, 0.00284536  
38, 4.51975, -15.3316, 180.772, 0.999338, -0.0175044, 0.0318796, 0.0170104, 0.999732, 0.015703, -0.0321459, -0.0151503, 0.999368, 0.00272026  
39, 4.5, -15.3154, 180.759, 0.99933, -0.0179866, 0.0318838, 0.017447, 0.999701, 0.0171247, -0.0321823, -0.0165569, 0.999345, 0.00301373  
40, 4.51415, -15.3241, 180.765, 0.999376, -0.0180968, 0.0303389, 0.0176744, 0.999744, 0.0141315, -0.0305869, -0.0135865, 0.99944, 0.00293995  
41, 4.50574, -15.3337, 180.763, 0.999338, -0.0183125, 0.0314203, 0.0178185, 0.999714, 0.0159308, -0.031703, -0.0153604, 0.999379, 0.00277879  
42, 4.52235, -15.3373, 180.775, 0.999362, -0.0171356, 0.0313465, 0.0166941, 0.999758, 0.0142927, -0.0315839, -0.0137602, 0.999406, 0.00292525  
43, 4.52425, -15.3303, 180.755, 0.999323, -0.0181961, 0.0319735, 0.0177134, 0.999726, 0.0153164, -0.0322435, -0.0147397, 0.999371, 0.00278517  
44, 4.50313, -15.3302, 180.736, 0.999351, -0.017643, 0.0314196, 0.0171802, 0.999741, 0.0149401, -0.0316751, -0.0143906, 0.999395, 0.00297323  
45, 4.50255, -15.3346, 180.753, 0.999321, -0.0185641, 0.0318235, 0.0180698, 0.999713, 0.0157482, -0.0321067, -0.0151624, 0.999369, 0.00295354  
46, 4.53127, -15.3373, 180.786, 0.999342, -0.0179709, 0.0314994, 0.0174941, 0.999729, 0.0153465, -0.0317667, -0.0147853, 0.999386, 0.0028007  
47, 4.53122, -15.3377, 180.754, 0.999333, -0.0181294, 0.0316944, 0.017637, 0.99972, 0.0157461, -0.031971, -0.0151766, 0.999374, 0.00290611  
48, 4.51666, -15.3594, 180.779, 0.999332, -0.017661, 0.0319886, 0.0171491, 0.999722, 0.0162074, -0.032266, -0.015648, 0.999357, 0.00289279  
49, 4.53458, -15.3582, 180.744, 0.999303, -0.0184974, 0.0324337, 0.017978, 0.999707, 0.0162304, -0.0327244, -0.015636, 0.999342, 0.00300763  
50, 4.5272, -15.3589, 180.774, 0.99934, -0.0182082, 0.0314467, 0.0177057, 0.999712, 0.0161868, -0.0317323, -0.0156193, 0.999374, 0.00293856  
51, 4.52274, -15.3741, 180.75, 0.999385, -0.0171938, 0.0305749, 0.0167793, 0.999765, 0.0137613, -0.0308043, -0.0132399, 0.999438, 0.00281624  
52, 4.52807, -15.3754, 180.754, 0.999377, -0.0171595, 0.0308362, 0.0167477, 0.999768, 0.0135663, -0.0310618, -0.0130414, 0.999432, 0.00283621  
53, 4.5309, -15.391, 180.773, 0.99936, -0.0175747, 0.0311415, 0.0171443, 0.999755, 0.0140353, -0.0313805, -0.0134925, 0.999416, 0.00278212  
54, 4.51812, -15.389, 180.782, 0.999356, -0.0174585, 0.0313635, 0.0170034, 0.999747, 0.0147198, -0.0316126, -0.014177, 0.9994, 0.00307697  
55, 4.51176, -15.3885, 180.768, 0.999331, -0.018114, 0.031776, 0.0176397, 0.99973, 0.0151427, -0.0320418, -0.0145721, 0.99938, 0.00299126  
56, 4.5229, -15.3753, 180.756, 0.999331, -0.0177025, 0.0320046, 0.0172125, 0.999731, 0.0155202, -0.0322707, -0.014959, 0.999367, 0.00283121  
57, 4.5085, -15.3783, 180.771, 0.999326, -0.0174715, 0.0322748, 0.0169532, 0.999724, 0.0162663, -0.0325501, -0.0157082, 0.999347, 0.00284231  
58, 4.5129, -15.406, 180.784, 0.99934, -0.0181275, 0.0314943, 0.0176527, 0.999727, 0.0152917, -0.0317629, -0.0147256, 0.999387, 0.0027566  
59, 4.49631, -15.3823, 180.758, 0.999326, -0.0178561, 0.032078, 0.0173428, 0.999718, 0.0162087, -0.0323584, -0.0156414, 0.999354, 0.00333244  
60, 4.51847, -15.4339, 180.792, 0.999346, -0.0176988, 0.0315345, 0.0172096, 0.999728, 0.0157155, -0.0318041, -0.0151625, 0.999379, 0.00300069  
61, 4.54496, -15.4141, 180.788, 0.999335, -0.0189802, 0.0311437, 0.018526, 0.999719, 0.0148061, -0.031416, -0.0142193, 0.999405, 0.00283232  
62, 4.52408, -15.4235, 180.78, 0.999311, -0.0183491, 0.0322712, 0.0178501, 0.999718, 0.0156835, -0.0325499, -0.0150966, 0.999356, 0.00300846  
63, 4.5374, -15.4275, 180.806, 0.999351, -0.0186044, 0.030852, 0.0181309, 0.999715, 0.0155548, -0.0311326, -0.0149854, 0.999403, 0.00312302  
64, 4.53968, -15.4143, 180.776, 0.999332, -0.0184481, 0.0315392, 0.0179699, 0.99972, 0.0153784, -0.0318141, -0.0148013, 0.999384, 0.00293551  
65, 4.52792, -15.4309, 180.814, 0.999337, -0.0184497, 0.0314006, 0.0179694, 0.999718, 0.0155108, -0.0316779, -0.0149362, 0.999387, 0.00451158  
66, 4.49967, -15.4221, 180.792, 0.999327, -0.0184508, 0.0317134, 0.0179533, 0.999712, 0.0159006, -0.0319977, -0.0153206, 0.999371, 0.00282151  
67, 4.54027, -15.4294, 180.81, 0.999359, -0.0183259, 0.0307554, 0.017863, 0.999724, 0.0152597, -0.0310266, -0.0147005, 0.99941, 0.00283676  
68, 4.53982, -15.4668, 180.792, 0.999355, -0.0177881, 0.0311953, 0.0173373, 0.999742, 0.0146599, -0.031448, -0.0141096, 0.999406, 0.00277546  
69, 4.55402, -15.4348, 180.808, 0.999376, -0.0181428, 0.0303109, 0.0177154, 0.999741, 0.0143094, -0.0305626, -0.0137635, 0.999438, 0.00282567  
70, 4.53597, -15.4538, 180.798, 0.99931, -0.0185769, 0.0321765, 0.0180926, 0.99972, 0.0152779, -0.0324513, -0.0146852, 0.999365, 0.00292053  
71, 4.51141, -15.4482, 180.784, 0.999322, -0.0172255, 0.0325335, 0.0166774, 0.999716, 0.0170449, -0.0328178, -0.0164908, 0.999325, 0.00284564  
72, 4.53365, -15.4308, 180.787, 0.999285, -0.0194517, 0.0324316, 0.0188883, 0.999667, 0.0175889, -0.0327629, -0.0169637, 0.999319, 0.00292386  
73, 4.54094, -15.4458, 180.817, 0.999349, -0.018571, 0.0309435, 0.0181252, 0.999729, 0.0146255, -0.0312067, -0.0140551, 0.999414, 0.00271111  
74, 4.52035, -15.4599, 180.814, 0.999377, -0.0176483, 0.0305628, 0.0171951, 0.999739, 0.015028, -0.03082, -0.0144931, 0.99942, 0.00301817  
75, 4.5355, -15.4289, 180.796, 0.99934, -0.017706, 0.0317123, 0.0172361, 0.999738, 0.0150298, -0.0319701, -0.0144733, 0.999384, 0.00283787  
76, 4.51982, -15.4274, 180.804, 0.999349, -0.0173093, 0.0316389, 0.0168472, 0.999748, 0.0148155, -0.0318873, -0.0142729, 0.99939, 0.00272526  
77, 4.49488, -15.4322, 180.786, 0.999362, -0.0170985, 0.0313691, 0.016605, 0.999735, 0.0159249, -0.0316331, -0.0153939, 0.999381, 0.00286561  
78, 4.52783, -15.392, 180.789, 0.999317, -0.0185834, 0.0319463, 0.018066, 0.999702, 0.0164082, -0.0322417, -0.0158199, 0.999355, 0.00271472  
79, 4.5188, -15.4049, 180.78, 0.999338, -0.0185221, 0.031325, 0.0180436, 0.999717, 0.0154902, -0.031603, -0.0149148, 0.999389, 0.00281735  
80, 4.54453, -15.4144, 180.785, 0.999364, -0.0179401, 0.0308309, 0.0174988, 0.999741, 0.0145231, -0.0310835, -0.0139744, 0.999419, 0.00283649  
81, 4.53085, -15.4028, 180.798, 0.99935, -0.0180081, 0.0312337, 0.0175327, 0.999727, 0.0154287, -0.0315031, -0.0148711, 0.999393, 0.00272248  
82, 4.5278, -15.3949, 180.773, 0.999362, -0.0170595, 0.0313663, 0.0165976, 0.999751, 0.0149264, -0.0316131, -0.0143962, 0.999396, 0.00293995  
83, 4.51162, -15.3891, 180.793, 0.999326, -0.0186122, 0.0316388, 0.0180677, 0.999685, 0.0174081, -0.0319529, -0.0168248, 0.999348, 0.0027505  
84, 4.52261, -15.4056, 180.78, 0.999332, -0.0179391, 0.0318301, 0.017474, 0.999737, 0.0148301, -0.0320878, -0.014264, 0.999383, 0.00276964  
85, 4.50485, -15.3878, 180.758, 0.999309, -0.018387, 0.0323126, 0.0178584, 0.999703, 0.0165728, -0.0326078, -0.0159843, 0.99934, 0.00280625  
86, 4.53405, -15.3698, 180.765, 0.999369, -0.0177856, 0.0307526, 0.017353, 0.999748, 0.0142759, -0.0309987, -0.0137333, 0.999425, 0.00281929  
87, 4.5172, -15.3686, 180.76, 0.999342, -0.0180532, 0.0314511, 0.0175933, 0.999735, 0.014839, -0.0317106, -0.0142759, 0.999395, 0.00282733  
88, 4.49893, -15.3616, 180.785, 0.999327, -0.0184636, 0.031692, 0.0179287, 0.999693, 0.0170818, -0.0319976, -0.0165021, 0.999352, 0.00272692  
89, 4.50997, -15.3489, 180.777, 0.999335, -0.0183791, 0.0314878, 0.0178834, 0.999713, 0.015953, -0.0317719, -0.0153793, 0.999377, 0.00280875  
90, 4.54887, -15.3654, 180.807, 0.99939, -0.0170617, 0.0304761, 0.016667, 0.999775, 0.0131579, -0.0306937, -0.0126419, 0.999449, 0.00282012  
91, 4.52351, -15.3377, 180.786, 0.999362, -0.0184578, 0.0305792, 0.0179904, 0.999718, 0.0154878, -0.0308564, -0.0149278, 0.999412, 0.0027738  
92, 4.53277, -15.3284, 180.786, 0.999357, -0.0181124, 0.0309524, 0.0176447, 0.999727, 0.0153174, -0.0312213, -0.0147614, 0.999403, 0.00286922  
93, 4.50894, -15.3451, 180.759, 0.999333, -0.0183924, 0.0315336, 0.0178866, 0.999708, 0.0162496, -0.0318233, -0.0156747, 0.999371, 0.00282594  
94, 4.53579, -15.3428, 180.781, 0.999351, -0.0182056, 0.0310872, 0.0177374, 0.999726, 0.015271, -0.0313567, -0.0147097, 0.9994, 0.00287615  
95, 4.51283, -15.338, 180.762, 0.99934, -0.0177662, 0.0316809, 0.0172743, 0.999727, 0.0157338, -0.0319518, -0.0151761, 0.999374, 0.00284009  
96, 4.51812, -15.3492, 180.755, 0.999341, -0.0176143, 0.0317329, 0.0171339, 0.999735, 0.0153495, -0.0319949, -0.0147957, 0.999379, 0.00274606  
97, 4.51195, -15.3396, 180.781, 0.999363, -0.0177146, 0.0309781, 0.0172469, 0.999734, 0.0153018, -0.031241, -0.0147578, 0.999403, 0.00307143  
98, 4.50801, -15.3423, 180.773, 0.99935, -0.0176739, 0.0314333, 0.0171572, 0.999714, 0.0166337, -0.0317183, -0.0160836, 0.999367, 0.00287865  
99, 4.5035, -15.3297, 180.785, 0.999292, -0.0190442, 0.0324346, 0.0185013, 0.999685, 0.0169575, -0.0327473, -0.0163454, 0.99933, 0.00290888  
100, 4.5157, -15.3315, 180.772, 0.99931, -0.0182561, 0.0323566, 0.0177426, 0.999713, 0.016088, -0.032641, -0.0155028, 0.999347, 0.00285479  
101, 4.52684, -15.3415, 180.799, 0.999367, -0.0176668, 0.0308686, 0.0172192, 0.999744, 0.0147069, -0.0311205, -0.0141661, 0.999415, 0.002829  
102, 4.51076, -15.3459, 180.783, 0.999372, -0.0179209, 0.0305816, 0.0174631, 0.999732, 0.015172, -0.0308453, -0.0146285, 0.999417, 0.0028792  
103, 4.53678, -15.3388, 180.777, 0.999339, -0.0175606, 0.0318219, 0.0171021, 0.999747, 0.0146215, -0.0320706, -0.0140676, 0.999387, 0.00279432  
104, 4.51584, -15.3561, 180.775, 0.999305, -0.0183438, 0.0324547, 0.0178443, 0.999719, 0.0156132, -0.032732, -0.0150232, 0.999351, 0.00287587  
105, 4.52993, -15.3753, 180.785, 0.999356, -0.018072, 0.0310075, 0.0176273, 0.999739, 0.0145573, -0.0312624, -0.0140014, 0.999413, 0.00286894  
106, 4.51834, -15.3599, 180.772, 0.999321, -0.0181076, 0.0321003, 0.0176149, 0.999724, 0.0155657, -0.0323733, -0.0149897, 0.999363, 0.00282594  
107, 4.53427, -15.3587, 180.783, 0.999371, -0.0184718, 0.0302701, 0.0180518, 0.999738, 0.0140879, -0.0305224, -0.0135326, 0.999442, 0.00289335  
108, 4.50707, -15.3962, 180.781, 0.99939, -0.0171307, 0.0304167, 0.0167061, 0.99976, 0.01416, -0.030652, -0.0136432, 0.999437, 0.0028179  
109, 4.54767, -15.4288, 180.776, 0.999391, -0.0174248, 0.0302417, 0.0170685, 0.999782, 0.0119999, -0.0304442, -0.0114764, 0.999471, 0.0028523  
110, 4.59066, -15.4765, 180.788, 0.999409, -0.0170796, 0.0298393, 0.0168387, 0.999824, 0.00830631, -0.0299759, -0.00779894, 0.99952, 0.00295798  
111, 4.64534, -15.5589, 180.824, 0.999371, -0.0172042, 0.0310234, 0.0170007, 0.999832, 0.00681085, -0.0311354, -0.00627914, 0.999495, 0.00289584  
112, 4.69272, -15.6709, 180.829, 0.999353, -0.0167287, 0.0318377, 0.0166461, 0.999857, 0.00285746, -0.0318809, -0.00232564, 0.999489, 0.00287338  
113, 4.68299, -15.7931, 180.821, 0.999403, -0.0155452, 0.0308432, 0.0155809, 0.999878, -0.000919653, -0.0308252, 0.00139967, 0.999524, 0.00278656  
114, 4.71234, -15.9133, 180.835, 0.999361, -0.014625, 0.0326268, 0.0147973, 0.999878, -0.00504591, -0.032549, 0.00552547, 0.999455, 0.00295964  
115, 4.75512, -16.0887, 180.846, 0.999364, -0.0146765, 0.0325078, 0.0150012, 0.99984, -0.00976829, -0.0323593, 0.0102497, 0.999424, 0.00294938  
116, 4.77348, -16.2324, 180.896, 0.999364, -0.0156696, 0.0320207, 0.0161449, 0.999763, -0.0146378, -0.0317837, 0.0151455, 0.99938, 0.00279654  
117, 4.7982, -16.3501, 180.9, 0.999367, -0.0154817, 0.0320428, 0.0161112, 0.99968, -0.0194791, -0.031731, 0.019983, 0.999297, 0.00290472  
118, 4.81417, -16.4441, 180.913, 0.999352, -0.0158592, 0.0323116, 0.0166266, 0.999583, -0.0236195, -0.0319236, 0.0241414, 0.999199, 0.00271472  
119, 4.91814, -16.6664, 180.882, 0.999331, -0.0156883, 0.0330272, 0.0167897, 0.999303, -0.0333397, -0.0324812, 0.0338719, 0.998898, 0.00298461  
120, 4.94006, -16.8046, 180.922, 0.999363, -0.0159422, 0.0319424, 0.0172427, 0.999016, -0.040858, -0.0312596, 0.0413828, 0.998654, 0.00292164  
121, 4.92814, -17.0421, 180.905, 0.999308, -0.0138207, 0.0345217, 0.0154541, 0.998751, -0.0475069, -0.033822, 0.0480075, 0.998274, 0.00273774  
122, 4.97865, -17.1402, 180.922, 0.999339, -0.0140405, 0.0335229, 0.0158381, 0.998417, -0.0539735, -0.032712, 0.0544687, 0.99798, 0.00289806  
123, 4.89564, -17.2272, 180.929, 0.999303, -0.0116064, 0.0354828, 0.0135813, 0.998342, -0.0559344, -0.0347748, 0.0563773, 0.997804, 0.00270889  
124, 5.03576, -17.3836, 181.013, 0.999511, -0.0118784, 0.0289096, 0.0137334, 0.997801, -0.0648365, -0.0280759, 0.0652019, 0.997477, 0.00307753  
125, 4.99802, -17.5603, 181.025, 0.99947, -0.00999965, 0.03099, 0.0121267, 0.997527, -0.0692284, -0.0302211, 0.0695675, 0.997119, 0.00292941  
126, 5.035, -17.5931, 180.953, 0.999454, -0.0112153, 0.0310843, 0.0136155, 0.996852, -0.0781126, -0.0301104, 0.0784931, 0.99646, 0.00275771  
127, 5.04387, -17.7119, 180.967, 0.999445, -0.0105564, 0.031592, 0.0132055, 0.996305, -0.0848586, -0.0305794, 0.0852287, 0.995892, 0.00289141  
128, 5.03671, -17.5339, 180.782, 0.999192, -0.0118377, 0.0383965, 0.015414, 0.995432, -0.0942238, -0.0371057, 0.0947396, 0.99481, 0.0027039  
129, 5.00682, -17.6796, 180.787, 0.999221, -0.0108033, 0.0379617, 0.0146137, 0.99472, -0.101578, -0.0366639, 0.102054, 0.994103, 0.00297185  
130, 5.01756, -17.6366, 180.737, 0.999237, -0.0113375, 0.0373879, 0.0153874, 0.993826, -0.109879, -0.0359113, 0.11037, 0.993242, 0.00298877  
131, 4.99283, -17.7618, 180.985, 0.999495, -0.00652835, 0.0311005, 0.00996778, 0.993686, -0.111754, -0.0301746, 0.112008, 0.993249, 0.0027272  
132, 5.00717, -17.618, 180.939, 0.999565, -0.00669523, 0.0287312, 0.0101887, 0.992326, -0.123226, -0.0276857, 0.123465, 0.991963, 0.00291665  
133, 4.87238, -17.5833, 180.97, 0.999487, -0.00286308, 0.0318951, 0.00687666, 0.991949, -0.126449, -0.0312763, 0.126603, 0.99146, 0.00273607  
134, 4.9573, -17.4459, 180.957, 0.999582, -0.00528323, 0.0284325, 0.00918753, 0.99025, -0.138995, -0.0274209, 0.139198, 0.989885, 0.00299404  
135, 4.85844, -17.176, 180.943, 0.999551, -0.00214946, 0.0298857, 0.00646902, 0.989381, -0.145202, -0.0292563, 0.14533, 0.988951, 0.00295354  
136, 4.95585, -17.051, 180.893, 0.999556, -0.00533821, 0.029301, 0.00994182, 0.98718, -0.159299, -0.028075, 0.15952, 0.986795, 0.00284092  
137, 4.86509, -16.7012, 180.886, 0.999569, -0.00291352, 0.0292272, 0.0077371, 0.986042, -0.166315, -0.0283347, 0.166469, 0.985639, 0.00285757  
138, 4.78667, -16.3963, 180.813, 0.999497, -0.00176988, 0.0316578, 0.00722744, 0.984874, -0.173123, -0.0308725, 0.173265, 0.984391, 0.00269363  
139, 4.78517, -16.0382, 180.699, 0.999441, -0.00132794, 0.0334018, 0.00739874, 0.983216, -0.182294, -0.0325991, 0.18244, 0.982676, 0.00278434  
140, 4.70812, -15.4607, 180.634, 0.999466, -0.00104653, 0.0326577, 0.00724076, 0.981731, -0.190138, -0.0318621, 0.190273, 0.981214, 0.00293024  
141, 4.70699, -14.9005, 180.505, 0.999433, -0.00172313, 0.0336267, 0.00836552, 0.980083, -0.198413, -0.0326151, 0.198582, 0.979542, 0.00282012  
142, 4.65703, -14.4383, 180.397, 0.999361, 0.000137898, 0.0357432, 0.00724022, 0.978481, -0.206208, -0.0350025, 0.206335, 0.977855, 0.00289973  
143, 4.62183, -13.7021, 180.326, 0.999399, 0.000373651, 0.0346527, 0.00707674, 0.97667, -0.214628, -0.0339244, 0.214744, 0.976081, 0.00271721  
144, 4.57057, -13.1132, 180.396, 0.999357, 0.00238506, 0.0357814, 0.00546382, 0.97601, -0.217659, -0.0354421, 0.217715, 0.975369, 0.00280542  
145, 4.65392, -12.3453, 180.451, 0.999279, 0.00224042, 0.0378974, 0.00638325, 0.974129, -0.225902, -0.0374231, 0.225981, 0.973413, 0.00296325  
146, 4.59036, -11.5044, 180.391, 0.99934, 0.00246616, 0.0362334, 0.0060022, 0.972756, -0.231754, -0.0358178, 0.231818, 0.972099, 0.00277629  
147, 4.74025, -10.8096, 180.346, 0.99932, -0.000851223, 0.03685, 0.00964551, 0.970936, -0.239145, -0.0355754, 0.239338, 0.970284, 0.0028964  
148, 4.64898, -9.6977, 180.288, 0.999301, 0.00308604, 0.0372568, 0.00604999, 0.970101, -0.242628, -0.0368916, 0.242683, 0.969404, 0.00271222  
149, 4.80528, -8.90602, 180.152, 0.999312, 0.0023478, 0.0370223, 0.00708245, 0.967563, -0.25253, -0.0364143, 0.252618, 0.966881, 0.0031649  
150, 4.65584, -7.67422, 180.017, 0.999226, 0.00582684, 0.0388943, 0.00417358, 0.967668, -0.252191, -0.0391063, 0.252158, 0.966895, 0.00292968  
151, 4.82117, -6.46589, 180.011, 0.99924, 0.00592908, 0.0385378, 0.00417199, 0.966439, -0.256862, -0.0387674, 0.256828, 0.965679, 0.00272331  
152, 4.79714, -4.92631, 179.976, 0.999162, 0.00885733, 0.0399519, 0.00177011, 0.966026, -0.258437, -0.0408836, 0.258291, 0.965202, 0.00290694  
153, 4.90927, -3.44877, 179.966, 0.9991, 0.0101066, 0.0412041, 0.00111435, 0.964625, -0.263624, -0.0424108, 0.263433, 0.963745, 0.00271  
154, 4.96213, -1.83156, 180.034, 0.998991, 0.0110967, 0.0435159, 0.00083399, 0.96424, -0.265031, -0.0449007, 0.2648, 0.963257, 0.00277574  
155, 5.07708, -0.0369567, 180.022, 0.999017, 0.0117959, 0.0427403, 0.000126881, 0.963196, -0.268798, -0.044338, 0.268539, 0.962248, 0.00294106  
156, 5.22295, 1.83105, 179.986, 0.99892, 0.0111119, 0.0451131, 0.00166025, 0.961822, -0.273671, -0.0464318, 0.27345, 0.960765, 0.00273108  
157, 5.33479, 3.89677, 179.958, 0.998801, 0.0151732, 0.0465503, -0.00203767, 0.962826, -0.270115, -0.0489183, 0.269697, 0.961702, 0.00284037  
158, 5.49226, 5.97946, 179.935, 0.998895, 0.014915, 0.044572, -0.00222032, 0.96223, -0.272229, -0.0469488, 0.271829, 0.9612, 0.00273691  
159, 5.59593, 8.15523, 179.94, 0.998871, 0.0157513, 0.0448261, -0.00293855, 0.962124, -0.272597, -0.047422, 0.272157, 0.961083, 0.00277685  
160, 5.55249, 10.3737, 179.836, 0.998761, 0.0172263, 0.046688, -0.00374264, 0.961521, -0.274705, -0.0496237, 0.27419, 0.960394, 0.00282955  
161, 5.58617, 12.8066, 179.902, 0.998691, 0.0202351, 0.0469871, -0.00670976, 0.962326, -0.271815, -0.0507172, 0.271144, 0.961202, 0.00274412  
162, 5.56043, 15.2767, 179.928, 0.998559, 0.0211758, 0.0493152, -0.00706254, 0.962726, -0.270387, -0.0532027, 0.269649, 0.961488, 0.00308058  
163, 5.59413, 17.7647, 179.938, 0.998569, 0.0234646, 0.0480512, -0.00968157, 0.963065, -0.269093, -0.0525906, 0.268243, 0.961915, 0.0027677  
164, 5.46625, 20.4125, 179.988, 0.998531, 0.0252769, 0.0479321, -0.0116038, 0.963764, -0.266505, -0.0529316, 0.265558, 0.962641, 0.00287643  
165, 5.4303, 23.1505, 180.179, 0.998393, 0.0241896, 0.0512504, -0.00962518, 0.963569, -0.267288, -0.0558489, 0.266366, 0.962253, 0.00273358  
166, 5.34451, 26.0533, 180.212, 0.998345, 0.0241838, 0.0521741, -0.00967395, 0.964972, -0.262176, -0.056687, 0.261237, 0.963609, 0.00272775  
167, 5.16995, 28.9346, 180.161, 0.998614, 0.0240986, 0.0467964, -0.0109714, 0.96481, -0.262719, -0.0514808, 0.261842, 0.963737, 0.00279793  
168, 5.07422, 32.1899, 180.241, 0.998569, 0.0251623, 0.0471806, -0.0122616, 0.966601, -0.255992, -0.0520462, 0.255047, 0.965527, 0.00271472  
169, 4.99676, 35.1334, 180.142, 0.998699, 0.0237228, 0.0451462, -0.0116572, 0.967978, -0.250765, -0.0496493, 0.249913, 0.966995, 0.0029319  
170, 4.70403, 38.7563, 180.254, 0.998595, 0.0277129, 0.0451722, -0.016211, 0.971254, -0.237491, -0.0504552, 0.236425, 0.970339, 0.00281707  
171, 4.57805, 41.8916, 180.354, 0.998639, 0.0272938, 0.0444428, -0.0160593, 0.971652, -0.235868, -0.0496207, 0.234834, 0.970768, 0.00282262  
172, 4.36749, 45.6823, 180.458, 0.998437, 0.0309174, 0.0465647, -0.019728, 0.974398, -0.223962, -0.0522969, 0.222694, 0.973485, 0.00284453  
173, 4.2372, 48.9764, 180.352, 0.99866, 0.0315966, 0.040984, -0.0214469, 0.973452, -0.227885, -0.0470963, 0.2267, 0.972825, 0.00276242  
174, 3.92161, 52.843, 180.495, 0.998567, 0.0323027, 0.0426753, -0.0226428, 0.977431, -0.210036, -0.0484969, 0.208769, 0.976762, 0.00278073  
175, 3.79551, 56.3836, 180.475, 0.998759, 0.0301167, 0.0396687, -0.0213318, 0.978381, -0.205709, -0.0450064, 0.204608, 0.977809, 0.00290444  
176, 3.4557, 60.4037, 180.637, 0.998712, 0.0328154, 0.0386852, -0.0248181, 0.981164, -0.191576, -0.0442432, 0.19037, 0.980715, 0.00282012  
177, 3.11182, 64.1411, 180.592, 0.998627, 0.0335412, 0.0402335, -0.0254588, 0.982067, -0.186807, -0.0457777, 0.185526, 0.981572, 0.00283538  
178, 2.77946, 68.1578, 180.685, 0.998659, 0.0334515, 0.0395126, -0.0259257, 0.983761, -0.1776, -0.0448119, 0.176337, 0.983309, 0.00281291  
179, 2.54159, 72.0726, 180.779, 0.998695, 0.0348739, 0.0373071, -0.028158, 0.985482, -0.167431, -0.0426044, 0.166162, 0.985178, 0.00298655  
180, 2.40294, 76.1665, 180.897, 0.998739, 0.035073, 0.0359112, -0.0286752, 0.985824, -0.165317, -0.0412003, 0.164079, 0.985587, 0.00284037  
181, 2.28982, 80.5801, 181.011, 0.998718, 0.0382839, 0.0331277, -0.032935, 0.988263, -0.149172, -0.0384498, 0.14789, 0.988256, 0.00274883  
182, 2.16765, 84.5319, 181.092, 0.998812, 0.036425, 0.0323768, -0.031604, 0.98984, -0.138631, -0.0370975, 0.137443, 0.989815, 0.00284342  
183, 1.94195, 88.9398, 181.149, 0.998752, 0.0373014, 0.0332121, -0.0325442, 0.990478, -0.133766, -0.0378855, 0.132518, 0.990456, 0.0029283  
184, 1.65915, 93.1925, 180.979, 0.9987, 0.0375557, 0.0344627, -0.0330869, 0.991959, -0.122157, -0.0387733, 0.120858, 0.991912, 0.00286228  
185, 1.46427, 97.8775, 181.216, 0.998767, 0.0371952, 0.0328751, -0.0333138, 0.993193, -0.111614, -0.0368028, 0.110381, 0.993208, 0.00305229  
186, 1.10338, 102.202, 181.056, 0.99869, 0.0378703, 0.0344124, -0.0342163, 0.994279, -0.101188, -0.0380476, 0.0998778, 0.994272, 0.00282234  
187, 0.773118, 106.735, 180.997, 0.99876, 0.036488, 0.0338773, -0.0332638, 0.995268, -0.091294, -0.0370481, 0.0900538, 0.995248, 0.0028387  
188, 0.566929, 111.262, 181.189, 0.998828, 0.0371466, 0.0310211, -0.0347218, 0.996553, -0.0753492, -0.0337131, 0.0741838, 0.996675, 0.0028584  
189, 0.469604, 115.571, 181.299, 0.999007, 0.0348006, 0.0278198, -0.0329884, 0.99746, -0.0631371, -0.0299464, 0.0621567, 0.997617, 0.0029835  
190, 0.163197, 120.326, 181.297, 0.998882, 0.0362856, 0.0302917, -0.0346284, 0.997965, -0.0535475, -0.032173, 0.0524387, 0.998106, 0.00305173  
191, -0.071702, 124.437, 181.198, 0.99901, 0.0357854, 0.0264121, -0.0345796, 0.998398, -0.0447801, -0.0279722, 0.0438224, 0.998648, 0.00279987  
192, -0.413416, 129.151, 181.211, 0.998782, 0.038479, 0.0308696, -0.0376594, 0.998934, -0.0267053, -0.0318643, 0.0255102, 0.999167, 0.00288419  
193, -0.723257, 133.437, 181.089, 0.999007, 0.0373692, 0.0242477, -0.0368767, 0.999111, -0.0204478, -0.0249902, 0.0195333, 0.999497, 0.00288225  
194, -1.02745, 138.148, 181.235, 0.998818, 0.0399685, 0.027676, -0.0398804, 0.999198, -0.00372638, -0.0278028, 0.00261824, 0.99961, 0.00288142  
195, -1.16168, 142.489, 181.337, 0.99902, 0.0371284, 0.0240772, -0.0371658, 0.999309, 0.00110415, -0.0240195, -0.00199791, 0.999709, 0.00292525  
196, -1.32741, 147.13, 181.435, 0.999257, 0.0314682, 0.0222571, -0.0321116, 0.999059, 0.0291667, -0.0213183, -0.0298597, 0.999327, 0.00285812  
197, -1.60633, 151.65, 181.475, 0.999298, 0.030637, 0.0215567, -0.0315496, 0.998562, 0.0433505, -0.0201975, -0.0440002, 0.998827, 0.0028498  
198, -2.19206, 156.483, 181.285, 0.999276, 0.0320501, 0.0205247, -0.0331698, 0.997837, 0.0567597, -0.0186612, -0.0573994, 0.998177, 0.00289279  
199, -2.58569, 160.858, 181.178, 0.999314, 0.0322153, 0.0182668, -0.0333064, 0.99746, 0.0629584, -0.0161922, -0.0635237, 0.997849, 0.00279654  
200, -2.89853, 165.466, 181.253, 0.99927, 0.0323583, 0.0203065, -0.0337856, 0.996656, 0.0744019, -0.017831, -0.0750336, 0.997022, 0.00305034  
201, -3.31917, 169.707, 181.316, 0.999233, 0.0328795, 0.0212575, -0.0346461, 0.995437, 0.0889147, -0.0182371, -0.089583, 0.995812, 0.00285812  
202, -3.64783, 174.082, 181.102, 0.999337, 0.0311824, 0.0187675, -0.0328406, 0.994866, 0.0957258, -0.0156862, -0.0962787, 0.995231, 0.00278683  
203, -3.88639, 178.522, 181.216, 0.999392, 0.0319449, 0.0139991, -0.033265, 0.99367, 0.107304, -0.0104827, -0.107704, 0.994128, 0.00283843  
204, -4.29032, 182.773, 181.112, 0.999363, 0.0336642, 0.011862, -0.0348213, 0.992539, 0.116849, -0.00783989, -0.117188, 0.993079, 0.00303814  
205, -4.72633, 186.959, 180.949, 0.999416, 0.0327602, 0.00973186, -0.0337437, 0.991049, 0.129167, -0.00541321, -0.12942, 0.991575, 0.00304397  
206, -5.07846, 191.193, 180.892, 0.999446, 0.0326891, 0.00625011, -0.0332417, 0.989648, 0.139614, -0.00162155, -0.139744, 0.990186, 0.00280625  
207, -5.51821, 195.247, 180.894, 0.999464, 0.0326855, 0.00179426, -0.0325933, 0.988563, 0.147243, 0.00303897, -0.147223, 0.989099, 0.0029111  
208, -5.86533, 199.259, 180.976, 0.999563, 0.0295449, -0.00106596, -0.02902, 0.987413, 0.155477, 0.0056461, -0.155378, 0.987839, 0.00280486  
209, -6.44726, 203.244, 180.825, 0.999529, 0.0306167, -0.00228514, -0.0298826, 0.987236, 0.156433, 0.00704544, -0.156291, 0.987686, 0.0027774  
210, -6.98426, 207.292, 180.618, 0.999428, 0.0336118, -0.00380889, -0.0324753, 0.984903, 0.170034, 0.00946654, -0.169813, 0.985431, 0.00301068  
211, -7.3929, 211.003, 180.663, 0.999444, 0.032867, -0.00558267, -0.0313933, 0.984215, 0.174168, 0.0112189, -0.173896, 0.9847, 0.00283038  
212, -7.89558, 214.676, 180.618, 0.999466, 0.031221, -0.00963922, -0.0289911, 0.983394, 0.179155, 0.0150725, -0.17878, 0.983774, 0.00279044  
213, -8.28951, 218.339, 180.563, 0.999439, 0.0316621, -0.0108852, -0.0290157, 0.981308, 0.190242, 0.0167052, -0.189819, 0.981677, 0.00270279  
214, -8.66425, 222.002, 180.512, 0.99946, 0.0300273, -0.0133148, -0.0268306, 0.980153, 0.196419, 0.0189485, -0.195956, 0.98043, 0.00300347  
215, -9.17366, 225.48, 180.447, 0.999427, 0.0304618, -0.0147419, -0.0268264, 0.978686, 0.203603, 0.0206299, -0.203091, 0.978942, 0.00297545  
216, -9.54427, 229.035, 180.402, 0.999206, 0.0318113, -0.0239683, -0.0262667, 0.978647, 0.203861, 0.0299416, -0.203069, 0.978706, 0.00273275  
217, -10.0333, 232.257, 180.661, 0.999275, 0.0280666, -0.0257404, -0.0220259, 0.977329, 0.210579, 0.0310671, -0.209859, 0.977238, 0.00278406  
218, -10.4067, 235.644, 180.652, 0.999172, 0.0304767, -0.0269551, -0.0242148, 0.977832, 0.207987, 0.0326963, -0.207162, 0.97776, 0.00272914  
219, -10.9128, 238.605, 180.602, 0.999146, 0.0321425, -0.0259531, -0.0258772, 0.976638, 0.213326, 0.0322036, -0.212473, 0.976636, 0.00296685  
220, -11.2598, 241.719, 180.496, 0.99912, 0.0296697, -0.0296629, -0.022732, 0.977084, 0.211638, 0.0352624, -0.210777, 0.976898, 0.0029172  
221, -11.6583, 244.635, 180.527, 0.999075, 0.030196, -0.0306066, -0.0228598, 0.975975, 0.216681, 0.0364142, -0.215781, 0.975763, 0.00272997  
222, -11.9995, 247.368, 180.506, 0.999102, 0.0267678, -0.0328515, -0.0187969, 0.974736, 0.222566, 0.0379791, -0.221748, 0.974364, 0.00284703  
223, -12.4177, 249.978, 180.46, 0.999009, 0.0236041, -0.0377439, -0.0143709, 0.973459, 0.228408, 0.0421335, -0.227639, 0.972834, 0.00278545  
224, -12.8233, 252.714, 180.485, 0.998919, 0.0235085, -0.0401082, -0.0141032, 0.975306, 0.220406, 0.0442992, -0.219602, 0.974583, 0.00273718  
225, -13.2819, 255.378, 180.506, 0.999018, 0.0240211, -0.0372363, -0.0150694, 0.974406, 0.224292, 0.041671, -0.22351, 0.97381, 0.00290916  
226, -13.5799, 257.56, 180.657, 0.999033, 0.0227909, -0.0376047, -0.013935, 0.975212, 0.220834, 0.0417055, -0.220096, 0.974586, 0.00270307  
227, -13.8655, 260.256, 180.582, 0.998916, 0.0223885, -0.0408045, -0.0126277, 0.974189, 0.225382, 0.0447972, -0.224622, 0.973416, 0.00281846  
228, -14.2246, 262.148, 180.496, 0.998779, 0.017697, -0.0461293, -0.00688323, 0.974385, 0.224779, 0.0489257, -0.224187, 0.973317, 0.00262373  
229, -14.4969, 264.625, 180.445, 0.998907, 0.016048, -0.0439086, -0.00580895, 0.974563, 0.224038, 0.0463871, -0.223538, 0.973591, 0.00302483  
230, -14.6715, 266.502, 180.534, 0.998895, 0.0131209, -0.0451251, -0.00309415, 0.976511, 0.215444, 0.046892, -0.215067, 0.975473, 0.00291582  
231, -14.9512, 268.658, 180.402, 0.99878, 0.0121829, -0.0478587, -0.00159859, 0.976562, 0.215231, 0.0493591, -0.214892, 0.97539, 0.00277324  
232, -15.3195, 270.312, 180.295, 0.998761, 0.0108283, -0.0485749, -0.00013858, 0.976644, 0.214864, 0.049767, -0.214591, 0.975435, 0.00284675  
233, -15.5159, 272.314, 180.368, 0.9988, 0.0106818, -0.047794, -7.28895e-005, 0.976246, 0.216665, 0.0489731, -0.216402, 0.975075, 0.00273802  
234, -15.5153, 273.643, 180.529, 0.998813, 0.00812121, -0.0480221, 0.00219098, 0.977509, 0.210881, 0.0486547, -0.210736, 0.976331, 0.00308751  
235, -15.5352, 275.196, 180.651, 0.998764, 0.00501811, -0.0494399, 0.00541657, 0.977968, 0.208686, 0.0493978, -0.208696, 0.976732, 0.00296186  
236, -15.6052, 276.637, 180.7, 0.998882, 0.00493091, -0.047024, 0.00490325, 0.978382, 0.206747, 0.0470268, -0.206747, 0.977264, 0.00276104  
237, -15.5391, 277.917, 180.776, 0.99888, 0.00236674, -0.0472557, 0.00705904, 0.980116, 0.1983, 0.0467854, -0.198411, 0.979002, 0.00284286  
238, -15.5206, 279.103, 180.827, 0.999026, 0.00151957, -0.0440963, 0.00689415, 0.981756, 0.190022, 0.0435805, -0.190141, 0.980789, 0.00271166  
239, -15.4654, 280.43, 180.917, 0.99906, -0.001634, -0.0433195, 0.00957434, 0.98293, 0.183733, 0.0422798, -0.183975, 0.982021, 0.00302288  
240, -15.3626, 281.733, 180.943, 0.999149, -0.00264375, -0.0411632, 0.0100271, 0.983576, 0.180216, 0.0400107, -0.180476, 0.982765, 0.00318543  
241, -15.259, 283.038, 180.997, 0.999172, -0.00621816, -0.0401999, 0.0131447, 0.984584, 0.174415, 0.0384956, -0.174799, 0.983851, 0.00272969  
242, -15.0785, 283.959, 181.006, 0.999221, -0.00661433, -0.0388976, 0.0130458, 0.985786, 0.167499, 0.0372368, -0.167876, 0.985105, 0.00279571  
243, -14.8566, 284.945, 181.044, 0.999268, -0.00851732, -0.0372912, 0.0143588, 0.987125, 0.159303, 0.0354543, -0.159721, 0.986525, 0.00276575  
244, -14.629, 285.896, 181.035, 0.999304, -0.00961055, -0.0360397, 0.0150375, 0.988037, 0.153482, 0.0341335, -0.153917, 0.987494, 0.00306921  
245, -14.3257, 286.625, 181.077, 0.99936, -0.0119583, -0.0337099, 0.0167693, 0.989103, 0.146264, 0.0315935, -0.146736, 0.988671, 0.00304397  
246, -13.9293, 287.571, 181.152, 0.999424, -0.0138219, -0.0309859, 0.0180568, 0.989865, 0.140858, 0.028725, -0.141336, 0.989545, 0.00273413  
247, -13.5606, 288.104, 181.23, 0.999461, -0.016408, -0.0284332, 0.0200179, 0.991084, 0.131727, 0.0260183, -0.132225, 0.990878, 0.00282428  
248, -13.2192, 288.822, 181.234, 0.99953, -0.0183399, -0.0245474, 0.0211535, 0.992578, 0.119759, 0.0221688, -0.120222, 0.9925, 0.00270972  
249, -12.7581, 289.409, 181.261, 0.999566, -0.019967, -0.0216606, 0.0222234, 0.993739, 0.109495, 0.0193387, -0.109929, 0.993751, 0.00309278  
250, -12.3081, 289.994, 181.328, 0.999614, -0.0216873, -0.0173412, 0.0233315, 0.994609, 0.101042, 0.0150563, -0.101408, 0.994731, 0.00291776  
251, -11.8579, 290.478, 181.401, 0.999634, -0.0235386, -0.0133689, 0.0246743, 0.995422, 0.0923415, 0.0111341, -0.0926375, 0.995638, 0.00275244  
252, -11.2055, 291.045, 181.551, 0.999633, -0.0252162, -0.00988722, 0.0259331, 0.996399, 0.0807268, 0.00781599, -0.0809536, 0.996687, 0.00278045  
253, -10.8673, 291.466, 181.514, 0.99959, -0.0277568, -0.00701015, 0.0281897, 0.99701, 0.0719484, 0.00499213, -0.0721165, 0.997384, 0.0027161  
254, -10.4453, 291.774, 181.44, 0.999603, -0.0281333, -0.00123664, 0.0281563, 0.997731, 0.061151, -0.00048655, -0.0611615, 0.998128, 0.00306061  
255, -10.0512, 291.957, 181.466, 0.99953, -0.0306326, 0.000820511, 0.0305513, 0.998239, 0.0508495, -0.00237672, -0.0508005, 0.998706, 0.00301595  
256, -9.55905, 292.412, 181.503, 0.999524, -0.0305869, 0.00409386, 0.0303851, 0.998631, 0.0425848, -0.00539079, -0.0424401, 0.999084, 0.00274329  
257, -9.08635, 292.593, 181.476, 0.99943, -0.0330057, 0.00706337, 0.0328114, 0.999122, 0.0260512, -0.007917, -0.0258046, 0.999636, 0.00273774  
258, -8.73068, 293.111, 181.523, 0.999346, -0.0344678, 0.010894, 0.0342107, 0.999151, 0.0229667, -0.0116764, -0.022579, 0.999677, 0.00285396  
259, -8.27792, 293.433, 181.555, 0.999248, -0.0361528, 0.0140015, 0.036035, 0.999314, 0.00858086, -0.0143021, -0.00806987, 0.999865, 0.00308696  
260, -7.92697, 294.039, 181.614, 0.999238, -0.0348183, 0.017641, 0.034796, 0.999393, 0.00157197, -0.0176851, -0.000956938, 0.999843, 0.00273885  
261, -7.3947, 294.265, 181.611, 0.999091, -0.037903, 0.0195113, 0.0381963, 0.999159, -0.0148858, -0.0189306, 0.0156175, 0.999699, 0.00277075  
262, -7.03894, 294.964, 181.644, 0.99899, -0.0373755, 0.0249224, 0.0378265, 0.999124, -0.0178761, -0.0242325, 0.0188007, 0.99953, 0.00285396  
263, -6.5112, 295.208, 181.543, 0.99887, -0.0387799, 0.0274623, 0.0397695, 0.998544, -0.0364582, -0.0260085, 0.0375092, 0.998958, 0.00275993  
264, -6.20189, 295.994, 181.6, 0.99875, -0.0380977, 0.0323619, 0.0392931, 0.998537, -0.0371437, -0.0308995, 0.0383689, 0.998786, 0.00296186  
265, -5.6757, 296.209, 181.579, 0.99868, -0.0385651, 0.0339314, 0.0404889, 0.997497, -0.0579645, -0.031611, 0.0592619, 0.997742, 0.00297462  
266, -5.32529, 297.125, 181.659, 0.998494, -0.0383142, 0.0392709, 0.0405301, 0.997535, -0.0572761, -0.0369796, 0.0587815, 0.997586, 0.00272969  
267, -4.91002, 297.465, 181.574, 0.998368, -0.038644, 0.0420436, 0.04172, 0.996316, -0.0749285, -0.0389931, 0.0765603, 0.996302, 0.00278656  
268, -4.59726, 298.294, 181.631, 0.998244, -0.0391677, 0.0444399, 0.0427063, 0.995742, -0.0816911, -0.041051, 0.0834455, 0.995666, 0.00272803  
269, -4.26217, 298.981, 181.61, 0.998112, -0.0395241, 0.047012, 0.0436064, 0.995055, -0.0892429, -0.0432523, 0.0911244, 0.9949, 0.0026892  
270, -3.93789, 299.681, 181.572, 0.997904, -0.0408402, 0.0501977, 0.0458598, 0.993593, -0.103293, -0.0456576, 0.105379, 0.993383, 0.00339957  
271, -3.8429, 300.643, 181.592, 0.997686, -0.0390415, 0.0556712, 0.0446491, 0.993645, -0.103328, -0.0512833, 0.105574, 0.993088, 0.00280431  
272, -3.63513, 301.319, 181.439, 0.997588, -0.0410626, 0.0559733, 0.0476348, 0.991429, -0.121651, -0.0504982, 0.124023, 0.990993, 0.00282234  
273, -3.57946, 302.428, 181.426, 0.997427, -0.0405077, 0.0591553, 0.0475396, 0.991297, -0.122764, -0.0536676, 0.12526, 0.990671, 0.00286533  
274, -3.41187, 303.104, 181.299, 0.997549, -0.0406308, 0.0569577, 0.0483587, 0.988738, -0.141631, -0.0505616, 0.144038, 0.98828, 0.00288669  
275, -3.41461, 304.293, 181.414, 0.997556, -0.0402183, 0.0571378, 0.04776, 0.989358, -0.137439, -0.0510021, 0.139832, 0.988861, 0.00278628  
276, -3.38236, 305.066, 181.334, 0.997467, -0.0409365, 0.0581708, 0.0492162, 0.987627, -0.148897, -0.0513558, 0.151383, 0.98714, 0.00284425  
277, -3.4575, 306.16, 181.355, 0.997407, -0.0430032, 0.0577038, 0.0514572, 0.986715, -0.154094, -0.0503107, 0.156663, 0.98637, 0.00277796  
278, -3.54771, 307.158, 181.344, 0.9972, -0.0447842, 0.059892, 0.053865, 0.985677, -0.159812, -0.0518771, 0.16259, 0.985329, 0.00288308  
279, -3.68321, 308.234, 181.308, 0.997055, -0.0466146, 0.0608963, 0.0564121, 0.983721, -0.170621, -0.0519515, 0.173554, 0.983453, 0.00285923  
