0, 0, 0, 0, 0, 0, 0, 0, 0, 0, 0, 0, 0, 0.00624299  
1, 0, 0, 0, 0, 0, 0, 0, 0, 0, 0, 0, 0, 0.00259572  
2, -3.67905, -6.91085, 180.627, 0.999967, -0.0049969, 0.00646425, 0.00483197, 0.999669, 0.0252822, -0.00658844, -0.0252501, 0.999659, 0.00286284  
3, -3.72196, -6.9025, 180.623, 0.999963, -0.00477946, 0.00716289, 0.00458529, 0.999628, 0.0268838, -0.00728872, -0.02685, 0.999613, 0.00279599  
4, -3.7277, -6.9168, 180.643, 0.999966, -0.00493571, 0.00657984, 0.00476593, 0.999662, 0.0255742, -0.00670384, -0.025542, 0.999651, 0.00283205  
5, -3.67264, -6.89692, 180.637, 0.99997, -0.00472025, 0.00609065, 0.00456897, 0.999686, 0.0246184, -0.00620494, -0.0245898, 0.999678, 0.00298904  
6, -3.70321, -6.91554, 180.635, 0.999968, -0.00445074, 0.00668277, 0.00427163, 0.999638, 0.0265813, -0.00679865, -0.0265519, 0.999624, 0.0028154  
7, -3.71988, -6.90285, 180.631, 0.999965, -0.00459449, 0.0070272, 0.00440478, 0.999632, 0.0267777, -0.00714765, -0.0267458, 0.999617, 0.00310138  
8, -3.67248, -6.90231, 180.623, 0.999967, -0.00469282, 0.00665379, 0.00451956, 0.999656, 0.0258195, -0.00677267, -0.0257886, 0.999644, 0.00275133  
9, -3.68346, -6.89825, 180.643, 0.999968, -0.00505886, 0.00618719, 0.00489545, 0.999646, 0.0261475, -0.00631728, -0.0261164, 0.999639, 0.00271472  
10, -3.68269, -6.89608, 180.63, 0.999966, -0.00512644, 0.00643892, 0.00496158, 0.999666, 0.0253649, -0.0065668, -0.0253321, 0.999658, 0.0032029  
11, -3.68872, -6.88523, 180.644, 0.999972, -0.00477086, 0.00576202, 0.00462465, 0.999674, 0.0251272, -0.00588002, -0.0250998, 0.999668, 0.00278129  
12, -3.68773, -6.90102, 180.618, 0.999965, -0.00464826, 0.00702769, 0.00446832, 0.999667, 0.0254055, -0.00714345, -0.0253732, 0.999653, 0.00283011  
13, -3.69581, -6.90431, 180.6, 0.99997, -0.00435701, 0.00639925, 0.00419039, 0.999658, 0.0258245, -0.00650958, -0.0257969, 0.999646, 0.00291249  
14, -3.67172, -6.90515, 180.621, 0.999966, -0.00510674, 0.00644479, 0.00494072, 0.999662, 0.0255182, -0.00657293, -0.0254855, 0.999654, 0.00281624  
15, -3.69081, -6.88255, 180.61, 0.999968, -0.00384762, 0.00708299, 0.0036649, 0.999665, 0.0256305, -0.00717923, -0.0256037, 0.999646, 0.00295909  
16, -3.65662, -6.88846, 180.637, 0.999973, -0.00452385, 0.00579586, 0.00438112, 0.999692, 0.0244074, -0.0059045, -0.0243813, 0.999685, 0.00272304  
17, -3.63018, -6.87325, 180.647, 0.999967, -0.00514303, 0.00629358, 0.00497659, 0.999645, 0.0261807, -0.00642599, -0.0261485, 0.999637, 0.00281651  
18, -3.65519, -6.88153, 180.625, 0.999968, -0.00435234, 0.00667093, 0.00418655, 0.999687, 0.024668, -0.0067762, -0.0246393, 0.999673, 0.00269419  
19, -3.64079, -6.86183, 180.629, 0.999965, -0.00495634, 0.00667053, 0.00478657, 0.99967, 0.0252295, -0.00679338, -0.0251967, 0.999659, 0.0028792  
20, -3.62999, -6.87392, 180.677, 0.999966, -0.00494909, 0.00658915, 0.00478095, 0.999669, 0.025294, -0.00671215, -0.0252617, 0.999658, 0.00299099  
21, -3.63456, -6.85295, 180.652, 0.999969, -0.00494475, 0.00613277, 0.00478477, 0.999655, 0.0258329, -0.00625839, -0.0258028, 0.999647, 0.00275188  
22, -3.6489, -6.86344, 180.645, 0.999967, -0.00479556, 0.00658055, 0.00462942, 0.999676, 0.0250354, -0.00669848, -0.0250041, 0.999665, 0.00283399  
23, -3.64156, -6.82881, 180.652, 0.999968, -0.00486761, 0.00628607, 0.0047016, 0.999647, 0.0261596, -0.00641119, -0.0261292, 0.999638, 0.00279405  
24, -3.61557, -6.82573, 180.645, 0.999967, -0.00514126, 0.00631108, 0.00497703, 0.999656, 0.0257683, -0.00644138, -0.025736, 0.999648, 0.00274606  
25, -3.62355, -6.83158, 180.649, 0.999962, -0.00496959, 0.00710318, 0.00478486, 0.999656, 0.0257911, -0.00722891, -0.0257561, 0.999642, 0.00318626  
26, -3.6329, -6.83643, 180.639, 0.999972, -0.00436273, 0.00605029, 0.00421196, 0.999686, 0.0247131, -0.00615621, -0.0246869, 0.999676, 0.00278156  
27, -3.59882, -6.81901, 180.646, 0.99997, -0.00436735, 0.00640812, 0.00420287, 0.999667, 0.0254601, -0.00651718, -0.0254324, 0.999655, 0.00302067  
28, -3.62874, -6.81337, 180.637, 0.999966, -0.00471028, 0.00682371, 0.00453412, 0.999662, 0.0256064, -0.00694202, -0.0255745, 0.999649, 0.00276964  
29, -3.61472, -6.78694, 180.621, 0.999968, -0.00473629, 0.00637324, 0.00457528, 0.999676, 0.0250449, -0.00648979, -0.0250149, 0.999666, 0.00280209  
30, -3.64412, -6.7905, 180.648, 0.999966, -0.00479012, 0.00672312, 0.0046118, 0.999644, 0.0262928, -0.00684667, -0.0262609, 0.999632, 0.0030154  
31, -3.6366, -6.783, 180.648, 0.999965, -0.00468302, 0.00698819, 0.00450036, 0.999654, 0.0259284, -0.00710719, -0.025896, 0.999639, 0.00280681  
32, -3.65927, -6.78262, 180.619, 0.999971, -0.00426839, 0.0063493, 0.00411141, 0.999691, 0.0245349, -0.00645206, -0.0245081, 0.999679, 0.00284508  
33, -3.63174, -6.75003, 180.632, 0.999973, -0.0044073, 0.00583229, 0.00425506, 0.999656, 0.0258639, -0.00594428, -0.0258384, 0.999648, 0.00275771  
34, -3.62091, -6.76008, 180.608, 0.999967, -0.00487822, 0.00643327, 0.00471371, 0.999668, 0.0253445, -0.00655477, -0.0253134, 0.999658, 0.00283011  
35, -3.62814, -6.74568, 180.603, 0.99997, -0.00447768, 0.00633711, 0.00432214, 0.999694, 0.0243496, -0.0064442, -0.0243215, 0.999683, 0.00311331  
36, -3.65085, -6.73719, 180.612, 0.999971, -0.00462452, 0.00602969, 0.0044676, 0.999658, 0.0257837, -0.00614686, -0.025756, 0.999649, 0.00275438  
37, -3.6365, -6.73423, 180.609, 0.999964, -0.0043966, 0.00724855, 0.00420681, 0.999653, 0.0259939, -0.00736033, -0.0259625, 0.999636, 0.00300818  
38, -3.65139, -6.72416, 180.619, 0.999974, -0.00445083, 0.00559826, 0.0043121, 0.999689, 0.0245535, -0.0057058, -0.0245287, 0.999683, 0.00274051  
39, -3.67938, -6.72377, 180.617, 0.999972, -0.00362877, 0.00647558, 0.00346355, 0.999673, 0.0253462, -0.00656544, -0.0253231, 0.999658, 0.002867  
40, -3.63477, -6.73313, 180.617, 0.999969, -0.00445178, 0.00645638, 0.00428227, 0.999652, 0.0260344, -0.00657003, -0.026006, 0.99964, 0.00314965  
41, -3.64833, -6.72089, 180.614, 0.999969, -0.00461033, 0.00633275, 0.00444351, 0.999649, 0.0261087, -0.0064509, -0.0260798, 0.999639, 0.00280431  
42, -3.64527, -6.70171, 180.609, 0.999967, -0.00487191, 0.00642915, 0.00469776, 0.999629, 0.0268303, -0.00655748, -0.0267993, 0.999619, 0.00302705  
43, -3.63317, -6.70057, 180.63, 0.999974, -0.0043942, 0.00568906, 0.00424485, 0.999653, 0.0260038, -0.00580135, -0.025979, 0.999646, 0.00278267  
44, -3.63496, -6.70891, 180.623, 0.999973, -0.0047258, 0.00556204, 0.00458542, 0.999677, 0.0249871, -0.00567833, -0.0249609, 0.999672, 0.00283094  
45, -3.62679, -6.6847, 180.629, 0.999966, -0.00477011, 0.00665839, 0.00459448, 0.999647, 0.0261491, -0.00678078, -0.0261176, 0.999636, 0.00324673  
46, -3.61048, -6.67961, 180.656, 0.999971, -0.00430468, 0.00627429, 0.00414151, 0.999659, 0.0257922, -0.00638317, -0.0257655, 0.999648, 0.00277713  
47, -3.60746, -6.6746, 180.625, 0.999971, -0.0048115, 0.00588352, 0.00466131, 0.99967, 0.0252793, -0.0060032, -0.0252512, 0.999663, 0.00289695  
48, -3.59455, -6.67138, 180.613, 0.999972, -0.0045211, 0.00597479, 0.00436867, 0.999671, 0.0252846, -0.00608714, -0.0252578, 0.999662, 0.00275993  
49, -3.57585, -6.66004, 180.636, 0.999973, -0.0045971, 0.00579494, 0.00445136, 0.99968, 0.0249165, -0.00590762, -0.02489, 0.999673, 0.00277213  
50, -3.60418, -6.66084, 180.624, 0.999975, -0.00428644, 0.00564352, 0.00414048, 0.999663, 0.0256244, -0.00575146, -0.0256004, 0.999656, 0.00302538  
51, -3.57746, -6.6721, 180.633, 0.999971, -0.00445997, 0.00623657, 0.0043005, 0.999669, 0.0253531, -0.00634758, -0.0253256, 0.999659, 0.00274883  
52, -3.5713, -6.66211, 180.616, 0.999965, -0.0050854, 0.0066339, 0.00491887, 0.999678, 0.0248821, -0.0067583, -0.0248486, 0.999668, 0.00289418  
53, -3.58301, -6.6776, 180.626, 0.999966, -0.00465738, 0.00673427, 0.00448175, 0.999655, 0.0258643, -0.00685241, -0.0258332, 0.999643, 0.0027333  
54, -3.56424, -6.65923, 180.64, 0.999966, -0.00497892, 0.00658292, 0.00481095, 0.999669, 0.0252908, -0.00670666, -0.0252583, 0.999658, 0.00279155  
55, -3.54779, -6.6672, 180.634, 0.999969, -0.0052919, 0.00586245, 0.00513959, 0.999657, 0.0256975, -0.00599642, -0.0256666, 0.999653, 0.00309278  
56, -3.57315, -6.68114, 180.631, 0.999971, -0.0044146, 0.00615212, 0.00426448, 0.999698, 0.0242046, -0.00625712, -0.0241777, 0.999688, 0.00280514  
57, -3.57406, -6.66114, 180.629, 0.999969, -0.00484001, 0.00625312, 0.00467929, 0.999665, 0.0254662, -0.00637428, -0.0254361, 0.999656, 0.00285091  
58, -3.56196, -6.65237, 180.624, 0.99997, -0.00468298, 0.00611725, 0.00452788, 0.999674, 0.0251275, -0.00623293, -0.0250991, 0.999666, 0.0027652  
59, -3.5512, -6.65015, 180.633, 0.999971, -0.00429191, 0.0062271, 0.0041333, 0.999672, 0.0252637, -0.00633349, -0.0252372, 0.999661, 0.00326559  
60, -3.54564, -6.65121, 180.638, 0.999967, -0.00460716, 0.00674929, 0.00443376, 0.999665, 0.0254844, -0.00686444, -0.0254536, 0.999652, 0.00335907  
61, -3.5423, -6.62911, 180.618, 0.99997, -0.00500177, 0.00586141, 0.00485472, 0.99968, 0.0248383, -0.00598377, -0.0248092, 0.999674, 0.002943  
62, -3.55956, -6.64507, 180.615, 0.999964, -0.00506064, 0.00683406, 0.00488575, 0.999666, 0.0253703, -0.00696016, -0.025336, 0.999655, 0.0029749  
63, -3.56697, -6.65193, 180.629, 0.99997, -0.00488572, 0.00597007, 0.00473026, 0.999656, 0.0257828, -0.00609399, -0.0257538, 0.99965, 0.00288808  
64, -3.55266, -6.65045, 180.64, 0.999971, -0.00459754, 0.00608388, 0.00444235, 0.999671, 0.025281, -0.00619811, -0.0252532, 0.999662, 0.00284453  
65, -3.56395, -6.64419, 180.644, 0.999974, -0.00504912, 0.00515635, 0.00491781, 0.999671, 0.0251672, -0.00528173, -0.0251412, 0.99967, 0.0030043  
66, -3.56276, -6.66268, 180.65, 0.99997, -0.00480451, 0.00610646, 0.0046469, 0.999662, 0.0255688, -0.00622724, -0.0255397, 0.999654, 0.00275438  
67, -3.60714, -6.68525, 180.634, 0.999966, -0.00466251, 0.0067505, 0.00448673, 0.999656, 0.0258248, -0.00686859, -0.0257936, 0.999644, 0.0027799  
68, -3.57233, -6.67845, 180.642, 0.999969, -0.00423487, 0.00657117, 0.00407541, 0.999701, 0.0240922, -0.00667124, -0.0240647, 0.999688, 0.00276603  
69, -3.6089, -6.72294, 180.622, 0.999963, -0.00395803, 0.00762346, 0.00377154, 0.999697, 0.0243236, -0.00771743, -0.0242939, 0.999675, 0.00280681  
70, -3.5777, -6.74517, 180.615, 0.999968, -0.00432126, 0.00672704, 0.00417042, 0.999743, 0.0222782, -0.00682159, -0.0222494, 0.999729, 0.00317988  
71, -3.56216, -6.79502, 180.622, 0.999973, -0.0043326, 0.00587569, 0.00420833, 0.999771, 0.0209995, -0.00596533, -0.0209742, 0.999762, 0.00275077  
72, -3.57437, -6.84893, 180.641, 0.999972, -0.00468246, 0.00577358, 0.00456641, 0.99979, 0.0199533, -0.0058658, -0.0199264, 0.999784, 0.00284869  
73, -3.54933, -6.91367, 180.653, 0.999969, -0.00461428, 0.00636518, 0.00450165, 0.999835, 0.0175974, -0.00644533, -0.0175682, 0.999825, 0.00274634  
74, -3.5327, -6.98781, 180.653, 0.999969, -0.00504486, 0.0061012, 0.00495157, 0.999872, 0.0152101, -0.00617716, -0.0151794, 0.999866, 0.00286894  
75, -3.50805, -7.05842, 180.69, 0.999974, -0.005028, 0.00512778, 0.00496188, 0.999905, 0.0128262, -0.00519179, -0.0128004, 0.999905, 0.00339097  
76, -3.5133, -7.14721, 180.681, 0.999964, -0.00498975, 0.00693352, 0.00491242, 0.999926, 0.0111264, -0.00698853, -0.0110919, 0.999914, 0.00279127  
77, -3.49679, -7.20709, 180.681, 0.999973, -0.00530137, 0.00508526, 0.00526767, 0.999964, 0.00661837, -0.00512016, -0.00659141, 0.999965, 0.00287199  
78, -3.42573, -7.31085, 180.695, 0.999971, -0.00450493, 0.00616739, 0.00447205, 0.999976, 0.00533449, -0.00619128, -0.00530675, 0.999967, 0.0028093  
79, -3.48025, -7.34333, 180.692, 0.999957, -0.00590683, 0.00720114, 0.00588732, 0.999979, 0.00272795, -0.0072171, -0.00268544, 0.99997, 0.00278628  
80, -3.40906, -7.43894, 180.73, 0.999967, -0.00495867, 0.006389, 0.00495504, 0.999988, 0.000582774, -0.00639181, -0.000551098, 0.999979, 0.00322593  
81, -3.42554, -7.51912, 180.731, 0.999965, -0.00435863, 0.00715234, 0.00436537, 0.99999, -0.000926891, -0.00714822, 0.000958082, 0.999974, 0.00285368  
82, -3.42509, -7.54295, 180.696, 0.999966, -0.00394341, 0.00724792, 0.00397569, 0.999982, -0.00444551, -0.00723026, 0.00447418, 0.999964, 0.00288808  
83, -3.42556, -7.58481, 180.697, 0.999971, -0.00387236, 0.00650402, 0.00392617, 0.999958, -0.00828017, -0.00647168, 0.00830547, 0.999945, 0.00285257  
84, -3.38045, -7.57032, 180.725, 0.999967, -0.00405636, 0.00707055, 0.00412553, 0.999944, -0.00979675, -0.00703041, 0.00982559, 0.999927, 0.00291914  
85, -3.36098, -7.60175, 180.732, 0.999968, -0.00393226, 0.00702506, 0.00402504, 0.999904, -0.0132425, -0.00697231, 0.0132703, 0.999888, 0.0032667  
86, -3.3402, -7.64319, 180.706, 0.999968, -0.00342048, 0.00726158, 0.00354388, 0.999848, -0.0170487, -0.00720217, 0.0170739, 0.999828, 0.00280375  
87, -3.31982, -7.67095, 180.678, 0.999972, -0.00324207, 0.00674778, 0.00338011, 0.999783, -0.0205481, -0.0066797, 0.0205703, 0.999766, 0.00297906  
88, -3.29428, -7.63787, 180.677, 0.99997, -0.00238927, 0.00733449, 0.00256844, 0.999696, -0.0245182, -0.00727368, 0.0245363, 0.999672, 0.00296158  
89, -3.27721, -7.6457, 180.661, 0.999972, -0.00123791, 0.00733488, 0.0014485, 0.999585, -0.0287759, -0.00729622, 0.0287858, 0.999559, 0.00293912  
90, -3.21163, -7.59149, 180.653, 0.999973, -0.00128068, 0.00723783, 0.00150998, 0.999494, -0.0317654, -0.00719349, 0.0317755, 0.999469, 0.00302344  
91, -3.20982, -7.56118, 180.649, 0.999972, 9.00113e-005, 0.00754853, 0.000169501, 0.999409, -0.0343715, -0.00754716, 0.0343718, 0.999381, 0.00284231  
92, -3.08871, -7.44852, 180.693, 0.999974, 0.000290626, 0.00713781, -2.47458e-005, 0.999307, -0.0372214, -0.00714368, 0.0372203, 0.999282, 0.00296047  
93, -3.08641, -7.38849, 180.645, 0.999964, 0.00112385, 0.00840869, -0.000787072, 0.999201, -0.0399478, -0.00844687, 0.0399398, 0.999166, 0.00272553  
94, -2.97527, -7.27612, 180.694, 0.999966, -0.000430054, 0.00822883, 0.000777228, 0.999107, -0.0422335, -0.00820332, 0.0422384, 0.999074, 0.0027971  
95, -2.93366, -7.19086, 180.651, 0.999959, 0.000908073, 0.00904992, -0.000494764, 0.998961, -0.0455679, -0.0090819, 0.0455616, 0.99892, 0.00347668  
96, -2.82597, -7.03342, 180.643, 0.999952, 0.000348103, 0.00980277, 0.000134632, 0.998789, -0.0492011, -0.00980802, 0.0492001, 0.998741, 0.00284897  
97, -2.6925, -6.8355, 180.645, 0.999952, 0.00067865, 0.00977117, -0.000152045, 0.998552, -0.053794, -0.00979353, 0.0537899, 0.998504, 0.0029724  
98, -2.57019, -6.60304, 180.654, 0.999932, -0.000713606, 0.0116604, 0.00137013, 0.998408, -0.0563934, -0.0116016, 0.0564055, 0.998341, 0.00280237  
99, -2.50176, -6.295, 180.536, 0.99984, -0.00216318, 0.0177454, 0.00322453, 0.998193, -0.0600006, -0.0175836, 0.0600482, 0.998041, 0.00286256  
100, -2.28267, -6.09119, 180.672, 0.999917, -0.000736389, 0.0128941, 0.00152697, 0.998111, -0.0614112, -0.0128245, 0.0614257, 0.998029, 0.00310776  
101, -2.11516, -5.88466, 180.659, 0.999888, -0.000283797, 0.0149303, 0.00126933, 0.997816, -0.0660408, -0.014879, 0.0660524, 0.997705, 0.0028756  
102, -1.92713, -5.64271, 180.639, 0.999887, -0.00017117, 0.0150532, 0.0012392, 0.997478, -0.0709696, -0.0150031, 0.0709802, 0.997365, 0.00294605  
103, -1.70847, -5.33917, 180.661, 0.999877, -0.000331062, 0.0157056, 0.00151311, 0.997159, -0.0753112, -0.015636, 0.0753256, 0.997036, 0.00278767  
104, -1.43755, -5.01518, 180.71, 0.999869, -0.000172433, 0.0161553, 0.0014199, 0.997012, -0.0772377, -0.0160937, 0.0772505, 0.996882, 0.00277879  
105, -1.2043, -4.60562, 180.73, 0.999847, -0.000179187, 0.0174921, 0.00154241, 0.996956, -0.0779516, -0.0174248, 0.0779666, 0.996804, 0.00337849  
106, -0.953322, -4.10725, 180.702, 0.999802, -0.00119491, 0.0198402, 0.00279499, 0.996725, -0.0808178, -0.0196787, 0.0808573, 0.996531, 0.00274356  
107, -0.620431, -3.73744, 180.706, 0.999824, -0.000762728, 0.0187414, 0.00237342, 0.996286, -0.0860722, -0.0186061, 0.0861015, 0.996113, 0.00292497  
108, -0.34933, -3.24282, 180.704, 0.999781, -1.23419e-005, 0.0209339, 0.00187726, 0.996024, -0.0890687, -0.0208496, 0.0890885, 0.995805, 0.0027211  
109, -0.0519653, -2.71697, 180.698, 0.999744, -0.000460433, 0.022604, 0.00257049, 0.995625, -0.0934086, -0.0224621, 0.0934429, 0.995371, 0.00283538  
110, 0.269602, -2.11395, 180.709, 0.999642, 0.000409066, 0.0267587, 0.00219642, 0.995256, -0.0972677, -0.0266715, 0.0972916, 0.994898, 0.00311054  
111, 0.557882, -1.54665, 180.703, 0.99958, 0.00235646, 0.0288686, 0.000492181, 0.995159, -0.0982738, -0.0289604, 0.0982468, 0.994741, 0.00282456  
112, 0.797713, -1.07038, 180.742, 0.999552, 0.00416774, 0.0296436, -0.00112689, 0.994797, -0.101866, -0.0299139, 0.101787, 0.994356, 0.0030631  
113, 1.05867, -0.380013, 180.771, 0.999454, 0.00487696, 0.0326704, -0.00156036, 0.994907, -0.100783, -0.0329956, 0.100677, 0.994372, 0.00274606  
114, 1.2987, 0.389997, 180.783, 0.999404, 0.00413377, 0.034266, -0.000668156, 0.994933, -0.100539, -0.034508, 0.100456, 0.994343, 0.00279765  
115, 1.45789, 1.12717, 180.782, 0.999451, 0.00537215, 0.0326842, -0.00197231, 0.994661, -0.103176, -0.033064, 0.103055, 0.994126, 0.0032925  
116, 1.54691, 1.83378, 180.777, 0.999395, 0.00615084, 0.0342397, -0.00262914, 0.994785, -0.101964, -0.0346883, 0.101812, 0.994199, 0.00288919  
117, 1.60445, 2.50608, 180.752, 0.999362, 0.0063183, 0.0351644, -0.00254693, 0.994333, -0.106277, -0.0356367, 0.10612, 0.993715, 0.00301429  
118, 1.69568, 3.45008, 180.776, 0.999426, 0.0060968, 0.033329, -0.00261125, 0.994611, -0.10364, -0.0337812, 0.103493, 0.994056, 0.0027272  
119, 1.64233, 4.26733, 180.682, 0.999342, 0.00524438, 0.0359017, -0.00137077, 0.994249, -0.10708, -0.0362569, 0.10696, 0.993602, 0.00278905  
120, 1.6251, 5.28379, 180.749, 0.999432, 0.00503745, 0.0333087, -0.00145955, 0.994303, -0.10658, -0.0336558, 0.106471, 0.993746, 0.0030595  
121, 1.51995, 6.17858, 180.719, 0.999485, 0.00363774, 0.0318714, -7.75904e-005, 0.99382, -0.110999, -0.0320783, 0.11094, 0.993309, 0.00275105  
122, 1.43891, 7.21415, 180.764, 0.99957, 0.00342446, 0.0291249, -0.000108043, 0.993582, -0.113116, -0.0293253, 0.113064, 0.993155, 0.00305645  
123, 1.23599, 8.3712, 180.785, 0.99961, 0.00355883, 0.0276826, -0.000355849, 0.993382, -0.114858, -0.0279081, 0.114803, 0.992996, 0.00288475  
124, 0.921649, 9.44611, 180.777, 0.999648, 0.00251342, 0.0264072, 0.000584989, 0.99317, -0.116674, -0.02652, 0.116649, 0.992819, 0.002786  
125, 0.520151, 10.6488, 180.695, 0.99961, 0.00385983, 0.0276698, -0.000569117, 0.993018, -0.117962, -0.0279319, 0.117901, 0.992632, 0.00311636  
126, 0.123388, 11.6696, 180.632, 0.999609, 0.00438002, 0.0276192, -0.000932725, 0.99233, -0.123612, -0.0279487, 0.123538, 0.991946, 0.00275216  
127, -0.321329, 13.0002, 180.633, 0.999623, 0.00642771, 0.0267097, -0.00323554, 0.993023, -0.11788, -0.027281, 0.117749, 0.992669, 0.00301983  
128, -0.761227, 14.2039, 180.537, 0.999588, 0.00646317, 0.0279759, -0.0032309, 0.993467, -0.114076, -0.0285304, 0.113939, 0.993078, 0.00271915  
129, -1.17527, 15.4635, 180.499, 0.999667, 0.00618416, 0.0250643, -0.00328839, 0.993479, -0.113968, -0.0256057, 0.113848, 0.993168, 0.00279044  
130, -1.53351, 16.9194, 180.596, 0.999664, 0.0073824, 0.0248335, -0.00449722, 0.993437, -0.114291, -0.0255143, 0.114141, 0.993137, 0.00299154  
131, -1.92608, 18.1713, 180.549, 0.999788, 0.00495067, 0.0200109, -0.00262713, 0.993418, -0.114514, -0.0204461, 0.114437, 0.99322, 0.00275632  
132, -2.29285, 19.7387, 180.553, 0.999798, 0.0071307, 0.0188055, -0.00497988, 0.993692, -0.112034, -0.0194857, 0.111918, 0.993526, 0.00283316  
133, -2.46037, 21.2609, 180.598, 0.999862, 0.00712266, 0.0150022, -0.00534522, 0.99331, -0.115351, -0.0157234, 0.115255, 0.993211, 0.00275826  
134, -2.81138, 22.7524, 180.514, 0.999836, 0.00703579, 0.0167169, -0.00506136, 0.993313, -0.115345, -0.0174167, 0.115241, 0.993185, 0.00283926  
135, -3.10691, 24.4153, 180.493, 0.999855, 0.00598429, 0.0159442, -0.00414737, 0.993604, -0.112846, -0.0165175, 0.112763, 0.993485, 0.00316157  
136, -3.36835, 26.0661, 180.534, 0.999865, 0.00747856, 0.0146614, -0.00586949, 0.994255, -0.106873, -0.0153764, 0.106772, 0.994165, 0.0028057  
137, -3.6412, 27.6731, 180.434, 0.999895, 0.0051925, 0.0135481, -0.00373529, 0.994418, -0.105448, -0.01402, 0.105387, 0.994332, 0.00311497  
138, -4.03875, 29.2927, 180.42, 0.99991, 0.00560106, 0.0122121, -0.00425793, 0.994211, -0.107359, -0.0127428, 0.107297, 0.994145, 0.00275133  
139, -4.27864, 31.0388, 180.462, 0.999929, 0.0047764, 0.01091, -0.00359465, 0.994373, -0.105878, -0.0113544, 0.105831, 0.994319, 0.00283981  
140, -4.49948, 32.7656, 180.524, 0.999938, 0.00450699, 0.0102034, -0.003428, 0.994634, -0.103399, -0.0106147, 0.103358, 0.994588, 0.00321927  
141, -4.83429, 34.4698, 180.537, 0.999962, 0.00422797, 0.00756686, -0.00340355, 0.994379, -0.105827, -0.00797176, 0.105797, 0.994356, 0.00276409  
142, -5.21953, 36.2486, 180.596, 0.999968, 0.00552958, 0.0057906, -0.00491233, 0.994807, -0.101662, -0.00632268, 0.101631, 0.994802, 0.00282789  
143, -5.36821, 38.271, 180.616, 0.999971, 0.00693221, 0.00302744, -0.00659344, 0.99493, -0.100354, -0.00370776, 0.100331, 0.994947, 0.00273164  
144, -5.9002, 40.0302, 180.62, 0.999973, 0.0066671, 0.00308447, -0.00635151, 0.995649, -0.0929685, -0.00369088, 0.0929464, 0.995664, 0.00277518  
145, -6.29486, 41.6473, 180.567, 0.999987, 0.00500595, 0.000717427, -0.00491742, 0.995645, -0.0930986, -0.00118035, 0.0930939, 0.995657, 0.00304147  
146, -6.70441, 43.8395, 180.581, 0.99999, 0.00442476, 0.000350584, -0.00437725, 0.996171, -0.0873217, -0.000735619, 0.0873193, 0.99618, 0.00276021  
147, -7.11633, 45.6907, 180.53, 0.999991, 0.0034709, -0.00240691, -0.00367545, 0.995848, -0.090962, 0.0020812, 0.09097, 0.995851, 0.00285701  
148, -7.60282, 47.6642, 180.465, 0.999994, 0.00336161, -0.000967531, -0.00343519, 0.995915, -0.0902255, 0.000660276, 0.0902283, 0.995921, 0.00272664  
149, -7.93087, 49.8302, 180.467, 0.999982, 0.00587863, 0.000670578, -0.00580233, 0.996507, -0.0833105, -0.00115799, 0.0833052, 0.996523, 0.00285757  
150, -8.24324, 51.8103, 180.418, 0.999979, 0.00613435, -0.00185654, -0.00626021, 0.996949, -0.0778082, 0.00137357, 0.0778182, 0.996967, 0.00321871  
151, -8.48111, 53.7119, 180.322, 0.999981, 0.0047635, -0.00400853, -0.00505589, 0.997064, -0.0764071, 0.00363279, 0.0764258, 0.997069, 0.00284231  
152, -8.6583, 55.985, 180.317, 0.999971, 0.00318763, -0.00695382, -0.00367896, 0.99741, -0.071828, 0.00670685, 0.0718515, 0.997393, 0.00284758  
153, -8.79329, 58.1636, 180.442, 0.999983, 0.00215321, -0.00533574, -0.00253359, 0.997377, -0.0723398, 0.00516598, 0.0723521, 0.997366, 0.00277824  
154, -8.95653, 60.3806, 180.516, 0.999981, 0.00133716, -0.00607632, -0.00178886, 0.997186, -0.0749523, 0.005959, 0.0749618, 0.997169, 0.00281984  
155, -9.06907, 62.7631, 180.537, 0.999981, 0.00230487, -0.00565075, -0.00268873, 0.997621, -0.0688912, 0.00547852, 0.0689051, 0.997608, 0.00308557  
156, -9.12001, 65.0708, 180.581, 0.999979, 0.00168794, -0.00620128, -0.00209518, 0.9978, -0.066262, 0.00607579, 0.0662736, 0.997783, 0.00289723  
157, -9.16297, 67.4705, 180.515, 0.999976, 0.00139703, -0.00680717, -0.00181676, 0.998071, -0.0620491, 0.00670736, 0.06206, 0.99805, 0.00289529  
158, -9.25554, 69.665, 180.43, 0.999987, -0.000208403, -0.00513004, -0.000111101, 0.998064, -0.0622021, 0.00513307, 0.0622018, 0.99805, 0.00280126  
159, -9.22038, 72.1898, 180.442, 0.999991, 0.00104172, -0.00415418, -0.00126524, 0.998531, -0.0541709, 0.00409164, 0.0541757, 0.998523, 0.00282539  
160, -9.08727, 74.3058, 180.473, 0.999987, 0.00275549, -0.00423902, -0.00298196, 0.998516, -0.0543809, 0.00408288, 0.0543929, 0.998511, 0.00332939  
161, -9.01049, 76.613, 180.426, 0.999994, 0.00301193, -0.00158077, -0.00309318, 0.998525, -0.0541977, 0.0014152, 0.0542023, 0.998529, 0.00283205  
162, -8.92687, 79.0856, 180.423, 0.999997, 0.0015277, -0.00168522, -0.00160626, 0.998863, -0.0476436, 0.00161052, 0.0476462, 0.998863, 0.00287643  
163, -8.86413, 81.4268, 180.389, 0.999998, -0.00157609, 0.000800729, 0.00160869, 0.999095, -0.0424947, -0.000733029, 0.0424959, 0.999096, 0.00275494  
164, -8.62918, 83.7092, 180.352, 0.999992, -0.0031693, -0.00230824, 0.00306653, 0.99906, -0.0432393, 0.00244311, 0.0432319, 0.999062, 0.00296741  
165, -8.44505, 86.3808, 180.425, 0.999994, -0.00323989, -0.00143702, 0.00319094, 0.999455, -0.0328462, 0.00154265, 0.0328414, 0.999459, 0.00308113  
166, -8.24032, 88.7905, 180.426, 0.999997, -0.00228878, -0.000726447, 0.00226554, 0.999531, -0.0305324, 0.000795988, 0.0305306, 0.999534, 0.00278351  
167, -8.04168, 91.1289, 180.543, 0.999996, -0.00208733, 0.00192756, 0.00213719, 0.999653, -0.026238, -0.00187212, 0.026242, 0.999654, 0.00291082  
168, -7.96982, 93.6183, 180.554, 0.999986, -0.00187893, 0.0048692, 0.00197083, 0.999819, -0.0189383, -0.00483273, 0.0189476, 0.999809, 0.00286478  
169, -7.67582, 95.8516, 180.513, 0.999976, -0.00297309, 0.00623111, 0.00308365, 0.999837, -0.0178099, -0.00617714, 0.0178287, 0.999822, 0.00282067  
170, -7.61808, 98.3847, 180.506, 0.999967, -0.00294495, 0.0075952, 0.00306708, 0.999865, -0.0161186, -0.00754671, 0.0161414, 0.999841, 0.00313966  
171, -7.43595, 100.809, 180.597, 0.99994, -0.00499309, 0.00976277, 0.00513907, 0.999875, -0.0149857, -0.00968672, 0.015035, 0.99984, 0.0028057  
172, -7.18694, 103.084, 180.657, 0.999908, -0.00478871, 0.0126543, 0.00499456, 0.999855, -0.0162858, -0.0125745, 0.0163475, 0.999787, 0.00301262  
173, -7.03864, 105.647, 180.655, 0.999913, -0.00372484, 0.012679, 0.00384847, 0.999945, -0.00974069, -0.0126421, 0.00978863, 0.999872, 0.00281097  
174, -6.79208, 108.096, 180.736, 0.999899, -0.00422158, 0.0136059, 0.00423604, 0.99999, -0.00103401, -0.0136014, 0.00109154, 0.999907, 0.00289612  
175, -6.58024, 110.429, 180.611, 0.999897, -0.00412823, 0.0137564, 0.00413352, 0.999991, -0.000356167, -0.0137548, 0.000412992, 0.999905, 0.00315936  
176, -6.35053, 112.851, 180.615, 0.999879, -0.00609332, 0.014312, 0.00606386, 0.999979, 0.00210115, -0.0143245, -0.00201411, 0.999895, 0.00277491  
177, -6.29276, 115.195, 180.62, 0.999868, -0.00483343, 0.0155288, 0.0047558, 0.999976, 0.00503244, -0.0155527, -0.00495792, 0.999867, 0.00302899  
178, -6.12503, 117.613, 180.776, 0.999794, -0.0062061, 0.0193459, 0.00607091, 0.999957, 0.00703884, -0.0193887, -0.00691994, 0.999788, 0.00286311  
179, -6.05443, 120.072, 180.912, 0.999761, -0.00752277, 0.0205369, 0.0072183, 0.999864, 0.0148595, -0.0206459, -0.0147077, 0.999679, 0.00286062  
180, -6.00905, 122.336, 180.806, 0.999777, -0.00616772, 0.0201721, 0.00594561, 0.999921, 0.0110523, -0.0202386, -0.0109299, 0.999735, 0.00339624  
181, -5.98711, 124.734, 180.858, 0.999762, -0.00696801, 0.0206724, 0.00661441, 0.999831, 0.017124, -0.0207883, -0.0169832, 0.99964, 0.00287865  
182, -6.05753, 127.172, 180.923, 0.999694, -0.0047977, 0.0242532, 0.00421863, 0.999706, 0.0238713, -0.0243606, -0.0237616, 0.999421, 0.00297684  
183, -6.19199, 129.141, 180.797, 0.999752, -0.00429783, 0.0218438, 0.00400175, 0.9999, 0.0135801, -0.0218999, -0.0134893, 0.999669, 0.00276659  
184, -6.29682, 131.773, 180.804, 0.999743, -0.00117305, 0.0226309, 0.000694871, 0.999777, 0.0211256, -0.0226506, -0.0211045, 0.999521, 0.00286089  
185, -6.34609, 133.764, 180.878, 0.999716, -0.00347768, 0.0235917, 0.0030413, 0.999824, 0.018508, -0.0236519, -0.018431, 0.99955, 0.00299376  
186, -6.52232, 136.165, 180.849, 0.999773, -0.00282994, 0.0211372, 0.00238944, 0.99978, 0.0208364, -0.0211916, -0.0207811, 0.999559, 0.00287837  
187, -6.67735, 138.378, 180.871, 0.999703, -0.00361288, 0.0241213, 0.00304014, 0.999714, 0.0237384, -0.0242002, -0.023658, 0.999427, 0.00301429  
188, -6.87786, 140.414, 180.945, 0.999716, -0.00467019, 0.0233503, 0.00425241, 0.999831, 0.0179095, -0.02343, -0.0178051, 0.999567, 0.00272026  
189, -7.24091, 142.962, 180.901, 0.999687, -0.00476399, 0.0245647, 0.00413815, 0.999667, 0.0254655, -0.0246778, -0.0253558, 0.999374, 0.00282539  
190, -7.59216, 145.004, 180.937, 0.999757, -0.00361523, 0.0217505, 0.00317542, 0.99979, 0.020221, -0.021819, -0.020147, 0.999559, 0.00311803  
191, -8.03643, 147.244, 180.955, 0.99979, -0.00318005, 0.0202381, 0.00259536, 0.99958, 0.0288519, -0.0203213, -0.0287933, 0.999379, 0.00277352  
192, -8.35775, 149.438, 180.832, 0.999863, -0.00219485, 0.0164062, 0.0017375, 0.999611, 0.0278389, -0.0164609, -0.0278066, 0.999478, 0.00298904  
193, -8.67508, 151.478, 180.79, 0.999847, -0.0038925, 0.0170614, 0.00342228, 0.999616, 0.0275036, -0.0171619, -0.027441, 0.999476, 0.00283011  
194, -8.98028, 153.769, 180.769, 0.999891, -0.00374067, 0.0142983, 0.00334688, 0.999617, 0.0274664, -0.0143956, -0.0274155, 0.99952, 0.00283843  
195, -9.38555, 155.619, 180.617, 0.999902, -0.00159048, 0.0138806, 0.00123745, 0.999676, 0.0254051, -0.0139165, -0.0253854, 0.999581, 0.00322815  
196, -9.62472, 157.723, 180.772, 0.99991, -0.00372166, 0.0129186, 0.00339954, 0.999685, 0.0248674, -0.013007, -0.0248213, 0.999607, 0.00273164  
197, -9.78272, 159.613, 180.934, 0.999851, -0.0044016, 0.0166887, 0.0039638, 0.999649, 0.0261765, -0.0167981, -0.0261064, 0.999518, 0.00294577  
198, -10.1508, 161.671, 180.958, 0.999891, -0.00391311, 0.0142367, 0.00352361, 0.999622, 0.0272821, -0.0143381, -0.0272289, 0.999526, 0.00276104  
199, -10.458, 163.895, 180.919, 0.999906, -0.00192497, 0.013557, 0.0015392, 0.999595, 0.0284091, -0.0136062, -0.0283856, 0.999504, 0.00282012  
200, -10.6388, 165.521, 180.861, 0.99994, -0.00522154, 0.00959934, 0.0050345, 0.999799, 0.0194066, -0.00969874, -0.0193571, 0.999766, 0.00310305  
201, -10.8351, 167.797, 180.929, 0.999906, -0.00644827, 0.0120665, 0.00608478, 0.999534, 0.0299217, -0.0122538, -0.0298455, 0.999479, 0.00274717  
202, -10.8519, 169.352, 180.853, 0.999941, -0.00685491, 0.00841139, 0.00674197, 0.999888, 0.013383, -0.00850218, -0.0133256, 0.999875, 0.00293579  
203, -11.2086, 171.727, 180.741, 0.999945, -0.00353578, 0.00983525, 0.00334773, 0.999813, 0.0190708, -0.00990083, -0.0190368, 0.99977, 0.00276187  
204, -11.42, 173.5, 180.759, 0.999956, -0.00200825, 0.00920356, 0.00193344, 0.999965, 0.00813032, -0.00921957, -0.00811217, 0.999925, 0.00279016  
205, -11.709, 176.035, 180.769, 0.999891, -0.00131022, 0.0146815, 0.00101986, 0.999804, 0.0197673, -0.0147045, -0.0197501, 0.999697, 0.00305756  
206, -11.6593, 177.643, 180.757, 0.999949, -0.00354523, 0.00949194, 0.00346387, 0.999957, 0.00857455, -0.00952194, -0.00854123, 0.999918, 0.00278101  
207, -11.7287, 179.803, 180.823, 0.999922, -0.00433047, 0.0116731, 0.00415613, 0.99988, 0.0149187, -0.0117363, -0.014869, 0.999821, 0.00326254  
208, -11.6917, 181.711, 180.919, 0.999912, -0.00538696, 0.0121313, 0.0052217, 0.999894, 0.0136135, -0.0122033, -0.013549, 0.999834, 0.00272276  
209, -11.8407, 183.652, 181.056, 0.999834, -0.00764379, 0.0165653, 0.00741169, 0.999874, 0.0140276, -0.0166705, -0.0139025, 0.999764, 0.00284647  
210, -11.9072, 185.622, 181.197, 0.999739, -0.0107052, 0.0201794, 0.0104259, 0.999849, 0.0138974, -0.0203252, -0.0136834, 0.9997, 0.00310915  
211, -12.0366, 187.514, 181.029, 0.99985, -0.00778689, 0.0154435, 0.00775457, 0.999968, 0.00215132, -0.0154598, -0.00203124, 0.999878, 0.00287587  
212, -12.2191, 189.607, 180.98, 0.999853, -0.00571939, 0.0161804, 0.00562526, 0.999967, 0.00585686, -0.0162134, -0.00576497, 0.999852, 0.00298239  
213, -12.2177, 191.301, 180.882, 0.999903, -0.00661831, 0.0122672, 0.00665383, 0.999974, -0.00285634, -0.012248, 0.00293769, 0.999921, 0.00273164  
214, -12.4164, 193.476, 180.892, 0.999923, -0.00531073, 0.0111889, 0.005323, 0.999985, -0.00106755, -0.0111831, 0.00112703, 0.999937, 0.00286311  
215, -12.523, 195.216, 180.894, 0.999871, -0.00693533, 0.0144542, 0.00702059, 0.999958, -0.00585598, -0.014413, 0.0059567, 0.999878, 0.0031097  
216, -12.7873, 197.213, 180.878, 0.999836, -0.00765218, 0.0164126, 0.0078014, 0.999929, -0.00904662, -0.0163422, 0.00917318, 0.999824, 0.00275743  
217, -12.909, 199.19, 180.793, 0.999851, -0.00680516, 0.0158853, 0.00699886, 0.999901, -0.0121705, -0.0158009, 0.0122798, 0.9998, 0.00286589  
218, -13.0433, 201.06, 180.72, 0.99991, -0.00737299, 0.0111932, 0.00758445, 0.999791, -0.0189678, -0.011051, 0.019051, 0.999757, 0.00272747  
219, -13.0965, 203.149, 180.783, 0.999931, -0.00629761, 0.00992861, 0.00647398, 0.99982, -0.0178329, -0.00981451, 0.0178959, 0.999792, 0.00282955  
220, -13.1683, 204.945, 180.761, 0.999935, -0.00746503, 0.00862679, 0.00765754, 0.999717, -0.0225013, -0.00845638, 0.0225659, 0.99971, 0.00302039  
221, -13.3452, 207.109, 180.703, 0.99993, -0.00547142, 0.0104432, 0.00565262, 0.999833, -0.0174006, -0.0103463, 0.0174584, 0.999794, 0.00273857  
222, -13.267, 208.995, 180.66, 0.999924, -0.00708912, 0.0100746, 0.00732141, 0.999704, -0.0232113, -0.00990707, 0.0232833, 0.99968, 0.00302483  
223, -13.2232, 211.066, 180.771, 0.999868, -0.00795446, 0.0142004, 0.00819667, 0.999821, -0.0170806, -0.014062, 0.0171947, 0.999753, 0.00272442  
224, -13.1293, 212.982, 180.775, 0.99986, -0.00960285, 0.0136741, 0.00991981, 0.999679, -0.0233041, -0.0134459, 0.0234365, 0.999635, 0.00283149  
225, -13.0658, 215.126, 180.883, 0.999838, -0.0102241, 0.0148029, 0.0105529, 0.999695, -0.0223118, -0.0145702, 0.0224644, 0.999641, 0.00310693  
226, -13.031, 217.048, 180.945, 0.99987, -0.00906449, 0.0133658, 0.00949114, 0.999436, -0.0322108, -0.0130663, 0.0323334, 0.999392, 0.00274911  
227, -13.0579, 219.049, 181.02, 0.99981, -0.00909164, 0.0172578, 0.00956685, 0.999572, -0.0276557, -0.016999, 0.0278156, 0.999469, 0.00306837  
228, -12.9982, 221.184, 181.054, 0.999841, -0.00669219, 0.0165265, 0.00723271, 0.999434, -0.0328661, -0.0162971, 0.0329804, 0.999323, 0.00272387  
229, -12.973, 222.928, 181.036, 0.999767, -0.00799854, 0.0200483, 0.00866594, 0.999404, -0.0334264, -0.019769, 0.0335924, 0.99924, 0.0028731  
230, -12.9425, 225.189, 181.127, 0.999769, -0.0076129, 0.0201235, 0.00822204, 0.999505, -0.0303629, -0.0198824, 0.0305214, 0.999336, 0.00319625  
231, -12.8205, 226.854, 181.164, 0.999707, -0.00739987, 0.0230447, 0.0083401, 0.999125, -0.0409749, -0.0227214, 0.0411551, 0.998894, 0.002748  
232, -12.8606, 229.225, 181.115, 0.999665, -0.00548305, 0.0252922, 0.00639265, 0.99933, -0.0360242, -0.0250778, 0.0361738, 0.999031, 0.00297185  
233, -12.7939, 231.03, 181.015, 0.99967, -0.00824429, 0.0243353, 0.00934901, 0.998914, -0.0456369, -0.0239327, 0.0458493, 0.998662, 0.00277879  
234, -12.7271, 233.281, 181.031, 0.999682, -0.0095204, 0.0233643, 0.0104924, 0.999069, -0.0418369, -0.0229442, 0.0420687, 0.998851, 0.00278905  
235, -12.5502, 235.347, 181.129, 0.999679, -0.0113233, 0.0226467, 0.0122295, 0.999113, -0.0402843, -0.0221704, 0.0405483, 0.998932, 0.00322232  
236, -12.6271, 237.39, 181.046, 0.99969, -0.0119018, 0.0218721, 0.0129119, 0.998828, -0.0466371, -0.0212914, 0.046905, 0.998672, 0.00277851  
237, -12.5437, 239.772, 181.02, 0.999622, -0.0115067, 0.024983, 0.0125166, 0.999095, -0.0406517, -0.0244926, 0.040949, 0.998861, 0.00282511  
238, -12.3131, 241.638, 180.951, 0.999575, -0.0124579, 0.0263734, 0.0136942, 0.99879, -0.0472246, -0.0257532, 0.0475657, 0.998536, 0.00272942  
239, -12.3151, 244.049, 180.881, 0.999598, -0.0103814, 0.0263959, 0.0116067, 0.998842, -0.0466984, -0.0258805, 0.046986, 0.99856, 0.00287698  
240, -12.338, 245.968, 180.897, 0.999598, -0.00761465, 0.0273116, 0.00910381, 0.998455, -0.0548216, -0.0268519, 0.0550482, 0.998123, 0.00269169  
241, -12.3873, 248.373, 180.939, 0.999592, -0.00799642, 0.0274266, 0.00939981, 0.998632, -0.0514276, -0.0269778, 0.0516645, 0.9983, 0.00281013  
242, -12.3621, 250.334, 180.997, 0.999553, -0.00897096, 0.0285265, 0.0105377, 0.998417, -0.0552553, -0.0279857, 0.0555312, 0.998065, 0.00284536  
243, -12.449, 252.73, 181.009, 0.999533, -0.00946229, 0.0290601, 0.0109891, 0.998543, -0.0528392, -0.0285177, 0.0531339, 0.99818, 0.0027713  
244, -12.5536, 254.794, 181.019, 0.999496, -0.00905658, 0.0304371, 0.0106991, 0.998471, -0.0542409, -0.0298993, 0.0545392, 0.998064, 0.00282262  
245, -12.5724, 257.015, 181.063, 0.999511, -0.0111069, 0.0292402, 0.0125867, 0.998623, -0.0509206, -0.0286344, 0.0512637, 0.998275, 0.00320374  
246, -12.6486, 259.296, 181.042, 0.999501, -0.00745745, 0.0306897, 0.00909729, 0.998519, -0.0536451, -0.0302442, 0.0538975, 0.998088, 0.00276742  
247, -12.6346, 261.382, 180.986, 0.999504, -0.0102103, 0.0297781, 0.0118726, 0.998349, -0.0561908, -0.0291552, 0.0565165, 0.997976, 0.00288142  
248, -12.715, 263.743, 181.061, 0.999398, -0.010025, 0.0331994, 0.0116431, 0.998735, -0.0489096, -0.0326671, 0.0492668, 0.998251, 0.00273912  
249, -12.6753, 265.85, 180.996, 0.999454, -0.010863, 0.0312125, 0.0126768, 0.998206, -0.0585149, -0.0305209, 0.0588787, 0.997798, 0.00280264  
250, -12.8028, 268.604, 181.09, 0.999324, -0.0108589, 0.0351298, 0.0124164, 0.998936, -0.0444257, -0.03461, 0.0448318, 0.998395, 0.00317211  
251, -12.7315, 270.714, 181.127, 0.999314, -0.0129743, 0.0346951, 0.0147191, 0.998615, -0.0505153, -0.0339917, 0.0509913, 0.99812, 0.002905  
252, -12.985, 273.567, 181.092, 0.99923, -0.00974373, 0.0380111, 0.0114244, 0.998955, -0.0442525, -0.0375402, 0.0446527, 0.998297, 0.00301595  
253, -13.0133, 275.794, 181.041, 0.999243, -0.010129, 0.0375512, 0.0120829, 0.998565, -0.0521774, -0.0369688, 0.0525917, 0.997932, 0.00276936  
254, -13.1521, 278.537, 181.097, 0.999217, -0.010302, 0.038203, 0.012001, 0.998937, -0.0445147, -0.0377038, 0.0449383, 0.998278, 0.00282594  
255, -13.198, 280.874, 181.04, 0.999241, -0.0114844, 0.0372234, 0.0132955, 0.998721, -0.0487794, -0.0366156, 0.0492373, 0.998116, 0.00338098  
256, -13.4491, 283.458, 181.026, 0.99924, -0.0102592, 0.0376105, 0.0120126, 0.998837, -0.046694, -0.0370877, 0.0471104, 0.998201, 0.00286006  
257, -13.5984, 285.803, 181.083, 0.999163, -0.010418, 0.0395504, 0.0123071, 0.99878, -0.0478255, -0.0390039, 0.0482722, 0.998072, 0.00293135  
258, -13.7923, 288.3, 181.039, 0.999225, -0.0107621, 0.037861, 0.0124557, 0.998919, -0.0447838, -0.0373381, 0.0452207, 0.998279, 0.00286422  
259, -13.9508, 290.989, 180.957, 0.999123, -0.00954531, 0.0407812, 0.0110248, 0.999283, -0.0362091, -0.0404063, 0.036627, 0.998512, 0.00292331  
260, -13.8952, 293.355, 181.012, 0.999104, -0.0105871, 0.0409751, 0.0121703, 0.999181, -0.0385833, -0.0405331, 0.0390474, 0.998415, 0.00326559  
261, -14.112, 296.175, 181.107, 0.999104, -0.0070548, 0.0417186, 0.00846469, 0.999396, -0.0337157, -0.0414556, 0.0340386, 0.99856, 0.00285812  
262, -14.1714, 298.478, 181.047, 0.999284, -0.00737307, 0.0371193, 0.00895441, 0.999051, -0.042617, -0.0367699, 0.0429188, 0.998402, 0.00301068  
263, -14.3507, 301.294, 181.001, 0.999265, -0.00793426, 0.037491, 0.00931349, 0.999281, -0.036758, -0.0371724, 0.0370801, 0.998621, 0.0028473  
264, -14.3017, 303.743, 181.029, 0.999232, -0.0103067, 0.0378063, 0.0118185, 0.99913, -0.0399854, -0.0373613, 0.0404015, 0.998485, 0.00291138  
265, -14.541, 306.582, 181.043, 0.99918, -0.0095817, 0.0393341, 0.0108241, 0.999445, -0.0314954, -0.0390105, 0.0318953, 0.99873, 0.00294328  
266, -14.642, 309.04, 181.01, 0.999194, -0.0120938, 0.0382769, 0.0132139, 0.999488, -0.0291454, -0.0379048, 0.0296277, 0.998842, 0.00289668  
267, -14.8988, 311.843, 181.022, 0.999169, -0.0121485, 0.0388972, 0.0130504, 0.99965, -0.0230176, -0.038604, 0.0235061, 0.998978, 0.00300291  
268, -15.0591, 314.363, 181.022, 0.999317, -0.00901329, 0.0358261, 0.0102091, 0.999392, -0.0333356, -0.0355038, 0.0336785, 0.998802, 0.00280986  
269, -15.3285, 317.266, 181.145, 0.999337, -0.00844209, 0.0354084, 0.00944537, 0.999556, -0.0282635, -0.035154, 0.0285792, 0.998973, 0.0029405  
270, -15.5098, 319.751, 181.073, 0.999325, -0.00815825, 0.0358313, 0.00923828, 0.999505, -0.0300805, -0.0355682, 0.0303912, 0.998905, 0.00301262  
271, -15.7655, 322.541, 181.176, 0.999281, -0.00955114, 0.0366987, 0.0104889, 0.999621, -0.0254448, -0.0364418, 0.0258114, 0.999002, 0.00291693  
272, -16.0711, 325.219, 181.127, 0.999272, -0.00952882, 0.0369508, 0.0102686, 0.99975, -0.019884, -0.0367521, 0.020249, 0.999119, 0.00304618  
273, -16.4198, 327.82, 181.099, 0.999322, -0.00960585, 0.0355548, 0.0103415, 0.999735, -0.0205645, -0.0353478, 0.0209182, 0.999156, 0.00280542  
