0, 0, 0, 0, 0, 0, 0, 0, 0, 0, 0, 0, 0, 0.00618529  
1, -4.99667, -9.62777, 180.414, 0.999613, -0.0114467, 0.0253395, 0.0118594, 0.999798, -0.0161965, -0.025149, 0.0164908, 0.999548, 0.00281873  
2, -4.97103, -9.61467, 180.405, 0.999635, -0.0113113, 0.024541, 0.0117423, 0.999778, -0.0174925, -0.0243377, 0.0177743, 0.999546, 0.0027541  
3, -4.96865, -9.62764, 180.39, 0.999624, -0.0122606, 0.0245306, 0.0126869, 0.99977, -0.0173016, -0.0243128, 0.0176063, 0.999549, 0.00300069  
4, -5.03564, -9.55946, 180.372, 0.999593, -0.0120651, 0.0258671, 0.0125354, 0.999758, -0.0180975, -0.0256425, 0.0184144, 0.999502, 0.00274218  
5, -5.01409, -9.5538, 180.366, 0.999602, -0.0130823, 0.0249866, 0.0135469, 0.999737, -0.0185128, -0.0247378, 0.0188439, 0.999516, 0.00283149  
6, -4.99511, -9.63711, 180.387, 0.999637, -0.0112861, 0.0244821, 0.0117277, 0.99977, -0.0179679, -0.0242736, 0.0182484, 0.999539, 0.00306921  
7, -5.05271, -9.57545, 180.357, 0.999571, -0.0129135, 0.0262722, 0.0133736, 0.999759, -0.0174138, -0.026041, 0.0177577, 0.999503, 0.00279599  
8, -4.98166, -9.62777, 180.409, 0.999616, -0.011874, 0.0250197, 0.0123055, 0.999777, -0.017162, -0.0248104, 0.0174632, 0.99954, 0.00284092  
9, -5.0009, -9.62861, 180.406, 0.999619, -0.0117693, 0.0249688, 0.0122163, 0.999766, -0.0178264, -0.0247532, 0.0181246, 0.999529, 0.00279072  
10, -5.0527, -9.56912, 180.368, 0.999576, -0.0127114, 0.0261843, 0.0131858, 0.999751, -0.0180235, -0.0259487, 0.0183611, 0.999495, 0.00273441  
11, -5.0003, -9.6233, 180.418, 0.999608, -0.0118396, 0.0253724, 0.0122708, 0.999782, -0.0169083, -0.0251667, 0.017213, 0.999535, 0.00292691  
12, -5.01285, -9.65662, 180.401, 0.999633, -0.0109016, 0.0247985, 0.0113372, 0.999783, -0.0174905, -0.0246024, 0.0177652, 0.999539, 0.00273302  
13, -5.00812, -9.63736, 180.397, 0.999623, -0.0108126, 0.0252414, 0.0112395, 0.999795, -0.0168335, -0.0250543, 0.0171108, 0.99954, 0.00285646  
14, -5.01349, -9.61209, 180.385, 0.999623, -0.011217, 0.0250507, 0.0116545, 0.999781, -0.0173893, -0.0248501, 0.0176747, 0.999535, 0.00275549  
15, -4.96727, -9.61048, 180.418, 0.99963, -0.0115063, 0.0246546, 0.0119333, 0.99978, -0.0172461, -0.0244508, 0.0175339, 0.999547, 0.00279405  
16, -4.99276, -9.61117, 180.389, 0.999623, -0.01166, 0.0248577, 0.0121035, 0.999769, -0.0177661, -0.0246448, 0.0180602, 0.999533, 0.00300042  
17, -5.05364, -9.5941, 180.35, 0.999576, -0.0125277, 0.0262905, 0.0130005, 0.999755, -0.0178931, -0.0260599, 0.0182273, 0.999494, 0.00276631  
18, -5.01252, -9.61409, 180.394, 0.999614, -0.0117033, 0.0252068, 0.0121408, 0.999777, -0.017273, -0.024999, 0.0175724, 0.999533, 0.00292025  
19, -5.02144, -9.6398, 180.403, 0.999624, -0.011479, 0.024914, 0.011882, 0.9998, -0.016086, -0.0247243, 0.016376, 0.99956, 0.0027971  
20, -5.04853, -9.58182, 180.367, 0.999581, -0.0122249, 0.026249, 0.0126937, 0.999762, -0.0177655, -0.0260256, 0.0180912, 0.999498, 0.00279876  
21, -4.9963, -9.63084, 180.409, 0.999617, -0.0110918, 0.0253377, 0.0115379, 0.99978, -0.0175274, -0.0251378, 0.017813, 0.999525, 0.00300153  
22, -4.9999, -9.62237, 180.414, 0.999639, -0.0114959, 0.0242955, 0.0119342, 0.999767, -0.0179738, -0.0240832, 0.0182572, 0.999543, 0.00276048  
23, -4.98723, -9.63374, 180.415, 0.999608, -0.0117522, 0.0254305, 0.0121917, 0.999778, -0.0171974, -0.0252228, 0.0175007, 0.999529, 0.00281485  
24, -5.02723, -9.63429, 180.395, 0.999594, -0.0111185, 0.0262187, 0.0115437, 0.999803, -0.0161234, -0.0260343, 0.0164195, 0.999526, 0.00277629  
25, -4.99034, -9.63742, 180.408, 0.999625, -0.0119687, 0.0246151, 0.0123928, 0.999776, -0.0171519, -0.0244043, 0.0174505, 0.99955, 0.00279377  
26, -5.00973, -9.64701, 180.404, 0.999636, -0.0105994, 0.0248286, 0.0110557, 0.999771, -0.0183152, -0.0246288, 0.018583, 0.999524, 0.00293579  
27, -5.00143, -9.64442, 180.414, 0.999614, -0.0110174, 0.0254874, 0.0114604, 0.999785, -0.0173011, -0.0252913, 0.0175865, 0.999525, 0.00279904  
28, -4.97083, -9.62224, 180.395, 0.999617, -0.012054, 0.0249035, 0.0125086, 0.999757, -0.0181781, -0.0246784, 0.0184827, 0.999525, 0.00309972  
29, -4.97909, -9.61703, 180.423, 0.999633, -0.0115956, 0.0244797, 0.0120486, 0.999757, -0.0184388, -0.0242599, 0.018727, 0.99953, 0.00272082  
30, -5.02391, -9.55355, 180.371, 0.999584, -0.0136328, 0.0254293, 0.0141257, 0.999714, -0.019306, -0.0251588, 0.0196572, 0.99949, 0.00279044  
31, -4.979, -9.61307, 180.375, 0.999614, -0.011534, 0.0252805, 0.0119641, 0.999785, -0.016927, -0.0250798, 0.017223, 0.999537, 0.00287338  
32, -5.07712, -9.57823, 180.377, 0.999575, -0.0125433, 0.0262987, 0.012991, 0.999772, -0.0169202, -0.0260805, 0.0172547, 0.999511, 0.00276492  
33, -4.99723, -9.6166, 180.404, 0.999629, -0.0112044, 0.0248198, 0.011647, 0.999774, -0.0177633, -0.0246152, 0.0180458, 0.999534, 0.00286811  
34, -5.02273, -9.66278, 180.401, 0.999621, -0.0107696, 0.0253312, 0.0112134, 0.999785, -0.0174436, -0.0251378, 0.0177211, 0.999527, 0.00276242  
35, -4.9974, -9.62477, 180.386, 0.999622, -0.01211, 0.024691, 0.0125661, 0.999752, -0.0183988, -0.024462, 0.0187022, 0.999526, 0.00277574  
36, -4.99079, -9.6162, 180.395, 0.999624, -0.0111863, 0.0250331, 0.0116368, 0.999772, -0.017925, -0.0248269, 0.0182096, 0.999526, 0.00282955  
37, -5.01119, -9.62873, 180.397, 0.999617, -0.0114054, 0.025202, 0.0118359, 0.999785, -0.0169976, -0.0250027, 0.0172893, 0.999538, 0.00281679  
38, -4.98313, -9.62725, 180.4, 0.999638, -0.0115486, 0.0243126, 0.0120097, 0.999749, -0.0189054, -0.0240882, 0.0191905, 0.999526, 0.00303287  
39, -5.00255, -9.62484, 180.399, 0.999615, -0.0114578, 0.0252601, 0.0118927, 0.999782, -0.017137, -0.0250583, 0.0174308, 0.999534, 0.00281762  
40, -4.99673, -9.62227, 180.41, 0.999619, -0.0116938, 0.0250031, 0.0121235, 0.99978, -0.0171052, -0.0247976, 0.0174018, 0.999541, 0.00280986  
41, -5.01091, -9.61755, 180.392, 0.999615, -0.0114742, 0.0252787, 0.0119073, 0.999784, -0.0170504, -0.0250776, 0.0173449, 0.999535, 0.00303953  
42, -4.99708, -9.63196, 180.399, 0.999628, -0.0108444, 0.0250389, 0.0112929, 0.999777, -0.0178418, -0.0248399, 0.0181179, 0.999527, 0.00272415  
43, -5.04313, -9.55727, 180.386, 0.99959, -0.0132307, 0.0254093, 0.0136885, 0.999746, -0.0179273, -0.0251656, 0.0182677, 0.999516, 0.00282594  
44, -5.00734, -9.64977, 180.409, 0.999637, -0.0103425, 0.0248755, 0.0107746, 0.999792, -0.0172998, -0.0246914, 0.0175615, 0.999541, 0.00291138  
45, -4.98032, -9.61264, 180.389, 0.99961, -0.0117415, 0.0253403, 0.0122217, 0.999747, -0.0188799, -0.0251122, 0.0191823, 0.999501, 0.00285757  
46, -5.00272, -9.63122, 180.401, 0.999622, -0.0110729, 0.0251784, 0.011518, 0.999779, -0.0176013, -0.0249779, 0.0178846, 0.999528, 0.00290389  
47, -4.99985, -9.62738, 180.392, 0.999624, -0.0109072, 0.0251638, 0.0113551, 0.999778, -0.017728, -0.0249649, 0.0180071, 0.999526, 0.00273524  
48, -4.99028, -9.60557, 180.391, 0.999612, -0.011948, 0.0251658, 0.0123701, 0.999784, -0.0166853, -0.024961, 0.0169901, 0.999544, 0.00273524  
49, -4.99199, -9.62424, 180.403, 0.999623, -0.011031, 0.0251508, 0.0114678, 0.999785, -0.0172884, -0.0249547, 0.0175704, 0.999534, 0.0027591  
50, -5.03056, -9.55814, 180.359, 0.999578, -0.0129558, 0.0259993, 0.0134112, 0.999758, -0.017419, -0.0257673, 0.0177604, 0.99951, 0.0031147  
51, -4.98965, -9.59016, 180.392, 0.999605, -0.0117439, 0.025516, 0.0121796, 0.999782, -0.0169854, -0.0253109, 0.0172895, 0.99953, 0.00286838  
52, -5.01719, -9.63319, 180.396, 0.999619, -0.0117152, 0.0249925, 0.0121649, 0.999765, -0.0179188, -0.0247767, 0.018216, 0.999527, 0.00314077  
53, -4.99898, -9.61558, 180.409, 0.999612, -0.011257, 0.025474, 0.0116844, 0.999792, -0.0166896, -0.0252808, 0.0169807, 0.999536, 0.00276353  
54, -4.99986, -9.61068, 180.387, 0.999606, -0.0116271, 0.0255586, 0.0120735, 0.999776, -0.0173832, -0.0253507, 0.0176849, 0.999522, 0.00291304  
55, -5.01954, -9.62923, 180.393, 0.999614, -0.0110927, 0.0254648, 0.0115288, 0.999788, -0.0170424, -0.0252703, 0.0173294, 0.99953, 0.00313495  
56, -4.97591, -9.6188, 180.391, 0.999647, -0.0116333, 0.0238927, 0.0120856, 0.999749, -0.0188733, -0.0236672, 0.0191554, 0.999536, 0.00280625  
57, -4.98725, -9.60553, 180.415, 0.999636, -0.0113264, 0.024479, 0.0117635, 0.999773, -0.0177887, -0.0242719, 0.0180702, 0.999542, 0.00396376  
58, -5.04031, -9.57456, 180.357, 0.999575, -0.0123702, 0.0263835, 0.0128311, 0.999767, -0.0173733, -0.0261624, 0.0177044, 0.999501, 0.00297961  
59, -4.95812, -9.61415, 180.413, 0.999629, -0.0119327, 0.0244884, 0.0123847, 0.999754, -0.0183881, -0.0242629, 0.0186846, 0.999531, 0.00304313  
60, -4.97901, -9.61297, 180.406, 0.999641, -0.0112889, 0.0242859, 0.0117162, 0.999778, -0.0175244, -0.0240826, 0.0178027, 0.999551, 0.00299348  
61, -4.98272, -9.61604, 180.383, 0.999621, -0.0113528, 0.0250786, 0.0117849, 0.999783, -0.0171509, -0.0248785, 0.0174399, 0.999538, 0.0028645  
62, -4.99604, -9.63148, 180.407, 0.999626, -0.0107023, 0.0251692, 0.0111239, 0.999799, -0.0166706, -0.0249857, 0.0169443, 0.999544, 0.0029602  
63, -4.99276, -9.62398, 180.416, 0.999618, -0.011208, 0.0252763, 0.0116326, 0.999793, -0.0167155, -0.0250838, 0.0170031, 0.999541, 0.00283815  
64, -5.02257, -9.65561, 180.386, 0.999622, -0.0109023, 0.025254, 0.0113478, 0.999781, -0.0175624, -0.025057, 0.0178423, 0.999527, 0.00300874  
65, -4.98414, -9.61892, 180.408, 0.999628, -0.0121126, 0.0244377, 0.0125637, 0.999752, -0.018389, -0.0242089, 0.0186891, 0.999532, 0.00301706  
66, -4.99918, -9.60105, 180.384, 0.999619, -0.0118771, 0.0249145, 0.012344, 0.99975, -0.0186695, -0.0246865, 0.0189699, 0.999515, 0.00288198  
67, -4.96646, -9.59109, 180.405, 0.999622, -0.0122553, 0.0245926, 0.0127186, 0.999743, -0.0187737, -0.0243562, 0.0190794, 0.999521, 0.0029724  
68, -4.98964, -9.62099, 180.392, 0.999628, -0.0114979, 0.024741, 0.0119475, 0.999765, -0.0181029, -0.024527, 0.0183918, 0.99953, 0.0028645  
69, -4.96846, -9.59367, 180.385, 0.999629, -0.0127973, 0.0240257, 0.0132544, 0.999732, -0.0189635, -0.0237766, 0.0192749, 0.999531, 0.0028154  
70, -4.99246, -9.62256, 180.398, 0.999599, -0.0114541, 0.0258848, 0.0118928, 0.999787, -0.0168597, -0.0256862, 0.0171608, 0.999523, 0.00302067  
71, -4.99742, -9.63985, 180.387, 0.99962, -0.0104416, 0.0255112, 0.0108872, 0.99979, -0.0173903, -0.0253242, 0.0176615, 0.999523, 0.00276242  
72, -5.0054, -9.62877, 180.388, 0.999634, -0.0112304, 0.0246256, 0.011688, 0.99976, -0.018517, -0.0244117, 0.0187981, 0.999525, 0.00326032  
73, -5.00944, -9.6435, 180.412, 0.99962, -0.010934, 0.0252898, 0.0113838, 0.999778, -0.0177094, -0.0250906, 0.0179905, 0.999523, 0.00280902  
74, -4.97356, -9.60163, 180.395, 0.999637, -0.0114726, 0.0243813, 0.0119332, 0.999751, -0.0188311, -0.0241592, 0.0191152, 0.999525, 0.00279405  
75, -5.00868, -9.64591, 180.405, 0.999624, -0.0110461, 0.0250857, 0.0114831, 0.999784, -0.0173422, -0.0248887, 0.0176237, 0.999535, 0.00286339  
76, -4.98756, -9.61462, 180.4, 0.999624, -0.0111844, 0.0250343, 0.0116197, 0.999783, -0.0173088, -0.0248353, 0.0175932, 0.999537, 0.00291415  
77, -4.97571, -9.61128, 180.421, 0.999633, -0.0119811, 0.0243018, 0.0124254, 0.999757, -0.0182142, -0.0240776, 0.0185095, 0.999539, 0.00321622  
78, -5.00211, -9.66495, 180.4, 0.999626, -0.0109249, 0.0250757, 0.0113797, 0.999772, -0.0180663, -0.0248726, 0.0183449, 0.999522, 0.00273635  
79, -4.99714, -9.64622, 180.392, 0.999609, -0.0107079, 0.0258378, 0.0111405, 0.999799, -0.016656, -0.0256543, 0.0169373, 0.999527, 0.00279848  
80, -5.0176, -9.62966, 180.39, 0.999619, -0.0113012, 0.0251867, 0.0117387, 0.999782, -0.0172925, -0.0249858, 0.0175816, 0.999533, 0.00294439  
81, -4.98793, -9.61374, 180.418, 0.999634, -0.0113923, 0.0245184, 0.0118191, 0.99978, -0.0173338, -0.0243155, 0.0176172, 0.999549, 0.00282067  
82, -4.97855, -9.62303, 180.403, 0.999623, -0.0119216, 0.0247196, 0.0123581, 0.999769, -0.0175798, -0.0245043, 0.0178786, 0.99954, 0.00322177  
83, -4.99705, -9.63885, 180.398, 0.999625, -0.0107275, 0.0252092, 0.011173, 0.999783, -0.0175995, -0.0250149, 0.0178745, 0.999527, 0.00273302  
84, -5.0075, -9.64045, 180.401, 0.999631, -0.0104325, 0.0250843, 0.0108842, 0.99978, -0.017941, -0.0248916, 0.0182074, 0.999524, 0.00279959  
85, -4.99259, -9.6115, 180.392, 0.99962, -0.0116294, 0.0250007, 0.0120571, 0.999782, -0.0170265, -0.0247972, 0.0173214, 0.999542, 0.00289834  
86, -4.99672, -9.62037, 180.399, 0.999627, -0.0112631, 0.0248598, 0.0117051, 0.999775, -0.0177059, -0.0246548, 0.0179903, 0.999534, 0.00279405  
87, -4.98098, -9.63557, 180.403, 0.999613, -0.0117131, 0.025216, 0.0121779, 0.999757, -0.0183569, -0.0249949, 0.0186569, 0.999513, 0.00293496  
88, -4.99325, -9.65235, 180.396, 0.999636, -0.0115122, 0.0243899, 0.0119907, 0.999737, -0.0195639, -0.0241583, 0.0198493, 0.999511, 0.0027505  
89, -4.98557, -9.70057, 180.403, 0.999627, -0.0106927, 0.0251332, 0.0112076, 0.999728, -0.0204373, -0.0249078, 0.0207114, 0.999475, 0.00280209  
90, -5.00003, -9.67111, 180.386, 0.999584, -0.0133662, 0.0255505, 0.0139058, 0.999682, -0.0210564, -0.0252609, 0.021403, 0.999452, 0.00286228  
91, -4.93442, -9.7517, 180.419, 0.999622, -0.0113302, 0.0250482, 0.0118848, 0.999685, -0.0221043, -0.0247899, 0.0223936, 0.999442, 0.00282095  
92, -4.94096, -9.80841, 180.413, 0.999627, -0.0111883, 0.0249224, 0.0118025, 0.999627, -0.0246377, -0.0246374, 0.0249226, 0.999386, 0.00290777  
93, -4.92457, -9.7929, 180.367, 0.999559, -0.0124331, 0.026966, 0.0131616, 0.999549, -0.0270099, -0.026618, 0.0273529, 0.999271, 0.00273191  
94, -4.93415, -9.87406, 180.394, 0.999558, -0.0125212, 0.0269474, 0.0132674, 0.999529, -0.0276901, -0.026588, 0.0280354, 0.999253, 0.00278711  
95, -4.93649, -9.89732, 180.386, 0.999569, -0.0115171, 0.0269875, 0.0122914, 0.999512, -0.0287057, -0.0266437, 0.029025, 0.999224, 0.00289557  
96, -4.8934, -9.94728, 180.387, 0.99959, -0.012081, 0.0259577, 0.0129454, 0.999358, -0.033395, -0.0255376, 0.0337173, 0.999105, 0.00281901  
97, -4.9015, -9.9985, 180.389, 0.999548, -0.0123833, 0.0273845, 0.0133248, 0.999317, -0.0344702, -0.0269389, 0.0348195, 0.99903, 0.00293329  
98, -4.83674, -10.0378, 180.452, 0.999607, -0.0109207, 0.0258084, 0.0118673, 0.999252, -0.0368161, -0.025387, 0.0371079, 0.998989, 0.00276548  
99, -4.8139, -10.1321, 180.463, 0.999606, -0.0110705, 0.0257788, 0.0120226, 0.99924, -0.0370736, -0.0253488, 0.037369, 0.99898, 0.00289363  
100, -4.81937, -10.219, 180.468, 0.999636, -0.00980169, 0.0251243, 0.0108508, 0.99906, -0.041968, -0.0246893, 0.0422253, 0.998803, 0.00313522  
101, -4.79495, -10.3254, 180.511, 0.999625, -0.0104361, 0.0253043, 0.0116444, 0.998776, -0.0480819, -0.0247715, 0.0483585, 0.998523, 0.00273912  
102, -4.74205, -10.3855, 180.562, 0.999612, -0.011072, 0.0255669, 0.0124325, 0.998481, -0.053683, -0.0249337, 0.05398, 0.998231, 0.00272304  
103, -4.71098, -10.3868, 180.562, 0.999618, -0.0108565, 0.0254348, 0.0122944, 0.998294, -0.0570761, -0.0247718, 0.057367, 0.998046, 0.00299653  
104, -4.70862, -10.3982, 180.541, 0.999614, -0.0104684, 0.0257264, 0.0120217, 0.998066, -0.0609845, -0.0250382, 0.0612703, 0.997807, 0.0026806  
105, -4.6974, -10.3703, 180.553, 0.999607, -0.0104095, 0.0260355, 0.0120245, 0.997962, -0.0626621, -0.0253302, 0.0629506, 0.997695, 0.00283094  
106, -4.64972, -10.383, 180.582, 0.999595, -0.0108113, 0.0263236, 0.0124898, 0.997842, -0.0644573, -0.0255699, 0.06476, 0.997573, 0.00277269  
107, -4.64402, -10.3038, 180.55, 0.999549, -0.011482, 0.0277601, 0.0133509, 0.997589, -0.0681018, -0.0269112, 0.0684416, 0.997292, 0.00284675  
108, -4.59669, -10.3035, 180.548, 0.999544, -0.0112001, 0.0280321, 0.0133157, 0.996984, -0.076459, -0.0270912, 0.0767974, 0.996679, 0.00289252  
109, -4.55427, -10.2222, 180.564, 0.999532, -0.00966399, 0.0290353, 0.011941, 0.996779, -0.0793024, -0.0281754, 0.079612, 0.996428, 0.0026953  
110, -4.53707, -10.1384, 180.542, 0.999505, -0.0106627, 0.0295842, 0.0130829, 0.996475, -0.0828588, -0.0285965, 0.0832048, 0.996122, 0.0026376  
111, -4.49152, -10.0431, 180.561, 0.999524, -0.00891281, 0.0295427, 0.0113984, 0.99631, -0.0850643, -0.0286755, 0.0853605, 0.995937, 0.00380759  
112, -4.45216, -9.89756, 180.605, 0.999513, -0.00959895, 0.0297011, 0.012199, 0.995989, -0.088636, -0.0287312, 0.0889551, 0.995621, 0.00284758  
113, -4.46037, -9.79543, 180.578, 0.999474, -0.00922503, 0.0310802, 0.012003, 0.995832, -0.0904161, -0.0301165, 0.0907416, 0.995419, 0.00272082  
114, -4.40864, -9.6883, 180.584, 0.999475, -0.00801779, 0.0314042, 0.0109691, 0.99542, -0.0949637, -0.030499, 0.0952583, 0.994985, 0.00303287  
115, -4.44002, -9.56239, 180.553, 0.999398, -0.00759449, 0.0338637, 0.0108348, 0.995269, -0.0965554, -0.0329701, 0.0968641, 0.994751, 0.00271777  
116, -4.36849, -9.33734, 180.547, 0.999421, -0.00566245, 0.0335638, 0.00908426, 0.994672, -0.102692, -0.0328035, 0.102937, 0.994147, 0.00281152  
117, -4.36745, -9.13116, 180.552, 0.99939, -0.00593257, 0.0344122, 0.00948691, 0.994525, -0.104063, -0.0336065, 0.104326, 0.993975, 0.00291748  
118, -4.32224, -8.8122, 180.554, 0.999395, -0.00629146, 0.0341967, 0.00993883, 0.994149, -0.107559, -0.0333199, 0.107834, 0.99361, 0.00279405  
119, -4.38105, -8.50139, 180.518, 0.999364, -0.00483116, 0.0353338, 0.00866561, 0.993983, -0.109187, -0.0345937, 0.109424, 0.993393, 0.00291276  
120, -4.38458, -8.1669, 180.528, 0.999368, -0.00450172, 0.0352616, 0.0083304, 0.993985, -0.109198, -0.034558, 0.109422, 0.993394, 0.00269169  
121, -4.38128, -7.82537, 180.504, 0.999381, -0.00390236, 0.0349646, 0.00785842, 0.99348, -0.113733, -0.0342928, 0.113937, 0.992896, 0.00281319  
122, -4.44374, -7.45392, 180.431, 0.999304, -0.00404371, 0.0370785, 0.00837606, 0.993044, -0.117444, -0.0363457, 0.117673, 0.992387, 0.00292941  
123, -4.4231, -6.91496, 180.467, 0.999363, -0.00624354, 0.0351312, 0.0103868, 0.992837, -0.119023, -0.0341364, 0.119312, 0.99227, 0.0027125  
124, -4.45536, -6.40337, 180.467, 0.999436, -0.00433533, 0.0332914, 0.00836532, 0.992509, -0.121886, -0.0325136, 0.122095, 0.991986, 0.00282262  
125, -4.51916, -5.80882, 180.484, 0.999459, -0.0054989, 0.0324131, 0.00944407, 0.99238, -0.122851, -0.0314905, 0.123091, 0.991896, 0.00273053  
126, -4.72118, -5.15377, 180.425, 0.999428, -0.00607386, 0.0332669, 0.0101191, 0.992378, -0.122816, -0.0322674, 0.123083, 0.991872, 0.00276853  
127, -4.80531, -4.48768, 180.425, 0.999452, -0.00678901, 0.0323895, 0.010764, 0.992202, -0.124178, -0.0312938, 0.124459, 0.991731, 0.00296436  
128, -4.99467, -3.7103, 180.288, 0.999422, -0.00956032, 0.0326107, 0.0136468, 0.991746, -0.127489, -0.0311227, 0.127861, 0.991304, 0.00280542  
129, -5.1457, -2.98449, 180.336, 0.999545, -0.00817835, 0.0290164, 0.0118724, 0.991506, -0.129517, -0.0277107, 0.129803, 0.991153, 0.00336212  
130, -5.38295, -2.1213, 180.267, 0.99951, -0.00999084, 0.0296474, 0.013777, 0.991367, -0.130389, -0.0280887, 0.130734, 0.99102, 0.00277491  
131, -5.6604, -1.36649, 180.279, 0.999648, -0.00789444, 0.025325, 0.0111114, 0.991515, -0.129519, -0.0240876, 0.129755, 0.991253, 0.0028154  
132, -5.89294, -0.462187, 180.225, 0.999609, -0.00762176, 0.0268875, 0.0110441, 0.991514, -0.129527, -0.0256721, 0.129774, 0.991211, 0.00288919  
133, -6.19292, 0.443129, 180.208, 0.999649, -0.00689103, 0.0255807, 0.0101609, 0.991464, -0.129985, -0.0244666, 0.1302, 0.991186, 0.00287393  
134, -6.40709, 1.39892, 180.228, 0.999723, -0.00621557, 0.0226975, 0.00910062, 0.991563, -0.129308, -0.0217022, 0.129479, 0.991345, 0.00290833  
135, -6.64492, 2.36701, 180.256, 0.999697, -0.00678073, 0.0236702, 0.00971784, 0.991949, -0.126267, -0.0226235, 0.126458, 0.991714, 0.00270778  
136, -6.85694, 3.38949, 180.279, 0.999669, -0.0073953, 0.0246309, 0.0104142, 0.992129, -0.124789, -0.0235141, 0.125004, 0.991878, 0.00275715  
137, -7.00001, 4.49071, 180.269, 0.999701, -0.00936316, 0.0226005, 0.0121555, 0.991858, -0.126766, -0.0212296, 0.127003, 0.991675, 0.00292663  
138, -7.21102, 5.57731, 180.298, 0.999675, -0.00904673, 0.0238419, 0.0119419, 0.992181, -0.124238, -0.0225315, 0.124482, 0.991966, 0.00284148  
139, -7.39431, 6.64711, 180.291, 0.999688, -0.00902158, 0.0233077, 0.0118993, 0.991903, -0.126443, -0.0219783, 0.126681, 0.9917, 0.00301872  
140, -7.57565, 7.95332, 180.277, 0.999694, -0.00712788, 0.0237015, 0.0100754, 0.991894, -0.126668, -0.0226065, 0.126868, 0.991662, 0.00282151  
141, -7.81339, 9.23243, 180.253, 0.9997, -0.00979536, 0.0224596, 0.0125468, 0.991971, -0.125838, -0.0210466, 0.126082, 0.991797, 0.00279959  
142, -8.15651, 10.4769, 180.276, 0.999591, -0.0121349, 0.025882, 0.0153213, 0.991822, -0.126706, -0.0241327, 0.127051, 0.991603, 0.00302815  
143, -8.24634, 11.7805, 180.399, 0.999615, -0.0139998, 0.0239385, 0.0169532, 0.99163, -0.127996, -0.0219462, 0.128353, 0.991486, 0.00284037  
144, -8.44466, 13.257, 180.373, 0.999658, -0.0123217, 0.0230516, 0.0151149, 0.992015, -0.125214, -0.0213247, 0.125519, 0.991862, 0.00290001  
145, -8.61573, 14.8414, 180.351, 0.999734, -0.0102205, 0.0206599, 0.0126899, 0.992305, -0.123169, -0.0192421, 0.123398, 0.992171, 0.00280902  
146, -8.67162, 16.3224, 180.313, 0.999709, -0.0110669, 0.0214446, 0.0135764, 0.992601, -0.120658, -0.0199507, 0.120914, 0.992463, 0.00277407  
147, -8.88191, 17.8705, 180.283, 0.999699, -0.0119773, 0.0213917, 0.0144034, 0.993013, -0.117123, -0.0198395, 0.117395, 0.992887, 0.00295853  
148, -9.01664, 19.6435, 180.281, 0.999744, -0.0111336, 0.019683, 0.0132589, 0.99369, -0.111374, -0.0183188, 0.111606, 0.993584, 0.00286727  
149, -9.12109, 21.3136, 180.208, 0.999765, -0.0119863, 0.018041, 0.01387, 0.994032, -0.1082, -0.0166364, 0.108425, 0.993965, 0.00302205  
150, -9.2909, 23.0922, 180.149, 0.999783, -0.0127978, 0.0164225, 0.0144887, 0.994115, -0.107359, -0.0149519, 0.107573, 0.994085, 0.0027885  
151, -9.47255, 24.9288, 180.155, 0.999753, -0.0139904, 0.0172905, 0.0156573, 0.994827, -0.100366, -0.0157969, 0.100612, 0.9948, 0.00276326  
152, -9.66108, 26.6885, 180.146, 0.999731, -0.014729, 0.0179226, 0.0164278, 0.994986, -0.09866, -0.0163795, 0.0989278, 0.99496, 0.00286422  
153, -9.71309, 28.5865, 180.196, 0.999753, -0.0158021, 0.0156315, 0.0172333, 0.99522, -0.0961219, -0.0140379, 0.0963675, 0.995247, 0.00275715  
154, -9.80777, 30.4531, 180.271, 0.99974, -0.0166836, 0.0155682, 0.0180457, 0.995605, -0.0919014, -0.0139665, 0.0921584, 0.995646, 0.00291582  
155, -9.80522, 32.3748, 180.424, 0.99974, -0.0173638, 0.0147825, 0.0185566, 0.996226, -0.0847956, -0.0132543, 0.0850479, 0.996289, 0.00276492  
156, -9.94073, 34.4315, 180.4, 0.999774, -0.0155691, 0.0145097, 0.016766, 0.996121, -0.0863878, -0.0131084, 0.0866115, 0.996156, 0.00277269  
157, -10.1171, 36.4736, 180.422, 0.999792, -0.0148078, 0.0140029, 0.0159168, 0.996446, -0.0827223, -0.0127282, 0.082928, 0.996474, 0.00288725  
158, -10.2356, 38.5345, 180.4, 0.99977, -0.0148382, 0.0155055, 0.0160195, 0.996741, -0.0790643, -0.0142818, 0.0792945, 0.996749, 0.00278323  
159, -10.4455, 40.473, 180.421, 0.999757, -0.013011, 0.0177729, 0.0143786, 0.996761, -0.0791212, -0.0166859, 0.0793576, 0.996707, 0.00309584  
160, -10.5979, 42.7224, 180.456, 0.999744, -0.0120642, 0.019136, 0.0134278, 0.997255, -0.0728104, -0.0182051, 0.0730487, 0.997162, 0.00271  
161, -10.7774, 44.718, 180.395, 0.999721, -0.0114965, 0.0206125, 0.0129063, 0.99749, -0.0696222, -0.0197603, 0.0698689, 0.99736, 0.00276187  
162, -10.6608, 46.7427, 180.37, 0.999769, -0.0144531, 0.0159347, 0.0154952, 0.99761, -0.0673358, -0.0149234, 0.0675671, 0.997603, 0.00291082  
163, -10.8372, 48.8752, 180.443, 0.999784, -0.0119446, 0.0170039, 0.0129246, 0.99819, -0.0587418, -0.0162715, 0.0589489, 0.998128, 0.00277241  
164, -10.7651, 51.0544, 180.478, 0.999747, -0.0162957, 0.0154845, 0.0171191, 0.99836, -0.0546229, -0.014569, 0.0548742, 0.998387, 0.00285008  
165, -10.9912, 53.3172, 180.442, 0.999678, -0.0149322, 0.0205243, 0.015968, 0.998557, -0.0512676, -0.0197292, 0.0515788, 0.998474, 0.0027186  
166, -10.8527, 55.2837, 180.448, 0.999661, -0.0172423, 0.0194986, 0.0182631, 0.998404, -0.0534458, -0.018546, 0.0537838, 0.99838, 0.00440257  
167, -11.1387, 57.82, 180.401, 0.999626, -0.014843, 0.0229776, 0.0158597, 0.998874, -0.0447187, -0.0222879, 0.0450664, 0.998735, 0.00314826  
168, -11.0244, 59.996, 180.474, 0.999705, -0.0141066, 0.0197943, 0.0149535, 0.99895, -0.0433108, -0.0191625, 0.043594, 0.998866, 0.00274218  
169, -11.0645, 62.058, 180.548, 0.999685, -0.0144973, 0.0204662, 0.0152946, 0.999108, -0.039352, -0.0198774, 0.0396526, 0.999016, 0.00295825  
170, -11.1247, 64.4048, 180.502, 0.999687, -0.015809, 0.0194141, 0.0165804, 0.999053, -0.0402349, -0.0187596, 0.0405442, 0.999002, 0.00272387  
171, -11.1366, 66.6246, 180.511, 0.999745, -0.0146358, 0.0171877, 0.0152365, 0.999259, -0.0353534, -0.0166576, 0.0356062, 0.999227, 0.00283121  
172, -11.1179, 68.7983, 180.479, 0.999709, -0.0145695, 0.0192085, 0.0151169, 0.999475, -0.0286691, -0.0187807, 0.0289512, 0.999404, 0.0028792  
173, -11.0799, 70.9014, 180.441, 0.999641, -0.0133748, 0.0231955, 0.0140255, 0.999506, -0.0281224, -0.0228079, 0.0284376, 0.999335, 0.00279737  
174, -10.9884, 73.1842, 180.562, 0.999606, -0.0147312, 0.023882, 0.0153006, 0.999599, -0.0238381, -0.0235213, 0.0241942, 0.999431, 0.00298516  
175, -11.0194, 75.4827, 180.549, 0.999561, -0.0155279, 0.0252242, 0.0160803, 0.999632, -0.0218474, -0.0248757, 0.0222434, 0.999443, 0.00272609  
176, -11.0342, 77.6267, 180.514, 0.999533, -0.0159547, 0.0260607, 0.01639, 0.999728, -0.0165786, -0.0257891, 0.016998, 0.999523, 0.00279959  
177, -11.1371, 80.0783, 180.467, 0.999523, -0.0145344, 0.0272626, 0.0147448, 0.999863, -0.00753313, -0.0271494, 0.00793152, 0.9996, 0.00289002  
178, -11.2111, 82.2942, 180.459, 0.999503, -0.0143512, 0.0280554, 0.0144315, 0.999892, -0.00266101, -0.0280142, 0.00306457, 0.999603, 0.0027738  
179, -10.9643, 84.3172, 180.56, 0.999525, -0.0175173, 0.0253426, 0.0177535, 0.999801, -0.00912498, -0.0251777, 0.00957057, 0.999637, 0.00296658  
180, -11.0864, 86.7777, 180.584, 0.999552, -0.0176097, 0.0242111, 0.0176559, 0.999843, -0.00169891, -0.0241774, 0.00212562, 0.999705, 0.00274384  
181, -11.2127, 89.0507, 180.604, 0.999645, -0.0165973, 0.0208434, 0.0164911, 0.99985, 0.00525833, -0.0209276, -0.00491273, 0.999769, 0.00285673  
182, -11.588, 91.1444, 180.609, 0.999605, -0.0133597, 0.0247248, 0.0132454, 0.999901, 0.00478382, -0.0247862, -0.00445444, 0.999683, 0.00285451  
183, -11.7418, 93.4343, 180.515, 0.999597, -0.0144891, 0.0244179, 0.0142297, 0.999841, 0.0107641, -0.02457, -0.0104123, 0.999644, 0.00280375  
184, -11.9567, 95.7409, 180.47, 0.999613, -0.0135273, 0.0242951, 0.0130977, 0.999757, 0.0177552, -0.0245294, -0.0174301, 0.999547, 0.00283898  
185, -11.9872, 97.6092, 180.644, 0.999681, -0.0166973, 0.0189254, 0.0164111, 0.99975, 0.0151803, -0.0191741, -0.0148649, 0.999706, 0.00276159  
186, -12.26, 99.9581, 180.739, 0.999636, -0.017318, 0.020695, 0.0166979, 0.999417, 0.0297717, -0.0211985, -0.0294153, 0.999342, 0.00277851  
187, -12.6651, 101.8, 180.726, 0.999516, -0.0165734, 0.0263325, 0.0160687, 0.999685, 0.0192673, -0.0266435, -0.0188348, 0.999468, 0.00285313  
188, -13.027, 103.812, 180.803, 0.999363, -0.0170164, 0.0313588, 0.0163149, 0.999614, 0.0224921, -0.0317294, -0.0219662, 0.999255, 0.00275632  
189, -13.2866, 106.087, 180.842, 0.999395, -0.0173387, 0.0301603, 0.0163939, 0.999376, 0.0312961, -0.0306841, -0.0307827, 0.999055, 0.00295493  
190, -13.4682, 108.208, 180.775, 0.999553, -0.0163114, 0.0250374, 0.0155034, 0.999363, 0.0321354, -0.0255456, -0.0317329, 0.99917, 0.00272831  
191, -13.7196, 110.193, 180.699, 0.999662, -0.0147794, 0.0213824, 0.01424, 0.999582, 0.0251643, -0.0217453, -0.0248513, 0.999455, 0.00281124  
192, -13.9101, 112.403, 180.675, 0.999687, -0.015364, 0.0197579, 0.0147962, 0.999482, 0.0285677, -0.0201866, -0.0282664, 0.999397, 0.00289057  
193, -14.1528, 114.281, 180.718, 0.999682, -0.0152745, 0.0200884, 0.0146699, 0.999445, 0.0299117, -0.0205341, -0.0296075, 0.999351, 0.00278656  
194, -14.4369, 116.338, 180.865, 0.999652, -0.0164797, 0.0206144, 0.0158172, 0.999366, 0.0318983, -0.021127, -0.0315611, 0.999279, 0.00295715  
195, -14.6993, 118.509, 180.874, 0.999673, -0.0152247, 0.0205633, 0.0144845, 0.999258, 0.0356785, -0.0210912, -0.035369, 0.999152, 0.00277324  
196, -14.992, 120.486, 180.733, 0.999711, -0.0158895, 0.0180437, 0.0153429, 0.999431, 0.0300397, -0.0185108, -0.0297542, 0.999386, 0.00285757  
197, -15.2177, 122.581, 180.683, 0.99977, -0.0154397, 0.0149122, 0.0149834, 0.99943, 0.0302432, -0.0153706, -0.0300128, 0.999431, 0.00292414  
198, -15.5581, 124.713, 180.591, 0.999793, -0.0158782, 0.0127381, 0.0154682, 0.999379, 0.0316664, -0.013233, -0.0314628, 0.999417, 0.00278073  
199, -15.9386, 126.591, 180.568, 0.99981, -0.0161179, 0.0109634, 0.0157535, 0.999346, 0.032554, -0.0114809, -0.0323751, 0.99941, 0.00306948  
200, -16.3446, 128.658, 180.506, 0.99985, -0.0142544, 0.00985139, 0.0139402, 0.999414, 0.0312524, -0.0102911, -0.0311104, 0.999463, 0.00277713  
201, -16.5684, 130.482, 180.552, 0.999805, -0.0167249, 0.0105374, 0.0163596, 0.999293, 0.0338506, -0.0110961, -0.0336716, 0.999371, 0.00279072  
202, -16.8607, 132.342, 180.629, 0.999809, -0.0174552, 0.00883257, 0.0171348, 0.999236, 0.0351399, -0.0094392, -0.0349818, 0.999343, 0.00290111  
203, -17.1555, 134.322, 180.562, 0.99979, -0.0183673, 0.00909513, 0.0180461, 0.999251, 0.0342207, -0.00971687, -0.0340493, 0.999373, 0.00278462  
204, -17.4324, 136.094, 180.696, 0.999761, -0.0198206, 0.00921159, 0.0194873, 0.999199, 0.0349637, -0.00989721, -0.0347759, 0.999346, 0.00285313  
205, -17.7272, 137.923, 180.729, 0.999777, -0.0200417, 0.00658383, 0.0198408, 0.999374, 0.0292757, -0.00716644, -0.0291386, 0.99955, 0.00293163  
206, -17.9629, 139.641, 180.768, 0.999774, -0.0197513, 0.00784444, 0.0195407, 0.999469, 0.0260743, -0.00835527, -0.0259151, 0.999629, 0.00277491  
207, -18.2406, 141.416, 180.89, 0.999823, -0.0180348, 0.00530579, 0.0179201, 0.99962, 0.0209417, -0.00568145, -0.0208429, 0.999767, 0.00296297  
208, -18.6125, 143.169, 180.799, 0.999841, -0.0175362, 0.00311133, 0.0174598, 0.999581, 0.0230651, -0.0035145, -0.0230071, 0.999729, 0.00278822  
209, -18.9352, 144.837, 180.685, 0.999849, -0.0171644, 0.00277448, 0.0171122, 0.999694, 0.0178507, -0.00308003, -0.0178005, 0.999837, 0.00292497  
210, -19.1535, 146.693, 180.673, 0.999823, -0.0187842, 0.000731505, 0.0187705, 0.999702, 0.0156128, -0.00102456, -0.0155963, 0.999878, 0.00273053  
211, -19.5123, 148.33, 180.606, 0.999862, -0.0164475, 0.00250504, 0.0164199, 0.999808, 0.0106544, -0.0026798, -0.0106118, 0.99994, 0.00279959  
212, -19.7858, 150.099, 180.546, 0.999827, -0.018414, 0.00251864, 0.0183854, 0.999771, 0.010925, -0.00271924, -0.0108768, 0.999937, 0.002862  
213, -20.0987, 151.946, 180.599, 0.999862, -0.0162747, 0.00333272, 0.0162325, 0.999792, 0.0123232, -0.00353258, -0.0122674, 0.999919, 0.00281762  
214, -20.3678, 153.524, 180.531, 0.999808, -0.0195717, -0.00113216, 0.0195767, 0.999798, 0.00457919, 0.0010423, -0.00460047, 0.999989, 0.00294244  
215, -20.6728, 155.458, 180.587, 0.9998, -0.0199536, -0.00163893, 0.0199691, 0.99975, 0.0100714, 0.00143756, -0.0101021, 0.999948, 0.00281957  
216, -20.9905, 157.015, 180.511, 0.999735, -0.0227172, -0.00377556, 0.0227382, 0.999726, 0.00559463, 0.00364743, -0.005679, 0.999977, 0.00278489  
217, -21.3367, 158.78, 180.603, 0.999702, -0.0238945, -0.00500596, 0.0239219, 0.999699, 0.00548669, 0.00487335, -0.0056048, 0.999972, 0.00295021  
218, -21.6694, 160.589, 180.518, 0.999743, -0.0223689, -0.00355172, 0.0223872, 0.999736, 0.00520256, 0.00343441, -0.00528074, 0.99998, 0.00278351  
219, -21.9797, 162.078, 180.554, 0.999676, -0.0245339, -0.00674282, 0.0244807, 0.999669, -0.00786826, 0.00693363, 0.00770064, 0.999946, 0.00283954  
220, -22.3782, 163.934, 180.558, 0.999717, -0.023008, -0.00604148, 0.022964, 0.99971, -0.00726293, 0.00620683, 0.00712214, 0.999955, 0.00273774  
221, -22.4259, 165.555, 180.515, 0.999693, -0.0231978, -0.00872698, 0.0230537, 0.999602, -0.0162639, 0.0091008, 0.0160577, 0.99983, 0.00278739  
222, -22.5593, 167.35, 180.564, 0.999677, -0.0231062, -0.010551, 0.0229265, 0.999595, -0.0168467, 0.010936, 0.0165994, 0.999802, 0.00301734  
223, -22.6737, 168.987, 180.54, 0.999672, -0.0236973, -0.00973631, 0.0235243, 0.99957, -0.0175069, 0.010147, 0.0172721, 0.999799, 0.00280264  
224, -22.685, 170.557, 180.573, 0.999589, -0.026751, -0.0103057, 0.026534, 0.999435, -0.0206465, 0.0108522, 0.0203646, 0.999734, 0.00285979  
225, -22.648, 172.408, 180.713, 0.999543, -0.0293638, -0.0071917, 0.0292761, 0.999499, -0.0120036, 0.00754057, 0.0117876, 0.999902, 0.00280958  
226, -22.5231, 173.839, 180.754, 0.999435, -0.032751, -0.0075604, 0.0325677, 0.9992, -0.0232143, 0.00831464, 0.022955, 0.999702, 0.00286145  
227, -22.67, 175.723, 180.764, 0.999484, -0.0319485, -0.00326571, 0.0318974, 0.999384, -0.0146584, 0.00373202, 0.0145467, 0.999887, 0.00309861  
228, -22.6138, 177.159, 180.775, 0.999468, -0.0322671, -0.00479563, 0.0321083, 0.99903, -0.0301496, 0.00576381, 0.0299795, 0.999534, 0.00278184  
229, -22.6802, 178.989, 180.745, 0.999512, -0.0311466, -0.0022591, 0.0310717, 0.999129, -0.0278533, 0.00312466, 0.0277695, 0.999609, 0.00291914  
230, -22.7387, 180.488, 180.736, 0.999525, -0.0306509, -0.00306102, 0.0305131, 0.998816, -0.0378802, 0.00421846, 0.0377688, 0.999278, 0.0028204  
231, -22.8504, 182.163, 180.668, 0.999495, -0.031581, -0.00360181, 0.0314018, 0.998621, -0.0420613, 0.00492519, 0.041927, 0.999109, 0.0029197  
232, -22.9678, 183.898, 180.656, 0.999578, -0.0290615, 5.34484e-005, 0.0290361, 0.998625, -0.0436494, 0.00121514, 0.0436325, 0.999047, 0.00298932  
233, -22.9461, 185.427, 180.579, 0.99951, -0.0312648, -0.00178491, 0.0311238, 0.998071, -0.0537238, 0.00346113, 0.0536419, 0.998554, 0.00278267  
234, -23.1652, 187.592, 180.56, 0.999498, -0.0316534, -0.00104341, 0.0315649, 0.998311, -0.0487724, 0.00258546, 0.0487149, 0.998809, 0.0031122  
235, -23.152, 189.054, 180.603, 0.999454, -0.0329827, -0.00183927, 0.0328265, 0.997868, -0.0564024, 0.00369565, 0.0563113, 0.998406, 0.0028032  
236, -23.3446, 191.052, 180.64, 0.999503, -0.0315119, 0.000569205, 0.0315013, 0.998272, -0.0496046, 0.000994912, 0.0495979, 0.998769, 0.0027921  
237, -23.3585, 192.582, 180.507, 0.999494, -0.0317835, -0.00134624, 0.0316209, 0.997232, -0.0672964, 0.00348143, 0.0672198, 0.997732, 0.00325699  
238, -23.4562, 194.665, 180.591, 0.999502, -0.0315127, 0.0014302, 0.0315411, 0.997627, -0.0612026, 0.000501854, 0.0612173, 0.998124, 0.00282067  
239, -23.3378, 196.359, 180.598, 0.999473, -0.0324123, 0.00184613, 0.0324617, 0.996956, -0.0708869, 0.000457099, 0.0709095, 0.997483, 0.00303176  
240, -23.3304, 198.486, 180.635, 0.999474, -0.0323084, 0.00283076, 0.0324257, 0.997204, -0.0673306, -0.000647496, 0.067387, 0.997727, 0.00281152  
241, -23.2776, 200.282, 180.724, 0.999511, -0.0304695, 0.00699685, 0.0308844, 0.997079, -0.069851, -0.00484808, 0.070033, 0.997533, 0.0028756  
242, -23.2745, 202.192, 180.739, 0.999477, -0.0318721, 0.00551128, 0.0321983, 0.996605, -0.0757706, -0.0030776, 0.0759084, 0.99711, 0.00303786  
243, -23.3395, 204.353, 180.782, 0.999487, -0.0302748, 0.0104729, 0.030957, 0.996877, -0.0726501, -0.0082407, 0.072937, 0.997303, 0.0027591  
244, -23.2453, 206.094, 180.654, 0.999423, -0.0322601, 0.0106691, 0.0329903, 0.996457, -0.077367, -0.00813541, 0.0776743, 0.996946, 0.00304091  
245, -23.4789, 208.333, 180.475, 0.99941, -0.0317862, 0.0129976, 0.032673, 0.996654, -0.0749259, -0.0105725, 0.0753063, 0.997104, 0.00282844  
246, -23.3155, 210.286, 180.458, 0.999413, -0.0324443, 0.011011, 0.0332383, 0.996089, -0.0818651, -0.00831191, 0.082183, 0.996583, 0.00278517  
247, -23.3609, 212.547, 180.518, 0.999457, -0.0302114, 0.0131268, 0.0311867, 0.996156, -0.0818557, -0.0106034, 0.0822206, 0.996558, 0.00288836  
248, -23.2885, 214.394, 180.579, 0.999432, -0.0313983, 0.0122474, 0.0323717, 0.995448, -0.0896454, -0.00937695, 0.0899909, 0.995898, 0.00276548  
249, -23.3748, 216.554, 180.502, 0.999391, -0.0319129, 0.0141411, 0.0330347, 0.995584, -0.0878715, -0.0112744, 0.0882851, 0.996031, 0.00304202  
250, -23.3125, 218.609, 180.633, 0.999304, -0.0332169, 0.0169806, 0.0345242, 0.995902, -0.0835871, -0.0141346, 0.0841152, 0.996356, 0.00309667  
251, -23.2339, 222.897, 180.676, 0.999224, -0.0344017, 0.0191688, 0.0359515, 0.995521, -0.0874326, -0.0160751, 0.0880539, 0.995986, 0.00266174  
252, -23.2276, 225.225, 180.639, 0.999257, -0.0323085, 0.0209956, 0.0340187, 0.995629, -0.0869802, -0.0180936, 0.0876298, 0.995989, 0.0026512  
253, -23.1182, 227.264, 180.588, 0.999348, -0.0300782, 0.0199659, 0.0317096, 0.995688, -0.0871719, -0.0172578, 0.0877482, 0.995993, 0.00292691  
254, -23.1455, 229.559, 180.472, 0.99929, -0.0327032, 0.0186938, 0.0342954, 0.995133, -0.0923825, -0.0155816, 0.0929581, 0.995548, 0.00272193  
255, -23.0766, 231.956, 180.513, 0.999288, -0.0320511, 0.0199156, 0.0336877, 0.995537, -0.0881536, -0.0170013, 0.0887617, 0.995908, 0.00279627  
256, -23.0759, 234.192, 180.501, 0.999189, -0.033551, 0.0222472, 0.0354927, 0.994982, -0.0935508, -0.0189969, 0.0942646, 0.995366, 0.00291998  
257, -23.1895, 236.955, 180.544, 0.999022, -0.0337038, 0.0286237, 0.0359984, 0.995828, -0.083848, -0.0256783, 0.0847964, 0.996067, 0.0027591  
258, -23.3148, 239.301, 180.497, 0.999112, -0.0327328, 0.0265154, 0.0350488, 0.995124, -0.0921903, -0.0233684, 0.0930378, 0.995388, 0.00283926  
259, -23.49, 241.987, 180.502, 0.999017, -0.0328834, 0.0297409, 0.0351703, 0.996178, -0.0799554, -0.026998, 0.0809228, 0.996355, 0.0027738  
260, -23.4941, 244.428, 180.524, 0.99899, -0.0317013, 0.0318449, 0.0342301, 0.996021, -0.0822861, -0.0291096, 0.083293, 0.9961, 0.00283593  
261, -23.5094, 246.949, 180.535, 0.998933, -0.0343854, 0.0308201, 0.0368706, 0.995778, -0.0840697, -0.0277992, 0.0851164, 0.995983, 0.00292774  
262, -23.5847, 249.704, 180.59, 0.998888, -0.0348792, 0.0317299, 0.0372715, 0.996239, -0.0782225, -0.0288822, 0.0793181, 0.996431, 0.00279543  
263, -23.534, 252.051, 180.561, 0.998878, -0.036327, 0.0303704, 0.0387286, 0.995827, -0.0826389, -0.0272417, 0.0837224, 0.996117, 0.0029258  
264, -23.7337, 254.748, 180.627, 0.998884, -0.035203, 0.0314782, 0.037525, 0.996363, -0.0765025, -0.0286706, 0.0775984, 0.996572, 0.00273718  
265, -23.7016, 257.256, 180.643, 0.99884, -0.0358745, 0.0321093, 0.0382401, 0.996345, -0.0763765, -0.0292519, 0.0775158, 0.996562, 0.00288641  
266, -23.9022, 260.016, 180.678, 0.998801, -0.0338425, 0.0353731, 0.0362274, 0.996951, -0.0691087, -0.0329265, 0.0703073, 0.996982, 0.00288475  
267, -23.9835, 262.639, 180.725, 0.998838, -0.0341722, 0.0339813, 0.0364449, 0.996973, -0.0686766, -0.0315317, 0.0698352, 0.99706, 0.00278378  
268, -24.0964, 265.413, 180.761, 0.998766, -0.0357899, 0.0344237, 0.0379418, 0.997226, -0.064036, -0.0320363, 0.0652631, 0.997354, 0.00284536  
269, -24.1728, 268.071, 180.814, 0.998644, -0.0355271, 0.0380396, 0.0378379, 0.997368, -0.0618568, -0.0357418, 0.0632123, 0.99736, 0.00272692  
270, -24.1126, 270.733, 180.886, 0.998623, -0.0382449, 0.0359004, 0.0403166, 0.997451, -0.058878, -0.0335571, 0.0602443, 0.997619, 0.00277075  
271, -24.2011, 273.48, 180.94, 0.998623, -0.0377812, 0.036397, 0.0398008, 0.997611, -0.0564601, -0.0341769, 0.057831, 0.997741, 0.00296186  
272, -24.2136, 276.08, 181.053, 0.998445, -0.0389282, 0.0398909, 0.041083, 0.997657, -0.0547046, -0.0376679, 0.0562584, 0.997705, 0.00275521  
273, -24.2586, 278.928, 181.115, 0.998443, -0.0379164, 0.0409147, 0.039893, 0.99802, -0.0486278, -0.0389899, 0.0501843, 0.997979, 0.0029638  
274, -24.2201, 281.594, 181.161, 0.998444, -0.0378662, 0.0409282, 0.039718, 0.998178, -0.0454228, -0.0391336, 0.0469778, 0.998129, 0.00273191  
275, -24.2737, 284.4, 181.133, 0.998285, -0.0386758, 0.0439408, 0.0403649, 0.998454, -0.038225, -0.0423944, 0.0399331, 0.998303, 0.00279127  
276, -24.3445, 287.134, 180.973, 0.998239, -0.0367439, 0.0465662, 0.0386087, 0.998462, -0.039799, -0.0450322, 0.0415267, 0.998122, 0.00294023  
277, -24.3444, 289.95, 180.984, 0.99825, -0.0374157, 0.045783, 0.0391672, 0.998511, -0.0379767, -0.0442938, 0.0397034, 0.998229, 0.00280986  
