0, 0, 0, 0, 0, 0, 0, 0, 0, 0, 0, 0, 0, 0.00663409  
1, 0, 0, 0, 0, 0, 0, 0, 0, 0, 0, 0, 0, 0.00277297  
2, -0.0650744, -24.8537, 180.596, 0.999498, -0.0171971, 0.0266132, 0.0174549, 0.999803, -0.00948487, -0.0264448, 0.00994464, 0.999601, 0.00274412  
3, -0.0510567, -24.8594, 180.58, 0.999512, -0.0166556, 0.0264399, 0.0169515, 0.999796, -0.0110105, -0.0262511, 0.0114533, 0.99959, 0.00278683  
4, -0.0574241, -24.857, 180.605, 0.99952, -0.0167896, 0.0260183, 0.0170479, 0.999807, -0.00973938, -0.0258498, 0.0101783, 0.999614, 0.00309417  
5, -0.0493073, -24.8429, 180.594, 0.999517, -0.0169633, 0.0260461, 0.017234, 0.999799, -0.010201, -0.0258679, 0.010645, 0.999609, 0.00275577  
6, -0.0870384, -24.8678, 180.6, 0.99955, -0.0159724, 0.0254048, 0.0162252, 0.999821, -0.00977572, -0.0252441, 0.0101835, 0.999629, 0.00281901  
7, -0.0597153, -24.8628, 180.605, 0.999535, -0.0160699, 0.025907, 0.0163225, 0.999821, -0.00956772, -0.0257486, 0.00998614, 0.999619, 0.00286838  
8, -0.0450846, -24.8292, 180.607, 0.99952, -0.0167479, 0.0260677, 0.0170267, 0.9998, -0.0105092, -0.0258865, 0.010948, 0.999605, 0.00282816  
9, -0.0795973, -24.8579, 180.599, 0.999494, -0.0170798, 0.0268319, 0.0173057, 0.999817, -0.00821001, -0.0266868, 0.0086702, 0.999606, 0.00312052  
10, -0.0617416, -24.8482, 180.591, 0.999516, -0.0167078, 0.0262462, 0.0169519, 0.999815, -0.00910516, -0.0260892, 0.00954567, 0.999614, 0.00278628  
11, -0.0619616, -24.856, 180.595, 0.999531, -0.0165476, 0.0257679, 0.0168027, 0.999812, -0.00971581, -0.0256023, 0.0101442, 0.999621, 0.00285202  
12, -0.0730243, -24.8505, 180.573, 0.999511, -0.0166943, 0.0264291, 0.0169498, 0.999811, -0.00947103, -0.026266, 0.00991437, 0.999606, 0.00277491  
13, -0.0500323, -24.8476, 180.602, 0.999525, -0.0168498, 0.0258149, 0.0171162, 0.999802, -0.0101339, -0.025639, 0.0105709, 0.999615, 0.00282705  
14, -0.0592686, -24.8532, 180.594, 0.999516, -0.0170265, 0.0260528, 0.0172776, 0.999806, -0.00944473, -0.025887, 0.00989028, 0.999616, 0.00319098  
15, -0.0684092, -24.8649, 180.605, 0.999523, -0.0159181, 0.0264595, 0.016163, 0.999828, -0.00906861, -0.0263106, 0.00949195, 0.999609, 0.00274495  
16, -0.0827829, -24.8427, 180.61, 0.999528, -0.0164506, 0.025962, 0.0166977, 0.999817, -0.00932753, -0.0258038, 0.00975662, 0.999619, 0.00284203  
17, -0.0646697, -24.8392, 180.601, 0.999517, -0.0172899, 0.0258083, 0.0175408, 0.999801, -0.00952857, -0.0256384, 0.00997667, 0.999621, 0.00289335  
18, -0.0687284, -24.8526, 180.601, 0.999524, -0.0172276, 0.0256044, 0.0174864, 0.999798, -0.00991908, -0.0254284, 0.0103621, 0.999623, 0.00277657  
19, -0.0648242, -24.8255, 180.603, 0.999538, -0.0166304, 0.0254222, 0.0168857, 0.999809, -0.00986226, -0.0252534, 0.010287, 0.999628, 0.00313245  
20, -0.0540196, -24.8315, 180.6, 0.999527, -0.0165854, 0.0258828, 0.0168535, 0.999806, -0.0101758, -0.025709, 0.0106072, 0.999613, 0.00275272  
21, -0.0570922, -24.8386, 180.596, 0.999527, -0.0163465, 0.0260628, 0.016605, 0.999815, -0.00973099, -0.0258989, 0.0101592, 0.999613, 0.002829  
22, -0.0544301, -24.8384, 180.613, 0.999524, -0.0165607, 0.0260173, 0.0168235, 0.999809, -0.00991493, -0.0258481, 0.0103479, 0.999612, 0.00286755  
23, -0.0749791, -24.8442, 180.599, 0.999524, -0.0161945, 0.0262575, 0.0164455, 0.999821, -0.00937317, -0.026101, 0.00980053, 0.999611, 0.00287948  
24, -0.0572125, -24.8756, 180.591, 0.999531, -0.0160964, 0.0260524, 0.0163678, 0.999814, -0.0102368, -0.0258828, 0.0106584, 0.999608, 0.00311581  
25, -0.079033, -24.8449, 180.596, 0.999517, -0.0163831, 0.0264083, 0.0166114, 0.999826, -0.00844678, -0.0262653, 0.00888137, 0.999616, 0.00275438  
26, -0.0545591, -24.8223, 180.609, 0.999505, -0.0169995, 0.0264634, 0.0172452, 0.99981, -0.00908197, -0.026304, 0.00953384, 0.999609, 0.00283649  
27, -0.0879876, -24.831, 180.594, 0.999523, -0.0154847, 0.0267123, 0.0157465, 0.99983, -0.00961962, -0.0265588, 0.0100357, 0.999597, 0.00287809  
28, -0.0544389, -24.8314, 180.601, 0.999522, -0.0163535, 0.0262461, 0.0166146, 0.999814, -0.0097634, -0.0260815, 0.0101948, 0.999608, 0.00282705  
29, -0.0946579, -24.8196, 180.575, 0.999518, -0.0163689, 0.0263969, 0.0166281, 0.999815, -0.00963026, -0.0262344, 0.0100645, 0.999605, 0.00287033  
30, -0.044559, -24.8299, 180.573, 0.999537, -0.0163821, 0.0256307, 0.0166548, 0.999807, -0.0104619, -0.0254544, 0.010884, 0.999617, 0.00279432  
31, -0.0767558, -24.8519, 180.587, 0.999532, -0.0161875, 0.0259714, 0.0164476, 0.999816, -0.00983357, -0.0258075, 0.0102561, 0.999614, 0.00284647  
32, -0.0516712, -24.8277, 180.618, 0.999506, -0.01774, 0.0259562, 0.0180001, 0.99979, -0.00982194, -0.0257765, 0.0102843, 0.999615, 0.00312884  
33, -0.0542026, -24.8249, 180.632, 0.999516, -0.0172734, 0.0258554, 0.0175034, 0.999809, -0.00869519, -0.0257003, 0.00914354, 0.999628, 0.00294771  
34, -0.0489708, -24.8461, 180.602, 0.999496, -0.0174009, 0.026538, 0.0176678, 0.999795, -0.00985662, -0.026361, 0.0103205, 0.999599, 0.00284924  
35, -0.0691122, -24.7995, 180.603, 0.999524, -0.0171638, 0.0256381, 0.0174161, 0.999802, -0.00965103, -0.0254674, 0.0100929, 0.999625, 0.00280126  
36, -0.0739795, -24.8346, 180.597, 0.999529, -0.0161991, 0.0260682, 0.0164338, 0.999826, -0.00881477, -0.0259208, 0.00923902, 0.999621, 0.00284259  
37, -0.0663499, -24.843, 180.586, 0.999524, -0.0163175, 0.0261948, 0.0165703, 0.999818, -0.00946493, -0.0260356, 0.00989447, 0.999612, 0.00299265  
38, -0.0624414, -24.8489, 180.587, 0.999525, -0.0163726, 0.0261228, 0.0166421, 0.99981, -0.0101357, -0.0259519, 0.0105656, 0.999607, 0.0028265  
39, -0.046574, -24.8447, 180.58, 0.999519, -0.0162811, 0.0264113, 0.0165512, 0.999813, -0.0100405, -0.0262429, 0.0104728, 0.999601, 0.00293773  
40, -0.0586928, -24.8452, 180.596, 0.999525, -0.0164185, 0.0260799, 0.0166788, 0.999813, -0.00979267, -0.0259142, 0.010223, 0.999612, 0.00275688  
41, -0.057135, -24.8403, 180.591, 0.999515, -0.0165783, 0.0263677, 0.0168324, 0.999814, -0.00944325, -0.0262063, 0.0098825, 0.999608, 0.00285368  
42, -0.0491, -24.8422, 180.569, 0.999521, -0.0169469, 0.0258843, 0.017222, 0.999797, -0.0104426, -0.025702, 0.0108834, 0.99961, 0.00294078  
43, -0.0782154, -24.8653, 180.621, 0.999521, -0.0162988, 0.0263119, 0.0165343, 0.999825, -0.00875443, -0.0261646, 0.00918529, 0.999615, 0.00281596  
44, -0.0504413, -24.8135, 180.595, 0.999538, -0.0163009, 0.0256465, 0.0165926, 0.9998, -0.0112036, -0.0254587, 0.011624, 0.999608, 0.00320124  
45, -0.0775104, -24.846, 180.586, 0.999519, -0.0167647, 0.0260713, 0.0170484, 0.999797, -0.0106979, -0.0258867, 0.0111372, 0.999603, 0.0029086  
46, -0.0839226, -24.855, 180.604, 0.999533, -0.0162675, 0.0258608, 0.0165238, 0.999816, -0.00972924, -0.0256978, 0.010152, 0.999618, 0.00293967  
47, -0.0488922, -24.8678, 180.598, 0.99953, -0.0163442, 0.025943, 0.0166314, 0.999802, -0.0108912, -0.0257599, 0.0113175, 0.999604, 0.00296741  
48, -0.0637477, -24.8486, 180.594, 0.999525, -0.0165711, 0.0259899, 0.0168385, 0.999807, -0.0101038, -0.0258174, 0.0105366, 0.999611, 0.00277629  
49, -0.0898173, -24.8721, 180.589, 0.999521, -0.0159736, 0.0264907, 0.0162343, 0.999822, -0.00965319, -0.0263318, 0.0100786, 0.999602, 0.00312968  
50, -0.067778, -24.866, 180.593, 0.999506, -0.016772, 0.0265622, 0.017022, 0.999813, -0.00921392, -0.0264027, 0.00966152, 0.999605, 0.00274356  
51, -0.0416736, -24.8761, 180.577, 0.999542, -0.0164463, 0.0254001, 0.0166959, 0.999814, -0.00964468, -0.0252367, 0.0100643, 0.999631, 0.00291526  
52, -0.0840643, -24.8825, 180.577, 0.99954, -0.0152994, 0.0261834, 0.0155679, 0.999828, -0.0100797, -0.0260247, 0.0104826, 0.999606, 0.00282816  
53, -0.0707119, -24.8529, 180.595, 0.999508, -0.0171688, 0.0262563, 0.0174203, 0.999804, -0.00938064, -0.0260901, 0.00983341, 0.999611, 0.00278628  
54, -0.0925764, -24.8701, 180.605, 0.999523, -0.0155948, 0.0266527, 0.0158616, 0.999826, -0.00982793, -0.0264948, 0.010246, 0.999596, 0.00285729  
55, -0.0622363, -24.8581, 180.614, 0.999513, -0.0166015, 0.0264291, 0.0168603, 0.999812, -0.00960169, -0.0262647, 0.0100426, 0.999605, 0.00284869  
56, -0.0616458, -24.8524, 180.606, 0.999532, -0.0166719, 0.0256403, 0.0169258, 0.99981, -0.0097177, -0.0254734, 0.0101471, 0.999624, 0.00292663  
57, -0.0615702, -24.8655, 180.597, 0.999524, -0.0169687, 0.025751, 0.0172252, 0.999804, -0.00977128, -0.0255801, 0.0102102, 0.999621, 0.00303121  
58, -0.0736627, -24.894, 180.599, 0.999536, -0.0158027, 0.0260423, 0.0160874, 0.999813, -0.0107599, -0.0258674, 0.0111739, 0.999603, 0.00303703  
59, -0.0753948, -24.8765, 180.612, 0.999519, -0.0163796, 0.0263253, 0.0166222, 0.999821, -0.00902056, -0.0261729, 0.00945381, 0.999613, 0.00307087  
60, -0.0849408, -24.8633, 180.594, 0.999504, -0.0165466, 0.0267888, 0.0168, 0.999816, -0.00926263, -0.0266306, 0.00970809, 0.999598, 0.00306976  
61, -0.0768139, -24.864, 180.605, 0.999535, -0.0167022, 0.0254948, 0.0169491, 0.999811, -0.0094995, -0.0253313, 0.0099272, 0.99963, 0.00292331  
62, -0.0646225, -24.8664, 180.58, 0.999531, -0.0168456, 0.0255646, 0.0170944, 0.999808, -0.00954805, -0.0253989, 0.00998059, 0.999628, 0.00294938  
63, -0.0751361, -24.8828, 180.588, 0.999533, -0.0166559, 0.025638, 0.0169037, 0.999812, -0.00948112, -0.0254753, 0.00991007, 0.999626, 0.00290583  
64, -0.0686769, -24.8651, 180.578, 0.999517, -0.0162134, 0.0265053, 0.0164498, 0.999827, -0.00872324, -0.0263593, 0.00915503, 0.999611, 0.00297628  
65, -0.0751166, -24.8607, 180.597, 0.999519, -0.0161974, 0.0264538, 0.0164477, 0.999822, -0.00927205, -0.0262989, 0.00970269, 0.999607, 0.002862  
66, -0.0864996, -24.8697, 180.583, 0.999526, -0.0162732, 0.0261448, 0.0165345, 0.999815, -0.00980956, -0.0259803, 0.0102372, 0.99961, 0.00290444  
67, -0.0682999, -24.8401, 180.609, 0.999521, -0.0171501, 0.0257792, 0.0174111, 0.999799, -0.00993415, -0.0256036, 0.0103782, 0.999618, 0.00293606  
68, -0.0722849, -24.8698, 180.612, 0.999529, -0.0161123, 0.0261138, 0.0163621, 0.999822, -0.009383, -0.025958, 0.00980586, 0.999615, 0.00275577  
69, -0.065216, -24.8602, 180.579, 0.999524, -0.0166188, 0.0259867, 0.01689, 0.999805, -0.0102485, -0.0258113, 0.0106825, 0.99961, 0.00329888  
70, -0.0847383, -24.8761, 180.604, 0.999521, -0.0163928, 0.0262466, 0.0166278, 0.999823, -0.00876019, -0.0260984, 0.00919242, 0.999617, 0.00282789  
71, -0.0730359, -24.8729, 180.582, 0.999533, -0.0158713, 0.026122, 0.0161406, 0.999818, -0.0101281, -0.0259565, 0.0105449, 0.999607, 0.00278656  
72, -0.0765854, -24.859, 180.601, 0.999509, -0.0169558, 0.0263556, 0.0172025, 0.99981, -0.00916381, -0.0261952, 0.0096127, 0.999611, 0.00295271  
73, -0.0559065, -24.87, 180.589, 0.999549, -0.0160209, 0.0254061, 0.0162798, 0.999817, -0.0100151, -0.025241, 0.0104242, 0.999627, 0.00287532  
74, -0.0772448, -24.8607, 180.582, 0.99951, -0.0166553, 0.0264909, 0.0168815, 0.999823, -0.00833806, -0.0263473, 0.00878118, 0.999614, 0.00319541  
75, -0.0940644, -24.8592, 180.591, 0.999517, -0.0162527, 0.0265051, 0.016503, 0.999821, -0.0092535, -0.02635, 0.00968644, 0.999606, 0.00283649  
76, -0.0583822, -24.8533, 180.595, 0.999509, -0.0164409, 0.0266747, 0.0167169, 0.999809, -0.0101574, -0.0265026, 0.0105984, 0.999593, 0.00290333  
77, -0.0693377, -24.8624, 180.583, 0.999516, -0.0164172, 0.0264079, 0.0166786, 0.999814, -0.0097096, -0.0262436, 0.0101454, 0.999604, 0.0029724  
78, -0.0695882, -24.8605, 180.616, 0.999516, -0.0170283, 0.0260262, 0.0172711, 0.999809, -0.00913197, -0.0258658, 0.00957705, 0.99962, 0.00289002  
79, -0.0693529, -24.855, 180.617, 0.999523, -0.0165487, 0.0260875, 0.0167934, 0.999817, -0.00918775, -0.0259307, 0.00962147, 0.999617, 0.00322537  
80, -0.065677, -24.8249, 180.594, 0.999515, -0.0168043, 0.026201, 0.0170587, 0.999809, -0.00951708, -0.026036, 0.00995943, 0.999611, 0.0027591  
81, -0.054878, -24.8294, 180.609, 0.999533, -0.016817, 0.0255272, 0.0170685, 0.999808, -0.00966612, -0.0253598, 0.0100973, 0.999627, 0.00298793  
82, -0.0682396, -24.8359, 180.603, 0.999508, -0.0165598, 0.0266288, 0.0168172, 0.999814, -0.00947316, -0.0264669, 0.00991633, 0.999601, 0.00286727  
83, -0.0682591, -24.8366, 180.581, 0.999514, -0.016365, 0.0265233, 0.016614, 0.99982, -0.00919745, -0.026368, 0.00963364, 0.999606, 0.00277907  
84, -0.0727652, -24.8351, 180.576, 0.999515, -0.0166941, 0.0262794, 0.0169444, 0.999813, -0.0093306, -0.0261187, 0.00977137, 0.999611, 0.00291776  
85, -0.0684422, -24.8387, 180.599, 0.999513, -0.016178, 0.0266749, 0.0164206, 0.999826, -0.00890164, -0.0265262, 0.00933532, 0.999605, 0.00300069  
86, -0.0735345, -24.8189, 180.583, 0.999494, -0.0174145, 0.0266169, 0.0176474, 0.999808, -0.00853996, -0.0264631, 0.00900536, 0.999609, 0.00276908  
87, -0.0529416, -24.8621, 180.599, 0.999526, -0.0160544, 0.0262532, 0.0162847, 0.999831, -0.00858292, -0.026111, 0.00900638, 0.999618, 0.00284259  
88, -0.069497, -24.8214, 180.598, 0.999518, -0.0168492, 0.0260668, 0.017108, 0.999806, -0.00973539, -0.0258977, 0.0101766, 0.999613, 0.0027677  
89, -0.0680229, -24.8347, 180.605, 0.99953, -0.0160537, 0.0261244, 0.0163128, 0.99982, -0.00973507, -0.0259634, 0.0101567, 0.999611, 0.00300069  
90, -0.0754503, -24.8358, 180.579, 0.99952, -0.0155809, 0.0267625, 0.0158239, 0.999835, -0.00889093, -0.0266196, 0.00931015, 0.999602, 0.00274301  
91, -0.0748885, -24.8449, 180.58, 0.999521, -0.0163255, 0.026284, 0.0165996, 0.99981, -0.010244, -0.0261117, 0.0106754, 0.999602, 0.00278018  
92, -0.0529432, -24.8309, 180.605, 0.999534, -0.0166364, 0.0255774, 0.0168701, 0.999818, -0.00894628, -0.0254239, 0.00937361, 0.999633, 0.00299237  
93, -0.0733765, -24.8458, 180.586, 0.999518, -0.0163265, 0.026403, 0.0165856, 0.999816, -0.00962543, -0.026241, 0.0100587, 0.999605, 0.00276659  
94, -0.088555, -24.8631, 180.603, 0.999515, -0.0164426, 0.0264305, 0.0166933, 0.999817, -0.00929331, -0.0262728, 0.00973001, 0.999607, 0.00311026  
95, -0.070176, -24.8402, 180.576, 0.999536, -0.0161585, 0.0258132, 0.0164421, 0.999806, -0.0108136, -0.0256335, 0.011233, 0.999608, 0.00276021  
96, -0.0703403, -24.8558, 180.593, 0.999523, -0.0165877, 0.0260672, 0.0168548, 0.999807, -0.0100611, -0.0258953, 0.0104956, 0.99961, 0.00282789  
97, -0.0725837, -24.8512, 180.596, 0.999507, -0.0163456, 0.0268017, 0.0166032, 0.999818, -0.00941613, -0.0266429, 0.00985648, 0.999596, 0.00289584  
98, -0.0776054, -24.8464, 180.577, 0.999516, -0.0163992, 0.0264478, 0.0166406, 0.999822, -0.00893557, -0.0262965, 0.00937135, 0.99961, 0.0027713  
99, -0.0791217, -24.821, 180.592, 0.999515, -0.016537, 0.0263771, 0.0167817, 0.999818, -0.00908202, -0.0262221, 0.00952027, 0.999611, 0.00291942  
100, -0.0681635, -24.8432, 180.602, 0.999518, -0.0168157, 0.0260819, 0.0170704, 0.999808, -0.00957505, -0.0259159, 0.0100157, 0.999614, 0.0028498  
101, -0.0797295, -24.8676, 180.602, 0.999529, -0.0160354, 0.0261593, 0.0162928, 0.999821, -0.00965573, -0.0259998, 0.0100774, 0.999611, 0.00293163  
102, -0.0774114, -24.8318, 180.571, 0.999525, -0.0166698, 0.0259251, 0.0169306, 0.999808, -0.00987272, -0.0257556, 0.010307, 0.999615, 0.00289085  
103, -0.0631685, -24.8371, 180.591, 0.999519, -0.0173308, 0.0257157, 0.0175992, 0.999793, -0.0102477, -0.0255327, 0.0106953, 0.999617, 0.00280514  
104, -0.0524856, -24.8468, 180.592, 0.999534, -0.0163335, 0.0257833, 0.0165935, 0.999813, -0.00990206, -0.0256167, 0.0103253, 0.999619, 0.00317267  
105, -0.0922952, -24.8726, 180.58, 0.999521, -0.0161796, 0.0263648, 0.0164135, 0.999828, -0.00868162, -0.0262197, 0.0091102, 0.999615, 0.00301012  
106, -0.0710082, -24.8309, 180.585, 0.999514, -0.0164822, 0.0264688, 0.0167415, 0.999814, -0.00960587, -0.0263055, 0.0100443, 0.999603, 0.00282539  
107, -0.0945574, -24.8748, 180.591, 0.999511, -0.0159809, 0.0268904, 0.0162199, 0.999831, -0.00869577, -0.0267469, 0.00912767, 0.999601, 0.00294106  
108, -0.0774696, -24.8587, 180.578, 0.999544, -0.0153237, 0.0260143, 0.0155826, 0.999831, -0.0097768, -0.02586, 0.0101777, 0.999614, 0.0028093  
109, -0.0703676, -24.879, 180.594, 0.999534, -0.0156267, 0.02622, 0.0158879, 0.999826, -0.00978435, -0.0260625, 0.0101964, 0.999608, 0.00286089  
110, -0.0481796, -24.8547, 180.601, 0.999545, -0.016804, 0.0250369, 0.0170686, 0.9998, -0.010395, -0.0248572, 0.0108176, 0.999632, 0.00277851  
111, -0.0694448, -24.8679, 180.606, 0.999522, -0.0161185, 0.0263972, 0.0163693, 0.999823, -0.00931081, -0.0262424, 0.00973846, 0.999608, 0.00285257  
112, -0.0702605, -24.8529, 180.614, 0.999531, -0.0162495, 0.025965, 0.0165061, 0.999817, -0.00970011, -0.0258027, 0.0101241, 0.999616, 0.00292858  
113, -0.0701137, -24.8612, 180.601, 0.999511, -0.0166927, 0.0264589, 0.0169615, 0.999806, -0.00996594, -0.0262875, 0.0104098, 0.9996, 0.0028326  
114, -0.0691587, -24.8699, 180.602, 0.999526, -0.0167878, 0.0258021, 0.0170626, 0.9998, -0.0104663, -0.0256212, 0.0109016, 0.999612, 0.00285673  
115, -0.0682511, -24.8657, 180.599, 0.999521, -0.0167805, 0.0260193, 0.0170428, 0.999806, -0.00989304, -0.0258482, 0.0103317, 0.999612, 0.0027591  
116, -0.0676613, -24.8634, 180.576, 0.999527, -0.0166577, 0.0258645, 0.0169364, 0.9998, -0.010594, -0.0256828, 0.0110271, 0.999609, 0.00284952  
117, -0.0899258, -24.8648, 180.615, 0.999517, -0.0161061, 0.0265697, 0.0163382, 0.99983, -0.00853986, -0.0264276, 0.00896983, 0.99961, 0.00307226  
118, -0.0858586, -24.8711, 180.596, 0.999522, -0.0165994, 0.0260961, 0.0168496, 0.999814, -0.00939567, -0.0259352, 0.00983088, 0.999615, 0.0028204  
119, -0.0886714, -24.872, 180.599, 0.999503, -0.0167817, 0.0266782, 0.0170298, 0.999814, -0.00910054, -0.0265205, 0.00955034, 0.999603, 0.00283621  
120, -0.0719028, -24.8644, 180.591, 0.999507, -0.0165274, 0.0266853, 0.0167928, 0.999811, -0.00975292, -0.0265191, 0.0101962, 0.999596, 0.00283565  
121, -0.050368, -24.8443, 180.586, 0.999526, -0.0169515, 0.0256839, 0.0172184, 0.9998, -0.0102078, -0.0255057, 0.0106452, 0.999618, 0.00283343  
122, -0.0579502, -24.8602, 180.601, 0.999513, -0.0173657, 0.0259431, 0.0176276, 0.999796, -0.00990248, -0.0257658, 0.010355, 0.999614, 0.00286284  
123, -0.0751388, -24.8701, 180.584, 0.999524, -0.0164618, 0.0260748, 0.0167328, 0.999808, -0.0102098, -0.0259018, 0.0106412, 0.999608, 0.00277435  
124, -0.0832673, -24.854, 180.594, 0.999524, -0.0166585, 0.0259731, 0.0169094, 0.999812, -0.00947167, -0.0258104, 0.00990635, 0.999618, 0.00312551  
125, -0.0744387, -24.8426, 180.595, 0.999535, -0.0171621, 0.0251916, 0.0174063, 0.999803, -0.00950707, -0.0250235, 0.00994114, 0.999637, 0.00277685  
126, -0.0779193, -24.8679, 180.601, 0.999525, -0.0165689, 0.0259863, 0.016807, 0.999819, -0.00896909, -0.025833, 0.00940158, 0.999622, 0.00284148  
127, -0.0720191, -24.8659, 180.595, 0.999518, -0.0167315, 0.02615, 0.0169847, 0.999811, -0.00948923, -0.0259863, 0.0099288, 0.999613, 0.00299376  
128, -0.100987, -24.8414, 180.607, 0.999513, -0.0161136, 0.0267053, 0.0163553, 0.999827, -0.00885645, -0.026558, 0.00928892, 0.999604, 0.00281513  
129, -0.0659841, -24.8638, 180.599, 0.999523, -0.0160503, 0.0263775, 0.0163157, 0.999818, -0.0098771, -0.0262141, 0.0103028, 0.999603, 0.00283205  
130, -0.0341627, -24.8728, 180.6, 0.999519, -0.0166337, 0.0261751, 0.0169033, 0.999806, -0.0101127, -0.0260018, 0.0105503, 0.999606, 0.00278406  
131, -0.0299182, -24.9071, 180.593, 0.999515, -0.0162814, 0.0265595, 0.0166354, 0.999775, -0.0131596, -0.0263393, 0.0135951, 0.999561, 0.00282955  
132, 0.0392606, -24.9363, 180.592, 0.999524, -0.017045, 0.0257056, 0.0174645, 0.999717, -0.0161815, -0.0254225, 0.0166228, 0.999539, 0.00289612  
133, 0.0393085, -24.9958, 180.606, 0.999503, -0.0169553, 0.0265756, 0.0173677, 0.999731, -0.0153646, -0.026308, 0.0158185, 0.999529, 0.00278101  
134, 0.0341968, -25.0708, 180.568, 0.999522, -0.0159767, 0.026461, 0.0164951, 0.999674, -0.0194901, -0.026141, 0.0199173, 0.99946, 0.00291498  
135, 0.059277, -25.1068, 180.611, 0.999501, -0.0167513, 0.0267655, 0.0173247, 0.999622, -0.0213362, -0.026398, 0.0217893, 0.999414, 0.00279987  
136, 0.0368513, -25.1756, 180.587, 0.999497, -0.0155031, 0.0276503, 0.0161746, 0.999576, -0.0242291, -0.0272629, 0.0246642, 0.999324, 0.00290278  
137, 0.0937163, -25.1951, 180.617, 0.99951, -0.0154043, 0.027264, 0.016116, 0.99953, -0.0260794, -0.0268495, 0.026506, 0.999288, 0.00291138  
138, 0.0835047, -25.2813, 180.62, 0.999512, -0.0151931, 0.027299, 0.0159869, 0.999449, -0.0291015, -0.0268418, 0.0295237, 0.999204, 0.00279737  
139, 0.113738, -25.3476, 180.627, 0.999519, -0.0148245, 0.0272551, 0.0157144, 0.999341, -0.0327351, -0.0267519, 0.0331476, 0.999092, 0.00285923  
140, 0.109558, -25.4352, 180.608, 0.999511, -0.0142291, 0.0278324, 0.0152103, 0.999259, -0.0353658, -0.0273085, 0.0357718, 0.998987, 0.0028118  
141, 0.16883, -25.4803, 180.638, 0.999552, -0.0148294, 0.0260071, 0.0158555, 0.999086, -0.0397058, -0.0253945, 0.0401003, 0.998873, 0.00284924  
142, 0.144367, -25.5569, 180.649, 0.99952, -0.0139424, 0.0276689, 0.0151106, 0.998983, -0.0424705, -0.0270486, 0.0428682, 0.998715, 0.00295493  
143, 0.116376, -25.5626, 180.592, 0.999506, -0.0132134, 0.028527, 0.0145013, 0.998862, -0.0454249, -0.0278943, 0.0458162, 0.99856, 0.00281208  
144, 0.14072, -25.5539, 180.623, 0.999496, -0.0138483, 0.0285611, 0.015222, 0.998709, -0.0484576, -0.0278532, 0.0488679, 0.998417, 0.00292996  
145, 0.150731, -25.5761, 180.628, 0.999478, -0.0145864, 0.0288356, 0.0160955, 0.998475, -0.0528145, -0.0280213, 0.0532511, 0.998188, 0.00283898  
146, 0.232484, -25.6073, 180.584, 0.999504, -0.0132186, 0.0285739, 0.0148151, 0.998298, -0.0564027, -0.0277797, 0.0567981, 0.997999, 0.00290944  
147, 0.168168, -25.5881, 180.603, 0.999487, -0.013818, 0.0289006, 0.0155413, 0.998061, -0.0602778, -0.0280116, 0.060696, 0.997763, 0.00306033  
148, 0.196661, -25.6007, 180.599, 0.999494, -0.0137362, 0.028695, 0.015553, 0.997823, -0.064083, -0.0277523, 0.0644969, 0.997532, 0.00283038  
149, 0.192068, -25.5859, 180.6, 0.999474, -0.013912, 0.029283, 0.0158948, 0.997517, -0.068605, -0.0282559, 0.0690344, 0.997214, 0.00314937  
150, 0.166178, -25.5332, 180.555, 0.999471, -0.0128198, 0.0298745, 0.014946, 0.997288, -0.0720711, -0.0288695, 0.0724795, 0.996952, 0.00282567  
151, 0.225219, -25.5018, 180.556, 0.999467, -0.0137355, 0.0296186, 0.0159033, 0.997113, -0.0742437, -0.0285134, 0.0746752, 0.9968, 0.00287282  
152, 0.224111, -25.4951, 180.549, 0.999459, -0.0127976, 0.0302906, 0.01513, 0.996833, -0.0780672, -0.0291956, 0.0784832, 0.996488, 0.00282705  
153, 0.271808, -25.3989, 180.525, 0.999423, -0.0132909, 0.031252, 0.0157725, 0.996626, -0.0805495, -0.030076, 0.080996, 0.996261, 0.00289557  
154, 0.249586, -25.3936, 180.516, 0.999378, -0.0123299, 0.0330397, 0.015045, 0.996417, -0.0832322, -0.031895, 0.0836775, 0.995982, 0.00291831  
155, 0.283665, -25.3099, 180.5, 0.999356, -0.0124329, 0.0336507, 0.0153649, 0.995973, -0.0883227, -0.0324171, 0.0887829, 0.995523, 0.00285923  
156, 0.25993, -25.132, 180.377, 0.999116, -0.0124298, 0.0401506, 0.0161109, 0.995564, -0.0927019, -0.0388202, 0.0932669, 0.994884, 0.00294466  
157, 0.331577, -25.1538, 180.515, 0.999346, -0.0118053, 0.0341676, 0.0150043, 0.99537, -0.0949415, -0.0328886, 0.0953921, 0.994896, 0.00300707  
158, 0.318982, -25.0599, 180.517, 0.999292, -0.0111557, 0.0359372, 0.0146253, 0.995101, -0.0977788, -0.0346703, 0.0982351, 0.994559, 0.00287671  
159, 0.355506, -24.8698, 180.546, 0.999289, -0.010726, 0.0361525, 0.0142892, 0.994906, -0.0997916, -0.034898, 0.100237, 0.994351, 0.00310693  
160, 0.356365, -24.66, 180.575, 0.999286, -0.010183, 0.0363735, 0.0138762, 0.994608, -0.102774, -0.0351308, 0.103205, 0.99404, 0.00284564  
161, 0.426717, -24.5759, 180.62, 0.999335, -0.0101277, 0.0350293, 0.0138768, 0.994, -0.108499, -0.0337202, 0.108913, 0.993479, 0.00279682  
162, 0.407775, -24.1678, 180.606, 0.999333, -0.00913624, 0.0353432, 0.0129715, 0.993863, -0.109857, -0.0341226, 0.110243, 0.993319, 0.00330997  
163, 0.529212, -23.9675, 180.63, 0.999369, -0.0087883, 0.034424, 0.0127305, 0.993164, -0.116029, -0.033169, 0.116394, 0.992649, 0.00278794  
164, 0.574402, -23.5803, 180.65, 0.999367, -0.00986209, 0.0341686, 0.0138399, 0.992892, -0.118213, -0.0327599, 0.118611, 0.9924, 0.00300485  
165, 0.681728, -23.168, 180.686, 0.999351, -0.0107112, 0.0344012, 0.0147557, 0.992718, -0.119556, -0.0328701, 0.119986, 0.992231, 0.0027591  
166, 0.742259, -22.69, 180.722, 0.99941, -0.00963675, 0.032968, 0.0136471, 0.992229, -0.123672, -0.03152, 0.124049, 0.991775, 0.00277824  
167, 0.775932, -22.2087, 180.687, 0.999314, -0.00964318, 0.0357702, 0.0140339, 0.992107, -0.124606, -0.0342863, 0.125023, 0.991561, 0.00286811  
168, 0.836917, -21.6914, 180.63, 0.999368, -0.0105512, 0.0339415, 0.0149206, 0.991247, -0.131178, -0.0322603, 0.131601, 0.990778, 0.00277407  
169, 0.839483, -21.062, 180.643, 0.999321, -0.009823, 0.0355246, 0.0143963, 0.991295, -0.130867, -0.0339299, 0.13129, 0.990763, 0.00324701  
170, 0.836837, -20.4252, 180.555, 0.999316, -0.0110919, 0.0352896, 0.0158192, 0.990495, -0.136638, -0.0334385, 0.137102, 0.989992, 0.00277463  
171, 0.756684, -19.837, 180.568, 0.999309, -0.00919527, 0.0360169, 0.0139977, 0.990686, -0.135447, -0.034436, 0.135858, 0.99013, 0.00280681  
172, 0.70736, -19.1312, 180.508, 0.999322, -0.0109798, 0.035146, 0.0157379, 0.990292, -0.138111, -0.0332883, 0.138571, 0.989793, 0.00297074  
173, 0.543226, -18.3021, 180.505, 0.999296, -0.011323, 0.0357563, 0.0161061, 0.990515, -0.136456, -0.0338721, 0.136935, 0.990001, 0.00285812  
174, 0.346801, -17.4951, 180.472, 0.999369, -0.0100273, 0.0340816, 0.0146219, 0.990413, -0.13736, -0.0323775, 0.137772, 0.989935, 0.0032226  
175, 0.166542, -16.5461, 180.414, 0.999328, -0.0118769, 0.034669, 0.0165942, 0.990136, -0.139122, -0.0326747, 0.139604, 0.989668, 0.00276936  
176, -0.0999289, -15.6058, 180.418, 0.999352, -0.0113287, 0.0341652, 0.0160229, 0.989962, -0.140424, -0.0322314, 0.14088, 0.989502, 0.00278933  
177, -0.355311, -14.5804, 180.404, 0.999374, -0.0129542, 0.0329344, 0.0174688, 0.989895, -0.140719, -0.0307788, 0.141206, 0.989502, 0.00287809  
178, -0.627048, -13.5085, 180.422, 0.999463, -0.0101213, 0.0311811, 0.0144222, 0.98991, -0.14096, -0.0294398, 0.141334, 0.989524, 0.00288114  
179, -0.875219, -12.3839, 180.436, 0.999497, -0.0127764, 0.0290181, 0.0168125, 0.989521, -0.14341, -0.0268817, 0.143826, 0.989238, 0.00286062  
180, -1.158, -11.1966, 180.464, 0.999481, -0.0121799, 0.0298226, 0.0163014, 0.989716, -0.142115, -0.027785, 0.142527, 0.989401, 0.00276021  
181, -1.41991, -9.94986, 180.463, 0.999467, -0.0131089, 0.0299134, 0.0172192, 0.989777, -0.141579, -0.0277516, 0.142018, 0.989475, 0.00284009  
182, -1.75451, -8.80762, 180.453, 0.99956, -0.0104684, 0.0277457, 0.0143232, 0.989676, -0.142604, -0.0259664, 0.142938, 0.989391, 0.00285368  
183, -2.05212, -7.44375, 180.458, 0.999616, -0.0101173, 0.025795, 0.0136552, 0.98993, -0.1409, -0.0241097, 0.141198, 0.989688, 0.00279904  
184, -2.30671, -6.04697, 180.445, 0.999672, -0.0108643, 0.0231955, 0.0140576, 0.989726, -0.142281, -0.0214114, 0.142561, 0.989554, 0.00309001  
185, -2.60831, -4.70895, 180.39, 0.999728, -0.00998256, 0.0211004, 0.0129196, 0.989494, -0.143997, -0.0194412, 0.14423, 0.989353, 0.00265286  
186, -2.89174, -3.38386, 180.364, 0.999744, -0.010517, 0.0200547, 0.0132357, 0.98997, -0.140657, -0.0183743, 0.140886, 0.989855, 0.00278822  
187, -3.16772, -1.8369, 180.394, 0.999752, -0.011498, 0.0190526, 0.0140277, 0.990268, -0.138464, -0.0172752, 0.138697, 0.990184, 0.00281097  
188, -3.54885, -0.262742, 180.357, 0.999722, -0.0105828, 0.0210856, 0.0133856, 0.990402, -0.137566, -0.0194274, 0.137809, 0.990268, 0.00276659  
189, -3.84466, 1.39546, 180.371, 0.999655, -0.0128856, 0.0229002, 0.0158567, 0.990759, -0.134701, -0.0209529, 0.135018, 0.990622, 0.00308918  
190, -4.16856, 2.88637, 180.386, 0.999654, -0.0142099, 0.0221153, 0.0169975, 0.991177, -0.131451, -0.0200523, 0.131781, 0.991076, 0.00271804  
191, -4.41251, 4.68046, 180.398, 0.999608, -0.0165396, 0.0225799, 0.0193418, 0.991308, -0.130132, -0.0202313, 0.130518, 0.99124, 0.00282345  
192, -4.65802, 6.42863, 180.445, 0.9996, -0.0160879, 0.0232589, 0.0188326, 0.99222, -0.123064, -0.0210981, 0.123453, 0.992126, 0.00285424  
193, -4.81268, 8.27462, 180.45, 0.999742, -0.0158352, 0.016298, 0.0177336, 0.992145, -0.123828, -0.0142091, 0.124085, 0.99217, 0.0027799  
194, -5.06687, 10.1521, 180.401, 0.999769, -0.0149864, 0.0154265, 0.0167486, 0.992476, -0.121287, -0.0134927, 0.121517, 0.992498, 0.00286117  
195, -5.39009, 11.9902, 180.37, 0.999693, -0.0188458, 0.016089, 0.0206323, 0.992649, -0.119261, -0.0137232, 0.119556, 0.992733, 0.00280264  
196, -5.68699, 13.9405, 180.462, 0.999708, -0.0181634, 0.0159153, 0.0199009, 0.99295, -0.116852, -0.0136806, 0.117135, 0.993022, 0.00278489  
197, -5.99387, 15.9512, 180.481, 0.999668, -0.0185303, 0.0178917, 0.0204039, 0.993616, -0.110952, -0.0157215, 0.11128, 0.993665, 0.00283011  
198, -6.21048, 18.027, 180.459, 0.999718, -0.0175507, 0.0160238, 0.0192848, 0.993131, -0.115405, -0.0138883, 0.115681, 0.993189, 0.00275937  
199, -6.41475, 20.2156, 180.475, 0.999753, -0.0171097, 0.014207, 0.0185693, 0.993767, -0.109921, -0.0122377, 0.110157, 0.993839, 0.00291055  
200, -6.65431, 22.4155, 180.479, 0.999742, -0.0180905, 0.0137221, 0.0194226, 0.994375, -0.104124, -0.0117613, 0.104364, 0.99447, 0.00274467  
201, -6.95037, 24.6286, 180.425, 0.999776, -0.0164671, 0.0132922, 0.0177214, 0.994776, -0.100532, -0.0115673, 0.100745, 0.994845, 0.00278323  
202, -7.1281, 26.9463, 180.269, 0.999638, -0.021088, 0.0167139, 0.0226846, 0.994533, -0.10193, -0.014473, 0.102272, 0.994651, 0.00283177  
203, -7.20094, 29.1596, 180.47, 0.999785, -0.0173422, 0.011349, 0.0183268, 0.995466, -0.0933338, -0.00967889, 0.0935218, 0.99557, 0.00277297  
204, -7.43681, 31.3117, 180.469, 0.999794, -0.017062, 0.0109965, 0.0179677, 0.995928, -0.0883485, -0.0094443, 0.0885278, 0.996029, 0.00291415  
205, -7.64603, 33.6689, 180.462, 0.999761, -0.01697, 0.0137921, 0.0180819, 0.99622, -0.084959, -0.0122982, 0.0851881, 0.996289, 0.00274301  
206, -7.75391, 36.1296, 180.508, 0.999757, -0.0185666, 0.0118542, 0.019451, 0.996648, -0.0794579, -0.0103392, 0.0796692, 0.996768, 0.00278517  
207, -7.98394, 38.4729, 180.458, 0.999781, -0.0187247, 0.0093568, 0.0193925, 0.996821, -0.0772787, -0.00788004, 0.0774433, 0.996966, 0.00286256  
208, -8.18146, 40.857, 180.423, 0.999738, -0.0213086, 0.00837522, 0.0218773, 0.996945, -0.0749869, -0.00675176, 0.0751505, 0.997149, 0.00275605  
209, -8.50425, 43.4196, 180.274, 0.999689, -0.0222757, 0.0112167, 0.0230327, 0.997094, -0.0726173, -0.00956649, 0.072853, 0.997297, 0.00309029  
210, -8.62602, 45.8115, 180.393, 0.999783, -0.0195232, 0.00719946, 0.0199439, 0.997756, -0.0639157, -0.00593547, 0.0640454, 0.997929, 0.0027308  
211, -8.87127, 48.2866, 180.37, 0.999699, -0.0224342, 0.00994176, 0.0229751, 0.998045, -0.0581173, -0.00861851, 0.0583282, 0.99826, 0.002824  
212, -9.00633, 50.5739, 180.41, 0.999713, -0.0218194, 0.00992451, 0.0223064, 0.998401, -0.0519455, -0.00877522, 0.052152, 0.998601, 0.00291637  
213, -9.13367, 53.111, 180.41, 0.999727, -0.0209906, 0.0102334, 0.0214406, 0.998709, -0.0460469, -0.00925363, 0.0462537, 0.998887, 0.0027688  
214, -9.38878, 55.6128, 180.337, 0.999761, -0.0197963, 0.00929663, 0.0201623, 0.998953, -0.0410771, -0.00847372, 0.0412547, 0.999113, 0.00310915  
215, -9.55159, 58.1415, 180.309, 0.99969, -0.0219943, 0.0116362, 0.0225056, 0.998697, -0.0458067, -0.0106136, 0.0460544, 0.998883, 0.00274634  
216, -9.6572, 60.7322, 180.449, 0.999759, -0.0198179, 0.00940467, 0.0201936, 0.998926, -0.0416939, -0.00856829, 0.0418738, 0.999086, 0.00283732  
217, -9.81135, 63.3383, 180.453, 0.999733, -0.0206733, 0.0102892, 0.0210098, 0.99921, -0.0337453, -0.00958347, 0.0339525, 0.999377, 0.00291249  
218, -9.75937, 65.7211, 180.54, 0.999616, -0.0252887, 0.0113388, 0.0256279, 0.999196, -0.0308331, -0.0105499, 0.0311118, 0.99946, 0.00280542  
219, -9.7778, 68.2964, 180.536, 0.99961, -0.0261282, 0.00983597, 0.0263492, 0.999387, -0.0230541, -0.00922758, 0.0233043, 0.999686, 0.00295077  
220, -9.84649, 71.0593, 180.45, 0.99964, -0.025247, 0.0090348, 0.0253847, 0.999558, -0.0154635, -0.0086404, 0.0156873, 0.99984, 0.00278378  
221, -9.772, 73.4428, 180.453, 0.999618, -0.0258626, 0.00977745, 0.0260393, 0.999492, -0.0183946, -0.00929675, 0.0186422, 0.999783, 0.0028326  
222, -9.7944, 76.195, 180.434, 0.999513, -0.0281664, 0.0134544, 0.0282141, 0.999596, -0.00337129, -0.013354, 0.00374925, 0.999904, 0.00295132  
223, -9.68752, 78.5701, 180.508, 0.999519, -0.0275321, 0.0142433, 0.0275591, 0.999619, -0.00170279, -0.014191, 0.0020945, 0.999897, 0.00291249  
224, -9.50111, 81.4075, 180.541, 0.999436, -0.0294478, 0.0161697, 0.0293586, 0.999553, 0.00572469, -0.016331, -0.00524674, 0.999853, 0.00299737  
225, -9.20528, 84.0989, 180.567, 0.999531, -0.0266674, 0.0150227, 0.0265477, 0.999615, 0.00810982, -0.0152332, -0.0077072, 0.999854, 0.002596  
226, -9.1156, 86.6568, 180.614, 0.999528, -0.0264995, 0.0155221, 0.0264324, 0.99964, 0.00451197, -0.0156361, -0.00409956, 0.999869, 0.00283316  
227, -8.99988, 89.34, 180.743, 0.999444, -0.0280614, 0.0180231, 0.0277589, 0.999473, 0.0168201, -0.0184856, -0.0163104, 0.999696, 0.00296685  
228, -8.8807, 91.7748, 180.658, 0.999456, -0.0282826, 0.0169832, 0.0280112, 0.999479, 0.0160098, -0.0174271, -0.0155254, 0.999728, 0.00282012  
229, -8.85466, 94.2983, 180.709, 0.999416, -0.0293846, 0.0174401, 0.0289655, 0.999297, 0.0238157, -0.0181277, -0.0232966, 0.999564, 0.00314854  
230, -8.81289, 96.6714, 180.757, 0.999293, -0.0321285, 0.019535, 0.0315812, 0.999117, 0.0277057, -0.0204079, -0.0270692, 0.999425, 0.00278295  
231, -8.89431, 99.1564, 180.704, 0.999267, -0.0316102, 0.0215858, 0.0310241, 0.999155, 0.0269672, -0.02242, -0.0262777, 0.999403, 0.00289141  
232, -9.02027, 101.461, 180.891, 0.999166, -0.0325681, 0.0246137, 0.0317643, 0.998971, 0.03237, -0.0256426, -0.0315612, 0.999173, 0.00303897  
233, -9.22163, 104.093, 180.949, 0.999256, -0.0303771, 0.0237446, 0.0294005, 0.998749, 0.0404497, -0.0249436, -0.0397216, 0.998899, 0.00286284  
234, -9.43131, 106.392, 180.921, 0.999327, -0.0305206, 0.0203427, 0.0297698, 0.9989, 0.0362402, -0.0214264, -0.0356103, 0.999136, 0.00308363  
235, -9.63602, 108.686, 180.979, 0.999155, -0.0341075, 0.0229404, 0.0329403, 0.998232, 0.0494661, -0.024587, -0.0486686, 0.998512, 0.00288142  
236, -9.84536, 111.094, 180.972, 0.999219, -0.0338439, 0.0203762, 0.0327921, 0.998215, 0.0499105, -0.022029, -0.0492033, 0.998546, 0.00278905  
237, -10.0529, 113.246, 180.847, 0.999321, -0.0314499, 0.0191744, 0.0306082, 0.998618, 0.0427176, -0.0204914, -0.0421017, 0.998903, 0.00295742  
238, -10.1554, 115.578, 180.818, 0.999283, -0.0314103, 0.0211477, 0.0304308, 0.998517, 0.0451434, -0.0225343, -0.0444675, 0.998757, 0.00284314  
239, -10.2158, 117.713, 180.891, 0.999197, -0.0339494, 0.0212891, 0.0329773, 0.998467, 0.0444642, -0.022766, -0.0437264, 0.998784, 0.00303426  
240, -10.5348, 120.148, 180.707, 0.999334, -0.029397, 0.0216046, 0.0284648, 0.998701, 0.042259, -0.0228188, -0.0416159, 0.998873, 0.00282511  
241, -10.7113, 122.525, 180.777, 0.999339, -0.0295042, 0.0212584, 0.0284755, 0.998481, 0.047165, -0.0226176, -0.0465284, 0.998661, 0.00286616  
242, -11.2461, 124.863, 180.624, 0.999425, -0.0236489, 0.0243115, 0.0224708, 0.998612, 0.0476411, -0.0254044, -0.0470674, 0.998569, 0.00299737  
243, -11.4628, 127.083, 180.55, 0.999424, -0.0247802, 0.0231812, 0.0237673, 0.998793, 0.0429944, -0.0242187, -0.0424187, 0.998806, 0.00278212  
244, -11.72, 129.208, 180.643, 0.99932, -0.0256491, 0.0264949, 0.0242375, 0.998338, 0.0522906, -0.027792, -0.0516128, 0.99828, 0.00299043  
245, -11.919, 131.469, 180.663, 0.999458, -0.0266094, 0.0193928, 0.0256853, 0.998591, 0.0464346, -0.020601, -0.0459114, 0.998733, 0.00280181  
246, -12.329, 133.631, 180.64, 0.999549, -0.0228059, 0.019521, 0.0218559, 0.998629, 0.0475664, -0.0205791, -0.0471184, 0.998677, 0.00278351  
247, -12.744, 135.779, 180.579, 0.999567, -0.0233842, 0.0178739, 0.0226586, 0.998952, 0.0397705, -0.0187852, -0.0393483, 0.999049, 0.00313716  
248, -13.0051, 137.952, 180.649, 0.999429, -0.024017, 0.0237613, 0.0227165, 0.998306, 0.0535681, -0.0250076, -0.0529977, 0.998281, 0.0028204  
249, -13.1683, 139.711, 180.661, 0.999437, -0.0280565, 0.0183859, 0.0271503, 0.998487, 0.0478089, -0.0196995, -0.0472828, 0.998687, 0.00300208  
250, -13.5053, 141.946, 180.738, 0.999483, -0.02717, 0.0171805, 0.0261668, 0.99808, 0.0561382, -0.0186728, -0.0556596, 0.998275, 0.00273912  
251, -13.8425, 143.687, 180.697, 0.999544, -0.0269757, 0.0136017, 0.0264138, 0.998854, 0.03992, -0.014663, -0.0395426, 0.99911, 0.00268947  
252, -14.2762, 145.586, 180.819, 0.99931, -0.0299086, 0.0220191, 0.0288459, 0.998474, 0.0470965, -0.0233941, -0.0464289, 0.998648, 0.00293995  
253, -14.5522, 147.504, 180.869, 0.999228, -0.031934, 0.0228626, 0.0307827, 0.998322, 0.0490548, -0.0243907, -0.0483132, 0.998534, 0.00276908  
254, -14.8741, 149.375, 180.815, 0.999341, -0.0308922, 0.0190664, 0.0300748, 0.998675, 0.0417629, -0.0203313, -0.041162, 0.998946, 0.00294522  
255, -15.1544, 151.363, 180.898, 0.999395, -0.031008, 0.0157709, 0.0303286, 0.998673, 0.0416343, -0.017041, -0.0411308, 0.999008, 0.00279488  
256, -15.4927, 153.2, 180.82, 0.999495, -0.0299294, 0.0106539, 0.0295188, 0.998886, 0.0368108, -0.0117438, -0.0364778, 0.999265, 0.00279238  
257, -15.8611, 155.063, 180.789, 0.999474, -0.029446, 0.0135815, 0.0288744, 0.998762, 0.0405163, -0.0147577, -0.0401028, 0.999087, 0.00284286  
258, -16.168, 156.757, 180.846, 0.999437, -0.0312932, 0.0121258, 0.0308784, 0.998978, 0.0329996, -0.0131461, -0.0326066, 0.999382, 0.00281152  
259, -16.4457, 158.661, 180.933, 0.999344, -0.034017, 0.0124336, 0.03361, 0.998936, 0.031591, -0.013495, -0.0311524, 0.999424, 0.00309778  
260, -16.8536, 160.427, 180.935, 0.999333, -0.0339487, 0.0134314, 0.0335056, 0.998928, 0.0319391, -0.0145013, -0.0314678, 0.9994, 0.00283177  
261, -17.2478, 162.237, 180.921, 0.99939, -0.0335896, 0.00960618, 0.03332, 0.999081, 0.0269699, -0.0105033, -0.0266333, 0.99959, 0.00284065  
262, -17.6996, 164.121, 180.802, 0.999487, -0.0309872, 0.00803739, 0.030786, 0.999237, 0.024053, -0.00877659, -0.0237933, 0.999678, 0.00303481  
263, -17.9346, 165.809, 180.783, 0.999473, -0.032053, 0.00520425, 0.0319545, 0.999327, 0.0180216, -0.0057784, -0.0178458, 0.999824, 0.00294078  
264, -18.1827, 167.578, 180.793, 0.999414, -0.0340821, 0.0030576, 0.0340269, 0.999284, 0.0165683, -0.00362009, -0.0164546, 0.999858, 0.00299709  
265, -18.4665, 169.258, 180.731, 0.999432, -0.0334728, 0.00391942, 0.0334255, 0.999374, 0.0115696, -0.00430424, -0.011432, 0.999925, 0.00277518  
266, -18.5371, 171.078, 180.779, 0.999367, -0.0353641, 0.00385393, 0.0353229, 0.999323, 0.0102734, -0.00421463, -0.0101308, 0.99994, 0.002786  
267, -18.6318, 172.922, 180.809, 0.999378, -0.034716, 0.00616843, 0.0346453, 0.999337, 0.0112218, -0.00655392, -0.0110011, 0.999918, 0.00285951  
268, -18.6657, 174.477, 180.898, 0.999305, -0.0368615, 0.00552944, 0.0368483, 0.999318, 0.00246825, -0.00561665, -0.00226278, 0.999982, 0.00279127  
269, -18.8674, 176.385, 180.793, 0.999407, -0.0334753, 0.00808424, 0.0334376, 0.99943, 0.00475316, -0.00823875, -0.00448003, 0.999956, 0.00293967  
270, -18.8545, 177.952, 180.866, 0.999368, -0.0347488, 0.00750647, 0.0347861, 0.999383, -0.00489303, -0.00733181, 0.00515106, 0.99996, 0.00276825  
271, -19.0587, 179.906, 180.85, 0.999406, -0.0336675, 0.00729351, 0.0337305, 0.999393, -0.00869265, -0.00699643, 0.00893351, 0.999936, 0.00279377  
272, -19.1471, 181.539, 180.894, 0.999432, -0.0322463, 0.00977624, 0.0323453, 0.999425, -0.0101429, -0.00944355, 0.0104534, 0.999901, 0.0029982  
273, -19.2231, 183.587, 180.928, 0.999417, -0.0328413, 0.00938161, 0.0329587, 0.999377, -0.0126509, -0.00896029, 0.0129528, 0.999876, 0.00302705  
274, -19.2759, 185.13, 180.85, 0.999382, -0.033813, 0.00958467, 0.0340161, 0.999182, -0.0218821, -0.00883693, 0.0221946, 0.999715, 0.00283676  
275, -19.32, 186.977, 180.88, 0.999341, -0.0336043, 0.0137322, 0.0338655, 0.999241, -0.0192554, -0.0130747, 0.0197078, 0.99972, 0.00273469  
