0, 0, 0, 0, 0, 0, 0, 0, 0, 0, 0, 0, 0, 0.00648486  
1, 0, 0, 0, 0, 0, 0, 0, 0, 0, 0, 0, 0, 0.00291221  
2, -9.53259, -10.0704, 180.739, 0.999612, -0.00179182, 0.0278081, 0.001165, 0.999745, 0.0225407, -0.0278414, -0.0224996, 0.999359, 0.00258296  
3, -9.52808, -10.0825, 180.741, 0.999597, -0.00161114, 0.0283544, 0.000909314, 0.999693, 0.0247473, -0.0283855, -0.0247116, 0.999292, 0.00286034  
4, -9.54309, -10.0765, 180.734, 0.999633, -0.00158128, 0.0270374, 0.000971982, 0.999746, 0.0225336, -0.0270662, -0.0224991, 0.99938, 0.00270001  
5, -9.57098, -10.0708, 180.724, 0.999667, -0.00128193, 0.0257859, 0.000770652, 0.999803, 0.0198278, -0.0258063, -0.0198013, 0.999471, 0.00289446  
6, -9.52486, -10.0788, 180.749, 0.999614, -0.00128827, 0.0277635, 0.00064678, 0.999733, 0.0231021, -0.0277859, -0.0230752, 0.999348, 0.00298544  
7, -9.55746, -10.0809, 180.754, 0.999613, -0.00203528, 0.0277323, 0.00134457, 0.999689, 0.0249024, -0.0277744, -0.0248555, 0.999305, 0.00280015  
8, -9.53325, -10.0762, 180.772, 0.999609, -0.00145751, 0.0279097, 0.000817491, 0.999737, 0.0229294, -0.0279358, -0.0228976, 0.999347, 0.00279932  
9, -9.53994, -10.0717, 180.723, 0.999623, -0.00133628, 0.027428, 0.000714057, 0.999742, 0.0226828, -0.0274513, -0.0226547, 0.999366, 0.0027824  
10, -9.54141, -10.0789, 180.739, 0.999609, -0.00158029, 0.0278994, 0.000950237, 0.999745, 0.022582, -0.027928, -0.0225467, 0.999356, 0.00283926  
11, -9.51842, -10.0671, 180.761, 0.999625, -0.00161902, 0.0273288, 0.000954053, 0.999704, 0.0243277, -0.0273601, -0.0242925, 0.99933, 0.00309278  
12, -9.55681, -10.0836, 180.748, 0.999622, -0.000933303, 0.0274864, 0.000308894, 0.999742, 0.0227125, -0.0275005, -0.0226954, 0.999364, 0.00274134  
13, -9.52053, -10.0863, 180.729, 0.999633, -0.00136093, 0.0270457, 0.000755359, 0.999749, 0.0223882, -0.0270693, -0.0223596, 0.999383, 0.00284148  
14, -9.53693, -10.0857, 180.733, 0.999622, -0.00174999, 0.0274391, 0.00110421, 0.999722, 0.0235325, -0.0274727, -0.0234933, 0.999346, 0.00282983  
15, -9.54183, -10.0552, 180.731, 0.999611, -0.00177338, 0.0278472, 0.0011131, 0.999718, 0.0237082, -0.0278814, -0.023668, 0.999331, 0.00284619  
16, -9.47563, -10.0303, 180.783, 0.999609, -0.00180977, 0.0279029, 0.00113047, 0.999703, 0.0243417, -0.0279386, -0.0243007, 0.999314, 0.0030656  
17, -9.54302, -10.0744, 180.754, 0.999621, -0.00132393, 0.0275065, 0.000673963, 0.999721, 0.0236256, -0.0275301, -0.0235981, 0.999342, 0.0027591  
18, -9.50969, -10.0753, 180.764, 0.999609, -0.00146496, 0.0279104, 0.000788686, 0.999706, 0.0242258, -0.0279377, -0.0241943, 0.999317, 0.00285451  
19, -9.54739, -10.086, 180.75, 0.999593, -0.00176403, 0.0284834, 0.00107338, 0.999705, 0.0242448, -0.0285177, -0.0242043, 0.9993, 0.00278794  
20, -9.52746, -10.0658, 180.744, 0.999605, -0.00151268, 0.0280686, 0.000815794, 0.999692, 0.0248227, -0.0280975, -0.02479, 0.999298, 0.00280154  
21, -9.52331, -10.0754, 180.75, 0.999627, -0.00155614, 0.0272574, 0.000927844, 0.999734, 0.0230481, -0.027286, -0.0230142, 0.999363, 0.00316851  
22, -9.56689, -10.0599, 180.737, 0.999611, -0.00173578, 0.0278273, 0.00111776, 0.999753, 0.0222095, -0.027859, -0.0221698, 0.999366, 0.00281013  
23, -9.51358, -10.0589, 180.757, 0.999626, -0.0015183, 0.0273183, 0.000881573, 0.999728, 0.0233045, -0.0273462, -0.0232717, 0.999355, 0.00300735  
24, -9.4896, -10.0367, 180.777, 0.999585, -0.00174383, 0.0287462, 0.00104949, 0.999708, 0.0241519, -0.0287799, -0.0241117, 0.999295, 0.00275937  
25, -9.54045, -10.0774, 180.736, 0.999621, -0.00167252, 0.0274913, 0.00103382, 0.99973, 0.0232307, -0.0275227, -0.0231935, 0.999352, 0.00288475  
26, -9.52588, -10.0829, 180.749, 0.999629, -0.00127911, 0.0272132, 0.000686217, 0.999762, 0.0217853, -0.0272346, -0.0217585, 0.999392, 0.00319486  
27, -9.49789, -10.0676, 180.757, 0.999607, -0.00179233, 0.0279621, 0.00110723, 0.999699, 0.0244973, -0.0279976, -0.0244567, 0.999309, 0.00300069  
28, -9.48206, -10.0497, 180.775, 0.999602, -0.0016121, 0.0281544, 0.00090075, 0.99968, 0.0252604, -0.0281861, -0.025225, 0.999284, 0.00291249  
29, -9.46991, -10.1227, 180.753, 0.999604, -0.00118509, 0.0281034, 0.000488872, 0.999693, 0.0247676, -0.0281241, -0.024744, 0.999298, 0.00276853  
30, -9.51658, -10.0824, 180.733, 0.999614, -0.00135188, 0.0277618, 0.000722434, 0.999743, 0.0226707, -0.0277853, -0.0226419, 0.999357, 0.00298294  
31, -9.53875, -10.0681, 180.729, 0.999641, -0.00149606, 0.02674, 0.000914475, 0.999763, 0.0217484, -0.0267662, -0.0217162, 0.999406, 0.00308835  
32, -9.54151, -10.0817, 180.736, 0.9996, -0.00150299, 0.0282268, 0.000830758, 0.999716, 0.0238118, -0.0282546, -0.0237789, 0.999318, 0.00288974  
33, -9.58321, -10.0678, 180.744, 0.99961, -0.00140881, 0.027902, 0.000764006, 0.999733, 0.0231069, -0.0279271, -0.0230766, 0.999344, 0.00322121  
34, -9.54168, -10.069, 180.751, 0.999624, -0.00128397, 0.0273765, 0.000637668, 0.999721, 0.0236036, -0.0273992, -0.0235773, 0.999346, 0.00270528  
35, -9.53708, -10.085, 180.728, 0.999644, -0.00121154, 0.0266527, 0.000652009, 0.999779, 0.020992, -0.0266722, -0.0209671, 0.999424, 0.00290944  
36, -9.55197, -10.0703, 180.76, 0.999601, -0.00198933, 0.0281733, 0.00130663, 0.999706, 0.0242298, -0.0282132, -0.0241834, 0.999309, 0.00304951  
37, -9.55807, -10.0627, 180.719, 0.999632, -0.00253053, 0.0269929, 0.00193146, 0.999752, 0.0221967, -0.0270424, -0.0221364, 0.999389, 0.00284231  
38, -9.54969, -10.0842, 180.744, 0.999631, -0.00149497, 0.0271193, 0.000837689, 0.999706, 0.0242317, -0.0271476, -0.0242, 0.999338, 0.00295715  
39, -9.52402, -10.082, 180.743, 0.999623, -0.00171195, 0.0274179, 0.00103859, 0.999698, 0.0245543, -0.0274517, -0.0245166, 0.999322, 0.0029699  
40, -9.53986, -10.0661, 180.728, 0.99961, -0.00202828, 0.027845, 0.00135614, 0.999708, 0.024136, -0.0278858, -0.0240889, 0.999321, 0.00287005  
41, -9.54091, -10.0747, 180.699, 0.999619, -0.00203944, 0.0275134, 0.00140543, 0.999733, 0.0230433, -0.0275531, -0.0229959, 0.999356, 0.00322537  
42, -9.51586, -10.1382, 180.699, 0.999637, -0.000393404, 0.0269373, -0.000217159, 0.999743, 0.0226594, -0.0269393, -0.022657, 0.99938, 0.00277851  
43, -9.52784, -10.0554, 180.743, 0.999608, -0.00160262, 0.0279358, 0.000948503, 0.999725, 0.0234124, -0.0279657, -0.0233768, 0.999336, 0.002824  
44, -9.53973, -10.0614, 180.742, 0.999624, -0.00192274, 0.0273477, 0.00126991, 0.999714, 0.023869, -0.0273858, -0.0238253, 0.999341, 0.00282095  
45, -9.47536, -10.042, 180.785, 0.999628, -0.00115085, 0.0272625, 0.000512384, 0.999726, 0.0234145, -0.027282, -0.0233918, 0.999354, 0.00285618  
46, -9.54929, -10.0772, 180.747, 0.999616, -0.00154419, 0.0276646, 0.000921762, 0.999746, 0.0224975, -0.0276924, -0.0224634, 0.999364, 0.00302122  
47, -9.5089, -10.0565, 180.8, 0.999576, -0.00104848, 0.0291005, 0.000328589, 0.999694, 0.0247318, -0.0291175, -0.0247118, 0.99927, 0.00280181  
48, -9.57583, -10.0783, 180.761, 0.999593, -0.00107529, 0.0285187, 0.000390962, 0.999712, 0.0239904, -0.0285363, -0.0239695, 0.999305, 0.00279044  
49, -9.54606, -10.0571, 180.755, 0.999624, -0.00197634, 0.0273309, 0.0013349, 0.999724, 0.0234676, -0.0273697, -0.0234223, 0.999351, 0.00278434  
50, -9.5411, -10.0856, 180.753, 0.999618, -0.00135455, 0.0276033, 0.000699335, 0.999718, 0.0237326, -0.0276277, -0.0237043, 0.999337, 0.00288836  
51, -9.53453, -10.0714, 180.752, 0.999608, -0.00137851, 0.0279621, 0.00074791, 0.999745, 0.0225498, -0.0279861, -0.02252, 0.999355, 0.00316379  
52, -9.54514, -10.0634, 180.737, 0.999604, -0.00172246, 0.0280708, 0.00105194, 0.999714, 0.0238839, -0.028104, -0.023845, 0.999321, 0.00307115  
53, -9.52222, -10.0692, 180.742, 0.999629, -0.00183909, 0.0271811, 0.00122643, 0.999745, 0.0225391, -0.0272157, -0.0224974, 0.999376, 0.00279016  
54, -9.51695, -10.0653, 180.756, 0.999614, -0.00205738, 0.0276924, 0.00140422, 0.999721, 0.0235849, -0.0277332, -0.023537, 0.999338, 0.00277297  
55, -9.51846, -10.0821, 180.769, 0.999601, -0.00162704, 0.0281853, 0.000926143, 0.99969, 0.0248626, -0.028217, -0.0248266, 0.999293, 0.00298322  
56, -9.54532, -10.0711, 180.758, 0.99962, -0.00137228, 0.0275163, 0.000754766, 0.999748, 0.0224398, -0.0275402, -0.0224105, 0.999369, 0.00309445  
57, -9.57712, -10.0805, 180.746, 0.999594, -0.00106041, 0.0284843, 0.000374781, 0.99971, 0.0240649, -0.0285016, -0.0240445, 0.999305, 0.00319153  
58, -9.52363, -10.0723, 180.754, 0.999631, -0.00121172, 0.0271299, 0.000585401, 0.999733, 0.0230818, -0.0271507, -0.0230574, 0.999365, 0.00316241  
59, -9.50489, -10.0427, 180.81, 0.99957, -0.00149503, 0.0292704, 0.000757205, 0.999682, 0.025202, -0.0292987, -0.025169, 0.999254, 0.00294827  
60, -9.54485, -10.0843, 180.725, 0.999646, -0.00143553, 0.0265733, 0.000864286, 0.999769, 0.0214961, -0.026598, -0.0214655, 0.999416, 0.00283815  
61, -9.54876, -10.0794, 180.753, 0.999602, -0.00126438, 0.0281651, 0.000597855, 0.99972, 0.0236608, -0.0281872, -0.0236346, 0.999323, 0.00300042  
62, -9.52656, -10.0782, 180.726, 0.999628, -0.00119511, 0.0272374, 0.000590496, 0.999753, 0.0221951, -0.0272573, -0.0221708, 0.999383, 0.0027677  
63, -9.53546, -10.0803, 180.725, 0.999629, -0.00183454, 0.0271827, 0.00123523, 0.999756, 0.0220478, -0.0272165, -0.0220061, 0.999387, 0.00297351  
64, -9.51707, -10.072, 180.738, 0.999638, -0.00122126, 0.0268857, 0.000600246, 0.999733, 0.0230941, -0.0269067, -0.0230696, 0.999372, 0.00278045  
65, -9.54447, -10.088, 180.733, 0.999598, -0.00146158, 0.0283184, 0.000809855, 0.999735, 0.023012, -0.0283445, -0.0229798, 0.999334, 0.00278434  
66, -9.52844, -10.0714, 180.747, 0.999625, -0.00100995, 0.0273553, 0.000382762, 0.999737, 0.022923, -0.0273713, -0.022904, 0.999363, 0.00328556  
67, -9.5557, -10.084, 180.742, 0.999634, -0.00127584, 0.0270289, 0.000665987, 0.999745, 0.0225601, -0.0270508, -0.0225339, 0.99938, 0.00278101  
68, -9.54267, -10.0776, 180.745, 0.999607, -0.00210362, 0.0279659, 0.00145733, 0.999732, 0.0231105, -0.028007, -0.0230606, 0.999342, 0.00282539  
69, -9.57136, -10.0696, 180.743, 0.99961, -0.00124604, 0.0279069, 0.000625003, 0.999752, 0.0222516, -0.0279277, -0.0222254, 0.999363, 0.0028032  
70, -9.57576, -10.0827, 180.753, 0.999614, -0.00152675, 0.0277533, 0.000871281, 0.999721, 0.0236144, -0.0277816, -0.0235811, 0.999336, 0.00279737  
71, -9.54764, -10.0581, 180.773, 0.999608, -0.00140877, 0.0279458, 0.000752905, 0.999724, 0.0234659, -0.0279712, -0.0234357, 0.999334, 0.0030828  
72, -9.55299, -10.0527, 180.76, 0.999602, -0.00178859, 0.0281506, 0.00111635, 0.999714, 0.023878, -0.0281852, -0.0238371, 0.999318, 0.00277352  
73, -9.54606, -10.0829, 180.714, 0.999655, -0.00129884, 0.0262246, 0.000720349, 0.999756, 0.0220564, -0.0262469, -0.0220299, 0.999413, 0.00341732  
74, -9.52929, -10.0654, 180.745, 0.999614, -0.00150621, 0.0277297, 0.000874185, 0.99974, 0.0227904, -0.0277568, -0.0227574, 0.999356, 0.00272803  
75, -9.55763, -10.1086, 180.738, 0.999632, -0.000956046, 0.0270939, 0.000346701, 0.999747, 0.0224859, -0.0271085, -0.0224683, 0.99938, 0.00279238  
76, -9.52573, -10.0461, 180.759, 0.999627, -0.00194534, 0.0272458, 0.00129581, 0.999715, 0.023837, -0.0272844, -0.0237928, 0.999345, 0.00297656  
77, -9.55777, -10.0714, 180.75, 0.999616, -0.00194579, 0.0276559, 0.00128985, 0.999718, 0.0237161, -0.0276943, -0.0236713, 0.999336, 0.00280792  
78, -9.52973, -10.0624, 180.752, 0.999624, -0.00211044, 0.0273347, 0.00147896, 0.999732, 0.0231014, -0.0273761, -0.0230523, 0.999359, 0.00280847  
79, -9.56891, -10.0428, 180.776, 0.999609, -0.00192883, 0.0278957, 0.00125328, 0.999706, 0.0242142, -0.0279342, -0.0241698, 0.999318, 0.00276659  
80, -9.53544, -10.0808, 180.721, 0.99964, -0.00101014, 0.0267976, 0.000409825, 0.999749, 0.0223979, -0.0268135, -0.0223788, 0.99939, 0.0028118  
81, -9.57674, -10.0869, 180.755, 0.999607, -0.00111188, 0.0280265, 0.000447824, 0.999719, 0.0236889, -0.028045, -0.023667, 0.999326, 0.00311248  
82, -9.55305, -10.0672, 180.758, 0.999591, -0.00208577, 0.0285275, 0.00138068, 0.999694, 0.0247135, -0.0285703, -0.024664, 0.999287, 0.00313772  
83, -9.54836, -10.0753, 180.754, 0.99961, -0.00130412, 0.0279073, 0.000644315, 0.99972, 0.0236385, -0.0279304, -0.0236113, 0.999331, 0.00280764  
84, -9.57207, -10.0728, 180.733, 0.999599, -0.00165714, 0.0282649, 0.000976361, 0.999709, 0.0240825, -0.0282966, -0.0240452, 0.99931, 0.00276215  
85, -9.53636, -10.0731, 180.741, 0.999595, -0.00154407, 0.0284205, 0.000880955, 0.999727, 0.0233301, -0.0284488, -0.0232956, 0.999324, 0.00301179  
86, -9.5575, -10.0973, 180.717, 0.999644, -0.0013327, 0.0266653, 0.000753613, 0.999764, 0.021715, -0.026688, -0.0216872, 0.999409, 0.00303426  
87, -9.51013, -10.0698, 180.756, 0.99962, -0.0015702, 0.0275097, 0.000949724, 0.999745, 0.0225533, -0.0275381, -0.0225186, 0.999367, 0.00276603  
88, -9.5409, -10.1008, 180.758, 0.999623, -0.00104015, 0.0274522, 0.000422523, 0.999747, 0.0224945, -0.0274686, -0.0224744, 0.99937, 0.00281124  
89, -9.53765, -10.0825, 180.766, 0.999619, -0.00106933, 0.0275973, 0.000436338, 0.999737, 0.0229327, -0.0276146, -0.0229119, 0.999356, 0.00277685  
90, -9.53399, -10.0717, 180.741, 0.999632, -0.00169626, 0.0270659, 0.00109882, 0.999756, 0.0220732, -0.0270967, -0.0220353, 0.99939, 0.00305256  
91, -9.5278, -10.0807, 180.784, 0.999616, -0.00130624, 0.027676, 0.000664725, 0.999731, 0.0231759, -0.0276988, -0.0231486, 0.999348, 0.00346863  
92, -9.52909, -10.0676, 180.754, 0.999629, -0.00163872, 0.0271885, 0.00101017, 0.999732, 0.023116, -0.0272192, -0.0230799, 0.999363, 0.00275244  
93, -9.57597, -10.0968, 180.731, 0.999632, -0.00140721, 0.0271078, 0.000858034, 0.999794, 0.02026, -0.0271308, -0.0202292, 0.999427, 0.00281762  
94, -9.5411, -10.0778, 180.754, 0.999591, -0.00135678, 0.0285569, 0.000623937, 0.999671, 0.0256559, -0.0285823, -0.0256276, 0.999263, 0.00277213  
95, -9.5371, -10.0773, 180.729, 0.999628, -0.0014435, 0.0272522, 0.000817978, 0.999736, 0.0229504, -0.0272781, -0.0229196, 0.999365, 0.00284148  
96, -9.56741, -10.0927, 180.693, 0.999632, -0.00150222, 0.0270829, 0.000905968, 0.999757, 0.0220148, -0.0271094, -0.0219822, 0.999391, 0.00291887  
97, -9.54345, -10.0691, 180.713, 0.999628, -0.00137362, 0.0272569, 0.000771947, 0.999756, 0.0220724, -0.0272805, -0.0220431, 0.999385, 0.00276159  
98, -9.51668, -10.1317, 180.729, 0.99962, -0.000915576, 0.0275652, 0.000296202, 0.999748, 0.0224651, -0.0275788, -0.0224484, 0.999368, 0.00281402  
99, -9.55813, -10.075, 180.734, 0.999609, -0.00135198, 0.0279132, 0.000747594, 0.999765, 0.0216513, -0.027936, -0.021622, 0.999376, 0.00281873  
100, -9.55082, -10.0684, 180.758, 0.999613, -0.00169639, 0.0277762, 0.0010629, 0.999739, 0.0228057, -0.0278076, -0.0227673, 0.999354, 0.00284952  
101, -9.54525, -10.0733, 180.756, 0.999629, -0.00167084, 0.0271805, 0.0010384, 0.999729, 0.0232658, -0.027212, -0.0232289, 0.99936, 0.00307254  
102, -9.5466, -10.0708, 180.749, 0.999604, -0.00152203, 0.0280988, 0.000845895, 0.99971, 0.0240591, -0.0281272, -0.0240258, 0.999316, 0.00274745  
103, -9.54445, -10.0715, 180.75, 0.999616, -0.00167011, 0.0276699, 0.00101036, 0.999715, 0.0238402, -0.0277018, -0.0238031, 0.999333, 0.0028032  
104, -9.53435, -10.0841, 180.734, 0.999624, -0.00162807, 0.0273629, 0.00103646, 0.999766, 0.0216213, -0.0273917, -0.0215848, 0.999392, 0.0028437  
105, -9.56772, -10.074, 180.732, 0.999611, -0.00105416, 0.0278795, 0.000424188, 0.999745, 0.0225926, -0.0278962, -0.022572, 0.999356, 0.00287199  
106, -9.51632, -10.0714, 180.742, 0.999613, -0.00178946, 0.0277558, 0.00115958, 0.999742, 0.022693, -0.0277893, -0.022652, 0.999357, 0.00310998  
107, -9.52205, -10.0843, 180.753, 0.999597, -0.00186541, 0.0283413, 0.00117613, 0.999704, 0.0243177, -0.0283782, -0.0242746, 0.999302, 0.00280542  
108, -9.54311, -10.076, 180.717, 0.999632, -0.00132235, 0.0270801, 0.000685798, 0.999724, 0.0235022, -0.0271037, -0.023475, 0.999357, 0.00361093  
109, -9.52163, -10.08, 180.716, 0.999631, -0.00222019, 0.0270649, 0.0016042, 0.99974, 0.0227601, -0.0271084, -0.0227083, 0.999375, 0.00281707  
110, -9.53313, -10.0751, 180.75, 0.9996, -0.00174247, 0.0282337, 0.00108661, 0.99973, 0.0232286, -0.0282665, -0.0231887, 0.999331, 0.00290888  
111, -9.53959, -10.0758, 180.76, 0.999618, -0.00143636, 0.0276029, 0.000778503, 0.999716, 0.0238287, -0.0276293, -0.0237981, 0.999335, 0.00268365  
112, -9.57695, -10.0841, 180.732, 0.999591, -0.00223704, 0.0285122, 0.00157452, 0.999729, 0.0232377, -0.0285565, -0.0231833, 0.999323, 0.00262235  
113, -9.57827, -10.0775, 180.759, 0.999617, -0.00140829, 0.0276366, 0.000776233, 0.999738, 0.0228679, -0.0276616, -0.0228376, 0.999356, 0.00278129  
114, -9.53904, -10.073, 180.738, 0.999618, -0.00178237, 0.0275631, 0.00112944, 0.999719, 0.0236861, -0.0275976, -0.0236459, 0.999339, 0.00280764  
115, -9.56999, -10.0843, 180.744, 0.999624, -0.00146109, 0.0273981, 0.000834371, 0.999738, 0.0228721, -0.0274243, -0.0228406, 0.999363, 0.00293801  
116, -9.55945, -10.0797, 180.705, 0.999613, -0.00109708, 0.0277874, 0.000464062, 0.99974, 0.0227769, -0.0278051, -0.0227552, 0.999354, 0.00307143  
117, -9.52937, -10.0642, 180.725, 0.999637, -0.000904595, 0.0269176, 0.000305704, 0.999753, 0.0222448, -0.0269311, -0.0222285, 0.99939, 0.00282816  
118, -9.5329, -10.0779, 180.744, 0.99964, -0.00144585, 0.0267913, 0.000847474, 0.99975, 0.0223327, -0.0268168, -0.0223019, 0.999392, 0.00288447  
119, -9.53571, -10.0764, 180.727, 0.999644, -0.00128905, 0.026663, 0.000710365, 0.999764, 0.0217019, -0.0266846, -0.0216752, 0.999409, 0.00290139  
120, -9.49373, -10.1214, 180.736, 0.999645, -0.000538371, 0.0266291, -8.65353e-005, 0.999725, 0.0234604, -0.0266344, -0.0234543, 0.99937, 0.00292275  
121, -9.53907, -10.0769, 180.76, 0.999637, -0.00134527, 0.0268969, 0.000721632, 0.999731, 0.0231827, -0.0269208, -0.0231549, 0.999369, 0.00320928  
122, -9.53009, -10.0767, 180.731, 0.999631, -0.00135197, 0.0271452, 0.000722047, 0.999731, 0.0232022, -0.0271692, -0.023174, 0.999362, 0.00283954  
123, -9.51896, -10.054, 180.772, 0.999621, -0.00166979, 0.0274787, 0.0010131, 0.999714, 0.0238948, -0.0275107, -0.0238579, 0.999337, 0.00289279  
124, -9.56531, -10.077, 180.779, 0.999606, -0.000931697, 0.0280461, 0.000230939, 0.999688, 0.0249788, -0.0280606, -0.0249625, 0.999294, 0.00283177  
125, -9.5764, -10.07, 180.752, 0.999617, -0.00137095, 0.0276378, 0.000722389, 0.999724, 0.0234629, -0.0276623, -0.023434, 0.999343, 0.00309084  
126, -9.56406, -10.0885, 180.733, 0.999619, -0.00150483, 0.0275699, 0.000896247, 0.999756, 0.0220731, -0.0275964, -0.02204, 0.999376, 0.00323425  
127, -9.5038, -10.1547, 180.724, 0.999631, -0.000227677, 0.0271729, -0.000365744, 0.999762, 0.0218317, -0.0271714, -0.0218336, 0.999392, 0.0029111  
128, -9.51953, -10.1289, 180.729, 0.999619, -0.00190602, 0.0275376, 0.00130437, 0.99976, 0.0218496, -0.0275726, -0.0218054, 0.999382, 0.00287754  
129, -9.54371, -10.1708, 180.726, 0.999607, -0.00182619, 0.0279739, 0.00124129, 0.999781, 0.0209116, -0.028006, -0.0208687, 0.99939, 0.00284397  
130, -9.4532, -10.2458, 180.78, 0.999629, -0.000126104, 0.0272274, -0.00039048, 0.99982, 0.0189668, -0.0272249, -0.0189704, 0.999449, 0.00296297  
131, -9.49485, -10.2783, 180.731, 0.9996, -0.000709178, 0.0282802, 0.000192634, 0.999833, 0.0182638, -0.0282884, -0.018251, 0.999433, 0.00308696  
132, -9.55006, -10.3448, 180.75, 0.999578, -0.000395775, 0.0290359, -9.70216e-005, 0.999856, 0.0169686, -0.0290384, -0.0169643, 0.999434, 0.00288281  
133, -9.49073, -10.475, 180.769, 0.999625, 0.000268858, 0.0273986, -0.000653945, 0.999901, 0.014047, -0.0273921, -0.0140597, 0.999526, 0.00281402  
134, -9.45337, -10.5446, 180.77, 0.999581, -0.000458688, 0.0289317, 7.744e-005, 0.999913, 0.0131772, -0.0289353, -0.0131695, 0.999495, 0.00276242  
135, -9.46272, -10.6439, 180.73, 0.999606, 0.00017745, 0.0280521, -0.000430027, 0.999959, 0.00899807, -0.0280494, -0.00900659, 0.999566, 0.0027333  
136, -9.43781, -10.7135, 180.752, 0.999607, 0.000116704, 0.0280385, -0.000315842, 0.999975, 0.00709796, -0.028037, -0.00710402, 0.999582, 0.00315686  
137, -9.39027, -10.8016, 180.773, 0.999635, 0.000585849, 0.0270253, -0.000742981, 0.999983, 0.00580459, -0.0270214, -0.00582255, 0.999618, 0.00282123  
138, -9.41635, -10.8472, 180.814, 0.999578, 0.000562926, 0.0290503, -0.000679165, 0.999992, 0.0039916, -0.0290478, -0.00400964, 0.99957, 0.00280181  
139, -9.34902, -10.8945, 180.816, 0.999608, 0.000608957, 0.0280038, -0.000644192, 0.999999, 0.00124923, -0.028003, -0.00126678, 0.999607, 0.00276437  
140, -9.34956, -10.946, 180.777, 0.999668, 0.00055642, 0.0257468, -0.000503409, 0.999998, -0.00206536, -0.0257479, 0.00205172, 0.999666, 0.00279432  
141, -9.34428, -10.974, 180.836, 0.999624, 0.000588472, 0.0274093, -0.00050946, 0.999996, -0.00288957, -0.0274109, 0.00287452, 0.99962, 0.00293079  
142, -9.36409, -10.9932, 180.843, 0.999626, 0.000991305, 0.0273356, -0.000795505, 0.999974, -0.00717274, -0.027342, 0.00714831, 0.999601, 0.00274967  
143, -9.39167, -11.0062, 180.777, 0.999563, -0.000272634, 0.0295578, 0.000606386, 0.999936, -0.0112831, -0.0295528, 0.0112961, 0.999499, 0.00286977  
144, -9.36455, -11.0369, 180.796, 0.999593, -0.000534715, 0.028522, 0.000904145, 0.999916, -0.0129412, -0.0285127, 0.0129617, 0.999509, 0.00279516  
145, -9.33233, -11.115, 180.804, 0.999549, -0.000743493, 0.0300128, 0.0012262, 0.99987, -0.0160681, -0.029997, 0.0160976, 0.99942, 0.00295853  
146, -9.30528, -11.2571, 180.794, 0.999539, -0.000340626, 0.030368, 0.00101226, 0.999755, -0.022104, -0.0303531, 0.0221245, 0.999294, 0.00310277  
147, -9.30483, -11.3248, 180.779, 0.999587, -0.000443143, 0.0287486, 0.00123452, 0.999621, -0.0275156, -0.0287255, 0.0275397, 0.999208, 0.00276964  
148, -9.29875, -11.3745, 180.855, 0.999571, -0.000790361, 0.0292613, 0.00157908, 0.999636, -0.0269412, -0.0292293, 0.0269758, 0.999209, 0.00287726  
149, -9.26648, -11.4119, 180.762, 0.999557, -0.00023818, 0.0297643, 0.00121524, 0.999461, -0.0328127, -0.0297405, 0.0328343, 0.999018, 0.0028351  
150, -9.24099, -11.4516, 180.795, 0.999512, -0.000197877, 0.031229, 0.00123766, 0.999445, -0.0332796, -0.0312051, 0.033302, 0.998958, 0.00268615  
151, -9.2352, -11.5213, 180.806, 0.99957, 4.37094e-005, 0.0293192, 0.00111818, 0.999215, -0.0396116, -0.0292979, 0.0396274, 0.998785, 0.00273385  
152, -9.22819, -11.5314, 180.772, 0.999573, 0.000636589, 0.0292188, 0.000600365, 0.999105, -0.0423059, -0.0292196, 0.0423054, 0.998677, 0.00271555  
153, -9.20639, -11.6058, 180.735, 0.999522, 0.00129796, 0.0308865, 0.000163354, 0.998882, -0.0472629, -0.0309133, 0.0472453, 0.998405, 0.00286783  
154, -9.23735, -11.6264, 180.726, 0.999538, 0.000200875, 0.030392, 0.00140837, 0.998598, -0.0529191, -0.03036, 0.0529374, 0.998136, 0.00277962  
155, -9.21644, -11.646, 180.687, 0.999532, 0.0011106, 0.0305563, 0.00062713, 0.998385, -0.0568014, -0.0305701, 0.056794, 0.997918, 0.00308946  
156, -9.17741, -11.7145, 180.814, 0.999668, 0.00392947, 0.0254723, -0.00244608, 0.998313, -0.0580068, -0.0256573, 0.0579252, 0.997991, 0.00320651  
157, -9.19087, -11.6685, 180.826, 0.999666, 0.00362484, 0.0255782, -0.00208774, 0.998204, -0.059867, -0.0257493, 0.0597936, 0.997879, 0.00275161  
158, -9.16497, -11.619, 180.871, 0.999682, 0.00326458, 0.0250019, -0.0016725, 0.997984, -0.0634364, -0.0251586, 0.0633744, 0.997673, 0.00293135  
159, -9.18927, -11.5309, 180.847, 0.999648, 0.00410489, 0.0261989, -0.00234729, 0.997766, -0.0667683, -0.0264145, 0.0666833, 0.997424, 0.00277851  
160, -9.20026, -11.3733, 180.862, 0.999699, 0.00366763, 0.0242447, -0.00193705, 0.997473, -0.0710216, -0.0244439, 0.0709533, 0.99718, 0.0028964  
161, -9.22452, -11.26, 180.844, 0.999721, 0.00493115, 0.0230965, -0.00312319, 0.996974, -0.07767, -0.0234096, 0.0775762, 0.996712, 0.00294855  
162, -9.23437, -11.1633, 180.855, 0.999686, 0.00498598, 0.0245756, -0.00297666, 0.996699, -0.0811291, -0.024899, 0.0810304, 0.996401, 0.00274717  
163, -9.25819, -10.8987, 180.849, 0.999659, 0.00464292, 0.025711, -0.00246179, 0.996444, -0.084223, -0.0260106, 0.0841309, 0.996115, 0.00277352  
164, -9.22045, -10.6148, 180.895, 0.999675, 0.00527937, 0.024929, -0.00308495, 0.996181, -0.0872582, -0.0252944, 0.087153, 0.995874, 0.00276464  
165, -9.21536, -10.4019, 180.897, 0.999653, 0.00588551, 0.0256591, -0.00349214, 0.995721, -0.0923415, -0.0260928, 0.0922199, 0.995397, 0.00307198  
166, -9.18649, -10.1883, 180.92, 0.99968, 0.00570457, 0.0246454, -0.00332775, 0.995431, -0.0954265, -0.0250772, 0.0953139, 0.995131, 0.00303121  
167, -9.20698, -9.81728, 180.946, 0.999652, 0.00597002, 0.02568, -0.0034676, 0.995336, -0.0964087, -0.0261358, 0.0962862, 0.995011, 0.00273912  
168, -9.19581, -9.6124, 180.909, 0.999685, 0.0066912, 0.0241721, -0.00408755, 0.994337, -0.106199, -0.0247458, 0.106066, 0.994051, 0.00293385  
169, -9.2126, -9.28485, 180.907, 0.999636, 0.00599374, 0.0262927, -0.00320812, 0.994495, -0.104736, -0.0267757, 0.104614, 0.994152, 0.00280154  
170, -9.21374, -8.92093, 180.942, 0.999606, 0.00539171, 0.0275286, -0.00239521, 0.994176, -0.107744, -0.0279492, 0.107636, 0.993797, 0.00313578  
171, -9.20214, -8.44445, 180.963, 0.999633, 0.00522969, 0.0265798, -0.00231729, 0.9941, -0.108443, -0.0269901, 0.108342, 0.993747, 0.00319014  
172, -9.19447, -8.05761, 180.943, 0.999574, 0.00640579, 0.0284776, -0.00314813, 0.99359, -0.112999, -0.0290189, 0.112861, 0.993187, 0.00275216  
173, -9.13752, -7.64524, 180.943, 0.999605, 0.00500698, 0.0276616, -0.00169131, 0.992939, -0.118612, -0.0280601, 0.118518, 0.992555, 0.00290028  
174, -9.14852, -7.17261, 180.957, 0.999545, 0.00579051, 0.029617, -0.00230141, 0.993187, -0.116511, -0.0300898, 0.11639, 0.992748, 0.00282789  
175, -9.15131, -6.56474, 180.918, 0.999585, 0.00717756, 0.0278849, -0.003672, 0.992302, -0.123788, -0.0285587, 0.123634, 0.991917, 0.00290001  
176, -9.14462, -5.96928, 180.928, 0.999514, 0.00582723, 0.0306111, -0.00201129, 0.992375, -0.123239, -0.0310958, 0.123118, 0.991905, 0.00319569  
177, -9.16859, -5.39105, 180.897, 0.99957, 0.00662928, 0.0285675, -0.00289949, 0.991683, -0.128674, -0.0291829, 0.128536, 0.991275, 0.0028093  
178, -9.14939, -4.7598, 180.899, 0.999515, 0.00746061, 0.0302182, -0.00339465, 0.991186, -0.132432, -0.0309399, 0.132265, 0.990731, 0.0028645  
179, -9.14303, -4.03507, 180.848, 0.999498, 0.00785475, 0.0306935, -0.00363694, 0.990822, -0.135128, -0.0314732, 0.134948, 0.990353, 0.00276742  
180, -9.13253, -3.32006, 180.844, 0.999542, 0.00863492, 0.0289909, -0.00443556, 0.98987, -0.141904, -0.0299225, 0.14171, 0.989456, 0.00304258  
181, -9.13715, -2.55579, 180.822, 0.999405, 0.00743441, 0.0336827, -0.00264834, 0.990153, -0.139966, -0.0343916, 0.139793, 0.989583, 0.0031882  
182, -9.01529, -1.85785, 180.898, 0.99942, 0.00698244, 0.0333317, -0.00219304, 0.989919, -0.141615, -0.0339845, 0.14146, 0.98936, 0.00285119  
183, -8.93057, -1.04675, 180.868, 0.999391, 0.0069769, 0.0341831, -0.00192235, 0.989324, -0.145722, -0.0348349, 0.145568, 0.988735, 0.00290694  
184, -8.81587, -0.173432, 180.879, 0.999398, 0.00747493, 0.0338696, -0.00244349, 0.989248, -0.146224, -0.0345984, 0.146053, 0.988672, 0.00276797  
185, -8.7303, 0.7794, 180.922, 0.999293, 0.00632507, 0.0370569, -0.00100654, 0.989892, -0.141818, -0.0375793, 0.14168, 0.989199, 0.00305589  
186, -8.52834, 1.64281, 180.898, 0.999344, 0.00489822, 0.0358947, 0.00028676, 0.989717, -0.143041, -0.0362263, 0.142958, 0.989066, 0.0031674  
187, -8.4175, 2.45917, 180.82, 0.999263, 0.00575308, 0.037939, -0.000121965, 0.989168, -0.146785, -0.0383726, 0.146673, 0.988441, 0.00274273  
188, -8.26417, 3.61262, 180.848, 0.99922, 0.00643893, 0.0389501, -0.000790396, 0.989675, -0.143329, -0.0394708, 0.143186, 0.988908, 0.00283066  
189, -8.04486, 4.71179, 180.828, 0.999168, 0.00743318, 0.0400884, -0.00161996, 0.989702, -0.143134, -0.0407395, 0.14295, 0.988891, 0.00292913  
190, -7.87763, 5.75603, 180.753, 0.999121, 0.00819095, 0.0411008, -0.00211123, 0.989306, -0.145836, -0.0418558, 0.145621, 0.988455, 0.0027774  
191, -7.77746, 6.9443, 180.645, 0.999026, 0.00835962, 0.0433194, -0.00207253, 0.989693, -0.143191, -0.0440699, 0.142962, 0.988747, 0.00300402  
192, -7.57227, 8.27231, 180.665, 0.999025, 0.00922327, 0.0431758, -0.00300132, 0.989861, -0.142009, -0.0440478, 0.141741, 0.988923, 0.00275216  
193, -7.36495, 9.63833, 180.682, 0.998918, 0.0104031, 0.0453294, -0.00387353, 0.989885, -0.141818, -0.0463463, 0.141489, 0.988854, 0.00292247  
194, -7.2858, 10.9455, 180.698, 0.998813, 0.00965988, 0.0477369, -0.00275362, 0.989766, -0.142671, -0.0486265, 0.14237, 0.988618, 0.00282234  
195, -7.16817, 12.2548, 180.711, 0.998706, 0.00801636, 0.0502156, -0.000702341, 0.989577, -0.144006, -0.0508465, 0.143785, 0.988302, 0.00289224  
196, -7.12383, 14.0058, 180.675, 0.998676, 0.00992243, 0.0504772, -0.00254905, 0.989562, -0.144088, -0.05138, 0.143769, 0.988277, 0.00316241  
197, -6.96103, 15.5655, 180.722, 0.998624, 0.00809837, 0.051821, -0.000728173, 0.990054, -0.140689, -0.0524449, 0.140458, 0.988697, 0.00283371  
198, -6.95739, 17.2126, 180.677, 0.998619, 0.0100603, 0.051571, -0.00278131, 0.990244, -0.139316, -0.0524694, 0.13898, 0.988904, 0.00296935  
199, -6.95334, 18.8684, 180.716, 0.998551, 0.0109649, 0.052687, -0.00373384, 0.99078, -0.13543, -0.0536862, 0.135038, 0.989385, 0.00284869  
200, -6.95557, 20.6866, 180.803, 0.998712, 0.0116703, 0.0493715, -0.00486787, 0.990736, -0.135717, -0.0504979, 0.135302, 0.989517, 0.00300264  
201, -7.15192, 22.4768, 180.787, 0.998668, 0.0102108, 0.0505732, -0.0033958, 0.991104, -0.133048, -0.0514818, 0.132699, 0.989818, 0.00320235  
202, -7.33129, 24.2208, 180.799, 0.99856, 0.0117118, 0.0523502, -0.00468278, 0.991182, -0.132425, -0.0534395, 0.131989, 0.98981, 0.00284037  
203, -7.5909, 26.27, 180.733, 0.998744, 0.011889, 0.0486661, -0.00542043, 0.991374, -0.130951, -0.0498031, 0.130522, 0.990194, 0.00298433  
204, -7.98874, 28.2147, 180.763, 0.998818, 0.0130504, 0.046828, -0.00697846, 0.991807, -0.127557, -0.048109, 0.127079, 0.990725, 0.00285146  
205, -8.0273, 30.1048, 180.803, 0.998964, 0.0111882, 0.0441181, -0.00568167, 0.992388, -0.123017, -0.0451586, 0.122639, 0.991423, 0.00300735  
206, -8.36655, 32.0952, 180.805, 0.999018, 0.0133343, 0.0422417, -0.00814769, 0.992661, -0.120657, -0.0435406, 0.120194, 0.991795, 0.00313162  
207, -8.78267, 34.2691, 180.781, 0.999052, 0.0117297, 0.0419155, -0.00671146, 0.993001, -0.117915, -0.0430053, 0.117522, 0.992139, 0.00281319  
208, -9.06797, 36.2049, 180.94, 0.998972, 0.0133397, 0.0433192, -0.00790527, 0.99234, -0.12328, -0.0446319, 0.122811, 0.991426, 0.0029344  
209, -9.54868, 38.2318, 180.848, 0.999158, 0.0096582, 0.0398708, -0.00462252, 0.992208, -0.12451, -0.0407627, 0.124221, 0.991417, 0.00283843  
210, -9.93181, 40.4735, 180.866, 0.999261, 0.00974228, 0.0371876, -0.00526323, 0.992917, -0.118694, -0.0380806, 0.11841, 0.992234, 0.00295853  
211, -10.2099, 42.8362, 180.882, 0.999361, 0.00972042, 0.0344039, -0.0057854, 0.993614, -0.11268, -0.0352795, 0.112409, 0.993035, 0.00312357  
212, -10.5813, 45.054, 180.846, 0.999281, 0.008369, 0.0369892, -0.00429405, 0.994043, -0.108902, -0.0376802, 0.108665, 0.993364, 0.00280847  
213, -10.826, 47.4436, 180.891, 0.999439, 0.0074028, 0.0326687, -0.00401804, 0.994727, -0.102483, -0.0332551, 0.102294, 0.994198, 0.0028645  
214, -11.2559, 49.9226, 180.871, 0.999445, 0.00949322, 0.0319285, -0.00630184, 0.995106, -0.0986086, -0.0327083, 0.0983527, 0.994614, 0.00283343  
215, -11.5301, 52.3753, 180.889, 0.999485, 0.00652208, 0.0314054, -0.00363236, 0.995825, -0.0912062, -0.0318692, 0.0910452, 0.995337, 0.00290278  
216, -11.8195, 54.8197, 180.911, 0.999536, 0.00723298, 0.0296037, -0.0046508, 0.996251, -0.086382, -0.0301175, 0.0862042, 0.995822, 0.00315492  
217, -12.1938, 57.3134, 180.889, 0.999471, 0.00873449, 0.0313384, -0.00611786, 0.996561, -0.082641, -0.0319524, 0.0824055, 0.996087, 0.00282927  
218, -12.4956, 59.8786, 180.851, 0.999479, 0.010137, 0.0306355, -0.00783162, 0.997193, -0.0744574, -0.0313043, 0.0741787, 0.996754, 0.00295936  
219, -12.9072, 62.4675, 180.618, 0.999539, 0.0116197, 0.0280411, -0.00937547, 0.99684, -0.0788768, -0.028869, 0.0785776, 0.99649, 0.00289057  
220, -13.2049, 65.1617, 180.577, 0.9996, 0.0118037, 0.0257023, -0.00989309, 0.997266, -0.0732326, -0.0264964, 0.0729491, 0.996984, 0.00292136  
221, -13.4201, 67.7708, 180.624, 0.999681, 0.0111373, 0.0226895, -0.00950484, 0.997443, -0.0708255, -0.0234203, 0.0705872, 0.997231, 0.00310388  
222, -13.6383, 70.4156, 180.585, 0.999676, 0.0118298, 0.0225461, -0.0103438, 0.997837, -0.0649235, -0.0232653, 0.0646693, 0.997636, 0.00283316  
223, -13.8388, 73.0024, 180.571, 0.999692, 0.0107964, 0.0223313, -0.00943948, 0.998154, -0.0599987, -0.0229379, 0.0597695, 0.997949, 0.00288031  
224, -14.0629, 75.5831, 180.583, 0.999701, 0.0116732, 0.0214728, -0.0104333, 0.998321, -0.0569767, -0.0221018, 0.0567357, 0.998145, 0.0027713  
225, -14.2028, 78.2468, 180.659, 0.999751, 0.0103424, 0.0197527, -0.00929508, 0.998583, -0.0523988, -0.0202666, 0.0522022, 0.998431, 0.0029932  
226, -14.5407, 80.9054, 180.79, 0.999679, 0.0115749, 0.0225346, -0.0105106, 0.99885, -0.0467883, -0.0230502, 0.0465364, 0.998651, 0.00316463  
227, -14.7581, 83.5239, 180.783, 0.999701, 0.0101592, 0.022253, -0.00922164, 0.999082, -0.0418383, -0.0226576, 0.0416206, 0.998877, 0.00275466  
228, -14.9977, 86.241, 180.845, 0.999743, 0.0107103, 0.0199881, -0.00988468, 0.999112, -0.0409569, -0.020409, 0.0407488, 0.998961, 0.00290361  
229, -15.1063, 89.0935, 180.913, 0.999781, 0.0124903, 0.0167908, -0.0118886, 0.9993, -0.0354683, -0.0172221, 0.0352609, 0.99923, 0.0027272  
230, -15.3079, 91.4813, 180.921, 0.999745, 0.0130118, 0.0184577, -0.0123762, 0.99934, -0.0341402, -0.0188897, 0.0339031, 0.999247, 0.00295936  
231, -15.4807, 94.1217, 180.95, 0.999774, 0.0119038, 0.0176299, -0.0114311, 0.999579, -0.0266763, -0.01794, 0.0264688, 0.999489, 0.00320706  
232, -15.6058, 96.606, 180.886, 0.999801, 0.0107613, 0.0168247, -0.0104121, 0.999731, -0.0207066, -0.017043, 0.0205273, 0.999644, 0.00274467  
233, -15.8979, 99.3299, 180.792, 0.999787, 0.0104839, 0.0177855, -0.0102068, 0.999826, -0.015596, -0.0179459, 0.0154112, 0.99972, 0.00287199  
234, -16.1456, 102.243, 180.734, 0.999772, 0.00945197, 0.0191659, -0.0093353, 0.999937, -0.00616794, -0.019223, 0.00598761, 0.999797, 0.00283621  
235, -16.3933, 105.145, 180.795, 0.999701, 0.0104414, 0.0220914, -0.0104225, 0.999945, -0.000968104, -0.0221003, 0.000737567, 0.999755, 0.00300347  
236, -16.5419, 107.777, 180.8, 0.999736, 0.00933623, 0.0209802, -0.0092856, 0.999954, -0.00250948, -0.0210027, 0.002314, 0.999777, 0.00308141  
237, -16.7432, 110.787, 180.841, 0.999739, 0.00897981, 0.0210057, -0.00926245, 0.999867, 0.0133968, -0.0208826, -0.0135878, 0.99969, 0.0027444  
238, -16.8322, 113.253, 180.832, 0.999779, 0.00756737, 0.019624, -0.00785221, 0.999864, 0.014479, -0.0195118, -0.0146299, 0.999703, 0.00286589  
239, -17.0396, 116.067, 181.019, 0.999793, 0.00620893, 0.0193774, -0.00662051, 0.999752, 0.0212489, -0.0192407, -0.0213728, 0.999586, 0.0028473  
240, -17.1559, 118.69, 181.045, 0.999801, 0.00502155, 0.0192878, -0.00550855, 0.999665, 0.0252792, -0.0191544, -0.0253804, 0.999494, 0.0028964  
241, -17.3422, 121.225, 180.99, 0.999774, 0.00520725, 0.0206085, -0.00579112, 0.999581, 0.0283741, -0.0204521, -0.0284871, 0.999385, 0.0030215  
242, -17.3238, 123.962, 181.078, 0.999794, 0.00435841, 0.0198469, -0.00504812, 0.99938, 0.0348352, -0.0196828, -0.0349282, 0.999196, 0.0030154  
243, -17.4436, 126.574, 181.061, 0.99977, 0.00670862, 0.0203805, -0.00746392, 0.999279, 0.037213, -0.0201162, -0.0373565, 0.9991, 0.00303509  
244, -17.5021, 129.016, 181.025, 0.999794, 0.00406948, 0.0198962, -0.00476702, 0.999371, 0.0351379, -0.0197407, -0.0352255, 0.999184, 0.0027444  
245, -17.6658, 131.828, 181.085, 0.999761, 0.00474483, 0.0213339, -0.00583824, 0.998657, 0.0514856, -0.021061, -0.0515979, 0.998446, 0.00304951  
246, -17.7338, 134.039, 180.979, 0.999808, 0.00334822, 0.0192818, -0.00417939, 0.999056, 0.0432286, -0.0191189, -0.0433009, 0.998879, 0.00307808  
247, -17.9401, 136.813, 181.007, 0.999735, 0.00297642, 0.0228197, -0.00410356, 0.998765, 0.0495068, -0.0226442, -0.0495873, 0.998513, 0.0029369  
248, -18.0574, 139.355, 180.974, 0.999755, 0.00335173, 0.0218944, -0.00453815, 0.998511, 0.0543654, -0.0216795, -0.0544515, 0.998281, 0.00291776  
249, -18.1453, 141.702, 180.928, 0.999804, 0.00330439, 0.0195019, -0.00427646, 0.998739, 0.0500156, -0.019312, -0.0500892, 0.998558, 0.00275133  
250, -18.2412, 144.522, 181.004, 0.999799, 0.00406079, 0.0196429, -0.00522666, 0.998204, 0.0596713, -0.0193653, -0.0597619, 0.998025, 0.00265009  
251, -18.2929, 146.678, 180.973, 0.999727, 0.00380562, 0.0230568, -0.00499049, 0.998658, 0.0515513, -0.0228297, -0.0516523, 0.998404, 0.00363922  
252, -18.4362, 149.084, 181.08, 0.999761, 0.001489, 0.0218292, -0.00272926, 0.998376, 0.0568973, -0.0217091, -0.0569433, 0.998141, 0.00287587  
253, -18.4579, 151.43, 181.049, 0.999743, 0.00131933, 0.0226508, -0.00270779, 0.998111, 0.061378, -0.022527, -0.0614235, 0.997858, 0.0026745  
254, -18.4924, 153.41, 181.024, 0.999804, -0.000251732, 0.0198141, -0.000915835, 0.998264, 0.0588949, -0.0197945, -0.0589015, 0.998068, 0.00275133  
255, -18.6522, 155.979, 181.006, 0.999772, 0.00116774, 0.0213316, -0.00259705, 0.997743, 0.0670997, -0.0212051, -0.0671398, 0.997518, 0.00305534  
256, -18.5963, 157.912, 181.063, 0.999771, 0.00052453, 0.0213857, -0.00178141, 0.998268, 0.0587951, -0.0213179, -0.0588197, 0.998041, 0.00301983  
257, -18.7033, 160.472, 181.183, 0.999731, 0.00160677, 0.023148, -0.00320271, 0.997606, 0.0690743, -0.0229816, -0.0691298, 0.997343, 0.0027627  
258, -18.739, 162.536, 181.163, 0.999768, 0.00121152, 0.0215178, -0.00267491, 0.997674, 0.0681103, -0.0213853, -0.068152, 0.997446, 0.00290084  
259, -18.8316, 164.65, 181.239, 0.999802, -5.53729e-005, 0.0199007, -0.00134597, 0.997518, 0.0703965, -0.0198552, -0.0704093, 0.997321, 0.00272248  
260, -18.953, 166.82, 181.158, 0.999782, 0.000649074, 0.0208679, -0.00207286, 0.997664, 0.0682796, -0.0207748, -0.068308, 0.997448, 0.00256937  
261, -19.0348, 168.791, 181.186, 0.999824, 1.30063e-006, 0.0187837, -0.00115611, 0.998108, 0.0614685, -0.018748, -0.0614794, 0.997932, 0.00272969  
262, -19.1591, 170.958, 181.311, 0.999799, 0.000557562, 0.0200569, -0.00192503, 0.997668, 0.0682249, -0.0199721, -0.0682498, 0.997468, 0.00271999  
263, -19.2051, 172.633, 181.35, 0.999819, -0.00171083, 0.0189662, 0.000540594, 0.998105, 0.0615354, -0.0190356, -0.061514, 0.997925, 0.00286561  
264, -19.4238, 174.877, 181.341, 0.999794, -0.000189642, 0.0202869, -0.00114579, 0.997832, 0.0657954, -0.0202554, -0.0658051, 0.997627, 0.00282511  
265, -19.5537, 176.618, 181.321, 0.999835, 0.00012869, 0.018192, -0.00111042, 0.998542, 0.053965, -0.0181585, -0.0539763, 0.998377, 0.00301262  
266, -19.7605, 178.585, 181.417, 0.999829, -0.0026727, 0.0183252, 0.00164841, 0.998447, 0.0556844, -0.0184456, -0.0556446, 0.99828, 0.00333993  
267, -19.9749, 180.515, 181.428, 0.999819, -0.00228167, 0.0188673, 0.00119564, 0.998352, 0.0573731, -0.0189671, -0.0573402, 0.998175, 0.00278212  
268, -20.2104, 182.31, 181.357, 0.999835, -0.00339574, 0.0178278, 0.00249094, 0.998719, 0.0505314, -0.0179766, -0.0504787, 0.998563, 0.00294882  
269, -20.5047, 184.309, 181.307, 0.999837, -0.000677178, 0.0180182, -0.000249804, 0.998678, 0.051395, -0.0180292, -0.0513911, 0.998516, 0.00277574  
270, -20.7488, 186.039, 181.273, 0.999895, -0.00123607, 0.0144642, 0.000614737, 0.99908, 0.0428828, -0.0145039, -0.0428693, 0.998975, 0.00291304  
271, -21.0819, 188.067, 181.12, 0.999898, -0.000670852, 0.0142836, -1.15729e-006, 0.998895, 0.0469958, -0.0142993, -0.0469911, 0.998793, 0.00313106  
272, -21.2819, 189.739, 181.033, 0.999915, -0.00247318, 0.0127785, 0.00190878, 0.99903, 0.0439925, -0.0128749, -0.0439644, 0.99895, 0.00284536  
273, -21.631, 191.432, 180.993, 0.99993, -0.00327775, 0.0113529, 0.00279637, 0.999107, 0.0421611, -0.0114809, -0.0421264, 0.999046, 0.00292414  
274, -21.9289, 193.037, 180.926, 0.999959, -0.00390916, 0.00810677, 0.00366717, 0.999554, 0.0296527, -0.00821907, -0.0296218, 0.999527, 0.00276825  
