0, -19.9889, -14.9038, 179.968, 0.999997, -0.000990259, -0.0020823, 0.000987391, 0.999999, -0.00137774, 0.00208367, 0.00137568, 0.999997, 0.0416841  
1, -19.9666, -14.9125, 179.955, 0.999998, -0.00050072, -0.00208232, 0.000495964, 0.999997, -0.00228386, 0.00208345, 0.00228282, 0.999995, 0.0027799  
2, -19.948, -14.9211, 179.967, 0.999998, -0.000155457, -0.00211957, 0.000152159, 0.999999, -0.0015559, 0.00211981, 0.00155558, 0.999997, 0.00258462  
3, -19.9439, -14.9041, 179.95, 0.999999, -0.000290084, -0.0011012, 0.000288146, 0.999998, -0.00175984, 0.00110171, 0.00175952, 0.999998, 0.00289695  
4, -19.9646, -14.9063, 179.959, 0.999998, -0.00034949, -0.00207027, 0.000346657, 0.999999, -0.00136834, 0.00207074, 0.00136762, 0.999997, 0.00302122  
5, -19.9651, -14.9352, 179.96, 0.999999, 0.000226972, -0.00118556, -0.000229149, 0.999998, -0.00183659, 0.00118514, 0.00183686, 0.999998, 0.00290666  
6, -19.9856, -14.9465, 179.97, 0.999999, 5.13183e-005, -0.00134995, -5.2138e-005, 1, -0.000607188, 0.00134992, 0.000607258, 0.999999, 0.00355906  
7, -19.9818, -14.9609, 179.965, 1, 0.000549936, -0.000585699, -0.000550116, 1, -0.000306911, 0.00058553, 0.000307233, 1, 0.00288725  
8, -19.9966, -14.9733, 179.963, 0.999999, -0.000172764, -0.00128868, 0.000170902, 0.999999, -0.00144477, 0.00128893, 0.00144455, 0.999998, 0.0029724  
9, -19.9957, -14.9585, 179.953, 0.999998, -3.29835e-005, -0.00218278, 3.02079e-005, 0.999999, -0.0012716, 0.00218282, 0.00127153, 0.999997, 0.00308002  
10, -19.9924, -14.9213, 179.958, 0.999998, -0.000560877, -0.00174506, 0.00055848, 0.999999, -0.00137356, 0.00174583, 0.00137258, 0.999998, 0.00289751  
11, -19.9933, -14.8898, 179.94, 0.999998, -0.000601184, -0.00177924, 0.000597724, 0.999998, -0.00194443, 0.00178041, 0.00194337, 0.999997, 0.00290444  
12, -19.9755, -14.8935, 179.934, 0.999999, -0.000629406, -0.00140131, 0.000627051, 0.999998, -0.00168018, 0.00140237, 0.0016793, 0.999998, 0.00304064  
13, -19.996, -14.9112, 179.94, 0.999998, -0.000710967, -0.00203549, 0.000706649, 0.999998, -0.00212142, 0.00203699, 0.00211998, 0.999996, 0.0029111  
14, -19.9876, -14.8865, 179.963, 0.999996, -0.00105557, -0.00247706, 0.00105264, 0.999999, -0.00118155, 0.0024783, 0.00117894, 0.999996, 0.00292525  
15, -19.995, -14.8916, 179.95, 0.999998, -0.000643238, -0.00212699, 0.000639545, 0.999998, -0.00173668, 0.0021281, 0.00173531, 0.999996, 0.00287144  
16, -19.9654, -14.9155, 179.952, 0.999998, -0.000776687, -0.00171495, 0.000774364, 0.999999, -0.00135452, 0.001716, 0.00135319, 0.999998, 0.00289446  
17, -19.9681, -14.9052, 179.975, 0.999998, -8.83473e-005, -0.00210669, 8.55643e-005, 0.999999, -0.00132106, 0.0021068, 0.00132088, 0.999997, 0.00288225  
18, -19.9671, -14.9043, 179.956, 0.999999, 3.22045e-005, -0.0016373, -3.51919e-005, 0.999998, -0.0018246, 0.00163724, 0.00182466, 0.999997, 0.00290805  
19, -19.993, -14.8999, 179.921, 0.999999, 2.96516e-006, -0.00111003, -5.19762e-006, 0.999998, -0.00201117, 0.00111002, 0.00201118, 0.999997, 0.0029369  
20, -19.9569, -14.8956, 179.96, 0.999997, -0.000673791, -0.00228584, 0.000670056, 0.999998, -0.00163432, 0.00228693, 0.00163279, 0.999996, 0.0028412  
21, -19.994, -14.9059, 179.963, 0.999998, -0.000593501, -0.00166724, 0.000590604, 0.999998, -0.00173738, 0.00166826, 0.00173639, 0.999997, 0.00289168  
22, -19.9786, -14.9013, 179.926, 0.999997, -0.00045962, -0.00230941, 0.000453301, 0.999996, -0.00273628, 0.00231066, 0.00273523, 0.999994, 0.00285646  
23, -19.9364, -14.9511, 179.961, 0.999995, 0.00109498, -0.00289172, -0.00110042, 0.999998, -0.00187987, 0.00288966, 0.00188304, 0.999994, 0.00299598  
24, -19.9727, -14.8914, 179.955, 0.999998, -2.15375e-005, -0.00184709, 1.83524e-005, 0.999999, -0.0017244, 0.00184712, 0.00172436, 0.999997, 0.00301845  
25, -19.9539, -14.8912, 179.956, 0.999997, -0.000239041, -0.00233288, 0.0002353, 0.999999, -0.00160369, 0.00233326, 0.00160313, 0.999996, 0.00286755  
26, -19.9699, -14.9085, 179.94, 0.999999, -0.000281604, -0.00156474, 0.000278625, 0.999998, -0.00190354, 0.00156527, 0.00190311, 0.999997, 0.0028792  
27, -19.9747, -14.9047, 179.935, 0.999998, -0.000127851, -0.0020724, 0.000123919, 0.999998, -0.00189739, 0.00207264, 0.00189713, 0.999996, 0.00286949  
28, -19.9769, -14.9273, 179.94, 0.999999, -0.000265134, -0.00118308, 0.000264585, 1, -0.000463938, 0.0011832, 0.000463625, 0.999999, 0.00296713  
29, -19.9704, -14.9044, 179.949, 0.999999, -0.000281069, -0.00140043, 0.000279202, 0.999999, -0.00133366, 0.0014008, 0.00133326, 0.999998, 0.00299293  
30, -19.9683, -14.9182, 179.935, 0.999998, -0.000684553, -0.00207687, 0.000681287, 0.999999, -0.00157292, 0.00207794, 0.0015715, 0.999997, 0.00284786  
31, -19.9833, -14.925, 179.936, 0.999998, -0.000330921, -0.00193983, 0.000328421, 0.999999, -0.00128902, 0.00194025, 0.00128838, 0.999997, 0.00292968  
32, -19.963, -14.9106, 179.946, 0.999999, -0.000662965, -0.00158253, 0.00065995, 0.999998, -0.00190459, 0.00158379, 0.00190355, 0.999997, 0.00294827  
33, -19.959, -14.9096, 179.946, 0.999999, -0.000658269, -0.00118708, 0.000656454, 0.999999, -0.00152908, 0.00118809, 0.00152829, 0.999998, 0.00304424  
34, -19.989, -14.9032, 179.938, 0.999999, -0.000685723, -0.00130541, 0.000683452, 0.999998, -0.001739, 0.0013066, 0.0017381, 0.999998, 0.00305062  
35, -19.9078, -14.9519, 179.99, 0.999995, 0.00033657, -0.00308077, -0.000340753, 0.999999, -0.0013572, 0.00308031, 0.00135825, 0.999994, 0.00292552  
36, -19.9528, -14.8986, 179.938, 0.999997, -0.0006338, -0.00228526, 0.000630719, 0.999999, -0.00134869, 0.00228611, 0.00134725, 0.999996, 0.00293079  
37, -19.9241, -14.9652, 179.979, 0.999997, 0.00104006, -0.00212957, -0.00104123, 0.999999, -0.000545194, 0.002129, 0.00054741, 0.999998, 0.00292247  
38, -19.9569, -14.9089, 179.932, 0.999998, -0.000431313, -0.00170733, 0.000429522, 0.999999, -0.00104968, 0.00170778, 0.00104894, 0.999998, 0.00309195  
39, -19.9589, -14.9023, 179.945, 0.999999, -0.000368234, -0.00145579, 0.000365885, 0.999999, -0.00161346, 0.00145638, 0.00161292, 0.999998, 0.00299099  
40, -19.9553, -14.8841, 179.933, 0.999997, -0.00082445, -0.00219307, 0.000819778, 0.999997, -0.00213063, 0.00219482, 0.00212883, 0.999995, 0.00297268  
41, -19.9717, -14.9036, 179.93, 0.999998, -0.00130295, -0.00117076, 0.00130216, 0.999999, -0.0006749, 0.00117164, 0.000673374, 0.999999, 0.00295493  
42, -19.9831, -14.9032, 179.934, 0.999998, -0.00109247, -0.00154843, 0.00109005, 0.999998, -0.00156788, 0.00155014, 0.00156619, 0.999998, 0.00296658  
43, -19.9971, -14.917, 179.947, 0.999999, -0.000593845, -0.00138031, 0.000591429, 0.999998, -0.00175044, 0.00138134, 0.00174963, 0.999998, 0.00299043  
44, -19.9634, -14.88, 179.964, 0.999999, -0.000238, -0.00169993, 0.000234183, 0.999997, -0.00224531, 0.00170046, 0.00224491, 0.999996, 0.00382063  
45, -19.9657, -14.9018, 179.963, 0.999999, 0.000119877, -0.00102904, -0.000121252, 0.999999, -0.00133606, 0.00102888, 0.00133618, 0.999999, 0.00294966  
46, -19.974, -14.896, 179.96, 1, -0.000627656, -0.000668306, 0.000626968, 0.999999, -0.00102986, 0.000668952, 0.00102945, 0.999999, 0.00296269  
47, -19.9623, -14.9047, 179.956, 0.999999, -0.000272968, -0.00170954, 0.000269661, 0.999998, -0.00193441, 0.00171006, 0.00193394, 0.999997, 0.00300014  
48, -19.9604, -14.9045, 179.936, 0.999999, -0.00071764, -0.00150355, 0.000715801, 0.999999, -0.0012232, 0.00150442, 0.00122212, 0.999998, 0.00301401  
49, -19.9609, -14.9025, 179.952, 0.999998, -4.21931e-005, -0.0019594, 3.63205e-005, 0.999996, -0.00299711, 0.00195952, 0.00299703, 0.999994, 0.0030276  
50, -19.9701, -14.9157, 179.963, 0.999998, -5.90158e-005, -0.00176996, 5.51409e-005, 0.999998, -0.00218925, 0.00177009, 0.00218915, 0.999996, 0.00284342  
51, -19.9718, -14.9123, 179.969, 0.999999, -0.000295322, -0.00165985, 0.00029224, 0.999998, -0.00185683, 0.00166039, 0.00185634, 0.999997, 0.00296491  
52, -19.9871, -14.9111, 179.952, 0.999998, -0.000289866, -0.00208724, 0.00028691, 0.999999, -0.00141631, 0.00208765, 0.00141571, 0.999997, 0.00298322  
53, -19.997, -14.9173, 179.972, 0.999999, -0.000162222, -0.00160034, 0.00015989, 0.999999, -0.00145718, 0.00160057, 0.00145692, 0.999998, 0.00294439  
54, -19.9755, -14.9122, 179.941, 0.999999, -0.000502678, -0.0011153, 0.000500623, 0.999998, -0.00184267, 0.00111622, 0.00184211, 0.999998, 0.00308696  
55, -19.9726, -14.9333, 179.962, 1, -0.000516447, -0.00071699, 0.000515899, 1, -0.000764152, 0.000717384, 0.000763782, 0.999999, 0.0029172  
56, -19.9503, -14.9139, 179.977, 0.999997, -0.000291401, -0.00236342, 0.000287113, 0.999998, -0.00181459, 0.00236394, 0.0018139, 0.999996, 0.00296519  
57, -19.9483, -14.9157, 179.953, 0.999998, -6.59578e-005, -0.00174497, 6.21096e-005, 0.999998, -0.00220528, 0.00174511, 0.00220517, 0.999996, 0.00291471  
58, -19.9704, -14.9229, 179.948, 0.999998, -0.000545836, -0.00173966, 0.000541217, 0.999996, -0.0026545, 0.0017411, 0.00265356, 0.999995, 0.00291387  
59, -19.963, -14.9292, 179.95, 0.999999, -0.000256853, -0.00170097, 0.000253945, 0.999999, -0.00170929, 0.0017014, 0.00170885, 0.999997, 0.00365864  
60, -19.983, -14.9029, 179.964, 0.999998, -0.000120649, -0.00188948, 0.000118857, 1, -0.000948627, 0.00188959, 0.000948401, 0.999998, 0.00298488  
61, -19.9595, -14.9185, 179.964, 0.999998, -5.01742e-005, -0.00216225, 4.64103e-005, 0.999998, -0.00174074, 0.00216233, 0.00174064, 0.999996, 0.00368721  
62, -19.9758, -14.8979, 179.948, 0.999999, 2.50618e-005, -0.0015351, -2.768e-005, 0.999999, -0.00170555, 0.00153505, 0.00170559, 0.999997, 0.00294799  
63, -19.9595, -14.8927, 179.947, 0.999997, -0.000338717, -0.00228523, 0.000335774, 0.999999, -0.00128835, 0.00228566, 0.00128758, 0.999997, 0.00286644  
64, -19.9753, -14.9131, 179.938, 0.999997, -0.000261751, -0.00222655, 0.0002568, 0.999997, -0.00222371, 0.00222712, 0.00222313, 0.999995, 0.00354769  
65, -19.9529, -14.9022, 179.948, 0.999998, -0.000397698, -0.00173859, 0.000394916, 0.999999, -0.00160024, 0.00173922, 0.00159955, 0.999997, 0.00291831  
66, -19.9639, -14.9056, 179.955, 0.999998, -0.00079851, -0.00164628, 0.000796615, 0.999999, -0.00115148, 0.00164719, 0.00115017, 0.999998, 0.00288031  
67, -19.9458, -14.8915, 179.954, 0.999998, -0.00072031, -0.00173629, 0.000716948, 0.999998, -0.00193625, 0.00173768, 0.001935, 0.999997, 0.00303842  
68, -19.9861, -14.9175, 179.946, 1, 0.000131862, -0.00090914, -0.000132985, 0.999999, -0.0012348, 0.000908976, 0.00123492, 0.999999, 0.00291498  
69, -19.9115, -14.9661, 179.986, 0.999996, 0.000809016, -0.00285694, -0.000813591, 0.999998, -0.0016007, 0.00285564, 0.00160302, 0.999995, 0.00374435  
70, -19.9726, -14.913, 179.947, 0.999998, -0.000176281, -0.00188195, 0.000173598, 0.999999, -0.00142578, 0.0018822, 0.00142545, 0.999997, 0.00282234  
71, -19.9776, -14.9422, 179.939, 0.999999, -0.00039186, -0.0013667, 0.000390005, 0.999999, -0.00135731, 0.00136723, 0.00135678, 0.999998, 0.00286811  
72, -19.9749, -14.9261, 179.944, 0.999999, -0.000212144, -0.0013758, 0.00021077, 0.999999, -0.000998767, 0.00137601, 0.000998476, 0.999999, 0.00291803  
73, -19.9608, -14.9308, 179.939, 0.999997, 4.20245e-005, -0.00227734, -4.5453e-005, 0.999999, -0.00150543, 0.00227728, 0.00150553, 0.999996, 0.00298488  
74, -19.9392, -14.9813, 179.962, 0.999997, 0.00081168, -0.00211285, -0.00081327, 0.999999, -0.000751649, 0.00211224, 0.000753366, 0.999997, 0.00299071  
75, -19.984, -14.9445, 179.928, 0.999999, 0.000129747, -0.00121103, -0.000132347, 0.999998, -0.00214707, 0.00121075, 0.00214723, 0.999997, 0.00284481  
76, -19.9876, -14.9229, 179.94, 0.999999, 8.3989e-005, -0.00171675, -8.67373e-005, 0.999999, -0.00160085, 0.00171662, 0.00160099, 0.999997, 0.00286949  
77, -19.9803, -14.9149, 179.939, 0.999998, -0.000228298, -0.00181529, 0.000222373, 0.999995, -0.00326384, 0.00181602, 0.00326343, 0.999993, 0.00292053  
78, -19.9668, -14.9164, 179.944, 0.999999, -0.000172831, -0.00149769, 0.000170355, 0.999999, -0.00165356, 0.00149797, 0.0016533, 0.999998, 0.00289584  
79, -19.9851, -14.9162, 179.941, 0.999999, -0.000120264, -0.00149831, 0.000117843, 0.999999, -0.00161559, 0.0014985, 0.00161541, 0.999998, 0.00297434  
80, -19.9478, -14.964, 179.969, 0.999996, 0.00100704, -0.00245126, -0.00100991, 0.999999, -0.00117118, 0.00245008, 0.00117366, 0.999996, 0.00285646  
81, -19.9833, -14.9096, 179.953, 0.999999, 0.000267506, -0.00105304, -0.000268914, 0.999999, -0.00133724, 0.00105268, 0.00133752, 0.999999, 0.00288503  
82, -19.9893, -14.9096, 179.947, 0.999998, -0.00029594, -0.00177734, 0.000292611, 0.999998, -0.00187262, 0.00177789, 0.0018721, 0.999997, 0.00287282  
83, -19.9635, -14.9172, 179.96, 0.999998, -2.99377e-005, -0.0018853, 2.80174e-005, 0.999999, -0.0010186, 0.00188533, 0.00101854, 0.999998, 0.00298655  
84, -19.9752, -14.9118, 179.956, 0.999999, 0.000111307, -0.00134782, -0.000113229, 0.999999, -0.00142578, 0.00134766, 0.00142593, 0.999998, 0.00315214  
85, -19.9718, -14.9051, 179.942, 0.999997, -0.000194266, -0.00235345, 0.000188508, 0.999997, -0.00244623, 0.00235391, 0.00244578, 0.999994, 0.00307226  
86, -19.9705, -14.9028, 179.944, 0.999997, 0.000179767, -0.00235176, -0.000184348, 0.999998, -0.001948, 0.00235141, 0.00194843, 0.999995, 0.00309334  
87, -19.9775, -14.9063, 179.925, 0.999999, 0.000374252, -0.00124826, -0.000376345, 0.999999, -0.00167634, 0.00124763, 0.00167681, 0.999998, 0.00305756  
88, -19.964, -14.9085, 179.931, 0.999999, 0.000190022, -0.00160741, -0.000191388, 1, -0.000850005, 0.00160725, 0.000850312, 0.999998, 0.00307614  
89, -19.9616, -14.912, 179.93, 0.999998, -6.02746e-005, -0.00208615, 5.63168e-005, 0.999998, -0.00189717, 0.00208626, 0.00189705, 0.999996, 0.00308474  
90, -19.974, -14.9143, 179.928, 1, -0.00048962, -0.000848631, 0.000488478, 0.999999, -0.00134525, 0.000849289, 0.00134484, 0.999999, 0.00297101  
91, -20.0012, -14.914, 179.932, 1, 0.000103225, -0.000689999, -0.000103709, 1, -0.000701202, 0.000689926, 0.000701274, 1, 0.00322676  
92, -19.9687, -14.9066, 179.922, 0.999998, -6.32359e-005, -0.00214877, 5.84604e-005, 0.999998, -0.00222241, 0.00214891, 0.00222228, 0.999995, 0.00296103  
93, -19.9779, -14.8992, 179.941, 0.999998, -2.17987e-005, -0.00214166, 1.51556e-005, 0.999995, -0.00310182, 0.00214171, 0.00310178, 0.999993, 0.00288308  
94, -19.9827, -14.9118, 179.941, 0.999999, 0.000369077, -0.00142442, -0.000371281, 0.999999, -0.00154719, 0.00142385, 0.00154772, 0.999998, 0.00299459  
95, -19.9828, -14.9164, 179.918, 0.999999, 0.00013018, -0.00136414, -0.00013289, 0.999998, -0.00198671, 0.00136388, 0.00198689, 0.999997, 0.00285341  
96, -19.9768, -14.9148, 179.922, 0.999999, -0.000542874, -0.00112647, 0.000542696, 1, -0.000157483, 0.00112655, 0.000156872, 0.999999, 0.00305534  
97, -19.9748, -14.9259, 179.937, 0.999998, -0.000126851, -0.00192542, 0.000124432, 0.999999, -0.00125605, 0.00192558, 0.0012558, 0.999997, 0.0030484  
98, -19.9733, -14.9192, 179.938, 0.999999, -0.000292479, -0.00159817, 0.000290825, 0.999999, -0.00103488, 0.00159847, 0.00103441, 0.999998, 0.0031269  
99, -19.9782, -14.9148, 179.919, 0.999998, -0.000117154, -0.00185585, 0.000111618, 0.999996, -0.00298287, 0.0018562, 0.00298266, 0.999994, 0.00302399  
100, -19.9487, -14.9122, 179.937, 0.999999, -0.00015347, -0.0015955, 0.000150088, 0.999998, -0.00211952, 0.00159582, 0.00211928, 0.999996, 0.00323147  
101, -19.9764, -14.9172, 179.952, 0.999998, -0.000368742, -0.00180087, 0.000365553, 0.999998, -0.00177085, 0.00180152, 0.00177019, 0.999997, 0.00304424  
102, -19.9716, -14.9201, 179.96, 0.999998, -0.0002924, -0.0018849, 0.000289848, 0.999999, -0.00135437, 0.00188529, 0.00135383, 0.999997, 0.00291998  
103, -19.9656, -14.9033, 179.958, 0.999998, -9.22976e-005, -0.00188963, 8.86165e-005, 0.999998, -0.00194804, 0.00188981, 0.00194787, 0.999996, 0.00368832  
104, -19.9901, -14.9363, 179.948, 0.999999, -0.000188198, -0.00116306, 0.000186597, 0.999999, -0.00137681, 0.00116331, 0.00137659, 0.999998, 0.00326781  
105, -19.9518, -14.9104, 179.947, 0.999999, -0.000295682, -0.00150075, 0.000292559, 0.999998, -0.00208065, 0.00150136, 0.00208021, 0.999997, 0.00294189  
106, -19.9639, -14.9224, 179.971, 0.999997, -0.000455525, -0.00230084, 0.000450692, 0.999998, -0.00210089, 0.00230179, 0.00209984, 0.999995, 0.00292636  
107, -19.9107, -14.9564, 179.997, 0.999994, 0.00065616, -0.00333098, -0.000661918, 0.999998, -0.00172761, 0.00332984, 0.00172981, 0.999993, 0.00287781  
108, -19.9778, -14.9246, 179.961, 0.999998, -0.000151498, -0.00198569, 0.000146779, 0.999997, -0.00237608, 0.00198604, 0.00237579, 0.999995, 0.00296408  
109, -19.967, -14.9062, 179.967, 0.999998, -0.00068459, -0.0018402, 0.000681258, 0.999998, -0.0018107, 0.00184144, 0.00180944, 0.999997, 0.00293801  
110, -19.942, -14.9235, 179.958, 0.999998, -0.00074665, -0.0017701, 0.000743296, 0.999998, -0.00189476, 0.00177152, 0.00189345, 0.999997, 0.0028057  
111, -19.954, -14.9053, 179.944, 0.999997, -0.000451484, -0.00251588, 0.00044784, 0.999999, -0.00144859, 0.00251653, 0.00144746, 0.999996, 0.00285424  
112, -19.9668, -14.8886, 179.946, 0.999999, -0.000517776, -0.00123201, 0.000515692, 0.999998, -0.0016913, 0.00123289, 0.00169066, 0.999998, 0.00303648  
113, -19.9557, -14.8938, 179.956, 0.999998, -0.000421422, -0.00214843, 0.000418244, 0.999999, -0.00147967, 0.00214905, 0.00147877, 0.999997, 0.00284592  
114, -19.9675, -14.9203, 179.966, 0.999999, -0.000257715, -0.000974229, 0.000255769, 0.999998, -0.00199711, 0.000974742, 0.00199686, 0.999998, 0.00296186  
115, -19.9679, -14.9237, 179.963, 0.999999, -0.000556315, -0.00136996, 0.000553308, 0.999997, -0.00219474, 0.00137117, 0.00219398, 0.999997, 0.00278434  
116, -19.9887, -14.9117, 179.947, 0.999999, -0.000233321, -0.00128198, 0.000230374, 0.999997, -0.00229867, 0.00128251, 0.00229837, 0.999997, 0.00287393  
117, -19.9025, -14.9659, 180.005, 0.999997, 0.00102985, -0.00199454, -0.00103411, 0.999997, -0.0021359, 0.00199234, 0.00213796, 0.999996, 0.00287199  
118, -19.9723, -14.91, 179.956, 0.999999, 0.000366933, -0.00130837, -0.0003705, 0.999996, -0.0027273, 0.00130737, 0.00272778, 0.999995, 0.00292636  
119, -19.9224, -14.9504, 179.967, 0.999995, 0.00139945, -0.00278738, -0.0014077, 0.999995, -0.00296105, 0.00278322, 0.00296496, 0.999992, 0.00293634  
120, -19.8903, -14.9216, 179.979, 0.999995, 0.00107389, -0.00296438, -0.0010813, 0.999996, -0.0024996, 0.00296168, 0.00250279, 0.999992, 0.00299182  
121, -19.9627, -14.8857, 179.95, 0.999999, 0.000326826, -0.0012062, -0.000331182, 0.999993, -0.00361314, 0.00120501, 0.00361353, 0.999993, 0.00286422  
122, -19.9483, -14.9623, 179.934, 0.999999, 0.00070102, -0.000796054, -0.000705466, 0.999984, -0.00559804, 0.000792117, 0.0055986, 0.999984, 0.00286311  
123, -19.9746, -15.0627, 179.952, 1, 0.000514057, -0.000613641, -0.000518799, 0.99997, -0.00775354, 0.000609636, 0.00775385, 0.99997, 0.00295742  
124, -19.9639, -15.1247, 179.957, 1, 0.000783439, -0.000339099, -0.000786698, 0.999952, -0.0097206, 0.000331467, 0.00972086, 0.999953, 0.00380038  
125, -19.995, -15.202, 179.909, 1, 0.000450162, 0.000340651, -0.000445961, 0.999925, -0.0122324, -0.000346132, 0.0122322, 0.999925, 0.00292802  
126, -19.9477, -15.3391, 180.002, 0.999999, 0.00129912, -0.00107148, -0.00131298, 0.999914, -0.0130423, 0.00105445, 0.0130437, 0.999914, 0.00290139  
127, -19.9284, -15.4599, 179.972, 0.999999, 0.00122767, -0.0011889, -0.00124735, 0.99986, -0.0167022, 0.00116823, 0.0167037, 0.99986, 0.00317211  
128, -19.9631, -15.4324, 179.916, 1, 0.000264618, 0.000860372, -0.000247487, 0.999803, -0.0198507, -0.000865456, 0.0198505, 0.999803, 0.00297296  
129, -19.9363, -15.5786, 179.912, 1, -0.00017037, 0.00031651, 0.000178309, 0.999681, -0.0252566, -0.000312106, 0.0252566, 0.999681, 0.0034151  
130, -19.8523, -15.8628, 179.97, 0.999999, 0.00132108, -0.000487875, -0.00133481, 0.999569, -0.0293104, 0.000448944, 0.029311, 0.99957, 0.00288059  
131, -19.8707, -15.9918, 179.942, 0.999999, 0.000961947, -0.00125251, -0.00100349, 0.999435, -0.033597, 0.00121948, 0.0335982, 0.999435, 0.00292081  
132, -19.8475, -16.0744, 179.934, 0.999999, 0.00147533, -0.000607422, -0.00149638, 0.999342, -0.0362501, 0.000553542, 0.036251, 0.999343, 0.00290583  
133, -19.8385, -16.2788, 179.97, 0.999999, 0.00111715, -0.000319712, -0.00112971, 0.9991, -0.0424037, 0.000272053, 0.0424041, 0.999101, 0.00295409  
134, -19.8931, -16.3423, 179.962, 0.999998, 0.00160419, 0.000901244, -0.00156154, 0.998964, -0.045484, -0.000973275, 0.0454825, 0.998965, 0.00318515  
135, -19.8742, -16.3959, 179.977, 0.999999, 0.00104234, 0.000501774, -0.00101598, 0.998752, -0.0499409, -0.000553203, 0.0499404, 0.998752, 0.00320124  
136, -19.8738, -16.4443, 180.009, 0.999999, 0.000883343, 0.000556536, -0.000852038, 0.998544, -0.0539393, -0.000603373, 0.0539388, 0.998544, 0.00295936  
137, -19.8683, -16.4487, 180.041, 0.999997, 0.00134905, 0.0019265, -0.00123731, 0.998381, -0.0568672, -0.0020001, 0.0568647, 0.99838, 0.00287587  
138, -19.8804, -16.4783, 180.013, 0.999999, 0.0012048, 0.000231701, -0.00118778, 0.998007, -0.0630864, -0.000307246, 0.0630861, 0.998008, 0.00284397  
139, -19.8717, -16.5225, 180.024, 0.999999, 0.00122952, 0.000373736, -0.00120175, 0.997757, -0.0669257, -0.000455184, 0.0669252, 0.997758, 0.00308529  
140, -19.8962, -16.6045, 179.995, 0.999999, 0.00115007, -0.000217828, -0.00116306, 0.997246, -0.0741525, 0.000131947, 0.0741527, 0.997247, 0.00274883  
141, -19.9062, -16.5871, 180.021, 1, 0.000764281, 0.000348184, -0.000734851, 0.996964, -0.0778624, -0.000406636, 0.0778621, 0.996964, 0.00289335  
142, -19.9312, -16.5152, 180.055, 1, 0.000898386, 0.000180031, -0.000880925, 0.996737, -0.0807089, -0.000251952, 0.0807087, 0.996738, 0.00300264  
143, -19.9085, -16.4349, 180.04, 0.999999, 0.000816863, -0.000616314, -0.000866978, 0.996273, -0.0862535, 0.00054356, 0.0862539, 0.996273, 0.00306283  
144, -19.95, -16.4213, 180.027, 1, -0.000408358, 0.000358641, 0.000439702, 0.995736, -0.0922525, -0.00031944, 0.0922526, 0.995736, 0.00311997  
145, -19.9692, -16.3824, 179.994, 0.999999, 0.000128878, 0.00103553, -2.88894e-005, 0.995383, -0.0959838, -0.00104312, 0.0959837, 0.995382, 0.00295715  
146, -20.0176, -16.3148, 179.991, 0.999999, -1.35219e-005, 0.00109306, 0.000123292, 0.994938, -0.100487, -0.00108617, 0.100487, 0.994938, 0.00293856  
147, -20.0776, -16.1638, 180.012, 1, -0.000114205, 0.000150815, 0.000129531, 0.994379, -0.105875, -0.000137876, 0.105875, 0.994379, 0.00299099  
148, -20.1432, -15.9992, 179.974, 1, -0.000174487, 0.000810884, 0.000261804, 0.994046, -0.108962, -0.000787043, 0.108963, 0.994046, 0.00306727  
149, -20.1956, -15.8398, 179.954, 1, 0.000678366, 0.000300627, -0.000639483, 0.993423, -0.114501, -0.000376323, 0.114501, 0.993423, 0.00303537  
150, -20.2702, -15.7298, 179.957, 1, -0.000238131, 0.000866392, 0.000338628, 0.993024, -0.117912, -0.00083227, 0.117912, 0.993024, 0.00289085  
151, -20.3342, -15.554, 179.922, 1, -0.000917142, 0.000347323, 0.000952914, 0.992398, -0.123066, -0.000231814, 0.123066, 0.992398, 0.00288669  
152, -20.4174, -15.2804, 179.945, 0.999998, -0.00174737, -0.000501077, 0.00166991, 0.991959, -0.126549, 0.000718176, 0.126548, 0.99196, 0.00302649  
153, -20.5284, -14.9829, 179.933, 0.999996, -0.00270851, 0.000295658, 0.00272388, 0.991345, -0.131253, 6.23998e-005, 0.131253, 0.991349, 0.00325921  
154, -20.7713, -14.2323, 179.94, 0.999994, -0.00359391, 0.000164396, 0.00358231, 0.990467, -0.137702, 0.000332059, 0.137701, 0.990474, 0.00283205  
155, -21.0271, -13.4054, 179.876, 0.999993, -0.003695, -0.00021126, 0.00362494, 0.989352, -0.145498, 0.000746628, 0.145497, 0.989358, 0.00301123  
156, -21.1533, -12.712, 179.909, 0.99999, -0.00395596, -0.00196479, 0.00362897, 0.989408, -0.145117, 0.00251806, 0.145108, 0.989413, 0.00276825  
157, -21.3403, -12.0967, 179.859, 0.999993, -0.00351412, -0.00124959, 0.0032915, 0.989067, -0.147429, 0.00175401, 0.147423, 0.989072, 0.00296214  
158, -21.5145, -11.405, 179.824, 0.999989, -0.00375079, -0.00264074, 0.00331145, 0.988642, -0.150253, 0.00317432, 0.150243, 0.988644, 0.00284897  
159, -21.717, -10.7293, 179.77, 0.999988, -0.00319205, -0.0036541, 0.00259387, 0.988165, -0.15337, 0.00410042, 0.153358, 0.988162, 0.00298738  
160, -21.853, -9.8015, 179.767, 0.999979, -0.003504, -0.00547239, 0.00262473, 0.988202, -0.153131, 0.0059444, 0.153113, 0.988191, 0.00289473  
161, -22.1021, -8.94258, 179.724, 0.999978, -0.00313001, -0.00589411, 0.00218804, 0.988142, -0.153527, 0.00630476, 0.153511, 0.988127, 0.00285507  
162, -22.1732, -7.90635, 179.754, 0.999961, -0.00406584, -0.00784083, 0.00278902, 0.987679, -0.156468, 0.0083804, 0.15644, 0.987652, 0.00303037  
163, -22.2866, -6.99196, 179.725, 0.999964, -0.00472137, -0.00709904, 0.00354001, 0.987422, -0.158064, 0.00775603, 0.158033, 0.987403, 0.00289168  
164, -22.4169, -5.95032, 179.753, 0.99996, -0.00485383, -0.00748247, 0.00358534, 0.986936, -0.161073, 0.00816654, 0.16104, 0.986914, 0.0025935  
165, -22.5555, -4.76387, 179.818, 0.999963, -0.00311785, -0.00803234, 0.00180689, 0.987386, -0.158322, 0.00842464, 0.158301, 0.987355, 0.00287476  
166, -22.6776, -3.68795, 179.833, 0.99996, -0.00378915, -0.00806969, 0.00244117, 0.986962, -0.160932, 0.00857427, 0.160906, 0.986932, 0.00294328  
167, -22.8286, -2.60918, 179.8, 0.999948, -0.00372409, -0.00944866, 0.00210048, 0.986064, -0.166354, 0.0099365, 0.166325, 0.986021, 0.00305312  
168, -22.9662, -1.4623, 179.812, 0.999935, -0.00474583, -0.0103439, 0.00295111, 0.98594, -0.167073, 0.0109914, 0.167031, 0.98589, 0.00315797  
169, -23.2161, -0.221356, 179.821, 0.999953, -0.00404086, -0.00885662, 0.00251472, 0.986123, -0.165998, 0.00940449, 0.165968, 0.986086, 0.0030018  
170, -23.4228, 1.02217, 179.832, 0.999936, -0.0044734, -0.0104114, 0.00267841, 0.98605, -0.166429, 0.0110106, 0.16639, 0.985998, 0.00285812  
171, -23.6972, 2.31793, 179.815, 0.999923, -0.00243411, -0.0121907, 0.00034984, 0.985764, -0.168132, 0.0124264, 0.168115, 0.985689, 0.00297101  
172, -23.9635, 3.73018, 179.784, 0.999906, -0.00233076, -0.0135071, 4.01893e-005, 0.985931, -0.167155, 0.0137066, 0.167139, 0.985838, 0.00300596  
173, -24.2291, 5.26181, 179.761, 0.999892, 0.00105286, -0.0146362, -0.00343324, 0.986524, -0.16358, 0.0142668, 0.163613, 0.986421, 0.00313911  
174, -24.5307, 6.79599, 179.718, 0.999867, 0.00206906, -0.0161526, -0.00466902, 0.986676, -0.162631, 0.0156009, 0.162684, 0.986555, 0.00292996  
175, -24.8367, 8.49737, 179.722, 0.999809, 0.00361215, -0.019205, -0.00661515, 0.987307, -0.158687, 0.018388, 0.158784, 0.987142, 0.00297934  
176, -25.0996, 10.2909, 179.705, 0.999777, 0.00382093, -0.0207513, -0.00708431, 0.987165, -0.159549, 0.0198753, 0.159661, 0.986972, 0.00294938  
177, -25.3369, 12.1198, 179.742, 0.999768, 0.00376057, -0.0212033, -0.00701089, 0.987831, -0.155375, 0.020361, 0.155488, 0.987628, 0.00308946  
178, -25.5465, 13.8527, 179.746, 0.999725, 0.00332193, -0.0231977, -0.00691856, 0.987617, -0.156733, 0.0223898, 0.156851, 0.987368, 0.00319625  
179, -25.8424, 15.6921, 179.79, 0.999711, 0.00415138, -0.0236912, -0.0077595, 0.987992, -0.154307, 0.0227661, 0.154447, 0.987739, 0.00295326  
180, -26.0519, 17.6712, 179.794, 0.999698, 0.00381005, -0.024271, -0.00742919, 0.988533, -0.150821, 0.0234181, 0.150956, 0.988263, 0.00293551  
181, -26.3087, 19.6555, 179.833, 0.999705, 0.00568224, -0.0236137, -0.00910025, 0.989055, -0.147267, 0.0225184, 0.147438, 0.988815, 0.00306837  
182, -26.4355, 21.6825, 179.937, 0.999709, 0.00670986, -0.0231776, -0.0100618, 0.988983, -0.147684, 0.0219313, 0.147874, 0.988763, 0.00337488  
183, -26.6789, 23.7827, 179.942, 0.999701, 0.00493019, -0.0239381, -0.00832673, 0.989552, -0.143937, 0.0229784, 0.144093, 0.989297, 0.00285729  
184, -26.8844, 25.8907, 179.878, 0.99961, 0.00413584, -0.0276096, -0.00798667, 0.989997, -0.14086, 0.0267508, 0.141025, 0.989645, 0.00297795  
185, -27.1677, 28.047, 179.83, 0.999535, 0.00491914, -0.0300775, -0.00913046, 0.989892, -0.141528, 0.0290773, 0.141737, 0.989477, 0.00292636  
186, -27.4953, 30.3191, 179.875, 0.999572, 0.00526587, -0.0287765, -0.00901605, 0.991237, -0.13179, 0.0278304, 0.131994, 0.99086, 0.00293107  
187, -27.7327, 32.6602, 179.909, 0.99954, 0.00594057, -0.0297388, -0.00972264, 0.991636, -0.128697, 0.0287255, 0.128927, 0.991238, 0.00307753  
188, -27.9876, 34.9089, 179.874, 0.999486, 0.00491188, -0.0316812, -0.00880126, 0.992265, -0.123822, 0.030828, 0.124038, 0.991799, 0.00310332  
189, -28.1491, 37.3374, 179.887, 0.999372, 0.00439803, -0.0351632, -0.00852875, 0.992953, -0.118202, 0.0343955, 0.118428, 0.992367, 0.00298988  
190, -28.3147, 39.8637, 179.901, 0.999338, 0.00465678, -0.0360766, -0.00869191, 0.993612, -0.112514, 0.0353222, 0.112753, 0.992995, 0.00284453  
191, -28.4591, 42.3932, 179.843, 0.999348, 0.00548416, -0.0356827, -0.00931364, 0.994101, -0.108057, 0.0348797, 0.108319, 0.993504, 0.00314022  
192, -28.676, 44.9154, 179.826, 0.999377, 0.00562038, -0.0348459, -0.00930155, 0.99428, -0.106398, 0.0340486, 0.106656, 0.993713, 0.00305423  
193, -28.7544, 47.6174, 179.896, 0.999298, 0.00477637, -0.0371621, -0.00849835, 0.994885, -0.100652, 0.0364913, 0.100897, 0.994227, 0.00286922  
194, -28.9477, 50.0877, 179.919, 0.999364, 0.00425732, -0.0354132, -0.00757048, 0.995548, -0.0939562, 0.0348555, 0.0941645, 0.994946, 0.00295548  
195, -29.0048, 52.5733, 179.93, 0.999384, 0.00356144, -0.034913, -0.00667513, 0.995966, -0.0894778, 0.0344535, 0.0896557, 0.995377, 0.00286672  
196, -29.1273, 55.2303, 179.927, 0.999412, 0.00561509, -0.0338277, -0.0083762, 0.996594, -0.0820425, 0.0332518, 0.0822776, 0.996055, 0.00296796  
197, -29.0472, 57.8077, 179.978, 0.999312, 0.00464067, -0.0367831, -0.00747228, 0.996986, -0.077222, 0.0363139, 0.0774438, 0.996335, 0.00312857  
198, -28.985, 60.4502, 179.974, 0.999351, 0.00487947, -0.0356778, -0.00740692, 0.997445, -0.0710557, 0.0352399, 0.0712738, 0.996834, 0.00312801  
199, -28.9878, 63.0599, 180.053, 0.999467, 0.0046324, -0.0323235, -0.00670567, 0.997906, -0.0643308, 0.0319578, 0.0645132, 0.997405, 0.0027358  
200, -28.8319, 65.9528, 180.095, 0.999398, 0.0034291, -0.0345358, -0.00547017, 0.998232, -0.0591802, 0.0342719, 0.0593334, 0.99765, 0.00288614  
201, -28.6569, 68.733, 180.253, 0.99936, 0.0016117, -0.0357292, -0.00368473, 0.998308, -0.0580311, 0.0355753, 0.0581256, 0.997675, 0.00296491  
202, -28.5856, 71.3491, 180.266, 0.999422, 0.00110569, -0.0339642, -0.00291899, 0.99857, -0.0533854, 0.0338566, 0.0534537, 0.997996, 0.00319569  
203, -28.527, 74.341, 180.25, 0.999577, 0.0027235, -0.0289705, -0.00392874, 0.999125, -0.0416271, 0.0288318, 0.0417232, 0.998713, 0.00292247  
204, -28.242, 76.9644, 180.138, 0.999529, 0.00273429, -0.0305766, -0.0041057, 0.998984, -0.0448793, 0.0304228, 0.0449837, 0.998524, 0.00292136  
205, -28.0291, 79.78, 180.254, 0.999655, 0.00205314, -0.0261845, -0.00300978, 0.999327, -0.0365477, 0.0260919, 0.0366139, 0.998989, 0.00294993  
206, -27.85, 82.6103, 180.115, 0.999647, 0.00340138, -0.026335, -0.00431026, 0.999394, -0.0345328, 0.0262016, 0.0346341, 0.999057, 0.00296186  
207, -27.6448, 85.3958, 180.112, 0.999714, 0.00185882, -0.0238248, -0.00248147, 0.999655, -0.0261318, 0.023768, 0.0261835, 0.999375, 0.00315353  
208, -27.4668, 88.1638, 180.082, 0.999812, 0.00200859, -0.0192931, -0.0023688, 0.999823, -0.0186661, 0.0192522, 0.0187083, 0.99964, 0.00287532  
209, -27.2183, 91.19, 180.061, 0.999847, 0.00169302, -0.0174214, -0.00188128, 0.99994, -0.0107953, 0.0174021, 0.0108264, 0.99979, 0.0028498  
210, -26.9168, 93.9229, 180.031, 0.999897, 0.00270338, -0.0140678, -0.00276588, 0.999986, -0.00442513, 0.0140557, 0.00446358, 0.999891, 0.00293634  
211, -26.5343, 96.9538, 180.045, 0.999933, 0.00122951, -0.0115082, -0.0011986, 0.999996, 0.00269231, 0.0115114, -0.00267834, 0.99993, 0.00308363  
212, -26.0137, 99.8552, 180.106, 0.999974, -0.00156309, -0.00708556, 0.00166514, 0.999895, 0.0144198, 0.00706227, -0.0144312, 0.999871, 0.00315769  
213, -25.476, 102.775, 180.153, 0.999983, -0.00220625, -0.00545763, 0.00234131, 0.999688, 0.0248667, 0.00540107, -0.024879, 0.999676, 0.00303953  
214, -24.9314, 105.45, 180.183, 0.999996, 0.00214928, -0.0018025, -0.00210833, 0.999746, 0.0224192, 0.00185023, -0.0224153, 0.999747, 0.00292552  
215, -24.3865, 108.513, 180.238, 0.999984, 0.000209638, 0.00561944, -0.000396135, 0.999448, 0.0332072, -0.00560938, -0.0332089, 0.999433, 0.00299847  
216, -23.7487, 111.309, 180.216, 0.99997, 0.00111686, 0.00761623, -0.00141062, 0.999251, 0.0386743, -0.00756733, -0.0386839, 0.999223, 0.00287781  
217, -23.0277, 114.209, 180.312, 0.999951, -0.00257371, 0.00955586, 0.00212147, 0.998891, 0.0470386, -0.00966633, -0.047016, 0.998847, 0.00308557  
218, -22.3255, 116.812, 180.563, 0.999808, -0.00683571, 0.0183535, 0.00592138, 0.998761, 0.0494184, -0.0186686, -0.0493003, 0.99861, 0.00302982  
219, -21.7596, 119.565, 180.52, 0.999702, -0.00420883, 0.0240597, 0.00292656, 0.998586, 0.0530843, -0.0242491, -0.0529981, 0.9983, 0.00301567  
220, -21.0517, 122.439, 180.485, 0.999702, -0.00215431, 0.0243192, 0.000821827, 0.998504, 0.0546691, -0.0244006, -0.0546328, 0.998208, 0.00306921  
221, -20.2581, 125.082, 180.52, 0.999597, -0.00493671, 0.027944, 0.00336912, 0.998432, 0.0558694, -0.028176, -0.0557527, 0.998047, 0.00307697  
222, -19.5645, 127.816, 180.62, 0.999523, -0.00493011, 0.0304721, 0.00306421, 0.998134, 0.060979, -0.0307159, -0.0608566, 0.997674, 0.00327058  
223, -19.0321, 130.378, 180.574, 0.999412, -0.00808349, 0.0333326, 0.00571878, 0.9975, 0.0704376, -0.0338186, -0.0702055, 0.996959, 0.0031907  
224, -18.6122, 133.042, 180.666, 0.999244, -0.00615504, 0.0383946, 0.00333092, 0.997312, 0.0731898, -0.0387419, -0.0730066, 0.996579, 0.0029724  
225, -18.0495, 135.392, 180.758, 0.999063, -0.00801148, 0.0425423, 0.00507664, 0.997628, 0.0686514, -0.0429914, -0.068371, 0.996733, 0.00282234  
226, -17.6787, 138.076, 180.819, 0.998883, -0.00455812, 0.0470316, 0.00111947, 0.99734, 0.0728823, -0.0472387, -0.0727483, 0.996231, 0.00302344  
227, -17.3759, 140.376, 180.62, 0.998943, -0.00482393, 0.045703, 0.0014411, 0.997275, 0.0737632, -0.0459343, -0.0736194, 0.996228, 0.00338514  
228, -17.0879, 143.003, 180.595, 0.998852, -0.000858531, 0.0478961, -0.00278867, 0.997102, 0.0760294, -0.0478226, -0.0760757, 0.995955, 0.00306782  
229, -16.8265, 145.219, 180.705, 0.998561, -0.00537728, 0.053351, 0.00144535, 0.997297, 0.0734659, -0.0536019, -0.0732831, 0.99587, 0.00286644  
230, -16.5023, 147.396, 180.843, 0.998382, -0.00635185, 0.0565136, 0.00205014, 0.997117, 0.0758528, -0.0568325, -0.0756142, 0.995516, 0.00282511  
231, -16.3, 149.857, 180.83, 0.99829, -0.00394949, 0.0583174, -0.000727436, 0.996798, 0.0799596, -0.0584465, -0.0798654, 0.995091, 0.00294494  
232, -16.0443, 152.025, 180.864, 0.998431, -0.00499304, 0.0557675, 0.000821291, 0.997215, 0.0745799, -0.0559845, -0.0744171, 0.995654, 0.00334964  
233, -16.0197, 154.379, 180.797, 0.998274, -0.00506459, 0.058515, 0.000388493, 0.996823, 0.0796494, -0.0587325, -0.0794892, 0.995104, 0.00308224  
234, -15.9257, 156.473, 180.791, 0.998185, -0.00386361, 0.0600952, -0.000807728, 0.996991, 0.0775143, -0.0602139, -0.0774222, 0.995178, 0.00307364  
235, -15.8939, 158.744, 180.754, 0.99825, -0.00109967, 0.0591216, -0.0035474, 0.996913, 0.0784395, -0.0590253, -0.078512, 0.995164, 0.00286977  
236, -15.8105, 160.776, 180.818, 0.998304, -0.00151212, 0.0582039, -0.00292567, 0.997097, 0.076085, -0.05815, -0.0761263, 0.995401, 0.0030301  
237, -15.7807, 162.782, 181.017, 0.998266, -0.00453172, 0.058683, 7.14134e-005, 0.997124, 0.0757869, -0.0588576, -0.0756513, 0.995396, 0.00332162  
238, -15.9139, 165.012, 180.996, 0.998139, -0.0017054, 0.0609614, -0.00305705, 0.996953, 0.0779438, -0.0609086, -0.0779851, 0.995092, 0.00299626  
239, -16.1161, 166.885, 180.882, 0.998125, 0.000236464, 0.0612079, -0.00490401, 0.997087, 0.0761183, -0.0610115, -0.0762757, 0.995218, 0.00298572  
240, -16.3406, 168.8, 180.812, 0.99826, -0.00148346, 0.0589407, -0.0029063, 0.99723, 0.0743222, -0.0588877, -0.0743642, 0.995491, 0.00282955  
241, -16.5792, 170.595, 180.816, 0.998173, -0.00338483, 0.0603284, -0.0011611, 0.997171, 0.0751592, -0.0604121, -0.0750919, 0.995345, 0.00301151  
242, -16.7892, 172.59, 180.83, 0.998296, -0.00281503, 0.0582937, -0.00141147, 0.997379, 0.0723358, -0.0583445, -0.0722948, 0.995675, 0.00313328  
243, -17.1465, 174.607, 180.815, 0.998285, -0.00150458, 0.0585228, -0.00279719, 0.997302, 0.0733546, -0.0584753, -0.0733925, 0.995587, 0.00307309  
244, -17.4628, 176.433, 180.83, 0.998495, -0.0015595, 0.0548188, -0.00217771, 0.99768, 0.068048, -0.0547978, -0.068065, 0.996175, 0.00294272  
245, -17.8706, 178.405, 180.715, 0.998566, -0.00205898, 0.0535004, -0.00148926, 0.997805, 0.0661975, -0.0535192, -0.0661822, 0.996371, 0.00288752  
246, -18.2121, 180.115, 180.741, 0.998657, -0.00316696, 0.0517176, -9.98321e-006, 0.998119, 0.0613133, -0.0518145, -0.0612314, 0.996778, 0.0029896  
247, -18.702, 181.902, 180.762, 0.998642, -0.0014658, 0.0520857, -0.0018575, 0.997967, 0.0636987, -0.0520732, -0.0637089, 0.996609, 0.00335519  
248, -19.1246, 183.252, 180.896, 0.998708, -0.00359695, 0.0506974, 0.000676539, 0.998345, 0.0575046, -0.0508203, -0.057396, 0.997057, 0.0029344  
249, -19.6549, 184.978, 180.951, 0.998836, -0.00404692, 0.0480691, 0.00121577, 0.99827, 0.0587812, -0.0482238, -0.0586543, 0.997113, 0.00296131  
250, -20.132, 186.36, 180.969, 0.998938, -0.00710327, 0.0455347, 0.00461141, 0.998498, 0.0545976, -0.0458541, -0.0543296, 0.99747, 0.00287976  
251, -20.779, 188.145, 181.004, 0.999067, -0.00753757, 0.0425275, 0.00532993, 0.998644, 0.0517876, -0.0428602, -0.0515126, 0.997752, 0.00303953  
252, -21.4859, 189.662, 180.95, 0.999139, -0.00876868, 0.0405412, 0.00661922, 0.99858, 0.0528525, -0.0409471, -0.0525387, 0.997779, 0.00334908  
253, -22.1221, 191.25, 180.902, 0.999285, -0.00663465, 0.0372295, 0.0048686, 0.998868, 0.0473287, -0.0375013, -0.0471136, 0.998185, 0.00319736  
254, -22.8446, 192.673, 180.779, 0.999393, -0.00797577, 0.0338986, 0.00649531, 0.99903, 0.0435611, -0.0342131, -0.0433145, 0.998475, 0.00307808  
255, -23.6514, 194.089, 180.701, 0.999482, -0.00656006, 0.0314938, 0.0053253, 0.99922, 0.0391315, -0.0317259, -0.0389435, 0.998738, 0.00293717  
256, -24.4346, 195.529, 180.52, 0.999622, -0.00817049, 0.0262683, 0.00730559, 0.999433, 0.0328546, -0.0265219, -0.0326502, 0.999115, 0.00306699  
257, -25.3474, 197.031, 180.533, 0.999687, -0.00763365, 0.0238406, 0.00682697, 0.999407, 0.0337367, -0.024084, -0.0335633, 0.999146, 0.00333965  
258, -26.2162, 198.31, 180.411, 0.999787, -0.0102493, 0.0179036, 0.00979383, 0.999631, 0.0253478, -0.0181568, -0.0251671, 0.999518, 0.00283149  
259, -27.1611, 199.974, 180.487, 0.999847, -0.0101173, 0.0142663, 0.00970912, 0.99955, 0.0283947, -0.0145471, -0.0282519, 0.999495, 0.00296269  
260, -28.0504, 201.191, 180.576, 0.999929, -0.00935428, 0.0073817, 0.00921422, 0.999781, 0.0187855, -0.00755581, -0.0187161, 0.999796, 0.00292913  
261, -29.0361, 202.821, 180.58, 0.999962, -0.00789704, 0.00378968, 0.00782082, 0.999775, 0.0197225, -0.00394457, -0.0196921, 0.999798, 0.00304785  
262, -29.8753, 204.215, 180.532, 0.999954, -0.00948897, -0.00128152, 0.00950116, 0.999906, 0.00986612, 0.00118778, -0.00987784, 0.999951, 0.00350719  
263, -30.8489, 205.594, 180.495, 0.999927, -0.0113032, -0.00435152, 0.0113293, 0.999918, 0.00602421, 0.00428306, -0.00607307, 0.999972, 0.00290278  
264, -31.7059, 207.019, 180.45, 0.999851, -0.0134949, -0.0107409, 0.0134544, 0.999902, -0.00383121, 0.0107916, 0.00368613, 0.999935, 0.00298988  
265, -32.6176, 208.323, 180.439, 0.999809, -0.0137365, -0.0138856, 0.0136105, 0.999866, -0.0091322, 0.0140092, 0.00894147, 0.999862, 0.00286173  
266, -33.4841, 209.757, 180.333, 0.999726, -0.0142969, -0.0185232, 0.0140036, 0.999776, -0.0158678, 0.0187459, 0.015604, 0.999703, 0.00309916  
267, -34.2699, 210.963, 180.296, 0.999683, -0.0135694, -0.0211941, 0.0132062, 0.999765, -0.0171839, 0.0214223, 0.0168986, 0.999628, 0.00322815  
268, -35.0801, 212.372, 180.261, 0.999557, -0.0157153, -0.0252807, 0.015128, 0.999615, -0.0232556, 0.0256364, 0.0228629, 0.99941, 0.00282955  
