0, -20.1105, -10.1465, 180.674, 0.999344, 0.0339454, 0.0126529, -0.0342909, 0.999015, 0.0281675, -0.0116842, -0.0285829, 0.999523, 0.0417285  
1, -20.0901, -10.1266, 180.672, 0.99935, 0.0339243, 0.0122295, -0.0342702, 0.998984, 0.0292829, -0.0112236, -0.029683, 0.999496, 0.00271555  
2, -20.1072, -10.1658, 180.661, 0.999345, 0.0341526, 0.0119948, -0.0344757, 0.999017, 0.0278511, -0.0110318, -0.0282464, 0.99954, 0.0029932  
3, -20.0875, -10.1706, 180.664, 0.999351, 0.0339543, 0.0120536, -0.0342867, 0.999004, 0.0285406, -0.0110725, -0.0289354, 0.99952, 0.00288974  
4, -20.1155, -10.158, 180.658, 0.999325, 0.0342173, 0.0133746, -0.034596, 0.998975, 0.0291869, -0.0123622, -0.0296299, 0.999484, 0.00280902  
5, -20.0756, -10.162, 180.693, 0.999362, 0.0335224, 0.0123586, -0.0338654, 0.999015, 0.0286799, -0.011385, -0.0290801, 0.999512, 0.00277075  
6, -20.1311, -10.169, 180.648, 0.999316, 0.0342227, 0.013997, -0.0346192, 0.998975, 0.0291463, -0.0129852, -0.0296109, 0.999477, 0.00299154  
7, -20.087, -10.1573, 180.678, 0.999349, 0.0337954, 0.0126461, -0.0341505, 0.998996, 0.0290045, -0.0116531, -0.0294175, 0.999499, 0.00311886  
8, -20.0751, -10.1352, 180.657, 0.999372, 0.0336076, 0.0112103, -0.0339136, 0.999023, 0.0283257, -0.0102474, -0.0286881, 0.999536, 0.00276548  
9, -20.1102, -10.1604, 180.651, 0.999327, 0.0342932, 0.0130162, -0.0346411, 0.999021, 0.0275157, -0.0120599, -0.0279481, 0.999537, 0.00298738  
10, -20.1111, -10.1625, 180.669, 0.999337, 0.0339045, 0.0132908, -0.034289, 0.998966, 0.0298575, -0.0122648, -0.0302934, 0.999466, 0.00278184  
11, -20.1161, -10.1405, 180.67, 0.999341, 0.0341118, 0.0123776, -0.0344571, 0.99899, 0.0288522, -0.0113809, -0.0292596, 0.999507, 0.0028584  
12, -20.1265, -10.1672, 180.637, 0.999312, 0.0346567, 0.013191, -0.0350121, 0.999002, 0.0277435, -0.0122164, -0.0281862, 0.999528, 0.00315048  
13, -20.1023, -10.1536, 180.66, 0.999344, 0.0340467, 0.0123057, -0.0343895, 0.998993, 0.0288107, -0.0113124, -0.029215, 0.999509, 0.00287504  
14, -20.1201, -10.191, 180.608, 0.999275, 0.0354442, 0.0138865, -0.0358314, 0.998945, 0.02871, -0.0128543, -0.0291868, 0.999491, 0.00282539  
15, -20.1036, -10.1643, 180.66, 0.999357, 0.0336576, 0.0123925, -0.0339931, 0.999032, 0.027937, -0.0114402, -0.0283403, 0.999533, 0.00294411  
16, -20.1163, -10.1564, 180.646, 0.999345, 0.0338142, 0.0128626, -0.0341825, 0.998978, 0.0295858, -0.0118491, -0.0300061, 0.999479, 0.00281346  
17, -20.0797, -10.169, 180.633, 0.999324, 0.0341328, 0.0136461, -0.0345252, 0.998964, 0.0296373, -0.0126204, -0.0300884, 0.999468, 0.00313883  
18, -20.0673, -10.1624, 180.631, 0.99932, 0.0345794, 0.0128203, -0.0349379, 0.998972, 0.0288818, -0.0118084, -0.02931, 0.999501, 0.00293135  
19, -20.0978, -10.1878, 180.631, 0.999291, 0.0350629, 0.0137183, -0.0354471, 0.998955, 0.0288431, -0.0126927, -0.0293089, 0.99949, 0.00282151  
20, -20.0885, -10.1399, 180.617, 0.999319, 0.0341713, 0.0139263, -0.0345669, 0.998975, 0.0292342, -0.012913, -0.0296956, 0.999476, 0.00277352  
21, -20.1115, -10.1525, 180.601, 0.999329, 0.0338885, 0.0138609, -0.0342824, 0.998984, 0.029238, -0.012856, -0.0296936, 0.999476, 0.00283926  
22, -20.0856, -10.1374, 180.647, 0.999336, 0.0341028, 0.0127924, -0.0344668, 0.998973, 0.029405, -0.0117764, -0.0298264, 0.999486, 0.00309389  
23, -20.0557, -10.1746, 180.649, 0.999332, 0.0343515, 0.0124389, -0.0346835, 0.999019, 0.0275431, -0.0114805, -0.0279561, 0.999543, 0.00279987  
24, -20.0954, -10.1813, 180.642, 0.99932, 0.0344365, 0.013207, -0.0348165, 0.998952, 0.0297125, -0.01217, -0.0301522, 0.999471, 0.00282428  
25, -20.0524, -10.1828, 180.668, 0.999362, 0.0336388, 0.0120121, -0.0339678, 0.999021, 0.0283288, -0.0110474, -0.0287187, 0.999526, 0.00276853  
26, -20.0756, -10.1624, 180.665, 0.999356, 0.0337165, 0.0122698, -0.0340512, 0.999023, 0.028174, -0.0113079, -0.0285736, 0.999528, 0.00306227  
27, -20.0385, -10.2117, 180.695, 0.999335, 0.034443, 0.0119336, -0.0347738, 0.998982, 0.0287208, -0.0109322, -0.0291167, 0.999516, 0.00282123  
28, -20.0573, -10.1954, 180.69, 0.99934, 0.0343367, 0.011823, -0.0346605, 0.998997, 0.0283653, -0.0108372, -0.0287564, 0.999528, 0.0044586  
29, -20.1228, -10.18, 180.657, 0.999308, 0.034627, 0.0135637, -0.0350041, 0.998977, 0.0286264, -0.0125585, -0.0290814, 0.999498, 0.00276686  
30, -20.0865, -10.166, 180.697, 0.999347, 0.0339426, 0.0123928, -0.0343022, 0.998959, 0.0300635, -0.0113595, -0.0304689, 0.999471, 0.00277158  
31, -20.072, -10.2104, 180.688, 0.999312, 0.0345431, 0.0134691, -0.0349208, 0.998972, 0.028892, -0.0124573, -0.0293425, 0.999492, 0.00303786  
32, -20.0826, -10.1813, 180.675, 0.999318, 0.0345794, 0.0129405, -0.0349506, 0.998949, 0.0296531, -0.0119015, -0.0300851, 0.999476, 0.00276076  
33, -20.1188, -10.1991, 180.664, 0.999332, 0.0341134, 0.0130883, -0.0344793, 0.998989, 0.0288375, -0.0120913, -0.0292696, 0.999498, 0.00278822  
34, -20.1249, -10.1615, 180.67, 0.999322, 0.0345467, 0.0127154, -0.0349018, 0.998974, 0.028856, -0.0117055, -0.0292802, 0.999503, 0.00277186  
35, -20.0926, -10.1564, 180.694, 0.99935, 0.0340392, 0.0119119, -0.0343604, 0.99902, 0.0278889, -0.0109509, -0.0282801, 0.99954, 0.0027946  
36, -20.1367, -10.2101, 180.646, 0.999274, 0.0353959, 0.0141242, -0.0357935, 0.998939, 0.0289645, -0.013084, -0.0294491, 0.999481, 0.00314438  
37, -20.1171, -10.1639, 180.679, 0.999333, 0.0342959, 0.0125255, -0.0346283, 0.999026, 0.0273572, -0.011575, -0.0277727, 0.999547, 0.00274218  
38, -20.074, -10.1411, 180.71, 0.99939, 0.0329588, 0.0115402, -0.0332925, 0.998994, 0.0300311, -0.0105388, -0.030397, 0.999482, 0.00292913  
39, -20.0723, -10.1844, 180.683, 0.999327, 0.0344916, 0.0124725, -0.0348462, 0.998959, 0.0294255, -0.0114445, -0.0298403, 0.999489, 0.00305534  
40, -20.0918, -10.1552, 180.679, 0.99935, 0.0337861, 0.0125854, -0.034142, 0.998989, 0.0292303, -0.0115851, -0.029641, 0.999493, 0.00289723  
41, -20.1032, -10.1704, 180.652, 0.999318, 0.0346496, 0.0127284, -0.035002, 0.998978, 0.0285875, -0.0117248, -0.0290135, 0.99951, 0.00411437  
42, -20.1033, -10.1788, 180.651, 0.999341, 0.0340011, 0.0127469, -0.0343569, 0.998994, 0.0288202, -0.0117542, -0.0292391, 0.999503, 0.00283732  
43, -20.0947, -10.1695, 180.661, 0.999334, 0.0342589, 0.0126012, -0.0346009, 0.999009, 0.0280083, -0.0116292, -0.0284256, 0.999528, 0.00282345  
44, -20.1144, -10.1759, 180.639, 0.999326, 0.0343745, 0.0129143, -0.0347189, 0.99902, 0.0274678, -0.0119574, -0.0278976, 0.999539, 0.00274689  
45, -20.1157, -10.1747, 180.666, 0.999354, 0.0335797, 0.0128406, -0.0339414, 0.999001, 0.0290797, -0.0118513, -0.0294968, 0.999495, 0.00296741  
46, -20.1032, -10.1586, 180.68, 0.999324, 0.0344313, 0.0129138, -0.0347863, 0.998992, 0.028355, -0.0119245, -0.0287851, 0.999514, 0.00324507  
47, -20.0446, -10.1647, 180.719, 0.999373, 0.0334724, 0.0114996, -0.0337914, 0.999015, 0.0287687, -0.0105253, -0.0291393, 0.99952, 0.00283621  
48, -20.1036, -10.1779, 180.665, 0.999333, 0.0339357, 0.0134609, -0.0343182, 0.998982, 0.0292774, -0.0124537, -0.0297199, 0.999481, 0.00281429  
49, -20.1125, -10.1679, 180.643, 0.999312, 0.0347557, 0.0129114, -0.0350951, 0.999017, 0.0270642, -0.011958, -0.0274987, 0.99955, 0.00276964  
50, -20.0925, -10.1653, 180.674, 0.999338, 0.0341699, 0.0125279, -0.0345321, 0.998955, 0.0299321, -0.0114921, -0.0303449, 0.999473, 0.00285035  
51, -20.1302, -10.1698, 180.639, 0.999318, 0.0344829, 0.0131724, -0.0348327, 0.999019, 0.027327, -0.0122171, -0.0277672, 0.99954, 0.00297906  
52, -20.12, -10.1643, 180.638, 0.999314, 0.0342586, 0.0140708, -0.0346532, 0.998983, 0.0288333, -0.0130687, -0.0293011, 0.999485, 0.0030398  
53, -20.1219, -10.2055, 180.638, 0.999284, 0.0354482, 0.0131959, -0.0358042, 0.998972, 0.0277958, -0.012197, -0.0282483, 0.999527, 0.00280237  
54, -20.132, -10.172, 180.654, 0.999322, 0.0342494, 0.0134794, -0.0346232, 0.998993, 0.0285514, -0.0124879, -0.0289987, 0.999501, 0.00272137  
55, -20.1016, -10.157, 180.662, 0.999356, 0.0338245, 0.0119996, -0.03416, 0.998997, 0.0289554, -0.0110082, -0.0293466, 0.999509, 0.00283843  
56, -20.1388, -10.1669, 180.656, 0.999325, 0.0344592, 0.0127353, -0.0348103, 0.998989, 0.0284602, -0.0117417, -0.0288843, 0.999514, 0.00301456  
57, -20.1244, -10.1769, 180.642, 0.999356, 0.0335415, 0.0127589, -0.0338921, 0.999024, 0.0283271, -0.0117963, -0.0287413, 0.999517, 0.0029749  
58, -20.1182, -10.171, 180.634, 0.999309, 0.0348217, 0.013027, -0.0351788, 0.998981, 0.0282706, -0.0120293, -0.0287093, 0.999515, 0.00282317  
59, -20.1229, -10.1757, 180.643, 0.999316, 0.0346851, 0.0128058, -0.0350203, 0.999023, 0.0269502, -0.0118585, -0.0273802, 0.999555, 0.00277407  
60, -20.0884, -10.1448, 180.678, 0.999356, 0.0337547, 0.0121884, -0.034093, 0.999006, 0.0287093, -0.0112072, -0.0291064, 0.999513, 0.00285063  
61, -20.0896, -10.1515, 180.681, 0.999347, 0.0337289, 0.0129739, -0.0341088, 0.99896, 0.0302657, -0.0119396, -0.0306884, 0.999458, 0.00312302  
62, -20.0955, -10.1674, 180.659, 0.999319, 0.0342216, 0.013768, -0.034605, 0.99899, 0.0286443, -0.0127739, -0.0291012, 0.999495, 0.00281346  
63, -20.1059, -10.1421, 180.688, 0.999345, 0.0339099, 0.0126085, -0.0342652, 0.998988, 0.0291187, -0.0116083, -0.0295317, 0.999496, 0.00281374  
64, -20.1075, -10.1764, 180.659, 0.999324, 0.0343939, 0.0130035, -0.0347605, 0.998972, 0.0291005, -0.0119893, -0.0295329, 0.999492, 0.00291166  
65, -20.07, -10.1922, 180.679, 0.99934, 0.0342751, 0.0120395, -0.034598, 0.999017, 0.0277261, -0.0110773, -0.0281243, 0.999543, 0.00283981  
66, -20.0771, -10.1497, 180.692, 0.99939, 0.032674, 0.0122935, -0.033026, 0.999016, 0.0296138, -0.0113138, -0.0300018, 0.999486, 0.00312773  
67, -20.0771, -10.1901, 180.681, 0.999332, 0.0344493, 0.0121666, -0.0347784, 0.999004, 0.027965, -0.0111911, -0.0283694, 0.999535, 0.00283759  
68, -20.1126, -10.155, 180.656, 0.999329, 0.034359, 0.0126824, -0.0347193, 0.998965, 0.0293769, -0.01166, -0.0297975, 0.999488, 0.00282955  
69, -20.1113, -10.165, 180.67, 0.999335, 0.0342733, 0.012479, -0.0346165, 0.998997, 0.028416, -0.0114925, -0.028829, 0.999518, 0.00282067  
70, -20.1185, -10.1802, 180.675, 0.999314, 0.0346595, 0.0130459, -0.0350291, 0.998958, 0.0292581, -0.0120183, -0.029695, 0.999487, 0.00289307  
71, -20.074, -10.1866, 180.679, 0.999318, 0.0346514, 0.0127666, -0.0350133, 0.998957, 0.0293081, -0.0117377, -0.0297351, 0.999489, 0.00309167  
72, -20.0408, -10.1766, 180.711, 0.999349, 0.0341517, 0.011619, -0.034481, 0.998972, 0.0294374, -0.0106017, -0.0298189, 0.999499, 0.00277213  
73, -20.0802, -10.1724, 180.683, 0.999347, 0.0335937, 0.0133038, -0.0339608, 0.999019, 0.0284025, -0.0123366, -0.0288357, 0.999508, 0.00289473  
74, -20.0815, -10.1758, 180.668, 0.999309, 0.0347168, 0.0133123, -0.0351009, 0.99894, 0.0297919, -0.0122639, -0.0302386, 0.999467, 0.00280098  
75, -20.0585, -10.1746, 180.666, 0.999339, 0.0341863, 0.0123978, -0.0345207, 0.999016, 0.0278447, -0.0114337, -0.0282543, 0.999535, 0.00256243  
76, -20.0869, -10.1794, 180.666, 0.999313, 0.0349305, 0.0123608, -0.0352796, 0.998949, 0.0292489, -0.0113261, -0.0296649, 0.999496, 0.00278129  
77, -20.0773, -10.1638, 180.707, 0.999315, 0.0348306, 0.0124943, -0.035183, 0.998955, 0.0291897, -0.0114645, -0.0296093, 0.999496, 0.00270917  
78, -20.0637, -10.1377, 180.696, 0.999355, 0.034106, 0.0112577, -0.0344033, 0.999033, 0.0273646, -0.0103135, -0.0277342, 0.999562, 0.00290001  
79, -20.1119, -10.104, 180.678, 0.999313, 0.0344788, 0.0136163, -0.0348774, 0.998935, 0.0302142, -0.01256, -0.0306684, 0.999451, 0.00285119  
80, -20.057, -10.1162, 180.721, 0.999329, 0.0346308, 0.0119332, -0.0349532, 0.998998, 0.0279559, -0.0109531, -0.0283542, 0.999538, 0.00281402  
81, -20.0377, -10.1186, 180.689, 0.999332, 0.0344783, 0.0121332, -0.0348107, 0.998992, 0.0283463, -0.0111437, -0.0287497, 0.999525, 0.00308668  
82, -20.0532, -10.1929, 180.673, 0.999308, 0.0352034, 0.0120239, -0.0355034, 0.999039, 0.0257173, -0.011107, -0.0261264, 0.999597, 0.00291276  
83, -20.0552, -10.2337, 180.671, 0.999305, 0.0353258, 0.0119253, -0.035605, 0.999076, 0.0240779, -0.0110637, -0.0244857, 0.999639, 0.00287615  
84, -20.0545, -10.3539, 180.667, 0.99927, 0.0360824, 0.0125165, -0.0363507, 0.999099, 0.0219177, -0.0117144, -0.0223567, 0.999681, 0.00284009  
85, -20.0607, -10.5412, 180.645, 0.999296, 0.0354233, 0.0123945, -0.035645, 0.9992, 0.0181489, -0.0117417, -0.0185779, 0.999758, 0.00299376  
86, -20.0014, -10.5838, 180.666, 0.999345, 0.034333, 0.0113983, -0.0344856, 0.999314, 0.0134706, -0.010928, -0.0138549, 0.999844, 0.00313384  
87, -20.0439, -10.7402, 180.665, 0.999313, 0.035042, 0.0120276, -0.0351563, 0.999337, 0.0094274, -0.0116893, -0.00984378, 0.999883, 0.0028903  
88, -20.0514, -10.8639, 180.627, 0.999282, 0.035565, 0.0130648, -0.0356583, 0.99934, 0.00697628, -0.012808, -0.00743713, 0.99989, 0.00280708  
89, -20.0083, -10.9529, 180.632, 0.999281, 0.0358728, 0.0122429, -0.0359229, 0.999347, 0.00389262, -0.0120953, -0.00432963, 0.999917, 0.00280653  
90, -20.0254, -11.0615, 180.675, 0.999262, 0.0361281, 0.0130464, -0.0361425, 0.999346, 0.000873409, -0.0130063, -0.00134429, 0.999915, 0.00283593  
91, -20.0142, -11.1405, 180.692, 0.999255, 0.0362084, 0.0133475, -0.0361671, 0.99934, -0.00332684, -0.0134591, 0.00284162, 0.999905, 0.00302954  
92, -19.9737, -11.2082, 180.719, 0.999236, 0.0367371, 0.0133569, -0.0366788, 0.999317, -0.00457797, -0.013516, 0.00408455, 0.9999, 0.00279155  
93, -19.9866, -11.2745, 180.729, 0.999212, 0.0372958, 0.0135842, -0.0371776, 0.999269, -0.00884951, -0.0139044, 0.00833751, 0.999869, 0.00282067  
94, -19.9993, -11.3093, 180.701, 0.9992, 0.0374951, 0.0138861, -0.0373009, 0.999206, -0.0139902, -0.0143996, 0.0134611, 0.999806, 0.00277019  
95, -19.948, -11.3374, 180.738, 0.999266, 0.0368237, 0.0105844, -0.0366165, 0.999146, -0.0191383, -0.0112801, 0.0187367, 0.999761, 0.00281291  
96, -19.9254, -11.3799, 180.768, 0.999257, 0.0367863, 0.0114672, -0.0365174, 0.999072, -0.0228385, -0.0122967, 0.0224028, 0.999673, 0.00304202  
97, -19.9758, -11.3885, 180.787, 0.999232, 0.0374175, 0.0116346, -0.0370972, 0.998957, -0.0266226, -0.0126186, 0.0261705, 0.999578, 0.00276132  
98, -19.9141, -11.3747, 180.766, 0.999231, 0.0373592, 0.0118696, -0.0369762, 0.998835, -0.030998, -0.0130139, 0.0305353, 0.999449, 0.0027971  
99, -19.9761, -11.3843, 180.709, 0.999129, 0.0392214, 0.0142113, -0.0387038, 0.998637, -0.0350242, -0.0155657, 0.0344437, 0.999285, 0.00277241  
100, -19.925, -11.3013, 180.762, 0.9992, 0.0377978, 0.013096, -0.0372928, 0.998624, -0.0368683, -0.0144716, 0.0363504, 0.999234, 0.00286422  
101, -19.9236, -11.303, 180.749, 0.999182, 0.0379594, 0.0139078, -0.0373302, 0.998377, -0.0430047, -0.0155176, 0.0424503, 0.998978, 0.00306643  
102, -19.9618, -11.2627, 180.715, 0.999139, 0.0385035, 0.015458, -0.0377187, 0.998125, -0.0481995, -0.0172848, 0.0475749, 0.998718, 0.00275605  
103, -19.9133, -11.1463, 180.761, 0.999157, 0.038055, 0.015397, -0.0372167, 0.99798, -0.0514882, -0.0173252, 0.0508718, 0.998555, 0.00280708  
104, -19.8601, -11.0891, 180.781, 0.999192, 0.0371655, 0.0153154, -0.036214, 0.997641, -0.0583145, -0.0174466, 0.0577127, 0.998181, 0.00277297  
105, -19.8646, -10.9356, 180.809, 0.999173, 0.0367939, 0.0172908, -0.035699, 0.997569, -0.0598549, -0.0194511, 0.0591882, 0.998057, 0.00283843  
106, -19.8171, -10.8104, 180.811, 0.999134, 0.0373286, 0.0183963, -0.0360539, 0.997212, -0.0653324, -0.0207838, 0.0646125, 0.997694, 0.00300541  
107, -19.87, -10.671, 180.751, 0.999041, 0.0378998, 0.021902, -0.0362641, 0.996832, -0.070787, -0.0245155, 0.0699249, 0.997251, 0.00274661  
108, -19.7945, -10.5793, 180.727, 0.998998, 0.038464, 0.0228837, -0.0366456, 0.996497, -0.0751782, -0.0256952, 0.0742642, 0.996908, 0.00278767  
109, -19.7164, -10.3147, 180.728, 0.999049, 0.0374254, 0.022391, -0.0355428, 0.996219, -0.0792684, -0.025273, 0.0783972, 0.996602, 0.00277435  
110, -19.614, -10.0862, 180.712, 0.999002, 0.0384311, 0.0227761, -0.0364748, 0.996059, -0.0808417, -0.0257931, 0.0799303, 0.996467, 0.00301401  
111, -19.3771, -9.59935, 180.792, 0.999152, 0.0352281, 0.0213251, -0.0333643, 0.996056, -0.0822089, -0.0241371, 0.0814277, 0.996387, 0.00298488  
112, -19.2798, -9.30407, 180.8, 0.999058, 0.036859, 0.0228976, -0.0347915, 0.995779, -0.0849312, -0.0259315, 0.0840545, 0.996124, 0.00276187  
113, -19.1351, -9.00762, 180.77, 0.999114, 0.0364278, 0.0210885, -0.0343992, 0.995378, -0.0896579, -0.0242571, 0.0888531, 0.995749, 0.00280736  
114, -18.9875, -8.68594, 180.724, 0.998996, 0.0384061, 0.023077, -0.0360682, 0.994884, -0.0943659, -0.0265832, 0.0934388, 0.99527, 0.00282345  
115, -18.8349, -8.15886, 180.752, 0.999041, 0.0370343, 0.0233561, -0.0347099, 0.995052, -0.0930995, -0.0266884, 0.0921996, 0.995383, 0.00281097  
116, -18.6376, -7.71723, 180.646, 0.99901, 0.0384003, 0.0224383, -0.0360914, 0.994771, -0.0955403, -0.0259898, 0.0946359, 0.995173, 0.00308002  
117, -18.4951, -7.20045, 180.637, 0.999032, 0.0373651, 0.023227, -0.0348539, 0.994331, -0.100452, -0.0268487, 0.0995448, 0.994671, 0.00278378  
118, -18.3439, -6.65292, 180.604, 0.998962, 0.0380038, 0.0251141, -0.0352904, 0.994277, -0.10084, -0.0288026, 0.0998495, 0.994586, 0.00282456  
119, -18.1915, -5.90865, 180.618, 0.998978, 0.0376853, 0.0249539, -0.0349319, 0.994085, -0.102836, -0.0286817, 0.101859, 0.994385, 0.00276242  
120, -18.0517, -5.19168, 180.648, 0.998976, 0.0373402, 0.0255638, -0.0345009, 0.99401, -0.103702, -0.0292829, 0.102713, 0.99428, 0.00297351  
121, -17.9045, -4.51886, 180.6, 0.999025, 0.0368811, 0.0242624, -0.034075, 0.993637, -0.107353, -0.0280673, 0.106421, 0.993925, 0.00301262  
122, -17.921, -3.77221, 180.617, 0.998937, 0.0377231, 0.0264963, -0.0345729, 0.993255, -0.110676, -0.0304926, 0.109643, 0.993503, 0.00266312  
123, -18.1875, -3.47469, 180.862, 0.974079, 0.22556, -0.0170987, 0.226147, -0.969307, 0.0964452, 0.00518026, -0.0978121, -0.995191, 0.00351607  
124, -18.1622, -2.6953, 180.888, 0.973997, 0.226011, -0.0157892, 0.22644, -0.968816, 0.100604, 0.00744088, -0.101564, -0.994801, 0.00275882  
125, -18.1432, -1.85093, 180.911, 0.974323, 0.224453, -0.0177713, 0.225086, -0.969026, 0.101608, 0.00558536, -0.102999, -0.994666, 0.00283094  
126, -18.1686, -1.07314, 180.892, 0.974525, 0.223627, -0.0170896, 0.224135, -0.96834, 0.109914, 0.00803135, -0.110945, -0.993794, 0.00306421  
127, -18.2001, -0.164936, 180.893, 0.974376, 0.224209, -0.0179538, 0.224774, -0.967668, 0.114431, 0.00828316, -0.115534, -0.993269, 0.0027627  
128, -18.0508, 0.753649, 180.954, 0.973906, 0.226208, -0.0183703, 0.226805, -0.967161, 0.11471, 0.00818117, -0.115883, -0.993229, 0.00292386  
129, -18.059, 1.80586, 180.926, 0.973888, 0.226219, -0.01916, 0.226902, -0.967042, 0.115526, 0.0076057, -0.116857, -0.99312, 0.00273552  
130, -17.958, 2.79446, 180.856, 0.973371, 0.228312, -0.0205323, 0.229131, -0.966347, 0.116932, 0.00685574, -0.118523, -0.992928, 0.00306699  
131, -17.913, 3.90421, 180.891, 0.97375, 0.226756, -0.0198392, 0.227486, -0.966447, 0.119289, 0.00787609, -0.120671, -0.992661, 0.00307087  
132, -17.813, 5.23327, 180.925, 0.973841, 0.226233, -0.021271, 0.227153, -0.966792, 0.117113, 0.00593025, -0.118882, -0.992891, 0.00273496  
133, -17.7152, 6.36535, 180.892, 0.974014, 0.225597, -0.0200653, 0.226374, -0.966895, 0.117766, 0.00716666, -0.119248, -0.992839, 0.00288586  
134, -17.6348, 7.79786, 180.821, 0.973952, 0.22596, -0.0189391, 0.226629, -0.967264, 0.114189, 0.00748309, -0.115507, -0.993278, 0.00277241  
135, -17.5644, 8.99986, 180.76, 0.974092, 0.225689, -0.0144649, 0.225763, -0.966673, 0.120727, 0.0132638, -0.120865, -0.99258, 0.00295493  
136, -17.5649, 10.5078, 180.765, 0.973696, 0.227323, -0.0154916, 0.22756, -0.966771, 0.116495, 0.0115051, -0.116956, -0.99307, 0.00316657  
137, -17.6856, 11.8688, 180.802, 0.974456, 0.224028, -0.0157192, 0.224233, -0.966688, 0.123428, 0.0124557, -0.1238, -0.992229, 0.0027419  
138, -17.7206, 13.1568, 180.826, 0.973824, 0.226548, -0.0184978, 0.227071, -0.965937, 0.124118, 0.0102511, -0.12507, -0.992095, 0.00292247  
139, -17.9325, 14.8698, 180.88, 0.974277, 0.224508, -0.0195045, 0.225245, -0.967461, 0.115256, 0.00700622, -0.116685, -0.993144, 0.00279848  
140, -18.0226, 16.4301, 180.863, 0.974583, 0.223501, -0.0153617, 0.223708, -0.967234, 0.120056, 0.0119743, -0.120441, -0.992648, 0.00314133  
141, -17.8343, 18.5373, 180.687, 0.998675, 0.0444073, 0.0259935, -0.0406557, 0.990629, -0.13039, -0.0315402, 0.129161, 0.991122, 0.00328251  
142, -18.0254, 20.1805, 180.704, 0.998728, 0.0434537, 0.025587, -0.0398416, 0.990993, -0.127853, -0.0309122, 0.126671, 0.991463, 0.00275937  
143, -18.1263, 21.9265, 180.738, 0.99879, 0.0430992, 0.0236705, -0.0398047, 0.991309, -0.12539, -0.028869, 0.124297, 0.991825, 0.00292136  
144, -18.2192, 23.7184, 180.819, 0.998908, 0.0408473, 0.0226896, -0.0377528, 0.991664, -0.123193, -0.0275325, 0.122202, 0.992123, 0.0027738  
145, -18.3885, 25.3916, 180.848, 0.998816, 0.0427974, 0.0231137, -0.0396118, 0.991482, -0.124077, -0.028227, 0.123014, 0.992003, 0.00296963  
146, -18.5365, 27.2002, 180.835, 0.99876, 0.0437417, 0.023768, -0.0404881, 0.991529, -0.123412, -0.0289649, 0.122297, 0.992071, 0.00310776  
147, -18.6527, 29.1161, 180.824, 0.998859, 0.04124, 0.0240866, -0.038139, 0.992346, -0.117448, -0.0287458, 0.116396, 0.992787, 0.00279238  
148, -18.6886, 30.9566, 180.897, 0.998792, 0.0421839, 0.0251887, -0.0391499, 0.993078, -0.110736, -0.0296857, 0.109616, 0.993531, 0.00293884  
149, -18.73, 32.8434, 180.801, 0.999056, 0.0384628, 0.0202089, -0.0359082, 0.99279, -0.114366, -0.024462, 0.113532, 0.993233, 0.00277102  
150, -18.8153, 35.0755, 180.821, 0.998892, 0.0409662, 0.0231649, -0.0382801, 0.993582, -0.106437, -0.0273766, 0.105432, 0.99405, 0.00291276  
151, -18.778, 36.9429, 180.779, 0.999125, 0.0381892, 0.0170295, -0.0361647, 0.993654, -0.106508, -0.0209889, 0.105799, 0.994166, 0.00308335  
152, -18.8905, 38.9851, 180.755, 0.999033, 0.0399237, 0.0184368, -0.0377897, 0.993822, -0.104351, -0.022489, 0.103553, 0.99437, 0.00275133  
153, -18.8721, 41.0682, 180.769, 0.998962, 0.0410466, 0.019757, -0.0388309, 0.994045, -0.101814, -0.0238184, 0.100941, 0.994607, 0.00290333  
154, -18.9145, 43.3236, 180.77, 0.999061, 0.0382124, 0.0204185, -0.0359955, 0.994368, -0.099685, -0.0241127, 0.0988564, 0.99481, 0.00278628  
155, -19.0018, 45.4875, 180.768, 0.999015, 0.0397086, 0.0198122, -0.0375568, 0.994361, -0.0991738, -0.0236385, 0.098332, 0.994873, 0.0030043  
156, -18.9597, 47.9106, 180.738, 0.99904, 0.0391015, 0.0197288, -0.0370828, 0.994883, -0.093986, -0.0233028, 0.0931642, 0.995378, 0.00335546  
157, -18.9538, 50.3381, 180.749, 0.999029, 0.0385436, 0.02134, -0.0365482, 0.995529, -0.0870941, -0.0246015, 0.0862296, 0.995971, 0.00283454  
158, -18.8648, 52.5505, 180.642, 0.999229, 0.0361406, 0.0153592, -0.0345327, 0.994927, -0.0944857, -0.0186961, 0.0938825, 0.995408, 0.00288614  
159, -18.9457, 55.0017, 180.667, 0.999167, 0.0369145, 0.0174241, -0.0352383, 0.995471, -0.0882914, -0.0206044, 0.0876038, 0.995942, 0.00284286  
160, -18.8367, 57.3196, 180.628, 0.999232, 0.036372, 0.0145697, -0.0349853, 0.995664, -0.0861969, -0.0176417, 0.085621, 0.996172, 0.00306005  
161, -18.9062, 59.5803, 180.661, 0.999078, 0.0390071, 0.0179372, -0.037474, 0.996165, -0.0790612, -0.0209523, 0.0783161, 0.996708, 0.00323009  
162, -19.3464, 61.537, 180.816, 0.974159, 0.225808, -0.00496466, 0.225634, -0.971952, 0.0663171, 0.0101495, -0.0657236, -0.997786, 0.00288281  
163, -19.2437, 63.9929, 180.863, 0.974383, 0.224796, -0.00668006, 0.224795, -0.972628, 0.0588358, 0.00672885, -0.0588302, -0.998245, 0.00301956  
164, -18.6084, 66.6464, 180.952, 0.999125, 0.0364532, 0.0205017, -0.03481, 0.996539, -0.0754829, -0.0231824, 0.0747032, 0.996936, 0.00323924  
165, -18.5886, 69.1357, 181.012, 0.999027, 0.0351312, 0.0266648, -0.0331419, 0.996876, -0.0716953, -0.0291003, 0.0707418, 0.99707, 0.00300957  
166, -18.4496, 71.5472, 180.932, 0.99909, 0.0337582, 0.0260685, -0.032013, 0.997392, -0.0646884, -0.0281843, 0.063795, 0.997565, 0.00311664  
167, -18.3608, 74.0264, 180.717, 0.999082, 0.0341968, 0.0258112, -0.0324578, 0.997356, -0.0650247, -0.0279666, 0.0641272, 0.99755, 0.00283676  
168, -18.151, 76.606, 180.743, 0.998983, 0.0344, 0.0291507, -0.0326336, 0.997722, -0.0590442, -0.0311154, 0.0580329, 0.99783, 0.0029871  
169, -17.94, 79.2128, 180.821, 0.998907, 0.0366802, 0.0289727, -0.0348316, 0.997473, -0.0619211, -0.0311707, 0.0608442, 0.99766, 0.0027688  
170, -17.8253, 81.8653, 180.805, 0.998821, 0.037198, 0.0311859, -0.035493, 0.997934, -0.0535499, -0.0331134, 0.0523799, 0.998078, 0.00281208  
171, -17.5729, 84.6416, 180.874, 0.99888, 0.0359909, 0.0307043, -0.0344776, 0.99823, -0.0484666, -0.0323943, 0.0473538, 0.998353, 0.00332051  
172, -17.6204, 87.2981, 180.762, 0.998588, 0.0381206, 0.0369915, -0.0364509, 0.99833, -0.0448058, -0.0386377, 0.0433942, 0.998311, 0.00271111  
173, -17.4409, 89.9212, 180.84, 0.998568, 0.0393999, 0.0362012, -0.0379402, 0.998473, -0.0401615, -0.0377283, 0.0387305, 0.998537, 0.00298904  
174, -17.3634, 92.6344, 180.839, 0.998547, 0.0402812, 0.0358088, -0.0390496, 0.998643, -0.0344534, -0.037148, 0.0330051, 0.998765, 0.00284286  
175, -17.3047, 95.351, 180.855, 0.998493, 0.0409936, 0.036478, -0.0398245, 0.998687, -0.0322186, -0.0377509, 0.0307174, 0.998815, 0.00294189  
176, -17.1554, 98.1188, 180.909, 0.998472, 0.0391144, 0.0390331, -0.0380671, 0.998904, -0.0272234, -0.0400552, 0.0256959, 0.998867, 0.00328667  
177, -17.0344, 100.888, 180.895, 0.998366, 0.0399025, 0.0408928, -0.0391082, 0.999034, -0.020044, -0.0416531, 0.018412, 0.998962, 0.00276353  
178, -16.9526, 103.44, 180.85, 0.998384, 0.0387636, 0.0415551, -0.0379682, 0.999084, -0.0197607, -0.042283, 0.018151, 0.998941, 0.00289418  
179, -16.7298, 106.093, 180.85, 0.998384, 0.0393057, 0.0410339, -0.0386879, 0.999127, -0.0157438, -0.0416169, 0.0141308, 0.999034, 0.0027677  
180, -16.5732, 108.772, 180.887, 0.99835, 0.0376915, 0.0433305, -0.0374439, 0.999278, -0.00651103, -0.0435446, 0.00487782, 0.99904, 0.00297074  
181, -16.3863, 111.304, 180.977, 0.99833, 0.0366008, 0.044684, -0.0363832, 0.999322, -0.00567434, -0.0448614, 0.00403911, 0.998985, 0.00323286  
182, -16.1187, 114.139, 180.995, 0.998205, 0.037305, 0.0468535, -0.0372743, 0.999304, -0.00152857, -0.0468779, -0.000220607, 0.998901, 0.00274023  
183, -15.8725, 116.635, 181.085, 0.998125, 0.0392868, 0.046938, -0.0391149, 0.999224, -0.0045748, -0.0470813, 0.00273024, 0.998887, 0.00295853  
184, -15.627, 119.52, 181.166, 0.998159, 0.0363074, 0.0485786, -0.0367775, 0.999285, 0.00881871, -0.0482236, -0.0105891, 0.99878, 0.00276631  
185, -15.4959, 122.109, 181.213, 0.997999, 0.0395664, 0.0493299, -0.0404408, 0.99904, 0.0168569, -0.0486155, -0.0188181, 0.99864, 0.00277879  
186, -15.4973, 124.6, 181.173, 0.997819, 0.03901, 0.0532417, -0.0398515, 0.999095, 0.0148375, -0.0526147, -0.0169269, 0.998471, 0.00302538  
187, -15.3856, 127.049, 181.272, 0.99745, 0.0384687, 0.0601128, -0.0398064, 0.998982, 0.0212149, -0.0592355, -0.0235537, 0.997966, 0.00286256  
188, -15.3613, 129.487, 181.213, 0.99773, 0.0355538, 0.0571891, -0.0364576, 0.999225, 0.0148383, -0.0566173, -0.0168896, 0.998253, 0.00286922  
189, -15.2649, 132.318, 181.349, 0.997775, 0.0366579, 0.0556831, -0.037908, 0.999049, 0.0215623, -0.0548397, -0.0236251, 0.998216, 0.00276797  
190, -15.3051, 134.669, 181.319, 0.997841, 0.0357671, 0.0550864, -0.0370638, 0.999055, 0.0226999, -0.0542225, -0.0246926, 0.998224, 0.0029663  
191, -15.4279, 137.135, 181.314, 0.997838, 0.0355013, 0.0553132, -0.0370872, 0.998922, 0.0279126, -0.0542626, -0.0299036, 0.998079, 0.00325283  
192, -15.5896, 139.717, 181.283, 0.997805, 0.0370468, 0.0548804, -0.0388137, 0.99875, 0.031487, -0.0536453, -0.033548, 0.997996, 0.00299348  
193, -15.8703, 141.989, 181.213, 0.99787, 0.0361351, 0.054309, -0.0376949, 0.998898, 0.0279751, -0.0532383, -0.0299626, 0.998132, 0.00289307  
194, -16.0019, 144.627, 181.295, 0.997916, 0.0355141, 0.0538792, -0.0375214, 0.998621, 0.0367136, -0.0525011, -0.0386587, 0.997872, 0.00277019  
195, -16.1273, 146.99, 181.323, 0.998113, 0.0339397, 0.0511638, -0.0356953, 0.998791, 0.0337991, -0.0499548, -0.0355617, 0.998118, 0.00289917  
196, -16.2826, 149.422, 181.301, 0.997946, 0.0382931, 0.0513607, -0.0399402, 0.998707, 0.0314344, -0.0500906, -0.0334212, 0.998185, 0.00324756  
197, -16.3942, 151.941, 181.37, 0.998046, 0.0383702, 0.049318, -0.0401232, 0.998579, 0.0350594, -0.0479027, -0.0369696, 0.998168, 0.00283232  
198, -16.5272, 154.101, 181.395, 0.998227, 0.0368844, 0.0467059, -0.0384065, 0.998746, 0.0321224, -0.0454625, -0.0338593, 0.998392, 0.0029405  
199, -16.8407, 156.601, 181.454, 0.997996, 0.0391969, 0.0496766, -0.0414934, 0.998076, 0.0460735, -0.047775, -0.0480424, 0.997702, 0.00277297  
200, -17.0125, 158.734, 181.462, 0.9983, 0.0372852, 0.0447996, -0.0390568, 0.998462, 0.039342, -0.0432639, -0.0410249, 0.998221, 0.00299875  
201, -17.4426, 161.301, 181.452, 0.998146, 0.0393641, 0.0464301, -0.0414469, 0.998137, 0.0447839, -0.0445807, -0.0466253, 0.997917, 0.00320568  
202, -17.7503, 163.33, 181.434, 0.998216, 0.040754, 0.0436334, -0.0423679, 0.998427, 0.0367256, -0.0420681, -0.0385087, 0.998372, 0.00289945  
203, -18.2194, 165.808, 181.344, 0.998401, 0.0392003, 0.0407177, -0.04081, 0.998386, 0.039485, -0.0391042, -0.0410835, 0.99839, 0.00288142  
204, -18.7607, 167.884, 181.267, 0.998338, 0.0433167, 0.0380042, -0.0446073, 0.998433, 0.0337931, -0.0364808, -0.0354322, 0.998706, 0.00276603  
205, -19.2086, 170.361, 181.377, 0.998469, 0.0419659, 0.0360234, -0.043332, 0.998337, 0.038019, -0.034368, -0.0395218, 0.998627, 0.00303121  
206, -19.5917, 172.585, 181.44, 0.998561, 0.042531, 0.0326515, -0.0437862, 0.99829, 0.0387407, -0.030948, -0.0401146, 0.998716, 0.00326226  
207, -20.0069, 174.674, 181.455, 0.998801, 0.0398843, 0.0283755, -0.0408681, 0.998552, 0.03498, -0.0269393, -0.0360977, 0.998985, 0.0030889  
208, -20.4852, 177.096, 181.426, 0.998727, 0.0420901, 0.0277867, -0.0431915, 0.998253, 0.040305, -0.0260417, -0.0414539, 0.998801, 0.00295243  
209, -20.8238, 178.899, 181.291, 0.999015, 0.0392952, 0.0206319, -0.0399563, 0.998667, 0.0326751, -0.0193204, -0.0334673, 0.999253, 0.00277962  
210, -21.449, 181.208, 181.367, 0.999015, 0.0401732, 0.0188655, -0.0408642, 0.99845, 0.0377922, -0.0173181, -0.0385259, 0.999108, 0.00305201  
211, -21.9746, 183.094, 181.372, 0.999055, 0.0402762, 0.016328, -0.0407888, 0.998643, 0.0323821, -0.0150017, -0.0330175, 0.999342, 0.00329028  
212, -22.5777, 185.289, 181.322, 0.999031, 0.0417631, 0.0138628, -0.0422377, 0.998462, 0.0359201, -0.0123414, -0.0364708, 0.999259, 0.00274883  
213, -23.1551, 187.154, 181.228, 0.999092, 0.0413728, 0.0101239, -0.0416675, 0.998654, 0.0308778, -0.0088328, -0.0312716, 0.999472, 0.00292968  
214, -23.7918, 189.188, 181.106, 0.999176, 0.0401056, 0.00625071, -0.0402713, 0.998764, 0.0291225, -0.00507501, -0.0293502, 0.999556, 0.00276964  
215, -24.2954, 191, 181.099, 0.999186, 0.0402004, 0.00327547, -0.0402679, 0.998896, 0.0241727, -0.0023001, -0.0242849, 0.999702, 0.00303703  
216, -24.7552, 193.108, 181.06, 0.999209, 0.0397559, 0.000400629, -0.0397531, 0.998884, 0.0255041, 0.000613757, -0.0254999, 0.999675, 0.00318654  
217, -25.2207, 195.001, 181.236, 0.999179, 0.0405145, 0.000355621, -0.0405048, 0.998656, 0.0323312, 0.000954739, -0.0323191, 0.999477, 0.00283621  
218, -25.7681, 197.045, 181.203, 0.999168, 0.0407756, -0.000364351, -0.0407562, 0.998901, 0.0231655, 0.00130854, -0.0231314, 0.999732, 0.00294882  
219, -26.3745, 199.131, 181.263, 0.99913, 0.041525, -0.00393273, -0.041431, 0.998909, 0.0215465, 0.00482316, -0.0213648, 0.99976, 0.00276991  
220, -26.9741, 201.116, 181.202, 0.999192, 0.0386769, -0.010921, -0.0384648, 0.999079, 0.0190076, 0.0116461, -0.0185722, 0.99976, 0.00290472  
221, -27.5974, 203.129, 181.228, 0.999151, 0.0383655, -0.015002, -0.0380797, 0.999096, 0.0188935, 0.0157133, -0.0183062, 0.999709, 0.00311941  
222, -28.1681, 205.109, 181.229, 0.999225, 0.0339559, -0.019922, -0.0335905, 0.999266, 0.018399, 0.0205321, -0.0177155, 0.999632, 0.00293773  
223, -28.8091, 207.174, 181.255, 0.999197, 0.0347603, -0.0199298, -0.0343781, 0.999224, 0.0192103, 0.0205821, -0.0185097, 0.999617, 0.00297323  
224, -30.2952, 212.973, 180.926, 0.998975, 0.0337825, -0.0301167, -0.0334781, 0.999384, 0.0105554, 0.0304547, -0.00953638, 0.999491, 0.00275188  
225, -31.1659, 216.783, 180.919, 0.998996, 0.0289249, -0.0342047, -0.0286869, 0.999561, 0.00742845, 0.0344045, -0.00643977, 0.999387, 0.00283732  
226, -31.5399, 218.6, 181.003, 0.998973, 0.0285855, -0.0351509, -0.0282742, 0.999557, 0.00932297, 0.0354019, -0.00831953, 0.999339, 0.0026928  
227, -31.8305, 220.826, 181.03, 0.998881, 0.028011, -0.0380979, -0.0275893, 0.999553, 0.01155, 0.0384044, -0.010486, 0.999207, 0.00298211  
228, -32.2163, 222.362, 181.035, 0.998744, 0.0271132, -0.0421232, -0.0272282, 0.999627, -0.00215815, 0.042049, 0.00330238, 0.99911, 0.00300902  
229, -32.6562, 224.495, 180.951, 0.998722, 0.0299802, -0.0406924, -0.030132, 0.999541, -0.00312193, 0.0405801, 0.00434409, 0.999167, 0.00274939  
230, -32.8552, 226.141, 180.927, 0.9987, 0.0287733, -0.0420741, -0.0294313, 0.999453, -0.0151044, 0.0416165, 0.0163231, 0.999, 0.00294161  
231, -33.0867, 228.328, 180.993, 0.998627, 0.0279732, -0.0442814, -0.0284313, 0.999548, -0.00974892, 0.0439887, 0.0109945, 0.998972, 0.00278961  
232, -33.2717, 230.106, 180.906, 0.998519, 0.0253239, -0.0481444, -0.0261388, 0.999524, -0.0163726, 0.0477069, 0.0176068, 0.998706, 0.00302649  
233, -33.5684, 232.017, 180.892, 0.998528, 0.0238143, -0.0487277, -0.0248223, 0.999488, -0.0201873, 0.048222, 0.0213671, 0.998608, 0.00286561  
234, -33.742, 234.099, 180.968, 0.998604, 0.0234355, -0.047345, -0.024294, 0.999549, -0.0176393, 0.0469103, 0.0187649, 0.998723, 0.00264676  
235, -33.9201, 235.811, 180.924, 0.998592, 0.021978, -0.048272, -0.0233039, 0.999362, -0.0270793, 0.0476461, 0.0281661, 0.998467, 0.0028473  
236, -34.108, 238.036, 180.983, 0.998641, 0.0216971, -0.0473837, -0.0226855, 0.999534, -0.0204208, 0.0469185, 0.0214679, 0.998668, 0.002748  
237, -33.9772, 239.707, 181.031, 0.998674, 0.0181223, -0.0481889, -0.0195619, 0.999371, -0.0295706, 0.0476227, 0.0304741, 0.9984, 0.00309667  
238, -34.0748, 241.958, 181.036, 0.998592, 0.0181333, -0.0498501, -0.0195832, 0.999395, -0.0287523, 0.0492986, 0.029688, 0.998343, 0.00330664  
239, -34.1348, 243.587, 180.918, 0.998634, 0.0176813, -0.049163, -0.0195645, 0.999083, -0.0380901, 0.0484445, 0.039, 0.998064, 0.00275771  
240, -34.1769, 245.747, 180.977, 0.998686, 0.0169523, -0.0483675, -0.0187191, 0.999165, -0.0363137, 0.0477115, 0.0371714, 0.998169, 0.00282067  
241, -34.1213, 247.59, 181.022, 0.998582, 0.0174466, -0.0503002, -0.0195559, 0.998937, -0.0417515, 0.0495183, 0.042676, 0.997861, 0.00281263  
242, -34.0211, 249.574, 181.084, 0.998511, 0.0156815, -0.0522534, -0.0180905, 0.99878, -0.0459532, 0.051469, 0.0468301, 0.997576, 0.00298211  
243, -33.9574, 251.711, 181.134, 0.998667, 0.0154239, -0.0492531, -0.0174409, 0.999016, -0.0407881, 0.0485755, 0.0415928, 0.997953, 0.00320263  
244, -33.7781, 253.404, 181.117, 0.998797, 0.0129046, -0.0473065, -0.0150809, 0.99883, -0.0459403, 0.0466584, 0.0465985, 0.997823, 0.00278628  
245, -33.7542, 255.851, 181.113, 0.998809, 0.0140512, -0.046733, -0.0159765, 0.999028, -0.0410824, 0.0461103, 0.0417801, 0.998062, 0.00299043  
246, -33.4484, 257.511, 181.097, 0.998811, 0.0112599, -0.0474369, -0.0136838, 0.998601, -0.0510852, 0.0467953, 0.0516735, 0.997567, 0.00279821  
247, -33.3735, 260.02, 181.155, 0.99893, 0.0117656, -0.0447157, -0.0136606, 0.999011, -0.0423116, 0.0441737, 0.0428771, 0.998103, 0.00300153  
248, -33.0308, 261.767, 181.076, 0.99895, 0.0101792, -0.0446637, -0.0127089, 0.998309, -0.056727, 0.0440107, 0.0572351, 0.99739, 0.00313134  
249, -32.881, 264.244, 181.061, 0.999042, 0.0111576, -0.0423164, -0.0132993, 0.998627, -0.0506745, 0.0416928, 0.0511888, 0.997818, 0.00279682  
250, -32.5432, 266.169, 181.056, 0.999084, 0.00946198, -0.0417416, -0.0117749, 0.998388, -0.0555175, 0.041149, 0.0559581, 0.997585, 0.00301734  
251, -32.3724, 268.155, 181.045, 0.999278, 0.00818158, -0.0371009, -0.0103479, 0.998229, -0.0585803, 0.0365559, 0.0589219, 0.997593, 0.00283954  
252, -32.1285, 270.299, 181.145, 0.999335, 0.00775779, -0.0356408, -0.00967691, 0.998494, -0.0539933, 0.0351683, 0.0543022, 0.997905, 0.00300042  
253, -31.9229, 272.263, 181.126, 0.999335, 0.00634901, -0.0358961, -0.00849805, 0.99816, -0.0600367, 0.0354488, 0.0603018, 0.997551, 0.00337127  
254, -31.7222, 274.556, 181.185, 0.999434, 0.00741772, -0.0327977, -0.00922174, 0.998433, -0.0552001, 0.0323369, 0.0554713, 0.997936, 0.00279571  
255, -31.3917, 276.452, 181.274, 0.999535, 0.00350114, -0.0302798, -0.00530625, 0.9982, -0.0597411, 0.0300161, 0.059874, 0.997755, 0.00298877  
256, -31.2283, 278.753, 181.24, 0.999649, 0.00584569, -0.0258239, -0.00735597, 0.998244, -0.0587815, 0.0254349, 0.0589509, 0.997937, 0.00287532  
257, -30.9285, 280.698, 180.983, 0.999575, 0.00367736, -0.028913, -0.00563017, 0.997686, -0.0677526, 0.0285969, 0.0678866, 0.997283, 0.00293218  
258, -30.7664, 283.145, 181.006, 0.999696, 0.00536883, -0.0240657, -0.00677577, 0.998249, -0.0587675, 0.0237081, 0.0589127, 0.997982, 0.00311442  
259, -30.2876, 285.104, 181.074, 0.999813, 0.00192325, -0.0192642, -0.00320482, 0.997767, -0.0667175, 0.0190929, 0.0667667, 0.997586, 0.00281651  
260, -30.0183, 287.694, 181.132, 0.999888, 0.00340414, -0.0145584, -0.00422837, 0.998367, -0.0569641, 0.0143407, 0.0570193, 0.99827, 0.00294522  
261, -29.628, 289.925, 181.178, 0.999949, 0.00157145, -0.00993688, -0.00218545, 0.998069, -0.062084, 0.00982012, 0.0621026, 0.998021, 0.0026806  
262, -29.2955, 292.271, 181.124, 0.999991, 0.00205341, -0.00368374, -0.00226072, 0.998361, -0.0571854, 0.00356027, 0.0571932, 0.998357, 0.00279737  
263, -28.8511, 294.591, 181.004, 0.999997, 0.00218021, -0.00103238, -0.00223664, 0.9983, -0.0582427, 0.000903643, 0.0582448, 0.998302, 0.00338459  
264, -28.3241, 297.113, 181.094, 0.99998, 0.00340393, 0.0053804, -0.00312633, 0.998705, -0.0507863, -0.0055463, 0.0507684, 0.998695, 0.00281069  
265, -27.7231, 299.59, 181.061, 0.999959, 0.00359793, 0.00832775, -0.00313898, 0.99851, -0.0544825, -0.00851137, 0.0544541, 0.99848, 0.00289751  
266, -27.076, 302.154, 181.128, 0.999913, 0.00310975, 0.0128376, -0.00240261, 0.998498, -0.0547361, -0.0129886, 0.0547004, 0.998418, 0.00277297  
267, -26.3495, 304.499, 181.176, 0.999837, 0.00274494, 0.0178276, -0.00174039, 0.998422, -0.0561211, -0.0179535, 0.0560809, 0.998265, 0.0029896  
268, -25.7134, 307.004, 181.223, 0.999758, 0.00303597, 0.0217827, -0.00180171, 0.998403, -0.0564599, -0.0219193, 0.056407, 0.998167, 0.00329472  
269, -24.9851, 309.45, 181.268, 0.999588, 0.00523847, 0.0282364, -0.0035442, 0.998209, -0.0597226, -0.0284987, 0.0595979, 0.997816, 0.00274745  
270, -24.2097, 311.95, 181.315, 0.999492, 0.00463567, 0.0315393, -0.00277127, 0.99826, -0.0589024, -0.0317575, 0.0587851, 0.997765, 0.00291693  
271, -23.3944, 314.58, 181.47, 0.999296, 0.00551395, 0.0370978, -0.00365589, 0.998744, -0.049968, -0.0373268, 0.0497972, 0.998062, 0.0027738  
272, -22.5133, 317.053, 181.51, 0.999131, 0.00481964, 0.0414049, -0.00274209, 0.998741, -0.0500876, -0.0415942, 0.0499305, 0.997886, 0.00281651  
273, -21.6573, 319.422, 181.56, 0.998974, 0.00498037, 0.0450048, -0.00285404, 0.998882, -0.047188, -0.0451895, 0.0470112, 0.997872, 0.0032176  
274, -20.7511, 321.965, 181.613, 0.998717, 0.005285, 0.0503581, -0.00306677, 0.999026, -0.0440251, -0.0505417, 0.0438142, 0.99776, 0.00275355  
275, -19.9739, 324.393, 181.656, 0.998447, 0.0050414, 0.0554799, -0.00235733, 0.998828, -0.0483388, -0.0556586, 0.048133, 0.997289, 0.0029086  
276, -19.2973, 327.113, 181.726, 0.998166, 0.00582098, 0.06026, -0.00326028, 0.999091, -0.0425055, -0.0604527, 0.042231, 0.997277, 0.00275632  
277, -18.5238, 329.469, 181.753, 0.998002, 0.0053047, 0.0629565, -0.00211577, 0.998716, -0.0506119, -0.0631441, 0.0503776, 0.996732, 0.00298738  
