0, 0, 0, 0, 0, 0, 0, 0, 0, 0, 0, 0, 0, 0.0062857  
1, -2.14445, -8.16185, 180.332, 0.99994, -0.00508237, 0.00973104, 0.00518027, 0.999936, -0.0100615, -0.00967928, 0.0101113, 0.999902, 0.00271305  
2, -2.14682, -8.16737, 180.31, 0.999937, -0.00542981, 0.00979432, 0.00554417, 0.999916, -0.0116869, -0.00973004, 0.0117405, 0.999884, 0.00273108  
3, -2.15566, -8.17587, 180.334, 0.999924, -0.00497792, 0.0112357, 0.00507579, 0.999949, -0.00869903, -0.0111918, 0.00875541, 0.999899, 0.00284703  
4, -2.12396, -8.14544, 180.352, 0.999928, -0.00546849, 0.010712, 0.00558037, 0.99993, -0.0104425, -0.0106541, 0.0105016, 0.999888, 0.00291055  
5, -2.14485, -8.16095, 180.337, 0.999925, -0.00503457, 0.0111888, 0.00514621, 0.999937, -0.00997169, -0.0111379, 0.0100285, 0.999888, 0.00280958  
6, -2.15051, -8.17326, 180.337, 0.999923, -0.00557675, 0.0110494, 0.00569473, 0.999927, -0.0106751, -0.0109891, 0.0107372, 0.999882, 0.00317211  
7, -2.12229, -8.16134, 180.352, 0.999923, -0.00489669, 0.0114106, 0.00501552, 0.999933, -0.0104092, -0.0113589, 0.0104656, 0.999881, 0.00280126  
8, -2.11677, -8.1613, 180.337, 0.999931, -0.00587057, 0.0101742, 0.00596983, 0.999935, -0.00975288, -0.0101162, 0.00981294, 0.999901, 0.00283066  
9, -2.11948, -8.16979, 180.326, 0.999929, -0.0050135, 0.0108258, 0.00513269, 0.999926, -0.0110104, -0.0107698, 0.0110652, 0.999881, 0.00288586  
10, -2.12311, -8.18684, 180.328, 0.999925, -0.0053718, 0.0109636, 0.00548274, 0.999934, -0.0101141, -0.0109085, 0.0101735, 0.999889, 0.00283815  
11, -2.11879, -8.16484, 180.34, 0.999936, -0.00511419, 0.010077, 0.00522123, 0.99993, -0.0106251, -0.010022, 0.010677, 0.999893, 0.00301872  
12, -2.1179, -8.15415, 180.342, 0.999932, -0.00602827, 0.00996894, 0.00613613, 0.999923, -0.0108248, -0.00990291, 0.0108853, 0.999892, 0.00280708  
13, -2.14124, -8.17049, 180.318, 0.999924, -0.0051479, 0.0111579, 0.00524705, 0.999947, -0.00887492, -0.0111116, 0.0089328, 0.999898, 0.00284647  
14, -2.12461, -8.17958, 180.326, 0.999925, -0.00511545, 0.0111702, 0.00522707, 0.999936, -0.00998659, -0.0111184, 0.0100442, 0.999888, 0.00303925  
15, -2.12385, -8.15316, 180.35, 0.999926, -0.00563258, 0.0107417, 0.00574502, 0.999929, -0.0104655, -0.010682, 0.0105265, 0.999888, 0.00279682  
16, -2.10185, -8.16128, 180.38, 0.999928, -0.00494526, 0.0109455, 0.005051, 0.999941, -0.00965445, -0.0108971, 0.00970903, 0.999893, 0.00325422  
17, -2.12006, -8.16418, 180.345, 0.999931, -0.00546672, 0.0103936, 0.00556676, 0.999938, -0.00962064, -0.0103404, 0.00967783, 0.9999, 0.00289224  
18, -2.12275, -8.17168, 180.353, 0.99993, -0.0057295, 0.0103075, 0.00582415, 0.999941, -0.00917639, -0.0102543, 0.00923579, 0.999905, 0.00480117  
19, -2.13081, -8.17111, 180.342, 0.99992, -0.00555134, 0.0114068, 0.00565697, 0.999941, -0.00924888, -0.0113548, 0.00931267, 0.999892, 0.00288669  
20, -2.10155, -8.17037, 180.339, 0.999935, -0.00562265, 0.00990479, 0.00572344, 0.999932, -0.0101766, -0.00984689, 0.0102327, 0.999899, 0.00292331  
21, -2.1215, -8.17094, 180.336, 0.999929, -0.00558235, 0.0105295, 0.00567738, 0.999943, -0.00901722, -0.0104786, 0.00907636, 0.999904, 0.00303259  
22, -2.10445, -8.17096, 180.313, 0.999923, -0.00571388, 0.0110515, 0.00582396, 0.999933, -0.00995402, -0.0109939, 0.0100176, 0.999889, 0.00286589  
23, -2.12884, -8.16725, 180.339, 0.999928, -0.00568946, 0.0105931, 0.00579233, 0.999936, -0.00970596, -0.0105372, 0.00976662, 0.999897, 0.00293745  
24, -2.12063, -8.17837, 180.357, 0.999937, -0.00540285, 0.00983035, 0.00550866, 0.999927, -0.0107679, -0.00977145, 0.0108214, 0.999894, 0.00287726  
25, -2.11308, -8.18552, 180.34, 0.999933, -0.00456374, 0.0106334, 0.00467082, 0.999938, -0.0100674, -0.0105868, 0.0101164, 0.999893, 0.00281901  
26, -2.13296, -8.18426, 180.334, 0.999938, -0.00514519, 0.00986062, 0.00525401, 0.999925, -0.011042, -0.00980307, 0.0110932, 0.99989, 0.00312524  
27, -2.12884, -8.16725, 180.33, 0.999927, -0.00543215, 0.0108001, 0.00555347, 0.999921, -0.0112355, -0.0107382, 0.0112947, 0.999879, 0.00276242  
28, -2.13141, -8.1739, 180.348, 0.999928, -0.00480796, 0.0109897, 0.00491497, 0.999941, -0.00973053, -0.0109422, 0.00978385, 0.999892, 0.00305451  
29, -2.1386, -8.15885, 180.34, 0.99992, -0.00589802, 0.0111809, 0.00600729, 0.999934, -0.00976458, -0.0111226, 0.00983097, 0.99989, 0.00293773  
30, -2.13057, -8.17398, 180.341, 0.999928, -0.00519545, 0.0108071, 0.00529772, 0.999941, -0.00945599, -0.0107573, 0.00951256, 0.999897, 0.00278961  
31, -2.10982, -8.18498, 180.336, 0.999927, -0.0051784, 0.0109475, 0.00529202, 0.999932, -0.0103746, -0.0108931, 0.0104318, 0.999886, 0.00284786  
32, -2.11927, -8.17934, 180.353, 0.999934, -0.00526636, 0.0102323, 0.00536672, 0.999938, -0.00980593, -0.01018, 0.00986019, 0.9999, 0.00279127  
33, -2.13395, -8.16477, 180.352, 0.999932, -0.00529669, 0.0104018, 0.00539728, 0.999939, -0.00966657, -0.01035, 0.00972206, 0.999899, 0.00321483  
34, -2.13426, -8.17145, 180.316, 0.999928, -0.00512789, 0.0108705, 0.00523542, 0.999937, -0.00988643, -0.0108191, 0.00994263, 0.999892, 0.00303592  
35, -2.14687, -8.17886, 180.336, 0.999924, -0.00514032, 0.0111856, 0.00525375, 0.999935, -0.0101348, -0.0111327, 0.0101928, 0.999886, 0.00273718  
36, -2.13287, -8.17253, 180.346, 0.999931, -0.00577289, 0.0102229, 0.0058725, 0.999935, -0.00974043, -0.010166, 0.00979979, 0.9999, 0.00286783  
37, -2.12137, -8.15304, 180.341, 0.999935, -0.0058885, 0.00980414, 0.00598955, 0.999929, -0.0103098, -0.00974273, 0.0103679, 0.999899, 0.00290139  
38, -2.12194, -8.17696, 180.343, 0.999934, -0.00565415, 0.0100418, 0.00575712, 0.999931, -0.0102553, -0.0099831, 0.0103125, 0.999897, 0.00282178  
39, -2.11986, -8.1611, 180.354, 0.999931, -0.00593982, 0.0101266, 0.00603659, 0.999936, -0.00955199, -0.0100692, 0.00961247, 0.999903, 0.00283482  
40, -2.1199, -8.16491, 180.329, 0.999929, -0.00505808, 0.0108249, 0.0051582, 0.999944, -0.00924106, -0.0107776, 0.00929623, 0.999899, 0.00273968  
41, -2.11593, -8.16144, 180.343, 0.999925, -0.00515602, 0.0110795, 0.00526158, 0.999941, -0.00951997, -0.0110298, 0.00957756, 0.999893, 0.00282262  
42, -2.12726, -8.17213, 180.344, 0.999932, -0.005405, 0.0103639, 0.00551762, 0.999926, -0.0108693, -0.0103044, 0.0109257, 0.999887, 0.00285119  
43, -2.13579, -8.17529, 180.336, 0.999928, -0.00466213, 0.0110829, 0.00477081, 0.999941, -0.00980003, -0.0110365, 0.00985219, 0.999891, 0.00281513  
44, -2.11863, -8.18064, 180.339, 0.999931, -0.0050025, 0.0106015, 0.00511127, 0.999934, -0.0102581, -0.0105495, 0.0103116, 0.999891, 0.00302094  
45, -2.13795, -8.14852, 180.345, 0.999943, -0.0052435, 0.00926741, 0.00534314, 0.999928, -0.0107598, -0.00921033, 0.0108087, 0.999899, 0.00280486  
46, -2.12882, -8.15065, 180.337, 0.999926, -0.00554487, 0.0108439, 0.00565664, 0.999931, -0.0103039, -0.010786, 0.0103645, 0.999888, 0.00279377  
47, -2.12698, -8.15702, 180.363, 0.999929, -0.00577314, 0.0104034, 0.00588415, 0.999926, -0.0106717, -0.010341, 0.0107322, 0.999889, 0.00282983  
48, -2.12522, -8.16028, 180.337, 0.999931, -0.00533641, 0.0104661, 0.00544015, 0.999936, -0.00990866, -0.0104125, 0.00996492, 0.999896, 0.00278351  
49, -2.13596, -8.16565, 180.352, 0.999927, -0.00544679, 0.0107955, 0.00554515, 0.999943, -0.00910237, -0.0107453, 0.00916157, 0.9999, 0.0028412  
50, -2.1198, -8.17144, 180.334, 0.999928, -0.00535552, 0.0107075, 0.00545794, 0.999939, -0.00955894, -0.0106557, 0.0096167, 0.999897, 0.00291526  
51, -2.1228, -8.16937, 180.315, 0.999929, -0.00497004, 0.0108225, 0.0050712, 0.999944, -0.00934002, -0.0107755, 0.00939425, 0.999898, 0.00279432  
52, -2.12059, -8.16572, 180.329, 0.999934, -0.00545433, 0.0100935, 0.00556358, 0.999926, -0.0108274, -0.0100336, 0.0108828, 0.99989, 0.00310998  
53, -2.11336, -8.17089, 180.349, 0.999927, -0.00510127, 0.010959, 0.00520373, 0.999943, -0.00934116, -0.0109107, 0.00939751, 0.999896, 0.00276326  
54, -2.13773, -8.18031, 180.346, 0.999925, -0.00513433, 0.0110949, 0.00523181, 0.999948, -0.0087751, -0.0110493, 0.00883249, 0.9999, 0.00285979  
55, -2.11684, -8.18811, 180.357, 0.999927, -0.00480032, 0.0111106, 0.00490964, 0.99994, -0.00983324, -0.0110627, 0.00988707, 0.99989, 0.00301318  
56, -2.11594, -8.16045, 180.362, 0.999934, -0.00568344, 0.00999381, 0.00578437, 0.999932, -0.0100996, -0.00993573, 0.0101568, 0.999899, 0.00295326  
57, -2.12721, -8.17782, 180.324, 0.999933, -0.00518024, 0.0103484, 0.00528874, 0.999931, -0.0104854, -0.0102934, 0.0105395, 0.999891, 0.00298572  
58, -2.1557, -8.18429, 180.331, 0.999929, -0.00499256, 0.0108435, 0.00509299, 0.999944, -0.00925472, -0.0107967, 0.00930929, 0.999898, 0.00277518  
59, -2.13065, -8.16791, 180.347, 0.99993, -0.005143, 0.0106951, 0.00525992, 0.999926, -0.010933, -0.0106381, 0.0109885, 0.999883, 0.00285146  
60, -2.12222, -8.17987, 180.34, 0.999934, -0.00514537, 0.0102474, 0.00524901, 0.999935, -0.0101127, -0.0101947, 0.0101658, 0.999896, 0.00289723  
61, -2.1289, -8.18189, 180.345, 0.999921, -0.00508722, 0.0115297, 0.00519405, 0.999944, -0.00925428, -0.011482, 0.00931343, 0.999891, 0.00286866  
62, -2.1144, -8.17424, 180.362, 0.999932, -0.00556282, 0.0102824, 0.00567167, 0.999928, -0.0105877, -0.0102228, 0.0106453, 0.999891, 0.00293024  
63, -2.13053, -8.20374, 180.333, 0.999921, -0.00517741, 0.011465, 0.00530159, 0.999927, -0.0108278, -0.0114081, 0.0108877, 0.999876, 0.00284009  
64, -2.11463, -8.2314, 180.339, 0.999924, -0.00545735, 0.0110424, 0.00558734, 0.999915, -0.0117756, -0.0109772, 0.0118364, 0.99987, 0.00282289  
65, -2.07073, -8.23016, 180.355, 0.999929, -0.00552096, 0.0106049, 0.00564906, 0.999911, -0.0120873, -0.0105373, 0.0121464, 0.999871, 0.00291443  
66, -2.06333, -8.27508, 180.349, 0.999927, -0.00547127, 0.0107651, 0.00561386, 0.999896, -0.0132601, -0.0106914, 0.0133196, 0.999854, 0.00286977  
67, -2.02889, -8.31287, 180.352, 0.999932, -0.00509752, 0.0104938, 0.00525482, 0.999873, -0.0150168, -0.010416, 0.0150709, 0.999832, 0.00314798  
68, -1.99663, -8.35751, 180.37, 0.999931, -0.0050545, 0.0105768, 0.00523423, 0.999841, -0.0170343, -0.0104891, 0.0170885, 0.999799, 0.00282345  
69, -1.97098, -8.41562, 180.408, 0.999916, -0.00588557, 0.0115472, 0.00608102, 0.999838, -0.0169647, -0.0114454, 0.0170335, 0.999789, 0.00281485  
70, -1.94704, -8.44593, 180.385, 0.999927, -0.00575986, 0.0106074, 0.0059758, 0.999773, -0.020439, -0.0104872, 0.0205009, 0.999735, 0.00292552  
71, -1.95389, -8.51385, 180.402, 0.999915, -0.00612001, 0.0115179, 0.0063599, 0.999761, -0.0209071, -0.0113872, 0.0209786, 0.999715, 0.00287698  
72, -1.95159, -8.56784, 180.415, 0.999922, -0.00609479, 0.010876, 0.00636408, 0.99967, -0.0248996, -0.0107207, 0.0249668, 0.999631, 0.00322121  
73, -1.96097, -8.65284, 180.402, 0.999924, -0.0047391, 0.0113701, 0.00502911, 0.999659, -0.0256148, -0.0112448, 0.0256701, 0.999607, 0.00281624  
74, -1.96426, -8.67809, 180.41, 0.999919, -0.00606192, 0.0111726, 0.00636551, 0.999606, -0.0273408, -0.0110025, 0.0274097, 0.999564, 0.00283205  
75, -1.95922, -8.73394, 180.429, 0.999919, -0.00518257, 0.0116156, 0.00553066, 0.99953, -0.0301386, -0.0114539, 0.0302004, 0.999478, 0.00286228  
76, -1.92664, -8.75355, 180.444, 0.999922, -0.00586309, 0.0110476, 0.00621323, 0.999471, -0.0319307, -0.0108545, 0.0319968, 0.999429, 0.00283732  
77, -1.9421, -8.7885, 180.472, 0.999924, -0.00523389, 0.0112023, 0.00560968, 0.999413, -0.0337817, -0.0110189, 0.0338419, 0.999366, 0.00322759  
78, -1.92435, -8.82766, 180.444, 0.999907, -0.00553516, 0.0124308, 0.00600206, 0.999266, -0.0378422, -0.0122122, 0.0379133, 0.999206, 0.00289917  
79, -1.90703, -8.84538, 180.476, 0.999898, -0.00563583, 0.0131333, 0.00615201, 0.999197, -0.0396001, -0.0128996, 0.0396768, 0.999129, 0.00287754  
80, -1.90299, -8.88027, 180.483, 0.999905, -0.00563246, 0.0125969, 0.0061672, 0.999064, -0.042822, -0.0123439, 0.0428956, 0.999003, 0.0033194  
81, -1.88376, -8.89261, 180.497, 0.99989, -0.00606894, 0.013502, 0.00664938, 0.999037, -0.0433681, -0.0132258, 0.0434531, 0.998968, 0.0028032  
82, -1.9052, -8.96822, 180.504, 0.999899, -0.00598346, 0.0129147, 0.00659019, 0.998851, -0.0474597, -0.0126159, 0.04754, 0.99879, 0.00306727  
83, -1.86789, -8.99597, 180.513, 0.999903, -0.00591912, 0.0126459, 0.00657378, 0.998606, -0.0523699, -0.0123183, 0.0524479, 0.998548, 0.00279793  
84, -1.8975, -9.06136, 180.499, 0.999891, -0.0055015, 0.0136892, 0.00623507, 0.998514, -0.0541345, -0.013371, 0.054214, 0.99844, 0.00284231  
85, -1.91535, -9.07277, 180.496, 0.999889, -0.00495968, 0.0140791, 0.00577532, 0.998271, -0.0584967, -0.0137646, 0.0585715, 0.998188, 0.00311886  
86, -1.90507, -9.02792, 180.47, 0.9999, -0.00509173, 0.0132181, 0.00589472, 0.998093, -0.0614395, -0.0128801, 0.0615112, 0.998023, 0.00284203  
87, -1.87104, -9.05822, 180.471, 0.999906, -0.00444688, 0.0129415, 0.00528198, 0.997857, -0.0652265, -0.0126237, 0.0652888, 0.997787, 0.00320568  
88, -1.85363, -9.13699, 180.492, 0.999891, -0.00638398, 0.0133003, 0.00730315, 0.997503, -0.0702478, -0.0128186, 0.0703373, 0.997441, 0.00284952  
89, -1.88143, -9.11888, 180.482, 0.99988, -0.00583034, 0.0143853, 0.0068713, 0.997278, -0.0734088, -0.0139182, 0.0734988, 0.997198, 0.0029405  
90, -1.84703, -9.20823, 180.486, 0.999899, -0.00557553, 0.0131017, 0.00658597, 0.996901, -0.0783906, -0.012624, 0.0784689, 0.996837, 0.00286228  
91, -1.83998, -9.20274, 180.479, 0.9999, -0.0057502, 0.0129296, 0.00680093, 0.996547, -0.0827482, -0.0124091, 0.0828279, 0.996487, 0.00279238  
92, -1.87933, -9.13945, 180.486, 0.999872, -0.00536547, 0.0150485, 0.00662131, 0.996386, -0.0846852, -0.0145398, 0.084774, 0.996294, 0.00324867  
93, -1.8556, -9.08949, 180.455, 0.999889, -0.00528249, 0.0139659, 0.00652829, 0.995855, -0.0907188, -0.0134288, 0.0907998, 0.995779, 0.00281069  
94, -1.8833, -9.04484, 180.476, 0.999871, -0.0050263, 0.0152613, 0.00642688, 0.995631, -0.0931582, -0.0147264, 0.0932442, 0.995534, 0.00295326  
95, -1.87627, -9.01279, 180.494, 0.999884, -0.00497733, 0.0144117, 0.00635123, 0.995273, -0.0969134, -0.0138612, 0.0969937, 0.995188, 0.00288114  
96, -1.90771, -8.92291, 180.455, 0.999868, -0.00522401, 0.0153707, 0.00676661, 0.994753, -0.102085, -0.0147567, 0.102175, 0.994657, 0.00302344  
97, -1.91562, -8.76543, 180.447, 0.999875, -0.00572674, 0.0147559, 0.00724367, 0.994457, -0.104891, -0.0140734, 0.104985, 0.994374, 0.00332939  
98, -1.95887, -8.68434, 180.414, 0.999847, -0.0056605, 0.0165693, 0.00743003, 0.99404, -0.108763, -0.0158549, 0.108869, 0.99393, 0.00289612  
99, -1.97659, -8.57881, 180.448, 0.999867, -0.00508856, 0.0155001, 0.00680338, 0.993609, -0.112673, -0.0148277, 0.112763, 0.993511, 0.0027591  
100, -1.99119, -8.37076, 180.464, 0.99987, -0.00464999, 0.0154392, 0.00640136, 0.993298, -0.115402, -0.0147991, 0.115485, 0.993199, 0.00294799  
101, -2.02686, -8.10668, 180.452, 0.99986, -0.00524009, 0.015888, 0.00708826, 0.992917, -0.118598, -0.015154, 0.118694, 0.992815, 0.00279737  
102, -2.04678, -7.84597, 180.481, 0.999864, -0.00499744, 0.0157434, 0.00684835, 0.992774, -0.119801, -0.015031, 0.119892, 0.992673, 0.00311914  
103, -2.08506, -7.51881, 180.251, 0.99972, -0.0070593, 0.0225985, 0.00993869, 0.99147, -0.129956, -0.0214884, 0.130144, 0.991262, 0.00275577  
104, -2.03469, -7.1383, 180.481, 0.999854, -0.00579838, 0.0160881, 0.00775372, 0.992218, -0.124274, -0.0152423, 0.12438, 0.992118, 0.00277352  
105, -2.05939, -6.84735, 180.503, 0.999863, -0.00495547, 0.0157717, 0.00693475, 0.991746, -0.128029, -0.0150071, 0.12812, 0.991645, 0.00289473  
106, -2.08608, -6.3465, 180.488, 0.999866, -0.00369803, 0.0159435, 0.00575012, 0.991411, -0.130654, -0.0153234, 0.130728, 0.9913, 0.00282012  
107, -2.11958, -5.90421, 180.45, 0.999854, -0.00341567, 0.016731, 0.00565763, 0.990714, -0.135847, -0.0161116, 0.135922, 0.990589, 0.00313134  
108, -2.10732, -5.23579, 180.444, 0.999837, -0.0035955, 0.0177037, 0.00595567, 0.99081, -0.135126, -0.0170552, 0.13521, 0.99067, 0.00278212  
109, -2.17046, -4.61386, 180.41, 0.999815, -0.00284731, 0.0190087, 0.00544995, 0.990374, -0.138308, -0.0184319, 0.138386, 0.990207, 0.00284342  
110, -2.16712, -3.94688, 180.407, 0.999825, -0.00242401, 0.0185316, 0.00501713, 0.989969, -0.141194, -0.0180035, 0.141263, 0.989808, 0.00289695  
111, -2.19645, -3.09081, 180.395, 0.999795, -0.00161282, 0.0201955, 0.00446708, 0.989843, -0.142097, -0.0197612, 0.142158, 0.989647, 0.00277574  
112, -2.20166, -2.36894, 180.378, 0.999805, -0.000757144, 0.0197083, 0.0035873, 0.989576, -0.143967, -0.0193938, 0.14401, 0.989386, 0.00311165  
113, -2.23385, -1.44294, 180.377, 0.999768, -0.000967728, 0.021516, 0.00406972, 0.989482, -0.144601, -0.0211497, 0.144655, 0.989256, 0.00274384  
114, -2.24813, -0.576443, 180.341, 0.999802, -0.000198639, 0.0198911, 0.00312423, 0.989108, -0.147158, -0.0196452, 0.147191, 0.988913, 0.00279987  
115, -2.33727, 0.452527, 180.332, 0.999816, 0.000413528, 0.0191703, 0.00241742, 0.989072, -0.147415, -0.0190218, 0.147434, 0.988889, 0.00284009  
116, -2.31376, 1.50169, 180.311, 0.999833, -0.000346074, 0.0182459, 0.00299285, 0.989393, -0.145235, -0.0180021, 0.145265, 0.989229, 0.00282151  
117, -2.42789, 2.54906, 180.314, 0.999846, 0.000460303, 0.0175344, 0.00214115, 0.988977, -0.148054, -0.0174093, 0.148069, 0.988824, 0.00314244  
118, -2.47249, 3.59301, 180.346, 0.999828, 0.000281141, 0.0185269, 0.00243839, 0.989193, -0.146602, -0.0183679, 0.146622, 0.989022, 0.00278406  
119, -2.55583, 4.77977, 180.407, 0.999848, -0.000384579, 0.0174297, 0.00291811, 0.989344, -0.145567, -0.0171879, 0.145596, 0.989195, 0.00286117  
120, -2.64641, 6.09448, 180.447, 0.999831, -0.000300423, 0.0183985, 0.00292899, 0.989717, -0.143009, -0.0181664, 0.143039, 0.98955, 0.00272831  
121, -2.70663, 7.40576, 180.425, 0.999858, -0.000431466, 0.0168737, 0.00284978, 0.989638, -0.143559, -0.0166369, 0.143587, 0.989498, 0.00278683  
122, -2.79211, 8.8349, 180.422, 0.999824, -0.00038124, 0.0187688, 0.00305867, 0.989742, -0.142833, -0.0185218, 0.142865, 0.989569, 0.0029663  
123, -2.81243, 10.3758, 180.383, 0.999802, -0.00149309, 0.0198569, 0.00427872, 0.990001, -0.140995, -0.0194478, 0.141052, 0.989811, 0.00281374  
124, -2.96313, 11.8714, 180.32, 0.999761, -0.00237457, 0.0217538, 0.0054188, 0.989999, -0.140972, -0.0212015, 0.141057, 0.989774, 0.00283787  
125, -3.00899, 13.6126, 180.345, 0.99977, -0.00194929, 0.0213537, 0.00493787, 0.990024, -0.140813, -0.0208662, 0.140886, 0.989806, 0.00309778  
126, -3.02765, 15.2831, 180.347, 0.999758, -0.000432113, 0.0219956, 0.00350138, 0.990188, -0.139695, -0.0217194, 0.139738, 0.98995, 0.00283205  
127, -2.99532, 18.5842, 180.49, 0.999833, 0.00112939, 0.0182408, 0.00135244, 0.99078, -0.135476, -0.0182256, 0.135478, 0.990613, 0.00278295  
128, -2.95023, 23.8252, 180.39, 0.999812, 0.00112304, 0.0193604, 0.00124488, 0.992546, -0.121863, -0.019353, 0.121864, 0.992358, 0.00278767  
129, -2.99195, 25.4192, 180.423, 0.999733, 0.00125502, 0.0230787, 0.0016386, 0.992164, -0.124935, -0.0230546, 0.12494, 0.991896, 0.00283038  
130, -2.93477, 27.3931, 180.464, 0.999691, 0.000251489, 0.0248372, 0.00285479, 0.992159, -0.124951, -0.0246739, 0.124983, 0.991852, 0.00276631  
131, -2.86786, 29.3417, 180.523, 0.99966, 0.00116926, 0.0260529, 0.00201407, 0.992549, -0.121826, -0.0260012, 0.121837, 0.992209, 0.00284536  
132, -2.8487, 31.4037, 180.535, 0.999691, 0.00132502, 0.0248327, 0.00160475, 0.993061, -0.11759, -0.0248162, 0.117593, 0.992752, 0.00284481  
133, -2.90413, 33.5297, 180.501, 0.999712, 0.00332608, 0.0237817, -0.000631424, 0.99366, -0.112429, -0.0240049, 0.112381, 0.993375, 0.00282151  
134, -2.90949, 35.6698, 180.319, 0.999586, 0.00314426, 0.0286125, 0.000218114, 0.99316, -0.116759, -0.0287839, 0.116717, 0.992748, 0.00312191  
135, -2.84651, 37.6122, 180.606, 0.999757, 0.00208732, 0.0219447, 0.000290188, 0.994174, -0.107783, -0.0220419, 0.107764, 0.993932, 0.00273663  
136, -2.93532, 39.7028, 180.67, 0.999732, 0.00322809, 0.0229356, -0.000831288, 0.994603, -0.103751, -0.0231467, 0.103704, 0.994339, 0.00272276  
137, -3.05925, 42.1623, 180.453, 0.99963, 0.00112592, 0.027159, 0.00167843, 0.994679, -0.103013, -0.0271304, 0.103021, 0.994309, 0.00286228  
138, -3.04191, 44.1901, 180.603, 0.999718, 0.00420856, 0.0233839, -0.0020198, 0.995678, -0.092848, -0.0236736, 0.0927746, 0.995406, 0.00284758  
139, -3.05731, 46.4864, 180.553, 0.999762, 0.00554317, 0.0210892, -0.00370706, 0.996277, -0.0861275, -0.0214881, 0.0860288, 0.996061, 0.00359872  
140, -3.16703, 48.7474, 180.549, 0.999779, 0.00683352, 0.0198873, -0.00517483, 0.996595, -0.0822916, -0.020382, 0.0821705, 0.99641, 0.00273746  
141, -3.37306, 53.3031, 180.537, 0.999825, 0.00345867, 0.0184041, -0.00208226, 0.997235, -0.0742881, -0.0186101, 0.0742368, 0.997067, 0.00273275  
142, -3.89445, 55.6815, 180.517, 0.999763, 0.00281274, 0.0215753, -0.00132126, 0.997627, -0.0688345, -0.0217177, 0.0687897, 0.997395, 0.00262984  
143, -4.07898, 58.1562, 180.621, 0.99972, 0.00286302, 0.0234889, -0.00137892, 0.998015, -0.0629578, -0.0236225, 0.0629077, 0.99774, 0.0028118  
144, -4.34312, 60.6399, 180.713, 0.999624, 0.00115097, 0.0273985, 0.000545562, 0.998086, -0.0618325, -0.0274173, 0.0618242, 0.99771, 0.00298988  
145, -4.59227, 63.1323, 180.751, 0.999631, 0.00375718, 0.0269047, -0.00215056, 0.998226, -0.0594968, -0.0270805, 0.059417, 0.997866, 0.00283926  
146, -4.77443, 65.7255, 180.674, 0.999699, 0.00299905, 0.0243433, -0.00170831, 0.9986, -0.0528711, -0.0244678, 0.0528136, 0.998305, 0.00292331  
147, -4.93864, 68.1783, 180.607, 0.999727, 0.00319908, 0.0231237, -0.00215035, 0.998974, -0.0452364, -0.0232447, 0.0451743, 0.998709, 0.00282095  
148, -5.09281, 70.5592, 180.573, 0.999789, 0.00078908, 0.0205496, 7.26007e-005, 0.999122, -0.0418973, -0.0205646, 0.0418899, 0.998911, 0.00321012  
149, -5.33795, 73.1092, 180.643, 0.999697, -0.000929614, 0.0246082, 0.00179509, 0.99938, -0.0351717, -0.0245602, 0.0352052, 0.999078, 0.00275965  
150, -5.37145, 75.4996, 180.673, 0.999739, -0.000757644, 0.0228204, 0.00140577, 0.999596, -0.0283984, -0.0227897, 0.028423, 0.999336, 0.0027652  
151, -5.67737, 78.09, 180.55, 0.999814, 0.000759338, 0.0192621, -0.000164289, 0.999523, -0.030875, -0.0192764, 0.0308661, 0.999338, 0.00284065  
152, -5.90739, 80.8047, 180.58, 0.999834, 0.00192737, 0.0180938, -0.00154115, 0.999771, -0.021335, -0.0181307, 0.0213036, 0.999609, 0.00277796  
153, -6.07537, 83.3407, 180.581, 0.999873, 0.000982369, 0.0159347, -0.000736057, 0.99988, -0.015456, -0.015948, 0.0154423, 0.999754, 0.00282816  
154, -6.39423, 85.8405, 180.522, 0.999891, 0.00144825, 0.0147222, -0.00130182, 0.99995, -0.00995095, -0.0147358, 0.00993069, 0.999842, 0.00281929  
155, -6.70766, 88.5261, 180.546, 0.999921, 0.00193513, 0.0124532, -0.00190759, 0.999996, -0.0022233, -0.0124575, 0.00219937, 0.99992, 0.00287948  
156, -6.96923, 90.8925, 180.488, 0.999913, 0.00292224, 0.012901, -0.00290598, 0.999995, -0.00127853, -0.0129047, 0.00124093, 0.999916, 0.00291914  
157, -7.42674, 93.366, 180.483, 0.99989, 0.000134185, 0.0148016, -0.000197758, 0.999991, 0.00429358, -0.0148009, -0.00429603, 0.999881, 0.00288225  
158, -7.81235, 95.9753, 180.508, 0.999861, 0.000726227, 0.0166784, -0.000900346, 0.999945, 0.0104347, -0.0166699, -0.0104483, 0.999806, 0.0029932  
159, -8.13152, 98.4544, 180.535, 0.99987, -0.000502951, 0.016134, 0.00029031, 0.999913, 0.0131793, -0.0161392, -0.0131729, 0.999783, 0.00283926  
160, -8.4576, 100.908, 180.618, 0.99991, -0.00106008, 0.0133896, 0.000800105, 0.999811, 0.0194064, -0.0134077, -0.0193939, 0.999722, 0.00283399  
161, -8.7676, 103.422, 180.518, 0.999926, 0.00156657, 0.0120308, -0.00184419, 0.999731, 0.0231, -0.0119914, -0.0231205, 0.999661, 0.00293912  
162, -9.04434, 105.695, 180.529, 0.999967, 0.0028093, 0.00764342, -0.0029605, 0.999799, 0.0198432, -0.00758613, -0.0198651, 0.999774, 0.00279155  
163, -9.36074, 108.294, 180.584, 0.999947, 0.00499624, 0.00905078, -0.00523693, 0.999628, 0.0267674, -0.00891368, -0.0268134, 0.999601, 0.00316684  
164, -9.65229, 110.567, 180.581, 0.99996, 0.00238087, 0.00866119, -0.00265145, 0.999504, 0.0313649, -0.00858222, -0.0313866, 0.99947, 0.00279127  
165, -10.0136, 113.054, 180.516, 0.999954, 0.00354839, 0.00890214, -0.00387335, 0.999317, 0.0367558, -0.00876563, -0.0367886, 0.999285, 0.00282178  
166, -10.295, 115.196, 180.595, 0.999972, 0.00292673, 0.00686975, -0.00318165, 0.999295, 0.0373955, -0.00675547, -0.0374164, 0.999277, 0.00303176  
167, -10.6699, 117.69, 180.547, 0.999975, 0.0040558, 0.00584127, -0.0043046, 0.999056, 0.0432298, -0.00566043, -0.0432538, 0.999048, 0.00282983  
168, -11.0371, 119.834, 180.505, 0.999988, 0.00159983, 0.00466223, -0.00180682, 0.998997, 0.0447367, -0.00458599, -0.0447445, 0.998988, 0.00323425  
169, -11.4102, 122.29, 180.448, 0.999997, 0.00102728, 0.00213951, -0.00112838, 0.998856, 0.0478005, -0.00208796, -0.0478028, 0.998855, 0.00281929  
170, -11.6593, 124.49, 180.456, 0.999997, -0.000477581, 0.0022512, 0.000370073, 0.99887, 0.0475166, -0.00227135, -0.0475156, 0.998868, 0.00284231  
171, -11.8694, 126.981, 180.536, 1, 1.85439e-005, -0.000220853, -7.87109e-006, 0.998836, 0.0482277, 0.00022149, -0.0482277, 0.998836, 0.00289224  
172, -12.0628, 129.039, 180.528, 0.999998, -0.00109872, -0.0015221, 0.00117425, 0.998721, 0.0505406, 0.00146462, -0.0505423, 0.998721, 0.00275799  
173, -12.1898, 131.289, 180.502, 0.999994, -0.000809241, -0.00339936, 0.000997927, 0.998437, 0.0558765, 0.00334883, -0.0558795, 0.998432, 0.00322093  
174, -12.2726, 133.549, 180.486, 0.999985, 0.00035769, -0.0055456, -6.14821e-005, 0.998577, 0.0533215, 0.00555679, -0.0533203, 0.998562, 0.0027455  
175, -12.3746, 135.691, 180.527, 0.999993, 0.000789194, -0.00363761, -0.000588133, 0.998489, 0.0549461, 0.00367548, -0.0549436, 0.998483, 0.0028057  
176, -12.5241, 137.709, 180.538, 0.999995, -0.000737743, -0.00307233, 0.000901752, 0.998555, 0.053728, 0.00302826, -0.0537305, 0.998551, 0.00285784  
177, -12.6894, 139.707, 180.578, 0.999995, -0.00188596, -0.00257964, 0.00203131, 0.998341, 0.0575504, 0.00246683, -0.0575554, 0.998339, 0.00282983  
178, -12.7569, 141.793, 180.628, 0.999985, -0.00396872, -0.00381645, 0.00418436, 0.998293, 0.058261, 0.00357872, -0.0582761, 0.998294, 0.00329388  
179, -12.8326, 143.773, 180.638, 0.999991, -0.00270847, -0.00323926, 0.0028847, 0.998444, 0.0556977, 0.00308337, -0.0557065, 0.998442, 0.0027444  
180, -12.9377, 145.807, 180.539, 0.999994, -0.00180037, -0.00278759, 0.0019516, 0.998471, 0.0552359, 0.00268388, -0.055241, 0.998469, 0.00297767  
181, -13.0716, 147.831, 180.475, 0.999998, 1.15235e-005, -0.0021645, 0.000107027, 0.998499, 0.0547625, 0.00216188, -0.0547626, 0.998497, 0.0029602  
182, -13.2053, 149.945, 180.385, 0.999992, -0.00133012, -0.00375142, 0.00153236, 0.998516, 0.0544334, 0.00367345, -0.0544387, 0.99851, 0.00283787  
183, -13.3459, 151.707, 180.397, 0.999995, -0.00273657, -0.00151368, 0.00281586, 0.998475, 0.0551286, 0.00136051, -0.0551326, 0.998478, 0.00293884  
184, -13.4335, 153.868, 180.384, 0.999987, -0.00440355, -0.00275508, 0.00454996, 0.998442, 0.0556099, 0.00250591, -0.0556216, 0.998449, 0.00277186  
185, -13.5659, 155.582, 180.436, 0.999987, -0.00336131, -0.00381894, 0.00353603, 0.998903, 0.0467041, 0.00365776, -0.046717, 0.998901, 0.00283649  
186, -13.6846, 157.5, 180.495, 0.99997, -0.00620027, -0.00472323, 0.00641694, 0.998859, 0.0473302, 0.00442438, -0.047359, 0.998868, 0.00284869  
187, -13.6989, 159.277, 180.59, 0.999966, -0.00770677, -0.00278315, 0.00784244, 0.998587, 0.0525645, 0.00237411, -0.0525845, 0.998614, 0.00278351  
188, -13.742, 161.036, 180.652, 0.999974, -0.00718731, -0.000972214, 0.00722599, 0.998798, 0.048471, 0.000622669, -0.0484768, 0.998824, 0.00291526  
189, -13.779, 162.984, 180.777, 0.999977, -0.00601827, 0.00309757, 0.00585542, 0.998725, 0.0501387, -0.00339537, -0.0501194, 0.998737, 0.00276187  
190, -13.7333, 164.559, 180.82, 0.999976, -0.00628413, 0.00276156, 0.00616552, 0.999138, 0.041042, -0.0030171, -0.041024, 0.999154, 0.00281291  
191, -13.6948, 166.383, 180.903, 0.999966, -0.0077048, 0.00296371, 0.0075784, 0.99915, 0.0405246, -0.00327342, -0.0405008, 0.999174, 0.00306893  
192, -13.6549, 167.89, 180.808, 0.999942, -0.0105481, 0.00221077, 0.0104542, 0.999188, 0.0389088, -0.00261939, -0.0388834, 0.99924, 0.0029222  
193, -13.8034, 169.548, 180.704, 0.999957, -0.00844048, 0.0039216, 0.00829869, 0.999358, 0.0348665, -0.00421337, -0.0348325, 0.999384, 0.00310832  
194, -13.8769, 170.996, 180.589, 0.999961, -0.00834885, 0.00288186, 0.00825936, 0.999522, 0.0297802, -0.00312912, -0.0297552, 0.999552, 0.00275022  
195, -13.9236, 172.845, 180.484, 0.999957, -0.00838838, 0.00405007, 0.00827743, 0.99961, 0.0266745, -0.00427224, -0.0266398, 0.999636, 0.00279876  
196, -13.8717, 174.46, 180.585, 0.999953, -0.00871583, 0.00431926, 0.00861891, 0.999721, 0.0219715, -0.00450956, -0.0219332, 0.999749, 0.00288503  
197, -13.8786, 176.484, 180.637, 0.999931, -0.00984211, 0.00640674, 0.00966574, 0.999589, 0.0270013, -0.00666985, -0.0269375, 0.999615, 0.00281124  
198, -13.9052, 178.136, 180.678, 0.99992, -0.00977415, 0.00807698, 0.00955991, 0.999612, 0.0261503, -0.00832944, -0.026071, 0.999625, 0.00307143  
199, -13.9194, 179.86, 180.664, 0.999939, -0.00938466, 0.00588848, 0.00927324, 0.999783, 0.0186722, -0.00606243, -0.0186165, 0.999808, 0.0027799  
200, -13.9246, 181.469, 180.698, 0.99995, -0.00934336, 0.00349199, 0.00930946, 0.999911, 0.00960373, -0.00358141, -0.00957074, 0.999948, 0.0032373  
201, -13.8154, 183.247, 180.743, 0.999936, -0.0108618, 0.00328764, 0.0108547, 0.999939, 0.00217473, -0.00331106, -0.0021389, 0.999992, 0.00269447  
202, -13.791, 184.849, 180.8, 0.999909, -0.0112391, 0.00740052, 0.011234, 0.999937, 0.000727101, -0.00740822, -0.000643898, 0.999972, 0.00278101  
203, -13.7011, 186.456, 180.753, 0.999875, -0.0136605, 0.00793117, 0.0136464, 0.999905, 0.00183682, -0.00795551, -0.00172836, 0.999967, 0.0029111  
204, -13.6748, 188.068, 180.739, 0.999846, -0.0143779, 0.01009, 0.0143711, 0.999896, 0.000750796, -0.0100998, -0.000605675, 0.999949, 0.00273857  
205, -13.5844, 189.681, 180.654, 0.999806, -0.0161781, 0.0112657, 0.0162192, 0.999862, -0.00356669, -0.0112065, 0.00374872, 0.99993, 0.0028179  
206, -13.5765, 191.394, 180.636, 0.999781, -0.0146769, 0.0149477, 0.0147213, 0.999888, -0.00286578, -0.0149039, 0.0030852, 0.999884, 0.00284065  
207, -13.51, 192.893, 180.606, 0.999755, -0.0163035, 0.014941, 0.0164901, 0.999786, -0.0124553, -0.0147347, 0.0126986, 0.999811, 0.00278767  
208, -13.5077, 194.801, 180.63, 0.999757, -0.013542, 0.0173868, 0.0137091, 0.999861, -0.00952685, -0.0172554, 0.0097629, 0.999803, 0.00309112  
209, -13.3673, 196.187, 180.586, 0.999838, -0.0131804, 0.0122949, 0.0135326, 0.999487, -0.0290174, -0.0119061, 0.029179, 0.999503, 0.00276659  
210, -13.4064, 198.08, 180.626, 0.999838, -0.0117019, 0.0136777, 0.0120537, 0.999591, -0.0259234, -0.0133688, 0.0260841, 0.99957, 0.00284841  
211, -13.1192, 199.449, 180.658, 0.9998, -0.015125, 0.0130538, 0.0155971, 0.999199, -0.0368536, -0.0124859, 0.0370498, 0.999235, 0.00292913  
212, -13.1395, 201.305, 180.672, 0.999722, -0.0145235, 0.018574, 0.0150595, 0.999464, -0.029052, -0.0181421, 0.0293236, 0.999405, 0.00281097  
213, -12.8763, 202.705, 180.657, 0.999673, -0.0178421, 0.0183267, 0.0185846, 0.998979, -0.0411789, -0.0175732, 0.041506, 0.998984, 0.00296602  
214, -12.7969, 204.59, 180.655, 0.999659, -0.0158657, 0.0207473, 0.016684, 0.999065, -0.0398826, -0.0200951, 0.0402152, 0.998989, 0.0027591  
215, -12.5848, 206.216, 180.673, 0.999642, -0.0160651, 0.0213883, 0.0170579, 0.998746, -0.047075, -0.0206052, 0.047423, 0.998662, 0.00286478  
216, -12.5217, 208.088, 180.687, 0.999598, -0.015374, 0.0238279, 0.0165175, 0.998684, -0.0485582, -0.02305, 0.0489322, 0.998536, 0.00292497  
217, -12.2894, 209.656, 180.748, 0.999544, -0.0171314, 0.0248628, 0.0184241, 0.998439, -0.0527343, -0.0239206, 0.0531683, 0.998299, 0.00278101  
218, -12.078, 211.447, 180.736, 0.999502, -0.0192078, 0.0250319, 0.0205834, 0.998224, -0.0559051, -0.0239136, 0.0563925, 0.998122, 0.00296214  
219, -11.9488, 213.066, 180.756, 0.999528, -0.017549, 0.0252184, 0.0190826, 0.997899, -0.0619182, -0.0240788, 0.0623702, 0.997763, 0.00278628  
220, -11.809, 214.792, 180.784, 0.999466, -0.0190609, 0.0265542, 0.0207135, 0.997772, -0.0634199, -0.0252862, 0.0639361, 0.997634, 0.00286006  
221, -11.6842, 216.642, 180.845, 0.999413, -0.0168507, 0.0298272, 0.0186444, 0.997969, -0.060919, -0.0287401, 0.0614393, 0.997697, 0.00296824  
222, -11.4815, 218.257, 180.872, 0.999361, -0.0179278, 0.0309205, 0.0200848, 0.99728, -0.0709204, -0.0295649, 0.0714961, 0.997003, 0.0027824  
223, -11.466, 220.216, 180.917, 0.999356, -0.013958, 0.0330567, 0.0164033, 0.997056, -0.074896, -0.031914, 0.07539, 0.996643, 0.00314438  
224, -11.2698, 221.85, 180.913, 0.999354, -0.013717, 0.0332177, 0.0163211, 0.996706, -0.0794373, -0.0320186, 0.0799281, 0.996286, 0.00278905  
225, -11.3205, 224.022, 180.891, 0.99914, -0.0110135, 0.0399794, 0.0139823, 0.997104, -0.0747551, -0.0390403, 0.0752498, 0.9964, 0.00285479  
226, -11.1084, 225.76, 180.863, 0.999227, -0.0105423, 0.037873, 0.0137726, 0.996194, -0.0860729, -0.0368214, 0.0865279, 0.995569, 0.00292552  
227, -10.9877, 227.934, 180.893, 0.99908, -0.0119078, 0.0412007, 0.01519, 0.996656, -0.0802906, -0.0401069, 0.0808425, 0.99592, 0.00277768  
228, -10.8235, 229.833, 180.883, 0.998973, -0.0131327, 0.0433723, 0.0165866, 0.996636, -0.0802606, -0.0421724, 0.0808976, 0.99583, 0.00314216  
229, -10.7131, 231.753, 180.864, 0.998945, -0.0156988, 0.0431643, 0.0191697, 0.996513, -0.0812104, -0.0417388, 0.0819521, 0.995762, 0.00278184  
230, -10.7551, 233.776, 180.971, 0.998803, -0.0129588, 0.047172, 0.0168153, 0.996466, -0.0822988, -0.0459388, 0.0829935, 0.995491, 0.00285202  
231, -10.6258, 235.438, 181.02, 0.998923, -0.0146301, 0.0440306, 0.0186824, 0.995484, -0.0930776, -0.04247, 0.0937999, 0.994685, 0.00293579  
232, -10.6429, 237.663, 181.166, 0.998843, -0.0112542, 0.0467483, 0.0153102, 0.996062, -0.0873321, -0.0455814, 0.0879468, 0.995082, 0.0027713  
233, -10.4073, 239.281, 181.098, 0.998814, -0.0114653, 0.0473211, 0.0160931, 0.994997, -0.0986044, -0.0459538, 0.099249, 0.994001, 0.00311414  
234, -10.3481, 241.715, 181.187, 0.998668, -0.0103794, 0.0505436, 0.0149123, 0.995817, -0.090148, -0.0493965, 0.0907816, 0.994645, 0.00268476  
235, -10.0731, 243.282, 181.128, 0.998698, -0.0107158, 0.0498842, 0.0157468, 0.994703, -0.101579, -0.0485315, 0.102233, 0.993576, 0.00283926  
236, -10.175, 245.741, 181.113, 0.998565, -0.00860918, 0.0528607, 0.0137016, 0.995215, -0.0967439, -0.0517749, 0.0973293, 0.993905, 0.00301484  
237, -9.92551, 247.617, 181.037, 0.998603, -0.0101294, 0.0518581, 0.0153229, 0.994793, -0.100753, -0.0505675, 0.101407, 0.993559, 0.00282539  
238, -10.0055, 249.968, 181.039, 0.998556, -0.0101258, 0.0527616, 0.0152504, 0.995104, -0.0976497, -0.0515145, 0.0983133, 0.993821, 0.00307642  
239, -9.95824, 252.074, 181.053, 0.998497, -0.00875994, 0.0540985, 0.0142003, 0.994784, -0.101013, -0.0529314, 0.10163, 0.993413, 0.00278878  
240, -10.0629, 254.545, 181.024, 0.998455, -0.00905099, 0.054831, 0.0145075, 0.994887, -0.0999501, -0.0536459, 0.100591, 0.993481, 0.00282067  
241, -10.1633, 256.821, 181.136, 0.99843, -0.00957475, 0.055189, 0.0149392, 0.995111, -0.0976243, -0.0539844, 0.0982955, 0.993692, 0.00311192  
242, -10.3226, 259.386, 181.064, 0.998409, -0.0110054, 0.055306, 0.0162972, 0.995232, -0.096162, -0.0539841, 0.0969103, 0.993828, 0.00304535  
243, -10.501, 261.691, 181.007, 0.998276, -0.00807905, 0.0581381, 0.0137847, 0.99505, -0.0984183, -0.0570552, 0.09905, 0.993445, 0.00329943  
244, -10.4884, 264.099, 180.944, 0.998138, -0.0106478, 0.0600654, 0.0162428, 0.995492, -0.0934433, -0.0587997, 0.0942449, 0.993811, 0.0028731  
245, -10.4365, 266.638, 181.174, 0.998073, -0.0100818, 0.0612197, 0.015503, 0.995935, -0.0887346, -0.0600762, 0.0895128, 0.994172, 0.00282206  
246, -10.467, 269.15, 181.211, 0.998339, -0.00889305, 0.0569283, 0.0143743, 0.995218, -0.0966113, -0.0557969, 0.0972691, 0.993693, 0.00294217  
247, -10.5808, 271.665, 181.182, 0.998462, -0.00899509, 0.0547078, 0.0140841, 0.995533, -0.0933611, -0.0536236, 0.093988, 0.994128, 0.00289973  
248, -10.6648, 274.215, 181.166, 0.998451, -0.0128054, 0.0541389, 0.0175578, 0.995945, -0.0882385, -0.0527894, 0.0890524, 0.994627, 0.00287976  
249, -10.9639, 276.834, 181.185, 0.998393, -0.00950258, 0.0558673, 0.0143264, 0.996141, -0.0865886, -0.0548289, 0.0872498, 0.994676, 0.00285618  
250, -11.2453, 279.608, 181.19, 0.998391, -0.00939216, 0.0559139, 0.0137505, 0.996852, -0.0780811, -0.0550046, 0.0787244, 0.995378, 0.00282178  
251, -11.5717, 281.966, 181.08, 0.99851, -0.0109474, 0.0534628, 0.0152295, 0.99665, -0.0803559, -0.052404, 0.0810504, 0.995331, 0.00298627  
252, -11.9941, 284.844, 181.06, 0.998593, -0.00959301, 0.0521544, 0.0134903, 0.9971, -0.0748957, -0.0512847, 0.0754939, 0.995827, 0.00285562  
253, -12.3599, 287.387, 181.055, 0.99863, -0.00865421, 0.0516017, 0.0124507, 0.997202, -0.0737108, -0.0508194, 0.0742523, 0.995944, 0.00304702  
254, -12.6293, 290.167, 181.23, 0.99856, -0.0119977, 0.0522909, 0.0154757, 0.997658, -0.0666251, -0.0513691, 0.0673384, 0.996407, 0.00285507  
255, -13.0968, 292.765, 181.318, 0.998587, -0.0117772, 0.0518282, 0.0152832, 0.997583, -0.0677785, -0.0509047, 0.0684748, 0.996353, 0.00284176  
256, -13.6875, 295.842, 181.326, 0.998728, -0.00943453, 0.0495356, 0.0124531, 0.998061, -0.0609867, -0.0488642, 0.061526, 0.996909, 0.0029577  
257, -14.3413, 298.463, 181.176, 0.998898, -0.00660755, 0.0464741, 0.009748, 0.99766, -0.0676756, -0.0459182, 0.068054, 0.996624, 0.00292247  
258, -14.9866, 301.337, 181.173, 0.998928, -0.00654909, 0.0458274, 0.00948203, 0.9979, -0.0640781, -0.0453115, 0.064444, 0.996892, 0.00292608  
259, -15.5885, 304.044, 181.195, 0.999058, -0.00847298, 0.042567, 0.0110727, 0.998063, -0.0612133, -0.0419659, 0.0616269, 0.997217, 0.00285341  
260, -16.3614, 307.024, 181.19, 0.999223, -0.00687995, 0.0387977, 0.00914269, 0.998249, -0.0584489, -0.0383276, 0.0587582, 0.997536, 0.00278905  
261, -16.9289, 309.809, 181.249, 0.999321, -0.00897513, 0.0357399, 0.010916, 0.998455, -0.0544847, -0.0351956, 0.0548378, 0.997875, 0.00298294  
262, -17.5577, 312.526, 181.258, 0.999384, -0.00957429, 0.0337606, 0.0113502, 0.99854, -0.0528088, -0.0332058, 0.0531594, 0.998034, 0.00279099  
263, -18.3249, 315.742, 181.258, 0.999459, -0.00722897, 0.0320864, 0.00868694, 0.998925, -0.0455345, -0.0317227, 0.0457886, 0.998447, 0.002943  
264, -18.8673, 318.445, 181.111, 0.999611, -0.0106419, 0.0257942, 0.0119807, 0.998559, -0.0523162, -0.0252003, 0.0526049, 0.998297, 0.00284786  
265, -19.6235, 321.687, 181.152, 0.999653, -0.00976647, 0.0244776, 0.010708, 0.999196, -0.0386321, -0.0240806, 0.0388808, 0.998954, 0.00283898  
266, -20.1941, 324.236, 180.998, 0.999697, -0.00703863, 0.0235971, 0.00813925, 0.998868, -0.0468753, -0.0232405, 0.0470532, 0.998622, 0.00285313  
267, -20.8086, 327.538, 181.05, 0.999749, -0.00890064, 0.020553, 0.00965885, 0.999265, -0.037091, -0.0202077, 0.0372802, 0.999101, 0.00268725  
268, -21.2669, 330.488, 181.053, 0.999823, -0.0121331, 0.0144106, 0.0126272, 0.999318, -0.0347043, -0.0139797, 0.0348801, 0.999294, 0.00320179  
269, -21.735, 333.672, 181.042, 0.999866, -0.0123075, 0.0107538, 0.0126303, 0.999455, -0.0304861, -0.0103727, 0.0306179, 0.999477, 0.00279821  
270, -22.2051, 336.809, 181.045, 0.999915, -0.011042, 0.00689412, 0.0112084, 0.999635, -0.0245914, -0.00662006, 0.0246666, 0.999674, 0.00279737  
271, -22.7181, 339.749, 181.056, 0.999923, -0.012086, 0.00295278, 0.0121569, 0.999605, -0.0253276, -0.0026455, 0.0253615, 0.999675, 0.002867  
272, -23.3167, 343.135, 181.014, 0.99994, -0.0104655, 0.00315426, 0.0105081, 0.99985, -0.0137981, -0.00300938, 0.0138304, 0.9999, 0.0028007  
273, -23.8119, 345.973, 180.854, 0.999953, -0.00942161, 0.00248793, 0.00946079, 0.999823, -0.0162392, -0.0023345, 0.0162619, 0.999865, 0.00305284  
274, -24.2426, 349.346, 180.989, 0.999938, -0.0106872, 0.003, 0.0106968, 0.999938, -0.00321248, -0.00296548, 0.00324438, 0.99999, 0.00279932  
