0, 0, 0, 0, 0, 0, 0, 0, 0, 0, 0, 0, 0, 0.00670233  
1, 4.48372, -0.956497, 180.37, 0.99999, -0.00030515, 0.00455504, 0.000195016, 0.999708, 0.0241594, -0.00456108, -0.0241583, 0.999698, 0.00280792  
2, 4.46976, -0.937025, 180.387, 0.999991, -0.00102156, 0.00407148, 0.000915581, 0.999663, 0.0259471, -0.00409661, -0.0259432, 0.999655, 0.00288697  
3, 4.47052, -0.932312, 180.362, 0.99999, -3.58071e-005, 0.0044645, -7.56904e-005, 0.999688, 0.0249716, -0.004464, -0.0249717, 0.999678, 0.00280653  
4, 4.52506, -0.933398, 180.369, 0.999993, -0.000885094, 0.00356764, 0.000795724, 0.999688, 0.0249743, -0.00358863, -0.0249713, 0.999682, 0.00288198  
5, 4.50698, -0.947203, 180.368, 0.999991, -0.000673522, 0.00410264, 0.000570028, 0.999683, 0.0251752, -0.0041183, -0.0251727, 0.999675, 0.00307892  
6, 4.49496, -0.922498, 180.366, 0.999991, -0.000366251, 0.00433464, 0.000261301, 0.999707, 0.024188, -0.00434223, -0.0241866, 0.999698, 0.0031441  
7, 4.51089, -0.945787, 180.369, 0.999991, -0.00085362, 0.00403416, 0.000753827, 0.999695, 0.0246742, -0.004054, -0.0246709, 0.999687, 0.00275605  
8, 4.5169, -0.922915, 180.348, 0.999991, -0.000769232, 0.00419193, 0.000666663, 0.999702, 0.0244151, -0.00420946, -0.0244121, 0.999693, 0.00274301  
9, 4.49905, -0.947062, 180.36, 0.999992, -0.00099177, 0.00380829, 0.000898597, 0.999702, 0.0243902, -0.00383135, -0.0243866, 0.999695, 0.00304452  
10, 4.50153, -0.933887, 180.361, 0.999988, -0.000903305, 0.00484465, 0.000778234, 0.999668, 0.0257563, -0.0048663, -0.0257522, 0.999657, 0.0030448  
11, 4.50642, -0.917765, 180.349, 0.999992, -0.000192801, 0.00404013, 9.47865e-005, 0.999706, 0.0242464, -0.00404361, -0.0242458, 0.999698, 0.0028179  
12, 4.48931, -0.934338, 180.351, 0.999989, -0.000648205, 0.00472829, 0.000535877, 0.999719, 0.0237194, -0.00474234, -0.0237166, 0.999707, 0.00288614  
13, 4.51139, -0.919538, 180.347, 0.999992, -0.000535701, 0.00388292, 0.000443804, 0.999721, 0.0236292, -0.0038945, -0.0236273, 0.999713, 0.00283815  
14, 4.52665, -0.905872, 180.361, 0.999992, -0.000873058, 0.00398685, 0.000776144, 0.999706, 0.0242454, -0.00400685, -0.0242421, 0.999698, 0.0028706  
15, 4.51271, -0.87815, 180.359, 0.999992, -0.000558485, 0.00394336, 0.000458751, 0.999681, 0.0252475, -0.00395621, -0.0252455, 0.999673, 0.00308724  
16, 4.52717, -0.885548, 180.346, 0.999991, -0.00101958, 0.00411114, 0.000917745, 0.999695, 0.0246968, -0.00413506, -0.0246928, 0.999687, 0.00286311  
17, 4.49849, -0.906773, 180.354, 0.999989, -0.0014747, 0.00445573, 0.0013683, 0.999716, 0.0237885, -0.00448955, -0.0237821, 0.999707, 0.00295409  
18, 4.51105, -0.897688, 180.362, 0.999986, -0.000260429, 0.00521662, 0.000122848, 0.999653, 0.0263565, -0.00522167, -0.0263555, 0.999639, 0.00300902  
19, 4.50255, -0.88432, 180.341, 0.999993, -0.000484096, 0.00362605, 0.000398, 0.999719, 0.0237069, -0.0036365, -0.0237053, 0.999712, 0.00285562  
20, 4.51023, -0.887033, 180.36, 0.99999, -0.000666661, 0.00431825, 0.000564101, 0.999719, 0.0237083, -0.00433284, -0.0237057, 0.99971, 0.00305978  
21, 4.47307, -0.886769, 180.348, 0.99999, -0.000615728, 0.00434738, 0.000508859, 0.999699, 0.0245406, -0.00436118, -0.0245382, 0.999689, 0.00285784  
22, 4.49461, -0.893117, 180.375, 0.999992, -0.00107408, 0.00384993, 0.000978684, 0.999695, 0.0246958, -0.00387528, -0.0246919, 0.999688, 0.00295298  
23, 4.50589, -0.850171, 180.393, 0.999994, -0.000715602, 0.00324778, 0.000635901, 0.9997, 0.0244753, -0.00326432, -0.0244731, 0.999695, 0.00286173  
24, 4.4996, -0.856796, 180.395, 0.999993, -0.00128048, 0.00339829, 0.00119352, 0.999675, 0.0254694, -0.00342979, -0.0254652, 0.99967, 0.00293662  
25, 4.4995, -0.868683, 180.373, 0.99999, -0.000541305, 0.00439729, 0.000430062, 0.999681, 0.0252599, -0.00440956, -0.0252577, 0.999671, 0.00314188  
26, 4.48864, -0.860013, 180.349, 0.999988, -0.000569038, 0.00490808, 0.000440576, 0.999658, 0.026135, -0.00492127, -0.0261325, 0.999646, 0.00290278  
27, 4.48404, -0.842259, 180.342, 0.999991, 8.39589e-005, 0.00424392, -0.000193234, 0.999668, 0.0257549, -0.00424035, -0.0257554, 0.999659, 0.0028473  
28, 4.47048, -0.85718, 180.359, 0.99999, -0.000257202, 0.00444962, 0.000146317, 0.99969, 0.0249024, -0.00445465, -0.0249015, 0.99968, 0.00278933  
29, 4.47715, -0.827186, 180.346, 0.999988, -0.000158108, 0.00489728, 3.40617e-005, 0.999679, 0.0253193, -0.00489971, -0.0253188, 0.999667, 0.00292858  
30, 4.47373, -0.86321, 180.354, 0.999983, -0.000749259, 0.00572637, 0.0006004, 0.999663, 0.025953, -0.00574389, -0.0259491, 0.999647, 0.00323314  
31, 4.4601, -0.8482, 180.367, 0.999984, -0.000445621, 0.00560876, 0.000303358, 0.999679, 0.0253398, -0.00561825, -0.0253377, 0.999663, 0.00281929  
32, 4.47502, -0.822211, 180.365, 0.999991, -0.000283413, 0.00425651, 0.000172682, 0.999662, 0.0259924, -0.00426244, -0.0259914, 0.999653, 0.00286228  
33, 4.47518, -0.806084, 180.381, 0.999989, -0.000929409, 0.00452822, 0.000808816, 0.999647, 0.0265608, -0.00455131, -0.0265568, 0.999637, 0.00286173  
34, 4.48435, -0.814819, 180.377, 0.99999, -0.00110626, 0.00422526, 0.00100025, 0.999687, 0.0250115, -0.00425161, -0.0250071, 0.999678, 0.00287144  
35, 4.50692, -0.820609, 180.363, 0.999991, -0.000368756, 0.00415801, 0.000263651, 0.999681, 0.02525, -0.004166, -0.0252487, 0.999673, 0.00290611  
36, 4.48566, -0.812196, 180.347, 0.999989, -0.00052542, 0.00457391, 0.000413142, 0.999699, 0.0245137, -0.00458542, -0.0245116, 0.999689, 0.0028387  
37, 4.51834, -0.813239, 180.378, 0.999988, -0.000465861, 0.00486298, 0.000338497, 0.999658, 0.0261587, -0.0048735, -0.0261568, 0.999646, 0.0030387  
38, 4.52251, -0.833338, 180.384, 0.999987, -0.000413198, 0.00508768, 0.000274994, 0.999632, 0.0271352, -0.00509702, -0.0271335, 0.999619, 0.00280154  
39, 4.52423, -0.822236, 180.36, 0.999988, -0.000819133, 0.0047315, 0.000698975, 0.999679, 0.0253414, -0.00475074, -0.0253378, 0.999668, 0.0028706  
40, 4.54601, -0.808682, 180.386, 0.999991, -0.000734292, 0.00429026, 0.000623428, 0.999667, 0.0257852, -0.00430777, -0.0257823, 0.999658, 0.00317073  
41, 4.524, -0.818881, 180.364, 0.999987, -0.000849092, 0.00502391, 0.000723399, 0.999688, 0.0249681, -0.00504354, -0.0249642, 0.999676, 0.00279932  
42, 4.4875, -0.843691, 180.375, 0.999987, -0.000475534, 0.0051494, 0.000335935, 0.999633, 0.0270768, -0.00516039, -0.0270747, 0.99962, 0.00319125  
43, 4.50807, -0.829864, 180.355, 0.999987, -0.00020786, 0.00506697, 8.69108e-005, 0.999715, 0.0238586, -0.00507049, -0.0238578, 0.999703, 0.00278212  
44, 4.49518, -0.83502, 180.35, 0.999991, -8.41247e-005, 0.00429818, -2.32567e-005, 0.999688, 0.0249768, -0.00429894, -0.0249767, 0.999679, 0.00285673  
45, 4.49688, -0.829042, 180.385, 0.999988, -0.000291529, 0.00486942, 0.000166834, 0.999673, 0.0255887, -0.00487528, -0.0255876, 0.999661, 0.00323369  
46, 4.51135, -0.849957, 180.352, 0.999988, -0.000506422, 0.00496241, 0.000384903, 0.999701, 0.0244584, -0.00497331, -0.0244561, 0.999689, 0.00289307  
47, 4.48903, -0.874721, 180.372, 0.999987, -0.000922849, 0.00507685, 0.000801633, 0.999716, 0.0238266, -0.00509739, -0.0238222, 0.999703, 0.00285341  
48, 4.48108, -0.865584, 180.347, 0.999989, -0.000278384, 0.00475719, 0.000160139, 0.999691, 0.0248383, -0.00476264, -0.0248373, 0.99968, 0.00283177  
49, 4.49991, -0.87842, 180.345, 0.999989, -2.41313e-005, 0.00461542, -9.13389e-005, 0.999687, 0.0250165, -0.00461458, -0.0250166, 0.999676, 0.00284481  
50, 4.49051, -0.896331, 180.357, 0.999988, -0.000318611, 0.00489037, 0.000200145, 0.999707, 0.0242059, -0.00489665, -0.0242046, 0.999695, 0.00297795  
51, 4.52279, -0.875262, 180.36, 0.999992, -0.00053149, 0.0039161, 0.000438478, 0.999719, 0.0237139, -0.0039276, -0.023712, 0.999711, 0.00279793  
52, 4.51624, -0.883906, 180.348, 0.999991, -0.000286492, 0.00431878, 0.000179859, 0.999696, 0.0246709, -0.00432453, -0.0246699, 0.999686, 0.00286644  
53, 4.51327, -0.91126, 180.364, 0.999992, -0.000550064, 0.00401829, 0.000451679, 0.999701, 0.0244443, -0.00403053, -0.0244423, 0.999693, 0.00282234  
54, 4.527, -0.902678, 180.373, 0.999992, 0.000496129, 0.00390092, -0.000592034, 0.999697, 0.0246226, -0.00388752, -0.0246247, 0.999689, 0.00299126  
55, 4.47725, -0.935373, 180.368, 0.999986, -0.000390618, 0.00521134, 0.000264185, 0.999706, 0.0242397, -0.00521928, -0.024238, 0.999693, 0.00307559  
56, 4.46343, -0.930121, 180.364, 0.999989, -0.00033277, 0.0047746, 0.000207744, 0.999658, 0.0261622, -0.00478167, -0.026161, 0.999646, 0.00281929  
57, 4.46639, -0.956619, 180.385, 0.99999, -0.000210869, 0.00443231, 0.000102466, 0.999701, 0.0244434, -0.00443614, -0.0244427, 0.999691, 0.00289363  
58, 4.499, -0.934112, 180.369, 0.999991, 4.61608e-005, 0.00432521, -0.000156049, 0.999677, 0.0254096, -0.00432264, -0.0254101, 0.999668, 0.00305229  
59, 4.49537, -0.95596, 180.368, 0.999992, -0.000822007, 0.00391043, 0.000726215, 0.999701, 0.0244353, -0.00392935, -0.0244323, 0.999694, 0.00294439  
60, 4.49017, -0.941369, 180.367, 0.999992, -0.00101686, 0.00387726, 0.000921663, 0.9997, 0.0244748, -0.00390098, -0.024471, 0.999693, 0.00328002  
61, 4.44867, -0.953017, 180.362, 0.999992, -0.0010995, 0.00390432, 0.00100109, 0.999684, 0.0251183, -0.0039307, -0.0251142, 0.999677, 0.00279876  
62, 4.44631, -0.957176, 180.351, 0.999992, -0.00067074, 0.00386748, 0.000575312, 0.999697, 0.0246232, -0.00388282, -0.0246208, 0.999689, 0.00287726  
63, 4.46972, -0.948836, 180.353, 0.99999, -6.24019e-005, 0.00440606, -4.56851e-005, 0.999699, 0.0245271, -0.00440627, -0.024527, 0.999689, 0.00277324  
64, 4.46786, -0.958642, 180.349, 0.999993, -0.000833557, 0.00362599, 0.000745426, 0.999706, 0.0242392, -0.00364513, -0.0242364, 0.9997, 0.00288891  
65, 4.43617, -0.952232, 180.346, 0.999992, -0.000884687, 0.00391674, 0.000787475, 0.999693, 0.024752, -0.00393743, -0.0247487, 0.999686, 0.00318376  
66, 4.47843, -0.952345, 180.387, 0.999993, -0.000513863, 0.00363362, 0.000418333, 0.999656, 0.0262426, -0.00364585, -0.0262409, 0.999649, 0.00281235  
67, 4.45376, -0.933458, 180.344, 0.999993, -0.000885893, 0.00360909, 0.000798761, 0.99971, 0.0240728, -0.00362937, -0.0240697, 0.999704, 0.00284536  
68, 4.47204, -0.948157, 180.361, 0.999988, -0.000912231, 0.00477354, 0.00079457, 0.999697, 0.0245927, -0.00479453, -0.0245886, 0.999686, 0.00283538  
69, 4.46713, -0.999709, 180.34, 0.999991, -0.000966794, 0.00403643, 0.000876323, 0.99975, 0.0223555, -0.00405703, -0.0223517, 0.999742, 0.00283787  
70, 4.46663, -1.06754, 180.382, 0.999989, -0.000634085, 0.00470901, 0.000532176, 0.999766, 0.0216112, -0.00472161, -0.0216084, 0.999755, 0.00309805  
71, 4.49585, -1.15871, 180.399, 0.99999, -0.00130627, 0.00416126, 0.00122946, 0.99983, 0.0184074, -0.00418459, -0.0184021, 0.999822, 0.0027591  
72, 4.53594, -1.23398, 180.368, 0.999992, -0.00135601, 0.0036313, 0.0012993, 0.999878, 0.0155743, -0.00365198, -0.0155695, 0.999872, 0.00308557  
73, 4.55788, -1.32239, 180.395, 0.999992, -0.0013725, 0.00376127, 0.00132837, 0.999931, 0.0117095, -0.00377708, -0.0117044, 0.999924, 0.00265536  
74, 4.55515, -1.40335, 180.403, 0.999986, -0.000700828, 0.00529771, 0.000642349, 0.999939, 0.0110323, -0.00530512, -0.0110287, 0.999925, 0.00293301  
75, 4.59038, -1.48964, 180.419, 0.999984, -0.00123197, 0.00559265, 0.0011876, 0.999968, 0.00793003, -0.00560224, -0.00792326, 0.999953, 0.00299598  
76, 4.60597, -1.5907, 180.42, 0.99998, -0.00111065, 0.00617218, 0.00108713, 0.999992, 0.00381208, -0.00617637, -0.0038053, 0.999974, 0.00275965  
77, 4.59924, -1.67233, 180.428, 0.999982, -0.0013244, 0.00589544, 0.00132327, 0.999999, 0.000195519, -0.0058957, -0.000187714, 0.999983, 0.00285174  
78, 4.61245, -1.76543, 180.454, 0.999978, -0.00170675, 0.00635699, 0.00173868, 0.999986, -0.00502047, -0.00634833, 0.00503141, 0.999967, 0.00276187  
79, 4.62511, -1.87114, 180.464, 0.99998, -0.00153948, 0.00607989, 0.001584, 0.999972, -0.00732455, -0.00606844, 0.00733404, 0.999955, 0.00284342  
80, 4.65435, -1.94187, 180.485, 0.999972, -0.000874065, 0.00745415, 0.000960407, 0.999932, -0.0115873, -0.00744352, 0.0115941, 0.999905, 0.00296574  
81, 4.65034, -2.05632, 180.468, 0.999981, -0.00087965, 0.00616653, 0.000979724, 0.999868, -0.0162443, -0.00615143, 0.0162501, 0.999849, 0.00279072  
82, 4.65065, -2.07422, 180.494, 0.999964, -0.001509, 0.00838712, 0.00166425, 0.999827, -0.0185336, -0.0083577, 0.0185469, 0.999793, 0.00287393  
83, 4.64273, -2.1536, 180.491, 0.999964, -0.00199523, 0.00822875, 0.00219477, 0.999702, -0.0243114, -0.0081778, 0.0243286, 0.999671, 0.00278101  
84, 4.62543, -2.18301, 180.506, 0.999946, -0.00173533, 0.0102091, 0.0020086, 0.999638, -0.0268178, -0.0101589, 0.0268369, 0.999588, 0.00287726  
85, 4.62287, -2.191, 180.519, 0.999949, -0.0015538, 0.0100178, 0.00188076, 0.999463, -0.0327114, -0.00996161, 0.0327286, 0.999415, 0.00300153  
86, 4.6551, -2.20035, 180.534, 0.999944, -0.00193075, 0.0103911, 0.0023011, 0.999358, -0.0357477, -0.0103154, 0.0357696, 0.999307, 0.00280459  
87, 4.65386, -2.25612, 180.566, 0.999931, -0.0026995, 0.0114102, 0.00317125, 0.999132, -0.0415309, -0.0112882, 0.0415642, 0.999072, 0.00288142  
88, 4.67887, -2.17215, 180.573, 0.999921, -0.00241788, 0.0123518, 0.00294582, 0.999075, -0.0429036, -0.0122366, 0.0429365, 0.999003, 0.0026978  
89, 4.61274, -2.18377, 180.601, 0.999893, -0.00268369, 0.0143741, 0.00338049, 0.998809, -0.0486734, -0.0142263, 0.0487167, 0.998711, 0.0028057  
90, 4.66442, -2.10708, 180.574, 0.999902, -0.0031394, 0.0136085, 0.00384537, 0.998631, -0.0521652, -0.0134261, 0.0522124, 0.998546, 0.0031441  
91, 4.64357, -1.99816, 180.637, 0.999883, -0.00371569, 0.014825, 0.00455263, 0.998374, -0.0568264, -0.0145898, 0.0568872, 0.998274, 0.00280126  
92, 4.70731, -1.83366, 180.57, 0.999894, -0.00420802, 0.0139502, 0.00503581, 0.998195, -0.0598449, -0.0136732, 0.0599088, 0.99811, 0.00294716  
93, 4.74645, -1.72375, 180.618, 0.999894, -0.00279077, 0.0142623, 0.00366481, 0.998092, -0.0616289, -0.0140631, 0.0616746, 0.997997, 0.00287754  
94, 4.76258, -1.65341, 180.588, 0.999904, -0.00282745, 0.0135957, 0.00373786, 0.997718, -0.0674108, -0.013374, 0.0674551, 0.997633, 0.00286922  
95, 4.7066, -1.50404, 180.625, 0.999878, -0.00225623, 0.0154576, 0.00339074, 0.99727, -0.0737669, -0.015249, 0.0738103, 0.997156, 0.00309362  
96, 4.79867, -1.24658, 180.568, 0.999889, -0.00169542, 0.0148334, 0.00280109, 0.997192, -0.0748391, -0.0146649, 0.0748724, 0.997085, 0.00289584  
97, 4.8555, -1.01031, 180.56, 0.999882, -0.00176868, 0.0152632, 0.00294164, 0.997013, -0.077172, -0.0150811, 0.0772078, 0.996901, 0.00291859  
98, 4.87708, -0.516768, 180.424, 0.99981, -0.0025763, 0.0192996, 0.00416058, 0.996582, -0.082504, -0.0190211, 0.0825686, 0.996404, 0.00287254  
99, 4.99006, -0.312936, 180.526, 0.999912, 0.00105363, 0.0132549, 8.46749e-005, 0.996331, -0.0855859, -0.0132964, 0.0855795, 0.996243, 0.00288419  
100, 5.08162, 0.0114974, 180.563, 0.999916, 0.00116672, 0.0128907, -5.25115e-005, 0.996287, -0.0860993, -0.0129433, 0.0860914, 0.996203, 0.00335075  
101, 5.14978, 0.412836, 180.562, 0.999898, 0.0034426, 0.0138924, -0.00220515, 0.996107, -0.088125, -0.0141417, 0.0880854, 0.996013, 0.002862  
102, 5.27007, 0.883451, 180.567, 0.999904, 0.00359535, 0.0133678, -0.00235912, 0.995814, -0.09137, -0.0136403, 0.0913297, 0.995727, 0.00309584  
103, 5.4452, 1.40648, 180.586, 0.999904, 0.00341899, 0.0133965, -0.00214109, 0.995544, -0.0942689, -0.0136591, 0.0942312, 0.995457, 0.00413379  
104, 5.56992, 1.83334, 180.598, 0.999899, 0.00309524, 0.0138364, -0.001743, 0.995313, -0.0966942, -0.0140709, 0.0966603, 0.995218, 0.00272997  
105, 5.73191, 2.34992, 180.618, 0.999905, 0.00336035, 0.0133371, -0.00202413, 0.995089, -0.0989655, -0.0136041, 0.0989291, 0.995001, 0.00326282  
106, 5.86868, 3.05272, 180.642, 0.999886, 0.00213205, 0.0149761, -0.000645149, 0.995127, -0.098596, -0.0151133, 0.098575, 0.995015, 0.00306421  
107, 6.14312, 4.81974, 180.627, 0.999893, 0.00329124, 0.0142676, -0.0017125, 0.994009, -0.109283, -0.0145418, 0.109247, 0.993908, 0.00288059  
108, 6.17624, 5.57624, 180.585, 0.99988, 0.00303138, 0.0152207, -0.00132659, 0.993843, -0.110789, -0.0154629, 0.110755, 0.993727, 0.00329083  
109, 6.11543, 6.27885, 180.559, 0.999849, 0.00307779, 0.0171258, -0.00112592, 0.993613, -0.112834, -0.0173637, 0.112798, 0.993466, 0.00418649  
110, 6.189, 7.07375, 180.561, 0.999842, 0.00125952, 0.0177149, 0.000773659, 0.993446, -0.114299, -0.0177428, 0.114295, 0.993288, 0.00287144  
111, 6.18321, 7.92486, 180.556, 0.999832, 0.000323643, 0.0182994, 0.00182424, 0.993102, -0.117236, -0.0182111, 0.117249, 0.992936, 0.00281429  
112, 6.09489, 8.77915, 180.521, 0.999831, 0.00160355, 0.0182983, 0.000578464, 0.992939, -0.118623, -0.0183593, 0.118613, 0.992771, 0.00284092  
113, 6.06795, 9.79117, 180.557, 0.999858, 0.000706106, 0.0168209, 0.00134236, 0.992596, -0.121459, -0.0167822, 0.121464, 0.992454, 0.00313994  
114, 5.91828, 10.747, 180.581, 0.999832, 0.0015047, 0.0182783, 0.000732405, 0.992558, -0.121772, -0.0183255, 0.121765, 0.99239, 0.00282484  
115, 5.84591, 11.7008, 180.594, 0.999824, 0.00174128, 0.018667, 0.000535933, 0.992616, -0.121297, -0.0187404, 0.121286, 0.992441, 0.00296131  
116, 5.77662, 12.6624, 180.616, 0.999839, 0.00095389, 0.0179123, 0.00128016, 0.992244, -0.124297, -0.0178919, 0.1243, 0.992083, 0.00284814  
117, 5.59078, 13.8181, 180.549, 0.999826, 0.000925208, 0.0186084, 0.00143341, 0.991986, -0.126339, -0.0185761, 0.126344, 0.991813, 0.00288475  
118, 5.48383, 15.0309, 180.488, 0.999848, 0.00295594, 0.017178, -0.00077297, 0.992065, -0.125721, -0.0174133, 0.125689, 0.991917, 0.00325089  
119, 5.38994, 16.1033, 180.4, 0.999834, 0.00173109, 0.0181437, 0.000634125, 0.991573, -0.12955, -0.018215, 0.12954, 0.991407, 0.00276631  
120, 5.23615, 17.3784, 180.43, 0.999816, 0.0026141, 0.0189864, -0.000186442, 0.991934, -0.126754, -0.0191647, 0.126727, 0.991752, 0.00286034  
121, 5.11458, 18.5438, 180.415, 0.999856, 0.00225226, 0.0168147, -4.20918e-005, 0.991475, -0.130301, -0.0169649, 0.130281, 0.991332, 0.00277851  
122, 4.92536, 20.0279, 180.441, 0.999789, 0.00372077, 0.0201888, -0.00115207, 0.992057, -0.125782, -0.0204965, 0.125732, 0.991852, 0.00286783  
123, 4.91131, 21.3407, 180.422, 0.999824, 0.00464082, 0.0181699, -0.00228859, 0.991849, -0.127398, -0.018613, 0.127334, 0.991685, 0.00312191  
124, 4.67408, 24.198, 180.439, 0.99989, 0.00396879, 0.0143185, -0.00213104, 0.992009, -0.126149, -0.0147047, 0.126105, 0.991908, 0.0027333  
125, 4.50695, 25.4958, 180.492, 0.999881, 0.00504631, 0.0145566, -0.00315754, 0.991901, -0.126971, -0.0150794, 0.12691, 0.9918, 0.00297129  
126, 4.33498, 26.9869, 180.48, 0.999873, 0.00338148, 0.0155853, -0.00137906, 0.991935, -0.126742, -0.0158882, 0.126705, 0.991813, 0.00300319  
127, 4.20367, 28.5245, 180.496, 0.99987, 0.00451883, 0.0154593, -0.00254616, 0.992113, -0.125321, -0.0159036, 0.125265, 0.991996, 0.00344728  
128, 4.11537, 30.2242, 180.508, 0.999858, 0.00270499, 0.0166479, -0.000631269, 0.992366, -0.123328, -0.0168544, 0.1233, 0.992226, 0.00302177  
129, 3.97818, 31.919, 180.484, 0.999824, 0.00276089, 0.0185689, -0.000424673, 0.9922, -0.124658, -0.0187682, 0.124628, 0.992026, 0.00304397  
130, 3.88494, 33.6822, 180.4, 0.999849, 0.00324618, 0.0170944, -0.00103386, 0.991791, -0.127867, -0.0173692, 0.12783, 0.991644, 0.00303426  
131, 3.82078, 35.5564, 180.433, 0.999802, 0.00541028, 0.0191306, -0.00299125, 0.992242, -0.124285, -0.0196546, 0.124203, 0.992062, 0.00311359  
132, 3.91457, 37.3529, 180.484, 0.999859, 0.00391859, 0.0163492, -0.00185091, 0.992203, -0.124617, -0.01671, 0.124569, 0.99207, 0.00349332  
133, 3.91348, 39.1089, 180.499, 0.999872, 0.0046325, 0.0153397, -0.00272177, 0.992488, -0.122315, -0.0157911, 0.122257, 0.992373, 0.00296353  
134, 3.88276, 41.2035, 180.471, 0.999885, 0.00483618, 0.0143548, -0.00314536, 0.993296, -0.115554, -0.0148174, 0.115496, 0.993197, 0.0030975  
135, 3.92723, 43.0788, 180.434, 0.999878, 0.00395936, 0.015116, -0.00223947, 0.993689, -0.112145, -0.0154646, 0.112097, 0.993577, 0.00312607  
136, 3.83749, 45.1234, 180.441, 0.999832, 0.00502964, 0.0176502, -0.00310118, 0.994186, -0.107633, -0.0180889, 0.10756, 0.994034, 0.00291304  
137, 3.8728, 47.1035, 180.412, 0.999796, 0.00670271, 0.0190794, -0.00455144, 0.99385, -0.110642, -0.0197037, 0.110533, 0.993677, 0.00302843  
138, 3.91242, 49.2873, 180.503, 0.999766, 0.00422953, 0.021204, -0.00191873, 0.994167, -0.107837, -0.0215364, 0.107771, 0.993942, 0.00283343  
139, 3.9436, 51.44, 180.526, 0.999741, 0.0041486, 0.0223817, -0.00173362, 0.994273, -0.106858, -0.0226968, 0.106792, 0.994022, 0.00282927  
140, 3.86233, 53.702, 180.434, 0.999756, 0.00550855, 0.0213726, -0.00318654, 0.994233, -0.107194, -0.0218398, 0.1071, 0.994008, 0.00275355  
141, 3.88236, 56.1194, 180.432, 0.999758, 0.00796456, 0.0205289, -0.00591282, 0.995156, -0.0981344, -0.021211, 0.0979892, 0.994961, 0.00281901  
142, 3.87708, 58.2366, 180.454, 0.999807, 0.00644103, 0.0185575, -0.00456829, 0.995052, -0.099246, -0.0191049, 0.0991421, 0.99489, 0.00302982  
143, 3.83027, 60.4832, 180.557, 0.999781, 0.00500197, 0.0203048, -0.00305441, 0.995488, -0.0948373, -0.0206876, 0.0947545, 0.995286, 0.0028204  
144, 3.77714, 62.8645, 180.452, 0.999669, 0.00371068, 0.0254441, -0.00126677, 0.995438, -0.0954015, -0.025682, 0.0953377, 0.995114, 0.00284619  
145, 3.6996, 65.2099, 180.577, 0.999755, 0.00567997, 0.0213997, -0.00381723, 0.996279, -0.086101, -0.0218091, 0.0859982, 0.996057, 0.00276825  
146, 3.58031, 67.4674, 180.565, 0.999785, 0.00738683, 0.0193734, -0.00573886, 0.996468, -0.0837806, -0.0199238, 0.0836515, 0.996296, 0.00286506  
147, 3.51339, 69.9794, 180.607, 0.99981, 0.00796824, 0.017774, -0.00656117, 0.996942, -0.0778638, -0.01834, 0.0777324, 0.996806, 0.00291887  
148, 3.31776, 72.4175, 180.422, 0.999765, 0.00406591, 0.021302, -0.00229672, 0.996594, -0.0824284, -0.0215646, 0.08236, 0.996369, 0.00275022  
149, 3.20688, 74.8666, 180.587, 0.99973, 0.00359815, 0.022958, -0.00191142, 0.997325, -0.0730733, -0.0231596, 0.0730096, 0.997062, 0.00313606  
150, 3.19289, 77.2813, 180.789, 0.999834, 0.00481747, 0.0175584, -0.00366427, 0.99787, -0.0651286, -0.0178348, 0.0650534, 0.997722, 0.00286977  
151, 2.95101, 79.4581, 180.802, 0.99973, 0.00232778, 0.0230995, -0.000711086, 0.997564, -0.069751, -0.0232056, 0.0697158, 0.997297, 0.00288447  
152, 2.79907, 82.0671, 180.833, 0.999762, 0.00227246, 0.0217104, -0.000886883, 0.997974, -0.0636186, -0.021811, 0.0635842, 0.997738, 0.00305867  
153, 2.64416, 84.712, 180.806, 0.999816, 0.00429515, 0.0187011, -0.00317106, 0.99821, -0.0597284, -0.0189241, 0.0596581, 0.998039, 0.00281374  
154, 2.45638, 87.2389, 180.66, 0.999836, 0.00386156, 0.0177204, -0.00281981, 0.998287, -0.0584411, -0.0179157, 0.0583815, 0.998134, 0.00285008  
155, 2.31544, 89.7778, 180.702, 0.999842, 0.00253138, 0.0175813, -0.00162024, 0.998664, -0.0516466, -0.0176885, 0.05161, 0.998511, 0.00278462  
156, 2.05714, 92.2516, 180.693, 0.999809, 0.00182242, 0.0194437, -0.000847989, 0.998749, -0.0500064, -0.0195105, 0.0499804, 0.99856, 0.00294633  
157, 1.94239, 94.7724, 180.762, 0.999773, 0.000868062, 0.021289, 0.000125507, 0.998912, -0.0466248, -0.0213064, 0.0466169, 0.998686, 0.00302233  
158, 1.74329, 97.4906, 180.692, 0.999828, 0.00303014, 0.0183022, -0.00221248, 0.999006, -0.0445313, -0.0184189, 0.0444832, 0.99884, 0.0028559  
159, 1.54722, 100.181, 180.673, 0.999879, 0.00215987, 0.0154232, -0.00153822, 0.99919, -0.0402046, -0.0154975, 0.040176, 0.999072, 0.0028584  
160, 1.31327, 102.774, 180.736, 0.999868, 0.00348197, 0.0158465, -0.00293265, 0.999398, -0.0345568, -0.0159573, 0.0345057, 0.999277, 0.00281984  
161, 1.02363, 105.569, 180.553, 0.999855, 0.00384361, 0.0165722, -0.0033071, 0.999473, -0.0322809, -0.0166875, 0.0322214, 0.999341, 0.00285535  
162, 0.716208, 108.164, 180.624, 0.999882, 0.00442995, 0.0147264, -0.00409459, 0.999733, -0.0227255, -0.0148232, 0.0226625, 0.999633, 0.00300513  
163, 0.470309, 110.667, 180.708, 0.999921, 0.00455975, 0.0117068, -0.00429049, 0.999728, -0.0229228, -0.0118082, 0.0228708, 0.999669, 0.00292525  
164, 0.177934, 113.375, 180.759, 0.999899, 0.00412323, 0.0135816, -0.00387013, 0.999819, -0.0186088, -0.0136559, 0.0185543, 0.999735, 0.00282594  
165, -0.254292, 115.994, 180.731, 0.999895, 0.00304797, 0.0141371, -0.00276492, 0.999796, -0.0199983, -0.0141952, 0.0199571, 0.9997, 0.00284869  
166, -0.536176, 118.644, 180.764, 0.999904, 0.00390394, 0.0133311, -0.00367924, 0.999851, -0.0168384, -0.0133948, 0.0167878, 0.999769, 0.00278905  
167, -0.893771, 121.19, 180.799, 0.99992, 0.00454771, 0.0117838, -0.00439273, 0.999904, -0.0131439, -0.0118424, 0.0130911, 0.999844, 0.00302649  
168, -1.12365, 123.864, 180.75, 0.999963, 0.00461338, 0.00728007, -0.00454701, 0.999948, -0.00910686, -0.00732171, 0.00907341, 0.999932, 0.00286672  
169, -1.4559, 126.559, 180.744, 0.999909, 0.00735489, 0.0112831, -0.00733184, 0.999971, -0.00208264, -0.011298, 0.00199972, 0.999934, 0.00285257  
170, -1.72254, 128.923, 180.747, 0.999952, 0.00484297, 0.00852748, -0.00478733, 0.999967, -0.00653296, -0.00855884, 0.00649182, 0.999942, 0.00274578  
171, -2.03052, 131.798, 180.759, 0.999913, 0.00620365, 0.011637, -0.00627383, 0.999962, 0.00600346, -0.0115993, -0.00607594, 0.999914, 0.00295631  
172, -2.3113, 134.097, 180.751, 0.999964, 0.00592294, 0.00607378, -0.00591701, 0.999982, -0.000993453, -0.00607955, 0.000957479, 0.999981, 0.0030681  
173, -2.65483, 136.924, 180.786, 0.99997, 0.00471555, 0.0060827, -0.00476851, 0.999951, 0.00872194, -0.00604127, -0.00875069, 0.999943, 0.0028007  
174, -2.95711, 139.404, 180.642, 0.99998, 0.00389566, 0.00489074, -0.00394573, 0.999939, 0.01027, -0.00485043, -0.0102891, 0.999935, 0.00292025  
175, -3.29069, 142.079, 180.554, 0.999995, 0.00183498, 0.00250931, -0.00186246, 0.999938, 0.0109942, -0.00248898, -0.0109988, 0.999936, 0.00291693  
176, -3.54009, 144.799, 180.563, 0.999998, 0.000949088, 0.00186966, -0.000977181, 0.999886, 0.0150822, -0.00185513, -0.015084, 0.999885, 0.00289751  
177, -3.78376, 147.296, 180.561, 1, -0.000371525, 0.000165774, 0.000369558, 0.999931, 0.0117117, -0.000170114, -0.0117116, 0.999931, 0.00308613  
178, -3.95747, 149.917, 180.67, 0.999999, -0.000184559, 0.00129597, 0.000150197, 0.99965, 0.0264644, -0.0013004, -0.0264642, 0.999649, 0.00278295  
179, -4.07403, 152.406, 180.649, 0.999998, 0.000762877, -0.00201989, -0.000715587, 0.999728, 0.0233104, 0.00203712, -0.0233089, 0.999726, 0.00320845  
180, -4.29679, 154.867, 180.759, 0.999998, -0.000581186, -0.00195325, 0.000623217, 0.999767, 0.0215872, 0.00194025, -0.0215883, 0.999765, 0.0028559  
181, -4.4743, 157.245, 180.674, 1, -0.000223323, -0.000826873, 0.000240812, 0.999775, 0.0212109, 0.00082195, -0.0212111, 0.999775, 0.00279682  
182, -4.5827, 159.581, 180.759, 0.999995, -0.00310745, -0.000974586, 0.00312729, 0.999773, 0.0210627, 0.000908914, -0.0210656, 0.999778, 0.00312551  
183, -4.65945, 162.018, 180.817, 0.999998, -0.00178252, 0.000466931, 0.00177031, 0.999687, 0.0249643, -0.000511285, -0.0249634, 0.999688, 0.00285562  
184, -4.71953, 164.314, 180.727, 0.999998, -0.00219186, 0.000366691, 0.00218232, 0.999703, 0.0242783, -0.000419797, -0.0242775, 0.999705, 0.00293385  
185, -4.85694, 166.85, 180.651, 0.999999, -0.00123273, 0.000552734, 0.00121531, 0.999535, 0.0304802, -0.00059005, -0.0304795, 0.999535, 0.00284897  
186, -4.89156, 169.073, 180.655, 0.999978, -0.00654284, -0.00105175, 0.00657182, 0.999515, 0.0304292, 0.000852147, -0.0304354, 0.999536, 0.00289779  
187, -5.05232, 171.819, 180.728, 0.999986, -0.00522152, 0.00117765, 0.00516518, 0.999034, 0.0436279, -0.00140432, -0.0436212, 0.999047, 0.00325921  
188, -5.19734, 174.061, 180.735, 0.999984, -0.00560267, -0.00101357, 0.00562891, 0.99959, 0.0280655, 0.000855915, -0.0280707, 0.999606, 0.002824  
189, -5.48032, 176.949, 180.749, 0.999985, -0.00543733, -0.000474256, 0.00545134, 0.999275, 0.0376749, 0.000269061, -0.0376769, 0.99929, 0.00293801  
190, -5.58721, 179.118, 180.678, 0.999981, -0.00615189, -0.000119293, 0.00615255, 0.999466, 0.0321057, -7.82811e-005, -0.0321058, 0.999484, 0.00290611  
191, -5.73822, 181.835, 180.702, 0.999986, -0.005268, 0.000831053, 0.00523421, 0.999322, 0.0364561, -0.00102254, -0.0364513, 0.999335, 0.00302177  
192, -5.79168, 184.206, 180.735, 0.999986, -0.0037384, 0.00386225, 0.00360001, 0.999372, 0.0352373, -0.00399156, -0.0352229, 0.999372, 0.00312746  
193, -5.85996, 186.55, 180.798, 0.999972, -0.00615521, 0.00418571, 0.00601497, 0.999446, 0.032729, -0.00438484, -0.0327029, 0.999455, 0.00286727  
194, -5.91616, 188.911, 180.862, 0.999968, -0.00693636, 0.00401144, 0.00677631, 0.999231, 0.0386233, -0.00427626, -0.0385949, 0.999246, 0.00294466  
195, -6.06911, 190.911, 180.747, 0.999964, -0.00765526, 0.0037145, 0.00751728, 0.999329, 0.0358359, -0.00398634, -0.0358067, 0.999351, 0.00282151  
196, -6.2017, 193.437, 180.752, 0.99996, -0.0075777, 0.00478391, 0.00737728, 0.999148, 0.0406069, -0.00508754, -0.04057, 0.999164, 0.00291554  
197, -6.18504, 195.71, 180.715, 0.999962, -0.00824677, 0.00274997, 0.00814679, 0.999369, 0.0345766, -0.00303338, -0.0345529, 0.999398, 0.00339846  
198, -6.32141, 198.217, 180.764, 0.999955, -0.00831893, 0.00453899, 0.00812148, 0.999088, 0.0419114, -0.00488351, -0.0418727, 0.999111, 0.0028964  
199, -6.4357, 200.403, 180.728, 0.999954, -0.00750086, 0.00598995, 0.00724221, 0.999087, 0.0420924, -0.00630021, -0.0420471, 0.999096, 0.00282983  
200, -6.56874, 202.698, 180.642, 0.99997, -0.00703722, 0.00329777, 0.00691261, 0.999314, 0.0363858, -0.00355156, -0.0363619, 0.999332, 0.00274301  
201, -6.6611, 204.863, 180.617, 0.999983, -0.00567014, 0.00117144, 0.00564012, 0.999691, 0.0242071, -0.00130834, -0.0242001, 0.999706, 0.00287144  
202, -6.62957, 207.186, 180.675, 0.999961, -0.00854813, 0.0020269, 0.00849341, 0.999636, 0.0256248, -0.0022452, -0.0256066, 0.99967, 0.00330775  
203, -6.63612, 209.358, 180.696, 0.999951, -0.0089857, 0.00408528, 0.0088609, 0.999522, 0.029605, -0.00434935, -0.0295674, 0.999553, 0.00281818  
204, -6.5577, 211.446, 180.711, 0.999913, -0.0126288, 0.00371235, 0.0125126, 0.999477, 0.0298195, -0.00408699, -0.0297705, 0.999548, 0.0029222  
205, -6.60514, 213.789, 180.709, 0.999897, -0.0131255, 0.00585421, 0.0129196, 0.999341, 0.0339239, -0.00629562, -0.0338448, 0.999407, 0.00288059  
206, -6.5829, 215.984, 180.698, 0.999895, -0.0126111, 0.00712453, 0.0123862, 0.999449, 0.0307834, -0.00750882, -0.0306919, 0.999501, 0.00282705  
207, -6.56065, 218.393, 180.747, 0.999904, -0.0119446, 0.00702797, 0.0117122, 0.999412, 0.0322383, -0.00740891, -0.0321529, 0.999456, 0.0031416  
208, -6.48468, 220.554, 180.774, 0.999897, -0.0128354, 0.00639575, 0.0126404, 0.999481, 0.0296435, -0.00677291, -0.0295596, 0.99954, 0.00274467  
209, -6.38222, 222.552, 180.829, 0.999892, -0.0126813, 0.00740624, 0.0124799, 0.999567, 0.0266347, -0.0077408, -0.0265394, 0.999618, 0.00270251  
210, -6.2047, 224.698, 180.983, 0.999855, -0.014544, 0.00886442, 0.0142682, 0.999435, 0.0304168, -0.00930179, -0.0302859, 0.999498, 0.00280237  
211, -6.1604, 226.765, 180.997, 0.999814, -0.0150232, 0.0121179, 0.0146554, 0.999446, 0.0298874, -0.0125602, -0.0297043, 0.99948, 0.00264565  
212, -6.04829, 228.933, 180.983, 0.999815, -0.014379, 0.0127579, 0.0140609, 0.999597, 0.0246795, -0.0131076, -0.0244956, 0.999614, 0.00337932  
213, -5.99404, 230.998, 180.971, 0.999797, -0.0139017, 0.0145676, 0.0135608, 0.999638, 0.0232445, -0.0148854, -0.0230422, 0.999624, 0.0027971  
214, -5.73278, 233.357, 181.051, 0.999777, -0.015522, 0.0143063, 0.015154, 0.99956, 0.0254836, -0.0146955, -0.0252611, 0.999573, 0.00302871  
215, -5.6599, 235.086, 181.043, 0.999716, -0.0165015, 0.0172105, 0.0161394, 0.99965, 0.0209716, -0.0175505, -0.0206879, 0.999632, 0.002748  
216, -5.45228, 237.341, 181.078, 0.999696, -0.0177788, 0.0170625, 0.0174251, 0.999635, 0.0206598, -0.0174235, -0.0203562, 0.999641, 0.00280181  
217, -5.27053, 239.088, 181.059, 0.999664, -0.0189245, 0.0177214, 0.0186812, 0.99973, 0.0137968, -0.0179777, -0.0134611, 0.999748, 0.00305034  
218, -5.1407, 241.427, 181.051, 0.999667, -0.0173047, 0.019152, 0.0170219, 0.999745, 0.0148334, -0.0194038, -0.0145025, 0.999707, 0.00299875  
219, -4.95818, 243.393, 181, 0.999602, -0.0180428, 0.0216859, 0.0177521, 0.999751, 0.0135258, -0.0219246, -0.0131354, 0.999673, 0.00264814  
220, -4.85019, 245.505, 180.972, 0.999559, -0.0183496, 0.0233627, 0.0180415, 0.999748, 0.0133299, -0.0236015, -0.0129026, 0.999638, 0.00267782  
221, -4.75673, 247.505, 180.998, 0.99949, -0.0160873, 0.0275737, 0.015816, 0.999825, 0.01003, -0.0277302, -0.00958879, 0.999569, 0.00283288  
222, -4.62307, 249.401, 181.011, 0.999479, -0.0159212, 0.0280929, 0.015828, 0.999868, 0.00353742, -0.0281455, -0.00309092, 0.999599, 0.00295326  
223, -4.56509, 251.506, 181.038, 0.999393, -0.0116726, 0.032812, 0.0114791, 0.999916, 0.00607997, -0.0328802, -0.00569963, 0.999443, 0.00287393  
224, -4.20339, 253.241, 181.127, 0.999319, -0.0137611, 0.0342473, 0.0138913, 0.999897, -0.00356449, -0.0341948, 0.0040378, 0.999407, 0.00306227  
225, -3.95533, 255.415, 181.273, 0.999188, -0.0151905, 0.0373263, 0.0149547, 0.999866, 0.00658906, -0.0374214, -0.0060255, 0.999281, 0.00272165  
226, -3.70947, 257.014, 181.33, 0.999152, -0.0164045, 0.0377747, 0.0165474, 0.999857, -0.00347213, -0.0377123, 0.00409426, 0.99928, 0.00279654  
227, -3.53526, 259.153, 181.41, 0.998968, -0.0157161, 0.042621, 0.0157275, 0.999876, 6.72916e-005, -0.0426168, 0.000603098, 0.999091, 0.00310638  
228, -3.27478, 260.679, 181.306, 0.998893, -0.0157109, 0.0443458, 0.0162161, 0.999807, -0.011055, -0.0441636, 0.0117619, 0.998955, 0.00275355  
229, -2.99103, 262.757, 181.222, 0.998713, -0.0142396, 0.0486726, 0.0147135, 0.999848, -0.00939169, -0.0485314, 0.0100957, 0.998771, 0.00284314  
230, -2.60199, 264.516, 181.138, 0.998662, -0.0128786, 0.0500917, 0.0137281, 0.999767, -0.0166519, -0.0498655, 0.0173173, 0.998606, 0.00272747  
231, -2.24057, 266.814, 181.234, 0.998502, -0.0145898, 0.0527271, 0.0151357, 0.999836, -0.00996818, -0.052573, 0.0107513, 0.998559, 0.00285507  
232, -1.82712, 268.619, 181.311, 0.998293, -0.0153693, 0.0563485, 0.0163324, 0.999728, -0.0166709, -0.056077, 0.0175628, 0.998272, 0.00295853  
233, -1.60612, 270.745, 181.289, 0.998189, -0.0161252, 0.0579489, 0.0171835, 0.999694, -0.0178118, -0.057644, 0.0187753, 0.998161, 0.00282705  
234, -1.39915, 272.683, 181.252, 0.99814, -0.0149917, 0.0590949, 0.0163373, 0.999617, -0.0223526, -0.0587371, 0.0232765, 0.998002, 0.00287116  
235, -1.24188, 274.828, 181.323, 0.998019, -0.0148409, 0.0611308, 0.0161004, 0.999667, -0.0201618, -0.0608113, 0.0211061, 0.997926, 0.00272026  
236, -1.04265, 276.89, 181.41, 0.997899, -0.014376, 0.0631761, 0.0155669, 0.99971, -0.0183991, -0.0628933, 0.0193439, 0.997833, 0.00280375  
237, -0.948414, 278.661, 181.452, 0.997762, -0.0169274, 0.064692, 0.0185085, 0.999543, -0.0239209, -0.0642575, 0.0250647, 0.997619, 0.0030534  
238, -0.929553, 280.9, 181.467, 0.99768, -0.0154329, 0.066302, 0.0167815, 0.999663, -0.0198309, -0.0659736, 0.0208975, 0.997603, 0.00275882  
239, -0.824279, 282.683, 181.429, 0.997685, -0.0175641, 0.0657016, 0.0192881, 0.999484, -0.0256976, -0.0652163, 0.0269054, 0.997508, 0.00285091  
240, -0.880876, 284.907, 181.46, 0.997714, -0.0186706, 0.0649537, 0.0202898, 0.999497, -0.0243586, -0.0644662, 0.0256208, 0.997591, 0.00273635  
241, -0.968258, 286.822, 181.34, 0.997689, -0.0165561, 0.0658974, 0.0185764, 0.999372, -0.0301641, -0.0653567, 0.0313186, 0.99737, 0.00281069  
242, -1.06754, 288.917, 181.348, 0.997603, -0.0162554, 0.0672671, 0.0182626, 0.999403, -0.0293326, -0.0667502, 0.0304908, 0.997304, 0.003019  
243, -1.1126, 290.893, 181.449, 0.997391, -0.0162074, 0.0703519, 0.0183246, 0.999395, -0.0295551, -0.0698304, 0.0307671, 0.997084, 0.00276048  
244, -1.17568, 292.922, 181.46, 0.997545, -0.0164603, 0.0680709, 0.0188224, 0.999238, -0.0342052, -0.067456, 0.0354025, 0.997094, 0.00300874  
245, -1.33708, 295.054, 181.434, 0.997714, -0.016599, 0.0655145, 0.0186946, 0.999329, -0.0315046, -0.0649476, 0.0326573, 0.997354, 0.00285812  
246, -1.44173, 296.881, 181.422, 0.997929, -0.0186786, 0.0615582, 0.0211968, 0.998954, -0.0405118, -0.0607371, 0.0417327, 0.997281, 0.00283177  
247, -1.79296, 299.26, 181.441, 0.997839, -0.016764, 0.0635347, 0.0190492, 0.999187, -0.0355342, -0.0628873, 0.0366676, 0.997347, 0.00323896  
248, -2.10766, 301.167, 181.474, 0.99781, -0.0189337, 0.0633718, 0.0212206, 0.99914, -0.0356103, -0.0626431, 0.0368772, 0.997354, 0.00275272  
249, -2.57726, 303.442, 181.458, 0.997787, -0.0162698, 0.0644667, 0.0182973, 0.999352, -0.0309854, -0.0639208, 0.0320964, 0.997439, 0.00286589  
250, -2.91447, 305.385, 181.39, 0.998137, -0.018568, 0.058122, 0.0208328, 0.999037, -0.0386069, -0.0573492, 0.0397458, 0.997563, 0.0027444  
251, -3.43354, 307.619, 181.43, 0.998257, -0.0179843, 0.0562144, 0.0200487, 0.999137, -0.0363774, -0.0555116, 0.037441, 0.997756, 0.00285313  
252, -3.98391, 309.712, 181.314, 0.998288, -0.0180228, 0.0556462, 0.0201235, 0.999097, -0.0374238, -0.0549215, 0.0384796, 0.997749, 0.00309389  
253, -4.55132, 311.861, 181.316, 0.998303, -0.0186166, 0.0551758, 0.0207137, 0.999075, -0.0376827, -0.0544232, 0.0387616, 0.997765, 0.00280209  
254, -5.09954, 313.955, 181.347, 0.998386, -0.0174116, 0.0540652, 0.0200132, 0.998649, -0.0479566, -0.0531571, 0.0489612, 0.997385, 0.0028473  
255, -5.77307, 316.193, 181.354, 0.998667, -0.0151194, 0.0493449, 0.0176387, 0.998542, -0.0510254, -0.0485015, 0.0518278, 0.997478, 0.00280348  
256, -6.49758, 318.373, 181.273, 0.998866, -0.0138561, 0.0455588, 0.0164435, 0.998243, -0.0569181, -0.0446901, 0.0576027, 0.997339, 0.00281041  
257, -7.33816, 320.663, 181.225, 0.99899, -0.0123548, 0.043195, 0.0147553, 0.998338, -0.055705, -0.042435, 0.0562861, 0.997512, 0.0030448  
258, -8.12416, 323.099, 181.228, 0.999077, -0.0132021, 0.0408855, 0.0152315, 0.998647, -0.0497295, -0.0401737, 0.0503063, 0.997926, 0.00275077  
259, -8.94539, 325.186, 181.259, 0.9992, -0.0137418, 0.0375454, 0.0157292, 0.998462, -0.0531613, -0.0367572, 0.0537093, 0.99788, 0.00285535  
260, -9.72681, 327.616, 181.308, 0.999413, -0.013833, 0.031327, 0.0154366, 0.998552, -0.0515402, -0.0305686, 0.0519936, 0.998179, 0.00271444  
261, -10.588, 329.73, 181.333, 0.999489, -0.0147471, 0.0283474, 0.0161827, 0.998563, -0.0510982, -0.0275531, 0.0515308, 0.998291, 0.0028878  
262, -11.3433, 331.965, 181.339, 0.999497, -0.0190891, 0.0253228, 0.0202994, 0.99862, -0.048435, -0.0243633, 0.0489247, 0.998505, 0.00320152  
263, -12.235, 334.291, 181.243, 0.999612, -0.0187897, 0.020551, 0.0197606, 0.998647, -0.0481065, -0.0196193, 0.0484939, 0.998631, 0.0028498  
264, -13.044, 336.638, 181.105, 0.999659, -0.0203894, 0.016343, 0.0212204, 0.998401, -0.052403, -0.0152484, 0.0527319, 0.998492, 0.00285979  
265, -13.8794, 339.267, 181.081, 0.999733, -0.0201611, 0.0112791, 0.0206913, 0.998582, -0.0490574, -0.010274, 0.0492777, 0.998732, 0.00269363  
266, -14.7622, 341.247, 180.967, 0.999771, -0.020209, 0.00703923, 0.020571, 0.998227, -0.0558478, -0.00589813, 0.0559798, 0.998414, 0.00279238  
267, -15.7046, 343.694, 180.935, 0.999809, -0.0189103, 0.00500327, 0.0191438, 0.998479, -0.0516947, -0.00401811, 0.0517806, 0.99865, 0.00344589  
268, -16.4332, 345.975, 181.037, 0.999772, -0.020962, 0.00418318, 0.0211547, 0.998366, -0.0530907, -0.00306345, 0.0531671, 0.998581, 0.00277962  
269, -17.0912, 348.573, 181.109, 0.999706, -0.0242657, -0.000203465, 0.0242225, 0.998361, -0.0518497, 0.0014613, 0.0518295, 0.998655, 0.00289446  
270, -17.7149, 350.806, 181.077, 0.999696, -0.0243497, -0.00380967, 0.0241134, 0.998298, -0.0530912, 0.00509594, 0.0529832, 0.998582, 0.00290638  
271, -18.3198, 353.385, 181.046, 0.999632, -0.0260207, -0.0076833, 0.0256121, 0.998461, -0.0491949, 0.00895156, 0.04898, 0.99876, 0.00288641  
272, -18.8811, 355.782, 181.059, 0.999578, -0.0269633, -0.0108411, 0.0263832, 0.998376, -0.0504993, 0.0121851, 0.0501919, 0.998665, 0.00338015  
273, -19.5097, 358.257, 180.905, 0.999536, -0.0273495, -0.0134194, 0.0266527, 0.998413, -0.0496084, 0.0147548, 0.0492277, 0.998679, 0.00282733  
