0, 0, 0, 0, 0, 0, 0, 0, 0, 0, 0, 0, 0, 0.0115196  
1, 12.2932, 1143.76, 180.459, 0.982037, -0.0703533, 0.175085, 0.0576121, 0.995379, 0.0768258, -0.17968, -0.0653587, 0.981551, 0.00278795  
2, 12.2764, 1143.8, 180.491, 0.982394, -0.0703575, 0.173065, 0.0586424, 0.995686, 0.0719039, -0.177377, -0.060489, 0.982282, 0.00268643  
3, 12.2691, 1143.79, 180.458, 0.982287, -0.0710458, 0.173394, 0.0589155, 0.995506, 0.0741352, -0.177882, -0.0626064, 0.982058, 0.00297075  
4, 12.2976, 1143.78, 180.455, 0.982105, -0.070446, 0.174662, 0.0579779, 0.995459, 0.0754929, -0.179187, -0.0640155, 0.98173, 0.00267977  
5, 12.3029, 1143.84, 180.479, 0.982192, -0.0715646, 0.173719, 0.0601168, 0.995713, 0.0702952, -0.178005, -0.0585999, 0.982283, 0.00283594  
6, 12.3112, 1143.79, 180.494, 0.982376, -0.0716246, 0.172647, 0.0601782, 0.995684, 0.0706523, -0.176962, -0.0590176, 0.982447, 0.0029419  
7, 12.2905, 1143.76, 180.5, 0.982115, -0.0700615, 0.17476, 0.0578428, 0.995575, 0.0740623, -0.179176, -0.0626291, 0.981822, 0.00281846  
8, 12.3047, 1143.81, 180.499, 0.982178, -0.0707163, 0.174144, 0.0587339, 0.995599, 0.0730316, -0.178542, -0.0615019, 0.982008, 0.0028928  
9, 12.2515, 1143.84, 180.488, 0.982349, -0.0707395, 0.173168, 0.0590005, 0.995656, 0.0720293, -0.177511, -0.060541, 0.982255, 0.00265786  
10, 12.2622, 1143.83, 180.499, 0.982095, -0.0710903, 0.174457, 0.059378, 0.995674, 0.0714671, -0.178783, -0.0598286, 0.982068, 0.0030473  
11, 12.3056, 1143.74, 180.481, 0.982247, -0.0708294, 0.173705, 0.0589866, 0.995628, 0.0724237, -0.178075, -0.0608917, 0.982131, 0.00302594  
12, 12.281, 1143.75, 180.497, 0.981866, -0.0715333, 0.175562, 0.059104, 0.995427, 0.0750388, -0.180127, -0.0633017, 0.981604, 0.00273164  
13, 12.2748, 1143.79, 180.487, 0.982025, -0.0709222, 0.174921, 0.0584757, 0.995444, 0.075317, -0.179465, -0.0637345, 0.981698, 0.00278795  
14, 12.3484, 1143.82, 180.485, 0.982181, -0.0707564, 0.174109, 0.0587506, 0.995587, 0.0731748, -0.178519, -0.0616418, 0.982004, 0.0026942  
15, 12.2596, 1143.76, 180.47, 0.982108, -0.0706897, 0.174549, 0.0579985, 0.99536, 0.0767745, -0.179167, -0.0652772, 0.981651, 0.00277297  
16, 12.2529, 1143.79, 180.52, 0.982207, -0.0694203, 0.174498, 0.0571963, 0.995607, 0.0741364, -0.178878, -0.0628367, 0.981863, 0.00295826  
17, 12.2601, 1143.78, 180.463, 0.982137, -0.0705772, 0.17443, 0.0579251, 0.995378, 0.0765958, -0.17903, -0.0651237, 0.981686, 0.00269309  
18, 12.2662, 1143.78, 180.517, 0.981905, -0.0706047, 0.175722, 0.0579434, 0.995409, 0.0761753, -0.180294, -0.0646149, 0.981488, 0.00284121  
19, 12.2437, 1143.75, 180.442, 0.981834, -0.0706207, 0.176107, 0.0573932, 0.995212, 0.0791104, -0.180851, -0.0675659, 0.981187, 0.0026709  
20, 12.3079, 1143.8, 180.494, 0.982064, -0.0699617, 0.17509, 0.0577342, 0.995587, 0.0739863, -0.179493, -0.0625506, 0.981769, 0.0027494  
21, 12.2995, 1143.79, 180.494, 0.981884, -0.0704123, 0.175912, 0.0578562, 0.995464, 0.0755198, -0.180432, -0.0639741, 0.981505, 0.00299932  
22, 12.277, 1143.82, 180.467, 0.981985, -0.0708032, 0.17519, 0.0587339, 0.99559, 0.0731498, -0.179596, -0.0615424, 0.981813, 0.00274773  
23, 12.277, 1143.86, 180.507, 0.982134, -0.0712267, 0.174181, 0.05955, 0.99567, 0.0713749, -0.178511, -0.0597272, 0.982123, 0.00280903  
24, 12.2681, 1143.82, 180.501, 0.98171, -0.0711297, 0.176597, 0.0585989, 0.995446, 0.0751913, -0.181141, -0.0634676, 0.981407, 0.00266452  
25, 12.317, 1143.79, 180.467, 0.982094, -0.0700001, 0.174906, 0.0575091, 0.995486, 0.0754964, -0.179401, -0.0640859, 0.981686, 0.00293774  
26, 12.2624, 1143.82, 180.515, 0.982023, -0.0708684, 0.174954, 0.0591784, 0.995708, 0.0711593, -0.179246, -0.0595265, 0.982002, 0.00301235  
27, 12.2494, 1143.79, 180.462, 0.982021, -0.0707516, 0.175014, 0.0584798, 0.995519, 0.0743154, -0.179488, -0.0627445, 0.981757, 0.00317573  
28, 12.2023, 1143.76, 180.481, 0.981712, -0.069909, 0.177073, 0.0569317, 0.995378, 0.0773431, -0.181662, -0.0658476, 0.981154, 0.00261819  
29, 12.2933, 1143.76, 180.46, 0.981987, -0.0711323, 0.175047, 0.058563, 0.99539, 0.0759576, -0.179643, -0.064338, 0.981626, 0.00291277  
30, 12.2388, 1143.75, 180.461, 0.981943, -0.0698973, 0.175792, 0.0567992, 0.995297, 0.0784732, -0.18045, -0.0670714, 0.981295, 0.00272415  
31, 12.2282, 1143.84, 180.489, 0.982037, -0.0708988, 0.174859, 0.0586216, 0.995503, 0.0744104, -0.179348, -0.0628233, 0.981778, 0.00281236  
32, 12.2629, 1143.8, 180.478, 0.982025, -0.0690761, 0.175656, 0.056343, 0.995478, 0.0764764, -0.180144, -0.0652048, 0.981477, 0.00264649  
33, 12.2751, 1143.79, 180.529, 0.982164, -0.0694513, 0.174727, 0.0569895, 0.995526, 0.0753606, -0.179179, -0.0640589, 0.981729, 0.00277602  
34, 12.2705, 1143.78, 180.464, 0.981772, -0.069863, 0.176755, 0.0567327, 0.995315, 0.0782845, -0.181396, -0.0668298, 0.981137, 0.00298212  
35, 12.2618, 1143.81, 180.42, 0.981831, -0.0700898, 0.176339, 0.0569124, 0.995271, 0.0787123, -0.181022, -0.0672463, 0.981177, 0.00273913  
36, 12.2932, 1143.77, 180.488, 0.982268, -0.0694303, 0.174153, 0.0571211, 0.995567, 0.0747288, -0.17857, -0.0634559, 0.981879, 0.00282373  
37, 12.2864, 1143.79, 180.469, 0.982143, -0.0695902, 0.174792, 0.0572387, 0.995559, 0.074743, -0.179218, -0.0634034, 0.981764, 0.00285757  
38, 12.2395, 1143.83, 180.489, 0.981716, -0.0707675, 0.176705, 0.0583551, 0.995513, 0.074485, -0.181183, -0.0628115, 0.981441, 0.00279405  
39, 12.2854, 1143.78, 180.423, 0.98192, -0.0705335, 0.175668, 0.0577012, 0.995351, 0.0771206, -0.18029, -0.06559, 0.981424, 0.00314688  
40, 12.3209, 1143.79, 180.502, 0.982235, -0.0701413, 0.174054, 0.0582471, 0.995664, 0.0725341, -0.178387, -0.0611073, 0.982061, 0.00283344  
41, 12.2945, 1143.8, 180.474, 0.982054, -0.0702863, 0.175013, 0.0576487, 0.995418, 0.0762811, -0.179573, -0.064823, 0.981607, 0.00276382  
42, 12.2861, 1143.75, 180.441, 0.98193, -0.070348, 0.175684, 0.0571966, 0.995245, 0.0788376, -0.180394, -0.0673645, 0.981285, 0.00271278  
43, 12.2726, 1143.78, 180.487, 0.98199, -0.0695649, 0.175661, 0.0566921, 0.995397, 0.0772718, -0.180228, -0.0659215, 0.981413, 0.00298434  
44, 12.2953, 1143.81, 180.475, 0.982301, -0.0701375, 0.173683, 0.0580331, 0.995581, 0.0738222, -0.178093, -0.0624363, 0.982031, 0.00323232  
45, 12.1899, 1143.8, 180.509, 0.981568, -0.0697896, 0.177915, 0.0562915, 0.995218, 0.0798245, -0.182635, -0.0683381, 0.980803, 0.00362758  
46, 12.2708, 1143.86, 180.443, 0.98223, -0.0698591, 0.174193, 0.057712, 0.995598, 0.0738547, -0.178586, -0.0624892, 0.981938, 0.00292942  
47, 12.2929, 1143.84, 180.56, 0.982558, -0.0703684, 0.172128, 0.0590294, 0.995789, 0.070136, -0.176338, -0.0587521, 0.982575, 0.00275272  
48, 12.3177, 1143.78, 180.446, 0.982498, -0.0710753, 0.172182, 0.0592388, 0.995576, 0.0729394, -0.176604, -0.0614629, 0.982361, 0.00285119  
49, 12.3128, 1143.83, 180.484, 0.9821, -0.070606, 0.174627, 0.0585611, 0.995597, 0.0731979, -0.179026, -0.0616614, 0.98191, 0.00321734  
50, 12.3071, 1143.72, 180.45, 0.981823, -0.071459, 0.175834, 0.0586013, 0.995287, 0.0772667, -0.180526, -0.0655581, 0.981383, 0.00278573  
51, 12.2786, 1143.85, 180.486, 0.982116, -0.0698827, 0.174827, 0.0577021, 0.995601, 0.0738167, -0.179216, -0.0624087, 0.981828, 0.00278379  
52, 12.2814, 1143.84, 180.505, 0.982149, -0.0705208, 0.174387, 0.0587564, 0.995692, 0.0717342, -0.178694, -0.0602073, 0.982061, 0.00269475  
53, 12.2852, 1143.82, 180.49, 0.982166, -0.0697573, 0.174597, 0.0573677, 0.995529, 0.0750348, -0.17905, -0.0636804, 0.981777, 0.00288032  
54, 12.234, 1143.81, 180.465, 0.981921, -0.0707576, 0.175567, 0.0583263, 0.995477, 0.0749893, -0.180079, -0.0633934, 0.981607, 0.00439842  
55, 12.2739, 1143.78, 180.476, 0.982018, -0.0704297, 0.175156, 0.0579203, 0.995459, 0.0755392, -0.179681, -0.0640358, 0.981639, 0.00273886  
56, 12.2371, 1143.83, 180.468, 0.982134, -0.0700464, 0.17466, 0.0579146, 0.995603, 0.0736203, -0.179049, -0.0621897, 0.981873, 0.00284398  
57, 12.2581, 1143.74, 180.456, 0.981756, -0.0706906, 0.176518, 0.057801, 0.995344, 0.0771308, -0.181149, -0.0655206, 0.981271, 0.00270862  
58, 12.2545, 1143.79, 180.478, 0.981966, -0.0709461, 0.175241, 0.0585129, 0.995455, 0.0751305, -0.179775, -0.0635217, 0.981655, 0.00294523  
59, 12.2637, 1143.76, 180.467, 0.982192, -0.0698981, 0.174395, 0.0573519, 0.995459, 0.0759775, -0.178914, -0.0646226, 0.98174, 0.00301041  
60, 12.2833, 1143.76, 180.485, 0.982057, -0.0702583, 0.175008, 0.0579835, 0.995549, 0.0742964, -0.179449, -0.0628157, 0.98176, 0.00285508  
61, 12.2783, 1143.8, 180.502, 0.982331, -0.0701268, 0.173517, 0.0578768, 0.995526, 0.0746843, -0.177978, -0.0633221, 0.981995, 0.0028168  
62, 12.2682, 1143.77, 180.493, 0.982051, -0.0706393, 0.174887, 0.0585775, 0.995595, 0.0732016, -0.179288, -0.0616432, 0.981863, 0.00274357  
63, 12.306, 1143.81, 180.504, 0.982291, -0.0690878, 0.17416, 0.056807, 0.995598, 0.0745448, -0.178543, -0.0633312, 0.981892, 0.00290306  
64, 12.2932, 1143.78, 180.495, 0.981966, -0.0699554, 0.175641, 0.0573809, 0.99548, 0.0756832, -0.180142, -0.0642398, 0.981541, 0.00358903  
65, 12.3174, 1143.78, 180.477, 0.981859, -0.0700419, 0.176201, 0.0576509, 0.995554, 0.0744906, -0.180636, -0.0629811, 0.981532, 0.00287311  
66, 12.2647, 1143.85, 180.503, 0.982159, -0.0699332, 0.174565, 0.0579779, 0.995669, 0.0726766, -0.178892, -0.0612591, 0.98196, 0.00286201  
67, 12.3066, 1143.76, 180.484, 0.982194, -0.0708733, 0.173988, 0.0587314, 0.995529, 0.0739756, -0.178453, -0.0624398, 0.981965, 0.00272027  
68, 12.2518, 1143.75, 180.517, 0.981875, -0.0707726, 0.175818, 0.0579938, 0.995359, 0.0767922, -0.180436, -0.065204, 0.981423, 0.00288892  
69, 12.2822, 1143.84, 180.461, 0.981969, -0.0703435, 0.175466, 0.0580239, 0.99554, 0.0743854, -0.179916, -0.0628629, 0.981671, 0.00322177  
70, 12.317, 1143.8, 180.466, 0.982532, -0.0702805, 0.172312, 0.0586051, 0.995686, 0.0719387, -0.176624, -0.0605838, 0.982412, 0.00296603  
71, 12.2907, 1143.8, 180.483, 0.981816, -0.0700584, 0.176434, 0.0575719, 0.995526, 0.0749284, -0.180894, -0.0634083, 0.981456, 0.00289197  
72, 12.2394, 1143.82, 180.485, 0.98174, -0.0713561, 0.176338, 0.0589888, 0.995481, 0.0744139, -0.180851, -0.0626531, 0.981513, 0.00268893  
73, 12.2632, 1143.84, 180.483, 0.982116, -0.0700395, 0.174764, 0.0582692, 0.99573, 0.071601, -0.179032, -0.0601372, 0.982004, 0.00268116  
74, 12.235, 1143.79, 180.492, 0.982114, -0.0703514, 0.174653, 0.0579039, 0.995473, 0.0753762, -0.179165, -0.0639149, 0.981741, 0.00265647  
75, 12.2238, 1143.77, 180.502, 0.981748, -0.0695089, 0.17703, 0.0565972, 0.995425, 0.0769744, -0.18157, -0.0655501, 0.981191, 0.00281486  
76, 12.271, 1143.82, 180.518, 0.981985, -0.068818, 0.175984, 0.0563536, 0.995599, 0.0748754, -0.180362, -0.0636092, 0.981541, 0.00272721  
77, 12.2912, 1143.83, 180.506, 0.982337, -0.0692863, 0.17382, 0.0574387, 0.995728, 0.072294, -0.178087, -0.0610331, 0.98212, 0.00303537  
78, 12.2676, 1143.84, 180.492, 0.982263, -0.0692836, 0.174238, 0.0572089, 0.995661, 0.0733978, -0.178567, -0.062128, 0.981964, 0.00283594  
79, 12.2549, 1143.8, 180.504, 0.981905, -0.0696382, 0.176108, 0.0571098, 0.995529, 0.0752403, -0.18056, -0.0638213, 0.981491, 0.00264371  
80, 12.2443, 1143.76, 180.467, 0.9819, -0.0697471, 0.176088, 0.0574247, 0.995593, 0.0741358, -0.180483, -0.0626822, 0.981579, 0.00287644  
81, 12.238, 1143.8, 180.489, 0.982191, -0.0703608, 0.17421, 0.0579948, 0.995489, 0.0750898, -0.178708, -0.0636492, 0.981841, 0.00270751  
82, 12.2308, 1143.79, 180.476, 0.981869, -0.069924, 0.176195, 0.0571432, 0.995423, 0.0766017, -0.180745, -0.0651444, 0.98137, 0.00272526  
83, 12.1873, 1143.8, 180.495, 0.981866, -0.0700835, 0.176149, 0.0572912, 0.995407, 0.0766931, -0.180715, -0.0652105, 0.981371, 0.00296076  
84, 12.1977, 1143.76, 180.491, 0.981521, -0.0700026, 0.178092, 0.0565267, 0.995219, 0.0796542, -0.182817, -0.0681152, 0.980785, 0.00289974  
85, 12.2584, 1143.79, 180.48, 0.981759, -0.069661, 0.176909, 0.0568891, 0.995463, 0.0762739, -0.18142, -0.0648184, 0.981267, 0.00284343  
86, 12.2724, 1143.77, 180.478, 0.98203, -0.0711084, 0.174819, 0.0588526, 0.995496, 0.0743234, -0.179316, -0.0626993, 0.981791, 0.00305091  
87, 12.2943, 1143.79, 180.486, 0.981969, -0.0704315, 0.175432, 0.0582, 0.995564, 0.0739236, -0.17986, -0.0623805, 0.981712, 0.00299932  
88, 12.2886, 1143.83, 180.502, 0.982155, -0.0708077, 0.174232, 0.0592214, 0.995729, 0.0708288, -0.178503, -0.0592466, 0.982154, 0.00309862  
89, 12.2808, 1143.78, 180.454, 0.982033, -0.0695973, 0.175407, 0.0567184, 0.995385, 0.0774013, -0.179985, -0.0660618, 0.981449, 0.00304924  
90, 12.3061, 1143.82, 180.482, 0.981941, -0.0715967, 0.175119, 0.0595313, 0.995538, 0.0732133, -0.179579, -0.0614661, 0.981821, 0.00286451  
91, 12.247, 1143.81, 180.482, 0.982136, -0.0706426, 0.17441, 0.0582197, 0.995456, 0.0753508, -0.17894, -0.0638506, 0.981786, 0.0026709  
92, 12.2144, 1143.83, 180.454, 0.981809, -0.0702044, 0.176415, 0.057453, 0.995422, 0.0763829, -0.18097, -0.0648579, 0.981348, 0.00273858  
93, 12.2399, 1143.77, 180.503, 0.981721, -0.0719328, 0.176209, 0.0591759, 0.995303, 0.0766176, -0.180893, -0.0647898, 0.981366, 0.00292248  
94, 12.2582, 1143.78, 180.467, 0.982117, -0.0698529, 0.174833, 0.0572057, 0.995437, 0.0763671, -0.17937, -0.065, 0.981632, 0.0026659  
95, 12.2423, 1143.77, 180.516, 0.982026, -0.0698982, 0.175326, 0.0573195, 0.995473, 0.075816, -0.179832, -0.0644036, 0.981587, 0.0027616  
96, 12.2291, 1143.82, 180.486, 0.982013, -0.0702705, 0.175248, 0.0576052, 0.995416, 0.0763448, -0.17981, -0.0648764, 0.98156, 0.00263761  
97, 12.2667, 1143.82, 180.501, 0.981915, -0.0712325, 0.175411, 0.0589099, 0.99548, 0.0744881, -0.179924, -0.0628076, 0.981673, 0.00298489  
98, 12.2265, 1143.8, 180.528, 0.982047, -0.069554, 0.175344, 0.0570132, 0.995509, 0.0755766, -0.179813, -0.0642228, 0.981602, 0.00311887  
99, 12.2535, 1143.84, 180.475, 0.982214, -0.0702532, 0.174128, 0.05813, 0.995579, 0.0737764, -0.178541, -0.0623421, 0.981955, 0.00268144  
100, 12.2522, 1143.81, 180.426, 0.981728, -0.0705771, 0.176716, 0.0578694, 0.995422, 0.0760657, -0.181276, -0.0644494, 0.981318, 0.0028806  
101, 12.2344, 1143.78, 180.475, 0.982004, -0.0703247, 0.175277, 0.0578219, 0.995472, 0.0754518, -0.179789, -0.0639592, 0.981624, 0.00263983  
102, 12.2471, 1143.81, 180.504, 0.981946, -0.0701479, 0.175673, 0.0578999, 0.995583, 0.0739073, -0.180081, -0.0624015, 0.98167, 0.00306367  
103, 12.2072, 1143.75, 180.483, 0.981743, -0.0697466, 0.176965, 0.056487, 0.995281, 0.0788961, -0.181633, -0.0674594, 0.98105, 0.00316269  
104, 12.282, 1143.83, 180.46, 0.982034, -0.0705421, 0.175022, 0.058031, 0.995448, 0.0756053, -0.179558, -0.0640903, 0.981657, 0.00271861  
105, 12.2687, 1143.83, 180.464, 0.981721, -0.0708477, 0.176646, 0.0585646, 0.995551, 0.0738112, -0.181089, -0.0621169, 0.981503, 0.00283954  
106, 12.2566, 1143.85, 180.487, 0.981999, -0.0701101, 0.175395, 0.0578133, 0.995561, 0.0742686, -0.179823, -0.0627915, 0.981693, 0.0026795  
107, 12.2657, 1143.79, 180.488, 0.981864, -0.0703233, 0.176061, 0.0574939, 0.995376, 0.0769444, -0.180657, -0.0654265, 0.981368, 0.00268033  
108, 12.2499, 1143.78, 180.513, 0.982195, -0.0699491, 0.174358, 0.0573759, 0.995445, 0.0761433, -0.17889, -0.0647835, 0.981734, 0.00296853  
109, 12.3058, 1143.81, 180.467, 0.982004, -0.0702144, 0.17532, 0.057642, 0.995455, 0.0758074, -0.179846, -0.0643374, 0.981589, 0.00272443  
110, 12.3375, 1143.82, 180.472, 0.982459, -0.0683478, 0.173501, 0.0562072, 0.995676, 0.0739535, -0.177805, -0.0629043, 0.982053, 0.00276326  
111, 12.2915, 1143.81, 180.465, 0.981974, -0.0700927, 0.175537, 0.0576666, 0.995521, 0.0749218, -0.180002, -0.0634487, 0.981618, 0.00264011  
112, 12.2388, 1143.8, 180.517, 0.98212, -0.0695284, 0.174948, 0.0572691, 0.995599, 0.0741781, -0.179336, -0.0628326, 0.981779, 0.00276715  
113, 12.3038, 1143.89, 180.475, 0.981869, -0.0702409, 0.176067, 0.0581015, 0.995624, 0.0731854, -0.180437, -0.0616287, 0.981654, 0.00298822  
114, 12.3128, 1143.8, 180.483, 0.982049, -0.0701421, 0.175101, 0.0581708, 0.995664, 0.0725947, -0.179433, -0.0611058, 0.981871, 0.00275855  
115, 12.2729, 1143.82, 180.493, 0.982024, -0.0696152, 0.175452, 0.0573255, 0.995596, 0.0741718, -0.179843, -0.0627806, 0.98169, 0.00285841  
116, 12.2932, 1143.81, 180.448, 0.982306, -0.0702655, 0.1736, 0.0580842, 0.995544, 0.0742855, -0.178046, -0.0628877, 0.982011, 0.00266285  
117, 12.2684, 1143.84, 180.524, 0.981881, -0.0695836, 0.17626, 0.0569828, 0.995511, 0.0755747, -0.180728, -0.0641616, 0.981438, 0.00281902  
118, 12.2584, 1143.75, 180.452, 0.981581, -0.0707358, 0.177466, 0.0575764, 0.99527, 0.0782417, -0.182161, -0.0665827, 0.981012, 0.0030731  
119, 12.2911, 1143.79, 180.485, 0.981902, -0.0701291, 0.17593, 0.0578306, 0.995573, 0.0740907, -0.180347, -0.0625757, 0.981611, 0.00269447  
120, 12.2723, 1143.76, 180.494, 0.981859, -0.0693169, 0.176491, 0.0565494, 0.995474, 0.076376, -0.180986, -0.0650099, 0.981335, 0.00282734  
121, 12.3263, 1143.79, 180.467, 0.982173, -0.069407, 0.174695, 0.0569876, 0.995543, 0.075137, -0.179131, -0.0638422, 0.981752, 0.00272193  
122, 12.2551, 1143.8, 180.438, 0.982018, -0.0701226, 0.175284, 0.0576677, 0.995502, 0.075172, -0.179767, -0.063712, 0.981644, 0.00298711  
123, 12.2961, 1143.84, 180.509, 0.982061, -0.0703834, 0.174934, 0.0582894, 0.995602, 0.0733421, -0.179327, -0.0618296, 0.981845, 0.00310805  
124, 12.3135, 1143.75, 180.466, 0.982107, -0.070536, 0.174614, 0.0582853, 0.995529, 0.0743253, -0.179076, -0.062818, 0.981828, 0.00273858  
125, 12.3218, 1143.81, 180.485, 0.982198, -0.0701374, 0.174263, 0.0579573, 0.99557, 0.0740328, -0.178684, -0.0626151, 0.981912, 0.00291582  
126, 12.2897, 1143.82, 180.443, 0.982087, -0.0705556, 0.174721, 0.0584272, 0.995573, 0.0736187, -0.179142, -0.0620915, 0.981862, 0.002677  
127, 12.2983, 1143.77, 180.481, 0.982266, -0.0697115, 0.174049, 0.0571654, 0.995461, 0.0760899, -0.178563, -0.0647909, 0.981793, 0.00306339  
128, 12.3316, 1143.79, 180.486, 0.982563, -0.0696563, 0.172391, 0.0584019, 0.995869, 0.0695225, -0.176522, -0.0582423, 0.982572, 0.0031577  
129, 12.2807, 1143.81, 180.481, 0.981932, -0.071661, 0.175138, 0.0597194, 0.995576, 0.0725345, -0.179562, -0.0607648, 0.981868, 0.00283122  
130, 12.2622, 1143.78, 180.519, 0.982041, -0.0704998, 0.174999, 0.0587285, 0.995706, 0.0715616, -0.179292, -0.059999, 0.981965, 0.00288809  
131, 12.2903, 1143.83, 180.478, 0.982191, -0.0712028, 0.173872, 0.0594247, 0.99563, 0.0720375, -0.178242, -0.0604223, 0.98213, 0.00274718  
132, 12.2301, 1143.83, 180.493, 0.981812, -0.0708396, 0.176143, 0.0583204, 0.995456, 0.075269, -0.180675, -0.0636273, 0.981483, 0.00303787  
133, 12.3043, 1143.85, 180.471, 0.982068, -0.0709052, 0.174686, 0.0589439, 0.995608, 0.0727412, -0.179077, -0.0611401, 0.981933, 0.00296048  
134, 12.3227, 1143.75, 180.395, 0.981965, -0.0711282, 0.175174, 0.0586836, 0.995438, 0.0752305, -0.179726, -0.0635938, 0.981659, 0.00273497  
135, 12.2781, 1143.77, 180.504, 0.981971, -0.0708999, 0.175233, 0.0584195, 0.995442, 0.0753877, -0.179779, -0.0637915, 0.981636, 0.00285397  
136, 12.2323, 1143.85, 180.509, 0.982009, -0.0700693, 0.17535, 0.0578137, 0.995577, 0.0740563, -0.179764, -0.0625863, 0.981717, 0.00273719  
137, 12.2602, 1143.82, 180.453, 0.981567, -0.0705889, 0.177604, 0.057488, 0.995305, 0.0778654, -0.182266, -0.0662201, 0.981017, 0.00284454  
138, 12.2773, 1143.86, 180.51, 0.982342, -0.0694821, 0.173713, 0.0576359, 0.995713, 0.0723381, -0.177995, -0.0610487, 0.982136, 0.00306755  
139, 12.2609, 1143.84, 180.52, 0.98194, -0.0697841, 0.175855, 0.0574061, 0.995566, 0.0745239, -0.180276, -0.0630828, 0.981591, 0.00282179  
140, 12.2631, 1143.79, 180.46, 0.982025, -0.0701968, 0.17521, 0.0579218, 0.995558, 0.0742214, -0.179642, -0.0627388, 0.981729, 0.00279544  
141, 12.3291, 1143.86, 180.457, 0.98229, -0.0707557, 0.173491, 0.0591982, 0.995724, 0.0709165, -0.177767, -0.0593903, 0.982279, 0.00271944  
142, 12.3029, 1143.84, 180.393, 0.982062, -0.0701748, 0.175014, 0.0577222, 0.995492, 0.0752606, -0.179507, -0.0638084, 0.981685, 0.00283538  
143, 12.2852, 1143.8, 180.427, 0.982336, -0.070471, 0.173351, 0.0583422, 0.995543, 0.0741004, -0.1778, -0.0626778, 0.982069, 0.00302234  
144, 12.2681, 1143.81, 180.47, 0.982222, -0.0701502, 0.174125, 0.0580975, 0.99561, 0.0733817, -0.178508, -0.0619609, 0.981986, 0.00273608  
145, 12.2987, 1143.8, 180.467, 0.981966, -0.0702643, 0.175513, 0.0577575, 0.99548, 0.0753835, -0.180016, -0.0638869, 0.981587, 0.00281458  
146, 12.2818, 1143.82, 180.498, 0.982103, -0.0707418, 0.174552, 0.0585601, 0.995539, 0.0739844, -0.179007, -0.0624385, 0.981864, 0.00272693  
147, 12.3182, 1143.82, 180.448, 0.982116, -0.0706364, 0.174526, 0.0583473, 0.995507, 0.0745748, -0.17901, -0.063058, 0.981824, 0.00286562  
148, 12.2614, 1143.77, 180.477, 0.981783, -0.0696883, 0.176766, 0.0569143, 0.995456, 0.0763394, -0.181282, -0.0648882, 0.981288, 0.00325839  
149, 12.2947, 1143.8, 180.498, 0.982026, -0.0701742, 0.175214, 0.0578539, 0.995544, 0.0744652, -0.179659, -0.06299, 0.98171, 0.00273137  
150, 12.2597, 1143.81, 180.476, 0.981926, -0.0696571, 0.175981, 0.0571336, 0.995526, 0.0752608, -0.180436, -0.0638461, 0.981512, 0.00300653  
151, 12.2941, 1143.8, 180.519, 0.982224, -0.0698539, 0.174232, 0.0576592, 0.995582, 0.0741023, -0.178639, -0.062739, 0.981912, 0.00271195  
152, 12.2632, 1143.81, 180.496, 0.982033, -0.0695811, 0.17541, 0.0569984, 0.995494, 0.0757835, -0.179893, -0.0644238, 0.981574, 0.00309418  
153, 12.2562, 1143.85, 180.489, 0.982102, -0.070768, 0.17455, 0.0588176, 0.995617, 0.0727182, -0.178931, -0.0611501, 0.98196, 0.0029419  
154, 12.2768, 1143.85, 180.485, 0.982113, -0.0704644, 0.17461, 0.0584262, 0.995608, 0.0731555, -0.178998, -0.0616452, 0.981916, 0.00278518  
155, 12.2709, 1143.77, 180.503, 0.981977, -0.0692482, 0.175857, 0.0566827, 0.995533, 0.0755033, -0.1803, -0.0641744, 0.981516, 0.00275245  
156, 12.2758, 1143.78, 180.464, 0.981943, -0.0694007, 0.175989, 0.0568721, 0.99554, 0.0752662, -0.180428, -0.0638982, 0.981511, 0.00267006  
157, 12.2555, 1143.8, 180.497, 0.982139, -0.0698832, 0.174697, 0.0578225, 0.995639, 0.0732053, -0.179051, -0.0617964, 0.981897, 0.00279128  
158, 12.2613, 1143.83, 180.479, 0.981885, -0.0710072, 0.175668, 0.0588942, 0.995574, 0.0732378, -0.18009, -0.0615653, 0.981722, 0.00307615  
159, 12.2474, 1143.72, 180.507, 0.98192, -0.0699303, 0.175907, 0.0572903, 0.995465, 0.0759421, -0.18042, -0.0644913, 0.981473, 0.00267173  
160, 12.3096, 1143.85, 180.483, 0.982598, -0.0709243, 0.171672, 0.0602902, 0.995971, 0.0663911, -0.175689, -0.0548856, 0.982915, 0.00284509  
161, 12.2406, 1143.8, 180.463, 0.982132, -0.0700283, 0.17468, 0.0575668, 0.995489, 0.0754197, -0.179173, -0.0640164, 0.981733, 0.0027003  
162, 12.2661, 1143.83, 180.503, 0.98207, -0.070372, 0.174889, 0.0579667, 0.995493, 0.0750615, -0.179383, -0.0635779, 0.981723, 0.00273303  
163, 12.2216, 1143.88, 180.553, 0.982212, -0.0679095, 0.175064, 0.0551982, 0.995541, 0.0764888, -0.179477, -0.0654651, 0.981581, 0.00296353  
164, 12.2395, 1143.99, 180.557, 0.982718, -0.0687144, 0.171882, 0.057069, 0.995785, 0.0718055, -0.176091, -0.0607554, 0.982497, 0.00270834  
165, 12.1532, 1143.97, 180.545, 0.98236, -0.0689311, 0.173829, 0.0559326, 0.995336, 0.0786037, -0.178436, -0.0674945, 0.981634, 0.00288337  
166, 12.1009, 1144.05, 180.539, 0.982211, -0.0680389, 0.175022, 0.054258, 0.995125, 0.0823576, -0.179772, -0.0713961, 0.981114, 0.00275799  
167, 12.0661, 1144.14, 180.641, 0.982083, -0.067271, 0.176034, 0.0534333, 0.995182, 0.0822057, -0.180715, -0.0713268, 0.980946, 0.00280293  
168, 12.0967, 1144.26, 180.488, 0.982045, -0.0672069, 0.176267, 0.052411, 0.994803, 0.0872972, -0.181218, -0.0764915, 0.980464, 0.00319182  
169, 12.1092, 1144.28, 180.515, 0.982308, -0.0676386, 0.17463, 0.0528121, 0.994702, 0.0882009, -0.179671, -0.0774178, 0.980676, 0.00279322  
170, 11.9866, 1144.34, 180.504, 0.980953, -0.0692933, 0.181464, 0.0525856, 0.994057, 0.0953219, -0.18699, -0.083964, 0.978767, 0.00291388  
171, 12.0376, 1144.47, 180.452, 0.981494, -0.0681962, 0.178935, 0.051296, 0.993919, 0.0974361, -0.184492, -0.0864543, 0.979024, 0.00264177  
172, 12.1026, 1144.56, 180.418, 0.981797, -0.0675262, 0.177523, 0.0498515, 0.993513, 0.102207, -0.183274, -0.0914964, 0.978795, 0.0029824  
173, 11.9718, 1144.73, 180.577, 0.981213, -0.0692365, 0.180076, 0.0509126, 0.993225, 0.104463, -0.186088, -0.0933323, 0.97809, 0.00301429  
174, 12.0474, 1144.76, 180.449, 0.981683, -0.0668514, 0.178409, 0.0476656, 0.992817, 0.10974, -0.184464, -0.099226, 0.977818, 0.00278018  
175, 11.9928, 1144.73, 180.464, 0.981671, -0.0672487, 0.178324, 0.0476633, 0.992573, 0.111928, -0.184527, -0.101377, 0.977585, 0.00282179  
176, 11.9975, 1144.8, 180.479, 0.981537, -0.0666435, 0.179287, 0.0468472, 0.99255, 0.112472, -0.185447, -0.101996, 0.977347, 0.00267173  
177, 11.9121, 1144.8, 180.433, 0.981137, -0.0686964, 0.180696, 0.0472364, 0.991589, 0.120496, -0.187454, -0.109688, 0.97613, 0.00294273  
178, 11.847, 1144.88, 180.41, 0.980711, -0.0694304, 0.182716, 0.0470899, 0.991178, 0.123888, -0.189706, -0.112894, 0.975329, 0.0031369  
179, 11.8893, 1144.98, 180.413, 0.980597, -0.07027, 0.183005, 0.047571, 0.99094, 0.125599, -0.190173, -0.114457, 0.975056, 0.00267755  
180, 11.8654, 1145.02, 180.495, 0.981799, -0.0676756, 0.177459, 0.0461444, 0.991362, 0.122769, -0.184234, -0.112346, 0.976441, 0.00277159  
181, 11.785, 1145.06, 180.408, 0.981987, -0.0676983, 0.176403, 0.0449159, 0.990485, 0.130085, -0.183531, -0.119818, 0.975684, 0.00264926  
182, 11.7603, 1145.06, 180.437, 0.981351, -0.0686412, 0.179549, 0.044335, 0.98971, 0.136045, -0.18704, -0.125547, 0.974297, 0.00320014  
183, 11.713, 1145.11, 180.379, 0.981333, -0.0692019, 0.179433, 0.0443541, 0.989303, 0.138968, -0.187131, -0.128415, 0.973905, 0.00295937  
184, 11.6028, 1145.06, 180.451, 0.981385, -0.0698553, 0.178897, 0.044847, 0.989106, 0.140204, -0.186743, -0.129571, 0.973827, 0.00271944  
185, 11.562, 1145.02, 180.464, 0.982105, -0.0693075, 0.175116, 0.0446275, 0.988984, 0.141136, -0.182968, -0.130796, 0.974379, 0.00279017  
186, 11.5337, 1145.06, 180.457, 0.982202, -0.0678516, 0.175144, 0.0425276, 0.988592, 0.144491, -0.18295, -0.134471, 0.973882, 0.0026598  
187, 11.4464, 1145.06, 180.453, 0.982272, -0.0696673, 0.174033, 0.0441746, 0.988256, 0.146281, -0.18218, -0.136, 0.973814, 0.00278268  
188, 11.3752, 1145, 180.427, 0.9828, -0.0672128, 0.172005, 0.0413327, 0.987845, 0.149845, -0.179986, -0.140158, 0.973633, 0.00297213  
189, 11.2304, 1144.89, 180.761, 0.984804, -0.0635965, 0.161604, 0.0392621, 0.987976, 0.149541, -0.169171, -0.140923, 0.97546, 0.00268643  
190, 11.0767, 1144.74, 180.75, 0.984536, -0.062871, 0.163515, 0.0374956, 0.987378, 0.15388, -0.171125, -0.145369, 0.974466, 0.00284676  
191, 10.9074, 1144.59, 180.704, 0.98461, -0.0618601, 0.163455, 0.0357091, 0.98674, 0.158333, -0.171082, -0.150059, 0.973762, 0.002639  
192, 1.69997, 1142.62, 180.237, -0.948418, 0.0666477, -0.309937, -0.121311, -0.97954, 0.160578, -0.292893, 0.189894, 0.937099, 0.00282151  
193, 0.387038, 1142.81, 180.698, -0.951927, 0.0661311, -0.299102, -0.12433, -0.975787, 0.179948, -0.27996, 0.208485, 0.9371, 0.00312719  
194, 0.123648, 1142.74, 180.674, -0.951816, 0.0649536, -0.299711, -0.124109, -0.975289, 0.182778, -0.280432, 0.211168, 0.936358, 0.00274357  
195, -0.0762048, 1142.53, 180.61, -0.95148, 0.0633631, -0.301115, -0.124478, -0.974184, 0.188336, -0.281408, 0.21668, 0.934805, 0.00273636  
196, -0.264107, 1142.31, 180.548, -0.950031, 0.0624115, -0.305854, -0.123489, -0.975022, 0.184616, -0.286692, 0.21316, 0.934008, 0.00268948  
197, -0.581854, 1141.98, 180.551, -0.951171, 0.0602757, -0.302721, -0.123166, -0.973402, 0.193179, -0.283025, 0.221031, 0.933296, 0.00284981  
198, -0.748368, 1141.72, 180.436, -0.948817, 0.0620311, -0.309675, -0.124769, -0.974385, 0.187102, -0.290137, 0.216164, 0.932252, 0.00312885  
199, -0.814168, 1141.26, 180.472, -0.949744, 0.0623654, -0.306752, -0.12626, -0.973023, 0.193093, -0.286435, 0.22212, 0.931997, 0.00271999  
200, -1.09601, 1140.8, 180.361, -0.948578, 0.059992, -0.310808, -0.125811, -0.972445, 0.196271, -0.290469, 0.225282, 0.929987, 0.00283261  
201, -1.26707, 1140.26, 180.278, -0.947671, 0.0574451, -0.314039, -0.124031, -0.972655, 0.196365, -0.294172, 0.22504, 0.928881, 0.00263373  
202, -1.38515, 1139.67, 180.219, -0.946626, 0.0587057, -0.316943, -0.125463, -0.972839, 0.194532, -0.296914, 0.223913, 0.928281, 0.0032129  
203, -1.68466, 1138.9, 180.246, -0.947597, 0.0558606, -0.314547, -0.124432, -0.971375, 0.202355, -0.294239, 0.230891, 0.927423, 0.00296353  
204, -1.79276, 1138.19, 180.143, -0.946289, 0.055967, -0.318443, -0.124533, -0.972007, 0.199233, -0.298378, 0.228188, 0.926769, 0.00271361  
205, -2.16337, 1137.34, 180.204, -0.946652, 0.056212, -0.317318, -0.125254, -0.97143, 0.201582, -0.296921, 0.230573, 0.926646, 0.00280986  
206, -2.18854, 1136.52, 180.108, -0.94467, 0.055691, -0.323259, -0.124217, -0.972824, 0.195406, -0.303592, 0.224749, 0.925916, 0.00265647  
207, -2.2808, 1135.46, 180.147, -0.945857, 0.0548162, -0.319922, -0.124479, -0.971534, 0.20156, -0.299766, 0.23047, 0.925756, 0.00277908  
208, -2.48537, 1134.47, 180.271, -0.946606, 0.0552509, -0.317624, -0.125762, -0.970438, 0.205996, -0.296853, 0.234942, 0.92557, 0.00328529  
209, -2.56166, 1133.47, 180.284, -0.945524, 0.0562617, -0.320654, -0.126554, -0.971007, 0.202802, -0.299947, 0.232334, 0.925231, 0.00272332  
210, -2.60603, 1132.55, 180.252, -0.944469, 0.0527205, -0.324343, -0.12471, -0.970708, 0.205364, -0.304016, 0.234409, 0.923378, 0.00305951  
211, -2.80225, 1131.3, 180.413, -0.945972, 0.0520341, -0.320045, -0.124776, -0.969448, 0.211191, -0.299278, 0.239715, 0.923563, 0.00276798  
212, -2.82198, 1130.08, 180.343, -0.944925, 0.0505904, -0.323352, -0.123547, -0.970021, 0.209273, -0.303071, 0.237697, 0.922848, 0.00297213  
213, -2.80139, 1128.57, 180.47, -0.948166, 0.0506337, -0.313715, -0.122231, -0.969383, 0.212969, -0.293327, 0.240276, 0.925325, 0.00306145  
214, -2.67115, 1127.16, 180.411, -0.94751, 0.0519334, -0.315481, -0.122219, -0.970615, 0.207291, -0.295445, 0.234968, 0.926014, 0.00269947  
215, -2.66059, 1125.68, 180.489, -0.947424, 0.0506081, -0.315953, -0.1197, -0.971777, 0.203279, -0.296748, 0.230411, 0.926742, 0.00272277  
216, -2.59556, 1124.05, 180.803, -0.949583, 0.05253, -0.309085, -0.119514, -0.972072, 0.201969, -0.289843, 0.228726, 0.929341, 0.0027322  
217, -1.97048, 1122.32, 180.653, -0.947827, 0.0516088, -0.314581, -0.115744, -0.97518, 0.188751, -0.297032, 0.215314, 0.930275, 0.00299405  
218, -1.72917, 1120.58, 180.763, -0.94975, 0.0509337, -0.308836, -0.114598, -0.974748, 0.191661, -0.291276, 0.217422, 0.931604, 0.00306533  
219, -1.34851, 1118.76, 180.722, -0.952452, 0.0508712, -0.300412, -0.112897, -0.974705, 0.192883, -0.283001, 0.217627, 0.934103, 0.00274468  
220, -0.826315, 1116.87, 180.671, -0.952431, 0.0510944, -0.300439, -0.111369, -0.976014, 0.187067, -0.283675, 0.211628, 0.935277, 0.00295438  
221, -0.45161, 1114.9, 180.898, -0.955047, 0.0522716, -0.291808, -0.111905, -0.975076, 0.191583, -0.274521, 0.215625, 0.937093, 0.00273969  
222, 0.115264, 1113.03, 180.843, -0.953543, 0.0510787, -0.296896, -0.108433, -0.977662, 0.180056, -0.281067, 0.203884, 0.937781, 0.00301429  
223, 0.615488, 1111.14, 180.941, -0.954896, 0.0528996, -0.29219, -0.108882, -0.977842, 0.178801, -0.276257, 0.202551, 0.939497, 0.00302123  
224, 1.13581, 1108.96, 180.977, -0.9559, 0.0551531, -0.288467, -0.108275, -0.979203, 0.171577, -0.273005, 0.195244, 0.941992, 0.00275716  
225, 1.90979, 1106.63, 180.712, -0.955152, 0.052905, -0.29135, -0.103311, -0.981624, 0.160441, -0.277508, 0.183346, 0.943066, 0.0028057  
226, 2.33389, 1104.48, 180.753, -0.955646, 0.052232, -0.28985, -0.100771, -0.982737, 0.155154, -0.276742, 0.177481, 0.944412, 0.00272388  
227, 2.66942, 1102.16, 180.922, -0.958681, 0.0534286, -0.279419, -0.100351, -0.98258, 0.156419, -0.266195, 0.177996, 0.947343, 0.0029125  
228, 3.04212, 1099.95, 180.865, -0.95903, 0.0551615, -0.277882, -0.0987556, -0.98443, 0.14541, -0.265535, 0.166895, 0.949546, 0.00308003  
229, 3.44333, 1097.54, 180.8, -0.959072, 0.0557569, -0.277617, -0.0969756, -0.985809, 0.137027, -0.266037, 0.158341, 0.950869, 0.00274107  
230, 3.65724, 1095.24, 180.993, -0.960634, 0.0583675, -0.271618, -0.0976786, -0.986219, 0.133534, -0.260081, 0.154808, 0.953096, 0.00282401  
231, 3.89962, 1092.84, 181.004, -0.960706, 0.058406, -0.271353, -0.0961178, -0.987128, 0.127829, -0.260394, 0.148888, 0.953954, 0.00271084  
232, 4.0136, 1090.44, 181.081, -0.962212, 0.0557079, -0.266541, -0.0912925, -0.988195, 0.12303, -0.256541, 0.142714, 0.955939, 0.0030387  
233, 4.54635, 1087.77, 181.04, -0.961726, 0.0579301, -0.267818, -0.0905166, -0.989693, 0.110968, -0.258629, 0.130963, 0.957058, 0.00311998  
234, 4.70678, 1085.34, 181.052, -0.963224, 0.0562492, -0.262747, -0.0874767, -0.990218, 0.1087, -0.254063, 0.127687, 0.958722, 0.00277464  
235, 4.79073, 1082.76, 181.129, -0.963767, 0.057128, -0.260557, -0.086401, -0.990993, 0.102308, -0.252366, 0.121113, 0.960022, 0.00284121  
236, 4.86591, 1080.17, 181.305, -0.964042, 0.058878, -0.259146, -0.0859247, -0.991829, 0.0943026, -0.251476, 0.113179, 0.961223, 0.00274995  
237, 5.04618, 1077.47, 181.536, -0.965664, 0.0574202, -0.25337, -0.0836271, -0.992063, 0.0938985, -0.245968, 0.111863, 0.962801, 0.0030767  
238, 5.10923, 1074.7, 181.495, -0.96608, 0.0560906, -0.252079, -0.0810535, -0.99266, 0.0897545, -0.245194, 0.107142, 0.963535, 0.00296048  
239, 5.2824, 1071.99, 181.519, -0.965657, 0.0556749, -0.253785, -0.0785171, -0.993635, 0.0807771, -0.247673, 0.0979295, 0.963882, 0.00280293  
240, 5.32682, 1069.41, 181.483, -0.966517, 0.0553949, -0.250554, -0.0760345, -0.994396, 0.0734538, -0.24508, 0.0900451, 0.965312, 0.00289779  
241, 5.3427, 1066.76, 181.521, -0.966181, 0.0559075, -0.251733, -0.0727185, -0.995666, 0.0579742, -0.247401, 0.0743192, 0.966059, 0.0027064  
242, 5.57008, 1064.15, 181.31, -0.964817, 0.054294, -0.257257, -0.0708697, -0.995935, 0.0555978, -0.253192, 0.0718734, 0.964742, 0.00310638  
243, 5.70436, 1061.61, 181.295, -0.964113, 0.0547835, -0.259779, -0.0702689, -0.996239, 0.0506957, -0.256024, 0.0671308, 0.964337, 0.00301263  
244, 4.89958, 1059.08, 181.671, -0.966731, 0.0437181, -0.252033, -0.0588138, -0.996878, 0.0526735, -0.248944, 0.0657441, 0.966284, 0.00271028  
245, 4.81328, 1056.57, 181.612, -0.966586, 0.0411019, -0.253025, -0.0547503, -0.997387, 0.0471353, -0.250427, 0.0594135, 0.966311, 0.00283899  
246, 4.94857, 1053.68, 181.672, -0.966445, 0.0436013, -0.253147, -0.0561422, -0.997517, 0.0425257, -0.250664, 0.0553109, 0.966493, 0.00266923  
247, 4.98619, 1051.02, 181.536, -0.966125, 0.0449524, -0.254129, -0.0552162, -0.997916, 0.0333965, -0.252098, 0.0462972, 0.966594, 0.00293524  
248, 4.886, 1048.21, 181.566, -0.965752, 0.0453783, -0.255468, -0.0526486, -0.998378, 0.021689, -0.25407, 0.0343962, 0.966574, 0.00311138  
249, 0.707398, 1046.52, 185.516, -0.976785, -0.0826988, -0.197617, -0.0804311, 0.99657, -0.019488, 0.198551, -0.00314099, -0.980086, 0.0027125  
250, 0.404321, 1043.73, 185.657, -0.978032, -0.0836385, -0.190942, -0.0850469, 0.996377, -0.000821415, 0.190319, 0.0154357, -0.981601, 0.00278656  
251, 0.528877, 1041.08, 185.352, -0.977311, -0.0820837, -0.195259, -0.0844521, 0.99642, 0.00382116, 0.194246, 0.0202245, -0.980744, 0.00261237  
252, 0.388471, 1038.42, 185.23, -0.977617, -0.0807544, -0.194279, -0.0847035, 0.996333, 0.0120922, 0.19259, 0.0282777, -0.980872, 0.00311776  
253, 0.370707, 1035.83, 185.1, -0.97722, -0.0798844, -0.196619, -0.0826682, 0.996559, 0.00597891, 0.195465, 0.0220968, -0.980462, 0.00303427  
254, 0.175108, 1033.06, 185.255, -0.978427, -0.0789815, -0.1909, -0.0851557, 0.99607, 0.0243455, 0.188227, 0.0400765, -0.981308, 0.00275522  
255, -0.0764845, 1030.64, 185.453, -0.978282, -0.0810653, -0.190768, -0.0881426, 0.995689, 0.0288968, 0.187603, 0.045084, -0.98121, 0.00265342  
256, -0.184424, 1028.14, 185.32, -0.979387, -0.0824315, -0.18441, -0.09064, 0.995214, 0.03652, 0.180517, 0.0524821, -0.982171, 0.0026365  
257, -0.287038, 1025.91, 185.304, -0.979272, -0.0843153, -0.184166, -0.0926453, 0.995008, 0.037089, 0.18012, 0.0533824, -0.982195, 0.00320042  
258, -0.507969, 1023.2, 185.27, -0.98017, -0.0825871, -0.180126, -0.0925845, 0.994557, 0.0478055, 0.175197, 0.0635344, -0.982481, 0.00308225  
259, -0.686539, 1020.69, 185.168, -0.979525, -0.0834279, -0.183225, -0.0943194, 0.994207, 0.0515411, 0.177864, 0.0677674, -0.981719, 0.00276271  
260, -0.808807, 1018.31, 185.427, -0.982365, -0.0797046, -0.169135, -0.0935898, 0.992724, 0.0757656, 0.161866, 0.0902588, -0.982676, 0.0029333  
261, -0.912344, 1016.02, 185.379, -0.982849, -0.078753, -0.166754, -0.0923056, 0.992892, 0.0751357, 0.159651, 0.0892393, -0.983132, 0.00267783  
262, -1.03614, 1013.67, 185.262, -0.98184, -0.082212, -0.17097, -0.095948, 0.992655, 0.0736825, 0.163657, 0.0887487, -0.982517, 0.00298517  
263, -1.32971, 1011.32, 185.395, -0.982328, -0.0857621, -0.166363, -0.101793, 0.990695, 0.090345, 0.157066, 0.105683, -0.981917, 0.00299155  
264, -1.51863, 1009.18, 185.444, -0.981655, -0.0855637, -0.170387, -0.101525, 0.990998, 0.0872683, 0.161386, 0.102966, -0.981505, 0.00268061  
265, -1.6824, 1006.61, 185.388, -0.982183, -0.0854298, -0.167389, -0.102054, 0.990389, 0.0933546, 0.157805, 0.108774, -0.981461, 0.00282706  
266, -1.92095, 1004.59, 185.344, -0.982518, -0.0843795, -0.165946, -0.100483, 0.990754, 0.0911567, 0.15672, 0.106238, -0.981913, 0.00265481  
267, -1.87084, 1002.43, 185.092, -0.982037, -0.0832356, -0.169335, -0.0994834, 0.990976, 0.0898342, 0.160329, 0.105067, -0.981456, 0.00310749  
268, -2.19412, 1000.22, 185.203, -0.982646, -0.0807523, -0.166989, -0.0971781, 0.990946, 0.092644, 0.157996, 0.107264, -0.981597, 0.00309695  
269, -2.61673, 998.139, 185.132, -0.982309, -0.0816846, -0.168511, -0.0974223, 0.991404, 0.0873316, 0.159929, 0.102203, -0.981823, 0.00276105  
270, -2.94657, 996.219, 185.257, -0.982467, -0.0837248, -0.16658, -0.0994848, 0.991085, 0.0886188, 0.157675, 0.103637, -0.982038, 0.00296159  
271, -3.19063, 994.164, 185.196, -0.983147, -0.0845485, -0.162091, -0.101189, 0.990097, 0.097305, 0.152259, 0.112067, -0.981967, 0.00263706  
272, -3.36389, 992.497, 185.138, -0.983583, -0.0856199, -0.158853, -0.1021, 0.98987, 0.0986513, 0.148797, 0.113251, -0.982361, 0.00295105  
273, -3.71537, 990.563, 185.149, -0.983709, -0.0860653, -0.157826, -0.102238, 0.989982, 0.0973845, 0.147863, 0.111934, -0.982653, 0.00298045  
274, -4.08257, 988.926, 185.088, -0.98347, -0.0876092, -0.158466, -0.102929, 0.9905, 0.0911903, 0.148971, 0.105994, -0.983144, 0.00269447  
275, -4.41664, 987.092, 185.107, -0.984126, -0.0881395, -0.154037, -0.103434, 0.990159, 0.0942644, 0.144212, 0.108701, -0.983558, 0.0027763  
276, -4.83732, 985.313, 185.115, -0.984092, -0.0854566, -0.155757, -0.0999603, 0.991111, 0.0877846, 0.146871, 0.101958, -0.983887, 0.00265287  
277, -5.1103, 983.662, 185.025, -0.984098, -0.0869985, -0.15486, -0.101382, 0.99099, 0.0875298, 0.14585, 0.101838, -0.984051, 0.00316519  
278, -5.45487, 982.055, 185.074, -0.984347, -0.0872234, -0.153141, -0.101951, 0.990609, 0.0910988, 0.143757, 0.105286, -0.983996, 0.00311582  
279, -5.8722, 980.471, 185.133, -0.983811, -0.0884575, -0.155853, -0.10323, 0.990634, 0.0893776, 0.146488, 0.104019, -0.983728, 0.00271666  
280, -6.03814, 979.099, 185.004, -0.984151, -0.0870201, -0.154513, -0.101255, 0.99107, 0.0867683, 0.145583, 0.101038, -0.984173, 0.00281458  
281, -6.45113, 977.491, 185.056, -0.983434, -0.0869855, -0.15903, -0.100132, 0.992021, 0.0765981, 0.151098, 0.0912532, -0.984298, 0.00265287  
282, -6.81001, 976.061, 184.868, -0.981787, -0.0903371, -0.167135, -0.101657, 0.992981, 0.0604473, 0.160501, 0.0763369, -0.984079, 0.00293053  
283, -2.54955, 975.227, 181.716, -0.960972, 0.0151459, -0.27623, -0.00807387, -0.99961, -0.0267212, -0.276528, -0.023448, 0.96072, 0.00292636  
284, -2.51025, 973.585, 181.892, -0.961547, 0.0203697, -0.273884, -0.0140116, -0.999585, -0.0251509, -0.274283, -0.0203462, 0.961434, 0.00267395  
