0, 0, 0, 0, 0, 0, 0, 0, 0, 0, 0, 0, 0, 0.00636616  
1, 5.97608, 1133.51, 181.344, 0.9868, -0.0188667, 0.160843, 0.0211433, 0.999699, -0.0124544, -0.160559, 0.0156908, 0.986901, 0.00280238  
2, 5.97895, 1133.52, 181.342, 0.986156, -0.0177946, 0.164866, 0.0199377, 0.999737, -0.0113534, -0.16462, 0.0144832, 0.986251, 0.00280931  
3, 6.01093, 1133.52, 181.369, 0.986472, -0.0199584, 0.162713, 0.0220809, 0.999693, -0.0112465, -0.162438, 0.0146872, 0.986609, 0.00277297  
4, 5.95967, 1133.52, 181.368, 0.986305, -0.0201286, 0.163698, 0.022289, 0.999687, -0.0113707, -0.163418, 0.0148637, 0.986445, 0.00287006  
5, 6.00727, 1133.58, 181.434, 0.986028, -0.0152043, 0.165886, 0.0173144, 0.999786, -0.0112815, -0.165679, 0.013996, 0.98608, 0.00321539  
6, 6.08083, 1133.42, 181.359, 0.986199, -0.0192694, 0.164441, 0.0212643, 0.99972, -0.0103794, -0.164194, 0.0137329, 0.986332, 0.002753  
7, 6.01012, 1133.6, 181.336, 0.986804, -0.0163665, 0.161091, 0.0185591, 0.999754, -0.0121159, -0.160853, 0.0149457, 0.986865, 0.00283871  
8, 5.88332, 1133.57, 181.368, 0.986595, -0.0173956, 0.162256, 0.0192612, 0.999765, -0.0099319, -0.162045, 0.012924, 0.986699, 0.00273109  
9, 6.02836, 1133.44, 181.405, 0.985913, -0.0216763, 0.165847, 0.0240185, 0.999638, -0.0121298, -0.165524, 0.0159424, 0.986077, 0.00267506  
10, 6.01347, 1133.53, 181.385, 0.986197, -0.0183696, 0.164553, 0.0206867, 0.999709, -0.0123784, -0.164278, 0.0156116, 0.986291, 0.00266674  
11, 5.97282, 1133.58, 181.378, 0.98645, -0.0175561, 0.16312, 0.01962, 0.999746, -0.0110501, -0.162885, 0.0141007, 0.986544, 0.00286146  
12, 5.92846, 1133.55, 181.434, 0.986278, -0.0187583, 0.164024, 0.0212577, 0.999683, -0.0134958, -0.163719, 0.0167974, 0.986364, 0.00328141  
13, 5.93258, 1133.52, 181.398, 0.986168, -0.0188908, 0.164671, 0.0212147, 0.999698, -0.012365, -0.164388, 0.0156874, 0.986271, 0.00280487  
14, 6.02116, 1133.55, 181.371, 0.986344, -0.0164557, 0.163874, 0.0183315, 0.999783, -0.0099407, -0.163675, 0.012809, 0.986431, 0.00282484  
15, 6.01149, 1133.6, 181.398, 0.986398, -0.0163151, 0.163563, 0.0185527, 0.999754, -0.012162, -0.163324, 0.0150311, 0.986458, 0.00295188  
16, 5.98184, 1133.53, 181.4, 0.986206, -0.0177321, 0.16457, 0.0196915, 0.999753, -0.010282, -0.164347, 0.0133808, 0.986312, 0.00270945  
17, 5.99993, 1133.56, 181.426, 0.986294, -0.0174627, 0.164073, 0.0200096, 0.999703, -0.0138833, -0.163782, 0.0169761, 0.986351, 0.0030179  
18, 5.98029, 1133.59, 181.415, 0.98635, -0.015504, 0.16393, 0.0174965, 0.999789, -0.0107176, -0.16373, 0.0134395, 0.986414, 0.00273969  
19, 6.05042, 1133.53, 181.357, 0.986215, -0.0182538, 0.16446, 0.0206079, 0.999708, -0.012619, -0.164181, 0.0158342, 0.986303, 0.00287644  
20, 5.96424, 1133.42, 181.333, 0.986543, -0.0195323, 0.162329, 0.0212087, 0.999738, -0.0086004, -0.162119, 0.0119275, 0.986699, 0.00265841  
21, 6.10377, 1133.53, 181.371, 0.986076, -0.0180869, 0.165311, 0.0200967, 0.999743, -0.0104934, -0.165079, 0.0136695, 0.986186, 0.00275605  
22, 6.03493, 1133.54, 181.397, 0.986548, -0.0176139, 0.162518, 0.0198304, 0.999731, -0.0120262, -0.162262, 0.0150872, 0.986632, 0.0029688  
23, 6.02358, 1133.43, 181.34, 0.98613, -0.0202144, 0.16474, 0.0217789, 0.999733, -0.00769574, -0.164541, 0.0111769, 0.986307, 0.00281652  
24, 5.95883, 1133.51, 181.369, 0.986487, -0.0174749, 0.162906, 0.019328, 0.999765, -0.00979697, -0.162697, 0.0128132, 0.986593, 0.00352717  
25, 5.98309, 1133.55, 181.374, 0.986332, -0.0171102, 0.163878, 0.0195159, 0.999724, -0.0130815, -0.163608, 0.0161009, 0.986394, 0.00266951  
26, 6.0214, 1133.46, 181.437, 0.985901, -0.0193995, 0.1662, 0.021487, 0.999711, -0.0107707, -0.165943, 0.01419, 0.986033, 0.002872  
27, 6.05797, 1133.44, 181.406, 0.986053, -0.0192645, 0.165314, 0.0215127, 0.999699, -0.0118197, -0.165037, 0.0152112, 0.98617, 0.00289252  
28, 6.02743, 1133.45, 181.39, 0.98604, -0.0196375, 0.165348, 0.021703, 0.999707, -0.0106942, -0.165089, 0.0141334, 0.986177, 0.0027236  
29, 5.95463, 1133.44, 181.367, 0.986271, -0.0200939, 0.163907, 0.021978, 0.999711, -0.00968961, -0.163665, 0.0131589, 0.986428, 0.00279045  
30, 6.0399, 1133.52, 181.369, 0.98625, -0.0179224, 0.164285, 0.0199393, 0.999745, -0.0106358, -0.164053, 0.0137653, 0.986355, 0.00271999  
31, 5.94744, 1133.48, 181.355, 0.986482, -0.0192128, 0.162741, 0.021045, 0.999733, -0.00954201, -0.162514, 0.0128379, 0.986623, 0.00283511  
32, 5.99824, 1133.51, 181.345, 0.98626, -0.0181732, 0.164198, 0.0197831, 0.999771, -0.0081747, -0.164012, 0.0113107, 0.986394, 0.00289974  
33, 5.98714, 1133.43, 181.345, 0.986265, -0.0212334, 0.163801, 0.0230466, 0.999692, -0.00917653, -0.163556, 0.0128255, 0.986451, 0.00265731  
34, 5.97817, 1133.51, 181.391, 0.986289, -0.0178527, 0.16406, 0.0198564, 0.999747, -0.0105811, -0.163829, 0.0136937, 0.986394, 0.00322704  
35, 6.04777, 1133.45, 181.32, 0.986132, -0.0209914, 0.16463, 0.0227081, 0.999706, -0.00855263, -0.164402, 0.0121725, 0.986318, 0.00264344  
36, 6.02092, 1133.54, 181.368, 0.986153, -0.0169609, 0.16497, 0.0189769, 0.999763, -0.0106522, -0.16475, 0.0136353, 0.986241, 0.00283899  
37, 6.04415, 1133.45, 181.397, 0.986252, -0.0207094, 0.163947, 0.0230461, 0.999658, -0.0123634, -0.163635, 0.0159717, 0.986392, 0.0028903  
38, 6.01586, 1133.43, 181.373, 0.986096, -0.019619, 0.165017, 0.0215519, 0.999718, -0.00993054, -0.164776, 0.0133489, 0.986241, 0.00266979  
39, 6.0445, 1133.42, 181.372, 0.98609, -0.0196565, 0.165047, 0.0215408, 0.999722, -0.00963439, -0.164811, 0.0130556, 0.986239, 0.00306339  
40, 5.96587, 1133.57, 181.362, 0.98663, -0.0158746, 0.162202, 0.0178638, 0.999782, -0.0108125, -0.161995, 0.0135654, 0.986698, 0.0027028  
41, 5.94813, 1133.41, 181.421, 0.985795, -0.0206519, 0.16668, 0.0225189, 0.999703, -0.00931844, -0.166438, 0.0129395, 0.985967, 0.00291222  
42, 6.02578, 1133.52, 181.374, 0.986101, -0.0172974, 0.165243, 0.0191675, 0.999769, -0.0097294, -0.165037, 0.0127615, 0.986205, 0.00309612  
43, 5.93273, 1133.43, 181.367, 0.986149, -0.0214016, 0.164475, 0.0231455, 0.999694, -0.00869344, -0.164239, 0.0123799, 0.986343, 0.00278656  
44, 5.90512, 1133.47, 181.392, 0.98626, -0.0208484, 0.163881, 0.0227248, 0.999696, -0.00958306, -0.163631, 0.0131756, 0.986434, 0.00280016  
45, 5.98253, 1133.59, 181.39, 0.986506, -0.018772, 0.162645, 0.0210643, 0.999701, -0.0123807, -0.162364, 0.0156396, 0.986607, 0.00270779  
46, 5.9968, 1133.52, 181.362, 0.986465, -0.0185283, 0.16292, 0.0206225, 0.999725, -0.0111726, -0.162668, 0.0143812, 0.986576, 0.0028229  
47, 5.96664, 1133.58, 181.39, 0.986381, -0.0160515, 0.163693, 0.0180377, 0.999781, -0.0106549, -0.163486, 0.0134624, 0.986454, 0.0028903  
48, 6.01707, 1133.59, 181.343, 0.986624, -0.0157762, 0.162248, 0.0181695, 0.999747, -0.0132779, -0.161998, 0.0160483, 0.986661, 0.00272138  
49, 5.93459, 1133.53, 181.434, 0.986111, -0.0182811, 0.165078, 0.0202753, 0.99974, -0.0104032, -0.164845, 0.0136057, 0.986226, 0.002834  
50, 6.06106, 1133.59, 181.286, 0.987, -0.0171905, 0.159796, 0.0199012, 0.999684, -0.0153785, -0.159481, 0.0183587, 0.98703, 0.00276493  
51, 5.96671, 1133.53, 181.388, 0.986131, -0.0189524, 0.164882, 0.0208095, 0.999738, -0.00954269, -0.164658, 0.0128414, 0.986267, 0.00277602  
52, 5.9638, 1133.53, 181.401, 0.986236, -0.0182512, 0.164334, 0.0203386, 0.999732, -0.0110286, -0.164089, 0.0142191, 0.986343, 0.00307754  
53, 5.95669, 1133.49, 181.364, 0.986405, -0.0184558, 0.163292, 0.0201655, 0.999758, -0.00881867, -0.163089, 0.0119917, 0.986538, 0.00277075  
54, 6.09942, 1133.49, 181.298, 0.986478, -0.0181232, 0.162887, 0.0202284, 0.999732, -0.0112745, -0.162639, 0.014417, 0.98658, 0.00306395  
55, 5.94001, 1133.58, 181.379, 0.986387, -0.0182866, 0.163418, 0.0205298, 0.999717, -0.0120486, -0.163152, 0.0152396, 0.986483, 0.00312747  
56, 6.0876, 1133.59, 181.406, 0.98611, -0.0161115, 0.165312, 0.018251, 0.999768, -0.0114312, -0.16509, 0.0142895, 0.986175, 0.00371385  
57, 6.00074, 1133.53, 181.342, 0.986905, -0.0175422, 0.160344, 0.0198726, 0.999719, -0.0129419, -0.160072, 0.0159589, 0.986976, 0.0029738  
58, 5.93274, 1133.53, 181.44, 0.985963, -0.0188979, 0.165888, 0.0206406, 0.999748, -0.0087873, -0.16568, 0.012088, 0.986105, 0.00269475  
59, 5.99384, 1133.56, 181.404, 0.985994, -0.017991, 0.165807, 0.0199997, 0.999745, -0.0104526, -0.165576, 0.0136223, 0.986103, 0.00290168  
60, 5.98593, 1133.51, 181.428, 0.985965, -0.0182182, 0.165953, 0.0205369, 0.999714, -0.0122668, -0.165682, 0.0155028, 0.986057, 0.00264233  
61, 5.90404, 1133.46, 181.353, 0.986412, -0.0208446, 0.162961, 0.0224491, 0.999716, -0.00801022, -0.162748, 0.0115597, 0.9866, 0.00272831  
62, 5.94262, 1133.51, 181.338, 0.986639, -0.0186398, 0.16185, 0.0207125, 0.999724, -0.0111283, -0.161597, 0.014332, 0.986753, 0.00296159  
63, 6.05896, 1133.53, 181.333, 0.986402, -0.0168646, 0.163484, 0.0187936, 0.999771, -0.0102596, -0.163273, 0.0131925, 0.986493, 0.00275827  
64, 5.94886, 1133.47, 181.396, 0.986011, -0.0197149, 0.165509, 0.0212504, 0.999746, -0.00751167, -0.165319, 0.0109237, 0.98618, 0.00295771  
65, 5.94643, 1133.57, 181.411, 0.986351, -0.017335, 0.163742, 0.0193642, 0.999754, -0.0108046, -0.163515, 0.0138279, 0.986444, 0.00291  
66, 6.04723, 1133.5, 181.383, 0.98616, -0.0191981, 0.164684, 0.0211755, 0.999723, -0.01026, -0.164441, 0.0136053, 0.986293, 0.00279794  
67, 6.01589, 1133.45, 181.346, 0.98612, -0.0190896, 0.164936, 0.0205344, 0.999764, -0.00705911, -0.164762, 0.010348, 0.986279, 0.00364478  
68, 5.9838, 1133.51, 181.339, 0.986494, -0.0180625, 0.162796, 0.0200096, 0.999746, -0.0103283, -0.162568, 0.0134463, 0.986606, 0.00280848  
69, 5.98824, 1133.51, 181.383, 0.986605, -0.0191339, 0.162001, 0.0215063, 0.999685, -0.012903, -0.161703, 0.0162142, 0.986706, 0.00308059  
70, 5.88658, 1133.52, 181.348, 0.986342, -0.0190614, 0.163604, 0.021238, 0.999708, -0.0115652, -0.163335, 0.0148818, 0.986458, 0.00268698  
71, 5.95171, 1133.57, 181.336, 0.986884, -0.0184268, 0.160378, 0.0206656, 0.999711, -0.0123029, -0.160105, 0.0154558, 0.986979, 0.0028107  
72, 5.98586, 1133.58, 181.378, 0.986398, -0.0165128, 0.163542, 0.0187187, 0.999753, -0.0119564, -0.163304, 0.0148551, 0.986464, 0.00319293  
73, 5.96331, 1133.51, 181.335, 0.986264, -0.0192762, 0.164049, 0.0213865, 0.99971, -0.0111073, -0.163787, 0.0144631, 0.98639, 0.00271167  
74, 5.95678, 1133.52, 181.402, 0.986388, -0.0174664, 0.163506, 0.0195835, 0.999744, -0.0113453, -0.163266, 0.0143929, 0.986477, 0.00278351  
75, 5.97805, 1133.53, 181.367, 0.986571, -0.0185009, 0.162282, 0.0206953, 0.999716, -0.0118418, -0.162017, 0.0150412, 0.986673, 0.00265647  
76, 5.93754, 1133.56, 181.417, 0.986323, -0.0172548, 0.163921, 0.0192313, 0.99976, -0.0104783, -0.163701, 0.0134874, 0.986418, 0.00276548  
77, 6.00893, 1133.52, 181.366, 0.986221, -0.0179158, 0.164463, 0.0199811, 0.999741, -0.0109121, -0.164225, 0.0140479, 0.986323, 0.00336407  
78, 5.98139, 1133.53, 181.329, 0.98644, -0.0186597, 0.163061, 0.0204872, 0.999745, -0.00953321, -0.162841, 0.0127446, 0.98657, 0.00274829  
79, 6.03668, 1133.52, 181.374, 0.98597, -0.0194504, 0.165785, 0.021629, 0.999702, -0.0113455, -0.165514, 0.0147721, 0.986097, 0.00283594  
80, 5.98243, 1133.56, 181.376, 0.986214, -0.0180365, 0.16449, 0.0198274, 0.999761, -0.00925224, -0.164283, 0.0123861, 0.986335, 0.00273497  
81, 6.00125, 1133.46, 181.38, 0.986151, -0.019609, 0.164688, 0.0213462, 0.999734, -0.00878534, -0.164472, 0.0121791, 0.986307, 0.00288753  
82, 5.93629, 1133.46, 181.343, 0.985852, -0.0189743, 0.166539, 0.02035, 0.999771, -0.00655759, -0.166377, 0.00985388, 0.986013, 0.00336851  
83, 5.99261, 1133.56, 181.371, 0.986331, -0.017603, 0.163834, 0.0195497, 0.999756, -0.0102771, -0.163614, 0.0133396, 0.986434, 0.0027064  
84, 5.89167, 1133.56, 181.394, 0.98618, -0.0191294, 0.164569, 0.0206581, 0.999758, -0.00758267, -0.164384, 0.0108776, 0.986336, 0.00282706  
85, 5.92868, 1133.71, 181.447, 0.986368, -0.0182828, 0.163538, 0.0202704, 0.999739, -0.0104926, -0.163304, 0.0136645, 0.986481, 0.00275938  
86, 5.82158, 1133.62, 181.374, 0.986318, -0.0199027, 0.163647, 0.0208676, 0.999774, -0.0041789, -0.163526, 0.00753664, 0.98651, 0.00292664  
87, 5.81582, 1133.57, 181.371, 0.986041, -0.0215267, 0.165107, 0.0219481, 0.999759, -0.000728559, -0.165051, 0.00434217, 0.986275, 0.00313412  
88, 5.8412, 1133.63, 181.349, 0.985854, -0.0205457, 0.16634, 0.0204611, 0.999788, 0.00222258, -0.166351, 0.00121235, 0.986066, 0.00279156  
89, 5.85404, 1133.66, 181.315, 0.986032, -0.021417, 0.165174, 0.0209944, 0.99977, 0.00430455, -0.165228, -0.000776702, 0.986255, 0.00290029  
90, 5.91182, 1133.61, 181.331, 0.985566, -0.0215922, 0.167907, 0.0207241, 0.999761, 0.00692114, -0.168016, -0.00334152, 0.985779, 0.00271916  
91, 5.96336, 1133.68, 181.361, 0.985551, -0.0221321, 0.167925, 0.0213548, 0.999751, 0.00643374, -0.168026, -0.00275477, 0.985779, 0.00324757  
92, 5.97511, 1133.71, 181.299, 0.986326, -0.0222574, 0.163297, 0.0212596, 0.999743, 0.00785512, -0.16343, -0.00427608, 0.986546, 0.00299959  
93, 5.85535, 1133.74, 181.326, 0.985896, -0.0220456, 0.165899, 0.0199055, 0.999696, 0.0145521, -0.166169, -0.0110445, 0.986035, 0.00266174  
94, 5.9745, 1133.75, 181.312, 0.985244, -0.023421, 0.169544, 0.0206443, 0.999623, 0.0181224, -0.169904, -0.0143549, 0.985356, 0.0029186  
95, 5.94029, 1133.89, 181.323, 0.985952, -0.020922, 0.165712, 0.0183201, 0.999684, 0.0172144, -0.16602, -0.0139367, 0.986024, 0.00273969  
96, 5.97006, 1133.91, 181.355, 0.985764, -0.0197049, 0.166975, 0.0167184, 0.999674, 0.0192729, -0.1673, -0.016207, 0.985773, 0.00297546  
97, 6.04847, 1134.01, 181.361, 0.985618, -0.0174542, 0.168082, 0.0140656, 0.999674, 0.0213301, -0.1684, -0.0186591, 0.985542, 0.00303399  
98, 6.04132, 1133.93, 181.308, 0.986041, -0.0199996, 0.1653, 0.0164007, 0.999598, 0.023108, -0.165696, -0.0200744, 0.985973, 0.00273081  
99, 6.06275, 1133.9, 181.361, 0.985415, -0.0210316, 0.168862, 0.0167239, 0.999498, 0.0268919, -0.169343, -0.0236756, 0.985273, 0.00296409  
100, 6.01714, 1133.86, 181.304, 0.986006, -0.0209229, 0.165389, 0.0167787, 0.99951, 0.0264151, -0.165861, -0.0232704, 0.985875, 0.00277852  
101, 6.16836, 1133.88, 181.42, 0.985348, -0.0183584, 0.169566, 0.0139042, 0.999527, 0.0274185, -0.169989, -0.0246591, 0.985137, 0.0029591  
102, 6.03492, 1133.82, 181.314, 0.986002, -0.0203172, 0.165489, 0.0149615, 0.999325, 0.0335456, -0.166058, -0.0306, 0.985641, 0.00308503  
103, 6.20576, 1133.77, 181.466, 0.984437, -0.0177157, 0.174842, 0.0110738, 0.999182, 0.0388905, -0.175388, -0.036349, 0.983828, 0.00269974  
104, 6.16823, 1133.88, 181.471, 0.984527, -0.0165494, 0.17445, 0.00945778, 0.999098, 0.0414043, -0.174978, -0.0391138, 0.983795, 0.00295383  
105, 6.20491, 1133.88, 181.349, 0.985301, -0.0157469, 0.170099, 0.00833823, 0.998989, 0.0441818, -0.170623, -0.042114, 0.984436, 0.00265841  
106, 6.27766, 1133.88, 181.457, 0.984794, -0.0122643, 0.173295, 0.00437196, 0.998939, 0.0458514, -0.173674, -0.0443965, 0.983802, 0.00289835  
107, 6.30986, 1133.75, 181.259, 0.98537, -0.0165787, 0.169623, 0.00839901, 0.998772, 0.0488273, -0.170224, -0.0466883, 0.984299, 0.00318766  
108, 6.28087, 1133.59, 181.254, 0.985159, -0.0204533, 0.17042, 0.0116681, 0.998558, 0.052393, -0.171246, -0.049627, 0.983978, 0.00269669  
109, 6.4268, 1133.46, 181.374, 0.98456, -0.0184039, 0.174079, 0.00971396, 0.99867, 0.0506403, -0.174779, -0.0481674, 0.983429, 0.00293607  
110, 6.4112, 1133.31, 181.462, 0.983061, -0.0178703, 0.182404, 0.00741718, 0.998299, 0.0578299, -0.183127, -0.0554974, 0.981522, 0.00262763  
111, 6.45246, 1133.09, 181.268, 0.983849, -0.0223719, 0.177599, 0.0119719, 0.998162, 0.0594162, -0.178602, -0.0563304, 0.982308, 0.00305701  
112, 6.38346, 1133.09, 181.314, 0.984564, -0.0209591, 0.173767, 0.0110426, 0.998265, 0.0578394, -0.174678, -0.0550277, 0.983087, 0.00295327  
113, 6.39518, 1132.89, 181.217, 0.983928, -0.0184195, 0.177613, 0.00695781, 0.997865, 0.06494, -0.17843, -0.0626605, 0.981955, 0.00273747  
114, 6.3769, 1132.56, 181.139, 0.983395, -0.0240515, 0.179878, 0.0108081, 0.997181, 0.0742453, -0.181156, -0.0710683, 0.980883, 0.00278462  
115, 6.46112, 1132.51, 181.138, 0.983565, -0.0229216, 0.179093, 0.00963261, 0.997158, 0.0747218, -0.180297, -0.0717686, 0.98099, 0.00266674  
116, 6.42357, 1132.31, 181.088, 0.983482, -0.0210975, 0.179771, 0.00695925, 0.996857, 0.0789167, -0.180871, -0.0763622, 0.980538, 0.00285119  
117, 6.37132, 1131.91, 180.983, 0.984196, -0.0274519, 0.17494, 0.0134034, 0.996625, 0.080986, -0.176573, -0.0773613, 0.981243, 0.00298572  
118, 6.3541, 1131.65, 181.035, 0.984401, -0.0221531, 0.174539, 0.0085532, 0.996894, 0.0782892, -0.175731, -0.0755751, 0.981533, 0.00271167  
119, 6.3544, 1131.07, 180.983, 0.983822, -0.0267036, 0.177147, 0.0118627, 0.996369, 0.0843133, -0.178755, -0.0808479, 0.980566, 0.00323564  
120, 6.24363, 1130.75, 181.11, 0.983361, -0.0276452, 0.179546, 0.0120419, 0.996099, 0.0874195, -0.181262, -0.0838028, 0.979858, 0.00266479  
121, 6.20734, 1130.41, 181.106, 0.983048, -0.0265697, 0.181415, 0.00995472, 0.99572, 0.0918886, -0.18308, -0.0885249, 0.979104, 0.00291333  
122, 6.245, 1130.16, 181.241, 0.983395, -0.0247112, 0.179787, 0.00838899, 0.995817, 0.0909866, -0.181283, -0.0879676, 0.979489, 0.00314411  
123, 6.16781, 1129.81, 181.423, 0.982783, -0.0226763, 0.183368, 0.00498596, 0.995334, 0.0963652, -0.184698, -0.0937918, 0.97831, 0.0027175  
124, 6.84813, 1128.61, 181.127, 0.981964, -0.0292965, 0.186783, 0.0157868, 0.997177, 0.07341, -0.188407, -0.0691373, 0.979655, 0.00300292  
125, 6.88317, 1127.97, 181.044, 0.981813, -0.0318914, 0.187152, 0.0171615, 0.996663, 0.0798049, -0.189072, -0.0751417, 0.979084, 0.00263733  
126, 6.56563, 1128.01, 181.235, 0.984174, -0.0175259, 0.176339, 0.00107983, 0.995672, 0.0929306, -0.177204, -0.0912694, 0.979933, 0.00292082  
127, 6.63295, 1127.37, 181.155, 0.984161, -0.0203161, 0.17611, 0.00325954, 0.995317, 0.0966048, -0.177248, -0.0945006, 0.979619, 0.00316879  
128, 7.02013, 1126.8, 181.256, 0.983712, -0.0162082, 0.17902, -0.000353448, 0.99575, 0.0920956, -0.179752, -0.0906588, 0.979525, 0.00271195  
129, 7.08064, 1126.05, 181.153, 0.983973, -0.0192481, 0.177277, 0.00143682, 0.994981, 0.100056, -0.178313, -0.0981981, 0.979062, 0.0029272  
130, 7.55995, 1125.12, 181.26, 0.982378, -0.022521, 0.185545, 0.00414903, 0.995097, 0.0988151, -0.186861, -0.0963039, 0.977655, 0.0026598  
131, 7.56876, 1124.63, 181.335, 0.9812, -0.020088, 0.191946, 0.000103152, 0.994623, 0.103565, -0.192994, -0.101598, 0.975926, 0.00277131  
132, 8.13076, 1123.79, 181.52, 0.979719, -0.011498, 0.200044, -0.00889037, 0.994875, 0.100723, -0.200177, -0.100459, 0.974596, 0.0029971  
133, 8.12391, 1122.95, 181.374, 0.979017, -0.0150387, 0.203224, -0.00741117, 0.993986, 0.109258, -0.203645, -0.108472, 0.973017, 0.00266285  
134, 8.35503, 1122, 181.416, 0.979552, -0.0164491, 0.200515, -0.00476093, 0.994478, 0.104839, -0.201133, -0.10365, 0.974065, 0.00296187  
135, 8.68566, 1121, 181.382, 0.979212, -0.0185459, 0.201991, -0.00306396, 0.994345, 0.106149, -0.202818, -0.104562, 0.973618, 0.00266147  
136, 8.73936, 1120, 181.286, 0.979453, -0.0185742, 0.200817, -0.00366374, 0.993947, 0.109802, -0.201641, -0.108282, 0.973456, 0.00295688  
137, 8.9243, 1119.13, 181.568, 0.977734, -0.0104917, 0.209587, -0.0117421, 0.994449, 0.104558, -0.209521, -0.104691, 0.972183, 0.00298489  
138, 9.1073, 1118.25, 181.533, 0.978852, -0.00509372, 0.204507, -0.0149886, 0.995217, 0.0965296, -0.20402, -0.0975535, 0.974094, 0.00270945  
139, 9.24935, 1117.16, 181.507, 0.976191, -0.0108327, 0.216642, -0.0122921, 0.994385, 0.105111, -0.216564, -0.105271, 0.970576, 0.00280626  
140, 9.38422, 1116.05, 181.345, 0.977172, -0.00851754, 0.212281, -0.0129534, 0.994948, 0.0995481, -0.212057, -0.100025, 0.972125, 0.00264649  
141, 9.44262, 1114.89, 181.04, 0.981835, -0.00870647, 0.189539, -0.00835322, 0.995995, 0.0890219, -0.189554, -0.088988, 0.977829, 0.00277159  
142, 10.1937, 1113.1, 180.861, 0.979999, -0.00988205, 0.198756, -0.00596428, 0.996859, 0.0789714, -0.198912, -0.0785773, 0.976862, 0.00296686  
143, 10.2345, 1111.94, 180.907, 0.980289, -0.00812269, 0.1974, -0.00640422, 0.997323, 0.0728415, -0.197464, -0.0726699, 0.977613, 0.0026709  
144, 10.2895, 1110.46, 181.019, 0.978204, -0.0252274, 0.206107, 0.00860958, 0.996666, 0.0811296, -0.207467, -0.0775869, 0.97516, 0.00281985  
145, 10.3366, 1109.12, 181.132, 0.977845, -0.0220269, 0.208168, 0.0057656, 0.996905, 0.0784023, -0.209251, -0.0754651, 0.974946, 0.00266757  
146, 10.2622, 1107.67, 181.315, 0.978, -0.0252721, 0.207066, 0.00821598, 0.996531, 0.0828198, -0.208441, -0.0792966, 0.974815, 0.0027935  
147, 10.2019, 1106.5, 181.328, 0.97923, -0.0232431, 0.201415, 0.00826395, 0.997157, 0.0748935, -0.202583, -0.0716735, 0.976639, 0.00328502  
148, 10.2256, 1105.09, 181.425, 0.978041, -0.0219934, 0.20725, 0.00694173, 0.997302, 0.073075, -0.208298, -0.0700317, 0.975555, 0.00274662  
149, 10.0922, 1103.74, 181.245, 0.979712, -0.0213755, 0.199266, 0.00790698, 0.997644, 0.0681431, -0.200253, -0.065185, 0.977573, 0.00280792  
150, 10.0242, 1102.28, 181.321, 0.97879, -0.0217166, 0.203711, 0.00806255, 0.997679, 0.0676188, -0.204707, -0.0645422, 0.976693, 0.00268088  
151, 9.70111, 1100.99, 181.391, 0.977863, -0.0233284, 0.207944, 0.0104719, 0.997977, 0.0627145, -0.208986, -0.0591486, 0.976128, 0.00277658  
152, 9.41967, 1099.82, 181.113, 0.981547, -0.00691391, 0.191098, -0.00323602, 0.998602, 0.0527507, -0.191195, -0.0523957, 0.980153, 0.00292942  
153, 9.15843, 1097.98, 181.319, 0.978464, -0.0250719, 0.204888, 0.0128246, 0.998062, 0.0608865, -0.206018, -0.0569476, 0.97689, 0.00268393  
154, 8.73021, 1096.76, 181.222, 0.982025, -0.00621205, 0.188648, -0.00256743, 0.998926, 0.046259, -0.188732, -0.0459119, 0.980955, 0.00278407  
155, 8.3878, 1094.94, 181.427, 0.980337, -0.0221585, 0.19608, 0.0116207, 0.998434, 0.0547307, -0.196986, -0.051376, 0.979059, 0.00267034  
156, 8.05953, 1093.35, 181.524, 0.979767, -0.0211552, 0.199023, 0.010778, 0.998532, 0.0530802, -0.199853, -0.0498611, 0.978556, 0.00286867  
157, 7.71339, 1091.67, 181.558, 0.980521, -0.0192972, 0.195464, 0.00929251, 0.998605, 0.0519729, -0.196194, -0.0491441, 0.979333, 0.00298877  
158, 7.193, 1090.09, 181.485, 0.980408, -0.022341, 0.195706, 0.0118454, 0.998436, 0.0546367, -0.19662, -0.051248, 0.979139, 0.00271223  
159, 6.91267, 1088.58, 181.462, 0.981787, -0.0171195, 0.189213, 0.00791835, 0.998754, 0.0492781, -0.189821, -0.0468824, 0.980699, 0.00299072  
160, 6.46113, 1086.98, 181.402, 0.981728, -0.0202714, 0.189206, 0.0108514, 0.998655, 0.0506909, -0.189979, -0.0477115, 0.980628, 0.0027616  
161, 6.18166, 1085.63, 181.209, 0.984463, -0.00158255, 0.175587, -0.00486722, 0.999329, 0.0362959, -0.175527, -0.0365865, 0.983795, 0.00299987  
162, 5.93974, 1084.05, 181.216, 0.984271, -0.00210253, 0.176653, -0.00407347, 0.999393, 0.0345913, -0.176619, -0.0347668, 0.983665, 0.00283344  
163, 5.77106, 1082.17, 181.313, 0.984217, -0.00153825, 0.176959, -0.00491346, 0.999339, 0.0360149, -0.176897, -0.0363159, 0.983559, 0.00275023  
164, 5.74437, 1080.19, 181.581, 0.98221, -0.0148537, 0.187197, 0.0077411, 0.999222, 0.0386693, -0.187626, -0.0365323, 0.981561, 0.00285619  
165, 5.45551, 1078.77, 181.279, 0.984962, 0.00149731, 0.172762, -0.00626496, 0.999614, 0.0270547, -0.172655, -0.0277302, 0.984592, 0.00271611  
166, 5.50321, 1077.04, 181.387, 0.98507, 0.00480805, 0.172088, -0.00813269, 0.999794, 0.0186196, -0.171963, -0.0197412, 0.984906, 0.00296131  
167, 5.43226, 1075.2, 181.356, 0.985121, 0.00115455, 0.171859, -0.00436017, 0.999823, 0.0182764, -0.171807, -0.0187538, 0.984952, 0.00301568  
168, 4.99287, 1073.85, 181.418, 0.985115, 0.00265306, 0.171874, -0.00667157, 0.999718, 0.0228071, -0.171765, -0.0236143, 0.984855, 0.00280016  
169, 5.01916, 1072.09, 181.557, 0.985949, -0.00213975, 0.167033, -0.00088541, 0.999837, 0.0180346, -0.167044, -0.0179291, 0.985786, 0.0028903  
170, 5.21291, 1070.68, 181.505, 0.987297, 0.00115886, 0.158883, -0.00395651, 0.999843, 0.0172931, -0.158838, -0.017702, 0.987146, 0.00277436  
171, 5.23305, 1069.15, 181.535, 0.987172, 0.000652229, 0.159661, -0.00392484, 0.999789, 0.0201828, -0.159614, -0.0205505, 0.986966, 0.00280182  
172, 5.34169, 1067.25, 181.55, 0.987359, 0.00157742, 0.158489, -0.00338855, 0.999932, 0.0111578, -0.158461, -0.0115538, 0.987298, 0.00305867  
173, 5.91345, 1066.1, 180.871, 0.990292, 0.0265701, 0.136441, -0.0294981, 0.999375, 0.0194832, -0.135838, -0.0233188, 0.990457, 0.00283372  
174, 6.27757, 1064.43, 180.903, 0.990276, 0.031122, 0.135588, -0.0336515, 0.999299, 0.016404, -0.134982, -0.0208072, 0.99063, 0.00291166  
175, 6.57117, 1062.64, 180.948, 0.990249, 0.0331288, 0.135312, -0.03521, 0.999295, 0.0130163, -0.134785, -0.0176537, 0.990718, 0.00276548  
176, -5.67017, 1057.77, 182.656, -0.961248, 0.015311, -0.275258, -0.0474244, -0.992756, 0.110393, -0.271574, 0.119169, 0.955011, 0.00320624  
177, -5.08666, 1055.95, 182.293, -0.960001, 0.0255089, -0.278833, -0.0509758, -0.995121, 0.0844679, -0.275318, 0.095303, 0.956618, 0.00292498  
178, 5.43386, 1055.58, 181.875, 0.985347, -0.022342, 0.169092, 0.0172719, 0.999358, 0.0313957, -0.169685, -0.0280151, 0.9851, 0.0028437  
179, 5.96421, 1053.68, 181.676, 0.984419, -0.0209904, 0.174582, 0.0147961, 0.999217, 0.0367069, -0.175215, -0.0335519, 0.983958, 0.00291693  
180, 6.35322, 1051.69, 181.724, 0.984662, -0.0188983, 0.173445, 0.0136441, 0.999413, 0.0314358, -0.173937, -0.0285871, 0.984342, 0.00279433  
181, 6.69109, 1050, 181.652, 0.983369, -0.0207536, 0.18043, 0.0141196, 0.999179, 0.0379751, -0.18107, -0.034796, 0.982855, 0.00286146  
182, 7.05886, 1047.96, 181.693, 0.982845, -0.0217629, 0.183143, 0.0159143, 0.999317, 0.0333441, -0.183744, -0.0298575, 0.982521, 0.0030756  
183, 7.58055, 1046.24, 181.658, 0.98241, -0.019842, 0.185678, 0.0146539, 0.999464, 0.0292722, -0.18616, -0.0260364, 0.982174, 0.00277991  
184, 7.66279, 1044.23, 181.73, 0.980907, -0.0243629, 0.192947, 0.0195755, 0.999452, 0.0266803, -0.193491, -0.0223939, 0.980846, 0.00288698  
185, 7.97566, 1042.63, 181.664, 0.981242, -0.0217333, 0.191552, 0.0168903, 0.999496, 0.0268799, -0.19204, -0.0231403, 0.981114, 0.00272138  
186, 8.48631, 1040.86, 181.633, 0.981504, -0.021298, 0.190253, 0.017964, 0.999654, 0.0192313, -0.190597, -0.0154579, 0.981547, 0.00301346  
187, 8.78964, 1038.9, 181.608, 0.980964, -0.0198113, 0.193175, 0.0166128, 0.999697, 0.0181636, -0.193477, -0.0146087, 0.980996, 0.00295826  
188, 9.05204, 1037.45, 181.472, 0.980657, -0.0186098, 0.194848, 0.0149152, 0.99968, 0.0204118, -0.195165, -0.0171108, 0.980621, 0.00274385  
189, 9.31952, 1035.52, 181.416, 0.980231, -0.0190028, 0.196942, 0.0147073, 0.999621, 0.023251, -0.19731, -0.0198949, 0.980139, 0.00294384  
190, 9.44498, 1034.01, 181.474, 0.980308, -0.0223408, 0.196205, 0.0193366, 0.999665, 0.0172142, -0.196524, -0.0130812, 0.980412, 0.00271888  
191, 9.83956, 1032.28, 181.199, 0.980357, -0.0179734, 0.196408, 0.0136665, 0.999636, 0.0232617, -0.196755, -0.0201206, 0.980246, 0.00288171  
192, 7.5404, 1030.4, 183.225, 0.981634, -0.0393805, 0.186664, 0.0419268, 0.999073, -0.00971142, -0.186108, 0.0173593, 0.982376, 0.00309335  
193, 17.029, 1031.81, 173.803, 0.65197, 0.344509, -0.675461, -0.629423, -0.250832, -0.735466, -0.422802, 0.904653, 0.0533071, 0.0027358  
194, 17.3902, 1029.93, 173.683, 0.633215, 0.362853, -0.68365, -0.64738, -0.235801, -0.724774, -0.424192, 0.901518, 0.0855912, 0.00296714  
195, 3.28034, 1027, 179.212, -0.943114, -0.0533545, -0.328161, 0.0376863, -0.997834, 0.0539262, -0.330327, 0.0384914, 0.943081, 0.00279794  
196, 3.58914, 1025.08, 179.204, -0.943204, -0.0518373, -0.328145, 0.0375352, -0.998055, 0.0497741, -0.330087, 0.0346301, 0.943315, 0.00296825  
197, 3.69342, 1023.35, 179.298, -0.944214, -0.0516887, -0.325251, 0.0368565, -0.997987, 0.0516037, -0.327264, 0.0367373, 0.944219, 0.00302289  
198, -1.64796, 1019.7, 185.606, -0.978902, -0.0683056, -0.192574, -0.067119, 0.997664, -0.0126867, 0.192991, 0.00050638, -0.9812, 0.00271916  
199, -1.31251, 1017.92, 185.602, -0.978832, -0.0700281, -0.192313, -0.0705105, 0.997502, -0.00434311, 0.192137, 0.00930891, -0.981324, 0.00290334  
200, -1.31763, 1016.28, 185.685, -0.978649, -0.0677283, -0.194061, -0.0673186, 0.997693, -0.00871266, 0.194204, 0.00453731, -0.980951, 0.00264427  
201, -1.10069, 1014.67, 185.655, -0.977233, -0.0709105, -0.199966, -0.0693944, 0.997483, -0.01459, 0.200498, -0.00038124, -0.979694, 0.00279433  
202, -1.04164, 1012.9, 185.717, -0.978097, -0.0692562, -0.196291, -0.0692611, 0.997575, -0.00684796, 0.196289, 0.00689736, -0.980522, 0.00312608  
203, -0.973672, 1011.13, 185.643, -0.978566, -0.0700843, -0.193641, -0.070948, 0.997477, -0.00247975, 0.193326, 0.0113118, -0.981069, 0.00268477  
204, -0.780381, 1009.67, 185.567, -0.977125, -0.0728251, -0.199806, -0.0725214, 0.997328, -0.00884862, 0.199916, 0.00584399, -0.979796, 0.00304536  
205, -0.769445, 1007.76, 185.623, -0.97723, -0.0714019, -0.199806, -0.0727213, 0.997352, -0.000737459, 0.19933, 0.0138095, -0.979835, 0.00269004  
206, -0.799455, 1006.37, 185.625, -0.977688, -0.068774, -0.198484, -0.0690438, 0.997598, -0.00557004, 0.198391, 0.00825834, -0.980088, 0.00277353  
207, -0.765528, 1004.74, 185.548, -0.977254, -0.068883, -0.200571, -0.0682884, 0.997617, -0.0098901, 0.200775, 0.00403156, -0.979629, 0.00318322  
208, -1.07236, 1003.05, 185.746, -0.977291, -0.0720975, -0.199259, -0.0722251, 0.997366, -0.00663816, 0.199213, 0.00790408, -0.979924, 0.00278962  
209, -1.16822, 1001.44, 185.679, -0.977894, -0.0712483, -0.196589, -0.0718918, 0.997405, -0.0038703, 0.196355, 0.0103484, -0.980478, 0.0030032  
210, -1.3055, 999.816, 185.643, -0.978029, -0.0738439, -0.194955, -0.0743292, 0.997222, -0.00483562, 0.19477, 0.00976144, -0.9808, 0.00268449  
211, -1.44415, 998.196, 185.528, -0.978313, -0.0750528, -0.193057, -0.0751006, 0.997151, -0.00708112, 0.193038, 0.00757113, -0.981162, 0.0030767  
212, -1.95162, 996.712, 185.708, -0.97957, -0.0767257, -0.185891, -0.0767858, 0.997024, -0.00688759, 0.185866, 0.00752688, -0.982546, 0.0031602  
213, -2.23613, 995.219, 185.653, -0.979664, -0.0768477, -0.185343, -0.0767758, 0.99702, -0.00757623, 0.185373, 0.00680772, -0.982645, 0.00270945  
214, -2.57769, 993.509, 185.687, -0.979354, -0.07328, -0.188406, -0.0716282, 0.99731, -0.0155706, 0.18904, -0.00175394, -0.981968, 0.00293774  
215, -2.97871, 992.01, 185.723, -0.979115, -0.0729348, -0.189776, -0.07009, 0.997305, -0.021668, 0.190845, -0.00791404, -0.981588, 0.00267617  
216, -3.34922, 990.381, 185.646, -0.980408, -0.0733699, -0.182803, -0.0723473, 0.997304, -0.0122659, 0.18321, 0.00119969, -0.983073, 0.00313606  
217, -3.84273, 988.888, 185.557, -0.979791, -0.0749774, -0.185439, -0.0722306, 0.997155, -0.0215339, 0.186526, -0.00770441, -0.98242, 0.00298101  
218, -4.37744, 987.325, 185.639, -0.979552, -0.0764167, -0.186112, -0.0732024, 0.997026, -0.0240926, 0.1874, -0.00997616, -0.982233, 0.00272388  
219, -4.78484, 985.737, 185.53, -0.979482, -0.0766559, -0.186386, -0.0741245, 0.997038, -0.0205231, 0.187407, -0.00628631, -0.982262, 0.00292997  
220, -5.22837, 984.274, 185.414, -0.979123, -0.0760056, -0.188523, -0.07166, 0.996985, -0.0297705, 0.190217, -0.0156395, -0.981617, 0.00264676  
221, -5.69612, 982.745, 185.209, -0.975021, -0.0791372, -0.207535, -0.0686046, 0.995987, -0.0574779, 0.211251, -0.0418044, -0.976538, 0.00305174  
222, -6.18422, 981.12, 185.237, -0.975882, -0.0788387, -0.203563, -0.0676024, 0.99581, -0.0615844, 0.207566, -0.0463378, -0.977123, 0.00308614  
223, -6.46402, 979.522, 185.157, -0.977569, -0.076579, -0.196202, -0.0659197, 0.996001, -0.0603035, 0.200036, -0.0460172, -0.978707, 0.00272166  
224, -7.05305, 977.822, 185.276, -0.978081, -0.0779116, -0.1931, -0.0679141, 0.996011, -0.0578737, 0.196839, -0.0434909, -0.979471, 0.00293053  
225, -7.75754, 976.341, 185.548, -0.980473, -0.083898, -0.177858, -0.0740435, 0.995366, -0.0613499, 0.182181, -0.0469827, -0.982142, 0.00264649  
226, -8.4579, 974.707, 185.481, -0.979865, -0.0870028, -0.179706, -0.0759681, 0.994829, -0.0674126, 0.184642, -0.0524033, -0.981408, 0.00307088  
227, -9.01844, 972.881, 185.43, -0.980793, -0.0826664, -0.176667, -0.0721352, 0.995259, -0.0652346, 0.181223, -0.0512377, -0.982106, 0.00308336  
228, -9.33981, 971.375, 185.439, -0.981, -0.0788766, -0.17725, -0.0675198, 0.995314, -0.0692247, 0.181879, -0.0559416, -0.981728, 0.00275328  
229, -9.83873, 969.742, 185.475, -0.981453, -0.0762309, -0.175896, -0.0639534, 0.995172, -0.0744506, 0.180722, -0.0618207, -0.981589, 0.00277436  
230, -10.4284, 968.281, 185.492, -0.981784, -0.0745263, -0.174775, -0.0627164, 0.99542, -0.0721558, 0.179352, -0.0598801, -0.981961, 0.00263567  
231, -10.8189, 966.639, 185.349, -0.981297, -0.0750905, -0.17725, -0.06122, 0.994711, -0.082473, 0.182506, -0.0700793, -0.980704, 0.0030817  
232, -11.5751, 965.145, 185.614, -0.981171, -0.0745588, -0.17817, -0.0613466, 0.995021, -0.078554, 0.18314, -0.0661448, -0.980859, 0.00299266  
233, -11.9185, 963.521, 185.347, -0.981501, -0.0756266, -0.175887, -0.0627727, 0.995011, -0.0775376, 0.180874, -0.0650624, -0.981352, 0.00267533  
234, -12.4213, 962.225, 185.278, -0.981534, -0.0785759, -0.174404, -0.0642985, 0.994213, -0.0860644, 0.180157, -0.0732612, -0.980906, 0.00276521  
235, 47.1835, 959.317, 168.609, -0.822466, -0.00734264, 0.568767, 0.0888038, -0.989313, 0.115643, 0.56184, 0.145621, 0.814328, 0.00266063  
236, 46.4472, 957.825, 168.559, -0.826219, 0.000747346, 0.563348, 0.0876469, -0.987652, 0.129855, 0.556489, 0.156665, 0.815951, 0.00283649  
237, 46.9884, 955.949, 168.505, -0.820486, -0.0184111, 0.571371, 0.101214, -0.98837, 0.113495, 0.562636, 0.150952, 0.812807, 0.00288892  
238, 45.9881, 954.191, 168.458, -0.825003, -0.00267591, 0.565122, 0.0930373, -0.986987, 0.131149, 0.557417, 0.160775, 0.814517, 0.00270335  
239, 45.8661, 952.637, 168.482, -0.825414, -0.0150536, 0.564328, 0.102333, -0.987073, 0.123347, 0.555176, 0.159562, 0.816284, 0.00268809  
240, -14.7585, 951.864, 185.507, -0.985391, -0.0713837, -0.154623, -0.0568034, 0.993687, -0.0967481, 0.160553, -0.0865516, -0.983225, 0.00263151  
241, -15.0292, 950.137, 185.479, -0.984873, -0.0725377, -0.157367, -0.05744, 0.993482, -0.0984569, 0.163483, -0.0879283, -0.98262, 0.00285203  
242, -15.1406, 948.496, 185.337, -0.98525, -0.071289, -0.155564, -0.0558345, 0.993262, -0.101551, 0.161756, -0.0913676, -0.982592, 0.00293053  
243, -15.0245, 946.725, 185.004, -0.985269, -0.0696397, -0.156189, -0.0534728, 0.992988, -0.105425, 0.162436, -0.0955205, -0.982085, 0.00274107  
244, -14.7442, 945.367, 184.59, -0.98527, -0.063816, -0.158652, -0.046707, 0.992908, -0.109324, 0.164504, -0.100303, -0.981263, 0.00289724  
245, -14.6657, 943.145, 184.38, -0.984769, -0.0621981, -0.162362, -0.0441057, 0.992644, -0.112752, 0.168181, -0.103874, -0.980268, 0.00274634  
246, -14.9243, 941.417, 184.645, -0.985028, -0.0639088, -0.16011, -0.0451739, 0.991981, -0.118037, 0.16637, -0.109037, -0.980016, 0.00298822  
247, -14.1045, 937.914, 183.558, -0.939332, 0.0335436, -0.341365, -0.0649346, -0.994601, 0.0809476, -0.336806, 0.0982031, 0.936439, 0.00310389  
248, -2.68064, 936.402, 186.434, 0.942943, 0.0884493, 0.320991, 0.0793475, -0.995989, 0.0413541, 0.323361, -0.0135247, -0.946179, 0.00272443  
249, -2.43957, 934.459, 186.238, 0.946452, 0.0781957, 0.313233, 0.0725933, -0.996924, 0.0295281, 0.314578, -0.00520834, -0.949217, 0.00284703  
250, -1.99694, 932.351, 186.113, 0.942203, 0.080978, 0.325109, 0.0669875, -0.99629, 0.054018, 0.328277, -0.0291177, -0.944133, 0.00264371  
251, -1.65043, 930.409, 185.968, 0.94555, 0.0790262, 0.315737, 0.0708602, -0.996789, 0.0372797, 0.317669, -0.0128767, -0.948114, 0.00302983  
252, -1.56885, 928.445, 186.217, 0.94968, 0.07585, 0.303899, 0.0711716, -0.997113, 0.026459, 0.305029, -0.0034986, -0.952337, 0.00283677  
253, -0.899152, 926.202, 185.857, 0.949634, 0.0774205, 0.303646, 0.0713931, -0.996969, 0.0309193, 0.305119, -0.00768384, -0.952283, 0.0027175  
254, -9.21951, 923.645, 181.453, -0.957481, 0.0429495, -0.285282, -0.0770335, -0.991014, 0.109346, -0.278023, 0.126673, 0.952186, 0.00292636  
255, -8.69964, 921.325, 181.524, -0.959773, 0.0395555, -0.277976, -0.074299, -0.990515, 0.115585, -0.270767, 0.131589, 0.953609, 0.00276798  
256, -8.2027, 919.432, 181.585, -0.960491, 0.0433683, -0.274912, -0.0777226, -0.990282, 0.115328, -0.267238, 0.132138, 0.954528, 0.00312303  
257, -7.85024, 917.263, 181.745, -0.960945, 0.0415283, -0.273606, -0.0759929, -0.990268, 0.116595, -0.266101, 0.132833, 0.954749, 0.00302262  
258, -7.42876, 915.265, 181.883, -0.962558, 0.0418145, -0.267833, -0.0761661, -0.989947, 0.119179, -0.260157, 0.135117, 0.956066, 0.00272721  
259, -6.63087, 912.948, 181.622, -0.963311, 0.0425196, -0.264999, -0.0741522, -0.991103, 0.11053, -0.257941, 0.126125, 0.957893, 0.00283011  
260, -5.61982, 910.793, 181.343, -0.963969, 0.041436, -0.262769, -0.0696372, -0.992655, 0.0989324, -0.25674, 0.113666, 0.959773, 0.00272138  
261, -5.128, 908.602, 181.52, -0.965073, 0.0453924, -0.25802, -0.0739798, -0.992011, 0.102186, -0.25132, 0.117706, 0.96072, 0.00316297  
262, 6.52622, 906.672, 184.778, 0.97027, 0.0717196, 0.231153, 0.0822704, -0.995948, -0.0363205, 0.227611, 0.0542577, -0.972239, 0.00318849  
263, 6.93963, 904.38, 184.603, 0.97098, 0.06758, 0.229416, 0.0777033, -0.996349, -0.0353729, 0.226188, 0.0521727, -0.972686, 0.00277159  
264, 7.7258, 901.999, 184.624, 0.972036, 0.0687864, 0.224531, 0.0784364, -0.996328, -0.0343348, 0.221344, 0.0509861, -0.973862, 0.00297407  
265, 8.58466, 900.05, 184.844, 0.97303, 0.0788581, 0.216779, 0.0906199, -0.994875, -0.0448473, 0.212132, 0.0632823, -0.97519, 0.00265481  
266, 4.50772, 899.37, 183.267, 0.980257, -0.0431423, 0.192965, 0.0323064, 0.997738, 0.0589548, -0.195072, -0.0515568, 0.979433, 0.00323592  
267, 4.94521, 896.943, 183.399, 0.979412, -0.0422611, 0.197399, 0.0307358, 0.997659, 0.0610901, -0.199519, -0.0537652, 0.978418, 0.00314882  
268, 5.37318, 894.516, 183.541, 0.97827, -0.0420906, 0.203018, 0.0302864, 0.997684, 0.0609053, -0.205111, -0.0534332, 0.977279, 0.00278656  
269, 8.29139, 893.194, 182.497, 0.978207, -0.012824, 0.207237, 0.00739453, 0.999609, 0.0269526, -0.207502, -0.0248328, 0.977919, 0.00298877  
270, 8.70271, 890.617, 182.609, 0.977404, -0.0147755, 0.210861, 0.00906929, 0.999567, 0.0280031, -0.211184, -0.025458, 0.977115, 0.00275217  
271, 9.04545, 888.014, 182.732, 0.975347, -0.0187191, 0.219881, 0.0132703, 0.999568, 0.0262317, -0.220277, -0.0226671, 0.975174, 0.00286173  
272, 3.50664, 883.54, 182.333, -0.977137, 0.0246866, -0.211173, -0.0364222, -0.99799, 0.0518653, -0.209468, 0.0583709, 0.976072, 0.00308669  
273, 3.61172, 880.784, 182.463, -0.97819, 0.0304328, -0.20547, -0.0431479, -0.997402, 0.057688, -0.20318, 0.0652954, 0.976962, 0.00283205  
274, 4.19233, 877.805, 182.484, -0.976735, 0.04486, -0.209707, -0.0604493, -0.995816, 0.068527, -0.205755, 0.0796093, 0.97536, 0.00294023  
275, 4.75811, 874.724, 182.663, -0.973594, 0.049087, -0.222946, -0.0606557, -0.997129, 0.0453383, -0.220081, 0.0576641, 0.973776, 0.00272249  
276, 4.9995, 872.537, 182.81, -0.974947, 0.0449181, -0.217857, -0.0567835, -0.997207, 0.04851, -0.215069, 0.0596653, 0.974774, 0.0030093  
277, 5.23596, 869.797, 182.659, -0.973242, 0.0450805, -0.225318, -0.0556377, -0.99762, 0.0407233, -0.222946, 0.0521698, 0.973434, 0.00289197  
278, 5.36478, 867.426, 182.675, -0.9732, 0.0374542, -0.226889, -0.0478383, -0.998036, 0.0404409, -0.224929, 0.0502111, 0.973081, 0.00276299  
279, 13.7274, 865.574, 180.989, 0.973528, -0.054308, 0.222022, 0.0401705, 0.996896, 0.0677067, -0.22501, -0.0569957, 0.972688, 0.0030154  
280, 13.783, 863.032, 180.988, 0.973078, -0.0573904, 0.223217, 0.0428608, 0.996667, 0.0694045, -0.226456, -0.0579687, 0.972295, 0.00277547  
281, 13.7503, 860.487, 181.007, 0.972883, -0.0563861, 0.224319, 0.0434281, 0.997113, 0.0622903, -0.227184, -0.0508595, 0.972523, 0.00276964  
282, 13.747, 857.768, 180.986, 0.972784, -0.0595819, 0.223923, 0.0483624, 0.9973, 0.0552639, -0.226612, -0.0429303, 0.973039, 0.003105  
