0, 0, 0, 0, 0, 0, 0, 0, 0, 0, 0, 0, 0, 0.00671261  
1, 29.3517, 1135.28, 184.087, 0.96139, 0.090114, 0.260015, 0.0792061, -0.995493, 0.0521502, 0.263543, -0.0295419, -0.964195, 0.00264177  
2, 29.2707, 1135.32, 184.043, 0.961666, 0.0917417, 0.258423, 0.0801377, -0.995259, 0.0551078, 0.262253, -0.0322859, -0.964459, 0.00332524  
3, 29.2346, 1135.34, 184.056, 0.960832, 0.0928731, 0.261105, 0.0795419, -0.994951, 0.0611932, 0.26547, -0.0380277, -0.963369, 0.00270751  
4, 29.2033, 1135.37, 184.051, 0.961557, 0.0931524, 0.258323, 0.0817982, -0.995164, 0.0543829, 0.262139, -0.0311619, -0.964527, 0.00282179  
5, 29.3028, 1135.27, 184.088, 0.961387, 0.0910277, 0.25971, 0.0803605, -0.995439, 0.0514227, 0.263206, -0.0285667, -0.964317, 0.00268005  
6, 29.3573, 1135.3, 184.072, 0.961161, 0.0907705, 0.260634, 0.0796839, -0.99542, 0.0528165, 0.264234, -0.0299969, -0.963992, 0.00297629  
7, 29.2864, 1135.36, 184.028, 0.961681, 0.0928186, 0.257981, 0.0807792, -0.995106, 0.0569055, 0.262001, -0.0338854, -0.964473, 0.00301679  
8, 29.264, 1135.4, 184.052, 0.961694, 0.0918607, 0.258275, 0.0800854, -0.995226, 0.0557723, 0.262166, -0.0329518, -0.96446, 0.00271777  
9, 29.2513, 1135.35, 184.04, 0.961687, 0.092108, 0.258214, 0.0803879, -0.995211, 0.0556085, 0.2621, -0.0327206, -0.964486, 0.00280931  
10, 29.2699, 1135.39, 184.077, 0.960842, 0.0927767, 0.261105, 0.0797004, -0.994996, 0.0602556, 0.265388, -0.0370859, -0.963428, 0.00283843  
11, 29.3402, 1135.31, 184.117, 0.961144, 0.0906184, 0.260751, 0.0792992, -0.995407, 0.0536307, 0.264414, -0.0308695, -0.963915, 0.00275272  
12, 29.295, 1135.35, 184.085, 0.960903, 0.0920772, 0.261128, 0.0787957, -0.995028, 0.0609069, 0.265438, -0.0379498, -0.963381, 0.00303149  
13, 29.3666, 1135.25, 184.16, 0.960914, 0.0913466, 0.261343, 0.079193, -0.995246, 0.0566871, 0.265278, -0.033775, -0.96358, 0.00278656  
14, 29.3539, 1135.25, 184.146, 0.96075, 0.0915239, 0.261883, 0.0792187, -0.995216, 0.0571882, 0.265864, -0.0341976, -0.963404, 0.00282595  
15, 29.4208, 1135.23, 184.133, 0.961293, 0.0905161, 0.260236, 0.079177, -0.99541, 0.0537526, 0.263907, -0.0310673, -0.964048, 0.00273636  
16, 29.4131, 1135.19, 184.091, 0.961876, 0.0906353, 0.258031, 0.0793414, -0.995391, 0.0538735, 0.261724, -0.0313471, -0.964633, 0.00305091  
17, 29.4175, 1135.18, 184.107, 0.961629, 0.0908621, 0.25887, 0.0790459, -0.995313, 0.0557169, 0.262719, -0.0331163, -0.964304, 0.00290695  
18, 29.372, 1135.19, 184.101, 0.961059, 0.0911912, 0.260864, 0.078346, -0.995164, 0.0592457, 0.265005, -0.0365009, -0.963556, 0.00280598  
19, 29.4026, 1135.17, 184.07, 0.960855, 0.0914379, 0.261527, 0.0784942, -0.995135, 0.0595408, 0.265698, -0.0366818, -0.963358, 0.00283899  
20, 29.4311, 1135.16, 184.092, 0.961229, 0.09054, 0.260462, 0.0780762, -0.995269, 0.0578299, 0.264466, -0.0352519, -0.963751, 0.00278962  
21, 29.4324, 1135.13, 184.055, 0.960556, 0.091524, 0.262595, 0.0783189, -0.9951, 0.0603434, 0.266831, -0.0373971, -0.963018, 0.00290695  
22, 29.4228, 1135.13, 184.057, 0.960689, 0.0914798, 0.262123, 0.0783991, -0.995117, 0.059957, 0.266328, -0.0370499, -0.96317, 0.00304259  
23, 29.4247, 1135.12, 184.094, 0.960713, 0.0912236, 0.262124, 0.0784274, -0.995179, 0.0588943, 0.266233, -0.0360228, -0.963235, 0.00282373  
24, 29.3278, 1135.2, 184.072, 0.960736, 0.093665, 0.261175, 0.0799086, -0.99482, 0.0628266, 0.265707, -0.0394897, -0.963245, 0.00282845  
25, 29.268, 1135.15, 184.087, 0.960815, 0.0929279, 0.261151, 0.0797573, -0.99497, 0.0606103, 0.265469, -0.0374066, -0.963393, 0.00272915  
26, 29.3135, 1135.09, 184.111, 0.960642, 0.0924869, 0.261939, 0.0797068, -0.995069, 0.0590257, 0.266107, -0.0358242, -0.963278, 0.00305812  
27, 29.3205, 1135.1, 184.095, 0.960616, 0.0926728, 0.261971, 0.0799635, -0.995063, 0.0587892, 0.266126, -0.0355257, -0.963283, 0.00312968  
28, 29.2873, 1135.1, 184.136, 0.960693, 0.0929949, 0.261572, 0.0806013, -0.995073, 0.0577416, 0.265653, -0.0343889, -0.963455, 0.00278462  
29, 29.2927, 1135.06, 184.118, 0.960452, 0.0924944, 0.262633, 0.0793081, -0.995019, 0.0603962, 0.266912, -0.0371787, -0.963004, 0.00282179  
30, 29.2216, 1135.13, 184.064, 0.960627, 0.0936753, 0.261572, 0.0795529, -0.994768, 0.0640912, 0.266207, -0.040759, -0.963054, 0.00273081  
31, 29.2025, 1135.17, 184.093, 0.961587, 0.0919281, 0.258651, 0.0793018, -0.995112, 0.058856, 0.262797, -0.0360837, -0.964176, 0.00296159  
32, 29.2773, 1135.09, 184.102, 0.961281, 0.091964, 0.259771, 0.0806527, -0.995284, 0.0538952, 0.263503, -0.0308572, -0.964165, 0.00309085  
33, 29.2851, 1135.1, 184.118, 0.961225, 0.0920598, 0.259947, 0.0807857, -0.995281, 0.0537501, 0.263669, -0.0306659, -0.964126, 0.00276216  
34, 29.3302, 1135.13, 184.091, 0.960958, 0.0908756, 0.261345, 0.0792527, -0.995353, 0.0546968, 0.265101, -0.031849, -0.963695, 0.00291555  
35, 29.1755, 1135.24, 184.113, 0.960823, 0.0930181, 0.261088, 0.0801455, -0.995003, 0.0595495, 0.265323, -0.0362914, -0.963476, 0.00268449  
36, 29.2847, 1135.23, 184.031, 0.961431, 0.0917313, 0.2593, 0.0796612, -0.995208, 0.0567027, 0.263259, -0.0338595, -0.964131, 0.00310306  
37, 29.2909, 1135.15, 184.147, 0.960751, 0.0916654, 0.261832, 0.0792543, -0.995189, 0.0575973, 0.265852, -0.0345853, -0.963393, 0.0031086  
38, 29.2956, 1135.16, 184.11, 0.960433, 0.0921828, 0.262813, 0.0795209, -0.995119, 0.0584382, 0.266917, -0.0352268, -0.963075, 0.0028057  
39, 29.2496, 1135.26, 184.067, 0.961445, 0.0926455, 0.258921, 0.0808403, -0.995158, 0.0558991, 0.262846, -0.0328126, -0.96428, 0.0027849  
40, 29.3283, 1135.2, 184.148, 0.961473, 0.0905796, 0.259547, 0.0796849, -0.995452, 0.0522169, 0.263096, -0.0295232, -0.964318, 0.0027125  
41, 29.3538, 1135.2, 184.191, 0.960921, 0.0913428, 0.26132, 0.0794447, -0.995278, 0.0557611, 0.26518, -0.0328215, -0.96364, 0.00304286  
42, 29.3303, 1135.25, 184.162, 0.960694, 0.0912244, 0.262194, 0.0791968, -0.995279, 0.0561032, 0.266074, -0.033133, -0.963383, 0.0030498  
43, 29.4078, 1135.24, 184.154, 0.960719, 0.0917162, 0.261928, 0.0794224, -0.995201, 0.0571657, 0.265914, -0.0341172, -0.963393, 0.0027469  
44, 29.412, 1135.29, 184.142, 0.96031, 0.0915176, 0.263496, 0.0791126, -0.995216, 0.0573336, 0.267482, -0.0342122, -0.962955, 0.00285924  
45, 29.3714, 1135.38, 184.078, 0.96158, 0.0911925, 0.258936, 0.0793736, -0.995284, 0.0557605, 0.2628, -0.0330655, -0.964284, 0.0026598  
46, 29.3708, 1135.3, 184.143, 0.96071, 0.0914566, 0.262054, 0.0791957, -0.995228, 0.0569963, 0.266017, -0.0340034, -0.963369, 0.00303981  
47, 29.3749, 1135.27, 184.129, 0.960809, 0.0918091, 0.261566, 0.0789495, -0.995115, 0.0592779, 0.265731, -0.0363042, -0.963363, 0.00312358  
48, 29.3876, 1135.25, 184.093, 0.961209, 0.0914279, 0.260226, 0.0807146, -0.995401, 0.0515856, 0.263746, -0.0285805, -0.964169, 0.00272249  
49, 29.3921, 1135.3, 184.106, 0.961258, 0.0911316, 0.260152, 0.0802056, -0.995404, 0.0523328, 0.263725, -0.0294397, -0.964148, 0.00287033  
50, 29.3224, 1135.34, 184.048, 0.961133, 0.0927378, 0.260044, 0.0805215, -0.995106, 0.0572676, 0.264083, -0.0341026, -0.963897, 0.00275467  
51, 29.287, 1135.33, 184.093, 0.961416, 0.0924169, 0.259111, 0.0806667, -0.995187, 0.0556433, 0.263006, -0.0325947, -0.964243, 0.00282401  
52, 29.3269, 1135.29, 184.102, 0.961238, 0.0906179, 0.260403, 0.0792359, -0.995398, 0.0539019, 0.264089, -0.0311793, -0.963994, 0.00324896  
53, 29.3208, 1135.26, 184.134, 0.961404, 0.0912838, 0.259558, 0.0802715, -0.995377, 0.0527375, 0.263172, -0.0298668, -0.964286, 0.00281791  
54, 29.2768, 1135.24, 184.166, 0.960661, 0.0921716, 0.261982, 0.0795582, -0.995119, 0.0583754, 0.266084, -0.0352362, -0.963306, 0.00295188  
55, 29.292, 1135.24, 184.122, 0.961783, 0.0900993, 0.258563, 0.0796739, -0.995539, 0.0505421, 0.261964, -0.0280098, -0.964671, 0.00269309  
56, 29.2677, 1135.23, 184.116, 0.961453, 0.0915571, 0.259278, 0.080496, -0.995346, 0.0529849, 0.262922, -0.0300716, -0.964348, 0.00308946  
57, 29.2444, 1135.26, 184.136, 0.961513, 0.0913023, 0.259145, 0.0803834, -0.995383, 0.0524459, 0.262737, -0.0295965, -0.964413, 0.00296326  
58, 29.2507, 1135.2, 184.086, 0.961201, 0.0928263, 0.259763, 0.0817609, -0.995236, 0.0531079, 0.263455, -0.0298089, -0.964211, 0.00299793  
59, 29.2716, 1135.2, 184.091, 0.961107, 0.0916241, 0.260537, 0.079776, -0.995255, 0.0557157, 0.264405, -0.0327642, -0.963855, 0.00335603  
60, 29.2769, 1135.21, 184.083, 0.960699, 0.0926837, 0.261662, 0.0802895, -0.995101, 0.057691, 0.265728, -0.0344149, -0.963434, 0.00298156  
61, 29.239, 1135.19, 184.097, 0.960935, 0.0922295, 0.260954, 0.0799373, -0.995148, 0.0573569, 0.264978, -0.0342563, -0.963646, 0.00285813  
62, 29.3107, 1135.21, 184.056, 0.961103, 0.0908762, 0.26081, 0.079297, -0.995354, 0.0546046, 0.26456, -0.0317993, -0.963845, 0.00334687  
63, 29.2, 1135.29, 184.035, 0.960498, 0.0935323, 0.262096, 0.0798296, -0.994849, 0.0624743, 0.26659, -0.0390834, -0.963017, 0.00271056  
64, 29.3266, 1135.2, 184.083, 0.960472, 0.0920722, 0.262708, 0.0795462, -0.995145, 0.0579474, 0.266768, -0.0347594, -0.963134, 0.00274745  
65, 29.3481, 1135.16, 184.116, 0.960832, 0.0926296, 0.261192, 0.080273, -0.995107, 0.0576109, 0.26525, -0.0343877, -0.963566, 0.00272942  
66, 29.3255, 1135.16, 184.09, 0.960543, 0.0928347, 0.262182, 0.0804772, -0.995096, 0.0575083, 0.266235, -0.0341395, -0.963303, 0.00286229  
67, 29.388, 1135.11, 184.087, 0.960645, 0.0917918, 0.262173, 0.0794411, -0.995189, 0.0573493, 0.266176, -0.034265, -0.963315, 0.00354187  
68, 29.3781, 1135.11, 184.064, 0.960666, 0.0921319, 0.261978, 0.079541, -0.995126, 0.0582894, 0.266071, -0.0351587, -0.963312, 0.00272443  
69, 29.3286, 1135.2, 184.038, 0.960971, 0.0932101, 0.260472, 0.0796939, -0.994889, 0.0620033, 0.26492, -0.0388253, -0.963488, 0.00284038  
70, 29.3496, 1135.13, 184.099, 0.960681, 0.091616, 0.262105, 0.0793186, -0.99521, 0.0571423, 0.266084, -0.0341057, -0.963346, 0.00265093  
71, 29.4249, 1135.1, 184.079, 0.960734, 0.0917482, 0.261863, 0.0789949, -0.995137, 0.0588435, 0.265988, -0.0358471, -0.96331, 0.00280127  
72, 29.4251, 1135.07, 184.087, 0.960387, 0.0928425, 0.262748, 0.0796744, -0.994992, 0.0603594, 0.267036, -0.0370341, -0.962975, 0.00343036  
73, 29.4245, 1135.1, 184.091, 0.960597, 0.0930198, 0.261917, 0.0803513, -0.995037, 0.0586938, 0.266076, -0.0353358, -0.963304, 0.0027702  
74, 29.3863, 1135.12, 184.112, 0.960846, 0.0918992, 0.261399, 0.0797459, -0.995198, 0.0567501, 0.265359, -0.0336826, -0.963561, 0.00292137  
75, 29.3764, 1135.18, 184.11, 0.960782, 0.0935213, 0.261057, 0.0800395, -0.994872, 0.06183, 0.265501, -0.0385103, -0.963341, 0.00263595  
76, 29.4297, 1135.14, 184.137, 0.960398, 0.0917832, 0.263081, 0.0789186, -0.995129, 0.05908, 0.267222, -0.0359783, -0.962963, 0.00301318  
77, 29.4299, 1135.14, 184.101, 0.960441, 0.0920463, 0.26283, 0.0788764, -0.995062, 0.0602503, 0.267078, -0.0371357, -0.962959, 0.0031577  
78, 29.407, 1135.16, 184.119, 0.96072, 0.0919763, 0.261835, 0.0795807, -0.995164, 0.0575813, 0.265865, -0.0344825, -0.963393, 0.00268837  
79, 29.4048, 1135.15, 184.127, 0.960514, 0.0920427, 0.262567, 0.0788839, -0.995062, 0.0602478, 0.266816, -0.0371565, -0.963031, 0.00285175  
80, 29.3758, 1135.16, 184.159, 0.960565, 0.0922929, 0.262291, 0.0793991, -0.995074, 0.0593625, 0.266477, -0.0361959, -0.963161, 0.00266812  
81, 29.373, 1135.19, 184.128, 0.960343, 0.0929057, 0.262886, 0.0801026, -0.995037, 0.0590315, 0.267066, -0.0356326, -0.963019, 0.00372716  
82, 29.3542, 1135.19, 184.169, 0.960692, 0.0928918, 0.261613, 0.0804284, -0.995073, 0.0579757, 0.265709, -0.0346557, -0.96343, 0.00317656  
83, 29.3913, 1135.2, 184.078, 0.960992, 0.0917427, 0.260919, 0.0793951, -0.995184, 0.0574997, 0.264937, -0.0345411, -0.963647, 0.00271139  
84, 29.3025, 1135.2, 184.126, 0.960355, 0.0925239, 0.262978, 0.0799213, -0.995098, 0.0582464, 0.267078, -0.0349197, -0.963042, 0.00280376  
85, 29.3132, 1135.2, 184.159, 0.960585, 0.0926496, 0.262093, 0.0803091, -0.995114, 0.0574349, 0.266134, -0.0341227, -0.963332, 0.0026451  
86, 29.3124, 1135.2, 184.193, 0.960761, 0.0931598, 0.261264, 0.0806406, -0.995039, 0.0582602, 0.265396, -0.0349056, -0.963508, 0.0030964  
87, 29.3213, 1135.22, 184.171, 0.96065, 0.0924998, 0.261908, 0.0799948, -0.995104, 0.0580355, 0.265994, -0.0348006, -0.963346, 0.00323481  
88, 29.2832, 1135.29, 184.09, 0.961542, 0.0920994, 0.258757, 0.0804005, -0.995219, 0.0554598, 0.262628, -0.0325227, -0.964349, 0.00274218  
89, 29.3566, 1135.2, 184.133, 0.961257, 0.0919064, 0.259881, 0.0808371, -0.995318, 0.0529889, 0.263534, -0.029928, -0.964186, 0.00281486  
90, 29.3088, 1135.26, 184.128, 0.961203, 0.0922615, 0.259957, 0.0811912, -0.995287, 0.0530297, 0.263624, -0.0298661, -0.964163, 0.00269281  
91, 29.3241, 1135.27, 184.092, 0.961509, 0.0907888, 0.25934, 0.0799559, -0.995439, 0.0520413, 0.262882, -0.0293025, -0.964383, 0.00291582  
92, 29.3917, 1135.26, 184.151, 0.961604, 0.0916128, 0.258698, 0.0809437, -0.995381, 0.0516193, 0.262233, -0.0286973, -0.964578, 0.00297407  
93, 29.3525, 1135.33, 183.991, 0.961337, 0.0924353, 0.259397, 0.0800619, -0.995107, 0.0578902, 0.263479, -0.0348842, -0.964034, 0.00302372  
94, 29.3133, 1135.29, 184.134, 0.96165, 0.091953, 0.258406, 0.0813629, -0.995358, 0.0514055, 0.261933, -0.0284094, -0.964668, 0.00283067  
95, 29.3485, 1135.25, 184.111, 0.960576, 0.0919728, 0.262363, 0.0794378, -0.99515, 0.058014, 0.266426, -0.0348853, -0.963224, 0.00268726  
96, 29.3261, 1135.38, 184.082, 0.960899, 0.0929062, 0.260849, 0.0793234, -0.99491, 0.0621491, 0.265296, -0.0390276, -0.963377, 0.0027261  
97, 29.3437, 1135.31, 184.136, 0.960629, 0.0916447, 0.262285, 0.0791284, -0.995181, 0.0579139, 0.266328, -0.0348796, -0.963251, 0.00271001  
98, 29.4026, 1135.32, 184.134, 0.960668, 0.091772, 0.262098, 0.0796008, -0.995213, 0.056707, 0.266048, -0.0336134, -0.963374, 0.00286867  
99, 29.4424, 1135.26, 184.082, 0.96056, 0.09086, 0.26281, 0.078295, -0.995246, 0.0579166, 0.266823, -0.0350557, -0.963108, 0.00327919  
100, 29.4201, 1135.24, 184.07, 0.960816, 0.0914122, 0.261679, 0.0789811, -0.995207, 0.0576574, 0.265696, -0.0347304, -0.963431, 0.00273248  
101, 29.4035, 1135.22, 184.053, 0.960393, 0.0920867, 0.262994, 0.078863, -0.995052, 0.0604259, 0.267257, -0.0372921, -0.962903, 0.00284592  
102, 29.4041, 1135.22, 184.103, 0.960548, 0.0908553, 0.262856, 0.0782197, -0.995238, 0.0581647, 0.266889, -0.0353094, -0.96308, 0.00287117  
103, 29.3771, 1135.2, 184.145, 0.960772, 0.091485, 0.261816, 0.079151, -0.995215, 0.0572966, 0.265805, -0.034326, -0.963416, 0.00277048  
104, 29.3867, 1135.2, 184.102, 0.960532, 0.091393, 0.262726, 0.0787089, -0.995184, 0.0584275, 0.266801, -0.0354426, -0.9631, 0.00286368  
105, 29.3755, 1135.16, 184.134, 0.960984, 0.0908917, 0.261243, 0.0785146, -0.995256, 0.0574533, 0.265225, -0.0347003, -0.963562, 0.00280043  
106, 29.3302, 1135.19, 184.144, 0.961023, 0.0922439, 0.260625, 0.0799407, -0.995143, 0.0574427, 0.264658, -0.0343693, -0.96373, 0.00283372  
107, 29.3435, 1135.15, 184.15, 0.960369, 0.0931319, 0.262714, 0.0806428, -0.995057, 0.0579519, 0.266812, -0.0344692, -0.963132, 0.00279461  
108, 29.3301, 1135.17, 184.114, 0.960563, 0.0922123, 0.262328, 0.0794331, -0.995097, 0.0589328, 0.266476, -0.0357711, -0.963177, 0.00279294  
109, 29.3319, 1135.16, 184.15, 0.960694, 0.0917205, 0.262019, 0.078872, -0.995128, 0.0591626, 0.266169, -0.0361713, -0.963248, 0.00296825  
110, 29.3355, 1135.11, 184.159, 0.960762, 0.0923189, 0.261562, 0.0797735, -0.995112, 0.0582054, 0.265657, -0.0350558, -0.96343, 0.00276576  
111, 29.2764, 1135.15, 184.181, 0.960637, 0.0924753, 0.261965, 0.0797182, -0.995074, 0.0589376, 0.266124, -0.0357343, -0.963276, 0.00283871  
112, 29.3577, 1135.11, 184.089, 0.960365, 0.0925789, 0.262921, 0.0794078, -0.995016, 0.0603111, 0.267194, -0.0370427, -0.962931, 0.00272499  
113, 29.2254, 1135.2, 184.091, 0.961026, 0.0942611, 0.259892, 0.0808011, -0.994799, 0.0620213, 0.264387, -0.0386045, -0.963644, 0.00309307  
114, 29.2075, 1135.2, 184.121, 0.960683, 0.0932613, 0.261517, 0.0796231, -0.994877, 0.0622941, 0.265987, -0.0390221, -0.963186, 0.00292359  
115, 29.1984, 1135.21, 184.085, 0.960828, 0.0942195, 0.260639, 0.0800266, -0.994699, 0.0645658, 0.265341, -0.0411785, -0.963275, 0.00275383  
116, 29.3128, 1135.11, 184.157, 0.960836, 0.0923033, 0.261294, 0.0796847, -0.995102, 0.0585059, 0.265415, -0.0353934, -0.963484, 0.00282346  
117, 29.2552, 1135.11, 184.177, 0.961065, 0.0927626, 0.260288, 0.0806258, -0.995116, 0.0569481, 0.2643, -0.0337449, -0.96385, 0.0027297  
118, 29.2627, 1135.2, 184.045, 0.96105, 0.0939347, 0.25992, 0.0801787, -0.994784, 0.0630541, 0.264487, -0.0397581, -0.963569, 0.00290723  
119, 29.2699, 1135.22, 184.052, 0.960737, 0.0936285, 0.261185, 0.0798952, -0.994827, 0.0627367, 0.265708, -0.0394061, -0.963248, 0.00284648  
120, 29.2966, 1135.15, 184.15, 0.961239, 0.0921386, 0.259867, 0.0803339, -0.99521, 0.05571, 0.263755, -0.0326744, -0.964036, 0.00281763  
121, 29.3499, 1135.09, 184.09, 0.960459, 0.093467, 0.262264, 0.0803197, -0.994935, 0.0604346, 0.266584, -0.03698, -0.963102, 0.00287006  
122, 29.356, 1135.13, 184.139, 0.960478, 0.0921851, 0.262647, 0.0796256, -0.995131, 0.0580915, 0.266723, -0.0348822, -0.963142, 0.0027383  
123, 29.3259, 1135.17, 184.178, 0.960606, 0.0919724, 0.262254, 0.0795925, -0.99517, 0.0574677, 0.266272, -0.0343304, -0.963286, 0.00297629  
124, 29.3164, 1135.16, 184.146, 0.960786, 0.092254, 0.261496, 0.079748, -0.995123, 0.0580634, 0.265577, -0.0349326, -0.963456, 0.00313939  
125, 29.3863, 1135.2, 184.115, 0.960596, 0.0920244, 0.262272, 0.0786729, -0.995033, 0.0609841, 0.266581, -0.0379474, -0.963065, 0.00277491  
126, 29.3274, 1135.18, 184.152, 0.961054, 0.0920158, 0.260591, 0.0798324, -0.995178, 0.0569815, 0.264578, -0.0339587, -0.963766, 0.00287089  
127, 29.4013, 1135.17, 184.13, 0.960924, 0.0925576, 0.260878, 0.0797911, -0.995056, 0.0591343, 0.265062, -0.0360078, -0.963559, 0.00272915  
128, 29.3773, 1135.2, 184.145, 0.960768, 0.0929637, 0.261311, 0.080533, -0.995068, 0.0579068, 0.265406, -0.0345908, -0.963516, 0.00305035  
129, 29.2934, 1135.31, 184.098, 0.960849, 0.0937483, 0.260731, 0.0806568, -0.994905, 0.0604901, 0.265073, -0.0370921, -0.963515, 0.00289724  
130, 29.366, 1135.25, 184.162, 0.96078, 0.0924674, 0.26144, 0.080058, -0.995116, 0.0577481, 0.265503, -0.0345529, -0.963491, 0.00269947  
131, 29.3499, 1135.26, 184.152, 0.960883, 0.0930869, 0.260843, 0.0811864, -0.995121, 0.0560575, 0.264789, -0.0326878, -0.963752, 0.00282595  
132, 29.3779, 1135.26, 184.098, 0.960551, 0.0917633, 0.262528, 0.0788261, -0.995116, 0.059417, 0.266698, -0.0363791, -0.963093, 0.00267145  
133, 29.3906, 1135.27, 184.146, 0.960793, 0.0920683, 0.261533, 0.0796743, -0.995154, 0.0576278, 0.265571, -0.0345309, -0.963473, 0.00304813  
134, 29.3916, 1135.23, 184.099, 0.961532, 0.09042, 0.259384, 0.0795028, -0.995462, 0.0522979, 0.262935, -0.0296644, -0.964357, 0.00305618  
135, 29.3891, 1135.27, 184.098, 0.96135, 0.0901304, 0.260158, 0.0793174, -0.995503, 0.0517887, 0.263656, -0.029152, -0.964176, 0.00272249  
136, 29.3084, 1135.35, 184.08, 0.960621, 0.0921984, 0.262119, 0.079132, -0.995057, 0.0599988, 0.266355, -0.0368941, -0.963169, 0.00280626  
137, 29.3579, 1135.24, 184.154, 0.961008, 0.09178, 0.260846, 0.0801019, -0.995264, 0.0550777, 0.264666, -0.0320358, -0.963808, 0.00275328  
138, 29.3824, 1135.26, 184.121, 0.960406, 0.0930458, 0.262608, 0.0804215, -0.995046, 0.0584428, 0.266745, -0.0350095, -0.963131, 0.00308558  
139, 29.3793, 1135.29, 184.094, 0.960428, 0.0917248, 0.26299, 0.0798557, -0.99526, 0.0554942, 0.266834, -0.0322969, -0.963201, 0.00303343  
140, 29.3846, 1135.25, 184.116, 0.960509, 0.0915727, 0.262747, 0.0790889, -0.995195, 0.0577251, 0.266771, -0.0346651, -0.963136, 0.00277908  
141, 29.2854, 1135.32, 184.053, 0.960501, 0.093085, 0.262247, 0.0798725, -0.99496, 0.0606233, 0.266569, -0.0372824, -0.963095, 0.00292553  
142, 29.2736, 1135.33, 184.034, 0.96103, 0.0929421, 0.260353, 0.0799792, -0.994991, 0.0599731, 0.264623, -0.0368131, -0.963649, 0.00269059  
143, 29.3093, 1135.2, 184.1, 0.960913, 0.091702, 0.261222, 0.0793258, -0.995186, 0.0575577, 0.265243, -0.0345863, -0.963561, 0.00306533  
144, 29.3158, 1135.23, 184.136, 0.960741, 0.091842, 0.261803, 0.0796595, -0.995203, 0.0567956, 0.265763, -0.0337108, -0.963449, 0.002948  
145, 29.3315, 1135.25, 184.084, 0.961168, 0.0908756, 0.260571, 0.0793698, -0.995362, 0.0543666, 0.264303, -0.0315739, -0.963923, 0.00275827  
146, 29.3136, 1135.25, 184.082, 0.960672, 0.0913974, 0.262214, 0.0787877, -0.995189, 0.0582296, 0.266275, -0.0352802, -0.963251, 0.00278407  
147, 29.3186, 1135.29, 184.022, 0.961723, 0.0920552, 0.258099, 0.0800705, -0.995181, 0.0565909, 0.262065, -0.0337586, -0.96446, 0.00264205  
148, 29.3207, 1135.19, 184.109, 0.961036, 0.0914474, 0.260859, 0.0791972, -0.995221, 0.0571153, 0.264836, -0.0342305, -0.963686, 0.00310444  
149, 29.3019, 1135.19, 184.071, 0.960638, 0.0921289, 0.26208, 0.0795155, -0.995124, 0.0583563, 0.266179, -0.0352199, -0.96328, 0.00306811  
150, 29.3353, 1135.17, 184.09, 0.960567, 0.0921829, 0.262324, 0.079714, -0.99514, 0.0578077, 0.266378, -0.0346172, -0.963247, 0.00272915  
151, 29.3617, 1135.18, 184.06, 0.960457, 0.0925445, 0.262599, 0.0796603, -0.995056, 0.0593169, 0.26679, -0.0360526, -0.96308, 0.0028057  
152, 29.3472, 1135.19, 184.09, 0.960741, 0.0925107, 0.261569, 0.0799342, -0.995091, 0.0583423, 0.265683, -0.0351435, -0.96342, 0.00263373  
153, 29.3956, 1135.13, 184.062, 0.960726, 0.0913287, 0.262039, 0.078476, -0.995161, 0.0591243, 0.266171, -0.0362385, -0.963244, 0.00279128  
154, 29.4051, 1135.14, 184.112, 0.960974, 0.0917373, 0.260986, 0.0794383, -0.995191, 0.0573135, 0.264989, -0.0343444, -0.96364, 0.00294772  
155, 29.4104, 1135.12, 184.104, 0.96052, 0.0915077, 0.262729, 0.0784503, -0.995124, 0.0597892, 0.266919, -0.0368176, -0.963015, 0.00272443  
156, 29.332, 1135.22, 184.061, 0.96039, 0.0925459, 0.262844, 0.0787019, -0.994922, 0.0627424, 0.267315, -0.0395709, -0.962796, 0.00293191  
157, 29.2923, 1135.21, 184.132, 0.961128, 0.0933849, 0.25983, 0.0802161, -0.994918, 0.0608564, 0.264192, -0.0376483, -0.963735, 0.00270751  
158, 29.3575, 1135.19, 184.083, 0.961163, 0.0932601, 0.259745, 0.0800227, -0.994918, 0.0611035, 0.264123, -0.037945, -0.963742, 0.00306783  
159, 29.2197, 1135.22, 184.097, 0.961187, 0.0937547, 0.259479, 0.080141, -0.994817, 0.0625805, 0.264001, -0.0393567, -0.963719, 0.00299848  
160, 29.3824, 1135.1, 184.074, 0.960294, 0.091788, 0.263458, 0.0784246, -0.995063, 0.0608226, 0.26774, -0.037746, -0.962752, 0.00275522  
161, 29.3378, 1135.11, 184.124, 0.960548, 0.0930027, 0.262103, 0.0803118, -0.995037, 0.0587472, 0.266265, -0.0353796, -0.96325, 0.00287033  
162, 29.2163, 1135.21, 184.094, 0.961184, 0.0937673, 0.259486, 0.0801941, -0.994822, 0.0624329, 0.263997, -0.0392002, -0.963727, 0.00275411  
163, 29.2747, 1135.17, 184.138, 0.960954, 0.091614, 0.261102, 0.0790372, -0.995166, 0.0582917, 0.26518, -0.035379, -0.96355, 0.00297934  
164, 29.3498, 1135.15, 184.151, 0.960689, 0.0929377, 0.261611, 0.080435, -0.995064, 0.0581242, 0.265721, -0.0347966, -0.963422, 0.00298988  
165, 29.3673, 1135.17, 184.146, 0.960684, 0.0923614, 0.26183, 0.0795053, -0.995069, 0.0592997, 0.266016, -0.0361514, -0.96329, 0.00267644  
166, 29.335, 1135.17, 184.14, 0.960534, 0.0924055, 0.262367, 0.0798748, -0.995113, 0.0580542, 0.266449, -0.0348065, -0.96322, 0.00280071  
167, 29.345, 1135.19, 184.107, 0.960511, 0.0913903, 0.262804, 0.0783385, -0.995135, 0.0597428, 0.266985, -0.036796, -0.962998, 0.00266757  
168, 29.2059, 1135.29, 184.108, 0.960804, 0.0929634, 0.261176, 0.0796851, -0.994952, 0.0610021, 0.265529, -0.0377992, -0.963362, 0.00293996  
169, 29.2601, 1135.17, 184.097, 0.960441, 0.0922842, 0.262748, 0.0797552, -0.995127, 0.0579807, 0.266818, -0.0347315, -0.963121, 0.0030939  
170, 29.2588, 1135.19, 184.137, 0.960674, 0.0916856, 0.262105, 0.0790499, -0.99516, 0.058376, 0.266189, -0.0353609, -0.963272, 0.00273636  
171, 29.3181, 1135.19, 184.095, 0.961359, 0.0922465, 0.259381, 0.0807989, -0.99524, 0.0544784, 0.263172, -0.0314156, -0.964237, 0.00284731  
172, 29.2044, 1135.22, 184.137, 0.960696, 0.0913479, 0.262143, 0.0790569, -0.995235, 0.0570794, 0.266108, -0.0341117, -0.96334, 0.00270973  
173, 29.3486, 1135.19, 184.069, 0.961453, 0.0912746, 0.259377, 0.07956, -0.995293, 0.0553317, 0.263206, -0.0325629, -0.96419, 0.00317407  
174, 29.3223, 1135.23, 184.104, 0.96051, 0.0924363, 0.262444, 0.0801667, -0.995144, 0.0571038, 0.266448, -0.0338095, -0.963256, 0.00303343  
175, 29.3388, 1135.25, 184.106, 0.961348, 0.0913138, 0.259755, 0.0798633, -0.995325, 0.0543225, 0.263501, -0.031478, -0.964145, 0.00272388  
176, 29.2902, 1135.26, 184.096, 0.961719, 0.0909044, 0.25852, 0.0793219, -0.995336, 0.0549085, 0.262306, -0.0323002, -0.964444, 0.00280376  
177, 29.3609, 1135.27, 184.059, 0.961486, 0.0911564, 0.259297, 0.0799284, -0.995362, 0.053543, 0.262975, -0.0307557, -0.964312, 0.0026978  
178, 29.3997, 1135.26, 184.096, 0.961145, 0.0912437, 0.260528, 0.0795724, -0.995309, 0.0550232, 0.264327, -0.0321544, -0.963897, 0.00278102  
179, 29.3216, 1135.26, 184.145, 0.960692, 0.0925196, 0.261748, 0.0802588, -0.995133, 0.0571749, 0.265763, -0.0339199, -0.963441, 0.00308197  
180, 29.3772, 1135.28, 184.1, 0.96036, 0.0928969, 0.26283, 0.0802846, -0.995063, 0.0583503, 0.266953, -0.0349361, -0.963076, 0.00280737  
181, 29.3441, 1135.3, 184.133, 0.960685, 0.091231, 0.262222, 0.0787117, -0.995216, 0.0578796, 0.266248, -0.0349642, -0.96327, 0.00287921  
182, 29.3605, 1135.24, 184.111, 0.960678, 0.0913021, 0.262225, 0.0785613, -0.99518, 0.0586897, 0.26632, -0.0357811, -0.96322, 0.00269364  
183, 29.4145, 1135.23, 184.097, 0.961277, 0.0921222, 0.259732, 0.0803216, -0.995211, 0.0557105, 0.26362, -0.0326911, -0.964072, 0.00300708  
184, 29.4015, 1135.26, 184.118, 0.961197, 0.0926739, 0.25983, 0.0809736, -0.995175, 0.0554023, 0.26371, -0.0322132, -0.964064, 0.00299987  
185, 29.3571, 1135.32, 184.144, 0.96063, 0.0920112, 0.262153, 0.0793884, -0.995134, 0.0583649, 0.266248, -0.0352551, -0.96326, 0.00286284  
186, 29.4078, 1135.32, 184.117, 0.96144, 0.0908014, 0.259591, 0.079636, -0.995402, 0.0532323, 0.263231, -0.0305069, -0.96425, 0.00286229  
187, 29.3313, 1135.3, 184.122, 0.961767, 0.0914155, 0.258163, 0.0804939, -0.995367, 0.0525857, 0.261774, -0.0297946, -0.964669, 0.00274024  
188, 29.3199, 1135.26, 184.144, 0.960728, 0.0916298, 0.261926, 0.0793023, -0.995204, 0.0572773, 0.265918, -0.0342566, -0.963387, 0.00301735  
189, 29.3849, 1135.26, 184.093, 0.960653, 0.0920469, 0.262055, 0.079313, -0.995115, 0.0587853, 0.266186, -0.0356879, -0.963261, 0.00314494  
190, 29.2838, 1135.31, 184.016, 0.961701, 0.0923895, 0.258061, 0.0804788, -0.995161, 0.0563663, 0.26202, -0.0334391, -0.964483, 0.00266812  
191, 29.3526, 1135.22, 184.125, 0.961418, 0.0916735, 0.259367, 0.080424, -0.995314, 0.0536802, 0.263073, -0.0307497, -0.964286, 0.00286811  
192, 29.3212, 1135.22, 184.186, 0.961484, 0.0915529, 0.259166, 0.0809608, -0.995397, 0.0512761, 0.262668, -0.0283188, -0.964471, 0.00271888  
193, 29.2868, 1135.25, 184.009, 0.961248, 0.0915804, 0.260029, 0.0793488, -0.995206, 0.0571763, 0.264018, -0.0343277, -0.963907, 0.00308503  
194, 29.2793, 1135.21, 184.143, 0.960602, 0.0921149, 0.262218, 0.0794692, -0.995122, 0.0584521, 0.266324, -0.0353109, -0.963237, 0.00280903  
195, 29.3091, 1135.18, 184.105, 0.961231, 0.0914874, 0.260126, 0.0797016, -0.995271, 0.0555237, 0.263975, -0.0326387, -0.963977, 0.00273719  
196, 29.2542, 1135.19, 184.134, 0.960678, 0.0911386, 0.262283, 0.0785694, -0.995218, 0.05804, 0.266318, -0.0351503, -0.963244, 0.00289502  
197, 29.2431, 1135.29, 184.12, 0.961725, 0.0926878, 0.257863, 0.0803301, -0.995075, 0.0580769, 0.261976, -0.0351399, -0.964434, 0.00276826  
198, 29.2781, 1135.16, 184.151, 0.960845, 0.0920485, 0.261349, 0.0796177, -0.995149, 0.0577834, 0.2654, -0.0347129, -0.963513, 0.00286562  
199, 29.2737, 1135.12, 184.18, 0.960735, 0.0918579, 0.26182, 0.0790753, -0.995123, 0.0589697, 0.26596, -0.0359507, -0.963313, 0.00297879  
200, 29.2841, 1135.17, 184.11, 0.961338, 0.0901824, 0.260186, 0.0785073, -0.995398, 0.0549426, 0.263944, -0.0323918, -0.963994, 0.00280737  
201, 29.2395, 1135.15, 184.162, 0.960689, 0.0909474, 0.262306, 0.0783027, -0.995224, 0.058285, 0.266354, -0.0354545, -0.963223, 0.00285425  
202, 29.2242, 1135.19, 184.198, 0.960864, 0.09143, 0.261497, 0.078787, -0.995176, 0.0584534, 0.26558, -0.0355632, -0.963433, 0.00275883  
203, 29.2416, 1135.12, 184.144, 0.960573, 0.0915291, 0.262528, 0.0786715, -0.995147, 0.0590992, 0.266663, -0.0361156, -0.963113, 0.00299848  
204, 29.2656, 1135.14, 184.129, 0.960133, 0.0923308, 0.263857, 0.0793483, -0.995072, 0.0594673, 0.268047, -0.0361599, -0.962727, 0.00292969  
205, 29.326, 1135.14, 184.161, 0.960382, 0.0921643, 0.263007, 0.0792997, -0.995095, 0.0591399, 0.267168, -0.0359405, -0.96298, 0.00280071  
206, 29.3242, 1135.16, 184.173, 0.960596, 0.0919808, 0.262289, 0.0795752, -0.995166, 0.057557, 0.266315, -0.0344173, -0.963271, 0.00286479  
207, 29.2573, 1135.25, 184.088, 0.960919, 0.0936505, 0.260507, 0.0802127, -0.994862, 0.0617696, 0.264953, -0.0384597, -0.963494, 0.00274274  
208, 29.271, 1135.25, 184.079, 0.960853, 0.0937541, 0.260713, 0.0800789, -0.99482, 0.0626141, 0.265233, -0.0392853, -0.963384, 0.00302539  
209, 29.3263, 1135.24, 184.095, 0.960714, 0.0938097, 0.261207, 0.0798914, -0.994784, 0.063427, 0.265795, -0.040067, -0.963197, 0.00307476  
210, 29.3473, 1135.16, 184.098, 0.960468, 0.0924475, 0.262591, 0.0791844, -0.995012, 0.0606734, 0.266891, -0.0374817, -0.962998, 0.00279128  
211, 29.3441, 1135.19, 184.112, 0.960846, 0.0916023, 0.261505, 0.0783978, -0.995084, 0.0605105, 0.265762, -0.0376398, -0.963303, 0.00270446  
212, 29.31, 1135.18, 184.16, 0.960973, 0.0922854, 0.260796, 0.0796235, -0.995093, 0.05873, 0.264937, -0.0356725, -0.963606, 0.00277103  
213, 29.3258, 1135.16, 184.105, 0.960575, 0.0917359, 0.262451, 0.0786404, -0.995096, 0.0599961, 0.266668, -0.0369916, -0.963078, 0.00280848  
214, 29.3417, 1135.21, 184.086, 0.960779, 0.0916131, 0.261745, 0.0789765, -0.995163, 0.0584192, 0.265831, -0.0354562, -0.963367, 0.00301929  
215, 29.3506, 1135.21, 184.064, 0.960553, 0.0927743, 0.262164, 0.079867, -0.995029, 0.0594914, 0.26638, -0.0362064, -0.963188, 0.00276382  
216, 29.3957, 1135.2, 184.069, 0.9606, 0.0918906, 0.262305, 0.0790579, -0.995117, 0.0590875, 0.266454, -0.0360222, -0.963174, 0.00288725  
217, 29.3739, 1135.2, 184.11, 0.960684, 0.0913, 0.262202, 0.0790233, -0.995241, 0.0570135, 0.266159, -0.0340519, -0.963327, 0.00264926  
218, 29.3179, 1135.23, 184.119, 0.960872, 0.0909665, 0.261628, 0.0785897, -0.995253, 0.0574098, 0.265608, -0.0346022, -0.96346, 0.00304009  
219, 29.4103, 1135.21, 184.095, 0.961373, 0.0912621, 0.259681, 0.0802826, -0.995383, 0.0526003, 0.263282, -0.0297206, -0.964261, 0.00310999  
220, 29.3743, 1135.25, 184.116, 0.96066, 0.092133, 0.261999, 0.0796765, -0.995144, 0.0577999, 0.266052, -0.0346509, -0.963336, 0.00271472  
221, 29.3996, 1135.25, 184.075, 0.961083, 0.0921114, 0.260453, 0.0810716, -0.995307, 0.0528408, 0.264097, -0.0296691, -0.96404, 0.00283705  
222, 29.4072, 1135.24, 184.098, 0.961416, 0.0910223, 0.259604, 0.0801038, -0.995411, 0.0523546, 0.263178, -0.0295392, -0.964295, 0.00269226  
223, 29.3286, 1135.3, 184.104, 0.96054, 0.0913739, 0.262706, 0.0787497, -0.995193, 0.0582114, 0.266762, -0.0352263, -0.963118, 0.00307365  
224, 29.3073, 1135.36, 184.009, 0.961491, 0.0929143, 0.258653, 0.0807448, -0.995086, 0.0573055, 0.262707, -0.0342138, -0.964269, 0.00343286  
225, 29.3311, 1135.29, 184.109, 0.961447, 0.0915546, 0.259303, 0.0808343, -0.995384, 0.0517314, 0.262842, -0.0287765, -0.96441, 0.00277935  
226, 29.3666, 1135.27, 184.12, 0.960519, 0.0927223, 0.262308, 0.0804586, -0.995119, 0.057138, 0.266325, -0.0337772, -0.963291, 0.00289779  
227, 29.3182, 1135.26, 184.128, 0.960644, 0.0916254, 0.262235, 0.0795566, -0.995239, 0.0562989, 0.266145, -0.0332207, -0.96336, 0.00281541  
228, 29.3442, 1135.26, 184.086, 0.961431, 0.0907906, 0.259628, 0.0798573, -0.995429, 0.0523761, 0.263197, -0.0296228, -0.964287, 0.00298794  
229, 29.354, 1135.23, 184.072, 0.961489, 0.0901025, 0.259655, 0.0791281, -0.995484, 0.0524344, 0.263207, -0.0298691, -0.964277, 0.00308447  
230, 29.3528, 1135.22, 184.065, 0.961389, 0.0908326, 0.259769, 0.0798138, -0.995417, 0.0526782, 0.263363, -0.0299111, -0.964233, 0.00278324  
231, 29.3068, 1135.24, 184.099, 0.960734, 0.0911312, 0.26208, 0.0794702, -0.995331, 0.0547773, 0.265849, -0.0317988, -0.96349, 0.00279405  
232, 29.2755, 1135.32, 183.978, 0.961225, 0.0910095, 0.260313, 0.0790514, -0.995293, 0.0560668, 0.264191, -0.0333147, -0.963895, 0.00269309  
233, 29.3077, 1135.22, 184.062, 0.960595, 0.0908764, 0.262676, 0.0782098, -0.995231, 0.0583039, 0.266721, -0.0354626, -0.963121, 0.00311165  
234, 29.2982, 1135.29, 184.025, 0.961355, 0.0910286, 0.259828, 0.0786535, -0.995233, 0.0576566, 0.263838, -0.0349921, -0.963932, 0.0029921  
235, 29.3802, 1135.25, 184.091, 0.960986, 0.0899947, 0.261549, 0.0784537, -0.99544, 0.0542592, 0.265239, -0.0316228, -0.963664, 0.00271278  
236, 29.3992, 1135.16, 184.077, 0.960683, 0.0921338, 0.261915, 0.0793449, -0.995099, 0.0590151, 0.266068, -0.0359132, -0.963285, 0.0028695  
237, 29.2586, 1135.3, 184.097, 0.960912, 0.0930459, 0.260749, 0.0801164, -0.99499, 0.0598083, 0.265007, -0.0365803, -0.963552, 0.00264926  
238, 29.4181, 1135.21, 184.075, 0.960577, 0.0912869, 0.262599, 0.0785196, -0.995181, 0.0587317, 0.266695, -0.0357972, -0.963116, 0.00312691  
239, 29.414, 1135.18, 184.153, 0.961046, 0.091393, 0.26084, 0.0788637, -0.995189, 0.0581263, 0.264898, -0.0352912, -0.963631, 0.00291471  
240, 29.2966, 1135.25, 184.113, 0.961113, 0.0912662, 0.260637, 0.0786367, -0.995185, 0.0585026, 0.264722, -0.035732, -0.963663, 0.00271417  
241, 29.3678, 1135.17, 184.114, 0.96034, 0.0909779, 0.263574, 0.0780365, -0.995192, 0.0591829, 0.267691, -0.0362673, -0.962822, 0.0028867  
242, 29.3449, 1135.16, 184.129, 0.961074, 0.0914014, 0.260735, 0.0792912, -0.995242, 0.0566162, 0.264669, -0.0337384, -0.963749, 0.00265841  
243, 29.3328, 1135.15, 184.107, 0.960989, 0.0918042, 0.260906, 0.0795687, -0.995193, 0.0571017, 0.264894, -0.0341141, -0.963674, 0.00311887  
244, 29.2635, 1135.21, 184.053, 0.961267, 0.0935941, 0.259241, 0.0801007, -0.994847, 0.0621571, 0.263722, -0.0389842, -0.963811, 0.00292276  
245, 29.3376, 1135.13, 184.119, 0.961186, 0.0930846, 0.259724, 0.0805177, -0.995027, 0.0586363, 0.263891, -0.035448, -0.963901, 0.00271861  
246, 29.3855, 1135.11, 184.093, 0.960496, 0.0935968, 0.262084, 0.0803802, -0.994913, 0.0607283, 0.266435, -0.0372629, -0.963132, 0.00280876  
247, 29.3387, 1135.12, 184.177, 0.961012, 0.0937748, 0.26012, 0.0818499, -0.995052, 0.0563278, 0.264115, -0.0328409, -0.963932, 0.00264399  
248, 29.3427, 1135.1, 184.116, 0.960916, 0.0937722, 0.260474, 0.081309, -0.994986, 0.0582434, 0.264629, -0.0347882, -0.963723, 0.00314383  
249, 29.38, 1135.12, 184.148, 0.960658, 0.0935498, 0.261503, 0.0807575, -0.99497, 0.0592683, 0.265732, -0.0358183, -0.963381, 0.002948  
250, 29.3584, 1135.15, 184.168, 0.960844, 0.093015, 0.261011, 0.080481, -0.995048, 0.0583294, 0.265144, -0.035039, -0.963572, 0.0027322  
251, 29.3511, 1135.14, 184.138, 0.961211, 0.0925376, 0.259826, 0.0801687, -0.995102, 0.0578282, 0.263905, -0.0347552, -0.963922, 0.00279461  
252, 29.3289, 1135.14, 184.106, 0.960842, 0.0929237, 0.261051, 0.0796986, -0.994962, 0.0608225, 0.265388, -0.0376354, -0.963407, 0.00267783  
253, 29.3616, 1135.11, 184.102, 0.960512, 0.0925502, 0.262393, 0.0793122, -0.995005, 0.0606247, 0.266694, -0.0374198, -0.963055, 0.00289058  
254, 29.2692, 1135.13, 184.168, 0.960956, 0.0918055, 0.261027, 0.0794683, -0.99518, 0.0574557, 0.265043, -0.0344691, -0.96362, 0.00303399  
255, 29.2676, 1135.14, 184.116, 0.960959, 0.0921808, 0.260884, 0.079585, -0.995112, 0.0584637, 0.264998, -0.0354187, -0.963598, 0.00272776  
256, 29.2688, 1135.22, 184.031, 0.960933, 0.0938912, 0.26037, 0.0795212, -0.994698, 0.0652106, 0.265112, -0.041958, -0.963304, 0.00281902  
257, 29.269, 1135.2, 184.051, 0.961223, 0.0931775, 0.259552, 0.0797128, -0.994891, 0.0619512, 0.263999, -0.0388593, -0.96374, 0.00269697  
258, 29.2962, 1135.16, 184.138, 0.960719, 0.0929514, 0.261494, 0.0803683, -0.995051, 0.0584332, 0.265631, -0.0351221, -0.963435, 0.00292997  
259, 29.3437, 1135.17, 184.11, 0.960476, 0.0921838, 0.262654, 0.0792246, -0.995077, 0.0595336, 0.266849, -0.0363719, -0.963052, 0.0030351  
260, 29.3475, 1135.17, 184.155, 0.960812, 0.092596, 0.261278, 0.0801341, -0.995097, 0.0579772, 0.265365, -0.0347679, -0.963521, 0.00274551  
261, 29.303, 1135.26, 184.065, 0.961023, 0.0934132, 0.260208, 0.0798954, -0.994869, 0.0620754, 0.264671, -0.0388665, -0.963555, 0.00281957  
262, 29.3324, 1135.23, 184.112, 0.960768, 0.0917448, 0.261738, 0.079203, -0.995164, 0.0580941, 0.265802, -0.0350845, -0.963389, 0.00268504  
263, 29.3917, 1135.22, 184.115, 0.960464, 0.0921565, 0.26271, 0.0795634, -0.995129, 0.0582004, 0.266794, -0.0349972, -0.963118, 0.00279045  
264, 29.3457, 1135.22, 184.126, 0.960682, 0.0919971, 0.261968, 0.0796595, -0.995171, 0.0573559, 0.26598, -0.0342325, -0.963371, 0.00303926  
265, 29.359, 1135.25, 184.1, 0.96071, 0.09184, 0.261918, 0.0792006, -0.995145, 0.0584352, 0.266013, -0.0353952, -0.963319, 0.00268227  
266, 29.346, 1135.23, 184.105, 0.960864, 0.0908928, 0.261685, 0.0783807, -0.995242, 0.0578832, 0.265701, -0.0351068, -0.963416, 0.00283483  
267, 29.4151, 1135.23, 184.122, 0.960628, 0.0912234, 0.262436, 0.0783109, -0.995166, 0.0592707, 0.266574, -0.0363855, -0.963127, 0.00267755  
268, 29.4035, 1135.27, 184.131, 0.960675, 0.0921724, 0.261931, 0.0796311, -0.995129, 0.058121, 0.266012, -0.0349775, -0.963335, 0.00301041  
269, 29.3995, 1135.28, 184.137, 0.96041, 0.0908592, 0.263359, 0.0784634, -0.995273, 0.0572326, 0.267314, -0.0343027, -0.962999, 0.00335658  
270, 29.3822, 1135.25, 184.149, 0.961027, 0.0910992, 0.261014, 0.0793474, -0.995316, 0.0552362, 0.264823, -0.0323727, -0.963753, 0.00266618  
271, 29.4168, 1135.25, 184.12, 0.961536, 0.091943, 0.258833, 0.0810426, -0.995327, 0.0524971, 0.26245, -0.0295014, -0.964494, 0.00281042  
272, 29.3525, 1135.27, 184.113, 0.960727, 0.0921385, 0.261751, 0.0798944, -0.995169, 0.0570641, 0.265744, -0.0339106, -0.963447, 0.00270391  
273, 29.3788, 1135.26, 184.122, 0.961085, 0.0908722, 0.26088, 0.0784035, -0.995243, 0.0578333, 0.264894, -0.0351288, -0.963637, 0.00300597  
274, 29.3813, 1135.23, 184.138, 0.96142, 0.0913653, 0.259467, 0.0802106, -0.995353, 0.0532806, 0.26313, -0.030413, -0.964281, 0.00297768  
275, 29.4262, 1135.23, 184.084, 0.961376, 0.0912655, 0.259666, 0.0801015, -0.995362, 0.0532782, 0.263324, -0.0304208, -0.964228, 0.00278462  
276, 29.367, 1135.28, 184.114, 0.961651, 0.0898999, 0.259124, 0.0790622, -0.995514, 0.0519687, 0.262633, -0.0294889, -0.964445, 0.00286728  
277, 29.3844, 1135.23, 184.131, 0.961806, 0.0906673, 0.25828, 0.0800259, -0.995464, 0.0514429, 0.261773, -0.028809, -0.964699, 0.0027874  
278, 29.4087, 1135.22, 184.082, 0.96143, 0.0911876, 0.259494, 0.0801357, -0.99538, 0.0528779, 0.263117, -0.0300437, -0.964296, 0.00286506  
279, 29.3297, 1135.24, 184.114, 0.960799, 0.092241, 0.26145, 0.0798943, -0.995144, 0.0574897, 0.265483, -0.0343478, -0.963503, 0.00294634  
280, 29.3327, 1135.19, 184.172, 0.960862, 0.0923405, 0.261186, 0.0805131, -0.995199, 0.0556508, 0.26507, -0.0324439, -0.963683, 0.00280404  
281, 29.2985, 1135.26, 184.063, 0.960817, 0.0937099, 0.260861, 0.0804287, -0.994883, 0.0611555, 0.265257, -0.0377786, -0.963437, 0.00289391  
282, 29.3663, 1135.2, 184.141, 0.960746, 0.0925293, 0.261543, 0.0801635, -0.995117, 0.057584, 0.265594, -0.0343574, -0.963472, 0.00273192  
283, 29.383, 1135.17, 184.053, 0.961233, 0.0907374, 0.260382, 0.0788636, -0.995327, 0.0557147, 0.264221, -0.0330201, -0.963897, 0.00307005  
284, 29.2792, 1135.24, 184.077, 0.961101, 0.0939408, 0.259732, 0.0805965, -0.994843, 0.0615824, 0.264177, -0.0382534, -0.963715, 0.00297629  
