0, 0, 0, 0, 0, 0, 0, 0, 0, 0, 0, 0, 0, 0.00659112  
1, 20.2618, 1131.67, 184.003, 0.963958, 0.108255, 0.243036, 0.0864248, -0.991349, 0.0987854, 0.251628, -0.0742206, -0.964974, 0.00274135  
2, 20.2429, 1131.67, 184.005, 0.963901, 0.108393, 0.243198, 0.0870101, -0.99147, 0.0970365, 0.251642, -0.0723729, -0.965111, 0.0028229  
3, 20.2604, 1131.66, 183.994, 0.964145, 0.107509, 0.242624, 0.0859866, -0.9915, 0.0976458, 0.251059, -0.0732823, -0.965194, 0.00291582  
4, 20.2669, 1131.73, 183.898, 0.964924, 0.107035, 0.239719, 0.0865782, -0.991769, 0.0943314, 0.247843, -0.0702681, -0.966249, 0.00268698  
5, 20.2863, 1131.66, 184.008, 0.964188, 0.108315, 0.242094, 0.0872185, -0.991528, 0.0962543, 0.250469, -0.0716921, -0.965466, 0.00279766  
6, 20.2958, 1131.65, 184.018, 0.964285, 0.10783, 0.241924, 0.0865501, -0.991518, 0.0969592, 0.250327, -0.0725578, -0.965439, 0.00268532  
7, 20.2301, 1131.67, 184.005, 0.964002, 0.108448, 0.242773, 0.0875226, -0.991583, 0.0954115, 0.251077, -0.0707288, -0.96538, 0.00277353  
8, 20.2173, 1131.68, 183.987, 0.96398, 0.108193, 0.242973, 0.0869092, -0.991512, 0.0967022, 0.251373, -0.0721024, -0.965201, 0.00292054  
9, 20.2072, 1131.7, 183.932, 0.964115, 0.107789, 0.24262, 0.0854203, -0.99122, 0.100932, 0.251369, -0.0765851, -0.964857, 0.00271223  
10, 20.202, 1131.67, 183.979, 0.964043, 0.107059, 0.243225, 0.0852586, -0.991479, 0.0984856, 0.251697, -0.0742074, -0.964957, 0.00278906  
11, 20.2234, 1131.72, 183.998, 0.964019, 0.107579, 0.243093, 0.085925, -0.991468, 0.0980199, 0.251563, -0.0736054, -0.965038, 0.00265342  
12, 20.2389, 1131.71, 184.003, 0.963806, 0.108517, 0.243522, 0.0871908, -0.991483, 0.0967391, 0.251946, -0.0720048, -0.965059, 0.00273109  
13, 20.222, 1131.7, 183.974, 0.964024, 0.108897, 0.242485, 0.0867223, -0.991166, 0.100346, 0.251271, -0.0757071, -0.964952, 0.00312525  
14, 20.2429, 1131.7, 183.998, 0.964024, 0.108763, 0.242547, 0.0869986, -0.991303, 0.0987387, 0.251177, -0.0740852, -0.965102, 0.00269947  
15, 20.2075, 1131.71, 183.995, 0.964078, 0.107911, 0.242712, 0.0862931, -0.991435, 0.098033, 0.251212, -0.073567, -0.965132, 0.0027702  
16, 20.2693, 1131.68, 183.979, 0.964789, 0.108128, 0.239773, 0.0878961, -0.991727, 0.0935549, 0.247905, -0.0691856, -0.966311, 0.00277797  
17, 20.2297, 1131.68, 184.013, 0.964427, 0.108167, 0.241204, 0.0875684, -0.991659, 0.0945734, 0.249422, -0.0700873, -0.965855, 0.00276243  
18, 20.1904, 1131.69, 184.065, 0.964181, 0.108364, 0.242101, 0.0869274, -0.991425, 0.0975667, 0.250598, -0.0730268, -0.965333, 0.00299682  
19, 20.2055, 1131.68, 184.055, 0.964205, 0.107901, 0.242212, 0.0864166, -0.99146, 0.0976679, 0.250682, -0.0732407, -0.965295, 0.00272859  
20, 20.2064, 1131.67, 184.018, 0.964118, 0.107995, 0.242516, 0.0864371, -0.991439, 0.0978677, 0.251009, -0.0733936, -0.965198, 0.00278018  
21, 20.2015, 1131.69, 184.044, 0.964447, 0.107734, 0.241319, 0.0874754, -0.9918, 0.0931753, 0.249378, -0.0687532, -0.965963, 0.00272942  
22, 20.1889, 1131.66, 184.069, 0.964196, 0.107615, 0.242372, 0.0863209, -0.991548, 0.0968548, 0.250747, -0.0724653, -0.965337, 0.00276299  
23, 20.2077, 1131.63, 184.07, 0.963907, 0.107713, 0.243476, 0.0859774, -0.991443, 0.0982309, 0.251973, -0.073752, -0.96492, 0.00331276  
24, 20.1941, 1131.65, 184.028, 0.963932, 0.108494, 0.243031, 0.0868391, -0.991376, 0.0981418, 0.251583, -0.0734975, -0.965041, 0.00275855  
25, 20.2517, 1131.65, 184.059, 0.96394, 0.108412, 0.243034, 0.0868817, -0.991421, 0.0976548, 0.251536, -0.0730182, -0.96509, 0.00280931  
26, 20.2856, 1131.66, 184.002, 0.964605, 0.108076, 0.240535, 0.0874058, -0.991629, 0.0950346, 0.248793, -0.0706466, -0.965977, 0.00267312  
27, 20.2685, 1131.63, 184.027, 0.965163, 0.107262, 0.238653, 0.0875758, -0.991933, 0.0916484, 0.246558, -0.0675555, -0.966771, 0.00292692  
28, 20.1651, 1131.69, 183.976, 0.964405, 0.108467, 0.241157, 0.0863665, -0.991189, 0.100429, 0.249926, -0.0760268, -0.965276, 0.0029075  
29, 20.2545, 1131.63, 184.041, 0.964202, 0.107719, 0.242305, 0.0865056, -0.991559, 0.0965763, 0.250663, -0.0721583, -0.965381, 0.00277852  
30, 20.228, 1131.65, 184.102, 0.964336, 0.107121, 0.242038, 0.0860274, -0.991644, 0.0961275, 0.250312, -0.0718773, -0.965493, 0.00283261  
31, 20.2027, 1131.67, 184.078, 0.964212, 0.108196, 0.242053, 0.0872026, -0.991568, 0.0958546, 0.250383, -0.0713164, -0.965516, 0.00265869  
32, 20.2412, 1131.65, 184.061, 0.964291, 0.107352, 0.242113, 0.0859851, -0.991545, 0.0971831, 0.250498, -0.0728947, -0.965369, 0.00277353  
33, 20.1559, 1131.72, 184.028, 0.964355, 0.10796, 0.241587, 0.0861168, -0.991329, 0.0992465, 0.250207, -0.0749042, -0.965291, 0.0031258  
34, 20.1991, 1131.64, 184.051, 0.963948, 0.108388, 0.243015, 0.0866708, -0.991368, 0.0983739, 0.25158, -0.0737651, -0.965021, 0.00276382  
35, 20.165, 1131.65, 183.943, 0.963968, 0.108121, 0.243053, 0.0851854, -0.991027, 0.103003, 0.252009, -0.0785873, -0.964529, 0.00277824  
36, 20.2322, 1131.64, 184.008, 0.964824, 0.107197, 0.240047, 0.0867591, -0.991768, 0.0941797, 0.248167, -0.0700406, -0.966182, 0.00265703  
37, 20.217, 1131.63, 184.047, 0.964584, 0.108255, 0.240538, 0.0879658, -0.991719, 0.0935755, 0.248676, -0.0691023, -0.966118, 0.00280459  
38, 20.1982, 1131.63, 184.068, 0.964279, 0.107976, 0.241883, 0.0866535, -0.99149, 0.0971499, 0.250315, -0.0727196, -0.96543, 0.00305673  
39, 20.1905, 1131.65, 184.041, 0.964157, 0.107928, 0.24239, 0.0865747, -0.991501, 0.0971125, 0.250811, -0.0726469, -0.965306, 0.002677  
40, 20.2347, 1131.65, 184.085, 0.964165, 0.10812, 0.242271, 0.0867346, -0.991469, 0.0972938, 0.250723, -0.0727941, -0.965318, 0.00288476  
41, 20.1937, 1131.68, 184.06, 0.963981, 0.108141, 0.242994, 0.0866923, -0.99147, 0.0973236, 0.251446, -0.0727523, -0.965133, 0.00275051  
42, 20.2055, 1131.65, 184.032, 0.963926, 0.108578, 0.243016, 0.0870138, -0.991394, 0.0978056, 0.251544, -0.0731317, -0.965079, 0.00273913  
43, 20.2038, 1131.64, 184.025, 0.96397, 0.108803, 0.242744, 0.0872578, -0.991369, 0.0978419, 0.251294, -0.0731354, -0.965144, 0.0031602  
44, 20.2599, 1131.64, 184.023, 0.963781, 0.108694, 0.243541, 0.0869955, -0.991359, 0.0981767, 0.252108, -0.0734338, -0.964909, 0.00276604  
45, 20.2051, 1131.64, 184.003, 0.963887, 0.108059, 0.243405, 0.0864883, -0.991455, 0.0976587, 0.251878, -0.0730803, -0.964996, 0.0028143  
46, 20.2396, 1131.65, 183.982, 0.963497, 0.108191, 0.244883, 0.0861062, -0.991336, 0.099193, 0.253493, -0.0744862, -0.964465, 0.00265869  
47, 20.2546, 1131.63, 184.056, 0.964341, 0.107873, 0.241683, 0.0866238, -0.991516, 0.0969141, 0.250087, -0.0725226, -0.965503, 0.00273442  
48, 20.208, 1131.67, 184.024, 0.964071, 0.108109, 0.242652, 0.0865114, -0.99142, 0.0979954, 0.251164, -0.0734824, -0.965151, 0.00296603  
49, 20.2155, 1131.67, 184.031, 0.964015, 0.108162, 0.24285, 0.0866103, -0.991434, 0.0977645, 0.251344, -0.0732132, -0.965125, 0.00315687  
50, 20.2286, 1131.63, 184, 0.964138, 0.108315, 0.242293, 0.0868792, -0.991436, 0.0975007, 0.250779, -0.072954, -0.965292, 0.00281541  
51, 20.1904, 1131.67, 184.013, 0.963951, 0.107785, 0.24327, 0.0860261, -0.991423, 0.0983912, 0.251789, -0.0739167, -0.964955, 0.00277602  
52, 20.2191, 1131.68, 184.01, 0.96413, 0.107803, 0.242551, 0.0865983, -0.991561, 0.0964793, 0.250905, -0.0720141, -0.965329, 0.00289835  
53, 20.24, 1131.65, 184.058, 0.963982, 0.108689, 0.242746, 0.0872396, -0.991409, 0.0974577, 0.251253, -0.0727704, -0.965182, 0.0027727  
54, 20.2077, 1131.68, 184.031, 0.964065, 0.108286, 0.242595, 0.0867823, -0.991428, 0.0976698, 0.251092, -0.0731071, -0.965199, 0.00283039  
55, 20.2564, 1131.71, 184.022, 0.963819, 0.108543, 0.243458, 0.0864957, -0.991269, 0.0995217, 0.252134, -0.0748628, -0.964792, 0.00269974  
56, 20.2941, 1131.63, 183.976, 0.963718, 0.108649, 0.24381, 0.0867515, -0.991313, 0.0988534, 0.252433, -0.0741158, -0.964772, 0.00273303  
57, 20.2644, 1131.64, 184.006, 0.964119, 0.107841, 0.242581, 0.0864097, -0.991492, 0.0973452, 0.251015, -0.072891, -0.965235, 0.00281208  
58, 20.2857, 1131.66, 184.019, 0.96395, 0.107229, 0.243522, 0.0854654, -0.991483, 0.0982709, 0.251986, -0.0739155, -0.964904, 0.00269919  
59, 20.2934, 1131.64, 183.972, 0.963765, 0.108823, 0.243546, 0.0870205, -0.991316, 0.0985867, 0.25216, -0.0738209, -0.964866, 0.00389026  
60, 20.2643, 1131.65, 184.025, 0.964188, 0.109068, 0.241754, 0.0877535, -0.991381, 0.0972752, 0.25028, -0.0725769, -0.965449, 0.00350193  
61, 20.2265, 1131.67, 184.001, 0.963881, 0.108399, 0.243275, 0.0871076, -0.991498, 0.0966636, 0.251684, -0.0719812, -0.965129, 0.00284398  
62, 20.2529, 1131.67, 184.015, 0.964311, 0.107886, 0.241794, 0.0863628, -0.991438, 0.0979421, 0.25029, -0.0735646, -0.965372, 0.00274135  
63, 20.2721, 1131.62, 184.021, 0.964463, 0.108036, 0.241122, 0.0867094, -0.991461, 0.0974018, 0.249586, -0.0730329, -0.965595, 0.00266812  
64, 20.2646, 1131.62, 184.022, 0.964081, 0.108026, 0.242648, 0.0863513, -0.991405, 0.0982802, 0.25118, -0.0737971, -0.965123, 0.00279211  
65, 20.2355, 1131.64, 183.978, 0.964144, 0.107837, 0.242482, 0.0865658, -0.991536, 0.0967594, 0.250864, -0.0722993, -0.965319, 0.00276049  
66, 20.2305, 1131.62, 184.037, 0.964504, 0.108307, 0.240835, 0.0872662, -0.991509, 0.0964076, 0.249232, -0.0719688, -0.965766, 0.00278018  
67, 20.1967, 1131.65, 183.984, 0.964175, 0.109303, 0.2417, 0.0872897, -0.99115, 0.100013, 0.250492, -0.0753319, -0.965183, 0.00331525  
68, 20.2258, 1131.64, 184.023, 0.964105, 0.108365, 0.242403, 0.0866445, -0.991351, 0.0985683, 0.250988, -0.0740272, -0.965155, 0.00278435  
69, 20.2506, 1131.64, 184.03, 0.964294, 0.108401, 0.241632, 0.0872913, -0.991503, 0.0964484, 0.250034, -0.0719123, -0.965563, 0.0027935  
70, 20.242, 1131.62, 183.991, 0.964072, 0.108222, 0.242595, 0.0863827, -0.991336, 0.0989518, 0.251202, -0.0744407, -0.965068, 0.00270918  
71, 20.1477, 1131.63, 184.047, 0.96435, 0.107367, 0.241869, 0.0859591, -0.991525, 0.0974162, 0.250278, -0.0731525, -0.965406, 0.00281791  
72, 20.1869, 1131.64, 184.055, 0.963996, 0.107513, 0.243211, 0.085623, -0.991409, 0.0988826, 0.251753, -0.074498, -0.96492, 0.00297241  
73, 20.1959, 1131.61, 184.014, 0.963867, 0.108259, 0.243395, 0.0863986, -0.99135, 0.0987922, 0.251985, -0.0741936, -0.964883, 0.00274191  
74, 20.1858, 1131.61, 184.018, 0.963883, 0.108408, 0.243265, 0.0863824, -0.991283, 0.0994802, 0.251929, -0.0748734, -0.964845, 0.00283261  
75, 20.1913, 1131.61, 183.997, 0.963865, 0.107406, 0.243781, 0.0850741, -0.991305, 0.100384, 0.252443, -0.0760174, -0.964621, 0.00271722  
76, 20.1856, 1131.61, 184.026, 0.963786, 0.10716, 0.244201, 0.0849361, -0.991374, 0.0998162, 0.252791, -0.0754599, -0.964574, 0.00285425  
77, 20.2258, 1131.65, 184.014, 0.965083, 0.107056, 0.239068, 0.0872497, -0.991931, 0.0919795, 0.246986, -0.0679092, -0.966637, 0.00280876  
78, 20.2167, 1131.6, 184.034, 0.963978, 0.108004, 0.243066, 0.0867785, -0.99155, 0.0964284, 0.251426, -0.071862, -0.965205, 0.00282734  
79, 20.2311, 1131.62, 183.993, 0.964318, 0.107986, 0.241723, 0.0865292, -0.991446, 0.0977161, 0.250207, -0.0733132, -0.965413, 0.00272388  
80, 20.2341, 1131.68, 183.896, 0.964844, 0.10783, 0.239685, 0.0869346, -0.991565, 0.0961334, 0.248029, -0.0719168, -0.966079, 0.00270918  
81, 20.2068, 1131.65, 184.057, 0.964153, 0.107893, 0.242423, 0.0864625, -0.991483, 0.0973967, 0.250867, -0.0729448, -0.965269, 0.00276077  
82, 20.1978, 1131.67, 184.025, 0.964546, 0.10797, 0.24082, 0.0875209, -0.99171, 0.0940825, 0.248981, -0.0696701, -0.965999, 0.00277214  
83, 20.162, 1131.69, 183.955, 0.963938, 0.108581, 0.242969, 0.0860412, -0.991102, 0.10156, 0.251834, -0.0769923, -0.964703, 0.00274662  
84, 20.1572, 1131.65, 184.012, 0.964161, 0.108721, 0.242018, 0.0862134, -0.991067, 0.101753, 0.250919, -0.0772406, -0.964922, 0.00286811  
85, 20.1674, 1131.69, 184.028, 0.96447, 0.107753, 0.241219, 0.0868329, -0.991609, 0.095769, 0.249514, -0.0714206, -0.965734, 0.00264482  
86, 20.2122, 1131.64, 184.045, 0.964011, 0.10782, 0.243017, 0.0864927, -0.991537, 0.0968168, 0.251399, -0.0723132, -0.965178, 0.00284787  
87, 20.2443, 1131.61, 184.001, 0.963957, 0.107762, 0.24326, 0.0863313, -0.99152, 0.0971327, 0.251664, -0.0726308, -0.965086, 0.00280737  
88, 20.2134, 1131.64, 184.012, 0.963899, 0.10841, 0.243201, 0.0866027, -0.991345, 0.098665, 0.251792, -0.0740412, -0.964945, 0.0027408  
89, 20.2174, 1131.65, 183.993, 0.964113, 0.108628, 0.242251, 0.0869983, -0.991347, 0.0982945, 0.250833, -0.0736916, -0.965222, 0.00280293  
90, 20.2624, 1131.64, 183.988, 0.964007, 0.108691, 0.242646, 0.0867778, -0.99127, 0.0992693, 0.251317, -0.07464, -0.965023, 0.00267755  
91, 20.2764, 1131.66, 184.005, 0.964073, 0.108436, 0.242497, 0.0870278, -0.991438, 0.0973477, 0.250977, -0.0727462, -0.965256, 0.00272665  
92, 20.1982, 1131.65, 184.031, 0.963809, 0.108476, 0.243527, 0.0866093, -0.991331, 0.0988001, 0.252134, -0.0741327, -0.964849, 0.00315909  
93, 20.2426, 1131.66, 184.035, 0.963957, 0.108654, 0.242862, 0.0872365, -0.991425, 0.0972966, 0.251351, -0.0726033, -0.965169, 0.00274662  
94, 20.204, 1131.69, 184.06, 0.964319, 0.107433, 0.241965, 0.0865562, -0.991674, 0.0953458, 0.250194, -0.0710001, -0.965589, 0.00278462  
95, 20.1888, 1131.68, 184.076, 0.964171, 0.108065, 0.242271, 0.0868598, -0.991527, 0.0965934, 0.250657, -0.072089, -0.965388, 0.00266091  
96, 20.2504, 1131.69, 184.025, 0.963664, 0.108221, 0.244213, 0.0863442, -0.991373, 0.0986067, 0.252777, -0.0739374, -0.964695, 0.00275494  
97, 20.2807, 1131.67, 184.01, 0.96399, 0.108036, 0.243004, 0.0866008, -0.991485, 0.097256, 0.251442, -0.0727096, -0.965138, 0.00288781  
98, 20.1798, 1131.7, 184.052, 0.964139, 0.10831, 0.24229, 0.0871121, -0.991505, 0.0965866, 0.250694, -0.0720164, -0.965384, 0.00267561  
99, 20.2276, 1131.69, 184.015, 0.964111, 0.108211, 0.242448, 0.0867168, -0.991434, 0.0976698, 0.25094, -0.0731401, -0.965235, 0.00278684  
100, 20.2339, 1131.67, 184.037, 0.96406, 0.108652, 0.242451, 0.0869654, -0.991334, 0.0984571, 0.251048, -0.0738337, -0.965155, 0.00270557  
101, 20.2459, 1131.67, 184.057, 0.963979, 0.107344, 0.243354, 0.0858844, -0.991555, 0.0971712, 0.25173, -0.0727707, -0.965058, 0.00280459  
102, 20.2195, 1131.67, 184.029, 0.964004, 0.107456, 0.243208, 0.0852218, -0.991312, 0.100193, 0.251862, -0.0758601, -0.964785, 0.00312109  
103, 20.1795, 1131.72, 184.055, 0.964058, 0.107968, 0.242767, 0.0865784, -0.991497, 0.0971437, 0.251191, -0.0726338, -0.965208, 0.00272998  
104, 20.213, 1131.66, 184.031, 0.964076, 0.10838, 0.242509, 0.0865968, -0.991334, 0.0987776, 0.251113, -0.0742287, -0.965108, 0.00278851  
105, 20.2213, 1131.63, 184.048, 0.964044, 0.108328, 0.242662, 0.0863406, -0.991284, 0.0995102, 0.251327, -0.0749806, -0.964994, 0.002796  
106, 20.1982, 1131.67, 184.034, 0.964011, 0.107892, 0.242987, 0.0862841, -0.991448, 0.0979068, 0.251472, -0.0734173, -0.965076, 0.0027616  
107, 20.1891, 1131.63, 184.034, 0.964064, 0.10814, 0.242666, 0.0868202, -0.991498, 0.0969235, 0.251084, -0.0723722, -0.965256, 0.00301013  
108, 20.1902, 1131.65, 184.049, 0.963655, 0.108151, 0.244281, 0.0860533, -0.991318, 0.0994191, 0.252912, -0.0747845, -0.964595, 0.00268504  
109, 20.2348, 1131.66, 184.011, 0.964013, 0.10758, 0.243117, 0.0858307, -0.991441, 0.0983762, 0.251619, -0.073969, -0.964996, 0.00278129  
110, 20.2303, 1131.64, 184.065, 0.964317, 0.107884, 0.24177, 0.0865089, -0.991481, 0.0973779, 0.250216, -0.0729879, -0.965435, 0.00265176  
111, 20.2469, 1131.65, 184.051, 0.964288, 0.108088, 0.241795, 0.0871772, -0.991595, 0.0956017, 0.250096, -0.0711086, -0.965606, 0.00275827  
112, 20.1484, 1131.67, 183.989, 0.964385, 0.107835, 0.241521, 0.0857003, -0.991251, 0.10038, 0.250232, -0.0761067, -0.96519, 0.0031283  
113, 20.1937, 1131.69, 184.008, 0.964589, 0.107899, 0.240677, 0.0865664, -0.991459, 0.0975427, 0.249147, -0.073254, -0.965691, 0.00271084  
114, 20.2621, 1131.71, 183.98, 0.965061, 0.107291, 0.239053, 0.0878788, -0.992015, 0.0904654, 0.24685, -0.0662968, -0.966783, 0.00282401  
115, 20.2338, 1131.73, 184.029, 0.96507, 0.106544, 0.23935, 0.0867866, -0.992002, 0.0916515, 0.2472, -0.0676778, -0.966598, 0.00266563  
116, 20.1894, 1131.75, 184.058, 0.963835, 0.107225, 0.243976, 0.0857887, -0.991592, 0.0968821, 0.252313, -0.0724481, -0.96493, 0.00276021  
117, 20.2303, 1131.81, 183.992, 0.964504, 0.10801, 0.240969, 0.088607, -0.991994, 0.0899834, 0.248759, -0.0654378, -0.966352, 0.00292026  
118, 20.2454, 1131.85, 184.041, 0.964902, 0.107591, 0.239557, 0.0891131, -0.99224, 0.0867046, 0.247027, -0.0623138, -0.967003, 0.00272471  
119, 20.1759, 1131.94, 184.097, 0.964695, 0.107629, 0.240374, 0.0898038, -0.992415, 0.0839512, 0.247586, -0.0594009, -0.967043, 0.00284121  
120, 20.2367, 1131.94, 184.01, 0.964904, 0.107023, 0.239803, 0.0885236, -0.992297, 0.0866621, 0.247231, -0.0623924, -0.966946, 0.00266036  
121, 20.2171, 1132, 184.013, 0.964721, 0.10793, 0.240136, 0.0904879, -0.992471, 0.0825423, 0.247237, -0.0579009, -0.967224, 0.00273719  
122, 20.2221, 1132.04, 184.01, 0.964336, 0.108039, 0.241629, 0.0904297, -0.992451, 0.0828484, 0.248755, -0.0580432, -0.966826, 0.00296409  
123, 20.2224, 1132.11, 184.043, 0.964312, 0.107704, 0.241874, 0.0909332, -0.992679, 0.0794957, 0.248665, -0.0546642, -0.967046, 0.00272942  
124, 20.1957, 1132.2, 184.094, 0.964578, 0.107264, 0.241006, 0.0917499, -0.992974, 0.0747305, 0.247328, -0.0499711, -0.967642, 0.002796  
125, 20.2169, 1132.24, 184.086, 0.96498, 0.106716, 0.239635, 0.0917153, -0.993111, 0.0729321, 0.245767, -0.0483998, -0.96812, 0.00264177  
126, 20.1908, 1132.31, 184.084, 0.96474, 0.106869, 0.240534, 0.0925421, -0.993236, 0.0701248, 0.246401, -0.0453927, -0.968104, 0.0027677  
127, 20.1843, 1132.4, 184.07, 0.964601, 0.106704, 0.241163, 0.0929771, -0.993369, 0.0676328, 0.246781, -0.0428159, -0.968125, 0.00297269  
128, 20.1736, 1132.48, 184.071, 0.964845, 0.106691, 0.240191, 0.0941442, -0.993554, 0.0631523, 0.24538, -0.0383196, -0.968669, 0.00267423  
129, 20.1364, 1132.54, 184.124, 0.965179, 0.105941, 0.239178, 0.0941821, -0.993739, 0.0601031, 0.244048, -0.035484, -0.969114, 0.0028229  
130, 20.1443, 1132.59, 184.147, 0.965061, 0.106086, 0.239591, 0.0952739, -0.993858, 0.0563023, 0.244092, -0.0315083, -0.96924, 0.00265204  
131, 20.1061, 1132.7, 184.057, 0.965572, 0.10743, 0.236915, 0.0972495, -0.993779, 0.0542827, 0.241273, -0.029374, -0.970013, 0.00276909  
132, 20.1423, 1132.65, 184.134, 0.96534, 0.10635, 0.238346, 0.0972872, -0.994024, 0.0495063, 0.242186, -0.0246025, -0.969918, 0.0033097  
133, 20.1397, 1132.72, 184.155, 0.965358, 0.106085, 0.23839, 0.0980409, -0.994147, 0.0453876, 0.241809, -0.0204434, -0.970108, 0.00270751  
134, 20.1485, 1132.77, 184.167, 0.965357, 0.10545, 0.238678, 0.0982999, -0.994283, 0.0416991, 0.24171, -0.0167926, -0.970203, 0.00281375  
135, 20.0987, 1132.83, 184.138, 0.965305, 0.106457, 0.23844, 0.0994427, -0.994186, 0.0412932, 0.24145, -0.0161494, -0.970279, 0.00265786  
136, 20.0817, 1132.92, 184.117, 0.965537, 0.105218, 0.23805, 0.0993513, -0.994381, 0.0365456, 0.240558, -0.0116355, -0.970565, 0.00280127  
137, 20.0512, 1132.97, 184.119, 0.965617, 0.105336, 0.237673, 0.100374, -0.994405, 0.0329187, 0.239811, -0.00793075, -0.970787, 0.00282595  
138, 20.0975, 1133.03, 184.115, 0.966145, 0.104924, 0.235703, 0.101311, -0.994477, 0.0274181, 0.237278, -0.0026105, -0.971438, 0.00270779  
139, 20.0958, 1133.13, 184.107, 0.96585, 0.1049, 0.236915, 0.102604, -0.994478, 0.0220349, 0.237919, 0.00302612, -0.97128, 0.0028057  
140, 20.1379, 1133.1, 184.055, 0.965592, 0.104826, 0.237998, 0.103069, -0.994476, 0.0198499, 0.238764, 0.00536336, -0.971063, 0.00286479  
141, 20.1427, 1133.11, 184.13, 0.966202, 0.103981, 0.235887, 0.103799, -0.99451, 0.013227, 0.235967, 0.0117048, -0.971691, 0.00275272  
142, 20.1262, 1133.14, 184.092, 0.965907, 0.103697, 0.237214, 0.104365, -0.994491, 0.00977219, 0.23692, 0.0153179, -0.971408, 0.00299072  
143, 20.1541, 1133.23, 184.069, 0.96642, 0.103972, 0.234996, 0.10653, -0.994308, 0.00181986, 0.233847, 0.0232753, -0.971995, 0.00268588  
144, 20.2321, 1133.15, 184.094, 0.965957, 0.103595, 0.237054, 0.106756, -0.994285, -0.000498775, 0.235648, 0.0257888, -0.971496, 0.00280321  
145, 20.2679, 1133.28, 184.065, 0.966467, 0.104077, 0.234754, 0.109427, -0.993946, -0.00984247, 0.232308, 0.0352008, -0.972005, 0.00277297  
146, 20.2919, 1133.22, 184.066, 0.966718, 0.103539, 0.233959, 0.109612, -0.993888, -0.0130704, 0.231176, 0.0382802, -0.972159, 0.00290833  
147, 20.2639, 1133.17, 184.075, 0.96679, 0.103142, 0.233834, 0.110387, -0.993724, -0.0180729, 0.230502, 0.0432848, -0.972109, 0.00346171  
148, 20.2236, 1133.08, 184.094, 0.966304, 0.101802, 0.236419, 0.11023, -0.993647, -0.0226726, 0.232609, 0.0479691, -0.971387, 0.00280321  
149, 20.1889, 1133.04, 184.062, 0.966397, 0.102224, 0.235853, 0.111418, -0.993435, -0.0259511, 0.231652, 0.0513573, -0.971442, 0.0028487  
150, 20.221, 1133, 184.068, 0.966052, 0.103238, 0.236825, 0.112888, -0.993227, -0.0275159, 0.23238, 0.0533163, -0.971163, 0.00272637  
151, 20.2115, 1133.01, 184.107, 0.966071, 0.102693, 0.236983, 0.114591, -0.992725, -0.0369546, 0.231464, 0.0628569, -0.970811, 0.00280848  
152, 20.1831, 1132.76, 184.13, 0.966744, 0.102899, 0.234132, 0.115994, -0.992326, -0.0428283, 0.227928, 0.0685619, -0.971261, 0.00303898  
153, 20.169, 1132.69, 184.087, 0.966336, 0.103014, 0.235759, 0.116554, -0.992201, -0.044195, 0.229368, 0.0701858, -0.970806, 0.00278046  
154, 20.1714, 1132.67, 184.111, 0.9664, 0.103587, 0.235246, 0.118949, -0.991536, -0.0520387, 0.227864, 0.0782725, -0.970542, 0.00279877  
155, 20.1874, 1132.56, 184.129, 0.96622, 0.102199, 0.236588, 0.119213, -0.991131, -0.0587237, 0.228488, 0.0849444, -0.969834, 0.00279877  
156, 20.1436, 1132.36, 184.147, 0.966007, 0.103979, 0.236684, 0.122261, -0.99044, -0.0638858, 0.227779, 0.0906515, -0.969484, 0.00275272  
157, 20.1389, 1132.05, 184.125, 0.965292, 0.10515, 0.239071, 0.12321, -0.990451, -0.0618528, 0.230285, 0.0891619, -0.96903, 0.00290417  
158, 20.0681, 1131.76, 184.138, 0.965337, 0.104253, 0.239283, 0.123576, -0.990058, -0.067184, 0.2299, 0.0944247, -0.968623, 0.00271611  
159, 20.0448, 1131.41, 184.135, 0.965506, 0.103731, 0.238827, 0.124072, -0.989677, -0.0717323, 0.228921, 0.0988897, -0.968409, 0.00279128  
160, 20.041, 1131.03, 184.105, 0.965711, 0.102765, 0.238414, 0.124191, -0.989295, -0.0766238, 0.227988, 0.103605, -0.968136, 0.00274302  
161, 20.0408, 1130.55, 184.094, 0.965643, 0.103941, 0.238178, 0.125227, -0.989212, -0.076015, 0.227708, 0.10323, -0.968242, 0.00299072  
162, 19.9961, 1130.07, 184.084, 0.965592, 0.104444, 0.238166, 0.125994, -0.989031, -0.0770879, 0.227502, 0.104443, -0.96816, 0.00287505  
163, 19.987, 1129.51, 184.028, 0.965805, 0.103463, 0.23773, 0.125508, -0.988901, -0.0795084, 0.226865, 0.106627, -0.968072, 0.00275051  
164, 19.9317, 1129, 183.992, 0.966073, 0.102108, 0.237226, 0.124574, -0.988842, -0.0816891, 0.226238, 0.10847, -0.968014, 0.00280681  
165, 19.9202, 1128.4, 183.972, 0.966048, 0.10326, 0.236832, 0.126428, -0.988346, -0.0847824, 0.225318, 0.111846, -0.967844, 0.00278296  
166, 20.0163, 1127.81, 183.927, 0.966867, 0.103321, 0.233438, 0.12689, -0.987981, -0.0882746, 0.221512, 0.114971, -0.968356, 0.00285452  
167, 20.0565, 1127, 183.975, 0.966277, 0.10258, 0.236193, 0.126576, -0.987979, -0.0887438, 0.22425, 0.115647, -0.967645, 0.00296548  
168, 20.1092, 1126.37, 183.938, 0.966502, 0.104444, 0.234446, 0.128979, -0.987385, -0.0918433, 0.221896, 0.119005, -0.967781, 0.00274052  
169, 20.1464, 1125.52, 183.958, 0.965953, 0.103224, 0.237235, 0.128229, -0.987424, -0.092473, 0.224706, 0.119745, -0.967041, 0.00280154  
170, 20.271, 1124.67, 183.975, 0.967023, 0.103025, 0.23292, 0.128973, -0.986691, -0.099032, 0.219617, 0.125807, -0.96744, 0.00277658  
171, 20.3878, 1123.65, 183.855, 0.966141, 0.101622, 0.237161, 0.125982, -0.987951, -0.0898922, 0.225168, 0.116726, -0.967303, 0.00283705  
172, 20.4529, 1122.79, 183.849, 0.966993, 0.104143, 0.232549, 0.12949, -0.986874, -0.0964966, 0.219447, 0.123424, -0.967786, 0.00287394  
173, 20.5318, 1121.82, 183.894, 0.966589, 0.103637, 0.234448, 0.128953, -0.987058, -0.0953265, 0.221535, 0.122374, -0.967443, 0.00268421  
174, 20.6578, 1120.79, 183.911, 0.967306, 0.103715, 0.231437, 0.130298, -0.986145, -0.102664, 0.217582, 0.129463, -0.967418, 0.0028193  
175, 20.7613, 1119.47, 183.901, 0.96735, 0.102726, 0.231694, 0.129069, -0.986425, -0.101526, 0.218119, 0.128115, -0.967476, 0.00270918  
176, 20.791, 1118.29, 183.906, 0.967874, 0.102443, 0.229621, 0.129447, -0.985929, -0.10577, 0.215555, 0.132096, -0.967516, 0.0028426  
177, 20.8715, 1117.14, 183.835, 0.96785, 0.101575, 0.230105, 0.129319, -0.98561, -0.108855, 0.215736, 0.135113, -0.967059, 0.00293441  
178, 20.9006, 1115.77, 183.806, 0.967761, 0.102505, 0.230068, 0.128911, -0.986313, -0.102807, 0.216381, 0.129151, -0.967729, 0.00267728  
179, 21.0667, 1114.42, 183.804, 0.967677, 0.100542, 0.231286, 0.127218, -0.986466, -0.103442, 0.217756, 0.129522, -0.967371, 0.00284925  
180, 21.0343, 1113.07, 183.862, 0.968205, 0.101808, 0.228504, 0.128071, -0.986383, -0.10318, 0.214888, 0.129164, -0.96806, 0.00265093  
181, 21.1727, 1111.65, 183.736, 0.96808, 0.102002, 0.228949, 0.128451, -0.986276, -0.10373, 0.215226, 0.129828, -0.967896, 0.00277575  
182, 21.2825, 1110.01, 183.693, 0.968575, 0.103447, 0.226187, 0.128562, -0.986723, -0.0992457, 0.212917, 0.125206, -0.969015, 0.00299294  
183, 21.4496, 1108.57, 183.758, 0.967915, 0.107087, 0.227318, 0.131583, -0.986699, -0.0954556, 0.214073, 0.122304, -0.969131, 0.00270834  
184, 21.5495, 1106.88, 183.826, 0.968474, 0.105808, 0.225527, 0.130263, -0.986779, -0.0964302, 0.212342, 0.122768, -0.969453, 0.00286645  
185, 21.7633, 1105.21, 183.826, 0.969019, 0.105166, 0.223479, 0.129497, -0.986811, -0.0971313, 0.210316, 0.123062, -0.969857, 0.00269642  
186, 21.9101, 1103.37, 183.822, 0.969579, 0.105405, 0.220922, 0.129585, -0.986719, -0.0979416, 0.207665, 0.12359, -0.970361, 0.00274357  
187, 22.1082, 1101.64, 183.859, 0.969717, 0.102203, 0.22182, 0.126436, -0.987131, -0.0979122, 0.208959, 0.122993, -0.970159, 0.0030007  
188, 22.2388, 1099.85, 183.912, 0.970481, 0.103309, 0.217931, 0.127608, -0.986719, -0.100511, 0.204653, 0.125354, -0.970775, 0.00268116  
189, 22.4951, 1097.66, 184.014, 0.970924, 0.100712, 0.217174, 0.125414, -0.986732, -0.103106, 0.203908, 0.127345, -0.970672, 0.00283039  
190, 22.5916, 1095.84, 184.038, 0.971073, 0.100556, 0.216579, 0.124493, -0.987184, -0.0998489, 0.203763, 0.123923, -0.971146, 0.00262763  
191, 22.7392, 1093.81, 184.112, 0.971576, 0.101996, 0.213627, 0.125351, -0.987184, -0.0987646, 0.200816, 0.122736, -0.97191, 0.00274607  
192, 22.9395, 1091.79, 184.154, 0.971678, 0.100034, 0.214093, 0.12244, -0.988009, -0.0940613, 0.202117, 0.117611, -0.972274, 0.00289447  
193, 23.2033, 1089.5, 183.917, 0.972615, 0.0994712, 0.210062, 0.120616, -0.98858, -0.090345, 0.198676, 0.113208, -0.973505, 0.00278712  
194, 23.4417, 1087.59, 183.991, 0.972532, 0.104283, 0.208101, 0.124845, -0.988246, -0.0882211, 0.196455, 0.111778, -0.974121, 0.00279239  
195, 23.6832, 1085.28, 184.069, 0.973153, 0.102759, 0.205945, 0.12318, -0.988395, -0.0888889, 0.194421, 0.111871, -0.974518, 0.00265841  
196, 23.993, 1082.95, 183.991, 0.973122, 0.102129, 0.206408, 0.120537, -0.989589, -0.0786403, 0.196227, 0.101406, -0.975301, 0.00277075  
197, 24.1112, 1080.85, 184.103, 0.9731, 0.104326, 0.20541, 0.122992, -0.989156, -0.0802689, 0.194809, 0.103373, -0.975379, 0.00304869  
198, 24.4299, 1078.36, 183.976, 0.973983, 0.10459, 0.201043, 0.12221, -0.98949, -0.0772961, 0.190846, 0.0998546, -0.976528, 0.0027064  
199, 24.6767, 1076.05, 184.02, 0.973893, 0.104865, 0.201335, 0.121041, -0.990193, -0.0697588, 0.192045, 0.0923074, -0.977035, 0.0028057  
200, 24.9219, 1073.74, 184.054, 0.974343, 0.103158, 0.200034, 0.119025, -0.990494, -0.0689581, 0.191019, 0.0909978, -0.977359, 0.00265204  
201, 24.9983, 1071.31, 184.107, 0.974742, 0.102881, 0.198226, 0.116974, -0.991277, -0.0607211, 0.190249, 0.0823747, -0.978274, 0.00281097  
202, 25.1497, 1068.94, 184.145, 0.974168, 0.102618, 0.201163, 0.115743, -0.991779, -0.0545755, 0.193909, 0.0764489, -0.978036, 0.00294717  
203, 25.2586, 1066.48, 184.146, 0.975292, 0.102622, 0.19564, 0.115268, -0.991846, -0.0543609, 0.188466, 0.0755689, -0.979168, 0.00267145  
204, 25.2646, 1063.99, 184.153, 0.974932, 0.1057, 0.195794, 0.116806, -0.992087, -0.0460412, 0.189378, 0.067757, -0.979564, 0.00273775  
205, 25.2513, 1061.44, 184.104, 0.974556, 0.10234, 0.199419, 0.112879, -0.992713, -0.0421822, 0.193649, 0.0636191, -0.979006, 0.00265814  
206, 25.3164, 1059.05, 183.98, 0.973853, 0.104873, 0.201523, 0.114284, -0.99281, -0.0356111, 0.196339, 0.0577108, -0.978836, 0.00277186  
207, 25.2579, 1056.45, 183.921, 0.973394, 0.0990111, 0.20664, 0.108208, -0.993558, -0.0336604, 0.201976, 0.0551249, -0.977838, 0.00309362  
208, 25.0589, 1053.83, 183.94, 0.973356, 0.101595, 0.205564, 0.108993, -0.993729, -0.0249589, 0.20174, 0.0466989, -0.978325, 0.00269891  
209, 24.9048, 1051.12, 183.947, 0.973164, 0.103003, 0.205774, 0.109906, -0.99369, -0.0223747, 0.202171, 0.0443902, -0.978344, 0.00274912  
210, 24.6077, 1048.6, 184.002, 0.973325, 0.10585, 0.203556, 0.112774, -0.993362, -0.0226867, 0.199803, 0.0450373, -0.978801, 0.00265703  
211, 24.4486, 1045.58, 184.023, 0.972412, 0.104155, 0.208725, 0.108072, -0.994115, -0.00742011, 0.206724, 0.0297728, -0.977946, 0.00281541  
212, 24.1254, 1043.09, 183.989, 0.972597, 0.105375, 0.207248, 0.109534, -0.993945, -0.00866578, 0.20508, 0.031129, -0.97825, 0.00334909  
213, 23.8088, 1040.46, 184.074, 0.970903, 0.104631, 0.215406, 0.10748, -0.994206, -0.00152452, 0.213998, 0.0246321, -0.976523, 0.00276826  
214, 23.4701, 1037.61, 184.085, 0.97005, 0.107283, 0.217932, 0.108719, -0.994058, 0.00542685, 0.217219, 0.018429, -0.975949, 0.00276132  
215, 22.9883, 1034.98, 184.104, 0.969943, 0.107276, 0.21841, 0.108717, -0.994058, 0.00544668, 0.217696, 0.0184619, -0.975842, 0.00264926  
216, 22.193, 1035.57, 180.86, 0.174691, 0.715303, 0.676627, -0.745763, -0.352575, 0.565269, 0.6429, -0.603351, 0.471855, 0.00275661  
217, 21.7859, 1032.76, 180.785, 0.171135, 0.708649, 0.684492, -0.743416, -0.363044, 0.561723, 0.646565, -0.604992, 0.464691, 0.00336934  
218, 21.8286, 1029.85, 180.46, 0.188157, 0.70537, 0.683411, -0.745717, -0.350224, 0.566789, 0.639143, -0.616276, 0.460109, 0.00271528  
219, 21.5311, 1027.08, 180.399, 0.188761, 0.701752, 0.68696, -0.74385, -0.354534, 0.566562, 0.641137, -0.61794, 0.455076, 0.00280293  
220, 20.6499, 1024.76, 180.391, 0.170743, 0.698245, 0.695198, -0.737235, -0.377569, 0.560291, 0.653706, -0.60819, 0.450304, 0.00263817  
221, 19.9728, 1021.77, 180.379, 0.172486, 0.698455, 0.694557, -0.73733, -0.376002, 0.56122, 0.653142, -0.60892, 0.450137, 0.0027763  
222, 19.306, 1018.91, 180.483, 0.176768, 0.701132, 0.690773, -0.736911, -0.370968, 0.565106, 0.652468, -0.608931, 0.451097, 0.00313523  
223, 18.8883, 1016.01, 180.543, 0.181296, 0.691765, 0.698994, -0.730029, -0.381574, 0.566974, 0.658931, -0.613076, 0.435831, 0.00270696  
224, 18.4903, 1013.64, 180.207, 0.18257, 0.687119, 0.703232, -0.726511, -0.387643, 0.567375, 0.662457, -0.614492, 0.428428, 0.00281153  
225, 17.808, 1010.89, 180.221, 0.174007, 0.684072, 0.708355, -0.72324, -0.399408, 0.56338, 0.668316, -0.610343, 0.425248, 0.00266785  
226, 13.666, 1015.23, 174.722, -0.178427, 0.659297, -0.730405, 0.728755, -0.410217, -0.548305, -0.66112, -0.630118, -0.407273, 0.00289585  
227, 12.9923, 1012.49, 174.586, -0.174434, 0.657867, -0.732655, 0.725476, -0.417227, -0.547363, -0.665775, -0.627003, -0.404488, 0.00304092  
228, 12.5102, 1009.79, 174.423, -0.17722, 0.65327, -0.736092, 0.725333, -0.418826, -0.546331, -0.665195, -0.630733, -0.399614, 0.00270169  
229, 11.8876, 1007.02, 174.486, -0.174944, 0.65142, -0.738273, 0.723549, -0.423475, -0.545111, -0.667736, -0.629541, -0.397249, 0.00289141  
230, 11.0083, 1001.5, 174.435, -0.178844, 0.649597, -0.738944, 0.722608, -0.422988, -0.546734, -0.667721, -0.631748, -0.393755, 0.00270723  
231, 10.23, 996.158, 174.5, -0.181186, 0.646064, -0.741467, 0.721298, -0.4252, -0.546748, -0.668506, -0.633882, -0.388965, 0.00273386  
232, 9.90334, 993.568, 174.456, -0.181066, 0.645673, -0.741837, 0.722872, -0.424077, -0.545541, -0.666837, -0.635032, -0.389952, 0.00283039  
233, 9.56005, 990.963, 174.596, -0.184326, 0.646624, -0.740203, 0.725663, -0.418406, -0.546214, -0.662901, -0.637819, -0.392108, 0.0027616  
234, -4.16975, 978.736, 184.903, -0.983833, -0.10661, -0.143896, -0.110421, 0.993708, 0.0187455, 0.140992, 0.0343316, -0.989415, 0.00277963  
235, -4.90867, 976.102, 185.389, -0.984135, -0.106759, -0.141707, -0.110613, 0.993671, 0.0195827, 0.138719, 0.0349467, -0.989715, 0.00310278  
236, -4.70947, 973.658, 185.108, -0.984249, -0.107157, -0.140609, -0.111722, 0.993426, 0.0249551, 0.137011, 0.0402712, -0.989751, 0.00271666  
237, -4.66426, 971.479, 184.888, -0.984087, -0.108721, -0.140545, -0.113537, 0.993175, 0.0266892, 0.136684, 0.0422215, -0.989715, 0.00301984  
238, -4.60187, 969.104, 184.83, -0.983612, -0.110969, -0.1421, -0.115946, 0.992883, 0.0272062, 0.138069, 0.0432362, -0.989478, 0.00266202  
239, -4.62396, 966.704, 184.871, -0.984085, -0.108873, -0.14044, -0.113207, 0.9933, 0.0232248, 0.13697, 0.0387539, -0.989817, 0.00275799  
240, 1.43428, 965.945, 180.694, -0.920657, 0.0174426, -0.389983, 0.031538, -0.992412, -0.118841, -0.389097, -0.121711, 0.913121, 0.00289668  
241, 1.33957, 963.483, 181.23, -0.920917, 0.0208566, -0.3892, 0.0383848, -0.98886, -0.143817, -0.387863, -0.147383, 0.909857, 0.00273996  
242, 1.43733, 961.114, 181.223, -0.922815, 0.022087, -0.384609, 0.0371447, -0.988602, -0.145896, -0.383447, -0.148922, 0.911477, 0.00286063  
243, 1.17365, 959.014, 181.304, -0.922591, 0.0207249, -0.385222, 0.0375103, -0.989005, -0.143044, -0.383951, -0.146421, 0.91167, 0.00279516  
244, 10.7828, 956.929, 182.129, 0.992677, -0.025581, 0.118061, 0.038681, 0.993174, -0.11004, -0.11444, 0.1138, 0.986891, 0.00285286  
245, 10.9329, 954.688, 182.318, 0.992417, -0.0262994, 0.120069, 0.0399822, 0.992789, -0.113013, -0.116231, 0.116957, 0.986312, 0.00291998  
246, 11.2189, 952.221, 182.484, 0.990952, -0.028486, 0.131158, 0.0445621, 0.991613, -0.121318, -0.126602, 0.126065, 0.98391, 0.00283871  
247, 11.1984, 949.996, 182.582, 0.990308, -0.030284, 0.135543, 0.0461295, 0.992255, -0.115336, -0.131001, 0.120471, 0.984035, 0.00291527  
248, 11.6347, 947.983, 182.353, 0.991846, -0.0255696, 0.124852, 0.040778, 0.991836, -0.12082, -0.120743, 0.124926, 0.984792, 0.00273192  
249, 11.7696, 946.071, 182.614, 0.991296, -0.0284592, 0.128537, 0.0447476, 0.991062, -0.12567, -0.123812, 0.130328, 0.98371, 0.00286479  
250, 11.2337, 944.188, 182.85, 0.989862, -0.0367381, 0.137199, 0.0537836, 0.990988, -0.122678, -0.131455, 0.128813, 0.982917, 0.00293774  
251, 11.6369, 942.144, 182.947, 0.989594, -0.0366425, 0.139144, 0.0529037, 0.991952, -0.115029, -0.133809, 0.121193, 0.983569, 0.0027408  
252, 12.3813, 939.991, 182.868, 0.989605, -0.0338065, 0.139779, 0.0499165, 0.992294, -0.113405, -0.134868, 0.119203, 0.983667, 0.00279461  
253, 12.9006, 938.046, 182.691, 0.989139, -0.0298273, 0.143925, 0.0443087, 0.994152, -0.0984859, -0.140146, 0.103793, 0.984676, 0.00270446  
254, 13.4854, 936.039, 182.718, 0.988532, -0.0302965, 0.147944, 0.0460739, 0.993466, -0.104411, -0.143814, 0.11003, 0.983469, 0.00283511  
255, 5.72505, 933.045, 182.453, -0.965898, 0.0316958, -0.256976, -0.0231749, -0.999079, -0.0361204, -0.257884, -0.0289332, 0.965743, 0.00284537  
256, 6.2349, 931.403, 182.555, -0.966179, 0.0219825, -0.256934, -0.0130046, -0.999246, -0.0365897, -0.257545, -0.0320108, 0.965736, 0.00283122  
257, 8.39268, 927.725, 182.321, -0.966138, 0.04897, -0.253338, -0.035758, -0.997762, -0.0564987, -0.255538, -0.0455267, 0.965727, 0.00288198  
258, 9.04915, 926.174, 182.43, -0.966634, 0.0449366, -0.252187, -0.0313677, -0.997848, -0.0575716, -0.254232, -0.0477401, 0.965964, 0.0027236  
259, 9.83674, 924.517, 181.633, -0.961528, 0.0377341, -0.272104, -0.0232674, -0.998148, -0.0561988, -0.273721, -0.0477055, 0.960625, 0.00278795  
260, 10.6857, 922.579, 181.725, -0.961605, 0.0341423, -0.272304, -0.0198611, -0.998287, -0.0550314, -0.273716, -0.0475102, 0.960636, 0.00291666  
261, 5.8891, 921.339, 184.087, -0.982275, -0.0666199, -0.17521, -0.0703611, 0.997405, 0.0152213, 0.173741, 0.0272795, -0.984413, 0.00270446  
262, 4.28034, 919.46, 185.534, -0.979137, -0.0941465, -0.180074, -0.102418, 0.994046, 0.0371784, 0.175502, 0.0548455, -0.98295, 0.00279128  
263, 4.52776, 917.556, 185.608, -0.978662, -0.0973811, -0.180938, -0.105106, 0.993894, 0.0335842, 0.176563, 0.0518853, -0.982921, 0.00271999  
264, 5.0947, 915.633, 185.461, -0.979287, -0.0959586, -0.178292, -0.103597, 0.994038, 0.0340139, 0.173965, 0.0517799, -0.983389, 0.00274884  
265, 5.60736, 913.9, 185.382, -0.978139, -0.0928462, -0.186075, -0.0986413, 0.994877, 0.0221109, 0.183069, 0.0399822, -0.982287, 0.00295549  
266, 5.97382, 912.007, 185.3, -0.977665, -0.0897158, -0.190058, -0.0940185, 0.995476, 0.0137257, 0.187967, 0.0312881, -0.981677, 0.00268338  
267, 5.90412, 910.194, 185.625, -0.976176, -0.0918022, -0.196604, -0.0938069, 0.99559, 0.000888195, 0.195656, 0.0193099, -0.980483, 0.0028021  
268, 6.03315, 908.393, 185.644, -0.976653, -0.0957164, -0.192323, -0.0982013, 0.995161, 0.00340782, 0.191066, 0.0222146, -0.981326, 0.00265148  
269, 6.04942, 906.585, 185.767, -0.975876, -0.0956989, -0.196236, -0.097078, 0.995273, -0.0026018, 0.195557, 0.0165111, -0.980553, 0.00276576  
270, 6.51634, 904.858, 185.484, -0.975248, -0.0944347, -0.199933, -0.0953966, 0.995428, -0.00483919, 0.199475, 0.0143535, -0.979798, 0.00284398  
271, 6.51602, 903.135, 185.587, -0.976076, -0.0922308, -0.196896, -0.0930195, 0.99565, -0.00525935, 0.196525, 0.0131817, -0.98041, 0.00268393  
272, 6.46754, 901.465, 185.669, -0.975744, -0.0941854, -0.197619, -0.0952973, 0.995441, -0.00389789, 0.197085, 0.0150292, -0.980271, 0.00279267  
273, 6.36359, 899.659, 185.979, -0.976352, -0.096554, -0.193425, -0.0978328, 0.995198, -0.00295255, 0.192781, 0.0160406, -0.981111, 0.0026426  
274, 6.25115, 898.035, 185.804, -0.975396, -0.0956674, -0.198623, -0.0956297, 0.995369, -0.00980535, 0.198641, 0.00943015, -0.980027, 0.00274995  
275, 6.26066, 896.117, 185.638, -0.974995, -0.0918855, -0.202339, -0.0897479, 0.995769, -0.0197336, 0.203296, -0.0010807, -0.979117, 0.00304536  
276, 6.59568, 894.484, 185.328, -0.975936, -0.0910011, -0.19816, -0.0893841, 0.99585, -0.0171089, 0.198894, 0.0010151, -0.98002, 0.0028437  
277, 6.8575, 892.831, 185.125, -0.976556, -0.0877231, -0.19658, -0.0846307, 0.996121, -0.0240932, 0.197931, -0.00689169, -0.980192, 0.00278823  
278, 6.97872, 891.239, 185.082, -0.978064, -0.0887255, -0.188463, -0.0853773, 0.996014, -0.0258265, 0.190003, -0.00916949, -0.981741, 0.00271972  
279, 10.5264, 887.681, 181.798, -0.966818, 0.0803374, -0.242507, -0.092789, -0.994868, 0.0403491, -0.23802, 0.0615121, 0.96931, 0.00271805  
280, 10.3077, 885.81, 181.867, -0.967167, 0.0780612, -0.241857, -0.0916413, -0.994757, 0.0454012, -0.237045, 0.0660747, 0.969249, 0.00303316  
281, 21.262, 884.67, 184.287, 0.972095, 0.0998377, 0.212284, 0.101762, -0.994807, 0.00187141, 0.211368, 0.0197832, -0.977206, 0.00271888  
282, 21.0447, 882.803, 184.212, 0.970933, 0.0971295, 0.218758, 0.096069, -0.995254, 0.0155056, 0.219226, 0.00596102, -0.975656, 0.00273164  
283, 20.7022, 881.266, 184.218, 0.970898, 0.0983295, 0.218377, 0.0988067, -0.995068, 0.00876153, 0.218161, 0.0130705, -0.975825, 0.00268199  
284, 20.3851, 879.335, 184.209, 0.970743, 0.0977148, 0.21934, 0.0979092, -0.995145, 0.0100106, 0.219253, 0.0117577, -0.975597, 0.00273303  
285, 19.9006, 877.71, 184.264, 0.970611, 0.097123, 0.220186, 0.0989964, -0.995085, 0.002537, 0.21935, 0.0193352, -0.975455, 0.00299321  
286, 19.6562, 875.79, 184.401, 0.970935, 0.0937216, 0.22023, 0.0993505, -0.994945, -0.0145982, 0.217749, 0.0360539, -0.975339, 0.00265564  
