0, 0, 0, 0, 0, 0, 0, 0, 0, 0, 0, 0, 0, 0.00649098  
1, 0, 0, 0, 0, 0, 0, 0, 0, 0, 0, 0, 0, 0.00265176  
2, 19.6496, 1134.37, 183.792, 0.963531, 0.0897287, 0.252106, 0.0828754, -0.995847, 0.0376946, 0.254441, -0.0154265, -0.966965, 0.0026304  
3, 19.5877, 1134.39, 183.816, 0.963678, 0.0893233, 0.251688, 0.082526, -0.995885, 0.0374562, 0.253998, -0.0153249, -0.967083, 0.00284343  
4, 19.6017, 1134.41, 183.863, 0.963422, 0.0880905, 0.253099, 0.082012, -0.996034, 0.0344887, 0.255133, -0.01247, -0.966826, 0.0027641  
5, 19.6504, 1134.42, 183.839, 0.963534, 0.089535, 0.252161, 0.0827578, -0.995869, 0.0373771, 0.254466, -0.0151459, -0.966963, 0.00290778  
6, 19.647, 1134.44, 183.827, 0.963396, 0.0893629, 0.25275, 0.0826524, -0.995889, 0.0370662, 0.255024, -0.014819, -0.966821, 0.00273386  
7, 19.6695, 1134.47, 183.814, 0.96351, 0.0888468, 0.252496, 0.0826049, -0.995959, 0.0352367, 0.254607, -0.0130935, -0.966956, 0.00286562  
8, 19.6946, 1134.51, 183.818, 0.963388, 0.0887328, 0.253004, 0.0824712, -0.995969, 0.03527, 0.255113, -0.0131131, -0.966822, 0.00326616  
9, 19.7316, 1134.52, 183.801, 0.963444, 0.0891418, 0.252644, 0.0824328, -0.995908, 0.0370389, 0.254912, -0.0148588, -0.96685, 0.00273941  
10, 19.7134, 1134.5, 183.836, 0.96366, 0.0886422, 0.251996, 0.0822087, -0.995966, 0.0359665, 0.254168, -0.0139432, -0.96706, 0.00287588  
11, 19.6905, 1134.52, 183.798, 0.963393, 0.0886961, 0.252996, 0.0829192, -0.995995, 0.0334279, 0.254948, -0.011226, -0.96689, 0.00286784  
12, 19.7065, 1134.55, 183.8, 0.963654, 0.0886191, 0.252028, 0.0823614, -0.995977, 0.0352929, 0.254141, -0.0132528, -0.967076, 0.00273719  
13, 19.6698, 1134.57, 183.817, 0.96399, 0.0882669, 0.250863, 0.0820421, -0.996008, 0.0351854, 0.252967, -0.013337, -0.967383, 0.0028107  
14, 8.53817, 1134.57, 180.878, -0.956699, 0.067775, -0.28308, -0.0780333, -0.996635, 0.0251076, -0.280426, 0.0461101, 0.958768, 0.00270252  
15, 8.48035, 1134.61, 180.916, -0.957068, 0.0689084, -0.281552, -0.0794573, -0.996494, 0.0262091, -0.278759, 0.0474553, 0.959188, 0.00273691  
16, 8.50287, 1134.58, 180.992, -0.957597, 0.0693478, -0.279641, -0.0801877, -0.9964, 0.027497, -0.276728, 0.0487548, 0.959711, 0.00266313  
17, 8.55741, 1134.63, 180.927, -0.956761, 0.0677193, -0.282884, -0.0778394, -0.99666, 0.0246763, -0.280268, 0.0456288, 0.958837, 0.00297629  
18, 8.47381, 1134.68, 180.932, -0.956401, 0.0686084, -0.283882, -0.0784706, -0.996639, 0.0235009, -0.281316, 0.0447527, 0.958571, 0.00290112  
19, 8.58952, 1134.67, 180.84, -0.956286, 0.0673046, -0.284582, -0.0779008, -0.99662, 0.0260675, -0.281866, 0.0470971, 0.958297, 0.00269198  
20, 8.58359, 1134.64, 180.852, -0.956185, 0.0688232, -0.28456, -0.0788838, -0.996594, 0.0240326, -0.281937, 0.0454267, 0.958357, 0.00283843  
21, 8.44607, 1134.68, 180.952, -0.956775, 0.0684499, -0.282658, -0.0785751, -0.996604, 0.0246279, -0.280012, 0.0457732, 0.958905, 0.00265148  
22, 8.57519, 1134.65, 180.843, -0.956122, 0.0683465, -0.284883, -0.0784037, -0.996632, 0.0240354, -0.282281, 0.0453167, 0.958261, 0.00301152  
23, 8.47597, 1134.66, 180.932, -0.95696, 0.0688021, -0.281945, -0.0792531, -0.99652, 0.0258186, -0.279187, 0.0470524, 0.959083, 0.00293524  
24, 8.57427, 1134.67, 180.921, -0.956783, 0.0689243, -0.282515, -0.079266, -0.996532, 0.0253267, -0.27979, 0.046626, 0.958928, 0.00272388  
25, 8.57521, 1134.74, 180.868, -0.956286, 0.068042, -0.284408, -0.0779626, -0.996675, 0.0236945, -0.28185, 0.0448318, 0.958411, 0.00282568  
26, 8.51724, 1134.71, 180.926, -0.956601, 0.068964, -0.283123, -0.0791767, -0.996553, 0.0247745, -0.280439, 0.0461161, 0.958763, 0.00266951  
27, 8.60657, 1134.66, 180.831, -0.956005, 0.068139, -0.285328, -0.0784756, -0.996604, 0.0249378, -0.28266, 0.0462319, 0.958105, 0.00295604  
28, 8.56243, 1134.69, 180.857, -0.956113, 0.0683301, -0.284921, -0.078266, -0.996653, 0.0236195, -0.282353, 0.0448825, 0.95826, 0.00286451  
29, 8.56706, 1134.65, 180.902, -0.956848, 0.0681659, -0.282481, -0.078709, -0.996555, 0.0261307, -0.279727, 0.0472369, 0.958917, 0.00270696  
30, 8.4988, 1134.68, 180.893, -0.956699, 0.0678364, -0.283064, -0.0786157, -0.996542, 0.0268834, -0.280262, 0.0479726, 0.958724, 0.00297685  
31, 8.58915, 1134.63, 180.864, -0.956466, 0.0682359, -0.283755, -0.0786309, -0.99658, 0.0253922, -0.281052, 0.0465987, 0.95856, 0.00266812  
32, 8.57792, 1134.66, 180.859, -0.956457, 0.0677619, -0.283899, -0.0782343, -0.996604, 0.0256992, -0.281194, 0.0467908, 0.95851, 0.00276909  
33, 8.55923, 1134.62, 180.963, -0.957321, 0.0679434, -0.280928, -0.0790315, -0.99647, 0.0283165, -0.278012, 0.0493101, 0.959311, 0.00292276  
34, 8.43065, 1134.62, 181.022, -0.957943, 0.0687284, -0.278606, -0.0800527, -0.996355, 0.0294611, -0.275566, 0.0505252, 0.959953, 0.00268088  
35, 8.55137, 1134.59, 180.918, -0.957058, 0.0690669, -0.281548, -0.0790671, -0.996573, 0.0242998, -0.278905, 0.0455175, 0.959239, 0.00273858  
36, 8.6013, 1134.56, 180.859, -0.956801, 0.0687097, -0.282508, -0.0788747, -0.996577, 0.0247527, -0.27984, 0.0459661, 0.958946, 0.0027935  
37, 8.61801, 1134.56, 180.863, -0.956571, 0.068845, -0.283254, -0.0792177, -0.996536, 0.0253159, -0.28053, 0.0466551, 0.958711, 0.00277769  
38, 8.53692, 1134.58, 180.917, -0.956787, 0.0679395, -0.282742, -0.0785868, -0.996556, 0.0264741, -0.279969, 0.0475498, 0.958831, 0.00293496  
39, 8.63047, 1134.53, 180.882, -0.956738, 0.0686333, -0.28274, -0.079195, -0.996518, 0.0260825, -0.279965, 0.0473456, 0.958842, 0.00270779  
40, 8.5852, 1134.49, 180.914, -0.956997, 0.0690257, -0.281766, -0.080005, -0.996411, 0.0276347, -0.278847, 0.048989, 0.959085, 0.00281985  
41, 8.63192, 1134.51, 180.896, -0.956519, 0.0677711, -0.283686, -0.0785695, -0.996547, 0.0268473, -0.280887, 0.0479691, 0.958541, 0.0026942  
42, 8.60977, 1134.48, 180.915, -0.95656, 0.069097, -0.283227, -0.0791876, -0.996563, 0.0243203, -0.280573, 0.0456919, 0.958744, 0.0027727  
43, 8.52534, 1134.52, 180.935, -0.95698, 0.068069, -0.282057, -0.0789969, -0.996494, 0.0275409, -0.279194, 0.0486377, 0.959002, 0.00298101  
44, 8.44214, 1134.47, 181.009, -0.957474, 0.0688542, -0.280185, -0.0801967, -0.996351, 0.0292066, -0.277151, 0.0504344, 0.959502, 0.0027677  
45, 8.37692, 1134.49, 181.065, -0.957367, 0.06936, -0.280424, -0.0809259, -0.996273, 0.0298629, -0.277308, 0.0512834, 0.959412, 0.00292165  
46, 8.51442, 1134.43, 180.959, -0.957126, 0.0693664, -0.281243, -0.0804855, -0.996358, 0.0281642, -0.278265, 0.0495926, 0.959223, 0.00271278  
47, 8.48196, 1134.39, 180.966, -0.957521, 0.0691806, -0.279944, -0.0798574, -0.996443, 0.0269001, -0.277087, 0.048113, 0.95964, 0.00292775  
48, 8.5526, 1134.36, 180.892, -0.956863, 0.0686868, -0.282304, -0.078967, -0.996559, 0.0251863, -0.279603, 0.0463926, 0.958994, 0.00297629  
49, 8.54467, 1134.33, 180.871, -0.956706, 0.0699997, -0.282512, -0.0801391, -0.996483, 0.0244808, -0.279804, 0.0460611, 0.958951, 0.00276909  
50, 8.51301, 1134.37, 180.932, -0.956867, 0.0688279, -0.282255, -0.0790371, -0.99656, 0.0249308, -0.279568, 0.0461641, 0.959015, 0.00300958  
51, 8.54551, 1134.31, 180.962, -0.957457, 0.0689283, -0.280224, -0.0797866, -0.996432, 0.027513, -0.277327, 0.0487006, 0.95954, 0.00265204  
52, 8.56104, 1134.33, 180.894, -0.956397, 0.0692877, -0.283733, -0.0787476, -0.996651, 0.0220572, -0.281254, 0.0434387, 0.95865, 0.00283649  
53, 8.58496, 1134.3, 180.904, -0.956854, 0.0686542, -0.282342, -0.0784492, -0.996641, 0.023521, -0.279778, 0.0446556, 0.959025, 0.00300958  
54, 8.53657, 1134.3, 180.944, -0.956994, 0.068979, -0.281787, -0.0788686, -0.996599, 0.0238918, -0.279181, 0.0450884, 0.959179, 0.00267367  
55, 8.50445, 1134.3, 180.96, -0.95716, 0.0690943, -0.281196, -0.0797593, -0.996458, 0.0266462, -0.278359, 0.0479327, 0.95928, 0.00279794  
56, 8.53446, 1134.26, 180.907, -0.957013, 0.0690714, -0.281702, -0.0795357, -0.996496, 0.0258689, -0.278928, 0.0471622, 0.959153, 0.0026917  
57, 8.44766, 1134.26, 181.002, -0.957622, 0.0689895, -0.279644, -0.0796567, -0.996458, 0.0269479, -0.276794, 0.0480814, 0.959725, 0.00299321  
58, 8.56834, 1134.21, 180.879, -0.956958, 0.0690537, -0.281891, -0.0793288, -0.99653, 0.025188, -0.279173, 0.0464659, 0.959116, 0.00309668  
59, 8.43994, 1134.23, 180.97, -0.95708, 0.0695826, -0.281347, -0.0796797, -0.996517, 0.0245944, -0.278656, 0.0459565, 0.959291, 0.00295355  
60, 8.59802, 1134.22, 180.848, -0.956365, 0.0688488, -0.283947, -0.0788332, -0.996602, 0.0238721, -0.281338, 0.0452148, 0.958543, 0.0028437  
61, 8.62961, 1134.16, 180.821, -0.955838, 0.0690878, -0.285659, -0.0783407, -0.996704, 0.0210772, -0.283261, 0.0425251, 0.958099, 0.00279239  
62, 8.5299, 1134.2, 180.918, -0.956467, 0.0696027, -0.283421, -0.0792179, -0.996601, 0.0225923, -0.280885, 0.0440607, 0.95873, 0.00267506  
63, 8.62968, 1134.14, 180.902, -0.956642, 0.0703335, -0.282648, -0.0803345, -0.996481, 0.0239356, -0.27997, 0.0456041, 0.958925, 0.00282595  
64, 8.50732, 1134.17, 180.933, -0.956779, 0.0698998, -0.28229, -0.0805128, -0.99641, 0.0261577, -0.279448, 0.047755, 0.958973, 0.0027494  
65, 8.62662, 1134.15, 180.887, -0.956341, 0.0693618, -0.283903, -0.0792941, -0.996571, 0.0236282, -0.281291, 0.0451085, 0.958562, 0.00288309  
66, 8.626, 1134.18, 180.823, -0.955501, 0.0692473, -0.286744, -0.0782685, -0.99673, 0.0201048, -0.284414, 0.0416531, 0.957796, 0.00285841  
67, 8.43629, 1134.16, 180.933, -0.956542, 0.06968, -0.283146, -0.0797037, -0.996529, 0.0240223, -0.280489, 0.0455461, 0.958776, 0.00302678  
68, 8.53547, 1134.07, 180.99, -0.957188, 0.0700089, -0.280874, -0.0803769, -0.996437, 0.02555, -0.278085, 0.0470319, 0.959404, 0.0027935  
69, 8.4713, 1134.17, 180.892, -0.956502, 0.0690262, -0.283443, -0.0795667, -0.996495, 0.0258304, -0.280666, 0.0472594, 0.958641, 0.00262208  
70, 8.47162, 1134.11, 180.926, -0.956836, 0.0692523, -0.282257, -0.0794474, -0.99653, 0.024822, -0.279558, 0.0461751, 0.959018, 0.00284149  
71, 8.45365, 1134.14, 180.926, -0.956478, 0.0697943, -0.283334, -0.0796988, -0.99654, 0.0235668, -0.280709, 0.0451225, 0.958732, 0.00270723  
72, 8.48059, 1134.16, 180.897, -0.955983, 0.0698478, -0.284986, -0.0794033, -0.996598, 0.0220996, -0.282473, 0.0437557, 0.958277, 0.00288531  
73, 8.46142, 1134.18, 180.971, -0.956904, 0.0685837, -0.282189, -0.0790014, -0.996543, 0.0256924, -0.279452, 0.0468785, 0.959015, 0.00281791  
74, 8.55218, 1134.15, 180.869, -0.956287, 0.0694719, -0.284058, -0.0790663, -0.996617, 0.0224364, -0.281538, 0.0439151, 0.958545, 0.00271583  
75, 8.53872, 1134.13, 180.842, -0.956161, 0.0689801, -0.284603, -0.0786258, -0.996648, 0.0225927, -0.28209, 0.0439794, 0.958379, 0.00280876  
76, 8.48906, 1134.12, 180.971, -0.957195, 0.0695136, -0.280971, -0.0801175, -0.996435, 0.0264169, -0.278133, 0.0477968, 0.959353, 0.00282623  
77, 8.61455, 1134.12, 180.823, -0.956021, 0.0687257, -0.285131, -0.0785552, -0.996641, 0.0231672, -0.282581, 0.0445469, 0.958208, 0.00276271  
78, 8.50203, 1134.11, 180.901, -0.956415, 0.0699219, -0.283517, -0.079656, -0.996558, 0.0229366, -0.280937, 0.0445207, 0.958693, 0.00278407  
79, 8.58564, 1134.1, 180.891, -0.956148, 0.0700939, -0.284373, -0.0795886, -0.996586, 0.0219567, -0.281863, 0.0436268, 0.958462, 0.00270723  
80, 8.50182, 1134.13, 180.912, -0.95663, 0.0692931, -0.282946, -0.0793539, -0.996552, 0.0242381, -0.28029, 0.0456397, 0.95883, 0.00277297  
81, 8.59947, 1134.13, 180.902, -0.956032, 0.0692605, -0.284966, -0.0787803, -0.996648, 0.0220667, -0.282482, 0.0435462, 0.958284, 0.0028548  
82, 8.438, 1134.17, 181.007, -0.957124, 0.069227, -0.281283, -0.0799587, -0.996437, 0.0268415, -0.278423, 0.0481817, 0.959249, 0.0028229  
83, 8.56526, 1134.2, 180.897, -0.95606, 0.0677281, -0.285241, -0.0776283, -0.996705, 0.0235321, -0.282707, 0.0446409, 0.958167, 0.00278213  
84, 8.6343, 1134.16, 180.852, -0.956166, 0.0687735, -0.284634, -0.0784435, -0.99666, 0.0227004, -0.282122, 0.044033, 0.958367, 0.00284981  
85, 8.57625, 1134.18, 180.845, -0.956216, 0.0687593, -0.284468, -0.0788861, -0.996588, 0.0242822, -0.281828, 0.0456596, 0.958378, 0.00285119  
86, 8.53181, 1134.22, 180.893, -0.956233, 0.0688616, -0.284389, -0.0785747, -0.996646, 0.0228737, -0.28186, 0.0442183, 0.958436, 0.00277575  
87, 8.48536, 1134.16, 180.879, -0.956526, 0.069277, -0.2833, -0.0790117, -0.996607, 0.0230667, -0.280741, 0.0444479, 0.958754, 0.00291471  
88, 8.56443, 1134.17, 180.922, -0.9567, 0.0701362, -0.282499, -0.0801158, -0.996499, 0.0239158, -0.279832, 0.0455129, 0.95897, 0.00283205  
89, 8.62121, 1134.21, 180.875, -0.956212, 0.0693141, -0.284349, -0.0788326, -0.996642, 0.0221536, -0.281859, 0.0435995, 0.958465, 0.00276465  
90, 8.51886, 1134.17, 180.986, -0.957359, 0.069179, -0.280497, -0.0801528, -0.996394, 0.0278271, -0.27756, 0.0491231, 0.959451, 0.00290085  
91, 8.49974, 1134.23, 180.917, -0.957176, 0.0688698, -0.281196, -0.0795341, -0.996475, 0.0266756, -0.278368, 0.047898, 0.959279, 0.00278074  
92, 8.50924, 1134.25, 180.969, -0.957357, 0.068563, -0.280655, -0.0795956, -0.996431, 0.0280883, -0.277727, 0.0492294, 0.959398, 0.00286284  
93, 8.4526, 1134.25, 180.99, -0.957418, 0.0690027, -0.280337, -0.0799035, -0.99642, 0.0276289, -0.277427, 0.0488523, 0.959504, 0.00285286  
94, 8.5547, 1134.2, 180.89, -0.957117, 0.0703165, -0.281039, -0.0810532, -0.996351, 0.0267491, -0.278133, 0.0483811, 0.959323, 0.00273497  
95, 8.47128, 1134.3, 180.967, -0.957372, 0.0692242, -0.28044, -0.0804203, -0.996351, 0.0285996, -0.277437, 0.0499335, 0.959445, 0.00298905  
96, 8.5267, 1134.28, 180.877, -0.956462, 0.0696863, -0.283417, -0.0795181, -0.996561, 0.0233203, -0.280817, 0.0448417, 0.958713, 0.00285258  
97, 8.55546, 1134.32, 180.876, -0.95647, 0.0693725, -0.283465, -0.0791874, -0.996587, 0.0232994, -0.280881, 0.044732, 0.9587, 0.00274385  
98, 8.5775, 1134.31, 180.928, -0.956897, 0.06975, -0.281928, -0.0799146, -0.996496, 0.0247029, -0.279217, 0.0461683, 0.959118, 0.00283289  
99, 8.54721, 1134.31, 181.017, -0.957642, 0.0696621, -0.279407, -0.0805296, -0.99637, 0.0275917, -0.276471, 0.0489236, 0.959776, 0.00281042  
100, 8.54208, 1134.32, 180.915, -0.957323, 0.0698521, -0.280451, -0.0805175, -0.996396, 0.0266745, -0.277577, 0.0481174, 0.959498, 0.00274773  
101, 8.56938, 1134.4, 180.966, -0.95711, 0.0701246, -0.281111, -0.0804161, -0.996442, 0.0252283, -0.278342, 0.0467521, 0.959344, 0.00273053  
102, 8.56304, 1134.36, 180.959, -0.957286, 0.0698162, -0.280586, -0.0800912, -0.996466, 0.0253066, -0.277827, 0.0466981, 0.959495, 0.00297629  
103, 8.61433, 1134.42, 180.925, -0.956941, 0.0699416, -0.281731, -0.0799492, -0.996506, 0.0241698, -0.279056, 0.0456533, 0.959189, 0.00326033  
104, 8.58467, 1134.41, 180.897, -0.956853, 0.0683741, -0.282414, -0.07896, -0.996532, 0.0262597, -0.279639, 0.0474261, 0.958933, 0.00272471  
105, 8.56172, 1134.49, 180.907, -0.956748, 0.0672789, -0.283031, -0.0781154, -0.996574, 0.0271641, -0.280234, 0.0480983, 0.958726, 0.00286312  
106, 8.506, 1134.43, 181.014, -0.957165, 0.0691109, -0.281175, -0.0799801, -0.996421, 0.0273515, -0.278278, 0.0486682, 0.959267, 0.00264871  
107, 8.45368, 1134.48, 180.989, -0.957108, 0.0690286, -0.281388, -0.0803373, -0.99635, 0.0288382, -0.278371, 0.0502072, 0.959161, 0.00271361  
108, 8.45039, 1134.52, 180.961, -0.956842, 0.0687293, -0.282365, -0.0793157, -0.996505, 0.0262196, -0.279576, 0.047484, 0.958949, 0.00290806  
109, 8.50869, 1134.49, 180.906, -0.956769, 0.0684708, -0.282675, -0.0791575, -0.996509, 0.0265454, -0.27987, 0.0477736, 0.958848, 0.00264982  
110, 8.41798, 1134.56, 180.982, -0.956676, 0.0681774, -0.283059, -0.0790892, -0.996494, 0.0272892, -0.280206, 0.0484938, 0.958714, 0.00290584  
111, 8.5135, 1134.51, 180.918, -0.956555, 0.0689789, -0.283273, -0.0798876, -0.996435, 0.0271256, -0.280392, 0.0485772, 0.958656, 0.00266174  
112, 8.5175, 1134.51, 180.91, -0.956917, 0.0685992, -0.282142, -0.0797909, -0.996408, 0.0283562, -0.279184, 0.0496469, 0.958953, 0.00277075  
113, 8.4975, 1134.53, 180.954, -0.957234, 0.0684075, -0.281112, -0.0797159, -0.996396, 0.028977, -0.278117, 0.0501469, 0.959237, 0.00286007  
114, 8.47005, 1134.58, 180.96, -0.956975, 0.0682064, -0.28204, -0.0792745, -0.996459, 0.0280063, -0.279131, 0.0491599, 0.958994, 0.00272554  
115, 8.57026, 1134.57, 180.9, -0.95731, 0.0681235, -0.28092, -0.078929, -0.996506, 0.0273179, -0.278077, 0.0483244, 0.959342, 0.0027494  
116, 14.9185, 1136.46, 182.611, 0.980345, -0.0662783, 0.185826, 0.0627094, 0.997718, 0.0250246, -0.187061, -0.0128797, 0.982264, 0.00262679  
117, 14.9906, 1136.5, 182.532, 0.979946, -0.0674573, 0.1875, 0.0637285, 0.997632, 0.0258516, -0.1888, -0.0133841, 0.981924, 0.00300098  
118, 8.49875, 1134.64, 180.972, -0.957222, 0.0680092, -0.281248, -0.079005, -0.996483, 0.0279306, -0.278359, 0.0489558, 0.959229, 0.00288337  
119, 8.63928, 1134.61, 180.868, -0.956428, 0.0676622, -0.284019, -0.0777706, -0.996671, 0.0244529, -0.281419, 0.0454758, 0.958507, 0.0026709  
120, 8.59679, 1134.61, 180.846, -0.956319, 0.0677656, -0.284363, -0.077568, -0.996714, 0.0233392, -0.281847, 0.0443772, 0.958432, 0.00290362  
121, 8.54441, 1134.57, 180.909, -0.957027, 0.0682419, -0.281854, -0.0787908, -0.996545, 0.0262507, -0.279089, 0.0473302, 0.959098, 0.00264066  
122, 8.55839, 1134.62, 180.882, -0.956614, 0.0684239, -0.283211, -0.0785168, -0.996613, 0.0244272, -0.28058, 0.0456042, 0.958747, 0.00275799  
123, 8.53245, 1134.6, 180.925, -0.956911, 0.0684157, -0.282206, -0.0789693, -0.996533, 0.0261797, -0.279436, 0.0473372, 0.958997, 0.00294218  
124, 8.52573, 1134.56, 180.938, -0.957453, 0.0671713, -0.280662, -0.0783759, -0.996506, 0.0288773, -0.277741, 0.0496458, 0.959372, 0.0026795  
125, 8.51531, 1134.63, 180.873, -0.956833, 0.0678179, -0.282615, -0.0785524, -0.996549, 0.0268126, -0.279822, 0.0478553, 0.958858, 0.00284093  
126, 8.566, 1134.64, 180.871, -0.956709, 0.0665431, -0.283338, -0.0771021, -0.996677, 0.0262665, -0.280649, 0.0469754, 0.95866, 0.00269115  
127, 8.58469, 1134.58, 180.881, -0.957094, 0.0676971, -0.281759, -0.0782392, -0.996587, 0.0263209, -0.279016, 0.0472362, 0.959124, 0.00275772  
128, 8.58215, 1134.57, 180.83, -0.956621, 0.0685203, -0.283162, -0.0789268, -0.996554, 0.0254939, -0.280439, 0.0467371, 0.958733, 0.00297934  
129, 8.6027, 1134.58, 180.862, -0.956432, 0.0686493, -0.283769, -0.0790515, -0.996548, 0.0253553, -0.281049, 0.046683, 0.958557, 0.00276548  
130, 8.51017, 1134.56, 180.985, -0.957845, 0.0683511, -0.279035, -0.0797728, -0.996368, 0.0297706, -0.275987, 0.0507751, 0.959819, 0.00289391  
131, 8.46714, 1134.6, 180.955, -0.95726, 0.0675172, -0.281239, -0.078674, -0.996491, 0.0285563, -0.278324, 0.049462, 0.959213, 0.00269364  
132, 8.54208, 1134.61, 180.889, -0.956842, 0.0667586, -0.282836, -0.0779132, -0.996557, 0.0283625, -0.279969, 0.0491751, 0.958749, 0.00271361  
133, 8.60756, 1134.57, 180.851, -0.956259, 0.0685761, -0.284369, -0.0788809, -0.996572, 0.0249307, -0.281684, 0.0462715, 0.958391, 0.00292942  
134, 8.57008, 1134.6, 180.865, -0.956275, 0.0680056, -0.284453, -0.0782175, -0.996631, 0.0246822, -0.281816, 0.0458522, 0.958372, 0.00268726  
135, 8.55463, 1134.62, 180.905, -0.956682, 0.067402, -0.283226, -0.0782865, -0.996558, 0.027276, -0.280413, 0.0482673, 0.958665, 0.00275633  
136, 8.55996, 1134.65, 180.896, -0.956681, 0.067821, -0.28313, -0.0788743, -0.996497, 0.0278112, -0.280252, 0.0489381, 0.958678, 0.00262346  
137, 8.55264, 1134.61, 180.844, -0.956444, 0.0673549, -0.284038, -0.0786591, -0.996492, 0.0285681, -0.281117, 0.049666, 0.958387, 0.00281097  
138, 8.48657, 1134.6, 180.937, -0.957272, 0.0688351, -0.280877, -0.0810275, -0.996198, 0.0320139, -0.277605, 0.0534048, 0.95921, 0.00297546  
139, 8.50395, 1134.62, 180.856, -0.956488, 0.0682437, -0.283677, -0.0798415, -0.996371, 0.0295106, -0.280633, 0.0508757, 0.958466, 0.00266812  
140, 8.55344, 1134.68, 180.921, -0.956932, 0.0683328, -0.282154, -0.0803844, -0.996271, 0.0313463, -0.27896, 0.0526771, 0.958857, 0.00278462  
141, 8.58654, 1134.71, 180.92, -0.956826, 0.0684998, -0.282476, -0.0807873, -0.996215, 0.0320692, -0.27921, 0.0535051, 0.958738, 0.00263179  
142, 8.62069, 1134.76, 180.821, -0.955515, 0.0680668, -0.286981, -0.0798228, -0.996374, 0.0294512, -0.283936, 0.0510487, 0.957483, 0.00284787  
143, 8.62785, 1134.79, 180.859, -0.956155, 0.0682165, -0.284805, -0.0803503, -0.996281, 0.0311251, -0.281622, 0.0526446, 0.95808, 0.00281125  
144, 8.65243, 1134.83, 180.841, -0.955509, 0.0685281, -0.286892, -0.080749, -0.996253, 0.0309702, -0.283694, 0.0527585, 0.957462, 0.00266535  
145, 8.70385, 1134.82, 180.925, -0.956445, 0.0684957, -0.283763, -0.0818353, -0.996017, 0.0354101, -0.280208, 0.0570897, 0.95824, 0.00280348  
146, 8.65537, 1134.85, 180.902, -0.956479, 0.0675394, -0.283876, -0.0813246, -0.995999, 0.0370449, -0.280238, 0.0585188, 0.958145, 0.00267201  
147, 8.63992, 1134.9, 180.879, -0.95612, 0.0660647, -0.28543, -0.0804338, -0.996001, 0.0389023, -0.281718, 0.0601534, 0.95761, 0.0029946  
148, 8.65799, 1134.95, 180.865, -0.955967, 0.065829, -0.285997, -0.0802126, -0.99602, 0.0388589, -0.282301, 0.0600884, 0.957442, 0.00275245  
149, 8.75274, 1134.94, 180.821, -0.955475, 0.0664443, -0.287492, -0.0809089, -0.995969, 0.0387137, -0.283761, 0.0602507, 0.957, 0.00268144  
150, 8.64825, 1134.94, 180.892, -0.955894, 0.0680582, -0.285718, -0.0827897, -0.995773, 0.0397863, -0.281802, 0.061686, 0.957488, 0.0028254  
151, 8.61915, 1134.92, 180.99, -0.95667, 0.0673809, -0.283271, -0.0834996, -0.995482, 0.0452045, -0.278946, 0.0668988, 0.957974, 0.00266507  
152, 8.67312, 1134.87, 180.927, -0.955739, 0.0674602, -0.286379, -0.0837872, -0.995461, 0.0451315, -0.282035, 0.0671288, 0.957053, 0.00277353  
153, 8.69768, 1134.9, 180.904, -0.955447, 0.0674915, -0.287342, -0.0834921, -0.995546, 0.0437854, -0.283107, 0.0658255, 0.956827, 0.00276521  
154, 8.68569, 1134.89, 180.935, -0.955638, 0.0671357, -0.286791, -0.0836576, -0.995444, 0.0457352, -0.282414, 0.0676985, 0.956901, 0.00271583  
155, 8.68337, 1134.89, 180.946, -0.955902, 0.0656824, -0.286248, -0.0831408, -0.99532, 0.049256, -0.281673, 0.0708828, 0.956889, 0.00280515  
156, 17.6039, 1136.54, 180.976, 0.978662, -0.0602204, 0.196455, 0.0463283, 0.99614, 0.0745623, -0.200187, -0.0638698, 0.977674, 0.00271028  
157, 17.6303, 1136.46, 180.988, 0.978752, -0.0587631, 0.196445, 0.0444422, 0.996076, 0.0765338, -0.200171, -0.0661773, 0.977523, 0.00285813  
158, 8.58114, 1134.79, 180.99, -0.955341, 0.066544, -0.287915, -0.0853131, -0.994937, 0.0531268, -0.282922, 0.0753172, 0.956181, 0.00280681  
159, 8.52604, 1134.74, 181.053, -0.956296, 0.0668999, -0.284643, -0.0864301, -0.994649, 0.0566002, -0.279333, 0.0787283, 0.956961, 0.00267478  
160, 8.58221, 1134.64, 181.012, -0.9563, 0.0667146, -0.284674, -0.0866219, -0.994557, 0.0579088, -0.279261, 0.0800371, 0.956874, 0.00281624  
161, 8.48769, 1134.55, 181.089, -0.956818, 0.0669234, -0.282878, -0.0882585, -0.994081, 0.0633493, -0.276964, 0.0855802, 0.957062, 0.00275411  
162, 8.41682, 1134.57, 181.115, -0.956773, 0.0663657, -0.283163, -0.0878097, -0.994098, 0.0637087, -0.277264, 0.0858192, 0.956953, 0.00285175  
163, 8.29811, 1134.47, 181.143, -0.956914, 0.0663894, -0.28268, -0.0890938, -0.993684, 0.0682224, -0.276365, 0.090468, 0.956785, 0.00286173  
164, 8.23561, 1134.35, 181.15, -0.957137, 0.0667983, -0.281828, -0.0894605, -0.993645, 0.0683116, -0.275474, 0.090596, 0.95703, 0.00282124  
165, 8.0939, 1134.28, 181.174, -0.957297, 0.0659783, -0.281476, -0.0890601, -0.993563, 0.0700002, -0.275045, 0.0920793, 0.957012, 0.00275411  
166, 8.24542, 1134.13, 181.17, -0.956993, 0.0662302, -0.28245, -0.0898658, -0.99338, 0.0715495, -0.275842, 0.093855, 0.95661, 0.00285092  
167, 8.04539, 1133.99, 181.226, -0.957634, 0.0664784, -0.280209, -0.091133, -0.992943, 0.0758817, -0.273188, 0.0982032, 0.956935, 0.00285008  
168, 8.07134, 1133.82, 181.195, -0.956942, 0.0658452, -0.282713, -0.090797, -0.99296, 0.0760696, -0.275714, 0.0984636, 0.956183, 0.00280154  
169, 7.86527, 1133.57, 181.322, -0.958996, 0.0658277, -0.275668, -0.0919392, -0.992309, 0.0828818, -0.268092, 0.104828, 0.957673, 0.00277935  
170, 7.8448, 1133.34, 181.28, -0.958417, 0.064687, -0.277943, -0.0908062, -0.992475, 0.0821392, -0.270538, 0.103963, 0.957079, 0.00282595  
171, 7.75639, 1133.11, 181.25, -0.958075, 0.0653264, -0.278972, -0.0922217, -0.992156, 0.0843859, -0.271271, 0.106575, 0.956584, 0.00286562  
172, 7.70015, 1132.88, 181.313, -0.95887, 0.0654034, -0.276209, -0.0935267, -0.99155, 0.0898926, -0.267995, 0.112028, 0.956885, 0.00283594  
173, 7.51729, 1132.72, 181.376, -0.95907, 0.0669672, -0.275135, -0.0956566, -0.991135, 0.0922013, -0.266522, 0.114746, 0.956974, 0.002829  
174, 7.78874, 1132.33, 181.266, -0.958914, 0.0661003, -0.275888, -0.0954251, -0.990965, 0.0942459, -0.267166, 0.1167, 0.956558, 0.00283843  
175, 7.74453, 1132.02, 181.229, -0.958528, 0.06584, -0.27729, -0.0961667, -0.990606, 0.0972152, -0.268285, 0.11985, 0.955855, 0.00299183  
176, 7.77696, 1131.67, 181.172, -0.958748, 0.0637599, -0.277014, -0.0947704, -0.990461, 0.100028, -0.267994, 0.122155, 0.955645, 0.00281208  
177, 7.71041, 1131.31, 181.286, -0.959426, 0.0628736, -0.274861, -0.09436, -0.99021, 0.102864, -0.265703, 0.124626, 0.955966, 0.002872  
178, 7.83668, 1131.06, 181.238, -0.958223, 0.0631861, -0.278955, -0.095138, -0.990171, 0.102519, -0.269736, 0.124776, 0.954816, 0.00286978  
179, 7.86853, 1130.67, 181.133, -0.958063, 0.0618, -0.279814, -0.0951736, -0.989662, 0.10729, -0.270291, 0.129421, 0.95404, 0.00274662  
180, 7.84793, 1130.13, 181.195, -0.958236, 0.0625171, -0.279063, -0.0966374, -0.989198, 0.110225, -0.269157, 0.132589, 0.953926, 0.00280515  
181, 7.90973, 1129.7, 181.222, -0.957935, 0.0623792, -0.280125, -0.0972653, -0.988891, 0.112405, -0.270002, 0.134923, 0.95336, 0.00281319  
182, 7.94783, 1129.13, 181.17, -0.957123, 0.0620107, -0.282967, -0.0971282, -0.988972, 0.111804, -0.272914, 0.134494, 0.952591, 0.00282179  
183, 7.94035, 1128.65, 181.019, -0.955972, 0.0600003, -0.287258, -0.0956467, -0.989128, 0.111703, -0.277433, 0.13426, 0.951318, 0.00287228  
184, 7.83927, 1127.91, 181.121, -0.956889, 0.0622469, -0.283705, -0.0978138, -0.988773, 0.112966, -0.273488, 0.135846, 0.952234, 0.00276826  
185, 7.80257, 1127.38, 181.09, -0.956832, 0.0609215, -0.284187, -0.0979432, -0.98818, 0.117929, -0.273643, 0.140672, 0.951489, 0.00277713  
186, 7.62085, 1126.74, 181.07, -0.956054, 0.0625929, -0.28643, -0.0991363, -0.988418, 0.114904, -0.27592, 0.13825, 0.951186, 0.00280515  
187, 7.41516, 1126.09, 181.196, -0.957737, 0.0633123, -0.28059, -0.10082, -0.987481, 0.121315, -0.269396, 0.144477, 0.95213, 0.00283954  
188, 7.3447, 1125.4, 181.097, -0.957477, 0.0615179, -0.281876, -0.0998963, -0.987258, 0.123865, -0.270664, 0.146756, 0.951422, 0.00332246  
189, 7.04001, 1124.74, 181.18, -0.957741, 0.0611518, -0.281055, -0.0998999, -0.98703, 0.125668, -0.269725, 0.148435, 0.951428, 0.00269614  
190, 6.82322, 1123.97, 181.132, -0.957471, 0.0615787, -0.28188, -0.10015, -0.987148, 0.124532, -0.270589, 0.147466, 0.951333, 0.00278268  
191, 17.9258, 1123.38, 184.05, 0.963057, 0.0848372, 0.255584, 0.102995, -0.99296, -0.0584956, 0.248822, 0.0826586, -0.965016, 0.00267589  
192, 17.6951, 1122.7, 183.995, 0.962999, 0.0829635, 0.256419, 0.102002, -0.99286, -0.0618406, 0.249458, 0.0857078, -0.964585, 0.00285868  
193, 17.4007, 1121.84, 184.041, 0.963082, 0.0822589, 0.256332, 0.101594, -0.992823, -0.0631, 0.249302, 0.0868122, -0.964527, 0.00292387  
194, 17.3185, 1121.06, 183.93, 0.96126, 0.0824415, 0.263027, 0.10172, -0.992971, -0.0605164, 0.256189, 0.0849271, -0.962889, 0.00270224  
195, 17.0663, 1120.21, 183.927, 0.962231, 0.0834818, 0.259117, 0.103771, -0.992435, -0.0656136, 0.251679, 0.0900243, -0.963615, 0.00294523  
196, 16.7941, 1119.29, 183.91, 0.960491, 0.0826302, 0.26576, 0.102726, -0.992738, -0.0626036, 0.258657, 0.0874307, -0.962004, 0.00265536  
197, 16.6293, 1118.3, 183.93, 0.959925, 0.0837454, 0.267453, 0.104903, -0.992303, -0.0658007, 0.259884, 0.0912205, -0.961322, 0.00273525  
198, 16.4201, 1117.4, 183.821, 0.959383, 0.0843232, 0.269211, 0.104051, -0.99277, -0.0598454, 0.262218, 0.0854263, -0.96122, 0.00285646  
199, 16.285, 1116.4, 183.825, 0.959624, 0.0835501, 0.268591, 0.105087, -0.992216, -0.0668101, 0.260918, 0.092338, -0.960935, 0.00264732  
200, 16.1133, 1115.21, 183.747, 0.958522, 0.082547, 0.272802, 0.103474, -0.992622, -0.0632096, 0.265571, 0.0888156, -0.959991, 0.00274496  
201, 15.7652, 1114.22, 183.799, 0.959024, 0.0823311, 0.2711, 0.104782, -0.992072, -0.0693836, 0.263239, 0.094947, -0.960047, 0.00287699  
202, 15.5346, 1113.15, 183.82, 0.958334, 0.0819894, 0.273631, 0.104446, -0.992168, -0.0685129, 0.26587, 0.094238, -0.959392, 0.00280154  
203, 5.19563, 1111.27, 179.975, -0.948888, 0.0572776, -0.310373, -0.0981915, -0.988167, 0.117835, -0.299951, 0.142288, 0.943283, 0.00281902  
204, 4.98921, 1110.06, 179.996, -0.948619, 0.0599359, -0.310693, -0.099356, -0.988657, 0.112635, -0.300418, 0.137717, 0.943813, 0.00275217  
205, 14.7846, 1109.59, 183.882, 0.957479, 0.0830266, 0.276298, 0.104989, -0.992304, -0.0656445, 0.268722, 0.0918616, -0.958827, 0.00280238  
206, 14.557, 1108.21, 183.984, 0.957179, 0.0821297, 0.277602, 0.10439, -0.99232, -0.0663568, 0.270021, 0.0924942, -0.958402, 0.00270474  
207, 14.532, 1106.89, 183.971, 0.956785, 0.0799842, 0.279581, 0.101647, -0.99277, -0.0638385, 0.272453, 0.0894982, -0.957998, 0.00299515  
208, 14.4035, 1105.54, 184.11, 0.956738, 0.0809011, 0.279475, 0.102034, -0.992854, -0.0618891, 0.272471, 0.0877276, -0.958156, 0.00293413  
209, 14.471, 1104.07, 184.114, 0.956547, 0.0802972, 0.280305, 0.101165, -0.993012, -0.0607671, 0.273467, 0.0864837, -0.957986, 0.00266119  
210, 14.3491, 1102.67, 184.194, 0.957776, 0.07891, 0.276475, 0.101095, -0.992624, -0.0669069, 0.269156, 0.0920319, -0.958689, 0.00276632  
211, 14.4309, 1101.11, 184.152, 0.9579, 0.0773347, 0.27649, 0.098954, -0.992961, -0.0650938, 0.269509, 0.0897131, -0.95881, 0.00269059  
212, 4.45437, 1098.88, 180.261, -0.948317, 0.0516921, -0.313085, -0.0901017, -0.989897, 0.109475, -0.304263, 0.132027, 0.943394, 0.00278712  
213, 4.5633, 1097.37, 180.707, -0.95363, 0.0560835, -0.29571, -0.0973454, -0.987152, 0.126707, -0.284805, 0.149618, 0.946837, 0.00296381  
214, 4.9425, 1095.83, 180.233, -0.948732, 0.0529758, -0.311611, -0.0900773, -0.990289, 0.105894, -0.302975, 0.128534, 0.944291, 0.00267006  
215, 5.06617, 1094.37, 180.303, -0.950252, 0.0553017, -0.306534, -0.0932007, -0.989507, 0.110404, -0.297212, 0.133481, 0.945435, 0.00274246  
216, 5.19253, 1092.68, 180.67, -0.954103, 0.0593039, -0.293547, -0.0978619, -0.988126, 0.11845, -0.283037, 0.141741, 0.948578, 0.00262374  
217, 3.99856, 1091.78, 180.997, -0.953823, 0.0534787, -0.29557, -0.091157, -0.989151, 0.115198, -0.286203, 0.136822, 0.94835, 0.00301318  
218, 4.19745, 1090.1, 180.912, -0.953605, 0.0546697, -0.296054, -0.0904441, -0.989972, 0.108516, -0.287153, 0.130257, 0.948987, 0.00305646  
219, 4.43957, 1088.37, 180.802, -0.952929, 0.0546248, -0.298231, -0.0908644, -0.989877, 0.109028, -0.289257, 0.130994, 0.948246, 0.00266646  
220, 4.49183, 1086.7, 180.762, -0.952319, 0.0538894, -0.300306, -0.0881132, -0.990915, 0.101603, -0.292102, 0.12322, 0.948416, 0.00278185  
221, 4.53261, 1085.12, 180.619, -0.951352, 0.0543333, -0.303278, -0.0881524, -0.99118, 0.0989515, -0.295227, 0.120872, 0.94775, 0.00263678  
222, 14.6156, 1083.86, 184.345, 0.961554, 0.0783189, 0.263212, 0.0932619, -0.994636, -0.0447455, 0.258296, 0.0675728, -0.9637, 0.00280737  
223, 14.4707, 1082.08, 184.414, 0.961258, 0.0774182, 0.264556, 0.0925684, -0.994677, -0.0452681, 0.259643, 0.0680038, -0.963307, 0.0028082  
224, 4.18635, 1079.64, 181.1, -0.955451, 0.0553768, -0.289909, -0.0920329, -0.989166, 0.114367, -0.280435, 0.135953, 0.950196, 0.00266563  
225, 12.955, 1079.75, 181.007, 0.984622, -0.0494878, 0.167545, 0.0327593, 0.994329, 0.101177, -0.171602, -0.0941321, 0.980659, 0.00279211  
226, 12.5663, 1077.96, 181.017, 0.984998, -0.0477149, 0.16584, 0.0322781, 0.994995, 0.0945631, -0.169522, -0.0877915, 0.981608, 0.00270113  
227, 12.0543, 1076.06, 181.006, 0.982606, -0.0468734, 0.179688, 0.0269515, 0.993371, 0.111749, -0.183735, -0.104962, 0.977356, 0.00282457  
228, 11.8892, 1073.92, 181.021, 0.982473, -0.0472244, 0.180326, 0.0278053, 0.993682, 0.108736, -0.184322, -0.101817, 0.977578, 0.00294412  
229, 11.3937, 1071.94, 181.26, 0.981993, -0.0500497, 0.182166, 0.0316758, 0.994238, 0.102411, -0.186242, -0.0947969, 0.97792, 0.00265814  
230, 11.2996, 1069.96, 181.216, 0.982097, -0.0475139, 0.182286, 0.0287854, 0.994156, 0.104046, -0.186164, -0.0969364, 0.977725, 0.00278629  
231, 11.3625, 1068.01, 181.013, 0.982024, -0.0465707, 0.182922, 0.0281741, 0.994394, 0.101913, -0.186643, -0.094927, 0.977831, 0.00275023  
232, 11.5666, 1066.07, 180.759, 0.984557, -0.0412447, 0.170135, 0.0256109, 0.995329, 0.0930828, -0.17318, -0.0872881, 0.981015, 0.00277491  
233, 13.5175, 1062.52, 184.165, 0.959333, 0.0713272, 0.273116, 0.0788659, -0.996745, -0.0167096, 0.271036, 0.0375697, -0.961836, 0.00278351  
234, 13.7514, 1060.46, 184.155, 0.959252, 0.06966, 0.273831, 0.0766225, -0.99695, -0.0148001, 0.271965, 0.0351786, -0.961664, 0.00265342  
235, 13.9156, 1058.51, 184.092, 0.958637, 0.0695604, 0.276002, 0.0762834, -0.996992, -0.013684, 0.27422, 0.0341723, -0.96106, 0.00276964  
236, 14.1385, 1056.39, 183.995, 0.957551, 0.0687525, 0.279946, 0.0726123, -0.997354, -0.00342708, 0.27897, 0.0236091, -0.96001, 0.0027677  
237, 14.286, 1054.27, 183.986, 0.958578, 0.0699773, 0.276101, 0.0732533, -0.997312, -0.00155665, 0.27525, 0.0217175, -0.961127, 0.00280404  
238, 13.6456, 1054.59, 183.399, 0.95146, 0.0069184, 0.307694, 0.0134454, -0.999727, -0.0190978, 0.307477, 0.0223079, -0.951294, 0.00276687  
239, 14.222, 1051.71, 183.494, 0.954295, 0.0231984, 0.297963, 0.027284, -0.999582, -0.0095591, 0.297617, 0.0172518, -0.95453, 0.00267034  
240, 13.3133, 1051.56, 180.958, 0.98901, 0.0152718, 0.147058, -0.0168297, 0.999815, 0.00935538, -0.146888, -0.0117275, 0.989084, 0.00282817  
241, 12.4778, 1050.02, 180.386, 0.992559, 0.032368, 0.117381, -0.0372415, 0.998523, 0.0395655, -0.115927, -0.0436426, 0.992298, 0.00277297  
242, 13.3444, 1047.01, 183.097, 0.938777, -0.0234086, 0.343729, -0.0165031, -0.999599, -0.0230022, 0.34413, 0.0159213, -0.938787, 0.00274912  
243, 13.1902, 1044.77, 183.1, 0.939627, -0.0200531, 0.341612, -0.016276, -0.999771, -0.0139195, 0.341813, 0.00751903, -0.939738, 0.002791  
244, 13.2816, 1042.54, 182.932, 0.941725, -0.0177539, 0.335916, -0.0125538, -0.999765, -0.0176457, 0.33615, 0.0124003, -0.941727, 0.00269142  
245, 13.2071, 1040.38, 182.994, 0.942811, -0.0170211, 0.332892, -0.0133776, -0.999823, -0.013234, 0.333058, 0.00802391, -0.942872, 0.00274773  
246, 13.068, 1038.54, 183.024, 0.939982, -0.0215879, 0.340539, -0.0200349, -0.999767, -0.00807657, 0.340634, 0.00076917, -0.940196, 0.0028143  
247, 12.8632, 1035.79, 183.556, 0.952511, -0.000163329, 0.304503, 0.00667108, -0.999749, -0.021404, 0.30443, 0.0224189, -0.952271, 0.00288947  
248, 13.254, 1034.34, 183.018, 0.939302, -0.021343, 0.342427, -0.0238943, -0.999709, 0.0032333, 0.342259, -0.0112191, -0.939539, 0.00280986  
249, 12.9997, 1031.57, 183.727, 0.951328, 0.00195879, 0.308175, 0.00464314, -0.999957, -0.00797741, 0.308146, 0.00902003, -0.951296, 0.00269808  
250, 13.1703, 1029.64, 183.846, 0.953403, 0.00378285, 0.301676, 0.0083823, -0.999868, -0.0139532, 0.301584, 0.0158318, -0.953308, 0.0027874  
251, 13.2495, 1027.34, 183.937, 0.953673, 0.0032432, 0.300826, 0.00533897, -0.999967, -0.00614486, 0.300796, 0.00746629, -0.953659, 0.00289502  
252, 13.9368, 1025.79, 183.335, 0.941358, -0.0183886, 0.336908, -0.023184, -0.999679, 0.0102158, 0.336612, -0.0174276, -0.941482, 0.00276992  
253, 14.1821, 1024.1, 183.198, 0.940848, -0.0195384, 0.338265, -0.023921, -0.999675, 0.00879184, 0.337983, -0.0163634, -0.94101, 0.00284315  
254, 14.8407, 1022.12, 182.973, 0.938708, -0.019871, 0.344141, -0.0273922, -0.99948, 0.0170066, 0.343624, -0.025391, -0.938764, 0.00280765  
255, 16.9876, 1023.18, 182.653, 0.156848, 0.563976, 0.810759, -0.736878, -0.479757, 0.476281, 0.657578, -0.672135, 0.340332, 0.00283733  
256, 4.82992, 1018.89, 179.456, -0.929809, -0.0424811, -0.365582, 0.0301156, -0.998767, 0.0394631, -0.366808, 0.0256834, 0.929942, 0.0028659  
257, 4.83924, 1016.92, 179.378, -0.929539, -0.0441632, -0.366069, 0.0325724, -0.998755, 0.037782, -0.367282, 0.0231961, 0.92982, 0.00282956  
258, 4.90716, 1014.99, 179.367, -0.931755, -0.0420863, -0.360639, 0.0307664, -0.998839, 0.0370751, -0.361781, 0.0234493, 0.931968, 0.0028229  
259, 5.12496, 1013.07, 179.251, -0.929049, -0.0434276, -0.367399, 0.0331359, -0.998863, 0.0342771, -0.36847, 0.019671, 0.929432, 0.00280432  
260, 5.0376, 1011.12, 179.368, -0.932708, -0.0392995, -0.358485, 0.0285317, -0.99897, 0.0352798, -0.359503, 0.0226775, 0.932868, 0.00291444  
261, 5.15603, 1009.14, 179.364, -0.930592, -0.0445641, -0.363336, 0.0334846, -0.998764, 0.0367388, -0.364524, 0.0220226, 0.930933, 0.00280404  
262, 7.89198, 1014.14, 175.889, -0.977554, 0.178061, 0.112618, 0.181336, 0.983229, 0.0194487, -0.107266, 0.0394337, -0.993448, 0.00291804  
263, 8.81397, 1013.47, 174.857, -0.965211, 0.212816, 0.151913, 0.216978, 0.976113, 0.0111719, -0.145906, 0.0437448, -0.988331, 0.00286784  
264, 8.65547, 1011.6, 174.955, -0.965071, 0.21561, 0.148833, 0.219183, 0.975652, 0.00784095, -0.143518, 0.0401887, -0.988831, 0.0027824  
265, 8.74637, 1009.59, 174.815, -0.965632, 0.223807, 0.132153, 0.22535, 0.974272, -0.00335721, -0.129505, 0.0265389, -0.991224, 0.00285064  
266, 8.65755, 1007.85, 174.732, -0.965197, 0.224972, 0.133351, 0.226226, 0.974057, -0.00586722, -0.131212, 0.0245045, -0.991051, 0.00264316  
267, 8.69853, 1005.93, 174.509, -0.966264, 0.223341, 0.128267, 0.224068, 0.974533, -0.00892067, -0.126993, 0.0201208, -0.9917, 0.00284398  
268, 8.41942, 1004.19, 174.63, -0.965776, 0.223358, 0.131863, 0.224441, 0.974464, -0.00678614, -0.130012, 0.0230416, -0.991245, 0.00293496  
269, 8.38241, 1002.35, 174.536, -0.965922, 0.219725, 0.136807, 0.221883, 0.975073, 0.000533756, -0.13328, 0.0308707, -0.990598, 0.00276188  
270, 9.5465, 990.897, 182.702, 0.981883, -0.0469322, 0.183584, 0.0499722, 0.998679, -0.0119654, -0.18278, 0.0209227, 0.982931, 0.00277713  
271, 8.84894, 988.792, 183.239, 0.983758, -0.0433716, 0.174181, 0.045659, 0.998915, -0.0091451, -0.173596, 0.0169495, 0.984671, 0.00288254  
272, 8.64734, 987.134, 183.352, 0.984047, -0.0459655, 0.171871, 0.048738, 0.99874, -0.0119443, -0.171105, 0.0201304, 0.985047, 0.00284287  
273, 9.00568, 985.492, 183.039, 0.985259, -0.0471036, 0.164459, 0.052887, 0.99812, -0.0309643, -0.162692, 0.0392056, 0.985898, 0.00300181  
274, 8.56278, 983.743, 182.912, 0.984342, -0.0461199, 0.170126, 0.0502429, 0.998537, -0.0200075, -0.168955, 0.0282418, 0.985219, 0.00277547  
275, 8.40033, 981.897, 182.94, 0.984931, -0.0441817, 0.167209, 0.0486001, 0.998567, -0.0224232, -0.165979, 0.0302117, 0.985666, 0.00278601  
276, 8.3116, 980.384, 182.901, 0.985444, -0.043415, 0.164361, 0.0471781, 0.998705, -0.0190596, -0.16332, 0.0265364, 0.986216, 0.00284509  
277, 2.3676, 980.031, 181.153, -0.948157, -0.0450368, -0.314596, 0.0381033, -0.998877, 0.028158, -0.315511, 0.014711, 0.948808, 0.00279294  
278, 1.95256, 978.525, 181.3, -0.949917, -0.0406698, -0.309844, 0.0308967, -0.99886, 0.0363866, -0.310971, 0.0249911, 0.950091, 0.00289086  
279, 1.94127, 976.795, 181.139, -0.949817, -0.0460577, -0.309398, 0.0360175, -0.998625, 0.0380881, -0.310727, 0.025033, 0.95017, 0.00267755  
280, 1.53563, 975.415, 181.141, -0.947133, -0.0454966, -0.317599, 0.03667, -0.998758, 0.0337181, -0.318738, 0.0202892, 0.947626, 0.0028168  
281, 1.33539, 973.657, 181.39, -0.949381, -0.0430847, -0.311158, 0.0348758, -0.998882, 0.0319005, -0.312184, 0.0194339, 0.949823, 0.00291055  
282, 1.11924, 971.847, 181.035, -0.946247, -0.0406759, -0.320878, 0.0303722, -0.998852, 0.0370533, -0.322017, 0.0253158, 0.946395, 0.00278268  
283, 1.0274, 970.512, 181.423, -0.951761, -0.0423198, -0.303908, 0.0292415, -0.998445, 0.0474586, -0.305444, 0.0362825, 0.951518, 0.00293885  
