0, 0, 0, 0, 0, 0, 0, 0, 0, 0, 0, 0, 0, 0.00629071  
1, -4.27676, 1129.05, 183.685, 0.956856, 0.0827464, 0.278531, 0.0728733, -0.996297, 0.0456348, 0.281276, -0.0233684, -0.959342, 0.00269226  
2, -4.2705, 1129.05, 183.665, 0.956769, 0.0832208, 0.278688, 0.0730923, -0.996238, 0.0465585, 0.281514, -0.0241759, -0.959253, 0.00282373  
3, -4.27974, 1129.08, 183.68, 0.957002, 0.0833501, 0.277848, 0.0736122, -0.996257, 0.0453167, 0.280585, -0.0229152, -0.959556, 0.00277297  
4, -4.24658, 1129.06, 183.665, 0.956642, 0.0822411, 0.279416, 0.0718519, -0.996296, 0.0472414, 0.282266, -0.0251166, -0.959007, 0.00268255  
5, -4.28397, 1129.02, 183.71, 0.956456, 0.0833534, 0.279723, 0.073252, -0.996234, 0.0463931, 0.282537, -0.0238826, -0.958959, 0.00279794  
6, -4.3324, 1129.05, 183.658, 0.956488, 0.0825306, 0.279855, 0.0720284, -0.996265, 0.0476247, 0.282741, -0.0253949, -0.95886, 0.00282789  
7, -4.30936, 1129, 183.645, 0.957154, 0.0820899, 0.2777, 0.0727622, -0.996389, 0.043748, 0.280289, -0.0216675, -0.959671, 0.00283649  
8, -4.33426, 1129.04, 183.656, 0.957172, 0.0825593, 0.2775, 0.0730377, -0.996336, 0.0444944, 0.280157, -0.0223208, -0.959695, 0.00280543  
9, -4.38746, 1129.06, 183.708, 0.956654, 0.0828422, 0.279196, 0.0725119, -0.996253, 0.0471457, 0.282055, -0.0248571, -0.959076, 0.00276354  
10, -4.35781, 1129.02, 183.656, 0.957262, 0.0827214, 0.277141, 0.0732957, -0.99633, 0.044218, 0.279782, -0.0220149, -0.959811, 0.00286257  
11, -4.36003, 1129.02, 183.665, 0.956879, 0.0835934, 0.278198, 0.0734916, -0.996208, 0.0465634, 0.281035, -0.0241104, -0.959394, 0.00294218  
12, -4.35393, 1129.05, 183.641, 0.957313, 0.0817667, 0.277248, 0.0719704, -0.996375, 0.0453465, 0.279951, -0.0234571, -0.959728, 0.0031283  
13, -4.45239, 1129.13, 183.674, 0.957061, 0.0835234, 0.277593, 0.0730628, -0.99618, 0.0478353, 0.280527, -0.0254997, -0.959507, 0.0028229  
14, -4.38591, 1129.01, 183.654, 0.956701, 0.0828316, 0.279037, 0.0720744, -0.996214, 0.0486115, 0.282007, -0.0263952, -0.959049, 0.00280154  
15, -4.34979, 1129.05, 183.662, 0.957264, 0.0826868, 0.277142, 0.0733017, -0.996335, 0.0440739, 0.279771, -0.0218754, -0.959818, 0.00282512  
16, -4.37174, 1129.05, 183.658, 0.95716, 0.0812835, 0.277915, 0.0721833, -0.996471, 0.0428393, 0.280416, -0.0209433, -0.95965, 0.00301513  
17, -4.33145, 1129.09, 183.631, 0.956912, 0.0819685, 0.278569, 0.0725663, -0.996396, 0.0439155, 0.281164, -0.0218086, -0.959412, 0.0027702  
18, -4.3781, 1129.07, 183.743, 0.957351, 0.0819293, 0.277066, 0.0734364, -0.99646, 0.0409103, 0.279438, -0.0188188, -0.959979, 0.00299654  
19, -4.35157, 1129.05, 183.689, 0.956612, 0.0835473, 0.27913, 0.0731666, -0.996192, 0.0474228, 0.282029, -0.0249422, -0.959082, 0.00269087  
20, -4.37455, 1129.11, 183.67, 0.95637, 0.0820443, 0.280403, 0.0723108, -0.996371, 0.0449022, 0.283069, -0.0226669, -0.958832, 0.00281347  
21, -4.30985, 1129.07, 183.634, 0.956942, 0.0811311, 0.27871, 0.0718829, -0.996474, 0.043261, 0.281238, -0.0213637, -0.9594, 0.00296603  
22, -4.28421, 1129.08, 183.649, 0.956986, 0.0819175, 0.278331, 0.0729172, -0.99643, 0.0425549, 0.280823, -0.0204293, -0.959542, 0.0028204  
23, -4.30028, 1129.11, 183.63, 0.957245, 0.0812731, 0.277628, 0.0723376, -0.996483, 0.0422959, 0.280089, -0.0204046, -0.959757, 0.00280071  
24, -4.25815, 1129.11, 183.632, 0.957163, 0.0824092, 0.277573, 0.073736, -0.996411, 0.0415604, 0.280002, -0.0193129, -0.959805, 0.00279821  
25, -4.23807, 1129.13, 183.653, 0.957188, 0.0819386, 0.277629, 0.0729482, -0.996426, 0.0425771, 0.280125, -0.0205018, -0.959744, 0.00283982  
26, -4.23624, 1129.13, 183.667, 0.957195, 0.081786, 0.277647, 0.072846, -0.996442, 0.0423818, 0.280125, -0.0203422, -0.959748, 0.00290528  
27, -4.30971, 1129.12, 183.707, 0.956794, 0.0826191, 0.278782, 0.0728663, -0.996318, 0.0451853, 0.281488, -0.0229193, -0.959291, 0.00283566  
28, -4.23935, 1129.11, 183.688, 0.957021, 0.0827581, 0.277961, 0.0732579, -0.996324, 0.0444107, 0.280615, -0.0221391, -0.959565, 0.00272859  
29, -4.37175, 1129.18, 183.634, 0.957427, 0.0832807, 0.276401, 0.0741381, -0.996304, 0.0433828, 0.278992, -0.021044, -0.960063, 0.00282096  
30, -4.33322, 1129.2, 183.613, 0.956807, 0.0837859, 0.27839, 0.0733448, -0.996164, 0.0477305, 0.281321, -0.0252504, -0.959282, 0.00274912  
31, -4.29759, 1129.17, 183.67, 0.957144, 0.0828211, 0.277517, 0.0741077, -0.996375, 0.0417601, 0.27997, -0.0194043, -0.959813, 0.00297657  
32, -4.26495, 1129.14, 183.669, 0.95671, 0.0821825, 0.2792, 0.0732861, -0.996419, 0.0421729, 0.281666, -0.0198857, -0.959306, 0.00275938  
33, -4.31627, 1129.18, 183.698, 0.957262, 0.0824824, 0.277211, 0.073418, -0.996376, 0.0429393, 0.279748, -0.0207519, -0.959849, 0.00273691  
34, -4.29429, 1129.16, 183.662, 0.956957, 0.0832006, 0.278049, 0.0741431, -0.996322, 0.0429524, 0.2806, -0.0204882, -0.959606, 0.00275106  
35, -4.28751, 1129.16, 183.719, 0.957621, 0.082369, 0.276002, 0.0737418, -0.996413, 0.0415102, 0.278431, -0.0193982, -0.96026, 0.0027125  
36, -4.36999, 1129.17, 183.683, 0.956554, 0.0841315, 0.279152, 0.0741563, -0.996179, 0.0461239, 0.281966, -0.0234192, -0.959139, 0.00291083  
37, -4.31402, 1129.21, 183.648, 0.957245, 0.083763, 0.276886, 0.0747363, -0.996275, 0.0430143, 0.279457, -0.0204818, -0.95994, 0.0027763  
38, -4.40304, 1129.23, 183.682, 0.956641, 0.082538, 0.27933, 0.0730964, -0.996351, 0.0440687, 0.281948, -0.0217399, -0.959183, 0.0027261  
39, -4.33849, 1129.19, 183.66, 0.957162, 0.083319, 0.277306, 0.0748072, -0.996348, 0.0411536, 0.279723, -0.0186461, -0.9599, 0.00270723  
40, -4.38289, 1129.19, 183.703, 0.956637, 0.0834165, 0.279084, 0.0742176, -0.996298, 0.0433862, 0.28167, -0.0207919, -0.959286, 0.00272942  
41, -4.37362, 1129.2, 183.676, 0.956656, 0.0837298, 0.278925, 0.0742531, -0.996251, 0.0443891, 0.281596, -0.0217541, -0.959286, 0.0028634  
42, -4.35245, 1129.21, 183.703, 0.957107, 0.0823839, 0.277774, 0.0740907, -0.996439, 0.0402408, 0.2801, -0.0179344, -0.959803, 0.00278185  
43, -4.36767, 1129.23, 183.701, 0.957321, 0.0817581, 0.277224, 0.0729791, -0.996455, 0.0418574, 0.279663, -0.0198394, -0.959893, 0.00271694  
44, -4.43452, 1129.22, 183.702, 0.957185, 0.0832753, 0.277241, 0.074621, -0.996342, 0.0416412, 0.279694, -0.0191704, -0.959898, 0.00271916  
45, -4.30957, 1129.16, 183.664, 0.956662, 0.0839294, 0.278844, 0.0740786, -0.996205, 0.0456984, 0.281621, -0.0230616, -0.959249, 0.00275522  
46, -4.38472, 1129.2, 183.683, 0.957173, 0.0839694, 0.277071, 0.0749103, -0.996257, 0.0431403, 0.279657, -0.0205372, -0.95988, 0.00293274  
47, -4.33031, 1129.16, 183.646, 0.956854, 0.0837295, 0.278244, 0.0738851, -0.996219, 0.0456997, 0.281019, -0.0231699, -0.959423, 0.00273636  
48, -4.29782, 1129.25, 183.567, 0.956684, 0.0840898, 0.27872, 0.0739228, -0.996165, 0.0468089, 0.281587, -0.0241776, -0.959231, 0.00281319  
49, -4.27387, 1129.18, 183.637, 0.95717, 0.0830844, 0.277348, 0.0741892, -0.996341, 0.0424328, 0.279858, -0.0200392, -0.959832, 0.00266812  
50, -4.31479, 1129.21, 183.691, 0.957195, 0.0815517, 0.277717, 0.0728769, -0.99648, 0.0414349, 0.280118, -0.0194221, -0.959769, 0.00271611  
51, -4.29984, 1129.21, 183.67, 0.957036, 0.0830413, 0.277825, 0.073828, -0.996323, 0.0434802, 0.280414, -0.0211009, -0.959647, 0.00288337  
52, -4.28599, 1129.16, 183.669, 0.956537, 0.0829441, 0.279565, 0.0730826, -0.996286, 0.0455345, 0.282304, -0.0231241, -0.959046, 0.00275272  
53, -4.28731, 1129.2, 183.677, 0.957033, 0.0829124, 0.277872, 0.074138, -0.996365, 0.0419564, 0.280341, -0.0195528, -0.959701, 0.00274773  
54, -4.29128, 1129.14, 183.689, 0.957224, 0.0823326, 0.277386, 0.0733299, -0.996393, 0.0426935, 0.2799, -0.0205266, -0.95981, 0.00268615  
55, -4.27984, 1129.15, 183.639, 0.957334, 0.0825019, 0.276956, 0.0737542, -0.996397, 0.0418737, 0.279413, -0.0196604, -0.95997, 0.00276715  
56, -4.25909, 1129.14, 183.642, 0.957237, 0.0823653, 0.277332, 0.0730955, -0.996371, 0.0436181, 0.279918, -0.0214811, -0.959783, 0.002829  
57, -4.29731, 1129.19, 183.655, 0.957027, 0.0827731, 0.277936, 0.0738635, -0.996367, 0.0423945, 0.280435, -0.0200434, -0.959664, 0.00272166  
58, -4.28606, 1129.14, 183.623, 0.956892, 0.0831542, 0.278285, 0.0740111, -0.99632, 0.0432204, 0.280855, -0.0207611, -0.959526, 0.00303621  
59, -4.30283, 1129.15, 183.636, 0.956916, 0.0818593, 0.278586, 0.072622, -0.996418, 0.0433363, 0.281135, -0.0212378, -0.959433, 0.00290556  
60, -4.33463, 1129.14, 183.677, 0.956353, 0.083544, 0.280015, 0.0732153, -0.9962, 0.0471645, 0.282892, -0.0246045, -0.958836, 0.00444752  
61, -4.38195, 1129.2, 183.601, 0.956311, 0.084435, 0.279893, 0.0736108, -0.996083, 0.048981, 0.282933, -0.0262379, -0.958781, 0.00291915  
62, -4.38697, 1129.16, 183.666, 0.956611, 0.0835921, 0.279119, 0.0732318, -0.99619, 0.0473604, 0.282014, -0.0248651, -0.959088, 0.00279267  
63, -4.38317, 1129.14, 183.683, 0.956752, 0.0835856, 0.278639, 0.0739002, -0.996245, 0.0451036, 0.281363, -0.0225615, -0.959336, 0.00273802  
64, -4.36343, 1129.12, 183.688, 0.957461, 0.0823067, 0.276575, 0.0736453, -0.996417, 0.0415775, 0.279006, -0.0194404, -0.960092, 0.00272166  
65, -4.38112, 1129.12, 183.633, 0.957135, 0.0819361, 0.27781, 0.0732015, -0.996446, 0.041687, 0.280238, -0.019564, -0.959731, 0.00266701  
66, -4.37959, 1129.08, 183.632, 0.957187, 0.0823181, 0.277519, 0.0734254, -0.996403, 0.042304, 0.280003, -0.0201159, -0.959788, 0.00256521  
67, -4.35648, 1129.1, 183.628, 0.957118, 0.0827096, 0.27764, 0.073319, -0.996335, 0.0440551, 0.280267, -0.0218096, -0.959674, 0.00268393  
68, -4.37782, 1129.07, 183.661, 0.956833, 0.0835262, 0.278378, 0.0732793, -0.996202, 0.0470327, 0.281249, -0.0246031, -0.959319, 0.0029627  
69, -4.32268, 1129.09, 183.613, 0.957313, 0.0822437, 0.277105, 0.0731959, -0.996396, 0.042857, 0.279632, -0.0207446, -0.959883, 0.00290168  
70, -4.3522, 1129.08, 183.646, 0.957405, 0.0819602, 0.276873, 0.0726818, -0.996401, 0.0436276, 0.279453, -0.0216456, -0.959915, 0.00272831  
71, -4.30874, 1129.08, 183.621, 0.957205, 0.081946, 0.277566, 0.0730816, -0.996435, 0.0421513, 0.28003, -0.0200625, -0.959781, 0.00275245  
72, -4.37154, 1129.06, 183.658, 0.95665, 0.0826921, 0.279255, 0.0724478, -0.996272, 0.0468272, 0.282086, -0.0245658, -0.959074, 0.00267006  
73, -4.37285, 1129.06, 183.665, 0.957157, 0.0828535, 0.277463, 0.0733363, -0.996313, 0.0445238, 0.280129, -0.0222682, -0.959704, 0.00270058  
74, -4.36346, 1129.08, 183.703, 0.956963, 0.0827828, 0.278154, 0.0727047, -0.996275, 0.0463726, 0.280957, -0.0241538, -0.959417, 0.00283843  
75, -4.36121, 1129.08, 183.677, 0.956842, 0.0831826, 0.278451, 0.0732265, -0.996255, 0.0459864, 0.281233, -0.0236117, -0.959349, 0.00273442  
76, -4.36904, 1129.06, 183.673, 0.956738, 0.0832102, 0.278799, 0.0733715, -0.996263, 0.0455599, 0.281549, -0.0231329, -0.959268, 0.00271833  
77, -4.3437, 1129.09, 183.642, 0.956968, 0.0828646, 0.278111, 0.0733921, -0.996318, 0.0443186, 0.28076, -0.0220003, -0.959526, 0.00269558  
78, -4.31733, 1129.08, 183.652, 0.957448, 0.0825267, 0.276554, 0.0732019, -0.996351, 0.0438919, 0.279167, -0.0217799, -0.959995, 0.00277075  
79, -4.33122, 1129.07, 183.661, 0.956702, 0.0832085, 0.278921, 0.0729792, -0.996231, 0.0468791, 0.281771, -0.0244939, -0.959169, 0.0028892  
80, -4.30356, 1129.08, 183.627, 0.956453, 0.0830587, 0.27982, 0.0727888, -0.996243, 0.0469147, 0.282666, -0.0245039, -0.958905, 0.00265758  
81, -4.3045, 1129.11, 183.65, 0.956292, 0.0831595, 0.280338, 0.0728018, -0.99623, 0.0471793, 0.283205, -0.0247081, -0.958741, 0.00278546  
82, -5.02345, 1131.43, 181.421, 0.984611, -0.0192964, 0.173689, 0.026006, 0.998998, -0.0364368, -0.172812, 0.0403931, 0.984126, 0.00273164  
83, -4.95784, 1131.38, 181.312, 0.984377, -0.0185909, 0.17509, 0.0244531, 0.999208, -0.031383, -0.174368, 0.0351742, 0.984052, 0.00272443  
84, -5.00542, 1131.46, 181.389, 0.984562, -0.018479, 0.174059, 0.0248531, 0.999095, -0.0345121, -0.173263, 0.0383052, 0.98413, 0.00288864  
85, -4.90988, 1131.04, 181.385, 0.982907, -0.0324254, 0.181226, 0.0373498, 0.999018, -0.0238254, -0.180275, 0.0301869, 0.983153, 0.00274413  
86, -4.95124, 1131.11, 181.436, 0.98309, -0.0342127, 0.1799, 0.0396281, 0.998861, -0.0265941, -0.178786, 0.0332735, 0.983325, 0.00275661  
87, -4.88856, 1131.08, 181.528, 0.981414, -0.0297928, 0.189576, 0.0345069, 0.999171, -0.021614, -0.188775, 0.027754, 0.981628, 0.00277852  
88, -4.87641, 1131.07, 181.53, 0.981972, -0.0323516, 0.186239, 0.0370091, 0.999082, -0.0215854, -0.185369, 0.0280888, 0.982267, 0.00278795  
89, -4.92525, 1131.1, 181.457, 0.98228, -0.0319152, 0.184685, 0.0363236, 0.999129, -0.0205353, -0.183868, 0.0268798, 0.982583, 0.00285785  
90, -4.94456, 1131.11, 181.408, 0.982582, -0.0322416, 0.183009, 0.0368314, 0.999085, -0.0217357, -0.182141, 0.0280976, 0.982871, 0.00272998  
91, -4.89345, 1131.12, 181.463, 0.981927, -0.0308955, 0.186723, 0.0354073, 0.999155, -0.0208759, -0.18592, 0.0271099, 0.982191, 0.00277381  
92, -4.92614, 1131.12, 181.428, 0.982735, -0.0317678, 0.182269, 0.0366385, 0.999054, -0.023417, -0.181353, 0.0296908, 0.98297, 0.00264039  
93, -4.91416, 1131.18, 181.474, 0.982155, -0.0306592, 0.185558, 0.035219, 0.999152, -0.0213265, -0.184747, 0.0274811, 0.982402, 0.00277519  
94, -4.91895, 1131.12, 181.517, 0.981971, -0.0313148, 0.186421, 0.0358857, 0.999131, -0.0211946, -0.185595, 0.0275023, 0.982241, 0.00292886  
95, -4.88359, 1131.12, 181.434, 0.982717, -0.0323509, 0.182266, 0.0374298, 0.998999, -0.0244935, -0.181292, 0.0308924, 0.982944, 0.00280876  
96, -4.90996, 1131.09, 181.434, 0.982764, -0.0325991, 0.181965, 0.0375391, 0.999012, -0.0237689, -0.181011, 0.0301901, 0.983018, 0.00279932  
97, -4.92818, 1131.21, 181.561, 0.98267, -0.0329359, 0.182416, 0.0383509, 0.99892, -0.0262362, -0.181355, 0.0327773, 0.982871, 0.00274523  
98, -4.85408, 1131.19, 181.501, 0.982137, -0.0319712, 0.18543, 0.036365, 0.999132, -0.0203417, -0.184619, 0.0267215, 0.982447, 0.0027358  
99, -4.88673, 1131.16, 181.474, 0.98237, -0.0323294, 0.184133, 0.0370333, 0.999068, -0.0221639, -0.183245, 0.0285922, 0.982651, 0.00301318  
100, -4.88329, 1131.16, 181.504, 0.98186, -0.033091, 0.1867, 0.0378614, 0.99904, -0.0220423, -0.185791, 0.0287112, 0.98217, 0.00279294  
101, -4.95974, 1131.15, 181.513, 0.982619, -0.0349056, 0.18232, 0.0401815, 0.998871, -0.0253232, -0.181231, 0.0322089, 0.982913, 0.00282096  
102, -4.86919, 1131.22, 181.499, 0.982134, -0.0309367, 0.185624, 0.0355974, 0.999128, -0.0218274, -0.184787, 0.0280452, 0.982378, 0.00284981  
103, -4.89664, 1131.17, 181.451, 0.982212, -0.0318206, 0.185058, 0.0366748, 0.999066, -0.022866, -0.184157, 0.0292462, 0.982462, 0.00281541  
104, -4.90569, 1131.18, 181.361, 0.98233, -0.0317031, 0.184453, 0.0359816, 0.999154, -0.0198941, -0.183667, 0.0261795, 0.98264, 0.0030387  
105, -4.8427, 1131.2, 181.555, 0.981593, -0.0312578, 0.188409, 0.0358745, 0.999133, -0.0211428, -0.187584, 0.0275127, 0.981863, 0.00279405  
106, -4.91422, 1131.16, 181.253, 0.983539, -0.0327536, 0.177703, 0.0378025, 0.99897, -0.0251001, -0.176698, 0.0314045, 0.983764, 0.00280348  
107, -4.88199, 1131.22, 181.509, 0.982131, -0.0300699, 0.185779, 0.0343825, 0.999208, -0.0200347, -0.185029, 0.0260643, 0.982387, 0.00285563  
108, -4.90013, 1131.16, 181.417, 0.982345, -0.0326558, 0.184204, 0.0371177, 0.999094, -0.0208256, -0.183357, 0.0272952, 0.982667, 0.00281569  
109, -4.90884, 1131.16, 181.441, 0.982192, -0.0315974, 0.185202, 0.0357288, 0.999181, -0.0190117, -0.184449, 0.0252902, 0.982517, 0.00289086  
110, -4.90306, 1131.14, 181.512, 0.981757, -0.0317325, 0.187472, 0.036374, 0.99911, -0.0213697, -0.186627, 0.0277989, 0.982037, 0.00272221  
111, -4.96208, 1131.16, 181.476, 0.983064, -0.0353152, 0.179829, 0.0407021, 0.998824, -0.0263534, -0.178687, 0.0332265, 0.983345, 0.00283011  
112, -4.86052, 1131.16, 181.522, 0.981799, -0.0313828, 0.187312, 0.0360684, 0.999115, -0.0216585, -0.186467, 0.0280204, 0.982062, 0.00281985  
113, -4.93206, 1131.25, 181.53, 0.981976, -0.0311497, 0.186423, 0.0363743, 0.999034, -0.0246702, -0.185475, 0.0310066, 0.98216, 0.00285119  
114, -4.9303, 1131.08, 181.436, 0.982631, -0.0330905, 0.182599, 0.0380451, 0.998995, -0.0236969, -0.181631, 0.0302323, 0.982902, 0.00293829  
115, -4.92134, 1131.1, 181.538, 0.981936, -0.0309329, 0.18667, 0.0353742, 0.999164, -0.0205078, -0.18588, 0.0267406, 0.982209, 0.00279877  
116, -4.93751, 1131.1, 181.499, 0.982212, -0.0307846, 0.185233, 0.0352764, 0.999157, -0.0210017, -0.18443, 0.0271625, 0.98247, 0.00290889  
117, -4.98023, 1131.1, 181.524, 0.982611, -0.0350696, 0.182335, 0.0404369, 0.998849, -0.0258015, -0.18122, 0.0327259, 0.982898, 0.00270834  
118, -4.91011, 1131.1, 181.451, 0.981979, -0.0311154, 0.186413, 0.0357224, 0.999132, -0.0214054, -0.185586, 0.0276788, 0.982238, 0.00273691  
119, -4.88896, 1131.08, 181.457, 0.982398, -0.0310131, 0.184207, 0.0353913, 0.999163, -0.0205273, -0.183417, 0.0266853, 0.982673, 0.00320402  
120, -4.88124, 1131.08, 181.556, 0.981517, -0.0322305, 0.188644, 0.0367883, 0.999108, -0.0207086, -0.187808, 0.0272658, 0.981827, 0.002791  
121, -4.93229, 1131.11, 181.513, 0.982246, -0.0311004, 0.185, 0.0359114, 0.999097, -0.022711, -0.184126, 0.0289514, 0.982476, 0.00284842  
122, -4.94895, 1131.05, 181.458, 0.982944, -0.0366188, 0.180222, 0.0418779, 0.998798, -0.0254626, -0.179073, 0.0325756, 0.983296, 0.00275938  
123, -4.99402, 1131.06, 181.454, 0.982839, -0.0342084, 0.181263, 0.0391399, 0.998953, -0.0236988, -0.180263, 0.0303868, 0.983149, 0.00274135  
124, -4.96798, 1131.03, 181.472, 0.98329, -0.0357787, 0.178495, 0.0414642, 0.998741, -0.0282225, -0.17726, 0.0351521, 0.983536, 0.00314106  
125, -4.94899, 1131.03, 181.428, 0.983301, -0.0346302, 0.17866, 0.040197, 0.99881, -0.0276326, -0.17749, 0.0343528, 0.983523, 0.002753  
126, -4.89526, 1131, 181.508, 0.982594, -0.0359722, 0.182248, 0.0413734, 0.998807, -0.0259204, -0.181099, 0.0330095, 0.982911, 0.00285175  
127, -4.98121, 1131, 181.544, 0.982565, -0.034893, 0.182618, 0.0405486, 0.998804, -0.0273269, -0.181446, 0.0342554, 0.982804, 0.00271583  
128, -4.94651, 1131.05, 181.471, 0.983442, -0.0342851, 0.177951, 0.0399954, 0.99879, -0.0286005, -0.176755, 0.0352442, 0.983624, 0.0027444  
129, -4.95557, 1131.05, 181.556, 0.982628, -0.0340253, 0.182439, 0.039255, 0.998913, -0.0251307, -0.181386, 0.0318558, 0.982896, 0.00296548  
130, -4.94583, 1131, 181.534, 0.982338, -0.03499, 0.183815, 0.0402707, 0.998874, -0.0250732, -0.182731, 0.0320327, 0.982641, 0.00273525  
131, -4.97341, 1131.05, 181.46, 0.982762, -0.03495, 0.181543, 0.040273, 0.998858, -0.0257162, -0.180437, 0.0325842, 0.983047, 0.00275688  
132, -4.90058, 1131.02, 181.394, 0.983273, -0.0343121, 0.178875, 0.0396505, 0.998866, -0.0263544, -0.177768, 0.0330061, 0.983519, 0.00279378  
133, -4.96779, 1131.02, 181.408, 0.982978, -0.0356195, 0.180236, 0.0412683, 0.998764, -0.027688, -0.179027, 0.0346547, 0.983234, 0.00275467  
134, -4.93421, 1130.98, 181.447, 0.982688, -0.0355027, 0.181836, 0.0410705, 0.998793, -0.0269448, -0.18066, 0.0339464, 0.98296, 0.00323121  
135, -4.99031, 1131, 181.43, 0.9829, -0.0344725, 0.180882, 0.0399167, 0.99885, -0.0265438, -0.179759, 0.0333102, 0.983147, 0.00299099  
136, -4.89157, 1131.03, 181.459, 0.982266, -0.0308237, 0.184944, 0.0355605, 0.999118, -0.0223491, -0.184092, 0.0285294, 0.982495, 0.00303954  
137, -4.94425, 1131.02, 181.465, 0.982474, -0.031563, 0.18371, 0.0361293, 0.999114, -0.0215614, -0.182867, 0.0278209, 0.982744, 0.00296548  
138, -4.89987, 1131.02, 181.444, 0.982401, -0.031776, 0.184063, 0.0368548, 0.999027, -0.0242368, -0.183114, 0.0305939, 0.982616, 0.00299377  
139, -4.91252, 1131.02, 181.505, 0.981924, -0.0317742, 0.186591, 0.0365966, 0.999078, -0.0224567, -0.185706, 0.0288793, 0.982181, 0.00363618  
140, -4.94578, 1131.04, 181.526, 0.982693, -0.0341229, 0.182072, 0.0395144, 0.998879, -0.0260657, -0.180979, 0.032809, 0.98294, 0.0028867  
141, -4.91912, 1131.03, 181.447, 0.982491, -0.0316957, 0.183595, 0.0369177, 0.999003, -0.0250945, -0.182616, 0.0314331, 0.982682, 0.00286229  
142, -4.98309, 1131.02, 181.387, 0.983654, -0.0342677, 0.176779, 0.0397485, 0.99883, -0.0275551, -0.175628, 0.0341313, 0.983865, 0.00273358  
143, -4.92548, 1131.04, 181.433, 0.982467, -0.0306654, 0.183898, 0.0352159, 0.999148, -0.0215296, -0.183081, 0.0276282, 0.98271, 0.0026978  
144, -4.96161, 1131.06, 181.463, 0.982871, -0.035327, 0.180875, 0.0408749, 0.998798, -0.0270367, -0.179703, 0.0339668, 0.983134, 0.00289779  
145, -4.98337, 1131.13, 181.348, 0.983582, -0.035038, 0.17703, 0.0410737, 0.998689, -0.030544, -0.175728, 0.0373138, 0.983731, 0.00270501  
146, -4.95051, 1131.06, 181.417, 0.98348, -0.0360839, 0.177386, 0.0415414, 0.998768, -0.0271485, -0.176187, 0.0340689, 0.983767, 0.00271999  
147, -4.93607, 1131.03, 181.482, 0.982791, -0.0349877, 0.181376, 0.0406586, 0.998791, -0.027642, -0.180189, 0.0345408, 0.983025, 0.00273553  
148, -4.99765, 1131.01, 181.407, 0.983417, -0.0346154, 0.178025, 0.0402262, 0.998798, -0.0280035, -0.176842, 0.0347004, 0.983627, 0.0027727  
149, -4.94876, 1131.02, 181.459, 0.983175, -0.0352048, 0.179243, 0.0408328, 0.998779, -0.0278055, -0.178046, 0.0346567, 0.983412, 0.00273886  
150, -4.93149, 1131.04, 181.377, 0.982802, -0.0311311, 0.182018, 0.0358491, 0.9991, -0.0226869, -0.181148, 0.028822, 0.983033, 0.00268282  
151, -4.94461, 1131.05, 181.46, 0.982235, -0.0321622, 0.18488, 0.0369078, 0.99907, -0.0222836, -0.183991, 0.0287112, 0.982508, 0.00273775  
152, -4.89643, 1131.15, 181.512, 0.981948, -0.029251, 0.186874, 0.0341401, 0.999152, -0.0229972, -0.186043, 0.028962, 0.982115, 0.00269725  
153, -4.93123, 1131.07, 181.412, 0.982438, -0.0313876, 0.183932, 0.0362167, 0.99908, -0.0229542, -0.183042, 0.0292124, 0.982671, 0.00270668  
154, -4.87547, 1131.13, 181.527, 0.981998, -0.0315747, 0.186232, 0.0362298, 0.999109, -0.0216452, -0.185383, 0.0280027, 0.982267, 0.00287505  
155, -4.92568, 1131.1, 181.505, 0.982149, -0.0315155, 0.185446, 0.0360668, 0.999124, -0.0212195, -0.184615, 0.0275291, 0.982425, 0.00270418  
156, -4.89385, 1131.11, 181.367, 0.982668, -0.031641, 0.182657, 0.0365447, 0.999055, -0.0235424, -0.181739, 0.0298095, 0.982895, 0.00272915  
157, -4.90657, 1131.07, 181.454, 0.982791, -0.0352273, 0.181333, 0.0406426, 0.998829, -0.0262342, -0.180197, 0.0331526, 0.983072, 0.00281097  
158, -4.84164, 1131.15, 181.514, 0.981576, -0.0306959, 0.188591, 0.0353493, 0.999147, -0.02136, -0.187775, 0.0276331, 0.981823, 0.00269808  
159, -4.94525, 1131.09, 181.409, 0.98314, -0.0352888, 0.179419, 0.0406801, 0.998822, -0.0264575, -0.178274, 0.0333102, 0.983417, 0.0027702  
160, -4.87957, 1131.18, 181.49, 0.982359, -0.0311111, 0.184399, 0.0357871, 0.999115, -0.0220834, -0.183549, 0.0282929, 0.982603, 0.00266701  
161, -4.90079, 1131.11, 181.494, 0.982625, -0.0346477, 0.182339, 0.0401217, 0.998846, -0.026417, -0.181214, 0.0332737, 0.982881, 0.00272249  
162, -4.91985, 1131.16, 181.462, 0.982627, -0.0322167, 0.182775, 0.037369, 0.998993, -0.0248145, -0.181792, 0.0312136, 0.982841, 0.00268005  
163, -4.93396, 1131.08, 181.378, 0.982583, -0.0332401, 0.182829, 0.0381403, 0.999, -0.0233507, -0.18187, 0.0299172, 0.982867, 0.00274357  
164, -4.90821, 1131.11, 181.487, 0.982014, -0.0307773, 0.186281, 0.0353573, 0.999147, -0.0213137, -0.185466, 0.0275167, 0.982265, 0.00290223  
165, -4.99321, 1131.15, 181.38, 0.982442, -0.0325928, 0.183699, 0.0368264, 0.999128, -0.0196809, -0.182897, 0.0261003, 0.982786, 0.00272166  
166, -4.98873, 1131.27, 181.405, 0.982946, -0.0352093, 0.180493, 0.0397842, 0.998971, -0.0217884, -0.17954, 0.0285976, 0.983335, 0.00275633  
167, -4.97747, 1131.29, 181.48, 0.982489, -0.0349798, 0.183008, 0.0392098, 0.99904, -0.0195453, -0.182148, 0.0263788, 0.982917, 0.00272526  
168, -5.11745, 1131.45, 181.443, 0.982753, -0.0353052, 0.18152, 0.0393609, 0.999048, -0.018788, -0.180684, 0.0256087, 0.983208, 0.00274163  
169, -5.00251, 1131.48, 181.505, 0.981297, -0.0333134, 0.189597, 0.0366729, 0.999226, -0.0142371, -0.188976, 0.0209239, 0.981759, 0.00290001  
170, -4.99571, 1131.46, 181.434, 0.981858, -0.0323003, 0.186846, 0.0345922, 0.999361, -0.00901844, -0.186435, 0.0153182, 0.982348, 0.0026942  
171, -5.06005, 1131.6, 181.482, 0.9819, -0.0331349, 0.186479, 0.0363063, 0.999248, -0.0136166, -0.185888, 0.0201405, 0.982365, 0.00271999  
172, -5.07853, 1131.53, 181.468, 0.981035, -0.0328564, 0.191025, 0.0341682, 0.99941, -0.00357665, -0.190795, 0.0100358, 0.981579, 0.0027211  
173, -4.9909, 1131.62, 181.446, 0.981534, -0.0304444, 0.188851, 0.031148, 0.999514, -0.000758363, -0.188737, 0.0066267, 0.982005, 0.00275522  
174, -5.07575, 1131.66, 181.387, 0.981611, -0.0313006, 0.188309, 0.0315819, 0.9995, 0.00150723, -0.188262, 0.00446765, 0.982109, 0.00298073  
175, -5.09664, 1131.74, 181.423, 0.981442, -0.0318827, 0.189089, 0.0311944, 0.999491, 0.00661572, -0.189204, -0.000594413, 0.981938, 0.00271944  
176, -5.11783, 1131.74, 181.348, 0.981765, -0.0327894, 0.187251, 0.03216, 0.999462, 0.00639896, -0.18736, -0.000260289, 0.982291, 0.00273137  
177, -5.00189, 1131.78, 181.404, 0.981692, -0.0326211, 0.187659, 0.0315827, 0.999465, 0.00852162, -0.187837, -0.00243882, 0.982197, 0.00277242  
178, -4.96861, 1131.91, 181.492, 0.98122, -0.0342022, 0.189838, 0.0333535, 0.999414, 0.00766441, -0.189989, -0.0011887, 0.981786, 0.00271722  
179, -4.92428, 1131.96, 181.435, 0.981567, -0.0320939, 0.188404, 0.0306873, 0.999475, 0.0103788, -0.188638, -0.00440586, 0.982037, 0.00283455  
180, -4.97512, 1131.9, 181.409, 0.982392, -0.0323096, 0.184017, 0.0300165, 0.999433, 0.0152344, -0.184404, -0.00944261, 0.982805, 0.00274302  
181, -4.86173, 1131.96, 181.551, 0.980647, -0.0338566, 0.192835, 0.0309604, 0.999358, 0.0180135, -0.193322, -0.0116946, 0.981066, 0.00287755  
182, -4.95729, 1131.99, 181.503, 0.980412, -0.0340637, 0.19399, 0.0306806, 0.999321, 0.0204181, -0.194554, -0.0140664, 0.980791, 0.00281097  
183, -4.93848, 1131.89, 181.408, 0.981549, -0.0326781, 0.188397, 0.0281237, 0.999245, 0.026798, -0.189131, -0.0210051, 0.981727, 0.00280432  
184, -4.96169, 1131.81, 181.428, 0.981496, -0.0336862, 0.188494, 0.0283394, 0.999118, 0.0309902, -0.189372, -0.0250749, 0.981585, 0.00295993  
185, -4.96445, 1131.86, 181.465, 0.981565, -0.0316002, 0.188497, 0.0259218, 0.999135, 0.032515, -0.189362, -0.0270294, 0.981535, 0.00275494  
186, -4.94892, 1131.81, 181.458, 0.980581, -0.0317492, 0.193526, 0.0244644, 0.998903, 0.0399178, -0.194581, -0.0344081, 0.980283, 0.00279655  
187, -4.92354, 1131.72, 181.562, 0.980174, -0.0328305, 0.195398, 0.0252044, 0.998825, 0.0413882, -0.196527, -0.0356427, 0.97985, 0.00275494  
188, -4.9181, 1131.61, 181.486, 0.979934, -0.0320314, 0.196732, 0.0233367, 0.998652, 0.0463563, -0.197952, -0.0408351, 0.979361, 0.00275966  
189, -5.0842, 1131.48, 181.334, 0.980636, -0.0330746, 0.193028, 0.0239351, 0.998488, 0.0494901, -0.194373, -0.0439116, 0.979944, 0.00304869  
190, -5.02892, 1131.35, 181.315, 0.980626, -0.0340162, 0.192911, 0.0240047, 0.998252, 0.0539995, -0.194411, -0.0483226, 0.979729, 0.0028401  
191, -5.10608, 1131.21, 181.263, 0.980618, -0.0316619, 0.193352, 0.0207286, 0.998083, 0.0583102, -0.194828, -0.0531721, 0.979395, 0.00282151  
192, -5.06249, 1131.13, 181.286, 0.980646, -0.033386, 0.192923, 0.0225605, 0.998059, 0.0580403, -0.194486, -0.0525646, 0.979496, 0.00267672  
193, -5.12517, 1130.96, 181.236, 0.980595, -0.0332713, 0.193198, 0.0218374, 0.997898, 0.0610134, -0.194822, -0.0556105, 0.979261, 0.00279905  
194, -5.16422, 1130.82, 181.279, 0.979991, -0.0349578, 0.19595, 0.0224253, 0.99758, 0.0658156, -0.197777, -0.0601044, 0.978403, 0.00298572  
195, -5.28918, 1130.7, 181.209, 0.980948, -0.0352999, 0.191037, 0.0225215, 0.997386, 0.0686529, -0.192961, -0.0630425, 0.979179, 0.0027358  
196, -5.30087, 1130.43, 181.159, 0.980652, -0.0321578, 0.193099, 0.0183684, 0.997179, 0.0727813, -0.194895, -0.0678262, 0.978476, 0.00284426  
197, -5.36613, 1130.17, 181.283, 0.980301, -0.0313421, 0.195006, 0.0170005, 0.997054, 0.0747884, -0.196776, -0.07, 0.977946, 0.00275744  
198, -5.3472, 1129.9, 181.295, 0.979772, -0.0306761, 0.197752, 0.0151887, 0.99673, 0.0793639, -0.199539, -0.0747549, 0.977034, 0.00276632  
199, -5.56318, 1129.56, 181.212, 0.97948, -0.0321944, 0.198951, 0.0154171, 0.996235, 0.0853098, -0.200949, -0.0804921, 0.976289, 0.00306006  
200, -5.56787, 1129.26, 181.186, 0.979654, -0.0303498, 0.198384, 0.0137562, 0.996329, 0.0844929, -0.20022, -0.0800448, 0.976476, 0.00276493  
201, -5.70988, 1128.94, 181.209, 0.979445, -0.0311687, 0.199291, 0.0131887, 0.995771, 0.0909191, -0.201282, -0.0864219, 0.975714, 0.00287644  
202, -5.70577, 1128.66, 181.151, 0.97933, -0.0298824, 0.200048, 0.0114081, 0.995613, 0.0928725, -0.201946, -0.0886707, 0.975374, 0.00270391  
203, -5.76656, 1128.17, 181.172, 0.980442, -0.029098, 0.194646, 0.0117924, 0.995919, 0.0894828, -0.196455, -0.0854373, 0.976783, 0.00289779  
204, -5.79012, 1127.73, 181.073, 0.980318, -0.0315921, 0.194883, 0.0135108, 0.995535, 0.0934209, -0.196964, -0.0889491, 0.976367, 0.00285813  
205, -5.81831, 1127.1, 181.256, 0.979423, -0.0318671, 0.199286, 0.012538, 0.995155, 0.0975115, -0.201428, -0.0930064, 0.975078, 0.00275467  
206, -5.85643, 1126.7, 181.081, 0.979926, -0.0317893, 0.19681, 0.0124201, 0.995022, 0.0988788, -0.198973, -0.0944495, 0.975443, 0.00287893  
207, -5.92369, 1126.04, 181.029, 0.980283, -0.0301359, 0.195287, 0.00972837, 0.994464, 0.104628, -0.197359, -0.100665, 0.975149, 0.00276798  
208, -5.79459, 1125.58, 180.954, 0.979257, -0.0291494, 0.200516, 0.00877965, 0.994773, 0.101735, -0.202434, -0.0978643, 0.974394, 0.00274191  
209, -5.85829, 1124.81, 180.888, 0.980449, -0.0318898, 0.194175, 0.0118769, 0.994572, 0.103371, -0.196417, -0.0990439, 0.975505, 0.00293607  
210, -5.59225, 1124.07, 180.928, 0.979865, -0.0279842, 0.197689, 0.00673902, 0.9942, 0.107333, -0.199546, -0.10384, 0.974371, 0.00269226  
211, -5.48599, 1123.29, 180.869, 0.97939, -0.0272505, 0.200129, 0.00492375, 0.993783, 0.111222, -0.201916, -0.107945, 0.973436, 0.00280182  
212, -5.24656, 1122.43, 180.828, 0.980313, -0.0270313, 0.195593, 0.00593135, 0.994169, 0.107668, -0.197363, -0.104389, 0.974757, 0.00272804  
213, -5.0412, 1121.55, 180.842, 0.97968, -0.0253871, 0.198951, 0.00411607, 0.994293, 0.106608, -0.200522, -0.103623, 0.974194, 0.00279073  
214, -4.62676, 1120.65, 181.059, 0.978909, -0.022328, 0.203071, 0.00207247, 0.995044, 0.0994162, -0.204284, -0.0968986, 0.974104, 0.00289641  
215, -4.26332, 1119.75, 181, 0.979122, -0.022983, 0.201972, 0.0019031, 0.994581, 0.10395, -0.203266, -0.101396, 0.973859, 0.00275411  
216, -4.03208, 1118.73, 180.864, 0.979352, -0.024888, 0.200626, 0.0042991, 0.994733, 0.102412, -0.202118, -0.0994353, 0.9743, 0.00276465  
217, -3.89862, 1117.65, 180.991, 0.977841, -0.025481, 0.207792, 0.003046, 0.994192, 0.107581, -0.209326, -0.104565, 0.972239, 0.00266618  
218, -3.46872, 1116.65, 180.953, 0.977373, -0.0237317, 0.210187, 0.00167969, 0.994526, 0.104479, -0.211516, -0.101762, 0.972063, 0.00273331  
219, -3.2675, 1115.54, 180.798, 0.977454, -0.0248659, 0.209679, 0.00157469, 0.993872, 0.110523, -0.211143, -0.107701, 0.971504, 0.00285008  
220, -2.94038, 1114.51, 180.9, 0.977873, -0.0212839, 0.208113, -0.000966919, 0.994341, 0.106235, -0.209196, -0.104086, 0.972318, 0.00269808  
221, -2.80436, 1113.18, 180.872, 0.975401, -0.0214712, 0.219391, -0.00284345, 0.993937, 0.109916, -0.220421, -0.107836, 0.969426, 0.00278185  
222, -2.50784, 1111.92, 180.966, 0.975531, -0.0199321, 0.218957, -0.00396354, 0.994126, 0.108156, -0.219827, -0.106378, 0.969722, 0.00263789  
223, -2.39514, 1110.59, 181.117, 0.974383, -0.0210825, 0.223906, -0.00315317, 0.994218, 0.107335, -0.224875, -0.105291, 0.968682, 0.00273442  
224, -2.26481, 1109.19, 181.199, 0.974524, -0.0250134, 0.222883, -0.000537613, 0.993498, 0.113848, -0.224281, -0.111067, 0.968175, 0.00296548  
225, -2.09743, 1108.08, 181.007, 0.974195, -0.0254032, 0.224274, -0.000962701, 0.993169, 0.116677, -0.225706, -0.113882, 0.967516, 0.0026856  
226, -1.97835, 1106.77, 181.037, 0.974837, -0.0289202, 0.221034, 0.0039206, 0.99362, 0.112715, -0.222883, -0.109012, 0.968731, 0.00277824  
227, -1.94868, 1105.21, 181.035, 0.973998, -0.0283868, 0.22477, 0.00312251, 0.993707, 0.111967, -0.226534, -0.108354, 0.967957, 0.00265065  
228, -1.81821, 1103.83, 181.247, 0.97444, -0.0258851, 0.223153, 0.00259041, 0.994568, 0.104056, -0.224634, -0.100818, 0.969214, 0.00273858  
229, -1.47792, 1102.29, 181.406, 0.977099, -0.0195919, 0.211879, -0.000269129, 0.995638, 0.093305, -0.212783, -0.0912253, 0.972832, 0.00294023  
230, -1.80874, 1100.65, 181.189, 0.974398, -0.0249853, 0.223436, 0.00191994, 0.994694, 0.102857, -0.22482, -0.0997947, 0.969277, 0.00275633  
231, -1.80468, 1099.16, 181.029, 0.97418, -0.0277194, 0.224066, 0.00554427, 0.995072, 0.098996, -0.225706, -0.0951976, 0.969533, 0.00283233  
232, -1.77463, 1097.46, 180.848, 0.974923, -0.0289123, 0.220656, 0.00867186, 0.995707, 0.0921517, -0.222373, -0.0879273, 0.970989, 0.00286756  
233, -1.74235, 1095.77, 180.939, 0.974309, -0.0275381, 0.223527, 0.00778513, 0.996021, 0.0887738, -0.225083, -0.0847529, 0.970647, 0.00266896  
234, -1.8356, 1094.07, 181.129, 0.973022, -0.0312995, 0.228579, 0.0116029, 0.99614, 0.0870107, -0.23042, -0.0820112, 0.969629, 0.00277381  
235, -1.91668, 1092.14, 181.205, 0.972615, -0.0279231, 0.230738, 0.00959963, 0.996736, 0.0801566, -0.232224, -0.0757465, 0.969709, 0.00269863  
236, -2.72562, 1091.1, 181.077, 0.978779, -0.0139563, 0.204443, -0.00342218, 0.996426, 0.0844047, -0.20489, -0.0833132, 0.975233, 0.00278546  
237, -2.80995, 1089.46, 181.021, 0.978115, -0.0133601, 0.207634, -0.00472291, 0.996253, 0.086352, -0.20801, -0.0854428, 0.974388, 0.00266785  
238, -2.92757, 1087.39, 181.124, 0.977768, -0.0154876, 0.209118, -0.00120866, 0.996836, 0.0794784, -0.209687, -0.0779642, 0.974655, 0.00276493  
239, -3.09305, 1085.47, 181.11, 0.978094, -0.0128207, 0.207769, -0.00372619, 0.996863, 0.0790541, -0.208131, -0.0780966, 0.974978, 0.00292193  
240, -3.26118, 1083.57, 181.205, 0.977748, -0.0113855, 0.209473, -0.00494789, 0.996997, 0.0772849, -0.209724, -0.0766016, 0.974755, 0.0027003  
241, -3.41912, 1081.71, 181.307, 0.978543, -0.0136222, 0.205594, -0.00122685, 0.997409, 0.0719252, -0.206041, -0.0706341, 0.975991, 0.0027788  
242, -3.63817, 1079.69, 181.279, 0.979212, -0.0120917, 0.202478, -0.00168577, 0.997702, 0.0677341, -0.202832, -0.0666674, 0.976942, 0.00264566  
243, -3.7365, 1077.72, 181.153, 0.980569, -0.00573332, 0.196092, -0.00719291, 0.99785, 0.0651437, -0.196043, -0.0652884, 0.978419, 0.0027727  
244, -4.03744, 1075.68, 181.354, 0.97971, -0.0113345, 0.200098, -0.00126363, 0.99803, 0.0627202, -0.200415, -0.0617005, 0.977766, 0.00284093  
245, -4.65484, 1074.06, 181.38, 0.981178, -0.0158137, 0.192455, 0.00394485, 0.998075, 0.0618985, -0.193064, -0.0599742, 0.979352, 0.00274551  
246, -4.9326, 1071.85, 181.406, 0.982198, -0.00877515, 0.187646, -0.00190821, 0.998391, 0.0566774, -0.187841, -0.0560265, 0.9806, 0.00275633  
247, -5.22703, 1069.92, 181.291, 0.98215, -0.00609728, 0.188, -0.00387853, 0.998606, 0.0526495, -0.188059, -0.0524388, 0.980757, 0.00276715  
248, -5.47741, 1067.71, 181.376, 0.980618, -0.00943434, 0.195702, -0.000872544, 0.99862, 0.0525132, -0.195927, -0.0516662, 0.979256, 0.00273969  
249, -5.78518, 1065.48, 181.401, 0.981883, -0.00633967, 0.189382, -0.00358122, 0.998641, 0.0519975, -0.189454, -0.0517337, 0.980526, 0.002872  
250, -6.68407, 1062.41, 181.07, 0.983448, -0.0284791, 0.17894, 0.0153594, 0.997119, 0.0742815, -0.180539, -0.0703036, 0.981052, 0.00270002  
251, -6.99048, 1060.39, 181.16, 0.984008, -0.032755, 0.175085, 0.0215295, 0.997611, 0.0656342, -0.176816, -0.0608151, 0.982363, 0.00272942  
252, -7.40256, 1058.1, 181.215, 0.983811, -0.0332106, 0.176104, 0.0219632, 0.997615, 0.0654374, -0.177858, -0.0605103, 0.982194, 0.00269309  
253, -7.80707, 1055.78, 181.321, 0.984771, -0.0308182, 0.171102, 0.0211268, 0.998083, 0.0581762, -0.172566, -0.0536755, 0.983534, 0.00277519  
254, -8.2874, 1053.53, 181.339, 0.984919, -0.0312356, 0.170171, 0.0207899, 0.997808, 0.0628237, -0.17176, -0.0583384, 0.98341, 0.00282678  
255, -8.65855, 1051.32, 181.485, 0.985252, -0.0322058, 0.16805, 0.0223618, 0.997939, 0.0601455, -0.169641, -0.0555006, 0.983942, 0.00273469  
256, -8.98209, 1049.11, 181.396, 0.985451, -0.0280051, 0.167637, 0.0182532, 0.998065, 0.0594338, -0.168977, -0.0555092, 0.984056, 0.00277491  
257, -8.90325, 1046.97, 181.195, 0.986074, -0.02583, 0.164288, 0.0166474, 0.998234, 0.0570268, -0.165471, -0.0534977, 0.984763, 0.00270169  
258, -9.37412, 1044.63, 181.406, 0.986021, -0.0292238, 0.16404, 0.0208428, 0.998399, 0.0525822, -0.165314, -0.048428, 0.985051, 0.00286284  
259, -9.18343, 1042.32, 181.175, 0.986163, -0.0284562, 0.163316, 0.0204107, 0.998504, 0.0507323, -0.164515, -0.046697, 0.985269, 0.00295743  
260, -9.34449, 1040.1, 181.186, 0.986845, -0.0224235, 0.160106, 0.0143648, 0.998579, 0.0513143, -0.161029, -0.0483394, 0.985765, 0.0027408  
261, -9.48594, 1037.99, 181.214, 0.986048, -0.0321434, 0.163331, 0.0254945, 0.998765, 0.0426435, -0.1645, -0.0378845, 0.985649, 0.00274551  
262, -9.30902, 1035.81, 181.066, 0.986832, -0.0269686, 0.159483, 0.0210351, 0.999026, 0.0387765, -0.160374, -0.0349112, 0.986439, 0.00271389  
263, -9.3338, 1033.59, 181.17, 0.98664, -0.0256401, 0.160888, 0.0199031, 0.999111, 0.0371697, -0.161698, -0.0334709, 0.986272, 0.00276659  
264, -9.57719, 1031.35, 181.404, 0.986064, -0.0292973, 0.163764, 0.0249622, 0.999283, 0.0284675, -0.16448, -0.0239829, 0.986089, 0.00291582  
265, -9.41379, 1029, 181.344, 0.986191, -0.0258568, 0.163579, 0.021995, 0.999436, 0.0253756, -0.164143, -0.0214273, 0.986204, 0.00280903  
266, -12.2507, 1026.57, 183.353, 0.987285, -0.0468058, 0.151912, 0.0491575, 0.998722, -0.0117603, -0.151168, 0.0190784, 0.988324, 0.00273553  
267, -20.9396, 1022.69, 182.708, -0.954257, 0.0424585, -0.295956, -0.0527147, -0.998251, 0.0267578, -0.294303, 0.041135, 0.954827, 0.0027028  
268, -20.7383, 1020.51, 182.73, -0.955094, 0.0429645, -0.293171, -0.0511681, -0.998482, 0.0203675, -0.291851, 0.0344539, 0.955843, 0.00278074  
269, -22.2309, 1019.82, 184.876, -0.980142, -0.0758707, -0.183208, -0.0689531, 0.996656, -0.0438475, 0.185922, -0.0303441, -0.982096, 0.00299682  
270, -22.0334, 1017.58, 184.876, -0.980081, -0.0730871, -0.18466, -0.0670325, 0.996995, -0.0388295, 0.186943, -0.0256779, -0.982035, 0.00278601  
271, -21.7591, 1015.33, 184.801, -0.980944, -0.0726694, -0.180187, -0.0677409, 0.997145, -0.0333644, 0.182097, -0.0205226, -0.983066, 0.00285674  
272, -21.4245, 1013.27, 184.711, -0.982307, -0.0725477, -0.172654, -0.0686644, 0.997236, -0.0283668, 0.174235, -0.0160098, -0.984574, 0.00272887  
273, -19.8048, 1011.11, 183.844, -0.983616, -0.0598084, -0.170069, -0.0568176, 0.998133, -0.0224031, 0.171091, -0.0123732, -0.985177, 0.00282512  
274, -19.9787, 1008.82, 184.11, -0.981936, -0.0641964, -0.177988, -0.0616997, 0.997904, -0.019533, 0.178869, -0.0081983, -0.983839, 0.00282235  
275, -20.082, 1006.78, 184.441, -0.981424, -0.071996, -0.17783, -0.0693436, 0.99737, -0.0210944, 0.178881, -0.00837114, -0.983835, 0.00279794  
276, -21.0152, 1004.4, 185.441, -0.982138, -0.0828885, -0.168922, -0.0832195, 0.996518, -0.00513158, 0.168759, 0.00901767, -0.985616, 0.00279489  
277, -20.5942, 1002.33, 185.366, -0.982173, -0.0818815, -0.169211, -0.0826017, 0.996579, -0.00279027, 0.168861, 0.0112366, -0.985576, 0.00277353  
278, -20.1769, 1000.25, 185.551, -0.980785, -0.0790136, -0.178374, -0.0782904, 0.996869, -0.0111009, 0.178692, 0.00307733, -0.9839, 0.00278989  
279, -19.7686, 998.179, 185.498, -0.980381, -0.0730078, -0.18309, -0.0712085, 0.997327, -0.0163914, 0.183798, -0.00303221, -0.982959, 0.00299405  
280, -18.649, 996.437, 184.857, -0.979204, -0.0727698, -0.189379, -0.0709509, 0.997345, -0.0163757, 0.190068, -0.00259851, -0.981767, 0.00275272  
281, -18.637, 994.254, 185.101, -0.977492, -0.0753426, -0.197059, -0.0725892, 0.997137, -0.0211692, 0.19809, -0.00638837, -0.980163, 0.00281652  
282, -18.4306, 992.244, 185.068, -0.977701, -0.0722256, -0.197191, -0.0704773, 0.997387, -0.0158786, 0.197822, -0.00162705, -0.980237, 0.00276964  
