0, 0, 0, 0, 0, 0, 0, 0, 0, 0, 0, 0, 0, 0.00646602  
1, 0, 0, 0, 0, 0, 0, 0, 0, 0, 0, 0, 0, 0.00279544  
2, 9.04538, 1133.95, 180.906, -0.956249, 0.0676558, -0.284625, -0.0892892, -0.993966, 0.0637157, -0.278596, 0.086342, 0.956519, 0.00270834  
3, 9.0305, 1133.93, 180.963, -0.956902, 0.0677928, -0.282389, -0.0896757, -0.993829, 0.0652875, -0.27622, 0.0877971, 0.957076, 0.00300264  
4, 9.00037, 1133.92, 180.966, -0.956883, 0.0675581, -0.282509, -0.0895989, -0.9938, 0.0658257, -0.276311, 0.0883, 0.957003, 0.00271139  
5, 8.9729, 1133.93, 180.939, -0.956761, 0.0668544, -0.283088, -0.0886858, -0.993936, 0.0650051, -0.277026, 0.0873002, 0.956888, 0.00282678  
6, 8.97681, 1133.92, 180.991, -0.957324, 0.0672311, -0.281087, -0.0893247, -0.993778, 0.0665271, -0.274865, 0.088796, 0.957374, 0.00270335  
7, 8.97, 1133.92, 181.001, -0.957225, 0.0674889, -0.281365, -0.0893648, -0.993833, 0.0656426, -0.275199, 0.0879788, 0.957353, 0.00277547  
8, 8.97991, 1133.88, 180.955, -0.956944, 0.067911, -0.282218, -0.0893885, -0.993943, 0.0639225, -0.276168, 0.0863973, 0.957218, 0.00296187  
9, 8.9946, 1133.92, 180.982, -0.9573, 0.0673064, -0.281154, -0.0891158, -0.993865, 0.065505, -0.27502, 0.0877631, 0.957425, 0.00282318  
10, 9.01969, 1133.93, 180.932, -0.956828, 0.0674306, -0.282724, -0.0889432, -0.993982, 0.0639443, -0.27671, 0.0863301, 0.957068, 0.00284426  
11, 8.99351, 1133.92, 181.01, -0.957135, 0.0665946, -0.281882, -0.0885525, -0.993891, 0.0658749, -0.275773, 0.0880126, 0.957185, 0.00270085  
12, 9.00504, 1133.93, 180.891, -0.956267, 0.067359, -0.284633, -0.0883814, -0.994177, 0.0616564, -0.278822, 0.0841163, 0.956652, 0.00282179  
13, 8.9749, 1133.94, 180.941, -0.956607, 0.0662148, -0.283757, -0.087753, -0.994093, 0.0638626, -0.277852, 0.0859919, 0.956767, 0.00312303  
14, 8.95786, 1133.92, 180.992, -0.956787, 0.0675089, -0.282845, -0.0891637, -0.993934, 0.0643864, -0.276782, 0.0868235, 0.957002, 0.00280348  
15, 8.94896, 1133.9, 181.02, -0.956859, 0.0681183, -0.282455, -0.0896063, -0.993928, 0.0638541, -0.27639, 0.0864091, 0.957153, 0.0028143  
16, 8.96561, 1133.91, 180.988, -0.956676, 0.0678386, -0.283141, -0.0892275, -0.993996, 0.0633275, -0.277144, 0.0858478, 0.956985, 0.00277602  
17, 8.96014, 1133.91, 180.991, -0.956743, 0.0674756, -0.283002, -0.0895536, -0.993806, 0.0658019, -0.276809, 0.0882993, 0.956859, 0.00277824  
18, 8.96591, 1133.9, 180.992, -0.956777, 0.0667161, -0.283065, -0.0888545, -0.993849, 0.0660913, -0.276915, 0.0883863, 0.956821, 0.00305008  
19, 8.92626, 1133.92, 181.05, -0.957342, 0.0670965, -0.281059, -0.0891939, -0.993787, 0.0665675, -0.274846, 0.0887967, 0.957379, 0.00292248  
20, 8.9575, 1133.89, 180.972, -0.956696, 0.067289, -0.283206, -0.0890965, -0.993911, 0.0648254, -0.277119, 0.0872508, 0.956866, 0.00262596  
21, 8.95412, 1133.92, 180.98, -0.956535, 0.0672468, -0.283759, -0.0892536, -0.993864, 0.0653369, -0.277624, 0.0878235, 0.956667, 0.00284842  
22, 8.97057, 1133.92, 180.987, -0.956806, 0.0673452, -0.28282, -0.0891528, -0.993898, 0.0649447, -0.27672, 0.0873537, 0.956972, 0.00291804  
23, 8.9236, 1133.88, 181.01, -0.956866, 0.0686539, -0.282303, -0.0906815, -0.99371, 0.065702, -0.276017, 0.0884677, 0.957073, 0.00303149  
24, 8.84809, 1133.87, 181.003, -0.957073, 0.0672271, -0.281941, -0.0890589, -0.993881, 0.0653332, -0.275824, 0.0876381, 0.957205, 0.00273996  
25, 8.89889, 1133.88, 180.979, -0.956938, 0.0675984, -0.282313, -0.0895756, -0.993813, 0.065665, -0.276127, 0.0881257, 0.957072, 0.00284149  
26, 8.94551, 1133.88, 180.982, -0.956817, 0.0666513, -0.282948, -0.0883262, -0.993999, 0.0645374, -0.276948, 0.0867421, 0.956962, 0.00269974  
27, 8.89547, 1133.88, 181.068, -0.957728, 0.0675992, -0.279618, -0.0897063, -0.993711, 0.0670209, -0.273329, 0.0892714, 0.957769, 0.00303232  
28, 8.95246, 1133.9, 180.956, -0.956387, 0.0665264, -0.284426, -0.0881622, -0.994052, 0.0639411, -0.27848, 0.086228, 0.956563, 0.0030853  
29, 8.93842, 1133.89, 180.926, -0.956079, 0.0672322, -0.285294, -0.0888415, -0.994021, 0.0634759, -0.279321, 0.0860339, 0.956336, 0.00279544  
30, 8.95856, 1133.9, 180.975, -0.956785, 0.066923, -0.282992, -0.0890503, -0.993835, 0.0660496, -0.276827, 0.0883957, 0.956845, 0.00285757  
31, 8.92198, 1133.9, 180.972, -0.956722, 0.0672598, -0.283123, -0.0890048, -0.993931, 0.0646406, -0.277057, 0.0870424, 0.956903, 0.00276049  
32, 8.92537, 1133.87, 180.981, -0.956739, 0.0673951, -0.283036, -0.0892632, -0.99388, 0.0650766, -0.276917, 0.0875259, 0.956899, 0.0027788  
33, 8.93917, 1133.89, 181.031, -0.957031, 0.0672681, -0.282076, -0.0893473, -0.993802, 0.0661417, -0.275878, 0.0885024, 0.957109, 0.00305119  
34, 8.91897, 1133.91, 181.003, -0.956871, 0.0666592, -0.282762, -0.0883829, -0.993979, 0.0647651, -0.276743, 0.0869633, 0.957001, 0.00282568  
35, 8.93073, 1133.91, 180.995, -0.957011, 0.0667038, -0.282279, -0.0884844, -0.993947, 0.0651146, -0.276227, 0.0872927, 0.95712, 0.00288004  
36, 8.92802, 1133.9, 181.046, -0.956993, 0.0677533, -0.282088, -0.0892444, -0.993949, 0.064033, -0.276042, 0.0864539, 0.957249, 0.00269087  
37, 8.97121, 1133.94, 180.998, -0.956736, 0.0673152, -0.283063, -0.0889908, -0.993947, 0.0644128, -0.277014, 0.0868161, 0.956936, 0.00293885  
38, 8.96145, 1133.92, 180.943, -0.956149, 0.0675502, -0.284983, -0.0892756, -0.993953, 0.0639302, -0.278941, 0.0865689, 0.956398, 0.00337905  
39, 8.88631, 1133.91, 180.987, -0.957085, 0.0662377, -0.282136, -0.0880718, -0.993964, 0.0654089, -0.276101, 0.0874502, 0.957142, 0.00290223  
40, 8.94583, 1133.89, 180.962, -0.956575, 0.0669546, -0.283692, -0.0887493, -0.993953, 0.0646674, -0.277647, 0.0870367, 0.956732, 0.00282401  
41, 8.99809, 1133.9, 180.966, -0.956779, 0.0682821, -0.282687, -0.0901213, -0.993809, 0.0649721, -0.276501, 0.08764, 0.957009, 0.0028376  
42, 8.96693, 1133.88, 180.994, -0.957034, 0.0685705, -0.281752, -0.0903237, -0.993793, 0.0649435, -0.27555, 0.0876021, 0.957287, 0.00288365  
43, 8.95984, 1133.92, 180.966, -0.956888, 0.0676443, -0.282472, -0.0899104, -0.99372, 0.0666072, -0.276193, 0.0891328, 0.95696, 0.00302705  
44, 9.00427, 1133.93, 180.904, -0.955689, 0.0671726, -0.286613, -0.0882442, -0.994215, 0.0612324, -0.280842, 0.083811, 0.956088, 0.00278934  
45, 8.9519, 1133.92, 180.99, -0.956872, 0.0671687, -0.282639, -0.0890503, -0.993885, 0.0652838, -0.276526, 0.0876373, 0.957002, 0.00298184  
46, 8.95993, 1133.91, 180.993, -0.957221, 0.0671897, -0.281448, -0.089493, -0.993722, 0.0671409, -0.27517, 0.0894564, 0.957225, 0.00281264  
47, 8.9683, 1133.91, 180.981, -0.956787, 0.0679256, -0.282745, -0.0900794, -0.993739, 0.0660897, -0.276485, 0.0887033, 0.956916, 0.00304259  
48, 8.97365, 1133.92, 181.025, -0.957119, 0.0683214, -0.281524, -0.0902268, -0.99376, 0.0655811, -0.275287, 0.0881699, 0.95731, 0.00311304  
49, 8.94177, 1133.93, 181.001, -0.957013, 0.0671712, -0.282159, -0.0889592, -0.993904, 0.0651175, -0.276065, 0.0874189, 0.957155, 0.00284537  
50, 8.96104, 1133.94, 180.975, -0.9567, 0.0659151, -0.283514, -0.0881058, -0.993907, 0.0662308, -0.277421, 0.0883422, 0.956678, 0.00292415  
51, 8.95855, 1133.92, 180.983, -0.956483, 0.0680618, -0.283739, -0.0893868, -0.99401, 0.0628849, -0.277759, 0.0855108, 0.956837, 0.00269558  
52, 8.97305, 1133.92, 180.969, -0.956756, 0.0678494, -0.282868, -0.08944, -0.993927, 0.0641109, -0.2768, 0.0866382, 0.957014, 0.00292997  
53, 8.97465, 1133.9, 180.936, -0.956313, 0.0678093, -0.284373, -0.0893305, -0.993983, 0.0633907, -0.278364, 0.0860245, 0.956616, 0.00303843  
54, 9.00511, 1133.91, 180.972, -0.956678, 0.0673192, -0.283257, -0.0892166, -0.993881, 0.0651152, -0.277141, 0.0875656, 0.956831, 0.00273109  
55, 8.97704, 1133.93, 180.98, -0.957013, 0.0672208, -0.282149, -0.089662, -0.99369, 0.0673793, -0.27584, 0.089781, 0.957001, 0.00297213  
56, 8.96519, 1133.92, 180.993, -0.957167, 0.0674462, -0.281573, -0.0895171, -0.993779, 0.066257, -0.275352, 0.0886245, 0.95725, 0.00277214  
57, 8.98946, 1133.93, 180.971, -0.957171, 0.0669546, -0.281674, -0.0889033, -0.99386, 0.0658639, -0.275534, 0.0880848, 0.957247, 0.00285591  
58, 8.98107, 1133.93, 180.965, -0.95687, 0.0666469, -0.282769, -0.0886506, -0.993891, 0.0657332, -0.276661, 0.0879658, 0.956933, 0.00301318  
59, 8.97605, 1133.92, 180.973, -0.956963, 0.0679652, -0.282139, -0.0898393, -0.993812, 0.0653165, -0.275954, 0.0878526, 0.957148, 0.00281014  
60, 8.99149, 1133.92, 180.989, -0.956947, 0.0670326, -0.282418, -0.0886821, -0.993965, 0.0645709, -0.276385, 0.0868363, 0.957116, 0.00324313  
61, 8.96333, 1133.91, 181.001, -0.957181, 0.0678829, -0.281418, -0.089959, -0.993738, 0.0662686, -0.275158, 0.0887472, 0.957294, 0.00307227  
62, 9.02662, 1133.93, 180.918, -0.956008, 0.0680712, -0.285333, -0.0894427, -0.994027, 0.0625352, -0.279372, 0.0853051, 0.956386, 0.00296104  
63, 8.98362, 1133.94, 180.947, -0.956801, 0.0673721, -0.282829, -0.0892109, -0.993887, 0.065046, -0.276717, 0.0874676, 0.956962, 0.00310389  
64, 8.99131, 1133.94, 180.957, -0.956757, 0.0674038, -0.28297, -0.0890989, -0.993932, 0.0644991, -0.276905, 0.0869223, 0.956958, 0.00274967  
65, 8.91454, 1133.9, 180.925, -0.956754, 0.0670662, -0.283063, -0.088747, -0.993966, 0.0644644, -0.277031, 0.0867975, 0.956933, 0.00285674  
66, 8.96689, 1133.92, 180.992, -0.957245, 0.0674629, -0.281302, -0.0897283, -0.993709, 0.0670221, -0.275011, 0.0893973, 0.957276, 0.00279073  
67, 8.92427, 1133.89, 181.01, -0.956871, 0.0683121, -0.282367, -0.0899854, -0.993852, 0.0644987, -0.276225, 0.0871258, 0.957136, 0.0028437  
68, 8.98633, 1133.92, 180.957, -0.95651, 0.0677485, -0.283724, -0.0893747, -0.993942, 0.0639695, -0.277671, 0.0865452, 0.95677, 0.00307171  
69, 9.02507, 1133.96, 180.964, -0.956595, 0.06776, -0.283434, -0.0895722, -0.993876, 0.0647036, -0.277314, 0.087283, 0.956806, 0.00277769  
70, 8.93705, 1133.9, 180.983, -0.956557, 0.0683308, -0.283426, -0.090071, -0.993852, 0.0643813, -0.277284, 0.0871128, 0.956831, 0.0030179  
71, 8.96624, 1133.92, 180.94, -0.956499, 0.0672813, -0.283871, -0.0889765, -0.993961, 0.0642226, -0.277836, 0.0866867, 0.956709, 0.0028695  
72, 8.97524, 1133.93, 180.964, -0.956832, 0.0675196, -0.28269, -0.0895428, -0.993813, 0.0657098, -0.276504, 0.0881861, 0.956958, 0.00283372  
73, 8.95265, 1133.91, 180.988, -0.957147, 0.0677355, -0.281569, -0.089929, -0.993716, 0.0666463, -0.275285, 0.0891115, 0.957224, 0.0031111  
74, 9.01959, 1133.92, 180.925, -0.956641, 0.0683553, -0.283134, -0.0901316, -0.993833, 0.0645979, -0.276972, 0.0873163, 0.956902, 0.00288032  
75, 8.95673, 1133.94, 180.951, -0.956405, 0.0665147, -0.284369, -0.0883373, -0.993993, 0.064603, -0.278364, 0.086907, 0.956536, 0.003029  
76, 8.96318, 1133.91, 180.964, -0.956698, 0.066967, -0.283275, -0.0886548, -0.993976, 0.0644328, -0.277254, 0.0867565, 0.956872, 0.00268615  
77, 8.96344, 1133.93, 180.93, -0.956271, 0.0672007, -0.284657, -0.0883966, -0.994137, 0.0622659, -0.278804, 0.0847058, 0.956605, 0.00281347  
78, 8.97328, 1133.93, 180.982, -0.95705, 0.0675243, -0.281951, -0.0893251, -0.993867, 0.0651828, -0.275821, 0.0875685, 0.957212, 0.00328002  
79, 8.93268, 1133.89, 181.016, -0.957208, 0.0665686, -0.281642, -0.0887439, -0.993818, 0.0667135, -0.275459, 0.0888526, 0.957198, 0.00288143  
80, 9.03905, 1133.91, 180.927, -0.95636, 0.0663802, -0.284552, -0.0882045, -0.994008, 0.0645672, -0.278561, 0.0868483, 0.956484, 0.00299294  
81, 8.97859, 1133.89, 181.016, -0.957012, 0.0677618, -0.282022, -0.090119, -0.993671, 0.0670589, -0.275693, 0.0895917, 0.957061, 0.00271167  
82, 8.94802, 1133.89, 181.016, -0.957015, 0.068081, -0.281936, -0.0901516, -0.993735, 0.0660503, -0.275673, 0.0886281, 0.957157, 0.00279433  
83, 8.96474, 1133.86, 181.035, -0.957487, 0.0681714, -0.280306, -0.0906763, -0.993549, 0.0681034, -0.273855, 0.0906252, 0.957492, 0.00308419  
84, 8.99007, 1133.91, 180.902, -0.95599, 0.0666097, -0.285739, -0.0882528, -0.99407, 0.0635336, -0.279812, 0.0859547, 0.956199, 0.00276909  
85, 9.0099, 1133.91, 180.979, -0.956773, 0.0662245, -0.283196, -0.0880567, -0.993989, 0.0650569, -0.277185, 0.087182, 0.956853, 0.00275383  
86, 8.95723, 1133.88, 180.944, -0.956619, 0.0674703, -0.283423, -0.0889807, -0.993994, 0.0637054, -0.277422, 0.086161, 0.956877, 0.00280626  
87, 8.95701, 1133.88, 181.057, -0.957891, 0.0682631, -0.278899, -0.0907602, -0.993511, 0.0685494, -0.272409, 0.0909757, 0.957871, 0.00284454  
88, 8.93647, 1133.9, 180.993, -0.956962, 0.0675624, -0.28224, -0.0900642, -0.993645, 0.0675137, -0.275884, 0.0900277, 0.956965, 0.0029738  
89, 8.96229, 1133.89, 180.938, -0.956625, 0.0668429, -0.28355, -0.0889388, -0.993863, 0.0657677, -0.277414, 0.0881336, 0.9567, 0.00279405  
90, 8.95497, 1133.89, 181.062, -0.958009, 0.0675185, -0.278675, -0.0899198, -0.993598, 0.0683868, -0.272274, 0.0905736, 0.957947, 0.00287089  
91, 8.96998, 1133.88, 180.972, -0.956922, 0.0672288, -0.282453, -0.0889659, -0.993922, 0.0648364, -0.276378, 0.0871721, 0.957087, 0.00272249  
92, 8.95438, 1133.88, 180.986, -0.956747, 0.0681588, -0.282824, -0.0901482, -0.993775, 0.0654629, -0.276602, 0.0881275, 0.956935, 0.00280376  
93, 8.95936, 1133.88, 180.991, -0.956591, 0.0676195, -0.28348, -0.0894606, -0.99388, 0.0648074, -0.277363, 0.0873544, 0.956786, 0.00302511  
94, 8.96084, 1133.9, 180.986, -0.956764, 0.0672368, -0.282989, -0.0892772, -0.993837, 0.0657086, -0.276827, 0.0881321, 0.95687, 0.00282484  
95, 8.93707, 1133.9, 180.935, -0.956419, 0.0669008, -0.284231, -0.0888731, -0.993913, 0.0651104, -0.278144, 0.0875333, 0.956543, 0.00302178  
96, 8.95289, 1133.9, 180.965, -0.957103, 0.0674178, -0.281797, -0.0894851, -0.993787, 0.0661736, -0.275585, 0.0885516, 0.957189, 0.00270058  
97, 8.94985, 1133.92, 180.936, -0.956354, 0.066805, -0.28447, -0.0887938, -0.99392, 0.0651018, -0.278391, 0.0875195, 0.956472, 0.00280016  
98, 8.98196, 1133.87, 180.955, -0.956624, 0.0680251, -0.283274, -0.0896664, -0.993905, 0.0641305, -0.277185, 0.0867489, 0.956893, 0.00308253  
99, 8.94193, 1133.89, 180.98, -0.956881, 0.0680183, -0.282406, -0.0902448, -0.993701, 0.0664423, -0.276108, 0.089063, 0.956991, 0.00287588  
100, 8.97656, 1133.9, 180.947, -0.9568, 0.0664686, -0.283047, -0.0886281, -0.993862, 0.0662034, -0.27691, 0.0884293, 0.956818, 0.00305396  
101, 8.98478, 1133.88, 180.928, -0.956251, 0.0678263, -0.284576, -0.0892997, -0.994, 0.0631591, -0.278585, 0.0858085, 0.956571, 0.0026978  
102, 8.97479, 1133.9, 180.949, -0.956236, 0.0668066, -0.284869, -0.0884763, -0.994028, 0.0638771, -0.2789, 0.0862857, 0.956436, 0.00283871  
103, 8.97879, 1133.9, 180.989, -0.956805, 0.0676938, -0.282739, -0.0891233, -0.993987, 0.0636166, -0.276733, 0.0860674, 0.957085, 0.00299183  
104, 8.98432, 1133.87, 180.951, -0.956733, 0.0676881, -0.282985, -0.0897038, -0.993808, 0.0655643, -0.276794, 0.0881123, 0.956881, 0.00274191  
105, 8.98305, 1133.89, 180.932, -0.956284, 0.067655, -0.284505, -0.0894829, -0.993903, 0.0644227, -0.278412, 0.0870647, 0.956508, 0.00285591  
106, 8.96461, 1133.88, 180.986, -0.956871, 0.06656, -0.282785, -0.0887547, -0.993838, 0.0664, -0.276623, 0.0886348, 0.956882, 0.00269947  
107, 8.99807, 1133.93, 180.941, -0.956628, 0.0671108, -0.283475, -0.0891318, -0.993864, 0.0654979, -0.27734, 0.0879238, 0.95674, 0.00278878  
108, 9.01005, 1133.92, 180.881, -0.955998, 0.0673476, -0.285538, -0.0889856, -0.994008, 0.0634799, -0.279552, 0.0860955, 0.956263, 0.00300153  
109, 9.00045, 1133.94, 180.938, -0.956503, 0.0669124, -0.283943, -0.0889176, -0.993895, 0.0653162, -0.277839, 0.0877227, 0.956614, 0.00276881  
110, 9.01975, 1133.94, 180.926, -0.956344, 0.0671536, -0.284423, -0.0889696, -0.993945, 0.0644763, -0.278371, 0.0869666, 0.956528, 0.00287533  
111, 8.97214, 1133.9, 180.952, -0.956654, 0.0675305, -0.283288, -0.0895195, -0.993836, 0.0653927, -0.277125, 0.087918, 0.956803, 0.00270418  
112, 8.97987, 1133.91, 180.95, -0.956722, 0.0665681, -0.283286, -0.0886163, -0.993895, 0.065727, -0.277181, 0.0879862, 0.95678, 0.00312996  
113, 8.99392, 1133.9, 180.992, -0.957466, 0.0672435, -0.280602, -0.0896038, -0.993679, 0.0676191, -0.274282, 0.089886, 0.957439, 0.00316047  
114, 9.0022, 1133.9, 180.923, -0.956714, 0.0671013, -0.283189, -0.0891359, -0.993854, 0.0656406, -0.277044, 0.0880416, 0.956815, 0.0027616  
115, 8.92781, 1133.88, 180.963, -0.957451, 0.0669252, -0.280727, -0.0894363, -0.993659, 0.068145, -0.274386, 0.0903527, 0.957365, 0.00291888  
116, 8.97228, 1133.89, 180.928, -0.956725, 0.0670364, -0.283168, -0.0893355, -0.993774, 0.0665697, -0.276942, 0.0889858, 0.956757, 0.00272831  
117, 8.96662, 1133.89, 180.996, -0.957259, 0.0676765, -0.281203, -0.0897655, -0.993746, 0.0664134, -0.27495, 0.0888171, 0.957347, 0.00281181  
118, 8.97995, 1133.89, 180.92, -0.956635, 0.067289, -0.283411, -0.0888977, -0.993978, 0.0640723, -0.277393, 0.0864884, 0.956856, 0.00311887  
119, 9.02481, 1133.94, 180.881, -0.956346, 0.0670999, -0.284428, -0.0888947, -0.993956, 0.0644091, -0.278387, 0.0868815, 0.956531, 0.00279766  
120, 8.96994, 1133.95, 180.908, -0.956489, 0.0671234, -0.283942, -0.0895427, -0.993746, 0.0667143, -0.277688, 0.0892365, 0.956518, 0.00288531  
121, 8.92562, 1134, 181.002, -0.957208, 0.0684027, -0.281201, -0.0916157, -0.993315, 0.070234, -0.274517, 0.092991, 0.957075, 0.0027591  
122, 8.937, 1134.11, 180.982, -0.957047, 0.0661019, -0.282298, -0.0902137, -0.993223, 0.0732729, -0.275541, 0.0955927, 0.956524, 0.00282984  
123, 8.87637, 1134.18, 181.001, -0.957483, 0.0665203, -0.280717, -0.09125, -0.992928, 0.07595, -0.273679, 0.0983362, 0.956781, 0.00308946  
124, 8.89229, 1134.32, 180.979, -0.957272, 0.0645542, -0.28189, -0.0899535, -0.992879, 0.0780995, -0.274841, 0.10012, 0.956263, 0.00292775  
125, 8.84794, 1134.35, 181.022, -0.957618, 0.0651838, -0.28057, -0.0913574, -0.9925, 0.0812297, -0.273171, 0.103419, 0.95639, 0.00294162  
126, 8.86295, 1134.44, 181.049, -0.95792, 0.0658944, -0.279368, -0.092763, -0.992134, 0.0840595, -0.271631, 0.106437, 0.956498, 0.00279461  
127, 8.8058, 1134.47, 181.021, -0.957637, 0.0655455, -0.280421, -0.0929579, -0.991985, 0.0855844, -0.272564, 0.108026, 0.956054, 0.0029627  
128, 8.73037, 1134.46, 181.054, -0.957716, 0.065456, -0.280171, -0.0939886, -0.99153, 0.0896337, -0.271931, 0.112177, 0.955756, 0.00297546  
129, 8.78717, 1134.51, 181.027, -0.957751, 0.0650886, -0.280138, -0.0942238, -0.991308, 0.0918118, -0.271728, 0.114328, 0.955559, 0.00280238  
130, 8.77841, 1134.61, 180.978, -0.957323, 0.0635531, -0.281946, -0.0938936, -0.990998, 0.0954279, -0.273343, 0.117828, 0.954673, 0.00294966  
131, 8.75093, 1134.64, 181.087, -0.95841, 0.0646559, -0.277975, -0.0964044, -0.990092, 0.102094, -0.26862, 0.124646, 0.955147, 0.00275688  
132, 8.72263, 1134.7, 180.977, -0.957372, 0.0625121, -0.282014, -0.0950333, -0.990116, 0.103143, -0.272779, 0.125547, 0.95385, 0.00282817  
133, 8.72634, 1134.8, 180.984, -0.957144, 0.0629774, -0.282683, -0.0965224, -0.989634, 0.106343, -0.273055, 0.12907, 0.9533, 0.00307615  
134, 8.6995, 1134.72, 181.019, -0.958329, 0.0627626, -0.278687, -0.0977321, -0.98873, 0.113404, -0.268428, 0.135915, 0.953663, 0.00287505  
135, 8.69445, 1134.73, 180.959, -0.957025, 0.06275, -0.283135, -0.0981557, -0.988776, 0.112638, -0.27289, 0.135588, 0.952443, 0.00294966  
136, 8.61727, 1134.62, 181.066, -0.958204, 0.0633512, -0.278984, -0.100201, -0.987721, 0.119864, -0.267964, 0.142808, 0.952786, 0.00282124  
137, 8.56434, 1134.63, 181.106, -0.959042, 0.0609136, -0.276636, -0.0996067, -0.986754, 0.128039, -0.265172, 0.15035, 0.952407, 0.00295327  
138, 8.54432, 1134.66, 181.064, -0.957807, 0.0618197, -0.280686, -0.100804, -0.986813, 0.126641, -0.269156, 0.149592, 0.951408, 0.00308835  
139, 8.55535, 1134.62, 181.06, -0.957834, 0.0619981, -0.280553, -0.101965, -0.986234, 0.130175, -0.26862, 0.153293, 0.95097, 0.00278989  
140, 8.48879, 1134.6, 181.032, -0.957263, 0.0614485, -0.282616, -0.102491, -0.985829, 0.132805, -0.270451, 0.156095, 0.949995, 0.00305008  
141, 8.49358, 1134.58, 181.003, -0.956642, 0.0609998, -0.284806, -0.10261, -0.985718, 0.133537, -0.272592, 0.156971, 0.949238, 0.00283733  
142, 8.39968, 1134.53, 181.028, -0.956884, 0.059861, -0.284236, -0.101973, -0.985482, 0.135746, -0.271983, 0.158878, 0.949096, 0.00294828  
143, 8.32033, 1134.42, 181.145, -0.957684, 0.060545, -0.281382, -0.104072, -0.984321, 0.142411, -0.268347, 0.165669, 0.94897, 0.0029971  
144, 8.15058, 1134.31, 181.141, -0.95726, 0.0577373, -0.283406, -0.102437, -0.984037, 0.145526, -0.27048, 0.168337, 0.947894, 0.00279794  
145, 8.13934, 1134.27, 181.16, -0.956867, 0.0569559, -0.284887, -0.101601, -0.984279, 0.144472, -0.27218, 0.167185, 0.947611, 0.00297102  
146, 8.07653, 1134.23, 181.178, -0.957152, 0.0544945, -0.284412, -0.100483, -0.983613, 0.149698, -0.271593, 0.171862, 0.946943, 0.00270723  
147, 7.96056, 1134.11, 181.204, -0.957361, 0.0541734, -0.28377, -0.101049, -0.983007, 0.153251, -0.270646, 0.175391, 0.946567, 0.00282623  
148, 7.75603, 1133.78, 181.254, -0.958235, 0.0528418, -0.281057, -0.100964, -0.982005, 0.159599, -0.267566, 0.18131, 0.946327, 0.00308891  
149, 7.61028, 1133.54, 181.196, -0.957824, 0.0507764, -0.282834, -0.099048, -0.982284, 0.159081, -0.269746, 0.180386, 0.945885, 0.00277575  
150, 7.42583, 1133.23, 181.269, -0.959367, 0.0491633, -0.277846, -0.0986301, -0.981016, 0.166972, -0.264362, 0.187591, 0.946003, 0.00287949  
151, 7.28386, 1133.05, 181.226, -0.958679, 0.048879, -0.28026, -0.0985904, -0.981164, 0.166125, -0.266861, 0.186891, 0.94544, 0.00277824  
152, 7.11972, 1132.77, 181.227, -0.958698, 0.0498315, -0.280027, -0.0997366, -0.980916, 0.166901, -0.266366, 0.187936, 0.945372, 0.00285147  
153, 6.82798, 1132.37, 181.247, -0.95879, 0.0494027, -0.279788, -0.100045, -0.9804, 0.169727, -0.265919, 0.190724, 0.94494, 0.00293385  
154, 6.32193, 1132.17, 181.405, -0.959528, 0.0509063, -0.276975, -0.10289, -0.978904, 0.176525, -0.262145, 0.197879, 0.944523, 0.00280348  
155, 6.06989, 1131.74, 181.318, -0.958292, 0.0511842, -0.281172, -0.104413, -0.978524, 0.177731, -0.266036, 0.199676, 0.943056, 0.00299016  
156, 5.90297, 1131.12, 181.302, -0.958655, 0.049673, -0.280202, -0.104486, -0.977315, 0.184222, -0.264695, 0.205883, 0.942098, 0.00279766  
157, 5.85137, 1130.59, 181.293, -0.957857, 0.0519828, -0.282504, -0.107782, -0.976671, 0.185731, -0.266258, 0.208352, 0.941114, 0.00279294  
158, 5.5831, 1129.81, 181.323, -0.957452, 0.0519125, -0.283886, -0.108962, -0.975907, 0.189034, -0.267233, 0.211923, 0.94004, 0.00313551  
159, 6.00221, 1128.85, 180.958, -0.953818, 0.0546052, -0.295379, -0.109814, -0.978659, 0.173686, -0.279591, 0.198101, 0.93946, 0.0027727  
160, 5.68248, 1128.07, 180.989, -0.953792, 0.0571935, -0.294973, -0.113037, -0.977897, 0.175896, -0.278393, 0.201111, 0.939176, 0.0031086  
161, 5.8962, 1127.09, 180.792, -0.951044, 0.0563802, -0.303871, -0.112141, -0.979163, 0.169302, -0.287994, 0.19509, 0.93755, 0.00275855  
162, 5.46706, 1126.24, 181.083, -0.953221, 0.0569006, -0.296869, -0.11426, -0.977081, 0.179602, -0.279846, 0.205121, 0.937876, 0.00282956  
163, 5.68165, 1125.11, 180.98, -0.952011, 0.0562262, -0.300855, -0.114405, -0.9771, 0.179409, -0.283878, 0.205219, 0.936642, 0.00292997  
164, 5.7201, 1123.9, 181.015, -0.953212, 0.0544648, -0.297356, -0.114183, -0.975638, 0.187328, -0.279909, 0.212516, 0.936209, 0.00280238  
165, 5.74484, 1122.87, 180.969, -0.951509, 0.0536508, -0.302907, -0.113186, -0.976658, 0.18256, -0.286042, 0.207992, 0.935371, 0.00301263  
166, 5.66174, 1121.61, 181.112, -0.953234, 0.0542111, -0.297332, -0.11324, -0.976181, 0.18506, -0.280218, 0.210075, 0.936668, 0.00282984  
167, 5.54404, 1120.41, 181.113, -0.954219, 0.0505318, -0.294808, -0.11076, -0.975255, 0.191338, -0.277845, 0.215232, 0.936204, 0.00286284  
168, 5.57555, 1119.12, 181.143, -0.954388, 0.0528057, -0.293863, -0.110705, -0.976665, 0.184039, -0.277287, 0.208177, 0.937963, 0.00410274  
169, 5.59623, 1117.82, 181.125, -0.955619, 0.0518922, -0.289999, -0.109246, -0.976602, 0.185241, -0.273601, 0.208701, 0.938928, 0.002872  
170, 6.33604, 1114.95, 181.068, -0.956336, 0.0505505, -0.287865, -0.104987, -0.978607, 0.176937, -0.272762, 0.199433, 0.941184, 0.00300348  
171, 16.0488, 1113.75, 181.175, 0.98303, -0.0348851, 0.180096, 0.0068565, 0.988053, 0.153964, -0.183315, -0.150116, 0.971525, 0.0029652  
172, 16.3667, 1111.86, 181.092, 0.98111, -0.0460177, 0.187899, 0.0162036, 0.98743, 0.157222, -0.192772, -0.151208, 0.969523, 0.00274607  
173, 16.9618, 1110.14, 181.011, 0.981661, -0.0475709, 0.184602, 0.0193373, 0.988218, 0.151828, -0.189649, -0.145474, 0.971015, 0.00301374  
174, 16.9665, 1108.13, 180.927, 0.978037, -0.0485342, 0.202703, 0.0134232, 0.985159, 0.171116, -0.207999, -0.164637, 0.964174, 0.00269863  
175, 17.367, 1106.26, 180.996, 0.975046, -0.0464014, 0.217102, 0.00466526, 0.98198, 0.188927, -0.221956, -0.1832, 0.957692, 0.00280071  
176, 18.0442, 1104.28, 181.008, 0.975192, -0.0419826, 0.217342, 0.00138075, 0.982985, 0.183682, -0.221355, -0.178825, 0.958657, 0.00294634  
177, 18.6458, 1102.34, 181.032, 0.97449, -0.0446082, 0.219954, 0.00456104, 0.983782, 0.179311, -0.224385, -0.173733, 0.958889, 0.0029971  
178, 19.1983, 1100.44, 181.118, 0.972714, -0.0536395, 0.22572, 0.0148762, 0.985324, 0.170043, -0.231528, -0.162045, 0.959237, 0.00290584  
179, 19.797, 1098.47, 181.104, 0.972192, -0.0571635, 0.227101, 0.0205181, 0.986814, 0.160555, -0.233284, -0.151431, 0.960545, 0.00275883  
180, 11.7436, 1094.92, 181.341, -0.964559, 0.0635632, -0.256098, -0.0988484, -0.98692, 0.127347, -0.244653, 0.148149, 0.958226, 0.00282457  
181, 12.3988, 1092.79, 181.282, -0.964646, 0.0616124, -0.256244, -0.0955735, -0.987886, 0.122261, -0.245607, 0.142429, 0.958849, 0.00306616  
182, 13.049, 1090.6, 181.428, -0.966378, 0.0614189, -0.249681, -0.0920878, -0.989311, 0.113062, -0.240068, 0.132253, 0.961705, 0.0027591  
183, 24.687, 1088.5, 184.095, 0.972921, 0.0792298, 0.217135, 0.0953192, -0.993346, -0.0646394, 0.210569, 0.0835862, -0.973999, 0.00295272  
184, 25.2091, 1086.13, 184.142, 0.974349, 0.0799992, 0.210345, 0.0946871, -0.993655, -0.0606936, 0.204155, 0.0790537, -0.975741, 0.00267922  
185, 25.6773, 1084, 184.23, 0.973985, 0.0814688, 0.211461, 0.0954381, -0.993819, -0.0567006, 0.205535, 0.075407, -0.97574, 0.00275688  
186, 26.2992, 1081.9, 184.211, 0.974652, 0.0831911, 0.207686, 0.0953643, -0.994221, -0.0492888, 0.202386, 0.0678452, -0.976953, 0.00280792  
187, 26.5759, 1079.62, 184.141, 0.975186, 0.0828324, 0.205309, 0.0924011, -0.995017, -0.0374487, 0.201184, 0.0554902, -0.97798, 0.00270751  
188, 27.0475, 1077.16, 184.132, 0.975666, 0.0844389, 0.202349, 0.0926634, -0.995199, -0.0315053, 0.198717, 0.049489, -0.978807, 0.0030204  
189, 27.4069, 1074.75, 184.058, 0.977004, 0.0818299, 0.196895, 0.0888627, -0.995674, -0.0271377, 0.193822, 0.0440103, -0.980049, 0.00271639  
190, 27.7352, 1072.38, 184.021, 0.976881, 0.0815635, 0.197614, 0.0877453, -0.995884, -0.0227158, 0.194948, 0.0395303, -0.980017, 0.00278213  
191, 28.1313, 1069.69, 184.005, 0.977399, 0.0800478, 0.195663, 0.0852483, -0.996192, -0.0182898, 0.193454, 0.0345563, -0.980501, 0.00290778  
192, 28.3728, 1067.29, 183.948, 0.977604, 0.0820778, 0.19379, 0.0857829, -0.996255, -0.0107911, 0.192178, 0.0271733, -0.980984, 0.00270612  
193, 28.7327, 1064.77, 183.909, 0.978225, 0.0825912, 0.190407, 0.0860127, -0.996246, -0.00976147, 0.188886, 0.0259263, -0.981657, 0.00298517  
194, 28.7502, 1062.33, 184.069, 0.977874, 0.085027, 0.191136, 0.0871911, -0.996187, -0.00292542, 0.190158, 0.019526, -0.981559, 0.00267672  
195, 28.903, 1059.97, 183.941, 0.97733, 0.0801423, 0.19597, 0.0806869, -0.996726, 0.00521595, 0.195746, 0.0107145, -0.980596, 0.00280543  
196, 29.0335, 1057.64, 183.884, 0.977465, 0.0789254, 0.195789, 0.0787521, -0.996856, 0.00868224, 0.195859, 0.00693223, -0.980608, 0.00302594  
197, 29.1568, 1055.03, 183.842, 0.977273, 0.0779698, 0.197125, 0.0758092, -0.996951, 0.018495, 0.197966, -0.00313075, -0.980204, 0.00288587  
198, 29.1225, 1052.64, 183.905, 0.977964, 0.0802085, 0.192752, 0.0778452, -0.996769, 0.0198161, 0.193719, -0.0043746, -0.981047, 0.00311471  
199, 29.2046, 1050.18, 183.931, 0.977691, 0.0818449, 0.193447, 0.0784625, -0.996601, 0.0250954, 0.194844, -0.00935717, -0.98079, 0.00280432  
200, 29.2119, 1047.76, 183.961, 0.977453, 0.083532, 0.193927, 0.0793575, -0.996418, 0.0292098, 0.195672, -0.0131617, -0.980581, 0.00269059  
201, 29.1316, 1045.28, 183.997, 0.977031, 0.0848375, 0.195482, 0.0794422, -0.996215, 0.0352917, 0.197737, -0.0189516, -0.980072, 0.00309695  
202, 29.0111, 1042.84, 183.854, 0.977334, 0.0847449, 0.194002, 0.0775072, -0.995993, 0.0446124, 0.197005, -0.0285647, -0.979986, 0.00277353  
203, 28.7788, 1040.32, 183.816, 0.977313, 0.0843169, 0.194293, 0.0761204, -0.99588, 0.0492867, 0.197648, -0.0333789, -0.979705, 0.00328252  
204, 28.4644, 1037.91, 183.898, 0.977328, 0.0852578, 0.193807, 0.0757136, -0.995548, 0.0561446, 0.197731, -0.0401979, -0.979432, 0.0027064  
205, 28.2781, 1035.28, 183.81, 0.977341, 0.0835814, 0.194472, 0.0724125, -0.995328, 0.0638614, 0.198901, -0.0483322, -0.978827, 0.00281513  
206, 27.9583, 1032.94, 183.914, 0.978149, 0.0837597, 0.190284, 0.0734504, -0.995455, 0.0606126, 0.194496, -0.0453117, -0.979856, 0.00300431  
207, 27.9207, 1030.65, 183.927, 0.976697, 0.084321, 0.197363, 0.0716391, -0.994932, 0.0705502, 0.202311, -0.0547674, -0.977789, 0.00274856  
208, 27.6294, 1028.33, 184.129, 0.975809, 0.0890571, 0.199664, 0.0764714, -0.994619, 0.0698994, 0.204815, -0.0529398, -0.977368, 0.00292914  
209, 27.4951, 1025.92, 184.04, 0.973603, 0.0897556, 0.20986, 0.0754028, -0.994296, 0.0754369, 0.215433, -0.0576216, -0.974817, 0.00286451  
210, 27.1843, 1023.78, 184.161, 0.973388, 0.093879, 0.20905, 0.0816644, -0.99445, 0.0663321, 0.214117, -0.047495, -0.975653, 0.00279433  
211, 26.8463, 1021.38, 183.817, 0.971661, 0.0946396, 0.216606, 0.0758662, -0.992732, 0.0934208, 0.223873, -0.0743403, -0.971779, 0.003105  
212, 26.3783, 1019.27, 183.714, 0.97183, 0.0977604, 0.21445, 0.0782418, -0.992135, 0.097709, 0.222316, -0.0781776, -0.971835, 0.00286118  
213, 74.4335, 1021.65, 175.611, -0.190937, 0.76197, -0.618825, 0.981559, 0.142257, -0.127694, -0.0092672, -0.631794, -0.775081, 0.00294745  
214, 73.8038, 1019.4, 175.509, -0.187525, 0.757228, -0.625652, 0.982171, 0.136006, -0.129775, -0.0131767, -0.638834, -0.769232, 0.00287865  
215, 25.6007, 1027.64, 182.937, 0.88328, 0.464682, 0.0623453, 0.4664, -0.857304, -0.217946, -0.0478268, 0.221586, -0.973967, 0.00303371  
216, 7.77925, 1011.54, 185.468, -0.976654, -0.100148, -0.190047, -0.109835, 0.993099, 0.0411166, 0.184617, 0.0610305, -0.980914, 0.00312525  
217, 7.10269, 1009.29, 185.449, -0.976156, -0.100534, -0.192388, -0.112452, 0.992294, 0.0520346, 0.185674, 0.0724282, -0.979938, 0.00287366  
218, 6.32975, 1006.9, 185.394, -0.977147, -0.100756, -0.18717, -0.113829, 0.99166, 0.0604373, 0.17952, 0.0803616, -0.980467, 0.00294162  
219, 5.55225, 1005.01, 185.57, -0.978722, -0.102848, -0.177555, -0.11593, 0.991133, 0.064922, 0.169303, 0.0841245, -0.981967, 0.00272249  
220, 4.79787, 1002.82, 185.67, -0.978979, -0.105223, -0.174725, -0.118862, 0.990476, 0.0694948, 0.165749, 0.0888021, -0.982162, 0.00294911  
221, 4.63473, 1001.03, 185.355, -0.979618, -0.104397, -0.171607, -0.117342, 0.990824, 0.0670787, 0.163029, 0.0858482, -0.982879, 0.00305257  
222, 3.9543, 999.071, 185.558, -0.980183, -0.103834, -0.168701, -0.114888, 0.991735, 0.0571148, 0.161377, 0.0753647, -0.984011, 0.00282457  
223, 3.47938, 997.128, 185.501, -0.980361, -0.101042, -0.169359, -0.111862, 0.992167, 0.0555917, 0.162415, 0.0734449, -0.983985, 0.00298184  
224, 2.9124, 995.422, 185.566, -0.980594, -0.100374, -0.168405, -0.111112, 0.992252, 0.05558, 0.161522, 0.0732134, -0.98415, 0.00277242  
225, 2.44367, 993.643, 185.452, -0.98121, -0.0990181, -0.165597, -0.109247, 0.992556, 0.0538265, 0.159034, 0.0709061, -0.984723, 0.00296159  
226, 2.00328, 991.804, 185.212, -0.979927, -0.0992323, -0.172905, -0.107666, 0.993379, 0.0400793, 0.167783, 0.0578908, -0.984123, 0.00308641  
227, 1.65694, 990.132, 185.122, -0.981187, -0.0963027, -0.167323, -0.104209, 0.993786, 0.0391106, 0.162517, 0.0558113, -0.985126, 0.00279655  
228, 1.2001, 988.439, 185.37, -0.982811, -0.0998324, -0.155292, -0.107092, 0.993481, 0.0390848, 0.150378, 0.0550434, -0.987095, 0.00298905  
229, 0.425771, 986.706, 185.596, -0.984281, -0.104272, -0.142544, -0.112865, 0.992165, 0.0535648, 0.135842, 0.068811, -0.988338, 0.00276382  
230, -0.0597063, 985.019, 185.433, -0.98353, -0.1056, -0.146691, -0.114027, 0.992205, 0.0502609, 0.140241, 0.0661599, -0.987905, 0.00288503  
231, -0.575551, 983.247, 185.278, -0.983327, -0.104096, -0.149101, -0.111243, 0.992972, 0.0404012, 0.143848, 0.0563141, -0.987996, 0.0031835  
232, -1.16993, 981.624, 185.219, -0.982613, -0.104295, -0.153602, -0.110423, 0.993373, 0.0318948, 0.149258, 0.0483015, -0.987618, 0.00280182  
233, -1.62954, 979.993, 185.143, -0.98349, -0.102117, -0.149394, -0.107862, 0.993687, 0.0308494, 0.145301, 0.0464541, -0.988296, 0.00285397  
234, -2.07181, 978.469, 185.08, -0.982899, -0.102992, -0.152648, -0.107722, 0.993915, 0.0230199, 0.149348, 0.0390698, -0.988012, 0.00275217  
235, 2.67236, 978.579, 181.699, -0.925158, 0.0201258, -0.379048, 0.0319382, -0.990925, -0.130567, -0.378236, -0.132901, 0.916119, 0.00302705  
236, 2.26909, 977.014, 181.64, -0.924335, 0.0176087, -0.381176, 0.0306776, -0.992272, -0.12023, -0.380348, -0.122826, 0.916651, 0.00299821  
237, 1.95382, 975.423, 181.499, -0.921313, 0.0169139, -0.388454, 0.0292755, -0.9932, -0.112679, -0.387719, -0.115185, 0.914553, 0.00283843  
238, 1.63379, 973.903, 181.479, -0.920907, 0.0155812, -0.38947, 0.0281092, -0.993944, -0.106229, -0.388766, -0.108774, 0.914893, 0.00307476  
239, 1.50952, 972.57, 181.447, -0.920797, 0.0154429, -0.389736, 0.0280537, -0.994006, -0.105667, -0.389031, -0.108231, 0.914845, 0.0027089  
240, 15.8984, 970.342, 186.523, 0.943937, 0.106417, 0.312502, 0.0853258, -0.9931, 0.0804492, 0.318907, -0.0492744, -0.946504, 0.00278462  
241, 15.7945, 969.326, 186.252, 0.940006, 0.100352, 0.326064, 0.0753074, -0.993218, 0.0885781, 0.332742, -0.0587089, -0.941189, 0.00310444  
242, 15.7193, 967.349, 186.904, 0.947149, 0.107628, 0.302201, 0.0893585, -0.99327, 0.0736841, 0.308098, -0.0427855, -0.950392, 0.00285258  
243, 15.6743, 965.966, 186.985, 0.948122, 0.105803, 0.299783, 0.0896308, -0.993703, 0.0672353, 0.305009, -0.0368774, -0.951635, 0.00305202  
244, 15.4423, 964.445, 186.781, 0.946717, 0.112335, 0.301839, 0.0979165, -0.993228, 0.0625322, 0.30682, -0.0296452, -0.951306, 0.00267533  
245, 15.2587, 962.938, 186.809, 0.947426, 0.11749, 0.297624, 0.104634, -0.99277, 0.0588232, 0.302383, -0.024589, -0.952869, 0.00274967  
246, 15.0851, 961.745, 186.798, 0.947922, 0.122441, 0.294027, 0.113869, -0.992423, 0.0461655, 0.297452, -0.0102807, -0.954681, 0.00305202  
247, 0.662101, 958.415, 181.812, -0.954958, 0.0809719, -0.285479, -0.0886791, -0.99596, 0.0141522, -0.28318, 0.0388308, 0.95828, 0.00278546  
248, -3.11451, 958.686, 184.636, -0.985254, -0.0952322, -0.142143, -0.0931976, 0.995428, -0.0209191, 0.143485, -0.00736322, -0.989625, 0.00300847  
249, 8.83019, 958.378, 182.295, 0.988171, -0.0598289, 0.141206, 0.060909, 0.998138, -0.00333547, -0.140744, 0.0118967, 0.989975, 0.00270169  
250, 8.95636, 956.849, 182.444, 0.987053, -0.062935, 0.147534, 0.0643308, 0.997918, -0.00470309, -0.146931, 0.0141332, 0.989046, 0.00278851  
251, 9.49397, 955.64, 182.301, 0.986837, -0.0600583, 0.150154, 0.059995, 0.998186, 0.00495538, -0.150179, 0.00411834, 0.98865, 0.00290001  
252, 10.0598, 954.122, 182.22, 0.987819, -0.0519436, 0.146685, 0.0515137, 0.99865, 0.00673049, -0.146836, 0.000907757, 0.98916, 0.0027641  
253, 10.1843, 953.29, 182.241, 0.986685, -0.0525574, 0.153916, 0.0497509, 0.998519, 0.0220315, -0.154846, -0.0140807, 0.987838, 0.00306339  
254, 11.7713, 952.735, 181.366, 0.99156, -0.0151421, 0.128759, 0.0126053, 0.99971, 0.0204946, -0.129032, -0.0186986, 0.991464, 0.00277658  
255, 12.1382, 951.648, 181.346, 0.990547, -0.0191234, 0.135838, 0.0151128, 0.999421, 0.0304954, -0.136342, -0.0281542, 0.990262, 0.00280348  
256, -0.899349, 948.248, 185.417, -0.983032, -0.0911611, -0.159176, -0.0835171, 0.995038, -0.0540832, 0.163317, -0.0398716, -0.985768, 0.00299099  
257, -0.400017, 947.005, 185.483, -0.98251, -0.0906119, -0.162675, -0.0817653, 0.994826, -0.0602915, 0.167296, -0.0459358, -0.984836, 0.00285674  
258, 0.282618, 945.801, 185.48, -0.981316, -0.090755, -0.169655, -0.0796302, 0.994273, -0.0712788, 0.175152, -0.0564374, -0.982922, 0.00285702  
259, 0.773706, 944.353, 185.654, -0.980805, -0.0901584, -0.172896, -0.0791196, 0.994424, -0.0697223, 0.178218, -0.0547045, -0.982469, 0.00270751  
260, 1.33574, 943.272, 185.696, -0.979667, -0.0911639, -0.178722, -0.0771099, 0.993471, -0.0840786, 0.18522, -0.0685878, -0.980301, 0.0027089  
261, 2.06712, 941.937, 185.497, -0.978731, -0.0923013, -0.183213, -0.0783282, 0.993541, -0.0821059, 0.189608, -0.0660088, -0.979639, 0.00301596  
262, 2.59748, 940.744, 185.448, -0.97688, -0.095349, -0.191347, -0.0784259, 0.992463, -0.0941618, 0.198883, -0.0769782, -0.976995, 0.00273248  
263, 3.37982, 939.566, 185.251, -0.977193, -0.0924482, -0.191172, -0.0744752, 0.99228, -0.0991662, 0.198864, -0.082667, -0.976534, 0.0030154  
264, 3.80986, 938.096, 185.295, -0.9763, -0.092238, -0.195781, -0.0727229, 0.991848, -0.104641, 0.203837, -0.0879232, -0.975049, 0.00270834  
265, 4.3443, 936.81, 185.188, -0.976402, -0.0877501, -0.197328, -0.0656228, 0.991077, -0.116014, 0.205747, -0.100327, -0.973449, 0.00331941  
266, 18.7794, 934.167, 184.837, 0.973816, 0.0810573, 0.212396, 0.0971756, -0.993039, -0.0665647, 0.205522, 0.0854615, -0.974914, 0.00302705  
267, 20.024, 932.732, 184.407, 0.973082, 0.0798516, 0.216181, 0.0960127, -0.993236, -0.0653007, 0.209505, 0.0842991, -0.974167, 0.002753  
268, 20.2739, 931.162, 184.595, 0.972972, 0.0806195, 0.216394, 0.0968904, -0.993128, -0.0656494, 0.209614, 0.0848415, -0.974096, 0.00297574  
269, 20.4099, 929.987, 184.618, 0.974672, 0.0818304, 0.208128, 0.100565, -0.991622, -0.0810685, 0.199751, 0.0999456, -0.974736, 0.00268449  
270, 20.77, 928.432, 184.659, 0.974943, 0.0820022, 0.206789, 0.0990006, -0.99239, -0.073223, 0.199211, 0.0918605, -0.975642, 0.00282179  
271, 20.8974, 926.94, 184.758, 0.974684, 0.0848713, 0.20685, 0.101999, -0.99206, -0.0735778, 0.198963, 0.0928138, -0.975602, 0.0030498  
272, 21.1558, 925.429, 184.844, 0.975116, 0.0854015, 0.204587, 0.103728, -0.991336, -0.0805765, 0.195933, 0.0997928, -0.975526, 0.0027788  
273, 21.319, 923.772, 184.868, 0.975203, 0.0820951, 0.205525, 0.101045, -0.991375, -0.0834572, 0.196901, 0.102155, -0.975087, 0.00285508  
274, 20.4638, 922.41, 185.661, 0.975765, 0.0929583, 0.198097, 0.112591, -0.989535, -0.0902417, 0.187635, 0.110359, -0.97602, 0.00270945  
275, 20.0928, 920.235, 185.975, 0.970813, 0.0958721, 0.21984, 0.109093, -0.992834, -0.0487821, 0.213588, 0.0713415, -0.974315, 0.00280099  
276, 20.2156, 918.896, 185.93, 0.970495, 0.100193, 0.21932, 0.112508, -0.99266, -0.0443686, 0.213264, 0.0677348, -0.974644, 0.00308697  
277, 20.2194, 916.72, 186.123, 0.966674, 0.101178, 0.235169, 0.106637, -0.994242, -0.0105767, 0.232745, 0.0353019, -0.971897, 0.00286895  
278, 20.1257, 915.143, 186.108, 0.968342, 0.0985589, 0.229347, 0.109206, -0.993432, -0.034173, 0.224473, 0.0581374, -0.972745, 0.00303732  
279, 20.1709, 912.943, 186.092, 0.966139, 0.101391, 0.237264, 0.108743, -0.993906, -0.0180701, 0.233986, 0.043259, -0.971277, 0.00298406  
280, 19.9027, 912.956, 183.038, 0.974001, -0.0499138, 0.220977, 0.0331469, 0.996328, 0.0789469, -0.224106, -0.0695696, 0.972078, 0.00283095  
281, 19.6754, 910.928, 183.201, 0.973309, -0.0517009, 0.2236, 0.0372684, 0.996969, 0.0682937, -0.226453, -0.0581377, 0.972285, 0.00300847  
282, 19.4556, 908.887, 183.483, 0.973176, -0.0493368, 0.224708, 0.0371761, 0.997622, 0.0580338, -0.227037, -0.0481234, 0.972696, 0.00272249  
283, 19.536, 906.65, 182.972, 0.975519, -0.0458125, 0.21509, 0.0298003, 0.996577, 0.0771071, -0.217886, -0.0688098, 0.973546, 0.00286895  
