0, 0, 0, 0, 0, 0, 0, 0, 0, 0, 0, 0, 0, 0.00640028  
1, 8.57691, 1129.73, 180.795, 0.981859, -0.0509531, 0.182636, 0.055931, 0.998188, -0.0222059, -0.181174, 0.0320181, 0.98293, 0.00263511  
2, -1.33487, 1128.47, 180.808, -0.961178, 0.058452, -0.269666, -0.0601771, -0.998186, -0.00187281, -0.269286, 0.0144276, 0.962952, 0.00302539  
3, -1.29284, 1128.47, 180.668, -0.959655, 0.0587505, -0.274973, -0.0586848, -0.998241, -0.0084733, -0.274987, 0.00800529, 0.961415, 0.0027064  
4, -1.22366, 1128.47, 180.726, -0.960166, 0.0585095, -0.273236, -0.0588212, -0.998244, -0.00705857, -0.273169, 0.00929467, 0.961921, 0.00281097  
5, -1.27106, 1128.48, 180.696, -0.959964, 0.0587029, -0.273905, -0.0587377, -0.998241, -0.00808174, -0.273897, 0.00833035, 0.961723, 0.00313024  
6, -1.23021, 1128.4, 180.767, -0.96093, 0.0585203, -0.270535, -0.059568, -0.998215, -0.00434398, -0.270306, 0.0119409, 0.9627, 0.00277159  
7, -1.37863, 1128.46, 180.86, -0.961319, 0.0588195, -0.269084, -0.0601675, -0.998183, -0.00324248, -0.268786, 0.0130731, 0.963111, 0.00277131  
8, -1.19985, 1128.44, 180.63, -0.959248, 0.0586327, -0.276417, -0.0577188, -0.998267, -0.0114484, -0.276609, 0.00497265, 0.96097, 0.00265287  
9, -1.20781, 1128.42, 180.624, -0.959435, 0.0582181, -0.275852, -0.058082, -0.998274, -0.00867048, -0.275881, 0.00770325, 0.961161, 0.00285757  
10, -1.24748, 1128.4, 180.723, -0.960037, 0.0587381, -0.273639, -0.0582834, -0.998252, -0.00979833, -0.273736, 0.00654182, 0.961783, 0.00301374  
11, -1.31246, 1128.4, 180.737, -0.960241, 0.0585876, -0.272955, -0.0584768, -0.998252, -0.00854872, -0.272979, 0.00775269, 0.961989, 0.00281375  
12, -1.43497, 1128.43, 180.808, -0.961054, 0.0589565, -0.27, -0.059497, -0.998209, -0.00618934, -0.269882, 0.0101159, 0.96284, 0.00308641  
13, -1.22306, 1128.4, 180.646, -0.959482, 0.0582859, -0.275677, -0.0577255, -0.998281, -0.0101538, -0.275795, 0.00617124, 0.961197, 0.00271334  
14, 8.51508, 1129.63, 180.835, 0.981828, -0.0505826, 0.182906, 0.0555406, 0.998212, -0.0220833, -0.181462, 0.0318407, 0.982882, 0.00270918  
15, 8.52146, 1129.63, 180.748, 0.982279, -0.0532822, 0.179692, 0.0591532, 0.997871, -0.0274699, -0.177846, 0.0376124, 0.983339, 0.00269753  
16, 8.46671, 1129.62, 180.8, 0.981919, -0.0513118, 0.182213, 0.0565065, 0.998127, -0.0234291, -0.18067, 0.0333017, 0.98298, 0.00276881  
17, 8.45109, 1129.65, 180.809, 0.982075, -0.0518105, 0.181229, 0.0570608, 0.998085, -0.0238744, -0.179646, 0.0337875, 0.983151, 0.00274385  
18, 8.45336, 1129.63, 180.863, 0.981746, -0.0524404, 0.182822, 0.0580012, 0.997998, -0.0251996, -0.181135, 0.0353435, 0.982823, 0.00285646  
19, 8.52859, 1129.61, 180.801, 0.982237, -0.0526185, 0.180114, 0.0581352, 0.997983, -0.0254851, -0.17841, 0.0355034, 0.983316, 0.00273331  
20, 8.48136, 1129.62, 180.786, 0.982401, -0.0530405, 0.179093, 0.0587913, 0.997906, -0.0269535, -0.177289, 0.0370083, 0.983463, 0.00279821  
21, 8.51695, 1129.65, 180.842, 0.982506, -0.0515031, 0.178969, 0.0573752, 0.997966, -0.0277877, -0.177173, 0.0375699, 0.983462, 0.00269614  
22, 8.51247, 1129.62, 180.837, 0.981871, -0.0514547, 0.182433, 0.057063, 0.998042, -0.0256232, -0.180757, 0.0355689, 0.982884, 0.00274579  
23, 8.51707, 1129.6, 180.815, 0.981998, -0.051653, 0.181692, 0.057162, 0.998047, -0.0252124, -0.180034, 0.0351444, 0.983032, 0.00280154  
24, 8.46515, 1129.61, 180.843, 0.982141, -0.053379, 0.180413, 0.0589294, 0.997935, -0.0255425, -0.178678, 0.035718, 0.983259, 0.00297962  
25, 8.45313, 1129.55, 180.789, 0.981725, -0.0521763, 0.183012, 0.057052, 0.99814, -0.0214747, -0.181552, 0.0315235, 0.982876, 0.00281042  
26, 8.48914, 1129.61, 180.833, 0.982291, -0.0515649, 0.180127, 0.0569582, 0.998066, -0.0248952, -0.178495, 0.0347141, 0.983328, 0.00279544  
27, 8.53426, 1129.61, 180.825, 0.982075, -0.0514285, 0.181336, 0.0568543, 0.998073, -0.0248473, -0.179709, 0.0347117, 0.983107, 0.00279073  
28, 8.52095, 1129.59, 180.838, 0.982036, -0.0525525, 0.181228, 0.0581123, 0.997984, -0.0255027, -0.179523, 0.0355762, 0.98311, 0.00300597  
29, 8.49908, 1129.59, 180.804, 0.981721, -0.0511332, 0.18333, 0.0557214, 0.998247, -0.0199599, -0.181988, 0.0298105, 0.982849, 0.00281846  
30, 8.50216, 1129.64, 180.801, 0.982175, -0.0526927, 0.180433, 0.0577375, 0.998071, -0.0228187, -0.178883, 0.0328298, 0.983323, 0.0027616  
31, 8.52403, 1129.68, 180.844, 0.981921, -0.0522377, 0.181938, 0.0576024, 0.998043, -0.0243248, -0.180311, 0.0343651, 0.983009, 0.00273636  
32, 8.5311, 1129.7, 180.887, 0.981848, -0.0512117, 0.182623, 0.0565466, 0.998108, -0.0241227, -0.181042, 0.0340116, 0.982887, 0.00278462  
33, 8.53949, 1129.69, 180.862, 0.981943, -0.0507316, 0.182246, 0.0559395, 0.998156, -0.0235475, -0.180715, 0.033317, 0.982971, 0.00297463  
34, 8.53562, 1129.65, 180.779, 0.982264, -0.0525847, 0.17998, 0.0579568, 0.998013, -0.0247176, -0.178323, 0.0347103, 0.98336, 0.00285619  
35, 8.56867, 1129.67, 180.848, 0.981922, -0.0524593, 0.181874, 0.0582723, 0.997942, -0.026763, -0.180096, 0.0368774, 0.982958, 0.00317212  
36, 8.57004, 1129.69, 180.86, 0.982053, -0.0523852, 0.181184, 0.0579336, 0.997996, -0.0254644, -0.179487, 0.035504, 0.98312, 0.00273553  
37, 8.54349, 1129.69, 180.821, 0.982059, -0.0518454, 0.181309, 0.0573483, 0.998035, -0.0252378, -0.179645, 0.0351828, 0.983102, 0.00285175  
38, 8.60162, 1129.72, 180.851, 0.982316, -0.0524026, 0.179749, 0.0582003, 0.997936, -0.0271303, -0.177956, 0.0371119, 0.983338, 0.00294911  
39, 8.5764, 1129.68, 180.838, 0.981834, -0.0514662, 0.182629, 0.0565804, 0.998135, -0.0229002, -0.18111, 0.0328174, 0.982915, 0.00280876  
40, 8.59789, 1129.73, 180.855, 0.981882, -0.050983, 0.182508, 0.0564474, 0.998096, -0.0248689, -0.180893, 0.0347205, 0.98289, 0.00289613  
41, 8.63734, 1129.71, 180.811, 0.982229, -0.0506401, 0.180725, 0.0558679, 0.998151, -0.0239513, -0.179178, 0.0336223, 0.983242, 0.0027555  
42, 8.58979, 1129.7, 180.827, 0.981873, -0.0507339, 0.182621, 0.0556145, 0.998216, -0.0217003, -0.181195, 0.0314634, 0.982944, 0.0029921  
43, 8.57553, 1129.74, 180.844, 0.981702, -0.0504184, 0.183626, 0.0552584, 0.998244, -0.0213338, -0.182228, 0.0310904, 0.982765, 0.00298905  
44, 8.60019, 1129.73, 180.817, 0.982161, -0.051277, 0.180918, 0.0569874, 0.998023, -0.0265049, -0.179201, 0.0363421, 0.983141, 0.00275661  
45, 8.60086, 1129.7, 180.835, 0.981583, -0.0509104, 0.18413, 0.0557466, 0.99822, -0.021181, -0.182724, 0.0310555, 0.982674, 0.00293441  
46, 8.56909, 1129.7, 180.855, 0.981479, -0.051334, 0.184564, 0.0562797, 0.99818, -0.021655, -0.183116, 0.0316411, 0.982582, 0.00275827  
47, 8.59388, 1129.73, 180.827, 0.981693, -0.0509511, 0.183527, 0.0561474, 0.998152, -0.0232262, -0.182005, 0.0331056, 0.98274, 0.00277658  
48, 8.61609, 1129.78, 180.846, 0.981687, -0.0494007, 0.183982, 0.0540947, 0.998324, -0.0205793, -0.182657, 0.0301549, 0.982714, 0.00304647  
49, 8.69819, 1129.81, 180.839, 0.981942, -0.0507702, 0.18224, 0.0566428, 0.998025, -0.0271622, -0.180502, 0.0369943, 0.982879, 0.00273802  
50, 8.64045, 1129.79, 180.87, 0.981757, -0.0503349, 0.183355, 0.0556085, 0.998171, -0.0237306, -0.181825, 0.0334938, 0.98276, 0.00286673  
51, 8.64906, 1129.82, 180.816, 0.981968, -0.0495045, 0.182452, 0.0549776, 0.998173, -0.0250597, -0.180878, 0.0346385, 0.982895, 0.00270585  
52, 8.68311, 1129.79, 180.83, 0.98166, -0.0500437, 0.183956, 0.0554669, 0.998161, -0.0244512, -0.182394, 0.0342062, 0.98263, 0.00276548  
53, 8.69935, 1129.81, 180.826, 0.982175, -0.0503229, 0.181105, 0.0559789, 0.998087, -0.0262527, -0.179438, 0.0359229, 0.983113, 0.00289585  
54, 8.67902, 1129.82, 180.829, 0.981913, -0.050231, 0.182549, 0.05558, 0.998158, -0.0243016, -0.180992, 0.0340081, 0.982896, 0.00267644  
55, 9.6756, 1128.54, 183.882, 0.967838, 0.0777271, 0.239266, 0.0653927, -0.996109, 0.059077, 0.242927, -0.0415307, -0.969155, 0.00293358  
56, 9.67885, 1128.53, 183.907, 0.967843, 0.0765408, 0.239629, 0.0645203, -0.996251, 0.057624, 0.243142, -0.04031, -0.969153, 0.00278795  
57, 9.61567, 1128.55, 183.964, 0.968029, 0.0778997, 0.238437, 0.0663364, -0.996216, 0.0561544, 0.241909, -0.038542, -0.969533, 0.00305757  
58, 9.70647, 1128.59, 183.89, 0.967352, 0.0776152, 0.24126, 0.0652258, -0.996129, 0.0589341, 0.2449, -0.0412736, -0.968669, 0.00361538  
59, 9.69187, 1128.54, 183.932, 0.967421, 0.0781925, 0.240795, 0.0658637, -0.996092, 0.0588425, 0.244455, -0.0410658, -0.968791, 0.00304758  
60, 9.69566, 1128.59, 183.894, 0.967171, 0.0777961, 0.241924, 0.065026, -0.996057, 0.0603416, 0.245665, -0.0426293, -0.968417, 0.00282512  
61, 9.69069, 1128.56, 183.894, 0.967173, 0.0782656, 0.241765, 0.0656052, -0.996041, 0.0599926, 0.245503, -0.0421622, -0.968478, 0.00267866  
62, 9.68925, 1128.54, 183.908, 0.967402, 0.0780972, 0.240903, 0.0653895, -0.996035, 0.0603133, 0.244658, -0.0425947, -0.968673, 0.00274662  
63, 9.68221, 1128.52, 183.915, 0.96771, 0.0788551, 0.239413, 0.066706, -0.99606, 0.0584441, 0.243078, -0.0405867, -0.969157, 0.00284953  
64, -1.1647, 1128.49, 180.793, -0.961438, 0.0580049, -0.268835, -0.0598218, -0.998208, -0.00143577, -0.268437, 0.0147018, 0.963185, 0.0026856  
65, -1.15758, 1128.56, 180.732, -0.959982, 0.0580625, -0.273975, -0.0581994, -0.998276, -0.00763599, -0.273946, 0.00861476, 0.961706, 0.00281458  
66, -1.15111, 1128.58, 180.712, -0.959966, 0.0580622, -0.274032, -0.0584225, -0.998268, -0.00685346, -0.273956, 0.00943056, 0.961696, 0.00270918  
67, -1.19751, 1128.56, 180.76, -0.960487, 0.0583576, -0.272139, -0.0587772, -0.998249, -0.00661665, -0.272049, 0.00964039, 0.962235, 0.00284953  
68, -1.21643, 1128.54, 180.778, -0.961219, 0.057877, -0.269646, -0.0591822, -0.998242, -0.0032938, -0.269362, 0.0127922, 0.962954, 0.00282512  
69, -1.08927, 1128.56, 180.665, -0.959689, 0.0583824, -0.274935, -0.058199, -0.998266, -0.00883177, -0.274974, 0.00752522, 0.961422, 0.00271666  
70, -1.20804, 1128.55, 180.795, -0.960975, 0.058642, -0.270349, -0.0597419, -0.998205, -0.00416585, -0.270108, 0.0121479, 0.962753, 0.00281125  
71, -1.16628, 1128.54, 180.714, -0.9605, 0.0579856, -0.27217, -0.0588063, -0.998256, -0.00514765, -0.271994, 0.011061, 0.962235, 0.00265065  
72, -1.15186, 1128.54, 180.727, -0.961077, 0.0579195, -0.270142, -0.0592484, -0.998238, -0.00323965, -0.269853, 0.0128919, 0.962815, 0.00276743  
73, -1.20715, 1128.5, 180.765, -0.961057, 0.0585714, -0.270073, -0.0596979, -0.998208, -0.00404836, -0.269826, 0.0122321, 0.962831, 0.00292997  
74, -1.16746, 1128.51, 180.71, -0.960395, 0.0586261, -0.272406, -0.0588894, -0.998238, -0.00721641, -0.272349, 0.00911119, 0.962155, 0.00274107  
75, 7.86191, 1130.27, 181.073, 0.980536, -0.0472782, 0.19056, 0.0523194, 0.998399, -0.0215079, -0.189238, 0.0310593, 0.98144, 0.00279378  
76, 8.64891, 1129.79, 180.834, 0.98178, -0.0513339, 0.182959, 0.0567599, 0.998086, -0.0245414, -0.181349, 0.0344789, 0.982814, 0.00265065  
77, 8.65662, 1129.78, 180.853, 0.98195, -0.0507472, 0.182208, 0.0564292, 0.998065, -0.0261332, -0.180529, 0.0359434, 0.982913, 0.00275522  
78, 8.62695, 1129.74, 180.801, 0.981768, -0.0516983, 0.182916, 0.0568395, 0.998119, -0.0229732, -0.181384, 0.0329512, 0.98286, 0.00303815  
79, 8.61881, 1129.77, 180.845, 0.981678, -0.0515863, 0.18343, 0.0571041, 0.998057, -0.0249236, -0.181788, 0.0349415, 0.982717, 0.00295299  
80, 8.63018, 1129.74, 180.861, 0.981972, -0.0517275, 0.181809, 0.0574538, 0.998, -0.0263686, -0.180081, 0.0363388, 0.98298, 0.00279239  
81, 8.60835, 1129.74, 180.806, 0.981959, -0.0504036, 0.182255, 0.055625, 0.998172, -0.0236483, -0.18073, 0.0333595, 0.982967, 0.00265231  
82, 8.59902, 1129.8, 180.864, 0.981765, -0.0508161, 0.183183, 0.0560961, 0.998143, -0.0237549, -0.181636, 0.0335976, 0.982792, 0.00288892  
83, 8.60604, 1129.73, 180.828, 0.981643, -0.0515718, 0.183623, 0.0568238, 0.998109, -0.0234524, -0.182066, 0.033456, 0.982717, 0.00305867  
84, 8.59902, 1129.76, 180.892, 0.981818, -0.0513497, 0.182747, 0.0568512, 0.99807, -0.0249901, -0.181111, 0.0349251, 0.982842, 0.00282678  
85, 8.54952, 1129.76, 180.844, 0.981652, -0.0519201, 0.183477, 0.0570742, 0.998107, -0.0229192, -0.18194, 0.0329705, 0.982757, 0.00280043  
86, 8.60709, 1129.7, 180.837, 0.981914, -0.0518165, 0.182101, 0.0570609, 0.99809, -0.0236756, -0.180527, 0.0336383, 0.982995, 0.00263373  
87, 8.62483, 1129.78, 180.888, 0.981962, -0.0508205, 0.18212, 0.0564896, 0.998063, -0.0260743, -0.180442, 0.0358919, 0.982931, 0.00276521  
88, 8.53564, 1129.74, 180.878, 0.981742, -0.0508849, 0.183283, 0.0563084, 0.998113, -0.0245055, -0.18169, 0.0343784, 0.982755, 0.00289363  
89, 8.60917, 1129.73, 180.82, 0.982418, -0.0517183, 0.179386, 0.0574996, 0.997976, -0.0271761, -0.177617, 0.0370129, 0.983403, 0.00274413  
90, 8.5351, 1129.68, 180.859, 0.981688, -0.0523945, 0.183151, 0.0579298, 0.998008, -0.0250003, -0.181476, 0.0351523, 0.982767, 0.00280321  
91, 8.54969, 1129.68, 180.833, 0.981956, -0.0522042, 0.181762, 0.0578254, 0.997994, -0.0257617, -0.180053, 0.0358073, 0.983005, 0.00266424  
92, -1.26183, 1128.4, 180.736, -0.960136, 0.0588898, -0.273259, -0.0592929, -0.998218, -0.00679064, -0.273171, 0.00968235, 0.961917, 0.00275994  
93, -1.34112, 1128.44, 180.839, -0.961242, 0.0590237, -0.269315, -0.0598164, -0.998195, -0.00526953, -0.26914, 0.0110442, 0.963038, 0.00310195  
94, -1.25162, 1128.42, 180.757, -0.959977, 0.0587036, -0.273859, -0.0584699, -0.998248, -0.00902323, -0.273909, 0.00735042, 0.961727, 0.00270252  
95, -1.23987, 1128.43, 180.704, -0.959526, 0.0584808, -0.275481, -0.0581357, -0.998264, -0.00942584, -0.275554, 0.0069709, 0.96126, 0.00278878  
96, -1.26224, 1128.42, 180.707, -0.960205, 0.0580689, -0.273194, -0.0588495, -0.998253, -0.00534337, -0.273026, 0.0109466, 0.961944, 0.00263761  
97, -1.19209, 1128.36, 180.796, -0.960794, 0.0586983, -0.270978, -0.0596252, -0.998209, -0.00481836, -0.270776, 0.0115277, 0.962573, 0.00276216  
98, -1.31154, 1128.45, 180.762, -0.960132, 0.058997, -0.273249, -0.0590814, -0.998222, -0.00792753, -0.273231, 0.00853244, 0.961911, 0.00279572  
99, -1.35112, 1128.41, 180.865, -0.961403, 0.0591666, -0.268707, -0.0606681, -0.998154, -0.00271998, -0.268372, 0.0136869, 0.963218, 0.00272415  
100, -1.26951, 1128.38, 180.728, -0.960152, 0.0580731, -0.273379, -0.0581085, -0.998278, -0.00797479, -0.273372, 0.00822864, 0.961873, 0.00277491  
101, -1.23038, 1128.37, 180.681, -0.95965, 0.0584654, -0.275053, -0.0582447, -0.998262, -0.00897727, -0.2751, 0.00740534, 0.961387, 0.00271999  
102, -1.26667, 1128.43, 180.668, -0.959689, 0.0577893, -0.27506, -0.0577392, -0.998297, -0.00828639, -0.27507, 0.00792938, 0.961391, 0.00273469  
103, -1.28456, 1128.39, 180.795, -0.960948, 0.058402, -0.270497, -0.0591978, -0.998233, -0.00522295, -0.270324, 0.0109939, 0.962707, 0.00292831  
104, 8.5377, 1129.65, 180.87, 0.982123, -0.0517228, 0.180995, 0.0571912, 0.998047, -0.0251222, -0.179342, 0.0350244, 0.983163, 0.0027788  
105, 8.54094, 1129.66, 180.862, 0.982222, -0.050859, 0.180703, 0.0562048, 0.998117, -0.0245841, -0.179112, 0.0343034, 0.98323, 0.00278518  
106, 8.53956, 1129.6, 180.801, 0.982346, -0.0511605, 0.17994, 0.0563462, 0.998127, -0.0238233, -0.178384, 0.0335417, 0.983389, 0.0026892  
107, 8.50343, 1129.61, 180.806, 0.982244, -0.0521275, 0.180219, 0.0573217, 0.998074, -0.0237312, -0.178635, 0.0336403, 0.98334, 0.00277464  
108, 8.5108, 1129.62, 180.838, 0.982285, -0.0532751, 0.179659, 0.058821, 0.997938, -0.0256803, -0.17792, 0.0357931, 0.983394, 0.00297435  
109, 8.53035, 1129.62, 180.779, 0.982043, -0.0536169, 0.18088, 0.0591095, 0.997936, -0.0251098, -0.17916, 0.0353506, 0.983185, 0.00277686  
110, 8.50416, 1129.66, 180.82, 0.981808, -0.0529013, 0.182361, 0.0581998, 0.998021, -0.0238229, -0.18074, 0.0340029, 0.982943, 0.00280487  
111, 8.49103, 1129.64, 180.844, 0.981687, -0.0523732, 0.183159, 0.0577123, 0.998046, -0.0239384, -0.181548, 0.0340706, 0.982792, 0.00273026  
112, 8.49868, 1129.69, 180.899, 0.981857, -0.0517866, 0.182412, 0.0572942, 0.998043, -0.02505, -0.180758, 0.0350467, 0.982903, 0.00279572  
113, 8.48722, 1129.66, 180.833, 0.981945, -0.0510446, 0.182147, 0.0558097, 0.998218, -0.0211285, -0.180744, 0.0309126, 0.983044, 0.00288781  
114, 8.53046, 1129.67, 180.867, 0.981837, -0.0521071, 0.182429, 0.0570988, 0.998121, -0.0222145, -0.180929, 0.0322275, 0.982968, 0.00288503  
115, 9.51856, 1128.51, 184.002, 0.967744, 0.0785357, 0.239381, 0.0670869, -0.996196, 0.0556184, 0.242838, -0.0377651, -0.969331, 0.00286617  
116, 9.51161, 1128.58, 184.018, 0.967729, 0.0777002, 0.239715, 0.0669609, -0.996366, 0.0526368, 0.242934, -0.0348866, -0.969415, 0.00280737  
117, 9.51017, 1128.6, 183.964, 0.967889, 0.0782073, 0.238903, 0.0680437, -0.996403, 0.0505107, 0.241994, -0.0326328, -0.969729, 0.00340096  
118, 9.51717, 1128.65, 183.998, 0.967906, 0.0776148, 0.239025, 0.0676795, -0.996478, 0.0495094, 0.242026, -0.0317434, -0.96975, 0.00316824  
119, 9.55066, 1128.71, 183.945, 0.967506, 0.0775293, 0.24067, 0.0678055, -0.996522, 0.0484374, 0.243589, -0.0305447, -0.969398, 0.0028315  
120, 9.49246, 1128.8, 183.98, 0.967727, 0.0774976, 0.239788, 0.068618, -0.99662, 0.0451739, 0.242478, -0.0272622, -0.969774, 0.00301596  
121, 9.57427, 1128.79, 183.923, 0.967605, 0.0776107, 0.240246, 0.0686685, -0.996607, 0.0453844, 0.242953, -0.0274168, -0.969651, 0.00275744  
122, -1.17159, 1128.8, 180.708, -0.960468, 0.0561318, -0.272673, -0.0607632, -0.998115, 0.00856387, -0.271678, 0.0247938, 0.962069, 0.00284232  
123, -1.20072, 1128.82, 180.741, -0.961263, 0.0570159, -0.269671, -0.0629647, -0.997925, 0.0134537, -0.268344, 0.0299123, 0.962859, 0.00295355  
124, -1.10816, 1128.94, 180.671, -0.959965, 0.0554933, -0.274569, -0.0612961, -0.99804, 0.0125927, -0.273332, 0.0289185, 0.961485, 0.00299599  
125, -0.976463, 1128.94, 180.547, -0.959078, 0.0544172, -0.277864, -0.0600876, -0.998122, 0.0119257, -0.276693, 0.0281338, 0.960546, 0.00287616  
126, 9.58159, 1129.14, 183.996, 0.967801, 0.0755328, 0.240115, 0.0707208, -0.997086, 0.0286069, 0.241576, -0.0107047, -0.970323, 0.00273109  
127, 9.53981, 1129.22, 183.995, 0.968265, 0.0767466, 0.237851, 0.0718309, -0.996987, 0.0292788, 0.239381, -0.0112646, -0.97086, 0.0028437  
128, -0.941111, 1128.99, 180.634, -0.959512, 0.0563491, -0.275973, -0.0641231, -0.997757, 0.0192203, -0.274271, 0.0361383, 0.960973, 0.00302151  
129, -1.17214, 1129.09, 180.733, -0.960306, 0.0553887, -0.273395, -0.0641181, -0.997675, 0.0230914, -0.27148, 0.0397043, 0.961625, 0.00282706  
130, 9.62578, 1129.22, 184.035, 0.968109, 0.0754944, 0.238883, 0.0728547, -0.997145, 0.019874, 0.239701, -0.00183647, -0.970845, 0.00288836  
131, 9.61237, 1129.18, 184.055, 0.96785, 0.0750902, 0.240058, 0.073265, -0.997175, 0.0165316, 0.240621, 0.00158777, -0.970618, 0.00278102  
132, 9.60974, 1129.15, 184.046, 0.968065, 0.0758118, 0.238961, 0.0749682, -0.997106, 0.0126309, 0.239227, 0.00568695, -0.970947, 0.00289474  
133, 9.52154, 1129.13, 184.069, 0.968319, 0.0759694, 0.237878, 0.0754308, -0.997086, 0.0113795, 0.23805, 0.00692438, -0.971228, 0.00309806  
134, 9.48006, 1129.14, 183.975, 0.9683, 0.0764441, 0.237804, 0.0760613, -0.997045, 0.0107988, 0.237927, 0.00763123, -0.971253, 0.00293441  
135, 9.52092, 1129.06, 184.06, 0.968179, 0.075177, 0.238698, 0.0764334, -0.997067, 0.00400174, 0.238299, 0.0143701, -0.971086, 0.00290445  
136, 9.40683, 1129.03, 183.96, 0.968115, 0.0757807, 0.238769, 0.0767126, -0.997039, 0.00540136, 0.238472, 0.0130875, -0.971061, 0.00275106  
137, 9.42663, 1128.97, 183.967, 0.968102, 0.0743812, 0.239261, 0.0765347, -0.997067, 0.000291014, 0.238581, 0.01803, -0.970955, 0.00289474  
138, 9.36399, 1128.95, 183.947, 0.968517, 0.0751897, 0.237323, 0.0775854, -0.996985, -0.000757084, 0.236551, 0.019146, -0.971431, 0.00299987  
139, 9.38444, 1128.79, 183.978, 0.968432, 0.0741479, 0.237996, 0.0782563, -0.996902, -0.00784751, 0.236677, 0.0262245, -0.971234, 0.00273636  
140, 9.37205, 1128.72, 183.888, 0.968395, 0.0741319, 0.238152, 0.0790583, -0.996807, -0.011188, 0.236563, 0.0296624, -0.971163, 0.00286284  
141, 9.21637, 1128.68, 183.902, 0.968848, 0.0755557, 0.235848, 0.079765, -0.996779, -0.00834385, 0.234458, 0.0268963, -0.971754, 0.00268449  
142, 9.25171, 1128.51, 183.872, 0.968321, 0.0750356, 0.238166, 0.0794943, -0.996793, -0.0091576, 0.236715, 0.0278004, -0.971181, 0.00272526  
143, -0.821144, 1127.92, 180.304, -0.958835, 0.0533884, -0.278901, -0.0726748, -0.995593, 0.0592682, -0.274508, 0.0770975, 0.958489, 0.00289336  
144, -0.859798, 1127.7, 180.308, -0.959047, 0.0550342, -0.277849, -0.0753788, -0.995158, 0.0630707, -0.273033, 0.0814317, 0.958552, 0.0027727  
145, -0.947314, 1127.49, 180.305, -0.959214, 0.0546959, -0.277338, -0.0749182, -0.995208, 0.0628432, -0.272572, 0.0810578, 0.958715, 0.00280598  
146, -1.00015, 1127.24, 180.391, -0.959614, 0.0560946, -0.275672, -0.0764012, -0.995055, 0.0634759, -0.270748, 0.081974, 0.959154, 0.00265148  
147, -1.02968, 1126.98, 180.233, -0.958962, 0.0542746, -0.278293, -0.075694, -0.994891, 0.0668013, -0.273245, 0.0851249, 0.958171, 0.00283677  
148, -0.995631, 1126.7, 180.273, -0.959955, 0.0544091, -0.274819, -0.0777966, -0.99415, 0.0749237, -0.269134, 0.0933034, 0.958572, 0.0030118  
149, -1.03693, 1126.38, 180.344, -0.96031, 0.0538544, -0.273687, -0.0776763, -0.994004, 0.0769555, -0.267902, 0.0951601, 0.958735, 0.00280099  
150, -0.928255, 1126.09, 180.253, -0.958833, 0.0531822, -0.278946, -0.0771549, -0.994143, 0.0756702, -0.273288, 0.0940772, 0.957321, 0.00279405  
151, -0.94473, 1125.72, 180.205, -0.95897, 0.0528703, -0.278534, -0.0771861, -0.994034, 0.0770617, -0.272798, 0.0953988, 0.95733, 0.00265952  
152, 9.25136, 1125.77, 183.762, 0.969176, 0.0732755, 0.235222, 0.0850672, -0.995557, -0.0403663, 0.231219, 0.0591317, -0.971103, 0.00276853  
153, 9.2404, 1125.33, 183.762, 0.969884, 0.0740494, 0.23204, 0.086984, -0.995147, -0.046002, 0.227508, 0.0648003, -0.971618, 0.00286451  
154, -2.13044, 1124.85, 181.035, -0.962857, 0.0519431, -0.264968, -0.0827459, -0.99087, 0.106441, -0.25702, 0.124413, 0.958364, 0.00268504  
155, -1.87853, 1124.18, 181.009, -0.963558, 0.0508183, -0.26263, -0.0822049, -0.990534, 0.109934, -0.254557, 0.127517, 0.958614, 0.00280265  
156, -1.87117, 1123.54, 180.95, -0.962928, 0.049251, -0.265223, -0.0806584, -0.99078, 0.108857, -0.257416, 0.126214, 0.958022, 0.00265148  
157, -2.00817, 1122.99, 181.029, -0.963515, 0.0493206, -0.263069, -0.0820205, -0.989997, 0.114802, -0.254776, 0.13219, 0.957922, 0.00277186  
158, -2.05521, 1122.35, 181.072, -0.963729, 0.0515102, -0.261866, -0.0841085, -0.989817, 0.114838, -0.253284, 0.132697, 0.958248, 0.0029688  
159, -2.10265, 1121.82, 181, -0.962735, 0.0511101, -0.265573, -0.083802, -0.990025, 0.11326, -0.257135, 0.131295, 0.957415, 0.00271306  
160, -2.08142, 1121.06, 180.963, -0.963058, 0.0501108, -0.264592, -0.0838069, -0.989514, 0.117636, -0.255922, 0.135465, 0.957159, 0.00279711  
161, -2.231, 1120.44, 180.89, -0.961805, 0.0501553, -0.269102, -0.0841866, -0.989622, 0.116448, -0.260469, 0.134655, 0.956046, 0.00276077  
162, -2.26934, 1119.53, 180.853, -0.961839, 0.0491196, -0.269171, -0.0829958, -0.989781, 0.115952, -0.260725, 0.133867, 0.956087, 0.0027849  
163, -2.5857, 1118.88, 180.93, -0.961677, 0.0492539, -0.269726, -0.0839343, -0.98939, 0.118588, -0.261023, 0.136683, 0.955607, 0.00285036  
164, -2.66234, 1118.04, 180.966, -0.962612, 0.0486337, -0.266484, -0.0839418, -0.988882, 0.122748, -0.257551, 0.140528, 0.955991, 0.00269142  
165, -2.73508, 1117.29, 180.96, -0.962177, 0.0481398, -0.26814, -0.0848697, -0.98825, 0.127119, -0.25887, 0.145067, 0.954957, 0.00279877  
166, -3.04265, 1116.39, 181.061, -0.961687, 0.0470435, -0.270083, -0.084889, -0.987847, 0.1302, -0.260676, 0.148139, 0.953993, 0.00265814  
167, -3.13877, 1115.53, 181.089, -0.96077, 0.050312, -0.272743, -0.0880903, -0.987843, 0.128084, -0.262983, 0.147086, 0.953523, 0.00274163  
168, -3.18925, 1114.6, 181.108, -0.959708, 0.0498132, -0.276547, -0.0883947, -0.987717, 0.128845, -0.266732, 0.148099, 0.952324, 0.0029136  
169, -3.10896, 1113.62, 180.955, -0.959127, 0.0471922, -0.279014, -0.0865592, -0.987663, 0.1305, -0.269413, 0.149317, 0.951379, 0.00273664  
170, -3.47746, 1112.54, 181.003, -0.959441, 0.0483459, -0.277732, -0.0879209, -0.987362, 0.131854, -0.267847, 0.150925, 0.951567, 0.00279932  
171, -3.56607, 1111.51, 180.763, -0.957699, 0.0477517, -0.283784, -0.0864203, -0.988343, 0.12534, -0.274491, 0.144563, 0.950661, 0.00272554  
172, -3.85669, 1110.37, 180.827, -0.959006, 0.0491779, -0.279085, -0.0884861, -0.987552, 0.130043, -0.269215, 0.149407, 0.95142, 0.00277159  
173, -4.04426, 1109.26, 180.789, -0.958718, 0.0477413, -0.280321, -0.0864933, -0.988055, 0.127539, -0.270883, 0.14652, 0.951396, 0.0028609  
174, -4.24744, 1108.08, 180.718, -0.958483, 0.0494112, -0.280836, -0.0881784, -0.987959, 0.127125, -0.271173, 0.146611, 0.951299, 0.00268366  
175, -4.46771, 1106.94, 180.836, -0.960081, 0.0496752, -0.275277, -0.0890548, -0.98718, 0.132453, -0.265169, 0.151681, 0.952197, 0.00283899  
176, -4.63333, 1105.79, 180.899, -0.95983, 0.0465221, -0.276697, -0.0867987, -0.987017, 0.135144, -0.266817, 0.153732, 0.951407, 0.00273608  
177, -4.70779, 1104.58, 180.864, -0.958026, 0.0455311, -0.283043, -0.0861709, -0.987386, 0.132832, -0.273424, 0.151647, 0.949864, 0.00276382  
178, -4.70555, 1103.25, 180.872, -0.958115, 0.0436693, -0.283035, -0.0843769, -0.987481, 0.13327, -0.273672, 0.15157, 0.949805, 0.0028401  
179, -4.70821, 1101.86, 180.902, -0.9583, 0.0459097, -0.282053, -0.0862525, -0.987447, 0.132324, -0.272437, 0.151134, 0.95023, 0.00279183  
180, -4.73506, 1100.44, 180.888, -0.95883, 0.0442734, -0.280508, -0.0847159, -0.98739, 0.133732, -0.27105, 0.15199, 0.95049, 0.00278878  
181, -4.86354, 1099.04, 180.872, -0.958097, 0.0476147, -0.282458, -0.0859978, -0.988412, 0.125085, -0.273229, 0.144135, 0.951089, 0.00268643  
182, -4.93842, 1097.63, 180.834, -0.95733, 0.0484734, -0.284903, -0.0856042, -0.989155, 0.119352, -0.276028, 0.138648, 0.951097, 0.00277436  
183, -5.17059, 1096.05, 180.982, -0.958246, 0.0504845, -0.281453, -0.0863053, -0.98945, 0.11636, -0.272609, 0.135792, 0.952494, 0.00291055  
184, 5.88324, 1094.71, 183.927, 0.964665, 0.0703009, 0.253927, 0.0871468, -0.994637, -0.0556992, 0.248649, 0.07586, -0.965618, 0.00280626  
185, 5.80562, 1093.31, 183.841, 0.96528, 0.0712622, 0.25131, 0.0885514, -0.994372, -0.0581583, 0.245751, 0.0783929, -0.966158, 0.00287616  
186, 5.7588, 1091.76, 183.921, 0.964072, 0.0716477, 0.255798, 0.0881322, -0.994668, -0.0535581, 0.250597, 0.0741779, -0.965246, 0.00264205  
187, 5.50069, 1090.37, 183.914, 0.964701, 0.0721525, 0.253269, 0.0898709, -0.994199, -0.0590857, 0.247537, 0.0797616, -0.96559, 0.00276216  
188, 5.32494, 1088.62, 183.904, 0.963242, 0.0705363, 0.259208, 0.0857299, -0.995172, -0.0477721, 0.254587, 0.0682379, -0.964639, 0.00289752  
189, 5.05656, 1087.06, 183.941, 0.964622, 0.0694169, 0.254332, 0.0858868, -0.994828, -0.0542219, 0.249253, 0.0741474, -0.965596, 0.00270002  
190, 4.79098, 1085.35, 184.121, 0.963877, 0.0686556, 0.257348, 0.0860165, -0.994673, -0.0568078, 0.252077, 0.0768919, -0.964648, 0.002791  
191, 4.43091, 1083.64, 184.061, 0.963642, 0.0688635, 0.258172, 0.0858757, -0.994776, -0.0551944, 0.253022, 0.0753583, -0.964521, 0.00275217  
192, 4.10014, 1082.02, 184.093, 0.962747, 0.0703086, 0.261102, 0.0872959, -0.994716, -0.0540281, 0.255924, 0.0748085, -0.963798, 0.00276132  
193, 3.7814, 1080.33, 184.071, 0.962144, 0.0686716, 0.263747, 0.0858114, -0.994846, -0.0540111, 0.258678, 0.074599, -0.963079, 0.00290667  
194, 3.32196, 1078.58, 184.137, 0.961254, 0.0692403, 0.266825, 0.0865209, -0.99481, -0.0535472, 0.261733, 0.0745585, -0.962256, 0.00276271  
195, 2.94551, 1076.86, 184.151, 0.960181, 0.0687181, 0.270796, 0.0840674, -0.995422, -0.0454823, 0.266431, 0.0664364, -0.961562, 0.00284149  
196, 2.58774, 1074.97, 184.185, 0.959381, 0.0696231, 0.273389, 0.085145, -0.995338, -0.0453126, 0.268959, 0.0667497, -0.960836, 0.00275356  
197, 2.16577, 1073.13, 184.206, 0.960023, 0.0681196, 0.271507, 0.0829864, -0.995595, -0.0436429, 0.267338, 0.0644295, -0.961447, 0.00279516  
198, 1.77705, 1071.35, 184.182, 0.959305, 0.0652909, 0.274721, 0.0795534, -0.995984, -0.0410862, 0.270935, 0.0612692, -0.960646, 0.00294772  
199, 1.52968, 1069.38, 184.16, 0.959023, 0.0646857, 0.275844, 0.0783472, -0.996171, -0.0387856, 0.272279, 0.0588079, -0.96042, 0.00280487  
200, 30.5581, 1070.96, 207.714, 0.0077028, -0.0944043, -0.995504, -0.0865541, -0.99186, 0.0933891, -0.996217, 0.0854456, -0.0158112, 0.0027935  
201, -10.7868, 1065.58, 181.567, -0.957621, 0.0376188, -0.285563, -0.0764458, -0.989073, 0.126061, -0.277701, 0.142549, 0.950033, 0.00275827  
202, -11.0026, 1063.55, 181.58, -0.957166, 0.0408337, -0.286647, -0.0789096, -0.989319, 0.122562, -0.27858, 0.139931, 0.950164, 0.00286423  
203, -3.58577, 1063.38, 182.341, 0.985769, -0.0426394, 0.162606, 0.0305505, 0.996629, 0.0761346, -0.165304, -0.0700834, 0.983749, 0.00300375  
204, -11.4556, 1059.78, 181.405, -0.957383, 0.0416368, -0.285805, -0.0774955, -0.9903, 0.115323, -0.278231, 0.132557, 0.951323, 0.00279073  
205, -11.9655, 1058.05, 181.132, -0.950944, 0.0349763, -0.30738, -0.0689263, -0.992567, 0.100295, -0.301587, 0.116562, 0.946287, 0.0028057  
206, -12.2627, 1055.95, 181.119, -0.951007, 0.0345149, -0.307236, -0.0678501, -0.992823, 0.0984869, -0.301632, 0.114508, 0.946523, 0.00282928  
207, -12.7372, 1054.2, 181.344, -0.950469, 0.0316095, -0.309207, -0.0664316, -0.992487, 0.102744, -0.303636, 0.118196, 0.945428, 0.00283483  
208, -13.4046, 1052.43, 181.633, -0.9513, 0.0290444, -0.306895, -0.066965, -0.991248, 0.113764, -0.300905, 0.128775, 0.94492, 0.00312691  
209, -2.82049, 1053.79, 180.782, 0.993643, 0.0370545, 0.106308, -0.0423938, 0.997927, 0.0484124, -0.104293, -0.0526114, 0.993154, 0.00285008  
210, -3.14768, 1051.7, 180.771, 0.993131, 0.0296752, 0.113186, -0.035646, 0.998057, 0.0510985, -0.111449, -0.0547822, 0.992259, 0.00287699  
211, -5.43927, 1046.73, 186.307, 0.942768, 0.0795483, 0.323822, 0.0592588, -0.995638, 0.0720581, 0.328142, -0.0487448, -0.94337, 0.00271306  
212, -5.6079, 1044.77, 186.292, 0.941747, 0.0791954, 0.326865, 0.057677, -0.995512, 0.0750242, 0.33134, -0.0518012, -0.942088, 0.00281541  
213, -5.71734, 1042.55, 186.348, 0.942541, 0.0807832, 0.324177, 0.0595956, -0.995418, 0.0747793, 0.328732, -0.0511631, -0.943036, 0.0028867  
214, -5.93122, 1040.41, 186.565, 0.943228, 0.0772273, 0.323043, 0.0562246, -0.995682, 0.0738642, 0.327352, -0.0515079, -0.943497, 0.0028193  
215, -5.89298, 1038.25, 186.385, 0.945139, 0.0750055, 0.317941, 0.055731, -0.996038, 0.0693046, 0.321879, -0.0477833, -0.945574, 0.00289668  
216, -5.86811, 1036.2, 186.299, 0.947576, 0.073959, 0.310852, 0.055051, -0.996084, 0.0691789, 0.314751, -0.0484396, -0.947937, 0.00266063  
217, -5.75467, 1034.12, 186.372, 0.946428, 0.0755085, 0.313964, 0.0534489, -0.995496, 0.0782987, 0.318462, -0.057323, -0.946201, 0.00279683  
218, -5.84279, 1032.15, 186.583, 0.945984, 0.080238, 0.314129, 0.0578393, -0.995115, 0.0800022, 0.319014, -0.0575118, -0.946004, 0.0030706  
219, -5.37599, 1029.91, 186.326, 0.945092, 0.0798914, 0.31689, 0.0568176, -0.99506, 0.0814128, 0.321829, -0.0589376, -0.944962, 0.00280238  
220, -4.96898, 1027.83, 186.153, 0.946536, 0.0781091, 0.313, 0.0558295, -0.995267, 0.0795363, 0.317731, -0.0578093, -0.946417, 0.00290889  
221, -4.55451, 1025.54, 186.023, 0.947114, 0.0761315, 0.311737, 0.052306, -0.995083, 0.0841012, 0.316607, -0.0633477, -0.946439, 0.00277963  
222, -4.52804, 1023.52, 186.21, 0.95106, 0.071965, 0.300511, 0.0514356, -0.995804, 0.075687, 0.304697, -0.0565258, -0.950771, 0.00275328  
223, -4.20883, 1021.37, 186.13, 0.948358, 0.0715429, 0.309029, 0.0480507, -0.995392, 0.0829821, 0.313542, -0.0638477, -0.947425, 0.00301873  
224, -3.6864, 1019.45, 186.064, 0.950708, 0.0706817, 0.301926, 0.0486757, -0.995621, 0.0798071, 0.306245, -0.0611768, -0.949985, 0.00280654  
225, -3.22227, 1017.23, 185.837, 0.948086, 0.0741926, 0.309238, 0.0469541, -0.994405, 0.094623, 0.314528, -0.0751908, -0.946265, 0.00282984  
226, -2.82704, 1015.22, 185.68, 0.951271, 0.07198, 0.299836, 0.0475105, -0.994976, 0.0881247, 0.304673, -0.0695851, -0.949912, 0.00266258  
227, -2.65931, 1013.04, 185.846, 0.954309, 0.0682095, 0.290934, 0.0454919, -0.995414, 0.0841544, 0.295339, -0.0670741, -0.953035, 0.00279073  
228, -1.98536, 1010.85, 185.458, 0.954932, 0.0701478, 0.288417, 0.0484203, -0.995472, 0.0817984, 0.292849, -0.0641466, -0.954005, 0.00289363  
229, -1.5663, 1008.66, 185.529, 0.95543, 0.0705472, 0.286666, 0.0474962, -0.995111, 0.0865923, 0.291373, -0.0691173, -0.954109, 0.00286368  
230, -1.31126, 1006.58, 185.592, 0.955298, 0.0698402, 0.287276, 0.0460456, -0.994987, 0.0887742, 0.292036, -0.071578, -0.953725, 0.0028609  
231, -0.951938, 1004.35, 185.545, 0.954707, 0.0695086, 0.289315, 0.0421528, -0.99412, 0.0997403, 0.294546, -0.0830274, -0.952024, 0.00271777  
232, -9.69599, 1002.26, 181.262, -0.958845, 0.0320515, -0.282115, -0.0373752, -0.99921, 0.0135078, -0.28146, 0.023496, 0.959285, 0.00274662  
233, -10.1766, 1000.25, 181.961, -0.960395, 0.034821, -0.276459, -0.042631, -0.998842, 0.0222887, -0.275362, 0.0331916, 0.960767, 0.00301707  
234, -11.1833, 997.63, 183.076, -0.959291, 0.026733, -0.281151, -0.0368892, -0.998842, 0.0308924, -0.28, 0.0400063, 0.959166, 0.00281708  
235, -10.8645, 995.736, 183.027, -0.960506, 0.0236074, -0.277257, -0.0350592, -0.998721, 0.0364188, -0.276043, 0.0447009, 0.960105, 0.002791  
236, -12.2668, 995.282, 184.997, -0.979884, -0.057562, -0.191085, -0.0530786, 0.998183, -0.0285034, 0.192379, -0.0177875, -0.98116, 0.00266757  
237, -12.1192, 993.254, 185.138, -0.979997, -0.0616835, -0.189212, -0.0585674, 0.998041, -0.0220217, 0.1902, -0.0104996, -0.981689, 0.00280543  
238, -11.8093, 991.395, 185.287, -0.980489, -0.0649839, -0.185524, -0.0619969, 0.997837, -0.0218629, 0.186543, -0.00993448, -0.982397, 0.0029394  
239, -11.7263, 989.148, 185.279, -0.980295, -0.0625141, -0.187389, -0.0601687, 0.998023, -0.0181837, 0.188155, -0.00655044, -0.982117, 0.00281957  
240, 1.11757, 988.303, 182.963, 0.982567, -0.0105532, 0.185612, 0.0222225, 0.997896, -0.0609019, -0.184578, 0.0639649, 0.980734, 0.00274357  
241, 1.2066, 986.062, 183.331, 0.98086, -0.0142829, 0.194192, 0.0291143, 0.996853, -0.0737364, -0.192528, 0.0779788, 0.978188, 0.0028204  
242, 1.22538, 984.157, 183.567, 0.981136, -0.0146186, 0.192765, 0.0296241, 0.996729, -0.0751926, -0.191036, 0.0794847, 0.97836, 0.00281541  
243, 1.67455, 982.302, 183.198, 0.980847, -0.0138781, 0.194284, 0.0270977, 0.997481, -0.0655512, -0.192885, 0.0695603, 0.978753, 0.00285008  
244, 1.99705, 980.302, 183.165, 0.980564, -0.0119885, 0.195831, 0.0263848, 0.997122, -0.0710716, -0.194415, 0.0748572, 0.978059, 0.00282484  
245, -5.68055, 978.937, 182.328, -0.942683, -0.0294159, -0.33239, 0.0613125, -0.994417, -0.0858827, -0.328008, -0.10134, 0.939224, 0.00284481  
246, -5.47883, 977.23, 182.157, -0.941034, -0.0328301, -0.336715, 0.0629479, -0.994892, -0.0789205, -0.332404, -0.0954624, 0.938293, 0.00271528  
247, -5.43118, 975.139, 182.133, -0.940954, -0.0314895, -0.337067, 0.0632982, -0.99447, -0.0837973, -0.332564, -0.100185, 0.937744, 0.00281569  
248, -5.38578, 973.433, 182.167, -0.941806, -0.0346718, -0.334365, 0.0643556, -0.994866, -0.0781081, -0.32994, -0.0950809, 0.939201, 0.00298295  
249, -4.95499, 971.568, 181.36, -0.960422, -0.04673, -0.2746, 0.0410981, -0.998811, 0.0262303, -0.275499, 0.0139066, 0.961201, 0.00284592  
250, -4.90379, 969.652, 181.267, -0.960251, -0.0495723, -0.2747, 0.0425251, -0.998597, 0.0315543, -0.275879, 0.0186184, 0.961012, 0.00342981  
251, -5.01814, 967.809, 181.439, -0.962224, -0.0465861, -0.268245, 0.03712, -0.9985, 0.0402562, -0.269718, 0.0287782, 0.962509, 0.00266341  
252, -4.83719, 965.801, 181.31, -0.960359, -0.0459234, -0.274957, 0.0408401, -0.998873, 0.0241875, -0.275758, 0.0119994, 0.961152, 0.00283788  
253, -4.80835, 964.354, 181.295, -0.960261, -0.0454157, -0.275385, 0.0382146, -0.998774, 0.0314615, -0.276477, 0.0196875, 0.960819, 0.00278629  
254, -4.51992, 960.825, 181.699, -0.966996, -0.00883802, -0.254638, 0.00491989, -0.99986, 0.0160198, -0.254744, 0.0142383, 0.966904, 0.00270085  
255, -4.7401, 958.908, 181.907, -0.969229, -0.00121766, -0.246157, -0.00435777, -0.999746, 0.0221039, -0.246121, 0.0224964, 0.968978, 0.00277464  
256, 4.78969, 958.787, 181, 0.985155, 0.0332381, 0.16842, -0.0277794, 0.999013, -0.0346648, -0.169406, 0.0294716, 0.985106, 0.00269281  
257, 3.45195, 956.036, 181.88, 0.980803, 0.0049806, 0.194937, 0.00293193, 0.999184, -0.0402806, -0.194979, 0.0400788, 0.979988, 0.00281264  
258, 2.52064, 954.364, 182.413, 0.980867, 0.000742198, 0.194678, 0.00963189, 0.998583, -0.0523364, -0.194441, 0.0532102, 0.97947, 0.00288698  
259, 2.06608, 952.41, 182.738, 0.979955, -0.00439278, 0.199169, 0.0142485, 0.998742, -0.0480779, -0.198708, 0.0499521, 0.978785, 0.00273802  
260, 1.8051, 950.633, 183.124, 0.97933, -0.00965496, 0.202039, 0.0217593, 0.998092, -0.0577762, -0.201095, 0.0609782, 0.977672, 0.00320569  
261, -6.21093, 949.686, 182.266, -0.943157, -0.0299714, -0.330993, 0.0537396, -0.996573, -0.0628901, -0.327974, -0.0771027, 0.941535, 0.00264205  
262, -6.24355, 947.882, 182.407, -0.941846, -0.0329139, -0.33443, 0.0590616, -0.995914, -0.0683177, -0.330815, -0.0840967, 0.939941, 0.00276548  
263, -6.64758, 946.449, 182.621, -0.94572, -0.0292191, -0.323666, 0.0500696, -0.997159, -0.0562796, -0.321102, -0.0694306, 0.944496, 0.00298711  
264, -0.776787, 943.013, 183.29, 0.98043, -0.0337787, 0.193949, 0.034659, 0.999399, -0.00114657, -0.193794, 0.00784622, 0.981011, 0.00281264  
265, -0.895555, 941.595, 183.103, 0.98091, -0.0318668, 0.191833, 0.0303182, 0.99948, 0.0110034, -0.192083, -0.00497738, 0.981366, 0.00280903  
266, -1.00318, 939.619, 183.038, 0.980301, -0.0328166, 0.194765, 0.0319046, 0.99946, 0.00781847, -0.194916, -0.00145055, 0.980819, 0.00261598  
267, -7.24699, 939.252, 182.118, -0.943975, -0.0338342, -0.328278, 0.0502041, -0.997876, -0.0415169, -0.326176, -0.0556719, 0.943668, 0.00281097  
268, -7.487, 937.387, 182.105, -0.943546, -0.0331967, -0.329574, 0.0489753, -0.998011, -0.0396871, -0.327601, -0.0535876, 0.943295, 0.00291166  
269, -7.79559, 935.593, 182.324, -0.943723, -0.0319402, -0.329192, 0.0489463, -0.997854, -0.0435007, -0.327096, -0.0571653, 0.94326, 0.00274884  
270, -8.11163, 933.661, 182.151, -0.942388, -0.0298381, -0.333188, 0.0446903, -0.998315, -0.0369993, -0.331523, -0.049758, 0.942134, 0.00272388  
271, -8.48386, 931.766, 182.288, -0.941081, -0.0297284, -0.336872, 0.0454499, -0.99821, -0.038878, -0.335113, -0.0518982, 0.940747, 0.00274135  
272, -1.14697, 929.579, 183.141, 0.981689, -0.0113545, 0.190151, 0.013363, 0.999868, -0.00928384, -0.19002, 0.0116548, 0.981711, 0.00279267  
273, -1.67279, 927.669, 183.259, 0.981983, -0.0135169, 0.188486, 0.0158081, 0.999818, -0.0106577, -0.188308, 0.0134453, 0.982018, 0.00304869  
274, -2.41479, 925.901, 183.519, 0.980531, -0.0182947, 0.195511, 0.0199862, 0.999778, -0.00668259, -0.195345, 0.01046, 0.980679, 0.00277048  
275, -2.60424, 924.143, 183.17, 0.98157, -0.0142128, 0.190575, 0.0156463, 0.999859, -0.00601934, -0.190462, 0.0088902, 0.981654, 0.00310749  
276, -3.03956, 922.459, 182.984, 0.982425, -0.0135142, 0.186168, 0.0146, 0.999883, -0.00446241, -0.186086, 0.00710203, 0.982508, 0.002715  
277, -3.44974, 920.699, 182.872, 0.982518, -0.0148263, 0.185575, 0.016086, 0.999857, -0.00528448, -0.18547, 0.00817727, 0.982616, 0.00335825  
278, -3.70024, 918.764, 182.837, 0.982517, -0.0137695, 0.185665, 0.0152394, 0.999863, -0.00649217, -0.18555, 0.00920809, 0.982592, 0.00310971  
279, -4.2296, 916.898, 182.94, 0.981833, -0.0144069, 0.189199, 0.0157466, 0.99986, -0.00557984, -0.189092, 0.00845771, 0.981923, 0.00278102  
280, -4.7071, 914.936, 183.042, 0.982089, -0.0147264, 0.18784, 0.0160433, 0.999856, -0.00549214, -0.187732, 0.00840734, 0.982184, 0.00281375  
281, -4.91, 913.043, 183.026, 0.983122, -0.016105, 0.18224, 0.0172746, 0.999839, -0.00483226, -0.182133, 0.00789883, 0.983242, 0.00266868  
