0, 0, 0, 0, 0, 0, 0, 0, 0, 0, 0, 0, 0, 0.00693451  
1, 14.7194, 1152.87, 174.89, -0.963011, 0.227506, 0.144399, 0.232536, 0.972407, 0.0187401, -0.136151, 0.0516249, -0.989342, 0.00270501  
2, 14.6801, 1152.9, 174.825, -0.963475, 0.225501, 0.144447, 0.23073, 0.972806, 0.0203156, -0.135937, 0.0529018, -0.989304, 0.00401591  
3, 14.6059, 1152.88, 174.936, -0.963576, 0.226796, 0.141721, 0.231266, 0.972764, 0.015688, -0.134303, 0.0478918, -0.989782, 0.0030731  
4, 14.6308, 1152.86, 174.901, -0.963557, 0.225712, 0.143566, 0.230782, 0.972811, 0.0194773, -0.135266, 0.0519, -0.989449, 0.00300625  
5, 14.5892, 1152.85, 174.919, -0.963564, 0.226453, 0.142352, 0.231273, 0.972721, 0.0180598, -0.134379, 0.050324, -0.989651, 0.0028548  
6, 14.6468, 1152.86, 174.893, -0.963207, 0.227477, 0.143133, 0.232257, 0.972499, 0.0173979, -0.135239, 0.0500014, -0.989551, 0.00278102  
7, 14.6291, 1152.86, 174.893, -0.963815, 0.226377, 0.140763, 0.230957, 0.972818, 0.0168818, -0.133115, 0.0487811, -0.989899, 0.00301929  
8, 14.5554, 1152.82, 174.944, -0.963789, 0.226261, 0.141124, 0.230898, 0.972826, 0.0171786, -0.133402, 0.0491418, -0.989843, 0.00308475  
9, 14.7212, 1152.92, 174.843, -0.963252, 0.225546, 0.14586, 0.230997, 0.97272, 0.0213542, -0.137065, 0.0542628, -0.989075, 0.00301041  
10, 14.6578, 1152.87, 174.906, -0.963077, 0.227746, 0.143578, 0.232531, 0.972436, 0.0172489, -0.135692, 0.0499982, -0.989489, 0.00287006  
11, 14.6524, 1152.9, 174.957, -0.962557, 0.229918, 0.143604, 0.234379, 0.972034, 0.0147229, -0.136203, 0.0478294, -0.989526, 0.00294689  
12, 14.7697, 1152.93, 174.847, -0.963517, 0.224292, 0.146038, 0.229862, 0.972969, 0.0222287, -0.137105, 0.0549864, -0.989029, 0.00305313  
13, 14.7212, 1152.89, 174.894, -0.96315, 0.226667, 0.144791, 0.231692, 0.972611, 0.0186149, -0.136606, 0.051476, -0.989287, 0.00302067  
14, 14.801, 1152.94, 174.8, -0.963524, 0.224167, 0.146189, 0.229985, 0.972899, 0.0239685, -0.136854, 0.0567153, -0.988966, 0.00285868  
15, 14.7695, 1152.9, 174.812, -0.963187, 0.225422, 0.146478, 0.230951, 0.972724, 0.0216782, -0.137596, 0.0547095, -0.988976, 0.00282706  
16, 14.6077, 1152.87, 174.932, -0.963605, 0.226089, 0.14265, 0.230981, 0.972782, 0.0185027, -0.134584, 0.0507787, -0.9896, 0.00267728  
17, 14.5214, 1152.82, 175.035, -0.963405, 0.227314, 0.142055, 0.231851, 0.972619, 0.0160305, -0.134521, 0.0483795, -0.989729, 0.00277547  
18, 14.7301, 1152.88, 174.862, -0.963757, 0.223626, 0.145481, 0.229209, 0.973115, 0.022605, -0.136514, 0.0551312, -0.989103, 0.00262097  
19, 14.6252, 1152.87, 174.941, -0.963416, 0.225734, 0.14448, 0.230754, 0.972831, 0.0187682, -0.136318, 0.051421, -0.98933, 0.00275078  
20, 14.7579, 1152.9, 174.814, -0.963678, 0.223219, 0.146625, 0.228967, 0.973154, 0.0233554, -0.137475, 0.0560794, -0.988916, 0.00301901  
21, 14.6929, 1152.91, 174.864, -0.964204, 0.222546, 0.144165, 0.228148, 0.973346, 0.0233521, -0.135126, 0.0554072, -0.989278, 0.00269059  
22, 14.7267, 1152.86, 174.883, -0.963414, 0.225652, 0.144619, 0.230887, 0.972769, 0.020277, -0.136105, 0.0529258, -0.98928, 0.00280959  
23, 14.7004, 1152.85, 174.889, -0.96364, 0.224952, 0.144202, 0.230227, 0.972915, 0.0207812, -0.135622, 0.0532249, -0.98933, 0.00288947  
24, 14.6702, 1152.84, 174.908, -0.963896, 0.224122, 0.143782, 0.229316, 0.973138, 0.0204149, -0.135345, 0.0526494, -0.989399, 0.00271001  
25, 14.7462, 1152.9, 174.865, -0.963241, 0.226093, 0.145079, 0.23135, 0.97266, 0.0202276, -0.136539, 0.053048, -0.989213, 0.00304786  
26, 14.6622, 1152.83, 174.917, -0.963095, 0.227157, 0.144385, 0.232068, 0.972535, 0.0179078, -0.136351, 0.0507539, -0.98936, 0.00271722  
27, 14.6709, 1152.81, 174.927, -0.963363, 0.226706, 0.143307, 0.231594, 0.972642, 0.0181852, -0.135264, 0.050708, -0.989511, 0.00278712  
28, 14.6653, 1152.85, 174.894, -0.963947, 0.223944, 0.143721, 0.229186, 0.97316, 0.0208045, -0.135204, 0.0529933, -0.9894, 0.00265952  
29, 14.6288, 1152.78, 174.961, -0.963502, 0.227324, 0.141375, 0.231863, 0.972612, 0.0162878, -0.133801, 0.048473, -0.989822, 0.00277741  
30, 14.652, 1152.84, 174.894, -0.963676, 0.225352, 0.143335, 0.230368, 0.972914, 0.0191958, -0.135127, 0.0515182, -0.989488, 0.00281902  
31, 14.5324, 1152.75, 174.99, -0.963233, 0.228601, 0.141149, 0.232815, 0.972422, 0.0138723, -0.134085, 0.0462238, -0.989891, 0.00268948  
32, 14.6107, 1152.84, 174.902, -0.963816, 0.224334, 0.143987, 0.229626, 0.973052, 0.0210284, -0.13539, 0.0533307, -0.989356, 0.00277186  
33, 14.6611, 1152.81, 174.944, -0.963062, 0.227684, 0.143779, 0.23257, 0.972415, 0.0179128, -0.135735, 0.0506898, -0.989448, 0.00266369  
34, 14.721, 1152.83, 174.83, -0.963608, 0.224918, 0.144469, 0.230075, 0.972971, 0.0198204, -0.136106, 0.0523378, -0.989311, 0.00276576  
35, 14.6961, 1152.87, 174.862, -0.963023, 0.22753, 0.144281, 0.232344, 0.972481, 0.0172131, -0.136394, 0.0500995, -0.989387, 0.00281513  
36, 14.7122, 1152.85, 174.838, -0.963257, 0.226153, 0.144878, 0.231178, 0.972733, 0.0186139, -0.136719, 0.0514227, -0.989274, 0.00268532  
37, 14.7573, 1152.84, 174.789, -0.963005, 0.22625, 0.146398, 0.231562, 0.972613, 0.0200942, -0.137842, 0.053251, -0.989022, 0.002829  
38, 14.5609, 1152.81, 174.96, -0.962357, 0.230887, 0.143389, 0.235059, 0.971899, 0.012633, -0.136443, 0.0458623, -0.989586, 0.00264177  
39, 14.6679, 1152.81, 174.891, -0.963946, 0.224356, 0.143082, 0.229489, 0.973101, 0.0202273, -0.134695, 0.0523337, -0.989504, 0.00275799  
40, 14.7065, 1152.83, 174.886, -0.96347, 0.225858, 0.143923, 0.231049, 0.972732, 0.0202121, -0.135434, 0.052727, -0.989382, 0.00281347  
41, 14.6242, 1152.81, 174.936, -0.963358, 0.226284, 0.144001, 0.231285, 0.972705, 0.0187684, -0.135823, 0.051386, -0.9894, 0.00309473  
42, 14.6641, 1152.83, 174.842, -0.963597, 0.224814, 0.144705, 0.230094, 0.97295, 0.0206254, -0.136154, 0.0531704, -0.98926, 0.00253831  
43, 14.5861, 1152.8, 174.921, -0.963571, 0.225632, 0.143604, 0.230618, 0.972862, 0.0188557, -0.135452, 0.0512864, -0.989456, 0.00265869  
44, 14.6276, 1152.79, 174.936, -0.963843, 0.224323, 0.143826, 0.229514, 0.973093, 0.020357, -0.135389, 0.0526309, -0.989394, 0.0028254  
45, 14.6293, 1152.81, 174.869, -0.963197, 0.226258, 0.14512, 0.231264, 0.972717, 0.0183832, -0.137001, 0.0512677, -0.989243, 0.00284398  
46, 14.6445, 1152.8, 174.905, -0.963687, 0.225742, 0.142646, 0.230682, 0.972846, 0.0188756, -0.134512, 0.0510961, -0.989594, 0.0026831  
47, 14.5602, 1152.82, 174.955, -0.963564, 0.226992, 0.141489, 0.23144, 0.972724, 0.0155927, -0.134091, 0.0477709, -0.989817, 0.00280598  
48, 14.7362, 1152.84, 174.829, -0.9635, 0.225155, 0.144818, 0.230467, 0.972858, 0.0207938, -0.136206, 0.0534106, -0.98924, 0.00291333  
49, 14.6296, 1152.82, 174.938, -0.963071, 0.228045, 0.143141, 0.232635, 0.972433, 0.015965, -0.135555, 0.0486751, -0.989573, 0.00277408  
50, 14.7215, 1152.85, 174.849, -0.963407, 0.225741, 0.144524, 0.230863, 0.972791, 0.0194855, -0.136193, 0.0521377, -0.989309, 0.00280238  
51, 14.6462, 1152.84, 174.896, -0.963678, 0.226165, 0.142035, 0.231081, 0.972751, 0.0189041, -0.133889, 0.0510389, -0.989681, 0.00284426  
52, 14.6198, 1152.81, 174.929, -0.963349, 0.227389, 0.142316, 0.232017, 0.97257, 0.0165945, -0.134639, 0.0490061, -0.989682, 0.00284454  
53, 14.6129, 1152.82, 174.942, -0.963793, 0.226201, 0.141196, 0.230882, 0.972825, 0.0174822, -0.133404, 0.0494488, -0.989827, 0.00283205  
54, 14.6439, 1152.83, 174.902, -0.963445, 0.226638, 0.14286, 0.23151, 0.972662, 0.0182325, -0.134823, 0.0506396, -0.989575, 0.00289003  
55, 14.6551, 1152.82, 174.884, -0.96404, 0.224803, 0.141741, 0.229725, 0.973067, 0.019157, -0.133617, 0.0510295, -0.989718, 0.0028315  
56, 14.6349, 1152.81, 174.905, -0.963494, 0.226353, 0.142984, 0.231123, 0.972768, 0.0174639, -0.135137, 0.0498732, -0.989571, 0.00277297  
57, 14.6468, 1152.83, 174.908, -0.96337, 0.226977, 0.14283, 0.231775, 0.972609, 0.0176845, -0.134904, 0.0501413, -0.989589, 0.00289308  
58, 14.685, 1152.8, 174.921, -0.963631, 0.226799, 0.141338, 0.231423, 0.972705, 0.0169645, -0.133633, 0.0490564, -0.989816, 0.00287144  
59, 14.6289, 1152.82, 174.955, -0.963778, 0.226678, 0.140531, 0.231289, 0.972734, 0.017175, -0.132806, 0.0490562, -0.989927, 0.00453101  
60, 14.6508, 1152.82, 174.949, -0.963721, 0.225767, 0.142378, 0.23058, 0.972886, 0.0180401, -0.134444, 0.0502151, -0.989648, 0.00296131  
61, 14.7607, 1152.87, 174.819, -0.963819, 0.223477, 0.145294, 0.229098, 0.973133, 0.0229615, -0.136259, 0.0554172, -0.989122, 0.00278878  
62, 14.6338, 1152.85, 174.944, -0.963194, 0.227828, 0.142658, 0.232442, 0.972473, 0.0163383, -0.135009, 0.0488967, -0.989637, 0.00441423  
63, 14.6795, 1152.84, 174.92, -0.963461, 0.226061, 0.143665, 0.231074, 0.972751, 0.0189969, -0.135456, 0.0515, -0.989444, 0.00269669  
64, 14.6482, 1152.85, 174.882, -0.963335, 0.226922, 0.143149, 0.2317, 0.972631, 0.0174152, -0.13528, 0.0499444, -0.989548, 0.00282179  
65, 14.5972, 1152.84, 174.971, -0.963186, 0.228685, 0.141337, 0.23305, 0.97235, 0.0149183, -0.134017, 0.0473077, -0.989849, 0.00284065  
66, 14.6599, 1152.87, 174.94, -0.963716, 0.226001, 0.142036, 0.230817, 0.972827, 0.0181833, -0.134067, 0.0503078, -0.989695, 0.00273553  
67, 14.6412, 1152.85, 174.911, -0.964512, 0.222599, 0.14201, 0.227852, 0.973455, 0.0216584, -0.13342, 0.0532471, -0.989628, 0.00276798  
68, 14.4755, 1152.84, 175.036, -0.965361, 0.222548, 0.136197, 0.227098, 0.973693, 0.0186392, -0.128466, 0.0489238, -0.990506, 0.00280737  
69, 14.7688, 1152.94, 174.781, -0.963984, 0.223413, 0.144298, 0.228924, 0.973182, 0.0225752, -0.135385, 0.0547954, -0.989277, 0.00285397  
70, 14.6388, 1152.88, 174.929, -0.963444, 0.226952, 0.142368, 0.231571, 0.972677, 0.0165371, -0.134725, 0.048901, -0.989676, 0.00268671  
71, 14.5738, 1152.83, 175.034, -0.963317, 0.22837, 0.140953, 0.232538, 0.972492, 0.0136226, -0.133965, 0.0458999, -0.989923, 0.0027788  
72, 14.6644, 1152.84, 174.942, -0.964055, 0.224178, 0.142627, 0.229292, 0.973146, 0.0202757, -0.134251, 0.0522501, -0.989569, 0.00288725  
73, 14.6038, 1152.85, 174.972, -0.963633, 0.226588, 0.141668, 0.231227, 0.972752, 0.0169715, -0.133962, 0.0491117, -0.989769, 0.00282457  
74, 14.6604, 1152.88, 174.908, -0.963546, 0.226341, 0.142647, 0.231171, 0.972746, 0.0180249, -0.13468, 0.0503437, -0.989609, 0.0030534  
75, 14.6175, 1152.83, 174.941, -0.963493, 0.226961, 0.142024, 0.231426, 0.972728, 0.0155339, -0.134625, 0.0478348, -0.989741, 0.00276715  
76, 14.69, 1152.87, 174.88, -0.963327, 0.226476, 0.143911, 0.231447, 0.97267, 0.0185694, -0.135773, 0.0511962, -0.989416, 0.00281292  
77, 14.6917, 1152.91, 174.87, -0.96295, 0.228095, 0.143874, 0.23294, 0.972333, 0.017556, -0.135889, 0.0504196, -0.98944, 0.00266008  
78, 14.51, 1152.82, 175.007, -0.963562, 0.228393, 0.139227, 0.232463, 0.972512, 0.0134877, -0.132319, 0.0453612, -0.990169, 0.00275938  
79, 14.7251, 1152.91, 174.823, -0.96357, 0.225505, 0.143809, 0.230566, 0.972865, 0.0193357, -0.135546, 0.0517888, -0.989417, 0.00290667  
80, 14.6782, 1152.87, 174.883, -0.962953, 0.228801, 0.142726, 0.233242, 0.972303, 0.014977, -0.135346, 0.0477119, -0.989649, 0.00267117  
81, 14.6452, 1152.84, 174.921, -0.963098, 0.227819, 0.143319, 0.232417, 0.972485, 0.0159823, -0.135734, 0.0487023, -0.989548, 0.00277186  
82, 14.6924, 1152.91, 174.855, -0.96335, 0.226259, 0.144098, 0.231323, 0.972688, 0.0191914, -0.13582, 0.0518213, -0.989377, 0.00267839  
83, 14.5542, 1152.84, 174.973, -0.963609, 0.226527, 0.141928, 0.230981, 0.972835, 0.0155154, -0.134557, 0.0477334, -0.989755, 0.002753  
84, 14.7251, 1152.85, 174.887, -0.963417, 0.225818, 0.14434, 0.230915, 0.972781, 0.019369, -0.136038, 0.0519908, -0.989339, 0.0031258  
85, 14.6734, 1152.82, 174.92, -0.963376, 0.22662, 0.143354, 0.23142, 0.972696, 0.0175247, -0.135468, 0.0500577, -0.989516, 0.00267256  
86, 14.6974, 1152.84, 174.935, -0.96358, 0.226227, 0.142598, 0.231175, 0.972728, 0.0189207, -0.134428, 0.0511966, -0.9896, 0.00278878  
87, 14.7019, 1152.87, 174.89, -0.96322, 0.226961, 0.143861, 0.231977, 0.972538, 0.0188901, -0.135623, 0.0515679, -0.989418, 0.00266285  
88, 14.5978, 1152.81, 174.97, -0.96406, 0.226099, 0.139524, 0.230592, 0.972907, 0.0167046, -0.131967, 0.0482775, -0.990078, 0.00278157  
89, 14.6826, 1152.85, 174.909, -0.962937, 0.229281, 0.142063, 0.233683, 0.972199, 0.0148887, -0.1347, 0.0475346, -0.989746, 0.00280681  
90, 14.6317, 1152.85, 174.927, -0.963196, 0.229386, 0.140128, 0.233561, 0.972243, 0.0138821, -0.133054, 0.0460995, -0.990036, 0.00266951  
91, 14.6647, 1152.82, 174.907, -0.963703, 0.226971, 0.140571, 0.231599, 0.972658, 0.0172649, -0.132809, 0.0491943, -0.98992, 0.0027591  
92, 14.68, 1152.83, 174.925, -0.963567, 0.227601, 0.140486, 0.232235, 0.972506, 0.0173057, -0.132685, 0.049301, -0.989931, 0.00290556  
93, 14.6851, 1152.82, 174.9, -0.963197, 0.227498, 0.143167, 0.232284, 0.972492, 0.0174269, -0.135264, 0.0500409, -0.989545, 0.00273026  
94, 14.6823, 1152.81, 174.89, -0.96379, 0.225406, 0.14248, 0.230193, 0.972981, 0.0178438, -0.134608, 0.0499955, -0.989637, 0.00294828  
95, 14.6316, 1152.82, 174.917, -0.963196, 0.22805, 0.142289, 0.232542, 0.972462, 0.0155572, -0.134823, 0.0480729, -0.989703, 0.00269614  
96, 14.615, 1152.81, 174.919, -0.963196, 0.228288, 0.141909, 0.232757, 0.972411, 0.0155093, -0.134453, 0.0479687, -0.989758, 0.00280654  
97, 14.6628, 1152.83, 174.887, -0.963775, 0.225157, 0.142976, 0.230281, 0.972916, 0.0201418, -0.134568, 0.0523367, -0.989521, 0.00269836  
98, 14.6311, 1152.78, 174.973, -0.963137, 0.228079, 0.142642, 0.232754, 0.972391, 0.0167742, -0.134878, 0.0493563, -0.989632, 0.00279489  
99, 14.6623, 1152.83, 174.892, -0.963705, 0.225246, 0.143307, 0.230323, 0.972916, 0.0196658, -0.134996, 0.0519588, -0.989483, 0.0029774  
100, 14.6085, 1152.76, 174.946, -0.963867, 0.226306, 0.140524, 0.23086, 0.972842, 0.016785, -0.132909, 0.04862, -0.989935, 0.00275578  
101, 14.556, 1152.74, 174.963, -0.963719, 0.227623, 0.139403, 0.23182, 0.972652, 0.0144237, -0.132308, 0.0462168, -0.990131, 0.00281486  
102, 14.6061, 1152.77, 174.945, -0.963751, 0.225937, 0.141905, 0.230728, 0.972851, 0.0180496, -0.133974, 0.0501367, -0.989716, 0.00274856  
103, 14.5823, 1152.77, 174.989, -0.963394, 0.228505, 0.140207, 0.232773, 0.972421, 0.0146084, -0.133003, 0.0467101, -0.990014, 0.00279516  
104, 14.5837, 1152.77, 174.966, -0.963748, 0.225841, 0.14208, 0.23059, 0.97289, 0.0176814, -0.134235, 0.0498025, -0.989697, 0.00296853  
105, 14.678, 1152.8, 174.856, -0.963556, 0.224657, 0.145219, 0.229994, 0.972969, 0.0208499, -0.13661, 0.0534896, -0.98918, 0.0026831  
106, 14.6032, 1152.79, 174.965, -0.963254, 0.227804, 0.142291, 0.23243, 0.972472, 0.0165585, -0.134602, 0.0490227, -0.989686, 0.00276548  
107, 14.617, 1152.78, 174.959, -0.963779, 0.22532, 0.142691, 0.230148, 0.972988, 0.0180689, -0.134765, 0.0502544, -0.989602, 0.00264122  
108, 14.5681, 1152.75, 174.972, -0.963137, 0.227998, 0.142776, 0.232369, 0.972519, 0.0145066, -0.135545, 0.0471486, -0.989649, 0.00285036  
109, 14.5364, 1152.73, 175.04, -0.962998, 0.229692, 0.140983, 0.233734, 0.972219, 0.0125881, -0.134175, 0.0450749, -0.989932, 0.00296381  
110, 14.6177, 1152.73, 174.926, -0.964275, 0.223691, 0.141905, 0.228862, 0.973232, 0.0210209, -0.133404, 0.0527466, -0.989657, 0.00266396  
111, 14.605, 1152.75, 174.939, -0.962979, 0.228364, 0.143251, 0.232877, 0.972385, 0.0153436, -0.135791, 0.0481353, -0.989568, 0.00282068  
112, 14.5109, 1152.78, 174.986, -0.963992, 0.22516, 0.1415, 0.229808, 0.973084, 0.0172031, -0.133818, 0.0491015, -0.989789, 0.00271777  
113, 14.5376, 1152.86, 174.896, -0.96394, 0.224895, 0.142276, 0.229652, 0.973111, 0.0177281, -0.134463, 0.0497627, -0.989668, 0.00275827  
114, 14.4193, 1152.86, 175.032, -0.963762, 0.227382, 0.139501, 0.231066, 0.972881, 0.0105879, -0.133311, 0.0424383, -0.990165, 0.00280903  
115, 14.3362, 1152.91, 175.13, -0.963295, 0.230182, 0.13813, 0.23287, 0.972502, 0.00340348, -0.133548, 0.0354449, -0.990408, 0.00267506  
116, 14.3139, 1153.03, 175.16, -0.963083, 0.23136, 0.137635, 0.233711, 0.972306, 0.000942407, -0.133606, 0.0330745, -0.990483, 0.00277686  
117, 12.613, 1151.56, 176.803, -0.978917, 0.191755, 0.0703732, 0.191554, 0.981435, -0.0096518, -0.0709175, 0.00403196, -0.997474, 0.00274024  
118, 12.5987, 1151.64, 176.869, -0.979519, 0.189494, 0.0680729, 0.189218, 0.981879, -0.010547, -0.0688379, 0.00254959, -0.997625, 0.00275106  
119, 12.457, 1151.66, 177.067, -0.981148, 0.184643, 0.0570534, 0.184143, 0.9828, -0.0139483, -0.0586475, -0.00317935, -0.998274, 0.00280959  
120, 12.5994, 1151.87, 176.923, -0.980452, 0.187159, 0.0607095, 0.18652, 0.98232, -0.0160807, -0.0626457, -0.00444278, -0.998026, 0.00269004  
121, 12.3027, 1151.85, 177.251, -0.98076, 0.18868, 0.0501015, 0.187597, 0.981914, -0.0255566, -0.0540174, -0.015666, -0.998417, 0.00282845  
122, 12.2052, 1151.79, 177.407, -0.981281, 0.187195, 0.0452327, 0.186088, 0.982146, -0.0275942, -0.0495906, -0.0186604, -0.998595, 0.00277575  
123, 12.2376, 1151.91, 177.364, -0.982114, 0.183347, 0.042854, 0.182384, 0.982898, -0.0254405, -0.0467856, -0.0171696, -0.998757, 0.00274246  
124, 12.0091, 1151.79, 177.643, -0.982294, 0.184039, 0.0350427, 0.182719, 0.982439, -0.0377764, -0.0413797, -0.0307045, -0.998672, 0.00277242  
125, 11.9715, 1151.88, 177.684, -0.982531, 0.183128, 0.0331243, 0.181826, 0.982565, -0.0388097, -0.0396539, -0.0321089, -0.998697, 0.00276548  
126, 12.1016, 1152.09, 177.537, -0.981624, 0.186796, 0.0390083, 0.18518, 0.981823, -0.041612, -0.0460722, -0.0336237, -0.998372, 0.00274551  
127, 11.9031, 1152, 177.83, -0.982487, 0.184267, 0.0276745, 0.182754, 0.981898, -0.0497774, -0.0363459, -0.043848, -0.998377, 0.00268477  
128, 12.2212, 1152.13, 177.485, -0.98275, 0.180859, 0.0386413, 0.179292, 0.98295, -0.0407845, -0.0453587, -0.0331529, -0.99842, 0.0028695  
129, 11.9347, 1152, 177.808, -0.983092, 0.180819, 0.0288977, 0.179233, 0.982517, -0.0503664, -0.0374997, -0.0443353, -0.998313, 0.00303593  
130, 11.8512, 1151.92, 177.96, -0.983767, 0.178042, 0.0224346, 0.176688, 0.982875, -0.0523189, -0.0313654, -0.0475056, -0.998378, 0.00282956  
131, 11.7914, 1151.91, 178.051, -0.983403, 0.180233, 0.0208426, 0.178808, 0.982227, -0.0570803, -0.0307599, -0.0524061, -0.998152, 0.00285535  
132, 11.7254, 1151.81, 178.09, -0.983957, 0.177545, 0.017516, 0.176226, 0.982538, -0.0596977, -0.0278091, -0.0556531, -0.998063, 0.00282457  
133, 11.6598, 1151.76, 178.159, -0.983603, 0.179792, 0.0141256, 0.178524, 0.98178, -0.0650875, -0.0255704, -0.0614985, -0.99778, 0.00277464  
134, 11.6757, 1151.69, 178.134, -0.984219, 0.176606, 0.0110743, 0.175497, 0.982221, -0.0666574, -0.0226495, -0.063662, -0.997714, 0.00284149  
135, 11.6463, 1151.66, 178.167, -0.984275, 0.176477, 0.00761372, 0.175466, 0.981781, -0.0729201, -0.0203437, -0.0704375, -0.997309, 0.00273886  
136, 11.4858, 1151.38, 178.335, -0.985499, 0.169679, -0.00105089, 0.169269, 0.982645, -0.0758758, -0.0118419, -0.0749534, -0.997117, 0.00283095  
137, 11.4192, 1151.32, 178.448, -0.985134, 0.171715, -0.00493664, 0.171528, 0.981674, -0.0830366, -0.00941247, -0.082649, -0.996534, 0.0028634  
138, 10.0028, 1141.68, 181.452, -0.961408, 0.0418594, -0.271923, -0.0686181, -0.993607, 0.0896514, -0.266431, 0.10485, 0.958134, 0.00283316  
139, 9.97776, 1141.51, 181.427, -0.961493, 0.0438374, -0.27131, -0.071391, -0.993147, 0.0925324, -0.265395, 0.108338, 0.958034, 0.00291749  
140, 9.95194, 1141.33, 181.356, -0.960502, 0.0435484, -0.274845, -0.0719021, -0.992978, 0.093942, -0.268824, 0.109993, 0.956888, 0.00280016  
141, 9.88192, 1141.18, 181.409, -0.961079, 0.0427074, -0.272954, -0.0728573, -0.992185, 0.101292, -0.266495, 0.117236, 0.95668, 0.00278684  
142, 9.82205, 1141.13, 181.394, -0.960634, 0.0426928, -0.274515, -0.0742546, -0.99163, 0.105626, -0.267708, 0.121852, 0.955764, 0.00289447  
143, 9.81639, 1140.89, 181.446, -0.960867, 0.0440347, -0.273486, -0.0763914, -0.991123, 0.108811, -0.266267, 0.125445, 0.955702, 0.00279516  
144, 9.69783, 1140.63, 181.466, -0.960968, 0.0430654, -0.273288, -0.0764816, -0.990667, 0.112822, -0.265879, 0.12932, 0.955293, 0.00293274  
145, 9.63002, 1140.41, 181.479, -0.961474, 0.0434363, -0.271441, -0.0789461, -0.989472, 0.121299, -0.263314, 0.138055, 0.954781, 0.00281985  
146, 9.53586, 1140.22, 181.432, -0.960159, 0.0417057, -0.276324, -0.0777364, -0.989635, 0.120749, -0.268424, 0.137419, 0.953449, 0.00292359  
147, 9.45164, 1140.02, 181.362, -0.959649, 0.0431364, -0.277873, -0.0801328, -0.989142, 0.12319, -0.269542, 0.140486, 0.952686, 0.0029627  
148, 9.36157, 1139.83, 181.443, -0.961061, 0.0426113, -0.273031, -0.081503, -0.987796, 0.132725, -0.264044, 0.14981, 0.952805, 0.00284204  
149, 9.26327, 1139.63, 181.402, -0.960812, 0.0414131, -0.274088, -0.0819169, -0.987036, 0.138023, -0.264819, 0.155067, 0.951749, 0.00288725  
150, 9.13174, 1139.36, 181.343, -0.960034, 0.0407542, -0.2769, -0.0819553, -0.986911, 0.138892, -0.267615, 0.156034, 0.950808, 0.00276299  
151, 9.06976, 1139.1, 181.406, -0.961155, 0.0402482, -0.273058, -0.0826813, -0.985865, 0.145721, -0.263333, 0.162637, 0.950897, 0.00289141  
152, 8.89626, 1138.81, 181.388, -0.961213, 0.0382917, -0.273138, -0.0824342, -0.984934, 0.152018, -0.263202, 0.168638, 0.949887, 0.00284703  
153, 8.84774, 1138.67, 181.335, -0.961064, 0.0383936, -0.273644, -0.0834355, -0.984398, 0.154918, -0.263427, 0.171718, 0.949273, 0.0028756  
154, 8.71169, 1138.4, 181.314, -0.961222, 0.0376764, -0.273191, -0.0833239, -0.984002, 0.157469, -0.262888, 0.174126, 0.948984, 0.0030939  
155, 8.52009, 1138.01, 181.183, -0.960277, 0.0360027, -0.276716, -0.08224, -0.984112, 0.157354, -0.266655, 0.173861, 0.947981, 0.00279239  
156, 8.39029, 1137.71, 181.1, -0.959804, 0.033576, -0.278657, -0.0805124, -0.984031, 0.158748, -0.268877, 0.174802, 0.94718, 0.00291028  
157, 8.15931, 1137.35, 181.161, -0.960536, 0.0337511, -0.2761, -0.0808278, -0.983647, 0.160952, -0.266152, 0.176917, 0.947557, 0.00282151  
158, 7.94375, 1137.02, 181.092, -0.960795, 0.0325118, -0.275347, -0.0797155, -0.983562, 0.162024, -0.265553, 0.177621, 0.947593, 0.00281708  
159, 7.70055, 1136.56, 181.015, -0.960602, 0.0310991, -0.276182, -0.0789885, -0.983291, 0.164011, -0.266467, 0.179365, 0.947008, 0.00287505  
160, 7.1994, 1136.29, 181.045, -0.961228, 0.0290714, -0.274219, -0.0777418, -0.98266, 0.168334, -0.264571, 0.183125, 0.94682, 0.00273358  
161, 6.97475, 1135.66, 180.996, -0.961088, 0.0299339, -0.274616, -0.0788205, -0.982501, 0.168757, -0.264759, 0.183835, 0.946629, 0.00283788  
162, 7.09612, 1134.9, 180.846, -0.959432, 0.030556, -0.28028, -0.0797255, -0.98294, 0.16575, -0.270434, 0.181371, 0.9455, 0.00273664  
163, 6.26111, 1134.46, 181.181, -0.960878, 0.0284103, -0.275511, -0.0814458, -0.979729, 0.183024, -0.264727, 0.198303, 0.943714, 0.00300597  
164, 6.23995, 1133.59, 181.12, -0.958952, 0.0276801, -0.282213, -0.0828422, -0.979154, 0.185458, -0.271197, 0.201224, 0.941255, 0.00317906  
165, 6.29274, 1132.59, 181.13, -0.958251, 0.0330146, -0.284017, -0.0887775, -0.978573, 0.185777, -0.271798, 0.203235, 0.940649, 0.00265509  
166, 6.16995, 1131.68, 181.059, -0.957028, 0.0323637, -0.288183, -0.088726, -0.978776, 0.184731, -0.276088, 0.202362, 0.939588, 0.00277103  
167, 5.95666, 1130.66, 181.167, -0.958058, 0.033171, -0.284649, -0.0913393, -0.976821, 0.193594, -0.271629, 0.211474, 0.938881, 0.00295937  
168, 5.9529, 1129.59, 181.065, -0.957025, 0.0343239, -0.287966, -0.0922941, -0.977391, 0.190231, -0.274926, 0.208633, 0.938556, 0.00276992  
169, 5.65046, 1128.56, 181.088, -0.956169, 0.0332921, -0.290916, -0.0923632, -0.977086, 0.191758, -0.277866, 0.210223, 0.937335, 0.00317739  
170, 5.68035, 1127.3, 181.05, -0.955303, 0.0337653, -0.293695, -0.0919178, -0.97814, 0.186527, -0.280977, 0.205186, 0.937524, 0.0027616  
171, 5.36984, 1126.08, 181.104, -0.957126, 0.0333406, -0.287748, -0.0928934, -0.976219, 0.195876, -0.274374, 0.214208, 0.937461, 0.00289668  
172, 5.30925, 1124.8, 181.076, -0.956892, 0.0312475, -0.28876, -0.0900801, -0.9771, 0.192773, -0.276123, 0.210474, 0.937793, 0.0028437  
173, 5.53249, 1123.33, 180.991, -0.957687, 0.0303932, -0.286201, -0.0879566, -0.977741, 0.190489, -0.274041, 0.207603, 0.939044, 0.0027616  
174, 5.64552, 1121.84, 180.914, -0.957123, 0.0294967, -0.288176, -0.0857956, -0.979035, 0.184744, -0.276685, 0.201547, 0.939587, 0.00288864  
175, 5.765, 1120.39, 180.923, -0.957502, 0.0275535, -0.287107, -0.0835748, -0.979226, 0.184746, -0.276053, 0.20089, 0.939914, 0.00275827  
176, 5.93586, 1118.95, 180.925, -0.957996, 0.0304211, -0.285163, -0.085851, -0.979178, 0.183955, -0.27363, 0.20071, 0.940661, 0.00275467  
177, 6.23136, 1117.51, 180.99, -0.958922, 0.0290616, -0.282178, -0.0845298, -0.978822, 0.186448, -0.270783, 0.202641, 0.94107, 0.00274413  
178, 6.48351, 1115.84, 181.093, -0.960712, 0.0311632, -0.275793, -0.0853742, -0.978679, 0.186812, -0.264091, 0.203018, 0.942889, 0.00278018  
179, 6.78723, 1114.09, 181.113, -0.960956, 0.0310384, -0.274956, -0.0836738, -0.979763, 0.181835, -0.263748, 0.197742, 0.944106, 0.00295327  
180, 7.11339, 1112.25, 181.259, -0.962448, 0.0349981, -0.269202, -0.0856635, -0.980142, 0.178838, -0.257597, 0.195183, 0.946334, 0.00271583  
181, 7.44696, 1110.54, 181.137, -0.961224, 0.0312843, -0.273987, -0.081819, -0.98116, 0.175014, -0.26335, 0.190645, 0.945675, 0.00281902  
182, 7.74923, 1108.63, 181.245, -0.962796, 0.0304306, -0.268511, -0.0794867, -0.981573, 0.173772, -0.258275, 0.18865, 0.947473, 0.00274274  
183, 8.15531, 1106.74, 181.218, -0.962181, 0.0310128, -0.270639, -0.0776119, -0.983532, 0.163224, -0.26112, 0.178056, 0.948743, 0.00275605  
184, 8.66828, 1104.65, 181.21, -0.96248, 0.0318777, -0.269473, -0.0760614, -0.984958, 0.155152, -0.260474, 0.169828, 0.950427, 0.00291444  
185, 9.27492, 1102.74, 181.239, -0.963605, 0.0339771, -0.265164, -0.0768314, -0.985241, 0.15296, -0.256053, 0.167766, 0.951993, 0.00266008  
186, 9.76491, 1100.61, 181.316, -0.965209, 0.037666, -0.258752, -0.0783958, -0.985733, 0.148944, -0.249451, 0.164047, 0.954391, 0.00281902  
187, 10.292, 1098.59, 181.389, -0.966149, 0.038995, -0.25502, -0.0772372, -0.98689, 0.14171, -0.24615, 0.15661, 0.956495, 0.00272055  
188, 10.8893, 1096.3, 181.339, -0.966968, 0.0402574, -0.251699, -0.076023, -0.988057, 0.13403, -0.243297, 0.148738, 0.95848, 0.00308586  
189, 11.6255, 1094.2, 181.119, -0.965645, 0.0388197, -0.256949, -0.0710333, -0.990553, 0.1173, -0.249968, 0.131522, 0.95928, 0.0028781  
190, 12.1312, 1091.82, 181.141, -0.967122, 0.03619, -0.251724, -0.067299, -0.990956, 0.116094, -0.245246, 0.129218, 0.960811, 0.00267755  
191, 13.7557, 1089.2, 181.129, -0.951607, 0.0405587, -0.30463, -0.0515446, -0.998275, 0.0281044, -0.302964, 0.0424464, 0.952056, 0.00276576  
192, 13.9969, 1087.06, 181.402, -0.944502, 0.0556758, -0.323754, -0.0535685, -0.998445, -0.0154245, -0.324109, 0.00277453, 0.946016, 0.00274995  
193, 14.4095, 1084.96, 181.404, -0.944238, 0.0578882, -0.324136, -0.0509292, -0.998254, -0.029919, -0.325302, -0.0117426, 0.945537, 0.00269586  
194, 14.7416, 1082.5, 181.48, -0.946748, 0.0596833, -0.316394, -0.0509055, -0.998056, -0.0359444, -0.317925, -0.0179241, 0.947947, 0.00296908  
195, 15.2215, 1080.11, 181.426, -0.946798, 0.0556082, -0.316988, -0.0459406, -0.998225, -0.0378975, -0.318533, -0.0213186, 0.947672, 0.00269115  
196, 15.1706, 1078.03, 181.612, -0.948249, 0.0560052, -0.312549, -0.0473628, -0.998258, -0.0351814, -0.313974, -0.0185576, 0.94925, 0.00278462  
197, 16.0476, 1074.97, 181.339, -0.947197, 0.0567644, -0.315587, -0.0420907, -0.9977, -0.0531255, -0.317877, -0.0370371, 0.947408, 0.00276937  
198, 69.6807, 1074.52, 167.824, -0.581208, -0.0356085, -0.812976, 0.0353782, 0.996992, -0.0689608, 0.812986, -0.0688421, -0.578199, 0.00271722  
199, 69.781, 1072.17, 167.774, -0.579609, -0.0417935, -0.813822, 0.0334546, 0.996622, -0.0750077, 0.814208, -0.0707013, -0.576253, 0.00283594  
200, 69.9392, 1069.54, 167.51, -0.577016, -0.048731, -0.815277, 0.0357509, 0.995755, -0.0848213, 0.81595, -0.0780902, -0.572825, 0.00267284  
201, 70.0363, 1067.03, 167.455, -0.57675, -0.0480633, -0.815506, 0.0331866, 0.996065, -0.0821755, 0.816246, -0.0744585, -0.572885, 0.00280654  
202, 27.9584, 1062.48, 183.926, 0.980063, 0.0632973, 0.188333, 0.0670152, -0.997662, -0.013433, 0.187042, 0.0257863, -0.982013, 0.0027935  
203, 28.1917, 1059.92, 183.9, 0.97985, 0.0625819, 0.189675, 0.0651769, -0.997846, -0.00746845, 0.188799, 0.0196804, -0.981819, 0.00277186  
204, 28.178, 1057.36, 183.857, 0.980307, 0.0596005, 0.188272, 0.0612888, -0.998115, -0.00315336, 0.187729, 0.0146302, -0.982112, 0.00280016  
205, 28.186, 1054.78, 183.903, 0.98004, 0.0603267, 0.189428, 0.0603816, -0.99816, 0.00548648, 0.189411, 0.00606101, -0.981879, 0.00268393  
206, 28.3127, 1052.16, 183.963, 0.980441, 0.0642526, 0.186029, 0.0649862, -0.997884, 0.00215775, 0.185774, 0.00997377, -0.982542, 0.0029136  
207, 28.2715, 1049.59, 183.906, 0.979934, 0.0659, 0.188115, 0.0639374, -0.997818, 0.0164885, 0.188791, -0.00413009, -0.982009, 0.00286895  
208, 28.2242, 1046.86, 183.821, 0.979456, 0.0654242, 0.190751, 0.0613348, -0.997745, 0.0272707, 0.192105, -0.0150109, -0.98126, 0.00276243  
209, 27.9794, 1044.23, 183.821, 0.980426, 0.0667091, 0.185242, 0.0628519, -0.997668, 0.0266241, 0.186586, -0.0144601, -0.982332, 0.00278129  
210, 28.0081, 1041.5, 183.749, 0.979933, 0.0645501, 0.188588, 0.0594026, -0.997694, 0.0328266, 0.190272, -0.0209652, -0.981508, 0.0026684  
211, 27.7475, 1038.82, 183.863, 0.980541, 0.0661214, 0.184845, 0.0600499, -0.997462, 0.0382602, 0.186906, -0.0264157, -0.982023, 0.00279988  
212, 27.4973, 1036.19, 183.852, 0.980703, 0.0632995, 0.184971, 0.0559033, -0.997424, 0.0449363, 0.187339, -0.0337288, -0.981716, 0.00279267  
213, 27.3073, 1033.79, 183.984, 0.980359, 0.0630636, 0.186866, 0.0555726, -0.997437, 0.0450639, 0.189229, -0.0337941, -0.981351, 0.00274218  
214, 27.3644, 1031.14, 183.959, 0.978288, 0.0658104, 0.196525, 0.0550514, -0.996696, 0.0597218, 0.199806, -0.0476061, -0.978678, 0.00284204  
215, 27.0062, 1029.03, 184.114, 0.978913, 0.0716285, 0.191308, 0.0623618, -0.99659, 0.0540354, 0.194527, -0.0409657, -0.980041, 0.00276632  
216, 26.8304, 1026.44, 184.139, 0.977737, 0.0730498, 0.196707, 0.0619059, -0.99614, 0.0622257, 0.200493, -0.0486631, -0.978486, 0.00282207  
217, 26.5932, 1023.97, 184.089, 0.977138, 0.0746479, 0.19907, 0.0634986, -0.996065, 0.0618238, 0.202902, -0.0477697, -0.978033, 0.00281708  
218, 26.3953, 1021.51, 183.774, 0.975774, 0.077813, 0.204476, 0.0617292, -0.99456, 0.0839022, 0.209892, -0.0692474, -0.975269, 0.00273358  
219, 26.254, 1018.99, 183.557, 0.975063, 0.0793518, 0.207255, 0.0614684, -0.993919, 0.0913547, 0.213244, -0.076337, -0.974012, 0.00279683  
220, 25.6417, 1016.38, 183.785, 0.974588, 0.0797159, 0.209341, 0.0607956, -0.993589, 0.0953187, 0.215598, -0.0801694, -0.973186, 0.00271334  
221, 25.2333, 1014.15, 183.727, 0.973674, 0.0822199, 0.2126, 0.0621435, -0.993099, 0.0994591, 0.219311, -0.083629, -0.972064, 0.00266923  
222, 25.0602, 1011.75, 183.001, 0.96914, 0.0837103, 0.231862, 0.054107, -0.989875, 0.131223, 0.240499, -0.114628, -0.963857, 0.00278546  
223, 7.4747, 1010.61, 185.773, -0.976582, -0.083134, -0.198434, -0.0972844, 0.993283, 0.0626435, 0.191893, 0.0804811, -0.97811, 0.00288448  
224, 6.66948, 1008.45, 185.952, -0.976427, -0.0889339, -0.196674, -0.102962, 0.992734, 0.0622716, 0.189707, 0.0810536, -0.978489, 0.00280348  
225, 6.12386, 1005.92, 185.918, -0.977648, -0.0867038, -0.191538, -0.101354, 0.99252, 0.0680472, 0.184205, 0.0859394, -0.979124, 0.00269475  
226, 5.60608, 1003.73, 185.805, -0.979114, -0.0845327, -0.184903, -0.0978334, 0.993142, 0.0640181, 0.178224, 0.0807708, -0.980669, 0.00282013  
227, 5.3061, 1001.75, 185.526, -0.978617, -0.0836184, -0.187926, -0.0954938, 0.993907, 0.0550374, 0.182179, 0.0718063, -0.98064, 0.00286978  
228, 4.6854, 999.247, 185.578, -0.979272, -0.0828438, -0.184831, -0.0965212, 0.993123, 0.0662573, 0.178071, 0.0827241, -0.980534, 0.00296353  
229, 4.02808, 997.151, 185.569, -0.978961, -0.0834132, -0.18622, -0.0959761, 0.993605, 0.0594842, 0.180067, 0.0761054, -0.980706, 0.00290029  
230, 3.66261, 994.899, 185.454, -0.978586, -0.0838831, -0.187969, -0.096579, 0.99355, 0.0594186, 0.181772, 0.0763001, -0.980376, 0.00285952  
231, 3.59614, 992.814, 185.136, -0.980242, -0.0784077, -0.181597, -0.0908831, 0.993966, 0.0614151, 0.175686, 0.0767057, -0.981453, 0.00291582  
232, 2.77959, 990.655, 185.631, -0.982781, -0.0859958, -0.16354, -0.0982027, 0.992836, 0.0680692, 0.156515, 0.0829573, -0.984186, 0.00291666  
233, 2.26932, 988.514, 185.808, -0.982757, -0.0872533, -0.163022, -0.0998215, 0.992501, 0.0705501, 0.155644, 0.0856067, -0.984097, 0.0028659  
234, 2.01843, 986.339, 185.412, -0.982275, -0.0847417, -0.167195, -0.097168, 0.992971, 0.0675836, 0.160293, 0.0826318, -0.983605, 0.00299959  
235, 1.42953, 984.247, 185.406, -0.981727, -0.0844028, -0.170554, -0.0954893, 0.993747, 0.0578666, 0.164604, 0.0730953, -0.983648, 0.0027616  
236, 0.895312, 982.19, 185.381, -0.982121, -0.0858704, -0.167528, -0.0976264, 0.993212, 0.0632335, 0.160961, 0.0784581, -0.983837, 0.0028487  
237, 6.06654, 982.448, 181.411, -0.954152, -0.0277086, -0.298036, 0.0425065, -0.998158, -0.0432837, -0.296288, -0.0539677, 0.953573, 0.00285397  
238, 5.47513, 980.477, 181.42, -0.954227, -0.0237069, -0.298143, 0.0355127, -0.998782, -0.0342424, -0.296968, -0.0432628, 0.953907, 0.00283011  
239, 5.05709, 978.711, 181.237, -0.950846, -0.0345737, -0.307727, 0.0485102, -0.998109, -0.0377523, -0.30584, -0.0508245, 0.950725, 0.00293219  
240, 4.30512, 976.674, 181.26, -0.952086, -0.0246893, -0.304834, 0.0366527, -0.998764, -0.0335847, -0.303628, -0.0431485, 0.951813, 0.00266174  
241, 3.87867, 975.026, 181.059, -0.947397, -0.0324596, -0.31841, 0.044426, -0.99855, -0.0303902, -0.316962, -0.0429373, 0.947466, 0.00296908  
242, 3.30935, 973.218, 181.473, -0.9502, -0.0280188, -0.310378, 0.0397694, -0.998709, -0.0315945, -0.309092, -0.0423646, 0.950088, 0.00288198  
243, 3.04377, 971.712, 181.2, -0.946947, -0.0301362, -0.319975, 0.0434532, -0.998458, -0.0345594, -0.31844, -0.0466298, 0.946796, 0.00280848  
244, 2.97638, 969.311, 181.44, -0.953186, -0.00932437, -0.302242, 0.0288051, -0.997779, -0.0600608, -0.301011, -0.0659552, 0.951337, 0.00305368  
245, 2.35778, 967.008, 181.542, -0.955028, 0.00224285, -0.296507, 0.0135194, -0.998602, -0.0510989, -0.296207, -0.0528095, 0.953663, 0.00276853  
246, 1.78518, 965.273, 181.634, -0.955709, 0.00486502, -0.294272, 0.00784651, -0.999087, -0.0420005, -0.294207, -0.0424493, 0.954798, 0.00285646  
247, 1.20049, 963.313, 181.641, -0.955801, 0.0130576, -0.293726, -0.00132093, -0.999194, -0.040121, -0.294013, -0.0379596, 0.955047, 0.0028462  
248, 1.66586, 962.121, 181.575, -0.962427, -0.00398896, -0.271511, 0.00383203, -0.999992, 0.00110814, -0.271514, 2.60588e-005, 0.962435, 0.00288614  
249, 1.36208, 960.677, 181.392, -0.961777, -0.00294668, -0.273817, 0.000640727, -0.999964, 0.00851055, -0.273832, 0.00800981, 0.961744, 0.00312691  
250, 1.15227, 959.812, 181.164, -0.954513, -0.0198064, -0.29751, 0.0211982, -0.999774, -0.00145224, -0.297415, -0.00769287, 0.954717, 0.00270668  
251, 0.72448, 958.293, 181.484, -0.953555, -0.0151855, -0.300835, 0.0215199, -0.999611, -0.0177533, -0.300448, -0.0234027, 0.953511, 0.00277991  
252, 0.673959, 957.264, 180.79, -0.948485, -0.026476, -0.315715, 0.0303749, -0.999511, -0.00743415, -0.315364, -0.016641, 0.948825, 0.00288004  
253, -5.41374, 953.937, 184.989, -0.983977, -0.0860638, -0.156147, -0.0890238, 0.995957, 0.0120505, 0.154479, 0.0257583, -0.98766, 0.00276216  
254, -5.70971, 952.217, 185.281, -0.984685, -0.0852481, -0.152077, -0.0887001, 0.995929, 0.0160486, 0.15009, 0.0292921, -0.988238, 0.00294523  
255, -5.73991, 951.061, 185.405, -0.985386, -0.0822764, -0.149148, -0.0852172, 0.996272, 0.0134245, 0.147487, 0.0259383, -0.988724, 0.00273553  
256, -5.60722, 949.576, 185.324, -0.985497, -0.0814354, -0.148876, -0.0839398, 0.996414, 0.0106058, 0.147478, 0.0229486, -0.988799, 0.00277797  
257, -5.41052, 948.52, 185.215, -0.984849, -0.082366, -0.152603, -0.0829262, 0.996552, -0.00270082, 0.152299, 0.00999485, -0.988284, 0.0027727  
258, -5.47229, 946.939, 185.328, -0.985031, -0.0830817, -0.151036, -0.0835436, 0.996499, -0.00329565, 0.150781, 0.00937175, -0.988523, 0.00282346  
259, -5.37664, 945.568, 185.305, -0.985116, -0.0792419, -0.152533, -0.0785195, 0.996854, -0.0107639, 0.152907, 0.00137312, -0.98824, 0.00288115  
260, -5.25826, 944.229, 185.219, -0.984842, -0.0780261, -0.154912, -0.0758555, 0.996921, -0.0198828, 0.155986, -0.00783047, -0.987728, 0.00266701  
261, -5.07721, 942.671, 185.102, -0.98419, -0.0778426, -0.159096, -0.0752154, 0.996914, -0.022478, 0.160354, -0.0101562, -0.987007, 0.00277991  
262, -4.79539, 941.667, 184.828, -0.983592, -0.0783336, -0.162513, -0.0741124, 0.99674, -0.0318858, 0.164481, -0.0193183, -0.986191, 0.0028867  
263, -4.41535, 940.237, 184.901, -0.983414, -0.0803562, -0.162601, -0.0765043, 0.996623, -0.0298239, 0.164448, -0.0168896, -0.986241, 0.00271777  
264, -4.18619, 939.003, 184.943, -0.983031, -0.0799096, -0.165121, -0.0741666, 0.996416, -0.0406683, 0.167779, -0.0277317, -0.985435, 0.00294218  
265, -3.91413, 937.856, 185.044, -0.982652, -0.0750031, -0.169618, -0.0655263, 0.995997, -0.0608031, 0.173499, -0.0486338, -0.983632, 0.00275799  
266, -3.72958, 936.354, 185.174, -0.983482, -0.0716722, -0.166214, -0.0621647, 0.996156, -0.0617209, 0.169998, -0.0503687, -0.984156, 0.00286007  
267, -3.34237, 935.227, 185.346, -0.98236, -0.0761412, -0.170799, -0.0660567, 0.995763, -0.0639766, 0.174946, -0.0515656, -0.983227, 0.00280765  
268, -2.99617, 933.684, 185.376, -0.982635, -0.0733971, -0.170416, -0.0633066, 0.995945, -0.063915, 0.174416, -0.0520167, -0.983297, 0.0028143  
269, -2.55278, 932.655, 185.351, -0.982491, -0.0716453, -0.171986, -0.0593709, 0.995378, -0.0754875, 0.176599, -0.0639548, -0.982203, 0.00290112  
270, -2.14696, 931.004, 185.334, -0.98221, -0.0719582, -0.173449, -0.0605525, 0.995695, -0.0701823, 0.177753, -0.058431, -0.982339, 0.00288143  
271, -2.03214, 929.774, 185.505, -0.981568, -0.0768246, -0.174993, -0.0642409, 0.994999, -0.076481, 0.179993, -0.0638297, -0.981595, 0.00278684  
272, -1.88309, 928.079, 185.755, -0.980534, -0.0790232, -0.179746, -0.0650563, 0.99448, -0.0823223, 0.185259, -0.0690262, -0.980262, 0.00276826  
273, 9.41051, 927.074, 183.493, 0.982941, -0.0453411, 0.178247, 0.035566, 0.997703, 0.0576597, -0.180452, -0.0503365, 0.982295, 0.00276132  
274, 9.88548, 925.551, 183.219, 0.982054, -0.0437744, 0.183449, 0.0332091, 0.997629, 0.0602755, -0.185652, -0.0531016, 0.98118, 0.00295549  
275, -0.181729, 924.099, 184.968, -0.979109, -0.0747318, -0.189103, -0.0555218, 0.992929, -0.104924, 0.195607, -0.0922331, -0.976335, 0.00267589  
276, -0.510085, 922.612, 185.391, -0.978574, -0.0759131, -0.191389, -0.0557893, 0.992537, -0.108432, 0.198192, -0.0954313, -0.975506, 0.00282512  
277, -0.28399, 920.86, 185.316, -0.977834, -0.0768044, -0.194786, -0.0562011, 0.992431, -0.109185, 0.201697, -0.0958181, -0.97475, 0.00281874  
278, -0.0549312, 919.601, 185.26, -0.977478, -0.0768416, -0.196552, -0.0550809, 0.991966, -0.113883, 0.203724, -0.100492, -0.973857, 0.00275217  
279, 0.299449, 917.779, 185.282, -0.978763, -0.0720168, -0.191928, -0.0512231, 0.992479, -0.111187, 0.198492, -0.0989942, -0.97509, 0.00291971  
280, 0.532747, 916.49, 185.136, -0.978289, -0.0718612, -0.194387, -0.0492923, 0.991724, -0.118549, 0.201297, -0.106393, -0.973735, 0.00269891  
281, 0.639633, 914.525, 185.27, -0.977979, -0.0708094, -0.196323, -0.0478392, 0.991696, -0.119373, 0.203145, -0.107353, -0.973246, 0.00293607  
282, 0.733262, 913.004, 185.198, -0.976957, -0.0724314, -0.20077, -0.0472332, 0.990704, -0.127575, 0.208144, -0.115152, -0.971296, 0.00276521  
283, 0.702655, 911.024, 185.245, -0.975833, -0.0764904, -0.204691, -0.0509623, 0.990566, -0.127207, 0.21249, -0.113701, -0.970526, 0.00272915  
284, 0.526365, 909.398, 185.528, -0.975887, -0.0743505, -0.205221, -0.0487427, 0.990687, -0.127135, 0.212763, -0.114066, -0.970423, 0.00302761  
