0, 0, 0, 0, 0, 0, 0, 0, 0, 0, 0, 0, 0, 0.0064258  
1, -3.69384, 1135.53, 181.13, -0.958079, 0.0613824, -0.279853, -0.0705374, -0.99725, 0.0227506, -0.277687, 0.041537, 0.959773, 0.00262818  
2, -3.553, 1135.51, 181.064, -0.957912, 0.060914, -0.280523, -0.0697407, -0.997332, 0.021581, -0.27846, 0.0402366, 0.959605, 0.00339819  
3, -3.59141, 1135.54, 181.096, -0.957955, 0.0604209, -0.280484, -0.068904, -0.997413, 0.0204728, -0.278522, 0.0389385, 0.95964, 0.00273636  
4, -3.59542, 1135.54, 181.087, -0.95789, 0.0604831, -0.280694, -0.0685929, -0.997461, 0.0191485, -0.278823, 0.0375958, 0.959606, 0.00329389  
5, -3.49508, 1135.48, 180.943, -0.956728, 0.0596586, -0.284801, -0.0676093, -0.997547, 0.0181583, -0.283019, 0.0366278, 0.958415, 0.0028659  
6, -3.61674, 1135.52, 181.076, -0.95764, 0.0617257, -0.281274, -0.0695948, -0.997412, 0.0180636, -0.279431, 0.0368736, 0.959458, 0.00296048  
7, -3.58298, 1135.5, 181.09, -0.957579, 0.0622005, -0.281377, -0.0702394, -0.997357, 0.0185645, -0.279479, 0.0375408, 0.959418, 0.00292942  
8, -3.61359, 1135.49, 181.082, -0.957685, 0.061736, -0.281118, -0.0699466, -0.997365, 0.0192571, -0.279188, 0.0381055, 0.95948, 0.00274607  
9, -3.69131, 1135.47, 181.155, -0.958267, 0.061773, -0.279122, -0.0703845, -0.9973, 0.020926, -0.277076, 0.0396985, 0.960027, 0.00303205  
10, -3.57892, 1135.48, 181.087, -0.957426, 0.0612231, -0.282114, -0.0688222, -0.997482, 0.0170967, -0.280357, 0.0357845, 0.959229, 0.00271528  
11, -3.72715, 1135.49, 181.154, -0.958101, 0.0611355, -0.27983, -0.0696078, -0.997365, 0.0204298, -0.277844, 0.0390522, 0.959832, 0.00285286  
12, -3.68378, 1135.5, 180.992, -0.956952, 0.0602639, -0.283921, -0.0682411, -0.997501, 0.0182802, -0.28211, 0.0368684, 0.958673, 0.00295549  
13, -3.70707, 1135.46, 181.116, -0.958176, 0.0616613, -0.279458, -0.0699433, -0.997355, 0.0197517, -0.277501, 0.0384718, 0.959955, 0.00286063  
14, -3.63995, 1135.41, 181.109, -0.958082, 0.0604302, -0.280048, -0.0691813, -0.997373, 0.0214601, -0.278016, 0.0399346, 0.959746, 0.00290251  
15, -3.49541, 1135.38, 180.993, -0.957175, 0.061524, -0.282897, -0.0694218, -0.997426, 0.0179684, -0.281063, 0.0368381, 0.958982, 0.00285591  
16, -3.71187, 1135.43, 181.108, -0.95776, 0.0607716, -0.281075, -0.0695153, -0.997355, 0.0212331, -0.279042, 0.0398752, 0.959451, 0.00279877  
17, -3.66258, 1135.35, 181.151, -0.957615, 0.0619341, -0.281316, -0.0702169, -0.997342, 0.0194486, -0.279363, 0.0383774, 0.959418, 0.00313079  
18, -3.58525, 1135.31, 181.006, -0.95663, 0.0621253, -0.284604, -0.0688369, -0.997535, 0.0136305, -0.283055, 0.0326306, 0.958548, 0.00272249  
19, -3.55606, 1135.28, 180.971, -0.956786, 0.0619719, -0.284113, -0.0692743, -0.997474, 0.0157167, -0.282422, 0.0347192, 0.958662, 0.00282484  
20, -3.674, 1135.27, 181.095, -0.95725, 0.0614916, -0.282651, -0.0693186, -0.997436, 0.0177649, -0.280834, 0.0365984, 0.959058, 0.00268532  
21, -3.7311, 1135.23, 181.176, -0.958004, 0.0621813, -0.279931, -0.0699562, -0.99739, 0.0178593, -0.27809, 0.0366922, 0.959854, 0.00308808  
22, -3.75244, 1135.26, 181.122, -0.957436, 0.0618237, -0.281947, -0.0694841, -0.997434, 0.0172426, -0.280158, 0.0360996, 0.959275, 0.00302511  
23, -3.56545, 1135.22, 181.056, -0.957075, 0.0624317, -0.283038, -0.0687746, -0.997554, 0.0125193, -0.281564, 0.0314477, 0.959027, 0.0027641  
24, -3.63756, 1135.23, 181.073, -0.956834, 0.0624166, -0.283853, -0.0695435, -0.997465, 0.0150893, -0.282192, 0.0341781, 0.958749, 0.00281652  
25, -3.63349, 1135.17, 181.135, -0.957603, 0.0624421, -0.281243, -0.0699919, -0.997405, 0.0168692, -0.27946, 0.0358388, 0.959488, 0.00266369  
26, -3.64289, 1135.16, 181.113, -0.957248, 0.0624341, -0.282449, -0.0700209, -0.997403, 0.0168363, -0.280664, 0.0358939, 0.959135, 0.00288476  
27, -3.62955, 1135.15, 181.128, -0.95803, 0.0618139, -0.279925, -0.0697166, -0.997398, 0.0183532, -0.278062, 0.0370983, 0.959847, 0.0032251  
28, -3.65946, 1135.14, 181.141, -0.957572, 0.0623033, -0.281379, -0.069914, -0.997407, 0.0170799, -0.279585, 0.0360275, 0.959445, 0.00274995  
29, -3.5603, 1135.11, 180.992, -0.956769, 0.0605719, -0.284473, -0.0680454, -0.997547, 0.0164532, -0.282778, 0.035099, 0.958543, 0.00283289  
30, -3.60466, 1135.11, 181.043, -0.956552, 0.0614098, -0.285021, -0.0682732, -0.997566, 0.0141974, -0.283456, 0.0330399, 0.958416, 0.00272665  
31, -3.60048, 1135.06, 181.088, -0.956915, 0.0625299, -0.283557, -0.0696386, -0.997459, 0.015049, -0.281895, 0.0341471, 0.958837, 0.00287755  
32, -3.61752, 1135.08, 181.072, -0.956781, 0.0621714, -0.284084, -0.068838, -0.997536, 0.0135336, -0.282543, 0.0325045, 0.958704, 0.0030326  
33, -3.60807, 1135.06, 181.069, -0.956692, 0.0615681, -0.284518, -0.06835, -0.997564, 0.0139595, -0.282966, 0.0328018, 0.958569, 0.00280515  
34, -3.76913, 1135.04, 181.202, -0.957763, 0.0611999, -0.28097, -0.0687502, -0.997488, 0.0170847, -0.279219, 0.0356798, 0.959564, 0.00283871  
35, -3.74722, 1135.09, 181.155, -0.957163, 0.0621966, -0.28279, -0.0688261, -0.997537, 0.013559, -0.28125, 0.0324415, 0.959086, 0.00270723  
36, -3.79623, 1135.08, 181.144, -0.95741, 0.0612138, -0.28217, -0.0678933, -0.997595, 0.0139459, -0.280637, 0.0325093, 0.959263, 0.00290806  
37, -3.66326, 1135.03, 181.1, -0.957315, 0.0611625, -0.2825, -0.0677263, -0.997612, 0.0135186, -0.280999, 0.0320742, 0.959172, 0.00305673  
38, -3.75517, 1135, 181.174, -0.957544, 0.0609532, -0.28177, -0.0683016, -0.997531, 0.016322, -0.280079, 0.0348744, 0.959343, 0.00272915  
39, -3.84614, 1135.05, 181.204, -0.957701, 0.0613366, -0.281153, -0.0690336, -0.99746, 0.0175448, -0.279362, 0.0362116, 0.959503, 0.00291804  
40, -3.68133, 1135, 181.081, -0.957217, 0.0616448, -0.28273, -0.0683537, -0.997564, 0.0139167, -0.281183, 0.0326469, 0.959099, 0.00273608  
41, -3.78061, 1135, 181.177, -0.957748, 0.0614371, -0.280971, -0.0690546, -0.997463, 0.0172817, -0.279197, 0.0359539, 0.959561, 0.00318488  
42, -3.77216, 1134.99, 181.17, -0.957608, 0.0616775, -0.281396, -0.0688884, -0.997499, 0.0157956, -0.279718, 0.0345109, 0.959462, 0.00308197  
43, -3.72368, 1135.01, 181.106, -0.957213, 0.0616689, -0.282738, -0.0689799, -0.99749, 0.0159666, -0.281043, 0.0347866, 0.959064, 0.00281458  
44, -3.76226, 1135.01, 181.159, -0.957686, 0.0613772, -0.281196, -0.0683196, -0.997552, 0.0149424, -0.27959, 0.0335213, 0.959534, 0.00292082  
45, -3.68324, 1135.04, 181.118, -0.957015, 0.0623181, -0.283263, -0.0687616, -0.99755, 0.0128521, -0.281768, 0.0317773, 0.958956, 0.00277852  
46, -3.71302, 1135.04, 181.168, -0.958021, 0.0610398, -0.280125, -0.0692417, -0.99741, 0.0194673, -0.278212, 0.0380464, 0.959766, 0.00303454  
47, -3.71623, 1135.05, 181.111, -0.957641, 0.0610586, -0.281417, -0.0682996, -0.997537, 0.0159844, -0.279748, 0.034528, 0.959453, 0.00300958  
48, -3.65665, 1135.03, 181.103, -0.957465, 0.0614493, -0.281931, -0.0684735, -0.997538, 0.0151204, -0.280308, 0.0337821, 0.959316, 0.00282817  
49, -3.79422, 1135.13, 181.146, -0.957189, 0.0611266, -0.282935, -0.0685033, -0.997519, 0.016243, -0.28124, 0.0349296, 0.959002, 0.00293996  
50, -3.67531, 1135.08, 181.079, -0.95708, 0.0614681, -0.283232, -0.0684014, -0.99755, 0.0146452, -0.281638, 0.0333901, 0.95894, 0.00277963  
51, -3.71148, 1135.05, 181.097, -0.957223, 0.0622434, -0.282577, -0.0696134, -0.997444, 0.0161062, -0.280852, 0.0350884, 0.959109, 0.00292359  
52, -3.69606, 1135.04, 181.145, -0.957128, 0.0628237, -0.282772, -0.0698636, -0.997446, 0.0148709, -0.281115, 0.0339888, 0.959072, 0.00307227  
53, -3.61423, 1135.09, 181.039, -0.956392, 0.0623465, -0.285355, -0.0690193, -0.997526, 0.0133772, -0.283815, 0.0324888, 0.958329, 0.00280931  
54, -3.68757, 1135.12, 181.127, -0.956959, 0.0619422, -0.283537, -0.0687386, -0.997535, 0.0140739, -0.281966, 0.0329581, 0.958858, 0.00297546  
55, -3.62992, 1135.08, 181.087, -0.956801, 0.0624699, -0.283951, -0.0693835, -0.997487, 0.0143454, -0.282342, 0.0334272, 0.958731, 0.00275966  
56, -3.65472, 1135.1, 181.128, -0.957445, 0.0623377, -0.281802, -0.0697329, -0.997433, 0.0162801, -0.280064, 0.0352382, 0.959334, 0.00285535  
57, -3.707, 1135.15, 181.058, -0.956985, 0.0616534, -0.28351, -0.0688909, -0.997502, 0.0156194, -0.281839, 0.0344788, 0.958842, 0.00337877  
58, -3.55689, 1135.1, 181.064, -0.956976, 0.0624052, -0.283379, -0.0692409, -0.997499, 0.0141602, -0.281786, 0.0331724, 0.958904, 0.00279627  
59, -3.62741, 1135.12, 181.113, -0.957409, 0.061582, -0.282093, -0.0696649, -0.997395, 0.0187036, -0.280206, 0.037559, 0.959205, 0.00341899  
60, -3.6633, 1135.15, 181.062, -0.957115, 0.0619836, -0.283001, -0.06933, -0.997465, 0.0160081, -0.281291, 0.034942, 0.958986, 0.00306284  
61, -3.59684, 1135.19, 181.013, -0.957032, 0.0620294, -0.283272, -0.0687034, -0.997543, 0.013677, -0.281727, 0.032551, 0.958942, 0.00296603  
62, -3.79735, 1135.24, 181.238, -0.958626, 0.062656, -0.277687, -0.0715074, -0.997201, 0.0218529, -0.27554, 0.0408054, 0.960423, 0.00319126  
63, -3.8714, 1135.28, 181.199, -0.957763, 0.0617711, -0.280847, -0.0694575, -0.997432, 0.0174875, -0.279045, 0.0362558, 0.959593, 0.00282984  
64, -3.68036, 1135.28, 181.063, -0.956891, 0.0613355, -0.283896, -0.0687971, -0.997496, 0.0163772, -0.282181, 0.0352025, 0.958715, 0.00288892  
65, -3.54879, 1135.21, 181.065, -0.957029, 0.061837, -0.283323, -0.0689277, -0.997507, 0.0151169, -0.281682, 0.0339961, 0.958905, 0.00272499  
66, -3.68455, 1135.26, 181.093, -0.957288, 0.0610434, -0.28262, -0.068502, -0.997513, 0.0165755, -0.280906, 0.0352275, 0.959089, 0.00291582  
67, -3.74637, 1135.34, 181.182, -0.958198, 0.0614208, -0.279434, -0.0698214, -0.997355, 0.0201996, -0.277455, 0.0388657, 0.959952, 0.00312663  
68, -3.66458, 1135.3, 181.136, -0.957886, 0.061008, -0.280594, -0.0698914, -0.997317, 0.0217525, -0.278514, 0.0404475, 0.95958, 0.00270141  
69, -3.73452, 1135.36, 181.195, -0.957864, 0.0621025, -0.280427, -0.0708392, -0.997264, 0.0211169, -0.278348, 0.0400923, 0.959643, 0.00301679  
70, -3.64472, 1135.38, 181.109, -0.957601, 0.0623555, -0.28127, -0.0704431, -0.99734, 0.018725, -0.279354, 0.0377446, 0.959446, 0.00270418  
71, -3.62702, 1135.4, 181.137, -0.957954, 0.0618408, -0.280178, -0.0699026, -0.997375, 0.018863, -0.278276, 0.0376551, 0.959763, 0.00279294  
72, -3.67509, 1135.38, 181.136, -0.957891, 0.0608982, -0.280599, -0.0698796, -0.99731, 0.0221052, -0.278499, 0.0407825, 0.95957, 0.00292692  
73, -3.65042, 1135.37, 181.115, -0.958184, 0.0606428, -0.279654, -0.0694714, -0.997347, 0.0217571, -0.277592, 0.0402753, 0.959854, 0.00277963  
74, -3.57046, 1135.37, 181.091, -0.957957, 0.0610883, -0.280332, -0.069547, -0.997372, 0.0203164, -0.278354, 0.0389585, 0.959688, 0.00329251  
75, -3.55834, 1135.38, 181.102, -0.957633, 0.0611021, -0.281434, -0.0693678, -0.997401, 0.0194917, -0.279512, 0.0381884, 0.959383, 0.00268837  
76, -3.61348, 1135.45, 181.172, -0.958308, 0.060644, -0.279229, -0.0691015, -0.997398, 0.0205363, -0.277257, 0.0389753, 0.960005, 0.00279211  
77, -3.50024, 1135.45, 181.089, -0.957973, 0.0610384, -0.280288, -0.0694418, -0.997383, 0.0201389, -0.278325, 0.0387563, 0.959705, 0.00318627  
78, -3.53511, 1135.5, 181.101, -0.957614, 0.0613182, -0.281453, -0.0693353, -0.99742, 0.0186051, -0.279586, 0.0373311, 0.959395, 0.00277852  
79, -3.54474, 1135.46, 181.161, -0.958206, 0.0611207, -0.279472, -0.0693348, -0.997401, 0.0195912, -0.277548, 0.0381496, 0.959954, 0.00281708  
80, -3.51688, 1135.4, 181.075, -0.957586, 0.061824, -0.281437, -0.0698566, -0.997384, 0.0185882, -0.279551, 0.03746, 0.9594, 0.00286895  
81, -3.61676, 1135.47, 181.04, -0.956822, 0.0612448, -0.28415, -0.0686594, -0.997509, 0.0161977, -0.28245, 0.0350078, 0.958643, 0.00279572  
82, -3.62642, 1135.45, 181.142, -0.958079, 0.0609341, -0.27995, -0.0695992, -0.997352, 0.0211065, -0.277922, 0.039706, 0.959783, 0.00265009  
83, -3.59418, 1135.44, 181.124, -0.958132, 0.0610146, -0.279749, -0.0690604, -0.997432, 0.0189854, -0.277872, 0.0375101, 0.959886, 0.00273747  
84, -3.62852, 1135.41, 181.151, -0.958026, 0.0613701, -0.280035, -0.0697834, -0.997358, 0.020163, -0.278058, 0.0388585, 0.959778, 0.00275494  
85, -3.65955, 1135.44, 181.16, -0.957868, 0.0607386, -0.280714, -0.0693135, -0.99738, 0.0207101, -0.278721, 0.0392948, 0.959568, 0.00296298  
86, -3.58019, 1135.37, 181.118, -0.958002, 0.0614365, -0.280102, -0.0698253, -0.997358, 0.0200595, -0.278129, 0.0387752, 0.959761, 0.00267728  
87, -3.68248, 1135.4, 181.188, -0.957884, 0.0608529, -0.280632, -0.0694099, -0.997375, 0.0206445, -0.278639, 0.0392537, 0.959593, 0.00291416  
88, -3.53891, 1135.35, 181.039, -0.956734, 0.0613624, -0.284421, -0.0686307, -0.997519, 0.0156498, -0.282755, 0.0344927, 0.958572, 0.00297934  
89, -3.57029, 1135.39, 181.001, -0.956248, 0.060982, -0.28613, -0.0681514, -0.99756, 0.0151554, -0.284507, 0.0339924, 0.958071, 0.00281153  
90, -3.55036, 1135.35, 181.059, -0.957305, 0.0611903, -0.28253, -0.068475, -0.997525, 0.0159718, -0.280854, 0.0346362, 0.959125, 0.00310333  
91, -3.58694, 1135.35, 180.987, -0.95613, 0.0607751, -0.286567, -0.0676411, -0.99761, 0.0141114, -0.285025, 0.032876, 0.957956, 0.00273969  
92, -3.69983, 1135.33, 181.041, -0.956666, 0.0612097, -0.28468, -0.0681504, -0.997569, 0.0145294, -0.283099, 0.0333008, 0.958512, 0.00289419  
93, -3.77212, 1135.37, 181.086, -0.957038, 0.0605774, -0.283565, -0.0679985, -0.997551, 0.0163915, -0.281877, 0.0349693, 0.958813, 0.00266979  
94, -3.75248, 1135.3, 181.176, -0.957688, 0.0613175, -0.281201, -0.0692165, -0.997435, 0.0182347, -0.279362, 0.0369269, 0.959476, 0.00281569  
95, -3.80985, 1135.28, 181.181, -0.958372, 0.061736, -0.278769, -0.0700556, -0.997343, 0.0199714, -0.276795, 0.0386693, 0.960151, 0.00290334  
96, -3.73612, 1135.27, 181.086, -0.957019, 0.0632126, -0.283054, -0.0702646, -0.997418, 0.0148209, -0.281386, 0.0340725, 0.95899, 0.0027003  
97, -3.67406, 1135.19, 181.16, -0.958098, 0.0627249, -0.27949, -0.0706407, -0.997333, 0.0183301, -0.277595, 0.0373054, 0.959974, 0.00282013  
98, -3.68392, 1135.2, 181.19, -0.958168, 0.0623346, -0.279336, -0.0701947, -0.997367, 0.0182139, -0.277465, 0.0370599, 0.960021, 0.00266174  
99, -3.64805, 1135.2, 181.114, -0.957544, 0.0617022, -0.281608, -0.0688716, -0.997503, 0.0156224, -0.279941, 0.0343539, 0.959402, 0.00282484  
100, -3.64801, 1135.18, 181.14, -0.957899, 0.0629946, -0.280109, -0.0709195, -0.997315, 0.0182367, -0.278208, 0.0373341, 0.959795, 0.00297019  
101, -3.68829, 1135.16, 181.179, -0.95781, 0.0630299, -0.280405, -0.0702992, -0.997399, 0.0159316, -0.278671, 0.0349717, 0.95975, 0.00277908  
102, -3.60663, 1135.13, 181.099, -0.957631, 0.0628757, -0.281051, -0.0698746, -0.997444, 0.0149406, -0.279393, 0.0339458, 0.959577, 0.00291222  
103, -3.57141, 1135.16, 181.076, -0.956615, 0.0629474, -0.284472, -0.0687769, -0.997576, 0.0105396, -0.283119, 0.0296474, 0.958626, 0.00276188  
104, -3.59451, 1135.12, 181.078, -0.956743, 0.0626034, -0.28412, -0.0687512, -0.997565, 0.0117071, -0.282695, 0.0307342, 0.958717, 0.00294245  
105, -3.72681, 1135.13, 181.148, -0.957425, 0.0619172, -0.281963, -0.0689358, -0.997508, 0.0150304, -0.28033, 0.0338278, 0.959308, 0.00314882  
106, -3.6564, 1135.12, 181.029, -0.956695, 0.0609353, -0.284643, -0.0676109, -0.997618, 0.0136763, -0.283132, 0.032329, 0.958536, 0.00275328  
107, -3.608, 1135.07, 181.086, -0.957587, 0.0622781, -0.281335, -0.0694916, -0.997459, 0.0157265, -0.279641, 0.0346099, 0.959481, 0.00288864  
108, -3.68738, 1135.1, 181.119, -0.957135, 0.0622006, -0.282883, -0.0691464, -0.997499, 0.0146256, -0.281266, 0.033559, 0.959043, 0.00268809  
109, -3.68122, 1135.05, 181.095, -0.956893, 0.0624695, -0.283642, -0.0691036, -0.997519, 0.0134333, -0.282099, 0.0324549, 0.958836, 0.00283677  
110, -3.59278, 1135.05, 181.046, -0.956656, 0.0619612, -0.284554, -0.0681731, -0.997602, 0.0119679, -0.28313, 0.0308481, 0.958585, 0.00304342  
111, -3.786, 1135.11, 181.15, -0.957439, 0.0618088, -0.281942, -0.0689876, -0.997496, 0.0155968, -0.280272, 0.0343835, 0.959305, 0.00272721  
112, -3.70239, 1135.07, 181.111, -0.956916, 0.0622796, -0.283607, -0.0690444, -0.997517, 0.0139093, -0.282037, 0.0328916, 0.95884, 0.00282318  
113, -3.708, 1135.07, 181.131, -0.957134, 0.0619035, -0.282952, -0.0685035, -0.99756, 0.0134815, -0.281427, 0.0322868, 0.959039, 0.00271972  
114, -3.71369, 1135.05, 181.148, -0.957195, 0.0620717, -0.282708, -0.0689546, -0.997515, 0.0144513, -0.281109, 0.0333267, 0.959097, 0.00293607  
115, -3.68864, 1135.06, 181.096, -0.956849, 0.0614854, -0.284007, -0.0685944, -0.99753, 0.0151439, -0.282374, 0.0339717, 0.958703, 0.0030007  
116, -3.70678, 1135.08, 181.089, -0.956576, 0.0629268, -0.284609, -0.0690235, -0.99755, 0.0114317, -0.283193, 0.03058, 0.958575, 0.00274413  
117, -3.71019, 1135.1, 181.193, -0.957313, 0.0626824, -0.282176, -0.0695448, -0.997475, 0.0143596, -0.280563, 0.0333705, 0.959255, 0.00283011  
118, -3.74212, 1135.04, 181.156, -0.95671, 0.0622789, -0.284302, -0.0687537, -0.997551, 0.0128419, -0.282806, 0.0318327, 0.958649, 0.00270612  
119, -3.7664, 1135.06, 181.175, -0.957396, 0.0613054, -0.282198, -0.0683292, -0.997548, 0.0151065, -0.28058, 0.0337453, 0.959237, 0.00276853  
120, -3.74763, 1135.11, 181.203, -0.957185, 0.0619833, -0.282764, -0.0687385, -0.997536, 0.0140219, -0.281198, 0.0328583, 0.959087, 0.00303454  
121, -3.61673, 1135.03, 181.173, -0.957616, 0.0612796, -0.281453, -0.0686966, -0.9975, 0.0165521, -0.279735, 0.0351854, 0.959432, 0.00271528  
122, -3.73452, 1135.05, 181.183, -0.956877, 0.0619718, -0.283805, -0.0687331, -0.997538, 0.0139179, -0.282244, 0.0328246, 0.958781, 0.00296215  
123, -3.69694, 1135.02, 181.151, -0.957005, 0.0627007, -0.283212, -0.0694479, -0.99749, 0.0138369, -0.281634, 0.0329105, 0.958957, 0.00274634  
124, -3.64788, 1135.08, 181.088, -0.956295, 0.0623252, -0.285685, -0.0685248, -0.99758, 0.0117455, -0.284262, 0.0308087, 0.958252, 0.00279711  
125, -3.61635, 1135.04, 181.131, -0.956549, 0.0625576, -0.284781, -0.0695945, -0.997468, 0.0146476, -0.283144, 0.0338303, 0.958481, 0.0030351  
126, -3.56022, 1135.07, 181.054, -0.955826, 0.0627756, -0.287151, -0.0685481, -0.997597, 0.010083, -0.285828, 0.0293212, 0.957832, 0.00275272  
127, -3.82486, 1135.16, 181.223, -0.957255, 0.0627631, -0.282353, -0.0699401, -0.997432, 0.0154013, -0.280661, 0.0344908, 0.959187, 0.00277658  
128, -3.71997, 1135.1, 181.151, -0.956926, 0.0616236, -0.283716, -0.0686078, -0.997535, 0.0147363, -0.282109, 0.0335667, 0.958795, 0.00276964  
129, -3.61339, 1135.08, 181.084, -0.956738, 0.0620791, -0.28425, -0.0684346, -0.997578, 0.0124724, -0.282788, 0.0313853, 0.958669, 0.00289169  
130, -3.65446, 1135.09, 181.143, -0.95737, 0.0619557, -0.282143, -0.0695038, -0.99744, 0.0168131, -0.28038, 0.0357064, 0.959225, 0.00307227  
131, -3.74258, 1135.13, 181.185, -0.9572, 0.0628172, -0.282527, -0.0701979, -0.997404, 0.0160667, -0.280784, 0.0352119, 0.959125, 0.00276548  
132, -3.61666, 1135.12, 181.088, -0.956226, 0.062967, -0.285774, -0.0693814, -0.997514, 0.012366, -0.284285, 0.0316521, 0.958217, 0.00291943  
133, -3.59178, 1135.1, 181.156, -0.957444, 0.0625338, -0.281763, -0.0702397, -0.99738, 0.017322, -0.279941, 0.0363758, 0.959328, 0.00271389  
134, -3.56923, 1135.12, 181.11, -0.957325, 0.0621009, -0.282261, -0.0697195, -0.997421, 0.0170178, -0.280477, 0.0359707, 0.959187, 0.00285757  
135, -3.73004, 1135.17, 181.131, -0.95687, 0.0613731, -0.283961, -0.0689432, -0.99748, 0.0167318, -0.282219, 0.0355873, 0.95869, 0.00302317  
136, -3.68481, 1135.24, 181.109, -0.956666, 0.0619191, -0.284527, -0.0687696, -0.997532, 0.0141404, -0.282949, 0.0330945, 0.958564, 0.00281735  
137, -3.79363, 1135.25, 181.185, -0.957657, 0.0617223, -0.281217, -0.0690918, -0.997476, 0.0163565, -0.279498, 0.0350937, 0.959505, 0.00291749  
138, -3.70096, 1135.23, 181.216, -0.958335, 0.0618907, -0.278863, -0.070027, -0.997358, 0.0193004, -0.276932, 0.0380241, 0.960137, 0.00274107  
139, -3.67488, 1135.21, 181.214, -0.958306, 0.0625249, -0.278819, -0.0703111, -0.997363, 0.0180031, -0.276958, 0.0368565, 0.960175, 0.00283705  
140, -3.80239, 1135.28, 181.22, -0.958452, 0.061692, -0.278501, -0.0704037, -0.997289, 0.0213781, -0.276428, 0.0400974, 0.960198, 0.00302234  
141, -3.63932, 1135.25, 181.102, -0.957658, 0.0618493, -0.281186, -0.0690977, -0.997483, 0.0159269, -0.279493, 0.0346818, 0.959521, 0.00275605  
142, -3.76541, 1135.3, 181.198, -0.958092, 0.0610989, -0.279868, -0.0691387, -0.997427, 0.0189356, -0.277991, 0.0374917, 0.959852, 0.00290556  
143, -3.72315, 1135.3, 181.192, -0.958307, 0.0615071, -0.279043, -0.0697818, -0.997366, 0.019808, -0.27709, 0.0384543, 0.960074, 0.00276576  
144, -3.60696, 1135.33, 181.068, -0.95698, 0.0610822, -0.283652, -0.0682994, -0.997543, 0.0156144, -0.282002, 0.034316, 0.9588, 0.00291943  
145, -3.5504, 1135.27, 181.095, -0.957833, 0.0611755, -0.280738, -0.0689642, -0.997458, 0.0179391, -0.278927, 0.0365436, 0.959617, 0.00302678  
146, -3.73166, 1135.37, 181.195, -0.958406, 0.0616766, -0.278664, -0.0697736, -0.997378, 0.0192224, -0.276748, 0.0378663, 0.960196, 0.0027641  
147, -3.72353, 1135.38, 181.19, -0.95836, 0.062164, -0.278713, -0.0702594, -0.997345, 0.019141, -0.276783, 0.0379262, 0.960184, 0.00285397  
148, -3.8213, 1135.35, 181.274, -0.958986, 0.0625589, -0.276462, -0.0715063, -0.997189, 0.0223921, -0.274284, 0.0412426, 0.960764, 0.00273525  
149, -3.46208, 1135.3, 181.028, -0.957136, 0.0622106, -0.282877, -0.0691724, -0.997497, 0.0146798, -0.281256, 0.0336179, 0.959044, 0.0029774  
150, -3.79549, 1135.41, 181.176, -0.958125, 0.0614127, -0.279688, -0.0699779, -0.997333, 0.0207326, -0.277668, 0.0394363, 0.959867, 0.00290001  
151, -3.58394, 1135.37, 181.103, -0.957372, 0.0617933, -0.282172, -0.0697189, -0.997402, 0.018124, -0.280319, 0.0370241, 0.959193, 0.00271639  
152, -3.60839, 1135.36, 181.121, -0.957733, 0.062323, -0.280826, -0.0701312, -0.997378, 0.0178312, -0.278978, 0.0367722, 0.959593, 0.0029186  
153, -3.70248, 1135.38, 181.234, -0.958511, 0.0620197, -0.278227, -0.0701417, -0.99735, 0.0193234, -0.276291, 0.038037, 0.960321, 0.00271028  
154, -3.72976, 1135.41, 181.175, -0.957725, 0.0623463, -0.280847, -0.0703681, -0.997348, 0.0185591, -0.278945, 0.0375371, 0.959573, 0.00308253  
155, -3.67379, 1135.41, 181.154, -0.958001, 0.060962, -0.280209, -0.0695842, -0.997357, 0.0209162, -0.278193, 0.0395359, 0.959711, 0.00303427  
156, -3.54657, 1135.41, 181.074, -0.957484, 0.0616653, -0.281818, -0.0694395, -0.99743, 0.0176722, -0.280004, 0.0364902, 0.959305, 0.00271805  
157, -3.75599, 1135.43, 181.204, -0.958047, 0.0619235, -0.279843, -0.0707956, -0.997255, 0.0216977, -0.277731, 0.040599, 0.959801, 0.00284703  
158, -3.66194, 1135.46, 181.168, -0.958173, 0.0608153, -0.279653, -0.0693445, -0.997378, 0.0206977, -0.277661, 0.0392244, 0.959878, 0.00275467  
159, -3.69485, 1135.41, 181.182, -0.958183, 0.0618455, -0.279392, -0.0700583, -0.997352, 0.0194953, -0.277447, 0.0382538, 0.959979, 0.00297102  
160, -3.67473, 1135.46, 181.15, -0.957648, 0.0607678, -0.281455, -0.0691197, -0.997411, 0.0198323, -0.279522, 0.0384465, 0.959369, 0.00293857  
161, -3.58483, 1135.44, 181.12, -0.957632, 0.0612678, -0.281403, -0.0690513, -0.997454, 0.0178175, -0.279595, 0.0364939, 0.959424, 0.00274634  
162, -3.70679, 1135.42, 181.229, -0.958236, 0.0620515, -0.279167, -0.0706992, -0.997276, 0.0210055, -0.277103, 0.039865, 0.960013, 0.00299127  
163, -3.58309, 1135.38, 181.062, -0.95692, 0.0620362, -0.283645, -0.069503, -0.997448, 0.0163262, -0.281909, 0.0353371, 0.95879, 0.00268782  
164, -3.81675, 1135.41, 181.231, -0.958253, 0.0623747, -0.279035, -0.070961, -0.997263, 0.0207667, -0.276976, 0.0397004, 0.960056, 0.00304203  
165, -3.62166, 1135.32, 181.112, -0.95803, 0.0615536, -0.27998, -0.0698512, -0.997362, 0.0197454, -0.278026, 0.0384736, 0.959803, 0.00317157  
166, -3.60496, 1135.36, 181.098, -0.957459, 0.0617164, -0.281892, -0.0693372, -0.997446, 0.0171298, -0.280115, 0.0359467, 0.959293, 0.00275994  
167, -3.60622, 1135.31, 181.069, -0.957387, 0.0612789, -0.282232, -0.0693949, -0.997411, 0.0188408, -0.280347, 0.0376234, 0.959161, 0.00292054  
168, -3.66749, 1135.32, 181.125, -0.957442, 0.0635803, -0.281535, -0.0709735, -0.997348, 0.0161308, -0.279763, 0.0354258, 0.959415, 0.00276521  
169, -3.70174, 1135.35, 181.105, -0.956783, 0.060696, -0.2844, -0.068111, -0.997545, 0.0162459, -0.282716, 0.0349146, 0.958568, 0.00300292  
170, -3.70862, 1135.36, 181.165, -0.957606, 0.0611062, -0.281525, -0.0693362, -0.997406, 0.0193559, -0.279611, 0.0380551, 0.959359, 0.00290195  
171, -3.70439, 1135.32, 181.212, -0.958113, 0.0617102, -0.279662, -0.0697365, -0.997388, 0.0188315, -0.277769, 0.0375453, 0.959914, 0.00268255  
172, -3.6633, 1135.24, 181.151, -0.958022, 0.0616859, -0.279981, -0.0698913, -0.997366, 0.0194083, -0.278046, 0.0381618, 0.959809, 0.00301956  
173, -3.62341, 1135.28, 181.144, -0.957681, 0.0615086, -0.281181, -0.0692399, -0.997444, 0.017634, -0.279378, 0.0363568, 0.959493, 0.00280265  
174, -3.75469, 1135.27, 181.166, -0.957456, 0.06113, -0.282032, -0.0685267, -0.997514, 0.0164282, -0.280327, 0.035056, 0.959264, 0.00306866  
175, -3.76209, 1135.28, 181.145, -0.957096, 0.0617983, -0.283105, -0.0689852, -0.997498, 0.0154778, -0.28144, 0.0343438, 0.958964, 0.0029652  
176, -3.66526, 1135.25, 181.13, -0.95679, 0.0625761, -0.283965, -0.0690389, -0.997532, 0.0127975, -0.282463, 0.0318492, 0.958749, 0.00270807  
177, -3.62571, 1135.2, 181.066, -0.957166, 0.0619025, -0.282845, -0.0694228, -0.997449, 0.0166331, -0.281093, 0.0355566, 0.959022, 0.00282512  
178, -3.60178, 1135.22, 181.043, -0.956931, 0.0621505, -0.283584, -0.0690682, -0.997507, 0.0144508, -0.281979, 0.0334151, 0.958838, 0.0026856  
179, -3.64316, 1135.22, 181.079, -0.957008, 0.0614439, -0.283478, -0.0692712, -0.997442, 0.0176606, -0.281668, 0.0365382, 0.958816, 0.00306505  
180, -3.68358, 1135.3, 181.091, -0.956175, 0.0615034, -0.286265, -0.069055, -0.997479, 0.0163493, -0.284537, 0.0354008, 0.958011, 0.00304425  
181, -3.6246, 1135.29, 181.097, -0.957001, 0.0615517, -0.283478, -0.0695708, -0.997409, 0.0182982, -0.281617, 0.0372332, 0.958804, 0.00277491  
182, -3.69203, 1135.33, 181.16, -0.957795, 0.0604559, -0.281024, -0.0693234, -0.997358, 0.0217113, -0.278969, 0.0402765, 0.959455, 0.0028168  
183, -3.49864, 1135.35, 180.983, -0.955978, 0.0604027, -0.287154, -0.0685032, -0.997484, 0.0182372, -0.28533, 0.0371053, 0.957711, 0.00265314  
184, -3.73024, 1135.39, 181.148, -0.957086, 0.0619103, -0.283113, -0.0714002, -0.997175, 0.0233148, -0.28087, 0.0425286, 0.958803, 0.00301041  
185, -3.67874, 1135.37, 181.123, -0.957277, 0.0625351, -0.282331, -0.0721839, -0.997105, 0.0238935, -0.28002, 0.0432525, 0.959019, 0.00310278  
186, -3.57655, 1135.4, 181.06, -0.956714, 0.061316, -0.284497, -0.0715065, -0.997113, 0.025562, -0.282108, 0.0447989, 0.958336, 0.00271195  
187, -3.60978, 1135.44, 181.134, -0.956902, 0.0612561, -0.283877, -0.0721954, -0.996991, 0.0282239, -0.281294, 0.0475021, 0.958445, 0.00309806  
188, -3.72524, 1135.55, 181.186, -0.957203, 0.0606058, -0.283002, -0.0727471, -0.996818, 0.0325817, -0.280127, 0.0517749, 0.958566, 0.00274912  
189, -3.64905, 1135.56, 181.064, -0.956331, 0.0604573, -0.285967, -0.0729225, -0.996787, 0.0331332, -0.283045, 0.0525397, 0.957667, 0.00309945  
190, -3.70997, 1135.61, 181.213, -0.957481, 0.0607982, -0.282017, -0.074394, -0.996514, 0.0377444, -0.278739, 0.0571199, 0.958667, 0.00292969  
191, -3.75553, 1135.66, 181.266, -0.95762, 0.0607641, -0.281551, -0.0757013, -0.996226, 0.0424732, -0.277907, 0.061987, 0.958606, 0.00272582  
192, -3.727, 1135.68, 181.215, -0.95746, 0.0602001, -0.282217, -0.0758001, -0.996122, 0.0446779, -0.278433, 0.0641694, 0.95831, 0.00279544  
193, -3.70139, 1135.66, 181.212, -0.957511, 0.0602616, -0.28203, -0.0766134, -0.995938, 0.0473048, -0.278034, 0.0669022, 0.958239, 0.00267228  
194, -3.78617, 1135.68, 181.271, -0.95761, 0.0613865, -0.281452, -0.0776602, -0.99587, 0.0470247, -0.277403, 0.0668889, 0.958422, 0.00294439  
195, -3.73836, 1135.68, 181.17, -0.956598, 0.0597533, -0.28522, -0.0766446, -0.995882, 0.0484219, -0.281152, 0.0681808, 0.957238, 0.00294966  
196, -3.62936, 1135.72, 181.169, -0.957246, 0.0588463, -0.283228, -0.0763947, -0.995757, 0.0513081, -0.279007, 0.0707515, 0.957679, 0.0027236  
197, -3.55413, 1135.64, 181.124, -0.956354, 0.058971, -0.286198, -0.0769038, -0.995691, 0.0518187, -0.281909, 0.0715667, 0.956768, 0.00288198  
198, -3.45419, 1135.65, 181.037, -0.955845, 0.0591516, -0.287855, -0.0769592, -0.995732, 0.0509352, -0.283614, 0.0708393, 0.956319, 0.00277353  
199, -3.54482, 1135.65, 181.142, -0.957298, 0.0586527, -0.28309, -0.0786903, -0.995096, 0.0599283, -0.278187, 0.0796457, 0.957219, 0.00293496  
200, -3.46751, 1135.58, 181.036, -0.956986, 0.0575319, -0.284372, -0.0782882, -0.994991, 0.0621615, -0.279371, 0.0817507, 0.956697, 0.00312885  
201, -3.56873, 1135.55, 181.121, -0.958122, 0.057712, -0.280484, -0.0803583, -0.994311, 0.0699127, -0.274854, 0.0895241, 0.957309, 0.00269947  
202, -3.46363, 1135.51, 180.96, -0.956676, 0.0573474, -0.285449, -0.0795473, -0.994591, 0.0667852, -0.280076, 0.0865985, 0.956064, 0.00281236  
203, -3.52207, 1135.4, 180.975, -0.956231, 0.0582486, -0.286755, -0.0810843, -0.994357, 0.0684049, -0.281152, 0.0886622, 0.955559, 0.00258491  
204, -3.51886, 1135.31, 180.947, -0.956684, 0.0577389, -0.285345, -0.080812, -0.994286, 0.0697494, -0.279687, 0.0897874, 0.955884, 0.00286229  
205, -3.46386, 1135.21, 180.91, -0.956583, 0.0572687, -0.28578, -0.0812143, -0.994046, 0.0726451, -0.279918, 0.0927005, 0.955538, 0.00302539  
206, -3.48582, 1135.22, 180.917, -0.957015, 0.0577303, -0.284236, -0.0821072, -0.993828, 0.0745992, -0.278175, 0.0947304, 0.955848, 0.00278351  
207, -3.46871, 1135.07, 180.827, -0.956784, 0.0570709, -0.285144, -0.0828869, -0.993399, 0.0792955, -0.278737, 0.0995034, 0.955199, 0.00284759  
208, -3.44278, 1134.97, 180.814, -0.957046, 0.0576109, -0.284156, -0.0835949, -0.99327, 0.0801708, -0.277625, 0.100481, 0.95542, 0.00272804  
209, -3.4811, 1134.83, 180.702, -0.956324, 0.0555575, -0.286979, -0.0828858, -0.993016, 0.083965, -0.28031, 0.104084, 0.95425, 0.00278629  
210, -3.63495, 1134.6, 180.83, -0.958203, 0.0557516, -0.280604, -0.0843381, -0.992287, 0.0908448, -0.273375, 0.110713, 0.955515, 0.00307282  
211, -3.63588, 1134.43, 180.756, -0.957725, 0.0547148, -0.282434, -0.0838138, -0.992226, 0.0919904, -0.275205, 0.111773, 0.954866, 0.00273913  
212, -3.65586, 1134.22, 180.731, -0.95878, 0.0534665, -0.279073, -0.0839108, -0.991612, 0.0983043, -0.271476, 0.117669, 0.955225, 0.00298933  
213, -3.76625, 1134.07, 180.727, -0.958975, 0.0537614, -0.278345, -0.0859611, -0.990772, 0.104795, -0.270143, 0.124423, 0.954747, 0.00276049  
214, -3.79341, 1133.8, 180.711, -0.959285, 0.0516311, -0.277681, -0.0847572, -0.990461, 0.108642, -0.269423, 0.127754, 0.95451, 0.00279461  
215, -3.9392, 1133.51, 180.769, -0.959819, 0.053891, -0.275395, -0.0873223, -0.990021, 0.110606, -0.266686, 0.13021, 0.954947, 0.00307005  
216, -3.94491, 1133.21, 180.752, -0.959791, 0.0519279, -0.275871, -0.0868738, -0.989443, 0.116, -0.266935, 0.135302, 0.954169, 0.00286395  
217, -4.1573, 1132.77, 180.813, -0.960713, 0.0508619, -0.272844, -0.0869909, -0.988711, 0.121995, -0.263559, 0.140937, 0.954292, 0.00286784  
218, -4.07339, 1132.45, 180.847, -0.960522, 0.0512511, -0.273442, -0.0885168, -0.988107, 0.125733, -0.263746, 0.144974, 0.953635, 0.00278934  
219, -3.93315, 1131.98, 180.771, -0.959317, 0.0512887, -0.277633, -0.0900347, -0.987594, 0.128657, -0.26759, 0.14842, 0.952033, 0.00287449  
220, -4.04126, 1131.55, 180.794, -0.958894, 0.0506624, -0.279204, -0.0902934, -0.987267, 0.13096, -0.269015, 0.150787, 0.951259, 0.00308114  
221, -4.20384, 1130.99, 180.936, -0.95955, 0.0501058, -0.277043, -0.0914633, -0.986139, 0.138435, -0.266266, 0.158174, 0.950833, 0.00273747  
222, -4.16805, 1130.34, 180.858, -0.958614, 0.0508832, -0.280126, -0.0917784, -0.986605, 0.134862, -0.269511, 0.15499, 0.950443, 0.00287311  
223, -4.26015, 1129.76, 180.931, -0.958736, 0.0508144, -0.279719, -0.0924048, -0.986173, 0.137567, -0.268861, 0.157737, 0.950175, 0.00275661  
224, -4.42049, 1129.08, 180.85, -0.959003, 0.0492239, -0.279087, -0.0915929, -0.985783, 0.140866, -0.268185, 0.160653, 0.949878, 0.00317823  
225, -4.48418, 1128.52, 180.856, -0.958748, 0.048651, -0.280063, -0.0922114, -0.985195, 0.144527, -0.268886, 0.16439, 0.94904, 0.00315271  
226, -4.52315, 1127.84, 180.714, -0.95804, 0.0466945, -0.282806, -0.0900553, -0.985715, 0.14232, -0.272121, 0.161817, 0.94856, 0.00281236  
227, -4.801, 1127.04, 180.899, -0.958963, 0.0472266, -0.279571, -0.0906662, -0.985335, 0.144548, -0.268645, 0.163964, 0.949182, 0.00283261  
228, 6.46638, 1126.43, 183.732, 0.965158, 0.0730051, 0.251276, 0.0959452, -0.992145, -0.080273, 0.243441, 0.101585, -0.964581, 0.00273913  
229, 6.20007, 1125.73, 183.803, 0.965781, 0.0731398, 0.248833, 0.0974343, -0.991454, -0.0867467, 0.240362, 0.108023, -0.964654, 0.00328058  
230, 6.04353, 1124.97, 183.737, 0.9648, 0.0711031, 0.253191, 0.0953841, -0.99181, -0.0849391, 0.245078, 0.1061, -0.96368, 0.00317795  
231, 5.75605, 1124.22, 183.709, 0.964992, 0.0737274, 0.251702, 0.0980013, -0.991525, -0.0852908, 0.243281, 0.106972, -0.964039, 0.00275661  
232, 5.50522, 1123.2, 183.725, 0.964184, 0.070989, 0.255559, 0.0956426, -0.991749, -0.0853572, 0.247391, 0.106742, -0.963018, 0.00298073  
233, 5.14117, 1122.25, 183.642, 0.964483, 0.0705253, 0.254557, 0.0956811, -0.991531, -0.0878184, 0.246207, 0.109056, -0.963062, 0.00282512  
234, -4.94589, 1120.6, 179.825, -0.953052, 0.0456176, -0.299351, -0.091582, -0.985713, 0.141361, -0.288626, 0.16214, 0.943613, 0.00295882  
235, -5.36024, 1119.69, 179.833, -0.952232, 0.0472115, -0.301705, -0.0930536, -0.985851, 0.139425, -0.290853, 0.160839, 0.943152, 0.00315187  
236, -5.7794, 1118.52, 180.007, -0.952398, 0.0479989, -0.301054, -0.0936403, -0.985847, 0.139055, -0.290119, 0.160627, 0.943414, 0.00268726  
237, -6.04989, 1117.42, 179.957, -0.951663, 0.0461804, -0.303652, -0.0925337, -0.985807, 0.140081, -0.292873, 0.161408, 0.942429, 0.00280959  
238, -6.37852, 1116.3, 180.007, -0.95112, 0.0455719, -0.305442, -0.0928233, -0.985504, 0.142007, -0.294543, 0.163418, 0.941562, 0.00273248  
239, -6.73334, 1115.11, 180.089, -0.951242, 0.045792, -0.305029, -0.0915468, -0.986272, 0.137429, -0.294548, 0.158652, 0.942375, 0.002872  
240, -7.16893, 1113.8, 180.177, -0.951449, 0.0455386, -0.30442, -0.0919765, -0.985872, 0.13999, -0.293744, 0.161192, 0.942195, 0.00291693  
241, -7.51349, 1112.55, 180.101, -0.950693, 0.0463922, -0.306644, -0.0938237, -0.98544, 0.141796, -0.295601, 0.163575, 0.941203, 0.00272083  
242, -7.81534, 1111.25, 180.033, -0.950204, 0.0451015, -0.308347, -0.0934568, -0.98517, 0.143898, -0.297284, 0.165549, 0.940327, 0.00293746  
243, -9.16379, 1110.31, 180.422, -0.95147, 0.0446206, -0.30449, -0.0946774, -0.983887, 0.151667, -0.292816, 0.173135, 0.940363, 0.00277131  
244, -9.36785, 1108.93, 180.398, -0.949854, 0.0428862, -0.309739, -0.0926618, -0.984663, 0.147823, -0.298649, 0.169112, 0.93926, 0.00301235  
245, -9.8674, 1107.44, 180.714, -0.95107, 0.0452832, -0.305639, -0.0952148, -0.984015, 0.150493, -0.293939, 0.172231, 0.940179, 0.00310722  
246, -10.2862, 1106.05, 180.79, -0.950905, 0.043129, -0.306462, -0.0933571, -0.984088, 0.15118, -0.295065, 0.172368, 0.939801, 0.00268893  
247, -10.6002, 1104.64, 180.885, -0.951052, 0.0436689, -0.30593, -0.0956264, -0.982963, 0.156966, -0.293864, 0.178538, 0.939025, 0.00289252  
248, -10.4014, 1102.87, 180.723, -0.94936, 0.0432384, -0.311201, -0.0937684, -0.984338, 0.149289, -0.299872, 0.170909, 0.938545, 0.00268532  
249, -10.4516, 1101.09, 180.765, -0.950149, 0.0432805, -0.308778, -0.0924198, -0.984908, 0.146335, -0.297785, 0.167578, 0.939809, 0.00283372  
250, -10.4587, 1099.64, 180.6, -0.950905, 0.0383818, -0.307095, -0.0885317, -0.984549, 0.151082, -0.296551, 0.170852, 0.93961, 0.00315437  
251, -10.4026, 1097.89, 180.69, -0.952818, 0.0362195, -0.301372, -0.0870221, -0.983774, 0.156897, -0.290799, 0.17572, 0.940509, 0.00273996  
252, -10.3735, 1096.05, 180.607, -0.951882, 0.0362098, -0.304319, -0.0859137, -0.984707, 0.151563, -0.294177, 0.170415, 0.940435, 0.00347003  
253, -10.2542, 1094.22, 180.719, -0.95213, 0.040455, -0.303005, -0.0877383, -0.985666, 0.1441, -0.292832, 0.163787, 0.942031, 0.00301013  
254, -10.3153, 1092.49, 180.789, -0.953855, 0.0401333, -0.297573, -0.086739, -0.985606, 0.14511, -0.287466, 0.164225, 0.943607, 0.00277713  
255, -10.2201, 1090.74, 180.633, -0.951239, 0.0388365, -0.305999, -0.0839324, -0.987199, 0.135623, -0.296815, 0.154693, 0.942322, 0.00294883  
256, -10.1558, 1088.69, 180.668, -0.950263, 0.0387345, -0.30903, -0.0818033, -0.98844, 0.127651, -0.300513, 0.146582, 0.942447, 0.00273996  
257, -10.288, 1086.65, 180.709, -0.952084, 0.0374446, -0.303536, -0.0809504, -0.987933, 0.13204, -0.294929, 0.150284, 0.943627, 0.00304869  
258, -10.2627, 1084.78, 180.599, -0.950889, 0.0351409, -0.307531, -0.0792477, -0.988059, 0.132131, -0.299216, 0.150013, 0.942319, 0.00266674  
259, -10.5561, 1082.76, 180.705, -0.951089, 0.0343676, -0.306998, -0.0785948, -0.98801, 0.132884, -0.298751, 0.150513, 0.942387, 0.00312691  
260, -10.8148, 1080.81, 180.87, -0.952085, 0.0355319, -0.303762, -0.079685, -0.987743, 0.134219, -0.295269, 0.151993, 0.943247, 0.00314605  
261, -10.9936, 1078.8, 180.807, -0.952024, 0.035132, -0.304, -0.0777787, -0.988546, 0.129334, -0.295974, 0.146774, 0.943852, 0.00270363  
262, -11.2889, 1076.69, 180.794, -0.952645, 0.0338868, -0.302191, -0.0764513, -0.988542, 0.130157, -0.294318, 0.147096, 0.94432, 0.00292969  
263, -11.3277, 1074.35, 180.652, -0.951585, 0.034778, -0.305411, -0.0743372, -0.990123, 0.118868, -0.298261, 0.135817, 0.944772, 0.00270446  
264, -11.0546, 1072.12, 180.567, -0.95069, 0.0343808, -0.308232, -0.0714128, -0.991398, 0.109678, -0.30181, 0.126282, 0.944968, 0.00282457  
265, -12.1154, 1069.91, 181.479, -0.95604, 0.022033, -0.292409, -0.0670748, -0.987167, 0.14492, -0.285464, 0.158163, 0.945249, 0.0030964  
266, -12.1709, 1067.62, 181.622, -0.95643, 0.0227752, -0.291071, -0.0651056, -0.988487, 0.136585, -0.284609, 0.149585, 0.946901, 0.00278934  
267, -11.9382, 1065.36, 181.487, -0.956655, 0.0256051, -0.290095, -0.0636141, -0.990445, 0.122361, -0.28419, 0.135512, 0.949143, 0.00298184  
268, -11.6738, 1063.27, 181.476, -0.956119, 0.0259315, -0.291829, -0.0622068, -0.991332, 0.11572, -0.286299, 0.128796, 0.949444, 0.00268643  
269, -11.4382, 1061.01, 181.63, -0.958485, 0.0293422, -0.283629, -0.064454, -0.991241, 0.115267, -0.277762, 0.128763, 0.951981, 0.00279267  
270, -11.4517, 1058.68, 181.896, -0.957765, 0.0258928, -0.286384, -0.0596811, -0.99215, 0.10989, -0.281291, 0.122341, 0.951792, 0.0029186  
271, -5.16641, 1067.57, 173.68, -0.411558, -0.680537, 0.606209, 0.440212, 0.433978, 0.786051, -0.798018, 0.590367, 0.120973, 0.00268754  
272, -4.322, 1065.03, 173.509, -0.414506, -0.677115, 0.60803, 0.443755, 0.43293, 0.784636, -0.794523, 0.595052, 0.121021, 0.00290445  
273, -4.32388, 1062.78, 173.471, -0.412758, -0.677467, 0.608826, 0.448188, 0.430838, 0.783266, -0.792943, 0.596168, 0.125801, 0.00268754  
274, -4.66556, 1060.02, 173.916, -0.421393, -0.686913, 0.592097, 0.449276, 0.409018, 0.794264, -0.787768, 0.600712, 0.136257, 0.00285036  
275, 0.847139, 1049.67, 183.331, 0.941124, -0.0410291, 0.335561, -0.0278578, -0.998644, -0.0439737, 0.336911, 0.0320367, -0.940991, 0.00294745  
276, 0.813269, 1047.2, 183.336, 0.942377, -0.0383686, 0.332346, -0.0262487, -0.998819, -0.0408824, 0.333522, 0.029803, -0.942271, 0.00269808  
277, 0.992298, 1044.84, 183.147, 0.944337, -0.0349955, 0.327112, -0.0245266, -0.999048, -0.0360758, 0.328064, 0.0260448, -0.944297, 0.00290639  
278, 1.07644, 1042.43, 183.014, 0.94155, -0.0399197, 0.334499, -0.0312403, -0.999022, -0.0312898, 0.335421, 0.0190111, -0.941877, 0.00270113  
279, 1.08921, 1039.72, 183.044, 0.941683, -0.035536, 0.334619, -0.0293995, -0.999294, -0.0233874, 0.335214, 0.0121859, -0.942063, 0.00290944  
280, 0.928736, 1037.38, 183.114, 0.942662, -0.0359038, 0.331812, -0.0306164, -0.999307, -0.0211505, 0.332342, 0.00977886, -0.943108, 0.00296187  
