0, 0, 0, 0, 0, 0, 0, 0, 0, 0, 0, 0, 0, 0.00632566  
1, 18.0177, 1123.66, 183.841, 0.96493, 0.114011, 0.236456, 0.0981121, -0.992115, 0.0779893, 0.243484, -0.052055, -0.968507, 0.00274607  
2, 18.1266, 1123.56, 183.88, 0.964858, 0.113791, 0.236854, 0.0991907, -0.992408, 0.0727134, 0.24333, -0.0466645, -0.96882, 0.00277713  
3, 18.1034, 1123.64, 183.862, 0.964974, 0.114885, 0.235851, 0.0995597, -0.99213, 0.0759298, 0.242718, -0.0497891, -0.968818, 0.00314605  
4, 18.0623, 1123.65, 183.897, 0.964917, 0.115023, 0.236021, 0.0999509, -0.992169, 0.0748998, 0.242788, -0.0486816, -0.968857, 0.00263456  
5, 18.1069, 1123.6, 183.927, 0.964878, 0.113457, 0.236935, 0.0991212, -0.992496, 0.0716058, 0.243281, -0.0456056, -0.968883, 0.00268532  
6, 18.1369, 1123.55, 183.904, 0.964995, 0.114005, 0.236194, 0.0994985, -0.992393, 0.0724943, 0.242662, -0.0464557, -0.968998, 0.00282623  
7, 18.1177, 1123.58, 183.921, 0.964918, 0.113141, 0.236921, 0.0988185, -0.992532, 0.0715187, 0.243244, -0.0455975, -0.968893, 0.00309362  
8, 18.0718, 1123.58, 183.95, 0.964863, 0.112655, 0.237376, 0.0982362, -0.992572, 0.0717604, 0.243697, -0.0459201, -0.968764, 0.00265731  
9, 18.1146, 1123.56, 183.899, 0.964885, 0.113028, 0.237112, 0.098592, -0.992526, 0.0719198, 0.243469, -0.046017, -0.968816, 0.00295771  
10, 18.0331, 1123.65, 183.894, 0.964824, 0.114134, 0.236829, 0.0987745, -0.992221, 0.0757757, 0.243635, -0.0497176, -0.968592, 0.00274884  
11, 18.1154, 1123.58, 183.914, 0.964846, 0.112474, 0.237533, 0.0977333, -0.992533, 0.0729877, 0.243969, -0.047207, -0.968633, 0.00262846  
12, 18.0986, 1123.56, 183.974, 0.965072, 0.112391, 0.236651, 0.0986926, -0.992723, 0.0689949, 0.242683, -0.0432294, -0.969142, 0.00263733  
13, 18.0476, 1123.55, 183.959, 0.964818, 0.112001, 0.237869, 0.0976883, -0.992669, 0.0711673, 0.244096, -0.0454265, -0.968686, 0.00272776  
14, 18.0564, 1123.68, 183.845, 0.964869, 0.113757, 0.236828, 0.098374, -0.992256, 0.0758272, 0.24362, -0.0498655, -0.968588, 0.00269503  
15, 18.0874, 1123.65, 183.865, 0.964996, 0.11319, 0.236583, 0.0979016, -0.992333, 0.0754372, 0.243308, -0.0496347, -0.968678, 0.00267312  
16, 18.0388, 1123.64, 183.908, 0.965301, 0.113619, 0.235128, 0.0988238, -0.992363, 0.0738195, 0.241719, -0.0480218, -0.969157, 0.00287255  
17, 18.0995, 1123.59, 183.913, 0.964758, 0.112232, 0.238005, 0.0971507, -0.992499, 0.0742147, 0.244549, -0.0484769, -0.968424, 0.0026942  
18, 18.0104, 1123.66, 183.895, 0.965232, 0.114144, 0.235155, 0.0992378, -0.992285, 0.0743148, 0.241823, -0.0483948, -0.969113, 0.00301013  
19, 18.1148, 1123.67, 183.834, 0.965039, 0.114004, 0.236014, 0.0980695, -0.9921, 0.0782247, 0.243067, -0.0523441, -0.968596, 0.00319182  
20, 18.0886, 1123.58, 183.928, 0.965096, 0.113363, 0.236089, 0.0989317, -0.992476, 0.0721387, 0.24249, -0.0462641, -0.96905, 0.00269198  
21, 18.0932, 1123.58, 183.975, 0.964881, 0.112778, 0.237246, 0.0982676, -0.99254, 0.0721605, 0.243614, -0.0463127, -0.968766, 0.00275994  
22, 18.1178, 1123.59, 183.954, 0.964619, 0.113357, 0.238035, 0.0984436, -0.992412, 0.07367, 0.244579, -0.0476305, -0.968459, 0.00264538  
23, 18.1373, 1123.56, 183.906, 0.964643, 0.113868, 0.237694, 0.0987785, -0.992317, 0.0744958, 0.244351, -0.0483827, -0.968479, 0.00272637  
24, 18.1081, 1123.65, 183.88, 0.965008, 0.114139, 0.236076, 0.098773, -0.992207, 0.0759614, 0.242906, -0.0499854, -0.968761, 0.00298073  
25, 18.1111, 1123.66, 183.849, 0.965068, 0.113664, 0.23606, 0.0979004, -0.992174, 0.077496, 0.243021, -0.0516785, -0.968643, 0.00272443  
26, 18.1331, 1123.59, 183.926, 0.965078, 0.113639, 0.236031, 0.0992384, -0.992451, 0.0720617, 0.242438, -0.0461218, -0.96907, 0.0027996  
27, 18.0871, 1123.65, 183.957, 0.965398, 0.113991, 0.234547, 0.0994641, -0.992367, 0.0728983, 0.241067, -0.0470469, -0.969368, 0.00264954  
28, 18.0924, 1123.68, 183.875, 0.964995, 0.113952, 0.236218, 0.0982918, -0.992168, 0.0770837, 0.243152, -0.0511671, -0.968638, 0.002867  
29, 18.111, 1123.67, 183.923, 0.965059, 0.113663, 0.236095, 0.0988509, -0.99237, 0.0736933, 0.24267, -0.0477801, -0.968931, 0.00280737  
30, 18.1626, 1123.63, 183.92, 0.965137, 0.112021, 0.236564, 0.0980637, -0.992715, 0.0700015, 0.242682, -0.0443627, -0.969091, 0.00270696  
31, 18.0786, 1123.68, 183.872, 0.964981, 0.113853, 0.236324, 0.0985973, -0.992264, 0.0754371, 0.243084, -0.0494945, -0.968742, 0.00286257  
32, 18.1464, 1123.59, 183.915, 0.96485, 0.112404, 0.237551, 0.098059, -0.992616, 0.071404, 0.243823, -0.0456001, -0.968747, 0.00263706  
33, 18.0784, 1123.65, 183.875, 0.965012, 0.113081, 0.23657, 0.0979103, -0.992368, 0.0749593, 0.243241, -0.049174, -0.968719, 0.00278046  
34, 18.0543, 1123.69, 183.929, 0.965174, 0.113896, 0.235515, 0.0990938, -0.992338, 0.0737964, 0.242115, -0.0478883, -0.969065, 0.00298628  
35, 18.0733, 1123.68, 183.842, 0.965078, 0.113628, 0.236036, 0.0981584, -0.99224, 0.0763258, 0.242877, -0.0504914, -0.968742, 0.00272249  
36, 18.1161, 1123.62, 183.935, 0.964948, 0.11265, 0.237034, 0.0983707, -0.992594, 0.0712701, 0.243308, -0.0454547, -0.968884, 0.00280986  
37, 18.0731, 1123.62, 183.908, 0.965104, 0.112515, 0.236464, 0.0981206, -0.992579, 0.0718246, 0.24279, -0.0461163, -0.968982, 0.00264233  
38, 18.0668, 1123.69, 183.821, 0.965285, 0.113729, 0.23514, 0.0978308, -0.992122, 0.0782454, 0.242187, -0.0525252, -0.968807, 0.00292054  
39, 18.1158, 1123.58, 183.918, 0.965087, 0.113148, 0.23623, 0.0986024, -0.992479, 0.0725423, 0.242661, -0.0467168, -0.968986, 0.00289974  
40, 18.0521, 1123.63, 183.898, 0.965086, 0.114381, 0.235639, 0.0993312, -0.992238, 0.0748164, 0.242367, -0.048798, -0.968957, 0.00275578  
41, 18.0623, 1123.6, 183.926, 0.965046, 0.113464, 0.236246, 0.0992215, -0.992503, 0.0713653, 0.242572, -0.0454302, -0.969069, 0.00292942  
42, 18.1109, 1123.59, 183.898, 0.964802, 0.113031, 0.237446, 0.0984926, -0.99251, 0.0722649, 0.243835, -0.0463347, -0.968709, 0.00273497  
43, 18.0541, 1123.64, 183.863, 0.965057, 0.115142, 0.235389, 0.0997529, -0.992082, 0.0763115, 0.242312, -0.0501642, -0.968901, 0.00282207  
44, 18.0709, 1123.55, 183.9, 0.964941, 0.113225, 0.236789, 0.0982259, -0.992391, 0.0742466, 0.243394, -0.0483847, -0.96872, 0.00280348  
45, 18.0147, 1123.65, 183.825, 0.96524, 0.114393, 0.235002, 0.0985405, -0.992058, 0.0781658, 0.242077, -0.0522915, -0.968847, 0.00275994  
46, 18.0533, 1123.67, 183.838, 0.965225, 0.114982, 0.234776, 0.0991827, -0.992002, 0.0780676, 0.241874, -0.0520671, -0.96891, 0.00276299  
47, 18.0927, 1123.65, 183.875, 0.965047, 0.114045, 0.235963, 0.098046, -0.992081, 0.0784975, 0.243047, -0.0526185, -0.968586, 0.00278989  
48, 18.0801, 1123.6, 183.938, 0.965203, 0.113063, 0.235797, 0.0987885, -0.992534, 0.0715344, 0.242124, -0.0457512, -0.969166, 0.0028487  
49, 18.0463, 1123.68, 183.859, 0.965147, 0.114105, 0.235522, 0.0988043, -0.992215, 0.0758161, 0.242339, -0.0499031, -0.968907, 0.00294107  
50, 18.0659, 1123.67, 183.859, 0.965139, 0.11414, 0.235539, 0.0986303, -0.992168, 0.076651, 0.242443, -0.0507475, -0.968837, 0.00281208  
51, 18.0483, 1123.67, 183.901, 0.965447, 0.114081, 0.234305, 0.0989746, -0.992238, 0.0752882, 0.241075, -0.0494965, -0.969244, 0.00279128  
52, 18.0483, 1123.71, 183.836, 0.965174, 0.115021, 0.234966, 0.0991568, -0.991987, 0.07829, 0.242088, -0.052265, -0.968846, 0.00271805  
53, 18.0755, 1123.66, 183.893, 0.965314, 0.113943, 0.234916, 0.0986514, -0.992224, 0.07589, 0.241737, -0.0500828, -0.969049, 0.00298129  
54, 18.0615, 1123.67, 183.892, 0.965356, 0.114089, 0.234675, 0.0988122, -0.992207, 0.0758984, 0.241505, -0.0500802, -0.969106, 0.00287727  
55, 17.9956, 1123.67, 183.887, 0.96517, 0.115197, 0.234895, 0.099347, -0.99197, 0.0782702, 0.242025, -0.052208, -0.968864, 0.00267728  
56, 18.0522, 1123.66, 183.822, 0.965068, 0.1152, 0.235314, 0.0992332, -0.991952, 0.0786437, 0.24248, -0.0525455, -0.968732, 0.00290972  
57, 18.0609, 1123.64, 183.848, 0.965358, 0.113983, 0.234715, 0.0984728, -0.992171, 0.0768144, 0.241633, -0.0510404, -0.969025, 0.00271888  
58, 18.0339, 1123.69, 183.863, 0.965245, 0.113714, 0.235311, 0.0976304, -0.992087, 0.0789464, 0.242427, -0.053229, -0.968708, 0.00315465  
59, 18.0187, 1123.61, 183.961, 0.965143, 0.11306, 0.236045, 0.0985266, -0.992488, 0.0725214, 0.242471, -0.0467367, -0.969032, 0.003181  
60, 18.0817, 1123.67, 183.865, 0.965004, 0.113569, 0.236366, 0.0976426, -0.992155, 0.0780659, 0.243378, -0.0522545, -0.968523, 0.00296131  
61, 18.0332, 1123.66, 183.885, 0.965492, 0.112843, 0.234716, 0.0975966, -0.992348, 0.0756266, 0.241454, -0.0501095, -0.969118, 0.00266979  
62, 18.0272, 1123.69, 183.864, 0.965399, 0.113661, 0.234704, 0.0982565, -0.992228, 0.0763548, 0.241558, -0.0506517, -0.969063, 0.00268116  
63, 18.0787, 1123.63, 183.84, 0.965299, 0.113807, 0.235045, 0.0984761, -0.992233, 0.0760022, 0.241869, -0.0502185, -0.969009, 0.0028781  
64, 18.0627, 1123.64, 183.88, 0.965251, 0.114145, 0.235077, 0.0991939, -0.992274, 0.0745126, 0.241766, -0.0486051, -0.969116, 0.00305285  
65, 18.0473, 1123.59, 183.952, 0.964995, 0.112835, 0.236754, 0.0981214, -0.992488, 0.0730724, 0.243221, -0.0472838, -0.968818, 0.002677  
66, 18.067, 1123.64, 183.901, 0.965104, 0.113018, 0.236221, 0.0975984, -0.992318, 0.07602, 0.242999, -0.0503124, -0.968721, 0.00259989  
67, 18.0312, 1123.65, 183.954, 0.965192, 0.113789, 0.235492, 0.0993757, -0.992425, 0.072234, 0.241928, -0.0463175, -0.969188, 0.0027089  
68, 18.0793, 1123.63, 183.901, 0.964915, 0.114238, 0.236408, 0.0989406, -0.992215, 0.0756292, 0.243208, -0.0495854, -0.968706, 0.00273053  
69, 17.9982, 1123.68, 183.895, 0.965072, 0.114231, 0.235769, 0.0992197, -0.992264, 0.0746219, 0.242469, -0.0486226, -0.96894, 0.00284898  
70, 18.0854, 1123.61, 183.962, 0.965289, 0.113029, 0.235459, 0.0994118, -0.992654, 0.0689626, 0.241525, -0.0431614, -0.969434, 0.00293552  
71, 18.12, 1123.56, 183.949, 0.96517, 0.113591, 0.235678, 0.0992696, -0.992466, 0.0718052, 0.242058, -0.0459086, -0.969175, 0.00282678  
72, 18.0513, 1123.56, 183.925, 0.965394, 0.113509, 0.234797, 0.099174, -0.99246, 0.072026, 0.241202, -0.0462478, -0.969372, 0.00261903  
73, 18.0579, 1123.63, 183.864, 0.965136, 0.114694, 0.23528, 0.0994892, -0.992166, 0.0755497, 0.242102, -0.049508, -0.968987, 0.0027874  
74, 18.0992, 1123.64, 183.882, 0.965228, 0.11489, 0.234808, 0.099662, -0.992133, 0.0757624, 0.241665, -0.0497266, -0.969085, 0.00287394  
75, 18.1146, 1123.59, 183.944, 0.965049, 0.112969, 0.236471, 0.0986789, -0.99255, 0.0714574, 0.242781, -0.0456253, -0.969007, 0.00266452  
76, 18.1293, 1123.6, 183.902, 0.965179, 0.114144, 0.235373, 0.0999298, -0.992422, 0.0714984, 0.241751, -0.045488, -0.969272, 0.00277519  
77, 18.083, 1123.64, 183.839, 0.96492, 0.114338, 0.23634, 0.0987247, -0.992138, 0.0769131, 0.243276, -0.0508823, -0.968621, 0.00263955  
78, 18.0619, 1123.65, 183.842, 0.964898, 0.114743, 0.236231, 0.0993307, -0.992134, 0.0761801, 0.243114, -0.050041, -0.968706, 0.0027677  
79, 18.1055, 1123.59, 183.884, 0.965204, 0.112946, 0.23585, 0.0981449, -0.992446, 0.0736171, 0.242383, -0.0479081, -0.968997, 0.00290972  
80, 18.0898, 1123.55, 183.907, 0.965107, 0.112998, 0.236219, 0.098554, -0.992515, 0.0721253, 0.242601, -0.0463283, -0.969019, 0.00267755  
81, 18.0852, 1123.64, 183.858, 0.965429, 0.113931, 0.234448, 0.0984955, -0.992188, 0.0765659, 0.24134, -0.0508269, -0.969109, 0.00284565  
82, 18.0522, 1123.61, 183.858, 0.965194, 0.114062, 0.23535, 0.0986938, -0.992203, 0.0761149, 0.242197, -0.0502381, -0.968926, 0.00266341  
83, 18.0567, 1123.62, 183.893, 0.965028, 0.112488, 0.236785, 0.0980859, -0.992585, 0.0717869, 0.243104, -0.0460511, -0.968906, 0.00271694  
84, 18.0644, 1123.58, 183.899, 0.964785, 0.112743, 0.237652, 0.0983546, -0.992573, 0.0715963, 0.243959, -0.0457009, -0.968708, 0.00291111  
85, 18.0465, 1123.62, 183.852, 0.96501, 0.113595, 0.23633, 0.0983893, -0.992302, 0.0752059, 0.243054, -0.0493221, -0.968758, 0.00272471  
86, 18.054, 1123.64, 183.837, 0.965062, 0.113879, 0.235982, 0.0984316, -0.992216, 0.0762769, 0.242831, -0.0503839, -0.968759, 0.00281153  
87, 18.0408, 1123.64, 183.853, 0.965139, 0.113667, 0.235767, 0.0984872, -0.992291, 0.0752317, 0.2425, -0.0493891, -0.968893, 0.00263095  
88, 18.0326, 1123.66, 183.871, 0.965065, 0.11409, 0.235867, 0.0989913, -0.992263, 0.0749347, 0.242591, -0.0489681, -0.968892, 0.00272083  
89, 18.0661, 1123.66, 183.87, 0.965209, 0.114126, 0.23526, 0.0988342, -0.99221, 0.0758367, 0.242082, -0.0499465, -0.968969, 0.00303454  
90, 18.0104, 1123.71, 183.894, 0.965122, 0.115142, 0.235121, 0.0999973, -0.992127, 0.0753919, 0.24195, -0.049251, -0.969038, 0.00264482  
91, 18.0952, 1123.59, 183.988, 0.965108, 0.11301, 0.236209, 0.09867, -0.992533, 0.0717116, 0.24255, -0.0459027, -0.969052, 0.0027824  
92, 18.0775, 1123.59, 183.931, 0.965074, 0.113213, 0.236252, 0.0988149, -0.992501, 0.0719601, 0.242627, -0.0461017, -0.969024, 0.002677  
93, 18.0269, 1123.66, 183.885, 0.965177, 0.114317, 0.235297, 0.0992414, -0.992234, 0.0749856, 0.242042, -0.0490233, -0.969027, 0.00273248  
94, 18.0314, 1123.67, 183.87, 0.965153, 0.114553, 0.235281, 0.0992779, -0.992167, 0.0758133, 0.242123, -0.0498132, -0.968966, 0.00308863  
95, 18.0615, 1123.58, 183.957, 0.965096, 0.113326, 0.236108, 0.0987011, -0.992443, 0.0729058, 0.242585, -0.0470571, -0.968988, 0.00273109  
96, 18.077, 1123.57, 183.926, 0.96489, 0.112966, 0.237119, 0.0980616, -0.992442, 0.0737747, 0.243661, -0.0479322, -0.968675, 0.0027824  
97, 18.0841, 1123.57, 183.943, 0.965086, 0.113177, 0.236222, 0.0983768, -0.992427, 0.0735637, 0.242759, -0.0477565, -0.96891, 0.00265786  
98, 18.0561, 1123.61, 183.974, 0.965231, 0.112944, 0.235739, 0.0984974, -0.992513, 0.0722244, 0.242132, -0.0464935, -0.969129, 0.00278767  
99, 17.9969, 1123.66, 183.929, 0.965229, 0.114333, 0.235076, 0.0991619, -0.992209, 0.0754142, 0.241867, -0.0494814, -0.969047, 0.00294772  
100, 18.0317, 1123.62, 183.958, 0.96489, 0.112777, 0.237208, 0.0983637, -0.992558, 0.0717828, 0.243538, -0.0459298, -0.968803, 0.00267672  
101, 18.0809, 1123.62, 183.963, 0.965227, 0.112619, 0.235909, 0.0984659, -0.992606, 0.0709769, 0.242158, -0.0452798, -0.96918, 0.00309584  
102, 18.0701, 1123.6, 183.959, 0.965435, 0.112918, 0.234913, 0.0986467, -0.992538, 0.0716784, 0.241254, -0.0460275, -0.96937, 0.00265176  
103, 17.9766, 1123.7, 183.852, 0.965258, 0.114366, 0.234942, 0.0990832, -0.992181, 0.0758937, 0.241785, -0.0499781, -0.969042, 0.002791  
104, 17.9647, 1123.73, 183.878, 0.965261, 0.113951, 0.235132, 0.0986953, -0.992234, 0.0757014, 0.241932, -0.0498652, -0.969011, 0.00302622  
105, 18.0524, 1123.7, 183.889, 0.965068, 0.114817, 0.2355, 0.0994549, -0.992124, 0.0761456, 0.242388, -0.0500641, -0.968887, 0.00268171  
106, 18.0117, 1123.64, 183.956, 0.965096, 0.1135, 0.236022, 0.0993516, -0.992513, 0.071039, 0.242318, -0.0451103, -0.969147, 0.00278324  
107, 18.0242, 1123.63, 183.958, 0.965113, 0.113442, 0.235982, 0.09889, -0.992443, 0.0726504, 0.242441, -0.0467795, -0.969038, 0.00266646  
108, 18.0789, 1123.62, 183.944, 0.965132, 0.113846, 0.23571, 0.0995303, -0.99244, 0.0718068, 0.242103, -0.0458428, -0.969167, 0.00274773  
109, 17.9536, 1123.71, 183.927, 0.964975, 0.114733, 0.235923, 0.0986467, -0.991987, 0.0789319, 0.243089, -0.0528942, -0.968561, 0.00303177  
110, 18.0326, 1123.63, 183.947, 0.964806, 0.112946, 0.237473, 0.0976392, -0.992369, 0.0752968, 0.244165, -0.0494601, -0.968471, 0.00266757  
111, 18.0274, 1123.6, 183.945, 0.965034, 0.113284, 0.236383, 0.0986769, -0.992455, 0.072773, 0.242844, -0.0469028, -0.968931, 0.00279932  
112, 18.0226, 1123.59, 183.979, 0.965201, 0.113003, 0.235833, 0.0985687, -0.99251, 0.0721631, 0.242221, -0.0464062, -0.969111, 0.0026562  
113, 18.0133, 1123.6, 183.97, 0.964747, 0.113116, 0.237631, 0.0981087, -0.992413, 0.0740981, 0.24421, -0.0481722, -0.968525, 0.00273303  
114, 18.0463, 1123.63, 183.92, 0.965281, 0.112656, 0.235673, 0.0981827, -0.992538, 0.0723094, 0.24206, -0.0466599, -0.969139, 0.00289114  
115, 18.0143, 1123.61, 183.964, 0.964908, 0.112938, 0.237062, 0.098556, -0.992545, 0.0717043, 0.243393, -0.0458241, -0.968845, 0.00272776  
116, 18.0009, 1123.68, 183.909, 0.965171, 0.114484, 0.235239, 0.0989662, -0.992124, 0.0767838, 0.242177, -0.0508288, -0.9689, 0.00286784  
117, 17.9505, 1123.71, 183.894, 0.964867, 0.115396, 0.236041, 0.0993883, -0.991934, 0.0786673, 0.243215, -0.0524437, -0.968554, 0.00273192  
118, 17.9871, 1123.7, 183.868, 0.965176, 0.114718, 0.235105, 0.0991932, -0.992095, 0.0768706, 0.242065, -0.0508728, -0.968925, 0.00277436  
119, 17.9917, 1123.7, 183.868, 0.964994, 0.115676, 0.235385, 0.0998101, -0.991923, 0.0782793, 0.242538, -0.0520453, -0.968745, 0.00279794  
120, 17.9251, 1123.73, 183.887, 0.965021, 0.115106, 0.235552, 0.0994289, -0.992028, 0.0774243, 0.242586, -0.0512955, -0.968773, 0.00268421  
121, 17.9525, 1123.74, 183.882, 0.965126, 0.115131, 0.23511, 0.0998214, -0.992095, 0.0760524, 0.242007, -0.0499311, -0.968989, 0.00276049  
122, 17.9576, 1123.7, 183.88, 0.964999, 0.114427, 0.235973, 0.0996099, -0.992284, 0.0738262, 0.2426, -0.0477369, -0.968951, 0.00266757  
123, 18.0369, 1123.61, 183.949, 0.964789, 0.113211, 0.237413, 0.0984929, -0.992456, 0.0730051, 0.243887, -0.047051, -0.968662, 0.00273996  
124, 18.0733, 1123.62, 183.878, 0.965078, 0.111635, 0.236986, 0.0970057, -0.992636, 0.0725575, 0.243341, -0.0470347, -0.9688, 0.00302123  
125, 18.0335, 1123.63, 183.824, 0.96508, 0.113366, 0.236154, 0.098005, -0.992292, 0.0758367, 0.242931, -0.0500443, -0.968752, 0.00289807  
126, 18.022, 1123.58, 183.952, 0.964836, 0.113838, 0.236924, 0.0994166, -0.992438, 0.0719917, 0.243328, -0.0459061, -0.968857, 0.00298683  
127, 17.9983, 1123.59, 183.919, 0.964918, 0.113475, 0.236762, 0.0992562, -0.992513, 0.0711749, 0.243066, -0.0451779, -0.968957, 0.00280598  
128, 18.027, 1123.58, 183.95, 0.965278, 0.113026, 0.235505, 0.0988983, -0.992561, 0.0709987, 0.241778, -0.0452425, -0.969276, 0.00315326  
129, 18.0628, 1123.57, 183.906, 0.965088, 0.113409, 0.236102, 0.098763, -0.99243, 0.0730016, 0.242594, -0.0471348, -0.968982, 0.0028659  
130, 18.0421, 1123.58, 183.92, 0.964768, 0.113901, 0.237167, 0.0992978, -0.9924, 0.0726764, 0.243643, -0.0465657, -0.968747, 0.00279738  
131, 17.9809, 1123.68, 183.933, 0.965131, 0.114387, 0.23545, 0.0989735, -0.99216, 0.076312, 0.242333, -0.0503477, -0.968886, 0.00279905  
132, 18.0132, 1123.68, 183.907, 0.964835, 0.11513, 0.236303, 0.0994857, -0.992045, 0.0771313, 0.243303, -0.0509101, -0.968613, 0.00274302  
133, 18.0088, 1123.68, 183.92, 0.964766, 0.114631, 0.236826, 0.0993875, -0.99219, 0.075373, 0.243616, -0.0491798, -0.968624, 0.00305535  
134, 18.025, 1123.71, 183.852, 0.965072, 0.114227, 0.235772, 0.0988077, -0.992181, 0.0762488, 0.242639, -0.0502894, -0.968812, 0.00296409  
135, 18.1271, 1123.61, 183.921, 0.964746, 0.113879, 0.237269, 0.0987496, -0.992301, 0.074744, 0.243954, -0.0486788, -0.968564, 0.00281292  
136, 18.0541, 1123.64, 183.939, 0.964951, 0.113696, 0.236522, 0.0993663, -0.992465, 0.0716864, 0.242891, -0.0456715, -0.968978, 0.00282318  
137, 18.0754, 1123.64, 183.915, 0.96491, 0.113703, 0.236687, 0.0991199, -0.992419, 0.0726668, 0.243155, -0.0466565, -0.968865, 0.00279294  
138, 18.0501, 1123.7, 183.874, 0.965084, 0.113973, 0.235845, 0.0985653, -0.992212, 0.0761593, 0.242688, -0.050254, -0.968802, 0.00284343  
139, 18.0929, 1123.68, 183.863, 0.965306, 0.113847, 0.234994, 0.0988724, -0.9923, 0.0745922, 0.241677, -0.0487699, -0.96913, 0.00285952  
140, 18.1143, 1123.62, 183.959, 0.964982, 0.113787, 0.23635, 0.0995882, -0.992477, 0.0712102, 0.242675, -0.0451788, -0.969055, 0.00272831  
141, 7.05313, 1123.36, 180.982, -0.95933, 0.0961211, -0.265417, -0.093571, -0.995364, -0.0222664, -0.266326, 0.0034745, 0.963877, 0.00280293  
142, 7.23547, 1123.3, 180.951, -0.959353, 0.096517, -0.26519, -0.0940196, -0.995324, -0.0221264, -0.266086, 0.00370598, 0.963942, 0.0027444  
143, 7.12386, 1123.33, 181.05, -0.959868, 0.097508, -0.262955, -0.0954317, -0.995221, -0.0206887, -0.263716, 0.00523586, 0.964586, 0.00293496  
144, 7.19216, 1123.25, 180.973, -0.959745, 0.0964868, -0.263781, -0.094114, -0.995326, -0.0216481, -0.264637, 0.0040489, 0.96434, 0.00322205  
145, 18.0711, 1123.68, 183.854, 0.965249, 0.114164, 0.235075, 0.0990984, -0.992249, 0.0749739, 0.241813, -0.0490729, -0.969081, 0.00277186  
146, 18.0944, 1123.64, 183.858, 0.964966, 0.115187, 0.235739, 0.0998261, -0.992088, 0.0761311, 0.242643, -0.049931, -0.96883, 0.00278268  
147, 18.0752, 1123.68, 183.851, 0.96453, 0.114838, 0.237684, 0.0986114, -0.991977, 0.0791075, 0.244861, -0.0528632, -0.968116, 0.00264427  
148, 18.0735, 1123.6, 183.945, 0.96516, 0.113575, 0.235725, 0.0993118, -0.99248, 0.0715613, 0.242079, -0.0456579, -0.969182, 0.00284981  
149, 18.1113, 1123.57, 183.889, 0.965199, 0.112762, 0.235957, 0.0980037, -0.992475, 0.073404, 0.242459, -0.0477248, -0.968987, 0.00313163  
150, 18.0505, 1123.59, 183.892, 0.965149, 0.112699, 0.236193, 0.0974322, -0.992383, 0.0753795, 0.242889, -0.0497396, -0.968778, 0.00271334  
151, 17.9866, 1123.67, 183.9, 0.964847, 0.114175, 0.236716, 0.0982941, -0.992105, 0.0778795, 0.243739, -0.051874, -0.968452, 0.0027616  
152, 17.9737, 1123.61, 183.998, 0.96494, 0.113115, 0.236844, 0.0986174, -0.992501, 0.0722296, 0.243238, -0.0463403, -0.968859, 0.00270862  
153, 17.9249, 1123.69, 183.963, 0.965081, 0.113841, 0.235921, 0.0983754, -0.992215, 0.0763596, 0.242777, -0.0504844, -0.968768, 0.00291582  
154, 18.015, 1123.59, 183.96, 0.965197, 0.112058, 0.2363, 0.0976739, -0.992628, 0.071761, 0.2426, -0.0461831, -0.969027, 0.00293801  
155, 18.0428, 1123.59, 183.948, 0.965327, 0.112044, 0.235775, 0.09742, -0.992575, 0.0728244, 0.242184, -0.0473301, -0.969075, 0.00271694  
156, 18.0403, 1123.65, 183.866, 0.965331, 0.113804, 0.234913, 0.0985018, -0.992237, 0.0759155, 0.241728, -0.0501443, -0.969047, 0.00301707  
157, 18.0513, 1123.6, 183.946, 0.965275, 0.113044, 0.235512, 0.0988532, -0.992548, 0.0712524, 0.241812, -0.045497, -0.969256, 0.00276216  
158, 18.0016, 1123.72, 183.846, 0.965119, 0.113741, 0.235814, 0.0980967, -0.992187, 0.0770831, 0.242739, -0.0512618, -0.968736, 0.00290029  
159, 18.0707, 1123.67, 183.86, 0.965396, 0.114323, 0.234393, 0.099412, -0.992252, 0.0745146, 0.241095, -0.0486347, -0.969282, 0.00304758  
160, 18.0824, 1123.66, 183.863, 0.965127, 0.113946, 0.235682, 0.0984749, -0.992199, 0.076444, 0.242554, -0.0505694, -0.968819, 0.00278018  
161, 18.1094, 1123.59, 183.907, 0.965141, 0.112842, 0.236156, 0.0982402, -0.9925, 0.0727477, 0.242594, -0.0470117, -0.968988, 0.00303371  
162, 7.23643, 1123.31, 180.975, -0.959453, 0.0981526, -0.264226, -0.0955724, -0.995165, -0.0226351, -0.26517, 0.0035354, 0.964195, 0.00270474  
163, 7.21468, 1123.22, 180.955, -0.959534, 0.0965917, -0.264507, -0.0939262, -0.995319, -0.0227374, -0.265466, 0.00302686, 0.964116, 0.0030706  
164, 18.0907, 1123.66, 183.844, 0.965132, 0.114119, 0.235577, 0.0984794, -0.992143, 0.0771576, 0.242531, -0.0512679, -0.968788, 0.00293857  
165, 18.0261, 1123.68, 183.841, 0.965316, 0.114699, 0.234539, 0.099113, -0.992074, 0.0772363, 0.241539, -0.0513115, -0.969033, 0.00279683  
166, 18.0882, 1123.66, 183.845, 0.965103, 0.114064, 0.235725, 0.098398, -0.992146, 0.0772252, 0.242682, -0.0513354, -0.968747, 0.00275966  
167, 18.0959, 1123.62, 183.934, 0.965251, 0.112984, 0.235637, 0.0986239, -0.992524, 0.0719015, 0.241999, -0.0461635, -0.969178, 0.00266063  
168, 18.0622, 1123.7, 183.84, 0.965443, 0.114002, 0.234358, 0.098034, -0.992064, 0.0787301, 0.241474, -0.0530344, -0.968957, 0.00302567  
169, 18.1427, 1123.61, 183.884, 0.965309, 0.113763, 0.235023, 0.0994834, -0.992446, 0.0717849, 0.241414, -0.0459138, -0.969335, 0.0031258  
170, 18.1324, 1123.61, 183.928, 0.96547, 0.113535, 0.234473, 0.0995109, -0.992512, 0.070838, 0.24076, -0.0450593, -0.969538, 0.0027702  
171, 18.0743, 1123.69, 183.88, 0.964925, 0.114975, 0.236009, 0.0997964, -0.992153, 0.0753218, 0.242817, -0.0491271, -0.968827, 0.00302234  
172, 18.1016, 1123.62, 183.952, 0.965112, 0.112746, 0.23632, 0.0983063, -0.992544, 0.0720598, 0.242682, -0.046314, -0.969, 0.00274856  
173, 18.0871, 1123.66, 183.882, 0.965073, 0.114242, 0.23576, 0.0990683, -0.99223, 0.0752706, 0.242527, -0.0492853, -0.968892, 0.00303288  
174, 18.0619, 1123.64, 183.857, 0.96497, 0.113845, 0.236374, 0.0978827, -0.992118, 0.0782404, 0.243419, -0.0523626, -0.968507, 0.00292415  
175, 18.0299, 1123.69, 183.88, 0.96519, 0.114615, 0.235101, 0.0992213, -0.992133, 0.076332, 0.242, -0.0503478, -0.968969, 0.0026684  
176, 18.022, 1123.68, 183.862, 0.964858, 0.114294, 0.236616, 0.099064, -0.992226, 0.0753219, 0.243385, -0.0492348, -0.968679, 0.00274413  
177, 18.0928, 1123.65, 183.85, 0.965076, 0.114176, 0.235779, 0.0985007, -0.992133, 0.077265, 0.242746, -0.0513422, -0.96873, 0.00263928  
178, 18.0243, 1123.66, 183.864, 0.964916, 0.115084, 0.235993, 0.0997218, -0.992103, 0.0760715, 0.242884, -0.049869, -0.968773, 0.00273802  
179, 17.9847, 1123.68, 183.896, 0.965019, 0.115068, 0.235581, 0.100041, -0.992167, 0.0748131, 0.242344, -0.0486282, -0.968971, 0.00297324  
180, 18.0747, 1123.57, 183.939, 0.965104, 0.113385, 0.236046, 0.0990652, -0.992494, 0.0717041, 0.242404, -0.045818, -0.969093, 0.00268338  
181, 18.0736, 1123.59, 183.913, 0.964744, 0.11373, 0.237349, 0.0985045, -0.992299, 0.0750919, 0.244061, -0.0490645, -0.968518, 0.00279045  
182, 18, 1123.67, 183.831, 0.965099, 0.114923, 0.235323, 0.0993186, -0.992059, 0.0771626, 0.242322, -0.0510976, -0.968849, 0.00264122  
183, 18.0824, 1123.57, 183.902, 0.965243, 0.11294, 0.235692, 0.0982988, -0.992475, 0.0730111, 0.242165, -0.0473051, -0.969081, 0.00275467  
184, 18.0457, 1123.67, 183.865, 0.965258, 0.114188, 0.235029, 0.0988937, -0.992199, 0.0759044, 0.241863, -0.0500244, -0.96902, 0.0030154  
185, 18.0056, 1123.66, 183.901, 0.965069, 0.115193, 0.235312, 0.0996527, -0.992043, 0.0769384, 0.242302, -0.0508014, -0.96887, 0.00267034  
186, 18.0261, 1123.7, 183.834, 0.965003, 0.116047, 0.235163, 0.100064, -0.991853, 0.0788376, 0.242396, -0.0525471, -0.968753, 0.00276049  
187, 17.9959, 1123.65, 183.904, 0.965228, 0.113818, 0.23533, 0.0988611, -0.992312, 0.0744481, 0.241995, -0.0485944, -0.96906, 0.00266479  
188, 17.9973, 1123.68, 183.886, 0.964924, 0.114321, 0.236332, 0.0988539, -0.99217, 0.0763308, 0.243207, -0.0502911, -0.96867, 0.00274773  
189, 17.9809, 1123.65, 183.903, 0.965081, 0.113744, 0.235967, 0.0983841, -0.992249, 0.0759158, 0.242773, -0.0500496, -0.968791, 0.0029272  
190, 18.0611, 1123.58, 183.948, 0.965005, 0.114029, 0.236139, 0.0997629, -0.992436, 0.0715465, 0.242511, -0.0454848, -0.969082, 0.00270391  
191, 7.14997, 1123.2, 181.001, -0.959975, 0.0960588, -0.263098, -0.0944489, -0.995352, -0.0187905, -0.26368, 0.00681088, 0.964586, 0.0027935  
192, 7.16491, 1123.29, 180.964, -0.959093, 0.0969073, -0.265986, -0.0943335, -0.995287, -0.022467, -0.26691, 0.0035435, 0.963715, 0.00299515  
193, 7.09408, 1123.19, 181.059, -0.959962, 0.096774, -0.262885, -0.0947428, -0.995292, -0.0204232, -0.263624, 0.00530096, 0.964611, 0.00287422  
194, 18.0127, 1123.58, 183.973, 0.964639, 0.113814, 0.237736, 0.098835, -0.992345, 0.0740435, 0.244343, -0.0479286, -0.968504, 0.00271999  
195, 18.0151, 1123.67, 183.882, 0.964581, 0.114497, 0.237644, 0.0983567, -0.992031, 0.0787387, 0.244765, -0.052576, -0.968156, 0.00275467  
196, 18.0688, 1123.59, 183.976, 0.965088, 0.1134, 0.236106, 0.0990178, -0.992481, 0.0719446, 0.24249, -0.0460541, -0.96906, 0.00265703  
197, 17.9731, 1123.71, 183.958, 0.965072, 0.114971, 0.235412, 0.0996727, -0.992119, 0.0759247, 0.242286, -0.0498087, -0.968926, 0.00292664  
198, 18.0302, 1123.61, 183.954, 0.964898, 0.113267, 0.236943, 0.0988611, -0.992503, 0.0718625, 0.243306, -0.0459155, -0.968862, 0.00286146  
199, 18.0212, 1123.74, 183.874, 0.964985, 0.113412, 0.236518, 0.0982339, -0.99233, 0.0750394, 0.243215, -0.0491778, -0.968725, 0.00266258  
200, 17.9677, 1123.77, 183.95, 0.964983, 0.113609, 0.236435, 0.0994002, -0.992496, 0.0712111, 0.242751, -0.0452158, -0.969034, 0.00275661  
201, 17.9986, 1123.84, 183.883, 0.964885, 0.11406, 0.236618, 0.099349, -0.992354, 0.0732311, 0.243161, -0.0471518, -0.968839, 0.00267728  
202, 18.0069, 1123.91, 183.866, 0.964732, 0.1134, 0.237554, 0.0986317, -0.992428, 0.073198, 0.244055, -0.0471862, -0.968613, 0.00273442  
203, 17.9958, 1123.96, 183.892, 0.965048, 0.112192, 0.236844, 0.0982466, -0.992703, 0.0699202, 0.24296, -0.0442072, -0.969028, 0.00280543  
204, 17.9731, 1123.99, 183.924, 0.96493, 0.113283, 0.236807, 0.0995984, -0.992631, 0.0690153, 0.24288, -0.0430094, -0.969102, 0.00267034  
205, 17.9654, 1124.05, 183.869, 0.964883, 0.113338, 0.236971, 0.100374, -0.992751, 0.0661138, 0.242747, -0.0400064, -0.969264, 0.00271805  
206, 17.9895, 1124.14, 183.876, 0.965072, 0.112896, 0.236413, 0.100389, -0.992866, 0.0643303, 0.241989, -0.0383502, -0.969521, 0.00262346  
207, 18.0431, 1124.21, 183.819, 0.965224, 0.112444, 0.236008, 0.101262, -0.993108, 0.0590181, 0.241018, -0.0330669, -0.969957, 0.0029627  
208, 18, 1124.32, 183.836, 0.965306, 0.111915, 0.235922, 0.101474, -0.993262, 0.0559819, 0.240598, -0.0300996, -0.970158, 0.00295743  
209, 18.0366, 1124.4, 183.86, 0.965274, 0.112404, 0.235821, 0.102563, -0.99328, 0.0536278, 0.240264, -0.027579, -0.970316, 0.00272582  
210, 18.0671, 1124.4, 183.871, 0.965046, 0.111833, 0.237021, 0.103223, -0.993477, 0.0484692, 0.240895, -0.0223091, -0.970295, 0.00290334  
211, 18.0642, 1124.47, 183.931, 0.965026, 0.112165, 0.236946, 0.104129, -0.99349, 0.0462029, 0.240585, -0.0199142, -0.970424, 0.0027089  
212, 18.0782, 1124.56, 183.888, 0.965043, 0.11302, 0.23647, 0.1062, -0.993481, 0.0414278, 0.23961, -0.0148667, -0.970755, 0.00279433  
213, 18.0885, 1124.6, 183.909, 0.965164, 0.112958, 0.236008, 0.106973, -0.993533, 0.0380537, 0.23878, -0.0114816, -0.971006, 0.00281319  
214, 18.0236, 1124.66, 183.934, 0.965427, 0.112169, 0.235305, 0.107403, -0.993667, 0.0330174, 0.237518, -0.00660351, -0.971361, 0.00276604  
215, 18.0014, 1124.68, 183.962, 0.965348, 0.111251, 0.236064, 0.106905, -0.99378, 0.031172, 0.238063, -0.0048555, -0.971238, 0.00275439  
216, 18.0291, 1124.75, 183.959, 0.96582, 0.111898, 0.233818, 0.108723, -0.99372, 0.0264677, 0.235312, -0.000141562, -0.97192, 0.00276188  
217, 18.0917, 1124.71, 183.919, 0.96574, 0.112227, 0.233991, 0.109938, -0.993676, 0.022847, 0.235075, 0.00366015, -0.97197, 0.00285702  
218, 18.0246, 1124.85, 183.963, 0.965436, 0.111461, 0.235605, 0.109687, -0.993751, 0.020664, 0.236436, 0.00589304, -0.971629, 0.00287755  
219, 18.0294, 1124.87, 183.899, 0.965507, 0.111689, 0.235206, 0.110846, -0.993695, 0.0168482, 0.235605, 0.00980442, -0.9718, 0.00279627  
220, 18.0387, 1124.84, 183.92, 0.965351, 0.111538, 0.235917, 0.111233, -0.993686, 0.0146435, 0.236061, 0.0121057, -0.971663, 0.00280238  
221, 18.0129, 1124.85, 183.917, 0.965526, 0.112122, 0.234922, 0.112944, -0.993551, 0.0100001, 0.234528, 0.0168776, -0.971963, 0.00273248  
222, 18.0226, 1124.84, 183.907, 0.965094, 0.112644, 0.236442, 0.114079, -0.993442, 0.00764817, 0.235752, 0.0195918, -0.971616, 0.00319126  
223, 17.9931, 1124.84, 183.887, 0.965813, 0.111545, 0.234016, 0.114155, -0.99346, 0.00241007, 0.232754, 0.0243863, -0.97223, 0.00313218  
224, 18.0183, 1124.75, 183.936, 0.965583, 0.111775, 0.234851, 0.115061, -0.993358, -0.000290207, 0.233259, 0.0273025, -0.972031, 0.00282207  
225, 18.0181, 1124.69, 183.91, 0.965699, 0.112829, 0.233871, 0.117137, -0.993105, -0.00456462, 0.231744, 0.031803, -0.972257, 0.00293385  
226, 17.995, 1124.58, 183.889, 0.965651, 0.11263, 0.234165, 0.117486, -0.993051, -0.00684443, 0.231767, 0.0341204, -0.972173, 0.00278351  
227, 18.0181, 1124.47, 183.92, 0.965414, 0.112113, 0.235384, 0.118056, -0.992943, -0.0112659, 0.23246, 0.0386648, -0.971837, 0.00281597  
228, 17.9566, 1124.41, 183.936, 0.964662, 0.11402, 0.237542, 0.119871, -0.992736, -0.010285, 0.234644, 0.0383958, -0.971323, 0.00307754  
229, 17.9799, 1124.34, 183.919, 0.96526, 0.112057, 0.236045, 0.1193, -0.99272, -0.0165798, 0.232468, 0.0441639, -0.971601, 0.00277769  
230, 17.9592, 1124.21, 183.945, 0.965534, 0.112355, 0.234776, 0.120947, -0.992404, -0.0224761, 0.230468, 0.0500969, -0.97179, 0.00281624  
231, 17.9228, 1124, 183.952, 0.965575, 0.111052, 0.235228, 0.119807, -0.992526, -0.023217, 0.230891, 0.0505997, -0.971663, 0.0027064  
232, 17.9728, 1123.83, 183.916, 0.965972, 0.110542, 0.233834, 0.120943, -0.992188, -0.0305732, 0.228628, 0.0578136, -0.971796, 0.00291888  
233, 17.9993, 1123.7, 183.921, 0.966535, 0.110478, 0.231528, 0.121518, -0.992009, -0.0339321, 0.22593, 0.0609314, -0.972236, 0.00295882  
234, 17.9696, 1123.41, 183.907, 0.965964, 0.10991, 0.234167, 0.121876, -0.991847, -0.0372127, 0.228168, 0.0644855, -0.971484, 0.0027727  
235, 17.8645, 1123.33, 183.85, 0.966342, 0.112423, 0.231397, 0.125366, -0.991223, -0.041963, 0.224649, 0.0695599, -0.971954, 0.00279766  
236, 17.8302, 1122.92, 183.942, 0.965774, 0.110666, 0.234593, 0.124675, -0.991144, -0.045705, 0.227457, 0.0733886, -0.971019, 0.00265287  
237, 17.8391, 1122.68, 183.989, 0.965647, 0.10981, 0.235515, 0.124558, -0.991019, -0.0486401, 0.228059, 0.0763045, -0.970653, 0.00310084  
238, 17.7754, 1122.41, 183.902, 0.965807, 0.111805, 0.233915, 0.126567, -0.990745, -0.049033, 0.226268, 0.0769624, -0.97102, 0.00300486  
239, 17.7189, 1122.12, 183.91, 0.965236, 0.110557, 0.236849, 0.125735, -0.990807, -0.049919, 0.229153, 0.0779639, -0.970263, 0.00284509  
240, 17.704, 1121.71, 183.92, 0.964735, 0.112701, 0.237877, 0.12936, -0.990039, -0.0555752, 0.229244, 0.084387, -0.969704, 0.00276271  
241, 17.6624, 1121.24, 183.983, 0.964959, 0.110234, 0.238122, 0.128935, -0.98956, -0.0643974, 0.228537, 0.0928431, -0.969098, 0.00272942  
242, 17.6319, 1120.94, 183.998, 0.964657, 0.111025, 0.238979, 0.129902, -0.989414, -0.0646966, 0.229266, 0.0934537, -0.968867, 0.00308614  
243, 17.5891, 1120.53, 183.94, 0.964515, 0.112151, 0.239023, 0.131328, -0.989151, -0.0658275, 0.229047, 0.0948822, -0.96878, 0.0029136  
244, 17.497, 1119.93, 183.873, 0.963602, 0.114052, 0.24179, 0.132868, -0.989133, -0.0629438, 0.231984, 0.0927789, -0.968285, 0.00269558  
245, 17.4113, 1119.58, 183.936, 0.963525, 0.114335, 0.241964, 0.134152, -0.988691, -0.0670247, 0.231564, 0.0970399, -0.967968, 0.00273719  
246, 17.3496, 1118.97, 183.944, 0.963423, 0.115152, 0.241983, 0.136047, -0.988123, -0.0714393, 0.230883, 0.101747, -0.967647, 0.00265481  
247, 17.2457, 1118.51, 183.914, 0.96302, 0.116402, 0.242987, 0.137543, -0.987885, -0.0718758, 0.231677, 0.102639, -0.967363, 0.00304342  
248, 17.2232, 1117.93, 184.011, 0.963437, 0.114047, 0.242452, 0.137427, -0.987132, -0.0817617, 0.230007, 0.112092, -0.966712, 0.00312414  
249, 17.0191, 1117.3, 183.978, 0.962681, 0.113737, 0.245581, 0.137029, -0.987341, -0.0798838, 0.233386, 0.110554, -0.966079, 0.00271722  
250, 16.9798, 1116.57, 183.944, 0.96247, 0.116064, 0.245317, 0.139896, -0.986764, -0.0820098, 0.232551, 0.113251, -0.965968, 0.00281513  
251, 16.8478, 1115.85, 183.981, 0.962455, 0.113191, 0.246714, 0.137727, -0.986858, -0.0845201, 0.233904, 0.115326, -0.965396, 0.00267145  
252, 16.6776, 1115.12, 183.949, 0.962583, 0.113769, 0.245946, 0.139307, -0.986241, -0.0890043, 0.232437, 0.119936, -0.965188, 0.00296492  
253, 16.4284, 1114.22, 183.973, 0.961786, 0.112971, 0.24941, 0.138935, -0.986292, -0.0890231, 0.235934, 0.120273, -0.964298, 0.00297768  
254, 16.2563, 1113.29, 183.947, 0.96219, 0.114353, 0.247212, 0.14111, -0.985586, -0.0933186, 0.232977, 0.124674, -0.964457, 0.00266923  
255, 16.1009, 1112.39, 183.958, 0.962442, 0.114277, 0.246265, 0.141287, -0.985409, -0.0949028, 0.231827, 0.126133, -0.964545, 0.00281846  
256, 15.8746, 1111.31, 183.949, 0.962521, 0.11425, 0.245969, 0.142417, -0.984753, -0.0998968, 0.230805, 0.131183, -0.964116, 0.00272804  
257, 15.6205, 1110.23, 183.965, 0.960975, 0.114826, 0.251677, 0.141851, -0.985609, -0.0919472, 0.237497, 0.12406, -0.963434, 0.00304259  
258, 15.4593, 1109.11, 184.019, 0.961324, 0.116812, 0.249422, 0.144935, -0.984628, -0.0974794, 0.234202, 0.129859, -0.963476, 0.00318072  
259, 15.3852, 1107.85, 183.986, 0.960168, 0.11606, 0.25418, 0.143554, -0.985322, -0.0923723, 0.239728, 0.125181, -0.962736, 0.00274385  
260, 15.3732, 1106.54, 183.992, 0.96094, 0.115741, 0.251393, 0.14372, -0.984962, -0.095889, 0.236514, 0.128274, -0.963124, 0.0027358  
261, 15.3854, 1105.17, 184.066, 0.960547, 0.114565, 0.253427, 0.143453, -0.984738, -0.0985548, 0.238268, 0.131021, -0.962321, 0.00266868  
262, 15.4145, 1103.76, 184.045, 0.961137, 0.115865, 0.250582, 0.143165, -0.985267, -0.0935571, 0.23605, 0.125796, -0.963564, 0.003105  
263, 15.5485, 1102.25, 183.972, 0.960895, 0.115898, 0.251493, 0.142741, -0.98555, -0.0911977, 0.237289, 0.12353, -0.963553, 0.0031  
264, 15.6632, 1101, 183.987, 0.961282, 0.11614, 0.249897, 0.143234, -0.985304, -0.0930589, 0.235417, 0.12525, -0.96379, 0.00269725  
265, 15.9547, 1099.34, 184.105, 0.961642, 0.116807, 0.248196, 0.143466, -0.985358, -0.0921266, 0.233801, 0.1242, -0.964319, 0.00279544  
266, 16.21, 1097.69, 184.037, 0.962039, 0.11673, 0.246688, 0.143071, -0.985461, -0.091641, 0.232404, 0.123456, -0.964752, 0.00265009  
267, 16.5386, 1096.18, 184.067, 0.961956, 0.118741, 0.24605, 0.14403, -0.985705, -0.0874085, 0.232154, 0.119522, -0.965308, 0.0030523  
268, 17.0245, 1094.49, 184.01, 0.961536, 0.119165, 0.247485, 0.143798, -0.986043, -0.0839066, 0.234032, 0.116267, -0.965252, 0.00301762  
269, 17.3578, 1092.71, 183.874, 0.961846, 0.119097, 0.24631, 0.14213, -0.986779, -0.0778889, 0.233777, 0.109925, -0.966056, 0.00266896  
270, 17.757, 1090.68, 183.837, 0.962642, 0.117951, 0.243739, 0.139654, -0.987453, -0.0737084, 0.231987, 0.104994, -0.967036, 0.00278629  
271, 18.1682, 1088.87, 183.915, 0.964544, 0.117284, 0.236431, 0.139662, -0.986948, -0.0801783, 0.223942, 0.110356, -0.968334, 0.00263983  
272, 18.7158, 1086.93, 183.81, 0.965601, 0.118488, 0.231465, 0.139657, -0.987181, -0.0772611, 0.219343, 0.106929, -0.96977, 0.00287671  
273, 19.0126, 1084.96, 183.813, 0.96568, 0.117778, 0.231496, 0.137771, -0.987834, -0.0721277, 0.220185, 0.101546, -0.970158, 0.00296991  
274, 19.5086, 1083.03, 183.757, 0.966139, 0.120695, 0.228054, 0.139154, -0.988028, -0.0666142, 0.217284, 0.0960931, -0.971367, 0.0027236  
275, 19.9267, 1081.02, 183.779, 0.966568, 0.119872, 0.226664, 0.13713, -0.988615, -0.0619327, 0.21666, 0.0909446, -0.972002, 0.00282068  
276, 20.459, 1079.06, 183.741, 0.967283, 0.120543, 0.223234, 0.136959, -0.988787, -0.0595174, 0.213557, 0.0881441, -0.972946, 0.00270252  
277, 20.8806, 1076.8, 183.689, 0.96764, 0.120303, 0.221809, 0.136808, -0.988745, -0.0605531, 0.212028, 0.0889389, -0.973208, 0.00289363  
278, 21.2388, 1074.45, 183.841, 0.968381, 0.118793, 0.219376, 0.13468, -0.989138, -0.0588891, 0.209997, 0.0865728, -0.973862, 0.00310916  
279, 21.6512, 1072.32, 183.764, 0.969356, 0.12218, 0.213121, 0.137205, -0.988893, -0.0571375, 0.203773, 0.0846279, -0.975354, 0.00267062  
280, 21.9471, 1070.06, 183.766, 0.969694, 0.121521, 0.211959, 0.135132, -0.989519, -0.0509052, 0.203552, 0.078005, -0.975952, 0.00276548  
281, 22.2452, 1067.71, 183.889, 0.970301, 0.120971, 0.20948, 0.134726, -0.989484, -0.0526377, 0.200909, 0.0792969, -0.976395, 0.00264704  
282, 22.5491, 1065.38, 184.048, 0.969956, 0.121603, 0.210711, 0.134512, -0.989749, -0.0479981, 0.202714, 0.0748991, -0.976369, 0.00304286  
283, 22.6739, 1063.16, 183.98, 0.970519, 0.11894, 0.209635, 0.131362, -0.990252, -0.04631, 0.202083, 0.0724827, -0.976683, 0.00287311  
284, 22.9071, 1060.75, 184.143, 0.970693, 0.117231, 0.209791, 0.128746, -0.990786, -0.0420519, 0.202928, 0.0678293, -0.976842, 0.00265231  
285, 23.226, 1058.51, 184.025, 0.971521, 0.116296, 0.206449, 0.128226, -0.990708, -0.0453349, 0.199259, 0.070516, -0.977407, 0.00280265  
286, 23.4321, 1056.1, 184.165, 0.970931, 0.118293, 0.208088, 0.128033, -0.991189, -0.0339297, 0.202241, 0.0595856, -0.977521, 0.00271056  
287, 23.7033, 1053.69, 184.081, 0.971266, 0.122054, 0.204318, 0.1309, -0.990932, -0.0303, 0.198767, 0.0561745, -0.978436, 0.00310195  
