0, 0, 0, 0, 0, 0, 0, 0, 0, 0, 0, 0, 0, 0.00694117  
1, 22.8973, 1143.8, 183.77, 0.962326, 0.0858598, 0.257988, 0.0765816, -0.99601, 0.0458193, 0.260892, -0.024336, -0.965061, 0.0029369  
2, 22.8087, 1143.8, 183.835, 0.962298, 0.0850831, 0.258348, 0.0767115, -0.996154, 0.0423326, 0.260957, -0.0209183, -0.965124, 0.0028315  
3, 22.842, 1143.78, 183.8, 0.962362, 0.0849783, 0.258142, 0.0765152, -0.996155, 0.0426749, 0.260776, -0.0213169, -0.965164, 0.00276881  
4, 22.8517, 1143.78, 183.765, 0.962299, 0.0850165, 0.258364, 0.0760023, -0.996105, 0.0446983, 0.261158, -0.0233769, -0.965013, 0.00271445  
5, 22.8541, 1143.8, 183.766, 0.962466, 0.0845711, 0.257889, 0.0757773, -0.996159, 0.0438683, 0.260608, -0.0226796, -0.965178, 0.00325284  
6, 22.8226, 1143.79, 183.828, 0.962305, 0.0847407, 0.258434, 0.076386, -0.996184, 0.0422187, 0.261025, -0.0208865, -0.965106, 0.00299515  
7, 22.8433, 1143.83, 183.801, 0.962408, 0.0848839, 0.258003, 0.0763155, -0.996153, 0.0430645, 0.260666, -0.021756, -0.965184, 0.00282429  
8, 22.8648, 1143.81, 183.8, 0.962719, 0.0843397, 0.257018, 0.0758492, -0.996201, 0.0427899, 0.25965, -0.0217001, -0.965459, 0.00285702  
9, 22.8567, 1143.82, 183.824, 0.962228, 0.0846843, 0.258739, 0.0761482, -0.996175, 0.0428559, 0.261379, -0.0215346, -0.964996, 0.00273858  
10, 22.8439, 1143.81, 183.785, 0.962266, 0.0840742, 0.258798, 0.0753258, -0.996207, 0.0435549, 0.261478, -0.0224172, -0.964949, 0.00295466  
11, 22.8151, 1143.79, 183.794, 0.962438, 0.0847889, 0.257922, 0.0762295, -0.996162, 0.043026, 0.26058, -0.0217485, -0.965207, 0.0030154  
12, 22.8194, 1143.8, 183.783, 0.962199, 0.085196, 0.258681, 0.0766384, -0.996131, 0.0430069, 0.261344, -0.0215563, -0.965005, 0.00275078  
13, 22.8429, 1143.76, 183.761, 0.96174, 0.0861434, 0.260067, 0.0768783, -0.995997, 0.0456099, 0.262955, -0.0238714, -0.964513, 0.0027996  
14, 22.8513, 1143.78, 183.764, 0.96208, 0.0853701, 0.259063, 0.0759981, -0.996046, 0.0459979, 0.261966, -0.0245654, -0.964765, 0.00270585  
15, 22.8353, 1143.79, 183.808, 0.96263, 0.0850805, 0.25711, 0.0765317, -0.996135, 0.0430945, 0.259783, -0.0218069, -0.965421, 0.00288087  
16, 22.7648, 1143.78, 183.889, 0.962469, 0.0841556, 0.258016, 0.0765791, -0.996289, 0.0392935, 0.260365, -0.0180602, -0.965341, 0.00289502  
17, 22.8454, 1143.8, 183.793, 0.962129, 0.0851833, 0.258942, 0.0761991, -0.996097, 0.0445559, 0.261727, -0.0231374, -0.964865, 0.00274523  
18, 22.8758, 1143.78, 183.803, 0.962477, 0.0852225, 0.257634, 0.0766237, -0.996121, 0.0432529, 0.260321, -0.021889, -0.965274, 0.0028204  
19, 22.8209, 1143.82, 183.841, 0.962381, 0.0842089, 0.258325, 0.0759821, -0.996237, 0.0416852, 0.260863, -0.020489, -0.965158, 0.0027591  
20, 22.81, 1143.79, 183.845, 0.962526, 0.0845978, 0.257657, 0.0761833, -0.996188, 0.0424864, 0.260269, -0.0212651, -0.965302, 0.00295327  
21, 22.8742, 1143.78, 183.773, 0.962182, 0.0852463, 0.258724, 0.0763366, -0.996097, 0.0443093, 0.261491, -0.0228835, -0.964935, 0.0032129  
22, 22.8556, 1143.79, 183.751, 0.962382, 0.0850718, 0.258038, 0.0760936, -0.996103, 0.0446025, 0.260826, -0.0232896, -0.965105, 0.00284759  
23, 22.8405, 1143.79, 183.777, 0.96231, 0.0850287, 0.258322, 0.0761575, -0.996117, 0.0441752, 0.261075, -0.022837, -0.965048, 0.00279211  
24, 22.7142, 1143.77, 183.889, 0.962516, 0.0843397, 0.25778, 0.0766696, -0.996267, 0.0396819, 0.260164, -0.0184306, -0.965388, 0.00276826  
25, 22.8278, 1143.78, 183.779, 0.962307, 0.0845239, 0.258499, 0.0756015, -0.996154, 0.0442824, 0.261247, -0.0230704, -0.964996, 0.00287921  
26, 22.8605, 1143.77, 183.81, 0.962403, 0.0846433, 0.258101, 0.0758828, -0.996157, 0.0437358, 0.260811, -0.022506, -0.965127, 0.00314272  
27, 22.8086, 1143.75, 183.828, 0.96199, 0.0849568, 0.259534, 0.0761597, -0.996134, 0.0437843, 0.26225, -0.022354, -0.964741, 0.00274718  
28, 22.8737, 1143.79, 183.775, 0.962198, 0.0852788, 0.258657, 0.0764277, -0.996099, 0.0441033, 0.261409, -0.0226675, -0.964962, 0.00284981  
29, 22.8672, 1143.79, 183.78, 0.962195, 0.0851282, 0.258717, 0.0762673, -0.996111, 0.0441144, 0.261467, -0.022715, -0.964945, 0.00276354  
30, 22.8515, 1143.79, 183.799, 0.962249, 0.084963, 0.25857, 0.076371, -0.996147, 0.0431128, 0.261237, -0.021738, -0.96503, 0.00300126  
31, 22.852, 1143.8, 183.757, 0.962379, 0.0853791, 0.257946, 0.0764794, -0.996084, 0.0443602, 0.260724, -0.0229637, -0.96514, 0.00309141  
32, 22.8734, 1143.79, 183.762, 0.961878, 0.0853695, 0.259812, 0.0763285, -0.99608, 0.0447096, 0.262611, -0.0231741, -0.964624, 0.00278712  
33, 22.8768, 1143.76, 183.765, 0.961935, 0.0851095, 0.259689, 0.0756371, -0.996061, 0.0462718, 0.262604, -0.0248683, -0.964583, 0.00287338  
34, 22.836, 1143.79, 183.82, 0.962294, 0.0849932, 0.258392, 0.0766223, -0.996162, 0.0423147, 0.260996, -0.0209206, -0.965113, 0.00276105  
35, 22.7618, 1143.78, 183.865, 0.962438, 0.0841559, 0.25813, 0.0761931, -0.996261, 0.0407164, 0.260592, -0.0195193, -0.965252, 0.00305646  
36, 22.8483, 1143.79, 183.78, 0.962277, 0.0852505, 0.258371, 0.0764265, -0.996103, 0.0440254, 0.261117, -0.0226183, -0.965042, 0.00305091  
37, 22.8066, 1143.78, 183.824, 0.962435, 0.0849769, 0.257873, 0.0764286, -0.996147, 0.0430131, 0.260534, -0.0216884, -0.965221, 0.00271666  
38, 22.7986, 1143.78, 183.85, 0.962118, 0.0845203, 0.2592, 0.0760047, -0.996192, 0.0427199, 0.261823, -0.0214012, -0.964879, 0.00284759  
39, 22.821, 1143.79, 183.79, 0.962125, 0.0849631, 0.259031, 0.0757742, -0.996097, 0.0452736, 0.261866, -0.023931, -0.964807, 0.00275189  
40, 22.8492, 1143.77, 183.763, 0.962328, 0.0845786, 0.2584, 0.0756423, -0.996148, 0.0443504, 0.261155, -0.0231337, -0.96502, 0.0027591  
41, 22.8699, 1143.77, 183.744, 0.962161, 0.0848292, 0.258941, 0.0757676, -0.996119, 0.0447951, 0.261736, -0.0234807, -0.964854, 0.00309113  
42, 22.8413, 1143.78, 183.802, 0.962609, 0.0848573, 0.25726, 0.076239, -0.996148, 0.0433106, 0.259945, -0.0220779, -0.965371, 0.00271694  
43, 22.8417, 1143.77, 183.804, 0.962319, 0.0847193, 0.258389, 0.076273, -0.996178, 0.0425582, 0.261007, -0.0212465, -0.965103, 0.00286617  
44, 22.8557, 1143.78, 183.784, 0.962327, 0.0849991, 0.258267, 0.0763588, -0.996139, 0.0433222, 0.260952, -0.0219692, -0.965102, 0.00277991  
45, 22.8515, 1143.79, 183.805, 0.962045, 0.0855144, 0.259144, 0.076597, -0.996076, 0.0443344, 0.261919, -0.022802, -0.964821, 0.00300847  
46, 22.8183, 1143.79, 183.811, 0.96223, 0.0839867, 0.258957, 0.075737, -0.996256, 0.0416896, 0.261489, -0.0205024, -0.964989, 0.00318433  
47, 22.8885, 1143.8, 183.763, 0.962369, 0.084814, 0.258172, 0.0759918, -0.996138, 0.0439797, 0.260905, -0.0227057, -0.965097, 0.0027702  
48, 22.8322, 1143.79, 183.785, 0.962292, 0.0848883, 0.258436, 0.0760371, -0.99613, 0.0440729, 0.261177, -0.0227603, -0.965023, 0.00280459  
49, 22.838, 1143.8, 183.797, 0.962097, 0.0843201, 0.259345, 0.0751167, -0.996149, 0.0452136, 0.262159, -0.0240187, -0.964726, 0.00264427  
50, 22.8535, 1143.79, 183.801, 0.96223, 0.0851358, 0.258583, 0.0764964, -0.996129, 0.0433092, 0.261269, -0.0218928, -0.965018, 0.00296326  
51, 22.8691, 1143.78, 183.803, 0.962461, 0.0849347, 0.257787, 0.0761969, -0.996134, 0.0437175, 0.260503, -0.0224339, -0.965212, 0.00311554  
52, 22.8527, 1143.79, 183.788, 0.962426, 0.0848333, 0.257952, 0.0760416, -0.996138, 0.043889, 0.260679, -0.0226248, -0.96516, 0.00271167  
53, 22.8367, 1143.8, 183.786, 0.962378, 0.0841615, 0.25835, 0.0753276, -0.996191, 0.043922, 0.261063, -0.0228087, -0.965052, 0.00282678  
54, 22.8432, 1143.77, 183.764, 0.962244, 0.0846336, 0.258698, 0.0755291, -0.99613, 0.0449507, 0.261501, -0.0237143, -0.964912, 0.00280903  
55, 22.7854, 1143.79, 183.815, 0.962394, 0.0839563, 0.258357, 0.0756432, -0.996251, 0.0419687, 0.260912, -0.0208474, -0.965137, 0.00286784  
56, 22.825, 1143.81, 183.805, 0.962283, 0.0850348, 0.258419, 0.0763887, -0.996136, 0.0433354, 0.261105, -0.0219607, -0.96506, 0.0029505  
57, 22.8588, 1143.8, 183.788, 0.962093, 0.0853359, 0.259027, 0.0766434, -0.99611, 0.0434929, 0.26173, -0.0219916, -0.96489, 0.00305757  
58, 22.8445, 1143.78, 183.746, 0.961867, 0.0850652, 0.259955, 0.0756406, -0.996071, 0.0460647, 0.262852, -0.0246449, -0.964521, 0.00322094  
59, 22.835, 1143.78, 183.809, 0.962312, 0.0850472, 0.258306, 0.0765206, -0.996144, 0.0429048, 0.260959, -0.0215222, -0.96511, 0.00279073  
60, 22.8576, 1143.78, 183.784, 0.962076, 0.0853317, 0.25909, 0.0762369, -0.996075, 0.044969, 0.261911, -0.0235114, -0.964806, 0.00269863  
61, 22.7833, 1143.8, 183.854, 0.962441, 0.0848302, 0.257897, 0.0768615, -0.996205, 0.0408444, 0.260383, -0.019488, -0.965309, 0.00294245  
62, 22.8698, 1143.79, 183.791, 0.962183, 0.0854079, 0.258669, 0.0766776, -0.996099, 0.0436733, 0.26139, -0.0221876, -0.964978, 0.00266285  
63, 22.8567, 1143.77, 183.758, 0.962289, 0.0850215, 0.2584, 0.0759814, -0.996103, 0.0447913, 0.261201, -0.0234686, -0.964999, 0.00282817  
64, 22.8319, 1143.79, 183.799, 0.962155, 0.0840856, 0.259205, 0.075642, -0.996233, 0.0423971, 0.261793, -0.0211858, -0.964891, 0.00265009  
65, 22.8908, 1143.77, 183.76, 0.962056, 0.0851467, 0.259227, 0.076237, -0.996107, 0.0442507, 0.261985, -0.022809, -0.964802, 0.0027494  
66, 22.8515, 1143.79, 183.759, 0.962166, 0.0849733, 0.258873, 0.0759665, -0.996112, 0.0446183, 0.261658, -0.0232645, -0.96488, 0.00280238  
67, 22.8433, 1143.8, 183.782, 0.962205, 0.0850844, 0.258694, 0.0764051, -0.99613, 0.0434406, 0.261389, -0.0220332, -0.964982, 0.00269753  
68, 22.8233, 1143.77, 183.79, 0.962246, 0.0855999, 0.258369, 0.0768473, -0.99608, 0.0438065, 0.261106, -0.0222976, -0.965052, 0.0027788  
69, 22.861, 1143.78, 183.785, 0.962299, 0.0851671, 0.258315, 0.0765277, -0.996125, 0.0433369, 0.261005, -0.0219348, -0.965088, 0.00267728  
70, 22.8108, 1143.79, 183.826, 0.962507, 0.0851178, 0.257556, 0.0764346, -0.996123, 0.0435591, 0.260265, -0.0222397, -0.965281, 0.00283344  
71, 22.8806, 1143.77, 183.768, 0.961953, 0.0852469, 0.259574, 0.0758795, -0.996059, 0.0459152, 0.262465, -0.024472, -0.964631, 0.00295743  
72, 22.7957, 1143.77, 183.821, 0.962418, 0.0843071, 0.258155, 0.0759333, -0.996217, 0.042256, 0.260741, -0.0210654, -0.965179, 0.00270196  
73, 22.8436, 1143.77, 183.768, 0.962332, 0.0848439, 0.258299, 0.0759438, -0.996129, 0.04426, 0.261055, -0.0229765, -0.965051, 0.0028021  
74, 22.8306, 1143.79, 183.778, 0.962456, 0.0850159, 0.257781, 0.0763446, -0.996133, 0.0434819, 0.260481, -0.0221692, -0.965224, 0.00262014  
75, 22.8864, 1143.82, 183.777, 0.96214, 0.0858891, 0.258671, 0.0773169, -0.996072, 0.0431519, 0.261361, -0.0215185, -0.965001, 0.00290306  
76, 22.8209, 1143.8, 183.825, 0.962391, 0.0850019, 0.258028, 0.0767611, -0.99617, 0.0418643, 0.260598, -0.0204833, -0.96523, 0.00295493  
77, 22.8333, 1143.79, 183.786, 0.962296, 0.0848173, 0.258442, 0.0759682, -0.996137, 0.0440552, 0.26118, -0.0227608, -0.965022, 0.00266563  
78, 22.8458, 1143.79, 183.791, 0.962368, 0.0849898, 0.258118, 0.0764582, -0.996148, 0.0429321, 0.260773, -0.0215813, -0.965159, 0.00277159  
79, 22.8344, 1143.8, 183.787, 0.962388, 0.0852307, 0.257963, 0.0766146, -0.996121, 0.0432893, 0.260651, -0.0218974, -0.965185, 0.00269503  
80, 22.8498, 1143.79, 183.76, 0.962081, 0.0854942, 0.25902, 0.0760408, -0.996028, 0.046318, 0.261951, -0.0248655, -0.964761, 0.00275217  
81, 22.8571, 1143.77, 183.762, 0.962007, 0.0851462, 0.259406, 0.0756009, -0.99605, 0.0465726, 0.262347, -0.0251918, -0.964645, 0.00301346  
82, 22.7962, 1143.79, 183.845, 0.962176, 0.0850097, 0.258825, 0.0764975, -0.996151, 0.0428029, 0.261467, -0.0213845, -0.964975, 0.00276465  
83, 22.8499, 1143.81, 183.808, 0.962213, 0.0852492, 0.258611, 0.0766529, -0.996123, 0.0431625, 0.261288, -0.0217082, -0.965017, 0.00282179  
84, 22.8427, 1143.78, 183.8, 0.962274, 0.0848451, 0.258515, 0.0762433, -0.996156, 0.0431385, 0.261182, -0.021801, -0.965043, 0.00266507  
85, 22.843, 1143.79, 183.764, 0.962391, 0.0851509, 0.257979, 0.076276, -0.996105, 0.044236, 0.260741, -0.0228947, -0.965137, 0.00283538  
86, 22.8511, 1143.8, 183.772, 0.962152, 0.0850849, 0.258891, 0.0762307, -0.996116, 0.0440685, 0.261635, -0.0226652, -0.964901, 0.0030007  
87, 22.8873, 1143.79, 183.764, 0.962045, 0.085089, 0.259286, 0.07617, -0.996111, 0.0442721, 0.262045, -0.022842, -0.964785, 0.00271056  
88, 22.8477, 1143.77, 183.79, 0.962207, 0.0858572, 0.25843, 0.0772157, -0.996068, 0.0434243, 0.261142, -0.0218283, -0.965053, 0.00284953  
89, 22.8878, 1143.78, 183.774, 0.962302, 0.0849136, 0.258389, 0.0759643, -0.99612, 0.0444427, 0.261161, -0.0231389, -0.965018, 0.00264094  
90, 22.8171, 1143.8, 183.808, 0.962318, 0.0848165, 0.258361, 0.0762351, -0.996159, 0.0430728, 0.261022, -0.0217535, -0.965088, 0.00298184  
91, 22.8227, 1143.77, 183.775, 0.962487, 0.0846329, 0.25779, 0.0759749, -0.996166, 0.0433822, 0.260473, -0.0221692, -0.965227, 0.00291555  
92, 22.7593, 1143.8, 183.868, 0.962512, 0.084415, 0.25777, 0.0765688, -0.996248, 0.0403453, 0.260209, -0.0190957, -0.965364, 0.00275716  
93, 22.8969, 1143.8, 183.764, 0.962215, 0.0849094, 0.258713, 0.0758647, -0.996113, 0.0447643, 0.261508, -0.0234457, -0.964916, 0.00285702  
94, 22.845, 1143.78, 183.8, 0.962317, 0.0848623, 0.258349, 0.0763485, -0.996161, 0.0428298, 0.260992, -0.0214913, -0.965102, 0.00271999  
95, 22.9043, 1143.78, 183.75, 0.962076, 0.0853929, 0.25907, 0.0761612, -0.996058, 0.0454835, 0.261933, -0.0240275, -0.964787, 0.00280265  
96, 22.8714, 1143.79, 183.755, 0.962255, 0.0855673, 0.25835, 0.076493, -0.996054, 0.0449932, 0.26118, -0.0235329, -0.965003, 0.00318044  
97, 22.8447, 1143.79, 183.792, 0.962405, 0.0843966, 0.258172, 0.0762057, -0.996224, 0.0415892, 0.260708, -0.0203515, -0.965203, 0.00285452  
98, 22.8662, 1143.79, 183.786, 0.962519, 0.0854162, 0.257411, 0.0766062, -0.996087, 0.044081, 0.260169, -0.0227096, -0.965296, 0.00282817  
99, 22.8663, 1143.78, 183.743, 0.962269, 0.0852262, 0.258408, 0.0760109, -0.99607, 0.0454644, 0.261267, -0.0241071, -0.964965, 0.00269059  
100, 22.885, 1143.78, 183.758, 0.962036, 0.0848004, 0.259414, 0.0757625, -0.996125, 0.0446607, 0.262196, -0.0233113, -0.964733, 0.00303454  
101, 22.8912, 1143.77, 183.746, 0.962169, 0.0861857, 0.258462, 0.0771955, -0.996011, 0.0447526, 0.261288, -0.0231075, -0.964984, 0.00295438  
102, 22.8599, 1143.8, 183.799, 0.96212, 0.0852169, 0.258967, 0.0767388, -0.996137, 0.042692, 0.261605, -0.0212019, -0.964942, 0.00275522  
103, 22.8459, 1143.81, 183.809, 0.962174, 0.0844942, 0.259003, 0.0759749, -0.996193, 0.0427467, 0.261629, -0.021452, -0.96493, 0.00281375  
104, 22.8201, 1143.79, 183.789, 0.96244, 0.084804, 0.257912, 0.0761791, -0.996155, 0.043271, 0.26059, -0.0219982, -0.965199, 0.00272998  
105, 22.8574, 1143.78, 183.792, 0.96227, 0.0850015, 0.258477, 0.0763575, -0.996139, 0.0433181, 0.261161, -0.021947, -0.965046, 0.00299072  
106, 22.8392, 1143.81, 183.791, 0.962273, 0.0841454, 0.258747, 0.0751527, -0.99618, 0.0444701, 0.261501, -0.0233468, -0.964921, 0.00308031  
107, 22.821, 1143.83, 183.83, 0.962344, 0.0845671, 0.258345, 0.0761351, -0.996192, 0.0424892, 0.260954, -0.0212202, -0.965118, 0.00276382  
108, 22.8284, 1143.82, 183.834, 0.962354, 0.0853162, 0.258061, 0.0771288, -0.996149, 0.0417048, 0.260625, -0.0202309, -0.965228, 0.00283705  
109, 22.8448, 1143.77, 183.797, 0.962531, 0.0846316, 0.257627, 0.0765262, -0.99621, 0.0413466, 0.260149, -0.0200822, -0.96536, 0.00280127  
110, 22.8677, 1143.79, 183.741, 0.962205, 0.0850692, 0.258697, 0.0760452, -0.996101, 0.0447104, 0.261492, -0.023348, -0.964923, 0.00293718  
111, 22.8838, 1143.83, 183.797, 0.962332, 0.0847034, 0.258344, 0.0761913, -0.996174, 0.0428035, 0.260981, -0.0215076, -0.965104, 0.00293358  
112, 22.86, 1143.82, 183.789, 0.962269, 0.0844073, 0.258677, 0.075821, -0.996193, 0.0430106, 0.261323, -0.0217747, -0.965006, 0.00279211  
113, 22.8665, 1143.8, 183.775, 0.962127, 0.0849608, 0.259023, 0.0761675, -0.996132, 0.0438159, 0.261744, -0.0224273, -0.964877, 0.00284648  
114, 22.8312, 1143.81, 183.797, 0.962464, 0.084438, 0.257941, 0.0758887, -0.996191, 0.0429412, 0.260585, -0.0217545, -0.965206, 0.00270224  
115, 22.8718, 1143.77, 183.771, 0.962207, 0.085008, 0.258712, 0.0760998, -0.996117, 0.0442738, 0.261471, -0.0229126, -0.964939, 0.00275716  
116, 22.867, 1143.79, 183.781, 0.962286, 0.0852372, 0.258341, 0.0765565, -0.996116, 0.0434965, 0.261046, -0.0220784, -0.965074, 0.00366697  
117, 22.8158, 1143.79, 183.829, 0.962335, 0.084496, 0.258404, 0.076167, -0.996206, 0.0420943, 0.26098, -0.0208269, -0.96512, 0.00271278  
118, 22.853, 1143.79, 183.765, 0.96215, 0.0848959, 0.258958, 0.0759491, -0.996124, 0.0443793, 0.261722, -0.0230319, -0.964869, 0.00282956  
119, 22.8519, 1143.8, 183.771, 0.96243, 0.0843663, 0.25809, 0.0755499, -0.996175, 0.0439073, 0.260807, -0.0227591, -0.965123, 0.00274773  
120, 22.8319, 1143.79, 183.787, 0.962315, 0.0848202, 0.258372, 0.0760161, -0.99614, 0.0438957, 0.261098, -0.0226011, -0.965048, 0.00303177  
121, 22.8452, 1143.79, 183.799, 0.962384, 0.0846207, 0.258177, 0.0758452, -0.996158, 0.0437812, 0.26089, -0.0225529, -0.965105, 0.00302178  
122, 22.871, 1143.79, 183.769, 0.962222, 0.0851713, 0.258601, 0.0765767, -0.99613, 0.0431469, 0.261275, -0.0217141, -0.96502, 0.00284731  
123, 22.8448, 1143.79, 183.803, 0.96271, 0.0847715, 0.256911, 0.076392, -0.996174, 0.0424421, 0.259526, -0.0212335, -0.965503, 0.00276853  
124, 22.9039, 1143.79, 183.746, 0.96224, 0.0851188, 0.258553, 0.0764328, -0.996126, 0.043482, 0.261252, -0.0220782, -0.965018, 0.00272554  
125, 22.8599, 1143.78, 183.787, 0.962097, 0.0848352, 0.259175, 0.0761321, -0.99615, 0.0434538, 0.261863, -0.0220752, -0.964852, 0.00303482  
126, 22.7918, 1143.81, 183.869, 0.962471, 0.0838108, 0.258117, 0.0759272, -0.996295, 0.0403789, 0.260545, -0.0192654, -0.965269, 0.00289447  
127, 22.829, 1143.79, 183.822, 0.962063, 0.0851686, 0.259193, 0.0763533, -0.996114, 0.0439088, 0.261925, -0.0224528, -0.964827, 0.00277131  
128, 22.8701, 1143.82, 183.773, 0.962245, 0.0848663, 0.258617, 0.0758132, -0.996115, 0.0447991, 0.261414, -0.0235012, -0.964941, 0.00284898  
129, 22.8386, 1143.77, 183.805, 0.962323, 0.0847855, 0.258352, 0.0763215, -0.996171, 0.0426353, 0.260977, -0.0213111, -0.96511, 0.00264704  
130, 22.8702, 1143.78, 183.779, 0.961968, 0.0852904, 0.259507, 0.0759857, -0.996061, 0.045697, 0.262382, -0.0242402, -0.964659, 0.00303066  
131, 22.8797, 1143.79, 183.775, 0.962189, 0.0853735, 0.258657, 0.0765071, -0.99609, 0.0441721, 0.261417, -0.0227128, -0.964959, 0.0030265  
132, 22.8187, 1143.8, 183.826, 0.962202, 0.0844005, 0.258928, 0.0761048, -0.996218, 0.0419156, 0.261486, -0.0206256, -0.964987, 0.00270169  
133, 22.7692, 1143.79, 183.857, 0.962422, 0.0844547, 0.258092, 0.0763757, -0.996228, 0.0411888, 0.260597, -0.0199291, -0.965242, 0.00275799  
134, 22.8164, 1143.78, 183.782, 0.962165, 0.0852279, 0.258793, 0.0764879, -0.996114, 0.0436746, 0.26151, -0.0222276, -0.964945, 0.00268449  
135, 22.8228, 1143.79, 183.791, 0.962626, 0.0846467, 0.257267, 0.0764604, -0.996201, 0.0416778, 0.259818, -0.0204494, -0.965441, 0.00304397  
136, 22.8161, 1143.8, 183.822, 0.96224, 0.0844906, 0.258758, 0.0761572, -0.996207, 0.0420805, 0.261332, -0.0207852, -0.965025, 0.00298212  
137, 22.8312, 1143.84, 183.829, 0.962524, 0.08481, 0.257593, 0.0770739, -0.996223, 0.0400015, 0.260013, -0.0186487, -0.965425, 0.00265425  
138, 22.8403, 1143.86, 183.798, 0.962457, 0.0843268, 0.258005, 0.0762022, -0.996235, 0.0413478, 0.26052, -0.0201349, -0.965258, 0.00294467  
139, 22.7931, 1143.88, 183.825, 0.962391, 0.0852639, 0.25794, 0.0782555, -0.996234, 0.0373357, 0.260152, -0.0157463, -0.965439, 0.0028143  
140, 22.8263, 1143.94, 183.799, 0.962537, 0.0845298, 0.257639, 0.0772082, -0.996274, 0.0384225, 0.259927, -0.0170912, -0.965477, 0.00272804  
141, 22.7788, 1143.97, 183.836, 0.962406, 0.0840579, 0.258279, 0.0771319, -0.99634, 0.0368515, 0.260431, -0.0155446, -0.965367, 0.0029455  
142, 22.8422, 1144.03, 183.796, 0.962272, 0.0851644, 0.258418, 0.0784905, -0.996263, 0.0360537, 0.260523, -0.0144101, -0.96536, 0.00280376  
143, 22.8035, 1144.05, 183.815, 0.962435, 0.0839612, 0.258204, 0.0780016, -0.996398, 0.033258, 0.260066, -0.0118684, -0.965518, 0.00273358  
144, 22.7787, 1144.12, 183.814, 0.962174, 0.0839362, 0.259185, 0.0780548, -0.996405, 0.0329194, 0.261016, -0.0114436, -0.965267, 0.00262208  
145, 22.7831, 1144.14, 183.825, 0.962321, 0.0847666, 0.258368, 0.0788826, -0.996335, 0.0330753, 0.260224, -0.0114483, -0.96548, 0.00310056  
146, 22.6907, 1144.21, 183.918, 0.960687, 0.0842562, 0.264539, 0.076548, -0.99629, 0.0393325, 0.266871, -0.0175364, -0.963573, 0.00426528  
147, 22.7701, 1144.45, 183.909, 0.962348, 0.0843092, 0.258416, 0.0805579, -0.996434, 0.0250905, 0.25961, -0.00332829, -0.965708, 0.00288642  
148, 22.7625, 1144.53, 183.955, 0.962464, 0.0831048, 0.258372, 0.0804051, -0.996541, 0.0210172, 0.259225, 0.000546174, -0.965817, 0.00273553  
149, 22.8046, 1144.54, 183.992, 0.962818, 0.083871, 0.256802, 0.0819287, -0.996471, 0.0182731, 0.257428, 0.00344578, -0.966291, 0.00274884  
150, 22.747, 1144.57, 183.994, 0.96271, 0.0844647, 0.257012, 0.0834055, -0.996402, 0.0150402, 0.257358, 0.00695694, -0.966291, 0.00269198  
151, 22.8081, 1144.61, 183.988, 0.962453, 0.0845725, 0.257938, 0.0834341, -0.996395, 0.0153767, 0.258308, 0.00672141, -0.966039, 0.00260322  
152, 22.7555, 1144.67, 184.032, 0.962535, 0.0835581, 0.257962, 0.0830868, -0.996461, 0.012748, 0.258114, 0.0091628, -0.966071, 0.00275494  
153, 22.7624, 1144.7, 184.031, 0.961987, 0.0846807, 0.259633, 0.0844452, -0.996355, 0.0120817, 0.25971, 0.0103023, -0.965632, 0.00283344  
154, 22.7892, 1144.78, 184.016, 0.962539, 0.0837881, 0.257871, 0.0843484, -0.996396, 0.00890958, 0.257688, 0.0131752, -0.966138, 0.00269475  
155, 22.769, 1144.82, 184.072, 0.962566, 0.0841283, 0.257661, 0.0859619, -0.99629, 0.00416099, 0.257055, 0.0181438, -0.966226, 0.0027383  
156, 22.7775, 1144.9, 184.144, 0.962422, 0.0837156, 0.258331, 0.0864748, -0.996254, 0.000684027, 0.257421, 0.0216808, -0.966056, 0.00272637  
157, 11.5932, 1144.76, 181.155, -0.957805, 0.0622359, -0.2806, -0.0836773, -0.994366, 0.0650794, -0.274969, 0.0858133, 0.957616, 0.00275772  
158, 11.5849, 1144.73, 181.052, -0.956783, 0.0615413, -0.284215, -0.0835906, -0.994305, 0.0661023, -0.278529, 0.0870033, 0.956479, 0.00309252  
159, 11.6394, 1144.76, 181.053, -0.956933, 0.0607456, -0.283881, -0.0830175, -0.994288, 0.0670832, -0.278184, 0.0877612, 0.95651, 0.00279378  
160, 11.6598, 1144.77, 181.094, -0.956782, 0.0609518, -0.284347, -0.0838423, -0.994085, 0.0690266, -0.278458, 0.0898837, 0.956233, 0.00273664  
161, 11.6614, 1144.74, 181.067, -0.956536, 0.0605004, -0.285271, -0.0840816, -0.993916, 0.0711418, -0.279231, 0.0920357, 0.955803, 0.00263345  
162, 11.6689, 1144.77, 181.074, -0.956824, 0.0602704, -0.28435, -0.0849152, -0.993551, 0.0751442, -0.277988, 0.0960454, 0.955771, 0.00289252  
163, 11.6208, 1144.77, 181.117, -0.95722, 0.0617399, -0.282699, -0.0871939, -0.993105, 0.0783503, -0.275913, 0.0996481, 0.956003, 0.00302927  
164, 11.6805, 1144.77, 181.075, -0.956526, 0.0610759, -0.285181, -0.0872751, -0.992961, 0.0800714, -0.278283, 0.10148, 0.955123, 0.00268532  
165, 11.6293, 1144.74, 181.076, -0.956977, 0.0596998, -0.283956, -0.086937, -0.992641, 0.0842954, -0.276834, 0.105355, 0.955125, 0.00281735  
166, 11.6524, 1144.72, 181.107, -0.957017, 0.0600595, -0.283744, -0.0880808, -0.992303, 0.0870419, -0.276332, 0.108293, 0.954941, 0.0026684  
167, 11.6263, 1144.64, 181.091, -0.957297, 0.0589456, -0.283035, -0.088112, -0.991905, 0.0914408, -0.275354, 0.112475, 0.954741, 0.00317906  
168, 11.6128, 1144.59, 181.104, -0.957442, 0.0601293, -0.282294, -0.090043, -0.991472, 0.0942081, -0.274222, 0.115617, 0.954691, 0.00280626  
169, 11.581, 1144.51, 181.038, -0.95661, 0.0596718, -0.285197, -0.0898992, -0.991497, 0.0940894, -0.277157, 0.115646, 0.953839, 0.00276437  
170, 11.5431, 1144.42, 181.117, -0.957295, 0.0586857, -0.283094, -0.090046, -0.990999, 0.0990594, -0.274733, 0.120321, 0.953963, 0.00280432  
171, 11.5302, 1144.32, 181.045, -0.9568, 0.0586394, -0.284774, -0.0914949, -0.990416, 0.103468, -0.275977, 0.125053, 0.952994, 0.00265509  
172, 11.4838, 1144.16, 181.155, -0.95802, 0.0585958, -0.280649, -0.0927214, -0.989609, 0.109895, -0.271293, 0.131304, 0.953498, 0.00278573  
173, 11.5381, 1144.15, 181.03, -0.95641, 0.0577771, -0.286254, -0.0925713, -0.989662, 0.10954, -0.276966, 0.131264, 0.951871, 0.00305673  
174, 11.291, 1144.12, 181.219, -0.958185, 0.0579457, -0.280221, -0.0947524, -0.988286, 0.119632, -0.270006, 0.141181, 0.952452, 0.0026537  
175, 11.3875, 1143.82, 181.17, -0.958351, 0.0568501, -0.279877, -0.0952876, -0.987482, 0.1257, -0.269228, 0.147134, 0.951771, 0.00282734  
176, 11.3532, 1143.64, 181.081, -0.956775, 0.0548869, -0.285603, -0.0937, -0.987842, 0.124054, -0.275321, 0.145453, 0.950285, 0.00265509  
177, 11.1359, 1143.51, 181.157, -0.957113, 0.0553168, -0.284384, -0.0952789, -0.987101, 0.128662, -0.273599, 0.15024, 0.950038, 0.00296242  
178, 11.1802, 1143.24, 181.122, -0.95763, 0.0561151, -0.282482, -0.0979154, -0.985844, 0.1361, -0.270846, 0.157993, 0.949569, 0.00298184  
179, 10.9852, 1143.17, 181.069, -0.956202, 0.0563848, -0.287226, -0.0985957, -0.985972, 0.13468, -0.275603, 0.157101, 0.948347, 0.00283011  
180, 10.9279, 1142.9, 181.114, -0.956697, 0.0558086, -0.285685, -0.0986814, -0.985512, 0.137943, -0.273847, 0.160162, 0.948344, 0.00285563  
181, 10.8384, 1142.54, 181.183, -0.957653, 0.0566767, -0.282291, -0.100851, -0.984352, 0.144498, -0.269684, 0.166848, 0.948384, 0.00273636  
182, 10.8146, 1142.12, 181.069, -0.956798, 0.0548773, -0.285529, -0.0993519, -0.984624, 0.143685, -0.273253, 0.165845, 0.947538, 0.00297712  
183, 10.6641, 1141.76, 180.957, -0.955716, 0.054813, -0.289141, -0.0994412, -0.984861, 0.141988, -0.276981, 0.164452, 0.946698, 0.00298572  
184, 10.3805, 1141.38, 181.026, -0.956708, 0.0561614, -0.28558, -0.102297, -0.983488, 0.149289, -0.27248, 0.17204, 0.946656, 0.0028082  
185, 10.2943, 1140.88, 180.911, -0.956498, 0.0562473, -0.286266, -0.102511, -0.983467, 0.149282, -0.273137, 0.172133, 0.946449, 0.00281014  
186, 10.053, 1140.46, 180.935, -0.956386, 0.0546292, -0.286951, -0.101986, -0.982985, 0.152772, -0.273723, 0.175374, 0.945685, 0.00273414  
187, 9.98644, 1139.76, 180.792, -0.956096, 0.0544099, -0.287958, -0.10207, -0.982913, 0.153178, -0.274703, 0.175845, 0.945313, 0.00298961  
188, 10.169, 1138.94, 180.68, -0.955558, 0.0537475, -0.289863, -0.101092, -0.983364, 0.150919, -0.27693, 0.173514, 0.945094, 0.00287893  
189, 10.1324, 1138.24, 180.643, -0.955873, 0.0552313, -0.288541, -0.103252, -0.982668, 0.153954, -0.275037, 0.176953, 0.945009, 0.00279017  
190, 10.0895, 1137.52, 180.607, -0.95552, 0.054576, -0.289834, -0.103543, -0.982251, 0.1564, -0.276154, 0.179454, 0.944211, 0.00268615  
191, 9.86981, 1136.84, 180.756, -0.956444, 0.0504944, -0.287516, -0.100888, -0.981412, 0.163253, -0.273929, 0.185149, 0.94376, 0.00269503  
192, 10.259, 1135.87, 180.647, -0.956052, 0.0509228, -0.288743, -0.100857, -0.981822, 0.160791, -0.275306, 0.182846, 0.943808, 0.00283483  
193, 10.4313, 1134.97, 180.674, -0.956496, 0.053032, -0.286884, -0.101639, -0.982309, 0.157287, -0.273467, 0.179603, 0.944965, 0.0030301  
194, 10.5689, 1134.05, 180.637, -0.956205, 0.0514419, -0.288143, -0.100029, -0.982595, 0.156526, -0.275076, 0.178494, 0.944708, 0.00282845  
195, 10.7541, 1133.02, 180.715, -0.957101, 0.0515978, -0.285125, -0.100614, -0.98197, 0.160034, -0.271727, 0.181856, 0.945036, 0.00277408  
196, 10.7016, 1131.99, 180.919, -0.958264, 0.0529666, -0.280935, -0.102454, -0.98104, 0.164508, -0.266896, 0.186425, 0.945522, 0.00280293  
197, 11.1874, 1130.78, 180.793, -0.957307, 0.0526845, -0.28423, -0.101425, -0.981959, 0.159593, -0.270694, 0.181608, 0.94538, 0.00275439  
198, 11.4424, 1129.62, 180.848, -0.957891, 0.0534573, -0.282112, -0.102466, -0.981467, 0.161938, -0.268226, 0.184026, 0.945616, 0.00313801  
199, 11.6194, 1128.48, 180.803, -0.957835, 0.0526538, -0.282454, -0.10219, -0.981216, 0.163624, -0.268533, 0.185589, 0.945223, 0.00279849  
200, 11.8182, 1127.14, 180.823, -0.957931, 0.0532363, -0.282017, -0.10177, -0.9818, 0.16035, -0.268348, 0.182305, 0.945914, 0.00280459  
201, 11.9943, 1125.9, 180.848, -0.957861, 0.0519294, -0.282499, -0.099936, -0.982324, 0.158278, -0.269286, 0.17984, 0.94612, 0.00272277  
202, 12.0697, 1124.49, 180.928, -0.958776, 0.0532521, -0.27913, -0.100457, -0.982373, 0.157642, -0.265815, 0.179184, 0.947225, 0.00302151  
203, 12.0756, 1123.07, 180.896, -0.959122, 0.0524216, -0.278094, -0.0994714, -0.982436, 0.157876, -0.264934, 0.179085, 0.947491, 0.00294467  
204, 12.2094, 1121.68, 180.872, -0.959677, 0.0533558, -0.275996, -0.0994949, -0.982737, 0.155974, -0.26291, 0.177145, 0.948419, 0.00277131  
205, 12.3444, 1120.14, 180.773, -0.958915, 0.0515357, -0.278972, -0.0967272, -0.983831, 0.150735, -0.266693, 0.171526, 0.948395, 0.00287117  
206, 12.4114, 1118.57, 180.834, -0.960088, 0.0521063, -0.274801, -0.0964086, -0.983935, 0.15026, -0.262557, 0.170756, 0.949687, 0.00272859  
207, 12.4984, 1116.84, 180.825, -0.95993, 0.0529762, -0.275186, -0.0956451, -0.984941, 0.144027, -0.263412, 0.164576, 0.950541, 0.00300847  
208, 12.4977, 1115.24, 180.799, -0.9601, 0.052658, -0.274655, -0.0954605, -0.984833, 0.144881, -0.26286, 0.165319, 0.950565, 0.0029652  
209, 12.6232, 1113.5, 180.81, -0.959545, 0.0542567, -0.276277, -0.0956096, -0.985739, 0.13848, -0.264824, 0.159293, 0.951049, 0.00270501  
210, 12.7459, 1111.78, 180.853, -0.960406, 0.0518197, -0.273744, -0.0935773, -0.985468, 0.141758, -0.26242, 0.161761, 0.951298, 0.00283095  
211, 12.8751, 1109.89, 180.88, -0.96018, 0.0550441, -0.273907, -0.0953645, -0.98609, 0.136136, -0.262604, 0.156836, 0.952072, 0.0026745  
212, 13.0462, 1108.13, 180.869, -0.960058, 0.0559671, -0.274146, -0.0953609, -0.986579, 0.132543, -0.263049, 0.153391, 0.952511, 0.00300514  
213, 13.1925, 1106.2, 180.93, -0.960722, 0.05497, -0.272013, -0.0933253, -0.987094, 0.130138, -0.261349, 0.150412, 0.953453, 0.00319043  
214, 13.2344, 1104.3, 181.088, -0.960072, 0.0561011, -0.274071, -0.0924406, -0.988275, 0.121525, -0.264039, 0.142008, 0.954001, 0.00281569  
215, 13.3084, 1102.39, 181.153, -0.960615, 0.0570268, -0.27197, -0.0923098, -0.988624, 0.118749, -0.262104, 0.139177, 0.954951, 0.00285286  
216, 13.533, 1100.65, 181.174, -0.96089, 0.0564279, -0.271121, -0.0905903, -0.989205, 0.115183, -0.261694, 0.13524, 0.955629, 0.00261792  
217, 13.698, 1098.55, 181.208, -0.962367, 0.0578504, -0.265524, -0.0902636, -0.989653, 0.111534, -0.256325, 0.131304, 0.957631, 0.00310527  
218, 13.8707, 1096.54, 181.331, -0.964391, 0.0579632, -0.258052, -0.0901489, -0.989303, 0.114689, -0.248643, 0.133868, 0.9593, 0.00328335  
219, 13.9283, 1094.48, 181.265, -0.964355, 0.0576926, -0.258248, -0.0879104, -0.990362, 0.10703, -0.249584, 0.125918, 0.960132, 0.00311332  
220, 14.18, 1092.57, 181.197, -0.964607, 0.0560092, -0.257675, -0.0845124, -0.991301, 0.1009, -0.249783, 0.119105, 0.960949, 0.0030154  
221, 14.2776, 1090.31, 181.217, -0.965217, 0.0564319, -0.255286, -0.0828735, -0.992114, 0.0940279, -0.247967, 0.111914, 0.962282, 0.00301235  
222, 25.9891, 1088.51, 183.984, 0.970247, 0.0812601, 0.228075, 0.0905314, -0.995427, -0.0304693, 0.224556, 0.0502106, -0.973167, 0.00299848  
223, 26.2036, 1086.41, 184.073, 0.970595, 0.0824654, 0.226154, 0.09192, -0.995265, -0.0315805, 0.222479, 0.05144, -0.973579, 0.00295105  
224, 26.4609, 1084.33, 184.148, 0.971086, 0.082886, 0.223881, 0.0913772, -0.995428, -0.0278184, 0.220552, 0.0474717, -0.974219, 0.00286617  
225, 26.6448, 1082.01, 184.197, 0.972184, 0.0815865, 0.219548, 0.0892987, -0.99568, -0.0254193, 0.216526, 0.0443176, -0.975271, 0.00271389  
226, 26.7678, 1079.78, 184.12, 0.971974, 0.0803581, 0.220927, 0.0865725, -0.996072, -0.0185748, 0.218567, 0.0371804, -0.975113, 0.00275578  
227, 26.8587, 1077.57, 184.023, 0.971608, 0.079619, 0.222796, 0.0851308, -0.996253, -0.0152295, 0.220749, 0.033764, -0.974746, 0.00312996  
228, 26.8751, 1075.29, 184.041, 0.971172, 0.080307, 0.224447, 0.0837176, -0.996473, -0.00570458, 0.223197, 0.0243303, -0.97447, 0.00299765  
229, 26.8422, 1072.98, 184.053, 0.971466, 0.0804418, 0.22312, 0.0831176, -0.996536, -0.00261186, 0.222137, 0.0210826, -0.974787, 0.00275966  
230, 26.8989, 1070.6, 184.053, 0.972045, 0.079966, 0.22076, 0.0820803, -0.996626, -0.000405873, 0.219982, 0.0185145, -0.975328, 0.0028021  
231, 26.845, 1068.31, 184.098, 0.972446, 0.0821108, 0.21819, 0.083218, -0.996523, 0.00412612, 0.21777, 0.0141449, -0.975898, 0.00264177  
232, 26.9088, 1066.2, 184.167, 0.971862, 0.0822108, 0.22074, 0.0824003, -0.996564, 0.00836544, 0.22067, 0.010059, -0.975297, 0.00276271  
233, 26.8649, 1063.88, 184.133, 0.972382, 0.0805553, 0.219052, 0.0800482, -0.996728, 0.0112037, 0.219237, 0.00664039, -0.975649, 0.00293524  
234, 26.8164, 1061.54, 184.114, 0.972001, 0.0829459, 0.219849, 0.0804659, -0.996552, 0.0202275, 0.220769, -0.00197077, -0.975324, 0.00266618  
235, 77.2745, 1060.19, 161.556, 0.877497, -0.020975, -0.479122, -0.0253964, -0.999674, -0.00274905, -0.478908, 0.0145803, -0.877744, 0.00301097  
236, 77.0208, 1057.9, 161.736, 0.876515, -0.0192571, -0.480989, -0.0212522, -0.999773, 0.00129903, -0.480905, 0.00908348, -0.876725, 0.00269059  
237, 77.3147, 1056.33, 161.49, 0.880003, 0.0023913, -0.474962, -0.000323339, -0.999984, -0.00563373, -0.474968, 0.00511128, -0.879988, 0.00271888  
238, 76.7473, 1053.19, 161.672, 0.876106, -0.0188971, -0.481747, -0.0211131, -0.999777, 0.000821123, -0.481655, 0.00945177, -0.87631, 0.00299654  
239, 76.6855, 1050.82, 161.502, 0.874783, -0.0195571, -0.484121, -0.0239168, -0.99971, -0.002831, -0.483925, 0.0140551, -0.874997, 0.00264593  
240, 76.5173, 1048.48, 161.357, 0.87369, -0.0207822, -0.486039, -0.0248399, -0.99969, -0.00190642, -0.485849, 0.0137388, -0.873935, 0.00271472  
241, 76.205, 1046.09, 161.331, 0.874721, -0.0230196, -0.484081, -0.0252134, -0.99968, 0.00197823, -0.483971, 0.0104749, -0.875021, 0.002677  
242, 76.5223, 1044.85, 160.891, 0.865799, -0.0303129, -0.499472, -0.0155991, -0.999313, 0.0336082, -0.500148, -0.0213066, -0.865678, 0.00283927  
243, 76.378, 1042.5, 160.888, 0.864722, -0.0339293, -0.501103, -0.0165645, -0.999099, 0.0390638, -0.501977, -0.0254788, -0.864506, 0.00322815  
244, 75.9276, 1040.35, 160.986, 0.861058, -0.0397745, -0.506949, -0.0193876, -0.998779, 0.0454329, -0.508138, -0.0292918, -0.860778, 0.00271167  
245, 75.3701, 1037.81, 160.896, 0.857476, -0.0439413, -0.512644, -0.0228915, -0.998618, 0.0473071, -0.514014, -0.0288295, -0.857297, 0.00271528  
246, 74.6458, 1034.87, 161.401, 0.870523, -0.0280632, -0.491327, -0.0331458, -0.999449, -0.00164147, -0.49101, 0.0177144, -0.870974, 0.00265897  
247, 9.26883, 1033.66, 184.37, -0.979224, -0.0790542, -0.186738, -0.0831407, 0.996437, 0.0141417, 0.184955, 0.0293734, -0.982308, 0.00298434  
248, 6.64877, 1031.37, 186.556, -0.982842, -0.0986594, -0.155847, -0.104342, 0.994127, 0.0286934, 0.152101, 0.0444625, -0.987364, 0.00298961  
249, 6.58298, 1029.41, 186.312, -0.982124, -0.0925352, -0.163921, -0.0970078, 0.995093, 0.0194761, 0.161315, 0.0350296, -0.986281, 0.0026745  
250, 8.01273, 1027.69, 184.577, -0.979772, -0.0808014, -0.183078, -0.0820375, 0.996629, -0.000824535, 0.182528, 0.0142114, -0.983098, 0.00280487  
251, 7.68178, 1025.63, 184.576, -0.981487, -0.0787923, -0.174572, -0.0818186, 0.996595, 0.0101959, 0.173174, 0.0242904, -0.984592, 0.0026279  
252, 6.17146, 1023.16, 185.477, -0.982535, -0.0870967, -0.164435, -0.0921799, 0.995464, 0.0235249, 0.161641, 0.0382717, -0.986107, 0.00283927  
253, 5.74465, 1021.08, 185.477, -0.983323, -0.0879111, -0.15921, -0.0936939, 0.995174, 0.0291726, 0.155877, 0.0436031, -0.986814, 0.00300847  
254, 5.57527, 1018.97, 185.221, -0.982537, -0.0898205, -0.162951, -0.0962229, 0.994851, 0.0318167, 0.159254, 0.0469407, -0.986121, 0.00276077  
255, 5.21683, 1017.03, 185.27, -0.983349, -0.0879888, -0.159008, -0.0950024, 0.994788, 0.0370438, 0.15492, 0.0515331, -0.986582, 0.00278767  
256, 4.8227, 1014.79, 185.457, -0.983617, -0.0880391, -0.157313, -0.0953121, 0.994672, 0.0392884, 0.153016, 0.0536385, -0.986767, 0.00266119  
257, 4.53352, 1012.94, 185.512, -0.983957, -0.0909876, -0.153457, -0.0981048, 0.994394, 0.0394468, 0.149008, 0.0538689, -0.987368, 0.00283954  
258, 4.24427, 1011.14, 185.567, -0.983512, -0.0939718, -0.15451, -0.100888, 0.99419, 0.0375314, 0.150085, 0.0525009, -0.987278, 0.00332052  
259, 4.17602, 1009.15, 185.424, -0.983135, -0.0937685, -0.157016, -0.10118, 0.994069, 0.0398742, 0.152346, 0.0550886, -0.986791, 0.00271195  
260, 9.74234, 1009.12, 181.229, -0.953314, -0.00867731, -0.301857, 0.0183096, -0.999409, -0.0290953, -0.301426, -0.0332638, 0.952909, 0.00279766  
261, 9.8587, 1006.58, 181.024, -0.954541, 0.00750183, -0.297987, 0.00660848, -0.998905, -0.0463164, -0.298008, -0.0461802, 0.953446, 0.00267145  
262, 9.48505, 1005.1, 181.138, -0.953745, -0.00322227, -0.300599, 0.0152248, -0.999177, -0.0375949, -0.30023, -0.0404326, 0.953009, 0.0029799  
263, 3.24526, 1002.08, 185.366, -0.985208, -0.0964151, -0.141666, -0.103308, 0.993757, 0.0421143, 0.136721, 0.0561265, -0.989018, 0.00300986  
264, 3.13118, 1000.05, 185.368, -0.984952, -0.0947018, -0.144575, -0.101063, 0.994181, 0.0372906, 0.140202, 0.0513406, -0.988791, 0.00273358  
265, 3.18756, 998.26, 185.273, -0.984911, -0.0901929, -0.147703, -0.0967525, 0.994589, 0.0378304, 0.143492, 0.0515502, -0.988308, 0.00301651  
266, 15.5372, 997.548, 182.313, 0.987138, -0.0504249, 0.151709, 0.0585599, 0.997049, -0.0496387, -0.148758, 0.0578843, 0.987178, 0.0027469  
267, 15.4177, 995.83, 182.457, 0.986887, -0.0591386, 0.150188, 0.0687715, 0.99584, -0.0597724, -0.146028, 0.0693173, 0.986849, 0.00283538  
268, 15.8261, 994.324, 182.303, 0.987204, -0.0605376, 0.147523, 0.0709396, 0.995275, -0.0662964, -0.142813, 0.0759133, 0.986834, 0.00297823  
269, 15.9147, 992.602, 182.36, 0.987085, -0.0600537, 0.148514, 0.0708874, 0.995112, -0.0687593, -0.143659, 0.0783991, 0.986517, 0.00277048  
270, 15.7199, 990.772, 182.544, 0.986494, -0.0571551, 0.153501, 0.0674136, 0.995767, -0.0624746, -0.14928, 0.0719789, 0.986172, 0.00287117  
271, 14.3556, 988.732, 183.609, 0.986243, -0.063759, 0.152509, 0.0739859, 0.995309, -0.0623451, -0.147818, 0.072771, 0.986334, 0.00274107  
272, 14.2461, 987.148, 183.65, 0.985638, -0.0614657, 0.157291, 0.0708001, 0.996004, -0.0544417, -0.153316, 0.064796, 0.986051, 0.00299155  
273, 14.3177, 985.514, 183.687, 0.986042, -0.063393, 0.153955, 0.0735473, 0.995414, -0.0611763, -0.149371, 0.0716454, 0.986182, 0.00301013  
274, 14.4948, 984.034, 183.572, 0.985184, -0.0635954, 0.159274, 0.0729304, 0.995903, -0.053461, -0.155221, 0.0642848, 0.985786, 0.00280959  
275, 14.8052, 982.531, 183.495, 0.985431, -0.0614266, 0.158596, 0.0701016, 0.996301, -0.049692, -0.154957, 0.0600858, 0.986092, 0.00283039  
276, 22.4078, 979.803, 185.575, 0.960483, 0.0610431, 0.271562, 0.0390751, -0.995564, 0.085584, 0.275582, -0.0715907, -0.958608, 0.00269697  
277, 20.8508, 977.481, 183.941, 0.963943, 0.0864031, 0.251692, 0.0666535, -0.994065, 0.0859786, 0.257627, -0.0661023, -0.963981, 0.00301596  
278, 21.1144, 976.045, 184.119, 0.9646, 0.0833695, 0.250192, 0.0654068, -0.994704, 0.0792852, 0.255477, -0.0601142, -0.964944, 0.00286673  
279, 16.2312, 977.025, 182.623, 0.981033, -0.0617393, 0.183746, 0.0678888, 0.997318, -0.0273609, -0.181564, 0.0393162, 0.982593, 0.00276105  
280, 16.5134, 975.484, 182.567, 0.98077, -0.0603438, 0.185604, 0.0663335, 0.997453, -0.0262271, -0.183549, 0.0380345, 0.982275, 0.0028892  
281, 21.3136, 975.011, 181.714, 0.988563, -0.000353064, 0.150811, 0.0113229, 0.997349, -0.0718861, -0.150386, 0.0727716, 0.985945, 0.00267783  
282, 21.4805, 973.455, 181.651, 0.988607, -0.000419181, 0.150521, 0.0111531, 0.997451, -0.0704749, -0.150107, 0.0713507, 0.986092, 0.00313551  
283, 21.7549, 972.067, 181.479, 0.987371, 0.00187461, 0.158414, 0.00800615, 0.998062, -0.0617119, -0.158223, 0.0622008, 0.985442, 0.00281042  
284, 21.5014, 969.798, 182.031, 0.979313, -0.0415175, 0.198047, 0.0503846, 0.997931, -0.0399432, -0.195979, 0.0490954, 0.979378, 0.00273386  
