0, 0, 0, 0, 0, 0, 0, 0, 0, 0, 0, 0, 0, 0.00642108  
1, 0, 0, 0, 0, 0, 0, 0, 0, 0, 0, 0, 0, 0.00257076  
2, 3.41409, 1156.58, 180.537, 0.983419, -0.0506582, 0.174131, 0.0441647, 0.998184, 0.0409679, -0.17589, -0.0325982, 0.98387, 0.00265869  
3, 2.38389, 1156.88, 180.787, 0.980332, -0.0493409, 0.191086, 0.0366075, 0.996903, 0.0696049, -0.193929, -0.0612407, 0.979102, 0.00280043  
4, 2.40047, 1156.85, 180.747, 0.980502, -0.047963, 0.190566, 0.0348885, 0.996839, 0.0713833, -0.193387, -0.0633429, 0.979076, 0.00291777  
5, 2.47729, 1156.88, 180.739, 0.98047, -0.0476907, 0.190797, 0.0346028, 0.996851, 0.0713511, -0.193599, -0.0633555, 0.979033, 0.00276659  
6, 2.34217, 1156.84, 180.795, 0.980151, -0.0481637, 0.192313, 0.0347414, 0.996758, 0.0725675, -0.195185, -0.0644458, 0.978647, 0.00278518  
7, -6.77406, 1155.26, 180.825, -0.957688, 0.0537753, -0.28274, -0.0759397, -0.99479, 0.0680182, -0.277609, 0.0866113, 0.956782, 0.00267478  
8, -6.76546, 1155.26, 180.792, -0.957268, 0.0545603, -0.284008, -0.0762268, -0.994917, 0.0657955, -0.278975, 0.084633, 0.956562, 0.00278795  
9, -6.75561, 1155.26, 180.837, -0.957079, 0.0544827, -0.284661, -0.0759435, -0.994998, 0.0648973, -0.279702, 0.08373, 0.956429, 0.00291139  
10, -6.76795, 1155.26, 180.821, -0.957413, 0.0542123, -0.283585, -0.0760134, -0.994891, 0.0664386, -0.278534, 0.0851655, 0.956643, 0.00274884  
11, -6.7604, 1155.27, 180.83, -0.95763, 0.0546179, -0.282777, -0.0761984, -0.994914, 0.0658815, -0.27774, 0.0846372, 0.956921, 0.00285563  
12, -6.74602, 1155.26, 180.745, -0.956313, 0.0552627, -0.287074, -0.0760171, -0.995199, 0.0616521, -0.282288, 0.0807812, 0.955922, 0.00274884  
13, -6.76357, 1155.26, 180.81, -0.957234, 0.0547155, -0.284092, -0.0758723, -0.995061, 0.0640013, -0.279188, 0.082819, 0.956658, 0.00276521  
14, -6.76266, 1155.26, 180.811, -0.957364, 0.0549594, -0.283607, -0.0764441, -0.994937, 0.0652444, -0.278585, 0.0841427, 0.956718, 0.0028168  
15, -6.70098, 1155.29, 180.719, -0.956537, 0.0549486, -0.286387, -0.0757714, -0.995188, 0.0621326, -0.281595, 0.081132, 0.956097, 0.00279128  
16, -6.73309, 1155.27, 180.816, -0.957428, 0.0546131, -0.28346, -0.0762973, -0.994897, 0.0660229, -0.278408, 0.0848394, 0.956709, 0.00279294  
17, -6.74356, 1155.29, 180.739, -0.957032, 0.0538817, -0.284931, -0.0750309, -0.995136, 0.0638308, -0.280106, 0.0824668, 0.95642, 0.0027125  
18, -6.7506, 1155.28, 180.711, -0.956524, 0.0543701, -0.286543, -0.0754305, -0.995161, 0.0629715, -0.281732, 0.0818478, 0.955996, 0.00277908  
19, -6.76636, 1155.27, 180.866, -0.957898, 0.0545157, -0.281887, -0.0763339, -0.994829, 0.0669997, -0.276777, 0.0856964, 0.957105, 0.00295521  
20, -6.72663, 1155.29, 180.772, -0.957073, 0.0542741, -0.284721, -0.0755737, -0.995061, 0.0643561, -0.279822, 0.0831109, 0.956448, 0.00272221  
21, -6.71668, 1155.27, 180.826, -0.957397, 0.0547578, -0.283537, -0.0762144, -0.994958, 0.0651967, -0.278538, 0.0840287, 0.956742, 0.00280487  
22, -6.71037, 1155.28, 180.784, -0.956936, 0.0552145, -0.285001, -0.0765823, -0.994983, 0.0643748, -0.280016, 0.0834286, 0.956363, 0.00278518  
23, -6.77993, 1155.29, 180.77, -0.956868, 0.0540336, -0.285455, -0.0754889, -0.995046, 0.0646932, -0.280545, 0.0834515, 0.956206, 0.00279267  
24, -6.71337, 1155.31, 180.704, -0.956472, 0.0540644, -0.286773, -0.0751583, -0.995176, 0.0630577, -0.28198, 0.0818663, 0.955921, 0.00303815  
25, -6.70912, 1155.31, 180.787, -0.957483, 0.0540325, -0.283384, -0.0756461, -0.994956, 0.0658821, -0.278395, 0.0845179, 0.956741, 0.00280265  
26, -6.78655, 1155.28, 180.749, -0.957218, 0.0540926, -0.284267, -0.0757328, -0.994962, 0.0656872, -0.279282, 0.0844053, 0.956492, 0.00278962  
27, -6.77171, 1155.29, 180.78, -0.95779, 0.0539024, -0.282372, -0.0759291, -0.994816, 0.0676454, -0.277261, 0.0862302, 0.956917, 0.00259711  
28, -6.75393, 1155.28, 180.791, -0.957781, 0.0541024, -0.282361, -0.0760687, -0.994821, 0.0674136, -0.277251, 0.0860464, 0.956937, 0.00291388  
29, -6.77263, 1155.27, 180.789, -0.957452, 0.0543901, -0.283422, -0.0758126, -0.99499, 0.0651657, -0.278457, 0.0838799, 0.956779, 0.00296658  
30, -6.79482, 1155.26, 180.774, -0.957272, 0.0537084, -0.284156, -0.0754298, -0.994961, 0.0660518, -0.279177, 0.0846635, 0.9565, 0.00336934  
31, -6.77317, 1155.25, 180.808, -0.957613, 0.0542222, -0.282909, -0.0758041, -0.994943, 0.0658976, -0.277905, 0.08455, 0.95688, 0.00280931  
32, -6.8168, 1155.27, 180.858, -0.95776, 0.0540715, -0.282438, -0.0756928, -0.994931, 0.0662025, -0.277427, 0.0847847, 0.956998, 0.00283122  
33, -6.76729, 1155.3, 180.787, -0.956552, 0.0539068, -0.286536, -0.0748967, -0.995212, 0.0627977, -0.281779, 0.0815298, 0.956009, 0.00279572  
34, -6.76856, 1155.26, 180.831, -0.957509, 0.0548473, -0.283141, -0.0767862, -0.994796, 0.0669686, -0.277994, 0.0858643, 0.956737, 0.00294412  
35, -6.79482, 1155.26, 180.809, -0.95732, 0.0542684, -0.283889, -0.0760674, -0.994894, 0.0663272, -0.278841, 0.0850911, 0.95656, 0.00285785  
36, -6.7533, 1155.27, 180.782, -0.95723, 0.0545831, -0.284133, -0.0761128, -0.99496, 0.0652847, -0.279137, 0.0841186, 0.95656, 0.00284814  
37, -6.77082, 1155.26, 180.724, -0.95667, 0.0542153, -0.286082, -0.0756495, -0.995052, 0.0644034, -0.281175, 0.0832548, 0.956038, 0.00274662  
38, -6.7642, 1155.24, 180.814, -0.957491, 0.0538661, -0.28339, -0.0756531, -0.994914, 0.0664984, -0.278366, 0.0851109, 0.956697, 0.00291388  
39, -6.76263, 1155.21, 180.791, -0.957429, 0.05445, -0.283487, -0.0762096, -0.994885, 0.0662949, -0.278428, 0.0850771, 0.956682, 0.00307726  
40, -6.74408, 1155.22, 180.814, -0.957443, 0.0543202, -0.283463, -0.0758807, -0.994954, 0.0656361, -0.278468, 0.0843522, 0.956734, 0.00291166  
41, -6.72817, 1155.23, 180.788, -0.957132, 0.0547868, -0.284423, -0.0764445, -0.994913, 0.0656044, -0.279382, 0.0845346, 0.956452, 0.00289835  
42, -6.74811, 1155.22, 180.811, -0.957731, 0.0546719, -0.282421, -0.076385, -0.994862, 0.0664446, -0.277337, 0.0852088, 0.956987, 0.00273719  
43, -6.7383, 1155.23, 180.8, -0.957371, 0.0547061, -0.283633, -0.076081, -0.994988, 0.0648934, -0.278661, 0.0837061, 0.956735, 0.00288836  
44, -6.71416, 1155.22, 180.784, -0.957197, 0.055259, -0.284113, -0.0768263, -0.994902, 0.0653283, -0.279055, 0.0843594, 0.956562, 0.00312913  
45, -6.74356, 1155.24, 180.788, -0.957409, 0.0538269, -0.283675, -0.0754216, -0.994981, 0.0657531, -0.278712, 0.0843478, 0.956664, 0.00289225  
46, -6.75866, 1155.22, 180.826, -0.957667, 0.0551305, -0.282551, -0.0768521, -0.994831, 0.0663707, -0.277432, 0.0852757, 0.956953, 0.00287033  
47, -6.77091, 1155.24, 180.838, -0.95762, 0.054122, -0.282904, -0.0757262, -0.994943, 0.0659895, -0.277902, 0.0846161, 0.956875, 0.0027935  
48, 2.65186, 1157.03, 180.83, 0.982864, -0.0491938, 0.177649, 0.0413209, 0.998004, 0.0477502, -0.179643, -0.0395913, 0.982935, 0.00282623  
49, 2.65309, 1157.04, 180.841, 0.982749, -0.048099, 0.17858, 0.0402194, 0.998062, 0.0474873, -0.180518, -0.0394857, 0.982779, 0.00302095  
50, 2.69471, 1157.11, 180.815, 0.983198, -0.0477806, 0.176177, 0.0406651, 0.998213, 0.0437819, -0.177954, -0.035882, 0.983384, 0.00289141  
51, 2.59122, 1157.02, 180.851, 0.982867, -0.0480757, 0.177933, 0.0403443, 0.998088, 0.0468194, -0.179844, -0.0388387, 0.982928, 0.00283649  
52, 2.62197, 1157.02, 180.828, 0.982741, -0.0481949, 0.178599, 0.0404335, 0.998083, 0.0468476, -0.180514, -0.0388177, 0.982806, 0.00285508  
53, 2.66294, 1157.05, 180.813, 0.98323, -0.048772, 0.175725, 0.0416942, 0.998172, 0.043749, -0.177538, -0.0356886, 0.983467, 0.00276326  
54, 2.63005, 1157.05, 180.856, 0.982798, -0.0482283, 0.178276, 0.040343, 0.998052, 0.0475962, -0.180224, -0.0395853, 0.982829, 0.00301346  
55, 2.58371, 1157.03, 180.871, 0.982743, -0.0488353, 0.178414, 0.0407489, 0.997981, 0.0487125, -0.180433, -0.0406017, 0.982749, 0.00275744  
56, 2.60173, 1157.05, 180.868, 0.983099, -0.0484843, 0.176538, 0.0410455, 0.998118, 0.0455503, -0.178414, -0.0375344, 0.983239, 0.00279988  
57, 2.59719, 1157.06, 180.847, 0.983078, -0.0488744, 0.176547, 0.0411537, 0.99804, 0.0471333, -0.178505, -0.0390701, 0.983163, 0.00267062  
58, 2.66071, 1157.07, 180.827, 0.982798, -0.0486162, 0.178171, 0.0409484, 0.99808, 0.0464658, -0.180088, -0.0383707, 0.982902, 0.00278102  
59, 2.66999, 1157.12, 180.788, 0.983277, -0.0475624, 0.175797, 0.0402803, 0.998185, 0.0447642, -0.177607, -0.0369344, 0.983408, 0.00295105  
60, 2.6602, 1157.08, 180.812, 0.983158, -0.0490296, 0.176057, 0.0415538, 0.998081, 0.0459027, -0.17797, -0.0378138, 0.983309, 0.00323176  
61, 2.63896, 1157.1, 180.813, 0.983269, -0.0488044, 0.175501, 0.0415947, 0.998142, 0.0445295, -0.177348, -0.0364845, 0.983472, 0.00385531  
62, 2.62931, 1157.08, 180.833, 0.983016, -0.048895, 0.176886, 0.0414635, 0.998105, 0.0454701, -0.178774, -0.0373635, 0.98318, 0.00275467  
63, 2.66185, 1157.08, 180.84, 0.983075, -0.0482742, 0.176728, 0.0408655, 0.998136, 0.0453256, -0.178587, -0.0373364, 0.983215, 0.00280959  
64, 2.64961, 1157.08, 180.838, 0.983232, -0.0491777, 0.175605, 0.0419354, 0.998119, 0.04472, -0.177474, -0.036606, 0.983444, 0.00295826  
65, 2.60529, 1157.07, 180.886, 0.982973, -0.0483711, 0.17727, 0.0405744, 0.998054, 0.0473486, -0.179215, -0.0393498, 0.983023, 0.00273636  
66, 3.48478, 1156.61, 180.522, 0.983724, -0.0523225, 0.171897, 0.0467212, 0.998242, 0.0364737, -0.173503, -0.0278488, 0.98444, 0.00281264  
67, 3.39066, 1156.59, 180.576, 0.983481, -0.0514805, 0.173535, 0.0453652, 0.998208, 0.0390263, -0.175233, -0.0305092, 0.984054, 0.00278379  
68, 3.41043, 1156.59, 180.505, 0.983503, -0.0525277, 0.173098, 0.0467514, 0.998211, 0.0372823, -0.174747, -0.0285747, 0.984199, 0.00277935  
69, -6.78815, 1155.28, 180.724, -0.956582, 0.0537702, -0.286462, -0.0747519, -0.995222, 0.0628111, -0.281716, 0.0814975, 0.956031, 0.0028315  
70, -6.74368, 1155.27, 180.82, -0.957479, 0.055342, -0.283147, -0.0768444, -0.994896, 0.0653986, -0.278082, 0.084376, 0.956844, 0.0027763  
71, -6.80513, 1155.26, 180.819, -0.957674, 0.054583, -0.282633, -0.0763568, -0.994854, 0.0665977, -0.277544, 0.0853599, 0.956913, 0.00276576  
72, -6.75228, 1155.28, 180.799, -0.957618, 0.0550793, -0.282726, -0.0765447, -0.994916, 0.0654387, -0.277685, 0.0843064, 0.956966, 0.00270391  
73, -6.74053, 1155.25, 180.794, -0.957254, 0.0551815, -0.283935, -0.0769988, -0.994828, 0.0662522, -0.278811, 0.0852829, 0.956552, 0.00278656  
74, -6.73231, 1155.28, 180.784, -0.957336, 0.0548421, -0.283725, -0.0765255, -0.994887, 0.0659049, -0.27866, 0.0848054, 0.956638, 0.00283316  
75, -6.76426, 1155.27, 180.77, -0.95722, 0.0549432, -0.284096, -0.0762432, -0.995003, 0.0644601, -0.279135, 0.0833629, 0.956627, 0.00284204  
76, -6.75451, 1155.27, 180.801, -0.957395, 0.0548408, -0.283528, -0.07616, -0.994993, 0.0647164, -0.278559, 0.0835526, 0.956778, 0.00276743  
77, -6.79486, 1155.24, 180.82, -0.957548, 0.0538976, -0.28319, -0.0756812, -0.994909, 0.0665461, -0.278161, 0.0851532, 0.956752, 0.00276964  
78, -6.75973, 1155.26, 180.777, -0.957389, 0.0549655, -0.283521, -0.0764223, -0.994943, 0.0651743, -0.278505, 0.0840645, 0.956749, 0.00273858  
79, -6.78496, 1155.26, 180.784, -0.957712, 0.0540752, -0.2826, -0.0760104, -0.994838, 0.067233, -0.277506, 0.0858704, 0.956879, 0.00288337  
80, -6.811, 1155.21, 180.796, -0.957326, 0.05473, -0.28378, -0.0763237, -0.994923, 0.0655947, -0.278749, 0.0844546, 0.956643, 0.00275245  
81, -6.83671, 1155.24, 180.8, -0.957446, 0.0544847, -0.283423, -0.0761251, -0.994918, 0.0659008, -0.278393, 0.0846721, 0.956728, 0.00274191  
82, -6.81604, 1155.24, 180.81, -0.957659, 0.0546667, -0.282667, -0.0765486, -0.994816, 0.0669486, -0.277541, 0.0857516, 0.956879, 0.00273691  
83, -6.75298, 1155.21, 180.764, -0.957149, 0.0545471, -0.284413, -0.0761393, -0.994949, 0.0654155, -0.279408, 0.0842674, 0.956468, 0.0027358  
84, -6.78872, 1155.26, 180.812, -0.957414, 0.0541458, -0.283597, -0.075791, -0.994943, 0.0659082, -0.278594, 0.0845955, 0.956676, 0.002796  
85, -6.80027, 1155.24, 180.812, -0.95728, 0.0541037, -0.284055, -0.0756837, -0.994975, 0.0655458, -0.279081, 0.0842441, 0.956565, 0.00270834  
86, -6.81983, 1155.25, 180.771, -0.957207, 0.0541709, -0.284289, -0.0755032, -0.99505, 0.0646155, -0.279382, 0.0833152, 0.956559, 0.0027824  
87, -6.77117, 1155.22, 180.732, -0.95641, 0.0548289, -0.286834, -0.0754019, -0.995275, 0.0611687, -0.282125, 0.0801302, 0.956026, 0.00266202  
88, -6.80238, 1155.23, 180.795, -0.957348, 0.0544419, -0.283763, -0.0759205, -0.994977, 0.0652442, -0.278785, 0.0840048, 0.956672, 0.00273553  
89, -6.81412, 1155.22, 180.767, -0.957278, 0.0549487, -0.283902, -0.0765925, -0.994896, 0.0656989, -0.278843, 0.0846369, 0.9566, 0.00298933  
90, -6.80623, 1155.2, 180.808, -0.957235, 0.0548636, -0.284061, -0.0760198, -0.995051, 0.0639888, -0.279145, 0.0828466, 0.956669, 0.00278629  
91, -6.80058, 1155.23, 180.825, -0.95735, 0.0545294, -0.283738, -0.0759661, -0.994983, 0.0650963, -0.278765, 0.0838744, 0.95669, 0.00278712  
92, -6.84504, 1155.21, 180.817, -0.957534, 0.0544692, -0.283128, -0.0760947, -0.994917, 0.0659452, -0.278097, 0.0846893, 0.956812, 0.00270196  
93, 2.49429, 1157.13, 180.884, 0.983173, -0.0399934, 0.178246, 0.0316253, 0.998271, 0.0495445, -0.179919, -0.0430737, 0.982738, 0.00278962  
94, 2.66424, 1157.01, 180.827, 0.983317, -0.0482195, 0.17539, 0.0410464, 0.998175, 0.0443009, -0.177206, -0.0363627, 0.983502, 0.002867  
95, 2.67334, 1157.03, 180.818, 0.982928, -0.0492025, 0.17729, 0.041694, 0.998079, 0.0458332, -0.179204, -0.0376588, 0.983091, 0.00279738  
96, 2.6426, 1157.01, 180.855, 0.983061, -0.048105, 0.176854, 0.0406884, 0.998143, 0.0453281, -0.178706, -0.0373643, 0.983193, 0.00280959  
97, 2.63351, 1156.99, 180.834, 0.983235, -0.0488449, 0.175681, 0.041467, 0.998107, 0.0454268, -0.177568, -0.0373802, 0.983398, 0.00279516  
98, 2.58375, 1156.98, 180.851, 0.983001, -0.0483166, 0.177128, 0.0407142, 0.998097, 0.0463084, -0.179028, -0.0383095, 0.983098, 0.00280404  
99, 2.61551, 1157, 180.816, 0.98311, -0.0491675, 0.176285, 0.0417846, 0.998097, 0.045353, -0.17818, -0.037221, 0.983294, 0.00305784  
100, 2.69207, 1157.06, 180.802, 0.983084, -0.0489966, 0.176478, 0.0415026, 0.998083, 0.0459098, -0.17839, -0.0378089, 0.983233, 0.0028401  
101, 2.63475, 1157.14, 180.756, 0.983188, -0.0486224, 0.176002, 0.0406912, 0.997999, 0.0483968, -0.178003, -0.0404214, 0.983199, 0.00284093  
102, 2.5554, 1157.25, 180.816, 0.983263, -0.0484109, 0.175643, 0.0402865, 0.99796, 0.0495314, -0.177683, -0.0416264, 0.983207, 0.00270557  
103, 2.58402, 1157.33, 180.791, 0.983236, -0.0501429, 0.175305, 0.0419052, 0.99785, 0.0503829, -0.177455, -0.0421921, 0.983224, 0.00282956  
104, 2.492, 1157.37, 180.845, 0.983332, -0.0516896, 0.174315, 0.0431207, 0.997685, 0.0525935, -0.17663, -0.0442003, 0.983284, 0.00307254  
105, 2.54918, 1157.48, 180.722, 0.983585, -0.0482752, 0.173868, 0.0388375, 0.997602, 0.0572817, -0.176216, -0.0495888, 0.983102, 0.00283871  
106, 2.53299, 1157.52, 180.718, 0.983026, -0.0488251, 0.176848, 0.0386174, 0.997408, 0.0607113, -0.179354, -0.0528514, 0.982364, 0.00279544  
107, 2.51207, 1157.64, 180.732, 0.982918, -0.0478551, 0.177712, 0.036829, 0.997216, 0.0648355, -0.18032, -0.0571831, 0.981944, 0.00270141  
108, 2.45675, 1157.67, 180.701, 0.982169, -0.0487581, 0.18157, 0.0357003, 0.996581, 0.0745046, -0.184582, -0.066694, 0.980552, 0.0027996  
109, 2.47123, 1157.76, 180.65, 0.982306, -0.0490527, 0.180747, 0.035701, 0.996438, 0.0763977, -0.183851, -0.068593, 0.980558, 0.00303094  
110, 2.44372, 1157.84, 180.684, 0.982482, -0.0493828, 0.179697, 0.0361751, 0.996448, 0.0760503, -0.182814, -0.0682175, 0.980778, 0.00274385  
111, 2.41844, 1157.84, 180.636, 0.982077, -0.0480257, 0.182259, 0.0334225, 0.996041, 0.0823675, -0.185493, -0.0747997, 0.979795, 0.0028254  
112, 2.4134, 1157.89, 180.531, 0.981812, -0.0492794, 0.183351, 0.0339079, 0.995714, 0.0860485, -0.186806, -0.0782664, 0.979274, 0.00271972  
113, 2.44719, 1157.93, 180.535, 0.981787, -0.0483903, 0.18372, 0.0324798, 0.995534, 0.0886456, -0.187189, -0.0810639, 0.978973, 0.00276881  
114, 2.45308, 1157.94, 180.515, 0.981361, -0.0483362, 0.185994, 0.0311917, 0.995081, 0.0940252, -0.189624, -0.0864712, 0.978042, 0.00295161  
115, 2.48688, 1158.05, 180.56, 0.981821, -0.0481656, 0.183595, 0.0319548, 0.995406, 0.0902555, -0.187099, -0.082748, 0.97885, 0.00283261  
116, 2.48053, 1158.08, 180.573, 0.981852, -0.0471502, 0.183693, 0.0306269, 0.995309, 0.0917722, -0.187159, -0.0844807, 0.97869, 0.00281735  
117, 2.35367, 1158.12, 180.566, 0.981431, -0.047979, 0.185718, 0.0297197, 0.994555, 0.0998821, -0.189499, -0.0925079, 0.977513, 0.0027677  
118, 2.10483, 1157.87, 180.414, 0.978506, -0.0498347, 0.200107, 0.0249194, 0.991825, 0.125151, -0.204708, -0.117474, 0.971748, 0.00283095  
119, 2.0103, 1157.85, 180.513, 0.976894, -0.0494563, 0.207922, 0.0198396, 0.989642, 0.142182, -0.212801, -0.134772, 0.967756, 0.00312747  
120, 2.07384, 1157.85, 180.451, 0.976801, -0.0486379, 0.208554, 0.0178381, 0.988962, 0.147092, -0.213406, -0.13996, 0.966886, 0.00290223  
121, 2.01237, 1157.89, 180.481, 0.977229, -0.0476406, 0.206769, 0.0166714, 0.988695, 0.149008, -0.211531, -0.142168, 0.966976, 0.0028082  
122, 4.05157, 1156.47, 183.933, 0.962651, 0.0735123, 0.260573, 0.0949476, -0.992973, -0.0706357, 0.253549, 0.0927383, -0.962867, 0.00280792  
123, 4.01498, 1156.51, 183.942, 0.962091, 0.0738936, 0.262528, 0.0963063, -0.992631, -0.0735404, 0.255159, 0.0960356, -0.962118, 0.00288365  
124, 3.9383, 1156.35, 184.006, 0.962233, 0.0727999, 0.262312, 0.0966371, -0.992169, -0.0791332, 0.254497, 0.101494, -0.961733, 0.00297934  
125, 3.78434, 1156.38, 183.997, 0.961915, 0.0750217, 0.262854, 0.0990017, -0.991931, -0.0791878, 0.254792, 0.102195, -0.961581, 0.00283733  
126, 3.72744, 1156.34, 183.986, 0.96159, 0.0757862, 0.26382, 0.0998858, -0.991846, -0.0791484, 0.255671, 0.10246, -0.961319, 0.00283705  
127, 3.68266, 1156.16, 183.97, 0.961452, 0.0751046, 0.264517, 0.0998452, -0.991672, -0.0813455, 0.256204, 0.10462, -0.960944, 0.0027236  
128, -6.70443, 1155.29, 180.572, -0.953701, 0.0522517, -0.296181, -0.0963816, -0.985953, 0.136408, -0.284893, 0.158639, 0.945341, 0.0028989  
129, -7.03542, 1154.98, 180.557, -0.954894, 0.051243, -0.292492, -0.0976397, -0.98441, 0.1463, -0.280435, 0.168259, 0.94501, 0.00296492  
130, -7.10262, 1154.8, 180.437, -0.953268, 0.0512665, -0.297743, -0.0976313, -0.984896, 0.142998, -0.285915, 0.165385, 0.943875, 0.00285924  
131, -7.30744, 1154.57, 180.456, -0.953033, 0.0517852, -0.298407, -0.0991716, -0.984314, 0.145911, -0.286171, 0.168651, 0.94322, 0.00295383  
132, -7.47153, 1154.17, 180.426, -0.952908, 0.0506572, -0.298999, -0.0982022, -0.984369, 0.146195, -0.28692, 0.168673, 0.942988, 0.00278185  
133, -7.68199, 1153.86, 180.427, -0.95206, 0.0498024, -0.30183, -0.0978669, -0.984391, 0.146275, -0.289834, 0.168802, 0.942073, 0.00291888  
134, -7.6165, 1153.36, 180.352, -0.951363, 0.0487572, -0.30419, -0.0980916, -0.983949, 0.149072, -0.292039, 0.17166, 0.940875, 0.00306672  
135, -7.9562, 1152.92, 180.457, -0.950652, 0.0501039, -0.306187, -0.0991018, -0.984214, 0.146637, -0.294007, 0.169745, 0.94061, 0.00282179  
136, -8.15002, 1152.46, 180.408, -0.951218, 0.0493303, -0.30455, -0.0989589, -0.983761, 0.149736, -0.292218, 0.17257, 0.940653, 0.0028437  
137, -8.3409, 1151.76, 180.434, -0.952115, 0.0477598, -0.301985, -0.0986448, -0.982888, 0.155566, -0.289388, 0.177906, 0.940534, 0.00277519  
138, -8.45947, 1151.11, 180.502, -0.952046, 0.0500961, -0.301827, -0.101366, -0.982435, 0.156674, -0.288676, 0.179756, 0.940401, 0.00283483  
139, -8.42426, 1150.55, 180.27, -0.950106, 0.0467866, -0.308399, -0.0978067, -0.983512, 0.152113, -0.296198, 0.174687, 0.939016, 0.00304869  
140, -8.54335, 1149.76, 180.386, -0.951023, 0.0495606, -0.305122, -0.101126, -0.982632, 0.155588, -0.292112, 0.178824, 0.939517, 0.00288115  
141, -8.40014, 1149.06, 180.187, -0.947969, 0.0467943, -0.314906, -0.0975688, -0.984244, 0.147457, -0.303044, 0.17051, 0.937598, 0.00317656  
142, -8.49405, 1148.13, 180.321, -0.951231, 0.0474653, -0.304806, -0.099492, -0.982495, 0.157495, -0.291995, 0.18014, 0.939302, 0.00271472  
143, -9.32038, 1147.66, 180.838, -0.95252, 0.0464274, -0.300917, -0.102739, -0.979352, 0.174109, -0.28662, 0.196758, 0.937622, 0.00276548  
144, -9.14238, 1146.68, 180.826, -0.952565, 0.0476012, -0.30059, -0.103387, -0.979567, 0.172509, -0.286236, 0.195403, 0.938023, 0.00292775  
145, -9.03768, 1145.58, 180.823, -0.954078, 0.0471365, -0.295828, -0.102097, -0.979582, 0.17319, -0.281624, 0.19544, 0.93941, 0.00283122  
146, -8.84994, 1144.49, 180.841, -0.954573, 0.0492717, -0.293876, -0.103503, -0.979653, 0.17195, -0.279424, 0.194556, 0.94025, 0.00293108  
147, -8.6674, 1143.35, 180.849, -0.955798, 0.048202, -0.290048, -0.102624, -0.979123, 0.175461, -0.275535, 0.197471, 0.94079, 0.00283594  
148, -8.40429, 1142.19, 180.892, -0.956418, 0.0486503, -0.287918, -0.102514, -0.979203, 0.175078, -0.273413, 0.196963, 0.941515, 0.00297879  
149, -8.11812, 1140.97, 180.917, -0.956921, 0.0481243, -0.286333, -0.101861, -0.979132, 0.175856, -0.271895, 0.197447, 0.941854, 0.00301707  
150, -7.79208, 1139.7, 180.868, -0.956864, 0.0460934, -0.286856, -0.098959, -0.980004, 0.172625, -0.273163, 0.193566, 0.942292, 0.00282207  
151, -7.50635, 1138.19, 180.956, -0.958479, 0.0482447, -0.281054, -0.100507, -0.979493, 0.174622, -0.266865, 0.195619, 0.943672, 0.00284426  
152, -7.12491, 1136.81, 180.92, -0.959036, 0.0452474, -0.279648, -0.0968599, -0.980041, 0.173603, -0.266211, 0.193579, 0.944277, 0.00267533  
153, -6.57891, 1135.29, 180.846, -0.958307, 0.0460612, -0.282004, -0.0948722, -0.982226, 0.161963, -0.269531, 0.181965, 0.945644, 0.00280709  
154, -6.19901, 1133.82, 180.902, -0.959688, 0.0459254, -0.277289, -0.0936232, -0.982453, 0.16131, -0.265015, 0.180768, 0.947148, 0.00291083  
155, -5.78536, 1132.39, 180.934, -0.960211, 0.0466891, -0.275346, -0.0938907, -0.982507, 0.160825, -0.26302, 0.180278, 0.947797, 0.00273414  
156, -5.41278, 1130.74, 180.976, -0.96119, 0.047311, -0.2718, -0.093178, -0.982967, 0.158413, -0.259676, 0.177591, 0.949226, 0.00277741  
157, -5.0549, 1129.05, 180.913, -0.961466, 0.04581, -0.271082, -0.090147, -0.984038, 0.153438, -0.259726, 0.171963, 0.950248, 0.00271916  
158, -4.71141, 1127.37, 180.831, -0.961858, 0.0475607, -0.269382, -0.0900441, -0.984937, 0.147617, -0.258303, 0.166243, 0.951653, 0.00280654  
159, -4.3757, 1125.75, 180.944, -0.963505, 0.0473042, -0.263476, -0.0884086, -0.985266, 0.146408, -0.252668, 0.164358, 0.953491, 0.00293413  
160, -4.03837, 1124.01, 180.924, -0.963083, 0.0488504, -0.264735, -0.0894989, -0.985562, 0.143728, -0.253892, 0.162115, 0.95355, 0.00278934  
161, -3.77111, 1122.25, 181.035, -0.963539, 0.049599, -0.262931, -0.0886433, -0.986348, 0.13878, -0.252458, 0.157027, 0.954781, 0.0028082  
162, -3.7111, 1120.53, 181.286, -0.965668, 0.0516388, -0.254594, -0.0914786, -0.984865, 0.147218, -0.243139, 0.165453, 0.955776, 0.0027064  
163, -3.34358, 1118.72, 181.186, -0.964252, 0.0510974, -0.260013, -0.0887055, -0.986863, 0.135025, -0.249698, 0.153263, 0.956118, 0.00274551  
164, -2.82408, 1116.69, 181.129, -0.965311, 0.0514965, -0.255974, -0.0868533, -0.98786, 0.128799, -0.246234, 0.146563, 0.958065, 0.00316186  
165, -2.61464, 1114.59, 181.274, -0.967278, 0.0522765, -0.248274, -0.0859349, -0.988208, 0.126727, -0.238721, 0.143915, 0.960365, 0.00282817  
166, -2.22026, 1112.5, 181.146, -0.967176, 0.052715, -0.248579, -0.0840738, -0.989535, 0.11727, -0.239795, 0.13432, 0.961487, 0.00278213  
167, -1.84792, 1110.36, 181.164, -0.967632, 0.0539947, -0.24652, -0.0838667, -0.990126, 0.112326, -0.238021, 0.129365, 0.962606, 0.00265148  
168, -1.69352, 1108.45, 181.231, -0.967351, 0.0528774, -0.247863, -0.0822926, -0.990535, 0.109855, -0.239708, 0.126666, 0.962547, 0.00288393  
169, -1.51926, 1106.29, 181.279, -0.967126, 0.0540239, -0.248495, -0.0818171, -0.99132, 0.10291, -0.240778, 0.119858, 0.963151, 0.00289918  
170, -1.29505, 1104.3, 181.397, -0.967854, 0.0559615, -0.245207, -0.0821686, -0.991791, 0.0979788, -0.237711, 0.114978, 0.964507, 0.00272915  
171, 10.3409, 1102.28, 183.914, 0.973676, 0.0763549, 0.214765, 0.0857975, -0.995698, -0.0349803, 0.21117, 0.0524858, -0.976039, 0.00282678  
172, 6.07029, 1101.91, 182.831, 0.976878, -0.0543458, 0.206774, 0.0459891, 0.997927, 0.0450124, -0.208792, -0.0344623, 0.977353, 0.00269614  
173, 6.15528, 1099.74, 182.76, 0.97629, -0.05338, 0.209783, 0.0452926, 0.99804, 0.0431719, -0.211677, -0.0326467, 0.976794, 0.00279433  
174, 5.77909, 1097.55, 182.979, 0.977351, -0.0547272, 0.204427, 0.0490893, 0.998264, 0.0325531, -0.205853, -0.0217807, 0.97834, 0.00288171  
175, 6.33183, 1095.25, 182.823, 0.97695, -0.0540423, 0.206516, 0.0487201, 0.998338, 0.0307747, -0.207836, -0.0200039, 0.977959, 0.00275272  
176, 5.85412, 1092.84, 182.562, 0.972377, -0.0525561, 0.227422, 0.0398488, 0.997396, 0.0601139, -0.229989, -0.0493909, 0.971939, 0.00281985  
177, 6.06489, 1090.79, 182.416, 0.971712, -0.0549112, 0.229697, 0.0447508, 0.997785, 0.0492158, -0.231891, -0.0375445, 0.972017, 0.00266979  
178, 5.99621, 1088.46, 182.508, 0.972155, -0.0549699, 0.227799, 0.0460351, 0.997955, 0.0443558, -0.229771, -0.032634, 0.972697, 0.00277436  
179, 5.91122, 1086.15, 182.647, 0.972725, -0.0549309, 0.225362, 0.0481028, 0.998205, 0.0356826, -0.226917, -0.0238688, 0.973621, 0.00307032  
180, 6.14618, 1083.89, 182.399, 0.971461, -0.0592314, 0.229685, 0.052069, 0.997953, 0.0371255, -0.231413, -0.0241066, 0.972557, 0.00284426  
181, -0.529953, 1079.52, 181.475, -0.969461, 0.0624022, -0.237172, -0.0734899, -0.996564, 0.0381912, -0.233974, 0.0544546, 0.970717, 0.00281735  
182, -0.734423, 1077.27, 181.487, -0.968666, 0.0650492, -0.239698, -0.0755303, -0.996536, 0.0347929, -0.236604, 0.0518072, 0.970224, 0.00271888  
183, -0.916497, 1074.87, 181.466, -0.968115, 0.0643136, -0.242108, -0.0733607, -0.996897, 0.0285307, -0.239522, 0.0453822, 0.96983, 0.00286173  
184, -1.13556, 1072.61, 181.486, -0.968693, 0.0653815, -0.239499, -0.0739019, -0.996906, 0.0267597, -0.237008, 0.0436213, 0.970528, 0.00289336  
185, -1.38523, 1070.32, 181.412, -0.968037, 0.0633131, -0.242685, -0.0704514, -0.997297, 0.0208401, -0.240709, 0.0372715, 0.969881, 0.00270696  
186, -1.81505, 1068.12, 181.472, -0.968466, 0.0654847, -0.240385, -0.0716528, -0.997285, 0.0169996, -0.238619, 0.0336878, 0.970529, 0.00274052  
187, -2.02349, 1065.84, 181.332, -0.968304, 0.0643256, -0.241348, -0.0686014, -0.9976, 0.00934637, -0.240168, 0.0256069, 0.970394, 0.00273969  
188, -2.40801, 1063.65, 181.123, -0.967373, 0.0611137, -0.245877, -0.065215, -0.997834, 0.00856471, -0.244821, 0.0243201, 0.969263, 0.00280099  
189, -3.17272, 1061.67, 181.334, -0.968249, 0.0625282, -0.24204, -0.0643897, -0.997925, -0.000219628, -0.241552, 0.0153722, 0.970266, 0.00298295  
190, -3.17, 1059.34, 181.039, -0.965745, 0.061597, -0.252077, -0.0622625, -0.998046, -0.00534324, -0.251913, 0.0105347, 0.967692, 0.00271833  
191, 7.33929, 1060.14, 180.94, 0.98451, 0.00789128, 0.17515, 0.000326908, 0.998902, -0.0468425, -0.175328, 0.0461741, 0.983427, 0.00285425  
192, 6.67945, 1057.85, 180.921, 0.985481, 0.00201106, 0.169773, 0.00741244, 0.998467, -0.0548542, -0.169624, 0.0553162, 0.983955, 0.0027555  
193, 5.95564, 1055.89, 180.729, 0.987552, 0.00636854, 0.157161, 0.000415954, 0.999071, -0.0430985, -0.15729, 0.0426274, 0.986632, 0.00289807  
194, -10.3874, 1051.9, 185.771, -0.981312, -0.0969181, -0.166236, -0.103773, 0.994052, 0.0330394, 0.162045, 0.0496728, -0.985532, 0.00296131  
195, -11.0534, 1049.76, 185.702, -0.981662, -0.0963195, -0.164505, -0.104009, 0.993821, 0.0387673, 0.159755, 0.0551664, -0.985614, 0.00277852  
196, -11.3471, 1047.78, 185.603, -0.981507, -0.0917291, -0.168017, -0.0977497, 0.99482, 0.0279025, 0.164587, 0.0438101, -0.985389, 0.00284925  
197, -11.8213, 1045.71, 185.506, -0.983775, -0.090471, -0.154923, -0.097988, 0.994319, 0.0415765, 0.150281, 0.0560826, -0.987051, 0.00325145  
198, -12.399, 1043.72, 185.36, -0.982201, -0.0902076, -0.164757, -0.0959762, 0.995007, 0.0273774, 0.161464, 0.0427028, -0.985954, 0.00280765  
199, -13.0442, 1041.73, 185.161, -0.982335, -0.089599, -0.164286, -0.0952338, 0.995096, 0.0267333, 0.161085, 0.0419066, -0.98605, 0.00302012  
200, -13.7438, 1039.6, 185.158, -0.982748, -0.0897124, -0.161734, -0.0962581, 0.994806, 0.0330856, 0.157925, 0.0480829, -0.98628, 0.0029186  
201, -14.1982, 1037.67, 184.802, -0.980891, -0.091455, -0.171724, -0.0962053, 0.99517, 0.019529, 0.169108, 0.0356766, -0.984952, 0.00282484  
202, -14.904, 1035.66, 184.822, -0.981309, -0.094807, -0.167463, -0.0998678, 0.994757, 0.0220428, 0.164495, 0.0383549, -0.985632, 0.00278629  
203, -15.4488, 1033.7, 184.822, -0.981083, -0.0980926, -0.166895, -0.102821, 0.994501, 0.0199081, 0.164024, 0.0366917, -0.985774, 0.00285591  
204, -16.1604, 1031.83, 185.018, -0.981761, -0.0989671, -0.162328, -0.103822, 0.994359, 0.0216843, 0.159267, 0.0381421, -0.986499, 0.00297602  
205, -16.538, 1029.98, 184.928, -0.982567, -0.0964972, -0.158903, -0.101615, 0.994525, 0.0243817, 0.15568, 0.0401035, -0.986993, 0.0028573  
206, -16.9867, 1028.1, 185.095, -0.983631, -0.0946552, -0.153334, -0.0997439, 0.994678, 0.0258237, 0.150074, 0.0406952, -0.987837, 0.0028204  
207, -17.3235, 1026.36, 185.155, -0.984402, -0.0919399, -0.150002, -0.0965818, 0.995037, 0.0239446, 0.147056, 0.0380586, -0.988396, 0.00274385  
208, -17.7418, 1024.71, 185.193, -0.984786, -0.0913285, -0.147833, -0.0958721, 0.995107, 0.0238917, 0.144928, 0.0377013, -0.988724, 0.00283344  
209, -17.9717, 1023.02, 185.131, -0.984663, -0.0915822, -0.148495, -0.0961526, 0.99508, 0.0238815, 0.145577, 0.0377934, -0.988625, 0.00299793  
210, -18.4152, 1021.23, 185.24, -0.984705, -0.0948682, -0.146139, -0.0998759, 0.994625, 0.0273027, 0.142763, 0.0414808, -0.988887, 0.00288087  
211, -18.6469, 1019.63, 185.224, -0.984235, -0.0948906, -0.149259, -0.0989206, 0.994898, 0.0197952, 0.146619, 0.0342479, -0.9886, 0.00282734  
212, -18.6731, 1017.91, 185.161, -0.984428, -0.0945606, -0.14819, -0.0994541, 0.994704, 0.0259503, 0.144952, 0.0402843, -0.988618, 0.00286229  
213, -18.1797, 1016.66, 184.599, -0.98467, -0.0855482, -0.15201, -0.0885842, 0.99598, 0.0133007, 0.150262, 0.0265625, -0.988289, 0.00287699  
214, -17.8851, 1015.03, 184.239, -0.985497, -0.0782263, -0.150584, -0.0809801, 0.996641, 0.0122336, 0.149121, 0.0242505, -0.988522, 0.00296242  
215, -18.3116, 1013.54, 184.765, -0.987143, -0.0857404, -0.1349, -0.0886786, 0.995933, 0.0159129, 0.132987, 0.027671, -0.990731, 0.00291194  
216, -4.93538, 1010.39, 181.742, 0.932673, 0.257875, -0.252233, -0.00809635, -0.684103, -0.729341, -0.360632, 0.682279, -0.635956, 0.00287616  
217, -5.91992, 1009.51, 182.436, 0.92139, 0.28861, -0.260278, -0.0142784, -0.644126, -0.764786, -0.388377, 0.708383, -0.58937, 0.00304564  
218, -5.57172, 1007.84, 182.209, 0.926332, 0.276293, -0.256069, -0.0100075, -0.661465, -0.74991, -0.376576, 0.697228, -0.609971, 0.00271694  
219, -18.0079, 1004.7, 185.145, -0.985061, -0.0883048, -0.147838, -0.0905064, 0.995862, 0.00821841, 0.146501, 0.021476, -0.988977, 0.00277325  
220, -17.1443, 1001.94, 184.964, -0.984636, -0.0872497, -0.15126, -0.0884262, 0.996082, 0.00105646, 0.150575, 0.0144155, -0.988494, 0.00274718  
221, -15.4128, 1000.77, 184.016, -0.984688, -0.0777518, -0.156025, -0.0788196, 0.996889, 0.000658956, 0.155488, 0.0129467, -0.987753, 0.00292498  
222, -15.3386, 999.575, 184.219, -0.983294, -0.082463, -0.162271, -0.0830868, 0.996538, -0.00295035, 0.161952, 0.0105815, -0.986742, 0.0028204  
223, -15.0969, 998.206, 184.362, -0.982193, -0.0848859, -0.167602, -0.0846145, 0.996375, -0.0087731, 0.167739, 0.00556464, -0.985816, 0.00284787  
224, -14.8216, 997.011, 184.597, -0.981383, -0.0865217, -0.171467, -0.0856022, 0.996248, -0.0127629, 0.171928, 0.0021527, -0.985107, 0.00271472  
225, -14.6755, 995.553, 184.988, -0.981314, -0.0859594, -0.172146, -0.0844948, 0.996298, -0.0158312, 0.172869, -0.000989954, -0.984944, 0.00293413  
226, -14.1057, 994.469, 185.044, -0.981525, -0.0842134, -0.171802, -0.0817535, 0.996424, -0.0213565, 0.172986, -0.0069165, -0.9849, 0.00313135  
227, -13.638, 993.251, 185.358, -0.980332, -0.0868177, -0.177236, -0.0838026, 0.996183, -0.0244416, 0.178681, -0.00910808, -0.983865, 0.00271528  
228, -12.8314, 992.121, 185.297, -0.97939, -0.0873027, -0.182135, -0.0835879, 0.996107, -0.0279888, 0.18387, -0.0121877, -0.982875, 0.00277381  
229, -12.0791, 990.894, 185.288, -0.979188, -0.0846719, -0.184451, -0.0805612, 0.996308, -0.0296813, 0.186283, -0.014204, -0.982394, 0.00281763  
230, -11.1755, 989.879, 185.146, -0.978385, -0.0822931, -0.18971, -0.077672, 0.996476, -0.0316797, 0.191649, -0.0162598, -0.981329, 0.00279572  
231, -10.0473, 988.831, 184.737, -0.976478, -0.0788495, -0.200683, -0.0719821, 0.99655, -0.0413014, 0.203248, -0.0258843, -0.978785, 0.00306589  
232, -9.14617, 987.65, 184.672, -0.975998, -0.0767525, -0.203805, -0.0688699, 0.996587, -0.0455028, 0.206602, -0.0303746, -0.977953, 0.00277991  
233, -8.66867, 986.636, 185.053, -0.974804, -0.0848104, -0.206313, -0.0755064, 0.995758, -0.0525744, 0.209896, -0.0356718, -0.977073, 0.00275106  
234, -8.47327, 985.434, 185.578, -0.974132, -0.0920585, -0.206379, -0.0825011, 0.995102, -0.0544655, 0.210382, -0.0360301, -0.976955, 0.00268698  
235, -8.03771, 984.144, 185.902, -0.974095, -0.0916871, -0.20672, -0.0818948, 0.995097, -0.0554576, 0.210792, -0.0370916, -0.976827, 0.00277519  
236, -7.3144, 983.04, 185.914, -0.973797, -0.0866344, -0.210269, -0.0762013, 0.995448, -0.0572382, 0.214271, -0.0397157, -0.975967, 0.00306866  
237, -6.53252, 981.793, 185.803, -0.971549, -0.0859571, -0.220689, -0.072101, 0.99493, -0.070106, 0.225596, -0.0521995, -0.972821, 0.00282595  
238, -6.05295, 980.796, 186.848, -0.971217, -0.0846395, -0.222649, -0.0823365, 0.996411, -0.019623, 0.223511, -0.000725999, -0.974701, 0.00285092  
239, -5.5778, 979.551, 186.865, -0.969688, -0.0870481, -0.228314, -0.0840871, 0.9962, -0.0226838, 0.229421, -0.00279799, -0.973323, 0.0027408  
240, -5.04225, 978.584, 186.809, -0.968714, -0.0891708, -0.231607, -0.0852753, 0.995997, -0.0267972, 0.23307, -0.0062085, -0.97244, 0.00275217  
241, -4.87049, 977.409, 187.146, -0.968277, -0.0885241, -0.233674, -0.0832584, 0.996004, -0.0323236, 0.235602, -0.0118428, -0.971777, 0.00287061  
242, -4.16682, 976.211, 186.96, -0.967997, -0.0893441, -0.234518, -0.0826846, 0.995847, -0.0380976, 0.236948, -0.0174873, -0.971365, 0.00280348  
243, -3.6283, 975.114, 186.874, -0.967926, -0.0907549, -0.23427, -0.0829824, 0.99563, -0.0428453, 0.237135, -0.0220308, -0.971227, 0.00450355  
244, 7.90375, 974.268, 182.917, 0.970505, -0.0613329, 0.233147, 0.0510182, 0.997444, 0.050023, -0.235619, -0.0366528, 0.971154, 0.00273691  
245, -2.64272, 972.597, 185.756, -0.967844, -0.0916596, -0.234259, -0.0710927, 0.992955, -0.0947977, 0.241298, -0.0750952, -0.967541, 0.00272831  
246, -2.30297, 971.364, 185.803, -0.965993, -0.0935145, -0.241065, -0.0704081, 0.992211, -0.102762, 0.248797, -0.0822945, -0.965053, 0.00284592  
247, -1.96748, 969.94, 185.804, -0.965899, -0.0927829, -0.241726, -0.0695762, 0.992261, -0.102849, 0.249398, -0.0825233, -0.964879, 0.00272831  
248, 0.127064, 966.995, 183.541, -0.974838, 0.0723051, -0.210863, -0.0939725, -0.99107, 0.0946045, -0.202139, 0.112039, 0.972927, 0.00281014  
249, 0.714456, 967.574, 184.35, -0.966416, -0.0721678, -0.246641, -0.0420652, 0.991238, -0.125214, 0.253516, -0.110634, -0.960984, 0.00271805  
250, 0.96319, 965.958, 184.372, -0.965871, -0.0725549, -0.248655, -0.0421914, 0.991216, -0.125339, 0.255565, -0.11057, -0.960448, 0.00277769  
251, 0.196954, 964.786, 185.012, -0.964108, -0.0875088, -0.250674, -0.0596917, 0.991394, -0.116511, 0.258713, -0.0973664, -0.961035, 0.0028462  
252, 12.882, 963.606, 180.597, 0.964062, -0.0511919, 0.260698, 0.0258632, 0.994683, 0.0996788, -0.264415, -0.089354, 0.960261, 0.00273608  
253, 13.8177, 963.631, 179.525, 0.972499, -0.00485153, 0.232855, -0.0213855, 0.993699, 0.110018, -0.231922, -0.111973, 0.966268, 0.00285591  
254, 13.7305, 961.92, 179.544, 0.971571, -0.0115778, 0.236466, -0.015638, 0.993484, 0.112895, -0.236232, -0.113383, 0.965059, 0.00271139  
255, 9.85744, 958.417, 182.965, 0.965393, -0.0669451, 0.252063, 0.0429929, 0.994122, 0.0993662, -0.257233, -0.0850905, 0.962596, 0.00281014  
256, 5.28925, 954.837, 181.773, -0.953752, 0.0870888, -0.287704, -0.0899138, -0.995944, -0.00340695, -0.286833, 0.0226191, 0.957713, 0.0028989  
257, 1.69115, 954.714, 186.154, -0.980331, -0.0508419, -0.1907, -0.0194006, 0.986395, -0.163246, 0.196405, -0.156336, -0.967979, 0.00274052  
258, 12.5163, 953.762, 182.553, 0.969911, -0.054875, 0.237196, 0.0286757, 0.993235, 0.112527, -0.241766, -0.102339, 0.964923, 0.00277491  
259, 9.90689, 951.884, 183.212, 0.966796, -0.0659953, 0.246881, 0.0406435, 0.993491, 0.106415, -0.252297, -0.092847, 0.963185, 0.00276659  
260, 4.52105, 946.301, 184.45, -0.980289, 0.145315, -0.133855, -0.163503, -0.977019, 0.136752, -0.110907, 0.155942, 0.98152, 0.00279294  
261, 4.49666, 944.634, 185.046, -0.98278, 0.140992, -0.119435, -0.157166, -0.977735, 0.139044, -0.097172, 0.155421, 0.983057, 0.00311055  
262, 4.37588, 943.154, 185.437, -0.984341, 0.139699, -0.107502, -0.154709, -0.976959, 0.147028, -0.0844853, 0.161357, 0.983273, 0.00282346  
263, -0.839506, 944.704, 186.011, -0.962907, -0.107884, -0.247328, -0.0721798, 0.986176, -0.149157, 0.26, -0.125772, -0.957383, 0.00280765  
264, -0.932469, 942.67, 185.93, -0.96329, -0.107111, -0.24617, -0.0727366, 0.986793, -0.144738, 0.258422, -0.121519, -0.958359, 0.00277048  
265, -1.11627, 940.837, 185.885, -0.963515, -0.106933, -0.245365, -0.0708579, 0.985925, -0.15143, 0.258105, -0.128519, -0.957531, 0.00275827  
266, -1.08559, 938.569, 185.742, -0.964072, -0.107625, -0.242861, -0.0731461, 0.986459, -0.146791, 0.255371, -0.123753, -0.95889, 0.00308669  
267, -1.22176, 936.707, 185.446, -0.963624, -0.109408, -0.243843, -0.0710052, 0.984384, -0.161078, 0.257658, -0.137904, -0.956344, 0.00275383  
268, -1.48201, 934.346, 185.647, -0.964368, -0.108155, -0.241449, -0.0712846, 0.985094, -0.156549, 0.254781, -0.133759, -0.957703, 0.00274884  
269, 3.38913, 928.622, 184.914, -0.983486, 0.132974, -0.122774, -0.152313, -0.974526, 0.164621, -0.0977564, 0.180602, 0.978686, 0.00275023  
270, 3.03737, 926.325, 184.794, -0.982841, 0.137626, -0.122808, -0.156575, -0.974446, 0.161056, -0.0975045, 0.177521, 0.979275, 0.00275217  
271, 2.69236, 924.22, 184.749, -0.983573, 0.131185, -0.123998, -0.149544, -0.976894, 0.152692, -0.101102, 0.168727, 0.980464, 0.00314522  
272, 2.28107, 922.079, 184.811, -0.982221, 0.135121, -0.130322, -0.156075, -0.973536, 0.166937, -0.104317, 0.184309, 0.977317, 0.00282678  
273, 1.9499, 920.834, 182.021, -0.974865, 0.0922299, -0.202809, -0.125541, -0.979418, 0.158048, -0.184058, 0.179536, 0.96638, 0.00290417  
274, 12.1161, 919.704, 183.888, 0.97743, 0.110924, 0.179795, 0.129022, -0.98734, -0.0922716, 0.167284, 0.113387, -0.979367, 0.00269447  
275, 11.7372, 917.04, 183.718, 0.976655, 0.113154, 0.182594, 0.129851, -0.98812, -0.0822035, 0.171124, 0.103994, -0.979746, 0.00276382  
276, 11.2687, 914.423, 183.838, 0.975149, 0.114456, 0.189694, 0.131301, -0.988213, -0.0787102, 0.178449, 0.101661, -0.978683, 0.00296353  
277, 11.0722, 911.628, 183.304, 0.975546, 0.118456, 0.185144, 0.132076, -0.989235, -0.0630101, 0.175687, 0.0859224, -0.980689, 0.00274829  
278, 10.3472, 908.927, 183.456, 0.9764, 0.113216, 0.183914, 0.126403, -0.990065, -0.0615991, 0.175113, 0.0833927, -0.98101, 0.00278962  
279, -3.70071, 906.711, 182.317, -0.970484, 0.0864391, -0.225142, -0.120242, -0.982677, 0.141027, -0.209051, 0.163936, 0.964066, 0.00272083  
280, -4.29258, 903.77, 182.149, -0.96674, 0.0882308, -0.240062, -0.117252, -0.987058, 0.1094, -0.227303, 0.133909, 0.964573, 0.00278601  
281, -5.93342, 900.965, 183.123, -0.966112, 0.0875553, -0.242822, -0.120048, -0.985194, 0.122397, -0.22851, 0.147399, 0.962318, 0.00305867  
