0, 0, 0, 0, 0, 0, 0, 0, 0, 0, 0, 0, 0, 0.0060616  
1, 0, 0, 0, 0, 0, 0, 0, 0, 0, 0, 0, 0, 0.0027444  
2, 31.1217, 1146.96, 174.729, -0.176414, 0.679249, -0.71239, 0.751526, -0.37445, -0.543136, -0.635679, -0.631196, -0.444415, 0.00269697  
3, 31.1234, 1146.95, 174.746, -0.178112, 0.679657, -0.711578, 0.751984, -0.372393, -0.543914, -0.634662, -0.631973, -0.444764, 0.00277519  
4, 31.1185, 1146.92, 174.722, -0.179736, 0.679379, -0.711435, 0.751576, -0.371775, -0.544901, -0.634688, -0.632635, -0.443784, 0.00287228  
5, 33.9502, 1138.84, 180.731, 0.196803, 0.705578, 0.680756, -0.74711, -0.341702, 0.570147, 0.634898, -0.620806, 0.459896, 0.00291222  
6, 33.9319, 1138.88, 180.726, 0.196018, 0.705712, 0.680843, -0.746961, -0.342376, 0.569936, 0.635315, -0.620281, 0.460028, 0.00278629  
7, 31.156, 1146.91, 174.703, -0.175584, 0.674517, -0.717075, 0.749279, -0.380893, -0.541758, -0.638554, -0.632413, -0.438523, 0.00290833  
8, 31.1312, 1146.94, 174.798, -0.176356, 0.679885, -0.711797, 0.752775, -0.372767, -0.542563, -0.634215, -0.631507, -0.446061, 0.00286562  
9, 31.0958, 1146.92, 174.798, -0.176769, 0.680023, -0.711563, 0.75266, -0.372462, -0.542932, -0.634236, -0.631538, -0.445986, 0.00281486  
10, 31.1035, 1146.94, 174.764, -0.176892, 0.679001, -0.712508, 0.751632, -0.374171, -0.543181, -0.63542, -0.631628, -0.444171, 0.00308641  
11, 31.1406, 1146.96, 174.728, -0.178768, 0.677578, -0.713394, 0.751304, -0.374159, -0.543642, -0.635283, -0.633161, -0.442179, 0.00276715  
12, 31.1425, 1146.93, 174.729, -0.179232, 0.677967, -0.712907, 0.751337, -0.373477, -0.544066, -0.635113, -0.633148, -0.442443, 0.00282789  
13, 33.9933, 1138.92, 180.663, 0.194947, 0.704806, 0.682088, -0.746095, -0.344852, 0.569579, 0.636662, -0.61994, 0.458624, 0.00275688  
14, 33.5371, 1138.27, 180.99, 0.214838, 0.718075, 0.661977, -0.754236, -0.30862, 0.579553, 0.620461, -0.623797, 0.475295, 0.0028204  
15, 31.1423, 1146.92, 174.671, -0.176714, 0.674055, -0.717233, 0.749951, -0.379729, -0.541644, -0.637452, -0.633605, -0.438405, 0.003029  
16, 31.1018, 1146.92, 174.734, -0.180128, 0.680656, -0.710113, 0.753218, -0.368856, -0.544617, -0.632627, -0.632971, -0.446241, 0.00276382  
17, 31.1351, 1146.96, 174.725, -0.17735, 0.679554, -0.711866, 0.752612, -0.372426, -0.543023, -0.634131, -0.632064, -0.445391, 0.00282429  
18, 31.1276, 1146.93, 174.741, -0.177883, 0.679903, -0.7114, 0.751837, -0.372527, -0.544027, -0.634901, -0.63163, -0.44491, 0.00265841  
19, 31.1083, 1146.9, 174.762, -0.177, 0.678817, -0.712656, 0.751755, -0.374107, -0.543054, -0.635244, -0.631863, -0.444087, 0.00280986  
20, 33.9409, 1138.87, 180.671, 0.194804, 0.705272, 0.681647, -0.746994, -0.343702, 0.569094, 0.63565, -0.620049, 0.45988, 0.00311776  
21, 33.8413, 1138.63, 180.74, 0.200551, 0.711978, 0.672954, -0.749411, -0.330939, 0.573466, 0.631001, -0.619328, 0.467194, 0.00271666  
22, 31.1221, 1146.93, 174.642, -0.175056, 0.676601, -0.715239, 0.749904, -0.379094, -0.542155, -0.637965, -0.631268, -0.441023, 0.00286118  
23, 31.1021, 1146.94, 174.711, -0.178186, 0.680305, -0.71094, 0.75204, -0.371787, -0.544253, -0.634576, -0.631633, -0.445369, 0.00275716  
24, 31.0368, 1146.89, 174.749, -0.177726, 0.680855, -0.710528, 0.752201, -0.371555, -0.544188, -0.634513, -0.631176, -0.446105, 0.00283483  
25, 31.1272, 1146.97, 174.711, -0.176958, 0.679103, -0.712394, 0.751862, -0.373815, -0.543108, -0.635129, -0.631729, -0.444442, 0.00309057  
26, 31.0802, 1146.92, 174.696, -0.177228, 0.682067, -0.709489, 0.752823, -0.370386, -0.544124, -0.633914, -0.630554, -0.447833, 0.00277824  
27, 31.0986, 1146.91, 174.743, -0.17681, 0.680932, -0.710683, 0.752779, -0.371618, -0.543344, -0.634083, -0.631056, -0.446886, 0.00283733  
28, 31.1543, 1146.91, 174.714, -0.178727, 0.679731, -0.711352, 0.751994, -0.371858, -0.544267, -0.634477, -0.632208, -0.444693, 0.00268255  
29, 31.1178, 1146.93, 174.711, -0.176408, 0.680128, -0.711552, 0.751889, -0.373422, -0.54334, -0.63525, -0.630858, -0.445506, 0.00282845  
30, 31.0953, 1146.9, 174.722, -0.177231, 0.679833, -0.71163, 0.75214, -0.372774, -0.543438, -0.634724, -0.631559, -0.445262, 0.00291277  
31, 31.6595, 1146.54, 174.543, -0.190089, 0.666616, -0.720756, 0.748696, -0.376465, -0.545645, -0.635075, -0.643348, -0.427531, 0.0027788  
32, 31.5437, 1146.55, 174.694, -0.195445, 0.679242, -0.707412, 0.756043, -0.355088, -0.549829, -0.62466, -0.642295, -0.444136, 0.00281486  
33, 31.5563, 1146.6, 174.691, -0.192746, 0.678785, -0.70859, 0.756038, -0.357596, -0.548207, -0.625504, -0.641386, -0.444262, 0.0026892  
34, 31.518, 1146.56, 174.714, -0.194238, 0.678984, -0.707992, 0.755573, -0.356734, -0.54941, -0.625605, -0.641655, -0.443731, 0.00285175  
35, 31.5267, 1146.6, 174.675, -0.19228, 0.679935, -0.707613, 0.756734, -0.356362, -0.548051, -0.624806, -0.640854, -0.446009, 0.00290417  
36, 31.524, 1146.58, 174.694, -0.193092, 0.67953, -0.707782, 0.756873, -0.355888, -0.548167, -0.624386, -0.641548, -0.445599, 0.00274523  
37, 31.5018, 1146.59, 174.726, -0.193598, 0.678679, -0.70846, 0.756596, -0.356429, -0.548198, -0.624566, -0.642148, -0.444481, 0.00283455  
38, 31.4972, 1146.56, 174.676, -0.193113, 0.679682, -0.707629, 0.756314, -0.356327, -0.548653, -0.625057, -0.641142, -0.445242, 0.00268532  
39, 31.5128, 1146.63, 174.687, -0.193363, 0.678293, -0.708893, 0.755715, -0.357819, -0.548508, -0.625704, -0.641782, -0.443407, 0.00282734  
40, 31.5019, 1146.61, 174.646, -0.193612, 0.679788, -0.707392, 0.756464, -0.355694, -0.548856, -0.624721, -0.641382, -0.445369, 0.00304841  
41, 31.5538, 1146.63, 174.684, -0.193442, 0.677591, -0.709543, 0.754668, -0.359371, -0.548933, -0.626942, -0.641656, -0.441839, 0.00277519  
42, 31.5086, 1146.56, 174.664, -0.193501, 0.679669, -0.707536, 0.755742, -0.356615, -0.549254, -0.625629, -0.640996, -0.444649, 0.00283455  
43, 31.5462, 1146.58, 174.711, -0.193846, 0.678368, -0.708689, 0.755815, -0.357274, -0.548724, -0.625433, -0.642006, -0.443465, 0.00268698  
44, 31.5045, 1146.6, 174.703, -0.192555, 0.680558, -0.706939, 0.755778, -0.35664, -0.549188, -0.625878, -0.640038, -0.445678, 0.00280681  
45, 31.4802, 1146.53, 174.751, -0.194809, 0.679376, -0.707459, 0.756292, -0.355236, -0.549391, -0.624558, -0.642071, -0.444603, 0.00289169  
46, 31.5648, 1146.58, 174.688, -0.193186, 0.679152, -0.708119, 0.755837, -0.357169, -0.548763, -0.625611, -0.641236, -0.444328, 0.00276909  
47, 31.5741, 1146.59, 174.674, -0.193354, 0.678284, -0.708905, 0.755744, -0.357804, -0.548478, -0.625672, -0.6418, -0.443426, 0.00283372  
48, 31.4837, 1146.55, 174.718, -0.192484, 0.679511, -0.707965, 0.756657, -0.356608, -0.547998, -0.624836, -0.641167, -0.445515, 0.00271417  
49, 33.9442, 1138.88, 180.704, 0.194004, 0.705703, 0.681429, -0.747306, -0.34369, 0.568692, 0.635528, -0.619564, 0.460699, 0.00284703  
50, 33.7804, 1138.63, 180.713, 0.201108, 0.712069, 0.672691, -0.750356, -0.329465, 0.573078, 0.6297, -0.620008, 0.468047, 0.00291888  
51, 31.1075, 1146.91, 174.724, -0.173556, 0.67297, -0.71902, 0.748371, -0.384468, -0.540486, -0.640171, -0.631898, -0.436905, 0.00281652  
52, 31.0997, 1146.93, 174.728, -0.180398, 0.680492, -0.710202, 0.753297, -0.368696, -0.544617, -0.632456, -0.633241, -0.446101, 0.00286922  
53, 31.1187, 1146.97, 174.764, -0.177259, 0.679274, -0.712156, 0.752065, -0.373254, -0.543212, -0.634805, -0.631877, -0.444695, 0.00271972  
54, 33.9467, 1138.85, 180.751, 0.196624, 0.705718, 0.680663, -0.74714, -0.341702, 0.570107, 0.634919, -0.620646, 0.460083, 0.00286506  
55, 31.1575, 1146.99, 174.757, -0.174319, 0.670914, -0.720755, 0.747633, -0.386175, -0.54029, -0.640826, -0.633043, -0.43428, 0.0029455  
56, 31.0866, 1146.98, 174.746, -0.174724, 0.679774, -0.712305, 0.75204, -0.374817, -0.54217, -0.635537, -0.630412, -0.445728, 0.00276826  
57, 31.1077, 1146.94, 174.771, -0.177145, 0.679108, -0.712343, 0.752388, -0.373146, -0.54284, -0.634454, -0.63212, -0.444851, 0.00283566  
58, 31.0965, 1146.92, 174.766, -0.177371, 0.680752, -0.710716, 0.752815, -0.371294, -0.543517, -0.633884, -0.631441, -0.446623, 0.00274718  
59, 31.1131, 1146.97, 174.692, -0.178985, 0.67918, -0.711814, 0.752008, -0.372069, -0.544103, -0.634388, -0.632676, -0.444154, 0.00283649  
60, 33.951, 1138.82, 180.684, 0.195519, 0.708055, 0.67855, -0.747213, -0.340573, 0.570685, 0.635173, -0.618602, 0.46248, 0.00298461  
61, 33.9754, 1138.82, 180.688, 0.195133, 0.707173, 0.67958, -0.746356, -0.342464, 0.570676, 0.636298, -0.618567, 0.460977, 0.00277852  
62, 33.7395, 1138.59, 180.762, 0.202059, 0.713523, 0.670863, -0.750173, -0.327604, 0.574383, 0.629613, -0.619323, 0.46907, 0.00285203  
63, 33.4502, 1138.21, 181.072, 0.215552, 0.719414, 0.660288, -0.754181, -0.30687, 0.580553, 0.620281, -0.623116, 0.476422, 0.00278573  
64, 31.1677, 1146.95, 174.692, -0.175029, 0.673258, -0.718393, 0.748331, -0.383196, -0.541443, -0.639816, -0.632364, -0.43675, 0.00339458  
65, 31.1021, 1146.96, 174.748, -0.17876, 0.680631, -0.710483, 0.752191, -0.370948, -0.544616, -0.634234, -0.631774, -0.445654, 0.00296714  
66, 31.1188, 1146.97, 174.752, -0.176927, 0.677461, -0.713963, 0.750696, -0.376247, -0.543041, -0.636516, -0.632048, -0.441999, 0.00288864  
67, 33.9133, 1138.94, 180.782, 0.196868, 0.704223, 0.682139, -0.746467, -0.34341, 0.569961, 0.635633, -0.621401, 0.458073, 0.00319154  
68, 31.1747, 1147.03, 174.711, -0.174729, 0.671334, -0.720264, 0.747715, -0.385475, -0.540676, -0.640618, -0.633024, -0.434613, 0.00273802  
69, 33.8842, 1138.89, 180.79, 0.197419, 0.706018, 0.680121, -0.747384, -0.340559, 0.57047, 0.634384, -0.620933, 0.460434, 0.00285813  
70, 33.5733, 1138.34, 180.977, 0.212051, 0.716879, 0.664168, -0.753137, -0.313207, 0.57852, 0.622751, -0.622885, 0.473493, 0.00271777  
71, 31.1235, 1147.01, 174.742, -0.177089, 0.678503, -0.712932, 0.752236, -0.373799, -0.5426, -0.63465, -0.632382, -0.444199, 0.00277048  
72, 24.7136, 1144.61, 177.345, -0.993965, 0.0980552, 0.0491757, 0.0988873, 0.994989, 0.014778, -0.0474803, 0.0195517, -0.998681, 0.00286756  
73, 24.7624, 1144.63, 177.312, -0.993964, 0.0976315, 0.0500409, 0.0985058, 0.995019, 0.0153079, -0.0482971, 0.0201448, -0.99863, 0.00276715  
74, 31.1674, 1147.02, 174.689, -0.175609, 0.67421, -0.717358, 0.749355, -0.381032, -0.541556, -0.638458, -0.632658, -0.43831, 0.00286506  
75, 24.7546, 1144.66, 177.256, -0.993692, 0.09934, 0.052029, 0.100275, 0.994836, 0.0156805, -0.0502026, 0.0207988, -0.998522, 0.00317628  
76, 24.4022, 1144.43, 177.719, -0.99497, 0.094091, 0.0343739, 0.0945661, 0.995441, 0.0124647, -0.0330443, 0.0156526, -0.999331, 0.00283122  
77, 31.136, 1147.01, 174.689, -0.174284, 0.67227, -0.719498, 0.747416, -0.385397, -0.541146, -0.641089, -0.632077, -0.435297, 0.00289419  
78, 24.602, 1144.6, 177.515, -0.994296, 0.0981839, 0.0416587, 0.0987798, 0.995031, 0.0124903, -0.0402254, 0.0165341, -0.999054, 0.00275189  
79, 31.1788, 1146.94, 174.721, -0.177017, 0.6745, -0.716739, 0.749352, -0.379759, -0.542452, -0.638072, -0.633113, -0.438214, 0.0028168  
80, 33.9262, 1138.89, 180.748, 0.196489, 0.705341, 0.681093, -0.746886, -0.342376, 0.570035, 0.635258, -0.620704, 0.459536, 0.00312996  
81, 33.9231, 1138.91, 180.758, 0.194405, 0.705976, 0.681032, -0.7466, -0.343823, 0.569539, 0.636235, -0.61918, 0.460241, 0.00283344  
82, 33.7084, 1138.62, 180.803, 0.201648, 0.71187, 0.67274, -0.749926, -0.329605, 0.57356, 0.630039, -0.620163, 0.467385, 0.00276382  
83, 31.1804, 1147.01, 174.707, -0.178023, 0.674121, -0.716847, 0.749346, -0.379297, -0.542784, -0.637799, -0.633795, -0.437626, 0.00274634  
84, 31.0635, 1147.01, 174.808, -0.1749, 0.679042, -0.71296, 0.752013, -0.375268, -0.541895, -0.635521, -0.630933, -0.445014, 0.00283954  
85, 26.6543, 1146.93, 174.84, -0.976475, 0.156813, 0.14801, 0.16251, 0.986334, 0.0271369, -0.141732, 0.0505516, -0.988613, 0.00313579  
86, 27.15, 1147.21, 174.631, -0.975049, 0.153408, 0.160453, 0.161764, 0.986006, 0.0402993, -0.152025, 0.0652493, -0.98622, 0.00279183  
87, 27.1764, 1147.21, 174.603, -0.974717, 0.154035, 0.161862, 0.162263, 0.985984, 0.0388231, -0.153614, 0.0641058, -0.986049, 0.00289641  
88, 27.174, 1147.2, 174.636, -0.974977, 0.153208, 0.161084, 0.161404, 0.986117, 0.039012, -0.15287, 0.0640353, -0.986169, 0.00267728  
89, 27.1646, 1147.2, 174.626, -0.974849, 0.153881, 0.161216, 0.162071, 0.986013, 0.0388669, -0.15298, 0.0640178, -0.986154, 0.0028634  
90, 27.1593, 1147.21, 174.624, -0.975025, 0.154308, 0.159736, 0.162322, 0.985993, 0.0383223, -0.151585, 0.0632939, -0.986416, 0.00309945  
91, 27.009, 1147.22, 174.779, -0.975895, 0.154243, 0.154396, 0.161976, 0.986034, 0.0387497, -0.146263, 0.0628241, -0.987249, 0.00287228  
92, 27.1816, 1147.22, 174.625, -0.974888, 0.154917, 0.159981, 0.162894, 0.985914, 0.0379336, -0.151851, 0.063041, -0.986391, 0.00284287  
93, 27.1525, 1147.19, 174.668, -0.974986, 0.154792, 0.159503, 0.162888, 0.985877, 0.0389194, -0.151226, 0.0639271, -0.98643, 0.00273053  
94, 27.1554, 1147.19, 174.649, -0.974907, 0.154217, 0.16054, 0.162469, 0.985921, 0.0395311, -0.152184, 0.064622, -0.986237, 0.0028193  
95, 27.1797, 1147.17, 174.646, -0.974947, 0.154253, 0.160266, 0.162427, 0.985944, 0.039137, -0.151976, 0.064188, -0.986298, 0.00294883  
96, 26.8931, 1147.14, 174.925, -0.977089, 0.151941, 0.149035, 0.159143, 0.98654, 0.0375766, -0.141319, 0.0604335, -0.988118, 0.00275744  
97, 26.9956, 1147.22, 174.777, -0.975909, 0.153252, 0.155291, 0.161112, 0.986154, 0.039283, -0.147121, 0.063356, -0.987087, 0.00283039  
98, 26.9609, 1147.15, 174.862, -0.976394, 0.152854, 0.152615, 0.160502, 0.986263, 0.0390417, -0.14455, 0.062615, -0.987514, 0.00282512  
99, 27.132, 1147.11, 174.71, -0.975438, 0.152857, 0.158604, 0.161008, 0.98615, 0.0398067, -0.150322, 0.0643655, -0.98654, 0.00290695  
100, 27.1964, 1147.22, 174.568, -0.974434, 0.155622, 0.162048, 0.163707, 0.985788, 0.0377163, -0.153875, 0.0632804, -0.986062, 0.0026831  
101, 27.1523, 1147.16, 174.653, -0.974859, 0.154749, 0.160319, 0.162978, 0.985841, 0.0394372, -0.151946, 0.0645741, -0.986277, 0.00275938  
102, 27.1983, 1147.12, 174.647, -0.97493, 0.153421, 0.161164, 0.161669, 0.986062, 0.0392957, -0.152889, 0.0643658, -0.986145, 0.00281458  
103, 27.0928, 1147.12, 174.686, -0.975647, 0.153078, 0.1571, 0.16075, 0.986291, 0.0372741, -0.149241, 0.0616203, -0.986879, 0.00272776  
104, 27.1768, 1147.16, 174.618, -0.975017, 0.15274, 0.161284, 0.161068, 0.98614, 0.039813, -0.152968, 0.0647961, -0.986105, 0.00283095  
105, 27.1161, 1147.13, 174.675, -0.975212, 0.153659, 0.15922, 0.161725, 0.986068, 0.0389296, -0.15102, 0.0637146, -0.986475, 0.00287117  
106, 27.1416, 1147.19, 174.664, -0.975041, 0.154195, 0.159748, 0.162304, 0.985972, 0.0389417, -0.151503, 0.0638975, -0.986389, 0.0027125  
107, 27.2012, 1147.16, 174.625, -0.974787, 0.15409, 0.161391, 0.162389, 0.985937, 0.0394823, -0.153037, 0.064695, -0.9861, 0.00279183  
108, 27.1345, 1147.15, 174.641, -0.975276, 0.154355, 0.158149, 0.162291, 0.985992, 0.0384857, -0.149993, 0.0632004, -0.986665, 0.00268615  
109, 27.1545, 1147.2, 174.663, -0.974715, 0.155473, 0.160494, 0.163614, 0.985764, 0.03874, -0.152187, 0.0640195, -0.986276, 0.00267644  
110, 27.2273, 1147.19, 174.607, -0.974456, 0.155116, 0.162401, 0.163494, 0.985754, 0.0394839, -0.153963, 0.065027, -0.985935, 0.00293857  
111, 27.1728, 1147.17, 174.599, -0.975086, 0.15362, 0.160024, 0.161609, 0.986119, 0.0380919, -0.151951, 0.0630042, -0.986378, 0.00285314  
112, 27.2105, 1147.2, 174.585, -0.974725, 0.154429, 0.16144, 0.162486, 0.985983, 0.0378779, -0.153328, 0.0631523, -0.986155, 0.00284065  
113, 27.217, 1147.2, 174.569, -0.974394, 0.154864, 0.163016, 0.163367, 0.985753, 0.0400349, -0.154494, 0.0656413, -0.985811, 0.00270862  
114, 27.1828, 1147.16, 174.605, -0.975085, 0.15267, 0.160935, 0.161068, 0.986115, 0.0404168, -0.15253, 0.0653313, -0.986137, 0.00281014  
115, 27.1724, 1147.16, 174.63, -0.974761, 0.154819, 0.160849, 0.163088, 0.985822, 0.0394679, -0.152458, 0.0647043, -0.98619, 0.00296686  
116, 27.1588, 1147.16, 174.626, -0.97483, 0.154513, 0.160725, 0.162778, 0.985871, 0.0395158, -0.152348, 0.0646837, -0.986208, 0.00275494  
117, 27.1446, 1147.15, 174.606, -0.974939, 0.153968, 0.160585, 0.162203, 0.98597, 0.0394167, -0.152263, 0.0644762, -0.986235, 0.00282762  
118, 27.2018, 1147.13, 174.616, -0.974882, 0.154762, 0.160168, 0.162783, 0.985924, 0.0381479, -0.15201, 0.0632623, -0.986352, 0.00266674  
119, 27.2287, 1147.21, 174.566, -0.974481, 0.154014, 0.163298, 0.162616, 0.985853, 0.0406091, -0.154734, 0.0661277, -0.985741, 0.00277824  
120, 27.1476, 1147.12, 174.668, -0.975325, 0.152757, 0.159395, 0.160952, 0.986161, 0.0397565, -0.151116, 0.0644304, -0.986414, 0.00285979  
121, 27.1425, 1147.16, 174.654, -0.974985, 0.154841, 0.159464, 0.162756, 0.985944, 0.0377508, -0.151377, 0.0627601, -0.986482, 0.00275051  
122, 27.2152, 1147.23, 174.574, -0.974372, 0.155361, 0.16267, 0.163642, 0.985759, 0.0387315, -0.154337, 0.0643587, -0.98592, 0.00285896  
123, 27.2703, 1147.27, 174.522, -0.974167, 0.155075, 0.164167, 0.163609, 0.985725, 0.0397212, -0.155663, 0.0655542, -0.985633, 0.00273358  
124, 27.2147, 1147.18, 174.563, -0.974643, 0.154547, 0.161823, 0.162829, 0.985877, 0.0391522, -0.153487, 0.0645088, -0.986043, 0.00279738  
125, 27.1871, 1147.15, 174.658, -0.97484, 0.154531, 0.160645, 0.162661, 0.985924, 0.0386751, -0.152407, 0.0638327, -0.986254, 0.00292054  
126, 27.1873, 1147.17, 174.655, -0.974895, 0.154328, 0.160508, 0.162592, 0.985898, 0.039612, -0.152132, 0.0647148, -0.986239, 0.00278934  
127, 27.1563, 1147.11, 174.603, -0.974964, 0.153632, 0.160755, 0.161897, 0.986014, 0.0395663, -0.152428, 0.0646015, -0.986201, 0.00282207  
128, 27.1679, 1147.13, 174.659, -0.975045, 0.154033, 0.159876, 0.162118, 0.98601, 0.0387482, -0.151671, 0.0637001, -0.986376, 0.00276465  
129, 27.1355, 1147.15, 174.634, -0.974865, 0.154521, 0.160503, 0.162732, 0.985889, 0.0392646, -0.152171, 0.0643967, -0.986254, 0.00278074  
130, 27.1924, 1147.16, 174.554, -0.974276, 0.15415, 0.164392, 0.162847, 0.985811, 0.0407242, -0.155782, 0.0664474, -0.985554, 0.00290612  
131, 27.2055, 1147.22, 174.595, -0.97464, 0.154633, 0.161755, 0.162759, 0.985927, 0.0381726, -0.153576, 0.0635316, -0.986092, 0.00286035  
132, 27.2283, 1147.28, 174.567, -0.974298, 0.155678, 0.162813, 0.163459, 0.985913, 0.0354519, -0.155, 0.0611539, -0.98602, 0.00284398  
133, 27.1648, 1147.33, 174.633, -0.974518, 0.156409, 0.16078, 0.163751, 0.985937, 0.0333898, -0.153296, 0.0588668, -0.986425, 0.00271583  
134, 27.0021, 1147.44, 174.824, -0.975689, 0.155908, 0.154023, 0.162598, 0.986181, 0.031759, -0.146943, 0.0560307, -0.987557, 0.00283095  
135, 25.1675, 1145.57, 177.033, -0.990494, 0.119593, 0.0679665, 0.120326, 0.992711, 0.0067825, -0.06666, 0.0148962, -0.997665, 0.00311082  
136, 24.5717, 1145.34, 177.429, -0.99329, 0.10663, 0.044773, 0.106626, 0.994296, -0.00247902, -0.044782, 0.00231159, -0.998994, 0.00287616  
137, 24.5422, 1144.96, 177.555, -0.994542, 0.0968335, 0.0388436, 0.0967971, 0.9953, -0.00282184, -0.0389343, 0.000953508, -0.999241, 0.00282401  
138, 25.2373, 1145.74, 176.92, -0.990995, 0.114392, 0.0695905, 0.114875, 0.993376, 0.00296906, -0.0687898, 0.0109365, -0.997571, 0.00275661  
139, 25.1373, 1145.8, 176.987, -0.991184, 0.115311, 0.0652553, 0.115447, 0.993312, -0.00168723, -0.0650135, 0.00586121, -0.997867, 0.00289114  
140, 24.4735, 1145.79, 177.516, -0.993241, 0.108861, 0.0402591, 0.108406, 0.994017, -0.0133361, -0.04147, -0.0088816, -0.9991, 0.0030903  
141, 24.5972, 1146.01, 177.407, -0.992751, 0.112219, 0.0430466, 0.111666, 0.993632, -0.0150498, -0.0444614, -0.0101339, -0.99896, 0.00283677  
142, 29.001, 1147.46, 173.194, -0.468187, -0.6809, 0.563183, 0.422631, 0.387171, 0.81944, -0.776005, 0.62167, 0.106501, 0.00286146  
143, 28.8975, 1148.47, 172.561, -0.440393, -0.681221, 0.584801, 0.424964, 0.41561, 0.80416, -0.79086, 0.602666, 0.106462, 0.00275439  
144, 29.3671, 1149.02, 172.219, -0.433586, -0.6733, 0.598891, 0.424157, 0.433888, 0.794878, -0.795044, 0.598672, 0.097457, 0.00290889  
145, 29.2655, 1148.89, 172.341, -0.435201, -0.677901, 0.592495, 0.424582, 0.425783, 0.799024, -0.793933, 0.599299, 0.102523, 0.00296326  
146, 29.0727, 1148.79, 172.444, -0.435817, -0.679664, 0.590018, 0.422623, 0.424247, 0.800877, -0.79464, 0.598391, 0.102347, 0.00278989  
147, 28.7999, 1148.61, 172.621, -0.453467, -0.670418, 0.587288, 0.413912, 0.425156, 0.804934, -0.789331, 0.608097, 0.0846998, 0.0028867  
148, 28.8844, 1148.66, 172.542, -0.452748, -0.669499, 0.588889, 0.412643, 0.428146, 0.804, -0.790408, 0.60701, 0.082422, 0.0027555  
149, 28.5907, 1148.48, 172.77, -0.456039, -0.674763, 0.580279, 0.41229, 0.417657, 0.809679, -0.788699, 0.608488, 0.0877303, 0.00286007  
150, 28.376, 1148.37, 172.971, -0.458981, -0.676549, 0.575863, 0.410501, 0.413342, 0.812796, -0.787925, 0.60945, 0.0880081, 0.00293413  
151, 28.5136, 1148.27, 172.834, -0.456119, -0.677729, 0.576748, 0.409158, 0.415822, 0.812208, -0.790282, 0.606445, 0.0876342, 0.00279988  
152, 28.342, 1148.07, 172.919, -0.456707, -0.679887, 0.573736, 0.410681, 0.410963, 0.81391, -0.789151, 0.607341, 0.0915274, 0.00293136  
153, 28.2422, 1147.95, 173.046, -0.459211, -0.678667, 0.57318, 0.409097, 0.411175, 0.814601, -0.788521, 0.60856, 0.0888246, 0.0026745  
154, 28.616, 1148.07, 172.652, -0.451973, -0.676569, 0.581357, 0.405713, 0.4245, 0.809442, -0.794429, 0.60171, 0.0826298, 0.00276743  
155, 28.4214, 1147.84, 172.862, -0.457305, -0.678657, 0.574714, 0.405213, 0.416249, 0.813965, -0.791628, 0.605112, 0.0846478, 0.00292359  
156, 28.6722, 1147.82, 172.709, -0.451495, -0.676029, 0.582354, 0.403773, 0.427219, 0.808982, -0.795688, 0.60039, 0.0800744, 0.00282124  
157, 28.4356, 1147.19, 173.155, -0.463598, -0.678816, 0.56946, 0.400714, 0.412591, 0.818044, -0.790256, 0.607435, 0.080735, 0.00281819  
158, 27.9553, 1146.4, 173.712, -0.4728, -0.688009, 0.550548, 0.400222, 0.38896, 0.829778, -0.785036, 0.612661, 0.0914558, 0.00277491  
159, 27.9833, 1146.26, 173.63, -0.46836, -0.690268, 0.551514, 0.401132, 0.390046, 0.828829, -0.78723, 0.60942, 0.0942067, 0.00279433  
160, 28.122, 1146.12, 173.521, -0.466217, -0.687304, 0.557005, 0.398535, 0.398943, 0.825842, -0.789818, 0.607007, 0.0879209, 0.00286257  
161, 24.906, 1144.92, 177.318, -0.987851, 0.150968, 0.036852, 0.146516, 0.983842, -0.102901, -0.0517913, -0.0962511, -0.994009, 0.0028254  
162, 24.8024, 1144.48, 177.602, -0.988178, 0.150986, 0.0266011, 0.147034, 0.982484, -0.114481, -0.0434202, -0.109216, -0.993069, 0.00286201  
163, 24.7241, 1144.08, 177.648, -0.98853, 0.148775, 0.0259618, 0.145017, 0.983085, -0.111867, -0.0421657, -0.106819, -0.993384, 0.00272332  
164, 24.9473, 1143.5, 177.665, -0.989015, 0.145763, 0.0245529, 0.142236, 0.983667, -0.11031, -0.040231, -0.105605, -0.993594, 0.00281902  
165, 25.0515, 1143, 177.545, -0.988766, 0.146916, 0.0275338, 0.142933, 0.983214, -0.113405, -0.0437326, -0.108195, -0.993167, 0.00277908  
166, 25.2935, 1142.72, 177.299, -0.988008, 0.151142, 0.0315682, 0.146823, 0.98293, -0.110872, -0.0477867, -0.104907, -0.993333, 0.00271167  
167, 25.4322, 1142.17, 177.171, -0.987964, 0.150733, 0.0347304, 0.146107, 0.983087, -0.110418, -0.0507867, -0.104015, -0.993278, 0.00291888  
168, 25.2686, 1141.46, 177.256, -0.987261, 0.155979, 0.03141, 0.151289, 0.98139, -0.118262, -0.0492719, -0.112003, -0.992486, 0.00267173  
169, 25.1578, 1140.61, 177.401, -0.988059, 0.152518, 0.0218583, 0.148767, 0.981284, -0.122271, -0.0400978, -0.11756, -0.992256, 0.0026856  
170, 25.1837, 1139.8, 177.434, -0.988692, 0.148783, 0.0187499, 0.14553, 0.982122, -0.119407, -0.0361803, -0.115328, -0.992668, 0.00285785  
171, 25.041, 1139.1, 177.525, -0.987742, 0.155388, 0.0148165, 0.152177, 0.979747, -0.130149, -0.0347398, -0.126298, -0.991384, 0.00276743  
172, 25.0191, 1138.31, 177.59, -0.987959, 0.154132, 0.0134083, 0.151079, 0.979791, -0.131089, -0.0333424, -0.127485, -0.99128, 0.00282346  
173, 24.7674, 1137.25, 177.802, -0.988147, 0.153347, 0.00704192, 0.150991, 0.979193, -0.13558, -0.0276861, -0.13291, -0.990741, 0.00266396  
174, 24.7619, 1136.22, 177.701, -0.988488, 0.151007, 0.00941552, 0.148367, 0.97964, -0.135254, -0.029648, -0.1323, -0.990766, 0.00279433  
175, 24.3628, 1135, 178.177, -0.988969, 0.148093, -0.00297256, 0.147014, 0.978916, -0.141811, -0.0180913, -0.140684, -0.989889, 0.00292498  
176, 24.5051, 1134.03, 177.972, -0.989409, 0.145152, -0.000478195, 0.143844, 0.980043, -0.137202, -0.0194466, -0.135818, -0.990543, 0.00272526  
177, 24.387, 1132.95, 178.037, -0.989326, 0.145712, -0.00165124, 0.144536, 0.979773, -0.138399, -0.0185486, -0.13716, -0.990375, 0.00281874  
178, 27.1124, 1125.93, 185.992, -0.670109, 0.680625, 0.296149, 0.561075, 0.203263, 0.802421, 0.485951, 0.703871, -0.51809, 0.0026892  
179, 27.3492, 1125.06, 185.925, -0.672239, 0.680504, 0.291564, 0.56526, 0.21746, 0.795734, 0.478096, 0.699733, -0.530847, 0.00278573  
180, 32.3215, 1116.58, 180.026, 0.648459, 0.676433, -0.349199, -0.556006, 0.107534, -0.824193, -0.51996, 0.728612, 0.445832, 0.00298129  
181, 32.1735, 1115.5, 179.953, 0.6492, 0.674969, -0.35065, -0.556211, 0.106828, -0.824146, -0.518814, 0.730072, 0.444778, 0.00274718  
182, 32.1502, 1114.04, 179.897, 0.64663, 0.678074, -0.349407, -0.5587, 0.10914, -0.822157, -0.519349, 0.726846, 0.449413, 0.00281347  
183, 32.183, 1112.59, 179.916, 0.646293, 0.67632, -0.353408, -0.560073, 0.105855, -0.821653, -0.51829, 0.728963, 0.447202, 0.00270585  
184, 31.9489, 1111.08, 179.925, 0.646604, 0.676751, -0.35201, -0.560992, 0.109174, -0.820591, -0.516905, 0.728072, 0.450244, 0.00276021  
185, 31.9294, 1109.67, 179.799, 0.645226, 0.679262, -0.349695, -0.561643, 0.111434, -0.819841, -0.517919, 0.725387, 0.453403, 0.00305923  
186, 33.3069, 1111.69, 183.919, 0.961504, 0.103515, 0.254546, 0.125835, -0.989363, -0.0729792, 0.244284, 0.102201, -0.964303, 0.00278351  
187, 31.7744, 1106.49, 179.843, 0.641484, 0.682735, -0.349814, -0.562978, 0.109216, -0.819223, -0.521107, 0.722457, 0.454426, 0.00281486  
188, 31.6681, 1104.67, 179.849, 0.642115, 0.681987, -0.350116, -0.561838, 0.107931, -0.820176, -0.521561, 0.723356, 0.452471, 0.00268865  
189, 31.6378, 1103.01, 179.886, 0.642244, 0.680857, -0.352074, -0.561164, 0.104773, -0.821047, -0.522128, 0.724884, 0.449362, 0.00280043  
190, 22.9061, 1103.96, 180.71, -0.953805, 0.0787745, -0.289914, -0.114258, -0.987612, 0.107553, -0.27785, 0.13571, 0.95099, 0.00287976  
191, 21.873, 1102.63, 181.227, -0.956867, 0.0778859, -0.279892, -0.115678, -0.985873, 0.121129, -0.266504, 0.148282, 0.952359, 0.00270224  
192, 21.9272, 1100.93, 181.092, -0.957046, 0.0784058, -0.279132, -0.115161, -0.986338, 0.117792, -0.266083, 0.144877, 0.953001, 0.00281791  
193, 33.3204, 1099.82, 184.059, 0.961592, 0.102134, 0.254772, 0.120583, -0.991017, -0.0578398, 0.246576, 0.0863396, -0.96527, 0.00270418  
194, 33.3359, 1098.05, 184.204, 0.962202, 0.103487, 0.251909, 0.121788, -0.990852, -0.058136, 0.243588, 0.0866181, -0.966003, 0.00267367  
195, 33.3496, 1096.12, 184.219, 0.962018, 0.104174, 0.252327, 0.121122, -0.991246, -0.052547, 0.244644, 0.0811135, -0.966214, 0.00285952  
196, 33.3359, 1094.1, 184.265, 0.962143, 0.102978, 0.252343, 0.119423, -0.991548, -0.0507023, 0.244989, 0.0789184, -0.966309, 0.00275217  
197, 33.4528, 1091.99, 184.193, 0.962299, 0.100955, 0.252565, 0.116389, -0.992096, -0.0468926, 0.245835, 0.0745204, -0.966443, 0.00285508  
198, 33.3437, 1089.86, 184.236, 0.963209, 0.0973439, 0.250504, 0.111949, -0.992708, -0.0446954, 0.244326, 0.0710947, -0.967083, 0.00268338  
199, 33.419, 1087.73, 184.197, 0.963528, 0.0956679, 0.249924, 0.110274, -0.992879, -0.045074, 0.243832, 0.0709901, -0.967216, 0.00281819  
200, 33.5507, 1085.84, 184.204, 0.964014, 0.0994071, 0.246566, 0.11319, -0.992671, -0.0423336, 0.240551, 0.068719, -0.968201, 0.00277602  
201, 33.5912, 1083.72, 184.238, 0.963797, 0.0998582, 0.247231, 0.111526, -0.993193, -0.0336111, 0.242192, 0.0599669, -0.968373, 0.00276077  
202, 33.7037, 1081.64, 184.164, 0.964033, 0.101181, 0.245771, 0.11152, -0.993354, -0.0284827, 0.241256, 0.0548668, -0.968909, 0.00283316  
203, 33.9031, 1079.37, 184.181, 0.965376, 0.0980562, 0.241731, 0.108027, -0.993745, -0.0283114, 0.237442, 0.0534445, -0.96993, 0.00266424  
204, 34.1567, 1077.16, 184.078, 0.965918, 0.0990716, 0.239139, 0.108334, -0.993778, -0.0258714, 0.235088, 0.0508966, -0.970641, 0.00280459  
205, 34.4243, 1074.96, 184.125, 0.966071, 0.0974366, 0.239193, 0.104772, -0.994331, -0.0181149, 0.236072, 0.0425611, -0.970803, 0.00291194  
206, 34.7935, 1072.69, 184.007, 0.965622, 0.0989565, 0.24038, 0.105506, -0.994313, -0.0144997, 0.237578, 0.0393628, -0.970571, 0.00280931  
207, 35.1549, 1070.38, 184.108, 0.96664, 0.0979802, 0.236659, 0.103411, -0.994582, -0.0106126, 0.234337, 0.0347316, -0.971535, 0.00282984  
208, 35.5306, 1068.01, 183.951, 0.966925, 0.0975503, 0.235671, 0.101679, -0.994803, -0.00539869, 0.233919, 0.0291828, -0.971818, 0.00267783  
209, 24.5278, 1065.56, 181.369, -0.962631, 0.0777947, -0.259402, -0.0960809, -0.99365, 0.0585568, -0.2532, 0.0812922, 0.963993, 0.00276964  
210, 24.8791, 1063.28, 181.521, -0.963438, 0.0764301, -0.256801, -0.0946466, -0.993742, 0.0593235, -0.250659, 0.0814598, 0.964642, 0.0028806  
211, 25.1863, 1060.94, 181.644, -0.964546, 0.0740616, -0.253311, -0.0905744, -0.994417, 0.0541431, -0.247887, 0.075167, 0.965869, 0.00280016  
212, 25.5525, 1058.95, 181.645, -0.96456, 0.0766885, -0.252475, -0.0921168, -0.9945, 0.0498481, -0.247264, 0.0713387, 0.966318, 0.00293469  
213, 25.7198, 1056.83, 181.67, -0.964498, 0.0770228, -0.252607, -0.0893258, -0.995293, 0.0375853, -0.248523, 0.0588153, 0.966839, 0.0027469  
214, 25.7905, 1054.58, 181.731, -0.965595, 0.0775566, -0.248216, -0.0885933, -0.995501, 0.0335901, -0.244494, 0.0544247, 0.968122, 0.00279267  
215, 25.9311, 1052.36, 181.944, -0.966394, 0.0756842, -0.245671, -0.0873554, -0.995492, 0.0369467, -0.241768, 0.0571658, 0.968649, 0.00288393  
216, 37.7016, 1050.12, 184.39, 0.971484, 0.0925419, 0.218298, 0.0890582, -0.995693, 0.025766, 0.219743, -0.00558998, -0.975542, 0.00276826  
217, 37.8902, 1047.85, 184.278, 0.970941, 0.0949297, 0.219685, 0.0888786, -0.995344, 0.0372889, 0.222202, -0.01668, -0.974858, 0.00298073  
218, 38.1261, 1045.47, 184.2, 0.969528, 0.0901973, 0.227771, 0.0827206, -0.99568, 0.0421812, 0.230592, -0.0220545, -0.972801, 0.00272138  
219, 38.2834, 1043.23, 184.166, 0.971187, 0.0903234, 0.220538, 0.0850527, -0.99582, 0.0332994, 0.222624, -0.0135826, -0.97481, 0.00278296  
220, 38.4274, 1040.76, 184.188, 0.971316, 0.0908087, 0.21977, 0.0844753, -0.995698, 0.0380663, 0.222282, -0.0184092, -0.974809, 0.00301929  
221, 38.3827, 1038.49, 184.276, 0.971854, 0.0915526, 0.217067, 0.086353, -0.995707, 0.0333402, 0.219187, -0.0136574, -0.975587, 0.00276548  
222, 38.4401, 1036.07, 184.164, 0.970222, 0.0921074, 0.22402, 0.0834405, -0.995362, 0.0478726, 0.227391, -0.0277547, -0.973408, 0.00297102  
223, 38.3216, 1033.89, 184.169, 0.971522, 0.0921552, 0.218296, 0.084406, -0.995434, 0.0445821, 0.221408, -0.024887, -0.974864, 0.00273497  
224, 38.3463, 1031.23, 184.209, 0.971302, 0.0881457, 0.220914, 0.0790745, -0.995634, 0.0495923, 0.224321, -0.0307005, -0.974032, 0.00282928  
225, 37.9976, 1029.25, 184.085, 0.97047, 0.0884577, 0.224415, 0.0786287, -0.995527, 0.0523815, 0.228045, -0.0331892, -0.973085, 0.00307948  
226, 37.781, 1027.03, 184.154, 0.970336, 0.0879316, 0.225201, 0.0761445, -0.995258, 0.060519, 0.229454, -0.041576, -0.972431, 0.00280348  
227, 37.6631, 1024.65, 184.362, 0.968609, 0.0879845, 0.232497, 0.073998, -0.994922, 0.0682267, 0.237319, -0.0488807, -0.970201, 0.00282595  
228, 37.2555, 1022.52, 184.253, 0.969159, 0.0897863, 0.229498, 0.0764457, -0.994861, 0.0663919, 0.234279, -0.0468002, -0.971042, 0.0027727  
229, 37.0576, 1020.43, 184.116, 0.969956, 0.0892256, 0.226326, 0.0767846, -0.995042, 0.0632076, 0.230844, -0.0439302, -0.971999, 0.00290778  
230, 36.8487, 1018.16, 184.126, 0.968328, 0.0905947, 0.232665, 0.0761161, -0.994604, 0.0704896, 0.237795, -0.0505475, -0.969999, 0.00297269  
231, 36.8586, 1019.44, 180.381, 0.988377, 0.00889209, 0.151765, 0.000639665, 0.998036, -0.0626418, -0.152024, 0.0620108, 0.98643, 0.00283843  
232, 34.9887, 1017.47, 180.47, 0.987599, -0.00412323, 0.156945, 0.0109295, 0.999035, -0.0425292, -0.156619, 0.0437171, 0.986691, 0.00289114  
233, 34.3269, 1015.01, 181.248, 0.987811, -0.00256584, 0.155638, 0.0136128, 0.997457, -0.0699545, -0.155062, 0.0712205, 0.985334, 0.00276521  
234, 34.1719, 1012.91, 180.888, 0.988659, 0.00285907, 0.150149, 0.00642731, 0.998097, -0.0613261, -0.150039, 0.0615956, 0.98676, 0.00289447  
235, 33.7561, 1010.72, 180.882, 0.988751, 0.000198621, 0.149571, 0.0101483, 0.997606, -0.0684108, -0.149227, 0.0691591, 0.986381, 0.00310333  
236, 33.3661, 1008.55, 180.988, 0.989833, -0.0020942, 0.142221, 0.011922, 0.997595, -0.068285, -0.141736, 0.0692863, 0.987477, 0.00284953  
237, 32.8045, 1006.67, 181.226, 0.990052, -0.0026732, 0.140674, 0.0119086, 0.997824, -0.0648506, -0.140194, 0.0658807, 0.98793, 0.00290667  
238, 32.3438, 1004.81, 181.32, 0.990712, -0.00263722, 0.135954, 0.0114948, 0.997857, -0.0644077, -0.135492, 0.0653723, 0.988619, 0.0032104  
239, 31.6962, 1002.9, 181.4, 0.991405, -0.00203537, 0.130811, 0.00992269, 0.998169, -0.0596719, -0.13045, 0.060457, 0.98961, 0.00262568  
240, 22.748, 999.691, 181.939, -0.960631, 0.0158722, -0.277375, -0.00575531, -0.999289, -0.0372498, -0.277769, -0.0341869, 0.960039, 0.00262874  
241, 21.5824, 999.801, 181.458, -0.951029, -0.0298813, -0.307654, 0.0350447, -0.999322, -0.0112706, -0.307109, -0.0215004, 0.951431, 0.00283871  
242, 21.3428, 997.599, 181.637, -0.953626, -0.0246251, -0.299986, 0.0312529, -0.999362, -0.0173146, -0.299368, -0.0258871, 0.953786, 0.00275855  
243, 20.2146, 994.002, 181.518, -0.952862, -0.0273448, -0.30217, 0.0353278, -0.999155, -0.0209843, -0.301341, -0.0306702, 0.953023, 0.00266868  
244, 19.493, 991.137, 181.612, -0.949178, -0.0393024, -0.312276, 0.0435308, -0.99903, -0.00657795, -0.311715, -0.0198373, 0.949969, 0.00272665  
245, 19.6905, 987.975, 181.475, -0.952753, -0.00851958, -0.303626, 0.0175836, -0.999477, -0.027131, -0.303236, -0.0311879, 0.952405, 0.00298018  
246, 18.9654, 986.999, 181.386, -0.949076, -0.0305725, -0.31356, 0.0333591, -0.999437, -0.00352393, -0.313276, -0.0138046, 0.949562, 0.00278462  
247, 18.5948, 985.285, 181.593, -0.95043, -0.0320153, -0.309286, 0.0335744, -0.999436, 0.00028189, -0.30912, -0.0101162, 0.950969, 0.00280515  
248, 18.4505, 983.336, 181.369, -0.94994, -0.027347, -0.311235, 0.0279717, -0.999606, 0.00245709, -0.311179, -0.00637169, 0.95033, 0.00314189  
249, 27.1042, 981.347, 182.449, 0.989171, -0.0148366, 0.146018, 0.0285716, 0.99531, -0.0924221, -0.143962, 0.0955932, 0.984955, 0.00275051  
250, 26.5528, 979.742, 182.633, 0.98976, -0.0167302, 0.141756, 0.029792, 0.995448, -0.0905282, -0.139597, 0.0938244, 0.985753, 0.00289863  
251, 26.3204, 978.185, 182.567, 0.989401, -0.0200189, 0.143822, 0.0320906, 0.996106, -0.082112, -0.141618, 0.0858571, 0.986191, 0.0028928  
252, 26.4968, 976.511, 182.546, 0.989718, -0.0162004, 0.142112, 0.0270034, 0.996861, -0.0744218, -0.14046, 0.0774941, 0.987049, 0.00274995  
253, 26.7606, 974.931, 182.48, 0.988753, -0.0148376, 0.148823, 0.0250808, 0.997425, -0.0671895, -0.147442, 0.0701664, 0.986579, 0.00298988  
254, 26.8676, 973.315, 182.305, 0.988898, -0.0142221, 0.147913, 0.0226656, 0.998198, -0.0555566, -0.146856, 0.0582923, 0.987439, 0.00283039  
255, 26.9456, 971.705, 182.175, 0.990045, -0.0124446, 0.140202, 0.021217, 0.997897, -0.0612496, -0.139145, 0.0636145, 0.988227, 0.00281014  
256, 26.0848, 969.768, 183.057, 0.987838, -0.0282564, 0.152897, 0.040276, 0.996287, -0.0760943, -0.150179, 0.0813269, 0.985308, 0.00268255  
257, 25.8644, 968.089, 183.492, 0.9864, -0.0275884, 0.162029, 0.0421117, 0.995327, -0.0868953, -0.158874, 0.0925369, 0.982953, 0.00275383  
258, 18.2935, 967.021, 182.188, -0.933663, -0.00963079, -0.358022, 0.0433891, -0.995317, -0.0863775, -0.355514, -0.0961818, 0.929709, 0.00285203  
259, 18.5859, 965.546, 182.147, -0.934092, -0.00831182, -0.356935, 0.0435664, -0.994912, -0.0908442, -0.354364, -0.100407, 0.929701, 0.00276021  
260, 24.9296, 963.009, 182.907, 0.98251, -0.0469694, 0.180186, 0.0485296, 0.998813, -0.00425773, -0.179773, 0.0129276, 0.983623, 0.0027935  
261, 27.4145, 959.74, 185.583, 0.96413, 0.0690013, 0.256303, 0.0610708, -0.99738, 0.0387832, 0.258308, -0.0217394, -0.965818, 0.00276881  
262, 27.5477, 958.246, 185.992, 0.954164, 0.08036, 0.288295, 0.0523814, -0.99325, 0.103495, 0.294666, -0.0836499, -0.951932, 0.00291333  
263, 27.8863, 956.731, 185.809, 0.956392, 0.0823415, 0.280239, 0.0561775, -0.993384, 0.100161, 0.286632, -0.0800503, -0.95469, 0.00294689  
264, 15.4417, 956.438, 185.438, -0.979849, -0.071533, -0.186492, -0.0640307, 0.996889, -0.0459541, 0.189199, -0.0330868, -0.981381, 0.0028634  
265, 15.8356, 955.128, 185.474, -0.979817, -0.0699211, -0.187271, -0.0602783, 0.99657, -0.0567066, 0.190594, -0.0442737, -0.98067, 0.0028204  
266, 16.0369, 953.927, 185.553, -0.980102, -0.0677176, -0.186584, -0.0586175, 0.996826, -0.0538708, 0.18964, -0.0418618, -0.980961, 0.00278878  
267, 16.2275, 952.569, 185.536, -0.980184, -0.0677464, -0.186146, -0.0572112, 0.996472, -0.0614026, 0.189649, -0.0495362, -0.980602, 0.00284703  
268, 16.4002, 951.128, 185.611, -0.980138, -0.069612, -0.185697, -0.0599356, 0.99656, -0.0572298, 0.189042, -0.0449632, -0.980939, 0.00308503  
269, 27.9209, 950.192, 183.148, 0.982203, -0.0405731, 0.183386, 0.0373957, 0.999085, 0.0207533, -0.18406, -0.0135262, 0.982822, 0.00272499  
270, 28.017, 948.602, 183.174, 0.981337, -0.039464, 0.188204, 0.0349255, 0.999015, 0.0273718, -0.189099, -0.0202878, 0.981749, 0.00280931  
271, 28.3008, 947.499, 183.082, 0.9808, -0.0416417, 0.190519, 0.0367083, 0.998895, 0.0293523, -0.191531, -0.0217951, 0.981245, 0.00266507  
272, 28.4158, 945.926, 183.085, 0.980241, -0.0423296, 0.193223, 0.0362309, 0.998731, 0.0349898, -0.194459, -0.0272978, 0.980531, 0.00274607  
273, 28.4726, 944.511, 183.013, 0.97969, -0.0408219, 0.19632, 0.0332706, 0.99858, 0.0416106, -0.19774, -0.0342338, 0.979657, 0.00285785  
274, 33.7166, 940.783, 185.143, 0.943452, 0.0736913, 0.323215, 0.0378179, -0.99254, 0.115905, 0.329345, -0.0971274, -0.939201, 0.00269586  
275, 24.2872, 940.102, 183.129, -0.973258, 0.0251204, -0.228339, -0.0399002, -0.99738, 0.060343, -0.226225, 0.0678401, 0.97171, 0.00282207  
276, 24.2333, 938.921, 183.08, -0.974556, 0.023188, -0.22294, -0.0390273, -0.996996, 0.0669057, -0.220718, 0.0739041, 0.972534, 0.00271445  
277, 24.3582, 937.299, 183.104, -0.974613, 0.0211233, -0.222899, -0.0361215, -0.997333, 0.0634257, -0.220965, 0.0698669, 0.972776, 0.0028168  
278, 20.7085, 936.207, 184.292, -0.98046, -0.070321, -0.183718, -0.0544843, 0.994462, -0.0898757, 0.189021, -0.0781098, -0.978862, 0.00282151  
279, 20.7782, 934.534, 184.211, -0.981669, -0.0720217, -0.176461, -0.0583184, 0.994953, -0.0816543, 0.181452, -0.0698666, -0.980915, 0.00272471  
280, 20.6833, 932.97, 184.206, -0.982434, -0.0724426, -0.171976, -0.0593542, 0.99502, -0.0800713, 0.17692, -0.0684573, -0.981842, 0.00283705  
281, 20.4526, 931.513, 184.199, -0.981917, -0.0698016, -0.175974, -0.055598, 0.99488, -0.0843967, 0.180964, -0.0730867, -0.98077, 0.00281902  
282, 20.4082, 929.842, 184.071, -0.979831, -0.0637472, -0.189389, -0.0422031, 0.992389, -0.115688, 0.195322, -0.105362, -0.975063, 0.002829  
283, 20.1821, 928.462, 184.159, -0.981012, -0.0664744, -0.182201, -0.0490506, 0.993925, -0.0985251, 0.187644, -0.0877172, -0.978313, 0.00283205  
284, 19.7806, 926.748, 184.255, -0.981043, -0.0695311, -0.180889, -0.053387, 0.994267, -0.0926402, 0.186294, -0.0812268, -0.979131, 0.00272748  
285, 19.7914, 925.273, 184.11, -0.981615, -0.0668703, -0.178775, -0.047948, 0.992978, -0.108148, 0.184752, -0.0975879, -0.977928, 0.00280404  
286, 19.6938, 923.601, 184.146, -0.98208, -0.0697298, -0.17509, -0.0517864, 0.993119, -0.105041, 0.18121, -0.094091, -0.978933, 0.0027261  
