0, 0, 0, 0, 0, 0, 0, 0, 0, 0, 0, 0, 0, 0.00650762  
1, 9.10545, 1146.95, 183.791, 0.954948, 0.130455, 0.266564, 0.129582, -0.991348, 0.0209425, 0.26699, 0.0145429, -0.96359, 0.002715  
2, 9.09042, 1146.96, 183.791, 0.954738, 0.129319, 0.267865, 0.127536, -0.991541, 0.0241225, 0.268718, 0.0111318, -0.963155, 0.00315548  
3, 9.09347, 1146.94, 183.769, 0.954662, 0.130707, 0.267463, 0.128923, -0.991357, 0.0242993, 0.268327, 0.0112846, -0.963262, 0.0027064  
4, 9.11156, 1146.94, 183.816, 0.954962, 0.129466, 0.266995, 0.128637, -0.991476, 0.0206688, 0.267395, 0.0146076, -0.963476, 0.00280709  
5, 9.09323, 1146.92, 183.778, 0.955025, 0.130139, 0.266442, 0.128541, -0.991426, 0.0235042, 0.267216, 0.0118017, -0.963564, 0.002986  
6, 9.09683, 1146.9, 183.756, 0.954818, 0.129876, 0.26731, 0.12812, -0.991466, 0.0240789, 0.268156, 0.0112568, -0.96331, 0.0027297  
7, 9.07758, 1146.9, 183.764, 0.954668, 0.130501, 0.267542, 0.128743, -0.991383, 0.0241798, 0.268393, 0.0113606, -0.963243, 0.00280321  
8, 9.08966, 1146.9, 183.792, 0.954899, 0.129966, 0.266976, 0.128299, -0.991451, 0.0237556, 0.267781, 0.0115686, -0.96341, 0.00275994  
9, 7.30097, 1143.41, 179.443, 0.630403, 0.70925, -0.315526, -0.548976, 0.119954, -0.827186, -0.548833, 0.694677, 0.464981, 0.00283927  
10, 7.3153, 1143.41, 179.429, 0.629934, 0.70911, -0.316775, -0.549769, 0.119039, -0.826791, -0.548578, 0.694977, 0.464833, 0.0029713  
11, 7.33732, 1143.42, 179.479, 0.630063, 0.709387, -0.315897, -0.55005, 0.120545, -0.826386, -0.548147, 0.694434, 0.46615, 0.00274052  
12, 7.33737, 1143.4, 179.469, 0.629562, 0.70962, -0.316372, -0.550552, 0.120132, -0.826112, -0.548219, 0.694268, 0.466313, 0.00285036  
13, 7.30921, 1143.4, 179.417, 0.629331, 0.709952, -0.316087, -0.550391, 0.120031, -0.826234, -0.548646, 0.693946, 0.46629, 0.00266396  
14, 7.36848, 1143.39, 179.416, 0.630125, 0.709166, -0.316268, -0.549882, 0.119962, -0.826583, -0.548244, 0.694761, 0.465549, 0.0027591  
15, 7.34081, 1143.4, 179.457, 0.629321, 0.709871, -0.316287, -0.550503, 0.119929, -0.826174, -0.548545, 0.694046, 0.46626, 0.00280737  
16, 7.33054, 1143.41, 179.465, 0.630692, 0.708729, -0.316118, -0.548909, 0.119464, -0.827301, -0.548568, 0.695293, 0.464372, 0.00278601  
17, 7.3241, 1143.42, 179.435, 0.630079, 0.709426, -0.315776, -0.549764, 0.12034, -0.826606, -0.548416, 0.69443, 0.465841, 0.00279544  
18, 7.3673, 1143.39, 179.429, 0.629801, 0.709318, -0.316572, -0.55057, 0.120158, -0.826096, -0.547927, 0.694571, 0.466205, 0.00263872  
19, 7.33401, 1143.42, 179.422, 0.630118, 0.709377, -0.31581, -0.549598, 0.120128, -0.826747, -0.548538, 0.694517, 0.465567, 0.00276521  
20, 7.31215, 1143.45, 179.447, 0.629663, 0.709543, -0.316342, -0.550583, 0.120305, -0.826066, -0.548072, 0.694316, 0.466414, 0.00293746  
21, 7.34107, 1143.43, 179.409, 0.629913, 0.709383, -0.316205, -0.550324, 0.120385, -0.826227, -0.548045, 0.694466, 0.466223, 0.00276992  
22, 7.32624, 1143.42, 179.432, 0.629803, 0.709653, -0.315818, -0.550315, 0.120714, -0.826185, -0.548181, 0.694133, 0.466559, 0.00282096  
23, 9.07375, 1146.94, 183.81, 0.954725, 0.129433, 0.267858, 0.127839, -0.991517, 0.0234601, 0.268623, 0.0118447, -0.963173, 0.0028376  
24, 9.08748, 1146.94, 183.751, 0.95499, 0.12976, 0.266751, 0.128633, -0.991453, 0.0217692, 0.267296, 0.0135237, -0.96352, 0.00287089  
25, 7.36365, 1143.46, 179.469, 0.630438, 0.709001, -0.316014, -0.54923, 0.119741, -0.827048, -0.548538, 0.694967, 0.464894, 0.00294162  
26, 7.33555, 1143.46, 179.479, 0.631234, 0.70814, -0.316357, -0.549114, 0.119981, -0.82709, -0.547739, 0.695803, 0.464586, 0.00287865  
27, 7.31569, 1143.49, 179.445, 0.631018, 0.708466, -0.316056, -0.549225, 0.120259, -0.826976, -0.547876, 0.695423, 0.464993, 0.00285813  
28, 7.34815, 1143.48, 179.453, 0.630151, 0.709338, -0.315832, -0.550068, 0.120731, -0.826347, -0.548028, 0.694452, 0.466263, 0.00273913  
29, 7.37012, 1143.5, 179.461, 0.629724, 0.709045, -0.317337, -0.551127, 0.119897, -0.825763, -0.547455, 0.694895, 0.466276, 0.0028204  
30, 7.36828, 1143.52, 179.449, 0.628703, 0.709753, -0.31778, -0.551878, 0.119322, -0.825344, -0.547871, 0.694272, 0.466715, 0.00301485  
31, 7.34839, 1143.49, 179.463, 0.63093, 0.708795, -0.315495, -0.549286, 0.120905, -0.826842, -0.547916, 0.694976, 0.465614, 0.00284648  
32, 7.36523, 1143.46, 179.436, 0.63022, 0.709018, -0.316411, -0.550476, 0.120642, -0.826088, -0.547539, 0.694794, 0.466329, 0.00290723  
33, 7.33117, 1143.51, 179.459, 0.630241, 0.709345, -0.315637, -0.549883, 0.120813, -0.826458, -0.54811, 0.694431, 0.466198, 0.00278102  
34, 7.3153, 1143.48, 179.46, 0.630699, 0.708434, -0.316764, -0.549955, 0.120045, -0.826522, -0.547511, 0.695493, 0.465319, 0.00285092  
35, 7.38373, 1143.47, 179.439, 0.630147, 0.709093, -0.316389, -0.549663, 0.119565, -0.826786, -0.548439, 0.694904, 0.465106, 0.00290806  
36, 7.33433, 1143.47, 179.437, 0.630572, 0.70869, -0.316447, -0.549802, 0.120094, -0.826617, -0.547811, 0.695224, 0.465367, 0.0028903  
37, 7.33251, 1143.47, 179.442, 0.630175, 0.708888, -0.316791, -0.550228, 0.11984, -0.82637, -0.54784, 0.695065, 0.46557, 0.00280376  
38, 7.39152, 1143.5, 179.447, 0.629102, 0.710149, -0.3161, -0.551315, 0.120958, -0.825482, -0.54798, 0.693583, 0.46761, 0.00273913  
39, 7.38502, 1143.49, 179.461, 0.629751, 0.709265, -0.316793, -0.550441, 0.119688, -0.82625, -0.548114, 0.694708, 0.465782, 0.00280903  
40, 7.33471, 1143.44, 179.481, 0.630683, 0.70847, -0.316714, -0.548957, 0.118821, -0.827362, -0.548529, 0.695666, 0.463858, 0.00309473  
41, 7.35184, 1143.47, 179.447, 0.629318, 0.709494, -0.317138, -0.550637, 0.119106, -0.826204, -0.548414, 0.694573, 0.465629, 0.00292636  
42, 7.38643, 1143.44, 179.438, 0.629872, 0.709178, -0.316744, -0.550103, 0.119436, -0.826512, -0.548314, 0.694839, 0.465351, 0.00290723  
43, 7.36688, 1143.45, 179.465, 0.629363, 0.709655, -0.31669, -0.550369, 0.119334, -0.826349, -0.548631, 0.69437, 0.465676, 0.00287921  
44, 7.32545, 1143.44, 179.446, 0.630031, 0.709195, -0.316392, -0.549976, 0.119843, -0.826537, -0.548259, 0.694752, 0.465545, 0.00288725  
45, 7.37262, 1143.43, 179.46, 0.629765, 0.70955, -0.316124, -0.550218, 0.120199, -0.826324, -0.548321, 0.694327, 0.466105, 0.00285036  
46, 7.32259, 1143.4, 179.475, 0.630502, 0.708746, -0.316459, -0.549526, 0.119661, -0.826863, -0.548168, 0.695241, 0.464921, 0.00288781  
47, 7.34385, 1143.43, 179.415, 0.62961, 0.709754, -0.315976, -0.550321, 0.120348, -0.826235, -0.548396, 0.694094, 0.466364, 0.00284759  
48, 7.35, 1143.43, 179.441, 0.629586, 0.709717, -0.316107, -0.550662, 0.120604, -0.82597, -0.548081, 0.694087, 0.466745, 0.00271389  
49, 7.35694, 1143.43, 179.457, 0.630177, 0.709288, -0.315891, -0.549537, 0.120016, -0.826804, -0.548531, 0.694627, 0.465411, 0.00278518  
50, 7.36425, 1143.44, 179.458, 0.630748, 0.708401, -0.316741, -0.549325, 0.11932, -0.827046, -0.548086, 0.695652, 0.464403, 0.00305313  
51, 7.34127, 1143.42, 179.425, 0.629004, 0.709996, -0.316638, -0.550063, 0.118652, -0.826651, -0.549349, 0.694138, 0.465176, 0.00282706  
52, 7.33194, 1143.41, 179.497, 0.630686, 0.708499, -0.316646, -0.549588, 0.119703, -0.826815, -0.547894, 0.695486, 0.464878, 0.00282984  
53, 7.35285, 1143.41, 179.448, 0.630379, 0.709138, -0.315825, -0.549178, 0.119837, -0.827069, -0.548659, 0.694811, 0.464985, 0.00277075  
54, 7.32668, 1143.43, 179.454, 0.630048, 0.709054, -0.316673, -0.550291, 0.119932, -0.826315, -0.547923, 0.69488, 0.465749, 0.00275716  
55, 7.32931, 1143.44, 179.473, 0.62993, 0.709467, -0.315983, -0.549018, 0.119007, -0.827295, -0.549334, 0.694618, 0.464476, 0.00290334  
56, 7.37406, 1143.43, 179.452, 0.630129, 0.70934, -0.31587, -0.549508, 0.119957, -0.826832, -0.548614, 0.694584, 0.465376, 0.00301429  
57, 7.34456, 1143.43, 179.464, 0.630519, 0.708804, -0.316295, -0.548974, 0.119169, -0.8273, -0.548701, 0.695267, 0.464253, 0.00276299  
58, 7.33846, 1143.44, 179.432, 0.629649, 0.709623, -0.316191, -0.550379, 0.12021, -0.826215, -0.548292, 0.694251, 0.466252, 0.00320014  
59, 7.37233, 1143.45, 179.461, 0.629325, 0.709661, -0.316752, -0.550612, 0.11953, -0.826159, -0.548431, 0.69433, 0.465971, 0.00321179  
60, 7.3481, 1143.47, 179.426, 0.629843, 0.709821, -0.315359, -0.549987, 0.120874, -0.82638, -0.548463, 0.693933, 0.466525, 0.00310666  
61, 9.09627, 1146.92, 183.781, 0.954577, 0.130561, 0.267836, 0.128778, -0.991376, 0.0242928, 0.268698, 0.0113021, -0.963158, 0.00279516  
62, 9.05855, 1146.97, 183.822, 0.955139, 0.129602, 0.266295, 0.128951, -0.991449, 0.0200066, 0.266611, 0.0152299, -0.963684, 0.00278129  
63, 9.12442, 1146.93, 183.774, 0.955042, 0.129757, 0.266565, 0.128661, -0.991452, 0.0216505, 0.267096, 0.0136194, -0.963574, 0.00269198  
64, 9.12029, 1146.96, 183.793, 0.954678, 0.130183, 0.267662, 0.12861, -0.991417, 0.0234805, 0.268422, 0.0120077, -0.963227, 0.00272637  
65, 9.1419, 1146.95, 183.761, 0.95475, 0.129895, 0.267542, 0.128598, -0.991443, 0.0224397, 0.268168, 0.0129812, -0.963285, 0.00306367  
66, 9.13423, 1146.94, 183.792, 0.954516, 0.130217, 0.268222, 0.128493, -0.991419, 0.0240508, 0.269052, 0.0115078, -0.963057, 0.00273858  
67, 9.08701, 1146.95, 183.81, 0.954736, 0.130632, 0.267236, 0.129544, -0.991335, 0.0217748, 0.267764, 0.0138297, -0.963385, 0.00275467  
68, 9.08573, 1146.95, 183.776, 0.954539, 0.130007, 0.268243, 0.128382, -0.991442, 0.023667, 0.269024, 0.0118465, -0.963061, 0.00276687  
69, 7.36018, 1143.5, 179.458, 0.630364, 0.708643, -0.316964, -0.550295, 0.11991, -0.826315, -0.547556, 0.695303, 0.46555, 0.00281403  
70, 7.34084, 1143.56, 179.485, 0.630309, 0.708644, -0.317071, -0.550422, 0.119893, -0.826233, -0.54749, 0.695305, 0.465623, 0.00292525  
71, 7.3524, 1143.61, 179.46, 0.631295, 0.707478, -0.317712, -0.550653, 0.120419, -0.826002, -0.54612, 0.696401, 0.465595, 0.00277547  
72, 7.34676, 1143.66, 179.453, 0.631003, 0.707828, -0.317513, -0.550644, 0.120348, -0.826019, -0.546468, 0.696057, 0.465701, 0.003376  
73, 7.36484, 1143.7, 179.504, 0.632063, 0.70632, -0.318761, -0.550566, 0.119846, -0.826144, -0.54532, 0.697674, 0.464626, 0.00278906  
74, 7.33545, 1143.78, 179.457, 0.63147, 0.706591, -0.319334, -0.551975, 0.120388, -0.825124, -0.544582, 0.697306, 0.466042, 0.00273941  
75, 7.24112, 1143.87, 179.526, 0.632376, 0.705658, -0.319606, -0.551908, 0.120891, -0.825096, -0.543598, 0.698163, 0.465907, 0.0027935  
76, 7.25826, 1143.97, 179.562, 0.632192, 0.705677, -0.319926, -0.552035, 0.120497, -0.825068, -0.543682, 0.698212, 0.465736, 0.00271028  
77, 7.25259, 1144.03, 179.571, 0.632575, 0.705012, -0.320635, -0.552625, 0.12081, -0.824628, -0.542636, 0.69883, 0.466029, 0.00273553  
78, 7.20701, 1144.1, 179.511, 0.634994, 0.702521, -0.32132, -0.552274, 0.121992, -0.824689, -0.540163, 0.701129, 0.465448, 0.00270085  
79, 7.15091, 1144.26, 179.547, 0.634678, 0.703591, -0.319601, -0.552335, 0.123767, -0.824383, -0.540472, 0.699744, 0.46717, 0.00273053  
80, 7.15974, 1144.27, 179.568, 0.636435, 0.701333, -0.321064, -0.551461, 0.122695, -0.825128, -0.539297, 0.702195, 0.464845, 0.00295493  
81, 7.10003, 1144.38, 179.578, 0.637796, 0.7, -0.321273, -0.551198, 0.123489, -0.825186, -0.537956, 0.703385, 0.464599, 0.00272526  
82, 7.06405, 1144.43, 179.612, 0.638535, 0.698643, -0.322755, -0.551516, 0.12291, -0.825059, -0.536752, 0.704834, 0.463796, 0.00276548  
83, 7.14168, 1144.44, 179.667, 0.641031, 0.696053, -0.323403, -0.55005, 0.122763, -0.826059, -0.535279, 0.707417, 0.461559, 0.0027996  
84, 7.1003, 1144.52, 179.692, 0.642518, 0.694165, -0.324507, -0.550154, 0.123114, -0.825938, -0.533386, 0.709209, 0.461, 0.00277713  
85, 7.036, 1144.55, 179.685, 0.643087, 0.693312, -0.325205, -0.550359, 0.123141, -0.825797, -0.532489, 0.710039, 0.460761, 0.00290917  
86, 7.0292, 1144.6, 179.725, 0.643832, 0.692665, -0.325109, -0.549554, 0.122949, -0.826362, -0.532419, 0.710703, 0.459816, 0.00273525  
87, 6.99427, 1144.57, 179.728, 0.64445, 0.691576, -0.3262, -0.550259, 0.123229, -0.825851, -0.530941, 0.711714, 0.459961, 0.0027125  
88, 6.98052, 1144.62, 179.731, 0.646142, 0.689907, -0.326389, -0.550181, 0.124653, -0.825689, -0.528964, 0.713085, 0.460117, 0.00333411  
89, 6.92804, 1144.74, 179.797, 0.647471, 0.688512, -0.326701, -0.549521, 0.124774, -0.82611, -0.528023, 0.714411, 0.459139, 0.00289835  
90, 6.9014, 1144.69, 179.783, 0.650335, 0.686074, -0.326139, -0.547645, 0.125899, -0.827185, -0.52645, 0.716556, 0.457601, 0.00294412  
91, 6.81246, 1144.76, 179.82, 0.651595, 0.683729, -0.32854, -0.547505, 0.124128, -0.827545, -0.525036, 0.719102, 0.455226, 0.00273636  
92, 6.80314, 1144.85, 179.821, 0.652671, 0.68218, -0.329621, -0.548341, 0.125101, -0.826844, -0.522821, 0.720402, 0.455718, 0.00286007  
93, 6.67633, 1144.97, 179.785, 0.653233, 0.683409, -0.325943, -0.547318, 0.128742, -0.826964, -0.523192, 0.718595, 0.45814, 0.00273358  
94, 6.66778, 1144.96, 179.848, 0.653318, 0.682357, -0.32797, -0.549144, 0.128894, -0.825729, -0.521168, 0.719566, 0.458921, 0.00272665  
95, 6.50002, 1144.94, 179.839, 0.654828, 0.680643, -0.32852, -0.548577, 0.129053, -0.82608, -0.519869, 0.721159, 0.457893, 0.00286451  
96, 6.50349, 1144.99, 179.87, 0.655871, 0.678685, -0.330485, -0.549137, 0.128563, -0.825784, -0.517959, 0.723089, 0.457012, 0.00273164  
97, 6.40352, 1144.99, 179.894, 0.657933, 0.676283, -0.331308, -0.548766, 0.12926, -0.825922, -0.515732, 0.725212, 0.456166, 0.00279239  
98, 6.32051, 1145.07, 179.876, 0.65927, 0.674829, -0.331615, -0.548704, 0.130246, -0.825808, -0.514088, 0.726389, 0.456149, 0.00268809  
99, 6.17097, 1145.07, 179.88, 0.66218, 0.671692, -0.332187, -0.547073, 0.130397, -0.826866, -0.512083, 0.729265, 0.453811, 0.00279239  
100, 6.09884, 1145.09, 179.883, 0.66369, 0.669361, -0.333874, -0.547066, 0.129957, -0.82694, -0.510133, 0.731483, 0.452435, 0.00293663  
101, 6.01383, 1144.93, 179.923, 0.665071, 0.666983, -0.335879, -0.546788, 0.128591, -0.827337, -0.508629, 0.733892, 0.450221, 0.00276826  
102, 5.91008, 1144.88, 179.92, 0.666306, 0.664615, -0.338118, -0.547224, 0.127798, -0.827172, -0.50654, 0.736176, 0.448845, 0.00280848  
103, 5.80133, 1144.88, 179.891, 0.666767, 0.664312, -0.337803, -0.548779, 0.130965, -0.825645, -0.504246, 0.735892, 0.451883, 0.00284676  
104, 5.66554, 1144.74, 179.881, 0.668827, 0.660829, -0.340551, -0.547663, 0.128199, -0.82682, -0.502728, 0.739506, 0.447654, 0.00277935  
105, 5.46986, 1144.72, 179.886, 0.671663, 0.657928, -0.340588, -0.546194, 0.129154, -0.827642, -0.50054, 0.741923, 0.446104, 0.00307032  
106, 5.37877, 1144.67, 179.849, 0.672346, 0.656328, -0.342321, -0.548088, 0.13056, -0.826168, -0.497544, 0.743093, 0.447507, 0.00282734  
107, 5.24112, 1144.33, 179.948, 0.669894, 0.657911, -0.344086, -0.554413, 0.135017, -0.821217, -0.49383, 0.740894, 0.455201, 0.00275633  
108, 6.63495, 1147.7, 183.816, 0.952884, 0.12196, 0.277738, 0.155845, -0.982364, -0.103311, 0.260241, 0.141727, -0.955086, 0.00279932  
109, 6.32757, 1147.5, 183.836, 0.952377, 0.122435, 0.279264, 0.15736, -0.981814, -0.106199, 0.261183, 0.145086, -0.954324, 0.00291915  
110, 6.13383, 1147.27, 183.782, 0.951574, 0.123529, 0.281508, 0.159438, -0.981243, -0.108363, 0.262842, 0.147998, -0.953421, 0.00302622  
111, 5.97764, 1146.95, 183.742, 0.953164, 0.118988, 0.278066, 0.15823, -0.979691, -0.123162, 0.257764, 0.161392, -0.952633, 0.00285591  
112, -4.93649, 1145.41, 180.327, -0.944385, 0.0939596, -0.315131, -0.152907, -0.97388, 0.16786, -0.291128, 0.20671, 0.934085, 0.00282678  
113, 5.45147, 1146.13, 183.729, 0.951482, 0.117848, 0.284242, 0.158599, -0.979421, -0.124827, 0.263681, 0.163851, -0.950592, 0.00277935  
114, 5.11974, 1145.81, 183.748, 0.95112, 0.118703, 0.285096, 0.159599, -0.979273, -0.124713, 0.264383, 0.164118, -0.950351, 0.00332163  
115, 4.58824, 1144.69, 183.685, 0.950827, 0.116665, 0.286911, 0.157745, -0.979608, -0.124436, 0.266543, 0.163576, -0.949841, 0.00299183  
116, 4.2439, 1143.18, 183.665, 0.950424, 0.115359, 0.288766, 0.156959, -0.979631, -0.12525, 0.268435, 0.164365, -0.949172, 0.00280876  
117, 3.95503, 1142.48, 183.701, 0.950928, 0.11502, 0.287239, 0.158122, -0.97861, -0.131606, 0.265957, 0.170567, -0.948775, 0.00265037  
118, 3.79978, 1141.61, 183.687, 0.950803, 0.113474, 0.288267, 0.156128, -0.97921, -0.129505, 0.267578, 0.16814, -0.948752, 0.00291277  
119, 3.83435, 1140.7, 183.587, 0.951377, 0.113764, 0.286251, 0.156613, -0.978868, -0.131487, 0.265244, 0.169924, -0.94909, 0.00291804  
120, 2.64889, 1140.35, 180.358, 0.986002, -0.084252, 0.14388, 0.055087, 0.979091, 0.19582, -0.157369, -0.185153, 0.970027, 0.00284814  
121, 2.57791, 1139.39, 180.381, 0.986612, -0.0845043, 0.139485, 0.057038, 0.980066, 0.19031, -0.152787, -0.179806, 0.971764, 0.00277658  
122, -6.16129, 1136.08, 179.949, -0.940542, 0.088586, -0.327922, -0.152211, -0.972959, 0.173732, -0.303665, 0.213316, 0.928593, 0.00293718  
123, -6.08275, 1134.82, 179.886, -0.940695, 0.0858966, -0.328199, -0.15122, -0.972159, 0.178998, -0.303686, 0.218013, 0.927494, 0.00317656  
124, -5.97825, 1133.5, 179.969, -0.942028, 0.0868, -0.324111, -0.150621, -0.972559, 0.17732, -0.299826, 0.215858, 0.929252, 0.00268504  
125, -5.65328, 1131.94, 179.871, -0.94124, 0.0819131, -0.327654, -0.145306, -0.97398, 0.173921, -0.304882, 0.211311, 0.928652, 0.00293857  
126, 4.69773, 1131.73, 183.654, 0.951047, 0.10705, 0.289912, 0.151268, -0.979282, -0.134631, 0.269493, 0.171895, -0.947537, 0.00272665  
127, 4.94697, 1130, 183.636, 0.950691, 0.105523, 0.291637, 0.147659, -0.980926, -0.126416, 0.272734, 0.163245, -0.948139, 0.0028548  
128, 5.25167, 1128.37, 183.628, 0.9515, 0.105245, 0.289087, 0.14718, -0.980879, -0.127332, 0.270158, 0.163704, -0.948797, 0.00317323  
129, 5.7641, 1126.52, 183.607, 0.95222, 0.106893, 0.286098, 0.14766, -0.981122, -0.124887, 0.267347, 0.161165, -0.950027, 0.00281236  
130, 6.1208, 1124.87, 183.669, 0.952782, 0.107217, 0.284096, 0.146814, -0.981622, -0.121914, 0.265803, 0.157867, -0.951013, 0.00287616  
131, 6.63622, 1123.08, 183.701, 0.95383, 0.107371, 0.280498, 0.145869, -0.981982, -0.120137, 0.262544, 0.155506, -0.952307, 0.00264649  
132, 7.19258, 1121.41, 183.681, 0.95484, 0.108133, 0.276744, 0.145627, -0.982196, -0.118675, 0.258984, 0.153618, -0.953587, 0.00288809  
133, 7.7622, 1119.43, 183.649, 0.955624, 0.110291, 0.273163, 0.145194, -0.983159, -0.110985, 0.256321, 0.145722, -0.955544, 0.00290417  
134, 8.27881, 1117.65, 183.704, 0.95702, 0.106921, 0.269595, 0.139969, -0.984417, -0.10645, 0.254012, 0.13961, -0.957072, 0.00279073  
135, 8.97971, 1115.35, 183.613, 0.958642, 0.104925, 0.264567, 0.137287, -0.984745, -0.106911, 0.249313, 0.138811, -0.958423, 0.0028487  
136, 9.55405, 1113.43, 183.681, 0.959435, 0.104312, 0.261923, 0.135576, -0.985269, -0.10423, 0.247192, 0.135512, -0.959444, 0.00265287  
137, -0.156547, 1110.23, 180.235, -0.949321, 0.0829051, -0.303177, -0.131108, -0.981111, 0.142241, -0.285658, 0.174781, 0.942259, 0.00279045  
138, 0.347118, 1107.85, 180.398, -0.952312, 0.0812231, -0.294117, -0.126981, -0.98198, 0.139966, -0.277448, 0.170638, 0.945465, 0.00291915  
139, 0.869716, 1105.55, 180.388, -0.952619, 0.0831352, -0.292583, -0.127047, -0.982748, 0.13441, -0.276361, 0.165214, 0.946746, 0.00276964  
140, 11.4693, 1104.35, 183.883, 0.960934, 0.106423, 0.255499, 0.129998, -0.988506, -0.0771801, 0.244348, 0.107379, -0.963724, 0.00278435  
141, 11.8941, 1101.94, 183.846, 0.962257, 0.105815, 0.250728, 0.127037, -0.989426, -0.069984, 0.240672, 0.0991945, -0.965525, 0.00264593  
142, 12.3121, 1099.62, 183.734, 0.962286, 0.108545, 0.249446, 0.126846, -0.990199, -0.0584548, 0.240656, 0.0878915, -0.966623, 0.00275161  
143, 12.788, 1097.27, 183.812, 0.962371, 0.109883, 0.248531, 0.128159, -0.990024, -0.0585418, 0.239619, 0.0881903, -0.966853, 0.00287838  
144, 13.166, 1094.93, 183.949, 0.962389, 0.108954, 0.248869, 0.126094, -0.99055, -0.0539519, 0.240639, 0.0833037, -0.967033, 0.00268504  
145, 13.4998, 1092.43, 183.795, 0.96385, 0.109531, 0.24289, 0.126102, -0.990562, -0.0537111, 0.234714, 0.0823983, -0.968566, 0.0028193  
146, 13.8859, 1089.76, 183.815, 0.963524, 0.10921, 0.244326, 0.122364, -0.991708, -0.0392727, 0.238011, 0.0677368, -0.968897, 0.0026978  
147, 14.1372, 1087.09, 183.835, 0.964964, 0.10758, 0.239314, 0.120256, -0.991978, -0.0389699, 0.233202, 0.0663837, -0.97016, 0.00278435  
148, 14.3457, 1084.51, 183.816, 0.965017, 0.108266, 0.23879, 0.118197, -0.992606, -0.0276248, 0.234033, 0.0548827, -0.970678, 0.00300597  
149, 14.5582, 1081.76, 183.849, 0.966125, 0.106016, 0.235295, 0.114651, -0.993133, -0.023287, 0.231211, 0.049475, -0.971645, 0.00281486  
150, 14.8212, 1079.06, 183.897, 0.965836, 0.106988, 0.236037, 0.112722, -0.993567, -0.0108907, 0.233354, 0.0371251, -0.971683, 0.00279905  
151, 3.84101, 1075.81, 181.184, -0.961221, 0.0887672, -0.261103, -0.110287, -0.991507, 0.0689254, -0.252768, 0.0950488, 0.962847, 0.00269642  
152, 4.02566, 1073.32, 181.127, -0.96002, 0.0894693, -0.265249, -0.107761, -0.992643, 0.0552002, -0.258359, 0.0815768, 0.962599, 0.00274856  
153, 15.4425, 1070.94, 184.027, 0.96708, 0.109112, 0.229893, 0.111749, -0.993735, 0.00156004, 0.228623, 0.0241817, -0.973215, 0.00299626  
154, 15.4567, 1068.25, 183.943, 0.967495, 0.108388, 0.228485, 0.107822, -0.994057, 0.0149971, 0.228752, 0.010126, -0.973432, 0.00276326  
155, 15.6753, 1065.59, 183.872, 0.967591, 0.107736, 0.228388, 0.106759, -0.994145, 0.0166663, 0.228847, 0.00825633, -0.973427, 0.00307504  
156, 15.945, 1062.9, 183.805, 0.967155, 0.109175, 0.229547, 0.105985, -0.994022, 0.0262168, 0.231037, -0.00102716, -0.972944, 0.00267478  
157, 16.1677, 1060.18, 183.938, 0.966579, 0.111097, 0.231049, 0.106407, -0.993785, 0.0326998, 0.233245, -0.00702167, -0.972393, 0.00286257  
158, 16.1486, 1057.47, 183.965, 0.967312, 0.110997, 0.228005, 0.105738, -0.993771, 0.0351917, 0.230491, -0.00993266, -0.973024, 0.00290223  
159, 16.2682, 1054.63, 183.843, 0.966284, 0.111943, 0.231869, 0.103216, -0.993428, 0.0494743, 0.235884, -0.0238737, -0.971488, 0.00269031  
160, 16.3041, 1051.89, 183.841, 0.96767, 0.112918, 0.225531, 0.103969, -0.993261, 0.0512117, 0.229794, -0.0261079, -0.972889, 0.00281181  
161, 16.2345, 1049.13, 183.826, 0.966997, 0.11087, 0.229402, 0.0993963, -0.993175, 0.0610171, 0.234602, -0.0362016, -0.971417, 0.00279405  
162, 16.2568, 1046.29, 183.839, 0.966735, 0.11086, 0.230506, 0.0988339, -0.9931, 0.0631156, 0.235912, -0.0382343, -0.971022, 0.0028523  
163, 16.2316, 1043.73, 183.94, 0.966288, 0.112217, 0.231722, 0.0987608, -0.992722, 0.068912, 0.237769, -0.0437038, -0.970338, 0.00305757  
164, 16.2399, 1040.83, 183.849, 0.967152, 0.110517, 0.228918, 0.0957817, -0.992607, 0.0745437, 0.235464, -0.0501689, -0.970587, 0.00273414  
165, 15.9865, 1038.54, 183.711, 0.967616, 0.114335, 0.225049, 0.0970592, -0.991519, 0.0864219, 0.233022, -0.0617801, -0.970507, 0.00273137  
166, 15.7157, 1035.8, 183.867, 0.965866, 0.11577, 0.231733, 0.0948111, -0.990494, 0.099662, 0.241068, -0.0742892, -0.967661, 0.00278878  
167, 15.8754, 1033.31, 183.641, 0.966105, 0.114191, 0.231522, 0.0935224, -0.990743, 0.0983973, 0.240615, -0.0734096, -0.967841, 0.00277963  
168, 15.7937, 1030.48, 183.531, 0.964667, 0.116231, 0.236449, 0.0889945, -0.988433, 0.122804, 0.247988, -0.097422, -0.963852, 0.00289502  
169, 15.5939, 1028.1, 183.521, 0.965588, 0.115043, 0.23325, 0.0891299, -0.988913, 0.118776, 0.244328, -0.0938987, -0.965136, 0.00272887  
170, 15.4332, 1025.49, 183.761, 0.966748, 0.113956, 0.228936, 0.0886141, -0.989039, 0.118109, 0.239886, -0.093895, -0.96625, 0.00272332  
171, 15.3318, 1023.03, 183.708, 0.965306, 0.116989, 0.233449, 0.0883394, -0.987618, 0.129645, 0.245725, -0.104524, -0.963688, 0.00273691  
172, 15.3072, 1020.49, 183.705, 0.96501, 0.115492, 0.235409, 0.0884402, -0.988529, 0.122432, 0.246849, -0.0973284, -0.964154, 0.00280654  
173, 15.2512, 1018.03, 183.732, 0.96439, 0.115493, 0.237934, 0.0868795, -0.988033, 0.12745, 0.249806, -0.102239, -0.962883, 0.00301735  
174, 15.0134, 1015.83, 183.65, 0.965037, 0.117314, 0.234396, 0.0864468, -0.986665, 0.137908, 0.247449, -0.112823, -0.96231, 0.00282817  
175, 15.1736, 1013.44, 183.343, 0.963792, 0.119435, 0.238412, 0.0849109, -0.985004, 0.15019, 0.252775, -0.124508, -0.95948, 0.00276437  
176, -1.25314, 1012.29, 185.026, -0.974769, -0.120516, -0.187889, -0.133196, 0.989487, 0.0563468, 0.179123, 0.0799512, -0.980573, 0.00268421  
177, 13.0895, 1012.54, 181.407, 0.98787, -0.0289508, 0.152562, 0.0471428, 0.992011, -0.117011, -0.147956, 0.122783, 0.981343, 0.00279738  
178, 13.2973, 1010.43, 181.189, 0.988132, -0.0244647, 0.151646, 0.0433759, 0.991498, -0.122683, -0.147355, 0.127805, 0.980792, 0.00278268  
179, 12.8495, 1008.3, 181.155, 0.987977, -0.0282267, 0.152, 0.0462837, 0.9921, -0.116602, -0.147508, 0.122235, 0.981478, 0.00274912  
180, 12.3688, 1006.12, 181.902, 0.987759, -0.0370329, 0.15153, 0.0607002, 0.986098, -0.154683, -0.143695, 0.161988, 0.976274, 0.00280931  
181, 11.725, 1004.02, 182.109, 0.986626, -0.0422395, 0.157435, 0.0671191, 0.985437, -0.156237, -0.148543, 0.164714, 0.975092, 0.00275744  
182, 15.4931, 986.243, 181.986, 0.939779, 0.339369, 0.0405547, -0.338377, 0.907127, 0.250245, 0.0481371, -0.248898, 0.967333, 0.00275051  
183, 14.9703, 984.181, 182.312, 0.940386, 0.337939, 0.0383656, -0.336327, 0.90721, 0.252694, 0.0505894, -0.250533, 0.966785, 0.00288087  
184, -3.26574, 995.468, 185.268, -0.97606, -0.124094, -0.178624, -0.138048, 0.988096, 0.0678885, 0.168074, 0.090922, -0.981572, 0.0027322  
185, -3.38075, 993.61, 185.122, -0.976499, -0.122581, -0.177265, -0.136609, 0.988207, 0.0691785, 0.166694, 0.0917687, -0.981729, 0.00274634  
186, -3.71589, 991.873, 185.15, -0.977246, -0.121401, -0.173933, -0.134326, 0.988834, 0.0645255, 0.164157, 0.0864209, -0.982641, 0.00269891  
187, -3.88622, 990.127, 185.017, -0.977526, -0.120001, -0.173328, -0.132511, 0.989211, 0.0624665, 0.163962, 0.0840306, -0.982881, 0.00276964  
188, -4.1284, 988.41, 184.968, -0.976713, -0.122198, -0.176348, -0.133861, 0.989429, 0.0557858, 0.167666, 0.0780928, -0.982746, 0.00279489  
189, -4.49382, 986.734, 184.97, -0.97744, -0.121214, -0.172971, -0.132661, 0.989568, 0.0561821, 0.164356, 0.077861, -0.983323, 0.00267728  
190, -4.73907, 984.98, 184.885, -0.97725, -0.12228, -0.173293, -0.134358, 0.989131, 0.059729, 0.164105, 0.0816533, -0.983058, 0.00278878  
191, -5.09136, 983.477, 184.928, -0.976866, -0.123296, -0.174733, -0.135027, 0.989208, 0.0568757, 0.165835, 0.0791536, -0.982972, 0.00277741  
192, -5.3393, 982.009, 184.824, -0.97687, -0.124702, -0.173709, -0.136184, 0.989112, 0.0557809, 0.164861, 0.078147, -0.983216, 0.00273275  
193, -5.68173, 980.409, 184.726, -0.97599, -0.124988, -0.178383, -0.135656, 0.98955, 0.0488647, 0.170412, 0.0718903, -0.982747, 0.00295216  
194, -6.01932, 978.734, 184.667, -0.975484, -0.125021, -0.181112, -0.134962, 0.989891, 0.0436016, 0.17383, 0.0669759, -0.982496, 0.00276437  
195, -6.39083, 977.334, 184.81, -0.976915, -0.125279, -0.173039, -0.135192, 0.989718, 0.0467002, 0.165409, 0.0690156, -0.983807, 0.0028107  
196, -6.69274, 976.037, 185.085, -0.977718, -0.130762, -0.16422, -0.140114, 0.989035, 0.046669, 0.156317, 0.0686386, -0.985319, 0.00276881  
197, -6.88374, 974.857, 185.345, -0.978835, -0.13238, -0.156071, -0.141413, 0.988776, 0.0482172, 0.147936, 0.0692671, -0.986568, 0.00286118  
198, -6.92273, 973.456, 185.443, -0.979109, -0.131053, -0.155468, -0.13925, 0.989323, 0.0430137, 0.148171, 0.063764, -0.986904, 0.00295604  
199, -6.68009, 972.343, 185.262, -0.979759, -0.125959, -0.155586, -0.132631, 0.990608, 0.033231, 0.149939, 0.0531939, -0.987263, 0.00282401  
200, -6.38323, 971.091, 185.155, -0.982889, -0.120217, -0.139559, -0.128491, 0.990355, 0.0518416, 0.131981, 0.0688866, -0.988856, 0.00286617  
201, -6.37349, 969.907, 185.25, -0.982603, -0.119602, -0.142083, -0.126811, 0.991004, 0.0427841, 0.135688, 0.0600575, -0.98893, 0.00274718  
202, -6.37931, 968.67, 185.384, -0.981905, -0.121935, -0.144897, -0.127843, 0.991273, 0.0321541, 0.139712, 0.0500964, -0.988924, 0.00298877  
203, -6.23988, 967.534, 185.343, -0.981879, -0.12299, -0.144176, -0.12845, 0.991287, 0.029156, 0.139334, 0.0471471, -0.989122, 0.00297158  
204, -6.02033, 966.562, 185.395, -0.982006, -0.122125, -0.144047, -0.127975, 0.99126, 0.0320411, 0.138875, 0.0498991, -0.989052, 0.00286645  
205, -5.8707, 965.316, 185.401, -0.981825, -0.121002, -0.146214, -0.126389, 0.991583, 0.0281023, 0.141583, 0.0460714, -0.988854, 0.00278962  
206, -5.78005, 964.375, 185.411, -0.98151, -0.119869, -0.149231, -0.124074, 0.992088, 0.0191626, 0.145754, 0.0373241, -0.988617, 0.0027677  
207, -5.45236, 963.183, 185.287, -0.980692, -0.121641, -0.153124, -0.125316, 0.99201, 0.0145403, 0.150132, 0.0334484, -0.9881, 0.0030032  
208, -5.52364, 962.261, 185.41, -0.981046, -0.120612, -0.151662, -0.122487, 0.992466, 0.0030412, 0.150152, 0.0215601, -0.988428, 0.00305951  
209, -5.39423, 960.933, 185.398, -0.980251, -0.124746, -0.153449, -0.126441, 0.991973, 0.00130278, 0.152054, 0.0206793, -0.988156, 0.00286312  
210, -5.19328, 960.208, 185.515, -0.980652, -0.120918, -0.153947, -0.120835, 0.992623, -0.00992891, 0.154012, 0.0088654, -0.988029, 0.00288171  
211, -4.86615, 959.015, 185.353, -0.980905, -0.119942, -0.153096, -0.11887, 0.992778, -0.016171, 0.15393, 0.00233633, -0.988079, 0.00277991  
212, -3.94093, 958.451, 184.691, -0.980139, -0.115658, -0.161089, -0.112293, 0.993226, -0.0298711, 0.163453, -0.0111886, -0.986488, 0.00290417  
213, -3.80906, 957.334, 184.494, -0.978065, -0.116999, -0.17234, -0.109865, 0.992668, -0.0503967, 0.176973, -0.030357, -0.983747, 0.00284731  
214, -4.23813, 956.174, 185.088, -0.977238, -0.121941, -0.1736, -0.1131, 0.991771, -0.0599821, 0.179486, -0.0389827, -0.982988, 0.00282984  
215, -4.40544, 954.861, 185.486, -0.978086, -0.120488, -0.169794, -0.110886, 0.991707, -0.064979, 0.176215, -0.0447273, -0.983335, 0.00281042  
216, -4.07759, 953.845, 185.553, -0.977782, -0.121333, -0.17094, -0.111054, 0.991451, -0.0685025, 0.17779, -0.047997, -0.982897, 0.00280986  
217, -3.57448, 952.988, 185.515, -0.978198, -0.11741, -0.171301, -0.105572, 0.991451, -0.0766808, 0.17884, -0.0569243, -0.98223, 0.00288393  
218, -3.0812, 952.04, 185.378, -0.978357, -0.115857, -0.171451, -0.102324, 0.991044, -0.0857969, 0.179856, -0.0663965, -0.98145, 0.0031552  
219, -2.70335, 950.842, 185.329, -0.978066, -0.116764, -0.172491, -0.102252, 0.990608, -0.0907767, 0.18147, -0.0711481, -0.980819, 0.00280903  
220, -2.04976, 949.951, 185.138, -0.976076, -0.118888, -0.182048, -0.100879, 0.989321, -0.105203, 0.192611, -0.0843214, -0.977646, 0.00284565  
221, -2.13208, 948.457, 185.568, -0.975635, -0.120236, -0.183521, -0.100947, 0.988671, -0.111082, 0.194798, -0.0898497, -0.976719, 0.00275494  
222, -1.63811, 947.476, 185.397, -0.973869, -0.120892, -0.192263, -0.098829, 0.987781, -0.120505, 0.204482, -0.0983554, -0.973917, 0.00277325  
223, -1.32182, 946.177, 185.47, -0.972836, -0.121172, -0.197252, -0.0980814, 0.987557, -0.122925, 0.209693, -0.100239, -0.972616, 0.00295743  
224, -1.09942, 945.184, 185.501, -0.972322, -0.123823, -0.198135, -0.0998822, 0.986912, -0.126603, 0.211219, -0.103309, -0.971964, 0.00282235  
225, -0.645346, 944.099, 185.465, -0.971816, -0.126909, -0.198663, -0.101355, 0.985794, -0.133931, 0.212838, -0.110021, -0.970874, 0.00278712  
226, -0.194756, 942.754, 185.493, -0.971946, -0.125584, -0.19887, -0.0992128, 0.985526, -0.137459, 0.213254, -0.113872, -0.970338, 0.00269031  
227, 0.498422, 941.866, 185.256, -0.972163, -0.122337, -0.199831, -0.0934616, 0.984552, -0.148062, 0.214858, -0.125264, -0.968579, 0.00278518  
228, 0.96297, 940.379, 185.191, -0.971661, -0.120988, -0.203069, -0.0918874, 0.984845, -0.147097, 0.217788, -0.124269, -0.968052, 0.0030204  
229, 0.778031, 939.339, 185.583, -0.971541, -0.122513, -0.20273, -0.0931742, 0.984522, -0.148443, 0.217779, -0.12533, -0.967918, 0.00280543  
230, 1.27405, 937.677, 185.307, -0.971186, -0.123279, -0.203962, -0.0919829, 0.983401, -0.156401, 0.219857, -0.133133, -0.966405, 0.00283344  
231, 1.19116, 936.525, 185.552, -0.97121, -0.123887, -0.203479, -0.0920446, 0.982957, -0.159136, 0.219726, -0.135825, -0.96606, 0.00277491  
232, 1.37009, 934.82, 185.572, -0.971286, -0.121954, -0.204282, -0.0889933, 0.982533, -0.163429, 0.220644, -0.140557, -0.965173, 0.00274024  
233, 1.5673, 933.371, 185.463, -0.971282, -0.121141, -0.204782, -0.0859479, 0.981202, -0.17279, 0.221865, -0.150227, -0.963435, 0.00305451  
234, 1.57864, 931.963, 185.722, -0.971038, -0.124302, -0.204044, -0.0904107, 0.981672, -0.167767, 0.221158, -0.144461, -0.964479, 0.0028401  
235, 17.2691, 929.85, 181.023, 0.973493, -0.0949279, 0.208087, 0.0672022, 0.988359, 0.136491, -0.218621, -0.118889, 0.96854, 0.0027469  
236, 16.5829, 928.693, 181.263, 0.973391, -0.0980212, 0.207127, 0.0680237, 0.986751, 0.147295, -0.218821, -0.129286, 0.967162, 0.00274246  
237, 17.1545, 926.77, 180.807, 0.976553, -0.0931611, 0.194078, 0.0644233, 0.986667, 0.149457, -0.205414, -0.13345, 0.969534, 0.00277436  
238, 2.02483, 925.251, 185.702, -0.973795, -0.121667, -0.192147, -0.0896456, 0.981812, -0.167361, 0.209015, -0.14575, -0.96699, 0.00302955  
239, 18.0942, 925.118, 180.421, 0.982393, -0.0258784, 0.185026, 0.00130209, 0.991285, 0.131731, -0.186823, -0.129171, 0.973865, 0.00282179  
240, 17.9234, 923.162, 180.397, 0.981742, -0.021645, 0.188983, -0.00228038, 0.992094, 0.125475, -0.190205, -0.123615, 0.973931, 0.00274468  
241, 17.6139, 920.968, 180.447, 0.981533, -0.0227834, 0.189932, -0.00193461, 0.991649, 0.128951, -0.191284, -0.126938, 0.973292, 0.00269447  
242, 17.4169, 919.16, 180.575, 0.981902, -0.027462, 0.187386, 0.00288404, 0.991485, 0.130193, -0.189365, -0.127296, 0.97362, 0.00281125  
243, 15.1365, 915.604, 185.164, 0.966057, 0.134584, 0.220502, 0.159023, -0.982495, -0.0970372, 0.203583, 0.128808, -0.970548, 0.00301402  
244, 17.6073, 915.648, 180.523, 0.984679, -0.0310496, 0.171589, 0.00532636, 0.988916, 0.148382, -0.174294, -0.145195, 0.97393, 0.00279711  
245, 14.2036, 911.334, 185.739, 0.960951, 0.133668, 0.242294, 0.152151, -0.986585, -0.0591613, 0.231136, 0.0937163, -0.968397, 0.00275189  
246, 14.3509, 908.92, 185.632, 0.962274, 0.131527, 0.238181, 0.152097, -0.985879, -0.0700678, 0.225602, 0.103651, -0.96869, 0.00271417  
247, 14.0531, 906.749, 185.707, 0.961977, 0.132708, 0.238724, 0.152341, -0.986143, -0.0656799, 0.2267, 0.0995501, -0.968864, 0.00273719  
248, 13.8205, 904.344, 185.726, 0.960567, 0.134695, 0.243244, 0.152475, -0.986735, -0.0557229, 0.232512, 0.0906143, -0.968363, 0.00292304  
249, 13.2729, 901.861, 186.06, 0.958398, 0.13671, 0.250567, 0.150049, -0.988065, -0.0348318, 0.242814, 0.07098, -0.967472, 0.00274107  
250, 13.185, 899.702, 186.005, 0.957549, 0.137035, 0.253617, 0.152764, -0.987314, -0.0433029, 0.244465, 0.0802082, -0.966335, 0.00275051  
251, 13.1038, 897.019, 185.983, 0.957294, 0.136922, 0.254639, 0.149752, -0.988218, -0.0316034, 0.247311, 0.0683863, -0.96652, 0.00278823  
252, 13.0314, 894.767, 185.837, 0.957826, 0.138592, 0.251717, 0.152551, -0.987613, -0.0367161, 0.24351, 0.0735673, -0.967104, 0.00298545  
253, 12.9656, 891.855, 185.92, 0.955667, 0.140067, 0.259003, 0.149785, -0.988553, -0.0180754, 0.253507, 0.056069, -0.965707, 0.00292193  
254, 12.8046, 889.481, 185.724, 0.956333, 0.139186, 0.257011, 0.151823, -0.987955, -0.0298973, 0.249754, 0.0676119, -0.965946, 0.00267839  
255, 12.8469, 886.466, 185.516, 0.955968, 0.13789, 0.259058, 0.149763, -0.988365, -0.0265684, 0.25238, 0.0641958, -0.965496, 0.00334881  
256, 12.2982, 884.057, 185.737, 0.956527, 0.138228, 0.256804, 0.150855, -0.988099, -0.0300378, 0.249596, 0.0674723, -0.965997, 0.00278767  
257, 12.4676, 881.064, 185.491, 0.954813, 0.141181, 0.261534, 0.151644, -0.98823, -0.0201569, 0.25561, 0.058906, -0.964984, 0.00280709  
258, 2.65611, 877.259, 182.117, -0.962979, 0.0906442, -0.253879, -0.140298, -0.972697, 0.184869, -0.230191, 0.213643, 0.949404, 0.00289169  
259, 2.60687, 874.167, 182.096, -0.963043, 0.0877658, -0.254646, -0.13635, -0.97419, 0.179897, -0.232285, 0.20797, 0.950154, 0.00277103  
260, 2.12894, 871.211, 182.22, -0.955436, 0.10799, -0.274735, -0.145931, -0.981795, 0.121584, -0.256604, 0.156258, 0.953802, 0.00275716  
261, 12.1988, 871.224, 182.315, 0.979598, -0.0762684, 0.185932, 0.0615831, 0.994601, 0.0835248, -0.191298, -0.0703705, 0.979006, 0.00275328  
262, 12.1257, 868.094, 182.394, 0.980325, -0.0735854, 0.183162, 0.0597057, 0.994991, 0.0801795, -0.188144, -0.0676662, 0.979808, 0.00276299  
263, 11.9328, 865.02, 182.591, 0.980033, -0.0754631, 0.18396, 0.0610763, 0.994704, 0.0826628, -0.189224, -0.0697766, 0.979452, 0.00290445  
264, 12.0902, 861.733, 182.543, 0.980556, -0.0712436, 0.182848, 0.0587666, 0.995615, 0.072778, -0.187231, -0.0606176, 0.980444, 0.00269142  
265, 11.9174, 858.723, 182.557, 0.980577, -0.0729804, 0.182049, 0.0607047, 0.995547, 0.0721218, -0.186502, -0.0596698, 0.980641, 0.00278656  
266, 11.7584, 855.242, 182.866, 0.980619, -0.078171, 0.179655, 0.0704134, 0.996305, 0.0491689, -0.182835, -0.0355658, 0.9825, 0.00274829  
267, 12.0029, 852.153, 182.492, 0.981642, -0.0691987, 0.177735, 0.059043, 0.99634, 0.061813, -0.181362, -0.0501843, 0.982135, 0.00279073  
268, 11.9226, 848.947, 182.567, 0.981808, -0.0734251, 0.175106, 0.0656226, 0.996594, 0.0499483, -0.178177, -0.0375488, 0.983282, 0.00294661  
269, 12.0224, 845.673, 182.473, 0.981582, -0.0743086, 0.175995, 0.0683825, 0.996877, 0.0395098, -0.178381, -0.0267472, 0.983598, 0.00281347  
270, 11.511, 842.254, 181.919, 0.982929, -0.0757233, 0.16768, 0.0631974, 0.994883, 0.0788241, -0.172791, -0.0668815, 0.982685, 0.00278851  
271, 11.8796, 838.734, 181.795, 0.983611, -0.0737896, 0.164515, 0.0641082, 0.995926, 0.0634081, -0.168524, -0.0518221, 0.984334, 0.00277963  
272, 11.7298, 835.642, 181.735, 0.983486, -0.0773268, 0.163636, 0.0673306, 0.99556, 0.0657846, -0.167996, -0.0536805, 0.984325, 0.00278656  
273, 12.638, 832.135, 181.371, 0.987066, -0.0647695, 0.146645, 0.0583534, 0.997158, 0.0476443, -0.149314, -0.0384709, 0.988041, 0.00275328  
274, 14.0826, 829.851, 181.315, 0.983961, -0.0669835, 0.165328, 0.0682863, 0.997663, -0.0022022, -0.164794, 0.0134565, 0.986236, 0.00276992  
275, 14.1506, 825.949, 181.681, 0.983615, -0.0677189, 0.167079, 0.0719383, 0.997222, -0.0193254, -0.165306, 0.0310281, 0.985754, 0.00275411  
276, 14.4168, 822.966, 181.641, 0.983861, -0.0668039, 0.165998, 0.0707896, 0.997325, -0.0182047, -0.164337, 0.0296618, 0.985958, 0.00275633  
277, 14.3282, 819.206, 181.491, 0.982857, -0.0724811, 0.169527, 0.0795219, 0.996215, -0.0351084, -0.16634, 0.0479876, 0.9849, 0.00278934  
278, 14.7319, 815.981, 181.639, 0.984449, -0.0666728, 0.162529, 0.0771275, 0.995281, -0.0588811, -0.157836, 0.0705009, 0.984945, 0.00302511  
279, 15.1407, 812.71, 181.94, 0.982616, -0.0654168, 0.173745, 0.0770607, 0.99515, -0.0611323, -0.168903, 0.0734585, 0.982891, 0.0028193  
280, 16.7647, 808.297, 181.322, 0.987491, -0.0322388, 0.154347, 0.0388676, 0.998439, -0.0401229, -0.152813, 0.0456201, 0.987202, 0.0027591  
281, 16.6587, 804.984, 181.28, 0.985664, -0.0383118, 0.164316, 0.0437367, 0.998607, -0.0295239, -0.162956, 0.0362872, 0.985966, 0.00273275  
282, 17.7378, 799.434, 181.964, 0.976435, -0.065644, 0.205587, 0.0721375, 0.9971, -0.0242424, -0.203399, 0.0385016, 0.978339, 0.00279988  
283, 17.9502, 796.099, 182.542, 0.973005, -0.0800537, 0.216455, 0.0832934, 0.996508, -0.00587085, -0.21523, 0.0237417, 0.976275, 0.00294689  
284, 18.607, 792.281, 182.562, 0.971796, -0.0752296, 0.2235, 0.0832113, 0.99618, -0.0264979, -0.220653, 0.0443483, 0.974344, 0.00278823  
285, 19.0005, 788.932, 182.707, 0.97005, -0.0745742, 0.231174, 0.0837772, 0.996026, -0.0302381, -0.228, 0.0486995, 0.972443, 0.00272221  
286, 19.6707, 785.371, 182.796, 0.96959, -0.082301, 0.230483, 0.0899366, 0.995686, -0.0228025, -0.227613, 0.0428379, 0.972809, 0.0027591  
287, 20.1652, 781.918, 182.952, 0.969545, -0.0738224, 0.233524, 0.0892105, 0.994436, -0.0560191, -0.228089, 0.0751458, 0.970736, 0.00298739  
288, 20.4821, 778.507, 182.907, 0.967749, -0.082656, 0.237969, 0.0945504, 0.994756, -0.0389902, -0.233499, 0.0602328, 0.97049, 0.00288698  
