0, 0, 0, 0, 0, 0, 0, 0, 0, 0, 0, 0, 0, 0.00648876  
1, 0, 0, 0, 0, 0, 0, 0, 0, 0, 0, 0, 0, 0.00265786  
2, 25.7338, 1147.73, 183.837, 0.962143, 0.0819595, 0.25993, 0.071143, -0.996173, 0.050768, 0.263096, -0.0303539, -0.964292, 0.00264122  
3, 25.739, 1147.75, 183.77, 0.962425, 0.0824326, 0.258734, 0.0713063, -0.996092, 0.0521135, 0.262018, -0.031706, -0.964542, 0.00284343  
4, 25.7554, 1147.75, 183.784, 0.962359, 0.0823785, 0.258996, 0.0716981, -0.996151, 0.0504335, 0.262154, -0.0299656, -0.964561, 0.00263317  
5, 25.731, 1147.73, 183.794, 0.962445, 0.0817051, 0.258888, 0.0711998, -0.996222, 0.0497146, 0.261972, -0.0294148, -0.964627, 0.00291527  
6, 25.7305, 1147.72, 183.788, 0.961926, 0.0819594, 0.260732, 0.0707544, -0.996133, 0.0520916, 0.263993, -0.0316603, -0.964005, 0.00290501  
7, 25.7488, 1147.72, 183.814, 0.962182, 0.0822993, 0.259678, 0.0713501, -0.99613, 0.0513289, 0.262897, -0.0308597, -0.96433, 0.00276465  
8, 25.754, 1147.74, 183.767, 0.961951, 0.0821883, 0.260568, 0.0705849, -0.996065, 0.053597, 0.263947, -0.0331655, -0.963967, 0.0028057  
9, 25.7193, 1147.76, 183.799, 0.962009, 0.0813573, 0.260612, 0.0702384, -0.996189, 0.0517139, 0.263827, -0.0314443, -0.964057, 0.00269947  
10, 25.7077, 1147.74, 183.783, 0.962368, 0.0806011, 0.259521, 0.0701393, -0.996316, 0.0493386, 0.262542, -0.0292793, -0.964476, 0.00277436  
11, 25.7881, 1147.73, 183.78, 0.961822, 0.0821331, 0.261059, 0.0706849, -0.996092, 0.0529603, 0.264389, -0.0324855, -0.963869, 0.00293552  
12, 25.6937, 1147.76, 183.803, 0.962438, 0.082323, 0.25872, 0.071394, -0.996124, 0.0513745, 0.261947, -0.0309737, -0.964585, 0.00266452  
13, 25.7359, 1147.76, 183.752, 0.961883, 0.0827144, 0.260652, 0.0709141, -0.995999, 0.0543732, 0.264107, -0.0338168, -0.9639, 0.00276465  
14, 25.746, 1147.8, 183.811, 0.962107, 0.0824953, 0.259895, 0.071142, -0.996067, 0.0528087, 0.26323, -0.0323181, -0.964192, 0.00269836  
15, 25.7625, 1147.74, 183.8, 0.962033, 0.0824715, 0.260175, 0.0711604, -0.996076, 0.0526156, 0.263494, -0.0321037, -0.964127, 0.00313995  
16, 25.7148, 1147.73, 183.798, 0.962009, 0.0820518, 0.260395, 0.0709984, -0.996141, 0.0515911, 0.263624, -0.0311434, -0.964123, 0.0028376  
17, 25.7387, 1147.78, 183.79, 0.961845, 0.082349, 0.260909, 0.0708276, -0.996065, 0.0532746, 0.264269, -0.0327624, -0.963892, 0.00275688  
18, 25.761, 1147.73, 183.773, 0.961999, 0.0833474, 0.26002, 0.0721682, -0.996022, 0.0522656, 0.263342, -0.0315142, -0.964188, 0.00291749  
19, 25.7911, 1147.75, 183.763, 0.962323, 0.0819123, 0.259276, 0.0706786, -0.996123, 0.0523732, 0.262561, -0.0320746, -0.964382, 0.00264455  
20, 25.6917, 1147.76, 183.781, 0.962437, 0.0822715, 0.258739, 0.0715816, -0.996156, 0.050485, 0.261898, -0.0300677, -0.964627, 0.00278518  
21, 25.7534, 1147.74, 183.769, 0.962423, 0.081796, 0.258943, 0.0712194, -0.996208, 0.0499826, 0.262049, -0.0296626, -0.964599, 0.00277075  
22, 25.7387, 1147.77, 183.793, 0.962006, 0.0820417, 0.260412, 0.0709175, -0.996134, 0.0518468, 0.263659, -0.0314092, -0.964104, 0.0027211  
23, 25.7293, 1147.75, 183.784, 0.962003, 0.0814224, 0.260616, 0.0701602, -0.996167, 0.052245, 0.263871, -0.031975, -0.964028, 0.00282484  
24, 25.7236, 1147.73, 183.781, 0.96203, 0.0826561, 0.260128, 0.0714595, -0.996075, 0.0522263, 0.263424, -0.0316546, -0.964161, 0.00267284  
25, 25.7471, 1147.74, 183.785, 0.9619, 0.0827056, 0.26059, 0.0714705, -0.99607, 0.0523161, 0.263893, -0.0316984, -0.964031, 0.00294495  
26, 25.6802, 1147.78, 183.794, 0.962301, 0.0819479, 0.259349, 0.0709548, -0.99615, 0.0514849, 0.26257, -0.0311419, -0.96441, 0.00286756  
27, 25.7054, 1147.74, 183.791, 0.962116, 0.0829353, 0.259722, 0.0718659, -0.996066, 0.0518466, 0.263, -0.0312173, -0.964291, 0.00275245  
28, 25.7342, 1147.78, 183.79, 0.961816, 0.0831595, 0.260759, 0.0717006, -0.996008, 0.053171, 0.26414, -0.0324441, -0.963939, 0.00280543  
29, 25.6964, 1147.74, 183.797, 0.962036, 0.0821364, 0.260268, 0.0709628, -0.99612, 0.0520574, 0.263534, -0.0316117, -0.964132, 0.00269614  
30, 25.6996, 1147.73, 183.794, 0.962268, 0.0822118, 0.259386, 0.0715269, -0.996165, 0.0503824, 0.262534, -0.0299283, -0.964459, 0.00280348  
31, 25.7188, 1147.74, 183.81, 0.96213, 0.0811469, 0.260233, 0.0703709, -0.996243, 0.050478, 0.263352, -0.0302535, -0.964225, 0.00291277  
32, 25.7693, 1147.74, 183.766, 0.961598, 0.0823884, 0.261805, 0.0708292, -0.996063, 0.0533023, 0.265166, -0.0327119, -0.963648, 0.0027555  
33, 25.6978, 1147.71, 183.788, 0.962057, 0.0810939, 0.260519, 0.0702912, -0.996246, 0.0505348, 0.263639, -0.0303051, -0.964145, 0.00284038  
34, 25.698, 1147.75, 183.742, 0.962047, 0.0819083, 0.260301, 0.0704518, -0.996103, 0.0530582, 0.263632, -0.0327059, -0.964069, 0.00274662  
35, 25.7398, 1147.73, 183.785, 0.962565, 0.0821893, 0.258291, 0.071559, -0.996167, 0.0503082, 0.261436, -0.0299419, -0.964756, 0.00288531  
36, 25.757, 1147.76, 183.773, 0.962117, 0.082623, 0.259816, 0.0717553, -0.996115, 0.0510553, 0.263025, -0.0304779, -0.964307, 0.00302456  
37, 25.7579, 1147.75, 183.733, 0.961857, 0.0829103, 0.260687, 0.0710334, -0.995974, 0.0546734, 0.26417, -0.0340705, -0.963874, 0.00274912  
38, 25.7542, 1147.76, 183.783, 0.96257, 0.0817013, 0.258426, 0.0710268, -0.996201, 0.0503919, 0.261562, -0.0301505, -0.964716, 0.00303759  
39, 25.7484, 1147.72, 183.79, 0.962215, 0.0830708, 0.259311, 0.0720165, -0.996054, 0.0518593, 0.262596, -0.0312251, -0.9644, 0.0027469  
40, 25.7336, 1147.77, 183.79, 0.962267, 0.0820688, 0.259434, 0.0706984, -0.996095, 0.052875, 0.262761, -0.0325383, -0.964312, 0.0028573  
41, 25.7528, 1147.73, 183.765, 0.962203, 0.0819447, 0.259714, 0.0710892, -0.996169, 0.0509349, 0.262893, -0.0305468, -0.964341, 0.00279017  
42, 25.7231, 1147.74, 183.822, 0.96222, 0.0818739, 0.25967, 0.0709584, -0.996167, 0.0511513, 0.262863, -0.030793, -0.964342, 0.00280515  
43, 25.7162, 1147.75, 183.793, 0.96218, 0.0826352, 0.259578, 0.0718099, -0.996117, 0.0509299, 0.262779, -0.0303634, -0.964378, 0.00281319  
44, 25.6999, 1147.74, 183.783, 0.962117, 0.0823384, 0.259906, 0.0711583, -0.996101, 0.0521525, 0.263186, -0.0316824, -0.964225, 0.00274246  
45, 25.7469, 1147.74, 183.786, 0.962328, 0.0821607, 0.259181, 0.071116, -0.996126, 0.0517226, 0.262426, -0.0313422, -0.964443, 0.00281458  
46, 25.7154, 1147.75, 183.776, 0.962297, 0.0822751, 0.259258, 0.071531, -0.996153, 0.0506229, 0.262426, -0.0301693, -0.96448, 0.00293718  
47, 25.6686, 1147.74, 183.85, 0.962625, 0.0818035, 0.258187, 0.0713435, -0.996216, 0.0496415, 0.261271, -0.0293662, -0.964819, 0.00269558  
48, 25.7177, 1147.75, 183.795, 0.962314, 0.0825978, 0.259094, 0.0714613, -0.99608, 0.0521271, 0.262384, -0.0316475, -0.964444, 0.00280598  
49, 25.7644, 1147.73, 183.776, 0.96211, 0.0827973, 0.259786, 0.0719377, -0.996102, 0.0510518, 0.263001, -0.030429, -0.964316, 0.00267117  
50, 25.6965, 1147.78, 183.784, 0.962468, 0.0815735, 0.258846, 0.0708938, -0.996213, 0.0503446, 0.261973, -0.0301045, -0.964606, 0.00283372  
51, 25.7308, 1147.82, 183.75, 0.961698, 0.0828034, 0.261306, 0.0710224, -0.996, 0.0542279, 0.264751, -0.0335923, -0.963732, 0.00280598  
52, 25.7899, 1147.72, 183.77, 0.961924, 0.0821255, 0.260686, 0.0704756, -0.996065, 0.0537431, 0.264074, -0.0333248, -0.963927, 0.00271472  
53, 25.6978, 1147.76, 183.829, 0.962364, 0.0822173, 0.25903, 0.0714562, -0.996154, 0.0507057, 0.262203, -0.030288, -0.964537, 0.00285674  
54, 25.7375, 1147.8, 183.796, 0.962487, 0.0820583, 0.258623, 0.0711773, -0.99615, 0.0511758, 0.261826, -0.030848, -0.964622, 0.00269531  
55, 25.7831, 1147.78, 183.776, 0.962084, 0.0827913, 0.259885, 0.0716395, -0.996068, 0.05211, 0.263177, -0.0315162, -0.964233, 0.00283705  
56, 25.7401, 1147.71, 183.796, 0.96178, 0.081311, 0.261471, 0.0703015, -0.996211, 0.0512033, 0.264644, -0.0308645, -0.963852, 0.00299682  
57, 25.6903, 1147.74, 183.809, 0.96207, 0.0819365, 0.260209, 0.0710039, -0.996163, 0.0511568, 0.263402, -0.0307406, -0.964196, 0.00268893  
58, 25.7303, 1147.77, 183.791, 0.962118, 0.08192, 0.260035, 0.0703055, -0.996081, 0.0536726, 0.263412, -0.0333575, -0.964106, 0.0029419  
59, 25.7502, 1147.79, 183.794, 0.961977, 0.0829955, 0.260214, 0.0716983, -0.996037, 0.0526276, 0.26355, -0.0319697, -0.964116, 0.00359541  
60, 25.7205, 1147.75, 183.779, 0.961908, 0.0820421, 0.260774, 0.0706573, -0.996105, 0.0527537, 0.264086, -0.0323186, -0.963957, 0.00291222  
61, 25.703, 1147.79, 183.775, 0.96219, 0.0820733, 0.25972, 0.0708092, -0.99611, 0.0524491, 0.263015, -0.0320754, -0.964258, 0.00288781  
62, 25.7539, 1147.77, 183.797, 0.962389, 0.0816975, 0.2591, 0.0710684, -0.99621, 0.0501443, 0.262215, -0.0298445, -0.964548, 0.00277214  
63, 25.7348, 1147.74, 183.784, 0.962032, 0.0819374, 0.260346, 0.0705572, -0.996111, 0.0527775, 0.263658, -0.0324044, -0.964072, 0.00287338  
64, 25.6783, 1147.75, 183.798, 0.962145, 0.0820959, 0.259879, 0.0710531, -0.996136, 0.0516212, 0.263113, -0.0312019, -0.96426, 0.00262874  
65, 25.7059, 1147.78, 183.777, 0.962088, 0.0817145, 0.260209, 0.0702669, -0.996119, 0.0530129, 0.263531, -0.032719, -0.964096, 0.00284537  
66, 25.7472, 1147.75, 183.808, 0.962406, 0.0823863, 0.258818, 0.0717742, -0.996157, 0.0502042, 0.26196, -0.0297404, -0.96462, 0.00302345  
67, 25.7166, 1147.74, 183.817, 0.96211, 0.0820848, 0.260011, 0.071551, -0.996196, 0.0497386, 0.263104, -0.02925, -0.964324, 0.00274607  
68, 25.7381, 1147.78, 183.812, 0.962148, 0.0817378, 0.259981, 0.0704906, -0.99614, 0.052311, 0.263253, -0.0320047, -0.964196, 0.00282484  
69, 25.7599, 1147.77, 183.796, 0.962371, 0.0830467, 0.258736, 0.0723281, -0.996092, 0.0506909, 0.261935, -0.0300695, -0.964617, 0.00278767  
70, 25.6871, 1147.74, 183.801, 0.962264, 0.0818138, 0.259526, 0.0704811, -0.99612, 0.0526922, 0.26283, -0.0324122, -0.964298, 0.00282235  
71, 25.7226, 1147.75, 183.81, 0.96227, 0.0828373, 0.259182, 0.0717592, -0.996069, 0.0519324, 0.262465, -0.0313743, -0.964431, 0.00293219  
72, 25.7427, 1147.75, 183.794, 0.962326, 0.0816276, 0.259355, 0.0705561, -0.996166, 0.0517309, 0.262583, -0.0314829, -0.964396, 0.00275106  
73, 25.733, 1147.76, 183.772, 0.96198, 0.0827397, 0.260286, 0.0714028, -0.996053, 0.0527307, 0.263622, -0.0321407, -0.96409, 0.00296187  
74, 25.729, 1147.78, 183.794, 0.962113, 0.0831695, 0.259658, 0.0716402, -0.995991, 0.0535709, 0.263072, -0.0329393, -0.964214, 0.0027064  
75, 25.6752, 1147.75, 183.799, 0.962241, 0.0821564, 0.259503, 0.0712419, -0.996144, 0.0512043, 0.262709, -0.0307834, -0.964384, 0.00278379  
76, 25.7288, 1147.77, 183.774, 0.962083, 0.0827686, 0.259897, 0.0718902, -0.996103, 0.0511036, 0.263114, -0.0304819, -0.964283, 0.00290168  
77, 25.7103, 1147.73, 183.793, 0.962371, 0.0818654, 0.259113, 0.0707815, -0.996144, 0.0518368, 0.262358, -0.0315458, -0.964455, 0.0027064  
78, 25.6879, 1147.78, 183.794, 0.962151, 0.0830649, 0.259551, 0.0720382, -0.99606, 0.051728, 0.262825, -0.0310725, -0.964343, 0.00276798  
79, 25.7104, 1147.77, 183.794, 0.96205, 0.0824545, 0.260116, 0.0714298, -0.996111, 0.0515726, 0.263357, -0.0310354, -0.964199, 0.00267866  
80, 25.7153, 1147.75, 183.832, 0.962257, 0.0821598, 0.259444, 0.0714105, -0.996162, 0.0506052, 0.262607, -0.0301681, -0.964431, 0.0027469  
81, 25.72, 1147.76, 183.781, 0.962325, 0.082669, 0.259032, 0.0713447, -0.996051, 0.0528346, 0.262377, -0.0323635, -0.964423, 0.00297463  
82, 25.7023, 1147.74, 183.799, 0.962046, 0.0819574, 0.260289, 0.0708695, -0.996144, 0.0517179, 0.263524, -0.0313085, -0.964145, 0.00269947  
83, 25.7598, 1147.73, 183.803, 0.962159, 0.0828362, 0.259594, 0.0718147, -0.996079, 0.051674, 0.262856, -0.0310759, -0.964334, 0.00284454  
84, 25.7255, 1147.78, 183.819, 0.962135, 0.0829945, 0.259629, 0.0718441, -0.996051, 0.0521628, 0.262933, -0.0315349, -0.964299, 0.00266036  
85, 25.7109, 1147.74, 183.804, 0.962226, 0.0822897, 0.259519, 0.0710778, -0.996098, 0.0523113, 0.262811, -0.0318893, -0.96432, 0.00277686  
86, 25.7231, 1147.76, 183.81, 0.962177, 0.0813447, 0.259999, 0.0703006, -0.996195, 0.051514, 0.2632, -0.0312875, -0.964234, 0.00298489  
87, 25.7713, 1147.75, 183.773, 0.961997, 0.0825761, 0.260276, 0.0712204, -0.996063, 0.0527794, 0.263609, -0.0322366, -0.964091, 0.00275356  
88, 25.7058, 1147.78, 183.78, 0.962067, 0.0831539, 0.259831, 0.0718183, -0.996017, 0.0528371, 0.263189, -0.0321722, -0.964208, 0.00289169  
89, 25.7326, 1147.76, 183.812, 0.962072, 0.0825506, 0.260005, 0.0712347, -0.996068, 0.0526646, 0.263331, -0.0321458, -0.96417, 0.00278684  
90, 25.751, 1147.77, 183.814, 0.96207, 0.0833679, 0.259751, 0.0721949, -0.996019, 0.0522789, 0.263075, -0.0315433, -0.964259, 0.00299072  
91, 25.712, 1147.79, 183.818, 0.962097, 0.0822246, 0.260016, 0.0713721, -0.996149, 0.0509242, 0.263202, -0.0304362, -0.96426, 0.00292248  
92, 25.7271, 1147.79, 183.783, 0.962346, 0.0827303, 0.258931, 0.0719392, -0.99611, 0.050894, 0.262134, -0.0303504, -0.964554, 0.00266951  
93, 25.715, 1147.83, 183.793, 0.962128, 0.0820159, 0.259969, 0.0713842, -0.99619, 0.0500931, 0.263087, -0.0296383, -0.964317, 0.0027469  
94, 25.7087, 1147.81, 183.817, 0.962017, 0.0816855, 0.260484, 0.0713655, -0.996253, 0.0488502, 0.263498, -0.0284052, -0.964242, 0.00268477  
95, 25.6572, 1147.89, 183.774, 0.961921, 0.0808764, 0.261088, 0.0703742, -0.9963, 0.0493423, 0.264112, -0.0290895, -0.964053, 0.0028462  
96, 25.6428, 1147.95, 183.791, 0.962212, 0.0797868, 0.26035, 0.0700783, -0.996463, 0.0463774, 0.26313, -0.02638, -0.9644, 0.00303759  
97, 25.6742, 1148.03, 183.796, 0.962033, 0.081496, 0.260481, 0.0723392, -0.996384, 0.0445661, 0.263171, -0.0240311, -0.96445, 0.00266563  
98, 25.5594, 1148.08, 183.829, 0.962549, 0.0815708, 0.258543, 0.0729864, -0.996421, 0.0426458, 0.261097, -0.0221786, -0.965058, 0.00270446  
99, 25.5914, 1148.14, 183.75, 0.961906, 0.0816915, 0.260888, 0.0728512, -0.996398, 0.043395, 0.263493, -0.022736, -0.964393, 0.00268809  
100, 25.5749, 1148.18, 183.793, 0.962491, 0.0805951, 0.259068, 0.0730043, -0.996576, 0.0388052, 0.261308, -0.0184366, -0.965079, 0.00271084  
101, 25.5953, 1148.2, 183.883, 0.96286, 0.0795018, 0.258032, 0.0730611, -0.996732, 0.0344702, 0.259929, -0.0143379, -0.965521, 0.00295632  
102, 25.5665, 1148.25, 183.881, 0.962514, 0.08039, 0.259043, 0.0746796, -0.9967, 0.0318265, 0.260747, -0.0112882, -0.965341, 0.00272804  
103, 25.6082, 1148.36, 183.828, 0.962303, 0.0807007, 0.259731, 0.0750105, -0.996677, 0.0317622, 0.261431, -0.0110824, -0.965159, 0.00279433  
104, 25.5892, 1148.4, 183.825, 0.962714, 0.0804702, 0.258277, 0.0757118, -0.996727, 0.0283338, 0.259712, -0.00772266, -0.965655, 0.00262208  
105, 25.5798, 1148.5, 183.841, 0.962836, 0.0802083, 0.257903, 0.0762986, -0.996768, 0.025149, 0.259087, -0.00453668, -0.965843, 0.00273525  
106, 25.643, 1148.51, 183.817, 0.962659, 0.0811356, 0.258274, 0.0779161, -0.996702, 0.0226942, 0.259263, -0.00172307, -0.965805, 0.00281014  
107, 25.5618, 1148.56, 183.874, 0.962567, 0.0807683, 0.258731, 0.0785143, -0.996731, 0.0190507, 0.259424, 0.00197649, -0.965761, 0.00273886  
108, 25.5196, 1148.58, 183.879, 0.962933, 0.0793994, 0.25779, 0.0781261, -0.996828, 0.0151956, 0.258179, 0.00550786, -0.966081, 0.00275744  
109, 25.4379, 1148.66, 183.923, 0.96302, 0.0803481, 0.257172, 0.0797755, -0.996732, 0.0126769, 0.25735, 0.00830789, -0.966283, 0.00269198  
110, 25.5296, 1148.7, 183.864, 0.962924, 0.0801652, 0.257587, 0.0803285, -0.996719, 0.00990727, 0.257536, 0.0111516, -0.966204, 0.00293829  
111, 25.4803, 1148.76, 183.976, 0.962926, 0.079088, 0.257912, 0.0808161, -0.996721, 0.00391149, 0.257376, 0.017077, -0.96616, 0.00284065  
112, 25.4823, 1148.8, 183.982, 0.963161, 0.0790847, 0.257034, 0.0811839, -0.996696, 0.00245231, 0.256379, 0.018505, -0.966399, 0.00266646  
113, 25.4616, 1148.92, 183.996, 0.963026, 0.0780214, 0.257862, 0.0807022, -0.996738, 0.000188491, 0.257036, 0.0206285, -0.966182, 0.00293801  
114, 25.5006, 1148.98, 184.041, 0.963256, 0.0782292, 0.256941, 0.0827624, -0.996546, -0.00685914, 0.255517, 0.0278722, -0.966403, 0.00273858  
115, 25.4933, 1149.03, 184.06, 0.96305, 0.0792336, 0.257406, 0.0844574, -0.996384, -0.00928309, 0.255739, 0.0306799, -0.966259, 0.00291943  
116, 25.4776, 1149.06, 184.033, 0.963361, 0.0788993, 0.25634, 0.0849104, -0.996311, -0.0124489, 0.254412, 0.0337587, -0.966507, 0.00280876  
117, 25.4139, 1149.16, 184.125, 0.963625, 0.0779247, 0.255644, 0.0869655, -0.995916, -0.0242357, 0.252712, 0.0455864, -0.966467, 0.0028229  
118, 25.4347, 1149.09, 184.084, 0.963687, 0.07863, 0.255194, 0.0880357, -0.995788, -0.0256282, 0.252104, 0.0471638, -0.96655, 0.00299959  
119, 25.4574, 1149.14, 184.086, 0.963449, 0.0789617, 0.25599, 0.0891133, -0.99562, -0.0282836, 0.252635, 0.0500618, -0.966266, 0.00270446  
120, 15.3042, 1148.62, 180.623, -0.955071, 0.0573017, -0.290785, -0.0859353, -0.992524, 0.0866651, -0.283645, 0.10776, 0.952855, 0.00276521  
121, 14.3519, 1148.91, 181.143, -0.957463, 0.0552679, -0.283214, -0.0883337, -0.990505, 0.105338, -0.274703, 0.125874, 0.953254, 0.00280321  
122, 14.3288, 1148.95, 181.119, -0.957551, 0.0538215, -0.283195, -0.0877409, -0.990219, 0.108481, -0.274586, 0.128724, 0.952907, 0.00274357  
123, 14.2657, 1148.81, 181.16, -0.957621, 0.0541112, -0.282903, -0.0884269, -0.989994, 0.109966, -0.274122, 0.130322, 0.952824, 0.00285757  
124, 14.2199, 1148.73, 181.123, -0.957698, 0.0538854, -0.282686, -0.0888546, -0.989685, 0.112373, -0.273715, 0.132737, 0.952607, 0.00283095  
125, 14.2074, 1148.63, 181.065, -0.957273, 0.0539533, -0.284107, -0.0896718, -0.989397, 0.11425, -0.274931, 0.134845, 0.951961, 0.00277908  
126, 14.1027, 1148.66, 181.055, -0.957815, 0.0537789, -0.282309, -0.091107, -0.988487, 0.120804, -0.272562, 0.141428, 0.951687, 0.00281486  
127, 14.0626, 1148.45, 181.079, -0.957886, 0.0544996, -0.281931, -0.0926784, -0.987957, 0.123903, -0.271783, 0.144814, 0.951401, 0.00279294  
128, 13.9086, 1148.28, 181.044, -0.957734, 0.053034, -0.282723, -0.0923165, -0.987536, 0.12748, -0.272439, 0.148192, 0.950693, 0.00282623  
129, 13.8262, 1148.08, 180.996, -0.957831, 0.0534516, -0.282317, -0.0940941, -0.986717, 0.132421, -0.271489, 0.153401, 0.950138, 0.00284038  
130, 13.7232, 1147.88, 181.066, -0.958476, 0.0534171, -0.280124, -0.0952018, -0.985882, 0.137745, -0.268811, 0.158694, 0.95003, 0.00274912  
131, 13.5932, 1147.68, 181.002, -0.958372, 0.0519848, -0.280749, -0.0958652, -0.984791, 0.144899, -0.268947, 0.165782, 0.94878, 0.00282013  
132, 13.4269, 1147.33, 180.965, -0.957952, 0.0505584, -0.282439, -0.095785, -0.984234, 0.148691, -0.270468, 0.169492, 0.947692, 0.00272693  
133, 13.288, 1146.97, 180.959, -0.957271, 0.050605, -0.284731, -0.0970065, -0.983716, 0.151303, -0.272438, 0.172458, 0.946592, 0.00274135  
134, 13.1875, 1146.59, 180.97, -0.957017, 0.0516107, -0.285403, -0.0980141, -0.983697, 0.150776, -0.272969, 0.172269, 0.946473, 0.00296797  
135, 13.0085, 1146.07, 181.07, -0.958399, 0.0508414, -0.280868, -0.0994332, -0.98184, 0.161565, -0.267553, 0.182772, 0.94605, 0.00276659  
136, 12.9248, 1145.54, 180.95, -0.957272, 0.0485074, -0.285092, -0.0982751, -0.981728, 0.162947, -0.271979, 0.184002, 0.944548, 0.00279572  
137, 12.7433, 1144.99, 180.978, -0.957837, 0.046264, -0.283564, -0.0972472, -0.980901, 0.16845, -0.270356, 0.188923, 0.944042, 0.00270307  
138, 12.7663, 1144.32, 180.973, -0.958046, 0.0468906, -0.282754, -0.0985722, -0.980253, 0.171429, -0.269132, 0.192108, 0.943749, 0.0027763  
139, 12.8187, 1143.61, 180.913, -0.958108, 0.0454162, -0.282783, -0.0968129, -0.980585, 0.170529, -0.269548, 0.190762, 0.943903, 0.00295022  
140, 12.7809, 1142.78, 180.991, -0.95915, 0.0458343, -0.279159, -0.0973698, -0.979982, 0.173648, -0.265612, 0.193736, 0.944413, 0.00279932  
141, 12.9513, 1142.12, 180.815, -0.957559, 0.0440987, -0.284843, -0.0969258, -0.979942, 0.174124, -0.271451, 0.194343, 0.942627, 0.00280959  
142, 12.9992, 1141.35, 180.85, -0.958228, 0.0430958, -0.28274, -0.0970934, -0.97889, 0.179853, -0.26902, 0.199793, 0.942184, 0.00268393  
143, 13.007, 1140.25, 180.91, -0.957738, 0.0452177, -0.284066, -0.0979005, -0.979849, 0.174102, -0.270469, 0.194554, 0.942865, 0.00305035  
144, 12.9141, 1139.37, 181.002, -0.958802, 0.0442529, -0.280608, -0.097947, -0.978718, 0.180325, -0.266656, 0.200381, 0.942731, 0.00287782  
145, 13.0675, 1138.38, 180.943, -0.958578, 0.0436231, -0.281471, -0.0978549, -0.978491, 0.181606, -0.267495, 0.201626, 0.942228, 0.002791  
146, 13.0076, 1137.39, 180.792, -0.959128, 0.0416807, -0.279886, -0.0968875, -0.977681, 0.186423, -0.265869, 0.205921, 0.941759, 0.00277186  
147, 13.0939, 1136.19, 180.884, -0.959737, 0.041981, -0.277744, -0.0963665, -0.97797, 0.185172, -0.263851, 0.204482, 0.94264, 0.00275994  
148, 12.9195, 1135.07, 180.858, -0.959811, 0.0408158, -0.277662, -0.0948767, -0.978307, 0.184157, -0.264122, 0.203099, 0.942863, 0.00274329  
149, 13.1297, 1133.76, 180.709, -0.958074, 0.0411636, -0.283548, -0.0942825, -0.979806, 0.176328, -0.270563, 0.195669, 0.942608, 0.00311526  
150, 12.7214, 1132.55, 180.936, -0.960004, 0.041031, -0.276965, -0.0949427, -0.978301, 0.184156, -0.263399, 0.203086, 0.943068, 0.00270834  
151, 12.6881, 1131.4, 180.962, -0.959765, 0.042041, -0.277638, -0.096057, -0.978234, 0.183931, -0.263862, 0.2032, 0.942914, 0.00278046  
152, 12.6498, 1129.87, 180.95, -0.959844, 0.039171, -0.277787, -0.0937269, -0.978081, 0.185936, -0.264415, 0.204506, 0.942476, 0.002834  
153, 12.5068, 1128.53, 180.95, -0.960253, 0.0409349, -0.276115, -0.0940922, -0.978764, 0.182123, -0.262796, 0.200864, 0.943712, 0.00276105  
154, 12.3991, 1127.16, 180.882, -0.959118, 0.0394727, -0.28024, -0.0917853, -0.980086, 0.176086, -0.267708, 0.194609, 0.943642, 0.00301429  
155, 12.526, 1125.63, 180.783, -0.959049, 0.0409001, -0.280271, -0.0916401, -0.981103, 0.170407, -0.268005, 0.189113, 0.944674, 0.00265481  
156, 12.4039, 1124.05, 180.844, -0.958353, 0.0383933, -0.282995, -0.0896289, -0.981291, 0.170395, -0.271158, 0.188663, 0.943864, 0.00281181  
157, 12.3096, 1122.4, 180.919, -0.958638, 0.0405425, -0.281726, -0.0908476, -0.981614, 0.167869, -0.26974, 0.186519, 0.944696, 0.00280432  
158, 12.2004, 1120.65, 180.959, -0.958678, 0.0372547, -0.282042, -0.088243, -0.981432, 0.170307, -0.270461, 0.188158, 0.944165, 0.00308447  
159, 12.0514, 1118.88, 180.992, -0.959643, 0.0401432, -0.278341, -0.0908213, -0.980963, 0.17165, -0.266151, 0.190002, 0.94502, 0.00315271  
160, 11.9679, 1117.12, 180.953, -0.958004, 0.0374874, -0.284293, -0.0875719, -0.982302, 0.16557, -0.273055, 0.183513, 0.944333, 0.00271944  
161, 11.7701, 1115.21, 181.048, -0.959009, 0.0379495, -0.280821, -0.0875758, -0.982171, 0.166345, -0.269502, 0.184119, 0.945235, 0.00279572  
162, 11.683, 1113.19, 181.161, -0.959835, 0.0385857, -0.277898, -0.0880458, -0.981887, 0.167769, -0.266391, 0.185499, 0.945847, 0.00268504  
163, 11.7108, 1111.31, 181.031, -0.958102, 0.0384428, -0.283834, -0.0876763, -0.982747, 0.162853, -0.272677, 0.180915, 0.944943, 0.00277686  
164, 11.6072, 1109.16, 181.024, -0.958129, 0.0388785, -0.283685, -0.0858933, -0.984138, 0.155225, -0.273151, 0.173092, 0.94627, 0.00288725  
165, 11.6646, 1107.27, 180.935, -0.957424, 0.0400783, -0.285891, -0.0862711, -0.984783, 0.15086, -0.275495, 0.169101, 0.946313, 0.00264649  
166, 11.6338, 1105.05, 180.836, -0.957963, 0.0384052, -0.284311, -0.0836267, -0.985344, 0.148672, -0.274434, 0.166198, 0.947135, 0.00286201  
167, 11.7285, 1102.85, 180.952, -0.958291, 0.0381496, -0.283237, -0.081584, -0.986329, 0.143177, -0.273903, 0.160313, 0.948302, 0.00268865  
168, 11.7819, 1100.55, 181.029, -0.958763, 0.0388841, -0.281533, -0.081346, -0.986698, 0.140746, -0.272316, 0.157844, 0.949173, 0.00312608  
169, 11.8603, 1098.42, 181.041, -0.958864, 0.0410129, -0.280887, -0.0814865, -0.98763, 0.133964, -0.271918, 0.151342, 0.950345, 0.00294439  
170, 12.0644, 1096.16, 181.025, -0.959044, 0.0418339, -0.280149, -0.0812294, -0.988112, 0.130523, -0.271359, 0.147934, 0.951042, 0.00274523  
171, 12.2511, 1093.76, 181.062, -0.959748, 0.0405239, -0.277925, -0.0778328, -0.989156, 0.124549, -0.269864, 0.141168, 0.952494, 0.00303621  
172, 12.3877, 1091.38, 181.071, -0.959492, 0.0405622, -0.278802, -0.076618, -0.989853, 0.119668, -0.271119, 0.136182, 0.952864, 0.00270807  
173, 12.5008, 1089.08, 181.344, -0.96134, 0.0403703, -0.272388, -0.0743683, -0.9905, 0.115668, -0.265131, 0.131453, 0.95521, 0.00315132  
174, 12.7498, 1086.74, 181.324, -0.960861, 0.0442893, -0.273468, -0.0758807, -0.991462, 0.106044, -0.266437, 0.122644, 0.956018, 0.00314744  
175, 12.7741, 1084.31, 181.384, -0.963327, 0.0443482, -0.264638, -0.0741526, -0.991839, 0.103715, -0.257879, 0.119535, 0.958754, 0.00274191  
176, 13.0675, 1081.92, 181.239, -0.963321, 0.040432, -0.265289, -0.0689112, -0.992705, 0.0989356, -0.259354, 0.113588, 0.959079, 0.00277491  
177, 13.2695, 1079.5, 181.218, -0.964301, 0.0406906, -0.261663, -0.0688976, -0.992645, 0.099543, -0.255688, 0.114017, 0.960012, 0.0026684  
178, 13.4104, 1077, 181.282, -0.964937, 0.0425557, -0.259007, -0.0686538, -0.993337, 0.0925628, -0.253343, 0.107099, 0.96143, 0.00290723  
179, 13.6868, 1074.65, 181.166, -0.964333, 0.0435649, -0.261082, -0.0665073, -0.994599, 0.0796897, -0.2562, 0.0942113, 0.962022, 0.00294162  
180, 25.4357, 1072.09, 184.134, 0.970451, 0.0663139, 0.232008, 0.0734252, -0.997055, -0.0221411, 0.229856, 0.0385221, -0.972462, 0.00265453  
181, 25.7141, 1069.59, 184.068, 0.971157, 0.0678739, 0.228575, 0.0735021, -0.997164, -0.0161904, 0.226827, 0.0325242, -0.973392, 0.00279183  
182, 25.8931, 1066.91, 184.2, 0.971699, 0.066841, 0.226569, 0.0713703, -0.99738, -0.0118491, 0.225183, 0.027684, -0.973923, 0.00263955  
183, 15.504, 1064.23, 180.967, -0.962875, 0.0453265, -0.266116, -0.0619758, -0.996589, 0.054499, -0.262738, 0.0689684, 0.962399, 0.00274163  
184, 26.2989, 1061.76, 184.051, 0.971072, 0.0647063, 0.229854, 0.0667086, -0.997772, -0.000942861, 0.229281, 0.0162488, -0.973225, 0.00278712  
185, 26.3732, 1059.03, 184.013, 0.97145, 0.0654057, 0.228052, 0.0659306, -0.99781, 0.00532428, 0.2279, 0.00986331, -0.973634, 0.00271389  
186, 26.5135, 1056.59, 183.877, 0.97122, 0.0628838, 0.229732, 0.0633937, -0.997975, 0.0051678, 0.229591, 0.00954447, -0.97324, 0.0028021  
187, 26.6335, 1053.85, 183.845, 0.97145, 0.0634268, 0.22861, 0.0618078, -0.997986, 0.0142422, 0.229053, 0.000294262, -0.973414, 0.00268615  
188, 26.7628, 1051.25, 183.912, 0.971862, 0.0646189, 0.226515, 0.0622052, -0.997905, 0.0177852, 0.227189, -0.00319441, -0.973845, 0.00272859  
189, 26.854, 1048.85, 183.911, 0.971855, 0.0663352, 0.226046, 0.0634956, -0.997785, 0.0198177, 0.22686, -0.00490702, -0.973915, 0.00287949  
190, 26.9849, 1046.15, 183.882, 0.971593, 0.0639192, 0.227861, 0.0577596, -0.997765, 0.0336059, 0.2295, -0.0194901, -0.973114, 0.00270779  
191, 27.0993, 1043.62, 183.842, 0.972048, 0.0640812, 0.225866, 0.0579278, -0.997749, 0.0337736, 0.227522, -0.0197456, -0.973573, 0.00281791  
192, 27.2177, 1041.05, 183.777, 0.970725, 0.0632566, 0.231716, 0.0552668, -0.997637, 0.0408184, 0.23375, -0.0268173, -0.971927, 0.00267367  
193, 27.2822, 1038.42, 183.718, 0.97105, 0.0648021, 0.229918, 0.0553936, -0.997351, 0.0471493, 0.232364, -0.0330484, -0.972067, 0.00271805  
194, 27.2054, 1035.78, 183.831, 0.970905, 0.0664239, 0.230068, 0.0554649, -0.997011, 0.0537849, 0.232953, -0.0394593, -0.971687, 0.00293413  
195, 27.1924, 1033.29, 183.761, 0.970365, 0.0664314, 0.232332, 0.0551112, -0.99697, 0.0548876, 0.235275, -0.0404569, -0.971087, 0.00266979  
196, 11.6378, 1032.7, 184.95, -0.977988, -0.064573, -0.198416, -0.0657309, 0.997837, -0.000752448, 0.198036, 0.0123062, -0.980118, 0.00279489  
197, 58.7343, 1032.19, 160.732, -0.0406893, -0.0496148, -0.997939, -0.0543783, 0.997396, -0.0473706, 0.997691, 0.0523388, -0.0432813, 0.00265786  
198, 56.4734, 1029.76, 159.88, 0.0357299, -0.061369, -0.997475, -0.0468918, 0.99691, -0.0630139, 0.998261, 0.0490249, 0.0327418, 0.00294245  
199, 21.3634, 1025.75, 182.821, 0.979627, -0.0385953, 0.19708, 0.0460819, 0.998374, -0.0335422, -0.195465, 0.0419407, 0.979813, 0.00283649  
200, 21.0644, 1023.15, 182.629, 0.978651, -0.0402342, 0.201552, 0.0487159, 0.998116, -0.0372976, -0.199672, 0.0463201, 0.978767, 0.0026623  
201, 9.99963, 1020.3, 185.014, -0.976164, -0.069349, -0.205656, -0.0735627, 0.997207, 0.0129048, 0.204187, 0.0277258, -0.978539, 0.00276743  
202, 9.54111, 1017.67, 185.305, -0.97604, -0.0751853, -0.204189, -0.0808687, 0.996532, 0.0196215, 0.202006, 0.0356639, -0.978735, 0.00275578  
203, 8.13982, 1015.45, 186.641, -0.981577, -0.082097, -0.172532, -0.0889193, 0.995519, 0.0321793, 0.169117, 0.0469279, -0.984478, 0.003024  
204, 8.61623, 1013.14, 185.832, -0.981084, -0.0746072, -0.178627, -0.0817901, 0.996097, 0.0331807, 0.175455, 0.047163, -0.983357, 0.00307948  
205, 8.57087, 1010.79, 185.541, -0.981171, -0.0715821, -0.179387, -0.0783937, 0.996435, 0.0311656, 0.176516, 0.0446415, -0.983285, 0.00276992  
206, 8.28192, 1008.54, 185.523, -0.981183, -0.071354, -0.17941, -0.0790688, 0.996211, 0.0362156, 0.176146, 0.0497199, -0.983108, 0.00295077  
207, 7.91684, 1006.23, 185.461, -0.98178, -0.0712823, -0.176145, -0.0788449, 0.996226, 0.0363057, 0.172892, 0.0495323, -0.983695, 0.00273275  
208, 7.59718, 1003.96, 185.381, -0.981973, -0.0725041, -0.17456, -0.0812774, 0.995736, 0.0436371, 0.170652, 0.0570383, -0.983679, 0.00283954  
209, 7.25868, 1001.99, 185.309, -0.982555, -0.0700503, -0.172273, -0.0787061, 0.995929, 0.04393, 0.168494, 0.0567226, -0.984069, 0.00282346  
210, 6.78957, 999.435, 185.449, -0.98284, -0.0722111, -0.169737, -0.0818037, 0.995383, 0.0502087, 0.165328, 0.0632323, -0.98421, 0.00270307  
211, 6.24142, 997.451, 185.502, -0.982585, -0.0766304, -0.169277, -0.0854219, 0.995316, 0.0452678, 0.165016, 0.0589394, -0.984528, 0.0029455  
212, 11.5862, 997.657, 181.353, -0.952754, -0.0420922, -0.300813, 0.0490414, -0.998675, -0.0155842, -0.299759, -0.0296002, 0.953556, 0.00282595  
213, 11.3313, 995.471, 180.929, -0.951991, -0.0370362, -0.303876, 0.048094, -0.998422, -0.0289833, -0.302323, -0.0422064, 0.952271, 0.00298212  
214, 11.2359, 992.999, 180.852, -0.956598, -0.0289774, -0.289967, 0.0401251, -0.998664, -0.0325724, -0.288636, -0.0427937, 0.956482, 0.00282623  
215, 11.5229, 991.078, 179.653, -0.935412, -0.0346183, -0.351859, 0.0683099, -0.994139, -0.0837907, -0.346897, -0.102414, 0.932295, 0.00274579  
216, 8.47541, 988.218, 180.946, -0.923075, -0.00878722, -0.38452, 0.0348117, -0.997544, -0.0607722, -0.383042, -0.069483, 0.921114, 0.00282096  
217, 17.1608, 984.108, 181.94, 0.909355, 0.2971, -0.291213, -0.0298917, -0.651525, -0.758038, -0.414946, 0.698031, -0.583586, 0.0027125  
218, 6.23546, 983.535, 183.693, -0.985837, -0.0432813, -0.162025, -0.0482708, 0.99847, 0.0269839, 0.160609, 0.0344227, -0.986418, 0.00308752  
219, 21.8449, 979.044, 187.415, 0.97051, 0.145743, 0.192012, 0.141608, -0.989298, 0.0351613, 0.195082, -0.006934, -0.980762, 0.0028143  
220, 21.6502, 977.194, 187.6, 0.970413, 0.146897, 0.191623, 0.143089, -0.989138, 0.0336347, 0.194482, -0.00522038, -0.980892, 0.00271361  
221, 17.698, 979.858, 180.849, 0.99241, 0.00245193, 0.122945, 0.00455431, 0.998382, -0.0566732, -0.122886, 0.056803, 0.990794, 0.00277713  
222, 18.337, 976.511, 183.543, 0.953686, 0.0227949, 0.29994, 0.00453349, -0.998101, 0.0614393, 0.30077, -0.057234, -0.951978, 0.00272027  
223, 15.4875, 973.074, 185.745, 0.960261, 0.0820857, 0.266761, 0.054609, -0.992557, 0.108846, 0.273711, -0.0899531, -0.957596, 0.00279794  
224, 15.0949, 971.509, 185.875, 0.958483, 0.0877359, 0.271315, 0.0558166, -0.990809, 0.123215, 0.279632, -0.102956, -0.954571, 0.00284676  
225, 14.8402, 969.628, 186.026, 0.958162, 0.0830987, 0.2739, 0.0536499, -0.992109, 0.113318, 0.281155, -0.0938821, -0.955059, 0.00273969  
226, 14.7354, 967.887, 185.95, 0.956491, 0.0834009, 0.279589, 0.0522523, -0.991747, 0.117078, 0.287046, -0.097375, -0.952955, 0.00275356  
227, 14.8346, 966.161, 185.75, 0.95703, 0.0866865, 0.276731, 0.0540227, -0.990865, 0.123562, 0.284914, -0.103302, -0.95297, 0.00264926  
228, 16.0367, 967.443, 180.906, 0.990445, -0.00289525, 0.137879, 0.00734661, 0.999468, -0.0317866, -0.137714, 0.0324958, 0.989939, 0.00286867  
229, 16.5129, 965.849, 182.214, 0.988524, -0.00800872, 0.150848, 0.0222411, 0.995427, -0.0928999, -0.149414, 0.0951889, 0.984182, 0.0029333  
230, 16.4038, 964.138, 182.202, 0.988487, -0.0089785, 0.15104, 0.0233143, 0.995354, -0.0934132, -0.1495, 0.0958591, 0.984104, 0.00278407  
231, 16.4922, 962.512, 182.21, 0.988615, -0.00668089, 0.150322, 0.0211778, 0.995248, -0.0950463, -0.148973, 0.0971477, 0.984058, 0.00266119  
232, 16.5964, 960.913, 181.989, 0.988213, -0.00683554, 0.15293, 0.0199516, 0.996233, -0.0843961, -0.151777, 0.0864526, 0.984627, 0.0026978  
233, 16.7884, 959.458, 181.997, 0.988617, -0.00734093, 0.150276, 0.020409, 0.99612, -0.0856038, -0.149065, 0.0876963, 0.984931, 0.00273109  
234, 16.8728, 957.901, 181.841, 0.98851, -0.00521632, 0.151064, 0.0148544, 0.997919, -0.0627429, -0.150423, 0.0642659, 0.986531, 0.00286118  
235, 17.1371, 956.137, 182.001, 0.988798, -0.00351905, 0.14922, 0.0134585, 0.997752, -0.0656519, -0.148653, 0.0669247, 0.986622, 0.00266563  
236, 17.4244, 954.655, 181.811, 0.988488, -0.000592932, 0.1513, 0.00811382, 0.998761, -0.0490959, -0.151084, 0.0497583, 0.987268, 0.00288698  
237, 17.8622, 952.842, 181.72, 0.988097, -0.000629467, 0.153828, 0.00811401, 0.998813, -0.0480321, -0.153616, 0.0487086, 0.986929, 0.00271167  
238, 18.1648, 951.482, 181.538, 0.987622, -0.00101353, 0.156847, 0.00700689, 0.999266, -0.0376633, -0.156693, 0.0382962, 0.986905, 0.00300625  
239, 18.6382, 949.712, 181.602, 0.987369, 0.00227038, 0.158422, 0.00465225, 0.999051, -0.0433128, -0.15837, 0.0435027, 0.986421, 0.00314355  
240, 19.104, 948.411, 181.35, 0.986407, 0.00518663, 0.164241, -0.00182164, 0.999785, -0.0206321, -0.164313, 0.0200524, 0.986204, 0.00269808  
241, 19.7752, 946.755, 181.571, 0.98614, 0.0076013, 0.165744, -0.0014018, 0.999296, -0.0374891, -0.165912, 0.0367371, 0.985456, 0.0027996  
242, 18.4612, 944.906, 182.68, 0.981126, -0.0183038, 0.1925, 0.02369, 0.999389, -0.0257155, -0.191912, 0.0297905, 0.98096, 0.00269309  
243, 18.6196, 943.041, 182.995, 0.981232, -0.0219498, 0.191578, 0.0283082, 0.999133, -0.0305156, -0.190742, 0.035366, 0.981003, 0.00278268  
244, 11.7851, 941.861, 181.657, -0.966151, -0.0146404, -0.257561, -0.000757464, -0.998223, 0.0595826, -0.257976, 0.0577608, 0.964423, 0.00312885  
245, 12.5891, 940.636, 181.584, -0.964062, -0.0267815, -0.264323, 0.012402, -0.998358, 0.055921, -0.265387, 0.0506332, 0.962812, 0.00268837  
246, 13.1587, 939.627, 181.484, -0.962179, -0.0427345, -0.269043, 0.0266554, -0.997649, 0.0631376, -0.271109, 0.0535783, 0.961056, 0.00285619  
247, 27.6346, 936.059, 186.838, 0.97279, 0.085209, 0.215451, 0.0931201, -0.995294, -0.0268196, 0.212152, 0.0461527, -0.976146, 0.0027089  
248, 28.016, 934.414, 186.689, 0.97195, 0.0879276, 0.218134, 0.0955544, -0.995119, -0.0246437, 0.214902, 0.0447961, -0.975608, 0.00305562  
249, 28.2933, 933.021, 186.517, 0.973081, 0.0855612, 0.213991, 0.0941577, -0.995096, -0.0302882, 0.210351, 0.0496218, -0.976366, 0.00288004  
250, 28.6683, 931.304, 185.997, 0.97096, 0.069106, 0.229042, 0.0768847, -0.996721, -0.0252034, 0.226549, 0.0420813, -0.97309, 0.00271112  
251, 29.276, 930.658, 185.93, 0.971467, 0.0638475, 0.228419, 0.0723188, -0.996963, -0.028902, 0.22588, 0.0445964, -0.973134, 0.00282457  
252, 31.2078, 912.523, 184.738, 0.923535, 0.377381, 0.0683178, -0.366935, 0.817667, 0.443598, 0.111544, -0.434747, 0.893618, 0.00262735  
253, 30.1521, 911.364, 184.388, 0.916205, 0.390403, 0.0902993, -0.395882, 0.847006, 0.354766, 0.0620178, -0.360786, 0.930584, 0.00275799  
254, 30.4065, 909.505, 184.292, 0.91789, 0.385816, 0.0928699, -0.390737, 0.83781, 0.381313, 0.0693095, -0.386291, 0.919769, 0.00288115  
255, 27.1042, 923.951, 180.302, 0.974839, 0.0228333, 0.221738, -0.0347365, 0.998148, 0.0499304, -0.220187, -0.0563765, 0.973827, 0.00268726  
256, 27.4228, 922.622, 180.191, 0.974792, 0.0194529, 0.222266, -0.0331584, 0.99776, 0.0580979, -0.220638, -0.0640034, 0.973253, 0.00304897  
257, 17.3868, 920.001, 185.213, -0.968641, -0.0401568, -0.245196, -0.0055124, 0.990083, -0.140373, 0.248402, -0.13462, -0.959257, 0.0026512  
258, 16.1758, 919.947, 182.385, -0.97814, -0.00458036, -0.207897, 0.0216696, 0.992069, -0.123811, 0.206816, -0.125609, -0.970283, 0.0028168  
259, 16.3648, 917.743, 182.445, -0.978148, -0.00549671, -0.207838, 0.0183717, 0.993455, -0.112737, 0.207097, -0.114092, -0.971645, 0.00296409  
260, 16.6077, 916.205, 182.336, -0.977678, -0.00347913, -0.210079, 0.0228801, 0.992154, -0.122912, 0.208858, -0.124975, -0.969928, 0.00270612  
261, 69.768, 887.485, 193.122, -0.818809, -0.527627, -0.226188, 0.331911, -0.756597, 0.563379, -0.468387, 0.386226, 0.794634, 0.00266923  
262, 12.7618, 910.483, 185.545, -0.969692, -0.0779229, -0.231572, -0.0539852, 0.992687, -0.107975, 0.238292, -0.0922014, -0.966807, 0.00265453  
263, 12.8381, 908.648, 185.542, -0.969394, -0.0759624, -0.233463, -0.0490124, 0.991666, -0.119149, 0.240568, -0.10406, -0.965038, 0.00309973  
264, 12.9617, 906.602, 185.581, -0.968838, -0.0803339, -0.234307, -0.0557927, 0.992413, -0.109559, 0.241331, -0.0930721, -0.96597, 0.00295188  
265, 12.6082, 904.67, 186.058, -0.96683, -0.0835658, -0.241366, -0.0551149, 0.990959, -0.122319, 0.249405, -0.104959, -0.962695, 0.00265148  
266, 12.4651, 902.518, 186.066, -0.965167, -0.0922099, -0.244848, -0.061727, 0.989671, -0.129389, 0.254249, -0.109769, -0.960889, 0.00280432  
267, 12.5472, 900.58, 185.922, -0.966828, -0.0942456, -0.237406, -0.0673379, 0.990606, -0.11902, 0.246393, -0.0990858, -0.964092, 0.00263095  
268, 12.6045, 898.411, 185.719, -0.964709, -0.0952512, -0.245485, -0.0672918, 0.990505, -0.119884, 0.254573, -0.099134, -0.961959, 0.00271861  
269, 12.4452, 896.527, 185.831, -0.962151, -0.0945358, -0.255594, -0.0588574, 0.987853, -0.143813, 0.266085, -0.123326, -0.956028, 0.00296575  
270, 25.1814, 889.117, 183.504, 0.962757, 0.0819589, 0.257646, -0.105821, 0.991151, 0.080133, -0.248798, -0.104413, 0.962911, 0.00271084  
271, 27.0349, 894.016, 179.914, 0.977513, 0.00939339, 0.210665, -0.0334979, 0.993239, 0.111147, -0.208197, -0.115704, 0.971219, 0.00280959  
272, 27.7768, 889.827, 181.31, 0.962072, -0.0468174, 0.268749, 0.0194405, 0.994425, 0.10364, -0.272103, -0.0944848, 0.957618, 0.00267561  
273, 27.6433, 887.688, 181.345, 0.962774, -0.0484071, 0.265938, 0.0224144, 0.994743, 0.0999203, -0.269377, -0.0902398, 0.958798, 0.00293746  
274, 27.5508, 885.293, 181.363, 0.962613, -0.0464528, 0.266869, 0.0207589, 0.99494, 0.0983064, -0.270085, -0.0890911, 0.958706, 0.00329417  
275, 27.3804, 882.684, 181.448, 0.961552, -0.0389646, 0.271846, 0.0112576, 0.994644, 0.102746, -0.274394, -0.0957354, 0.95684, 0.00276687  
276, 27.0628, 880.413, 181.305, 0.962984, -0.0452875, 0.265726, 0.0168725, 0.99398, 0.108258, -0.269029, -0.099767, 0.957951, 0.00280681  
277, 26.964, 878.275, 180.954, 0.969361, -0.0345479, 0.243199, 0.00954382, 0.99461, 0.103249, -0.245456, -0.0977649, 0.964465, 0.00270585  
278, 26.4294, 875.656, 180.873, 0.969252, -0.0364857, 0.243351, 0.0104653, 0.994164, 0.107373, -0.245848, -0.101525, 0.963977, 0.00292803  
279, 26.2092, 872.303, 180.089, 0.97518, -0.0616632, 0.212652, 0.0363096, 0.991972, 0.121136, -0.218414, -0.110408, 0.96959, 0.00282956  
280, 25.8462, 869.626, 180.002, 0.975827, -0.0590499, 0.210416, 0.0324985, 0.991309, 0.12748, -0.216114, -0.11756, 0.969265, 0.00275356  
281, 25.2616, 867.116, 179.972, 0.976052, -0.0577353, 0.209737, 0.0327737, 0.99216, 0.120598, -0.215056, -0.110836, 0.970292, 0.00285535  
282, 24.9122, 864.386, 180.034, 0.975596, -0.0618833, 0.210674, 0.0364222, 0.99178, 0.12266, -0.216533, -0.111993, 0.96983, 0.00267839  
283, 24.4311, 861.631, 180.159, 0.975503, -0.0632956, 0.210683, 0.0376131, 0.9916, 0.123751, -0.216746, -0.112795, 0.96969, 0.00271361  
284, 23.6071, 858.884, 180.46, 0.975384, -0.0720445, 0.20841, 0.0495028, 0.992539, 0.111428, -0.214883, -0.0983681, 0.971673, 0.00278573  
