0, 0, 0, 0, 0, 0, 0, 0, 0, 0, 0, 0, 0, 0.00633149  
1, 40.8904, 1137.86, 184.396, 0.970971, 0.0988219, 0.217828, 0.0910897, -0.994813, 0.0452824, 0.221172, -0.0241261, -0.974936, 0.00261181  
2, 40.9092, 1137.87, 184.438, 0.970678, 0.0985235, 0.219267, 0.0905541, -0.994823, 0.0461292, 0.222677, -0.024921, -0.974574, 0.00338238  
3, 40.8556, 1137.87, 184.414, 0.970678, 0.0981031, 0.219453, 0.0902404, -0.994876, 0.0455953, 0.222801, -0.0244549, -0.974557, 0.0026978  
4, 40.9001, 1137.81, 184.461, 0.971147, 0.100366, 0.216335, 0.0926113, -0.994652, 0.0457178, 0.219767, -0.0243636, -0.975248, 0.00279849  
5, 40.895, 1137.86, 184.422, 0.97096, 0.0978166, 0.218333, 0.0904337, -0.994948, 0.0435804, 0.221493, -0.0225701, -0.974901, 0.00265703  
6, 40.8329, 1137.85, 184.415, 0.970696, 0.0980387, 0.219401, 0.0902909, -0.994894, 0.0450909, 0.222702, -0.0239596, -0.974592, 0.00298794  
7, 40.8951, 1137.88, 184.401, 0.970913, 0.097944, 0.218485, 0.0905405, -0.994935, 0.0436689, 0.221655, -0.0226169, -0.974863, 0.00302262  
8, 40.8266, 1137.83, 184.437, 0.97089, 0.0977573, 0.218667, 0.0902999, -0.994948, 0.0438666, 0.221851, -0.022844, -0.974813, 0.00265786  
9, 40.8743, 1137.85, 184.457, 0.970916, 0.0975277, 0.218657, 0.0899995, -0.994963, 0.0441538, 0.221862, -0.0231906, -0.974802, 0.00277464  
10, 40.9081, 1137.86, 184.436, 0.97087, 0.0984784, 0.218432, 0.0910635, -0.994882, 0.0437828, 0.221626, -0.0226162, -0.974869, 0.00268671  
11, 40.9093, 1137.82, 184.42, 0.970821, 0.0992268, 0.218314, 0.0915821, -0.994785, 0.0448873, 0.221629, -0.0235838, -0.974846, 0.00265786  
12, 40.8953, 1137.84, 184.419, 0.97074, 0.0986955, 0.218915, 0.0906645, -0.994797, 0.0464583, 0.222361, -0.0252511, -0.974637, 0.00300292  
13, 40.8893, 1137.82, 184.439, 0.970882, 0.0986617, 0.218297, 0.0909662, -0.994834, 0.0450514, 0.221614, -0.023882, -0.974842, 0.00272915  
14, 40.841, 1137.86, 184.423, 0.9707, 0.0987017, 0.219089, 0.090843, -0.994817, 0.0456836, 0.222462, -0.0244424, -0.974635, 0.00282207  
15, 40.8788, 1137.83, 184.431, 0.970698, 0.0987209, 0.219089, 0.0909233, -0.994822, 0.0454184, 0.222438, -0.0241672, -0.974647, 0.002677  
16, 40.865, 1137.82, 184.461, 0.97078, 0.0997412, 0.218259, 0.0918371, -0.994707, 0.04609, 0.221701, -0.024699, -0.974802, 0.00309973  
17, 40.9103, 1137.91, 184.396, 0.970466, 0.0968201, 0.220956, 0.0886093, -0.994966, 0.0467987, 0.224375, -0.0258378, -0.97416, 0.00306616  
18, 40.9168, 1137.84, 184.416, 0.970745, 0.0986382, 0.218917, 0.0907931, -0.994824, 0.0456368, 0.222285, -0.0244255, -0.974676, 0.0026795  
19, 40.9252, 1137.9, 184.417, 0.970729, 0.0971875, 0.219634, 0.0895934, -0.994993, 0.0443007, 0.22284, -0.0233263, -0.974576, 0.0027763  
20, 40.888, 1137.8, 184.437, 0.970665, 0.099582, 0.218843, 0.091777, -0.994736, 0.0455717, 0.22223, -0.0241501, -0.974695, 0.00265314  
21, 40.9055, 1137.85, 184.376, 0.970629, 0.0983639, 0.219553, 0.0902889, -0.994828, 0.0465402, 0.222995, -0.0253502, -0.97449, 0.00277131  
22, 40.9243, 1137.87, 184.396, 0.970589, 0.0987032, 0.219578, 0.090488, -0.994779, 0.0471868, 0.22309, -0.0259298, -0.974453, 0.0028426  
23, 40.9061, 1137.84, 184.39, 0.970721, 0.0990525, 0.218835, 0.0908556, -0.994743, 0.0472338, 0.222363, -0.0259685, -0.974618, 0.00271556  
24, 40.9037, 1137.85, 184.392, 0.970442, 0.0989694, 0.220109, 0.0907967, -0.994761, 0.0469673, 0.223604, -0.0255939, -0.974344, 0.00323037  
25, 40.9051, 1137.8, 184.402, 0.970584, 0.100576, 0.218748, 0.0926051, -0.99462, 0.0464192, 0.22224, -0.0247965, -0.974677, 0.00264371  
26, 40.9293, 1137.86, 184.389, 0.970679, 0.0992007, 0.218958, 0.090833, -0.99471, 0.0479829, 0.222559, -0.0266874, -0.974554, 0.00277519  
27, 40.8955, 1137.82, 184.438, 0.970928, 0.100327, 0.217334, 0.0921594, -0.994614, 0.0474227, 0.220921, -0.0260146, -0.974945, 0.00295022  
28, 40.9032, 1137.87, 184.384, 0.970718, 0.0985927, 0.219059, 0.0904292, -0.994793, 0.0470105, 0.222553, -0.0258247, -0.974579, 0.00260571  
29, 40.8797, 1137.84, 184.414, 0.970957, 0.0996872, 0.217496, 0.0921021, -0.994743, 0.0447638, 0.220815, -0.0234319, -0.975034, 0.00275051  
30, 40.8563, 1137.84, 184.425, 0.970862, 0.0991142, 0.218183, 0.0912183, -0.994768, 0.0459945, 0.2216, -0.0247521, -0.974824, 0.00265841  
31, 40.8626, 1137.83, 184.408, 0.97081, 0.0986668, 0.218615, 0.0906027, -0.994795, 0.0466355, 0.222078, -0.0254672, -0.974696, 0.00283011  
32, 40.8408, 1137.82, 184.404, 0.970711, 0.0987057, 0.219039, 0.0908784, -0.99482, 0.0455528, 0.2224, -0.0243127, -0.974652, 0.00296353  
33, 40.8621, 1137.84, 184.417, 0.970965, 0.0981511, 0.218159, 0.0908136, -0.99492, 0.0434347, 0.221314, -0.0223618, -0.974946, 0.00270612  
34, 40.8849, 1137.85, 184.419, 0.970627, 0.0989535, 0.2193, 0.0909086, -0.994773, 0.0465024, 0.222755, -0.0252002, -0.974549, 0.00293801  
35, 40.885, 1137.88, 184.373, 0.97067, 0.0979699, 0.219551, 0.0901823, -0.994897, 0.0452415, 0.222863, -0.0241149, -0.974552, 0.00267117  
36, 40.9105, 1137.85, 184.371, 0.970725, 0.0988314, 0.218918, 0.0908063, -0.994785, 0.0464466, 0.222367, -0.0252078, -0.974637, 0.00279405  
37, 40.8959, 1137.83, 184.403, 0.971152, 0.0979083, 0.217434, 0.0902944, -0.994911, 0.044705, 0.220705, -0.0237823, -0.975051, 0.00295299  
38, 40.8667, 1137.85, 184.418, 0.970609, 0.0984924, 0.219583, 0.0904738, -0.994822, 0.0463041, 0.223007, -0.0250766, -0.974494, 0.00274912  
39, 40.8466, 1137.85, 184.397, 0.970559, 0.0976351, 0.22019, 0.0896368, -0.994909, 0.0460523, 0.223565, -0.0249593, -0.974369, 0.00304841  
40, 40.9103, 1137.82, 184.412, 0.970759, 0.0986773, 0.218839, 0.0907241, -0.994807, 0.0461237, 0.222254, -0.024921, -0.97467, 0.00274634  
41, 40.9033, 1137.87, 184.401, 0.970852, 0.0972521, 0.219063, 0.0895551, -0.994973, 0.04482, 0.22232, -0.0238954, -0.974681, 0.00278157  
42, 40.9271, 1137.83, 184.364, 0.970773, 0.099823, 0.218254, 0.0919819, -0.994706, 0.0458227, 0.221673, -0.024408, -0.974815, 0.0030351  
43, 40.9128, 1137.82, 184.383, 0.970917, 0.0990166, 0.21798, 0.0910027, -0.994763, 0.0465273, 0.221446, -0.0253373, -0.974843, 0.00274191  
44, 40.9028, 1137.83, 184.395, 0.970712, 0.0977763, 0.219448, 0.0897186, -0.994885, 0.046413, 0.222864, -0.025365, -0.974519, 0.00279794  
45, 40.8511, 1137.82, 184.427, 0.971142, 0.0996177, 0.216702, 0.0920368, -0.994746, 0.0448245, 0.220028, -0.0235865, -0.975208, 0.00264704  
46, 40.8573, 1137.83, 184.429, 0.970744, 0.0990898, 0.218718, 0.0909629, -0.994747, 0.0469445, 0.222221, -0.0256758, -0.974658, 0.00279433  
47, 40.9216, 1137.82, 184.419, 0.970773, 0.0988967, 0.218677, 0.0909853, -0.99479, 0.045983, 0.222086, -0.0247426, -0.974713, 0.00292331  
48, 40.8931, 1137.81, 184.406, 0.970787, 0.0985849, 0.218753, 0.0906452, -0.994817, 0.0460643, 0.222161, -0.0248897, -0.974692, 0.0027064  
49, 37.6708, 1139.1, 182.813, 0.976445, -0.0806996, 0.200107, 0.0855301, 0.996213, -0.015599, -0.198091, 0.0323467, 0.97965, 0.0027763  
50, 37.7491, 1139.13, 182.721, 0.97627, -0.0818371, 0.200501, 0.087031, 0.996057, -0.0172138, -0.198301, 0.0342551, 0.979542, 0.00265786  
51, 37.9928, 1139.21, 182.538, 0.976406, -0.0813212, 0.200046, 0.0872294, 0.995969, -0.0208847, -0.197541, 0.0378418, 0.979564, 0.0029136  
52, 37.8504, 1139.15, 182.653, 0.976567, -0.0816923, 0.199105, 0.0868003, 0.99608, -0.0170477, -0.196932, 0.0339306, 0.97983, 0.0029161  
53, 38.0833, 1139.29, 182.45, 0.976318, -0.0815754, 0.200371, 0.0874391, 0.995957, -0.0205755, -0.197882, 0.0376085, 0.979504, 0.00268338  
54, 37.3082, 1139.03, 183.072, 0.977946, -0.0786365, 0.193488, 0.0832633, 0.996401, -0.0158849, -0.191543, 0.031645, 0.980974, 0.00319737  
55, 37.3745, 1139.01, 183.064, 0.977312, -0.0791068, 0.196477, 0.0836651, 0.996381, -0.0149963, -0.19458, 0.0310943, 0.980394, 0.00268782  
56, 37.4596, 1139.08, 182.965, 0.977621, -0.0776153, 0.195532, 0.081612, 0.996586, -0.0124546, -0.193898, 0.0281336, 0.980618, 0.00278629  
57, 37.3588, 1139.03, 183.046, 0.977723, -0.078305, 0.194747, 0.0830729, 0.996408, -0.016424, -0.192761, 0.0322363, 0.980716, 0.00319126  
58, 37.4437, 1139, 182.971, 0.977368, -0.0777431, 0.196743, 0.0819294, 0.996551, -0.0132163, -0.195036, 0.0290362, 0.980366, 0.00309779  
59, 37.5114, 1139.03, 182.989, 0.977726, -0.078725, 0.194562, 0.0836565, 0.996345, -0.017248, -0.192494, 0.0331402, 0.980738, 0.00343924  
60, 37.3371, 1139.01, 183.082, 0.977919, -0.0782789, 0.19377, 0.0830671, 0.996404, -0.0166974, -0.191766, 0.0324246, 0.980905, 0.0027874  
61, 37.3795, 1138.98, 183.065, 0.977525, -0.0780748, 0.195831, 0.0824958, 0.996486, -0.0145084, -0.19401, 0.0303376, 0.98053, 0.00281319  
62, 37.3669, 1138.97, 183.039, 0.977173, -0.0799055, 0.196847, 0.0844701, 0.996315, -0.0148888, -0.194932, 0.0311767, 0.980321, 0.0030706  
63, 37.3627, 1138.93, 183.122, 0.97766, -0.0791045, 0.19474, 0.0841233, 0.996299, -0.0176245, -0.192625, 0.033613, 0.980697, 0.00275439  
64, 40.9122, 1137.82, 184.431, 0.97095, 0.0990571, 0.217816, 0.0912949, -0.994787, 0.0454413, 0.221181, -0.0242358, -0.974931, 0.00273109  
65, 40.8888, 1137.84, 184.407, 0.970766, 0.0983075, 0.218973, 0.0902892, -0.994836, 0.0463534, 0.222399, -0.0252274, -0.974629, 0.00272471  
66, 40.9352, 1137.83, 184.403, 0.970771, 0.0995604, 0.218383, 0.0913817, -0.994694, 0.0472626, 0.22193, -0.0259249, -0.974718, 0.00308419  
67, 40.8478, 1137.82, 184.427, 0.970764, 0.0997127, 0.218346, 0.0915625, -0.994682, 0.0471585, 0.221888, -0.0257874, -0.974731, 0.00304009  
68, 40.8942, 1137.79, 184.451, 0.970903, 0.0998472, 0.217665, 0.0918458, -0.994682, 0.0465985, 0.22116, -0.025251, -0.974911, 0.00276798  
69, 40.9295, 1137.83, 184.412, 0.970883, 0.100161, 0.21761, 0.0922851, -0.994666, 0.0460868, 0.221066, -0.0246627, -0.974947, 0.00308919  
70, 40.8824, 1137.83, 184.422, 0.970615, 0.0987532, 0.219442, 0.0905737, -0.994778, 0.0470527, 0.222942, -0.0257944, -0.97449, 0.00297685  
71, 40.8082, 1137.8, 184.444, 0.970943, 0.0982329, 0.218219, 0.0906278, -0.994885, 0.0446161, 0.221486, -0.023543, -0.974879, 0.00278934  
72, 40.8694, 1137.85, 184.436, 0.97085, 0.0981591, 0.218665, 0.0903816, -0.994876, 0.045316, 0.221992, -0.0242318, -0.974747, 0.00304231  
73, 40.9235, 1137.82, 184.393, 0.970731, 0.0981959, 0.21918, 0.0902229, -0.994853, 0.0461189, 0.222581, -0.024994, -0.974594, 0.00272748  
74, 40.908, 1137.87, 184.384, 0.970646, 0.0978514, 0.219705, 0.089619, -0.994859, 0.0471541, 0.22319, -0.0260802, -0.974426, 0.00281375  
75, 40.8413, 1137.82, 184.439, 0.971053, 0.0983088, 0.217698, 0.0906946, -0.994874, 0.0447212, 0.220978, -0.0236826, -0.974991, 0.00268033  
76, 40.8549, 1137.83, 184.437, 0.970759, 0.0987268, 0.218817, 0.0909503, -0.994822, 0.0453567, 0.222162, -0.0241289, -0.974711, 0.00282401  
77, 40.824, 1137.83, 184.439, 0.970728, 0.0987715, 0.218934, 0.0911404, -0.994834, 0.044711, 0.222219, -0.0234485, -0.974715, 0.00303787  
78, 40.913, 1137.81, 184.417, 0.970954, 0.0996004, 0.217551, 0.0919824, -0.994748, 0.0448936, 0.22088, -0.0235787, -0.975016, 0.00276826  
79, 40.8655, 1137.85, 184.437, 0.970759, 0.0984773, 0.218925, 0.0906746, -0.994844, 0.0454324, 0.222271, -0.024253, -0.974683, 0.00286312  
80, 40.8203, 1137.8, 184.429, 0.970802, 0.0994495, 0.218295, 0.0916649, -0.994749, 0.0455291, 0.221676, -0.0241898, -0.97482, 0.00270585  
81, 40.8304, 1137.82, 184.454, 0.97149, 0.0977796, 0.215978, 0.0907751, -0.994979, 0.0421416, 0.219014, -0.0213347, -0.975488, 0.00287422  
82, 40.8535, 1137.82, 184.426, 0.970968, 0.0971392, 0.218596, 0.0895668, -0.994995, 0.0443122, 0.221806, -0.0234468, -0.974809, 0.00329112  
83, 40.891, 1137.84, 184.371, 0.970625, 0.0991375, 0.219223, 0.0909643, -0.99474, 0.0470928, 0.222738, -0.025768, -0.974538, 0.0027383  
84, 40.8582, 1137.84, 184.414, 0.970691, 0.0979375, 0.21947, 0.0902094, -0.994906, 0.0449861, 0.222758, -0.0238693, -0.974582, 0.00314799  
85, 40.8275, 1137.83, 184.469, 0.971085, 0.0988541, 0.217305, 0.0914682, -0.994844, 0.0438141, 0.220516, -0.0226707, -0.97512, 0.00268588  
86, 40.853, 1137.8, 184.463, 0.971054, 0.0997582, 0.217033, 0.092074, -0.994723, 0.0452603, 0.220402, -0.0239671, -0.975115, 0.00285064  
87, 40.8857, 1137.82, 184.424, 0.971013, 0.0994509, 0.217355, 0.0918797, -0.994767, 0.0446922, 0.220663, -0.0234262, -0.975069, 0.00330527  
88, 40.8429, 1137.83, 184.414, 0.97064, 0.0984303, 0.219474, 0.09046, -0.994833, 0.0460991, 0.222877, -0.024892, -0.974529, 0.00268782  
89, 40.8454, 1137.86, 184.435, 0.970942, 0.0976602, 0.218482, 0.0900436, -0.99494, 0.0445751, 0.22173, -0.0236068, -0.974822, 0.0029688  
90, 40.8575, 1137.81, 184.452, 0.971332, 0.0997636, 0.215783, 0.0925916, -0.99477, 0.0431208, 0.218956, -0.021905, -0.975489, 0.00289724  
91, 40.8405, 1137.85, 184.419, 0.970581, 0.0987733, 0.219583, 0.0910064, -0.994822, 0.0452349, 0.222914, -0.0239206, -0.974544, 0.00294356  
92, 40.8557, 1137.82, 184.42, 0.970557, 0.100235, 0.219025, 0.0921381, -0.994641, 0.0469027, 0.222553, -0.0253412, -0.974591, 0.00329944  
93, 40.8683, 1137.82, 184.41, 0.970786, 0.0991369, 0.21851, 0.0911839, -0.994761, 0.0462109, 0.221947, -0.0249363, -0.97474, 0.00273608  
94, 40.8835, 1137.82, 184.427, 0.97085, 0.0997136, 0.217962, 0.0919202, -0.99472, 0.0456337, 0.221362, -0.0242684, -0.97489, 0.00274745  
95, 40.8715, 1137.79, 184.43, 0.970799, 0.10086, 0.217662, 0.0928802, -0.994586, 0.0466135, 0.221185, -0.0250358, -0.974911, 0.0026279  
96, 40.9103, 1137.82, 184.405, 0.97063, 0.0989852, 0.219268, 0.0909646, -0.994772, 0.0464034, 0.222715, -0.025095, -0.974561, 0.00268005  
97, 40.9073, 1137.78, 184.424, 0.970854, 0.100018, 0.217805, 0.092022, -0.994667, 0.0465756, 0.221302, -0.0251753, -0.97488, 0.0028168  
98, 40.931, 1137.84, 184.393, 0.970982, 0.0993518, 0.217539, 0.0916178, -0.99476, 0.0453799, 0.220907, -0.0241327, -0.974996, 0.00263928  
99, 40.8819, 1137.76, 184.452, 0.971015, 0.10081, 0.216718, 0.0929732, -0.994602, 0.0460825, 0.220193, -0.0245978, -0.975146, 0.00294939  
100, 40.857, 1137.8, 184.47, 0.971188, 0.0994366, 0.216579, 0.0918894, -0.994767, 0.0446693, 0.219887, -0.023481, -0.975243, 0.00276243  
101, 40.8509, 1137.76, 184.486, 0.971276, 0.101574, 0.215189, 0.0939019, -0.994536, 0.04561, 0.218646, -0.0240933, -0.975507, 0.00265453  
102, 40.8809, 1137.82, 184.44, 0.970884, 0.0992437, 0.218023, 0.0913784, -0.994758, 0.0458923, 0.221435, -0.0246335, -0.974864, 0.00268671  
103, 40.8945, 1137.79, 184.438, 0.970782, 0.100139, 0.21807, 0.0919369, -0.994633, 0.0474666, 0.221653, -0.026031, -0.974778, 0.00277464  
104, 40.8617, 1137.83, 184.446, 0.970635, 0.0987588, 0.219351, 0.0904366, -0.99476, 0.0476876, 0.222911, -0.0264499, -0.97448, 0.00300764  
105, 40.8435, 1137.87, 184.44, 0.970721, 0.0992469, 0.218747, 0.0913482, -0.994758, 0.0459572, 0.222161, -0.0246295, -0.974699, 0.00294412  
106, 40.8565, 1137.82, 184.449, 0.970726, 0.100154, 0.218312, 0.0922249, -0.994664, 0.0462383, 0.221778, -0.024751, -0.974783, 0.00267173  
107, 40.8645, 1137.8, 184.461, 0.970976, 0.0998602, 0.217333, 0.0921612, -0.994713, 0.0453033, 0.220708, -0.0239588, -0.975046, 0.00282956  
108, 40.9078, 1137.84, 184.443, 0.970761, 0.0999027, 0.21827, 0.0921385, -0.994707, 0.0454914, 0.221659, -0.0240503, -0.974828, 0.00265952  
109, 40.8987, 1137.82, 184.423, 0.970776, 0.0987497, 0.218728, 0.0909602, -0.994818, 0.0454264, 0.22208, -0.0242033, -0.974728, 0.00308669  
110, 40.8542, 1137.84, 184.442, 0.97091, 0.0983722, 0.218306, 0.0906407, -0.994858, 0.0451776, 0.221628, -0.024076, -0.974834, 0.00295327  
111, 40.8265, 1137.79, 184.489, 0.971195, 0.0999773, 0.216299, 0.0924186, -0.994711, 0.0448092, 0.219635, -0.0235284, -0.975298, 0.00271278  
112, 40.8884, 1137.81, 184.425, 0.970741, 0.0997713, 0.218422, 0.0917169, -0.994688, 0.0467352, 0.221924, -0.0253348, -0.974735, 0.00287338  
113, 40.8579, 1137.86, 184.419, 0.971037, 0.0981737, 0.21783, 0.0907118, -0.994904, 0.0440201, 0.221041, -0.0229853, -0.974994, 0.00265841  
114, 40.9078, 1137.85, 184.427, 0.970743, 0.0985315, 0.218975, 0.0905829, -0.994823, 0.0460723, 0.222381, -0.0248889, -0.974642, 0.00309335  
115, 40.9001, 1137.86, 184.401, 0.970747, 0.0984058, 0.219015, 0.0906526, -0.994856, 0.0451973, 0.222336, -0.0240209, -0.974674, 0.00299515  
116, 40.8776, 1137.82, 184.424, 0.971201, 0.0990088, 0.216717, 0.0914597, -0.994809, 0.044616, 0.22001, -0.0235102, -0.975214, 0.00274274  
117, 40.9096, 1137.78, 184.43, 0.970826, 0.0991855, 0.218311, 0.091367, -0.994771, 0.0456477, 0.221697, -0.0243695, -0.974811, 0.00285119  
118, 40.9233, 1137.82, 184.396, 0.970813, 0.0989534, 0.218472, 0.0912986, -0.994811, 0.0448852, 0.22178, -0.023629, -0.97481, 0.0026709  
119, 40.8634, 1137.88, 184.405, 0.971067, 0.0973005, 0.218085, 0.0898389, -0.994988, 0.043897, 0.221263, -0.0230344, -0.974942, 0.00279294  
120, 40.8553, 1137.82, 184.465, 0.970886, 0.0991519, 0.218057, 0.0913742, -0.994777, 0.0454927, 0.221429, -0.0242434, -0.974875, 0.0031  
121, 40.8762, 1137.8, 184.448, 0.971134, 0.0987145, 0.217151, 0.0907172, -0.99479, 0.0465191, 0.220611, -0.025477, -0.975029, 0.00274551  
122, 40.8889, 1137.81, 184.416, 0.971113, 0.0981217, 0.217513, 0.0904942, -0.99489, 0.0447796, 0.220795, -0.0238024, -0.97503, 0.0029308  
123, 40.873, 1137.78, 184.461, 0.971283, 0.0989528, 0.216373, 0.0913432, -0.994806, 0.0449166, 0.219694, -0.0238625, -0.975277, 0.00264815  
124, 40.8929, 1137.83, 184.388, 0.970851, 0.098476, 0.218519, 0.0908171, -0.994857, 0.044846, 0.221811, -0.0236936, -0.974802, 0.00274579  
125, 40.8849, 1137.84, 184.445, 0.970807, 0.099538, 0.218233, 0.0920939, -0.994776, 0.0440472, 0.221477, -0.0226635, -0.974902, 0.00291499  
126, 40.9085, 1137.79, 184.419, 0.970668, 0.100014, 0.218635, 0.092068, -0.994678, 0.0462608, 0.222098, -0.0247746, -0.974709, 0.00274829  
127, 40.891, 1137.79, 184.448, 0.97113, 0.100494, 0.216349, 0.0928155, -0.994648, 0.0453915, 0.219753, -0.0240005, -0.97526, 0.00277464  
128, 40.8835, 1137.83, 184.431, 0.971157, 0.0986534, 0.217073, 0.0909932, -0.994833, 0.0450306, 0.220394, -0.0239796, -0.975116, 0.00262485  
129, 40.9283, 1137.85, 184.381, 0.970813, 0.0982059, 0.21881, 0.0904343, -0.994873, 0.0452794, 0.222135, -0.0241698, -0.974716, 0.00279516  
130, 40.8801, 1137.87, 184.386, 0.970869, 0.0966927, 0.219235, 0.0891295, -0.995041, 0.0441538, 0.222417, -0.0233272, -0.974672, 0.00296964  
131, 40.9102, 1137.85, 184.417, 0.970862, 0.0988368, 0.218309, 0.0910026, -0.994802, 0.0456791, 0.221689, -0.0244814, -0.97481, 0.00269891  
132, 40.8647, 1137.85, 184.43, 0.97071, 0.0984534, 0.219154, 0.0907145, -0.994854, 0.0451246, 0.222469, -0.0239224, -0.974646, 0.00278851  
133, 40.8937, 1137.82, 184.424, 0.970745, 0.0999556, 0.218321, 0.0920184, -0.994683, 0.046252, 0.221783, -0.0248093, -0.97478, 0.00269087  
134, 40.8937, 1137.82, 184.42, 0.970577, 0.0985375, 0.219704, 0.0905402, -0.99482, 0.0462025, 0.223119, -0.024951, -0.974472, 0.00290334  
135, 40.8496, 1137.83, 184.463, 0.97096, 0.0991661, 0.217724, 0.0914839, -0.994784, 0.0451109, 0.221062, -0.0238826, -0.974967, 0.00281208  
136, 40.9063, 1137.85, 184.412, 0.970844, 0.0985222, 0.218528, 0.09054, -0.994817, 0.0462704, 0.221954, -0.0251358, -0.974733, 0.00268171  
137, 40.922, 1137.82, 184.401, 0.970657, 0.0994199, 0.218952, 0.091356, -0.994724, 0.0466768, 0.222437, -0.0253046, -0.974619, 0.00271611  
138, 40.8598, 1137.83, 184.44, 0.970809, 0.0987093, 0.218601, 0.0908919, -0.994818, 0.0455586, 0.221965, -0.0243596, -0.97475, 0.00262485  
139, 40.8768, 1137.81, 184.461, 0.970955, 0.100056, 0.217335, 0.0922292, -0.99468, 0.0458892, 0.22077, -0.0245118, -0.975018, 0.00293413  
140, 40.8706, 1137.86, 184.436, 0.970841, 0.0990092, 0.218322, 0.0911531, -0.994783, 0.0457926, 0.221717, -0.0245567, -0.974802, 0.0030179  
141, 40.819, 1137.85, 184.444, 0.970911, 0.0986829, 0.21816, 0.0907624, -0.994807, 0.0460592, 0.221572, -0.0249187, -0.974826, 0.0027089  
142, 40.8808, 1137.84, 184.416, 0.970744, 0.099158, 0.218685, 0.0910929, -0.994748, 0.0466845, 0.222166, -0.025398, -0.974678, 0.00280737  
143, 40.8637, 1137.84, 184.43, 0.970873, 0.0985202, 0.218402, 0.0906223, -0.994826, 0.045914, 0.221796, -0.0247846, -0.974778, 0.00255773  
144, 40.8759, 1137.84, 184.43, 0.970979, 0.0977961, 0.218258, 0.0899311, -0.994899, 0.0457078, 0.221615, -0.0247531, -0.97482, 0.00294245  
145, 40.8805, 1137.8, 184.447, 0.970921, 0.0991376, 0.217909, 0.0911212, -0.994751, 0.0465595, 0.221381, -0.0253495, -0.974858, 0.00315992  
146, 40.8683, 1137.82, 184.429, 0.970847, 0.0987652, 0.218406, 0.0907687, -0.994792, 0.0463736, 0.221849, -0.0251973, -0.974756, 0.00272443  
147, 40.8777, 1137.83, 184.447, 0.970902, 0.0999087, 0.217641, 0.0918811, -0.994673, 0.0467234, 0.22115, -0.0253667, -0.97491, 0.00275189  
148, 40.8542, 1137.86, 184.461, 0.970823, 0.0972621, 0.219186, 0.0898078, -0.994998, 0.0437445, 0.222344, -0.0227836, -0.974702, 0.00269004  
149, 40.8695, 1137.83, 184.453, 0.97095, 0.0987686, 0.217946, 0.0911656, -0.994832, 0.0446944, 0.221234, -0.0235268, -0.974937, 0.00311582  
150, 40.8727, 1137.88, 184.431, 0.970619, 0.0983901, 0.219588, 0.0905077, -0.994847, 0.0456973, 0.222953, -0.0244802, -0.974522, 0.00287117  
151, 40.8129, 1137.84, 184.448, 0.970808, 0.0975921, 0.219107, 0.0902083, -0.994973, 0.0434792, 0.222249, -0.0224446, -0.974732, 0.00268726  
152, 40.9041, 1137.8, 184.478, 0.97093, 0.100751, 0.217129, 0.0929659, -0.994615, 0.0458028, 0.220574, -0.0242857, -0.975068, 0.00280543  
153, 40.8075, 1137.82, 184.488, 0.970945, 0.100819, 0.217028, 0.0930453, -0.994609, 0.0457722, 0.220473, -0.0242489, -0.975092, 0.00264122  
154, 40.8919, 1137.87, 184.403, 0.970753, 0.0990162, 0.218709, 0.0913951, -0.99481, 0.0447182, 0.222001, -0.0234214, -0.974765, 0.00300264  
155, 40.8815, 1137.93, 184.426, 0.970728, 0.0986056, 0.219008, 0.0911864, -0.994872, 0.0437554, 0.2222, -0.022504, -0.974741, 0.00288753  
156, 40.846, 1137.96, 184.408, 0.97137, 0.0982617, 0.216297, 0.0917436, -0.994979, 0.0399974, 0.219142, -0.0190083, -0.975508, 0.00277935  
157, 40.8811, 1138.03, 184.414, 0.971066, 0.0973063, 0.218088, 0.0908673, -0.995084, 0.0393867, 0.220849, -0.01843, -0.975134, 0.00279572  
158, 40.893, 1138.07, 184.4, 0.970782, 0.0976051, 0.219217, 0.0910529, -0.99505, 0.0398209, 0.222018, -0.0186971, -0.974863, 0.00271833  
159, 40.9155, 1138.12, 184.387, 0.97056, 0.0975436, 0.220222, 0.0910266, -0.995062, 0.0395742, 0.222995, -0.0183631, -0.974647, 0.0029738  
160, 83.8292, 1139.48, 166.316, -0.878752, 0.0189134, 0.476903, 0.010043, -0.998261, 0.0580953, 0.477172, 0.0558409, 0.877034, 0.00316186  
161, 83.7989, 1139.43, 166.462, -0.879355, 0.0160196, 0.475897, 0.0124529, -0.998318, 0.0566154, 0.476004, 0.0557114, 0.877677, 0.00274274  
162, 83.6092, 1139.41, 166.652, -0.880123, 0.0128395, 0.474572, 0.0143535, -0.998458, 0.0536326, 0.474529, 0.0540151, 0.878581, 0.00290362  
163, 82.4819, 1139.17, 166.918, -0.884572, 0.0343299, 0.465139, -0.00184415, -0.997537, 0.0701168, 0.4664, 0.0611656, 0.882457, 0.00273553  
164, 82.615, 1139.24, 166.877, -0.884177, 0.0346324, 0.465867, -0.00145361, -0.997447, 0.0713912, 0.46715, 0.0624453, 0.88197, 0.00282789  
165, 82.1898, 1138.42, 166.664, -0.890106, 0.0440907, 0.453615, -0.018515, -0.997986, 0.0606717, 0.455377, 0.0456056, 0.88913, 0.00289724  
166, 82.135, 1138.46, 166.697, -0.8908, 0.0431167, 0.452344, -0.0178651, -0.998042, 0.0599499, 0.454043, 0.0453223, 0.889826, 0.00279211  
167, 82.1289, 1138.53, 166.722, -0.890818, 0.0439328, 0.452231, -0.0177243, -0.997917, 0.0620306, 0.454014, 0.0472425, 0.889741, 0.00294328  
168, 82.089, 1138.6, 166.755, -0.891234, 0.0443786, 0.451367, -0.0180431, -0.997883, 0.0624858, 0.453184, 0.0475455, 0.890148, 0.00276853  
169, 82.226, 1138.75, 166.807, -0.890949, 0.0452671, 0.451842, -0.0174447, -0.997696, 0.065555, 0.453769, 0.0505239, 0.889686, 0.00276021  
170, 82.1605, 1138.8, 166.902, -0.890754, 0.0446386, 0.452289, -0.0165847, -0.997695, 0.0658048, 0.454184, 0.0511148, 0.88944, 0.00299904  
171, 82.1061, 1138.78, 166.946, -0.891213, 0.0459293, 0.451254, -0.0179201, -0.997649, 0.0661505, 0.453231, 0.0508676, 0.88994, 0.00275966  
172, 82.0954, 1138.77, 167.014, -0.89073, 0.045968, 0.452203, -0.0178974, -0.997648, 0.0661609, 0.454181, 0.0508382, 0.889458, 0.00289863  
173, 82.1225, 1138.75, 166.999, -0.891419, 0.0462527, 0.450813, -0.0175013, -0.997549, 0.0677407, 0.452842, 0.0524955, 0.890044, 0.00274496  
174, 82.1253, 1138.84, 167.053, -0.890872, 0.0464176, 0.451877, -0.0167675, -0.997448, 0.0694026, 0.453946, 0.0542519, 0.889376, 0.00283205  
175, 82.1445, 1138.88, 167.096, -0.890963, 0.0468638, 0.451651, -0.0169316, -0.997397, 0.0700904, 0.45376, 0.0548008, 0.889437, 0.00301956  
176, 82.6177, 1139.65, 167.383, -0.884904, 0.0403569, 0.464023, -0.00319033, -0.996741, 0.0806043, 0.465763, 0.0698466, 0.882149, 0.00275023  
177, 82.0964, 1138.89, 167.133, -0.891928, 0.0469282, 0.449736, -0.0174032, -0.997426, 0.0695628, 0.451843, 0.0542182, 0.890448, 0.0029541  
178, 82.0164, 1138.9, 167.206, -0.892439, 0.0479374, 0.448614, -0.0170272, -0.99721, 0.0726859, 0.450846, 0.0572291, 0.890765, 0.00275439  
179, 82.0794, 1138.93, 167.315, -0.891884, 0.046429, 0.449874, -0.0165164, -0.997397, 0.0701915, 0.451962, 0.0551724, 0.890329, 0.00301735  
180, 82.1213, 1138.99, 167.269, -0.892729, 0.0473572, 0.448099, -0.0172419, -0.997324, 0.0710514, 0.450264, 0.0557035, 0.891156, 0.00307088  
181, 82.538, 1139.7, 167.628, -0.885797, 0.0410216, 0.462255, -0.00167228, -0.996361, 0.0852149, 0.464069, 0.0747101, 0.882643, 0.00267783  
182, 82.6778, 1139.64, 167.638, -0.886451, 0.0416747, 0.460942, -0.0027877, -0.9964, 0.0847255, 0.462814, 0.07382, 0.883376, 0.00291971  
183, 82.6487, 1139.63, 167.63, -0.885833, 0.0420771, 0.462092, -0.00189368, -0.996199, 0.0870815, 0.464, 0.0762646, 0.882546, 0.0026365  
184, 82.6027, 1139.61, 167.63, -0.88561, 0.0403213, 0.462676, -0.000391569, -0.996289, 0.086075, 0.46443, 0.0760477, 0.882339, 0.00276909  
185, 82.6133, 1139.48, 167.642, -0.886454, 0.0434784, 0.460771, -0.00149509, -0.995841, 0.0910914, 0.462815, 0.0800594, 0.882832, 0.00296603  
186, 82.7282, 1139.48, 167.734, -0.88697, 0.04118, 0.459988, -0.00163127, -0.99629, 0.0860464, 0.461825, 0.0755702, 0.883746, 0.00265287  
187, 83.6394, 1139.78, 167.382, -0.883461, 0.0356803, 0.467143, 0.00259149, -0.996708, 0.0810293, 0.468497, 0.0727969, 0.880461, 0.00296215  
188, 83.7287, 1139.74, 167.336, -0.883762, 0.0374032, 0.466439, 0.0010929, -0.996633, 0.0819895, 0.467935, 0.072969, 0.880745, 0.00272443  
189, 83.7365, 1139.65, 167.481, -0.884529, 0.0399332, 0.464772, -0.000719721, -0.996445, 0.0842447, 0.466484, 0.0741824, 0.881413, 0.00300542  
190, 83.7236, 1139.46, 167.491, -0.88441, 0.039554, 0.465032, -0.00167624, -0.996665, 0.081585, 0.466708, 0.0713751, 0.881527, 0.00299099  
191, 41.5789, 1139.48, 181.568, 0.210356, 0.731834, 0.648205, -0.766709, -0.287879, 0.573833, 0.606555, -0.617693, 0.500547, 0.00273691  
192, 41.4315, 1138.95, 181.784, 0.21983, 0.73816, 0.637805, -0.769555, -0.270596, 0.578413, 0.599549, -0.617978, 0.50857, 0.00291388  
193, 41.2278, 1138.54, 182.046, 0.233864, 0.738335, 0.632589, -0.769565, -0.257066, 0.58454, 0.594204, -0.623521, 0.508078, 0.00264566  
194, 41.08, 1138.18, 182.129, 0.237942, 0.743905, 0.624491, -0.773636, -0.243589, 0.584937, 0.587257, -0.62231, 0.517552, 0.00307116  
195, 41.0599, 1137.71, 182.283, 0.244922, 0.744841, 0.620665, -0.774323, -0.234977, 0.587546, 0.58347, -0.624498, 0.519196, 0.00305673  
196, 41.1231, 1137.32, 182.328, 0.249368, 0.746473, 0.616923, -0.774696, -0.228488, 0.589609, 0.581087, -0.624958, 0.521312, 0.00265925  
197, 41.4326, 1137.22, 182.112, 0.239132, 0.747323, 0.619939, -0.774102, -0.238694, 0.586338, 0.586159, -0.620108, 0.521425, 0.0029039  
198, 41.296, 1136.58, 182.375, 0.253306, 0.746319, 0.615503, -0.77433, -0.224961, 0.591444, 0.57987, -0.626419, 0.520913, 0.00269115  
199, 41.4506, 1136.51, 182.149, 0.2447, 0.745813, 0.619585, -0.773339, -0.235331, 0.588699, 0.584866, -0.623204, 0.519181, 0.0028806  
200, 41.6019, 1135.94, 182.261, 0.252059, 0.745944, 0.616469, -0.773105, -0.227933, 0.591908, 0.582044, -0.625791, 0.51924, 0.00299349  
201, 41.6154, 1135.1, 182.516, 0.264337, 0.748617, 0.608028, -0.774191, -0.211242, 0.596661, 0.575112, -0.62845, 0.523734, 0.00267755  
202, 41.8543, 1134.88, 182.412, 0.259391, 0.746375, 0.612895, -0.772586, -0.220433, 0.595416, 0.579506, -0.62796, 0.519461, 0.00281403  
203, 43.7175, 1135.93, 180.735, 0.977997, -0.0246988, 0.207153, 0.00521259, 0.99555, 0.0940901, -0.208555, -0.09094, 0.973773, 0.00268698  
204, 44.1695, 1133.13, 183.904, 0.970524, 0.104207, 0.217313, 0.12095, -0.990516, -0.0651871, 0.208459, 0.0895495, -0.973923, 0.00311498  
205, 44.3759, 1132.68, 183.882, 0.970401, 0.105719, 0.217128, 0.122432, -0.990347, -0.0649843, 0.208163, 0.0896444, -0.973978, 0.00295077  
206, 44.5378, 1132.14, 183.915, 0.970489, 0.107831, 0.215693, 0.125297, -0.989719, -0.0689693, 0.206038, 0.0939595, -0.974023, 0.00268837  
207, 44.6469, 1131.56, 183.95, 0.971104, 0.10491, 0.214364, 0.122894, -0.98978, -0.0723305, 0.204585, 0.0965844, -0.974072, 0.00276604  
208, 44.7799, 1131.14, 183.965, 0.971772, 0.105999, 0.210769, 0.124335, -0.989348, -0.0757017, 0.2005, 0.0997707, -0.9746, 0.00260488  
209, 45.0198, 1130.61, 184.089, 0.972258, 0.107322, 0.207837, 0.125415, -0.989197, -0.0758924, 0.197447, 0.0998529, -0.975215, 0.00268393  
210, 45.1598, 1130.03, 184.078, 0.972351, 0.10668, 0.207731, 0.125559, -0.988864, -0.0798908, 0.196895, 0.103764, -0.974918, 0.00302123  
211, 45.3819, 1129.52, 184.141, 0.97278, 0.10598, 0.206075, 0.125655, -0.988442, -0.0848188, 0.194704, 0.108404, -0.974853, 0.00270335  
212, 45.5416, 1128.96, 184.135, 0.973294, 0.105972, 0.203641, 0.125534, -0.988386, -0.0856425, 0.1922, 0.108919, -0.975293, 0.00279627  
213, 45.8296, 1128.21, 184.19, 0.973747, 0.106529, 0.20117, 0.125621, -0.988462, -0.084625, 0.189834, 0.107675, -0.975894, 0.00274024  
214, 46.0749, 1127.43, 184.197, 0.974543, 0.104449, 0.198382, 0.123494, -0.988598, -0.0861566, 0.187121, 0.108462, -0.976331, 0.00291693  
215, 46.3456, 1126.66, 184.214, 0.974765, 0.10606, 0.196427, 0.125133, -0.988287, -0.0873508, 0.184862, 0.109726, -0.97662, 0.00297685  
216, 46.6421, 1125.88, 184.202, 0.975599, 0.104599, 0.193042, 0.124227, -0.987932, -0.0925119, 0.181036, 0.114236, -0.976819, 0.0026942  
217, 47.0531, 1125.05, 184.098, 0.975635, 0.105055, 0.192614, 0.123772, -0.988415, -0.0878365, 0.181155, 0.109537, -0.977335, 0.00285952  
218, 47.2995, 1124.18, 184.177, 0.976149, 0.107267, 0.188753, 0.12654, -0.987576, -0.0931775, 0.176413, 0.11484, -0.977594, 0.00263872  
219, 47.7613, 1123.19, 184.122, 0.975728, 0.108565, 0.190178, 0.127025, -0.988015, -0.0876951, 0.178378, 0.109724, -0.977825, 0.00278601  
220, 48.1755, 1122.14, 184.105, 0.976479, 0.108691, 0.186211, 0.126737, -0.988035, -0.0878889, 0.17443, 0.109422, -0.978571, 0.00299349  
221, 48.4821, 1121.08, 184.135, 0.976571, 0.110322, 0.184765, 0.128287, -0.987803, -0.0882445, 0.172776, 0.10988, -0.978813, 0.00275966  
222, 48.7895, 1119.94, 184.021, 0.976311, 0.108849, 0.187001, 0.126157, -0.98851, -0.0832605, 0.17579, 0.10488, -0.978825, 0.00284925  
223, 49.0513, 1118.58, 184.175, 0.97727, 0.1086, 0.182068, 0.126587, -0.987842, -0.0902416, 0.170054, 0.111238, -0.979136, 0.00266979  
224, 49.2563, 1117.31, 184.167, 0.977207, 0.109868, 0.181645, 0.126809, -0.988329, -0.0844146, 0.170251, 0.105525, -0.979734, 0.00299765  
225, 49.3874, 1116.06, 184.2, 0.977679, 0.110222, 0.17887, 0.127572, -0.987869, -0.0885511, 0.16694, 0.109393, -0.97988, 0.00292415  
226, 49.5555, 1114.68, 184.141, 0.977926, 0.110859, 0.177117, 0.127606, -0.98808, -0.0861133, 0.165459, 0.106814, -0.980415, 0.00266979  
227, 49.7423, 1113.2, 184.174, 0.977957, 0.110702, 0.177047, 0.127247, -0.988225, -0.0849704, 0.165556, 0.105626, -0.980528, 0.00283733  
228, 49.7761, 1111.78, 184.279, 0.97783, 0.11094, 0.177598, 0.127659, -0.988115, -0.0856288, 0.165988, 0.106402, -0.980371, 0.00274385  
229, 49.8674, 1110.4, 184.181, 0.977476, 0.113948, 0.177641, 0.129312, -0.988577, -0.0774192, 0.16679, 0.0986466, -0.981045, 0.00287865  
230, 49.8939, 1108.83, 184.096, 0.97785, 0.115307, 0.17468, 0.130429, -0.988409, -0.0776849, 0.163697, 0.0987475, -0.981556, 0.00318044  
231, 49.8211, 1107.19, 184.095, 0.978075, 0.114447, 0.173984, 0.129206, -0.988703, -0.0759804, 0.163322, 0.0967943, -0.981813, 0.00274718  
232, 49.8467, 1105.55, 184.082, 0.978097, 0.115012, 0.173487, 0.129708, -0.988646, -0.0758609, 0.162792, 0.0967019, -0.98191, 0.00287089  
233, 49.9212, 1103.95, 183.991, 0.977134, 0.116625, 0.177787, 0.130884, -0.988876, -0.0706701, 0.167567, 0.0923237, -0.981528, 0.00263678  
234, 49.88, 1102.36, 184.043, 0.976576, 0.116426, 0.180956, 0.130603, -0.989067, -0.0684742, 0.171005, 0.0905037, -0.981105, 0.00280099  
235, 49.8293, 1100.77, 183.925, 0.975719, 0.116863, 0.185242, 0.13019, -0.989583, -0.0614482, 0.176132, 0.0840729, -0.98077, 0.00296326  
236, 49.7912, 1098.88, 183.919, 0.976268, 0.113671, 0.184336, 0.125881, -0.990468, -0.0559115, 0.176224, 0.0777892, -0.981272, 0.00278268  
237, 49.5446, 1097.04, 183.957, 0.976766, 0.115056, 0.180804, 0.127677, -0.990015, -0.059747, 0.172124, 0.0814433, -0.981703, 0.00286534  
238, 49.3038, 1094.96, 183.846, 0.976924, 0.11597, 0.179363, 0.126997, -0.990579, -0.0512283, 0.171732, 0.0728247, -0.982448, 0.00272471  
239, 49.1547, 1092.94, 183.996, 0.97616, 0.117701, 0.18237, 0.12969, -0.990015, -0.0552321, 0.174049, 0.0775671, -0.981677, 0.00301402  
240, 48.9617, 1091.08, 184.062, 0.975152, 0.121101, 0.185509, 0.130742, -0.990585, -0.0406036, 0.178845, 0.0638485, -0.981803, 0.00308087  
241, 48.7755, 1089, 184.053, 0.974278, 0.11809, 0.19193, 0.128409, -0.990823, -0.0422052, 0.185184, 0.0657651, -0.980501, 0.00280626  
242, 48.4767, 1086.99, 184.061, 0.974288, 0.118589, 0.191572, 0.12854, -0.990884, -0.0403335, 0.185043, 0.0639211, -0.980649, 0.00285924  
243, 48.1255, 1084.92, 183.992, 0.973664, 0.118402, 0.19483, 0.127139, -0.991338, -0.0329228, 0.189245, 0.0568264, -0.980284, 0.00278324  
244, 47.6726, 1082.97, 183.928, 0.972992, 0.118908, 0.197859, 0.126114, -0.991721, -0.0241805, 0.193346, 0.0484803, -0.979932, 0.00307892  
245, 47.3123, 1080.82, 183.927, 0.971924, 0.118728, 0.203144, 0.125276, -0.991928, -0.0196384, 0.199173, 0.0445362, -0.978952, 0.0030032  
246, 46.9119, 1078.59, 183.86, 0.971492, 0.116999, 0.206188, 0.1219, -0.992479, -0.0111841, 0.203329, 0.0359996, -0.978448, 0.00281513  
247, 46.4629, 1076.61, 183.851, 0.970563, 0.118487, 0.209687, 0.122772, -0.992407, -0.0074905, 0.207207, 0.0330137, -0.97774, 0.00286451  
248, 46.0548, 1074.47, 183.823, 0.969755, 0.120687, 0.212155, 0.12401, -0.992278, -0.00237939, 0.21023, 0.0286169, -0.977233, 0.0028021  
249, 45.5516, 1072.33, 183.814, 0.969328, 0.121007, 0.213916, 0.123417, -0.992353, 0.00210328, 0.212534, 0.024362, -0.97685, 0.00374436  
250, 44.9649, 1070, 183.872, 0.968837, 0.119889, 0.216754, 0.121655, -0.992559, 0.00522791, 0.215768, 0.0213043, -0.976212, 0.00289197  
251, 44.4236, 1067.68, 183.868, 0.968674, 0.118223, 0.218391, 0.119469, -0.992809, 0.00753685, 0.217712, 0.0187903, -0.975832, 0.00277935  
252, 43.8908, 1065.44, 183.803, 0.968549, 0.118848, 0.218606, 0.119104, -0.992809, 0.0120534, 0.218467, 0.0143627, -0.975739, 0.00299294  
253, 43.0466, 1061.13, 184.122, 0.964818, 0.126127, 0.230691, 0.1249, -0.991968, 0.0199792, 0.231358, 0.009537, -0.972822, 0.00282484  
254, 42.5831, 1058.87, 184.203, 0.963172, 0.1275, 0.236735, 0.125315, -0.991819, 0.0243153, 0.237899, 0.0062467, -0.97127, 0.00270224  
255, 42.0461, 1056.73, 184.196, 0.964154, 0.12897, 0.231893, 0.127022, -0.991624, 0.023376, 0.232966, 0.00691748, -0.97246, 0.00268865  
256, 41.6356, 1054.27, 184.059, 0.963957, 0.124912, 0.234915, 0.119562, -0.992139, 0.0369393, 0.237682, -0.00752112, -0.971314, 0.00288393  
257, 41.0931, 1052.13, 184.084, 0.963622, 0.12588, 0.23577, 0.120259, -0.99201, 0.038131, 0.238686, -0.00839047, -0.971061, 0.00270391  
258, 40.7256, 1049.82, 183.931, 0.962226, 0.126425, 0.241117, 0.116783, -0.991692, 0.0539287, 0.245932, -0.0237332, -0.968996, 0.00305424  
259, 40.4327, 1047.71, 184.006, 0.961555, 0.129914, 0.241937, 0.121152, -0.991332, 0.0508163, 0.246442, -0.0195516, -0.96896, 0.00302012  
260, 40.1367, 1045.46, 184.042, 0.960275, 0.12881, 0.247549, 0.11807, -0.991321, 0.0578165, 0.252847, -0.0262917, -0.967149, 0.00275494  
261, 39.6624, 1043.3, 184.078, 0.959251, 0.121732, 0.25499, 0.109785, -0.992105, 0.0606297, 0.260357, -0.0301651, -0.965041, 0.00295105  
262, 39.3623, 1041.19, 184.057, 0.960449, 0.120247, 0.251153, 0.109101, -0.992343, 0.0578949, 0.256192, -0.0282042, -0.966214, 0.00279073  
263, 39.0619, 1038.88, 184.153, 0.961378, 0.120415, 0.247492, 0.109195, -0.99229, 0.0586227, 0.252643, -0.0293337, -0.967115, 0.00296187  
264, 38.7252, 1036.74, 184.089, 0.959997, 0.122376, 0.251851, 0.106542, -0.991428, 0.0756297, 0.258948, -0.0457716, -0.964806, 0.0031871  
265, 38.4871, 1034.63, 184.078, 0.959462, 0.125199, 0.252503, 0.107915, -0.990836, 0.0812334, 0.26036, -0.0506914, -0.96418, 0.0026709  
266, 38.4364, 1032.64, 184.103, 0.959065, 0.125827, 0.253696, 0.108309, -0.990735, 0.0819333, 0.261655, -0.0511017, -0.963808, 0.00286784  
267, 38.3555, 1030.45, 184.163, 0.959217, 0.126499, 0.252785, 0.10753, -0.990339, 0.0875564, 0.261419, -0.0568038, -0.963553, 0.00265314  
268, 38.2571, 1028.29, 184.16, 0.958718, 0.123398, 0.25619, 0.104387, -0.990761, 0.086575, 0.264506, -0.056258, -0.962742, 0.00306783  
269, 38.2045, 1026.18, 184.292, 0.959201, 0.122684, 0.254721, 0.102696, -0.990597, 0.090391, 0.263416, -0.0605443, -0.962781, 0.00322399  
270, 23.171, 1025.39, 184.687, -0.979814, -0.119903, -0.159962, -0.124525, 0.992032, 0.0191484, 0.156392, 0.038681, -0.986937, 0.0027261  
271, 23.2852, 1023.35, 184.554, -0.980435, -0.118863, -0.156901, -0.123791, 0.992065, 0.0219873, 0.153042, 0.0409801, -0.98737, 0.00291971  
272, 23.2066, 1021.53, 184.678, -0.980607, -0.119586, -0.155272, -0.125135, 0.991788, 0.0264311, 0.150836, 0.0453484, -0.987518, 0.00271389  
273, 37.356, 1018.64, 184.501, 0.958711, 0.106024, 0.263878, 0.0837903, -0.992024, 0.0941652, 0.271758, -0.0681668, -0.959948, 0.00306228  
274, 37.197, 1016.77, 184.627, 0.959225, 0.106315, 0.261885, 0.0849959, -0.992175, 0.0914612, 0.269559, -0.0654728, -0.960756, 0.00305174  
275, 37.2337, 1014.87, 184.56, 0.958161, 0.106095, 0.265842, 0.0824204, -0.991697, 0.0987128, 0.274107, -0.0726719, -0.958949, 0.00269669  
276, 35.8615, 1013.33, 185.118, 0.961566, 0.121433, 0.246263, 0.101134, -0.990468, 0.0935103, 0.255271, -0.0650107, -0.964682, 0.00290195  
277, 35.9833, 1011.29, 184.896, 0.960798, 0.11941, 0.250215, 0.0956361, -0.989847, 0.105152, 0.260231, -0.0770999, -0.962463, 0.00279378  
278, 35.9761, 1009.58, 185.162, 0.960254, 0.119775, 0.252123, 0.0987276, -0.990609, 0.0945826, 0.261084, -0.0659318, -0.963062, 0.00297269  
279, 34.8972, 1007.59, 186.237, 0.958101, 0.137343, 0.251356, 0.113791, -0.987831, 0.106022, 0.262858, -0.0729781, -0.96207, 0.00299044  
280, 34.6695, 1005.87, 186.311, 0.951231, 0.140138, 0.274812, 0.102719, -0.98391, 0.146187, 0.290877, -0.110829, -0.95032, 0.00273248  
281, 34.8962, 1003.95, 186.067, 0.94799, 0.138737, 0.286474, 0.0922664, -0.981144, 0.169836, 0.304635, -0.134571, -0.942915, 0.00281014  
282, 37.6035, 1007.05, 179.525, 0.999043, 0.0260313, 0.0351528, -0.0236244, 0.997458, -0.0672317, -0.0368135, 0.0663369, 0.997118, 0.00256216  
283, 37.7416, 1005.53, 179.539, 0.999343, 0.0269575, 0.0242421, -0.0251098, 0.996976, -0.0735376, -0.0261512, 0.0728805, 0.996998, 0.00295604  
284, 25.1968, 998.532, 182.252, -0.956541, 0.0910025, -0.277035, -0.0923093, -0.995695, -0.0083498, -0.276602, 0.017586, 0.960823, 0.00317129  
285, 25.0397, 997.047, 182.321, -0.95681, 0.0841131, -0.278279, -0.0876814, -0.996148, 0.000378267, -0.277176, 0.0247618, 0.9605, 0.00276604  
286, 24.8621, 995.533, 182.476, -0.956596, 0.0873053, -0.278031, -0.0909658, -0.995854, 0.000267097, -0.276855, 0.0255469, 0.960572, 0.00293857  
