0, 0, 0, 0, 0, 0, 0, 0, 0, 0, 0, 0, 0, 0.0061964  
1, 0, 0, 0, 0, 0, 0, 0, 0, 0, 0, 0, 0, 0.00264011  
2, 44.5431, 1158.8, 181.927, 0.976994, -0.0582749, 0.205148, 0.062819, 0.997901, -0.015702, -0.203803, 0.0282279, 0.978605, 0.00277602  
3, 44.6129, 1158.88, 182.011, 0.976859, -0.0584474, 0.205743, 0.0632249, 0.997859, -0.0167178, -0.204326, 0.0293391, 0.978463, 0.00283039  
4, 44.5266, 1158.84, 182.027, 0.976247, -0.0588248, 0.208521, 0.0630091, 0.997922, -0.0134754, -0.207295, 0.026294, 0.977925, 0.00265786  
5, 44.638, 1159, 181.998, 0.976911, -0.0590262, 0.205332, 0.0643323, 0.997743, -0.0192566, -0.203731, 0.0320214, 0.978503, 0.00274135  
6, 44.6414, 1158.83, 181.907, 0.977174, -0.0581164, 0.204334, 0.0633661, 0.997805, -0.0192373, -0.202768, 0.0317461, 0.978712, 0.00292331  
7, 44.5951, 1158.8, 181.957, 0.976524, -0.0584293, 0.207331, 0.0629528, 0.997899, -0.015282, -0.206003, 0.0279753, 0.978151, 0.00273469  
8, 44.6015, 1158.84, 181.981, 0.976511, -0.0590093, 0.20723, 0.0642744, 0.997756, -0.0187608, -0.205658, 0.0316398, 0.978112, 0.00282845  
9, 44.6784, 1158.94, 181.978, 0.977287, -0.0573018, 0.204027, 0.0630043, 0.99778, -0.0215595, -0.202339, 0.0339244, 0.978728, 0.00276715  
10, 44.5876, 1158.78, 181.992, 0.976375, -0.0600505, 0.20757, 0.0640014, 0.997873, -0.012365, -0.206386, 0.0253577, 0.978142, 0.00278795  
11, 44.6726, 1158.78, 181.963, 0.976438, -0.0601415, 0.207249, 0.0649404, 0.997754, -0.0164241, -0.205796, 0.029496, 0.97815, 0.00288559  
12, 44.6196, 1158.76, 181.931, 0.976472, -0.0599845, 0.207136, 0.0648937, 0.997748, -0.0169817, -0.20565, 0.0300239, 0.978165, 0.00280182  
13, 44.5782, 1158.79, 181.937, 0.977036, -0.0594771, 0.204604, 0.0648109, 0.997708, -0.0194612, -0.202977, 0.0322748, 0.978651, 0.00281014  
14, 44.5421, 1158.68, 181.912, 0.97646, -0.0597237, 0.207264, 0.0638455, 0.997872, -0.0132486, -0.206031, 0.0261696, 0.978195, 0.00265869  
15, 44.6576, 1158.75, 182.006, 0.976705, -0.0575135, 0.206738, 0.0631274, 0.997792, -0.0206556, -0.205093, 0.0332253, 0.978178, 0.00275411  
16, 44.6009, 1158.63, 181.902, 0.976841, -0.0590629, 0.205654, 0.0635985, 0.997855, -0.0155085, -0.204297, 0.0282286, 0.978502, 0.00294966  
17, 44.5929, 1158.63, 181.929, 0.976627, -0.0591934, 0.20663, 0.063537, 0.997875, -0.0144426, -0.205336, 0.0272337, 0.978313, 0.00284038  
18, 44.6098, 1158.53, 181.967, 0.976171, -0.0598392, 0.208589, 0.0638168, 0.997885, -0.0123856, -0.207406, 0.0254019, 0.977925, 0.00283622  
19, 44.6033, 1158.63, 181.968, 0.976711, -0.0573836, 0.206743, 0.0625248, 0.997874, -0.0184145, -0.205246, 0.0309121, 0.978222, 0.00283122  
20, 44.6319, 1158.63, 181.978, 0.97693, -0.0566299, 0.205917, 0.0618838, 0.997899, -0.0191593, -0.204399, 0.0314602, 0.978382, 0.00283233  
21, 44.6476, 1158.72, 181.988, 0.977152, -0.0568618, 0.204792, 0.062666, 0.997793, -0.0219633, -0.203092, 0.0342951, 0.978559, 0.00291305  
22, 44.6378, 1158.61, 182.058, 0.976189, -0.056626, 0.209399, 0.0614752, 0.997969, -0.0167164, -0.208027, 0.0291912, 0.977687, 0.00281403  
23, 44.6759, 1158.52, 181.953, 0.976857, -0.0566275, 0.20626, 0.0616135, 0.997941, -0.0178254, -0.204826, 0.0301213, 0.978335, 0.00289585  
24, 44.666, 1158.52, 181.935, 0.977042, -0.0571876, 0.205229, 0.0620861, 0.997917, -0.0175038, -0.203801, 0.0298438, 0.978557, 0.00276521  
25, 44.6438, 1158.51, 181.936, 0.976923, -0.0563097, 0.206035, 0.0614144, 0.997942, -0.0184599, -0.204571, 0.0306874, 0.978371, 0.00284537  
26, 44.6371, 1158.45, 181.931, 0.976785, -0.0570196, 0.206496, 0.0621436, 0.997897, -0.0184079, -0.205012, 0.030813, 0.978274, 0.00297019  
27, 44.6381, 1158.43, 181.895, 0.976755, -0.0572445, 0.206572, 0.0624094, 0.997878, -0.0185683, -0.205071, 0.0310287, 0.978255, 0.00281042  
28, 44.5969, 1158.42, 181.899, 0.976975, -0.058039, 0.205308, 0.0628681, 0.997876, -0.0170714, -0.203881, 0.0295856, 0.978549, 0.00284537  
29, 44.6095, 1158.45, 181.967, 0.976734, -0.0576408, 0.206565, 0.0628262, 0.997851, -0.0186262, -0.205047, 0.0311705, 0.978256, 0.0028082  
30, 44.6602, 1158.43, 181.934, 0.977093, -0.0568357, 0.205082, 0.0625455, 0.997811, -0.0214622, -0.203413, 0.0337975, 0.978509, 0.0028548  
31, 44.62, 1158.44, 181.981, 0.97636, -0.060537, 0.207502, 0.0653112, 0.997733, -0.0162286, -0.206049, 0.0293972, 0.9781, 0.00289003  
32, 44.6253, 1158.46, 182.004, 0.977074, -0.0569455, 0.205142, 0.062545, 0.997823, -0.0209101, -0.203505, 0.0332614, 0.978509, 0.0028082  
33, 44.6752, 1158.39, 181.921, 0.976912, -0.0583739, 0.205512, 0.0638172, 0.997762, -0.019953, -0.203887, 0.0326075, 0.978451, 0.00344368  
34, 44.7534, 1158.52, 181.96, 0.976811, -0.0570828, 0.206354, 0.0625156, 0.997846, -0.0198985, -0.204773, 0.0323374, 0.978275, 0.00282179  
35, 44.7108, 1158.53, 181.985, 0.976957, -0.058189, 0.20535, 0.0639333, 0.997724, -0.0214442, -0.203635, 0.0340787, 0.978454, 0.0028229  
36, 44.6683, 1158.48, 181.975, 0.976358, -0.0599206, 0.20769, 0.0649798, 0.997731, -0.0176173, -0.206163, 0.0306964, 0.978036, 0.0029394  
37, 44.7346, 1158.46, 181.942, 0.976838, -0.0580788, 0.20595, 0.0633465, 0.997809, -0.019071, -0.204391, 0.0316755, 0.978377, 0.00277686  
38, 44.6907, 1158.39, 181.933, 0.977065, -0.0575278, 0.205026, 0.0627624, 0.997845, -0.019115, -0.203484, 0.0315445, 0.97857, 0.00288004  
39, 44.6421, 1158.53, 182.008, 0.976349, -0.0595119, 0.20785, 0.0648011, 0.997722, -0.0187254, -0.206263, 0.0317515, 0.977981, 0.00279738  
40, 44.7222, 1158.49, 181.912, 0.977301, -0.0584785, 0.203623, 0.0642774, 0.99769, -0.021977, -0.201868, 0.0345666, 0.978803, 0.00297768  
41, 44.6276, 1158.42, 181.953, 0.976498, -0.0598423, 0.207052, 0.0645533, 0.997785, -0.0160655, -0.205632, 0.0290539, 0.978198, 0.0029971  
42, 44.7008, 1158.62, 182.043, 0.976202, -0.0587622, 0.208752, 0.0642886, 0.997735, -0.0197816, -0.207116, 0.0327312, 0.977769, 0.00278573  
43, 44.588, 1158.5, 181.913, 0.977007, -0.0589168, 0.204904, 0.0637319, 0.997823, -0.0169738, -0.203457, 0.0296424, 0.978635, 0.00296104  
44, 44.7199, 1158.54, 182.014, 0.976677, -0.0570335, 0.206999, 0.0624042, 0.99786, -0.0195041, -0.205443, 0.0319668, 0.978147, 0.00268698  
45, 44.6931, 1158.64, 181.945, 0.977559, -0.058022, 0.202512, 0.063989, 0.997685, -0.0230373, -0.200707, 0.0354789, 0.979009, 0.00279988  
46, 44.6715, 1158.64, 181.964, 0.977287, -0.0607191, 0.203036, 0.0663847, 0.997569, -0.0212055, -0.201254, 0.0342023, 0.978942, 0.00311582  
47, 44.7369, 1158.63, 181.98, 0.977069, -0.0573769, 0.205046, 0.0631993, 0.997759, -0.0219549, -0.203327, 0.0344102, 0.978506, 0.00299266  
48, 44.6885, 1158.68, 182.081, 0.97626, -0.0569674, 0.208978, 0.0620218, 0.997918, -0.0177083, -0.207534, 0.0302491, 0.97776, 0.00289003  
49, 44.6689, 1158.7, 182.103, 0.976331, -0.056711, 0.208715, 0.0615057, 0.99797, -0.0165487, -0.207353, 0.0289942, 0.977836, 0.00291915  
50, 44.6775, 1158.67, 181.984, 0.976897, -0.058372, 0.205582, 0.06392, 0.997746, -0.020444, -0.203925, 0.0331125, 0.978426, 0.00300653  
51, 44.6192, 1158.66, 181.96, 0.976981, -0.0578746, 0.205324, 0.0629234, 0.997853, -0.0181403, -0.203834, 0.0306425, 0.978526, 0.00309113  
52, 44.6344, 1158.82, 181.977, 0.977231, -0.0586361, 0.203915, 0.0648071, 0.997616, -0.0237117, -0.202038, 0.036387, 0.978701, 0.00299876  
53, 44.6237, 1158.78, 182.036, 0.976516, -0.0565833, 0.20788, 0.0617371, 0.997923, -0.0183835, -0.206408, 0.0307857, 0.977982, 0.00281486  
54, 44.6036, 1158.8, 181.992, 0.977299, -0.0579692, 0.203782, 0.063672, 0.997739, -0.0215347, -0.202073, 0.034021, 0.978779, 0.0027064  
55, 44.575, 1158.78, 181.982, 0.977093, -0.0592962, 0.204385, 0.064368, 0.997759, -0.0182508, -0.202845, 0.0309886, 0.97872, 0.00300126  
56, 44.5472, 1158.72, 181.958, 0.976739, -0.060988, 0.205574, 0.0652371, 0.997772, -0.0139487, -0.204266, 0.0270354, 0.978542, 0.00299294  
57, 44.5555, 1158.72, 181.973, 0.976624, -0.0610405, 0.206105, 0.0656627, 0.997719, -0.0156546, -0.20468, 0.0288221, 0.978405, 0.00294994  
58, 44.5979, 1158.83, 181.941, 0.977331, -0.0590326, 0.20332, 0.0644832, 0.997713, -0.0202826, -0.201658, 0.0329336, 0.978902, 0.00335547  
59, 44.59, 1158.77, 182.011, 0.976521, -0.0600448, 0.206883, 0.0645829, 0.997796, -0.0152459, -0.205512, 0.028249, 0.978247, 0.00292137  
60, 44.5482, 1158.82, 182.019, 0.976525, -0.0596879, 0.206971, 0.0642181, 0.99782, -0.0152329, -0.205611, 0.0281666, 0.978228, 0.00273414  
61, 44.6123, 1158.78, 181.972, 0.976534, -0.0598657, 0.206875, 0.0642661, 0.997826, -0.0146102, -0.20555, 0.0275624, 0.978258, 0.00283649  
62, 44.5679, 1158.8, 182.002, 0.976717, -0.0603948, 0.205853, 0.0645761, 0.997819, -0.0136481, -0.20458, 0.0266235, 0.978488, 0.00276881  
63, 44.576, 1158.76, 181.919, 0.976803, -0.0604153, 0.205439, 0.0646698, 0.997808, -0.0140515, -0.20414, 0.0270112, 0.978569, 0.00277797  
64, 44.5665, 1158.77, 181.918, 0.977015, -0.060271, 0.204474, 0.064914, 0.997761, -0.0160698, -0.203047, 0.0289737, 0.97874, 0.00264649  
65, 44.5985, 1158.8, 181.902, 0.977239, -0.0604813, 0.203338, 0.0653598, 0.997711, -0.0173567, -0.201823, 0.0302517, 0.978955, 0.00273331  
66, 44.6308, 1158.82, 182.04, 0.976472, -0.0589345, 0.207436, 0.0635907, 0.99785, -0.0158447, -0.206056, 0.0286629, 0.97812, 0.0028756  
67, 44.6162, 1158.84, 181.934, 0.977242, -0.0596643, 0.203565, 0.0649314, 0.997703, -0.0192885, -0.201947, 0.0320673, 0.978871, 0.00270224  
68, 44.5792, 1158.77, 181.919, 0.977117, -0.0602285, 0.203995, 0.0648182, 0.997771, -0.0158866, -0.202583, 0.0287457, 0.978843, 0.0028107  
69, 44.6631, 1158.75, 181.956, 0.976814, -0.058105, 0.206055, 0.0629481, 0.997872, -0.0170212, -0.204627, 0.0295973, 0.978392, 0.00277159  
70, 44.6923, 1158.89, 181.999, 0.976471, -0.0578968, 0.20773, 0.0632764, 0.997809, -0.0193407, -0.206155, 0.0320301, 0.977995, 0.00280127  
71, 44.5609, 1158.64, 181.894, 0.97694, -0.0605712, 0.204741, 0.0652148, 0.997743, -0.0160028, -0.203309, 0.0289859, 0.978685, 0.00286007  
72, 44.6448, 1158.67, 181.906, 0.976969, -0.0588263, 0.20511, 0.0636669, 0.997825, -0.0170752, -0.20366, 0.0297407, 0.97859, 0.00274135  
73, 44.6168, 1158.64, 181.965, 0.976654, -0.0594883, 0.206415, 0.0643676, 0.997781, -0.0169976, -0.204946, 0.0298873, 0.978317, 0.00282373  
74, 44.5732, 1158.65, 181.99, 0.976319, -0.0596064, 0.207962, 0.0645535, 0.997768, -0.0170774, -0.20648, 0.0300976, 0.977988, 0.00272055  
75, 44.6213, 1158.62, 182.012, 0.976311, -0.0583449, 0.208358, 0.0633375, 0.997841, -0.0173648, -0.206895, 0.0301503, 0.977898, 0.00276881  
76, 44.6346, 1158.62, 182, 0.976427, -0.0570979, 0.20816, 0.0621634, 0.997906, -0.0178696, -0.206703, 0.0303882, 0.977932, 0.0028659  
77, 44.6576, 1158.72, 182.054, 0.976358, -0.0576863, 0.208322, 0.0630963, 0.997819, -0.0194128, -0.206748, 0.0320981, 0.977868, 0.00268754  
78, 44.6856, 1158.75, 182.09, 0.976445, -0.0568987, 0.208127, 0.0623933, 0.997853, -0.0199262, -0.206546, 0.0324426, 0.977899, 0.00279544  
79, 44.6795, 1158.68, 182.014, 0.976949, -0.0583412, 0.205348, 0.0639467, 0.997737, -0.020762, -0.203672, 0.0334148, 0.978469, 0.00266923  
80, 44.6568, 1158.53, 181.956, 0.977271, -0.0582836, 0.203824, 0.0636282, 0.997778, -0.0197617, -0.202219, 0.0322814, 0.978808, 0.00278962  
81, 44.6276, 1158.48, 182.026, 0.976183, -0.0580132, 0.209047, 0.062317, 0.997957, -0.014055, -0.207804, 0.0267474, 0.977805, 0.00284121  
82, 44.6288, 1158.47, 181.923, 0.976779, -0.0579207, 0.206269, 0.0627717, 0.997882, -0.0170461, -0.204845, 0.0295982, 0.978347, 0.00268754  
83, 44.6454, 1158.46, 181.953, 0.976515, -0.058118, 0.207464, 0.062995, 0.997869, -0.0169734, -0.206035, 0.029644, 0.978095, 0.00281708  
84, 44.6269, 1158.45, 181.916, 0.976865, -0.0590094, 0.205554, 0.0642714, 0.997751, -0.0190109, -0.20397, 0.0317823, 0.978461, 0.002715  
85, 44.6461, 1158.5, 181.962, 0.976961, -0.0569502, 0.205678, 0.0625752, 0.997821, -0.0209424, -0.204037, 0.0333302, 0.978396, 0.0027494  
86, 44.6535, 1158.48, 181.974, 0.97652, -0.0565465, 0.207872, 0.0614341, 0.997964, -0.0171271, -0.20648, 0.0294954, 0.978006, 0.00290778  
87, 44.6628, 1158.46, 181.913, 0.977291, -0.0577561, 0.203878, 0.0634696, 0.99775, -0.0215922, -0.202172, 0.0340419, 0.978758, 0.0027175  
88, 44.646, 1158.48, 182.013, 0.976286, -0.0571248, 0.208814, 0.0623011, 0.99789, -0.018291, -0.207328, 0.0308666, 0.977784, 0.00280182  
89, 44.6629, 1158.45, 181.955, 0.976977, -0.0575108, 0.205447, 0.0628798, 0.997827, -0.0196954, -0.203867, 0.0321603, 0.97847, 0.00284565  
90, 44.6673, 1158.53, 181.971, 0.977061, -0.05844, 0.204785, 0.0642766, 0.99769, -0.0219599, -0.203029, 0.0346191, 0.978561, 0.00276105  
91, 44.7271, 1158.47, 182.012, 0.97642, -0.0568964, 0.208247, 0.0621788, 0.997886, -0.0189032, -0.206731, 0.031406, 0.977894, 0.0028573  
92, 44.7399, 1158.56, 181.958, 0.977035, -0.0591204, 0.204711, 0.0649612, 0.997647, -0.0219245, -0.202933, 0.0347193, 0.978577, 0.00274745  
93, 44.6282, 1158.48, 181.983, 0.976874, -0.0574785, 0.205947, 0.0626163, 0.997866, -0.0185112, -0.204444, 0.0309787, 0.978388, 0.00280654  
94, 44.6768, 1158.48, 181.975, 0.976883, -0.0572776, 0.205959, 0.0628291, 0.997814, -0.0205102, -0.204334, 0.0329762, 0.978346, 0.00267145  
95, 44.6608, 1158.44, 181.935, 0.976887, -0.0583063, 0.205652, 0.0637305, 0.99777, -0.0198452, -0.204036, 0.0324928, 0.978424, 0.00278185  
96, 44.7355, 1158.5, 181.957, 0.976943, -0.0572285, 0.205688, 0.0625941, 0.997845, -0.019669, -0.204119, 0.0320904, 0.97842, 0.00292442  
97, 44.6916, 1158.48, 181.984, 0.976872, -0.0566021, 0.206195, 0.0618319, 0.997906, -0.0190028, -0.204688, 0.0313128, 0.978326, 0.00274357  
98, 44.607, 1158.49, 181.913, 0.977034, -0.0584189, 0.204921, 0.0635744, 0.997803, -0.0186597, -0.203381, 0.0312589, 0.978601, 0.00290944  
99, 44.7005, 1158.57, 182.091, 0.976495, -0.0558156, 0.208189, 0.0611197, 0.997947, -0.0191271, -0.206694, 0.031402, 0.977902, 0.00283566  
100, 44.6677, 1158.46, 181.977, 0.976233, -0.0580796, 0.208795, 0.0627978, 0.997897, -0.0160339, -0.207425, 0.0287647, 0.977828, 0.00281513  
101, 44.6477, 1158.57, 181.962, 0.977263, -0.0565574, 0.20435, 0.0618326, 0.997896, -0.0195173, -0.202816, 0.031709, 0.978703, 0.00293663  
102, 44.6273, 1158.6, 182.007, 0.976975, -0.0560506, 0.205862, 0.0617055, 0.99787, -0.0211476, -0.204238, 0.0333635, 0.978353, 0.00282401  
103, 44.7039, 1158.69, 181.946, 0.977331, -0.0589777, 0.203338, 0.0648666, 0.997642, -0.0224136, -0.201537, 0.0350954, 0.978852, 0.00286895  
104, 44.6214, 1158.58, 181.992, 0.976541, -0.0588823, 0.207126, 0.0634051, 0.997871, -0.0152596, -0.205787, 0.0280345, 0.978195, 0.00276493  
105, 44.6858, 1158.68, 182.053, 0.976568, -0.0576179, 0.207353, 0.0628794, 0.997843, -0.0188683, -0.205818, 0.0314644, 0.978084, 0.00286673  
106, 44.6943, 1158.65, 182.032, 0.976439, -0.0584804, 0.207718, 0.0639669, 0.997756, -0.0197892, -0.206095, 0.03261, 0.977989, 0.00304702  
107, 44.7084, 1158.7, 182.037, 0.976333, -0.0571973, 0.208574, 0.0622731, 0.9979, -0.0178451, -0.207115, 0.0304113, 0.977844, 0.00275883  
108, 44.6378, 1158.65, 182.03, 0.97628, -0.0595317, 0.208167, 0.0639593, 0.997846, -0.0145975, -0.20685, 0.0275654, 0.977984, 0.00302678  
109, 44.5761, 1158.63, 181.923, 0.976845, -0.0597125, 0.205446, 0.0646769, 0.997752, -0.0175278, -0.203938, 0.0304095, 0.978511, 0.00269503  
110, 44.637, 1158.7, 181.919, 0.977255, -0.059927, 0.203426, 0.0654266, 0.997649, -0.0204124, -0.201725, 0.0332576, 0.978877, 0.00296409  
111, 44.7068, 1158.82, 182.063, 0.976227, -0.0559795, 0.209398, 0.0612307, 0.997949, -0.018674, -0.207923, 0.0310516, 0.977652, 0.00292276  
112, 44.5895, 1158.69, 181.962, 0.976214, -0.061146, 0.208006, 0.0657961, 0.997713, -0.0155042, -0.206582, 0.0288215, 0.978005, 0.00277547  
113, 44.5865, 1158.74, 181.923, 0.977017, -0.0598301, 0.204594, 0.0641707, 0.997832, -0.0146412, -0.203274, 0.0274336, 0.978737, 0.00289502  
114, 44.6324, 1158.74, 181.979, 0.976222, -0.0591629, 0.208544, 0.0632675, 0.997911, -0.013061, -0.207336, 0.0259445, 0.977926, 0.00280404  
115, 44.5896, 1158.78, 181.957, 0.976285, -0.0591856, 0.208243, 0.0634112, 0.997894, -0.0136693, -0.206995, 0.0265501, 0.977982, 0.00288337  
116, 44.6497, 1158.78, 181.962, 0.976542, -0.059827, 0.20685, 0.0647358, 0.997757, -0.0170383, -0.205367, 0.0300293, 0.978224, 0.00295604  
117, 44.668, 1158.83, 181.998, 0.976643, -0.0592934, 0.206526, 0.0642069, 0.997789, -0.0171643, -0.205052, 0.0300238, 0.978291, 0.00284787  
118, 44.6092, 1158.82, 181.912, 0.976649, -0.0580665, 0.206845, 0.0629704, 0.997867, -0.0171978, -0.205405, 0.0298213, 0.978223, 0.00288337  
119, 44.6595, 1158.94, 181.917, 0.977071, -0.0601988, 0.204227, 0.0653845, 0.997684, -0.0187332, -0.202626, 0.031657, 0.978744, 0.00271139  
120, 44.6297, 1158.8, 181.945, 0.976427, -0.0589611, 0.207638, 0.063733, 0.997833, -0.0163617, -0.206223, 0.0292093, 0.978069, 0.00288809  
121, 44.5688, 1158.75, 181.909, 0.976476, -0.0596721, 0.207203, 0.0640903, 0.997836, -0.0146697, -0.20588, 0.0276043, 0.978188, 0.002948  
122, 44.5991, 1158.77, 181.959, 0.976593, -0.0603152, 0.206466, 0.0648859, 0.997773, -0.015432, -0.205075, 0.0284675, 0.978332, 0.00268948  
123, 44.6777, 1158.86, 182.042, 0.976258, -0.0578297, 0.20875, 0.0629708, 0.997852, -0.018061, -0.207258, 0.0307774, 0.977802, 0.00292165  
124, 44.6165, 1158.8, 181.962, 0.977195, -0.0596165, 0.203801, 0.0650759, 0.997676, -0.0201856, -0.202124, 0.0329878, 0.978804, 0.0027763  
125, 44.5969, 1158.78, 181.978, 0.976289, -0.0595504, 0.208118, 0.063907, 0.997854, -0.0142667, -0.206822, 0.0272286, 0.978, 0.00287727  
126, 44.6308, 1158.7, 181.939, 0.976303, -0.0583573, 0.20839, 0.0624577, 0.997961, -0.0131451, -0.207198, 0.0258492, 0.977958, 0.00299044  
127, 44.6541, 1158.78, 181.986, 0.976509, -0.0583595, 0.207423, 0.0631827, 0.997862, -0.0166992, -0.206005, 0.0294124, 0.978109, 0.00281819  
128, 44.6434, 1158.78, 181.947, 0.977355, -0.0580883, 0.203477, 0.0637429, 0.997738, -0.021342, -0.201777, 0.0338289, 0.978847, 0.00293053  
129, 44.6323, 1158.75, 181.93, 0.977129, -0.0578457, 0.204631, 0.063228, 0.997802, -0.0198569, -0.203032, 0.0323411, 0.978638, 0.00290334  
130, 44.5895, 1158.67, 181.905, 0.977141, -0.0590902, 0.204216, 0.0642498, 0.997758, -0.0187222, -0.202652, 0.0314151, 0.978747, 0.00290057  
131, 44.1667, 1158.17, 181.213, 0.981034, -0.0771129, 0.177837, 0.0789009, 0.996878, -0.00299338, -0.177051, 0.0169681, 0.984055, 0.00282595  
132, 44.1932, 1158.18, 181.192, 0.981039, -0.0773143, 0.177723, 0.0793382, 0.996838, -0.00429861, -0.176829, 0.0183173, 0.984071, 0.00275522  
133, 44.2397, 1158.21, 181.138, 0.981134, -0.0786951, 0.17659, 0.0810155, 0.996695, -0.00595773, -0.175537, 0.0201518, 0.984267, 0.00288282  
134, 44.1914, 1158.11, 181.165, 0.980764, -0.0769028, 0.17941, 0.0785328, 0.99691, -0.00199027, -0.178703, 0.0160416, 0.983772, 0.00268865  
135, 44.2896, 1158.13, 181.192, 0.981076, -0.0766082, 0.177821, 0.0786308, 0.996894, -0.00434461, -0.176935, 0.0182446, 0.984053, 0.00300153  
136, 44.2603, 1158.11, 181.214, 0.980865, -0.0757045, 0.179367, 0.0777025, 0.996968, -0.00412951, -0.178511, 0.0179878, 0.983773, 0.00285397  
137, 44.3396, 1158.11, 181.225, 0.981014, -0.0765053, 0.178211, 0.0787426, 0.99688, -0.00550475, -0.177233, 0.019433, 0.983977, 0.00270058  
138, 44.3736, 1158.07, 181.177, 0.981353, -0.0754822, 0.176771, 0.0777622, 0.996954, -0.00599572, -0.17578, 0.01963, 0.984234, 0.00283816  
139, 44.3204, 1158.05, 181.117, 0.98135, -0.0753722, 0.176834, 0.0770447, 0.997024, -0.00260116, -0.176112, 0.0161768, 0.984237, 0.00270196  
140, 44.2932, 1158.01, 181.16, 0.980784, -0.07531, 0.179974, 0.0767941, 0.997046, -0.00128305, -0.179346, 0.0150794, 0.98367, 0.00278129  
141, 44.3456, 1158.01, 181.146, 0.981209, -0.0753791, 0.177615, 0.0774928, 0.99698, -0.00498333, -0.176703, 0.0186536, 0.984087, 0.00296298  
142, 44.2668, 1157.96, 181.154, 0.980791, -0.0759411, 0.179672, 0.0775878, 0.996983, -0.00214503, -0.178967, 0.0160442, 0.983724, 0.00274413  
143, 44.2883, 1157.95, 181.128, 0.981082, -0.0755421, 0.178248, 0.0773085, 0.997003, -0.00297482, -0.177489, 0.0166986, 0.983981, 0.00288143  
144, 44.3283, 1157.96, 181.134, 0.980871, -0.0751452, 0.179571, 0.0769495, 0.99703, -0.00309351, -0.178805, 0.0168522, 0.98374, 0.00270529  
145, 44.2554, 1157.92, 181.144, 0.98074, -0.0756684, 0.180065, 0.0770705, 0.997025, -0.000792826, -0.17947, 0.0146553, 0.983654, 0.00278462  
146, 44.2839, 1157.94, 181.18, 0.980746, -0.0759766, 0.1799, 0.0776939, 0.996974, -0.00250863, -0.179165, 0.0164375, 0.983682, 0.00288892  
147, 44.3096, 1157.97, 181.183, 0.980955, -0.0754023, 0.179002, 0.0773064, 0.997001, -0.0036761, -0.178188, 0.0174441, 0.983842, 0.00278989  
148, 44.31, 1157.93, 181.174, 0.980793, -0.076392, 0.179468, 0.0784351, 0.99691, -0.00430554, -0.178584, 0.0182994, 0.983754, 0.00284121  
149, 44.3123, 1157.98, 181.181, 0.98106, -0.0754329, 0.178411, 0.0775246, 0.996979, -0.00477147, -0.177513, 0.0185124, 0.983944, 0.00282734  
150, 44.2911, 1157.92, 181.124, 0.980885, -0.0767992, 0.178791, 0.0782991, 0.996929, -0.00133692, -0.178139, 0.0153105, 0.983886, 0.0027555  
151, 44.3333, 1158.01, 181.139, 0.980992, -0.0789536, 0.177259, 0.0810036, 0.996704, -0.00434653, -0.176332, 0.0186225, 0.984155, 0.00286229  
152, 44.3116, 1157.95, 181.176, 0.980811, -0.0759018, 0.179577, 0.0778263, 0.99696, -0.00368576, -0.178751, 0.0175909, 0.983737, 0.00269475  
153, 44.2673, 1158.05, 181.126, 0.980914, -0.0781311, 0.178053, 0.0804342, 0.996743, -0.00574237, -0.177025, 0.0199544, 0.984004, 0.00284398  
154, 44.3286, 1157.99, 181.19, 0.981195, -0.0758809, 0.177479, 0.0785052, 0.996883, -0.00780036, -0.176334, 0.0215867, 0.984094, 0.00270612  
155, 44.4235, 1158.01, 181.169, 0.981604, -0.0772608, 0.1746, 0.0803091, 0.996715, -0.0104502, -0.173219, 0.02428, 0.984584, 0.00284537  
156, 44.3192, 1158.08, 181.117, 0.981121, -0.0779758, 0.17698, 0.080346, 0.996747, -0.00625451, -0.175916, 0.020356, 0.984195, 0.00288476  
157, 44.304, 1158.07, 181.142, 0.980961, -0.0775633, 0.178042, 0.0797, 0.996807, -0.00486948, -0.177096, 0.0189667, 0.984011, 0.00269725  
158, 44.3127, 1158.05, 181.189, 0.981026, -0.0756122, 0.178522, 0.077866, 0.996948, -0.00564159, -0.177551, 0.0194353, 0.98392, 0.00282068  
159, 44.2972, 1158.01, 181.161, 0.980822, -0.0756561, 0.179623, 0.0775601, 0.996981, -0.00359029, -0.178809, 0.017453, 0.983729, 0.0028573  
160, 44.3036, 1158.03, 181.161, 0.981075, -0.0769353, 0.177685, 0.0792831, 0.996833, -0.00614027, -0.17665, 0.0201115, 0.984068, 0.00282179  
161, 44.3064, 1158.05, 181.121, 0.98135, -0.0762755, 0.176451, 0.0782908, 0.996921, -0.00447744, -0.175566, 0.0182084, 0.984299, 0.00287117  
162, 44.3049, 1158.06, 181.221, 0.981061, -0.0770505, 0.177717, 0.0795679, 0.996804, -0.00707094, -0.176604, 0.0210776, 0.984056, 0.00271417  
163, 44.3216, 1158.17, 181.153, 0.981394, -0.0799129, 0.174584, 0.0831979, 0.996466, -0.0115669, -0.173043, 0.0258767, 0.984574, 0.00282789  
164, 44.2712, 1158.23, 181.252, 0.981216, -0.0778239, 0.17652, 0.0808404, 0.996677, -0.00995148, -0.175159, 0.0240345, 0.984247, 0.00271777  
165, 44.3046, 1158.21, 181.186, 0.981059, -0.0781441, 0.177247, 0.0808035, 0.996699, -0.00782474, -0.176051, 0.0219988, 0.984135, 0.0030068  
166, 44.1122, 1158.1, 181.183, 0.980511, -0.0761271, 0.181114, 0.0776342, 0.996981, -0.00123608, -0.180473, 0.0152726, 0.983461, 0.00285258  
167, 44.2099, 1158.2, 181.207, 0.981035, -0.0767987, 0.177965, 0.0791585, 0.996843, -0.00618705, -0.176928, 0.0201571, 0.984017, 0.00272915  
168, 44.2507, 1158.21, 181.236, 0.981078, -0.0769756, 0.177655, 0.0794157, 0.996819, -0.00665474, -0.176578, 0.0206374, 0.98407, 0.00280681  
169, 44.2712, 1158.2, 181.187, 0.98135, -0.0767263, 0.176252, 0.0788918, 0.996869, -0.00530184, -0.175294, 0.0191078, 0.984331, 0.00265425  
170, 44.1977, 1158.15, 181.156, 0.980635, -0.0769552, 0.180091, 0.0784691, 0.996916, -0.00128631, -0.179437, 0.015393, 0.983649, 0.00273525  
171, 44.2276, 1158.22, 181.176, 0.980957, -0.0774363, 0.17812, 0.0791468, 0.99686, -0.00250625, -0.177366, 0.0165561, 0.984006, 0.00288947  
172, 44.2589, 1158.26, 181.278, 0.980986, -0.0776812, 0.177853, 0.0806194, 0.996701, -0.00934221, -0.17654, 0.0235029, 0.984013, 0.00283261  
173, 44.1915, 1158.25, 181.177, 0.98085, -0.0774214, 0.178717, 0.0793207, 0.996843, -0.00349563, -0.177882, 0.0176046, 0.983894, 0.00281874  
174, 44.1233, 1158.23, 181.165, 0.980954, -0.0776535, 0.178044, 0.0791627, 0.996861, -0.00137728, -0.177378, 0.0154455, 0.984022, 0.00271861  
175, 44.2437, 1158.27, 181.198, 0.981379, -0.0788697, 0.175142, 0.0815287, 0.996639, -0.00802774, -0.17392, 0.0221573, 0.984511, 0.00277686  
176, 44.1888, 1158.22, 181.137, 0.980858, -0.0781736, 0.178346, 0.0799271, 0.996797, -0.0026566, -0.177567, 0.0168604, 0.983964, 0.00285785  
177, 44.1519, 1158.23, 181.18, 0.980669, -0.0781967, 0.179372, 0.079878, 0.996802, -0.00215829, -0.178629, 0.0164444, 0.983779, 0.0027444  
178, 44.2264, 1158.3, 181.15, 0.980906, -0.0758031, 0.1791, 0.0777507, 0.996965, -0.00386974, -0.178263, 0.017721, 0.983823, 0.00279821  
179, 44.1723, 1158.24, 181.213, 0.980624, -0.0781051, 0.179653, 0.0798127, 0.996807, -0.00228514, -0.178901, 0.0165795, 0.983727, 0.00258962  
180, 44.1691, 1158.26, 181.177, 0.980717, -0.077493, 0.179414, 0.079122, 0.996863, -0.00193052, -0.178701, 0.0160889, 0.983772, 0.002834  
181, 44.2215, 1158.26, 181.202, 0.980597, -0.0764101, 0.180532, 0.0784558, 0.996909, -0.00420732, -0.179652, 0.0182894, 0.98356, 0.0028842  
182, 44.2978, 1158.25, 181.165, 0.981265, -0.0770549, 0.176581, 0.0796467, 0.996794, -0.00762636, -0.175427, 0.0215476, 0.984257, 0.00276382  
183, 44.1526, 1158.2, 181.157, 0.980718, -0.077776, 0.179285, 0.079376, 0.996843, -0.001757, -0.178583, 0.0159541, 0.983796, 0.00285258  
184, 44.2424, 1158.24, 181.151, 0.981425, -0.0782825, 0.175147, 0.0807998, 0.996704, -0.00727656, -0.174, 0.0212932, 0.984515, 0.00268504  
185, 44.2348, 1158.27, 181.202, 0.981387, -0.0769039, 0.175968, 0.0795388, 0.9968, -0.00795898, -0.174792, 0.0218071, 0.984364, 0.0027469  
186, 44.1817, 1158.19, 181.158, 0.981288, -0.0760187, 0.176903, 0.0775859, 0.996984, -0.00194861, -0.176222, 0.0156373, 0.984226, 0.00284038  
187, 44.2581, 1158.24, 181.174, 0.981691, -0.0776921, 0.173914, 0.080292, 0.99674, -0.00795318, -0.172729, 0.0217715, 0.984729, 0.00280154  
188, 44.1991, 1158.17, 181.185, 0.980955, -0.076409, 0.178572, 0.0783854, 0.996915, -0.00402797, -0.177713, 0.0179487, 0.983919, 0.0028437  
189, 44.1841, 1158.16, 181.182, 0.980881, -0.0773508, 0.178574, 0.0788634, 0.996884, -0.00137664, -0.177911, 0.0154332, 0.983926, 0.00285119  
190, 44.2488, 1158.13, 181.185, 0.981033, -0.0787873, 0.177105, 0.0808863, 0.996712, -0.00465164, -0.176156, 0.0188887, 0.984181, 0.00280404  
191, 44.2975, 1158.16, 181.158, 0.981227, -0.0771192, 0.176764, 0.0789983, 0.996868, -0.00360697, -0.175933, 0.0175033, 0.984247, 0.00292026  
192, 44.2352, 1158.11, 181.16, 0.981568, -0.0777456, 0.174582, 0.0800292, 0.996774, -0.00606778, -0.173547, 0.0199276, 0.984624, 0.0027874  
193, 44.2837, 1158.1, 181.166, 0.981244, -0.077047, 0.176701, 0.0793966, 0.996823, -0.00625484, -0.175657, 0.020167, 0.984245, 0.00281153  
194, 44.2354, 1158.13, 181.172, 0.980455, -0.0787105, 0.180313, 0.0805981, 0.996742, -0.00315411, -0.179477, 0.0176253, 0.983604, 0.00275716  
195, 44.347, 1158.12, 181.213, 0.981341, -0.0759193, 0.17665, 0.0788993, 0.996833, -0.0098967, -0.175339, 0.0236496, 0.984224, 0.00292609  
196, 44.3368, 1158.15, 181.205, 0.980607, -0.0774541, 0.18003, 0.0799903, 0.996772, -0.0068598, -0.178917, 0.0211274, 0.983637, 0.00294412  
197, 44.3184, 1158.17, 181.186, 0.981027, -0.077147, 0.17786, 0.0796745, 0.996796, -0.00710099, -0.176743, 0.0211372, 0.98403, 0.00284149  
198, 44.3118, 1158.05, 181.18, 0.981156, -0.076049, 0.177624, 0.0784697, 0.996894, -0.0066328, -0.176567, 0.0204459, 0.984076, 0.00323842  
199, 44.2309, 1157.98, 181.199, 0.98048, -0.0755754, 0.181514, 0.0773261, 0.997003, -0.00257756, -0.180775, 0.016563, 0.983385, 0.00283095  
200, 44.3221, 1158, 181.178, 0.980852, -0.0759334, 0.179341, 0.0777893, 0.996964, -0.00332834, -0.178544, 0.0172154, 0.983781, 0.00296353  
201, 44.3026, 1158, 181.134, 0.980949, -0.0751687, 0.179132, 0.0771797, 0.997008, -0.00427395, -0.178275, 0.0180179, 0.983816, 0.00308336  
202, 44.3177, 1157.98, 181.13, 0.981002, -0.0754952, 0.178705, 0.0772911, 0.997004, -0.00309879, -0.177936, 0.0168522, 0.983898, 0.00288309  
203, 44.2906, 1157.97, 181.155, 0.981005, -0.0751063, 0.17885, 0.0771501, 0.997009, -0.00448988, -0.177978, 0.0182029, 0.983866, 0.00290778  
204, 44.2658, 1157.94, 181.119, 0.980926, -0.0749841, 0.179339, 0.0766811, 0.997052, -0.00253869, -0.17862, 0.0162422, 0.983784, 0.00268171  
205, 44.2711, 1158.03, 181.136, 0.98113, -0.0775423, 0.177119, 0.079807, 0.996794, -0.00568722, -0.17611, 0.0197152, 0.984173, 0.0029333  
206, 44.2852, 1157.94, 181.139, 0.98093, -0.0751948, 0.179227, 0.0768983, 0.997036, -0.00256578, -0.178503, 0.0162991, 0.983804, 0.00293718  
207, 44.3037, 1157.94, 181.116, 0.980807, -0.0754294, 0.179798, 0.0773135, 0.997001, -0.00348456, -0.178996, 0.0173185, 0.983697, 0.00275245  
208, 44.3375, 1157.96, 181.161, 0.981117, -0.07518, 0.178207, 0.0772439, 0.997001, -0.00466132, -0.177322, 0.0183387, 0.983982, 0.00291693  
209, 44.2929, 1157.9, 181.139, 0.980835, -0.0758618, 0.179463, 0.0774554, 0.996994, -0.00187902, -0.178781, 0.0157434, 0.983763, 0.00277824  
210, 44.3367, 1157.98, 181.139, 0.981562, -0.0761747, 0.17531, 0.0784338, 0.996901, -0.00598359, -0.174311, 0.0196235, 0.984495, 0.00282179  
211, 44.2505, 1157.98, 181.156, 0.980991, -0.0761445, 0.178492, 0.0779912, 0.996948, -0.00334214, -0.177693, 0.0171994, 0.983936, 0.00285286  
212, 44.7, 1158.56, 181.988, 0.977138, -0.0553351, 0.205277, 0.0609127, 0.997923, -0.0209473, -0.203691, 0.0329724, 0.97848, 0.00287172  
213, 44.7332, 1158.51, 181.952, 0.977116, -0.0561489, 0.205161, 0.0615684, 0.9979, -0.0201231, -0.203601, 0.0322941, 0.978521, 0.00290528  
214, 44.7241, 1158.55, 182.041, 0.976488, -0.0571159, 0.207868, 0.0623643, 0.997877, -0.0187781, -0.206354, 0.0313001, 0.977977, 0.0026512  
215, 44.6716, 1158.61, 181.975, 0.977111, -0.0572196, 0.204891, 0.0628346, 0.997803, -0.0209991, -0.203239, 0.0333927, 0.97856, 0.00277575  
216, 44.6543, 1158.61, 182.014, 0.976162, -0.0589739, 0.208879, 0.0639983, 0.997799, -0.0173715, -0.207395, 0.0303253, 0.977787, 0.00300791  
217, 44.6446, 1158.6, 181.962, 0.977247, -0.0586934, 0.203822, 0.0645604, 0.997666, -0.02225, -0.20204, 0.0349025, 0.978755, 0.00279433  
218, 44.7033, 1158.69, 182.045, 0.976283, -0.0585115, 0.208443, 0.0639259, 0.997767, -0.0193286, -0.206847, 0.0321951, 0.977843, 0.00323287  
219, 44.6511, 1158.55, 181.954, 0.976655, -0.0581149, 0.206805, 0.0632117, 0.997836, -0.018118, -0.205304, 0.0307676, 0.978214, 0.00273664  
220, 44.6319, 1158.6, 182.016, 0.976929, -0.0586358, 0.205358, 0.0639156, 0.997771, -0.0191664, -0.203776, 0.0318497, 0.978499, 0.00279821  
221, 44.6693, 1158.7, 181.978, 0.977179, -0.0586145, 0.20417, 0.0642354, 0.997714, -0.0210067, -0.202472, 0.0336422, 0.97871, 0.00286867  
222, 44.6442, 1158.68, 181.986, 0.976753, -0.0602699, 0.205721, 0.0654153, 0.99769, -0.0182962, -0.204143, 0.0313282, 0.97844, 0.00270557  
223, 44.6233, 1158.69, 182.01, 0.97666, -0.0590959, 0.206503, 0.06373, 0.997841, -0.0158555, -0.20512, 0.0286458, 0.978318, 0.00282457  
224, 44.6963, 1158.69, 181.992, 0.977128, -0.0573142, 0.204784, 0.0627645, 0.997824, -0.0202138, -0.20318, 0.0326046, 0.978598, 0.00272499  
225, 44.6076, 1158.6, 181.978, 0.976199, -0.0601743, 0.208361, 0.064616, 0.997804, -0.0145705, -0.207027, 0.0276871, 0.977943, 0.0031233  
226, 44.5694, 1158.65, 181.929, 0.976785, -0.0594082, 0.20582, 0.0642692, 0.997788, -0.0170071, -0.204355, 0.0298402, 0.978442, 0.00293025  
227, 44.5945, 1158.67, 181.901, 0.97717, -0.0589218, 0.204125, 0.0638285, 0.997807, -0.0175321, -0.202644, 0.0301608, 0.978788, 0.00269863  
228, 44.6865, 1158.79, 182.049, 0.976405, -0.0564916, 0.208426, 0.0618234, 0.997903, -0.0191506, -0.206907, 0.0315843, 0.977851, 0.00294384  
229, 44.5764, 1158.83, 181.929, 0.97683, -0.0601053, 0.205403, 0.0651257, 0.997719, -0.0177626, -0.203867, 0.030728, 0.978516, 0.00275827  
230, 44.558, 1158.69, 181.97, 0.976591, -0.0601505, 0.206522, 0.0645017, 0.997814, -0.0143949, -0.205204, 0.0273789, 0.978336, 0.00299321  
231, 44.5621, 1158.74, 181.983, 0.977026, -0.060005, 0.204498, 0.0655092, 0.997647, -0.020247, -0.202802, 0.0331784, 0.978658, 0.0028867  
232, 44.5724, 1158.72, 182.005, 0.975939, -0.0592638, 0.209835, 0.0636829, 0.997867, -0.0143602, -0.208536, 0.0273776, 0.977631, 0.00280515  
233, 44.5795, 1158.77, 181.997, 0.976679, -0.0596114, 0.206262, 0.0648653, 0.997717, -0.0187979, -0.204671, 0.0317388, 0.978316, 0.00282873  
234, 44.6067, 1158.81, 182.049, 0.97672, -0.058496, 0.206388, 0.0638516, 0.997771, -0.0193785, -0.204795, 0.0321056, 0.978278, 0.00267728  
235, 44.5428, 1158.7, 181.956, 0.976383, -0.0606995, 0.207343, 0.0652017, 0.99776, -0.0149432, -0.205972, 0.0281094, 0.978154, 0.00275994  
236, 44.5163, 1158.68, 181.934, 0.976435, -0.0606479, 0.207114, 0.0649916, 0.997784, -0.0142268, -0.205793, 0.0273522, 0.978213, 0.00276354  
237, 44.5912, 1158.72, 181.974, 0.976745, -0.0593596, 0.206025, 0.0643733, 0.997769, -0.0177119, -0.204514, 0.0305626, 0.978386, 0.00280598  
238, 44.6202, 1158.78, 182.026, 0.976514, -0.0586778, 0.20731, 0.0638667, 0.997788, -0.0184204, -0.20577, 0.031228, 0.978102, 0.00282151  
239, 44.5518, 1158.65, 181.911, 0.976529, -0.0607953, 0.206626, 0.0649603, 0.997798, -0.0134267, -0.205355, 0.0265341, 0.978328, 0.00269253  
240, 44.5873, 1158.7, 181.89, 0.977414, -0.059312, 0.202842, 0.064264, 0.997772, -0.0179089, -0.201328, 0.0305399, 0.979048, 0.00276437  
241, 44.55, 1158.59, 181.909, 0.976369, -0.0599927, 0.207614, 0.0641038, 0.997857, -0.0131248, -0.206382, 0.0261235, 0.978123, 0.00288725  
242, 44.5699, 1158.68, 181.921, 0.977207, -0.0598117, 0.203691, 0.0651621, 0.997681, -0.0196567, -0.202043, 0.0324816, 0.978838, 0.00278546  
243, 44.5811, 1158.66, 182.01, 0.976102, -0.0598333, 0.208914, 0.0640731, 0.997853, -0.0135799, -0.207653, 0.0266412, 0.97784, 0.00281819  
244, 44.5996, 1158.63, 182.007, 0.976012, -0.0603356, 0.20919, 0.0646871, 0.997807, -0.0140163, -0.207886, 0.027212, 0.977774, 0.00265481  
245, 44.5696, 1158.67, 181.954, 0.976983, -0.0594119, 0.204879, 0.0646382, 0.99773, -0.0189059, -0.20329, 0.0317137, 0.978605, 0.00280876  
246, 44.6014, 1158.7, 181.968, 0.976807, -0.0568983, 0.206422, 0.06239, 0.997848, -0.0201877, -0.204829, 0.0325982, 0.978255, 0.00280515  
247, 44.5866, 1158.65, 182.05, 0.97608, -0.0582663, 0.209458, 0.0629688, 0.99789, -0.0158473, -0.208092, 0.0286575, 0.977689, 0.0027236  
248, 44.6561, 1158.66, 181.963, 0.977054, -0.0581078, 0.20491, 0.0635105, 0.997783, -0.0198829, -0.203301, 0.0324407, 0.978579, 0.00282651  
249, 44.688, 1158.63, 182.036, 0.976237, -0.0574531, 0.208953, 0.0624491, 0.997897, -0.0173856, -0.207514, 0.0300214, 0.977771, 0.00278989  
250, 44.6601, 1158.65, 182.023, 0.976669, -0.0573481, 0.206951, 0.0626873, 0.997846, -0.0193289, -0.205396, 0.0318511, 0.97816, 0.00285314  
251, 44.6337, 1158.56, 181.952, 0.976828, -0.0598341, 0.205492, 0.0649047, 0.997729, -0.0180175, -0.203948, 0.0309374, 0.978493, 0.00288032  
252, 44.6423, 1158.65, 182.01, 0.977317, -0.0579391, 0.203704, 0.0635544, 0.997755, -0.0211274, -0.202023, 0.0335945, 0.978804, 0.00275106  
253, 44.6796, 1158.59, 181.992, 0.976979, -0.0581982, 0.205244, 0.0639189, 0.997727, -0.0213477, -0.203535, 0.0339752, 0.978478, 0.0027935  
254, 44.6862, 1158.64, 182.011, 0.977063, -0.0608616, 0.204069, 0.0665167, 0.997565, -0.0209615, -0.202296, 0.0340547, 0.978732, 0.00300902  
255, 44.7156, 1158.66, 181.969, 0.976971, -0.0587449, 0.205128, 0.0645047, 0.997686, -0.0214999, -0.20339, 0.0342365, 0.978499, 0.00280154  
256, 44.6689, 1158.55, 182.009, 0.976915, -0.0568327, 0.205929, 0.0622071, 0.997869, -0.0197133, -0.20437, 0.0320685, 0.978368, 0.00277824  
257, 44.6622, 1158.54, 181.947, 0.977046, -0.0586031, 0.20481, 0.0645766, 0.997657, -0.0225989, -0.203006, 0.0353061, 0.978541, 0.0027444  
258, 44.7168, 1158.65, 181.987, 0.977274, -0.0572036, 0.204118, 0.0629619, 0.997777, -0.0218235, -0.202416, 0.0341792, 0.978703, 0.00280598  
259, 44.6566, 1158.47, 182.02, 0.976296, -0.0577973, 0.208578, 0.0627368, 0.997883, -0.0171389, -0.207146, 0.0298182, 0.977856, 0.00266923  
260, 44.668, 1158.57, 182.006, 0.976663, -0.0598019, 0.206283, 0.0654002, 0.99765, -0.0204218, -0.204577, 0.0334361, 0.978279, 0.00287394  
261, 44.6417, 1158.44, 181.965, 0.976463, -0.0587502, 0.207527, 0.063436, 0.997858, -0.0159913, -0.206143, 0.0287796, 0.978099, 0.00296159  
262, 44.6899, 1158.53, 181.937, 0.977287, -0.0601589, 0.203203, 0.0657197, 0.997623, -0.0207235, -0.201474, 0.0336073, 0.978917, 0.00278324  
263, 44.6885, 1158.48, 181.954, 0.977267, -0.0575359, 0.204057, 0.0630958, 0.99779, -0.0208406, -0.202407, 0.033242, 0.978737, 0.00281264  
264, 44.7122, 1158.54, 181.946, 0.977114, -0.0591008, 0.204343, 0.0645791, 0.997707, -0.0202394, -0.202678, 0.0329724, 0.97869, 0.00270862  
265, 44.6593, 1158.57, 181.962, 0.97714, -0.058524, 0.204382, 0.063822, 0.997772, -0.0194216, -0.20279, 0.0320217, 0.978699, 0.00279877  
266, 44.6287, 1158.48, 182, 0.976177, -0.0576827, 0.209167, 0.0619508, 0.997982, -0.0139059, -0.207943, 0.0265328, 0.977781, 0.00289558  
267, 44.6614, 1158.49, 181.944, 0.977276, -0.0584952, 0.203739, 0.0637228, 0.997783, -0.0191875, -0.202165, 0.0317343, 0.978837, 0.00274773  
268, 44.6734, 1158.52, 182.01, 0.976489, -0.0571472, 0.207856, 0.061992, 0.997934, -0.0168642, -0.206463, 0.0293531, 0.978014, 0.00285119  
269, 44.7225, 1158.48, 181.979, 0.976305, -0.0585928, 0.208316, 0.063325, 0.997863, -0.0161145, -0.206927, 0.0289243, 0.977929, 0.00268144  
270, 44.6975, 1158.59, 181.988, 0.977047, -0.0567225, 0.205332, 0.0625107, 0.997806, -0.0218079, -0.203645, 0.0341429, 0.978449, 0.00275245  
271, 44.6294, 1158.5, 181.993, 0.976412, -0.0596496, 0.207514, 0.0644608, 0.997784, -0.0164947, -0.20607, 0.0294821, 0.978093, 0.00289585  
272, 44.5887, 1158.52, 181.937, 0.976924, -0.058229, 0.205496, 0.0630753, 0.997862, -0.0171065, -0.204061, 0.0296735, 0.978508, 0.00276271  
273, 44.5404, 1158.61, 181.998, 0.976368, -0.0611232, 0.20729, 0.0660664, 0.99767, -0.0170016, -0.205768, 0.0302948, 0.978132, 0.00282817  
274, 44.6206, 1158.65, 181.963, 0.977166, -0.0603134, 0.203738, 0.0657595, 0.997634, -0.020061, -0.202046, 0.0330006, 0.97882, 0.00275189  
275, 44.7043, 1158.63, 182.042, 0.9765, -0.0560879, 0.208093, 0.0615453, 0.997907, -0.0198396, -0.206545, 0.0321805, 0.977908, 0.00288642  
276, 44.6095, 1158.65, 182.02, 0.977016, -0.0573543, 0.205303, 0.0622157, 0.997913, -0.017297, -0.203882, 0.0296725, 0.978546, 0.00316658  
277, 44.6549, 1158.61, 181.989, 0.976928, -0.0585543, 0.205386, 0.0639995, 0.99775, -0.0199644, -0.203755, 0.0326484, 0.978477, 0.00279405  
278, 44.7505, 1158.77, 182.072, 0.976212, -0.0577557, 0.208985, 0.0632107, 0.997809, -0.0195126, -0.2074, 0.0322585, 0.977724, 0.00288975  
279, 44.7536, 1158.8, 182.002, 0.977031, -0.0586432, 0.20487, 0.0648088, 0.997621, -0.0235099, -0.203004, 0.0362473, 0.978507, 0.00275799  
280, 44.6839, 1158.81, 182.098, 0.976405, -0.0582859, 0.207933, 0.0632714, 0.997845, -0.0174012, -0.206471, 0.0301468, 0.977988, 0.00301984  
281, 44.6718, 1158.74, 182.015, 0.97661, -0.0574635, 0.207198, 0.0626199, 0.997868, -0.0184083, -0.205699, 0.0309524, 0.978126, 0.00301651  
282, 44.6758, 1158.79, 182.044, 0.976561, -0.0601851, 0.206657, 0.0657849, 0.997627, -0.0203267, -0.204943, 0.0334451, 0.978202, 0.00275578  
283, 44.571, 1158.74, 181.907, 0.977065, -0.0604992, 0.204166, 0.0653427, 0.997717, -0.0170596, -0.202668, 0.0300091, 0.978788, 0.00285979  
284, 44.6184, 1158.84, 182.027, 0.97661, -0.0591042, 0.206734, 0.0644455, 0.997737, -0.0191924, -0.205132, 0.0320665, 0.978209, 0.00282789  
285, 44.5434, 1158.66, 181.939, 0.977026, -0.0596504, 0.204603, 0.0643534, 0.997792, -0.0164037, -0.203173, 0.0291937, 0.978708, 0.00283261  
